INPUT_TABLE
Variable ID
OutputEmissionsAg

region,AgSupplySector,AgSupplySubsector,AgProductionTechnology,year,Non.CO2,input.emissions
USA,Corn,CornAEZ07,CornAEZ07,1975,CH4_AWB,0.000848489272062094
USA,Corn,CornAEZ08,CornAEZ08,1975,CH4_AWB,0.000779222844890367
USA,Corn,CornAEZ09,CornAEZ09,1975,CH4_AWB,0.00112334620745101
USA,Corn,CornAEZ10,CornAEZ10,1975,CH4_AWB,0.00550705753135252
USA,Corn,CornAEZ11,CornAEZ11,1975,CH4_AWB,0.00255647028243017
USA,Corn,CornAEZ12,CornAEZ12,1975,CH4_AWB,0.000345644207617191
USA,Corn,CornAEZ13,CornAEZ13,1975,CH4_AWB,5.20704578013492e-07
USA,Corn,CornAEZ14,CornAEZ14,1975,CH4_AWB,1.74986209574145e-08
USA,Corn,CornAEZ15,CornAEZ15,1975,CH4_AWB,0
USA,Corn,CornAEZ16,CornAEZ16,1975,CH4_AWB,0
USA,FiberCrop,FiberCropAEZ07,FiberCropAEZ07,1975,CH4_AWB,0.000149114943328856
USA,FiberCrop,FiberCropAEZ08,FiberCropAEZ08,1975,CH4_AWB,3.54955509035374e-05
USA,FiberCrop,FiberCropAEZ09,FiberCropAEZ09,1975,CH4_AWB,3.11322554716804e-05
USA,FiberCrop,FiberCropAEZ10,FiberCropAEZ10,1975,CH4_AWB,8.64979432078673e-06
USA,FiberCrop,FiberCropAEZ11,FiberCropAEZ11,1975,CH4_AWB,8.24554943935833e-05
USA,FiberCrop,FiberCropAEZ12,FiberCropAEZ12,1975,CH4_AWB,0.000181499290431213
USA,FiberCrop,FiberCropAEZ13,FiberCropAEZ13,1975,CH4_AWB,2.25819588711288e-07
USA,FiberCrop,FiberCropAEZ14,FiberCropAEZ14,1975,CH4_AWB,0
USA,FiberCrop,FiberCropAEZ15,FiberCropAEZ15,1975,CH4_AWB,0
USA,FiberCrop,FiberCropAEZ16,FiberCropAEZ16,1975,CH4_AWB,0
USA,FodderGrass,FodderGrassAEZ07,FodderGrassAEZ07,1975,CH4_AWB,0.000305923795812061
USA,FodderGrass,FodderGrassAEZ08,FodderGrassAEZ08,1975,CH4_AWB,0.000317278341800014
USA,FodderGrass,FodderGrassAEZ09,FodderGrassAEZ09,1975,CH4_AWB,0.000130287000041649
USA,FodderGrass,FodderGrassAEZ10,FodderGrassAEZ10,1975,CH4_AWB,0.00135117626582733
USA,FodderGrass,FodderGrassAEZ11,FodderGrassAEZ11,1975,CH4_AWB,0.00104018758990709
USA,FodderGrass,FodderGrassAEZ12,FodderGrassAEZ12,1975,CH4_AWB,0.000372705474322498
USA,FodderGrass,FodderGrassAEZ13,FodderGrassAEZ13,1975,CH4_AWB,2.13973112517009e-05
USA,FodderGrass,FodderGrassAEZ14,FodderGrassAEZ14,1975,CH4_AWB,5.46968655646069e-06
USA,FodderGrass,FodderGrassAEZ15,FodderGrassAEZ15,1975,CH4_AWB,2.14927226357265e-06
USA,FodderGrass,FodderGrassAEZ16,FodderGrassAEZ16,1975,CH4_AWB,2.91140591919916e-07
USA,FodderHerb,FodderHerbAEZ07,FodderHerbAEZ07,1975,CH4_AWB,0.00238435982834543
USA,FodderHerb,FodderHerbAEZ08,FodderHerbAEZ08,1975,CH4_AWB,0.00281527524721001
USA,FodderHerb,FodderHerbAEZ09,FodderHerbAEZ09,1975,CH4_AWB,0.000670762127937515
USA,FodderHerb,FodderHerbAEZ10,FodderHerbAEZ10,1975,CH4_AWB,0.00284090621901565
USA,FodderHerb,FodderHerbAEZ11,FodderHerbAEZ11,1975,CH4_AWB,0.000776421996714035
USA,FodderHerb,FodderHerbAEZ12,FodderHerbAEZ12,1975,CH4_AWB,6.05127829712097e-05
USA,FodderHerb,FodderHerbAEZ13,FodderHerbAEZ13,1975,CH4_AWB,0.000103929726121515
USA,FodderHerb,FodderHerbAEZ14,FodderHerbAEZ14,1975,CH4_AWB,2.86512250816527e-05
USA,FodderHerb,FodderHerbAEZ15,FodderHerbAEZ15,1975,CH4_AWB,2.25951868344033e-06
USA,FodderHerb,FodderHerbAEZ16,FodderHerbAEZ16,1975,CH4_AWB,2.09310416351135e-07
USA,MiscCrop,MiscCropAEZ07,MiscCropAEZ07,1975,CH4_AWB,0.000429714562415494
USA,MiscCrop,MiscCropAEZ08,MiscCropAEZ08,1975,CH4_AWB,0.000494297494442011
USA,MiscCrop,MiscCropAEZ09,MiscCropAEZ09,1975,CH4_AWB,0.000738458601262584
USA,MiscCrop,MiscCropAEZ10,MiscCropAEZ10,1975,CH4_AWB,0.00100455415434895
USA,MiscCrop,MiscCropAEZ11,MiscCropAEZ11,1975,CH4_AWB,0.000235641327863556
USA,MiscCrop,MiscCropAEZ12,MiscCropAEZ12,1975,CH4_AWB,0.000674552549045189
USA,MiscCrop,MiscCropAEZ13,MiscCropAEZ13,1975,CH4_AWB,6.42949466220352e-06
USA,MiscCrop,MiscCropAEZ14,MiscCropAEZ14,1975,CH4_AWB,2.13006809989098e-06
USA,MiscCrop,MiscCropAEZ15,MiscCropAEZ15,1975,CH4_AWB,1.1734680488917e-06
USA,MiscCrop,MiscCropAEZ16,MiscCropAEZ16,1975,CH4_AWB,1.16267399325143e-07
USA,OilCrop,OilCropAEZ07,OilCropAEZ07,1975,CH4_AWB,4.62188920475943e-05
USA,OilCrop,OilCropAEZ08,OilCropAEZ08,1975,CH4_AWB,0.000237806999982608
USA,OilCrop,OilCropAEZ09,OilCropAEZ09,1975,CH4_AWB,0.000315973727875078
USA,OilCrop,OilCropAEZ10,OilCropAEZ10,1975,CH4_AWB,0.00138933014281812
USA,OilCrop,OilCropAEZ11,OilCropAEZ11,1975,CH4_AWB,0.000974268571270479
USA,OilCrop,OilCropAEZ12,OilCropAEZ12,1975,CH4_AWB,0.000225376257908142
USA,OilCrop,OilCropAEZ13,OilCropAEZ13,1975,CH4_AWB,5.37535330044968e-07
USA,OilCrop,OilCropAEZ14,OilCropAEZ14,1975,CH4_AWB,2.10246950687889e-08
USA,OilCrop,OilCropAEZ15,OilCropAEZ15,1975,CH4_AWB,1.12448463268098e-08
USA,OilCrop,OilCropAEZ16,OilCropAEZ16,1975,CH4_AWB,0
USA,OtherGrain,OtherGrainAEZ07,OtherGrainAEZ07,1975,CH4_AWB,0.000836921688423969
USA,OtherGrain,OtherGrainAEZ08,OtherGrainAEZ08,1975,CH4_AWB,0.000567495172923584
USA,OtherGrain,OtherGrainAEZ09,OtherGrainAEZ09,1975,CH4_AWB,0.000328946049433624
USA,OtherGrain,OtherGrainAEZ10,OtherGrainAEZ10,1975,CH4_AWB,0.000617151848879874
USA,OtherGrain,OtherGrainAEZ11,OtherGrainAEZ11,1975,CH4_AWB,0.000316045135797877
USA,OtherGrain,OtherGrainAEZ12,OtherGrainAEZ12,1975,CH4_AWB,8.02917620187337e-05
USA,OtherGrain,OtherGrainAEZ13,OtherGrainAEZ13,1975,CH4_AWB,1.5273041754913e-05
USA,OtherGrain,OtherGrainAEZ14,OtherGrainAEZ14,1975,CH4_AWB,1.48590971217723e-05
USA,OtherGrain,OtherGrainAEZ15,OtherGrainAEZ15,1975,CH4_AWB,1.05135061084049e-06
USA,OtherGrain,OtherGrainAEZ16,OtherGrainAEZ16,1975,CH4_AWB,0
USA,PalmFruit,PalmFruitAEZ07,PalmFruitAEZ07,1975,CH4_AWB,0
USA,PalmFruit,PalmFruitAEZ08,PalmFruitAEZ08,1975,CH4_AWB,0
USA,PalmFruit,PalmFruitAEZ09,PalmFruitAEZ09,1975,CH4_AWB,0
USA,PalmFruit,PalmFruitAEZ10,PalmFruitAEZ10,1975,CH4_AWB,0
USA,PalmFruit,PalmFruitAEZ11,PalmFruitAEZ11,1975,CH4_AWB,0
USA,PalmFruit,PalmFruitAEZ12,PalmFruitAEZ12,1975,CH4_AWB,0
USA,PalmFruit,PalmFruitAEZ13,PalmFruitAEZ13,1975,CH4_AWB,0
USA,PalmFruit,PalmFruitAEZ14,PalmFruitAEZ14,1975,CH4_AWB,0
USA,PalmFruit,PalmFruitAEZ15,PalmFruitAEZ15,1975,CH4_AWB,0
USA,PalmFruit,PalmFruitAEZ16,PalmFruitAEZ16,1975,CH4_AWB,0
USA,Rice,RiceAEZ07,RiceAEZ07,1975,CH4_AWB,0
USA,Rice,RiceAEZ08,RiceAEZ08,1975,CH4_AWB,1.36823794527688e-07
USA,Rice,RiceAEZ09,RiceAEZ09,1975,CH4_AWB,1.22789342137595e-05
USA,Rice,RiceAEZ10,RiceAEZ10,1975,CH4_AWB,8.23563487563065e-05
USA,Rice,RiceAEZ11,RiceAEZ11,1975,CH4_AWB,0.000162390938708869
USA,Rice,RiceAEZ12,RiceAEZ12,1975,CH4_AWB,0.000112714168220941
USA,Rice,RiceAEZ13,RiceAEZ13,1975,CH4_AWB,0
USA,Rice,RiceAEZ14,RiceAEZ14,1975,CH4_AWB,2.66357796723982e-08
USA,Rice,RiceAEZ15,RiceAEZ15,1975,CH4_AWB,0
USA,Rice,RiceAEZ16,RiceAEZ16,1975,CH4_AWB,0
USA,Root_Tuber,Root_TuberAEZ07,Root_TuberAEZ07,1975,CH4_AWB,0.000592408485112871
USA,Root_Tuber,Root_TuberAEZ08,Root_TuberAEZ08,1975,CH4_AWB,0.000199250457682302
USA,Root_Tuber,Root_TuberAEZ09,Root_TuberAEZ09,1975,CH4_AWB,9.12378221958826e-05
USA,Root_Tuber,Root_TuberAEZ10,Root_TuberAEZ10,1975,CH4_AWB,0.000190262566188984
USA,Root_Tuber,Root_TuberAEZ11,Root_TuberAEZ11,1975,CH4_AWB,3.41897068879824e-05
USA,Root_Tuber,Root_TuberAEZ12,Root_TuberAEZ12,1975,CH4_AWB,5.90888086132952e-05
USA,Root_Tuber,Root_TuberAEZ13,Root_TuberAEZ13,1975,CH4_AWB,5.75761288041775e-06
USA,Root_Tuber,Root_TuberAEZ14,Root_TuberAEZ14,1975,CH4_AWB,2.87747363373953e-06
USA,Root_Tuber,Root_TuberAEZ15,Root_TuberAEZ15,1975,CH4_AWB,7.6914040002494e-07
USA,Root_Tuber,Root_TuberAEZ16,Root_TuberAEZ16,1975,CH4_AWB,3.52027508718996e-07
USA,SugarCrop,SugarCropAEZ07,SugarCropAEZ07,1975,CH4_AWB,0.000601682201248785
USA,SugarCrop,SugarCropAEZ08,SugarCropAEZ08,1975,CH4_AWB,0.00019463358346147
USA,SugarCrop,SugarCropAEZ09,SugarCropAEZ09,1975,CH4_AWB,0.000607987305525727
USA,SugarCrop,SugarCropAEZ10,SugarCropAEZ10,1975,CH4_AWB,0.00092569029129023
USA,SugarCrop,SugarCropAEZ11,SugarCropAEZ11,1975,CH4_AWB,0.000129676808613433
USA,SugarCrop,SugarCropAEZ12,SugarCropAEZ12,1975,CH4_AWB,0.00132119969247385
USA,SugarCrop,SugarCropAEZ13,SugarCropAEZ13,1975,CH4_AWB,2.36309921538199e-05
USA,SugarCrop,SugarCropAEZ14,SugarCropAEZ14,1975,CH4_AWB,3.67373723438441e-06
USA,SugarCrop,SugarCropAEZ15,SugarCropAEZ15,1975,CH4_AWB,0
USA,SugarCrop,SugarCropAEZ16,SugarCropAEZ16,1975,CH4_AWB,0
USA,Wheat,WheatAEZ07,WheatAEZ07,1975,CH4_AWB,0.00124952913301011
USA,Wheat,WheatAEZ08,WheatAEZ08,1975,CH4_AWB,0.00102674063172419
USA,Wheat,WheatAEZ09,WheatAEZ09,1975,CH4_AWB,0.000416106693755241
USA,Wheat,WheatAEZ10,WheatAEZ10,1975,CH4_AWB,0.000614249528526012
USA,Wheat,WheatAEZ11,WheatAEZ11,1975,CH4_AWB,0.000446003873295534
USA,Wheat,WheatAEZ12,WheatAEZ12,1975,CH4_AWB,0.000138738927268157
USA,Wheat,WheatAEZ13,WheatAEZ13,1975,CH4_AWB,6.45126830338616e-05
USA,Wheat,WheatAEZ14,WheatAEZ14,1975,CH4_AWB,1.00702771486934e-05
USA,Wheat,WheatAEZ15,WheatAEZ15,1975,CH4_AWB,1.5948391159788e-06
USA,Wheat,WheatAEZ16,WheatAEZ16,1975,CH4_AWB,3.77609037115289e-08
USA,Corn,CornAEZ07,CornAEZ07,1975,CO_AWB,0.0374757831425908
USA,Corn,CornAEZ08,CornAEZ08,1975,CO_AWB,0.0344164473451669
USA,Corn,CornAEZ09,CornAEZ09,1975,CO_AWB,0.0496155699908545
USA,Corn,CornAEZ10,CornAEZ10,1975,CO_AWB,0.243233828162809
USA,Corn,CornAEZ11,CornAEZ11,1975,CO_AWB,0.112913302583064
USA,Corn,CornAEZ12,CornAEZ12,1975,CO_AWB,0.0152662948085059
USA,Corn,CornAEZ13,CornAEZ13,1975,CO_AWB,2.29983012036949e-05
USA,Corn,CornAEZ14,CornAEZ14,1975,CO_AWB,7.72873088543268e-07
USA,Corn,CornAEZ15,CornAEZ15,1975,CO_AWB,0
USA,Corn,CornAEZ16,CornAEZ16,1975,CO_AWB,0
USA,FiberCrop,FiberCropAEZ07,FiberCropAEZ07,1975,CO_AWB,0.00658605767157295
USA,FiberCrop,FiberCropAEZ08,FiberCropAEZ08,1975,CO_AWB,0.00156775531758334
USA,FiberCrop,FiberCropAEZ09,FiberCropAEZ09,1975,CO_AWB,0.00137503878152869
USA,FiberCrop,FiberCropAEZ10,FiberCropAEZ10,1975,CO_AWB,0.000382041148741942
USA,FiberCrop,FiberCropAEZ11,FiberCropAEZ11,1975,CO_AWB,0.00364186599472162
USA,FiberCrop,FiberCropAEZ12,FiberCropAEZ12,1975,CO_AWB,0.00801639840678676
USA,FiberCrop,FiberCropAEZ13,FiberCropAEZ13,1975,CO_AWB,9.97392213967077e-06
USA,FiberCrop,FiberCropAEZ14,FiberCropAEZ14,1975,CO_AWB,0
USA,FiberCrop,FiberCropAEZ15,FiberCropAEZ15,1975,CO_AWB,0
USA,FiberCrop,FiberCropAEZ16,FiberCropAEZ16,1975,CO_AWB,0
USA,FodderGrass,FodderGrassAEZ07,FodderGrassAEZ07,1975,CO_AWB,0.0135119372837186
USA,FodderGrass,FodderGrassAEZ08,FodderGrassAEZ08,1975,CO_AWB,0.0140134409763851
USA,FodderGrass,FodderGrassAEZ09,FodderGrassAEZ09,1975,CO_AWB,0.00575447153031565
USA,FodderGrass,FodderGrassAEZ10,FodderGrassAEZ10,1975,CO_AWB,0.0596782898651132
USA,FodderGrass,FodderGrassAEZ11,FodderGrassAEZ11,1975,CO_AWB,0.0459426486939949
USA,FodderGrass,FodderGrassAEZ12,FodderGrassAEZ12,1975,CO_AWB,0.0164615275545219
USA,FodderGrass,FodderGrassAEZ13,FodderGrassAEZ13,1975,CO_AWB,0.000945069104237982
USA,FodderGrass,FodderGrassAEZ14,FodderGrassAEZ14,1975,CO_AWB,0.000241583239761768
USA,FodderGrass,FodderGrassAEZ15,FodderGrassAEZ15,1975,CO_AWB,9.49283201522192e-05
USA,FodderGrass,FodderGrassAEZ16,FodderGrassAEZ16,1975,CO_AWB,1.28589978047452e-05
USA,FodderHerb,FodderHerbAEZ07,FodderHerbAEZ07,1975,CO_AWB,0.105311587079723
USA,FodderHerb,FodderHerbAEZ08,FodderHerbAEZ08,1975,CO_AWB,0.124344111499179
USA,FodderHerb,FodderHerbAEZ09,FodderHerbAEZ09,1975,CO_AWB,0.0296259916000558
USA,FodderHerb,FodderHerbAEZ10,FodderHerbAEZ10,1975,CO_AWB,0.125476171470647
USA,FodderHerb,FodderHerbAEZ11,FodderHerbAEZ11,1975,CO_AWB,0.0342927404435859
USA,FodderHerb,FodderHerbAEZ12,FodderHerbAEZ12,1975,CO_AWB,0.00267270784281378
USA,FodderHerb,FodderHerbAEZ13,FodderHerbAEZ13,1975,CO_AWB,0.00459033249617057
USA,FodderHerb,FodderHerbAEZ14,FodderHerbAEZ14,1975,CO_AWB,0.00126545748223791
USA,FodderHerb,FodderHerbAEZ15,FodderHerbAEZ15,1975,CO_AWB,9.97976462111889e-05
USA,FodderHerb,FodderHerbAEZ16,FodderHerbAEZ16,1975,CO_AWB,9.24475067739744e-06
USA,MiscCrop,MiscCropAEZ07,MiscCropAEZ07,1975,CO_AWB,0.0189794854036974
USA,MiscCrop,MiscCropAEZ08,MiscCropAEZ08,1975,CO_AWB,0.0218319621939535
USA,MiscCrop,MiscCropAEZ09,MiscCropAEZ09,1975,CO_AWB,0.0326159862144636
USA,MiscCrop,MiscCropAEZ10,MiscCropAEZ10,1975,CO_AWB,0.0443688033342806
USA,MiscCrop,MiscCropAEZ11,MiscCropAEZ11,1975,CO_AWB,0.0104077253457607
USA,MiscCrop,MiscCropAEZ12,MiscCropAEZ12,1975,CO_AWB,0.0297934056194518
USA,MiscCrop,MiscCropAEZ13,MiscCropAEZ13,1975,CO_AWB,0.000283975714968793
USA,MiscCrop,MiscCropAEZ14,MiscCropAEZ14,1975,CO_AWB,9.408011723762e-05
USA,MiscCrop,MiscCropAEZ15,MiscCropAEZ15,1975,CO_AWB,5.18293342921678e-05
USA,MiscCrop,MiscCropAEZ16,MiscCropAEZ16,1975,CO_AWB,5.13525861449337e-06
USA,OilCrop,OilCropAEZ07,OilCropAEZ07,1975,CO_AWB,0.00204138017120351
USA,OilCrop,OilCropAEZ08,OilCropAEZ08,1975,CO_AWB,0.0105033780091048
USA,OilCrop,OilCropAEZ09,OilCropAEZ09,1975,CO_AWB,0.0139558192360219
USA,OilCrop,OilCropAEZ10,OilCropAEZ10,1975,CO_AWB,0.0613634572175311
USA,OilCrop,OilCropAEZ11,OilCropAEZ11,1975,CO_AWB,0.0430311600886125
USA,OilCrop,OilCropAEZ12,OilCropAEZ12,1975,CO_AWB,0.00995434125681679
USA,OilCrop,OilCropAEZ13,OilCropAEZ13,1975,CO_AWB,2.37416760865917e-05
USA,OilCrop,OilCropAEZ14,OilCropAEZ14,1975,CO_AWB,9.28611520475851e-07
USA,OilCrop,OilCropAEZ15,OilCropAEZ15,1975,CO_AWB,4.96658515659399e-07
USA,OilCrop,OilCropAEZ16,OilCropAEZ16,1975,CO_AWB,0
USA,OtherGrain,OtherGrainAEZ07,OtherGrainAEZ07,1975,CO_AWB,0.0369648700760618
USA,OtherGrain,OtherGrainAEZ08,OtherGrainAEZ08,1975,CO_AWB,0.0250649321508392
USA,OtherGrain,OtherGrainAEZ09,OtherGrainAEZ09,1975,CO_AWB,0.0145287762852048
USA,OtherGrain,OtherGrainAEZ10,OtherGrainAEZ10,1975,CO_AWB,0.0272581511825862
USA,OtherGrain,OtherGrainAEZ11,OtherGrainAEZ11,1975,CO_AWB,0.0139589731566637
USA,OtherGrain,OtherGrainAEZ12,OtherGrainAEZ12,1975,CO_AWB,0.00354629900533423
USA,OtherGrain,OtherGrainAEZ13,OtherGrainAEZ13,1975,CO_AWB,0.000674574469685184
USA,OtherGrain,OtherGrainAEZ14,OtherGrainAEZ14,1975,CO_AWB,0.000656291505108722
USA,OtherGrain,OtherGrainAEZ15,OtherGrainAEZ15,1975,CO_AWB,4.64356931737439e-05
USA,OtherGrain,OtherGrainAEZ16,OtherGrainAEZ16,1975,CO_AWB,0
USA,PalmFruit,PalmFruitAEZ07,PalmFruitAEZ07,1975,CO_AWB,0
USA,PalmFruit,PalmFruitAEZ08,PalmFruitAEZ08,1975,CO_AWB,0
USA,PalmFruit,PalmFruitAEZ09,PalmFruitAEZ09,1975,CO_AWB,0
USA,PalmFruit,PalmFruitAEZ10,PalmFruitAEZ10,1975,CO_AWB,0
USA,PalmFruit,PalmFruitAEZ11,PalmFruitAEZ11,1975,CO_AWB,0
USA,PalmFruit,PalmFruitAEZ12,PalmFruitAEZ12,1975,CO_AWB,0
USA,PalmFruit,PalmFruitAEZ13,PalmFruitAEZ13,1975,CO_AWB,0
USA,PalmFruit,PalmFruitAEZ14,PalmFruitAEZ14,1975,CO_AWB,0
USA,PalmFruit,PalmFruitAEZ15,PalmFruitAEZ15,1975,CO_AWB,0
USA,PalmFruit,PalmFruitAEZ16,PalmFruitAEZ16,1975,CO_AWB,0
USA,Rice,RiceAEZ07,RiceAEZ07,1975,CO_AWB,0
USA,Rice,RiceAEZ08,RiceAEZ08,1975,CO_AWB,6.0431864271005e-06
USA,Rice,RiceAEZ09,RiceAEZ09,1975,CO_AWB,0.000542331754765327
USA,Rice,RiceAEZ10,RiceAEZ10,1975,CO_AWB,0.00363748696422063
USA,Rice,RiceAEZ11,RiceAEZ11,1975,CO_AWB,0.00717242728194442
USA,Rice,RiceAEZ12,RiceAEZ12,1975,CO_AWB,0.00497832072181624
USA,Rice,RiceAEZ13,RiceAEZ13,1975,CO_AWB,0
USA,Rice,RiceAEZ14,RiceAEZ14,1975,CO_AWB,1.17643998068555e-06
USA,Rice,RiceAEZ15,RiceAEZ15,1975,CO_AWB,0
USA,Rice,RiceAEZ16,RiceAEZ16,1975,CO_AWB,0
USA,Root_Tuber,Root_TuberAEZ07,Root_TuberAEZ07,1975,CO_AWB,0.0261652947785249
USA,Root_Tuber,Root_TuberAEZ08,Root_TuberAEZ08,1975,CO_AWB,0.00880042587340746
USA,Root_Tuber,Root_TuberAEZ09,Root_TuberAEZ09,1975,CO_AWB,0.00402976083681696
USA,Root_Tuber,Root_TuberAEZ10,Root_TuberAEZ10,1975,CO_AWB,0.00840345176471413
USA,Root_Tuber,Root_TuberAEZ11,Root_TuberAEZ11,1975,CO_AWB,0.0015100792469996
USA,Root_Tuber,Root_TuberAEZ12,Root_TuberAEZ12,1975,CO_AWB,0.0026098142317866
USA,Root_Tuber,Root_TuberAEZ13,Root_TuberAEZ13,1975,CO_AWB,0.000254300270881601
USA,Root_Tuber,Root_TuberAEZ14,Root_TuberAEZ14,1975,CO_AWB,0.000127091268501806
USA,Root_Tuber,Root_TuberAEZ15,Root_TuberAEZ15,1975,CO_AWB,3.39711293785583e-05
USA,Root_Tuber,Root_TuberAEZ16,Root_TuberAEZ16,1975,CO_AWB,1.55482302621431e-05
USA,SugarCrop,SugarCropAEZ07,SugarCropAEZ07,1975,CO_AWB,0.0265748930919965
USA,SugarCrop,SugarCropAEZ08,SugarCropAEZ08,1975,CO_AWB,0.00859650935637713
USA,SugarCrop,SugarCropAEZ09,SugarCropAEZ09,1975,CO_AWB,0.0268533747750942
USA,SugarCrop,SugarCropAEZ10,SugarCropAEZ10,1975,CO_AWB,0.0408855712804529
USA,SugarCrop,SugarCropAEZ11,SugarCropAEZ11,1975,CO_AWB,0.00572752080460554
USA,SugarCrop,SugarCropAEZ12,SugarCropAEZ12,1975,CO_AWB,0.0583542948549904
USA,SugarCrop,SugarCropAEZ13,SugarCropAEZ13,1975,CO_AWB,0.00104372555618595
USA,SugarCrop,SugarCropAEZ14,SugarCropAEZ14,1975,CO_AWB,0.000162260366102279
USA,SugarCrop,SugarCropAEZ15,SugarCropAEZ15,1975,CO_AWB,0
USA,SugarCrop,SugarCropAEZ16,SugarCropAEZ16,1975,CO_AWB,0
USA,Wheat,WheatAEZ07,WheatAEZ07,1975,CO_AWB,0.0551887741670933
USA,Wheat,WheatAEZ08,WheatAEZ08,1975,CO_AWB,0.0453487280571845
USA,Wheat,WheatAEZ09,WheatAEZ09,1975,CO_AWB,0.0183784577281145
USA,Wheat,WheatAEZ10,WheatAEZ10,1975,CO_AWB,0.0271299624926723
USA,Wheat,WheatAEZ11,WheatAEZ11,1975,CO_AWB,0.019698946099528
USA,Wheat,WheatAEZ12,WheatAEZ12,1975,CO_AWB,0.00612777335310448
USA,Wheat,WheatAEZ13,WheatAEZ13,1975,CO_AWB,0.00284937405684343
USA,Wheat,WheatAEZ14,WheatAEZ14,1975,CO_AWB,0.000444780547069314
USA,Wheat,WheatAEZ15,WheatAEZ15,1975,CO_AWB,7.04403070559609e-05
USA,Wheat,WheatAEZ16,WheatAEZ16,1975,CO_AWB,1.66781064340663e-06
USA,Corn,CornAEZ07,CornAEZ07,1975,N2O_AWB,2.20053392891504e-05
USA,Corn,CornAEZ08,CornAEZ08,1975,N2O_AWB,2.02089332750157e-05
USA,Corn,CornAEZ09,CornAEZ09,1975,N2O_AWB,2.91336794088904e-05
USA,Corn,CornAEZ10,CornAEZ10,1975,N2O_AWB,0.000142824044395713
USA,Corn,CornAEZ11,CornAEZ11,1975,N2O_AWB,6.63013638472838e-05
USA,Corn,CornAEZ12,CornAEZ12,1975,N2O_AWB,8.96418883819335e-06
USA,Corn,CornAEZ13,CornAEZ13,1975,N2O_AWB,1.35043320945633e-08
USA,Corn,CornAEZ14,CornAEZ14,1975,N2O_AWB,4.53821991554849e-10
USA,Corn,CornAEZ15,CornAEZ15,1975,N2O_AWB,0
USA,Corn,CornAEZ16,CornAEZ16,1975,N2O_AWB,0
USA,FiberCrop,FiberCropAEZ07,FiberCropAEZ07,1975,N2O_AWB,3.8672556378459e-06
USA,FiberCrop,FiberCropAEZ08,FiberCropAEZ08,1975,N2O_AWB,9.20567491665926e-07
USA,FiberCrop,FiberCropAEZ09,FiberCropAEZ09,1975,N2O_AWB,8.07406607305579e-07
USA,FiberCrop,FiberCropAEZ10,FiberCropAEZ10,1975,N2O_AWB,2.24330071195465e-07
USA,FiberCrop,FiberCropAEZ11,FiberCropAEZ11,1975,N2O_AWB,2.13846089765605e-06
USA,FiberCrop,FiberCropAEZ12,FiberCropAEZ12,1975,N2O_AWB,4.70713490221547e-06
USA,FiberCrop,FiberCropAEZ13,FiberCropAEZ13,1975,N2O_AWB,5.85656982515699e-09
USA,FiberCrop,FiberCropAEZ14,FiberCropAEZ14,1975,N2O_AWB,0
USA,FiberCrop,FiberCropAEZ15,FiberCropAEZ15,1975,N2O_AWB,0
USA,FiberCrop,FiberCropAEZ16,FiberCropAEZ16,1975,N2O_AWB,0
USA,FodderGrass,FodderGrassAEZ07,FodderGrassAEZ07,1975,N2O_AWB,7.93405072418702e-06
USA,FodderGrass,FodderGrassAEZ08,FodderGrassAEZ08,1975,N2O_AWB,8.22852779675145e-06
USA,FodderGrass,FodderGrassAEZ09,FodderGrassAEZ09,1975,N2O_AWB,3.37895803197878e-06
USA,FodderGrass,FodderGrassAEZ10,FodderGrassAEZ10,1975,N2O_AWB,3.5042390219875e-05
USA,FodderGrass,FodderGrassAEZ11,FodderGrassAEZ11,1975,N2O_AWB,2.69769832029108e-05
USA,FodderGrass,FodderGrassAEZ12,FodderGrassAEZ12,1975,N2O_AWB,9.6660154552786e-06
USA,FodderGrass,FodderGrassAEZ13,FodderGrassAEZ13,1975,N2O_AWB,5.54933467602847e-07
USA,FodderGrass,FodderGrassAEZ14,FodderGrassAEZ14,1975,N2O_AWB,1.41854838291242e-07
USA,FodderGrass,FodderGrassAEZ15,FodderGrassAEZ15,1975,N2O_AWB,5.57407935986435e-08
USA,FodderGrass,FodderGrassAEZ16,FodderGrassAEZ16,1975,N2O_AWB,7.55065233821008e-09
USA,FodderHerb,FodderHerbAEZ07,FodderHerbAEZ07,1975,N2O_AWB,6.18377258708838e-05
USA,FodderHerb,FodderHerbAEZ08,FodderHerbAEZ08,1975,N2O_AWB,7.30134004601408e-05
USA,FodderHerb,FodderHerbAEZ09,FodderHerbAEZ09,1975,N2O_AWB,1.73960339789627e-05
USA,FodderHerb,FodderHerbAEZ10,FodderHerbAEZ10,1975,N2O_AWB,7.36781327666825e-05
USA,FodderHerb,FodderHerbAEZ11,FodderHerbAEZ11,1975,N2O_AWB,2.01362940367284e-05
USA,FodderHerb,FodderHerbAEZ12,FodderHerbAEZ12,1975,N2O_AWB,1.56938262445673e-06
USA,FodderHerb,FodderHerbAEZ13,FodderHerbAEZ13,1975,N2O_AWB,2.69538927696076e-06
USA,FodderHerb,FodderHerbAEZ14,FodderHerbAEZ14,1975,N2O_AWB,7.43061756619881e-07
USA,FodderHerb,FodderHerbAEZ15,FodderHerbAEZ15,1975,N2O_AWB,5.86000046157804e-08
USA,FodderHerb,FodderHerbAEZ16,FodderHerbAEZ16,1975,N2O_AWB,5.42840891478351e-09
USA,MiscCrop,MiscCropAEZ07,MiscCropAEZ07,1975,N2O_AWB,1.11445307027403e-05
USA,MiscCrop,MiscCropAEZ08,MiscCropAEZ08,1975,N2O_AWB,1.28194715397384e-05
USA,MiscCrop,MiscCropAEZ09,MiscCropAEZ09,1975,N2O_AWB,1.9151723665618e-05
USA,MiscCrop,MiscCropAEZ10,MiscCropAEZ10,1975,N2O_AWB,2.60528397101013e-05
USA,MiscCrop,MiscCropAEZ11,MiscCropAEZ11,1975,N2O_AWB,6.11129396790298e-06
USA,MiscCrop,MiscCropAEZ12,MiscCropAEZ12,1975,N2O_AWB,1.74943375230021e-05
USA,MiscCrop,MiscCropAEZ13,MiscCropAEZ13,1975,N2O_AWB,1.66747201359095e-07
USA,MiscCrop,MiscCropAEZ14,MiscCropAEZ14,1975,N2O_AWB,5.52427388188198e-08
USA,MiscCrop,MiscCropAEZ15,MiscCropAEZ15,1975,N2O_AWB,3.04335757812025e-08
USA,MiscCrop,MiscCropAEZ16,MiscCropAEZ16,1975,N2O_AWB,3.01536348738853e-09
USA,OilCrop,OilCropAEZ07,OilCropAEZ07,1975,N2O_AWB,1.19867443769106e-06
USA,OilCrop,OilCropAEZ08,OilCropAEZ08,1975,N2O_AWB,6.16746008730833e-06
USA,OilCrop,OilCropAEZ09,OilCropAEZ09,1975,N2O_AWB,8.19469298822191e-06
USA,OilCrop,OilCropAEZ10,OilCropAEZ10,1975,N2O_AWB,3.60319006780784e-05
USA,OilCrop,OilCropAEZ11,OilCropAEZ11,1975,N2O_AWB,2.52673913218242e-05
USA,OilCrop,OilCropAEZ12,OilCropAEZ12,1975,N2O_AWB,5.84507216094158e-06
USA,OilCrop,OilCropAEZ13,OilCropAEZ13,1975,N2O_AWB,1.39408330865488e-08
USA,OilCrop,OilCropAEZ14,OilCropAEZ14,1975,N2O_AWB,5.45269767896096e-10
USA,OilCrop,OilCropAEZ15,OilCropAEZ15,1975,N2O_AWB,2.91632041586612e-10
USA,OilCrop,OilCropAEZ16,OilCropAEZ16,1975,N2O_AWB,0
USA,OtherGrain,OtherGrainAEZ07,OtherGrainAEZ07,1975,N2O_AWB,2.17053371428723e-05
USA,OtherGrain,OtherGrainAEZ08,OtherGrainAEZ08,1975,N2O_AWB,1.4717833491034e-05
USA,OtherGrain,OtherGrainAEZ09,OtherGrainAEZ09,1975,N2O_AWB,8.53112663171396e-06
USA,OtherGrain,OtherGrainAEZ10,OtherGrainAEZ10,1975,N2O_AWB,1.60056659225907e-05
USA,OtherGrain,OtherGrainAEZ11,OtherGrainAEZ11,1975,N2O_AWB,8.1965449333447e-06
USA,OtherGrain,OtherGrainAEZ12,OtherGrainAEZ12,1975,N2O_AWB,2.08234508499084e-06
USA,OtherGrain,OtherGrainAEZ13,OtherGrainAEZ13,1975,N2O_AWB,3.96102198177971e-07
USA,OtherGrain,OtherGrainAEZ14,OtherGrainAEZ14,1975,N2O_AWB,3.85366656316557e-07
USA,OtherGrain,OtherGrainAEZ15,OtherGrainAEZ15,1975,N2O_AWB,2.72664931250981e-08
USA,OtherGrain,OtherGrainAEZ16,OtherGrainAEZ16,1975,N2O_AWB,0
USA,PalmFruit,PalmFruitAEZ07,PalmFruitAEZ07,1975,N2O_AWB,0
USA,PalmFruit,PalmFruitAEZ08,PalmFruitAEZ08,1975,N2O_AWB,0
USA,PalmFruit,PalmFruitAEZ09,PalmFruitAEZ09,1975,N2O_AWB,0
USA,PalmFruit,PalmFruitAEZ10,PalmFruitAEZ10,1975,N2O_AWB,0
USA,PalmFruit,PalmFruitAEZ11,PalmFruitAEZ11,1975,N2O_AWB,0
USA,PalmFruit,PalmFruitAEZ12,PalmFruitAEZ12,1975,N2O_AWB,0
USA,PalmFruit,PalmFruitAEZ13,PalmFruitAEZ13,1975,N2O_AWB,0
USA,PalmFruit,PalmFruitAEZ14,PalmFruitAEZ14,1975,N2O_AWB,0
USA,PalmFruit,PalmFruitAEZ15,PalmFruitAEZ15,1975,N2O_AWB,0
USA,PalmFruit,PalmFruitAEZ16,PalmFruitAEZ16,1975,N2O_AWB,0
USA,Rice,RiceAEZ07,RiceAEZ07,1975,N2O_AWB,0
USA,Rice,RiceAEZ08,RiceAEZ08,1975,N2O_AWB,3.54848802518558e-09
USA,Rice,RiceAEZ09,RiceAEZ09,1975,N2O_AWB,3.18450830646638e-07
USA,Rice,RiceAEZ10,RiceAEZ10,1975,N2O_AWB,2.13588958242656e-06
USA,Rice,RiceAEZ11,RiceAEZ11,1975,N2O_AWB,4.21156497958736e-06
USA,Rice,RiceAEZ12,RiceAEZ12,1975,N2O_AWB,2.92321140179917e-06
USA,Rice,RiceAEZ13,RiceAEZ13,1975,N2O_AWB,0
USA,Rice,RiceAEZ14,RiceAEZ14,1975,N2O_AWB,6.90791726214405e-10
USA,Rice,RiceAEZ15,RiceAEZ15,1975,N2O_AWB,0
USA,Rice,RiceAEZ16,RiceAEZ16,1975,N2O_AWB,0
USA,Root_Tuber,Root_TuberAEZ07,Root_TuberAEZ07,1975,N2O_AWB,1.53639534899462e-05
USA,Root_Tuber,Root_TuberAEZ08,Root_TuberAEZ08,1975,N2O_AWB,5.16750661344447e-06
USA,Root_Tuber,Root_TuberAEZ09,Root_TuberAEZ09,1975,N2O_AWB,2.36622818877154e-06
USA,Root_Tuber,Root_TuberAEZ10,Root_TuberAEZ10,1975,N2O_AWB,4.93440808372017e-06
USA,Root_Tuber,Root_TuberAEZ11,Root_TuberAEZ11,1975,N2O_AWB,8.86700781069622e-07
USA,Root_Tuber,Root_TuberAEZ12,Root_TuberAEZ12,1975,N2O_AWB,1.53245223545039e-06
USA,Root_Tuber,Root_TuberAEZ13,Root_TuberAEZ13,1975,N2O_AWB,1.49322129461058e-07
USA,Root_Tuber,Root_TuberAEZ14,Root_TuberAEZ14,1975,N2O_AWB,7.46264987560019e-08
USA,Root_Tuber,Root_TuberAEZ15,Root_TuberAEZ15,1975,N2O_AWB,1.99474478002629e-08
USA,Root_Tuber,Root_TuberAEZ16,Root_TuberAEZ16,1975,N2O_AWB,9.12973802208421e-09
USA,SugarCrop,SugarCropAEZ07,SugarCropAEZ07,1975,N2O_AWB,1.56044648043039e-05
USA,SugarCrop,SugarCropAEZ08,SugarCropAEZ08,1975,N2O_AWB,5.04776923192423e-06
USA,SugarCrop,SugarCropAEZ09,SugarCropAEZ09,1975,N2O_AWB,1.57679859747371e-05
USA,SugarCrop,SugarCropAEZ10,SugarCropAEZ10,1975,N2O_AWB,2.40075267976084e-05
USA,SugarCrop,SugarCropAEZ11,SugarCropAEZ11,1975,N2O_AWB,3.36313288267948e-06
USA,SugarCrop,SugarCropAEZ12,SugarCropAEZ12,1975,N2O_AWB,3.4264955915059e-05
USA,SugarCrop,SugarCropAEZ13,SugarCropAEZ13,1975,N2O_AWB,6.12863376363353e-07
USA,SugarCrop,SugarCropAEZ14,SugarCropAEZ14,1975,N2O_AWB,9.5277379412639e-08
USA,SugarCrop,SugarCropAEZ15,SugarCropAEZ15,1975,N2O_AWB,0
USA,SugarCrop,SugarCropAEZ16,SugarCropAEZ16,1975,N2O_AWB,0
USA,Wheat,WheatAEZ07,WheatAEZ07,1975,N2O_AWB,3.24061993815676e-05
USA,Wheat,WheatAEZ08,WheatAEZ08,1975,N2O_AWB,2.66282399872156e-05
USA,Wheat,WheatAEZ09,WheatAEZ09,1975,N2O_AWB,1.07916143174296e-05
USA,Wheat,WheatAEZ10,WheatAEZ10,1975,N2O_AWB,1.5930395030883e-05
USA,Wheat,WheatAEZ11,WheatAEZ11,1975,N2O_AWB,1.15669895652201e-05
USA,Wheat,WheatAEZ12,WheatAEZ12,1975,N2O_AWB,3.5981564737157e-06
USA,Wheat,WheatAEZ13,WheatAEZ13,1975,N2O_AWB,1.67311894841453e-06
USA,Wheat,WheatAEZ14,WheatAEZ14,1975,N2O_AWB,2.61169908317426e-07
USA,Wheat,WheatAEZ15,WheatAEZ15,1975,N2O_AWB,4.13617201940931e-08
USA,Wheat,WheatAEZ16,WheatAEZ16,1975,N2O_AWB,9.79318802720609e-10
USA,Corn,CornAEZ07,CornAEZ07,1975,NH3_AWB,0.000408382486279086
USA,Corn,CornAEZ08,CornAEZ08,1975,NH3_AWB,0.000375044179390052
USA,Corn,CornAEZ09,CornAEZ09,1975,NH3_AWB,0.000540672619273205
USA,Corn,CornAEZ10,CornAEZ10,1975,NH3_AWB,0.00265057664343825
USA,Corn,CornAEZ11,CornAEZ11,1975,NH3_AWB,0.00123044300548449
USA,Corn,CornAEZ12,CornAEZ12,1975,NH3_AWB,0.000166360430853324
USA,Corn,CornAEZ13,CornAEZ13,1975,NH3_AWB,2.50617936122226e-07
USA,Corn,CornAEZ14,CornAEZ14,1975,NH3_AWB,8.42218112631751e-09
USA,Corn,CornAEZ15,CornAEZ15,1975,NH3_AWB,0
USA,Corn,CornAEZ16,CornAEZ16,1975,NH3_AWB,0
USA,FiberCrop,FiberCropAEZ07,FiberCropAEZ07,1975,NH3_AWB,7.17698305719375e-05
USA,FiberCrop,FiberCropAEZ08,FiberCropAEZ08,1975,NH3_AWB,1.70842010702189e-05
USA,FiberCrop,FiberCropAEZ09,FiberCropAEZ09,1975,NH3_AWB,1.49841233255688e-05
USA,FiberCrop,FiberCropAEZ10,FiberCropAEZ10,1975,NH3_AWB,4.16319289687742e-06
USA,FiberCrop,FiberCropAEZ11,FiberCropAEZ11,1975,NH3_AWB,3.96862764404622e-05
USA,FiberCrop,FiberCropAEZ12,FiberCropAEZ12,1975,NH3_AWB,8.73565923869033e-05
USA,FiberCrop,FiberCropAEZ13,FiberCropAEZ13,1975,NH3_AWB,1.08688192208148e-07
USA,FiberCrop,FiberCropAEZ14,FiberCropAEZ14,1975,NH3_AWB,0
USA,FiberCrop,FiberCropAEZ15,FiberCropAEZ15,1975,NH3_AWB,0
USA,FiberCrop,FiberCropAEZ16,FiberCropAEZ16,1975,NH3_AWB,0
USA,FodderGrass,FodderGrassAEZ07,FodderGrassAEZ07,1975,NH3_AWB,0.000147242781328321
USA,FodderGrass,FodderGrassAEZ08,FodderGrassAEZ08,1975,NH3_AWB,0.000152707785864985
USA,FodderGrass,FodderGrassAEZ09,FodderGrassAEZ09,1975,NH3_AWB,6.27078394020736e-05
USA,FodderGrass,FodderGrassAEZ10,FodderGrassAEZ10,1975,NH3_AWB,0.000650328461429827
USA,FodderGrass,FodderGrassAEZ11,FodderGrassAEZ11,1975,NH3_AWB,0.000500647925848873
USA,FodderGrass,FodderGrassAEZ12,FodderGrassAEZ12,1975,NH3_AWB,0.000179385165216926
USA,FodderGrass,FodderGrassAEZ13,FodderGrassAEZ13,1975,NH3_AWB,1.02986418996439e-05
USA,FodderGrass,FodderGrassAEZ14,FodderGrassAEZ14,1975,NH3_AWB,2.63258979063585e-06
USA,FodderGrass,FodderGrassAEZ15,FodderGrassAEZ15,1975,NH3_AWB,1.03445639159978e-06
USA,FodderGrass,FodderGrassAEZ16,FodderGrassAEZ16,1975,NH3_AWB,1.40127545155714e-07
USA,FodderHerb,FodderHerbAEZ07,FodderHerbAEZ07,1975,NH3_AWB,0.00114760531092775
USA,FodderHerb,FodderHerbAEZ08,FodderHerbAEZ08,1975,NH3_AWB,0.0013550072380072
USA,FodderHerb,FodderHerbAEZ09,FodderHerbAEZ09,1975,NH3_AWB,0.000322841448358261
USA,FodderHerb,FodderHerbAEZ10,FodderHerbAEZ10,1975,NH3_AWB,0.001367343563682
USA,FodderHerb,FodderHerbAEZ11,FodderHerbAEZ11,1975,NH3_AWB,0.000373696115979468
USA,FodderHerb,FodderHerbAEZ12,FodderHerbAEZ12,1975,NH3_AWB,2.91251304820751e-05
USA,FodderHerb,FodderHerbAEZ13,FodderHerbAEZ13,1975,NH3_AWB,5.00219405822996e-05
USA,FodderHerb,FodderHerbAEZ14,FodderHerbAEZ14,1975,NH3_AWB,1.37899899492551e-05
USA,FodderHerb,FodderHerbAEZ15,FodderHerbAEZ15,1975,NH3_AWB,1.08751859112472e-06
USA,FodderHerb,FodderHerbAEZ16,FodderHerbAEZ16,1975,NH3_AWB,1.00742238055464e-07
USA,MiscCrop,MiscCropAEZ07,MiscCropAEZ07,1975,NH3_AWB,0.000206823948360689
USA,MiscCrop,MiscCropAEZ08,MiscCropAEZ08,1975,NH3_AWB,0.000237908063647243
USA,MiscCrop,MiscCropAEZ09,MiscCropAEZ09,1975,NH3_AWB,0.000355424127950224
USA,MiscCrop,MiscCropAEZ10,MiscCropAEZ10,1975,NH3_AWB,0.000483497360146927
USA,MiscCrop,MiscCropAEZ11,MiscCropAEZ11,1975,NH3_AWB,0.000113415448505496
USA,MiscCrop,MiscCropAEZ12,MiscCropAEZ12,1975,NH3_AWB,0.000324665798585147
USA,MiscCrop,MiscCropAEZ13,MiscCropAEZ13,1975,NH3_AWB,3.09455063502162e-06
USA,MiscCrop,MiscCropAEZ14,MiscCropAEZ14,1975,NH3_AWB,1.02521332351458e-06
USA,MiscCrop,MiscCropAEZ15,MiscCropAEZ15,1975,NH3_AWB,5.64796533267647e-07
USA,MiscCrop,MiscCropAEZ16,MiscCropAEZ16,1975,NH3_AWB,5.59601295773727e-08
USA,OilCrop,OilCropAEZ07,OilCropAEZ07,1975,NH3_AWB,2.22454032937731e-05
USA,OilCrop,OilCropAEZ08,OilCropAEZ08,1975,NH3_AWB,0.000114457798236441
USA,OilCrop,OilCropAEZ09,OilCropAEZ09,1975,NH3_AWB,0.000152079868110639
USA,OilCrop,OilCropAEZ10,OilCropAEZ10,1975,NH3_AWB,0.000668692129256549
USA,OilCrop,OilCropAEZ11,OilCropAEZ11,1975,NH3_AWB,0.000468920744833995
USA,OilCrop,OilCropAEZ12,OilCropAEZ12,1975,NH3_AWB,0.000108474814689311
USA,OilCrop,OilCropAEZ13,OilCropAEZ13,1975,NH3_AWB,2.58718668313992e-07
USA,OilCrop,OilCropAEZ14,OilCropAEZ14,1975,NH3_AWB,1.01192997108669e-08
USA,OilCrop,OilCropAEZ15,OilCropAEZ15,1975,NH3_AWB,5.41220549507759e-09
USA,OilCrop,OilCropAEZ16,OilCropAEZ16,1975,NH3_AWB,0
USA,OtherGrain,OtherGrainAEZ07,OtherGrainAEZ07,1975,NH3_AWB,0.000402814945566523
USA,OtherGrain,OtherGrainAEZ08,OtherGrainAEZ08,1975,NH3_AWB,0.000273138503102904
USA,OtherGrain,OtherGrainAEZ09,OtherGrainAEZ09,1975,NH3_AWB,0.000158323516799344
USA,OtherGrain,OtherGrainAEZ10,OtherGrainAEZ10,1975,NH3_AWB,0.000297038530428059
USA,OtherGrain,OtherGrainAEZ11,OtherGrainAEZ11,1975,NH3_AWB,0.000152114237130983
USA,OtherGrain,OtherGrainAEZ12,OtherGrainAEZ12,1975,NH3_AWB,3.8644860318917e-05
USA,OtherGrain,OtherGrainAEZ13,OtherGrainAEZ13,1975,NH3_AWB,7.3509977913536e-06
USA,OtherGrain,OtherGrainAEZ14,OtherGrainAEZ14,1975,NH3_AWB,7.15176399544121e-06
USA,OtherGrain,OtherGrainAEZ15,OtherGrainAEZ15,1975,NH3_AWB,5.06020748338532e-07
USA,OtherGrain,OtherGrainAEZ16,OtherGrainAEZ16,1975,NH3_AWB,0
USA,PalmFruit,PalmFruitAEZ07,PalmFruitAEZ07,1975,NH3_AWB,0
USA,PalmFruit,PalmFruitAEZ08,PalmFruitAEZ08,1975,NH3_AWB,0
USA,PalmFruit,PalmFruitAEZ09,PalmFruitAEZ09,1975,NH3_AWB,0
USA,PalmFruit,PalmFruitAEZ10,PalmFruitAEZ10,1975,NH3_AWB,0
USA,PalmFruit,PalmFruitAEZ11,PalmFruitAEZ11,1975,NH3_AWB,0
USA,PalmFruit,PalmFruitAEZ12,PalmFruitAEZ12,1975,NH3_AWB,0
USA,PalmFruit,PalmFruitAEZ13,PalmFruitAEZ13,1975,NH3_AWB,0
USA,PalmFruit,PalmFruitAEZ14,PalmFruitAEZ14,1975,NH3_AWB,0
USA,PalmFruit,PalmFruitAEZ15,PalmFruitAEZ15,1975,NH3_AWB,0
USA,PalmFruit,PalmFruitAEZ16,PalmFruitAEZ16,1975,NH3_AWB,0
USA,Rice,RiceAEZ07,RiceAEZ07,1975,NH3_AWB,0
USA,Rice,RiceAEZ08,RiceAEZ08,1975,NH3_AWB,6.58540340239763e-08
USA,Rice,RiceAEZ09,RiceAEZ09,1975,NH3_AWB,5.90991760082676e-06
USA,Rice,RiceAEZ10,RiceAEZ10,1975,NH3_AWB,3.96385571077753e-05
USA,Rice,RiceAEZ11,RiceAEZ11,1975,NH3_AWB,7.81596391171218e-05
USA,Rice,RiceAEZ12,RiceAEZ12,1975,NH3_AWB,5.42499401849581e-05
USA,Rice,RiceAEZ13,RiceAEZ13,1975,NH3_AWB,0
USA,Rice,RiceAEZ14,RiceAEZ14,1975,NH3_AWB,1.28199451481101e-08
USA,Rice,RiceAEZ15,RiceAEZ15,1975,NH3_AWB,0
USA,Rice,RiceAEZ16,RiceAEZ16,1975,NH3_AWB,0
USA,Root_Tuber,Root_TuberAEZ07,Root_TuberAEZ07,1975,NH3_AWB,0.000285129415313947
USA,Root_Tuber,Root_TuberAEZ08,Root_TuberAEZ08,1975,NH3_AWB,9.59003254134126e-05
USA,Root_Tuber,Root_TuberAEZ09,Root_TuberAEZ09,1975,NH3_AWB,4.39132584204518e-05
USA,Root_Tuber,Root_TuberAEZ10,Root_TuberAEZ10,1975,NH3_AWB,9.15744045145811e-05
USA,Root_Tuber,Root_TuberAEZ11,Root_TuberAEZ11,1975,NH3_AWB,1.64556912665899e-05
USA,Root_Tuber,Root_TuberAEZ12,Root_TuberAEZ12,1975,NH3_AWB,2.84397639042874e-05
USA,Root_Tuber,Root_TuberAEZ13,Root_TuberAEZ13,1975,NH3_AWB,2.77117029119659e-06
USA,Root_Tuber,Root_TuberAEZ14,Root_TuberAEZ14,1975,NH3_AWB,1.38494365861949e-06
USA,Root_Tuber,Root_TuberAEZ15,Root_TuberAEZ15,1975,NH3_AWB,3.70191444019683e-07
USA,Root_Tuber,Root_TuberAEZ16,Root_TuberAEZ16,1975,NH3_AWB,1.69432748277312e-07
USA,SugarCrop,SugarCropAEZ07,SugarCropAEZ07,1975,NH3_AWB,0.000289592905162707
USA,SugarCrop,SugarCropAEZ08,SugarCropAEZ08,1975,NH3_AWB,9.36781988229858e-05
USA,SugarCrop,SugarCropAEZ09,SugarCropAEZ09,1975,NH3_AWB,0.000292627586030986
USA,SugarCrop,SugarCropAEZ10,SugarCropAEZ10,1975,NH3_AWB,0.000445539755338062
USA,SugarCrop,SugarCropAEZ11,SugarCropAEZ11,1975,NH3_AWB,6.24141509598431e-05
USA,SugarCrop,SugarCropAEZ12,SugarCropAEZ12,1975,NH3_AWB,0.000635900574172668
USA,SugarCrop,SugarCropAEZ13,SugarCropAEZ13,1975,NH3_AWB,1.13737246265529e-05
USA,SugarCrop,SugarCropAEZ14,SugarCropAEZ14,1975,NH3_AWB,1.76818964613163e-06
USA,SugarCrop,SugarCropAEZ15,SugarCropAEZ15,1975,NH3_AWB,0
USA,SugarCrop,SugarCropAEZ16,SugarCropAEZ16,1975,NH3_AWB,0
USA,Wheat,WheatAEZ07,WheatAEZ07,1975,NH3_AWB,0.000601405145378757
USA,Wheat,WheatAEZ08,WheatAEZ08,1975,NH3_AWB,0.000494175831979874
USA,Wheat,WheatAEZ09,WheatAEZ09,1975,NH3_AWB,0.00020027440740665
USA,Wheat,WheatAEZ10,WheatAEZ10,1975,NH3_AWB,0.000295641627908351
USA,Wheat,WheatAEZ11,WheatAEZ11,1975,NH3_AWB,0.000214664081991131
USA,Wheat,WheatAEZ12,WheatAEZ12,1975,NH3_AWB,6.67757977938427e-05
USA,Wheat,WheatAEZ13,WheatAEZ13,1975,NH3_AWB,3.1050304065571e-05
USA,Wheat,WheatAEZ14,WheatAEZ14,1975,NH3_AWB,4.8468789823449e-06
USA,Wheat,WheatAEZ15,WheatAEZ15,1975,NH3_AWB,7.67604712096935e-07
USA,Wheat,WheatAEZ16,WheatAEZ16,1975,NH3_AWB,1.81745276571167e-08
USA,Corn,CornAEZ07,CornAEZ07,1975,NMVOC_AWB,0.00220053392891504
USA,Corn,CornAEZ08,CornAEZ08,1975,NMVOC_AWB,0.00202089332750157
USA,Corn,CornAEZ09,CornAEZ09,1975,NMVOC_AWB,0.00291336794088904
USA,Corn,CornAEZ10,CornAEZ10,1975,NMVOC_AWB,0.0142824044395713
USA,Corn,CornAEZ11,CornAEZ11,1975,NMVOC_AWB,0.00663013638472838
USA,Corn,CornAEZ12,CornAEZ12,1975,NMVOC_AWB,0.000896418883819335
USA,Corn,CornAEZ13,CornAEZ13,1975,NMVOC_AWB,1.35043320945633e-06
USA,Corn,CornAEZ14,CornAEZ14,1975,NMVOC_AWB,4.53821991554849e-08
USA,Corn,CornAEZ15,CornAEZ15,1975,NMVOC_AWB,0
USA,Corn,CornAEZ16,CornAEZ16,1975,NMVOC_AWB,0
USA,FiberCrop,FiberCropAEZ07,FiberCropAEZ07,1975,NMVOC_AWB,0.00038672556378459
USA,FiberCrop,FiberCropAEZ08,FiberCropAEZ08,1975,NMVOC_AWB,9.20567491665926e-05
USA,FiberCrop,FiberCropAEZ09,FiberCropAEZ09,1975,NMVOC_AWB,8.07406607305579e-05
USA,FiberCrop,FiberCropAEZ10,FiberCropAEZ10,1975,NMVOC_AWB,2.24330071195465e-05
USA,FiberCrop,FiberCropAEZ11,FiberCropAEZ11,1975,NMVOC_AWB,0.000213846089765605
USA,FiberCrop,FiberCropAEZ12,FiberCropAEZ12,1975,NMVOC_AWB,0.000470713490221547
USA,FiberCrop,FiberCropAEZ13,FiberCropAEZ13,1975,NMVOC_AWB,5.85656982515699e-07
USA,FiberCrop,FiberCropAEZ14,FiberCropAEZ14,1975,NMVOC_AWB,0
USA,FiberCrop,FiberCropAEZ15,FiberCropAEZ15,1975,NMVOC_AWB,0
USA,FiberCrop,FiberCropAEZ16,FiberCropAEZ16,1975,NMVOC_AWB,0
USA,FodderGrass,FodderGrassAEZ07,FodderGrassAEZ07,1975,NMVOC_AWB,0.000793405072418702
USA,FodderGrass,FodderGrassAEZ08,FodderGrassAEZ08,1975,NMVOC_AWB,0.000822852779675145
USA,FodderGrass,FodderGrassAEZ09,FodderGrassAEZ09,1975,NMVOC_AWB,0.000337895803197878
USA,FodderGrass,FodderGrassAEZ10,FodderGrassAEZ10,1975,NMVOC_AWB,0.0035042390219875
USA,FodderGrass,FodderGrassAEZ11,FodderGrassAEZ11,1975,NMVOC_AWB,0.00269769832029108
USA,FodderGrass,FodderGrassAEZ12,FodderGrassAEZ12,1975,NMVOC_AWB,0.00096660154552786
USA,FodderGrass,FodderGrassAEZ13,FodderGrassAEZ13,1975,NMVOC_AWB,5.54933467602847e-05
USA,FodderGrass,FodderGrassAEZ14,FodderGrassAEZ14,1975,NMVOC_AWB,1.41854838291242e-05
USA,FodderGrass,FodderGrassAEZ15,FodderGrassAEZ15,1975,NMVOC_AWB,5.57407935986435e-06
USA,FodderGrass,FodderGrassAEZ16,FodderGrassAEZ16,1975,NMVOC_AWB,7.55065233821008e-07
USA,FodderHerb,FodderHerbAEZ07,FodderHerbAEZ07,1975,NMVOC_AWB,0.00618377258708838
USA,FodderHerb,FodderHerbAEZ08,FodderHerbAEZ08,1975,NMVOC_AWB,0.00730134004601408
USA,FodderHerb,FodderHerbAEZ09,FodderHerbAEZ09,1975,NMVOC_AWB,0.00173960339789627
USA,FodderHerb,FodderHerbAEZ10,FodderHerbAEZ10,1975,NMVOC_AWB,0.00736781327666825
USA,FodderHerb,FodderHerbAEZ11,FodderHerbAEZ11,1975,NMVOC_AWB,0.00201362940367284
USA,FodderHerb,FodderHerbAEZ12,FodderHerbAEZ12,1975,NMVOC_AWB,0.000156938262445673
USA,FodderHerb,FodderHerbAEZ13,FodderHerbAEZ13,1975,NMVOC_AWB,0.000269538927696076
USA,FodderHerb,FodderHerbAEZ14,FodderHerbAEZ14,1975,NMVOC_AWB,7.43061756619881e-05
USA,FodderHerb,FodderHerbAEZ15,FodderHerbAEZ15,1975,NMVOC_AWB,5.86000046157804e-06
USA,FodderHerb,FodderHerbAEZ16,FodderHerbAEZ16,1975,NMVOC_AWB,5.42840891478351e-07
USA,MiscCrop,MiscCropAEZ07,MiscCropAEZ07,1975,NMVOC_AWB,0.00111445307027403
USA,MiscCrop,MiscCropAEZ08,MiscCropAEZ08,1975,NMVOC_AWB,0.00128194715397384
USA,MiscCrop,MiscCropAEZ09,MiscCropAEZ09,1975,NMVOC_AWB,0.0019151723665618
USA,MiscCrop,MiscCropAEZ10,MiscCropAEZ10,1975,NMVOC_AWB,0.00260528397101013
USA,MiscCrop,MiscCropAEZ11,MiscCropAEZ11,1975,NMVOC_AWB,0.000611129396790298
USA,MiscCrop,MiscCropAEZ12,MiscCropAEZ12,1975,NMVOC_AWB,0.00174943375230021
USA,MiscCrop,MiscCropAEZ13,MiscCropAEZ13,1975,NMVOC_AWB,1.66747201359095e-05
USA,MiscCrop,MiscCropAEZ14,MiscCropAEZ14,1975,NMVOC_AWB,5.52427388188198e-06
USA,MiscCrop,MiscCropAEZ15,MiscCropAEZ15,1975,NMVOC_AWB,3.04335757812025e-06
USA,MiscCrop,MiscCropAEZ16,MiscCropAEZ16,1975,NMVOC_AWB,3.01536348738853e-07
USA,OilCrop,OilCropAEZ07,OilCropAEZ07,1975,NMVOC_AWB,0.000119867443769106
USA,OilCrop,OilCropAEZ08,OilCropAEZ08,1975,NMVOC_AWB,0.000616746008730833
USA,OilCrop,OilCropAEZ09,OilCropAEZ09,1975,NMVOC_AWB,0.000819469298822191
USA,OilCrop,OilCropAEZ10,OilCropAEZ10,1975,NMVOC_AWB,0.00360319006780784
USA,OilCrop,OilCropAEZ11,OilCropAEZ11,1975,NMVOC_AWB,0.00252673913218242
USA,OilCrop,OilCropAEZ12,OilCropAEZ12,1975,NMVOC_AWB,0.000584507216094157
USA,OilCrop,OilCropAEZ13,OilCropAEZ13,1975,NMVOC_AWB,1.39408330865488e-06
USA,OilCrop,OilCropAEZ14,OilCropAEZ14,1975,NMVOC_AWB,5.45269767896096e-08
USA,OilCrop,OilCropAEZ15,OilCropAEZ15,1975,NMVOC_AWB,2.91632041586612e-08
USA,OilCrop,OilCropAEZ16,OilCropAEZ16,1975,NMVOC_AWB,0
USA,OtherGrain,OtherGrainAEZ07,OtherGrainAEZ07,1975,NMVOC_AWB,0.00217053371428723
USA,OtherGrain,OtherGrainAEZ08,OtherGrainAEZ08,1975,NMVOC_AWB,0.0014717833491034
USA,OtherGrain,OtherGrainAEZ09,OtherGrainAEZ09,1975,NMVOC_AWB,0.000853112663171396
USA,OtherGrain,OtherGrainAEZ10,OtherGrainAEZ10,1975,NMVOC_AWB,0.00160056659225907
USA,OtherGrain,OtherGrainAEZ11,OtherGrainAEZ11,1975,NMVOC_AWB,0.00081965449333447
USA,OtherGrain,OtherGrainAEZ12,OtherGrainAEZ12,1975,NMVOC_AWB,0.000208234508499084
USA,OtherGrain,OtherGrainAEZ13,OtherGrainAEZ13,1975,NMVOC_AWB,3.96102198177971e-05
USA,OtherGrain,OtherGrainAEZ14,OtherGrainAEZ14,1975,NMVOC_AWB,3.85366656316557e-05
USA,OtherGrain,OtherGrainAEZ15,OtherGrainAEZ15,1975,NMVOC_AWB,2.72664931250981e-06
USA,OtherGrain,OtherGrainAEZ16,OtherGrainAEZ16,1975,NMVOC_AWB,0
USA,PalmFruit,PalmFruitAEZ07,PalmFruitAEZ07,1975,NMVOC_AWB,0
USA,PalmFruit,PalmFruitAEZ08,PalmFruitAEZ08,1975,NMVOC_AWB,0
USA,PalmFruit,PalmFruitAEZ09,PalmFruitAEZ09,1975,NMVOC_AWB,0
USA,PalmFruit,PalmFruitAEZ10,PalmFruitAEZ10,1975,NMVOC_AWB,0
USA,PalmFruit,PalmFruitAEZ11,PalmFruitAEZ11,1975,NMVOC_AWB,0
USA,PalmFruit,PalmFruitAEZ12,PalmFruitAEZ12,1975,NMVOC_AWB,0
USA,PalmFruit,PalmFruitAEZ13,PalmFruitAEZ13,1975,NMVOC_AWB,0
USA,PalmFruit,PalmFruitAEZ14,PalmFruitAEZ14,1975,NMVOC_AWB,0
USA,PalmFruit,PalmFruitAEZ15,PalmFruitAEZ15,1975,NMVOC_AWB,0
USA,PalmFruit,PalmFruitAEZ16,PalmFruitAEZ16,1975,NMVOC_AWB,0
USA,Rice,RiceAEZ07,RiceAEZ07,1975,NMVOC_AWB,0
USA,Rice,RiceAEZ08,RiceAEZ08,1975,NMVOC_AWB,3.54848802518558e-07
USA,Rice,RiceAEZ09,RiceAEZ09,1975,NMVOC_AWB,3.18450830646638e-05
USA,Rice,RiceAEZ10,RiceAEZ10,1975,NMVOC_AWB,0.000213588958242656
USA,Rice,RiceAEZ11,RiceAEZ11,1975,NMVOC_AWB,0.000421156497958736
USA,Rice,RiceAEZ12,RiceAEZ12,1975,NMVOC_AWB,0.000292321140179917
USA,Rice,RiceAEZ13,RiceAEZ13,1975,NMVOC_AWB,0
USA,Rice,RiceAEZ14,RiceAEZ14,1975,NMVOC_AWB,6.90791726214405e-08
USA,Rice,RiceAEZ15,RiceAEZ15,1975,NMVOC_AWB,0
USA,Rice,RiceAEZ16,RiceAEZ16,1975,NMVOC_AWB,0
USA,Root_Tuber,Root_TuberAEZ07,Root_TuberAEZ07,1975,NMVOC_AWB,0.00153639534899462
USA,Root_Tuber,Root_TuberAEZ08,Root_TuberAEZ08,1975,NMVOC_AWB,0.000516750661344447
USA,Root_Tuber,Root_TuberAEZ09,Root_TuberAEZ09,1975,NMVOC_AWB,0.000236622818877154
USA,Root_Tuber,Root_TuberAEZ10,Root_TuberAEZ10,1975,NMVOC_AWB,0.000493440808372017
USA,Root_Tuber,Root_TuberAEZ11,Root_TuberAEZ11,1975,NMVOC_AWB,8.86700781069622e-05
USA,Root_Tuber,Root_TuberAEZ12,Root_TuberAEZ12,1975,NMVOC_AWB,0.000153245223545039
USA,Root_Tuber,Root_TuberAEZ13,Root_TuberAEZ13,1975,NMVOC_AWB,1.49322129461058e-05
USA,Root_Tuber,Root_TuberAEZ14,Root_TuberAEZ14,1975,NMVOC_AWB,7.46264987560019e-06
USA,Root_Tuber,Root_TuberAEZ15,Root_TuberAEZ15,1975,NMVOC_AWB,1.99474478002629e-06
USA,Root_Tuber,Root_TuberAEZ16,Root_TuberAEZ16,1975,NMVOC_AWB,9.12973802208421e-07
USA,SugarCrop,SugarCropAEZ07,SugarCropAEZ07,1975,NMVOC_AWB,0.00156044648043039
USA,SugarCrop,SugarCropAEZ08,SugarCropAEZ08,1975,NMVOC_AWB,0.000504776923192423
USA,SugarCrop,SugarCropAEZ09,SugarCropAEZ09,1975,NMVOC_AWB,0.00157679859747371
USA,SugarCrop,SugarCropAEZ10,SugarCropAEZ10,1975,NMVOC_AWB,0.00240075267976084
USA,SugarCrop,SugarCropAEZ11,SugarCropAEZ11,1975,NMVOC_AWB,0.000336313288267948
USA,SugarCrop,SugarCropAEZ12,SugarCropAEZ12,1975,NMVOC_AWB,0.0034264955915059
USA,SugarCrop,SugarCropAEZ13,SugarCropAEZ13,1975,NMVOC_AWB,6.12863376363353e-05
USA,SugarCrop,SugarCropAEZ14,SugarCropAEZ14,1975,NMVOC_AWB,9.5277379412639e-06
USA,SugarCrop,SugarCropAEZ15,SugarCropAEZ15,1975,NMVOC_AWB,0
USA,SugarCrop,SugarCropAEZ16,SugarCropAEZ16,1975,NMVOC_AWB,0
USA,Wheat,WheatAEZ07,WheatAEZ07,1975,NMVOC_AWB,0.00324061993815676
USA,Wheat,WheatAEZ08,WheatAEZ08,1975,NMVOC_AWB,0.00266282399872156
USA,Wheat,WheatAEZ09,WheatAEZ09,1975,NMVOC_AWB,0.00107916143174296
USA,Wheat,WheatAEZ10,WheatAEZ10,1975,NMVOC_AWB,0.0015930395030883
USA,Wheat,WheatAEZ11,WheatAEZ11,1975,NMVOC_AWB,0.00115669895652201
USA,Wheat,WheatAEZ12,WheatAEZ12,1975,NMVOC_AWB,0.00035981564737157
USA,Wheat,WheatAEZ13,WheatAEZ13,1975,NMVOC_AWB,0.000167311894841453
USA,Wheat,WheatAEZ14,WheatAEZ14,1975,NMVOC_AWB,2.61169908317426e-05
USA,Wheat,WheatAEZ15,WheatAEZ15,1975,NMVOC_AWB,4.13617201940931e-06
USA,Wheat,WheatAEZ16,WheatAEZ16,1975,NMVOC_AWB,9.79318802720609e-08
USA,Corn,CornAEZ07,CornAEZ07,1975,NOx_AWB,0.00119353950762003
USA,Corn,CornAEZ08,CornAEZ08,1975,NOx_AWB,0.00109610490225345
USA,Corn,CornAEZ09,CornAEZ09,1975,NOx_AWB,0.00158017092669828
USA,Corn,CornAEZ10,CornAEZ10,1975,NOx_AWB,0.00774658083587959
USA,Corn,CornAEZ11,CornAEZ11,1975,NOx_AWB,0.00359609529855509
USA,Corn,CornAEZ12,CornAEZ12,1975,NOx_AWB,0.000486205342783575
USA,Corn,CornAEZ13,CornAEZ13,1975,NOx_AWB,7.32456503719043e-07
USA,Corn,CornAEZ14,CornAEZ14,1975,NOx_AWB,2.46146841559755e-08
USA,Corn,CornAEZ15,CornAEZ15,1975,NOx_AWB,0
USA,Corn,CornAEZ16,CornAEZ16,1975,NOx_AWB,0
USA,FiberCrop,FiberCropAEZ07,FiberCropAEZ07,1975,NOx_AWB,0.000209754656776009
USA,FiberCrop,FiberCropAEZ08,FiberCropAEZ08,1975,NOx_AWB,4.99303217413093e-05
USA,FiberCrop,FiberCropAEZ09,FiberCropAEZ09,1975,NOx_AWB,4.37926301371681e-05
USA,FiberCrop,FiberCropAEZ10,FiberCropAEZ10,1975,NOx_AWB,1.21673562584428e-05
USA,FiberCrop,FiberCropAEZ11,FiberCropAEZ11,1975,NOx_AWB,0.000115987194440192
USA,FiberCrop,FiberCropAEZ12,FiberCropAEZ12,1975,NOx_AWB,0.000255308559421363
USA,FiberCrop,FiberCropAEZ13,FiberCropAEZ13,1975,NOx_AWB,3.17652337626377e-07
USA,FiberCrop,FiberCropAEZ14,FiberCropAEZ14,1975,NOx_AWB,0
USA,FiberCrop,FiberCropAEZ15,FiberCropAEZ15,1975,NOx_AWB,0
USA,FiberCrop,FiberCropAEZ16,FiberCropAEZ16,1975,NOx_AWB,0
USA,FodderGrass,FodderGrassAEZ07,FodderGrassAEZ07,1975,NOx_AWB,0.000430332060339894
USA,FodderGrass,FodderGrassAEZ08,FodderGrassAEZ08,1975,NOx_AWB,0.000446304094016612
USA,FodderGrass,FodderGrassAEZ09,FodderGrassAEZ09,1975,NOx_AWB,0.00018327006245003
USA,FodderGrass,FodderGrassAEZ10,FodderGrassAEZ10,1975,NOx_AWB,0.00190065132008575
USA,FodderGrass,FodderGrassAEZ11,FodderGrassAEZ11,1975,NOx_AWB,0.00146319467407399
USA,FodderGrass,FodderGrassAEZ12,FodderGrassAEZ12,1975,NOx_AWB,0.000524271458646808
USA,FodderGrass,FodderGrassAEZ13,FodderGrassAEZ13,1975,NOx_AWB,3.00988323325302e-05
USA,FodderGrass,FodderGrassAEZ14,FodderGrassAEZ14,1975,NOx_AWB,7.69401242229992e-06
USA,FodderGrass,FodderGrassAEZ15,FodderGrassAEZ15,1975,NOx_AWB,3.02330441134694e-06
USA,FodderGrass,FodderGrassAEZ16,FodderGrassAEZ16,1975,NOx_AWB,4.09537056236192e-07
USA,FodderHerb,FodderHerbAEZ07,FodderHerbAEZ07,1975,NOx_AWB,0.00335399367937337
USA,FodderHerb,FodderHerbAEZ08,FodderHerbAEZ08,1975,NOx_AWB,0.00396014698477412
USA,FodderHerb,FodderHerbAEZ09,FodderHerbAEZ09,1975,NOx_AWB,0.000943537091474405
USA,FodderHerb,FodderHerbAEZ10,FodderHerbAEZ10,1975,NOx_AWB,0.0039962011559652
USA,FodderHerb,FodderHerbAEZ11,FodderHerbAEZ11,1975,NOx_AWB,0.00109216504931321
USA,FodderHerb,FodderHerbAEZ12,FodderHerbAEZ12,1975,NOx_AWB,8.51211671971377e-05
USA,FodderHerb,FodderHerbAEZ13,FodderHerbAEZ13,1975,NOx_AWB,0.000146194228055106
USA,FodderHerb,FodderHerbAEZ14,FodderHerbAEZ14,1975,NOx_AWB,4.03026534366881e-05
USA,FodderHerb,FodderHerbAEZ15,FodderHerbAEZ15,1975,NOx_AWB,3.17838410653973e-06
USA,FodderHerb,FodderHerbAEZ16,FodderHerbAEZ16,1975,NOx_AWB,2.9442947541851e-07
USA,MiscCrop,MiscCropAEZ07,MiscCropAEZ07,1975,NOx_AWB,0.000604464103589763
USA,MiscCrop,MiscCropAEZ08,MiscCropAEZ08,1975,NOx_AWB,0.000695310603869316
USA,MiscCrop,MiscCropAEZ09,MiscCropAEZ09,1975,NOx_AWB,0.00103876329892385
USA,MiscCrop,MiscCropAEZ10,MiscCropAEZ10,1975,NOx_AWB,0.00141307039492134
USA,MiscCrop,MiscCropAEZ11,MiscCropAEZ11,1975,NOx_AWB,0.000331468226757515
USA,MiscCrop,MiscCropAEZ12,MiscCropAEZ12,1975,NOx_AWB,0.000948868941259059
USA,MiscCrop,MiscCropAEZ13,MiscCropAEZ13,1975,NOx_AWB,9.04414015126215e-06
USA,MiscCrop,MiscCropAEZ14,MiscCropAEZ14,1975,NOx_AWB,2.99629060124988e-06
USA,MiscCrop,MiscCropAEZ15,MiscCropAEZ15,1975,NOx_AWB,1.65067552813977e-06
USA,MiscCrop,MiscCropAEZ16,MiscCropAEZ16,1975,NOx_AWB,1.6354919161858e-07
USA,OilCrop,OilCropAEZ07,OilCropAEZ07,1975,NOx_AWB,6.50144621430073e-05
USA,OilCrop,OilCropAEZ08,OilCropAEZ08,1975,NOx_AWB,0.000334514600258925
USA,OilCrop,OilCropAEZ09,OilCropAEZ09,1975,NOx_AWB,0.000444468940275871
USA,OilCrop,OilCropAEZ10,OilCropAEZ10,1975,NOx_AWB,0.00195432101404276
USA,OilCrop,OilCropAEZ11,OilCropAEZ11,1975,NOx_AWB,0.0013704687485533
USA,OilCrop,OilCropAEZ12,OilCropAEZ12,1975,NOx_AWB,0.00031702872004402
USA,OilCrop,OilCropAEZ13,OilCropAEZ13,1975,NOx_AWB,7.56131720547302e-07
USA,OilCrop,OilCropAEZ14,OilCropAEZ14,1975,NOx_AWB,2.95746864769164e-08
USA,OilCrop,OilCropAEZ15,OilCropAEZ15,1975,NOx_AWB,1.58177230874656e-08
USA,OilCrop,OilCropAEZ16,OilCropAEZ16,1975,NOx_AWB,0
USA,OtherGrain,OtherGrainAEZ07,OtherGrainAEZ07,1975,NOx_AWB,0.0011772678015014
USA,OtherGrain,OtherGrainAEZ08,OtherGrainAEZ08,1975,NOx_AWB,0.000798275159828289
USA,OtherGrain,OtherGrainAEZ09,OtherGrainAEZ09,1975,NOx_AWB,0.000462716640978141
USA,OtherGrain,OtherGrainAEZ10,OtherGrainAEZ10,1975,NOx_AWB,0.000868125429622366
USA,OtherGrain,OtherGrainAEZ11,OtherGrainAEZ11,1975,NOx_AWB,0.000444569387246534
USA,OtherGrain,OtherGrainAEZ12,OtherGrainAEZ12,1975,NOx_AWB,0.000112943549507566
USA,OtherGrain,OtherGrainAEZ13,OtherGrainAEZ13,1975,NOx_AWB,2.14840415032201e-05
USA,OtherGrain,OtherGrainAEZ14,OtherGrainAEZ14,1975,NOx_AWB,2.09017603950335e-05
USA,OtherGrain,OtherGrainAEZ15,OtherGrainAEZ15,1975,NOx_AWB,1.47889729630753e-06
USA,OtherGrain,OtherGrainAEZ16,OtherGrainAEZ16,1975,NOx_AWB,0
USA,PalmFruit,PalmFruitAEZ07,PalmFruitAEZ07,1975,NOx_AWB,0
USA,PalmFruit,PalmFruitAEZ08,PalmFruitAEZ08,1975,NOx_AWB,0
USA,PalmFruit,PalmFruitAEZ09,PalmFruitAEZ09,1975,NOx_AWB,0
USA,PalmFruit,PalmFruitAEZ10,PalmFruitAEZ10,1975,NOx_AWB,0
USA,PalmFruit,PalmFruitAEZ11,PalmFruitAEZ11,1975,NOx_AWB,0
USA,PalmFruit,PalmFruitAEZ12,PalmFruitAEZ12,1975,NOx_AWB,0
USA,PalmFruit,PalmFruitAEZ13,PalmFruitAEZ13,1975,NOx_AWB,0
USA,PalmFruit,PalmFruitAEZ14,PalmFruitAEZ14,1975,NOx_AWB,0
USA,PalmFruit,PalmFruitAEZ15,PalmFruitAEZ15,1975,NOx_AWB,0
USA,PalmFruit,PalmFruitAEZ16,PalmFruitAEZ16,1975,NOx_AWB,0
USA,Rice,RiceAEZ07,RiceAEZ07,1975,NOx_AWB,0
USA,Rice,RiceAEZ08,RiceAEZ08,1975,NOx_AWB,1.92465137425249e-07
USA,Rice,RiceAEZ09,RiceAEZ09,1975,NOx_AWB,1.72723375275825e-05
USA,Rice,RiceAEZ10,RiceAEZ10,1975,NOx_AWB,0.000115847729818783
USA,Rice,RiceAEZ11,RiceAEZ11,1975,NOx_AWB,0.000228429524580192
USA,Rice,RiceAEZ12,RiceAEZ12,1975,NOx_AWB,0.000158550988527264
USA,Rice,RiceAEZ13,RiceAEZ13,1975,NOx_AWB,0
USA,Rice,RiceAEZ14,RiceAEZ14,1975,NOx_AWB,3.74675984741775e-08
USA,Rice,RiceAEZ15,RiceAEZ15,1975,NOx_AWB,0
USA,Rice,RiceAEZ16,RiceAEZ16,1975,NOx_AWB,0
USA,Root_Tuber,Root_TuberAEZ07,Root_TuberAEZ07,1975,NOx_AWB,0.000833319824908521
USA,Root_Tuber,Root_TuberAEZ08,Root_TuberAEZ08,1975,NOx_AWB,0.000280278491414793
USA,Root_Tuber,Root_TuberAEZ09,Root_TuberAEZ09,1975,NOx_AWB,0.000128340980806211
USA,Root_Tuber,Root_TuberAEZ10,Root_TuberAEZ10,1975,NOx_AWB,0.000267635545957857
USA,Root_Tuber,Root_TuberAEZ11,Root_TuberAEZ11,1975,NOx_AWB,4.80934376760973e-05
USA,Root_Tuber,Root_TuberAEZ12,Root_TuberAEZ12,1975,NOx_AWB,8.31181134049804e-05
USA,Root_Tuber,Root_TuberAEZ13,Root_TuberAEZ13,1975,NOx_AWB,8.09902808277065e-06
USA,Root_Tuber,Root_TuberAEZ14,Root_TuberAEZ14,1975,NOx_AWB,4.04763923020085e-06
USA,Root_Tuber,Root_TuberAEZ15,Root_TuberAEZ15,1975,NOx_AWB,1.08192228772134e-06
USA,Root_Tuber,Root_TuberAEZ16,Root_TuberAEZ16,1975,NOx_AWB,4.95184504105819e-07
USA,SugarCrop,SugarCropAEZ07,SugarCropAEZ07,1975,NOx_AWB,0.000846364829665936
USA,SugarCrop,SugarCropAEZ08,SugarCropAEZ08,1975,NOx_AWB,0.000273784099598992
USA,SugarCrop,SugarCropAEZ09,SugarCropAEZ09,1975,NOx_AWB,0.000855233994311832
USA,SugarCrop,SugarCropAEZ10,SugarCropAEZ10,1975,NOx_AWB,0.00130213541980331
USA,SugarCrop,SugarCropAEZ11,SugarCropAEZ11,1975,NOx_AWB,0.000182411727995173
USA,SugarCrop,SugarCropAEZ12,SugarCropAEZ12,1975,NOx_AWB,0.00185848434664424
USA,SugarCrop,SugarCropAEZ13,SugarCropAEZ13,1975,NOx_AWB,3.32408713563309e-05
USA,SugarCrop,SugarCropAEZ14,SugarCropAEZ14,1975,NOx_AWB,5.16771475400769e-06
USA,SugarCrop,SugarCropAEZ15,SugarCropAEZ15,1975,NOx_AWB,0
USA,SugarCrop,SugarCropAEZ16,SugarCropAEZ16,1975,NOx_AWB,0
USA,Wheat,WheatAEZ07,WheatAEZ07,1975,NOx_AWB,0.00175766793438094
USA,Wheat,WheatAEZ08,WheatAEZ08,1975,NOx_AWB,0.00144427931901051
USA,Wheat,WheatAEZ09,WheatAEZ09,1975,NOx_AWB,0.000585322401513738
USA,Wheat,WheatAEZ10,WheatAEZ10,1975,NOx_AWB,0.000864042839399763
USA,Wheat,WheatAEZ11,WheatAEZ11,1975,NOx_AWB,0.00062737769451824
USA,Wheat,WheatAEZ12,WheatAEZ12,1975,NOx_AWB,0.000195159086144873
USA,Wheat,WheatAEZ13,WheatAEZ13,1975,NOx_AWB,9.07476835344681e-05
USA,Wheat,WheatAEZ14,WheatAEZ14,1975,NOx_AWB,1.4165498640234e-05
USA,Wheat,WheatAEZ15,WheatAEZ15,1975,NOx_AWB,2.24340313530704e-06
USA,Wheat,WheatAEZ16,WheatAEZ16,1975,NOx_AWB,5.31169125021621e-08
USA,Corn,CornAEZ07,CornAEZ07,1975,SO2_AWB,0.00016684344311231
USA,Corn,CornAEZ08,CornAEZ08,1975,SO2_AWB,0.000153223177562773
USA,Corn,CornAEZ09,CornAEZ09,1975,SO2_AWB,0.000220890181207343
USA,Corn,CornAEZ10,CornAEZ10,1975,SO2_AWB,0.00108288515860127
USA,Corn,CornAEZ11,CornAEZ11,1975,SO2_AWB,0.000502693809078278
USA,Corn,CornAEZ12,CornAEZ12,1975,SO2_AWB,6.7966056365717e-05
USA,Corn,CornAEZ13,CornAEZ13,1975,SO2_AWB,1.02389208090961e-07
USA,Corn,CornAEZ14,CornAEZ14,1975,SO2_AWB,3.44085690459809e-09
USA,Corn,CornAEZ15,CornAEZ15,1975,SO2_AWB,0
USA,Corn,CornAEZ16,CornAEZ16,1975,SO2_AWB,0
USA,FiberCrop,FiberCropAEZ07,FiberCropAEZ07,1975,SO2_AWB,2.93213495840907e-05
USA,FiberCrop,FiberCropAEZ08,FiberCropAEZ08,1975,SO2_AWB,6.97969924065353e-06
USA,FiberCrop,FiberCropAEZ09,FiberCropAEZ09,1975,SO2_AWB,6.12171876036059e-06
USA,FiberCrop,FiberCropAEZ10,FiberCropAEZ10,1975,SO2_AWB,1.70086000402343e-06
USA,FiberCrop,FiberCropAEZ11,FiberCropAEZ11,1975,SO2_AWB,1.62137095201205e-05
USA,FiberCrop,FiberCropAEZ12,FiberCropAEZ12,1975,SO2_AWB,3.56892744965297e-05
USA,FiberCrop,FiberCropAEZ13,FiberCropAEZ13,1975,SO2_AWB,4.44042357910211e-08
USA,FiberCrop,FiberCropAEZ14,FiberCropAEZ14,1975,SO2_AWB,0
USA,FiberCrop,FiberCropAEZ15,FiberCropAEZ15,1975,SO2_AWB,0
USA,FiberCrop,FiberCropAEZ16,FiberCropAEZ16,1975,SO2_AWB,0
USA,FodderGrass,FodderGrassAEZ07,FodderGrassAEZ07,1975,SO2_AWB,6.01555978418269e-05
USA,FodderGrass,FodderGrassAEZ08,FodderGrassAEZ08,1975,SO2_AWB,6.23883090969769e-05
USA,FodderGrass,FodderGrassAEZ09,FodderGrassAEZ09,1975,SO2_AWB,2.56191002001634e-05
USA,FodderGrass,FodderGrassAEZ10,FodderGrassAEZ10,1975,SO2_AWB,0.000265689747490134
USA,FodderGrass,FodderGrassAEZ11,FodderGrassAEZ11,1975,SO2_AWB,0.000204538212440822
USA,FodderGrass,FodderGrassAEZ12,FodderGrassAEZ12,1975,SO2_AWB,7.32872726270859e-05
USA,FodderGrass,FodderGrassAEZ13,FodderGrassAEZ13,1975,SO2_AWB,4.20747934019642e-06
USA,FodderGrass,FodderGrassAEZ14,FodderGrassAEZ14,1975,SO2_AWB,1.07553668369567e-06
USA,FodderGrass,FodderGrassAEZ15,FodderGrassAEZ15,1975,SO2_AWB,4.22624064260423e-07
USA,FodderGrass,FodderGrassAEZ16,FodderGrassAEZ16,1975,SO2_AWB,5.72486893884029e-08
USA,FodderHerb,FodderHerbAEZ07,FodderHerbAEZ07,1975,SO2_AWB,0.000468850716772192
USA,FodderHerb,FodderHerbAEZ08,FodderHerbAEZ08,1975,SO2_AWB,0.000553584153647384
USA,FodderHerb,FodderHerbAEZ09,FodderHerbAEZ09,1975,SO2_AWB,0.000131895907961751
USA,FodderHerb,FodderHerbAEZ10,FodderHerbAEZ10,1975,SO2_AWB,0.000558624122598287
USA,FodderHerb,FodderHerbAEZ11,FodderHerbAEZ11,1975,SO2_AWB,0.000152672430289047
USA,FodderHerb,FodderHerbAEZ12,FodderHerbAEZ12,1975,SO2_AWB,1.18989849319931e-05
USA,FodderHerb,FodderHerbAEZ13,FodderHerbAEZ13,1975,SO2_AWB,2.04363141866147e-05
USA,FodderHerb,FodderHerbAEZ14,FodderHerbAEZ14,1975,SO2_AWB,5.63385914166148e-06
USA,FodderHerb,FodderHerbAEZ15,FodderHerbAEZ15,1975,SO2_AWB,4.44302467143263e-07
USA,FodderHerb,FodderHerbAEZ16,FodderHerbAEZ16,1975,SO2_AWB,4.11579399918905e-08
USA,MiscCrop,MiscCropAEZ07,MiscCropAEZ07,1975,SO2_AWB,8.44973053986404e-05
USA,MiscCrop,MiscCropAEZ08,MiscCropAEZ08,1975,SO2_AWB,9.71966277122923e-05
USA,MiscCrop,MiscCropAEZ09,MiscCropAEZ09,1975,SO2_AWB,0.000145207464239493
USA,MiscCrop,MiscCropAEZ10,MiscCropAEZ10,1975,SO2_AWB,0.000197531400128402
USA,MiscCrop,MiscCropAEZ11,MiscCropAEZ11,1975,SO2_AWB,4.63355422099376e-05
USA,MiscCrop,MiscCropAEZ12,MiscCropAEZ12,1975,SO2_AWB,0.000132641240789487
USA,MiscCrop,MiscCropAEZ13,MiscCropAEZ13,1975,SO2_AWB,1.26426940473533e-06
USA,MiscCrop,MiscCropAEZ14,MiscCropAEZ14,1975,SO2_AWB,4.18847836444418e-07
USA,MiscCrop,MiscCropAEZ15,MiscCropAEZ15,1975,SO2_AWB,2.30745934104218e-07
USA,MiscCrop,MiscCropAEZ16,MiscCropAEZ16,1975,SO2_AWB,2.28623435367386e-08
USA,OilCrop,OilCropAEZ07,OilCropAEZ07,1975,SO2_AWB,9.08829296959276e-06
USA,OilCrop,OilCropAEZ08,OilCropAEZ08,1975,SO2_AWB,4.67613910743751e-05
USA,OilCrop,OilCropAEZ09,OilCropAEZ09,1975,SO2_AWB,6.21317751768253e-05
USA,OilCrop,OilCropAEZ10,OilCropAEZ10,1975,SO2_AWB,0.000273192169046693
USA,OilCrop,OilCropAEZ11,OilCropAEZ11,1975,SO2_AWB,0.000191576167547564
USA,OilCrop,OilCropAEZ12,OilCropAEZ12,1975,SO2_AWB,4.43170610440089e-05
USA,OilCrop,OilCropAEZ13,OilCropAEZ13,1975,SO2_AWB,1.05698737994947e-07
USA,OilCrop,OilCropAEZ14,OilCropAEZ14,1975,SO2_AWB,4.13420962546529e-09
USA,OilCrop,OilCropAEZ15,OilCropAEZ15,1975,SO2_AWB,2.21114036465563e-09
USA,OilCrop,OilCropAEZ16,OilCropAEZ16,1975,SO2_AWB,0
USA,OtherGrain,OtherGrainAEZ07,OtherGrainAEZ07,1975,SO2_AWB,0.000164568841009229
USA,OtherGrain,OtherGrainAEZ08,OtherGrainAEZ08,1975,SO2_AWB,0.000111589918361699
USA,OtherGrain,OtherGrainAEZ09,OtherGrainAEZ09,1975,SO2_AWB,6.46825991710142e-05
USA,OtherGrain,OtherGrainAEZ10,OtherGrainAEZ10,1975,SO2_AWB,0.000121354203029583
USA,OtherGrain,OtherGrainAEZ11,OtherGrainAEZ11,1975,SO2_AWB,6.21458165372733e-05
USA,OtherGrain,OtherGrainAEZ12,OtherGrainAEZ12,1975,SO2_AWB,1.57882420790105e-05
USA,OtherGrain,OtherGrainAEZ13,OtherGrainAEZ13,1975,SO2_AWB,3.00322815749318e-06
USA,OtherGrain,OtherGrainAEZ14,OtherGrainAEZ14,1975,SO2_AWB,2.92183178617171e-06
USA,OtherGrain,OtherGrainAEZ15,OtherGrainAEZ15,1975,SO2_AWB,2.06733262996426e-07
USA,OtherGrain,OtherGrainAEZ16,OtherGrainAEZ16,1975,SO2_AWB,0
USA,PalmFruit,PalmFruitAEZ07,PalmFruitAEZ07,1975,SO2_AWB,0
USA,PalmFruit,PalmFruitAEZ08,PalmFruitAEZ08,1975,SO2_AWB,0
USA,PalmFruit,PalmFruitAEZ09,PalmFruitAEZ09,1975,SO2_AWB,0
USA,PalmFruit,PalmFruitAEZ10,PalmFruitAEZ10,1975,SO2_AWB,0
USA,PalmFruit,PalmFruitAEZ11,PalmFruitAEZ11,1975,SO2_AWB,0
USA,PalmFruit,PalmFruitAEZ12,PalmFruitAEZ12,1975,SO2_AWB,0
USA,PalmFruit,PalmFruitAEZ13,PalmFruitAEZ13,1975,SO2_AWB,0
USA,PalmFruit,PalmFruitAEZ14,PalmFruitAEZ14,1975,SO2_AWB,0
USA,PalmFruit,PalmFruitAEZ15,PalmFruitAEZ15,1975,SO2_AWB,0
USA,PalmFruit,PalmFruitAEZ16,PalmFruitAEZ16,1975,SO2_AWB,0
USA,Rice,RiceAEZ07,RiceAEZ07,1975,SO2_AWB,0
USA,Rice,RiceAEZ08,RiceAEZ08,1975,SO2_AWB,2.69044686012484e-08
USA,Rice,RiceAEZ09,RiceAEZ09,1975,SO2_AWB,2.41447915657708e-06
USA,Rice,RiceAEZ10,RiceAEZ10,1975,SO2_AWB,1.61942139295013e-05
USA,Rice,RiceAEZ11,RiceAEZ11,1975,SO2_AWB,3.19318867504139e-05
USA,Rice,RiceAEZ12,RiceAEZ12,1975,SO2_AWB,2.21636507764188e-05
USA,Rice,RiceAEZ13,RiceAEZ13,1975,SO2_AWB,0
USA,Rice,RiceAEZ14,RiceAEZ14,1975,SO2_AWB,5.23755023999713e-09
USA,Rice,RiceAEZ15,RiceAEZ15,1975,SO2_AWB,0
USA,Rice,RiceAEZ16,RiceAEZ16,1975,SO2_AWB,0
USA,Root_Tuber,Root_TuberAEZ07,Root_TuberAEZ07,1975,SO2_AWB,0.000116488769675271
USA,Root_Tuber,Root_TuberAEZ08,Root_TuberAEZ08,1975,SO2_AWB,3.91797910663344e-05
USA,Root_Tuber,Root_TuberAEZ09,Root_TuberAEZ09,1975,SO2_AWB,1.79406303632273e-05
USA,Root_Tuber,Root_TuberAEZ10,Root_TuberAEZ10,1975,SO2_AWB,3.74124490239058e-05
USA,Root_Tuber,Root_TuberAEZ11,Root_TuberAEZ11,1975,SO2_AWB,6.72292344053845e-06
USA,Root_Tuber,Root_TuberAEZ12,Root_TuberAEZ12,1975,SO2_AWB,1.16189804668798e-05
USA,Root_Tuber,Root_TuberAEZ13,Root_TuberAEZ13,1975,SO2_AWB,1.13215333264271e-06
USA,Root_Tuber,Root_TuberAEZ14,Root_TuberAEZ14,1975,SO2_AWB,5.65814588735143e-07
USA,Root_Tuber,Root_TuberAEZ15,Root_TuberAEZ15,1975,SO2_AWB,1.51240607043939e-07
USA,Root_Tuber,Root_TuberAEZ16,Root_TuberAEZ16,1975,SO2_AWB,6.92212424585941e-08
USA,SugarCrop,SugarCropAEZ07,SugarCropAEZ07,1975,SO2_AWB,0.000118312315100661
USA,SugarCrop,SugarCropAEZ08,SugarCropAEZ08,1975,SO2_AWB,3.82719478952027e-05
USA,SugarCrop,SugarCropAEZ09,SugarCropAEZ09,1975,SO2_AWB,0.000119552124891292
USA,SugarCrop,SugarCropAEZ10,SugarCropAEZ10,1975,SO2_AWB,0.000182023934232131
USA,SugarCrop,SugarCropAEZ11,SugarCropAEZ11,1975,SO2_AWB,2.54991146656453e-05
USA,SugarCrop,SugarCropAEZ12,SugarCropAEZ12,1975,SO2_AWB,0.000259795277311569
USA,SugarCrop,SugarCropAEZ13,SugarCropAEZ13,1975,SO2_AWB,4.64670117221562e-06
USA,SugarCrop,SugarCropAEZ14,SugarCropAEZ14,1975,SO2_AWB,7.22388590470872e-07
USA,SugarCrop,SugarCropAEZ15,SugarCropAEZ15,1975,SO2_AWB,0
USA,SugarCrop,SugarCropAEZ16,SugarCropAEZ16,1975,SO2_AWB,0
USA,Wheat,WheatAEZ07,WheatAEZ07,1975,SO2_AWB,0.00024570227306927
USA,Wheat,WheatAEZ08,WheatAEZ08,1975,SO2_AWB,0.000201894057851607
USA,Wheat,WheatAEZ09,WheatAEZ09,1975,SO2_AWB,8.18215100345117e-05
USA,Wheat,WheatAEZ10,WheatAEZ10,1975,SO2_AWB,0.000120783502683925
USA,Wheat,WheatAEZ11,WheatAEZ11,1975,SO2_AWB,8.77003685399665e-05
USA,Wheat,WheatAEZ12,WheatAEZ12,1975,SO2_AWB,2.72810524320143e-05
USA,Wheat,WheatAEZ13,WheatAEZ13,1975,SO2_AWB,1.26855088404641e-05
USA,Wheat,WheatAEZ14,WheatAEZ14,1975,SO2_AWB,1.98017790902638e-06
USA,Wheat,WheatAEZ15,WheatAEZ15,1975,SO2_AWB,3.1360260887379e-07
USA,Wheat,WheatAEZ16,WheatAEZ16,1975,SO2_AWB,7.4251489060699e-09
Africa_Eastern,Corn,CornAEZ01,CornAEZ01,1975,CH4_AWB,5.69598986670653e-05
Africa_Eastern,Corn,CornAEZ02,CornAEZ02,1975,CH4_AWB,0.000129992646986386
Africa_Eastern,Corn,CornAEZ03,CornAEZ03,1975,CH4_AWB,7.54644655538221e-05
Africa_Eastern,Corn,CornAEZ04,CornAEZ04,1975,CH4_AWB,6.64247992235023e-05
Africa_Eastern,Corn,CornAEZ05,CornAEZ05,1975,CH4_AWB,0.000125428131594397
Africa_Eastern,Corn,CornAEZ06,CornAEZ06,1975,CH4_AWB,8.32194927604241e-05
Africa_Eastern,Corn,CornAEZ07,CornAEZ07,1975,CH4_AWB,4.38789508414024e-08
Africa_Eastern,Corn,CornAEZ08,CornAEZ08,1975,CH4_AWB,2.9904960936144e-06
Africa_Eastern,Corn,CornAEZ09,CornAEZ09,1975,CH4_AWB,2.07838625025463e-05
Africa_Eastern,Corn,CornAEZ10,CornAEZ10,1975,CH4_AWB,3.12069709031013e-05
Africa_Eastern,Corn,CornAEZ11,CornAEZ11,1975,CH4_AWB,2.96101586485687e-05
Africa_Eastern,Corn,CornAEZ12,CornAEZ12,1975,CH4_AWB,6.7886861931058e-07
Africa_Eastern,FiberCrop,FiberCropAEZ01,FiberCropAEZ01,1975,CH4_AWB,1.16179508930074e-05
Africa_Eastern,FiberCrop,FiberCropAEZ02,FiberCropAEZ02,1975,CH4_AWB,3.76746870900698e-05
Africa_Eastern,FiberCrop,FiberCropAEZ03,FiberCropAEZ03,1975,CH4_AWB,1.86680040333311e-05
Africa_Eastern,FiberCrop,FiberCropAEZ04,FiberCropAEZ04,1975,CH4_AWB,1.97259185818387e-05
Africa_Eastern,FiberCrop,FiberCropAEZ05,FiberCropAEZ05,1975,CH4_AWB,1.73885047696287e-05
Africa_Eastern,FiberCrop,FiberCropAEZ06,FiberCropAEZ06,1975,CH4_AWB,1.58857944808955e-05
Africa_Eastern,FiberCrop,FiberCropAEZ07,FiberCropAEZ07,1975,CH4_AWB,1.37423181166632e-06
Africa_Eastern,FiberCrop,FiberCropAEZ08,FiberCropAEZ08,1975,CH4_AWB,1.55556535841283e-06
Africa_Eastern,FiberCrop,FiberCropAEZ09,FiberCropAEZ09,1975,CH4_AWB,8.19660157490916e-07
Africa_Eastern,FiberCrop,FiberCropAEZ10,FiberCropAEZ10,1975,CH4_AWB,2.00808607036094e-06
Africa_Eastern,FiberCrop,FiberCropAEZ11,FiberCropAEZ11,1975,CH4_AWB,2.87734867785873e-06
Africa_Eastern,FiberCrop,FiberCropAEZ12,FiberCropAEZ12,1975,CH4_AWB,1.95970335273126e-07
Africa_Eastern,FodderGrass,FodderGrassAEZ01,FodderGrassAEZ01,1975,CH4_AWB,0
Africa_Eastern,FodderGrass,FodderGrassAEZ02,FodderGrassAEZ02,1975,CH4_AWB,0
Africa_Eastern,FodderGrass,FodderGrassAEZ03,FodderGrassAEZ03,1975,CH4_AWB,0
Africa_Eastern,FodderGrass,FodderGrassAEZ04,FodderGrassAEZ04,1975,CH4_AWB,0
Africa_Eastern,FodderGrass,FodderGrassAEZ05,FodderGrassAEZ05,1975,CH4_AWB,0
Africa_Eastern,FodderGrass,FodderGrassAEZ06,FodderGrassAEZ06,1975,CH4_AWB,0
Africa_Eastern,FodderGrass,FodderGrassAEZ07,FodderGrassAEZ07,1975,CH4_AWB,0
Africa_Eastern,FodderGrass,FodderGrassAEZ08,FodderGrassAEZ08,1975,CH4_AWB,0
Africa_Eastern,FodderGrass,FodderGrassAEZ09,FodderGrassAEZ09,1975,CH4_AWB,0
Africa_Eastern,FodderGrass,FodderGrassAEZ10,FodderGrassAEZ10,1975,CH4_AWB,0
Africa_Eastern,FodderGrass,FodderGrassAEZ11,FodderGrassAEZ11,1975,CH4_AWB,0
Africa_Eastern,FodderGrass,FodderGrassAEZ12,FodderGrassAEZ12,1975,CH4_AWB,0
Africa_Eastern,FodderHerb,FodderHerbAEZ01,FodderHerbAEZ01,1975,CH4_AWB,6.29307387119179e-08
Africa_Eastern,FodderHerb,FodderHerbAEZ02,FodderHerbAEZ02,1975,CH4_AWB,4.14477272437063e-07
Africa_Eastern,FodderHerb,FodderHerbAEZ03,FodderHerbAEZ03,1975,CH4_AWB,1.74865779781868e-07
Africa_Eastern,FodderHerb,FodderHerbAEZ04,FodderHerbAEZ04,1975,CH4_AWB,5.55277383343263e-07
Africa_Eastern,FodderHerb,FodderHerbAEZ05,FodderHerbAEZ05,1975,CH4_AWB,1.16200230349261e-06
Africa_Eastern,FodderHerb,FodderHerbAEZ06,FodderHerbAEZ06,1975,CH4_AWB,1.19369454461875e-08
Africa_Eastern,FodderHerb,FodderHerbAEZ07,FodderHerbAEZ07,1975,CH4_AWB,0
Africa_Eastern,FodderHerb,FodderHerbAEZ08,FodderHerbAEZ08,1975,CH4_AWB,5.23550238867869e-08
Africa_Eastern,FodderHerb,FodderHerbAEZ09,FodderHerbAEZ09,1975,CH4_AWB,3.2180888015745e-08
Africa_Eastern,FodderHerb,FodderHerbAEZ10,FodderHerbAEZ10,1975,CH4_AWB,2.2013542376931e-07
Africa_Eastern,FodderHerb,FodderHerbAEZ11,FodderHerbAEZ11,1975,CH4_AWB,1.69281243900611e-07
Africa_Eastern,FodderHerb,FodderHerbAEZ12,FodderHerbAEZ12,1975,CH4_AWB,1.59857339600989e-08
Africa_Eastern,MiscCrop,MiscCropAEZ01,MiscCropAEZ01,1975,CH4_AWB,0.000106309962405875
Africa_Eastern,MiscCrop,MiscCropAEZ02,MiscCropAEZ02,1975,CH4_AWB,0.000206958129590143
Africa_Eastern,MiscCrop,MiscCropAEZ03,MiscCropAEZ03,1975,CH4_AWB,0.000237786561082109
Africa_Eastern,MiscCrop,MiscCropAEZ04,MiscCropAEZ04,1975,CH4_AWB,0.00027247000201197
Africa_Eastern,MiscCrop,MiscCropAEZ05,MiscCropAEZ05,1975,CH4_AWB,0.00116332664279029
Africa_Eastern,MiscCrop,MiscCropAEZ06,MiscCropAEZ06,1975,CH4_AWB,0.000922264887911569
Africa_Eastern,MiscCrop,MiscCropAEZ07,MiscCropAEZ07,1975,CH4_AWB,2.00276992377354e-06
Africa_Eastern,MiscCrop,MiscCropAEZ08,MiscCropAEZ08,1975,CH4_AWB,3.86174332388024e-06
Africa_Eastern,MiscCrop,MiscCropAEZ09,MiscCropAEZ09,1975,CH4_AWB,9.09874257118099e-06
Africa_Eastern,MiscCrop,MiscCropAEZ10,MiscCropAEZ10,1975,CH4_AWB,1.89940477388306e-05
Africa_Eastern,MiscCrop,MiscCropAEZ11,MiscCropAEZ11,1975,CH4_AWB,2.68597877280527e-05
Africa_Eastern,MiscCrop,MiscCropAEZ12,MiscCropAEZ12,1975,CH4_AWB,3.35277377474528e-06
Africa_Eastern,OilCrop,OilCropAEZ01,OilCropAEZ01,1975,CH4_AWB,2.38082350891812e-05
Africa_Eastern,OilCrop,OilCropAEZ02,OilCropAEZ02,1975,CH4_AWB,7.35809554968419e-05
Africa_Eastern,OilCrop,OilCropAEZ03,OilCropAEZ03,1975,CH4_AWB,3.6633044357279e-05
Africa_Eastern,OilCrop,OilCropAEZ04,OilCropAEZ04,1975,CH4_AWB,5.25304612663481e-05
Africa_Eastern,OilCrop,OilCropAEZ05,OilCropAEZ05,1975,CH4_AWB,4.95432815134655e-05
Africa_Eastern,OilCrop,OilCropAEZ06,OilCropAEZ06,1975,CH4_AWB,1.70903313790711e-05
Africa_Eastern,OilCrop,OilCropAEZ07,OilCropAEZ07,1975,CH4_AWB,2.63777829243545e-06
Africa_Eastern,OilCrop,OilCropAEZ08,OilCropAEZ08,1975,CH4_AWB,3.03373865097341e-06
Africa_Eastern,OilCrop,OilCropAEZ09,OilCropAEZ09,1975,CH4_AWB,3.69814671021508e-07
Africa_Eastern,OilCrop,OilCropAEZ10,OilCropAEZ10,1975,CH4_AWB,2.78989865616755e-06
Africa_Eastern,OilCrop,OilCropAEZ11,OilCropAEZ11,1975,CH4_AWB,2.10787371656721e-06
Africa_Eastern,OilCrop,OilCropAEZ12,OilCropAEZ12,1975,CH4_AWB,3.95121459473264e-07
Africa_Eastern,OtherGrain,OtherGrainAEZ01,OtherGrainAEZ01,1975,CH4_AWB,4.75093036355401e-05
Africa_Eastern,OtherGrain,OtherGrainAEZ02,OtherGrainAEZ02,1975,CH4_AWB,0.000195731160508688
Africa_Eastern,OtherGrain,OtherGrainAEZ03,OtherGrainAEZ03,1975,CH4_AWB,0.000101652143782555
Africa_Eastern,OtherGrain,OtherGrainAEZ04,OtherGrainAEZ04,1975,CH4_AWB,0.00016717520782227
Africa_Eastern,OtherGrain,OtherGrainAEZ05,OtherGrainAEZ05,1975,CH4_AWB,0.000263824040473023
Africa_Eastern,OtherGrain,OtherGrainAEZ06,OtherGrainAEZ06,1975,CH4_AWB,7.80894485750293e-05
Africa_Eastern,OtherGrain,OtherGrainAEZ07,OtherGrainAEZ07,1975,CH4_AWB,0
Africa_Eastern,OtherGrain,OtherGrainAEZ08,OtherGrainAEZ08,1975,CH4_AWB,1.4773416950651e-05
Africa_Eastern,OtherGrain,OtherGrainAEZ09,OtherGrainAEZ09,1975,CH4_AWB,3.22735890518743e-05
Africa_Eastern,OtherGrain,OtherGrainAEZ10,OtherGrainAEZ10,1975,CH4_AWB,4.79080417340489e-05
Africa_Eastern,OtherGrain,OtherGrainAEZ11,OtherGrainAEZ11,1975,CH4_AWB,5.77464783125138e-05
Africa_Eastern,OtherGrain,OtherGrainAEZ12,OtherGrainAEZ12,1975,CH4_AWB,1.28044345881424e-05
Africa_Eastern,PalmFruit,PalmFruitAEZ01,PalmFruitAEZ01,1975,CH4_AWB,1.45793698172657e-07
Africa_Eastern,PalmFruit,PalmFruitAEZ02,PalmFruitAEZ02,1975,CH4_AWB,7.78835264911896e-07
Africa_Eastern,PalmFruit,PalmFruitAEZ03,PalmFruitAEZ03,1975,CH4_AWB,4.08603017280759e-06
Africa_Eastern,PalmFruit,PalmFruitAEZ04,PalmFruitAEZ04,1975,CH4_AWB,3.62695132164249e-06
Africa_Eastern,PalmFruit,PalmFruitAEZ05,PalmFruitAEZ05,1975,CH4_AWB,7.49981055195218e-06
Africa_Eastern,PalmFruit,PalmFruitAEZ06,PalmFruitAEZ06,1975,CH4_AWB,1.27993924474084e-05
Africa_Eastern,PalmFruit,PalmFruitAEZ07,PalmFruitAEZ07,1975,CH4_AWB,0
Africa_Eastern,PalmFruit,PalmFruitAEZ08,PalmFruitAEZ08,1975,CH4_AWB,0
Africa_Eastern,PalmFruit,PalmFruitAEZ09,PalmFruitAEZ09,1975,CH4_AWB,0
Africa_Eastern,PalmFruit,PalmFruitAEZ10,PalmFruitAEZ10,1975,CH4_AWB,0
Africa_Eastern,PalmFruit,PalmFruitAEZ11,PalmFruitAEZ11,1975,CH4_AWB,0
Africa_Eastern,PalmFruit,PalmFruitAEZ12,PalmFruitAEZ12,1975,CH4_AWB,0
Africa_Eastern,Rice,RiceAEZ01,RiceAEZ01,1975,CH4_AWB,9.45042763662536e-09
Africa_Eastern,Rice,RiceAEZ02,RiceAEZ02,1975,CH4_AWB,2.18680306353253e-06
Africa_Eastern,Rice,RiceAEZ03,RiceAEZ03,1975,CH4_AWB,3.20140356375889e-05
Africa_Eastern,Rice,RiceAEZ04,RiceAEZ04,1975,CH4_AWB,5.75626841925977e-05
Africa_Eastern,Rice,RiceAEZ05,RiceAEZ05,1975,CH4_AWB,5.61276432288717e-05
Africa_Eastern,Rice,RiceAEZ06,RiceAEZ06,1975,CH4_AWB,0.000154614433367529
Africa_Eastern,Rice,RiceAEZ07,RiceAEZ07,1975,CH4_AWB,0
Africa_Eastern,Rice,RiceAEZ08,RiceAEZ08,1975,CH4_AWB,0
Africa_Eastern,Rice,RiceAEZ09,RiceAEZ09,1975,CH4_AWB,0
Africa_Eastern,Rice,RiceAEZ10,RiceAEZ10,1975,CH4_AWB,5.82249908746384e-06
Africa_Eastern,Rice,RiceAEZ11,RiceAEZ11,1975,CH4_AWB,1.58456485304513e-06
Africa_Eastern,Rice,RiceAEZ12,RiceAEZ12,1975,CH4_AWB,0
Africa_Eastern,Root_Tuber,Root_TuberAEZ01,Root_TuberAEZ01,1975,CH4_AWB,5.05426561835587e-05
Africa_Eastern,Root_Tuber,Root_TuberAEZ02,Root_TuberAEZ02,1975,CH4_AWB,0.000150472306660745
Africa_Eastern,Root_Tuber,Root_TuberAEZ03,Root_TuberAEZ03,1975,CH4_AWB,8.92670776622626e-05
Africa_Eastern,Root_Tuber,Root_TuberAEZ04,Root_TuberAEZ04,1975,CH4_AWB,0.000132687810181913
Africa_Eastern,Root_Tuber,Root_TuberAEZ05,Root_TuberAEZ05,1975,CH4_AWB,0.000607579466454718
Africa_Eastern,Root_Tuber,Root_TuberAEZ06,Root_TuberAEZ06,1975,CH4_AWB,0.000556618167357653
Africa_Eastern,Root_Tuber,Root_TuberAEZ07,Root_TuberAEZ07,1975,CH4_AWB,1.13904678921107e-07
Africa_Eastern,Root_Tuber,Root_TuberAEZ08,Root_TuberAEZ08,1975,CH4_AWB,5.8875081173876e-06
Africa_Eastern,Root_Tuber,Root_TuberAEZ09,Root_TuberAEZ09,1975,CH4_AWB,1.82465499445062e-05
Africa_Eastern,Root_Tuber,Root_TuberAEZ10,Root_TuberAEZ10,1975,CH4_AWB,4.57027637809025e-05
Africa_Eastern,Root_Tuber,Root_TuberAEZ11,Root_TuberAEZ11,1975,CH4_AWB,5.79418503432889e-05
Africa_Eastern,Root_Tuber,Root_TuberAEZ12,Root_TuberAEZ12,1975,CH4_AWB,4.8496885892076e-06
Africa_Eastern,SugarCrop,SugarCropAEZ01,SugarCropAEZ01,1975,CH4_AWB,0.000211720038111365
Africa_Eastern,SugarCrop,SugarCropAEZ02,SugarCropAEZ02,1975,CH4_AWB,0.00050937199461495
Africa_Eastern,SugarCrop,SugarCropAEZ03,SugarCropAEZ03,1975,CH4_AWB,0.000323903038214201
Africa_Eastern,SugarCrop,SugarCropAEZ04,SugarCropAEZ04,1975,CH4_AWB,0.000238968479919546
Africa_Eastern,SugarCrop,SugarCropAEZ05,SugarCropAEZ05,1975,CH4_AWB,0.000391881337868884
Africa_Eastern,SugarCrop,SugarCropAEZ06,SugarCropAEZ06,1975,CH4_AWB,0.00048316752914236
Africa_Eastern,SugarCrop,SugarCropAEZ07,SugarCropAEZ07,1975,CH4_AWB,1.38345624659339e-05
Africa_Eastern,SugarCrop,SugarCropAEZ08,SugarCropAEZ08,1975,CH4_AWB,8.66061483715315e-06
Africa_Eastern,SugarCrop,SugarCropAEZ09,SugarCropAEZ09,1975,CH4_AWB,3.94305154850169e-07
Africa_Eastern,SugarCrop,SugarCropAEZ10,SugarCropAEZ10,1975,CH4_AWB,8.31724644971152e-06
Africa_Eastern,SugarCrop,SugarCropAEZ11,SugarCropAEZ11,1975,CH4_AWB,1.60630460400582e-05
Africa_Eastern,SugarCrop,SugarCropAEZ12,SugarCropAEZ12,1975,CH4_AWB,8.7070036789002e-07
Africa_Eastern,Wheat,WheatAEZ01,WheatAEZ01,1975,CH4_AWB,8.00547087336576e-06
Africa_Eastern,Wheat,WheatAEZ02,WheatAEZ02,1975,CH4_AWB,2.74957780817861e-05
Africa_Eastern,Wheat,WheatAEZ03,WheatAEZ03,1975,CH4_AWB,1.62970849117352e-05
Africa_Eastern,Wheat,WheatAEZ04,WheatAEZ04,1975,CH4_AWB,2.61100092655515e-05
Africa_Eastern,Wheat,WheatAEZ05,WheatAEZ05,1975,CH4_AWB,3.84421842752674e-05
Africa_Eastern,Wheat,WheatAEZ06,WheatAEZ06,1975,CH4_AWB,6.7067941832398e-06
Africa_Eastern,Wheat,WheatAEZ07,WheatAEZ07,1975,CH4_AWB,0
Africa_Eastern,Wheat,WheatAEZ08,WheatAEZ08,1975,CH4_AWB,1.07137324571075e-06
Africa_Eastern,Wheat,WheatAEZ09,WheatAEZ09,1975,CH4_AWB,3.90011616208555e-06
Africa_Eastern,Wheat,WheatAEZ10,WheatAEZ10,1975,CH4_AWB,8.34520021247642e-06
Africa_Eastern,Wheat,WheatAEZ11,WheatAEZ11,1975,CH4_AWB,1.6256574231092e-05
Africa_Eastern,Wheat,WheatAEZ12,WheatAEZ12,1975,CH4_AWB,4.00717176482248e-06
Africa_Eastern,Corn,CornAEZ01,CornAEZ01,1975,CO_AWB,0.00227679134386409
Africa_Eastern,Corn,CornAEZ02,CornAEZ02,1975,CO_AWB,0.00519604388965871
Africa_Eastern,Corn,CornAEZ03,CornAEZ03,1975,CO_AWB,0.00301645273188692
Africa_Eastern,Corn,CornAEZ04,CornAEZ04,1975,CO_AWB,0.00265512073281523
Africa_Eastern,Corn,CornAEZ05,CornAEZ05,1975,CO_AWB,0.00501359185978133
Africa_Eastern,Corn,CornAEZ06,CornAEZ06,1975,CO_AWB,0.00332643535525193
Africa_Eastern,Corn,CornAEZ07,CornAEZ07,1975,CO_AWB,1.75392193089184e-06
Africa_Eastern,Corn,CornAEZ08,CornAEZ08,1975,CO_AWB,0.000119535599239707
Africa_Eastern,Corn,CornAEZ09,CornAEZ09,1975,CO_AWB,0.000830769003197328
Africa_Eastern,Corn,CornAEZ10,CornAEZ10,1975,CO_AWB,0.00124739971248373
Africa_Eastern,Corn,CornAEZ11,CornAEZ11,1975,CO_AWB,0.00118357220569432
Africa_Eastern,Corn,CornAEZ12,CornAEZ12,1975,CO_AWB,2.71356205372078e-05
Africa_Eastern,FiberCrop,FiberCropAEZ01,FiberCropAEZ01,1975,CO_AWB,0.000464390749380526
Africa_Eastern,FiberCrop,FiberCropAEZ02,FiberCropAEZ02,1975,CO_AWB,0.00150592615957472
Africa_Eastern,FiberCrop,FiberCropAEZ03,FiberCropAEZ03,1975,CO_AWB,0.000746194269739524
Africa_Eastern,FiberCrop,FiberCropAEZ04,FiberCropAEZ04,1975,CO_AWB,0.000788481049438146
Africa_Eastern,FiberCrop,FiberCropAEZ05,FiberCropAEZ05,1975,CO_AWB,0.000695050343639766
Africa_Eastern,FiberCrop,FiberCropAEZ06,FiberCropAEZ06,1975,CO_AWB,0.00063498426455979
Africa_Eastern,FiberCrop,FiberCropAEZ07,FiberCropAEZ07,1975,CO_AWB,5.49305593317998e-05
Africa_Eastern,FiberCrop,FiberCropAEZ08,FiberCropAEZ08,1975,CO_AWB,6.21787929004339e-05
Africa_Eastern,FiberCrop,FiberCropAEZ09,FiberCropAEZ09,1975,CO_AWB,3.27633158618072e-05
Africa_Eastern,FiberCrop,FiberCropAEZ10,FiberCropAEZ10,1975,CO_AWB,8.02668735324735e-05
Africa_Eastern,FiberCrop,FiberCropAEZ11,FiberCropAEZ11,1975,CO_AWB,0.000115012890056552
Africa_Eastern,FiberCrop,FiberCropAEZ12,FiberCropAEZ12,1975,CO_AWB,7.83329278045194e-06
Africa_Eastern,FodderGrass,FodderGrassAEZ01,FodderGrassAEZ01,1975,CO_AWB,0
Africa_Eastern,FodderGrass,FodderGrassAEZ02,FodderGrassAEZ02,1975,CO_AWB,0
Africa_Eastern,FodderGrass,FodderGrassAEZ03,FodderGrassAEZ03,1975,CO_AWB,0
Africa_Eastern,FodderGrass,FodderGrassAEZ04,FodderGrassAEZ04,1975,CO_AWB,0
Africa_Eastern,FodderGrass,FodderGrassAEZ05,FodderGrassAEZ05,1975,CO_AWB,0
Africa_Eastern,FodderGrass,FodderGrassAEZ06,FodderGrassAEZ06,1975,CO_AWB,0
Africa_Eastern,FodderGrass,FodderGrassAEZ07,FodderGrassAEZ07,1975,CO_AWB,0
Africa_Eastern,FodderGrass,FodderGrassAEZ08,FodderGrassAEZ08,1975,CO_AWB,0
Africa_Eastern,FodderGrass,FodderGrassAEZ09,FodderGrassAEZ09,1975,CO_AWB,0
Africa_Eastern,FodderGrass,FodderGrassAEZ10,FodderGrassAEZ10,1975,CO_AWB,0
Africa_Eastern,FodderGrass,FodderGrassAEZ11,FodderGrassAEZ11,1975,CO_AWB,0
Africa_Eastern,FodderGrass,FodderGrassAEZ12,FodderGrassAEZ12,1975,CO_AWB,0
Africa_Eastern,FodderHerb,FodderHerbAEZ01,FodderHerbAEZ01,1975,CO_AWB,2.51545674264187e-06
Africa_Eastern,FodderHerb,FodderHerbAEZ02,FodderHerbAEZ02,1975,CO_AWB,1.65674147636563e-05
Africa_Eastern,FodderHerb,FodderHerbAEZ03,FodderHerbAEZ03,1975,CO_AWB,6.98970509186677e-06
Africa_Eastern,FodderHerb,FodderHerbAEZ04,FodderHerbAEZ04,1975,CO_AWB,2.21954527557901e-05
Africa_Eastern,FodderHerb,FodderHerbAEZ05,FodderHerbAEZ05,1975,CO_AWB,4.6447357668349e-05
Africa_Eastern,FodderHerb,FodderHerbAEZ06,FodderHerbAEZ06,1975,CO_AWB,4.77141545193302e-07
Africa_Eastern,FodderHerb,FodderHerbAEZ07,FodderHerbAEZ07,1975,CO_AWB,0
Africa_Eastern,FodderHerb,FodderHerbAEZ08,FodderHerbAEZ08,1975,CO_AWB,2.09272607540921e-06
Africa_Eastern,FodderHerb,FodderHerbAEZ09,FodderHerbAEZ09,1975,CO_AWB,1.28632896101819e-06
Africa_Eastern,FodderHerb,FodderHerbAEZ10,FodderHerbAEZ10,1975,CO_AWB,8.79921557173724e-06
Africa_Eastern,FodderHerb,FodderHerbAEZ11,FodderHerbAEZ11,1975,CO_AWB,6.76648097715646e-06
Africa_Eastern,FodderHerb,FodderHerbAEZ12,FodderHerbAEZ12,1975,CO_AWB,6.38979028358278e-07
Africa_Eastern,MiscCrop,MiscCropAEZ01,MiscCropAEZ01,1975,CO_AWB,0.00424940366532226
Africa_Eastern,MiscCrop,MiscCropAEZ02,MiscCropAEZ02,1975,CO_AWB,0.00827249501877348
Africa_Eastern,MiscCrop,MiscCropAEZ03,MiscCropAEZ03,1975,CO_AWB,0.00950476381854925
Africa_Eastern,MiscCrop,MiscCropAEZ04,MiscCropAEZ04,1975,CO_AWB,0.0108911243973504
Africa_Eastern,MiscCrop,MiscCropAEZ05,MiscCropAEZ05,1975,CO_AWB,0.0465002939326308
Africa_Eastern,MiscCrop,MiscCropAEZ06,MiscCropAEZ06,1975,CO_AWB,0.0368646146268684
Africa_Eastern,MiscCrop,MiscCropAEZ07,MiscCropAEZ07,1975,CO_AWB,8.00543774287908e-05
Africa_Eastern,MiscCrop,MiscCropAEZ08,MiscCropAEZ08,1975,CO_AWB,0.000154360944766204
Africa_Eastern,MiscCrop,MiscCropAEZ09,MiscCropAEZ09,1975,CO_AWB,0.000363693384484384
Africa_Eastern,MiscCrop,MiscCropAEZ10,MiscCropAEZ10,1975,CO_AWB,0.000759226833065202
Africa_Eastern,MiscCrop,MiscCropAEZ11,MiscCropAEZ11,1975,CO_AWB,0.00107363484887337
Africa_Eastern,MiscCrop,MiscCropAEZ12,MiscCropAEZ12,1975,CO_AWB,0.000134016500852526
Africa_Eastern,OilCrop,OilCropAEZ01,OilCropAEZ01,1975,CO_AWB,0.000951658707831789
Africa_Eastern,OilCrop,OilCropAEZ02,OilCropAEZ02,1975,CO_AWB,0.00294116538949049
Africa_Eastern,OilCrop,OilCropAEZ03,OilCropAEZ03,1975,CO_AWB,0.00146428979411559
Africa_Eastern,OilCrop,OilCropAEZ04,OilCropAEZ04,1975,CO_AWB,0.00209973862838986
Africa_Eastern,OilCrop,OilCropAEZ05,OilCropAEZ05,1975,CO_AWB,0.00198033558935563
Africa_Eastern,OilCrop,OilCropAEZ06,OilCropAEZ06,1975,CO_AWB,0.000683131807784212
Africa_Eastern,OilCrop,OilCropAEZ07,OilCropAEZ07,1975,CO_AWB,0.000105436823516018
Africa_Eastern,OilCrop,OilCropAEZ08,OilCropAEZ08,1975,CO_AWB,0.000121264083358982
Africa_Eastern,OilCrop,OilCropAEZ09,OilCropAEZ09,1975,CO_AWB,1.47821688858193e-05
Africa_Eastern,OilCrop,OilCropAEZ10,OilCropAEZ10,1975,CO_AWB,0.000111517352721224
Africa_Eastern,OilCrop,OilCropAEZ11,OilCropAEZ11,1975,CO_AWB,8.42555682883224e-05
Africa_Eastern,OilCrop,OilCropAEZ12,OilCropAEZ12,1975,CO_AWB,1.57937275127884e-05
Africa_Eastern,OtherGrain,OtherGrainAEZ01,OtherGrainAEZ01,1975,CO_AWB,0.0018990337729121
Africa_Eastern,OtherGrain,OtherGrainAEZ02,OtherGrainAEZ02,1975,CO_AWB,0.00782373252760587
Africa_Eastern,OtherGrain,OtherGrainAEZ03,OtherGrainAEZ03,1975,CO_AWB,0.00406322213461327
Africa_Eastern,OtherGrain,OtherGrainAEZ04,OtherGrainAEZ04,1975,CO_AWB,0.00668229886262954
Africa_Eastern,OtherGrain,OtherGrainAEZ05,OtherGrainAEZ05,1975,CO_AWB,0.0105455294989761
Africa_Eastern,OtherGrain,OtherGrainAEZ06,OtherGrainAEZ06,1975,CO_AWB,0.00312137810500614
Africa_Eastern,OtherGrain,OtherGrainAEZ07,OtherGrainAEZ07,1975,CO_AWB,0
Africa_Eastern,OtherGrain,OtherGrainAEZ08,OtherGrainAEZ08,1975,CO_AWB,0.000590520499854502
Africa_Eastern,OtherGrain,OtherGrainAEZ09,OtherGrainAEZ09,1975,CO_AWB,0.00129003439100605
Africa_Eastern,OtherGrain,OtherGrainAEZ10,OtherGrainAEZ10,1975,CO_AWB,0.0019149720641029
Africa_Eastern,OtherGrain,OtherGrainAEZ11,OtherGrainAEZ11,1975,CO_AWB,0.00230823237114688
Africa_Eastern,OtherGrain,OtherGrainAEZ12,OtherGrainAEZ12,1975,CO_AWB,0.000511816673055512
Africa_Eastern,PalmFruit,PalmFruitAEZ01,PalmFruitAEZ01,1975,CO_AWB,5.8276408097153e-06
Africa_Eastern,PalmFruit,PalmFruitAEZ02,PalmFruitAEZ02,1975,CO_AWB,3.11314702263121e-05
Africa_Eastern,PalmFruit,PalmFruitAEZ03,PalmFruitAEZ03,1975,CO_AWB,0.000163326100395521
Africa_Eastern,PalmFruit,PalmFruitAEZ04,PalmFruitAEZ04,1975,CO_AWB,0.000144975878942473
Africa_Eastern,PalmFruit,PalmFruitAEZ05,PalmFruitAEZ05,1975,CO_AWB,0.000299781146822483
Africa_Eastern,PalmFruit,PalmFruitAEZ06,PalmFruitAEZ06,1975,CO_AWB,0.000511615129467018
Africa_Eastern,PalmFruit,PalmFruitAEZ07,PalmFruitAEZ07,1975,CO_AWB,0
Africa_Eastern,PalmFruit,PalmFruitAEZ08,PalmFruitAEZ08,1975,CO_AWB,0
Africa_Eastern,PalmFruit,PalmFruitAEZ09,PalmFruitAEZ09,1975,CO_AWB,0
Africa_Eastern,PalmFruit,PalmFruitAEZ10,PalmFruitAEZ10,1975,CO_AWB,0
Africa_Eastern,PalmFruit,PalmFruitAEZ11,PalmFruitAEZ11,1975,CO_AWB,0
Africa_Eastern,PalmFruit,PalmFruitAEZ12,PalmFruitAEZ12,1975,CO_AWB,0
Africa_Eastern,Rice,RiceAEZ01,RiceAEZ01,1975,CO_AWB,3.77750879871626e-07
Africa_Eastern,Rice,RiceAEZ02,RiceAEZ02,1975,CO_AWB,8.74105186683763e-05
Africa_Eastern,Rice,RiceAEZ03,RiceAEZ03,1975,CO_AWB,0.00127965956624786
Africa_Eastern,Rice,RiceAEZ04,RiceAEZ04,1975,CO_AWB,0.00230088578396765
Africa_Eastern,Rice,RiceAEZ05,RiceAEZ05,1975,CO_AWB,0.00224352457159262
Africa_Eastern,Rice,RiceAEZ06,RiceAEZ06,1975,CO_AWB,0.00618022173082244
Africa_Eastern,Rice,RiceAEZ07,RiceAEZ07,1975,CO_AWB,0
Africa_Eastern,Rice,RiceAEZ08,RiceAEZ08,1975,CO_AWB,0
Africa_Eastern,Rice,RiceAEZ09,RiceAEZ09,1975,CO_AWB,0
Africa_Eastern,Rice,RiceAEZ10,RiceAEZ10,1975,CO_AWB,0.000232735939357619
Africa_Eastern,Rice,RiceAEZ11,RiceAEZ11,1975,CO_AWB,6.33379557483385e-05
Africa_Eastern,Rice,RiceAEZ12,RiceAEZ12,1975,CO_AWB,0
Africa_Eastern,Root_Tuber,Root_TuberAEZ01,Root_TuberAEZ01,1975,CO_AWB,0.0020202824230297
Africa_Eastern,Root_Tuber,Root_TuberAEZ02,Root_TuberAEZ02,1975,CO_AWB,0.00601465334934904
Africa_Eastern,Root_Tuber,Root_TuberAEZ03,Root_TuberAEZ03,1975,CO_AWB,0.00356816838634931
Africa_Eastern,Root_Tuber,Root_TuberAEZ04,Root_TuberAEZ04,1975,CO_AWB,0.00530377449272288
Africa_Eastern,Root_Tuber,Root_TuberAEZ05,Root_TuberAEZ05,1975,CO_AWB,0.0242860626915672
Africa_Eastern,Root_Tuber,Root_TuberAEZ06,Root_TuberAEZ06,1975,CO_AWB,0.0222490463454803
Africa_Eastern,Root_Tuber,Root_TuberAEZ07,Root_TuberAEZ07,1975,CO_AWB,4.55297837710418e-06
Africa_Eastern,Root_Tuber,Root_TuberAEZ08,Root_TuberAEZ08,1975,CO_AWB,0.000235334469201721
Africa_Eastern,Root_Tuber,Root_TuberAEZ09,Root_TuberAEZ09,1975,CO_AWB,0.000729347978862473
Africa_Eastern,Root_Tuber,Root_TuberAEZ10,Root_TuberAEZ10,1975,CO_AWB,0.00182682307030138
Africa_Eastern,Root_Tuber,Root_TuberAEZ11,Root_TuberAEZ11,1975,CO_AWB,0.0023160417486021
Africa_Eastern,Root_Tuber,Root_TuberAEZ12,Root_TuberAEZ12,1975,CO_AWB,0.000193850924224497
Africa_Eastern,SugarCrop,SugarCropAEZ01,SugarCropAEZ01,1975,CO_AWB,0.0084628372131085
Africa_Eastern,SugarCrop,SugarCropAEZ02,SugarCropAEZ02,1975,CO_AWB,0.0203605303956882
Africa_Eastern,SugarCrop,SugarCropAEZ03,SugarCropAEZ03,1975,CO_AWB,0.012946996938458
Africa_Eastern,SugarCrop,SugarCropAEZ04,SugarCropAEZ04,1975,CO_AWB,0.00955200727651178
Africa_Eastern,SugarCrop,SugarCropAEZ05,SugarCropAEZ05,1975,CO_AWB,0.0156642139252549
Africa_Eastern,SugarCrop,SugarCropAEZ06,SugarCropAEZ06,1975,CO_AWB,0.0193130899761167
Africa_Eastern,SugarCrop,SugarCropAEZ07,SugarCropAEZ07,1975,CO_AWB,0.000552992768696724
Africa_Eastern,SugarCrop,SugarCropAEZ08,SugarCropAEZ08,1975,CO_AWB,0.000346180617508235
Africa_Eastern,SugarCrop,SugarCropAEZ09,SugarCropAEZ09,1975,CO_AWB,1.57610983237746e-05
Africa_Eastern,SugarCrop,SugarCropAEZ10,SugarCropAEZ10,1975,CO_AWB,0.000332455554954082
Africa_Eastern,SugarCrop,SugarCropAEZ11,SugarCropAEZ11,1975,CO_AWB,0.000642069333617709
Africa_Eastern,SugarCrop,SugarCropAEZ12,SugarCropAEZ12,1975,CO_AWB,3.48034864369854e-05
Africa_Eastern,Wheat,WheatAEZ01,WheatAEZ01,1975,CO_AWB,0.000319993314850718
Africa_Eastern,Wheat,WheatAEZ02,WheatAEZ02,1975,CO_AWB,0.00109905654670021
Africa_Eastern,Wheat,WheatAEZ03,WheatAEZ03,1975,CO_AWB,0.000651424295435257
Africa_Eastern,Wheat,WheatAEZ04,WheatAEZ04,1975,CO_AWB,0.00104366483219169
Africa_Eastern,Wheat,WheatAEZ05,WheatAEZ05,1975,CO_AWB,0.00153660442601462
Africa_Eastern,Wheat,WheatAEZ06,WheatAEZ06,1975,CO_AWB,0.00026808283193642
Africa_Eastern,Wheat,WheatAEZ07,WheatAEZ07,1975,CO_AWB,0
Africa_Eastern,Wheat,WheatAEZ08,WheatAEZ08,1975,CO_AWB,4.28247484452115e-05
Africa_Eastern,Wheat,WheatAEZ09,WheatAEZ09,1975,CO_AWB,0.000155894777302951
Africa_Eastern,Wheat,WheatAEZ10,WheatAEZ10,1975,CO_AWB,0.000333572917986337
Africa_Eastern,Wheat,WheatAEZ11,WheatAEZ11,1975,CO_AWB,0.00064980500942561
Africa_Eastern,Wheat,WheatAEZ12,WheatAEZ12,1975,CO_AWB,0.000160173985576271
Africa_Eastern,Corn,CornAEZ01,CornAEZ01,1975,N2O_AWB,1.47403113168774e-06
Africa_Eastern,Corn,CornAEZ02,CornAEZ02,1975,N2O_AWB,3.36400192121867e-06
Africa_Eastern,Corn,CornAEZ03,CornAEZ03,1975,N2O_AWB,1.95289974465543e-06
Africa_Eastern,Corn,CornAEZ04,CornAEZ04,1975,N2O_AWB,1.71896762920619e-06
Africa_Eastern,Corn,CornAEZ05,CornAEZ05,1975,N2O_AWB,3.24587955888465e-06
Africa_Eastern,Corn,CornAEZ06,CornAEZ06,1975,N2O_AWB,2.15358745297515e-06
Africa_Eastern,Corn,CornAEZ07,CornAEZ07,1975,N2O_AWB,1.1355171108024e-09
Africa_Eastern,Corn,CornAEZ08,CornAEZ08,1975,N2O_AWB,7.73892588353041e-08
Africa_Eastern,Corn,CornAEZ09,CornAEZ09,1975,N2O_AWB,5.37853140233635e-07
Africa_Eastern,Corn,CornAEZ10,CornAEZ10,1975,N2O_AWB,8.07586525139703e-07
Africa_Eastern,Corn,CornAEZ11,CornAEZ11,1975,N2O_AWB,7.66263576368335e-07
Africa_Eastern,Corn,CornAEZ12,CornAEZ12,1975,N2O_AWB,1.75680347508811e-08
Africa_Eastern,FiberCrop,FiberCropAEZ01,FiberCropAEZ01,1975,N2O_AWB,3.0065399875113e-07
Africa_Eastern,FiberCrop,FiberCropAEZ02,FiberCropAEZ02,1975,N2O_AWB,9.74960681934417e-07
Africa_Eastern,FiberCrop,FiberCropAEZ03,FiberCropAEZ03,1975,N2O_AWB,4.83098105079901e-07
Africa_Eastern,FiberCrop,FiberCropAEZ04,FiberCropAEZ04,1975,N2O_AWB,5.10475242603975e-07
Africa_Eastern,FiberCrop,FiberCropAEZ05,FiberCropAEZ05,1975,N2O_AWB,4.49986709311927e-07
Africa_Eastern,FiberCrop,FiberCropAEZ06,FiberCropAEZ06,1975,N2O_AWB,4.11098969001022e-07
Africa_Eastern,FiberCrop,FiberCropAEZ07,FiberCropAEZ07,1975,N2O_AWB,3.55629226869228e-08
Africa_Eastern,FiberCrop,FiberCropAEZ08,FiberCropAEZ08,1975,N2O_AWB,4.02555450296352e-08
Africa_Eastern,FiberCrop,FiberCropAEZ09,FiberCropAEZ09,1975,N2O_AWB,2.12114947150403e-08
Africa_Eastern,FiberCrop,FiberCropAEZ10,FiberCropAEZ10,1975,N2O_AWB,5.19660577368972e-08
Africa_Eastern,FiberCrop,FiberCropAEZ11,FiberCropAEZ11,1975,N2O_AWB,7.44611845725893e-08
Africa_Eastern,FiberCrop,FiberCropAEZ12,FiberCropAEZ12,1975,N2O_AWB,5.07139903405232e-09
Africa_Eastern,FodderGrass,FodderGrassAEZ01,FodderGrassAEZ01,1975,N2O_AWB,0
Africa_Eastern,FodderGrass,FodderGrassAEZ02,FodderGrassAEZ02,1975,N2O_AWB,0
Africa_Eastern,FodderGrass,FodderGrassAEZ03,FodderGrassAEZ03,1975,N2O_AWB,0
Africa_Eastern,FodderGrass,FodderGrassAEZ04,FodderGrassAEZ04,1975,N2O_AWB,0
Africa_Eastern,FodderGrass,FodderGrassAEZ05,FodderGrassAEZ05,1975,N2O_AWB,0
Africa_Eastern,FodderGrass,FodderGrassAEZ06,FodderGrassAEZ06,1975,N2O_AWB,0
Africa_Eastern,FodderGrass,FodderGrassAEZ07,FodderGrassAEZ07,1975,N2O_AWB,0
Africa_Eastern,FodderGrass,FodderGrassAEZ08,FodderGrassAEZ08,1975,N2O_AWB,0
Africa_Eastern,FodderGrass,FodderGrassAEZ09,FodderGrassAEZ09,1975,N2O_AWB,0
Africa_Eastern,FodderGrass,FodderGrassAEZ10,FodderGrassAEZ10,1975,N2O_AWB,0
Africa_Eastern,FodderGrass,FodderGrassAEZ11,FodderGrassAEZ11,1975,N2O_AWB,0
Africa_Eastern,FodderGrass,FodderGrassAEZ12,FodderGrassAEZ12,1975,N2O_AWB,0
Africa_Eastern,FodderHerb,FodderHerbAEZ01,FodderHerbAEZ01,1975,N2O_AWB,1.62854692814104e-09
Africa_Eastern,FodderHerb,FodderHerbAEZ02,FodderHerbAEZ02,1975,N2O_AWB,1.07260093020936e-08
Africa_Eastern,FodderHerb,FodderHerbAEZ03,FodderHerbAEZ03,1975,N2O_AWB,4.52524687187277e-09
Africa_Eastern,FodderHerb,FodderHerbAEZ04,FodderHerbAEZ04,1975,N2O_AWB,1.43696911146954e-08
Africa_Eastern,FodderHerb,FodderHerbAEZ05,FodderHerbAEZ05,1975,N2O_AWB,3.00707622471833e-08
Africa_Eastern,FodderHerb,FodderHerbAEZ06,FodderHerbAEZ06,1975,N2O_AWB,3.08909067900298e-10
Africa_Eastern,FodderHerb,FodderHerbAEZ07,FodderHerbAEZ07,1975,N2O_AWB,0
Africa_Eastern,FodderHerb,FodderHerbAEZ08,FodderHerbAEZ08,1975,N2O_AWB,1.35486433289604e-09
Africa_Eastern,FodderHerb,FodderHerbAEZ09,FodderHerbAEZ09,1975,N2O_AWB,8.32789943286764e-10
Africa_Eastern,FodderHerb,FodderHerbAEZ10,FodderHerbAEZ10,1975,N2O_AWB,5.69675289838353e-09
Africa_Eastern,FodderHerb,FodderHerbAEZ11,FodderHerbAEZ11,1975,N2O_AWB,4.3807280096972e-09
Africa_Eastern,FodderHerb,FodderHerbAEZ12,FodderHerbAEZ12,1975,N2O_AWB,4.1368524297759e-10
Africa_Eastern,MiscCrop,MiscCropAEZ01,MiscCropAEZ01,1975,N2O_AWB,2.75113189914119e-06
Africa_Eastern,MiscCrop,MiscCropAEZ02,MiscCropAEZ02,1975,N2O_AWB,5.35574558787141e-06
Africa_Eastern,MiscCrop,MiscCropAEZ03,MiscCropAEZ03,1975,N2O_AWB,6.15353611811572e-06
Africa_Eastern,MiscCrop,MiscCropAEZ04,MiscCropAEZ04,1975,N2O_AWB,7.0510881306903e-06
Africa_Eastern,MiscCrop,MiscCropAEZ05,MiscCropAEZ05,1975,N2O_AWB,3.01050340313575e-05
Africa_Eastern,MiscCrop,MiscCropAEZ06,MiscCropAEZ06,1975,N2O_AWB,2.38667411329193e-05
Africa_Eastern,MiscCrop,MiscCropAEZ07,MiscCropAEZ07,1975,N2O_AWB,5.18284843606479e-08
Africa_Eastern,MiscCrop,MiscCropAEZ08,MiscCropAEZ08,1975,N2O_AWB,9.99357445359736e-08
Africa_Eastern,MiscCrop,MiscCropAEZ09,MiscCropAEZ09,1975,N2O_AWB,2.35460914134108e-07
Africa_Eastern,MiscCrop,MiscCropAEZ10,MiscCropAEZ10,1975,N2O_AWB,4.91535595023594e-07
Africa_Eastern,MiscCrop,MiscCropAEZ11,MiscCropAEZ11,1975,N2O_AWB,6.95088373192045e-07
Africa_Eastern,MiscCrop,MiscCropAEZ12,MiscCropAEZ12,1975,N2O_AWB,8.67644261512412e-08
Africa_Eastern,OilCrop,OilCropAEZ01,OilCropAEZ01,1975,N2O_AWB,6.16119068559463e-07
Africa_Eastern,OilCrop,OilCropAEZ02,OilCropAEZ02,1975,N2O_AWB,1.90415751502009e-06
Africa_Eastern,OilCrop,OilCropAEZ03,OilCropAEZ03,1975,N2O_AWB,9.48004632991904e-07
Africa_Eastern,OilCrop,OilCropAEZ04,OilCropAEZ04,1975,N2O_AWB,1.35940437185654e-06
Africa_Eastern,OilCrop,OilCropAEZ05,OilCropAEZ05,1975,N2O_AWB,1.28210093461847e-06
Africa_Eastern,OilCrop,OilCropAEZ06,OilCropAEZ06,1975,N2O_AWB,4.42270458570474e-07
Africa_Eastern,OilCrop,OilCropAEZ07,OilCropAEZ07,1975,N2O_AWB,6.82614859318238e-08
Africa_Eastern,OilCrop,OilCropAEZ08,OilCropAEZ08,1975,N2O_AWB,7.85083071000059e-08
Africa_Eastern,OilCrop,OilCropAEZ09,OilCropAEZ09,1975,N2O_AWB,9.57021256703456e-09
Africa_Eastern,OilCrop,OilCropAEZ10,OilCropAEZ10,1975,N2O_AWB,7.21981177930464e-08
Africa_Eastern,OilCrop,OilCropAEZ11,OilCropAEZ11,1975,N2O_AWB,5.45484025181904e-08
Africa_Eastern,OilCrop,OilCropAEZ12,OilCropAEZ12,1975,N2O_AWB,1.02251118013005e-08
Africa_Eastern,OtherGrain,OtherGrainAEZ01,OtherGrainAEZ01,1975,N2O_AWB,1.22946483828778e-06
Africa_Eastern,OtherGrain,OtherGrainAEZ02,OtherGrainAEZ02,1975,N2O_AWB,5.06520957345028e-06
Africa_Eastern,OtherGrain,OtherGrainAEZ03,OtherGrainAEZ03,1975,N2O_AWB,2.63059499831805e-06
Africa_Eastern,OtherGrain,OtherGrainAEZ04,OtherGrainAEZ04,1975,N2O_AWB,4.32622716231898e-06
Africa_Eastern,OtherGrain,OtherGrainAEZ05,OtherGrainAEZ05,1975,N2O_AWB,6.82734446593634e-06
Africa_Eastern,OtherGrain,OtherGrainAEZ06,OtherGrainAEZ06,1975,N2O_AWB,2.02083010942008e-06
Africa_Eastern,OtherGrain,OtherGrainAEZ07,OtherGrainAEZ07,1975,N2O_AWB,0
Africa_Eastern,OtherGrain,OtherGrainAEZ08,OtherGrainAEZ08,1975,N2O_AWB,3.82312416564293e-07
Africa_Eastern,OtherGrain,OtherGrainAEZ09,OtherGrainAEZ09,1975,N2O_AWB,8.35188897926642e-07
Africa_Eastern,OtherGrain,OtherGrainAEZ10,OtherGrainAEZ10,1975,N2O_AWB,1.23978354292641e-06
Africa_Eastern,OtherGrain,OtherGrainAEZ11,OtherGrainAEZ11,1975,N2O_AWB,1.49438655562766e-06
Africa_Eastern,OtherGrain,OtherGrainAEZ12,OtherGrainAEZ12,1975,N2O_AWB,3.31358300282483e-07
Africa_Eastern,PalmFruit,PalmFruitAEZ01,PalmFruitAEZ01,1975,N2O_AWB,3.77290786921013e-09
Africa_Eastern,PalmFruit,PalmFruitAEZ02,PalmFruitAEZ02,1975,N2O_AWB,2.01550117504019e-08
Africa_Eastern,PalmFruit,PalmFruitAEZ03,PalmFruitAEZ03,1975,N2O_AWB,1.05739929681728e-07
Africa_Eastern,PalmFruit,PalmFruitAEZ04,PalmFruitAEZ04,1975,N2O_AWB,9.38597028141883e-08
Africa_Eastern,PalmFruit,PalmFruitAEZ05,PalmFruitAEZ05,1975,N2O_AWB,1.94083109240674e-07
Africa_Eastern,PalmFruit,PalmFruitAEZ06,PalmFruitAEZ06,1975,N2O_AWB,3.31227817739744e-07
Africa_Eastern,PalmFruit,PalmFruitAEZ07,PalmFruitAEZ07,1975,N2O_AWB,0
Africa_Eastern,PalmFruit,PalmFruitAEZ08,PalmFruitAEZ08,1975,N2O_AWB,0
Africa_Eastern,PalmFruit,PalmFruitAEZ09,PalmFruitAEZ09,1975,N2O_AWB,0
Africa_Eastern,PalmFruit,PalmFruitAEZ10,PalmFruitAEZ10,1975,N2O_AWB,0
Africa_Eastern,PalmFruit,PalmFruitAEZ11,PalmFruitAEZ11,1975,N2O_AWB,0
Africa_Eastern,PalmFruit,PalmFruitAEZ12,PalmFruitAEZ12,1975,N2O_AWB,0
Africa_Eastern,Rice,RiceAEZ01,RiceAEZ01,1975,N2O_AWB,2.44561961487523e-10
Africa_Eastern,Rice,RiceAEZ02,RiceAEZ02,1975,N2O_AWB,5.65909678554413e-08
Africa_Eastern,Rice,RiceAEZ03,RiceAEZ03,1975,N2O_AWB,8.28472070440189e-07
Africa_Eastern,Rice,RiceAEZ04,RiceAEZ04,1975,N2O_AWB,1.48963025758435e-06
Africa_Eastern,Rice,RiceAEZ05,RiceAEZ05,1975,N2O_AWB,1.45249369124066e-06
Africa_Eastern,Rice,RiceAEZ06,RiceAEZ06,1975,N2O_AWB,4.00117439681781e-06
Africa_Eastern,Rice,RiceAEZ07,RiceAEZ07,1975,N2O_AWB,0
Africa_Eastern,Rice,RiceAEZ08,RiceAEZ08,1975,N2O_AWB,0
Africa_Eastern,Rice,RiceAEZ09,RiceAEZ09,1975,N2O_AWB,0
Africa_Eastern,Rice,RiceAEZ10,RiceAEZ10,1975,N2O_AWB,1.50676969587161e-07
Africa_Eastern,Rice,RiceAEZ11,RiceAEZ11,1975,N2O_AWB,4.10060055973601e-08
Africa_Eastern,Rice,RiceAEZ12,RiceAEZ12,1975,N2O_AWB,0
Africa_Eastern,Root_Tuber,Root_TuberAEZ01,Root_TuberAEZ01,1975,N2O_AWB,1.30796315366047e-06
Africa_Eastern,Root_Tuber,Root_TuberAEZ02,Root_TuberAEZ02,1975,N2O_AWB,3.89398277850256e-06
Africa_Eastern,Root_Tuber,Root_TuberAEZ03,Root_TuberAEZ03,1975,N2O_AWB,2.31008928365676e-06
Africa_Eastern,Root_Tuber,Root_TuberAEZ04,Root_TuberAEZ04,1975,N2O_AWB,3.43374843671735e-06
Africa_Eastern,Root_Tuber,Root_TuberAEZ05,Root_TuberAEZ05,1975,N2O_AWB,1.57231854249474e-05
Africa_Eastern,Root_Tuber,Root_TuberAEZ06,Root_TuberAEZ06,1975,N2O_AWB,1.44043884618524e-05
Africa_Eastern,Root_Tuber,Root_TuberAEZ07,Root_TuberAEZ07,1975,N2O_AWB,2.947671023012e-09
Africa_Eastern,Root_Tuber,Root_TuberAEZ08,Root_TuberAEZ08,1975,N2O_AWB,1.52359299369883e-07
Africa_Eastern,Root_Tuber,Root_TuberAEZ09,Root_TuberAEZ09,1975,N2O_AWB,4.72191546921569e-07
Africa_Eastern,Root_Tuber,Root_TuberAEZ10,Root_TuberAEZ10,1975,N2O_AWB,1.18271447445839e-06
Africa_Eastern,Root_Tuber,Root_TuberAEZ11,Root_TuberAEZ11,1975,N2O_AWB,1.49944247149765e-06
Africa_Eastern,Root_Tuber,Root_TuberAEZ12,Root_TuberAEZ12,1975,N2O_AWB,1.25502188851614e-07
Africa_Eastern,SugarCrop,SugarCropAEZ01,SugarCropAEZ01,1975,N2O_AWB,5.47897616887292e-06
Africa_Eastern,SugarCrop,SugarCropAEZ02,SugarCropAEZ02,1975,N2O_AWB,1.31817330304777e-05
Africa_Eastern,SugarCrop,SugarCropAEZ03,SugarCropAEZ03,1975,N2O_AWB,8.38209289603318e-06
Africa_Eastern,SugarCrop,SugarCropAEZ04,SugarCropAEZ04,1975,N2O_AWB,6.18412228842642e-06
Africa_Eastern,SugarCrop,SugarCropAEZ05,SugarCropAEZ05,1975,N2O_AWB,1.01412626332529e-05
Africa_Eastern,SugarCrop,SugarCropAEZ06,SugarCropAEZ06,1975,N2O_AWB,1.25036033497771e-05
Africa_Eastern,SugarCrop,SugarCropAEZ07,SugarCropAEZ07,1975,N2O_AWB,3.58016363183183e-07
Africa_Eastern,SugarCrop,SugarCropAEZ08,SugarCropAEZ08,1975,N2O_AWB,2.24122868689406e-07
Africa_Eastern,SugarCrop,SugarCropAEZ09,SugarCropAEZ09,1975,N2O_AWB,1.0203987142452e-08
Africa_Eastern,SugarCrop,SugarCropAEZ10,SugarCropAEZ10,1975,N2O_AWB,2.15237043669161e-07
Africa_Eastern,SugarCrop,SugarCropAEZ11,SugarCropAEZ11,1975,N2O_AWB,4.15685956029796e-07
Africa_Eastern,SugarCrop,SugarCropAEZ12,SugarCropAEZ12,1975,N2O_AWB,2.25323337764987e-08
Africa_Eastern,Wheat,WheatAEZ01,WheatAEZ01,1975,N2O_AWB,2.07168790101511e-07
Africa_Eastern,Wheat,WheatAEZ02,WheatAEZ02,1975,N2O_AWB,7.11546786967246e-07
Africa_Eastern,Wheat,WheatAEZ03,WheatAEZ03,1975,N2O_AWB,4.21742507936486e-07
Africa_Eastern,Wheat,WheatAEZ04,WheatAEZ04,1975,N2O_AWB,6.75685305043069e-07
Africa_Eastern,Wheat,WheatAEZ05,WheatAEZ05,1975,N2O_AWB,9.94822282304819e-07
Africa_Eastern,Wheat,WheatAEZ06,WheatAEZ06,1975,N2O_AWB,1.73561113191269e-07
Africa_Eastern,Wheat,WheatAEZ07,WheatAEZ07,1975,N2O_AWB,0
Africa_Eastern,Wheat,WheatAEZ08,WheatAEZ08,1975,N2O_AWB,2.77254270950472e-08
Africa_Eastern,Wheat,WheatAEZ09,WheatAEZ09,1975,N2O_AWB,1.00928772252832e-07
Africa_Eastern,Wheat,WheatAEZ10,WheatAEZ10,1975,N2O_AWB,2.15960442367676e-07
Africa_Eastern,Wheat,WheatAEZ11,WheatAEZ11,1975,N2O_AWB,4.20694156274504e-07
Africa_Eastern,Wheat,WheatAEZ12,WheatAEZ12,1975,N2O_AWB,1.03699200131895e-07
Africa_Eastern,Corn,CornAEZ01,CornAEZ01,1975,NH3_AWB,2.74334561108401e-05
Africa_Eastern,Corn,CornAEZ02,CornAEZ02,1975,NH3_AWB,6.26080393274107e-05
Africa_Eastern,Corn,CornAEZ03,CornAEZ03,1975,NH3_AWB,3.63457652163243e-05
Africa_Eastern,Corn,CornAEZ04,CornAEZ04,1975,NH3_AWB,3.19920129215918e-05
Africa_Eastern,Corn,CornAEZ05,CornAEZ05,1975,NH3_AWB,6.04096429888688e-05
Africa_Eastern,Corn,CornAEZ06,CornAEZ06,1975,NH3_AWB,4.00807999247639e-05
Africa_Eastern,Corn,CornAEZ07,CornAEZ07,1975,NH3_AWB,2.11333113342307e-08
Africa_Eastern,Corn,CornAEZ08,CornAEZ08,1975,NH3_AWB,1.44030528939907e-06
Africa_Eastern,Corn,CornAEZ09,CornAEZ09,1975,NH3_AWB,1.00100806553404e-05
Africa_Eastern,Corn,CornAEZ10,CornAEZ10,1975,NH3_AWB,1.50301367568532e-05
Africa_Eastern,Corn,CornAEZ11,CornAEZ11,1975,NH3_AWB,1.4261067992212e-05
Africa_Eastern,Corn,CornAEZ12,CornAEZ12,1975,NH3_AWB,3.26961825928454e-07
Africa_Eastern,FiberCrop,FiberCropAEZ01,FiberCropAEZ01,1975,NH3_AWB,5.5955251568153e-06
Africa_Eastern,FiberCrop,FiberCropAEZ02,FiberCropAEZ02,1975,NH3_AWB,1.81451670203316e-05
Africa_Eastern,FiberCrop,FiberCropAEZ03,FiberCropAEZ03,1975,NH3_AWB,8.991024937014e-06
Africa_Eastern,FiberCrop,FiberCropAEZ04,FiberCropAEZ04,1975,NH3_AWB,9.50054572294691e-06
Africa_Eastern,FiberCrop,FiberCropAEZ05,FiberCropAEZ05,1975,NH3_AWB,8.37478284887756e-06
Africa_Eastern,FiberCrop,FiberCropAEZ06,FiberCropAEZ06,1975,NH3_AWB,7.65103618292523e-06
Africa_Eastern,FiberCrop,FiberCropAEZ07,FiberCropAEZ07,1975,NH3_AWB,6.61867892564679e-07
Africa_Eastern,FiberCrop,FiberCropAEZ08,FiberCropAEZ08,1975,NH3_AWB,7.49203123358719e-07
Africa_Eastern,FiberCrop,FiberCropAEZ09,FiberCropAEZ09,1975,NH3_AWB,3.947709087013e-07
Africa_Eastern,FiberCrop,FiberCropAEZ10,FiberCropAEZ10,1975,NH3_AWB,9.67149562537564e-07
Africa_Eastern,FiberCrop,FiberCropAEZ11,FiberCropAEZ11,1975,NH3_AWB,1.38581037742018e-06
Africa_Eastern,FiberCrop,FiberCropAEZ12,FiberCropAEZ12,1975,NH3_AWB,9.43847113065609e-08
Africa_Eastern,FodderGrass,FodderGrassAEZ01,FodderGrassAEZ01,1975,NH3_AWB,0
Africa_Eastern,FodderGrass,FodderGrassAEZ02,FodderGrassAEZ02,1975,NH3_AWB,0
Africa_Eastern,FodderGrass,FodderGrassAEZ03,FodderGrassAEZ03,1975,NH3_AWB,0
Africa_Eastern,FodderGrass,FodderGrassAEZ04,FodderGrassAEZ04,1975,NH3_AWB,0
Africa_Eastern,FodderGrass,FodderGrassAEZ05,FodderGrassAEZ05,1975,NH3_AWB,0
Africa_Eastern,FodderGrass,FodderGrassAEZ06,FodderGrassAEZ06,1975,NH3_AWB,0
Africa_Eastern,FodderGrass,FodderGrassAEZ07,FodderGrassAEZ07,1975,NH3_AWB,0
Africa_Eastern,FodderGrass,FodderGrassAEZ08,FodderGrassAEZ08,1975,NH3_AWB,0
Africa_Eastern,FodderGrass,FodderGrassAEZ09,FodderGrassAEZ09,1975,NH3_AWB,0
Africa_Eastern,FodderGrass,FodderGrassAEZ10,FodderGrassAEZ10,1975,NH3_AWB,0
Africa_Eastern,FodderGrass,FodderGrassAEZ11,FodderGrassAEZ11,1975,NH3_AWB,0
Africa_Eastern,FodderGrass,FodderGrassAEZ12,FodderGrassAEZ12,1975,NH3_AWB,0
Africa_Eastern,FodderHerb,FodderHerbAEZ01,FodderHerbAEZ01,1975,NH3_AWB,3.03091771382376e-08
Africa_Eastern,FodderHerb,FodderHerbAEZ02,FodderHerbAEZ02,1975,NH3_AWB,1.99623670835591e-07
Africa_Eastern,FodderHerb,FodderHerbAEZ03,FodderHerbAEZ03,1975,NH3_AWB,8.42201760746368e-08
Africa_Eastern,FodderHerb,FodderHerbAEZ04,FodderHerbAEZ04,1975,NH3_AWB,2.67436882469341e-07
Africa_Eastern,FodderHerb,FodderHerbAEZ05,FodderHerbAEZ05,1975,NH3_AWB,5.59652315743875e-07
Africa_Eastern,FodderHerb,FodderHerbAEZ06,FodderHerbAEZ06,1975,NH3_AWB,5.74916172006505e-09
Africa_Eastern,FodderHerb,FodderHerbAEZ07,FodderHerbAEZ07,1975,NH3_AWB,0
Africa_Eastern,FodderHerb,FodderHerbAEZ08,FodderHerbAEZ08,1975,NH3_AWB,2.52156215792326e-08
Africa_Eastern,FodderHerb,FodderHerbAEZ09,FodderHerbAEZ09,1975,NH3_AWB,1.54992020640349e-08
Africa_Eastern,FodderHerb,FodderHerbAEZ10,FodderHerbAEZ10,1975,NH3_AWB,1.0602328353348e-07
Africa_Eastern,FodderHerb,FodderHerbAEZ11,FodderHerbAEZ11,1975,NH3_AWB,8.15305097728521e-08
Africa_Eastern,FodderHerb,FodderHerbAEZ12,FodderHerbAEZ12,1975,NH3_AWB,7.699169788859e-09
Africa_Eastern,MiscCrop,MiscCropAEZ01,MiscCropAEZ01,1975,NH3_AWB,5.1201806113692e-05
Africa_Eastern,MiscCrop,MiscCropAEZ02,MiscCropAEZ02,1975,NH3_AWB,9.96767356992433e-05
Africa_Eastern,MiscCrop,MiscCropAEZ03,MiscCropAEZ03,1975,NH3_AWB,0.000114524557449142
Africa_Eastern,MiscCrop,MiscCropAEZ04,MiscCropAEZ04,1975,NH3_AWB,0.000131229057927343
Africa_Eastern,MiscCrop,MiscCropAEZ05,MiscCropAEZ05,1975,NH3_AWB,0.000560290154027457
Africa_Eastern,MiscCrop,MiscCropAEZ06,MiscCropAEZ06,1975,NH3_AWB,0.000444188173033392
Africa_Eastern,MiscCrop,MiscCropAEZ07,MiscCropAEZ07,1975,NH3_AWB,9.64589159912258e-07
Africa_Eastern,MiscCrop,MiscCropAEZ08,MiscCropAEZ08,1975,NH3_AWB,1.85992195327156e-06
Africa_Eastern,MiscCrop,MiscCropAEZ09,MiscCropAEZ09,1975,NH3_AWB,4.38220503953692e-06
Africa_Eastern,MiscCrop,MiscCropAEZ10,MiscCropAEZ10,1975,NH3_AWB,9.14805656618382e-06
Africa_Eastern,MiscCrop,MiscCropAEZ11,MiscCropAEZ11,1975,NH3_AWB,1.29364136002242e-05
Africa_Eastern,MiscCrop,MiscCropAEZ12,MiscCropAEZ12,1975,NH3_AWB,1.61478819926751e-06
Africa_Eastern,OilCrop,OilCropAEZ01,OilCropAEZ01,1975,NH3_AWB,1.14667017968778e-05
Africa_Eastern,OilCrop,OilCropAEZ02,OilCropAEZ02,1975,NH3_AWB,3.5438614893173e-05
Africa_Eastern,OilCrop,OilCropAEZ03,OilCropAEZ03,1975,NH3_AWB,1.76434831890414e-05
Africa_Eastern,OilCrop,OilCropAEZ04,OilCropAEZ04,1975,NH3_AWB,2.53001170535052e-05
Africa_Eastern,OilCrop,OilCropAEZ05,OilCropAEZ05,1975,NH3_AWB,2.38614090051483e-05
Africa_Eastern,OilCrop,OilCropAEZ06,OilCropAEZ06,1975,NH3_AWB,8.23117433104829e-06
Africa_Eastern,OilCrop,OilCropAEZ07,OilCropAEZ07,1975,NH3_AWB,1.27042668103438e-06
Africa_Eastern,OilCrop,OilCropAEZ08,OilCropAEZ08,1975,NH3_AWB,1.46113209610325e-06
Africa_Eastern,OilCrop,OilCropAEZ09,OilCropAEZ09,1975,NH3_AWB,1.78112931799849e-07
Africa_Eastern,OilCrop,OilCropAEZ10,OilCropAEZ10,1975,NH3_AWB,1.34369203823598e-06
Africa_Eastern,OilCrop,OilCropAEZ11,OilCropAEZ11,1975,NH3_AWB,1.01521004151778e-06
Africa_Eastern,OilCrop,OilCropAEZ12,OilCropAEZ12,1975,NH3_AWB,1.90301378172542e-07
Africa_Eastern,OtherGrain,OtherGrainAEZ01,OtherGrainAEZ01,1975,NH3_AWB,2.28817892349195e-05
Africa_Eastern,OtherGrain,OtherGrainAEZ02,OtherGrainAEZ02,1975,NH3_AWB,9.42695181521386e-05
Africa_Eastern,OtherGrain,OtherGrainAEZ03,OtherGrainAEZ03,1975,NH3_AWB,4.89584723689819e-05
Africa_Eastern,OtherGrain,OtherGrainAEZ04,OtherGrainAEZ04,1975,NH3_AWB,8.05161847885202e-05
Africa_Eastern,OtherGrain,OtherGrainAEZ05,OtherGrainAEZ05,1975,NH3_AWB,0.000127064924704405
Africa_Eastern,OtherGrain,OtherGrainAEZ06,OtherGrainAEZ06,1975,NH3_AWB,3.76100293423001e-05
Africa_Eastern,OtherGrain,OtherGrainAEZ07,OtherGrainAEZ07,1975,NH3_AWB,0
Africa_Eastern,OtherGrain,OtherGrainAEZ08,OtherGrainAEZ08,1975,NH3_AWB,7.11528452485055e-06
Africa_Eastern,OtherGrain,OtherGrainAEZ09,OtherGrainAEZ09,1975,NH3_AWB,1.55438494364073e-05
Africa_Eastern,OtherGrain,OtherGrainAEZ10,OtherGrainAEZ10,1975,NH3_AWB,2.30738324860689e-05
Africa_Eastern,OtherGrain,OtherGrainAEZ11,OtherGrainAEZ11,1975,NH3_AWB,2.78122945337667e-05
Africa_Eastern,OtherGrain,OtherGrainAEZ12,OtherGrainAEZ12,1975,NH3_AWB,6.1669683850936e-06
Africa_Eastern,PalmFruit,PalmFruitAEZ01,PalmFruitAEZ01,1975,NH3_AWB,7.02182608054613e-08
Africa_Eastern,PalmFruit,PalmFruitAEZ02,PalmFruitAEZ02,1975,NH3_AWB,3.75108515947713e-07
Africa_Eastern,PalmFruit,PalmFruitAEZ03,PalmFruitAEZ03,1975,NH3_AWB,1.96794467750869e-06
Africa_Eastern,PalmFruit,PalmFruitAEZ04,PalmFruitAEZ04,1975,NH3_AWB,1.74683965784448e-06
Africa_Eastern,PalmFruit,PalmFruitAEZ05,PalmFruitAEZ05,1975,NH3_AWB,3.61211533783081e-06
Africa_Eastern,PalmFruit,PalmFruitAEZ06,PalmFruitAEZ06,1975,NH3_AWB,6.16453995123457e-06
Africa_Eastern,PalmFruit,PalmFruitAEZ07,PalmFruitAEZ07,1975,NH3_AWB,0
Africa_Eastern,PalmFruit,PalmFruitAEZ08,PalmFruitAEZ08,1975,NH3_AWB,0
Africa_Eastern,PalmFruit,PalmFruitAEZ09,PalmFruitAEZ09,1975,NH3_AWB,0
Africa_Eastern,PalmFruit,PalmFruitAEZ10,PalmFruitAEZ10,1975,NH3_AWB,0
Africa_Eastern,PalmFruit,PalmFruitAEZ11,PalmFruitAEZ11,1975,NH3_AWB,0
Africa_Eastern,PalmFruit,PalmFruitAEZ12,PalmFruitAEZ12,1975,NH3_AWB,0
Africa_Eastern,Rice,RiceAEZ01,RiceAEZ01,1975,NH3_AWB,4.55158625392599e-09
Africa_Eastern,Rice,RiceAEZ02,RiceAEZ02,1975,NH3_AWB,1.05322458905914e-06
Africa_Eastern,Rice,RiceAEZ03,RiceAEZ03,1975,NH3_AWB,1.54188413629057e-05
Africa_Eastern,Rice,RiceAEZ04,RiceAEZ04,1975,NH3_AWB,2.77237742231597e-05
Africa_Eastern,Rice,RiceAEZ05,RiceAEZ05,1975,NH3_AWB,2.70326189680259e-05
Africa_Eastern,Rice,RiceAEZ06,RiceAEZ06,1975,NH3_AWB,7.44665698350874e-05
Africa_Eastern,Rice,RiceAEZ07,RiceAEZ07,1975,NH3_AWB,0
Africa_Eastern,Rice,RiceAEZ08,RiceAEZ08,1975,NH3_AWB,0
Africa_Eastern,Rice,RiceAEZ09,RiceAEZ09,1975,NH3_AWB,0
Africa_Eastern,Rice,RiceAEZ10,RiceAEZ10,1975,NH3_AWB,2.80427593639143e-06
Africa_Eastern,Rice,RiceAEZ11,RiceAEZ11,1975,NH3_AWB,7.63170078740471e-07
Africa_Eastern,Rice,RiceAEZ12,RiceAEZ12,1975,NH3_AWB,0
Africa_Eastern,Root_Tuber,Root_TuberAEZ01,Root_TuberAEZ01,1975,NH3_AWB,2.43427353732049e-05
Africa_Eastern,Root_Tuber,Root_TuberAEZ02,Root_TuberAEZ02,1975,NH3_AWB,7.24716075216835e-05
Africa_Eastern,Root_Tuber,Root_TuberAEZ03,Root_TuberAEZ03,1975,NH3_AWB,4.29934833891587e-05
Africa_Eastern,Root_Tuber,Root_TuberAEZ04,Root_TuberAEZ04,1975,NH3_AWB,6.39061041583932e-05
Africa_Eastern,Root_Tuber,Root_TuberAEZ05,Root_TuberAEZ05,1975,NH3_AWB,0.000292627006312964
Africa_Eastern,Root_Tuber,Root_TuberAEZ06,Root_TuberAEZ06,1975,NH3_AWB,0.000268082640981446
Africa_Eastern,Root_Tuber,Root_TuberAEZ07,Root_TuberAEZ07,1975,NH3_AWB,5.48596307775438e-08
Africa_Eastern,Root_Tuber,Root_TuberAEZ08,Root_TuberAEZ08,1975,NH3_AWB,2.83558607582209e-06
Africa_Eastern,Root_Tuber,Root_TuberAEZ09,Root_TuberAEZ09,1975,NH3_AWB,8.78804103923543e-06
Africa_Eastern,Root_Tuber,Root_TuberAEZ10,Root_TuberAEZ10,1975,NH3_AWB,2.20117098812964e-05
Africa_Eastern,Root_Tuber,Root_TuberAEZ11,Root_TuberAEZ11,1975,NH3_AWB,2.79063910851472e-05
Africa_Eastern,Root_Tuber,Root_TuberAEZ12,Root_TuberAEZ12,1975,NH3_AWB,2.33574360517947e-06
Africa_Eastern,SugarCrop,SugarCropAEZ01,SugarCropAEZ01,1975,NH3_AWB,0.000101970202005852
Africa_Eastern,SugarCrop,SugarCropAEZ02,SugarCropAEZ02,1975,NH3_AWB,0.000245327582832237
Africa_Eastern,SugarCrop,SugarCropAEZ03,SugarCropAEZ03,1975,NH3_AWB,0.000156000624842314
Africa_Eastern,SugarCrop,SugarCropAEZ04,SugarCropAEZ04,1975,NH3_AWB,0.000115093802116218
Africa_Eastern,SugarCrop,SugarCropAEZ05,SugarCropAEZ05,1975,NH3_AWB,0.000188740846361432
Africa_Eastern,SugarCrop,SugarCropAEZ06,SugarCropAEZ06,1975,NH3_AWB,0.000232706790480547
Africa_Eastern,SugarCrop,SugarCropAEZ07,SugarCropAEZ07,1975,NH3_AWB,6.66310634504904e-06
Africa_Eastern,SugarCrop,SugarCropAEZ08,SugarCropAEZ08,1975,NH3_AWB,4.17119065496702e-06
Africa_Eastern,SugarCrop,SugarCropAEZ09,SugarCropAEZ09,1975,NH3_AWB,1.89908223381631e-07
Africa_Eastern,SugarCrop,SugarCropAEZ10,SugarCropAEZ10,1975,NH3_AWB,4.00581498178001e-06
Africa_Eastern,SugarCrop,SugarCropAEZ11,SugarCropAEZ11,1975,NH3_AWB,7.736405416064e-06
Africa_Eastern,SugarCrop,SugarCropAEZ12,SugarCropAEZ12,1975,NH3_AWB,4.19353279889426e-07
Africa_Eastern,Wheat,WheatAEZ01,WheatAEZ01,1975,NH3_AWB,3.85565527661433e-06
Africa_Eastern,Wheat,WheatAEZ02,WheatAEZ02,1975,NH3_AWB,1.32427240724047e-05
Africa_Eastern,Wheat,WheatAEZ03,WheatAEZ03,1975,NH3_AWB,7.84912498306865e-06
Africa_Eastern,Wheat,WheatAEZ04,WheatAEZ04,1975,NH3_AWB,1.25752996406628e-05
Africa_Eastern,Wheat,WheatAEZ05,WheatAEZ05,1975,NH3_AWB,1.8514814804791e-05
Africa_Eastern,Wheat,WheatAEZ06,WheatAEZ06,1975,NH3_AWB,3.23017681168614e-06
Africa_Eastern,Wheat,WheatAEZ07,WheatAEZ07,1975,NH3_AWB,0
Africa_Eastern,Wheat,WheatAEZ08,WheatAEZ08,1975,NH3_AWB,5.16002865214517e-07
Africa_Eastern,Wheat,WheatAEZ09,WheatAEZ09,1975,NH3_AWB,1.87840336909898e-06
Africa_Eastern,Wheat,WheatAEZ10,WheatAEZ10,1975,NH3_AWB,4.01927828389061e-06
Africa_Eastern,Wheat,WheatAEZ11,WheatAEZ11,1975,NH3_AWB,7.82961392343805e-06
Africa_Eastern,Wheat,WheatAEZ12,WheatAEZ12,1975,NH3_AWB,1.92996429613415e-06
Africa_Eastern,Corn,CornAEZ01,CornAEZ01,1975,NMVOC_AWB,0.000147403113168774
Africa_Eastern,Corn,CornAEZ02,CornAEZ02,1975,NMVOC_AWB,0.000336400192121867
Africa_Eastern,Corn,CornAEZ03,CornAEZ03,1975,NMVOC_AWB,0.000195289974465543
Africa_Eastern,Corn,CornAEZ04,CornAEZ04,1975,NMVOC_AWB,0.000171896762920619
Africa_Eastern,Corn,CornAEZ05,CornAEZ05,1975,NMVOC_AWB,0.000324587955888465
Africa_Eastern,Corn,CornAEZ06,CornAEZ06,1975,NMVOC_AWB,0.000215358745297515
Africa_Eastern,Corn,CornAEZ07,CornAEZ07,1975,NMVOC_AWB,1.1355171108024e-07
Africa_Eastern,Corn,CornAEZ08,CornAEZ08,1975,NMVOC_AWB,7.73892588353041e-06
Africa_Eastern,Corn,CornAEZ09,CornAEZ09,1975,NMVOC_AWB,5.37853140233635e-05
Africa_Eastern,Corn,CornAEZ10,CornAEZ10,1975,NMVOC_AWB,8.07586525139703e-05
Africa_Eastern,Corn,CornAEZ11,CornAEZ11,1975,NMVOC_AWB,7.66263576368335e-05
Africa_Eastern,Corn,CornAEZ12,CornAEZ12,1975,NMVOC_AWB,1.75680347508811e-06
Africa_Eastern,FiberCrop,FiberCropAEZ01,FiberCropAEZ01,1975,NMVOC_AWB,3.0065399875113e-05
Africa_Eastern,FiberCrop,FiberCropAEZ02,FiberCropAEZ02,1975,NMVOC_AWB,9.74960681934417e-05
Africa_Eastern,FiberCrop,FiberCropAEZ03,FiberCropAEZ03,1975,NMVOC_AWB,4.83098105079901e-05
Africa_Eastern,FiberCrop,FiberCropAEZ04,FiberCropAEZ04,1975,NMVOC_AWB,5.10475242603975e-05
Africa_Eastern,FiberCrop,FiberCropAEZ05,FiberCropAEZ05,1975,NMVOC_AWB,4.49986709311927e-05
Africa_Eastern,FiberCrop,FiberCropAEZ06,FiberCropAEZ06,1975,NMVOC_AWB,4.11098969001022e-05
Africa_Eastern,FiberCrop,FiberCropAEZ07,FiberCropAEZ07,1975,NMVOC_AWB,3.55629226869228e-06
Africa_Eastern,FiberCrop,FiberCropAEZ08,FiberCropAEZ08,1975,NMVOC_AWB,4.02555450296352e-06
Africa_Eastern,FiberCrop,FiberCropAEZ09,FiberCropAEZ09,1975,NMVOC_AWB,2.12114947150403e-06
Africa_Eastern,FiberCrop,FiberCropAEZ10,FiberCropAEZ10,1975,NMVOC_AWB,5.19660577368972e-06
Africa_Eastern,FiberCrop,FiberCropAEZ11,FiberCropAEZ11,1975,NMVOC_AWB,7.44611845725893e-06
Africa_Eastern,FiberCrop,FiberCropAEZ12,FiberCropAEZ12,1975,NMVOC_AWB,5.07139903405232e-07
Africa_Eastern,FodderGrass,FodderGrassAEZ01,FodderGrassAEZ01,1975,NMVOC_AWB,0
Africa_Eastern,FodderGrass,FodderGrassAEZ02,FodderGrassAEZ02,1975,NMVOC_AWB,0
Africa_Eastern,FodderGrass,FodderGrassAEZ03,FodderGrassAEZ03,1975,NMVOC_AWB,0
Africa_Eastern,FodderGrass,FodderGrassAEZ04,FodderGrassAEZ04,1975,NMVOC_AWB,0
Africa_Eastern,FodderGrass,FodderGrassAEZ05,FodderGrassAEZ05,1975,NMVOC_AWB,0
Africa_Eastern,FodderGrass,FodderGrassAEZ06,FodderGrassAEZ06,1975,NMVOC_AWB,0
Africa_Eastern,FodderGrass,FodderGrassAEZ07,FodderGrassAEZ07,1975,NMVOC_AWB,0
Africa_Eastern,FodderGrass,FodderGrassAEZ08,FodderGrassAEZ08,1975,NMVOC_AWB,0
Africa_Eastern,FodderGrass,FodderGrassAEZ09,FodderGrassAEZ09,1975,NMVOC_AWB,0
Africa_Eastern,FodderGrass,FodderGrassAEZ10,FodderGrassAEZ10,1975,NMVOC_AWB,0
Africa_Eastern,FodderGrass,FodderGrassAEZ11,FodderGrassAEZ11,1975,NMVOC_AWB,0
Africa_Eastern,FodderGrass,FodderGrassAEZ12,FodderGrassAEZ12,1975,NMVOC_AWB,0
Africa_Eastern,FodderHerb,FodderHerbAEZ01,FodderHerbAEZ01,1975,NMVOC_AWB,1.62854692814104e-07
Africa_Eastern,FodderHerb,FodderHerbAEZ02,FodderHerbAEZ02,1975,NMVOC_AWB,1.07260093020936e-06
Africa_Eastern,FodderHerb,FodderHerbAEZ03,FodderHerbAEZ03,1975,NMVOC_AWB,4.52524687187277e-07
Africa_Eastern,FodderHerb,FodderHerbAEZ04,FodderHerbAEZ04,1975,NMVOC_AWB,1.43696911146954e-06
Africa_Eastern,FodderHerb,FodderHerbAEZ05,FodderHerbAEZ05,1975,NMVOC_AWB,3.00707622471833e-06
Africa_Eastern,FodderHerb,FodderHerbAEZ06,FodderHerbAEZ06,1975,NMVOC_AWB,3.08909067900298e-08
Africa_Eastern,FodderHerb,FodderHerbAEZ07,FodderHerbAEZ07,1975,NMVOC_AWB,0
Africa_Eastern,FodderHerb,FodderHerbAEZ08,FodderHerbAEZ08,1975,NMVOC_AWB,1.35486433289604e-07
Africa_Eastern,FodderHerb,FodderHerbAEZ09,FodderHerbAEZ09,1975,NMVOC_AWB,8.32789943286764e-08
Africa_Eastern,FodderHerb,FodderHerbAEZ10,FodderHerbAEZ10,1975,NMVOC_AWB,5.69675289838353e-07
Africa_Eastern,FodderHerb,FodderHerbAEZ11,FodderHerbAEZ11,1975,NMVOC_AWB,4.3807280096972e-07
Africa_Eastern,FodderHerb,FodderHerbAEZ12,FodderHerbAEZ12,1975,NMVOC_AWB,4.1368524297759e-08
Africa_Eastern,MiscCrop,MiscCropAEZ01,MiscCropAEZ01,1975,NMVOC_AWB,0.000275113189914119
Africa_Eastern,MiscCrop,MiscCropAEZ02,MiscCropAEZ02,1975,NMVOC_AWB,0.000535574558787141
Africa_Eastern,MiscCrop,MiscCropAEZ03,MiscCropAEZ03,1975,NMVOC_AWB,0.000615353611811572
Africa_Eastern,MiscCrop,MiscCropAEZ04,MiscCropAEZ04,1975,NMVOC_AWB,0.00070510881306903
Africa_Eastern,MiscCrop,MiscCropAEZ05,MiscCropAEZ05,1975,NMVOC_AWB,0.00301050340313575
Africa_Eastern,MiscCrop,MiscCropAEZ06,MiscCropAEZ06,1975,NMVOC_AWB,0.00238667411329192
Africa_Eastern,MiscCrop,MiscCropAEZ07,MiscCropAEZ07,1975,NMVOC_AWB,5.18284843606479e-06
Africa_Eastern,MiscCrop,MiscCropAEZ08,MiscCropAEZ08,1975,NMVOC_AWB,9.99357445359736e-06
Africa_Eastern,MiscCrop,MiscCropAEZ09,MiscCropAEZ09,1975,NMVOC_AWB,2.35460914134108e-05
Africa_Eastern,MiscCrop,MiscCropAEZ10,MiscCropAEZ10,1975,NMVOC_AWB,4.91535595023594e-05
Africa_Eastern,MiscCrop,MiscCropAEZ11,MiscCropAEZ11,1975,NMVOC_AWB,6.95088373192045e-05
Africa_Eastern,MiscCrop,MiscCropAEZ12,MiscCropAEZ12,1975,NMVOC_AWB,8.67644261512411e-06
Africa_Eastern,OilCrop,OilCropAEZ01,OilCropAEZ01,1975,NMVOC_AWB,6.16119068559463e-05
Africa_Eastern,OilCrop,OilCropAEZ02,OilCropAEZ02,1975,NMVOC_AWB,0.000190415751502009
Africa_Eastern,OilCrop,OilCropAEZ03,OilCropAEZ03,1975,NMVOC_AWB,9.48004632991904e-05
Africa_Eastern,OilCrop,OilCropAEZ04,OilCropAEZ04,1975,NMVOC_AWB,0.000135940437185654
Africa_Eastern,OilCrop,OilCropAEZ05,OilCropAEZ05,1975,NMVOC_AWB,0.000128210093461847
Africa_Eastern,OilCrop,OilCropAEZ06,OilCropAEZ06,1975,NMVOC_AWB,4.42270458570474e-05
Africa_Eastern,OilCrop,OilCropAEZ07,OilCropAEZ07,1975,NMVOC_AWB,6.82614859318237e-06
Africa_Eastern,OilCrop,OilCropAEZ08,OilCropAEZ08,1975,NMVOC_AWB,7.85083071000059e-06
Africa_Eastern,OilCrop,OilCropAEZ09,OilCropAEZ09,1975,NMVOC_AWB,9.57021256703456e-07
Africa_Eastern,OilCrop,OilCropAEZ10,OilCropAEZ10,1975,NMVOC_AWB,7.21981177930464e-06
Africa_Eastern,OilCrop,OilCropAEZ11,OilCropAEZ11,1975,NMVOC_AWB,5.45484025181904e-06
Africa_Eastern,OilCrop,OilCropAEZ12,OilCropAEZ12,1975,NMVOC_AWB,1.02251118013005e-06
Africa_Eastern,OtherGrain,OtherGrainAEZ01,OtherGrainAEZ01,1975,NMVOC_AWB,0.000122946483828778
Africa_Eastern,OtherGrain,OtherGrainAEZ02,OtherGrainAEZ02,1975,NMVOC_AWB,0.000506520957345028
Africa_Eastern,OtherGrain,OtherGrainAEZ03,OtherGrainAEZ03,1975,NMVOC_AWB,0.000263059499831805
Africa_Eastern,OtherGrain,OtherGrainAEZ04,OtherGrainAEZ04,1975,NMVOC_AWB,0.000432622716231898
Africa_Eastern,OtherGrain,OtherGrainAEZ05,OtherGrainAEZ05,1975,NMVOC_AWB,0.000682734446593634
Africa_Eastern,OtherGrain,OtherGrainAEZ06,OtherGrainAEZ06,1975,NMVOC_AWB,0.000202083010942008
Africa_Eastern,OtherGrain,OtherGrainAEZ07,OtherGrainAEZ07,1975,NMVOC_AWB,0
Africa_Eastern,OtherGrain,OtherGrainAEZ08,OtherGrainAEZ08,1975,NMVOC_AWB,3.82312416564293e-05
Africa_Eastern,OtherGrain,OtherGrainAEZ09,OtherGrainAEZ09,1975,NMVOC_AWB,8.35188897926642e-05
Africa_Eastern,OtherGrain,OtherGrainAEZ10,OtherGrainAEZ10,1975,NMVOC_AWB,0.000123978354292641
Africa_Eastern,OtherGrain,OtherGrainAEZ11,OtherGrainAEZ11,1975,NMVOC_AWB,0.000149438655562766
Africa_Eastern,OtherGrain,OtherGrainAEZ12,OtherGrainAEZ12,1975,NMVOC_AWB,3.31358300282483e-05
Africa_Eastern,PalmFruit,PalmFruitAEZ01,PalmFruitAEZ01,1975,NMVOC_AWB,3.77290786921013e-07
Africa_Eastern,PalmFruit,PalmFruitAEZ02,PalmFruitAEZ02,1975,NMVOC_AWB,2.01550117504019e-06
Africa_Eastern,PalmFruit,PalmFruitAEZ03,PalmFruitAEZ03,1975,NMVOC_AWB,1.05739929681728e-05
Africa_Eastern,PalmFruit,PalmFruitAEZ04,PalmFruitAEZ04,1975,NMVOC_AWB,9.38597028141883e-06
Africa_Eastern,PalmFruit,PalmFruitAEZ05,PalmFruitAEZ05,1975,NMVOC_AWB,1.94083109240674e-05
Africa_Eastern,PalmFruit,PalmFruitAEZ06,PalmFruitAEZ06,1975,NMVOC_AWB,3.31227817739744e-05
Africa_Eastern,PalmFruit,PalmFruitAEZ07,PalmFruitAEZ07,1975,NMVOC_AWB,0
Africa_Eastern,PalmFruit,PalmFruitAEZ08,PalmFruitAEZ08,1975,NMVOC_AWB,0
Africa_Eastern,PalmFruit,PalmFruitAEZ09,PalmFruitAEZ09,1975,NMVOC_AWB,0
Africa_Eastern,PalmFruit,PalmFruitAEZ10,PalmFruitAEZ10,1975,NMVOC_AWB,0
Africa_Eastern,PalmFruit,PalmFruitAEZ11,PalmFruitAEZ11,1975,NMVOC_AWB,0
Africa_Eastern,PalmFruit,PalmFruitAEZ12,PalmFruitAEZ12,1975,NMVOC_AWB,0
Africa_Eastern,Rice,RiceAEZ01,RiceAEZ01,1975,NMVOC_AWB,2.44561961487523e-08
Africa_Eastern,Rice,RiceAEZ02,RiceAEZ02,1975,NMVOC_AWB,5.65909678554413e-06
Africa_Eastern,Rice,RiceAEZ03,RiceAEZ03,1975,NMVOC_AWB,8.28472070440189e-05
Africa_Eastern,Rice,RiceAEZ04,RiceAEZ04,1975,NMVOC_AWB,0.000148963025758435
Africa_Eastern,Rice,RiceAEZ05,RiceAEZ05,1975,NMVOC_AWB,0.000145249369124066
Africa_Eastern,Rice,RiceAEZ06,RiceAEZ06,1975,NMVOC_AWB,0.000400117439681781
Africa_Eastern,Rice,RiceAEZ07,RiceAEZ07,1975,NMVOC_AWB,0
Africa_Eastern,Rice,RiceAEZ08,RiceAEZ08,1975,NMVOC_AWB,0
Africa_Eastern,Rice,RiceAEZ09,RiceAEZ09,1975,NMVOC_AWB,0
Africa_Eastern,Rice,RiceAEZ10,RiceAEZ10,1975,NMVOC_AWB,1.50676969587161e-05
Africa_Eastern,Rice,RiceAEZ11,RiceAEZ11,1975,NMVOC_AWB,4.10060055973601e-06
Africa_Eastern,Rice,RiceAEZ12,RiceAEZ12,1975,NMVOC_AWB,0
Africa_Eastern,Root_Tuber,Root_TuberAEZ01,Root_TuberAEZ01,1975,NMVOC_AWB,0.000130796315366047
Africa_Eastern,Root_Tuber,Root_TuberAEZ02,Root_TuberAEZ02,1975,NMVOC_AWB,0.000389398277850256
Africa_Eastern,Root_Tuber,Root_TuberAEZ03,Root_TuberAEZ03,1975,NMVOC_AWB,0.000231008928365676
Africa_Eastern,Root_Tuber,Root_TuberAEZ04,Root_TuberAEZ04,1975,NMVOC_AWB,0.000343374843671735
Africa_Eastern,Root_Tuber,Root_TuberAEZ05,Root_TuberAEZ05,1975,NMVOC_AWB,0.00157231854249474
Africa_Eastern,Root_Tuber,Root_TuberAEZ06,Root_TuberAEZ06,1975,NMVOC_AWB,0.00144043884618524
Africa_Eastern,Root_Tuber,Root_TuberAEZ07,Root_TuberAEZ07,1975,NMVOC_AWB,2.947671023012e-07
Africa_Eastern,Root_Tuber,Root_TuberAEZ08,Root_TuberAEZ08,1975,NMVOC_AWB,1.52359299369883e-05
Africa_Eastern,Root_Tuber,Root_TuberAEZ09,Root_TuberAEZ09,1975,NMVOC_AWB,4.72191546921569e-05
Africa_Eastern,Root_Tuber,Root_TuberAEZ10,Root_TuberAEZ10,1975,NMVOC_AWB,0.000118271447445839
Africa_Eastern,Root_Tuber,Root_TuberAEZ11,Root_TuberAEZ11,1975,NMVOC_AWB,0.000149944247149765
Africa_Eastern,Root_Tuber,Root_TuberAEZ12,Root_TuberAEZ12,1975,NMVOC_AWB,1.25502188851614e-05
Africa_Eastern,SugarCrop,SugarCropAEZ01,SugarCropAEZ01,1975,NMVOC_AWB,0.000547897616887292
Africa_Eastern,SugarCrop,SugarCropAEZ02,SugarCropAEZ02,1975,NMVOC_AWB,0.00131817330304777
Africa_Eastern,SugarCrop,SugarCropAEZ03,SugarCropAEZ03,1975,NMVOC_AWB,0.000838209289603318
Africa_Eastern,SugarCrop,SugarCropAEZ04,SugarCropAEZ04,1975,NMVOC_AWB,0.000618412228842641
Africa_Eastern,SugarCrop,SugarCropAEZ05,SugarCropAEZ05,1975,NMVOC_AWB,0.00101412626332529
Africa_Eastern,SugarCrop,SugarCropAEZ06,SugarCropAEZ06,1975,NMVOC_AWB,0.00125036033497771
Africa_Eastern,SugarCrop,SugarCropAEZ07,SugarCropAEZ07,1975,NMVOC_AWB,3.58016363183183e-05
Africa_Eastern,SugarCrop,SugarCropAEZ08,SugarCropAEZ08,1975,NMVOC_AWB,2.24122868689406e-05
Africa_Eastern,SugarCrop,SugarCropAEZ09,SugarCropAEZ09,1975,NMVOC_AWB,1.0203987142452e-06
Africa_Eastern,SugarCrop,SugarCropAEZ10,SugarCropAEZ10,1975,NMVOC_AWB,2.15237043669161e-05
Africa_Eastern,SugarCrop,SugarCropAEZ11,SugarCropAEZ11,1975,NMVOC_AWB,4.15685956029796e-05
Africa_Eastern,SugarCrop,SugarCropAEZ12,SugarCropAEZ12,1975,NMVOC_AWB,2.25323337764987e-06
Africa_Eastern,Wheat,WheatAEZ01,WheatAEZ01,1975,NMVOC_AWB,2.07168790101511e-05
Africa_Eastern,Wheat,WheatAEZ02,WheatAEZ02,1975,NMVOC_AWB,7.11546786967246e-05
Africa_Eastern,Wheat,WheatAEZ03,WheatAEZ03,1975,NMVOC_AWB,4.21742507936486e-05
Africa_Eastern,Wheat,WheatAEZ04,WheatAEZ04,1975,NMVOC_AWB,6.75685305043068e-05
Africa_Eastern,Wheat,WheatAEZ05,WheatAEZ05,1975,NMVOC_AWB,9.94822282304819e-05
Africa_Eastern,Wheat,WheatAEZ06,WheatAEZ06,1975,NMVOC_AWB,1.73561113191269e-05
Africa_Eastern,Wheat,WheatAEZ07,WheatAEZ07,1975,NMVOC_AWB,0
Africa_Eastern,Wheat,WheatAEZ08,WheatAEZ08,1975,NMVOC_AWB,2.77254270950471e-06
Africa_Eastern,Wheat,WheatAEZ09,WheatAEZ09,1975,NMVOC_AWB,1.00928772252832e-05
Africa_Eastern,Wheat,WheatAEZ10,WheatAEZ10,1975,NMVOC_AWB,2.15960442367676e-05
Africa_Eastern,Wheat,WheatAEZ11,WheatAEZ11,1975,NMVOC_AWB,4.20694156274504e-05
Africa_Eastern,Wheat,WheatAEZ12,WheatAEZ12,1975,NMVOC_AWB,1.03699200131895e-05
Africa_Eastern,Corn,CornAEZ01,CornAEZ01,1975,NOx_AWB,8.01860716992141e-05
Africa_Eastern,Corn,CornAEZ02,CornAEZ02,1975,NOx_AWB,0.000182998916001373
Africa_Eastern,Corn,CornAEZ03,CornAEZ03,1975,NOx_AWB,0.000106236127297405
Africa_Eastern,Corn,CornAEZ04,CornAEZ04,1975,NOx_AWB,9.35104141296759e-05
Africa_Eastern,Corn,CornAEZ05,CornAEZ05,1975,NOx_AWB,0.000176573157405249
Africa_Eastern,Corn,CornAEZ06,CornAEZ06,1975,NOx_AWB,0.000117153372274484
Africa_Eastern,Corn,CornAEZ07,CornAEZ07,1975,NOx_AWB,6.17711895665538e-08
Africa_Eastern,Corn,CornAEZ08,CornAEZ08,1975,NOx_AWB,4.20991153057363e-06
Africa_Eastern,Corn,CornAEZ09,CornAEZ09,1975,NOx_AWB,2.92587649875755e-05
Africa_Eastern,Corn,CornAEZ10,CornAEZ10,1975,NOx_AWB,4.39320375371078e-05
Africa_Eastern,Corn,CornAEZ11,CornAEZ11,1975,NOx_AWB,4.16841033776644e-05
Africa_Eastern,Corn,CornAEZ12,CornAEZ12,1975,NOx_AWB,9.55686527824879e-07
Africa_Eastern,FiberCrop,FiberCropAEZ01,FiberCropAEZ01,1975,NOx_AWB,1.63553283117636e-05
Africa_Eastern,FiberCrop,FiberCropAEZ02,FiberCropAEZ02,1975,NOx_AWB,5.30370529257376e-05
Africa_Eastern,FiberCrop,FiberCropAEZ03,FiberCropAEZ03,1975,NOx_AWB,2.62801364631541e-05
Africa_Eastern,FiberCrop,FiberCropAEZ04,FiberCropAEZ04,1975,NOx_AWB,2.77694300508079e-05
Africa_Eastern,FiberCrop,FiberCropAEZ05,FiberCropAEZ05,1975,NOx_AWB,2.44789039803152e-05
Africa_Eastern,FiberCrop,FiberCropAEZ06,FiberCropAEZ06,1975,NOx_AWB,2.23634431425103e-05
Africa_Eastern,FiberCrop,FiberCropAEZ07,FiberCropAEZ07,1975,NOx_AWB,1.93459351509225e-06
Africa_Eastern,FiberCrop,FiberCropAEZ08,FiberCropAEZ08,1975,NOx_AWB,2.18986828069319e-06
Africa_Eastern,FiberCrop,FiberCropAEZ09,FiberCropAEZ09,1975,NOx_AWB,1.15388772971183e-06
Africa_Eastern,FiberCrop,FiberCropAEZ10,FiberCropAEZ10,1975,NOx_AWB,2.82691046480493e-06
Africa_Eastern,FiberCrop,FiberCropAEZ11,FiberCropAEZ11,1975,NOx_AWB,4.05062671784254e-06
Africa_Eastern,FiberCrop,FiberCropAEZ12,FiberCropAEZ12,1975,NOx_AWB,2.75879903631499e-07
Africa_Eastern,FodderGrass,FodderGrassAEZ01,FodderGrassAEZ01,1975,NOx_AWB,0
Africa_Eastern,FodderGrass,FodderGrassAEZ02,FodderGrassAEZ02,1975,NOx_AWB,0
Africa_Eastern,FodderGrass,FodderGrassAEZ03,FodderGrassAEZ03,1975,NOx_AWB,0
Africa_Eastern,FodderGrass,FodderGrassAEZ04,FodderGrassAEZ04,1975,NOx_AWB,0
Africa_Eastern,FodderGrass,FodderGrassAEZ05,FodderGrassAEZ05,1975,NOx_AWB,0
Africa_Eastern,FodderGrass,FodderGrassAEZ06,FodderGrassAEZ06,1975,NOx_AWB,0
Africa_Eastern,FodderGrass,FodderGrassAEZ07,FodderGrassAEZ07,1975,NOx_AWB,0
Africa_Eastern,FodderGrass,FodderGrassAEZ08,FodderGrassAEZ08,1975,NOx_AWB,0
Africa_Eastern,FodderGrass,FodderGrassAEZ09,FodderGrassAEZ09,1975,NOx_AWB,0
Africa_Eastern,FodderGrass,FodderGrassAEZ10,FodderGrassAEZ10,1975,NOx_AWB,0
Africa_Eastern,FodderGrass,FodderGrassAEZ11,FodderGrassAEZ11,1975,NOx_AWB,0
Africa_Eastern,FodderGrass,FodderGrassAEZ12,FodderGrassAEZ12,1975,NOx_AWB,0
Africa_Eastern,FodderHerb,FodderHerbAEZ01,FodderHerbAEZ01,1975,NOx_AWB,8.85916029439163e-08
Africa_Eastern,FodderHerb,FodderHerbAEZ02,FodderHerbAEZ02,1975,NOx_AWB,5.83486014952305e-07
Africa_Eastern,FodderHerb,FodderHerbAEZ03,FodderHerbAEZ03,1975,NOx_AWB,2.46169678729351e-07
Africa_Eastern,FodderHerb,FodderHerbAEZ04,FodderHerbAEZ04,1975,NOx_AWB,7.8169928521063e-07
Africa_Eastern,FodderHerb,FodderHerbAEZ05,FodderHerbAEZ05,1975,NOx_AWB,1.63582453977197e-06
Africa_Eastern,FodderHerb,FodderHerbAEZ06,FodderHerbAEZ06,1975,NOx_AWB,1.68043972306264e-08
Africa_Eastern,FodderHerb,FodderHerbAEZ07,FodderHerbAEZ07,1975,NOx_AWB,0
Africa_Eastern,FodderHerb,FodderHerbAEZ08,FodderHerbAEZ08,1975,NOx_AWB,7.37034966255542e-08
Africa_Eastern,FodderHerb,FodderHerbAEZ09,FodderHerbAEZ09,1975,NOx_AWB,4.53030825925073e-08
Africa_Eastern,FodderHerb,FodderHerbAEZ10,FodderHerbAEZ10,1975,NOx_AWB,3.09898635478247e-07
Africa_Eastern,FodderHerb,FodderHerbAEZ11,FodderHerbAEZ11,1975,NOx_AWB,2.38307972422626e-07
Africa_Eastern,FodderHerb,FodderHerbAEZ12,FodderHerbAEZ12,1975,NOx_AWB,2.25041343030025e-08
Africa_Eastern,MiscCrop,MiscCropAEZ01,MiscCropAEZ01,1975,NOx_AWB,0.000149659294825031
Africa_Eastern,MiscCrop,MiscCropAEZ02,MiscCropAEZ02,1975,NOx_AWB,0.000291348120456645
Africa_Eastern,MiscCrop,MiscCropAEZ03,MiscCropAEZ03,1975,NOx_AWB,0.000334747263991611
Africa_Eastern,MiscCrop,MiscCropAEZ04,MiscCropAEZ04,1975,NOx_AWB,0.00038357334947033
Africa_Eastern,MiscCrop,MiscCropAEZ05,MiscCropAEZ05,1975,NOx_AWB,0.00163768889642223
Africa_Eastern,MiscCrop,MiscCropAEZ06,MiscCropAEZ06,1975,NOx_AWB,0.00129833093383828
Africa_Eastern,MiscCrop,MiscCropAEZ07,MiscCropAEZ07,1975,NOx_AWB,2.81942658717529e-06
Africa_Eastern,MiscCrop,MiscCropAEZ08,MiscCropAEZ08,1975,NOx_AWB,5.43642166329325e-06
Africa_Eastern,MiscCrop,MiscCropAEZ09,MiscCropAEZ09,1975,NOx_AWB,1.28088785489232e-05
Africa_Eastern,MiscCrop,MiscCropAEZ10,MiscCropAEZ10,1975,NOx_AWB,2.67391289220255e-05
Africa_Eastern,MiscCrop,MiscCropAEZ11,MiscCropAEZ11,1975,NOx_AWB,3.78122313239409e-05
Africa_Eastern,MiscCrop,MiscCropAEZ12,MiscCropAEZ12,1975,NOx_AWB,4.71991286122877e-06
Africa_Eastern,OilCrop,OilCropAEZ01,OilCropAEZ01,1975,NOx_AWB,3.35163666117384e-05
Africa_Eastern,OilCrop,OilCropAEZ02,OilCropAEZ02,1975,NOx_AWB,0.000103584590409006
Africa_Eastern,OilCrop,OilCropAEZ03,OilCropAEZ03,1975,NOx_AWB,5.15706662078689e-05
Africa_Eastern,OilCrop,OilCropAEZ04,OilCropAEZ04,1975,NOx_AWB,7.39504709816436e-05
Africa_Eastern,OilCrop,OilCropAEZ05,OilCropAEZ05,1975,NOx_AWB,6.97452280748197e-05
Africa_Eastern,OilCrop,OilCropAEZ06,OilCropAEZ06,1975,NOx_AWB,2.40591463361908e-05
Africa_Eastern,OilCrop,OilCropAEZ07,OilCropAEZ07,1975,NOx_AWB,3.71336825088416e-06
Africa_Eastern,OilCrop,OilCropAEZ08,OilCropAEZ08,1975,NOx_AWB,4.27078682856379e-06
Africa_Eastern,OilCrop,OilCropAEZ09,OilCropAEZ09,1975,NOx_AWB,5.20611630636521e-07
Africa_Eastern,OilCrop,OilCropAEZ10,OilCropAEZ10,1975,NOx_AWB,3.92751776095317e-06
Africa_Eastern,OilCrop,OilCropAEZ11,OilCropAEZ11,1975,NOx_AWB,2.96738788033128e-06
Africa_Eastern,OilCrop,OilCropAEZ12,OilCropAEZ12,1975,NOx_AWB,5.56237606116752e-07
Africa_Eastern,OtherGrain,OtherGrainAEZ01,OtherGrainAEZ01,1975,NOx_AWB,6.68818680659255e-05
Africa_Eastern,OtherGrain,OtherGrainAEZ02,OtherGrainAEZ02,1975,NOx_AWB,0.000275543202105361
Africa_Eastern,OtherGrain,OtherGrainAEZ03,OtherGrainAEZ03,1975,NOx_AWB,0.000143102187336576
Africa_Eastern,OtherGrain,OtherGrainAEZ04,OtherGrainAEZ04,1975,NOx_AWB,0.000235343171502489
Africa_Eastern,OtherGrain,OtherGrainAEZ05,OtherGrainAEZ05,1975,NOx_AWB,0.00037140187957494
Africa_Eastern,OtherGrain,OtherGrainAEZ06,OtherGrainAEZ06,1975,NOx_AWB,0.00010993148283127
Africa_Eastern,OtherGrain,OtherGrainAEZ07,OtherGrainAEZ07,1975,NOx_AWB,0
Africa_Eastern,OtherGrain,OtherGrainAEZ08,OtherGrainAEZ08,1975,NOx_AWB,2.07974785519105e-05
Africa_Eastern,OtherGrain,OtherGrainAEZ09,OtherGrainAEZ09,1975,NOx_AWB,4.54335837363578e-05
Africa_Eastern,OtherGrain,OtherGrainAEZ10,OtherGrainAEZ10,1975,NOx_AWB,6.74431970448115e-05
Africa_Eastern,OtherGrain,OtherGrainAEZ11,OtherGrainAEZ11,1975,NOx_AWB,8.12933898883797e-05
Africa_Eastern,OtherGrain,OtherGrainAEZ12,OtherGrainAEZ12,1975,NOx_AWB,1.80256168634364e-05
Africa_Eastern,PalmFruit,PalmFruitAEZ01,PalmFruitAEZ01,1975,NOx_AWB,2.05243060618818e-07
Africa_Eastern,PalmFruit,PalmFruitAEZ02,PalmFruitAEZ02,1975,NOx_AWB,1.09641593218304e-06
Africa_Eastern,PalmFruit,PalmFruitAEZ03,PalmFruitAEZ03,1975,NOx_AWB,5.75216452397495e-06
Africa_Eastern,PalmFruit,PalmFruitAEZ04,PalmFruitAEZ04,1975,NOx_AWB,5.1058900302248e-06
Africa_Eastern,PalmFruit,PalmFruitAEZ05,PalmFruitAEZ05,1975,NOx_AWB,1.05579602619111e-05
Africa_Eastern,PalmFruit,PalmFruitAEZ06,PalmFruitAEZ06,1975,NOx_AWB,1.8018518721272e-05
Africa_Eastern,PalmFruit,PalmFruitAEZ07,PalmFruitAEZ07,1975,NOx_AWB,0
Africa_Eastern,PalmFruit,PalmFruitAEZ08,PalmFruitAEZ08,1975,NOx_AWB,0
Africa_Eastern,PalmFruit,PalmFruitAEZ09,PalmFruitAEZ09,1975,NOx_AWB,0
Africa_Eastern,PalmFruit,PalmFruitAEZ10,PalmFruitAEZ10,1975,NOx_AWB,0
Africa_Eastern,PalmFruit,PalmFruitAEZ11,PalmFruitAEZ11,1975,NOx_AWB,0
Africa_Eastern,PalmFruit,PalmFruitAEZ12,PalmFruitAEZ12,1975,NOx_AWB,0
Africa_Eastern,Rice,RiceAEZ01,RiceAEZ01,1975,NOx_AWB,1.33039679808426e-08
Africa_Eastern,Rice,RiceAEZ02,RiceAEZ02,1975,NOx_AWB,3.07850174153962e-06
Africa_Eastern,Rice,RiceAEZ03,RiceAEZ03,1975,NOx_AWB,4.50681938888562e-05
Africa_Eastern,Rice,RiceAEZ04,RiceAEZ04,1975,NOx_AWB,8.10346512174486e-05
Africa_Eastern,Rice,RiceAEZ05,RiceAEZ05,1975,NOx_AWB,7.90144527918644e-05
Africa_Eastern,Rice,RiceAEZ06,RiceAEZ06,1975,NOx_AWB,0.000217660570504326
Africa_Eastern,Rice,RiceAEZ07,RiceAEZ07,1975,NOx_AWB,0
Africa_Eastern,Rice,RiceAEZ08,RiceAEZ08,1975,NOx_AWB,0
Africa_Eastern,Rice,RiceAEZ09,RiceAEZ09,1975,NOx_AWB,0
Africa_Eastern,Rice,RiceAEZ10,RiceAEZ10,1975,NOx_AWB,8.19670224529279e-06
Africa_Eastern,Rice,RiceAEZ11,RiceAEZ11,1975,NOx_AWB,2.23069271350019e-06
Africa_Eastern,Rice,RiceAEZ12,RiceAEZ12,1975,NOx_AWB,0
Africa_Eastern,Root_Tuber,Root_TuberAEZ01,Root_TuberAEZ01,1975,NOx_AWB,7.11521113528058e-05
Africa_Eastern,Root_Tuber,Root_TuberAEZ02,Root_TuberAEZ02,1975,NOx_AWB,0.000211829435322032
Africa_Eastern,Root_Tuber,Root_TuberAEZ03,Root_TuberAEZ03,1975,NOx_AWB,0.000125666942134929
Africa_Eastern,Root_Tuber,Root_TuberAEZ04,Root_TuberAEZ04,1975,NOx_AWB,0.000186793068629713
Africa_Eastern,Root_Tuber,Root_TuberAEZ05,Root_TuberAEZ05,1975,NOx_AWB,0.000855328253739998
Africa_Eastern,Root_Tuber,Root_TuberAEZ06,Root_TuberAEZ06,1975,NOx_AWB,0.000783586792134395
Africa_Eastern,Root_Tuber,Root_TuberAEZ07,Root_TuberAEZ07,1975,NOx_AWB,1.60350860246964e-07
Africa_Eastern,Root_Tuber,Root_TuberAEZ08,Root_TuberAEZ08,1975,NOx_AWB,8.28821959094384e-06
Africa_Eastern,Root_Tuber,Root_TuberAEZ09,Root_TuberAEZ09,1975,NOx_AWB,2.56868287400843e-05
Africa_Eastern,Root_Tuber,Root_TuberAEZ10,Root_TuberAEZ10,1975,NOx_AWB,6.43386870262582e-05
Africa_Eastern,Root_Tuber,Root_TuberAEZ11,Root_TuberAEZ11,1975,NOx_AWB,8.15684275207203e-05
Africa_Eastern,Root_Tuber,Root_TuberAEZ12,Root_TuberAEZ12,1975,NOx_AWB,6.82721504134123e-06
Africa_Eastern,SugarCrop,SugarCropAEZ01,SugarCropAEZ01,1975,NOx_AWB,0.000298051761913939
Africa_Eastern,SugarCrop,SugarCropAEZ02,SugarCropAEZ02,1975,NOx_AWB,0.000717075350160036
Africa_Eastern,SugarCrop,SugarCropAEZ03,SugarCropAEZ03,1975,NOx_AWB,0.000455978905398839
Africa_Eastern,SugarCrop,SugarCropAEZ04,SugarCropAEZ04,1975,NOx_AWB,0.000336411126302802
Africa_Eastern,SugarCrop,SugarCropAEZ05,SugarCropAEZ05,1975,NOx_AWB,0.000551676280879825
Africa_Eastern,SugarCrop,SugarCropAEZ06,SugarCropAEZ06,1975,NOx_AWB,0.000680185657650108
Africa_Eastern,SugarCrop,SugarCropAEZ07,SugarCropAEZ07,1975,NOx_AWB,1.94757933876392e-05
Africa_Eastern,SugarCrop,SugarCropAEZ08,SugarCropAEZ08,1975,NOx_AWB,1.21920982751464e-05
Africa_Eastern,SugarCrop,SugarCropAEZ09,SugarCropAEZ09,1975,NOx_AWB,5.55088442186204e-07
Africa_Eastern,SugarCrop,SugarCropAEZ10,SugarCropAEZ10,1975,NOx_AWB,1.17087167597478e-05
Africa_Eastern,SugarCrop,SugarCropAEZ11,SugarCropAEZ11,1975,NOx_AWB,2.2612971434597e-05
Africa_Eastern,SugarCrop,SugarCropAEZ12,SugarCropAEZ12,1975,NOx_AWB,1.22574027977565e-06
Africa_Eastern,Wheat,WheatAEZ01,WheatAEZ01,1975,NOx_AWB,1.1269810453663e-05
Africa_Eastern,Wheat,WheatAEZ02,WheatAEZ02,1975,NOx_AWB,3.87075553904839e-05
Africa_Eastern,Wheat,WheatAEZ03,WheatAEZ03,1975,NOx_AWB,2.29424428378799e-05
Africa_Eastern,Wheat,WheatAEZ04,WheatAEZ04,1975,NOx_AWB,3.67567205003689e-05
Africa_Eastern,Wheat,WheatAEZ05,WheatAEZ05,1975,NOx_AWB,5.41175075220654e-05
Africa_Eastern,Wheat,WheatAEZ06,WheatAEZ06,1975,NOx_AWB,9.44158068806562e-06
Africa_Eastern,Wheat,WheatAEZ07,WheatAEZ07,1975,NOx_AWB,0
Africa_Eastern,Wheat,WheatAEZ08,WheatAEZ08,1975,NOx_AWB,1.50824025160802e-06
Africa_Eastern,Wheat,WheatAEZ09,WheatAEZ09,1975,NOx_AWB,5.4904415479426e-06
Africa_Eastern,Wheat,WheatAEZ10,WheatAEZ10,1975,NOx_AWB,1.1748069049302e-05
Africa_Eastern,Wheat,WheatAEZ11,WheatAEZ11,1975,NOx_AWB,2.28854133764753e-05
Africa_Eastern,Wheat,WheatAEZ12,WheatAEZ12,1975,NOx_AWB,5.64115052808039e-06
Africa_Eastern,Corn,CornAEZ01,CornAEZ01,1975,SO2_AWB,1.17561605822862e-05
Africa_Eastern,Corn,CornAEZ02,CornAEZ02,1975,SO2_AWB,2.68296550424171e-05
Africa_Eastern,Corn,CornAEZ03,CornAEZ03,1975,SO2_AWB,1.5575385421465e-05
Africa_Eastern,Corn,CornAEZ04,CornAEZ04,1975,SO2_AWB,1.3709655820879e-05
Africa_Eastern,Corn,CornAEZ05,CornAEZ05,1975,SO2_AWB,2.58875681148718e-05
Africa_Eastern,Corn,CornAEZ06,CornAEZ06,1975,SO2_AWB,1.71759736825802e-05
Africa_Eastern,Corn,CornAEZ07,CornAEZ07,1975,SO2_AWB,9.05633620047213e-09
Africa_Eastern,Corn,CornAEZ08,CornAEZ08,1975,SO2_AWB,6.17219361690302e-07
Africa_Eastern,Corn,CornAEZ09,CornAEZ09,1975,SO2_AWB,4.28965694844834e-06
Africa_Eastern,Corn,CornAEZ10,CornAEZ10,1975,SO2_AWB,6.44092018786755e-06
Africa_Eastern,Corn,CornAEZ11,CornAEZ11,1975,SO2_AWB,6.11134830091998e-06
Africa_Eastern,Corn,CornAEZ12,CornAEZ12,1975,SO2_AWB,1.40114162588999e-07
Africa_Eastern,FiberCrop,FiberCropAEZ01,FiberCropAEZ01,1975,SO2_AWB,2.39787112567816e-06
Africa_Eastern,FiberCrop,FiberCropAEZ02,FiberCropAEZ02,1975,SO2_AWB,7.77581564719915e-06
Africa_Eastern,FiberCrop,FiberCropAEZ03,FiberCropAEZ03,1975,SO2_AWB,3.8529572260897e-06
Africa_Eastern,FiberCrop,FiberCropAEZ04,FiberCropAEZ04,1975,SO2_AWB,4.07130405615145e-06
Africa_Eastern,FiberCrop,FiberCropAEZ05,FiberCropAEZ05,1975,SO2_AWB,3.588876721015e-06
Africa_Eastern,FiberCrop,FiberCropAEZ06,FiberCropAEZ06,1975,SO2_AWB,3.2787268809273e-06
Africa_Eastern,FiberCrop,FiberCropAEZ07,FiberCropAEZ07,1975,SO2_AWB,2.83632700080217e-07
Africa_Eastern,FiberCrop,FiberCropAEZ08,FiberCropAEZ08,1975,SO2_AWB,3.21058790090803e-07
Africa_Eastern,FiberCrop,FiberCropAEZ09,FiberCropAEZ09,1975,SO2_AWB,1.69172640047845e-07
Africa_Eastern,FiberCrop,FiberCropAEZ10,FiberCropAEZ10,1975,SO2_AWB,4.14456185117218e-07
Africa_Eastern,FiberCrop,FiberCropAEZ11,FiberCropAEZ11,1975,SO2_AWB,5.93866455167955e-07
Africa_Eastern,FiberCrop,FiberCropAEZ12,FiberCropAEZ12,1975,SO2_AWB,4.04470300114393e-08
Africa_Eastern,FodderGrass,FodderGrassAEZ01,FodderGrassAEZ01,1975,SO2_AWB,0
Africa_Eastern,FodderGrass,FodderGrassAEZ02,FodderGrassAEZ02,1975,SO2_AWB,0
Africa_Eastern,FodderGrass,FodderGrassAEZ03,FodderGrassAEZ03,1975,SO2_AWB,0
Africa_Eastern,FodderGrass,FodderGrassAEZ04,FodderGrassAEZ04,1975,SO2_AWB,0
Africa_Eastern,FodderGrass,FodderGrassAEZ05,FodderGrassAEZ05,1975,SO2_AWB,0
Africa_Eastern,FodderGrass,FodderGrassAEZ06,FodderGrassAEZ06,1975,SO2_AWB,0
Africa_Eastern,FodderGrass,FodderGrassAEZ07,FodderGrassAEZ07,1975,SO2_AWB,0
Africa_Eastern,FodderGrass,FodderGrassAEZ08,FodderGrassAEZ08,1975,SO2_AWB,0
Africa_Eastern,FodderGrass,FodderGrassAEZ09,FodderGrassAEZ09,1975,SO2_AWB,0
Africa_Eastern,FodderGrass,FodderGrassAEZ10,FodderGrassAEZ10,1975,SO2_AWB,0
Africa_Eastern,FodderGrass,FodderGrassAEZ11,FodderGrassAEZ11,1975,SO2_AWB,0
Africa_Eastern,FodderGrass,FodderGrassAEZ12,FodderGrassAEZ12,1975,SO2_AWB,0
Africa_Eastern,FodderHerb,FodderHerbAEZ01,FodderHerbAEZ01,1975,SO2_AWB,1.29885039680903e-08
Africa_Eastern,FodderHerb,FodderHerbAEZ02,FodderHerbAEZ02,1975,SO2_AWB,8.55454712263297e-08
Africa_Eastern,FodderHerb,FodderHerbAEZ03,FodderHerbAEZ03,1975,SO2_AWB,3.60911840710662e-08
Africa_Eastern,FodderHerb,FodderHerbAEZ04,FodderHerbAEZ04,1975,SO2_AWB,1.14605718041236e-07
Africa_Eastern,FodderHerb,FodderHerbAEZ05,FodderHerbAEZ05,1975,SO2_AWB,2.39829880258271e-07
Africa_Eastern,FodderHerb,FodderHerbAEZ06,FodderHerbAEZ06,1975,SO2_AWB,2.4637095713183e-09
Africa_Eastern,FodderHerb,FodderHerbAEZ07,FodderHerbAEZ07,1975,SO2_AWB,0
Africa_Eastern,FodderHerb,FodderHerbAEZ08,FodderHerbAEZ08,1975,SO2_AWB,1.08057437338522e-08
Africa_Eastern,FodderHerb,FodderHerbAEZ09,FodderHerbAEZ09,1975,SO2_AWB,6.64193048174112e-09
Africa_Eastern,FodderHerb,FodderHerbAEZ10,FodderHerbAEZ10,1975,SO2_AWB,4.54345504862703e-08
Africa_Eastern,FodderHerb,FodderHerbAEZ11,FodderHerbAEZ11,1975,SO2_AWB,3.49385714061221e-08
Africa_Eastern,FodderHerb,FodderHerbAEZ12,FodderHerbAEZ12,1975,SO2_AWB,3.29935375340286e-09
Africa_Eastern,MiscCrop,MiscCropAEZ01,MiscCropAEZ01,1975,SO2_AWB,2.19416996656792e-05
Africa_Eastern,MiscCrop,MiscCropAEZ02,MiscCropAEZ02,1975,SO2_AWB,4.27148408302579e-05
Africa_Eastern,MiscCrop,MiscCropAEZ03,MiscCropAEZ03,1975,SO2_AWB,4.9077632892757e-05
Africa_Eastern,MiscCrop,MiscCropAEZ04,MiscCropAEZ04,1975,SO2_AWB,5.62360743692944e-05
Africa_Eastern,MiscCrop,MiscCropAEZ05,MiscCropAEZ05,1975,SO2_AWB,0.000240103215460989
Africa_Eastern,MiscCrop,MiscCropAEZ06,MiscCropAEZ06,1975,SO2_AWB,0.000190349603412509
Africa_Eastern,MiscCrop,MiscCropAEZ07,MiscCropAEZ07,1975,SO2_AWB,4.1335896629445e-07
Africa_Eastern,MiscCrop,MiscCropAEZ08,MiscCropAEZ08,1975,SO2_AWB,7.97039245249885e-07
Africa_Eastern,MiscCrop,MiscCropAEZ09,MiscCropAEZ09,1975,SO2_AWB,1.87792256072843e-06
Africa_Eastern,MiscCrop,MiscCropAEZ10,MiscCropAEZ10,1975,SO2_AWB,3.92025057190656e-06
Africa_Eastern,MiscCrop,MiscCropAEZ11,MiscCropAEZ11,1975,SO2_AWB,5.54368924675926e-06
Africa_Eastern,MiscCrop,MiscCropAEZ12,MiscCropAEZ12,1975,SO2_AWB,6.91991169478216e-07
Africa_Eastern,OilCrop,OilCropAEZ01,OilCropAEZ01,1975,SO2_AWB,4.91386820270226e-06
Africa_Eastern,OilCrop,OilCropAEZ02,OilCropAEZ02,1975,SO2_AWB,1.51866409326864e-05
Africa_Eastern,OilCrop,OilCropAEZ03,OilCropAEZ03,1975,SO2_AWB,7.56082721634471e-06
Africa_Eastern,OilCrop,OilCropAEZ04,OilCropAEZ04,1975,SO2_AWB,1.08419528924799e-05
Africa_Eastern,OilCrop,OilCropAEZ05,OilCropAEZ05,1975,SO2_AWB,1.02254180024109e-05
Africa_Eastern,OilCrop,OilCropAEZ06,OilCropAEZ06,1975,SO2_AWB,3.52733563083067e-06
Africa_Eastern,OilCrop,OilCropAEZ07,OilCropAEZ07,1975,SO2_AWB,5.44420652283745e-07
Africa_Eastern,OilCrop,OilCropAEZ08,OilCropAEZ08,1975,SO2_AWB,6.26144350326126e-07
Africa_Eastern,OilCrop,OilCropAEZ09,OilCropAEZ09,1975,SO2_AWB,7.63273945346394e-08
Africa_Eastern,OilCrop,OilCropAEZ10,OilCropAEZ10,1975,SO2_AWB,5.75817327237881e-07
Africa_Eastern,OilCrop,OilCropAEZ11,OilCropAEZ11,1975,SO2_AWB,4.35051720228442e-07
Africa_Eastern,OilCrop,OilCropAEZ12,OilCropAEZ12,1975,SO2_AWB,8.15505546143256e-08
Africa_Eastern,OtherGrain,OtherGrainAEZ01,OtherGrainAEZ01,1975,SO2_AWB,9.80561791299228e-06
Africa_Eastern,OtherGrain,OtherGrainAEZ02,OtherGrainAEZ02,1975,SO2_AWB,4.03976658622086e-05
Africa_Eastern,OtherGrain,OtherGrainAEZ03,OtherGrainAEZ03,1975,SO2_AWB,2.09803555449852e-05
Africa_Eastern,OtherGrain,OtherGrainAEZ04,OtherGrainAEZ04,1975,SO2_AWB,3.45038989627284e-05
Africa_Eastern,OtherGrain,OtherGrainAEZ05,OtherGrainAEZ05,1975,SO2_AWB,5.44516029320426e-05
Africa_Eastern,OtherGrain,OtherGrainAEZ06,OtherGrainAEZ06,1975,SO2_AWB,1.61171652111986e-05
Africa_Eastern,OtherGrain,OtherGrainAEZ07,OtherGrainAEZ07,1975,SO2_AWB,0
Africa_Eastern,OtherGrain,OtherGrainAEZ08,OtherGrainAEZ08,1975,SO2_AWB,3.04913923804686e-06
Africa_Eastern,OtherGrain,OtherGrainAEZ09,OtherGrainAEZ09,1975,SO2_AWB,6.66106338563287e-06
Africa_Eastern,OtherGrain,OtherGrainAEZ10,OtherGrainAEZ10,1975,SO2_AWB,9.88791491888664e-06
Africa_Eastern,OtherGrain,OtherGrainAEZ11,OtherGrainAEZ11,1975,SO2_AWB,1.19185056151785e-05
Africa_Eastern,OtherGrain,OtherGrainAEZ12,OtherGrainAEZ12,1975,SO2_AWB,2.64275380936763e-06
Africa_Eastern,PalmFruit,PalmFruitAEZ01,PalmFruitAEZ01,1975,SO2_AWB,3.00908914466547e-08
Africa_Eastern,PalmFruit,PalmFruitAEZ02,PalmFruitAEZ02,1975,SO2_AWB,1.60746642036176e-07
Africa_Eastern,PalmFruit,PalmFruitAEZ03,PalmFruitAEZ03,1975,SO2_AWB,8.4333062346839e-07
Africa_Eastern,PalmFruit,PalmFruitAEZ04,PalmFruitAEZ04,1975,SO2_AWB,7.48579670244714e-07
Africa_Eastern,PalmFruit,PalmFruitAEZ05,PalmFruitAEZ05,1975,SO2_AWB,1.5479131678381e-06
Africa_Eastern,PalmFruit,PalmFruitAEZ06,PalmFruitAEZ06,1975,SO2_AWB,2.64171314360919e-06
Africa_Eastern,PalmFruit,PalmFruitAEZ07,PalmFruitAEZ07,1975,SO2_AWB,0
Africa_Eastern,PalmFruit,PalmFruitAEZ08,PalmFruitAEZ08,1975,SO2_AWB,0
Africa_Eastern,PalmFruit,PalmFruitAEZ09,PalmFruitAEZ09,1975,SO2_AWB,0
Africa_Eastern,PalmFruit,PalmFruitAEZ10,PalmFruitAEZ10,1975,SO2_AWB,0
Africa_Eastern,PalmFruit,PalmFruitAEZ11,PalmFruitAEZ11,1975,SO2_AWB,0
Africa_Eastern,PalmFruit,PalmFruitAEZ12,PalmFruitAEZ12,1975,SO2_AWB,0
Africa_Eastern,Rice,RiceAEZ01,RiceAEZ01,1975,SO2_AWB,1.95050812005188e-09
Africa_Eastern,Rice,RiceAEZ02,RiceAEZ02,1975,SO2_AWB,4.51342235122139e-07
Africa_Eastern,Rice,RiceAEZ03,RiceAEZ03,1975,SO2_AWB,6.60749321276695e-06
Africa_Eastern,Rice,RiceAEZ04,RiceAEZ04,1975,SO2_AWB,1.18805716785252e-05
Africa_Eastern,Rice,RiceAEZ05,RiceAEZ05,1975,SO2_AWB,1.15843883564598e-05
Africa_Eastern,Rice,RiceAEZ06,RiceAEZ06,1975,SO2_AWB,3.19114350541998e-05
Africa_Eastern,Rice,RiceAEZ07,RiceAEZ07,1975,SO2_AWB,0
Africa_Eastern,Rice,RiceAEZ08,RiceAEZ08,1975,SO2_AWB,0
Africa_Eastern,Rice,RiceAEZ09,RiceAEZ09,1975,SO2_AWB,0
Africa_Eastern,Rice,RiceAEZ10,RiceAEZ10,1975,SO2_AWB,1.20172675626648e-06
Africa_Eastern,Rice,RiceAEZ11,RiceAEZ11,1975,SO2_AWB,3.27044101225138e-07
Africa_Eastern,Rice,RiceAEZ12,RiceAEZ12,1975,SO2_AWB,0
Africa_Eastern,Root_Tuber,Root_TuberAEZ01,Root_TuberAEZ01,1975,SO2_AWB,1.04316825741258e-05
Africa_Eastern,Root_Tuber,Root_TuberAEZ02,Root_TuberAEZ02,1975,SO2_AWB,3.10565264631267e-05
Africa_Eastern,Root_Tuber,Root_TuberAEZ03,Root_TuberAEZ03,1975,SO2_AWB,1.84241567184487e-05
Africa_Eastern,Root_Tuber,Root_TuberAEZ04,Root_TuberAEZ04,1975,SO2_AWB,2.73859195734916e-05
Africa_Eastern,Root_Tuber,Root_TuberAEZ05,Root_TuberAEZ05,1975,SO2_AWB,0.000125400535135984
Africa_Eastern,Root_Tuber,Root_TuberAEZ06,Root_TuberAEZ06,1975,SO2_AWB,0.000114882447328826
Africa_Eastern,Root_Tuber,Root_TuberAEZ07,Root_TuberAEZ07,1975,SO2_AWB,2.35092008203404e-08
Africa_Eastern,Root_Tuber,Root_TuberAEZ08,Root_TuberAEZ08,1975,SO2_AWB,1.21514420631409e-06
Africa_Eastern,Root_Tuber,Root_TuberAEZ09,Root_TuberAEZ09,1975,SO2_AWB,3.76597178436257e-06
Africa_Eastern,Root_Tuber,Root_TuberAEZ10,Root_TuberAEZ10,1975,SO2_AWB,9.43275958412558e-06
Africa_Eastern,Root_Tuber,Root_TuberAEZ11,Root_TuberAEZ11,1975,SO2_AWB,1.19588291589493e-05
Africa_Eastern,Root_Tuber,Root_TuberAEZ12,Root_TuberAEZ12,1975,SO2_AWB,1.00094486055979e-06
Africa_Eastern,SugarCrop,SugarCropAEZ01,SugarCropAEZ01,1975,SO2_AWB,4.36976684434328e-05
Africa_Eastern,SugarCrop,SugarCropAEZ02,SugarCropAEZ02,1975,SO2_AWB,0.000105131137957505
Africa_Eastern,SugarCrop,SugarCropAEZ03,SugarCropAEZ03,1975,SO2_AWB,6.68515257127425e-05
Africa_Eastern,SugarCrop,SugarCropAEZ04,SugarCropAEZ04,1975,SO2_AWB,4.93215734188692e-05
Africa_Eastern,SugarCrop,SugarCropAEZ05,SugarCropAEZ05,1975,SO2_AWB,8.08818141358731e-05
Africa_Eastern,SugarCrop,SugarCropAEZ06,SugarCropAEZ06,1975,SO2_AWB,9.97227030536897e-05
Africa_Eastern,SugarCrop,SugarCropAEZ07,SugarCropAEZ07,1975,SO2_AWB,2.85536564743273e-06
Africa_Eastern,SugarCrop,SugarCropAEZ08,SugarCropAEZ08,1975,SO2_AWB,1.78749578474537e-06
Africa_Eastern,SugarCrop,SugarCropAEZ09,SugarCropAEZ09,1975,SO2_AWB,8.13820745352219e-08
Africa_Eastern,SugarCrop,SugarCropAEZ10,SugarCropAEZ10,1975,SO2_AWB,1.71662673483292e-06
Africa_Eastern,SugarCrop,SugarCropAEZ11,SugarCropAEZ11,1975,SO2_AWB,3.31531047467908e-06
Africa_Eastern,SugarCrop,SugarCropAEZ12,SugarCropAEZ12,1975,SO2_AWB,1.79707014645539e-07
Africa_Eastern,Wheat,WheatAEZ01,WheatAEZ01,1975,SO2_AWB,1.65227824006857e-06
Africa_Eastern,Wheat,WheatAEZ02,WheatAEZ02,1975,SO2_AWB,5.67495360821779e-06
Africa_Eastern,Wheat,WheatAEZ03,WheatAEZ03,1975,SO2_AWB,3.36361460832955e-06
Africa_Eastern,Wheat,WheatAEZ04,WheatAEZ04,1975,SO2_AWB,5.38893974381815e-06
Africa_Eastern,Wheat,WheatAEZ05,WheatAEZ05,1975,SO2_AWB,7.93422218173977e-06
Africa_Eastern,Wheat,WheatAEZ06,WheatAEZ06,1975,SO2_AWB,1.38423963622849e-06
Africa_Eastern,Wheat,WheatAEZ07,WheatAEZ07,1975,SO2_AWB,0
Africa_Eastern,Wheat,WheatAEZ08,WheatAEZ08,1975,SO2_AWB,2.21124619511014e-07
Africa_Eastern,Wheat,WheatAEZ09,WheatAEZ09,1975,SO2_AWB,8.04959154844116e-07
Africa_Eastern,Wheat,WheatAEZ10,WheatAEZ10,1975,SO2_AWB,1.72239621356504e-06
Africa_Eastern,Wheat,WheatAEZ11,WheatAEZ11,1975,SO2_AWB,3.35525346166173e-06
Africa_Eastern,Wheat,WheatAEZ12,WheatAEZ12,1975,SO2_AWB,8.2705474992874e-07
Africa_Northern,Corn,CornAEZ01,CornAEZ01,1975,CH4_AWB,1.3200724972356e-05
Africa_Northern,Corn,CornAEZ02,CornAEZ02,1975,CH4_AWB,7.80559954338691e-07
Africa_Northern,Corn,CornAEZ03,CornAEZ03,1975,CH4_AWB,4.56211671099797e-08
Africa_Northern,Corn,CornAEZ04,CornAEZ04,1975,CH4_AWB,9.60776746268093e-09
Africa_Northern,Corn,CornAEZ07,CornAEZ07,1975,CH4_AWB,4.73606613481637e-06
Africa_Northern,Corn,CornAEZ08,CornAEZ08,1975,CH4_AWB,9.09038004740025e-08
Africa_Northern,Corn,CornAEZ09,CornAEZ09,1975,CH4_AWB,2.74709649285311e-07
Africa_Northern,Corn,CornAEZ10,CornAEZ10,1975,CH4_AWB,3.87126819933779e-08
Africa_Northern,FiberCrop,FiberCropAEZ01,FiberCropAEZ01,1975,CH4_AWB,5.57801631003216e-06
Africa_Northern,FiberCrop,FiberCropAEZ02,FiberCropAEZ02,1975,CH4_AWB,5.0019511477348e-07
Africa_Northern,FiberCrop,FiberCropAEZ03,FiberCropAEZ03,1975,CH4_AWB,0
Africa_Northern,FiberCrop,FiberCropAEZ04,FiberCropAEZ04,1975,CH4_AWB,0
Africa_Northern,FiberCrop,FiberCropAEZ07,FiberCropAEZ07,1975,CH4_AWB,1.42662127043776e-06
Africa_Northern,FiberCrop,FiberCropAEZ08,FiberCropAEZ08,1975,CH4_AWB,0
Africa_Northern,FiberCrop,FiberCropAEZ09,FiberCropAEZ09,1975,CH4_AWB,0
Africa_Northern,FiberCrop,FiberCropAEZ10,FiberCropAEZ10,1975,CH4_AWB,0
Africa_Northern,FodderGrass,FodderGrassAEZ01,FodderGrassAEZ01,1975,CH4_AWB,9.04644302956941e-10
Africa_Northern,FodderGrass,FodderGrassAEZ02,FodderGrassAEZ02,1975,CH4_AWB,9.19005714541164e-08
Africa_Northern,FodderGrass,FodderGrassAEZ03,FodderGrassAEZ03,1975,CH4_AWB,4.53700377807123e-08
Africa_Northern,FodderGrass,FodderGrassAEZ04,FodderGrassAEZ04,1975,CH4_AWB,1.04493014883526e-07
Africa_Northern,FodderGrass,FodderGrassAEZ07,FodderGrassAEZ07,1975,CH4_AWB,8.70012700953957e-08
Africa_Northern,FodderGrass,FodderGrassAEZ08,FodderGrassAEZ08,1975,CH4_AWB,7.19400420998288e-07
Africa_Northern,FodderGrass,FodderGrassAEZ09,FodderGrassAEZ09,1975,CH4_AWB,2.77562393215943e-06
Africa_Northern,FodderGrass,FodderGrassAEZ10,FodderGrassAEZ10,1975,CH4_AWB,3.83612657231026e-06
Africa_Northern,FodderHerb,FodderHerbAEZ01,FodderHerbAEZ01,1975,CH4_AWB,0.000229915000487554
Africa_Northern,FodderHerb,FodderHerbAEZ02,FodderHerbAEZ02,1975,CH4_AWB,2.0601666158438e-05
Africa_Northern,FodderHerb,FodderHerbAEZ03,FodderHerbAEZ03,1975,CH4_AWB,1.14061854328716e-09
Africa_Northern,FodderHerb,FodderHerbAEZ04,FodderHerbAEZ04,1975,CH4_AWB,2.45480947359627e-09
Africa_Northern,FodderHerb,FodderHerbAEZ07,FodderHerbAEZ07,1975,CH4_AWB,5.88499347852791e-05
Africa_Northern,FodderHerb,FodderHerbAEZ08,FodderHerbAEZ08,1975,CH4_AWB,6.57095465154557e-09
Africa_Northern,FodderHerb,FodderHerbAEZ09,FodderHerbAEZ09,1975,CH4_AWB,1.8845002019527e-08
Africa_Northern,FodderHerb,FodderHerbAEZ10,FodderHerbAEZ10,1975,CH4_AWB,1.46730657171778e-08
Africa_Northern,MiscCrop,MiscCropAEZ01,MiscCropAEZ01,1975,CH4_AWB,4.4209498343981e-05
Africa_Northern,MiscCrop,MiscCropAEZ02,MiscCropAEZ02,1975,CH4_AWB,4.87504131016204e-06
Africa_Northern,MiscCrop,MiscCropAEZ03,MiscCropAEZ03,1975,CH4_AWB,4.04771252213515e-07
Africa_Northern,MiscCrop,MiscCropAEZ04,MiscCropAEZ04,1975,CH4_AWB,9.29608110365654e-07
Africa_Northern,MiscCrop,MiscCropAEZ07,MiscCropAEZ07,1975,CH4_AWB,1.3388546786871e-05
Africa_Northern,MiscCrop,MiscCropAEZ08,MiscCropAEZ08,1975,CH4_AWB,4.68629104047435e-06
Africa_Northern,MiscCrop,MiscCropAEZ09,MiscCropAEZ09,1975,CH4_AWB,1.41344476987488e-05
Africa_Northern,MiscCrop,MiscCropAEZ10,MiscCropAEZ10,1975,CH4_AWB,1.69507601934799e-05
Africa_Northern,OilCrop,OilCropAEZ01,OilCropAEZ01,1975,CH4_AWB,1.52189062094984e-06
Africa_Northern,OilCrop,OilCropAEZ02,OilCropAEZ02,1975,CH4_AWB,2.3924957094542e-07
Africa_Northern,OilCrop,OilCropAEZ03,OilCropAEZ03,1975,CH4_AWB,3.49300440318798e-08
Africa_Northern,OilCrop,OilCropAEZ04,OilCropAEZ04,1975,CH4_AWB,1.50103092606861e-07
Africa_Northern,OilCrop,OilCropAEZ07,OilCropAEZ07,1975,CH4_AWB,5.13035859771114e-07
Africa_Northern,OilCrop,OilCropAEZ08,OilCropAEZ08,1975,CH4_AWB,8.88032118789756e-07
Africa_Northern,OilCrop,OilCropAEZ09,OilCropAEZ09,1975,CH4_AWB,2.35690416234916e-06
Africa_Northern,OilCrop,OilCropAEZ10,OilCropAEZ10,1975,CH4_AWB,2.52791164599084e-06
Africa_Northern,OtherGrain,OtherGrainAEZ01,OtherGrainAEZ01,1975,CH4_AWB,2.18510717000191e-06
Africa_Northern,OtherGrain,OtherGrainAEZ02,OtherGrainAEZ02,1975,CH4_AWB,3.38606553093768e-07
Africa_Northern,OtherGrain,OtherGrainAEZ03,OtherGrainAEZ03,1975,CH4_AWB,3.57991598508686e-07
Africa_Northern,OtherGrain,OtherGrainAEZ04,OtherGrainAEZ04,1975,CH4_AWB,2.16628057025973e-07
Africa_Northern,OtherGrain,OtherGrainAEZ07,OtherGrainAEZ07,1975,CH4_AWB,5.38239712184141e-06
Africa_Northern,OtherGrain,OtherGrainAEZ08,OtherGrainAEZ08,1975,CH4_AWB,2.52356015053568e-06
Africa_Northern,OtherGrain,OtherGrainAEZ09,OtherGrainAEZ09,1975,CH4_AWB,8.3468431504328e-06
Africa_Northern,OtherGrain,OtherGrainAEZ10,OtherGrainAEZ10,1975,CH4_AWB,4.59268513488083e-06
Africa_Northern,PalmFruit,PalmFruitAEZ01,PalmFruitAEZ01,1975,CH4_AWB,0
Africa_Northern,PalmFruit,PalmFruitAEZ02,PalmFruitAEZ02,1975,CH4_AWB,0
Africa_Northern,PalmFruit,PalmFruitAEZ03,PalmFruitAEZ03,1975,CH4_AWB,0
Africa_Northern,PalmFruit,PalmFruitAEZ04,PalmFruitAEZ04,1975,CH4_AWB,0
Africa_Northern,PalmFruit,PalmFruitAEZ07,PalmFruitAEZ07,1975,CH4_AWB,0
Africa_Northern,PalmFruit,PalmFruitAEZ08,PalmFruitAEZ08,1975,CH4_AWB,0
Africa_Northern,PalmFruit,PalmFruitAEZ09,PalmFruitAEZ09,1975,CH4_AWB,0
Africa_Northern,PalmFruit,PalmFruitAEZ10,PalmFruitAEZ10,1975,CH4_AWB,0
Africa_Northern,Rice,RiceAEZ01,RiceAEZ01,1975,CH4_AWB,1.34518424224695e-05
Africa_Northern,Rice,RiceAEZ02,RiceAEZ02,1975,CH4_AWB,8.88668516580191e-07
Africa_Northern,Rice,RiceAEZ03,RiceAEZ03,1975,CH4_AWB,0
Africa_Northern,Rice,RiceAEZ04,RiceAEZ04,1975,CH4_AWB,1.05571136384778e-08
Africa_Northern,Rice,RiceAEZ07,RiceAEZ07,1975,CH4_AWB,7.61881186187451e-08
Africa_Northern,Rice,RiceAEZ08,RiceAEZ08,1975,CH4_AWB,0
Africa_Northern,Rice,RiceAEZ09,RiceAEZ09,1975,CH4_AWB,7.90360731290351e-09
Africa_Northern,Rice,RiceAEZ10,RiceAEZ10,1975,CH4_AWB,4.5467676752959e-08
Africa_Northern,Root_Tuber,Root_TuberAEZ01,Root_TuberAEZ01,1975,CH4_AWB,3.66346661431752e-06
Africa_Northern,Root_Tuber,Root_TuberAEZ02,Root_TuberAEZ02,1975,CH4_AWB,4.04388436913423e-07
Africa_Northern,Root_Tuber,Root_TuberAEZ03,Root_TuberAEZ03,1975,CH4_AWB,7.56311934233316e-08
Africa_Northern,Root_Tuber,Root_TuberAEZ04,Root_TuberAEZ04,1975,CH4_AWB,1.72043094781485e-07
Africa_Northern,Root_Tuber,Root_TuberAEZ07,Root_TuberAEZ07,1975,CH4_AWB,8.6906418484343e-07
Africa_Northern,Root_Tuber,Root_TuberAEZ08,Root_TuberAEZ08,1975,CH4_AWB,6.11269463561822e-07
Africa_Northern,Root_Tuber,Root_TuberAEZ09,Root_TuberAEZ09,1975,CH4_AWB,2.47425064805414e-06
Africa_Northern,Root_Tuber,Root_TuberAEZ10,Root_TuberAEZ10,1975,CH4_AWB,3.07456537760452e-06
Africa_Northern,SugarCrop,SugarCropAEZ01,SugarCropAEZ01,1975,CH4_AWB,3.84171719570668e-05
Africa_Northern,SugarCrop,SugarCropAEZ02,SugarCropAEZ02,1975,CH4_AWB,2.96158892086771e-06
Africa_Northern,SugarCrop,SugarCropAEZ03,SugarCropAEZ03,1975,CH4_AWB,0
Africa_Northern,SugarCrop,SugarCropAEZ04,SugarCropAEZ04,1975,CH4_AWB,1.68632089802717e-06
Africa_Northern,SugarCrop,SugarCropAEZ07,SugarCropAEZ07,1975,CH4_AWB,8.30334479848295e-06
Africa_Northern,SugarCrop,SugarCropAEZ08,SugarCropAEZ08,1975,CH4_AWB,3.38768858479268e-07
Africa_Northern,SugarCrop,SugarCropAEZ09,SugarCropAEZ09,1975,CH4_AWB,4.77335465348045e-06
Africa_Northern,SugarCrop,SugarCropAEZ10,SugarCropAEZ10,1975,CH4_AWB,4.48275442875218e-06
Africa_Northern,Wheat,WheatAEZ01,WheatAEZ01,1975,CH4_AWB,1.32107848605657e-05
Africa_Northern,Wheat,WheatAEZ02,WheatAEZ02,1975,CH4_AWB,9.19189921102725e-07
Africa_Northern,Wheat,WheatAEZ03,WheatAEZ03,1975,CH4_AWB,1.47487940617211e-07
Africa_Northern,Wheat,WheatAEZ04,WheatAEZ04,1975,CH4_AWB,1.0582525678149e-06
Africa_Northern,Wheat,WheatAEZ07,WheatAEZ07,1975,CH4_AWB,5.11388746149344e-06
Africa_Northern,Wheat,WheatAEZ08,WheatAEZ08,1975,CH4_AWB,1.1751253925982e-06
Africa_Northern,Wheat,WheatAEZ09,WheatAEZ09,1975,CH4_AWB,6.49093351211269e-06
Africa_Northern,Wheat,WheatAEZ10,WheatAEZ10,1975,CH4_AWB,8.22604140287302e-06
Africa_Northern,Corn,CornAEZ01,CornAEZ01,1975,CO_AWB,0.000554358870433873
Africa_Northern,Corn,CornAEZ02,CornAEZ02,1975,CO_AWB,3.27792856452401e-05
Africa_Northern,Corn,CornAEZ03,CornAEZ03,1975,CO_AWB,1.91584164657053e-06
Africa_Northern,Corn,CornAEZ04,CornAEZ04,1975,CO_AWB,4.03474137152069e-07
Africa_Northern,Corn,CornAEZ07,CornAEZ07,1975,CO_AWB,0.000198889097249962
Africa_Northern,Corn,CornAEZ08,CornAEZ08,1975,CO_AWB,3.81746671144533e-06
Africa_Northern,Corn,CornAEZ09,CornAEZ09,1975,CO_AWB,1.15363157094781e-05
Africa_Northern,Corn,CornAEZ10,CornAEZ10,1975,CO_AWB,1.6257227316118e-06
Africa_Northern,FiberCrop,FiberCropAEZ01,FiberCropAEZ01,1975,CO_AWB,0.000234246439295316
Africa_Northern,FiberCrop,FiberCropAEZ02,FiberCropAEZ02,1975,CO_AWB,2.10054826081933e-05
Africa_Northern,FiberCrop,FiberCropAEZ03,FiberCropAEZ03,1975,CO_AWB,0
Africa_Northern,FiberCrop,FiberCropAEZ04,FiberCropAEZ04,1975,CO_AWB,0
Africa_Northern,FiberCrop,FiberCropAEZ07,FiberCropAEZ07,1975,CO_AWB,5.99103577775445e-05
Africa_Northern,FiberCrop,FiberCropAEZ08,FiberCropAEZ08,1975,CO_AWB,0
Africa_Northern,FiberCrop,FiberCropAEZ09,FiberCropAEZ09,1975,CO_AWB,0
Africa_Northern,FiberCrop,FiberCropAEZ10,FiberCropAEZ10,1975,CO_AWB,0
Africa_Northern,FodderGrass,FodderGrassAEZ01,FodderGrassAEZ01,1975,CO_AWB,3.79901554635709e-08
Africa_Northern,FodderGrass,FodderGrassAEZ02,FodderGrassAEZ02,1975,CO_AWB,3.85932568781022e-06
Africa_Northern,FodderGrass,FodderGrassAEZ03,FodderGrassAEZ03,1975,CO_AWB,1.90529557644204e-06
Africa_Northern,FodderGrass,FodderGrassAEZ04,FodderGrassAEZ04,1975,CO_AWB,4.38814003173058e-06
Africa_Northern,FodderGrass,FodderGrassAEZ07,FodderGrassAEZ07,1975,CO_AWB,3.65358159626804e-06
Africa_Northern,FodderGrass,FodderGrassAEZ08,FodderGrassAEZ08,1975,CO_AWB,3.02109168708093e-05
Africa_Northern,FodderGrass,FodderGrassAEZ09,FodderGrassAEZ09,1975,CO_AWB,0.000116561154861065
Africa_Northern,FodderGrass,FodderGrassAEZ10,FodderGrassAEZ10,1975,CO_AWB,0.000161096515374772
Africa_Northern,FodderHerb,FodderHerbAEZ01,FodderHerbAEZ01,1975,CO_AWB,0.00965518335038352
Africa_Northern,FodderHerb,FodderHerbAEZ02,FodderHerbAEZ02,1975,CO_AWB,0.000865158270061975
Africa_Northern,FodderHerb,FodderHerbAEZ03,FodderHerbAEZ03,1975,CO_AWB,4.78997940322778e-08
Africa_Northern,FodderHerb,FodderHerbAEZ04,FodderHerbAEZ04,1975,CO_AWB,1.03088687156424e-07
Africa_Northern,FodderHerb,FodderHerbAEZ07,FodderHerbAEZ07,1975,CO_AWB,0.00247137815847184
Africa_Northern,FodderHerb,FodderHerbAEZ08,FodderHerbAEZ08,1975,CO_AWB,2.7594446562073e-07
Africa_Northern,FodderHerb,FodderHerbAEZ09,FodderHerbAEZ09,1975,CO_AWB,7.91387901402851e-07
Africa_Northern,FodderHerb,FodderHerbAEZ10,FodderHerbAEZ10,1975,CO_AWB,6.16189198230445e-07
Africa_Northern,MiscCrop,MiscCropAEZ01,MiscCropAEZ01,1975,CO_AWB,0.00185655921290234
Africa_Northern,MiscCrop,MiscCropAEZ02,MiscCropAEZ02,1975,CO_AWB,0.000204725301048186
Africa_Northern,MiscCrop,MiscCropAEZ03,MiscCropAEZ03,1975,CO_AWB,1.69981977983093e-05
Africa_Northern,MiscCrop,MiscCropAEZ04,MiscCropAEZ04,1975,CO_AWB,3.90385000132682e-05
Africa_Northern,MiscCrop,MiscCropAEZ07,MiscCropAEZ07,1975,CO_AWB,0.000562246368215655
Africa_Northern,MiscCrop,MiscCropAEZ08,MiscCropAEZ08,1975,CO_AWB,0.000196798813183522
Africa_Northern,MiscCrop,MiscCropAEZ09,MiscCropAEZ09,1975,CO_AWB,0.000593570162009564
Africa_Northern,MiscCrop,MiscCropAEZ10,MiscCropAEZ10,1975,CO_AWB,0.000711840015872696
Africa_Northern,OilCrop,OilCropAEZ01,OilCropAEZ01,1975,CO_AWB,6.39111539192291e-05
Africa_Northern,OilCrop,OilCropAEZ02,OilCropAEZ02,1975,CO_AWB,1.00471846946918e-05
Africa_Northern,OilCrop,OilCropAEZ03,OilCropAEZ03,1975,CO_AWB,1.46687244785938e-06
Africa_Northern,OilCrop,OilCropAEZ04,OilCropAEZ04,1975,CO_AWB,6.30351598419215e-06
Africa_Northern,OilCrop,OilCropAEZ07,OilCropAEZ07,1975,CO_AWB,2.15447242716114e-05
Africa_Northern,OilCrop,OilCropAEZ08,OilCropAEZ08,1975,CO_AWB,3.72925338049389e-05
Africa_Northern,OilCrop,OilCropAEZ09,OilCropAEZ09,1975,CO_AWB,9.89771949568602e-05
Africa_Northern,OilCrop,OilCropAEZ10,OilCropAEZ10,1975,CO_AWB,0.000106158582014455
Africa_Northern,OtherGrain,OtherGrainAEZ01,OtherGrainAEZ01,1975,CO_AWB,9.17626528145915e-05
Africa_Northern,OtherGrain,OtherGrainAEZ02,OtherGrainAEZ02,1975,CO_AWB,1.42196392006996e-05
Africa_Northern,OtherGrain,OtherGrainAEZ03,OtherGrainAEZ03,1975,CO_AWB,1.50337059964269e-05
Africa_Northern,OtherGrain,OtherGrainAEZ04,OtherGrainAEZ04,1975,CO_AWB,9.09720377090547e-06
Africa_Northern,OtherGrain,OtherGrainAEZ07,OtherGrainAEZ07,1975,CO_AWB,0.000226031494098918
Africa_Northern,OtherGrain,OtherGrainAEZ08,OtherGrainAEZ08,1975,CO_AWB,0.000105975842800489
Africa_Northern,OtherGrain,OtherGrainAEZ09,OtherGrainAEZ09,1975,CO_AWB,0.000350522153158441
Africa_Northern,OtherGrain,OtherGrainAEZ10,OtherGrainAEZ10,1975,CO_AWB,0.000192867872708704
Africa_Northern,PalmFruit,PalmFruitAEZ01,PalmFruitAEZ01,1975,CO_AWB,0
Africa_Northern,PalmFruit,PalmFruitAEZ02,PalmFruitAEZ02,1975,CO_AWB,0
Africa_Northern,PalmFruit,PalmFruitAEZ03,PalmFruitAEZ03,1975,CO_AWB,0
Africa_Northern,PalmFruit,PalmFruitAEZ04,PalmFruitAEZ04,1975,CO_AWB,0
Africa_Northern,PalmFruit,PalmFruitAEZ07,PalmFruitAEZ07,1975,CO_AWB,0
Africa_Northern,PalmFruit,PalmFruitAEZ08,PalmFruitAEZ08,1975,CO_AWB,0
Africa_Northern,PalmFruit,PalmFruitAEZ09,PalmFruitAEZ09,1975,CO_AWB,0
Africa_Northern,PalmFruit,PalmFruitAEZ10,PalmFruitAEZ10,1975,CO_AWB,0
Africa_Northern,Rice,RiceAEZ01,RiceAEZ01,1975,CO_AWB,0.000564904441702318
Africa_Northern,Rice,RiceAEZ02,RiceAEZ02,1975,CO_AWB,3.73192590613919e-05
Africa_Northern,Rice,RiceAEZ03,RiceAEZ03,1975,CO_AWB,0
Africa_Northern,Rice,RiceAEZ04,RiceAEZ04,1975,CO_AWB,4.43341528887567e-07
Africa_Northern,Rice,RiceAEZ07,RiceAEZ07,1975,CO_AWB,3.19948786649339e-06
Africa_Northern,Rice,RiceAEZ08,RiceAEZ08,1975,CO_AWB,0
Africa_Northern,Rice,RiceAEZ09,RiceAEZ09,1975,CO_AWB,3.31908651343723e-07
Africa_Northern,Rice,RiceAEZ10,RiceAEZ10,1975,CO_AWB,1.90939588384775e-06
Africa_Northern,Root_Tuber,Root_TuberAEZ01,Root_TuberAEZ01,1975,CO_AWB,0.000153845733354658
Africa_Northern,Root_Tuber,Root_TuberAEZ02,Root_TuberAEZ02,1975,CO_AWB,1.69821216314481e-05
Africa_Northern,Root_Tuber,Root_TuberAEZ03,Root_TuberAEZ03,1975,CO_AWB,3.17610002810633e-06
Africa_Northern,Root_Tuber,Root_TuberAEZ04,Root_TuberAEZ04,1975,CO_AWB,7.22487711006299e-06
Africa_Northern,Root_Tuber,Root_TuberAEZ07,Root_TuberAEZ07,1975,CO_AWB,3.64959834291853e-05
Africa_Northern,Root_Tuber,Root_TuberAEZ08,Root_TuberAEZ08,1975,CO_AWB,2.56700029779025e-05
Africa_Northern,Root_Tuber,Root_TuberAEZ09,Root_TuberAEZ09,1975,CO_AWB,0.000103905111067606
Africa_Northern,Root_Tuber,Root_TuberAEZ10,Root_TuberAEZ10,1975,CO_AWB,0.000129115074616977
Africa_Northern,SugarCrop,SugarCropAEZ01,SugarCropAEZ01,1975,CO_AWB,0.00161331291243335
Africa_Northern,SugarCrop,SugarCropAEZ02,SugarCropAEZ02,1975,CO_AWB,0.000124370676027248
Africa_Northern,SugarCrop,SugarCropAEZ03,SugarCropAEZ03,1975,CO_AWB,0
Africa_Northern,SugarCrop,SugarCropAEZ04,SugarCropAEZ04,1975,CO_AWB,7.08163339647651e-05
Africa_Northern,SugarCrop,SugarCropAEZ07,SugarCropAEZ07,1975,CO_AWB,0.000348695458238037
Africa_Northern,SugarCrop,SugarCropAEZ08,SugarCropAEZ08,1975,CO_AWB,1.42264551468207e-05
Africa_Northern,SugarCrop,SugarCropAEZ09,SugarCropAEZ09,1975,CO_AWB,0.000200455012843997
Africa_Northern,SugarCrop,SugarCropAEZ10,SugarCropAEZ10,1975,CO_AWB,0.000188251379129519
Africa_Northern,Wheat,WheatAEZ01,WheatAEZ01,1975,CO_AWB,0.00055478133119086
Africa_Northern,Wheat,WheatAEZ02,WheatAEZ02,1975,CO_AWB,3.86009925548629e-05
Africa_Northern,Wheat,WheatAEZ03,WheatAEZ03,1975,CO_AWB,6.19369378078805e-06
Africa_Northern,Wheat,WheatAEZ04,WheatAEZ04,1975,CO_AWB,4.44408696761834e-05
Africa_Northern,Wheat,WheatAEZ07,WheatAEZ07,1975,CO_AWB,0.000214755544306555
Africa_Northern,Wheat,WheatAEZ08,WheatAEZ08,1975,CO_AWB,4.93488945965543e-05
Africa_Northern,Wheat,WheatAEZ09,WheatAEZ09,1975,CO_AWB,0.000272584011663865
Africa_Northern,Wheat,WheatAEZ10,WheatAEZ10,1975,CO_AWB,0.00034544913478529
Africa_Northern,Corn,CornAEZ01,CornAEZ01,1975,N2O_AWB,3.42323479731082e-07
Africa_Northern,Corn,CornAEZ02,CornAEZ02,1975,N2O_AWB,2.02416155375946e-08
Africa_Northern,Corn,CornAEZ03,CornAEZ03,1975,N2O_AWB,1.18305598421191e-09
Africa_Northern,Corn,CornAEZ04,CornAEZ04,1975,N2O_AWB,2.49150285091123e-10
Africa_Northern,Corn,CornAEZ07,CornAEZ07,1975,N2O_AWB,1.22816484920488e-07
Africa_Northern,Corn,CornAEZ08,CornAEZ08,1975,N2O_AWB,2.35733305285933e-09
Africa_Northern,Corn,CornAEZ09,CornAEZ09,1975,N2O_AWB,7.12381806726399e-09
Africa_Northern,Corn,CornAEZ10,CornAEZ10,1975,N2O_AWB,1.00390395508185e-09
Africa_Northern,FiberCrop,FiberCropAEZ01,FiberCropAEZ01,1975,N2O_AWB,1.44650082267879e-07
Africa_Northern,FiberCrop,FiberCropAEZ02,FiberCropAEZ02,1975,N2O_AWB,1.29711460993483e-08
Africa_Northern,FiberCrop,FiberCropAEZ03,FiberCropAEZ03,1975,N2O_AWB,0
Africa_Northern,FiberCrop,FiberCropAEZ04,FiberCropAEZ04,1975,N2O_AWB,0
Africa_Northern,FiberCrop,FiberCropAEZ07,FiberCropAEZ07,1975,N2O_AWB,3.69953891606204e-08
Africa_Northern,FiberCrop,FiberCropAEZ08,FiberCropAEZ08,1975,N2O_AWB,0
Africa_Northern,FiberCrop,FiberCropAEZ09,FiberCropAEZ09,1975,N2O_AWB,0
Africa_Northern,FiberCrop,FiberCropAEZ10,FiberCropAEZ10,1975,N2O_AWB,0
Africa_Northern,FodderGrass,FodderGrassAEZ01,FodderGrassAEZ01,1975,N2O_AWB,2.34593922951679e-11
Africa_Northern,FodderGrass,FodderGrassAEZ02,FodderGrassAEZ02,1975,N2O_AWB,2.3831814900567e-09
Africa_Northern,FodderGrass,FodderGrassAEZ03,FodderGrassAEZ03,1975,N2O_AWB,1.17654365507565e-09
Africa_Northern,FodderGrass,FodderGrassAEZ04,FodderGrassAEZ04,1975,N2O_AWB,2.70973090776665e-09
Africa_Northern,FodderGrass,FodderGrassAEZ07,FodderGrassAEZ07,1975,N2O_AWB,2.25613196111941e-09
Africa_Northern,FodderGrass,FodderGrassAEZ08,FodderGrassAEZ08,1975,N2O_AWB,1.86556159568398e-08
Africa_Northern,FodderGrass,FodderGrassAEZ09,FodderGrassAEZ09,1975,N2O_AWB,7.19779591553828e-08
Africa_Northern,FodderGrass,FodderGrassAEZ10,FodderGrassAEZ10,1975,N2O_AWB,9.94790967671938e-08
Africa_Northern,FodderHerb,FodderHerbAEZ01,FodderHerbAEZ01,1975,N2O_AWB,5.96219549866327e-06
Africa_Northern,FodderHerb,FodderHerbAEZ02,FodderHerbAEZ02,1975,N2O_AWB,5.34245964701428e-07
Africa_Northern,FodderHerb,FodderHerbAEZ03,FodderHerbAEZ03,1975,N2O_AWB,2.9578717047854e-11
Africa_Northern,FodderHerb,FodderHerbAEZ04,FodderHerbAEZ04,1975,N2O_AWB,6.36585432116855e-11
Africa_Northern,FodderHerb,FodderHerbAEZ07,FodderHerbAEZ07,1975,N2O_AWB,1.52610667215866e-06
Africa_Northern,FodderHerb,FodderHerbAEZ08,FodderHerbAEZ08,1975,N2O_AWB,1.70399130819158e-10
Africa_Northern,FodderHerb,FodderHerbAEZ09,FodderHerbAEZ09,1975,N2O_AWB,4.88691846877587e-10
Africa_Northern,FodderHerb,FodderHerbAEZ10,FodderHerbAEZ10,1975,N2O_AWB,3.80504474197122e-10
Africa_Northern,MiscCrop,MiscCropAEZ01,MiscCropAEZ01,1975,N2O_AWB,1.14644834597869e-06
Africa_Northern,MiscCrop,MiscCropAEZ02,MiscCropAEZ02,1975,N2O_AWB,1.26420413168383e-07
Africa_Northern,MiscCrop,MiscCropAEZ03,MiscCropAEZ03,1975,N2O_AWB,1.0496598015867e-08
Africa_Northern,MiscCrop,MiscCropAEZ04,MiscCropAEZ04,1975,N2O_AWB,2.41067580601075e-08
Africa_Northern,MiscCrop,MiscCropAEZ07,MiscCropAEZ07,1975,N2O_AWB,3.47194107461666e-07
Africa_Northern,MiscCrop,MiscCropAEZ08,MiscCropAEZ08,1975,N2O_AWB,1.21525708577917e-07
Africa_Northern,MiscCrop,MiscCropAEZ09,MiscCropAEZ09,1975,N2O_AWB,3.66536938724595e-07
Africa_Northern,MiscCrop,MiscCropAEZ10,MiscCropAEZ10,1975,N2O_AWB,4.39570040711448e-07
Africa_Northern,OilCrop,OilCropAEZ01,OilCropAEZ01,1975,N2O_AWB,3.94659304109918e-08
Africa_Northern,OilCrop,OilCropAEZ02,OilCropAEZ02,1975,N2O_AWB,6.20426119184477e-09
Africa_Northern,OilCrop,OilCropAEZ03,OilCropAEZ03,1975,N2O_AWB,9.05811934207648e-10
Africa_Northern,OilCrop,OilCropAEZ04,OilCropAEZ04,1975,N2O_AWB,3.89249932008899e-09
Africa_Northern,OilCrop,OilCropAEZ07,OilCropAEZ07,1975,N2O_AWB,1.33041345162068e-08
Africa_Northern,OilCrop,OilCropAEZ08,OilCropAEZ08,1975,N2O_AWB,2.30286022664419e-08
Africa_Northern,OilCrop,OilCropAEZ09,OilCropAEZ09,1975,N2O_AWB,6.11196457723062e-08
Africa_Northern,OilCrop,OilCropAEZ10,OilCropAEZ10,1975,N2O_AWB,6.5554241370871e-08
Africa_Northern,OtherGrain,OtherGrainAEZ01,OtherGrainAEZ01,1975,N2O_AWB,5.66645764976411e-08
Africa_Northern,OtherGrain,OtherGrainAEZ02,OtherGrainAEZ02,1975,N2O_AWB,8.78080361173664e-09
Africa_Northern,OtherGrain,OtherGrainAEZ03,OtherGrainAEZ03,1975,N2O_AWB,9.2834999572083e-09
Africa_Northern,OtherGrain,OtherGrainAEZ04,OtherGrainAEZ04,1975,N2O_AWB,5.61763618617979e-09
Africa_Northern,OtherGrain,OtherGrainAEZ07,OtherGrainAEZ07,1975,N2O_AWB,1.39577251696538e-07
Africa_Northern,OtherGrain,OtherGrainAEZ08,OtherGrainAEZ08,1975,N2O_AWB,6.54413976392301e-08
Africa_Northern,OtherGrain,OtherGrainAEZ09,OtherGrainAEZ09,1975,N2O_AWB,2.16451778065924e-07
Africa_Northern,OtherGrain,OtherGrainAEZ10,OtherGrainAEZ10,1975,N2O_AWB,1.19098304068448e-07
Africa_Northern,PalmFruit,PalmFruitAEZ01,PalmFruitAEZ01,1975,N2O_AWB,0
Africa_Northern,PalmFruit,PalmFruitAEZ02,PalmFruitAEZ02,1975,N2O_AWB,0
Africa_Northern,PalmFruit,PalmFruitAEZ03,PalmFruitAEZ03,1975,N2O_AWB,0
Africa_Northern,PalmFruit,PalmFruitAEZ04,PalmFruitAEZ04,1975,N2O_AWB,0
Africa_Northern,PalmFruit,PalmFruitAEZ07,PalmFruitAEZ07,1975,N2O_AWB,0
Africa_Northern,PalmFruit,PalmFruitAEZ08,PalmFruitAEZ08,1975,N2O_AWB,0
Africa_Northern,PalmFruit,PalmFruitAEZ09,PalmFruitAEZ09,1975,N2O_AWB,0
Africa_Northern,PalmFruit,PalmFruitAEZ10,PalmFruitAEZ10,1975,N2O_AWB,0
Africa_Northern,Rice,RiceAEZ01,RiceAEZ01,1975,N2O_AWB,3.48835500815079e-07
Africa_Northern,Rice,RiceAEZ02,RiceAEZ02,1975,N2O_AWB,2.30451054438486e-08
Africa_Northern,Rice,RiceAEZ03,RiceAEZ03,1975,N2O_AWB,0
Africa_Northern,Rice,RiceAEZ04,RiceAEZ04,1975,N2O_AWB,2.73768894072731e-10
Africa_Northern,Rice,RiceAEZ07,RiceAEZ07,1975,N2O_AWB,1.97572344960978e-09
Africa_Northern,Rice,RiceAEZ08,RiceAEZ08,1975,N2O_AWB,0
Africa_Northern,Rice,RiceAEZ09,RiceAEZ09,1975,N2O_AWB,2.04957709780864e-10
Africa_Northern,Rice,RiceAEZ10,RiceAEZ10,1975,N2O_AWB,1.17907564576607e-09
Africa_Northern,Root_Tuber,Root_TuberAEZ01,Root_TuberAEZ01,1975,N2O_AWB,9.5001648918377e-08
Africa_Northern,Root_Tuber,Root_TuberAEZ02,Root_TuberAEZ02,1975,N2O_AWB,1.04866707833933e-08
Africa_Northern,Root_Tuber,Root_TuberAEZ03,Root_TuberAEZ03,1975,N2O_AWB,1.96128116926207e-09
Africa_Northern,Root_Tuber,Root_TuberAEZ04,Root_TuberAEZ04,1975,N2O_AWB,4.46145124549103e-09
Africa_Northern,Root_Tuber,Root_TuberAEZ07,Root_TuberAEZ07,1975,N2O_AWB,2.25367225276084e-08
Africa_Northern,Root_Tuber,Root_TuberAEZ08,Root_TuberAEZ08,1975,N2O_AWB,1.58515452945224e-08
Africa_Northern,Root_Tuber,Root_TuberAEZ09,Root_TuberAEZ09,1975,N2O_AWB,6.41626951051922e-08
Africa_Northern,Root_Tuber,Root_TuberAEZ10,Root_TuberAEZ10,1975,N2O_AWB,7.97301603454617e-08
Africa_Northern,SugarCrop,SugarCropAEZ01,SugarCropAEZ01,1975,N2O_AWB,9.9624073778603e-07
Africa_Northern,SugarCrop,SugarCropAEZ02,SugarCropAEZ02,1975,N2O_AWB,7.68004353584764e-08
Africa_Northern,SugarCrop,SugarCropAEZ03,SugarCropAEZ03,1975,N2O_AWB,0
Africa_Northern,SugarCrop,SugarCropAEZ04,SugarCropAEZ04,1975,N2O_AWB,4.37299647530553e-08
Africa_Northern,SugarCrop,SugarCropAEZ07,SugarCropAEZ07,1975,N2O_AWB,2.15323771291052e-07
Africa_Northern,SugarCrop,SugarCropAEZ08,SugarCropAEZ08,1975,N2O_AWB,8.78501254302336e-09
Africa_Northern,SugarCrop,SugarCropAEZ09,SugarCropAEZ09,1975,N2O_AWB,1.23783457226164e-07
Africa_Northern,SugarCrop,SugarCropAEZ10,SugarCropAEZ10,1975,N2O_AWB,1.16247562012231e-07
Africa_Northern,Wheat,WheatAEZ01,WheatAEZ01,1975,N2O_AWB,3.42584354489464e-07
Africa_Northern,Wheat,WheatAEZ02,WheatAEZ02,1975,N2O_AWB,2.38365917769336e-08
Africa_Northern,Wheat,WheatAEZ03,WheatAEZ03,1975,N2O_AWB,3.82468274706004e-09
Africa_Northern,Wheat,WheatAEZ04,WheatAEZ04,1975,N2O_AWB,2.7442788347411e-08
Africa_Northern,Wheat,WheatAEZ07,WheatAEZ07,1975,N2O_AWB,1.32614212813127e-07
Africa_Northern,Wheat,WheatAEZ08,WheatAEZ08,1975,N2O_AWB,3.04735546234756e-08
Africa_Northern,Wheat,WheatAEZ09,WheatAEZ09,1975,N2O_AWB,1.68324008811838e-07
Africa_Northern,Wheat,WheatAEZ10,WheatAEZ10,1975,N2O_AWB,2.133191262859e-07
Africa_Northern,Corn,CornAEZ01,CornAEZ01,1975,NH3_AWB,6.35447544935568e-06
Africa_Northern,Corn,CornAEZ02,CornAEZ02,1975,NH3_AWB,3.75740656439882e-07
Africa_Northern,Corn,CornAEZ03,CornAEZ03,1975,NH3_AWB,2.19608079842889e-08
Africa_Northern,Corn,CornAEZ04,CornAEZ04,1975,NH3_AWB,4.62492193364951e-09
Africa_Northern,Corn,CornAEZ07,CornAEZ07,1975,NH3_AWB,2.27981539220298e-06
Africa_Northern,Corn,CornAEZ08,CornAEZ08,1975,NH3_AWB,4.37586548901548e-08
Africa_Northern,Corn,CornAEZ09,CornAEZ09,1975,NH3_AWB,1.32237867673192e-07
Africa_Northern,Corn,CornAEZ10,CornAEZ10,1975,NH3_AWB,1.86352482777109e-08
Africa_Northern,FiberCrop,FiberCropAEZ01,FiberCropAEZ01,1975,NH3_AWB,2.68510765677127e-06
Africa_Northern,FiberCrop,FiberCropAEZ02,FiberCropAEZ02,1975,NH3_AWB,2.40780531627759e-07
Africa_Northern,FiberCrop,FiberCropAEZ03,FiberCropAEZ03,1975,NH3_AWB,0
Africa_Northern,FiberCrop,FiberCropAEZ04,FiberCropAEZ04,1975,NH3_AWB,0
Africa_Northern,FiberCrop,FiberCropAEZ07,FiberCropAEZ07,1975,NH3_AWB,6.8673727068093e-07
Africa_Northern,FiberCrop,FiberCropAEZ08,FiberCropAEZ08,1975,NH3_AWB,0
Africa_Northern,FiberCrop,FiberCropAEZ09,FiberCropAEZ09,1975,NH3_AWB,0
Africa_Northern,FiberCrop,FiberCropAEZ10,FiberCropAEZ10,1975,NH3_AWB,0
Africa_Northern,FodderGrass,FodderGrassAEZ01,FodderGrassAEZ01,1975,NH3_AWB,4.35471538538794e-10
Africa_Northern,FodderGrass,FodderGrassAEZ02,FodderGrassAEZ02,1975,NH3_AWB,4.42384737436669e-08
Africa_Northern,FodderGrass,FodderGrassAEZ03,FodderGrassAEZ03,1975,NH3_AWB,2.18399210511255e-08
Africa_Northern,FodderGrass,FodderGrassAEZ04,FodderGrassAEZ04,1975,NH3_AWB,5.0300138749729e-08
Africa_Northern,FodderGrass,FodderGrassAEZ07,FodderGrassAEZ07,1975,NH3_AWB,4.18800812865722e-08
Africa_Northern,FodderGrass,FodderGrassAEZ08,FodderGrassAEZ08,1975,NH3_AWB,3.46300095113175e-07
Africa_Northern,FodderGrass,FodderGrassAEZ09,FodderGrassAEZ09,1975,NH3_AWB,1.33611102196937e-06
Africa_Northern,FodderGrass,FodderGrassAEZ10,FodderGrassAEZ10,1975,NH3_AWB,1.8466085897111e-06
Africa_Northern,FodderHerb,FodderHerbAEZ01,FodderHerbAEZ01,1975,NH3_AWB,0.000110674923467935
Africa_Northern,FodderHerb,FodderHerbAEZ02,FodderHerbAEZ02,1975,NH3_AWB,9.91709031843053e-06
Africa_Northern,FodderHerb,FodderHerbAEZ03,FodderHerbAEZ03,1975,NH3_AWB,5.49063217783598e-10
Africa_Northern,FodderHerb,FodderHerbAEZ04,FodderHerbAEZ04,1975,NH3_AWB,1.18167953392557e-09
Africa_Northern,FodderHerb,FodderHerbAEZ07,FodderHerbAEZ07,1975,NH3_AWB,2.83287824397795e-05
Africa_Northern,FodderHerb,FodderHerbAEZ08,FodderHerbAEZ08,1975,NH3_AWB,3.16308158070984e-09
Africa_Northern,FodderHerb,FodderHerbAEZ09,FodderHerbAEZ09,1975,NH3_AWB,9.0714792503377e-09
Africa_Northern,FodderHerb,FodderHerbAEZ10,FodderHerbAEZ10,1975,NH3_AWB,7.06322085050967e-09
Africa_Northern,MiscCrop,MiscCropAEZ01,MiscCropAEZ01,1975,NH3_AWB,2.12812684487751e-05
Africa_Northern,MiscCrop,MiscCropAEZ02,MiscCropAEZ02,1975,NH3_AWB,2.34671431947048e-06
Africa_Northern,MiscCrop,MiscCropAEZ03,MiscCropAEZ03,1975,NH3_AWB,1.94846039909327e-07
Africa_Northern,MiscCrop,MiscCropAEZ04,MiscCropAEZ04,1975,NH3_AWB,4.47488446824764e-07
Africa_Northern,MiscCrop,MiscCropAEZ07,MiscCropAEZ07,1975,NH3_AWB,6.44488784046967e-06
Africa_Northern,MiscCrop,MiscCropAEZ08,MiscCropAEZ08,1975,NH3_AWB,2.25585499490297e-06
Africa_Northern,MiscCrop,MiscCropAEZ09,MiscCropAEZ09,1975,NH3_AWB,6.80394456213499e-06
Africa_Northern,MiscCrop,MiscCropAEZ10,MiscCropAEZ10,1975,NH3_AWB,8.15964196837285e-06
Africa_Northern,OilCrop,OilCropAEZ01,OilCropAEZ01,1975,NH3_AWB,7.32597384437772e-07
Africa_Northern,OilCrop,OilCropAEZ02,OilCropAEZ02,1975,NH3_AWB,1.15168335680447e-07
Africa_Northern,OilCrop,OilCropAEZ03,OilCropAEZ03,1975,NH3_AWB,1.68143876726702e-08
Africa_Northern,OilCrop,OilCropAEZ04,OilCropAEZ04,1975,NH3_AWB,7.22556086002923e-08
Africa_Northern,OilCrop,OilCropAEZ07,OilCropAEZ07,1975,NH3_AWB,2.46961722358555e-07
Africa_Northern,OilCrop,OilCropAEZ08,OilCropAEZ08,1975,NH3_AWB,4.27474878001467e-07
Africa_Northern,OilCrop,OilCropAEZ09,OilCropAEZ09,1975,NH3_AWB,1.13455053926928e-06
Africa_Northern,OilCrop,OilCropAEZ10,OilCropAEZ10,1975,NH3_AWB,1.21686896183567e-06
Africa_Northern,OtherGrain,OtherGrainAEZ01,OtherGrainAEZ01,1975,NH3_AWB,1.05185206835727e-06
Africa_Northern,OtherGrain,OtherGrainAEZ02,OtherGrainAEZ02,1975,NH3_AWB,1.62996125828783e-07
Africa_Northern,OtherGrain,OtherGrainAEZ03,OtherGrainAEZ03,1975,NH3_AWB,1.72327567505789e-07
Africa_Northern,OtherGrain,OtherGrainAEZ04,OtherGrainAEZ04,1975,NH3_AWB,1.04278944747039e-07
Africa_Northern,OtherGrain,OtherGrainAEZ07,OtherGrainAEZ07,1975,NH3_AWB,2.59094181880524e-06
Africa_Northern,OtherGrain,OtherGrainAEZ08,OtherGrainAEZ08,1975,NH3_AWB,1.21477426846877e-06
Africa_Northern,OtherGrain,OtherGrainAEZ09,OtherGrainAEZ09,1975,NH3_AWB,4.01794674081308e-06
Africa_Northern,OtherGrain,OtherGrainAEZ10,OtherGrainAEZ10,1975,NH3_AWB,2.21079561897821e-06
Africa_Northern,PalmFruit,PalmFruitAEZ01,PalmFruitAEZ01,1975,NH3_AWB,0
Africa_Northern,PalmFruit,PalmFruitAEZ02,PalmFruitAEZ02,1975,NH3_AWB,0
Africa_Northern,PalmFruit,PalmFruitAEZ03,PalmFruitAEZ03,1975,NH3_AWB,0
Africa_Northern,PalmFruit,PalmFruitAEZ04,PalmFruitAEZ04,1975,NH3_AWB,0
Africa_Northern,PalmFruit,PalmFruitAEZ07,PalmFruitAEZ07,1975,NH3_AWB,0
Africa_Northern,PalmFruit,PalmFruitAEZ08,PalmFruitAEZ08,1975,NH3_AWB,0
Africa_Northern,PalmFruit,PalmFruitAEZ09,PalmFruitAEZ09,1975,NH3_AWB,0
Africa_Northern,PalmFruit,PalmFruitAEZ10,PalmFruitAEZ10,1975,NH3_AWB,0
Africa_Northern,Rice,RiceAEZ01,RiceAEZ01,1975,NH3_AWB,6.4753566642126e-06
Africa_Northern,Rice,RiceAEZ02,RiceAEZ02,1975,NH3_AWB,4.27781222853269e-07
Africa_Northern,Rice,RiceAEZ03,RiceAEZ03,1975,NH3_AWB,0
Africa_Northern,Rice,RiceAEZ04,RiceAEZ04,1975,NH3_AWB,5.08191175653228e-09
Africa_Northern,Rice,RiceAEZ07,RiceAEZ07,1975,NH3_AWB,3.6674919772153e-08
Africa_Northern,Rice,RiceAEZ08,RiceAEZ08,1975,NH3_AWB,0
Africa_Northern,Rice,RiceAEZ09,RiceAEZ09,1975,NH3_AWB,3.80458487972192e-09
Africa_Northern,Rice,RiceAEZ10,RiceAEZ10,1975,NH3_AWB,2.18869218373203e-08
Africa_Northern,Root_Tuber,Root_TuberAEZ01,Root_TuberAEZ01,1975,NH3_AWB,1.76349471024999e-06
Africa_Northern,Root_Tuber,Root_TuberAEZ02,Root_TuberAEZ02,1975,NH3_AWB,1.94661762876727e-07
Africa_Northern,Root_Tuber,Root_TuberAEZ03,Root_TuberAEZ03,1975,NH3_AWB,3.64068308990953e-08
Africa_Northern,Root_Tuber,Root_TuberAEZ04,Root_TuberAEZ04,1975,NH3_AWB,8.2816938032533e-08
Africa_Northern,Root_Tuber,Root_TuberAEZ07,Root_TuberAEZ07,1975,NH3_AWB,4.18344222614029e-07
Africa_Northern,Root_Tuber,Root_TuberAEZ08,Root_TuberAEZ08,1975,NH3_AWB,2.94248748252737e-07
Africa_Northern,Root_Tuber,Root_TuberAEZ09,Root_TuberAEZ09,1975,NH3_AWB,1.19103799462055e-06
Africa_Northern,Root_Tuber,Root_TuberAEZ10,Root_TuberAEZ10,1975,NH3_AWB,1.4800134273186e-06
Africa_Northern,SugarCrop,SugarCropAEZ01,SugarCropAEZ01,1975,NH3_AWB,1.84929976608161e-05
Africa_Northern,SugarCrop,SugarCropAEZ02,SugarCropAEZ02,1975,NH3_AWB,1.425629586871e-06
Africa_Northern,SugarCrop,SugarCropAEZ03,SugarCropAEZ03,1975,NH3_AWB,0
Africa_Northern,SugarCrop,SugarCropAEZ04,SugarCropAEZ04,1975,NH3_AWB,8.11749715920079e-07
Africa_Northern,SugarCrop,SugarCropAEZ07,SugarCropAEZ07,1975,NH3_AWB,3.99700779919195e-06
Africa_Northern,SugarCrop,SugarCropAEZ08,SugarCropAEZ08,1975,NH3_AWB,1.6307425529437e-07
Africa_Northern,SugarCrop,SugarCropAEZ09,SugarCropAEZ09,1975,NH3_AWB,2.29776508639704e-06
Africa_Northern,SugarCrop,SugarCropAEZ10,SugarCropAEZ10,1975,NH3_AWB,2.15787792129966e-06
Africa_Northern,Wheat,WheatAEZ01,WheatAEZ01,1975,NH3_AWB,6.35931801010786e-06
Africa_Northern,Wheat,WheatAEZ02,WheatAEZ02,1975,NH3_AWB,4.42473409541837e-07
Africa_Northern,Wheat,WheatAEZ03,WheatAEZ03,1975,NH3_AWB,7.09967444735592e-08
Africa_Northern,Wheat,WheatAEZ04,WheatAEZ04,1975,NH3_AWB,5.09414443182449e-07
Africa_Northern,Wheat,WheatAEZ07,WheatAEZ07,1975,NH3_AWB,2.46168845975344e-06
Africa_Northern,Wheat,WheatAEZ08,WheatAEZ08,1975,NH3_AWB,5.65673890851994e-07
Africa_Northern,Wheat,WheatAEZ09,WheatAEZ09,1975,NH3_AWB,3.12456154737679e-06
Africa_Northern,Wheat,WheatAEZ10,WheatAEZ10,1975,NH3_AWB,3.95979601494649e-06
Africa_Northern,Corn,CornAEZ01,CornAEZ01,1975,NMVOC_AWB,3.42323479731082e-05
Africa_Northern,Corn,CornAEZ02,CornAEZ02,1975,NMVOC_AWB,2.02416155375946e-06
Africa_Northern,Corn,CornAEZ03,CornAEZ03,1975,NMVOC_AWB,1.18305598421191e-07
Africa_Northern,Corn,CornAEZ04,CornAEZ04,1975,NMVOC_AWB,2.49150285091123e-08
Africa_Northern,Corn,CornAEZ07,CornAEZ07,1975,NMVOC_AWB,1.22816484920488e-05
Africa_Northern,Corn,CornAEZ08,CornAEZ08,1975,NMVOC_AWB,2.35733305285933e-07
Africa_Northern,Corn,CornAEZ09,CornAEZ09,1975,NMVOC_AWB,7.12381806726399e-07
Africa_Northern,Corn,CornAEZ10,CornAEZ10,1975,NMVOC_AWB,1.00390395508185e-07
Africa_Northern,FiberCrop,FiberCropAEZ01,FiberCropAEZ01,1975,NMVOC_AWB,1.44650082267879e-05
Africa_Northern,FiberCrop,FiberCropAEZ02,FiberCropAEZ02,1975,NMVOC_AWB,1.29711460993483e-06
Africa_Northern,FiberCrop,FiberCropAEZ03,FiberCropAEZ03,1975,NMVOC_AWB,0
Africa_Northern,FiberCrop,FiberCropAEZ04,FiberCropAEZ04,1975,NMVOC_AWB,0
Africa_Northern,FiberCrop,FiberCropAEZ07,FiberCropAEZ07,1975,NMVOC_AWB,3.69953891606204e-06
Africa_Northern,FiberCrop,FiberCropAEZ08,FiberCropAEZ08,1975,NMVOC_AWB,0
Africa_Northern,FiberCrop,FiberCropAEZ09,FiberCropAEZ09,1975,NMVOC_AWB,0
Africa_Northern,FiberCrop,FiberCropAEZ10,FiberCropAEZ10,1975,NMVOC_AWB,0
Africa_Northern,FodderGrass,FodderGrassAEZ01,FodderGrassAEZ01,1975,NMVOC_AWB,2.34593922951679e-09
Africa_Northern,FodderGrass,FodderGrassAEZ02,FodderGrassAEZ02,1975,NMVOC_AWB,2.38318149005669e-07
Africa_Northern,FodderGrass,FodderGrassAEZ03,FodderGrassAEZ03,1975,NMVOC_AWB,1.17654365507565e-07
Africa_Northern,FodderGrass,FodderGrassAEZ04,FodderGrassAEZ04,1975,NMVOC_AWB,2.70973090776665e-07
Africa_Northern,FodderGrass,FodderGrassAEZ07,FodderGrassAEZ07,1975,NMVOC_AWB,2.25613196111941e-07
Africa_Northern,FodderGrass,FodderGrassAEZ08,FodderGrassAEZ08,1975,NMVOC_AWB,1.86556159568398e-06
Africa_Northern,FodderGrass,FodderGrassAEZ09,FodderGrassAEZ09,1975,NMVOC_AWB,7.19779591553827e-06
Africa_Northern,FodderGrass,FodderGrassAEZ10,FodderGrassAEZ10,1975,NMVOC_AWB,9.94790967671938e-06
Africa_Northern,FodderHerb,FodderHerbAEZ01,FodderHerbAEZ01,1975,NMVOC_AWB,0.000596219549866327
Africa_Northern,FodderHerb,FodderHerbAEZ02,FodderHerbAEZ02,1975,NMVOC_AWB,5.34245964701428e-05
Africa_Northern,FodderHerb,FodderHerbAEZ03,FodderHerbAEZ03,1975,NMVOC_AWB,2.95787170478539e-09
Africa_Northern,FodderHerb,FodderHerbAEZ04,FodderHerbAEZ04,1975,NMVOC_AWB,6.36585432116855e-09
Africa_Northern,FodderHerb,FodderHerbAEZ07,FodderHerbAEZ07,1975,NMVOC_AWB,0.000152610667215866
Africa_Northern,FodderHerb,FodderHerbAEZ08,FodderHerbAEZ08,1975,NMVOC_AWB,1.70399130819158e-08
Africa_Northern,FodderHerb,FodderHerbAEZ09,FodderHerbAEZ09,1975,NMVOC_AWB,4.88691846877587e-08
Africa_Northern,FodderHerb,FodderHerbAEZ10,FodderHerbAEZ10,1975,NMVOC_AWB,3.80504474197122e-08
Africa_Northern,MiscCrop,MiscCropAEZ01,MiscCropAEZ01,1975,NMVOC_AWB,0.000114644834597869
Africa_Northern,MiscCrop,MiscCropAEZ02,MiscCropAEZ02,1975,NMVOC_AWB,1.26420413168383e-05
Africa_Northern,MiscCrop,MiscCropAEZ03,MiscCropAEZ03,1975,NMVOC_AWB,1.0496598015867e-06
Africa_Northern,MiscCrop,MiscCropAEZ04,MiscCropAEZ04,1975,NMVOC_AWB,2.41067580601075e-06
Africa_Northern,MiscCrop,MiscCropAEZ07,MiscCropAEZ07,1975,NMVOC_AWB,3.47194107461666e-05
Africa_Northern,MiscCrop,MiscCropAEZ08,MiscCropAEZ08,1975,NMVOC_AWB,1.21525708577917e-05
Africa_Northern,MiscCrop,MiscCropAEZ09,MiscCropAEZ09,1975,NMVOC_AWB,3.66536938724595e-05
Africa_Northern,MiscCrop,MiscCropAEZ10,MiscCropAEZ10,1975,NMVOC_AWB,4.39570040711448e-05
Africa_Northern,OilCrop,OilCropAEZ01,OilCropAEZ01,1975,NMVOC_AWB,3.94659304109918e-06
Africa_Northern,OilCrop,OilCropAEZ02,OilCropAEZ02,1975,NMVOC_AWB,6.20426119184477e-07
Africa_Northern,OilCrop,OilCropAEZ03,OilCropAEZ03,1975,NMVOC_AWB,9.05811934207648e-08
Africa_Northern,OilCrop,OilCropAEZ04,OilCropAEZ04,1975,NMVOC_AWB,3.89249932008899e-07
Africa_Northern,OilCrop,OilCropAEZ07,OilCropAEZ07,1975,NMVOC_AWB,1.33041345162068e-06
Africa_Northern,OilCrop,OilCropAEZ08,OilCropAEZ08,1975,NMVOC_AWB,2.30286022664419e-06
Africa_Northern,OilCrop,OilCropAEZ09,OilCropAEZ09,1975,NMVOC_AWB,6.11196457723061e-06
Africa_Northern,OilCrop,OilCropAEZ10,OilCropAEZ10,1975,NMVOC_AWB,6.5554241370871e-06
Africa_Northern,OtherGrain,OtherGrainAEZ01,OtherGrainAEZ01,1975,NMVOC_AWB,5.66645764976411e-06
Africa_Northern,OtherGrain,OtherGrainAEZ02,OtherGrainAEZ02,1975,NMVOC_AWB,8.78080361173664e-07
Africa_Northern,OtherGrain,OtherGrainAEZ03,OtherGrainAEZ03,1975,NMVOC_AWB,9.2834999572083e-07
Africa_Northern,OtherGrain,OtherGrainAEZ04,OtherGrainAEZ04,1975,NMVOC_AWB,5.61763618617979e-07
Africa_Northern,OtherGrain,OtherGrainAEZ07,OtherGrainAEZ07,1975,NMVOC_AWB,1.39577251696538e-05
Africa_Northern,OtherGrain,OtherGrainAEZ08,OtherGrainAEZ08,1975,NMVOC_AWB,6.54413976392301e-06
Africa_Northern,OtherGrain,OtherGrainAEZ09,OtherGrainAEZ09,1975,NMVOC_AWB,2.16451778065924e-05
Africa_Northern,OtherGrain,OtherGrainAEZ10,OtherGrainAEZ10,1975,NMVOC_AWB,1.19098304068448e-05
Africa_Northern,PalmFruit,PalmFruitAEZ01,PalmFruitAEZ01,1975,NMVOC_AWB,0
Africa_Northern,PalmFruit,PalmFruitAEZ02,PalmFruitAEZ02,1975,NMVOC_AWB,0
Africa_Northern,PalmFruit,PalmFruitAEZ03,PalmFruitAEZ03,1975,NMVOC_AWB,0
Africa_Northern,PalmFruit,PalmFruitAEZ04,PalmFruitAEZ04,1975,NMVOC_AWB,0
Africa_Northern,PalmFruit,PalmFruitAEZ07,PalmFruitAEZ07,1975,NMVOC_AWB,0
Africa_Northern,PalmFruit,PalmFruitAEZ08,PalmFruitAEZ08,1975,NMVOC_AWB,0
Africa_Northern,PalmFruit,PalmFruitAEZ09,PalmFruitAEZ09,1975,NMVOC_AWB,0
Africa_Northern,PalmFruit,PalmFruitAEZ10,PalmFruitAEZ10,1975,NMVOC_AWB,0
Africa_Northern,Rice,RiceAEZ01,RiceAEZ01,1975,NMVOC_AWB,3.48835500815079e-05
Africa_Northern,Rice,RiceAEZ02,RiceAEZ02,1975,NMVOC_AWB,2.30451054438486e-06
Africa_Northern,Rice,RiceAEZ03,RiceAEZ03,1975,NMVOC_AWB,0
Africa_Northern,Rice,RiceAEZ04,RiceAEZ04,1975,NMVOC_AWB,2.73768894072731e-08
Africa_Northern,Rice,RiceAEZ07,RiceAEZ07,1975,NMVOC_AWB,1.97572344960978e-07
Africa_Northern,Rice,RiceAEZ08,RiceAEZ08,1975,NMVOC_AWB,0
Africa_Northern,Rice,RiceAEZ09,RiceAEZ09,1975,NMVOC_AWB,2.04957709780864e-08
Africa_Northern,Rice,RiceAEZ10,RiceAEZ10,1975,NMVOC_AWB,1.17907564576607e-07
Africa_Northern,Root_Tuber,Root_TuberAEZ01,Root_TuberAEZ01,1975,NMVOC_AWB,9.5001648918377e-06
Africa_Northern,Root_Tuber,Root_TuberAEZ02,Root_TuberAEZ02,1975,NMVOC_AWB,1.04866707833933e-06
Africa_Northern,Root_Tuber,Root_TuberAEZ03,Root_TuberAEZ03,1975,NMVOC_AWB,1.96128116926207e-07
Africa_Northern,Root_Tuber,Root_TuberAEZ04,Root_TuberAEZ04,1975,NMVOC_AWB,4.46145124549103e-07
Africa_Northern,Root_Tuber,Root_TuberAEZ07,Root_TuberAEZ07,1975,NMVOC_AWB,2.25367225276084e-06
Africa_Northern,Root_Tuber,Root_TuberAEZ08,Root_TuberAEZ08,1975,NMVOC_AWB,1.58515452945224e-06
Africa_Northern,Root_Tuber,Root_TuberAEZ09,Root_TuberAEZ09,1975,NMVOC_AWB,6.41626951051922e-06
Africa_Northern,Root_Tuber,Root_TuberAEZ10,Root_TuberAEZ10,1975,NMVOC_AWB,7.97301603454617e-06
Africa_Northern,SugarCrop,SugarCropAEZ01,SugarCropAEZ01,1975,NMVOC_AWB,9.9624073778603e-05
Africa_Northern,SugarCrop,SugarCropAEZ02,SugarCropAEZ02,1975,NMVOC_AWB,7.68004353584764e-06
Africa_Northern,SugarCrop,SugarCropAEZ03,SugarCropAEZ03,1975,NMVOC_AWB,0
Africa_Northern,SugarCrop,SugarCropAEZ04,SugarCropAEZ04,1975,NMVOC_AWB,4.37299647530553e-06
Africa_Northern,SugarCrop,SugarCropAEZ07,SugarCropAEZ07,1975,NMVOC_AWB,2.15323771291051e-05
Africa_Northern,SugarCrop,SugarCropAEZ08,SugarCropAEZ08,1975,NMVOC_AWB,8.78501254302336e-07
Africa_Northern,SugarCrop,SugarCropAEZ09,SugarCropAEZ09,1975,NMVOC_AWB,1.23783457226164e-05
Africa_Northern,SugarCrop,SugarCropAEZ10,SugarCropAEZ10,1975,NMVOC_AWB,1.16247562012231e-05
Africa_Northern,Wheat,WheatAEZ01,WheatAEZ01,1975,NMVOC_AWB,3.42584354489464e-05
Africa_Northern,Wheat,WheatAEZ02,WheatAEZ02,1975,NMVOC_AWB,2.38365917769336e-06
Africa_Northern,Wheat,WheatAEZ03,WheatAEZ03,1975,NMVOC_AWB,3.82468274706004e-07
Africa_Northern,Wheat,WheatAEZ04,WheatAEZ04,1975,NMVOC_AWB,2.7442788347411e-06
Africa_Northern,Wheat,WheatAEZ07,WheatAEZ07,1975,NMVOC_AWB,1.32614212813127e-05
Africa_Northern,Wheat,WheatAEZ08,WheatAEZ08,1975,NMVOC_AWB,3.04735546234756e-06
Africa_Northern,Wheat,WheatAEZ09,WheatAEZ09,1975,NMVOC_AWB,1.68324008811838e-05
Africa_Northern,Wheat,WheatAEZ10,WheatAEZ10,1975,NMVOC_AWB,2.133191262859e-05
Africa_Northern,Corn,CornAEZ01,CornAEZ01,1975,NOx_AWB,1.85992141501184e-05
Africa_Northern,Corn,CornAEZ02,CornAEZ02,1975,NOx_AWB,1.09977306383961e-06
Africa_Northern,Corn,CornAEZ03,CornAEZ03,1975,NOx_AWB,6.42781255297534e-08
Africa_Northern,Corn,CornAEZ04,CornAEZ04,1975,NOx_AWB,1.35369023229524e-08
Africa_Northern,Corn,CornAEZ07,CornAEZ07,1975,NOx_AWB,6.67289928811023e-06
Africa_Northern,Corn,CornAEZ08,CornAEZ08,1975,NOx_AWB,1.28079272586637e-07
Africa_Northern,Corn,CornAEZ09,CornAEZ09,1975,NOx_AWB,3.87053257064375e-07
Africa_Northern,Corn,CornAEZ10,CornAEZ10,1975,NOx_AWB,5.45443878444625e-08
Africa_Northern,FiberCrop,FiberCropAEZ01,FiberCropAEZ01,1975,NOx_AWB,7.85916834873844e-06
Africa_Northern,FiberCrop,FiberCropAEZ02,FiberCropAEZ02,1975,NOx_AWB,7.04751903853551e-07
Africa_Northern,FiberCrop,FiberCropAEZ03,FiberCropAEZ03,1975,NOx_AWB,0
Africa_Northern,FiberCrop,FiberCropAEZ04,FiberCropAEZ04,1975,NOx_AWB,0
Africa_Northern,FiberCrop,FiberCropAEZ07,FiberCropAEZ07,1975,NOx_AWB,2.01004373438213e-06
Africa_Northern,FiberCrop,FiberCropAEZ08,FiberCropAEZ08,1975,NOx_AWB,0
Africa_Northern,FiberCrop,FiberCropAEZ09,FiberCropAEZ09,1975,NOx_AWB,0
Africa_Northern,FiberCrop,FiberCropAEZ10,FiberCropAEZ10,1975,NOx_AWB,0
Africa_Northern,FodderGrass,FodderGrassAEZ01,FodderGrassAEZ01,1975,NOx_AWB,1.27460220219843e-09
Africa_Northern,FodderGrass,FodderGrassAEZ02,FodderGrassAEZ02,1975,NOx_AWB,1.29483677038406e-07
Africa_Northern,FodderGrass,FodderGrassAEZ03,FodderGrassAEZ03,1975,NOx_AWB,6.39242958587164e-08
Africa_Northern,FodderGrass,FodderGrassAEZ04,FodderGrassAEZ04,1975,NOx_AWB,1.4722585048019e-07
Africa_Northern,FodderGrass,FodderGrassAEZ07,FodderGrassAEZ07,1975,NOx_AWB,1.22580786829904e-07
Africa_Northern,FodderGrass,FodderGrassAEZ08,FodderGrassAEZ08,1975,NOx_AWB,1.01360209517678e-06
Africa_Northern,FodderGrass,FodderGrassAEZ09,FodderGrassAEZ09,1975,NOx_AWB,3.91072642014245e-06
Africa_Northern,FodderGrass,FodderGrassAEZ10,FodderGrassAEZ10,1975,NOx_AWB,5.4049258487524e-06
Africa_Northern,FodderHerb,FodderHerbAEZ01,FodderHerbAEZ01,1975,NOx_AWB,0.000323939657810278
Africa_Northern,FodderHerb,FodderHerbAEZ02,FodderHerbAEZ02,1975,NOx_AWB,2.90267997805009e-05
Africa_Northern,FodderHerb,FodderHerbAEZ03,FodderHerbAEZ03,1975,NOx_AWB,1.6070790501749e-09
Africa_Northern,FodderHerb,FodderHerbAEZ04,FodderHerbAEZ04,1975,NOx_AWB,3.45871360798511e-09
Africa_Northern,FodderHerb,FodderHerbAEZ07,FodderHerbAEZ07,1975,NOx_AWB,8.29168505581369e-05
Africa_Northern,FodderHerb,FodderHerbAEZ08,FodderHerbAEZ08,1975,NOx_AWB,9.25817278905102e-09
Africa_Northern,FodderHerb,FodderHerbAEZ09,FodderHerbAEZ09,1975,NOx_AWB,2.65517408289766e-08
Africa_Northern,FodderHerb,FodderHerbAEZ10,FodderHerbAEZ10,1975,NOx_AWB,2.06736745204565e-08
Africa_Northern,MiscCrop,MiscCropAEZ01,MiscCropAEZ01,1975,NOx_AWB,6.22891491861946e-05
Africa_Northern,MiscCrop,MiscCropAEZ02,MiscCropAEZ02,1975,NOx_AWB,6.86870891623423e-06
Africa_Northern,MiscCrop,MiscCropAEZ03,MiscCropAEZ03,1975,NOx_AWB,5.70304071745775e-07
Africa_Northern,MiscCrop,MiscCropAEZ04,MiscCropAEZ04,1975,NOx_AWB,1.30977505830817e-06
Africa_Northern,MiscCrop,MiscCropAEZ07,MiscCropAEZ07,1975,NOx_AWB,1.8863846445507e-05
Africa_Northern,MiscCrop,MiscCropAEZ08,MiscCropAEZ08,1975,NOx_AWB,6.60276847022346e-06
Africa_Northern,MiscCrop,MiscCropAEZ09,MiscCropAEZ09,1975,NOx_AWB,1.99147865131046e-05
Africa_Northern,MiscCrop,MiscCropAEZ10,MiscCropAEZ10,1975,NOx_AWB,2.38828412459204e-05
Africa_Northern,OilCrop,OilCropAEZ01,OilCropAEZ01,1975,NOx_AWB,2.14427386612318e-06
Africa_Northern,OilCrop,OilCropAEZ02,OilCropAEZ02,1975,NOx_AWB,3.37091638122632e-07
Africa_Northern,OilCrop,OilCropAEZ03,OilCropAEZ03,1975,NOx_AWB,4.92148249874528e-08
Africa_Northern,OilCrop,OilCropAEZ04,OilCropAEZ04,1975,NOx_AWB,2.11488351574361e-07
Africa_Northern,OilCrop,OilCropAEZ07,OilCropAEZ07,1975,NOx_AWB,7.22843922781163e-07
Africa_Northern,OilCrop,OilCropAEZ08,OilCropAEZ08,1975,NOx_AWB,1.25119639899643e-06
Africa_Northern,OilCrop,OilCropAEZ09,OilCropAEZ09,1975,NOx_AWB,3.32076952884306e-06
Africa_Northern,OilCrop,OilCropAEZ10,OilCropAEZ10,1975,NOx_AWB,3.56171120562105e-06
Africa_Northern,OtherGrain,OtherGrainAEZ01,OtherGrainAEZ01,1975,NOx_AWB,3.07871547062246e-06
Africa_Northern,OtherGrain,OtherGrainAEZ02,OtherGrainAEZ02,1975,NOx_AWB,4.77081054776374e-07
Africa_Northern,OtherGrain,OtherGrainAEZ03,OtherGrainAEZ03,1975,NOx_AWB,5.04393691903264e-07
Africa_Northern,OtherGrain,OtherGrainAEZ04,OtherGrainAEZ04,1975,NOx_AWB,3.05218965775562e-07
Africa_Northern,OtherGrain,OtherGrainAEZ07,OtherGrainAEZ07,1975,NOx_AWB,7.58354991258048e-06
Africa_Northern,OtherGrain,OtherGrainAEZ08,OtherGrainAEZ08,1975,NOx_AWB,3.55558014872732e-06
Africa_Northern,OtherGrain,OtherGrainAEZ09,OtherGrainAEZ09,1975,NOx_AWB,1.17603179793118e-05
Africa_Northern,OtherGrain,OtherGrainAEZ10,OtherGrainAEZ10,1975,NOx_AWB,6.47088205584124e-06
Africa_Northern,PalmFruit,PalmFruitAEZ01,PalmFruitAEZ01,1975,NOx_AWB,0
Africa_Northern,PalmFruit,PalmFruitAEZ02,PalmFruitAEZ02,1975,NOx_AWB,0
Africa_Northern,PalmFruit,PalmFruitAEZ03,PalmFruitAEZ03,1975,NOx_AWB,0
Africa_Northern,PalmFruit,PalmFruitAEZ04,PalmFruitAEZ04,1975,NOx_AWB,0
Africa_Northern,PalmFruit,PalmFruitAEZ07,PalmFruitAEZ07,1975,NOx_AWB,0
Africa_Northern,PalmFruit,PalmFruitAEZ08,PalmFruitAEZ08,1975,NOx_AWB,0
Africa_Northern,PalmFruit,PalmFruitAEZ09,PalmFruitAEZ09,1975,NOx_AWB,0
Africa_Northern,PalmFruit,PalmFruitAEZ10,PalmFruitAEZ10,1975,NOx_AWB,0
Africa_Northern,Rice,RiceAEZ01,RiceAEZ01,1975,NOx_AWB,1.89530270839741e-05
Africa_Northern,Rice,RiceAEZ02,RiceAEZ02,1975,NOx_AWB,1.25209305420391e-06
Africa_Northern,Rice,RiceAEZ03,RiceAEZ03,1975,NOx_AWB,0
Africa_Northern,Rice,RiceAEZ04,RiceAEZ04,1975,NOx_AWB,1.48744874073488e-08
Africa_Northern,Rice,RiceAEZ07,RiceAEZ07,1975,NOx_AWB,1.07345553888299e-07
Africa_Northern,Rice,RiceAEZ08,RiceAEZ08,1975,NOx_AWB,0
Africa_Northern,Rice,RiceAEZ09,RiceAEZ09,1975,NOx_AWB,1.11358190765259e-08
Africa_Northern,Rice,RiceAEZ10,RiceAEZ10,1975,NOx_AWB,6.40618646784605e-08
Africa_Northern,Root_Tuber,Root_TuberAEZ01,Root_TuberAEZ01,1975,NOx_AWB,5.16165591164043e-06
Africa_Northern,Root_Tuber,Root_TuberAEZ02,Root_TuberAEZ02,1975,NOx_AWB,5.69764702600423e-07
Africa_Northern,Root_Tuber,Root_TuberAEZ03,Root_TuberAEZ03,1975,NOx_AWB,1.06560871910849e-07
Africa_Northern,Root_Tuber,Root_TuberAEZ04,Root_TuberAEZ04,1975,NOx_AWB,2.42400805227811e-07
Africa_Northern,Root_Tuber,Root_TuberAEZ07,Root_TuberAEZ07,1975,NOx_AWB,1.22447145273842e-06
Africa_Northern,Root_Tuber,Root_TuberAEZ08,Root_TuberAEZ08,1975,NOx_AWB,8.61250551013125e-07
Africa_Northern,Root_Tuber,Root_TuberAEZ09,Root_TuberAEZ09,1975,NOx_AWB,3.48610532835113e-06
Africa_Northern,Root_Tuber,Root_TuberAEZ10,Root_TuberAEZ10,1975,NOx_AWB,4.33192116314503e-06
Africa_Northern,SugarCrop,SugarCropAEZ01,SugarCropAEZ01,1975,NOx_AWB,5.41280277990583e-05
Africa_Northern,SugarCrop,SugarCropAEZ02,SugarCropAEZ02,1975,NOx_AWB,4.17274253339781e-06
Africa_Northern,SugarCrop,SugarCropAEZ03,SugarCropAEZ03,1975,NOx_AWB,0
Africa_Northern,SugarCrop,SugarCropAEZ04,SugarCropAEZ04,1975,NOx_AWB,2.37594856145463e-06
Africa_Northern,SugarCrop,SugarCropAEZ07,SugarCropAEZ07,1975,NOx_AWB,1.16990308026767e-05
Africa_Northern,SugarCrop,SugarCropAEZ08,SugarCropAEZ08,1975,NOx_AWB,4.77309735597234e-07
Africa_Northern,SugarCrop,SugarCropAEZ09,SugarCropAEZ09,1975,NOx_AWB,6.72543709534629e-06
Africa_Northern,SugarCrop,SugarCropAEZ10,SugarCropAEZ10,1975,NOx_AWB,6.31599474857274e-06
Africa_Northern,Wheat,WheatAEZ01,WheatAEZ01,1975,NOx_AWB,1.86133880697728e-05
Africa_Northern,Wheat,WheatAEZ02,WheatAEZ02,1975,NOx_AWB,1.29509630895437e-06
Africa_Northern,Wheat,WheatAEZ03,WheatAEZ03,1975,NOx_AWB,2.07803722738257e-07
Africa_Northern,Wheat,WheatAEZ04,WheatAEZ04,1975,NOx_AWB,1.49102918020942e-06
Africa_Northern,Wheat,WheatAEZ07,WheatAEZ07,1975,NOx_AWB,7.20523215468115e-06
Africa_Northern,Wheat,WheatAEZ08,WheatAEZ08,1975,NOx_AWB,1.65569761327094e-06
Africa_Northern,Wheat,WheatAEZ09,WheatAEZ09,1975,NOx_AWB,9.14542668518435e-06
Africa_Northern,Wheat,WheatAEZ10,WheatAEZ10,1975,NOx_AWB,1.15901138748192e-05
Africa_Northern,Corn,CornAEZ01,CornAEZ01,1975,SO2_AWB,2.79260942293067e-06
Africa_Northern,Corn,CornAEZ02,CornAEZ02,1975,SO2_AWB,1.65127225073876e-07
Africa_Northern,Corn,CornAEZ03,CornAEZ03,1975,SO2_AWB,9.65114426845646e-09
Africa_Northern,Corn,CornAEZ04,CornAEZ04,1975,SO2_AWB,2.03252033549645e-09
Africa_Northern,Corn,CornAEZ07,CornAEZ07,1975,SO2_AWB,1.00191337547051e-06
Africa_Northern,Corn,CornAEZ08,CornAEZ08,1975,SO2_AWB,1.92306718241249e-08
Africa_Northern,Corn,CornAEZ09,CornAEZ09,1975,SO2_AWB,5.81147442106901e-08
Africa_Northern,Corn,CornAEZ10,CornAEZ10,1975,SO2_AWB,8.1896563066059e-09
Africa_Northern,FiberCrop,FiberCropAEZ01,FiberCropAEZ01,1975,SO2_AWB,1.18002768342477e-06
Africa_Northern,FiberCrop,FiberCropAEZ02,FiberCropAEZ02,1975,SO2_AWB,1.05816127049498e-07
Africa_Northern,FiberCrop,FiberCropAEZ03,FiberCropAEZ03,1975,SO2_AWB,0
Africa_Northern,FiberCrop,FiberCropAEZ04,FiberCropAEZ04,1975,SO2_AWB,0
Africa_Northern,FiberCrop,FiberCropAEZ07,FiberCropAEZ07,1975,SO2_AWB,3.01801303422411e-07
Africa_Northern,FiberCrop,FiberCropAEZ08,FiberCropAEZ08,1975,SO2_AWB,0
Africa_Northern,FiberCrop,FiberCropAEZ09,FiberCropAEZ09,1975,SO2_AWB,0
Africa_Northern,FiberCrop,FiberCropAEZ10,FiberCropAEZ10,1975,SO2_AWB,0
Africa_Northern,FodderGrass,FodderGrassAEZ01,FodderGrassAEZ01,1975,SO2_AWB,1.91377231942073e-10
Africa_Northern,FodderGrass,FodderGrassAEZ02,FodderGrassAEZ02,1975,SO2_AWB,1.94415384270879e-08
Africa_Northern,FodderGrass,FodderGrassAEZ03,FodderGrassAEZ03,1975,SO2_AWB,9.59801793389872e-09
Africa_Northern,FodderGrass,FodderGrassAEZ04,FodderGrassAEZ04,1975,SO2_AWB,2.21054660713901e-08
Africa_Northern,FodderGrass,FodderGrassAEZ07,FodderGrassAEZ07,1975,SO2_AWB,1.84050926887825e-08
Africa_Northern,FodderGrass,FodderGrassAEZ08,FodderGrassAEZ08,1975,SO2_AWB,1.52188944072937e-07
Africa_Northern,FodderGrass,FodderGrassAEZ09,FodderGrassAEZ09,1975,SO2_AWB,5.87182413366868e-07
Africa_Northern,FodderGrass,FodderGrassAEZ10,FodderGrassAEZ10,1975,SO2_AWB,8.11531429964819e-07
Africa_Northern,FodderHerb,FodderHerbAEZ01,FodderHerbAEZ01,1975,SO2_AWB,4.86384496441834e-05
Africa_Northern,FodderHerb,FodderHerbAEZ02,FodderHerbAEZ02,1975,SO2_AWB,4.35827631911171e-06
Africa_Northern,FodderHerb,FodderHerbAEZ03,FodderHerbAEZ03,1975,SO2_AWB,2.41297511964199e-10
Africa_Northern,FodderHerb,FodderHerbAEZ04,FodderHerbAEZ04,1975,SO2_AWB,5.19314210531644e-10
Africa_Northern,FodderHerb,FodderHerbAEZ07,FodderHerbAEZ07,1975,SO2_AWB,1.24496861168144e-05
Africa_Northern,FodderHerb,FodderHerbAEZ08,FodderHerbAEZ08,1975,SO2_AWB,1.39008349283723e-09
Africa_Northern,FodderHerb,FodderHerbAEZ09,FodderHerbAEZ09,1975,SO2_AWB,3.98665454549546e-09
Africa_Northern,FodderHerb,FodderHerbAEZ10,FodderHerbAEZ10,1975,SO2_AWB,3.10408266749598e-09
Africa_Northern,MiscCrop,MiscCropAEZ01,MiscCropAEZ01,1975,SO2_AWB,9.35250616287967e-06
Africa_Northern,MiscCrop,MiscCropAEZ02,MiscCropAEZ02,1975,SO2_AWB,1.03131353228284e-06
Africa_Northern,MiscCrop,MiscCropAEZ03,MiscCropAEZ03,1975,SO2_AWB,8.56292374418861e-08
Africa_Northern,MiscCrop,MiscCropAEZ04,MiscCropAEZ04,1975,SO2_AWB,1.96658317939076e-07
Africa_Northern,MiscCrop,MiscCropAEZ07,MiscCropAEZ07,1975,SO2_AWB,2.8323430716617e-06
Africa_Northern,MiscCrop,MiscCropAEZ08,MiscCropAEZ08,1975,SO2_AWB,9.91383469137493e-07
Africa_Northern,MiscCrop,MiscCropAEZ09,MiscCropAEZ09,1975,SO2_AWB,2.99013818666066e-06
Africa_Northern,MiscCrop,MiscCropAEZ10,MiscCropAEZ10,1975,SO2_AWB,3.58592825327999e-06
Africa_Northern,OilCrop,OilCropAEZ01,OilCropAEZ01,1975,SO2_AWB,3.21955506052467e-07
Africa_Northern,OilCrop,OilCropAEZ02,OilCropAEZ02,1975,SO2_AWB,5.06131752349549e-08
Africa_Northern,OilCrop,OilCropAEZ03,OilCropAEZ03,1975,SO2_AWB,7.3894403762736e-09
Africa_Northern,OilCrop,OilCropAEZ04,OilCropAEZ04,1975,SO2_AWB,3.17542643834161e-08
Africa_Northern,OilCrop,OilCropAEZ07,OilCropAEZ07,1975,SO2_AWB,1.08532582816355e-07
Africa_Northern,OilCrop,OilCropAEZ08,OilCropAEZ08,1975,SO2_AWB,1.87862929345974e-07
Africa_Northern,OilCrop,OilCropAEZ09,OilCropAEZ09,1975,SO2_AWB,4.98602371195835e-07
Africa_Northern,OilCrop,OilCropAEZ10,OilCropAEZ10,1975,SO2_AWB,5.34778953255493e-07
Africa_Northern,OtherGrain,OtherGrainAEZ01,OtherGrainAEZ01,1975,SO2_AWB,4.62258768805453e-07
Africa_Northern,OtherGrain,OtherGrainAEZ02,OtherGrainAEZ02,1975,SO2_AWB,7.1632115116096e-08
Africa_Northern,OtherGrain,OtherGrainAEZ03,OtherGrainAEZ03,1975,SO2_AWB,7.57330156804972e-08
Africa_Northern,OtherGrain,OtherGrainAEZ04,OtherGrainAEZ04,1975,SO2_AWB,4.58276007256232e-08
Africa_Northern,OtherGrain,OtherGrainAEZ07,OtherGrainAEZ07,1975,SO2_AWB,1.13864450262284e-06
Africa_Northern,OtherGrain,OtherGrainAEZ08,OtherGrainAEZ08,1975,SO2_AWB,5.33858395692376e-07
Africa_Northern,OtherGrain,OtherGrainAEZ09,OtherGrainAEZ09,1975,SO2_AWB,1.76577217406134e-06
Africa_Northern,OtherGrain,OtherGrainAEZ10,OtherGrainAEZ10,1975,SO2_AWB,9.71581167782843e-07
Africa_Northern,PalmFruit,PalmFruitAEZ01,PalmFruitAEZ01,1975,SO2_AWB,0
Africa_Northern,PalmFruit,PalmFruitAEZ02,PalmFruitAEZ02,1975,SO2_AWB,0
Africa_Northern,PalmFruit,PalmFruitAEZ03,PalmFruitAEZ03,1975,SO2_AWB,0
Africa_Northern,PalmFruit,PalmFruitAEZ04,PalmFruitAEZ04,1975,SO2_AWB,0
Africa_Northern,PalmFruit,PalmFruitAEZ07,PalmFruitAEZ07,1975,SO2_AWB,0
Africa_Northern,PalmFruit,PalmFruitAEZ08,PalmFruitAEZ08,1975,SO2_AWB,0
Africa_Northern,PalmFruit,PalmFruitAEZ09,PalmFruitAEZ09,1975,SO2_AWB,0
Africa_Northern,PalmFruit,PalmFruitAEZ10,PalmFruitAEZ10,1975,SO2_AWB,0
Africa_Northern,Rice,RiceAEZ01,RiceAEZ01,1975,SO2_AWB,2.84573324445696e-06
Africa_Northern,Rice,RiceAEZ02,RiceAEZ02,1975,SO2_AWB,1.87997559108357e-07
Africa_Northern,Rice,RiceAEZ03,RiceAEZ03,1975,SO2_AWB,0
Africa_Northern,Rice,RiceAEZ04,RiceAEZ04,1975,SO2_AWB,2.23335423527889e-09
Africa_Northern,Rice,RiceAEZ07,RiceAEZ07,1975,SO2_AWB,1.61175737253538e-08
Africa_Northern,Rice,RiceAEZ08,RiceAEZ08,1975,SO2_AWB,0
Africa_Northern,Rice,RiceAEZ09,RiceAEZ09,1975,SO2_AWB,1.67200576509086e-09
Africa_Northern,Rice,RiceAEZ10,RiceAEZ10,1975,SO2_AWB,9.61867342929858e-09
Africa_Northern,Root_Tuber,Root_TuberAEZ01,Root_TuberAEZ01,1975,SO2_AWB,7.75005267450027e-07
Africa_Northern,Root_Tuber,Root_TuberAEZ02,Root_TuberAEZ02,1975,SO2_AWB,8.5548252979554e-08
Africa_Northern,Root_Tuber,Root_TuberAEZ03,Root_TuberAEZ03,1975,SO2_AWB,1.59997563666984e-08
Africa_Northern,Root_Tuber,Root_TuberAEZ04,Root_TuberAEZ04,1975,SO2_AWB,3.63956652867968e-08
Africa_Northern,Root_Tuber,Root_TuberAEZ07,Root_TuberAEZ07,1975,SO2_AWB,1.83850268588102e-07
Africa_Northern,Root_Tuber,Root_TuberAEZ08,Root_TuberAEZ08,1975,SO2_AWB,1.29313872341653e-07
Africa_Northern,Root_Tuber,Root_TuberAEZ09,Root_TuberAEZ09,1975,SO2_AWB,5.23426985178307e-07
Africa_Northern,Root_Tuber,Root_TuberAEZ10,Root_TuberAEZ10,1975,SO2_AWB,6.50423386813608e-07
Africa_Northern,SugarCrop,SugarCropAEZ01,SugarCropAEZ01,1975,SO2_AWB,8.127141246736e-06
Africa_Northern,SugarCrop,SugarCropAEZ02,SugarCropAEZ02,1975,SO2_AWB,6.2652325115339e-07
Africa_Northern,SugarCrop,SugarCropAEZ03,SugarCropAEZ03,1975,SO2_AWB,0
Africa_Northern,SugarCrop,SugarCropAEZ04,SugarCropAEZ04,1975,SO2_AWB,3.56740682029004e-07
Africa_Northern,SugarCrop,SugarCropAEZ07,SugarCropAEZ07,1975,SO2_AWB,1.75657011070562e-06
Africa_Northern,SugarCrop,SugarCropAEZ08,SugarCropAEZ08,1975,SO2_AWB,7.16664507718944e-08
Africa_Northern,SugarCrop,SugarCropAEZ09,SugarCropAEZ09,1975,SO2_AWB,1.0098017504504e-06
Africa_Northern,SugarCrop,SugarCropAEZ10,SugarCropAEZ10,1975,SO2_AWB,9.48325359753575e-07
Africa_Northern,Wheat,WheatAEZ01,WheatAEZ01,1975,SO2_AWB,2.79473758927508e-06
Africa_Northern,Wheat,WheatAEZ02,WheatAEZ02,1975,SO2_AWB,1.94454353113928e-07
Africa_Northern,Wheat,WheatAEZ03,WheatAEZ03,1975,SO2_AWB,3.12010297615307e-08
Africa_Northern,Wheat,WheatAEZ04,WheatAEZ04,1975,SO2_AWB,2.23873014467706e-07
Africa_Northern,Wheat,WheatAEZ07,WheatAEZ07,1975,SO2_AWB,1.08184136421901e-06
Africa_Northern,Wheat,WheatAEZ08,WheatAEZ08,1975,SO2_AWB,2.48597425623748e-07
Africa_Northern,Wheat,WheatAEZ09,WheatAEZ09,1975,SO2_AWB,1.37315504470412e-06
Africa_Northern,Wheat,WheatAEZ10,WheatAEZ10,1975,SO2_AWB,1.74021660046608e-06
Africa_Southern,Corn,CornAEZ01,CornAEZ01,1975,CH4_AWB,4.6205555525194e-06
Africa_Southern,Corn,CornAEZ02,CornAEZ02,1975,CH4_AWB,2.24376871240386e-05
Africa_Southern,Corn,CornAEZ03,CornAEZ03,1975,CH4_AWB,0.000218873003189717
Africa_Southern,Corn,CornAEZ04,CornAEZ04,1975,CH4_AWB,0.000385324720275157
Africa_Southern,Corn,CornAEZ05,CornAEZ05,1975,CH4_AWB,6.05339549269897e-05
Africa_Southern,Corn,CornAEZ06,CornAEZ06,1975,CH4_AWB,4.28991210225527e-06
Africa_Southern,Corn,CornAEZ07,CornAEZ07,1975,CH4_AWB,3.19274499929104e-06
Africa_Southern,Corn,CornAEZ08,CornAEZ08,1975,CH4_AWB,6.69669212113573e-06
Africa_Southern,Corn,CornAEZ09,CornAEZ09,1975,CH4_AWB,0.000135336858239153
Africa_Southern,Corn,CornAEZ10,CornAEZ10,1975,CH4_AWB,5.01156573411639e-05
Africa_Southern,Corn,CornAEZ11,CornAEZ11,1975,CH4_AWB,1.46318531691024e-05
Africa_Southern,FiberCrop,FiberCropAEZ01,FiberCropAEZ01,1975,CH4_AWB,5.55455195829562e-07
Africa_Southern,FiberCrop,FiberCropAEZ02,FiberCropAEZ02,1975,CH4_AWB,2.92649970136442e-06
Africa_Southern,FiberCrop,FiberCropAEZ03,FiberCropAEZ03,1975,CH4_AWB,2.71942371803127e-05
Africa_Southern,FiberCrop,FiberCropAEZ04,FiberCropAEZ04,1975,CH4_AWB,3.20618700890065e-05
Africa_Southern,FiberCrop,FiberCropAEZ05,FiberCropAEZ05,1975,CH4_AWB,4.19643236334742e-06
Africa_Southern,FiberCrop,FiberCropAEZ06,FiberCropAEZ06,1975,CH4_AWB,1.42058533913191e-06
Africa_Southern,FiberCrop,FiberCropAEZ07,FiberCropAEZ07,1975,CH4_AWB,1.31055580934428e-07
Africa_Southern,FiberCrop,FiberCropAEZ08,FiberCropAEZ08,1975,CH4_AWB,6.17308530756559e-07
Africa_Southern,FiberCrop,FiberCropAEZ09,FiberCropAEZ09,1975,CH4_AWB,3.15266243986481e-05
Africa_Southern,FiberCrop,FiberCropAEZ10,FiberCropAEZ10,1975,CH4_AWB,1.41303229163258e-06
Africa_Southern,FiberCrop,FiberCropAEZ11,FiberCropAEZ11,1975,CH4_AWB,5.26059551507822e-07
Africa_Southern,FodderGrass,FodderGrassAEZ01,FodderGrassAEZ01,1975,CH4_AWB,0
Africa_Southern,FodderGrass,FodderGrassAEZ02,FodderGrassAEZ02,1975,CH4_AWB,0
Africa_Southern,FodderGrass,FodderGrassAEZ03,FodderGrassAEZ03,1975,CH4_AWB,0
Africa_Southern,FodderGrass,FodderGrassAEZ04,FodderGrassAEZ04,1975,CH4_AWB,0
Africa_Southern,FodderGrass,FodderGrassAEZ05,FodderGrassAEZ05,1975,CH4_AWB,0
Africa_Southern,FodderGrass,FodderGrassAEZ06,FodderGrassAEZ06,1975,CH4_AWB,0
Africa_Southern,FodderGrass,FodderGrassAEZ07,FodderGrassAEZ07,1975,CH4_AWB,0
Africa_Southern,FodderGrass,FodderGrassAEZ08,FodderGrassAEZ08,1975,CH4_AWB,0
Africa_Southern,FodderGrass,FodderGrassAEZ09,FodderGrassAEZ09,1975,CH4_AWB,0
Africa_Southern,FodderGrass,FodderGrassAEZ10,FodderGrassAEZ10,1975,CH4_AWB,0
Africa_Southern,FodderGrass,FodderGrassAEZ11,FodderGrassAEZ11,1975,CH4_AWB,0
Africa_Southern,FodderHerb,FodderHerbAEZ01,FodderHerbAEZ01,1975,CH4_AWB,0
Africa_Southern,FodderHerb,FodderHerbAEZ02,FodderHerbAEZ02,1975,CH4_AWB,0
Africa_Southern,FodderHerb,FodderHerbAEZ03,FodderHerbAEZ03,1975,CH4_AWB,0
Africa_Southern,FodderHerb,FodderHerbAEZ04,FodderHerbAEZ04,1975,CH4_AWB,0
Africa_Southern,FodderHerb,FodderHerbAEZ05,FodderHerbAEZ05,1975,CH4_AWB,0
Africa_Southern,FodderHerb,FodderHerbAEZ06,FodderHerbAEZ06,1975,CH4_AWB,0
Africa_Southern,FodderHerb,FodderHerbAEZ07,FodderHerbAEZ07,1975,CH4_AWB,0
Africa_Southern,FodderHerb,FodderHerbAEZ08,FodderHerbAEZ08,1975,CH4_AWB,0
Africa_Southern,FodderHerb,FodderHerbAEZ09,FodderHerbAEZ09,1975,CH4_AWB,0
Africa_Southern,FodderHerb,FodderHerbAEZ10,FodderHerbAEZ10,1975,CH4_AWB,0
Africa_Southern,FodderHerb,FodderHerbAEZ11,FodderHerbAEZ11,1975,CH4_AWB,0
Africa_Southern,MiscCrop,MiscCropAEZ01,MiscCropAEZ01,1975,CH4_AWB,1.89213861255629e-05
Africa_Southern,MiscCrop,MiscCropAEZ02,MiscCropAEZ02,1975,CH4_AWB,2.96384261167355e-05
Africa_Southern,MiscCrop,MiscCropAEZ03,MiscCropAEZ03,1975,CH4_AWB,0.0001463856690495
Africa_Southern,MiscCrop,MiscCropAEZ04,MiscCropAEZ04,1975,CH4_AWB,0.000377731431407788
Africa_Southern,MiscCrop,MiscCropAEZ05,MiscCropAEZ05,1975,CH4_AWB,8.42248488568718e-05
Africa_Southern,MiscCrop,MiscCropAEZ06,MiscCropAEZ06,1975,CH4_AWB,1.95239457343352e-05
Africa_Southern,MiscCrop,MiscCropAEZ07,MiscCropAEZ07,1975,CH4_AWB,1.22664500020122e-05
Africa_Southern,MiscCrop,MiscCropAEZ08,MiscCropAEZ08,1975,CH4_AWB,1.09649618234688e-05
Africa_Southern,MiscCrop,MiscCropAEZ09,MiscCropAEZ09,1975,CH4_AWB,4.18582132534217e-05
Africa_Southern,MiscCrop,MiscCropAEZ10,MiscCropAEZ10,1975,CH4_AWB,1.75912915817547e-05
Africa_Southern,MiscCrop,MiscCropAEZ11,MiscCropAEZ11,1975,CH4_AWB,6.2294925209934e-06
Africa_Southern,OilCrop,OilCropAEZ01,OilCropAEZ01,1975,CH4_AWB,3.90932368012355e-06
Africa_Southern,OilCrop,OilCropAEZ02,OilCropAEZ02,1975,CH4_AWB,8.26031931698087e-06
Africa_Southern,OilCrop,OilCropAEZ03,OilCropAEZ03,1975,CH4_AWB,2.85613341370257e-05
Africa_Southern,OilCrop,OilCropAEZ04,OilCropAEZ04,1975,CH4_AWB,3.48147518050712e-05
Africa_Southern,OilCrop,OilCropAEZ05,OilCropAEZ05,1975,CH4_AWB,8.33550892223155e-06
Africa_Southern,OilCrop,OilCropAEZ06,OilCropAEZ06,1975,CH4_AWB,8.59590427723271e-07
Africa_Southern,OilCrop,OilCropAEZ07,OilCropAEZ07,1975,CH4_AWB,3.11438559705763e-06
Africa_Southern,OilCrop,OilCropAEZ08,OilCropAEZ08,1975,CH4_AWB,3.15367707723613e-06
Africa_Southern,OilCrop,OilCropAEZ09,OilCropAEZ09,1975,CH4_AWB,1.63881191871779e-05
Africa_Southern,OilCrop,OilCropAEZ10,OilCropAEZ10,1975,CH4_AWB,4.66050534208159e-06
Africa_Southern,OilCrop,OilCropAEZ11,OilCropAEZ11,1975,CH4_AWB,1.24679010511866e-06
Africa_Southern,OtherGrain,OtherGrainAEZ01,OtherGrainAEZ01,1975,CH4_AWB,2.02211935542316e-06
Africa_Southern,OtherGrain,OtherGrainAEZ02,OtherGrainAEZ02,1975,CH4_AWB,2.01834240835125e-06
Africa_Southern,OtherGrain,OtherGrainAEZ03,OtherGrainAEZ03,1975,CH4_AWB,3.63108428133777e-05
Africa_Southern,OtherGrain,OtherGrainAEZ04,OtherGrainAEZ04,1975,CH4_AWB,0.000102574183311766
Africa_Southern,OtherGrain,OtherGrainAEZ05,OtherGrainAEZ05,1975,CH4_AWB,1.98143001408308e-05
Africa_Southern,OtherGrain,OtherGrainAEZ06,OtherGrainAEZ06,1975,CH4_AWB,1.11942900523642e-06
Africa_Southern,OtherGrain,OtherGrainAEZ07,OtherGrainAEZ07,1975,CH4_AWB,4.74486239268583e-06
Africa_Southern,OtherGrain,OtherGrainAEZ08,OtherGrainAEZ08,1975,CH4_AWB,8.4122779995115e-06
Africa_Southern,OtherGrain,OtherGrainAEZ09,OtherGrainAEZ09,1975,CH4_AWB,9.99525462422748e-06
Africa_Southern,OtherGrain,OtherGrainAEZ10,OtherGrainAEZ10,1975,CH4_AWB,5.33726201419558e-06
Africa_Southern,OtherGrain,OtherGrainAEZ11,OtherGrainAEZ11,1975,CH4_AWB,6.30750161009151e-07
Africa_Southern,PalmFruit,PalmFruitAEZ01,PalmFruitAEZ01,1975,CH4_AWB,7.19667040384344e-07
Africa_Southern,PalmFruit,PalmFruitAEZ02,PalmFruitAEZ02,1975,CH4_AWB,4.089102635666e-06
Africa_Southern,PalmFruit,PalmFruitAEZ03,PalmFruitAEZ03,1975,CH4_AWB,2.43875107796465e-05
Africa_Southern,PalmFruit,PalmFruitAEZ04,PalmFruitAEZ04,1975,CH4_AWB,7.64724999416121e-05
Africa_Southern,PalmFruit,PalmFruitAEZ05,PalmFruitAEZ05,1975,CH4_AWB,1.77498395063307e-05
Africa_Southern,PalmFruit,PalmFruitAEZ06,PalmFruitAEZ06,1975,CH4_AWB,1.94199511303483e-06
Africa_Southern,PalmFruit,PalmFruitAEZ07,PalmFruitAEZ07,1975,CH4_AWB,0
Africa_Southern,PalmFruit,PalmFruitAEZ08,PalmFruitAEZ08,1975,CH4_AWB,0
Africa_Southern,PalmFruit,PalmFruitAEZ09,PalmFruitAEZ09,1975,CH4_AWB,2.01273072529642e-06
Africa_Southern,PalmFruit,PalmFruitAEZ10,PalmFruitAEZ10,1975,CH4_AWB,2.82650325573972e-06
Africa_Southern,PalmFruit,PalmFruitAEZ11,PalmFruitAEZ11,1975,CH4_AWB,2.5456474029252e-08
Africa_Southern,Rice,RiceAEZ01,RiceAEZ01,1975,CH4_AWB,7.10889336753897e-09
Africa_Southern,Rice,RiceAEZ02,RiceAEZ02,1975,CH4_AWB,1.02700577246849e-06
Africa_Southern,Rice,RiceAEZ03,RiceAEZ03,1975,CH4_AWB,1.09162790637083e-05
Africa_Southern,Rice,RiceAEZ04,RiceAEZ04,1975,CH4_AWB,4.66245944275678e-05
Africa_Southern,Rice,RiceAEZ05,RiceAEZ05,1975,CH4_AWB,8.15481796913075e-06
Africa_Southern,Rice,RiceAEZ06,RiceAEZ06,1975,CH4_AWB,2.79081394461127e-07
Africa_Southern,Rice,RiceAEZ07,RiceAEZ07,1975,CH4_AWB,0
Africa_Southern,Rice,RiceAEZ08,RiceAEZ08,1975,CH4_AWB,0
Africa_Southern,Rice,RiceAEZ09,RiceAEZ09,1975,CH4_AWB,1.0376691125198e-07
Africa_Southern,Rice,RiceAEZ10,RiceAEZ10,1975,CH4_AWB,1.13512974739735e-08
Africa_Southern,Rice,RiceAEZ11,RiceAEZ11,1975,CH4_AWB,0
Africa_Southern,Root_Tuber,Root_TuberAEZ01,Root_TuberAEZ01,1975,CH4_AWB,7.49704288983303e-06
Africa_Southern,Root_Tuber,Root_TuberAEZ02,Root_TuberAEZ02,1975,CH4_AWB,2.02757325026354e-05
Africa_Southern,Root_Tuber,Root_TuberAEZ03,Root_TuberAEZ03,1975,CH4_AWB,0.00019314334355632
Africa_Southern,Root_Tuber,Root_TuberAEZ04,Root_TuberAEZ04,1975,CH4_AWB,0.0007977483763337
Africa_Southern,Root_Tuber,Root_TuberAEZ05,Root_TuberAEZ05,1975,CH4_AWB,0.000385712317701459
Africa_Southern,Root_Tuber,Root_TuberAEZ06,Root_TuberAEZ06,1975,CH4_AWB,1.04363032525271e-05
Africa_Southern,Root_Tuber,Root_TuberAEZ07,Root_TuberAEZ07,1975,CH4_AWB,1.06772229390783e-05
Africa_Southern,Root_Tuber,Root_TuberAEZ08,Root_TuberAEZ08,1975,CH4_AWB,2.07360719537519e-05
Africa_Southern,Root_Tuber,Root_TuberAEZ09,Root_TuberAEZ09,1975,CH4_AWB,5.40386473743527e-05
Africa_Southern,Root_Tuber,Root_TuberAEZ10,Root_TuberAEZ10,1975,CH4_AWB,5.53315562343305e-05
Africa_Southern,Root_Tuber,Root_TuberAEZ11,Root_TuberAEZ11,1975,CH4_AWB,1.12057794323834e-05
Africa_Southern,SugarCrop,SugarCropAEZ01,SugarCropAEZ01,1975,CH4_AWB,4.97211415126703e-05
Africa_Southern,SugarCrop,SugarCropAEZ02,SugarCropAEZ02,1975,CH4_AWB,0.000174376985142813
Africa_Southern,SugarCrop,SugarCropAEZ03,SugarCropAEZ03,1975,CH4_AWB,0.000264053685876842
Africa_Southern,SugarCrop,SugarCropAEZ04,SugarCropAEZ04,1975,CH4_AWB,0.000113131483247692
Africa_Southern,SugarCrop,SugarCropAEZ05,SugarCropAEZ05,1975,CH4_AWB,1.53420108315081e-05
Africa_Southern,SugarCrop,SugarCropAEZ06,SugarCropAEZ06,1975,CH4_AWB,1.43593872423434e-06
Africa_Southern,SugarCrop,SugarCropAEZ07,SugarCropAEZ07,1975,CH4_AWB,5.28164146344697e-05
Africa_Southern,SugarCrop,SugarCropAEZ08,SugarCropAEZ08,1975,CH4_AWB,9.99999787749418e-05
Africa_Southern,SugarCrop,SugarCropAEZ09,SugarCropAEZ09,1975,CH4_AWB,0.000252860804472971
Africa_Southern,SugarCrop,SugarCropAEZ10,SugarCropAEZ10,1975,CH4_AWB,0.000187390356149793
Africa_Southern,SugarCrop,SugarCropAEZ11,SugarCropAEZ11,1975,CH4_AWB,0.000167505320125675
Africa_Southern,Wheat,WheatAEZ01,WheatAEZ01,1975,CH4_AWB,1.41235337994118e-06
Africa_Southern,Wheat,WheatAEZ02,WheatAEZ02,1975,CH4_AWB,3.05688125504884e-06
Africa_Southern,Wheat,WheatAEZ03,WheatAEZ03,1975,CH4_AWB,1.00075865445508e-05
Africa_Southern,Wheat,WheatAEZ04,WheatAEZ04,1975,CH4_AWB,4.70787777232789e-06
Africa_Southern,Wheat,WheatAEZ05,WheatAEZ05,1975,CH4_AWB,4.82660223556562e-07
Africa_Southern,Wheat,WheatAEZ06,WheatAEZ06,1975,CH4_AWB,8.50875239465691e-08
Africa_Southern,Wheat,WheatAEZ07,WheatAEZ07,1975,CH4_AWB,1.38876771540862e-06
Africa_Southern,Wheat,WheatAEZ08,WheatAEZ08,1975,CH4_AWB,3.69807297059008e-06
Africa_Southern,Wheat,WheatAEZ09,WheatAEZ09,1975,CH4_AWB,7.81282601458867e-06
Africa_Southern,Wheat,WheatAEZ10,WheatAEZ10,1975,CH4_AWB,3.08633845632157e-06
Africa_Southern,Wheat,WheatAEZ11,WheatAEZ11,1975,CH4_AWB,9.3287771868437e-07
Africa_Southern,Corn,CornAEZ01,CornAEZ01,1975,CO_AWB,0.000167289464012447
Africa_Southern,Corn,CornAEZ02,CornAEZ02,1975,CO_AWB,0.000812367389590788
Africa_Southern,Corn,CornAEZ03,CornAEZ03,1975,CO_AWB,0.00792440367272236
Africa_Southern,Corn,CornAEZ04,CornAEZ04,1975,CO_AWB,0.0139508691526129
Africa_Southern,Corn,CornAEZ05,CornAEZ05,1975,CO_AWB,0.0021916613184681
Africa_Southern,Corn,CornAEZ06,CornAEZ06,1975,CO_AWB,0.000155318356870634
Africa_Southern,Corn,CornAEZ07,CornAEZ07,1975,CO_AWB,0.00011559488758199
Africa_Southern,Corn,CornAEZ08,CornAEZ08,1975,CO_AWB,0.000242456999568013
Africa_Southern,Corn,CornAEZ09,CornAEZ09,1975,CO_AWB,0.00489993686227008
Africa_Southern,Corn,CornAEZ10,CornAEZ10,1975,CO_AWB,0.00181446178061065
Africa_Southern,Corn,CornAEZ11,CornAEZ11,1975,CO_AWB,0.000529753369772451
Africa_Southern,FiberCrop,FiberCropAEZ01,FiberCropAEZ01,1975,CO_AWB,2.0110525874446e-05
Africa_Southern,FiberCrop,FiberCropAEZ02,FiberCropAEZ02,1975,CO_AWB,0.000105955346907776
Africa_Southern,FiberCrop,FiberCropAEZ03,FiberCropAEZ03,1975,CO_AWB,0.000984580600841673
Africa_Southern,FiberCrop,FiberCropAEZ04,FiberCropAEZ04,1975,CO_AWB,0.00116081562086231
Africa_Southern,FiberCrop,FiberCropAEZ05,FiberCropAEZ05,1975,CO_AWB,0.000151933877398378
Africa_Southern,FiberCrop,FiberCropAEZ06,FiberCropAEZ06,1975,CO_AWB,5.14329840353803e-05
Africa_Southern,FiberCrop,FiberCropAEZ07,FiberCropAEZ07,1975,CO_AWB,4.7449311324492e-06
Africa_Southern,FiberCrop,FiberCropAEZ08,FiberCropAEZ08,1975,CO_AWB,2.2349955988359e-05
Africa_Southern,FiberCrop,FiberCropAEZ09,FiberCropAEZ09,1975,CO_AWB,0.00114143678997558
Africa_Southern,FiberCrop,FiberCropAEZ10,FiberCropAEZ10,1975,CO_AWB,5.11595222722953e-05
Africa_Southern,FiberCrop,FiberCropAEZ11,FiberCropAEZ11,1975,CO_AWB,1.90462422559527e-05
Africa_Southern,FodderGrass,FodderGrassAEZ01,FodderGrassAEZ01,1975,CO_AWB,0
Africa_Southern,FodderGrass,FodderGrassAEZ02,FodderGrassAEZ02,1975,CO_AWB,0
Africa_Southern,FodderGrass,FodderGrassAEZ03,FodderGrassAEZ03,1975,CO_AWB,0
Africa_Southern,FodderGrass,FodderGrassAEZ04,FodderGrassAEZ04,1975,CO_AWB,0
Africa_Southern,FodderGrass,FodderGrassAEZ05,FodderGrassAEZ05,1975,CO_AWB,0
Africa_Southern,FodderGrass,FodderGrassAEZ06,FodderGrassAEZ06,1975,CO_AWB,0
Africa_Southern,FodderGrass,FodderGrassAEZ07,FodderGrassAEZ07,1975,CO_AWB,0
Africa_Southern,FodderGrass,FodderGrassAEZ08,FodderGrassAEZ08,1975,CO_AWB,0
Africa_Southern,FodderGrass,FodderGrassAEZ09,FodderGrassAEZ09,1975,CO_AWB,0
Africa_Southern,FodderGrass,FodderGrassAEZ10,FodderGrassAEZ10,1975,CO_AWB,0
Africa_Southern,FodderGrass,FodderGrassAEZ11,FodderGrassAEZ11,1975,CO_AWB,0
Africa_Southern,FodderHerb,FodderHerbAEZ01,FodderHerbAEZ01,1975,CO_AWB,0
Africa_Southern,FodderHerb,FodderHerbAEZ02,FodderHerbAEZ02,1975,CO_AWB,0
Africa_Southern,FodderHerb,FodderHerbAEZ03,FodderHerbAEZ03,1975,CO_AWB,0
Africa_Southern,FodderHerb,FodderHerbAEZ04,FodderHerbAEZ04,1975,CO_AWB,0
Africa_Southern,FodderHerb,FodderHerbAEZ05,FodderHerbAEZ05,1975,CO_AWB,0
Africa_Southern,FodderHerb,FodderHerbAEZ06,FodderHerbAEZ06,1975,CO_AWB,0
Africa_Southern,FodderHerb,FodderHerbAEZ07,FodderHerbAEZ07,1975,CO_AWB,0
Africa_Southern,FodderHerb,FodderHerbAEZ08,FodderHerbAEZ08,1975,CO_AWB,0
Africa_Southern,FodderHerb,FodderHerbAEZ09,FodderHerbAEZ09,1975,CO_AWB,0
Africa_Southern,FodderHerb,FodderHerbAEZ10,FodderHerbAEZ10,1975,CO_AWB,0
Africa_Southern,FodderHerb,FodderHerbAEZ11,FodderHerbAEZ11,1975,CO_AWB,0
Africa_Southern,MiscCrop,MiscCropAEZ01,MiscCropAEZ01,1975,CO_AWB,0.00068505799948494
Africa_Southern,MiscCrop,MiscCropAEZ02,MiscCropAEZ02,1975,CO_AWB,0.001073073651617
Africa_Southern,MiscCrop,MiscCropAEZ03,MiscCropAEZ03,1975,CO_AWB,0.0052999644384844
Africa_Southern,MiscCrop,MiscCropAEZ04,MiscCropAEZ04,1975,CO_AWB,0.0136759504312005
Africa_Southern,MiscCrop,MiscCropAEZ05,MiscCropAEZ05,1975,CO_AWB,0.00304940167078238
Africa_Southern,MiscCrop,MiscCropAEZ06,MiscCropAEZ06,1975,CO_AWB,0.00070687396357006
Africa_Southern,MiscCrop,MiscCropAEZ07,MiscCropAEZ07,1975,CO_AWB,0.00044411279614487
Africa_Southern,MiscCrop,MiscCropAEZ08,MiscCropAEZ08,1975,CO_AWB,0.000396991782809508
Africa_Southern,MiscCrop,MiscCropAEZ09,MiscCropAEZ09,1975,CO_AWB,0.0015154969959977
Africa_Southern,MiscCrop,MiscCropAEZ10,MiscCropAEZ10,1975,CO_AWB,0.000636901278763721
Africa_Southern,MiscCrop,MiscCropAEZ11,MiscCropAEZ11,1975,CO_AWB,0.000225541810516336
Africa_Southern,OilCrop,OilCropAEZ01,OilCropAEZ01,1975,CO_AWB,0.000141538967698904
Africa_Southern,OilCrop,OilCropAEZ02,OilCropAEZ02,1975,CO_AWB,0.00029906888368779
Africa_Southern,OilCrop,OilCropAEZ03,OilCropAEZ03,1975,CO_AWB,0.00103407701194247
Africa_Southern,OilCrop,OilCropAEZ04,OilCropAEZ04,1975,CO_AWB,0.00126048504405949
Africa_Southern,OilCrop,OilCropAEZ05,OilCropAEZ05,1975,CO_AWB,0.000301791159963601
Africa_Southern,OilCrop,OilCropAEZ06,OilCropAEZ06,1975,CO_AWB,3.11218900605248e-05
Africa_Southern,OilCrop,OilCropAEZ07,OilCropAEZ07,1975,CO_AWB,0.000112757847262712
Africa_Southern,OilCrop,OilCropAEZ08,OilCropAEZ08,1975,CO_AWB,0.00011418041443772
Africa_Southern,OilCrop,OilCropAEZ09,OilCropAEZ09,1975,CO_AWB,0.00059333983626714
Africa_Southern,OilCrop,OilCropAEZ10,OilCropAEZ10,1975,CO_AWB,0.000168735865599292
Africa_Southern,OilCrop,OilCropAEZ11,OilCropAEZ11,1975,CO_AWB,4.51406429487893e-05
Africa_Southern,OtherGrain,OtherGrainAEZ01,OtherGrainAEZ01,1975,CO_AWB,7.32118160452558e-05
Africa_Southern,OtherGrain,OtherGrainAEZ02,OtherGrainAEZ02,1975,CO_AWB,7.30750698371255e-05
Africa_Southern,OtherGrain,OtherGrainAEZ03,OtherGrainAEZ03,1975,CO_AWB,0.00131465174761897
Africa_Southern,OtherGrain,OtherGrainAEZ04,OtherGrainAEZ04,1975,CO_AWB,0.00371374826093877
Africa_Southern,OtherGrain,OtherGrainAEZ05,OtherGrainAEZ05,1975,CO_AWB,0.000717386386261271
Africa_Southern,OtherGrain,OtherGrainAEZ06,OtherGrainAEZ06,1975,CO_AWB,4.05294723020649e-05
Africa_Southern,OtherGrain,OtherGrainAEZ07,OtherGrainAEZ07,1975,CO_AWB,0.000171790053698721
Africa_Southern,OtherGrain,OtherGrainAEZ08,OtherGrainAEZ08,1975,CO_AWB,0.000304570621793443
Africa_Southern,OtherGrain,OtherGrainAEZ09,OtherGrainAEZ09,1975,CO_AWB,0.000361883061408757
Africa_Southern,OtherGrain,OtherGrainAEZ10,OtherGrainAEZ10,1975,CO_AWB,0.000193238170497037
Africa_Southern,OtherGrain,OtherGrainAEZ11,OtherGrainAEZ11,1975,CO_AWB,2.28366167577947e-05
Africa_Southern,PalmFruit,PalmFruitAEZ01,PalmFruitAEZ01,1975,CO_AWB,2.6055895678535e-05
Africa_Southern,PalmFruit,PalmFruitAEZ02,PalmFruitAEZ02,1975,CO_AWB,0.000148047952337562
Africa_Southern,PalmFruit,PalmFruitAEZ03,PalmFruitAEZ03,1975,CO_AWB,0.000882961704615868
Africa_Southern,PalmFruit,PalmFruitAEZ04,PalmFruitAEZ04,1975,CO_AWB,0.00276872410287301
Africa_Southern,PalmFruit,PalmFruitAEZ05,PalmFruitAEZ05,1975,CO_AWB,0.000642641583586623
Africa_Southern,PalmFruit,PalmFruitAEZ06,PalmFruitAEZ06,1975,CO_AWB,7.03108788286827e-05
Africa_Southern,PalmFruit,PalmFruitAEZ07,PalmFruitAEZ07,1975,CO_AWB,0
Africa_Southern,PalmFruit,PalmFruitAEZ08,PalmFruitAEZ08,1975,CO_AWB,0
Africa_Southern,PalmFruit,PalmFruitAEZ09,PalmFruitAEZ09,1975,CO_AWB,7.2871896119208e-05
Africa_Southern,PalmFruit,PalmFruitAEZ10,PalmFruitAEZ10,1975,CO_AWB,0.000102334926895168
Africa_Southern,PalmFruit,PalmFruitAEZ11,PalmFruitAEZ11,1975,CO_AWB,9.21664039658242e-07
Africa_Southern,Rice,RiceAEZ01,RiceAEZ01,1975,CO_AWB,2.57380946438094e-07
Africa_Southern,Rice,RiceAEZ02,RiceAEZ02,1975,CO_AWB,3.71832441491293e-05
Africa_Southern,Rice,RiceAEZ03,RiceAEZ03,1975,CO_AWB,0.000395229199783633
Africa_Southern,Rice,RiceAEZ04,RiceAEZ04,1975,CO_AWB,0.00168806614765894
Africa_Southern,Rice,RiceAEZ05,RiceAEZ05,1975,CO_AWB,0.000295249156009196
Africa_Southern,Rice,RiceAEZ06,RiceAEZ06,1975,CO_AWB,1.01042778004891e-05
Africa_Southern,Rice,RiceAEZ07,RiceAEZ07,1975,CO_AWB,0
Africa_Southern,Rice,RiceAEZ08,RiceAEZ08,1975,CO_AWB,0
Africa_Southern,Rice,RiceAEZ09,RiceAEZ09,1975,CO_AWB,3.75693155687864e-06
Africa_Southern,Rice,RiceAEZ10,RiceAEZ10,1975,CO_AWB,4.1097925318341e-07
Africa_Southern,Rice,RiceAEZ11,RiceAEZ11,1975,CO_AWB,0
Africa_Southern,Root_Tuber,Root_TuberAEZ01,Root_TuberAEZ01,1975,CO_AWB,0.000271434088923494
Africa_Southern,Root_Tuber,Root_TuberAEZ02,Root_TuberAEZ02,1975,CO_AWB,0.000734092769640256
Africa_Southern,Root_Tuber,Root_TuberAEZ03,Root_TuberAEZ03,1975,CO_AWB,0.00699284881522332
Africa_Southern,Root_Tuber,Root_TuberAEZ04,Root_TuberAEZ04,1975,CO_AWB,0.0288828684725795
Africa_Southern,Root_Tuber,Root_TuberAEZ05,Root_TuberAEZ05,1975,CO_AWB,0.0139649023061941
Africa_Southern,Root_Tuber,Root_TuberAEZ06,Root_TuberAEZ06,1975,CO_AWB,0.000377851441789215
Africa_Southern,Root_Tuber,Root_TuberAEZ07,Root_TuberAEZ07,1975,CO_AWB,0.000386574056369883
Africa_Southern,Root_Tuber,Root_TuberAEZ08,Root_TuberAEZ08,1975,CO_AWB,0.000750759583655525
Africa_Southern,Root_Tuber,Root_TuberAEZ09,Root_TuberAEZ09,1975,CO_AWB,0.00195649554527787
Africa_Southern,Root_Tuber,Root_TuberAEZ10,Root_TuberAEZ10,1975,CO_AWB,0.00200330594020639
Africa_Southern,Root_Tuber,Root_TuberAEZ11,Root_TuberAEZ11,1975,CO_AWB,0.000405710701619629
Africa_Southern,SugarCrop,SugarCropAEZ01,SugarCropAEZ01,1975,CO_AWB,0.00180017814290888
Africa_Southern,SugarCrop,SugarCropAEZ02,SugarCropAEZ02,1975,CO_AWB,0.00631340366955262
Africa_Southern,SugarCrop,SugarCropAEZ03,SugarCropAEZ03,1975,CO_AWB,0.0095601922926264
Africa_Southern,SugarCrop,SugarCropAEZ04,SugarCropAEZ04,1975,CO_AWB,0.00409598044657642
Africa_Southern,SugarCrop,SugarCropAEZ05,SugarCropAEZ05,1975,CO_AWB,0.000555464973790157
Africa_Southern,SugarCrop,SugarCropAEZ06,SugarCropAEZ06,1975,CO_AWB,5.19888608201885e-05
Africa_Southern,SugarCrop,SugarCropAEZ07,SugarCropAEZ07,1975,CO_AWB,0.00191224401369699
Africa_Southern,SugarCrop,SugarCropAEZ08,SugarCropAEZ08,1975,CO_AWB,0.00362054793203266
Africa_Southern,SugarCrop,SugarCropAEZ09,SugarCropAEZ09,1975,CO_AWB,0.00915494857041046
Africa_Southern,SugarCrop,SugarCropAEZ10,SugarCropAEZ10,1975,CO_AWB,0.00678455910443659
Africa_Southern,SugarCrop,SugarCropAEZ11,SugarCropAEZ11,1975,CO_AWB,0.00606461169107216
Africa_Southern,Wheat,WheatAEZ01,WheatAEZ01,1975,CO_AWB,5.1134941943875e-05
Africa_Southern,Wheat,WheatAEZ02,WheatAEZ02,1975,CO_AWB,0.000110675874555384
Africa_Southern,Wheat,WheatAEZ03,WheatAEZ03,1975,CO_AWB,0.00036232954458977
Africa_Southern,Wheat,WheatAEZ04,WheatAEZ04,1975,CO_AWB,0.000170451007506968
Africa_Southern,Wheat,WheatAEZ05,WheatAEZ05,1975,CO_AWB,1.74749484517893e-05
Africa_Southern,Wheat,WheatAEZ06,WheatAEZ06,1975,CO_AWB,3.08063524253192e-06
Africa_Southern,Wheat,WheatAEZ07,WheatAEZ07,1975,CO_AWB,5.0281011473138e-05
Africa_Southern,Wheat,WheatAEZ08,WheatAEZ08,1975,CO_AWB,0.000133890532880101
Africa_Southern,Wheat,WheatAEZ09,WheatAEZ09,1975,CO_AWB,0.000282867170743221
Africa_Southern,Wheat,WheatAEZ10,WheatAEZ10,1975,CO_AWB,0.000111742386873266
Africa_Southern,Wheat,WheatAEZ11,WheatAEZ11,1975,CO_AWB,3.37752921210458e-05
Africa_Southern,Corn,CornAEZ01,CornAEZ01,1975,N2O_AWB,1.1974597930755e-07
Africa_Southern,Corn,CornAEZ02,CornAEZ02,1975,N2O_AWB,5.81493456257524e-07
Africa_Southern,Corn,CornAEZ03,CornAEZ03,1975,N2O_AWB,5.67229672125602e-06
Africa_Southern,Corn,CornAEZ04,CornAEZ04,1975,N2O_AWB,9.98604723096502e-06
Africa_Southern,Corn,CornAEZ05,CornAEZ05,1975,N2O_AWB,1.56879354261611e-06
Africa_Southern,Corn,CornAEZ06,CornAEZ06,1975,N2O_AWB,1.11177047865547e-07
Africa_Southern,Corn,CornAEZ07,CornAEZ07,1975,N2O_AWB,8.2742945577383e-08
Africa_Southern,Corn,CornAEZ08,CornAEZ08,1975,N2O_AWB,1.73550982571632e-07
Africa_Southern,Corn,CornAEZ09,CornAEZ09,1975,N2O_AWB,3.50738010658003e-06
Africa_Southern,Corn,CornAEZ10,CornAEZ10,1975,N2O_AWB,1.2987937053775e-06
Africa_Southern,Corn,CornAEZ11,CornAEZ11,1975,N2O_AWB,3.79198035150359e-07
Africa_Southern,FiberCrop,FiberCropAEZ01,FiberCropAEZ01,1975,N2O_AWB,1.43951361757377e-08
Africa_Southern,FiberCrop,FiberCropAEZ02,FiberCropAEZ02,1975,N2O_AWB,7.58429519350884e-08
Africa_Southern,FiberCrop,FiberCropAEZ03,FiberCropAEZ03,1975,N2O_AWB,7.04763859164672e-07
Africa_Southern,FiberCrop,FiberCropAEZ04,FiberCropAEZ04,1975,N2O_AWB,8.30913077139851e-07
Africa_Southern,FiberCrop,FiberCropAEZ05,FiberCropAEZ05,1975,N2O_AWB,1.08754433798104e-07
Africa_Southern,FiberCrop,FiberCropAEZ06,FiberCropAEZ06,1975,N2O_AWB,3.68157856107898e-08
Africa_Southern,FiberCrop,FiberCropAEZ07,FiberCropAEZ07,1975,N2O_AWB,3.39642683749488e-09
Africa_Southern,FiberCrop,FiberCropAEZ08,FiberCropAEZ08,1975,N2O_AWB,1.59981226738077e-08
Africa_Southern,FiberCrop,FiberCropAEZ09,FiberCropAEZ09,1975,N2O_AWB,8.17041689027839e-07
Africa_Southern,FiberCrop,FiberCropAEZ10,FiberCropAEZ10,1975,N2O_AWB,3.66200413849529e-08
Africa_Southern,FiberCrop,FiberCropAEZ11,FiberCropAEZ11,1975,N2O_AWB,1.36333208103183e-08
Africa_Southern,FodderGrass,FodderGrassAEZ01,FodderGrassAEZ01,1975,N2O_AWB,0
Africa_Southern,FodderGrass,FodderGrassAEZ02,FodderGrassAEZ02,1975,N2O_AWB,0
Africa_Southern,FodderGrass,FodderGrassAEZ03,FodderGrassAEZ03,1975,N2O_AWB,0
Africa_Southern,FodderGrass,FodderGrassAEZ04,FodderGrassAEZ04,1975,N2O_AWB,0
Africa_Southern,FodderGrass,FodderGrassAEZ05,FodderGrassAEZ05,1975,N2O_AWB,0
Africa_Southern,FodderGrass,FodderGrassAEZ06,FodderGrassAEZ06,1975,N2O_AWB,0
Africa_Southern,FodderGrass,FodderGrassAEZ07,FodderGrassAEZ07,1975,N2O_AWB,0
Africa_Southern,FodderGrass,FodderGrassAEZ08,FodderGrassAEZ08,1975,N2O_AWB,0
Africa_Southern,FodderGrass,FodderGrassAEZ09,FodderGrassAEZ09,1975,N2O_AWB,0
Africa_Southern,FodderGrass,FodderGrassAEZ10,FodderGrassAEZ10,1975,N2O_AWB,0
Africa_Southern,FodderGrass,FodderGrassAEZ11,FodderGrassAEZ11,1975,N2O_AWB,0
Africa_Southern,FodderHerb,FodderHerbAEZ01,FodderHerbAEZ01,1975,N2O_AWB,0
Africa_Southern,FodderHerb,FodderHerbAEZ02,FodderHerbAEZ02,1975,N2O_AWB,0
Africa_Southern,FodderHerb,FodderHerbAEZ03,FodderHerbAEZ03,1975,N2O_AWB,0
Africa_Southern,FodderHerb,FodderHerbAEZ04,FodderHerbAEZ04,1975,N2O_AWB,0
Africa_Southern,FodderHerb,FodderHerbAEZ05,FodderHerbAEZ05,1975,N2O_AWB,0
Africa_Southern,FodderHerb,FodderHerbAEZ06,FodderHerbAEZ06,1975,N2O_AWB,0
Africa_Southern,FodderHerb,FodderHerbAEZ07,FodderHerbAEZ07,1975,N2O_AWB,0
Africa_Southern,FodderHerb,FodderHerbAEZ08,FodderHerbAEZ08,1975,N2O_AWB,0
Africa_Southern,FodderHerb,FodderHerbAEZ09,FodderHerbAEZ09,1975,N2O_AWB,0
Africa_Southern,FodderHerb,FodderHerbAEZ10,FodderHerbAEZ10,1975,N2O_AWB,0
Africa_Southern,FodderHerb,FodderHerbAEZ11,FodderHerbAEZ11,1975,N2O_AWB,0
Africa_Southern,MiscCrop,MiscCropAEZ01,MiscCropAEZ01,1975,N2O_AWB,4.90365257101256e-07
Africa_Southern,MiscCrop,MiscCropAEZ02,MiscCropAEZ02,1975,N2O_AWB,7.68107280638101e-07
Africa_Southern,MiscCrop,MiscCropAEZ03,MiscCropAEZ03,1975,N2O_AWB,3.793720278369e-06
Africa_Southern,MiscCrop,MiscCropAEZ04,MiscCropAEZ04,1975,N2O_AWB,9.78926011278125e-06
Africa_Southern,MiscCrop,MiscCropAEZ05,MiscCropAEZ05,1975,N2O_AWB,2.18276501467388e-06
Africa_Southern,MiscCrop,MiscCropAEZ06,MiscCropAEZ06,1975,N2O_AWB,5.05981147793073e-07
Africa_Southern,MiscCrop,MiscCropAEZ07,MiscCropAEZ07,1975,N2O_AWB,3.1789641990499e-07
Africa_Southern,MiscCrop,MiscCropAEZ08,MiscCropAEZ08,1975,N2O_AWB,2.84167147585801e-07
Africa_Southern,MiscCrop,MiscCropAEZ09,MiscCropAEZ09,1975,N2O_AWB,1.08479438914271e-06
Africa_Southern,MiscCrop,MiscCropAEZ10,MiscCropAEZ10,1975,N2O_AWB,4.55894624314881e-07
Africa_Southern,MiscCrop,MiscCropAEZ11,MiscCropAEZ11,1975,N2O_AWB,1.61443071950227e-07
Africa_Southern,OilCrop,OilCropAEZ01,OilCropAEZ01,1975,N2O_AWB,1.01313746190399e-07
Africa_Southern,OilCrop,OilCropAEZ02,OilCropAEZ02,1975,N2O_AWB,2.14073830465171e-07
Africa_Southern,OilCrop,OilCropAEZ03,OilCropAEZ03,1975,N2O_AWB,7.40193443773975e-07
Africa_Southern,OilCrop,OilCropAEZ04,OilCropAEZ04,1975,N2O_AWB,9.02256558083019e-07
Africa_Southern,OilCrop,OilCropAEZ05,OilCropAEZ05,1975,N2O_AWB,2.16022438768253e-07
Africa_Southern,OilCrop,OilCropAEZ06,OilCropAEZ06,1975,N2O_AWB,2.22770825718119e-08
Africa_Southern,OilCrop,OilCropAEZ07,OilCropAEZ07,1975,N2O_AWB,8.07121890478403e-08
Africa_Southern,OilCrop,OilCropAEZ08,OilCropAEZ08,1975,N2O_AWB,8.17304641705909e-08
Africa_Southern,OilCrop,OilCropAEZ09,OilCropAEZ09,1975,N2O_AWB,4.24713296652701e-07
Africa_Southern,OilCrop,OilCropAEZ10,OilCropAEZ10,1975,N2O_AWB,1.20781315128076e-07
Africa_Southern,OilCrop,OilCropAEZ11,OilCropAEZ11,1975,N2O_AWB,3.23117210541903e-08
Africa_Southern,OtherGrain,OtherGrainAEZ01,OtherGrainAEZ01,1975,N2O_AWB,5.24050971229786e-08
Africa_Southern,OtherGrain,OtherGrainAEZ02,OtherGrainAEZ02,1975,N2O_AWB,5.2307214039272e-08
Africa_Southern,OtherGrain,OtherGrainAEZ03,OtherGrainAEZ03,1975,N2O_AWB,9.41029143086396e-07
Africa_Southern,OtherGrain,OtherGrainAEZ04,OtherGrainAEZ04,1975,N2O_AWB,2.65830502257293e-06
Africa_Southern,OtherGrain,OtherGrainAEZ05,OtherGrainAEZ05,1975,N2O_AWB,5.13505951327385e-07
Africa_Southern,OtherGrain,OtherGrainAEZ06,OtherGrainAEZ06,1975,N2O_AWB,2.90110401170743e-08
Africa_Southern,OtherGrain,OtherGrainAEZ07,OtherGrainAEZ07,1975,N2O_AWB,1.22967506273553e-07
Africa_Southern,OtherGrain,OtherGrainAEZ08,OtherGrainAEZ08,1975,N2O_AWB,2.18011980552771e-07
Africa_Southern,OtherGrain,OtherGrainAEZ09,OtherGrainAEZ09,1975,N2O_AWB,2.59036286827851e-07
Africa_Southern,OtherGrain,OtherGrainAEZ10,OtherGrainAEZ10,1975,N2O_AWB,1.38320091479552e-07
Africa_Southern,OtherGrain,OtherGrainAEZ11,OtherGrainAEZ11,1975,N2O_AWB,1.63464749790211e-08
Africa_Southern,PalmFruit,PalmFruitAEZ01,PalmFruitAEZ01,1975,N2O_AWB,1.86508383129817e-08
Africa_Southern,PalmFruit,PalmFruitAEZ02,PalmFruitAEZ02,1975,N2O_AWB,1.05972884435925e-07
Africa_Southern,PalmFruit,PalmFruitAEZ03,PalmFruitAEZ03,1975,N2O_AWB,6.32024943318747e-07
Africa_Southern,PalmFruit,PalmFruitAEZ04,PalmFruitAEZ04,1975,N2O_AWB,1.98185570793793e-06
Africa_Southern,PalmFruit,PalmFruitAEZ05,PalmFruitAEZ05,1975,N2O_AWB,4.6000354071676e-07
Africa_Southern,PalmFruit,PalmFruitAEZ06,PalmFruitAEZ06,1975,N2O_AWB,5.0328603125231e-08
Africa_Southern,PalmFruit,PalmFruitAEZ07,PalmFruitAEZ07,1975,N2O_AWB,0
Africa_Southern,PalmFruit,PalmFruitAEZ08,PalmFruitAEZ08,1975,N2O_AWB,0
Africa_Southern,PalmFruit,PalmFruitAEZ09,PalmFruitAEZ09,1975,N2O_AWB,5.2161782072201e-08
Africa_Southern,PalmFruit,PalmFruitAEZ10,PalmFruitAEZ10,1975,N2O_AWB,7.32514513736299e-08
Africa_Southern,PalmFruit,PalmFruitAEZ11,PalmFruitAEZ11,1975,N2O_AWB,6.59728116608806e-10
Africa_Southern,Rice,RiceAEZ01,RiceAEZ01,1975,N2O_AWB,1.842335598854e-10
Africa_Southern,Rice,RiceAEZ02,RiceAEZ02,1975,N2O_AWB,2.66158063853795e-08
Africa_Southern,Rice,RiceAEZ03,RiceAEZ03,1975,N2O_AWB,2.82905488749183e-07
Africa_Southern,Rice,RiceAEZ04,RiceAEZ04,1975,N2O_AWB,1.20831957458064e-06
Africa_Southern,Rice,RiceAEZ05,RiceAEZ05,1975,N2O_AWB,2.11339665260797e-07
Africa_Southern,Rice,RiceAEZ06,RiceAEZ06,1975,N2O_AWB,7.23265298001715e-09
Africa_Southern,Rice,RiceAEZ07,RiceAEZ07,1975,N2O_AWB,0
Africa_Southern,Rice,RiceAEZ08,RiceAEZ08,1975,N2O_AWB,0
Africa_Southern,Rice,RiceAEZ09,RiceAEZ09,1975,N2O_AWB,2.68921567252076e-09
Africa_Southern,Rice,RiceAEZ10,RiceAEZ10,1975,N2O_AWB,2.94179394010558e-10
Africa_Southern,Rice,RiceAEZ11,RiceAEZ11,1975,N2O_AWB,0
Africa_Southern,Root_Tuber,Root_TuberAEZ01,Root_TuberAEZ01,1975,N2O_AWB,1.94292814478609e-07
Africa_Southern,Root_Tuber,Root_TuberAEZ02,Root_TuberAEZ02,1975,N2O_AWB,5.25464398622398e-07
Africa_Southern,Root_Tuber,Root_TuberAEZ03,Root_TuberAEZ03,1975,N2O_AWB,5.00548874653726e-06
Africa_Southern,Root_Tuber,Root_TuberAEZ04,Root_TuberAEZ04,1975,N2O_AWB,2.06743884970714e-05
Africa_Southern,Root_Tuber,Root_TuberAEZ05,Root_TuberAEZ05,1975,N2O_AWB,9.99609217747893e-06
Africa_Southern,Root_Tuber,Root_TuberAEZ06,Root_TuberAEZ06,1975,N2O_AWB,2.70466470778175e-07
Africa_Southern,Root_Tuber,Root_TuberAEZ07,Root_TuberAEZ07,1975,N2O_AWB,2.76710127730813e-07
Africa_Southern,Root_Tuber,Root_TuberAEZ08,Root_TuberAEZ08,1975,N2O_AWB,5.3739452212406e-07
Africa_Southern,Root_Tuber,Root_TuberAEZ09,Root_TuberAEZ09,1975,N2O_AWB,1.40046162777307e-06
Africa_Southern,Root_Tuber,Root_TuberAEZ10,Root_TuberAEZ10,1975,N2O_AWB,1.43396855910063e-06
Africa_Southern,Root_Tuber,Root_TuberAEZ11,Root_TuberAEZ11,1975,N2O_AWB,2.90408159101883e-07
Africa_Southern,SugarCrop,SugarCropAEZ01,SugarCropAEZ01,1975,N2O_AWB,1.28856946205907e-06
Africa_Southern,SugarCrop,SugarCropAEZ02,SugarCropAEZ02,1975,N2O_AWB,4.51914117626802e-06
Africa_Southern,SugarCrop,SugarCropAEZ03,SugarCropAEZ03,1975,N2O_AWB,6.84319598491784e-06
Africa_Southern,SugarCrop,SugarCropAEZ04,SugarCropAEZ04,1975,N2O_AWB,2.93190723453674e-06
Africa_Southern,SugarCrop,SugarCropAEZ05,SugarCropAEZ05,1975,N2O_AWB,3.97602429120077e-07
Africa_Southern,SugarCrop,SugarCropAEZ06,SugarCropAEZ06,1975,N2O_AWB,3.7213682814682e-08
Africa_Southern,SugarCrop,SugarCropAEZ07,SugarCropAEZ07,1975,N2O_AWB,1.36878633359784e-06
Africa_Southern,SugarCrop,SugarCropAEZ08,SugarCropAEZ08,1975,N2O_AWB,2.59159212632133e-06
Africa_Southern,SugarCrop,SugarCropAEZ09,SugarCropAEZ09,1975,N2O_AWB,6.55312209017828e-06
Africa_Southern,SugarCrop,SugarCropAEZ10,SugarCropAEZ10,1975,N2O_AWB,4.85639474623616e-06
Africa_Southern,SugarCrop,SugarCropAEZ11,SugarCropAEZ11,1975,N2O_AWB,4.34105560893791e-06
Africa_Southern,Wheat,WheatAEZ01,WheatAEZ01,1975,N2O_AWB,3.66024467592795e-08
Africa_Southern,Wheat,WheatAEZ02,WheatAEZ02,1975,N2O_AWB,7.92219107317353e-08
Africa_Southern,Wheat,WheatAEZ03,WheatAEZ03,1975,N2O_AWB,2.59355879971809e-07
Africa_Southern,Wheat,WheatAEZ04,WheatAEZ04,1975,N2O_AWB,1.22009015560966e-07
Africa_Southern,Wheat,WheatAEZ05,WheatAEZ05,1975,N2O_AWB,1.25085870055317e-08
Africa_Southern,Wheat,WheatAEZ06,WheatAEZ06,1975,N2O_AWB,2.2051220391195e-09
Africa_Southern,Wheat,WheatAEZ07,WheatAEZ07,1975,N2O_AWB,3.59912024045762e-08
Africa_Southern,Wheat,WheatAEZ08,WheatAEZ08,1975,N2O_AWB,9.58389882733109e-08
Africa_Southern,Wheat,WheatAEZ09,WheatAEZ09,1975,N2O_AWB,2.02476626813047e-07
Africa_Southern,Wheat,WheatAEZ10,WheatAEZ10,1975,N2O_AWB,7.99853214025883e-08
Africa_Southern,Wheat,WheatAEZ11,WheatAEZ11,1975,N2O_AWB,2.41763906370832e-08
Africa_Southern,Corn,CornAEZ01,CornAEZ01,1975,NH3_AWB,2.22581166291203e-06
Africa_Southern,Corn,CornAEZ02,CornAEZ02,1975,NH3_AWB,1.08086711915464e-05
Africa_Southern,Corn,CornAEZ03,CornAEZ03,1975,NH3_AWB,0.000105435391406693
Africa_Southern,Corn,CornAEZ04,CornAEZ04,1975,NH3_AWB,0.000185618427621569
Africa_Southern,Corn,CornAEZ05,CornAEZ05,1975,NH3_AWB,2.9160385877239e-05
Africa_Southern,Corn,CornAEZ06,CornAEZ06,1975,NH3_AWB,2.06653426877658e-06
Africa_Southern,Corn,CornAEZ07,CornAEZ07,1975,NH3_AWB,1.53800749181583e-06
Africa_Southern,Corn,CornAEZ08,CornAEZ08,1975,NH3_AWB,3.22592711130323e-06
Africa_Southern,Corn,CornAEZ09,CornAEZ09,1975,NH3_AWB,6.51944022892071e-05
Africa_Southern,Corn,CornAEZ10,CornAEZ10,1975,NH3_AWB,2.41416888806029e-05
Africa_Southern,Corn,CornAEZ11,CornAEZ11,1975,NH3_AWB,7.04844884205461e-06
Africa_Southern,FiberCrop,FiberCropAEZ01,FiberCropAEZ01,1975,NH3_AWB,2.67573593488861e-07
Africa_Southern,FiberCrop,FiberCropAEZ02,FiberCropAEZ02,1975,NH3_AWB,1.40975194276233e-06
Africa_Southern,FiberCrop,FiberCropAEZ03,FiberCropAEZ03,1975,NH3_AWB,1.30999940574098e-05
Africa_Southern,FiberCrop,FiberCropAEZ04,FiberCropAEZ04,1975,NH3_AWB,1.54448276982557e-05
Africa_Southern,FiberCrop,FiberCropAEZ05,FiberCropAEZ05,1975,NH3_AWB,2.02150325665216e-06
Africa_Southern,FiberCrop,FiberCropAEZ06,FiberCropAEZ06,1975,NH3_AWB,6.84323644648654e-07
Africa_Southern,FiberCrop,FiberCropAEZ07,FiberCropAEZ07,1975,NH3_AWB,6.31320275706902e-08
Africa_Southern,FiberCrop,FiberCropAEZ08,FiberCropAEZ08,1975,NH3_AWB,2.9736955042643e-07
Africa_Southern,FiberCrop,FiberCropAEZ09,FiberCropAEZ09,1975,NH3_AWB,1.51869894174297e-05
Africa_Southern,FiberCrop,FiberCropAEZ10,FiberCropAEZ10,1975,NH3_AWB,6.80685194461559e-07
Africa_Southern,FiberCrop,FiberCropAEZ11,FiberCropAEZ11,1975,NH3_AWB,2.5341313870665e-07
Africa_Southern,FodderGrass,FodderGrassAEZ01,FodderGrassAEZ01,1975,NH3_AWB,0
Africa_Southern,FodderGrass,FodderGrassAEZ02,FodderGrassAEZ02,1975,NH3_AWB,0
Africa_Southern,FodderGrass,FodderGrassAEZ03,FodderGrassAEZ03,1975,NH3_AWB,0
Africa_Southern,FodderGrass,FodderGrassAEZ04,FodderGrassAEZ04,1975,NH3_AWB,0
Africa_Southern,FodderGrass,FodderGrassAEZ05,FodderGrassAEZ05,1975,NH3_AWB,0
Africa_Southern,FodderGrass,FodderGrassAEZ06,FodderGrassAEZ06,1975,NH3_AWB,0
Africa_Southern,FodderGrass,FodderGrassAEZ07,FodderGrassAEZ07,1975,NH3_AWB,0
Africa_Southern,FodderGrass,FodderGrassAEZ08,FodderGrassAEZ08,1975,NH3_AWB,0
Africa_Southern,FodderGrass,FodderGrassAEZ09,FodderGrassAEZ09,1975,NH3_AWB,0
Africa_Southern,FodderGrass,FodderGrassAEZ10,FodderGrassAEZ10,1975,NH3_AWB,0
Africa_Southern,FodderGrass,FodderGrassAEZ11,FodderGrassAEZ11,1975,NH3_AWB,0
Africa_Southern,FodderHerb,FodderHerbAEZ01,FodderHerbAEZ01,1975,NH3_AWB,0
Africa_Southern,FodderHerb,FodderHerbAEZ02,FodderHerbAEZ02,1975,NH3_AWB,0
Africa_Southern,FodderHerb,FodderHerbAEZ03,FodderHerbAEZ03,1975,NH3_AWB,0
Africa_Southern,FodderHerb,FodderHerbAEZ04,FodderHerbAEZ04,1975,NH3_AWB,0
Africa_Southern,FodderHerb,FodderHerbAEZ05,FodderHerbAEZ05,1975,NH3_AWB,0
Africa_Southern,FodderHerb,FodderHerbAEZ06,FodderHerbAEZ06,1975,NH3_AWB,0
Africa_Southern,FodderHerb,FodderHerbAEZ07,FodderHerbAEZ07,1975,NH3_AWB,0
Africa_Southern,FodderHerb,FodderHerbAEZ08,FodderHerbAEZ08,1975,NH3_AWB,0
Africa_Southern,FodderHerb,FodderHerbAEZ09,FodderHerbAEZ09,1975,NH3_AWB,0
Africa_Southern,FodderHerb,FodderHerbAEZ10,FodderHerbAEZ10,1975,NH3_AWB,0
Africa_Southern,FodderHerb,FodderHerbAEZ11,FodderHerbAEZ11,1975,NH3_AWB,0
Africa_Southern,MiscCrop,MiscCropAEZ01,MiscCropAEZ01,1975,NH3_AWB,9.11480046891242e-06
Africa_Southern,MiscCrop,MiscCropAEZ02,MiscCropAEZ02,1975,NH3_AWB,1.42774075046054e-05
Africa_Southern,MiscCrop,MiscCropAEZ03,MiscCropAEZ03,1975,NH3_AWB,7.05168297946118e-05
Africa_Southern,MiscCrop,MiscCropAEZ04,MiscCropAEZ04,1975,NH3_AWB,0.000181960592383199
Africa_Southern,MiscCrop,MiscCropAEZ05,MiscCropAEZ05,1975,NH3_AWB,4.05727512117908e-05
Africa_Southern,MiscCrop,MiscCropAEZ06,MiscCropAEZ06,1975,NH3_AWB,9.4050651761669e-06
Africa_Southern,MiscCrop,MiscCropAEZ07,MiscCropAEZ07,1975,NH3_AWB,5.90898803545795e-06
Africa_Southern,MiscCrop,MiscCropAEZ08,MiscCropAEZ08,1975,NH3_AWB,5.28203581423331e-06
Africa_Southern,MiscCrop,MiscCropAEZ09,MiscCropAEZ09,1975,NH3_AWB,2.01639171283903e-05
Africa_Southern,MiscCrop,MiscCropAEZ10,MiscCropAEZ10,1975,NH3_AWB,8.47406800401008e-06
Africa_Southern,MiscCrop,MiscCropAEZ11,MiscCropAEZ11,1975,NH3_AWB,3.00086795833241e-06
Africa_Southern,OilCrop,OilCropAEZ01,OilCropAEZ01,1975,NH3_AWB,1.88319740827976e-06
Africa_Southern,OilCrop,OilCropAEZ02,OilCropAEZ02,1975,NH3_AWB,3.9791568061742e-06
Africa_Southern,OilCrop,OilCropAEZ03,OilCropAEZ03,1975,NH3_AWB,1.37585513057745e-05
Africa_Southern,OilCrop,OilCropAEZ04,OilCropAEZ04,1975,NH3_AWB,1.67709444737359e-05
Africa_Southern,OilCrop,OilCropAEZ05,OilCropAEZ05,1975,NH3_AWB,4.01537710444666e-06
Africa_Southern,OilCrop,OilCropAEZ06,OilCropAEZ06,1975,NH3_AWB,4.1408146219793e-07
Africa_Southern,OilCrop,OilCropAEZ07,OilCropAEZ07,1975,NH3_AWB,1.50026024055838e-06
Africa_Southern,OilCrop,OilCropAEZ08,OilCropAEZ08,1975,NH3_AWB,1.51918771233971e-06
Africa_Southern,OilCrop,OilCropAEZ09,OilCropAEZ09,1975,NH3_AWB,7.89447641206771e-06
Africa_Southern,OilCrop,OilCropAEZ10,OilCropAEZ10,1975,NH3_AWB,2.24505625515374e-06
Africa_Southern,OilCrop,OilCropAEZ11,OilCropAEZ11,1975,NH3_AWB,6.00603093206676e-07
Africa_Southern,OtherGrain,OtherGrainAEZ01,OtherGrainAEZ01,1975,NH3_AWB,9.74094304016514e-07
Africa_Southern,OtherGrain,OtherGrainAEZ02,OtherGrainAEZ02,1975,NH3_AWB,9.72274875000393e-07
Africa_Southern,OtherGrain,OtherGrainAEZ03,OtherGrainAEZ03,1975,NH3_AWB,1.74916406708092e-05
Africa_Southern,OtherGrain,OtherGrainAEZ04,OtherGrainAEZ04,1975,NH3_AWB,4.94119832418241e-05
Africa_Southern,OtherGrain,OtherGrainAEZ05,OtherGrainAEZ05,1975,NH3_AWB,9.54493455269749e-06
Africa_Southern,OtherGrain,OtherGrainAEZ06,OtherGrainAEZ06,1975,NH3_AWB,5.39250769163166e-07
Africa_Southern,OtherGrain,OtherGrainAEZ07,OtherGrainAEZ07,1975,NH3_AWB,2.28569269052381e-06
Africa_Southern,OtherGrain,OtherGrainAEZ08,OtherGrainAEZ08,1975,NH3_AWB,4.05235826517906e-06
Africa_Southern,OtherGrain,OtherGrainAEZ09,OtherGrainAEZ09,1975,NH3_AWB,4.81490895705177e-06
Africa_Southern,OtherGrain,OtherGrainAEZ10,OtherGrainAEZ10,1975,NH3_AWB,2.57106313389877e-06
Africa_Southern,OtherGrain,OtherGrainAEZ11,OtherGrainAEZ11,1975,NH3_AWB,3.03844645692508e-07
Africa_Southern,PalmFruit,PalmFruitAEZ01,PalmFruitAEZ01,1975,NH3_AWB,3.46677639451264e-07
Africa_Southern,PalmFruit,PalmFruitAEZ02,PalmFruitAEZ02,1975,NH3_AWB,1.96980043500332e-06
Africa_Southern,PalmFruit,PalmFruitAEZ03,PalmFruitAEZ03,1975,NH3_AWB,1.17479392479401e-05
Africa_Southern,PalmFruit,PalmFruitAEZ04,PalmFruitAEZ04,1975,NH3_AWB,3.68382936483188e-05
Africa_Southern,PalmFruit,PalmFruitAEZ05,PalmFruitAEZ05,1975,NH3_AWB,8.55044362933061e-06
Africa_Southern,PalmFruit,PalmFruitAEZ06,PalmFruitAEZ06,1975,NH3_AWB,9.35496894860229e-07
Africa_Southern,PalmFruit,PalmFruitAEZ07,PalmFruitAEZ07,1975,NH3_AWB,0
Africa_Southern,PalmFruit,PalmFruitAEZ08,PalmFruitAEZ08,1975,NH3_AWB,0
Africa_Southern,PalmFruit,PalmFruitAEZ09,PalmFruitAEZ09,1975,NH3_AWB,9.69571617902837e-07
Africa_Southern,PalmFruit,PalmFruitAEZ10,PalmFruitAEZ10,1975,NH3_AWB,1.36158170600371e-06
Africa_Southern,PalmFruit,PalmFruitAEZ11,PalmFruitAEZ11,1975,NH3_AWB,1.22628796790531e-08
Africa_Southern,Rice,RiceAEZ01,RiceAEZ01,1975,NH3_AWB,3.42449248537625e-09
Africa_Southern,Rice,RiceAEZ02,RiceAEZ02,1975,NH3_AWB,4.94728696637342e-07
Africa_Southern,Rice,RiceAEZ03,RiceAEZ03,1975,NH3_AWB,5.25858438004406e-06
Africa_Southern,Rice,RiceAEZ04,RiceAEZ04,1975,NH3_AWB,2.24599758353382e-05
Africa_Southern,Rice,RiceAEZ05,RiceAEZ05,1975,NH3_AWB,3.92833475072468e-06
Africa_Southern,Rice,RiceAEZ06,RiceAEZ06,1975,NH3_AWB,1.344389469259e-07
Africa_Southern,Rice,RiceAEZ07,RiceAEZ07,1975,NH3_AWB,0
Africa_Southern,Rice,RiceAEZ08,RiceAEZ08,1975,NH3_AWB,0
Africa_Southern,Rice,RiceAEZ09,RiceAEZ09,1975,NH3_AWB,4.99865435365405e-08
Africa_Southern,Rice,RiceAEZ10,RiceAEZ10,1975,NH3_AWB,5.46814122664920e-09
Africa_Southern,Rice,RiceAEZ11,RiceAEZ11,1975,NH3_AWB,0
Africa_Southern,Root_Tuber,Root_TuberAEZ01,Root_TuberAEZ01,1975,NH3_AWB,3.61147167518489e-06
Africa_Southern,Root_Tuber,Root_TuberAEZ02,Root_TuberAEZ02,1975,NH3_AWB,9.76721551455925e-06
Africa_Southern,Root_Tuber,Root_TuberAEZ03,Root_TuberAEZ03,1975,NH3_AWB,9.30409128978171e-05
Africa_Southern,Root_Tuber,Root_TuberAEZ04,Root_TuberAEZ04,1975,NH3_AWB,0.000384290940760252
Africa_Southern,Root_Tuber,Root_TuberAEZ05,Root_TuberAEZ05,1975,NH3_AWB,0.000185805140855978
Africa_Southern,Root_Tuber,Root_TuberAEZ06,Root_TuberAEZ06,1975,NH3_AWB,5.02737067721123e-06
Africa_Southern,Root_Tuber,Root_TuberAEZ07,Root_TuberAEZ07,1975,NH3_AWB,5.14342638567649e-06
Africa_Southern,Root_Tuber,Root_TuberAEZ08,Root_TuberAEZ08,1975,NH3_AWB,9.98897000004203e-06
Africa_Southern,Root_Tuber,Root_TuberAEZ09,Root_TuberAEZ09,1975,NH3_AWB,2.60314696375074e-05
Africa_Southern,Root_Tuber,Root_TuberAEZ10,Root_TuberAEZ10,1975,NH3_AWB,2.66542890337706e-05
Africa_Southern,Root_Tuber,Root_TuberAEZ11,Root_TuberAEZ11,1975,NH3_AWB,5.39804234991154e-06
Africa_Southern,SugarCrop,SugarCropAEZ01,SugarCropAEZ01,1975,NH3_AWB,2.39516429170205e-05
Africa_Southern,SugarCrop,SugarCropAEZ02,SugarCropAEZ02,1975,NH3_AWB,8.40007922992464e-05
Africa_Southern,SugarCrop,SugarCropAEZ03,SugarCropAEZ03,1975,NH3_AWB,0.000127199806815247
Africa_Southern,SugarCrop,SugarCropAEZ04,SugarCropAEZ04,1975,NH3_AWB,5.44976403796181e-05
Africa_Southern,SugarCrop,SugarCropAEZ05,SugarCropAEZ05,1975,NH3_AWB,7.39054562879862e-06
Africa_Southern,SugarCrop,SugarCropAEZ06,SugarCropAEZ06,1975,NH3_AWB,6.91719669485436e-07
Africa_Southern,SugarCrop,SugarCropAEZ07,SugarCropAEZ07,1975,NH3_AWB,2.54426963057505e-05
Africa_Southern,SugarCrop,SugarCropAEZ08,SugarCropAEZ08,1975,NH3_AWB,4.81719387459494e-05
Africa_Southern,SugarCrop,SugarCropAEZ09,SugarCropAEZ09,1975,NH3_AWB,0.000121807977697049
Africa_Southern,SugarCrop,SugarCropAEZ10,SugarCropAEZ10,1975,NH3_AWB,9.02695867400671e-05
Africa_Southern,SugarCrop,SugarCropAEZ11,SugarCropAEZ11,1975,NH3_AWB,8.06905773337684e-05
Africa_Southern,Wheat,WheatAEZ01,WheatAEZ01,1975,NH3_AWB,6.80358149468025e-07
Africa_Southern,Wheat,WheatAEZ02,WheatAEZ02,1975,NH3_AWB,1.4725592782701e-06
Africa_Southern,Wheat,WheatAEZ03,WheatAEZ03,1975,NH3_AWB,4.82084948341701e-06
Africa_Southern,Wheat,WheatAEZ04,WheatAEZ04,1975,NH3_AWB,2.26787647807806e-06
Africa_Southern,Wheat,WheatAEZ05,WheatAEZ05,1975,NH3_AWB,2.32506836592441e-07
Africa_Southern,Wheat,WheatAEZ06,WheatAEZ06,1975,NH3_AWB,4.09883186157808e-08
Africa_Southern,Wheat,WheatAEZ07,WheatAEZ07,1975,NH3_AWB,6.68996475185053e-07
Africa_Southern,Wheat,WheatAEZ08,WheatAEZ08,1975,NH3_AWB,1.78143382428353e-06
Africa_Southern,Wheat,WheatAEZ09,WheatAEZ09,1975,NH3_AWB,3.76359056089954e-06
Africa_Southern,Wheat,WheatAEZ10,WheatAEZ10,1975,NH3_AWB,1.48674938623533e-06
Africa_Southern,Wheat,WheatAEZ11,WheatAEZ11,1975,NH3_AWB,4.49385378601553e-07
Africa_Southern,Corn,CornAEZ01,CornAEZ01,1975,NMVOC_AWB,1.1974597930755e-05
Africa_Southern,Corn,CornAEZ02,CornAEZ02,1975,NMVOC_AWB,5.81493456257524e-05
Africa_Southern,Corn,CornAEZ03,CornAEZ03,1975,NMVOC_AWB,0.000567229672125602
Africa_Southern,Corn,CornAEZ04,CornAEZ04,1975,NMVOC_AWB,0.000998604723096502
Africa_Southern,Corn,CornAEZ05,CornAEZ05,1975,NMVOC_AWB,0.000156879354261611
Africa_Southern,Corn,CornAEZ06,CornAEZ06,1975,NMVOC_AWB,1.11177047865547e-05
Africa_Southern,Corn,CornAEZ07,CornAEZ07,1975,NMVOC_AWB,8.2742945577383e-06
Africa_Southern,Corn,CornAEZ08,CornAEZ08,1975,NMVOC_AWB,1.73550982571632e-05
Africa_Southern,Corn,CornAEZ09,CornAEZ09,1975,NMVOC_AWB,0.000350738010658003
Africa_Southern,Corn,CornAEZ10,CornAEZ10,1975,NMVOC_AWB,0.00012987937053775
Africa_Southern,Corn,CornAEZ11,CornAEZ11,1975,NMVOC_AWB,3.79198035150359e-05
Africa_Southern,FiberCrop,FiberCropAEZ01,FiberCropAEZ01,1975,NMVOC_AWB,1.43951361757377e-06
Africa_Southern,FiberCrop,FiberCropAEZ02,FiberCropAEZ02,1975,NMVOC_AWB,7.58429519350884e-06
Africa_Southern,FiberCrop,FiberCropAEZ03,FiberCropAEZ03,1975,NMVOC_AWB,7.04763859164672e-05
Africa_Southern,FiberCrop,FiberCropAEZ04,FiberCropAEZ04,1975,NMVOC_AWB,8.30913077139851e-05
Africa_Southern,FiberCrop,FiberCropAEZ05,FiberCropAEZ05,1975,NMVOC_AWB,1.08754433798104e-05
Africa_Southern,FiberCrop,FiberCropAEZ06,FiberCropAEZ06,1975,NMVOC_AWB,3.68157856107898e-06
Africa_Southern,FiberCrop,FiberCropAEZ07,FiberCropAEZ07,1975,NMVOC_AWB,3.39642683749488e-07
Africa_Southern,FiberCrop,FiberCropAEZ08,FiberCropAEZ08,1975,NMVOC_AWB,1.59981226738077e-06
Africa_Southern,FiberCrop,FiberCropAEZ09,FiberCropAEZ09,1975,NMVOC_AWB,8.17041689027839e-05
Africa_Southern,FiberCrop,FiberCropAEZ10,FiberCropAEZ10,1975,NMVOC_AWB,3.66200413849529e-06
Africa_Southern,FiberCrop,FiberCropAEZ11,FiberCropAEZ11,1975,NMVOC_AWB,1.36333208103183e-06
Africa_Southern,FodderGrass,FodderGrassAEZ01,FodderGrassAEZ01,1975,NMVOC_AWB,0
Africa_Southern,FodderGrass,FodderGrassAEZ02,FodderGrassAEZ02,1975,NMVOC_AWB,0
Africa_Southern,FodderGrass,FodderGrassAEZ03,FodderGrassAEZ03,1975,NMVOC_AWB,0
Africa_Southern,FodderGrass,FodderGrassAEZ04,FodderGrassAEZ04,1975,NMVOC_AWB,0
Africa_Southern,FodderGrass,FodderGrassAEZ05,FodderGrassAEZ05,1975,NMVOC_AWB,0
Africa_Southern,FodderGrass,FodderGrassAEZ06,FodderGrassAEZ06,1975,NMVOC_AWB,0
Africa_Southern,FodderGrass,FodderGrassAEZ07,FodderGrassAEZ07,1975,NMVOC_AWB,0
Africa_Southern,FodderGrass,FodderGrassAEZ08,FodderGrassAEZ08,1975,NMVOC_AWB,0
Africa_Southern,FodderGrass,FodderGrassAEZ09,FodderGrassAEZ09,1975,NMVOC_AWB,0
Africa_Southern,FodderGrass,FodderGrassAEZ10,FodderGrassAEZ10,1975,NMVOC_AWB,0
Africa_Southern,FodderGrass,FodderGrassAEZ11,FodderGrassAEZ11,1975,NMVOC_AWB,0
Africa_Southern,FodderHerb,FodderHerbAEZ01,FodderHerbAEZ01,1975,NMVOC_AWB,0
Africa_Southern,FodderHerb,FodderHerbAEZ02,FodderHerbAEZ02,1975,NMVOC_AWB,0
Africa_Southern,FodderHerb,FodderHerbAEZ03,FodderHerbAEZ03,1975,NMVOC_AWB,0
Africa_Southern,FodderHerb,FodderHerbAEZ04,FodderHerbAEZ04,1975,NMVOC_AWB,0
Africa_Southern,FodderHerb,FodderHerbAEZ05,FodderHerbAEZ05,1975,NMVOC_AWB,0
Africa_Southern,FodderHerb,FodderHerbAEZ06,FodderHerbAEZ06,1975,NMVOC_AWB,0
Africa_Southern,FodderHerb,FodderHerbAEZ07,FodderHerbAEZ07,1975,NMVOC_AWB,0
Africa_Southern,FodderHerb,FodderHerbAEZ08,FodderHerbAEZ08,1975,NMVOC_AWB,0
Africa_Southern,FodderHerb,FodderHerbAEZ09,FodderHerbAEZ09,1975,NMVOC_AWB,0
Africa_Southern,FodderHerb,FodderHerbAEZ10,FodderHerbAEZ10,1975,NMVOC_AWB,0
Africa_Southern,FodderHerb,FodderHerbAEZ11,FodderHerbAEZ11,1975,NMVOC_AWB,0
Africa_Southern,MiscCrop,MiscCropAEZ01,MiscCropAEZ01,1975,NMVOC_AWB,4.90365257101256e-05
Africa_Southern,MiscCrop,MiscCropAEZ02,MiscCropAEZ02,1975,NMVOC_AWB,7.68107280638101e-05
Africa_Southern,MiscCrop,MiscCropAEZ03,MiscCropAEZ03,1975,NMVOC_AWB,0.0003793720278369
Africa_Southern,MiscCrop,MiscCropAEZ04,MiscCropAEZ04,1975,NMVOC_AWB,0.000978926011278125
Africa_Southern,MiscCrop,MiscCropAEZ05,MiscCropAEZ05,1975,NMVOC_AWB,0.000218276501467388
Africa_Southern,MiscCrop,MiscCropAEZ06,MiscCropAEZ06,1975,NMVOC_AWB,5.05981147793073e-05
Africa_Southern,MiscCrop,MiscCropAEZ07,MiscCropAEZ07,1975,NMVOC_AWB,3.1789641990499e-05
Africa_Southern,MiscCrop,MiscCropAEZ08,MiscCropAEZ08,1975,NMVOC_AWB,2.84167147585801e-05
Africa_Southern,MiscCrop,MiscCropAEZ09,MiscCropAEZ09,1975,NMVOC_AWB,0.000108479438914271
Africa_Southern,MiscCrop,MiscCropAEZ10,MiscCropAEZ10,1975,NMVOC_AWB,4.55894624314881e-05
Africa_Southern,MiscCrop,MiscCropAEZ11,MiscCropAEZ11,1975,NMVOC_AWB,1.61443071950227e-05
Africa_Southern,OilCrop,OilCropAEZ01,OilCropAEZ01,1975,NMVOC_AWB,1.01313746190399e-05
Africa_Southern,OilCrop,OilCropAEZ02,OilCropAEZ02,1975,NMVOC_AWB,2.14073830465171e-05
Africa_Southern,OilCrop,OilCropAEZ03,OilCropAEZ03,1975,NMVOC_AWB,7.40193443773975e-05
Africa_Southern,OilCrop,OilCropAEZ04,OilCropAEZ04,1975,NMVOC_AWB,9.02256558083019e-05
Africa_Southern,OilCrop,OilCropAEZ05,OilCropAEZ05,1975,NMVOC_AWB,2.16022438768253e-05
Africa_Southern,OilCrop,OilCropAEZ06,OilCropAEZ06,1975,NMVOC_AWB,2.22770825718119e-06
Africa_Southern,OilCrop,OilCropAEZ07,OilCropAEZ07,1975,NMVOC_AWB,8.07121890478403e-06
Africa_Southern,OilCrop,OilCropAEZ08,OilCropAEZ08,1975,NMVOC_AWB,8.17304641705909e-06
Africa_Southern,OilCrop,OilCropAEZ09,OilCropAEZ09,1975,NMVOC_AWB,4.24713296652701e-05
Africa_Southern,OilCrop,OilCropAEZ10,OilCropAEZ10,1975,NMVOC_AWB,1.20781315128076e-05
Africa_Southern,OilCrop,OilCropAEZ11,OilCropAEZ11,1975,NMVOC_AWB,3.23117210541903e-06
Africa_Southern,OtherGrain,OtherGrainAEZ01,OtherGrainAEZ01,1975,NMVOC_AWB,5.24050971229786e-06
Africa_Southern,OtherGrain,OtherGrainAEZ02,OtherGrainAEZ02,1975,NMVOC_AWB,5.23072140392721e-06
Africa_Southern,OtherGrain,OtherGrainAEZ03,OtherGrainAEZ03,1975,NMVOC_AWB,9.41029143086396e-05
Africa_Southern,OtherGrain,OtherGrainAEZ04,OtherGrainAEZ04,1975,NMVOC_AWB,0.000265830502257293
Africa_Southern,OtherGrain,OtherGrainAEZ05,OtherGrainAEZ05,1975,NMVOC_AWB,5.13505951327385e-05
Africa_Southern,OtherGrain,OtherGrainAEZ06,OtherGrainAEZ06,1975,NMVOC_AWB,2.90110401170743e-06
Africa_Southern,OtherGrain,OtherGrainAEZ07,OtherGrainAEZ07,1975,NMVOC_AWB,1.22967506273553e-05
Africa_Southern,OtherGrain,OtherGrainAEZ08,OtherGrainAEZ08,1975,NMVOC_AWB,2.18011980552772e-05
Africa_Southern,OtherGrain,OtherGrainAEZ09,OtherGrainAEZ09,1975,NMVOC_AWB,2.59036286827851e-05
Africa_Southern,OtherGrain,OtherGrainAEZ10,OtherGrainAEZ10,1975,NMVOC_AWB,1.38320091479552e-05
Africa_Southern,OtherGrain,OtherGrainAEZ11,OtherGrainAEZ11,1975,NMVOC_AWB,1.63464749790211e-06
Africa_Southern,PalmFruit,PalmFruitAEZ01,PalmFruitAEZ01,1975,NMVOC_AWB,1.86508383129817e-06
Africa_Southern,PalmFruit,PalmFruitAEZ02,PalmFruitAEZ02,1975,NMVOC_AWB,1.05972884435925e-05
Africa_Southern,PalmFruit,PalmFruitAEZ03,PalmFruitAEZ03,1975,NMVOC_AWB,6.32024943318747e-05
Africa_Southern,PalmFruit,PalmFruitAEZ04,PalmFruitAEZ04,1975,NMVOC_AWB,0.000198185570793793
Africa_Southern,PalmFruit,PalmFruitAEZ05,PalmFruitAEZ05,1975,NMVOC_AWB,4.6000354071676e-05
Africa_Southern,PalmFruit,PalmFruitAEZ06,PalmFruitAEZ06,1975,NMVOC_AWB,5.0328603125231e-06
Africa_Southern,PalmFruit,PalmFruitAEZ07,PalmFruitAEZ07,1975,NMVOC_AWB,0
Africa_Southern,PalmFruit,PalmFruitAEZ08,PalmFruitAEZ08,1975,NMVOC_AWB,0
Africa_Southern,PalmFruit,PalmFruitAEZ09,PalmFruitAEZ09,1975,NMVOC_AWB,5.2161782072201e-06
Africa_Southern,PalmFruit,PalmFruitAEZ10,PalmFruitAEZ10,1975,NMVOC_AWB,7.32514513736299e-06
Africa_Southern,PalmFruit,PalmFruitAEZ11,PalmFruitAEZ11,1975,NMVOC_AWB,6.59728116608806e-08
Africa_Southern,Rice,RiceAEZ01,RiceAEZ01,1975,NMVOC_AWB,1.842335598854e-08
Africa_Southern,Rice,RiceAEZ02,RiceAEZ02,1975,NMVOC_AWB,2.66158063853795e-06
Africa_Southern,Rice,RiceAEZ03,RiceAEZ03,1975,NMVOC_AWB,2.82905488749183e-05
Africa_Southern,Rice,RiceAEZ04,RiceAEZ04,1975,NMVOC_AWB,0.000120831957458064
Africa_Southern,Rice,RiceAEZ05,RiceAEZ05,1975,NMVOC_AWB,2.11339665260797e-05
Africa_Southern,Rice,RiceAEZ06,RiceAEZ06,1975,NMVOC_AWB,7.23265298001715e-07
Africa_Southern,Rice,RiceAEZ07,RiceAEZ07,1975,NMVOC_AWB,0
Africa_Southern,Rice,RiceAEZ08,RiceAEZ08,1975,NMVOC_AWB,0
Africa_Southern,Rice,RiceAEZ09,RiceAEZ09,1975,NMVOC_AWB,2.68921567252076e-07
Africa_Southern,Rice,RiceAEZ10,RiceAEZ10,1975,NMVOC_AWB,2.94179394010558e-08
Africa_Southern,Rice,RiceAEZ11,RiceAEZ11,1975,NMVOC_AWB,0
Africa_Southern,Root_Tuber,Root_TuberAEZ01,Root_TuberAEZ01,1975,NMVOC_AWB,1.94292814478609e-05
Africa_Southern,Root_Tuber,Root_TuberAEZ02,Root_TuberAEZ02,1975,NMVOC_AWB,5.25464398622398e-05
Africa_Southern,Root_Tuber,Root_TuberAEZ03,Root_TuberAEZ03,1975,NMVOC_AWB,0.000500548874653726
Africa_Southern,Root_Tuber,Root_TuberAEZ04,Root_TuberAEZ04,1975,NMVOC_AWB,0.00206743884970714
Africa_Southern,Root_Tuber,Root_TuberAEZ05,Root_TuberAEZ05,1975,NMVOC_AWB,0.000999609217747892
Africa_Southern,Root_Tuber,Root_TuberAEZ06,Root_TuberAEZ06,1975,NMVOC_AWB,2.70466470778175e-05
Africa_Southern,Root_Tuber,Root_TuberAEZ07,Root_TuberAEZ07,1975,NMVOC_AWB,2.76710127730813e-05
Africa_Southern,Root_Tuber,Root_TuberAEZ08,Root_TuberAEZ08,1975,NMVOC_AWB,5.3739452212406e-05
Africa_Southern,Root_Tuber,Root_TuberAEZ09,Root_TuberAEZ09,1975,NMVOC_AWB,0.000140046162777307
Africa_Southern,Root_Tuber,Root_TuberAEZ10,Root_TuberAEZ10,1975,NMVOC_AWB,0.000143396855910063
Africa_Southern,Root_Tuber,Root_TuberAEZ11,Root_TuberAEZ11,1975,NMVOC_AWB,2.90408159101883e-05
Africa_Southern,SugarCrop,SugarCropAEZ01,SugarCropAEZ01,1975,NMVOC_AWB,0.000128856946205907
Africa_Southern,SugarCrop,SugarCropAEZ02,SugarCropAEZ02,1975,NMVOC_AWB,0.000451914117626802
Africa_Southern,SugarCrop,SugarCropAEZ03,SugarCropAEZ03,1975,NMVOC_AWB,0.000684319598491784
Africa_Southern,SugarCrop,SugarCropAEZ04,SugarCropAEZ04,1975,NMVOC_AWB,0.000293190723453674
Africa_Southern,SugarCrop,SugarCropAEZ05,SugarCropAEZ05,1975,NMVOC_AWB,3.97602429120077e-05
Africa_Southern,SugarCrop,SugarCropAEZ06,SugarCropAEZ06,1975,NMVOC_AWB,3.7213682814682e-06
Africa_Southern,SugarCrop,SugarCropAEZ07,SugarCropAEZ07,1975,NMVOC_AWB,0.000136878633359784
Africa_Southern,SugarCrop,SugarCropAEZ08,SugarCropAEZ08,1975,NMVOC_AWB,0.000259159212632133
Africa_Southern,SugarCrop,SugarCropAEZ09,SugarCropAEZ09,1975,NMVOC_AWB,0.000655312209017828
Africa_Southern,SugarCrop,SugarCropAEZ10,SugarCropAEZ10,1975,NMVOC_AWB,0.000485639474623616
Africa_Southern,SugarCrop,SugarCropAEZ11,SugarCropAEZ11,1975,NMVOC_AWB,0.000434105560893791
Africa_Southern,Wheat,WheatAEZ01,WheatAEZ01,1975,NMVOC_AWB,3.66024467592795e-06
Africa_Southern,Wheat,WheatAEZ02,WheatAEZ02,1975,NMVOC_AWB,7.92219107317353e-06
Africa_Southern,Wheat,WheatAEZ03,WheatAEZ03,1975,NMVOC_AWB,2.59355879971809e-05
Africa_Southern,Wheat,WheatAEZ04,WheatAEZ04,1975,NMVOC_AWB,1.22009015560966e-05
Africa_Southern,Wheat,WheatAEZ05,WheatAEZ05,1975,NMVOC_AWB,1.25085870055317e-06
Africa_Southern,Wheat,WheatAEZ06,WheatAEZ06,1975,NMVOC_AWB,2.2051220391195e-07
Africa_Southern,Wheat,WheatAEZ07,WheatAEZ07,1975,NMVOC_AWB,3.59912024045762e-06
Africa_Southern,Wheat,WheatAEZ08,WheatAEZ08,1975,NMVOC_AWB,9.58389882733109e-06
Africa_Southern,Wheat,WheatAEZ09,WheatAEZ09,1975,NMVOC_AWB,2.02476626813047e-05
Africa_Southern,Wheat,WheatAEZ10,WheatAEZ10,1975,NMVOC_AWB,7.99853214025883e-06
Africa_Southern,Wheat,WheatAEZ11,WheatAEZ11,1975,NMVOC_AWB,2.41763906370832e-06
Africa_Southern,Corn,CornAEZ01,CornAEZ01,1975,NOx_AWB,6.49356855583263e-06
Africa_Southern,Corn,CornAEZ02,CornAEZ02,1975,NOx_AWB,3.15331474577387e-05
Africa_Southern,Corn,CornAEZ03,CornAEZ03,1975,NOx_AWB,0.0003075965292655
Africa_Southern,Corn,CornAEZ04,CornAEZ04,1975,NOx_AWB,0.000541522000747173
Africa_Southern,Corn,CornAEZ05,CornAEZ05,1975,NOx_AWB,8.50723212406263e-05
Africa_Southern,Corn,CornAEZ06,CornAEZ06,1975,NOx_AWB,6.02889371588693e-06
Africa_Southern,Corn,CornAEZ07,CornAEZ07,1975,NOx_AWB,4.48697311362996e-06
Africa_Southern,Corn,CornAEZ08,CornAEZ08,1975,NOx_AWB,9.41129889936899e-06
Africa_Southern,Corn,CornAEZ09,CornAEZ09,1975,NOx_AWB,0.000190197727766255
Africa_Southern,Corn,CornAEZ10,CornAEZ10,1975,NOx_AWB,7.04308070677825e-05
Africa_Southern,Corn,CornAEZ11,CornAEZ11,1975,NOx_AWB,2.0563099084619e-05
Africa_Southern,FiberCrop,FiberCropAEZ01,FiberCropAEZ01,1975,NOx_AWB,7.80617471820247e-07
Africa_Southern,FiberCrop,FiberCropAEZ02,FiberCropAEZ02,1975,NOx_AWB,4.11280120397466e-06
Africa_Southern,FiberCrop,FiberCropAEZ03,FiberCropAEZ03,1975,NOx_AWB,3.82178379735413e-05
Africa_Southern,FiberCrop,FiberCropAEZ04,FiberCropAEZ04,1975,NOx_AWB,4.50586404783387e-05
Africa_Southern,FiberCrop,FiberCropAEZ05,FiberCropAEZ05,1975,NOx_AWB,5.89752053223405e-06
Africa_Southern,FiberCrop,FiberCropAEZ06,FiberCropAEZ06,1975,NOx_AWB,1.99644137684569e-06
Africa_Southern,FiberCrop,FiberCropAEZ07,FiberCropAEZ07,1975,NOx_AWB,1.84180969095405e-07
Africa_Southern,FiberCrop,FiberCropAEZ08,FiberCropAEZ08,1975,NOx_AWB,8.67544003963408e-07
Africa_Southern,FiberCrop,FiberCropAEZ09,FiberCropAEZ09,1975,NOx_AWB,4.43064247447435e-05
Africa_Southern,FiberCrop,FiberCropAEZ10,FiberCropAEZ10,1975,NOx_AWB,1.9858265857919e-06
Africa_Southern,FiberCrop,FiberCropAEZ11,FiberCropAEZ11,1975,NOx_AWB,7.39305852583896e-07
Africa_Southern,FodderGrass,FodderGrassAEZ01,FodderGrassAEZ01,1975,NOx_AWB,0
Africa_Southern,FodderGrass,FodderGrassAEZ02,FodderGrassAEZ02,1975,NOx_AWB,0
Africa_Southern,FodderGrass,FodderGrassAEZ03,FodderGrassAEZ03,1975,NOx_AWB,0
Africa_Southern,FodderGrass,FodderGrassAEZ04,FodderGrassAEZ04,1975,NOx_AWB,0
Africa_Southern,FodderGrass,FodderGrassAEZ05,FodderGrassAEZ05,1975,NOx_AWB,0
Africa_Southern,FodderGrass,FodderGrassAEZ06,FodderGrassAEZ06,1975,NOx_AWB,0
Africa_Southern,FodderGrass,FodderGrassAEZ07,FodderGrassAEZ07,1975,NOx_AWB,0
Africa_Southern,FodderGrass,FodderGrassAEZ08,FodderGrassAEZ08,1975,NOx_AWB,0
Africa_Southern,FodderGrass,FodderGrassAEZ09,FodderGrassAEZ09,1975,NOx_AWB,0
Africa_Southern,FodderGrass,FodderGrassAEZ10,FodderGrassAEZ10,1975,NOx_AWB,0
Africa_Southern,FodderGrass,FodderGrassAEZ11,FodderGrassAEZ11,1975,NOx_AWB,0
Africa_Southern,FodderHerb,FodderHerbAEZ01,FodderHerbAEZ01,1975,NOx_AWB,0
Africa_Southern,FodderHerb,FodderHerbAEZ02,FodderHerbAEZ02,1975,NOx_AWB,0
Africa_Southern,FodderHerb,FodderHerbAEZ03,FodderHerbAEZ03,1975,NOx_AWB,0
Africa_Southern,FodderHerb,FodderHerbAEZ04,FodderHerbAEZ04,1975,NOx_AWB,0
Africa_Southern,FodderHerb,FodderHerbAEZ05,FodderHerbAEZ05,1975,NOx_AWB,0
Africa_Southern,FodderHerb,FodderHerbAEZ06,FodderHerbAEZ06,1975,NOx_AWB,0
Africa_Southern,FodderHerb,FodderHerbAEZ07,FodderHerbAEZ07,1975,NOx_AWB,0
Africa_Southern,FodderHerb,FodderHerbAEZ08,FodderHerbAEZ08,1975,NOx_AWB,0
Africa_Southern,FodderHerb,FodderHerbAEZ09,FodderHerbAEZ09,1975,NOx_AWB,0
Africa_Southern,FodderHerb,FodderHerbAEZ10,FodderHerbAEZ10,1975,NOx_AWB,0
Africa_Southern,FodderHerb,FodderHerbAEZ11,FodderHerbAEZ11,1975,NOx_AWB,0
Africa_Southern,MiscCrop,MiscCropAEZ01,MiscCropAEZ01,1975,NOx_AWB,2.65914599621529e-05
Africa_Southern,MiscCrop,MiscCropAEZ02,MiscCropAEZ02,1975,NOx_AWB,4.16528163525839e-05
Africa_Southern,MiscCrop,MiscCropAEZ03,MiscCropAEZ03,1975,NOx_AWB,0.000205725343361807
Africa_Southern,MiscCrop,MiscCropAEZ04,MiscCropAEZ04,1975,NOx_AWB,0.000530850655870123
Africa_Southern,MiscCrop,MiscCropAEZ05,MiscCropAEZ05,1975,NOx_AWB,0.000118366682088375
Africa_Southern,MiscCrop,MiscCropAEZ06,MiscCropAEZ06,1975,NOx_AWB,2.74382763425782e-05
Africa_Southern,MiscCrop,MiscCropAEZ07,MiscCropAEZ07,1975,NOx_AWB,1.72388434939014e-05
Africa_Southern,MiscCrop,MiscCropAEZ08,MiscCropAEZ08,1975,NOx_AWB,1.54097771368551e-05
Africa_Southern,MiscCrop,MiscCropAEZ09,MiscCropAEZ09,1975,NOx_AWB,5.88260814735902e-05
Africa_Southern,MiscCrop,MiscCropAEZ10,MiscCropAEZ10,1975,NOx_AWB,2.47221912112885e-05
Africa_Southern,MiscCrop,MiscCropAEZ11,MiscCropAEZ11,1975,NOx_AWB,8.75471278146644e-06
Africa_Southern,OilCrop,OilCropAEZ01,OilCropAEZ01,1975,NOx_AWB,5.49402794431949e-06
Africa_Southern,OilCrop,OilCropAEZ02,OilCropAEZ02,1975,NOx_AWB,1.16087663416657e-05
Africa_Southern,OilCrop,OilCropAEZ03,OilCropAEZ03,1975,NOx_AWB,4.01391086324442e-05
Africa_Southern,OilCrop,OilCropAEZ04,OilCropAEZ04,1975,NOx_AWB,4.89274449859736e-05
Africa_Southern,OilCrop,OilCropAEZ05,OilCropAEZ05,1975,NOx_AWB,1.17144352056869e-05
Africa_Southern,OilCrop,OilCropAEZ06,OilCropAEZ06,1975,NOx_AWB,1.20803858084014e-06
Africa_Southern,OilCrop,OilCropAEZ07,OilCropAEZ07,1975,NOx_AWB,4.37684952684195e-06
Africa_Southern,OilCrop,OilCropAEZ08,OilCropAEZ08,1975,NOx_AWB,4.43206841065346e-06
Africa_Southern,OilCrop,OilCropAEZ09,OilCropAEZ09,1975,NOx_AWB,2.30312944479307e-05
Africa_Southern,OilCrop,OilCropAEZ10,OilCropAEZ10,1975,NOx_AWB,6.54971260482512e-06
Africa_Southern,OilCrop,OilCropAEZ11,OilCropAEZ11,1975,NOx_AWB,1.75219558130999e-06
Africa_Southern,OtherGrain,OtherGrainAEZ01,OtherGrainAEZ01,1975,NOx_AWB,2.84181642516054e-06
Africa_Southern,OtherGrain,OtherGrainAEZ02,OtherGrainAEZ02,1975,NOx_AWB,2.83650843471125e-06
Africa_Southern,OtherGrain,OtherGrainAEZ03,OtherGrainAEZ03,1975,NOx_AWB,5.10299994121196e-05
Africa_Southern,OtherGrain,OtherGrainAEZ04,OtherGrainAEZ04,1975,NOx_AWB,0.000144154200468451
Africa_Southern,OtherGrain,OtherGrainAEZ05,OtherGrainAEZ05,1975,NOx_AWB,2.78463303574335e-05
Africa_Southern,OtherGrain,OtherGrainAEZ06,OtherGrainAEZ06,1975,NOx_AWB,1.57320670777925e-06
Africa_Southern,OtherGrain,OtherGrainAEZ07,OtherGrainAEZ07,1975,NOx_AWB,6.66826507866515e-06
Africa_Southern,OtherGrain,OtherGrainAEZ08,OtherGrainAEZ08,1975,NOx_AWB,1.18223238049298e-05
Africa_Southern,OtherGrain,OtherGrainAEZ09,OtherGrainAEZ09,1975,NOx_AWB,1.40469842636205e-05
Africa_Southern,OtherGrain,OtherGrainAEZ10,OtherGrainAEZ10,1975,NOx_AWB,7.50080296528906e-06
Africa_Southern,OtherGrain,OtherGrainAEZ11,OtherGrainAEZ11,1975,NOx_AWB,8.86434405032121e-07
Africa_Southern,PalmFruit,PalmFruitAEZ01,PalmFruitAEZ01,1975,NOx_AWB,1.01139510411487e-06
Africa_Southern,PalmFruit,PalmFruitAEZ02,PalmFruitAEZ02,1975,NOx_AWB,5.74668305460691e-06
Africa_Southern,PalmFruit,PalmFruitAEZ03,PalmFruitAEZ03,1975,NOx_AWB,3.4273362013231e-05
Africa_Southern,PalmFruit,PalmFruitAEZ04,PalmFruitAEZ04,1975,NOx_AWB,0.000107471799735424
Africa_Southern,PalmFruit,PalmFruitAEZ05,PalmFruitAEZ05,1975,NOx_AWB,2.49450089668414e-05
Africa_Southern,PalmFruit,PalmFruitAEZ06,PalmFruitAEZ06,1975,NOx_AWB,2.7292125932146e-06
Africa_Southern,PalmFruit,PalmFruitAEZ07,PalmFruitAEZ07,1975,NOx_AWB,0
Africa_Southern,PalmFruit,PalmFruitAEZ08,PalmFruitAEZ08,1975,NOx_AWB,0
Africa_Southern,PalmFruit,PalmFruitAEZ09,PalmFruitAEZ09,1975,NOx_AWB,2.82862196993101e-06
Africa_Southern,PalmFruit,PalmFruitAEZ10,PalmFruitAEZ10,1975,NOx_AWB,3.9722696666686e-06
Africa_Southern,PalmFruit,PalmFruitAEZ11,PalmFruitAEZ11,1975,NOx_AWB,3.57756458979457e-08
Africa_Southern,Rice,RiceAEZ01,RiceAEZ01,1975,NOx_AWB,9.99059223799352e-09
Africa_Southern,Rice,RiceAEZ02,RiceAEZ02,1975,NOx_AWB,1.4433183012211e-06
Africa_Southern,Rice,RiceAEZ03,RiceAEZ03,1975,NOx_AWB,1.53413600743615e-05
Africa_Southern,Rice,RiceAEZ04,RiceAEZ04,1975,NOx_AWB,6.55245883015563e-05
Africa_Southern,Rice,RiceAEZ05,RiceAEZ05,1975,NOx_AWB,1.14604984056544e-05
Africa_Southern,Rice,RiceAEZ06,RiceAEZ06,1975,NOx_AWB,3.92211314633488e-07
Africa_Southern,Rice,RiceAEZ07,RiceAEZ07,1975,NOx_AWB,0
Africa_Southern,Rice,RiceAEZ08,RiceAEZ08,1975,NOx_AWB,0
Africa_Southern,Rice,RiceAEZ09,RiceAEZ09,1975,NOx_AWB,1.45830418957809e-07
Africa_Southern,Rice,RiceAEZ10,RiceAEZ10,1975,NOx_AWB,1.59527198638929e-08
Africa_Southern,Rice,RiceAEZ11,RiceAEZ11,1975,NOx_AWB,0
Africa_Southern,Root_Tuber,Root_TuberAEZ01,Root_TuberAEZ01,1975,NOx_AWB,1.05360841175481e-05
Africa_Southern,Root_Tuber,Root_TuberAEZ02,Root_TuberAEZ02,1975,NOx_AWB,2.84948113985551e-05
Africa_Southern,Root_Tuber,Root_TuberAEZ03,Root_TuberAEZ03,1975,NOx_AWB,0.000271436957792195
Africa_Southern,Root_Tuber,Root_TuberAEZ04,Root_TuberAEZ04,1975,NOx_AWB,0.00112112790618922
Africa_Southern,Root_Tuber,Root_TuberAEZ05,Root_TuberAEZ05,1975,NOx_AWB,0.000542066716730164
Africa_Southern,Root_Tuber,Root_TuberAEZ06,Root_TuberAEZ06,1975,NOx_AWB,1.46668187124798e-05
Africa_Southern,Root_Tuber,Root_TuberAEZ07,Root_TuberAEZ07,1975,NOx_AWB,1.50053988860731e-05
Africa_Southern,Root_Tuber,Root_TuberAEZ08,Root_TuberAEZ08,1975,NOx_AWB,2.91417565008923e-05
Africa_Southern,Root_Tuber,Root_TuberAEZ09,Root_TuberAEZ09,1975,NOx_AWB,7.59440412308193e-05
Africa_Southern,Root_Tuber,Root_TuberAEZ10,Root_TuberAEZ10,1975,NOx_AWB,7.77610505110414e-05
Africa_Southern,Root_Tuber,Root_TuberAEZ11,Root_TuberAEZ11,1975,NOx_AWB,1.57482138540775e-05
Africa_Southern,SugarCrop,SugarCropAEZ01,SugarCropAEZ01,1975,NOx_AWB,6.98763682022466e-05
Africa_Southern,SugarCrop,SugarCropAEZ02,SugarCropAEZ02,1975,NOx_AWB,0.000245063368400982
Africa_Southern,SugarCrop,SugarCropAEZ03,SugarCropAEZ03,1975,NOx_AWB,0.000371091894074651
Africa_Southern,SugarCrop,SugarCropAEZ04,SugarCropAEZ04,1975,NOx_AWB,0.000158991063724222
Africa_Southern,SugarCrop,SugarCropAEZ05,SugarCropAEZ05,1975,NOx_AWB,2.15611300386603e-05
Africa_Southern,SugarCrop,SugarCropAEZ06,SugarCropAEZ06,1975,NOx_AWB,2.0180184918903e-06
Africa_Southern,SugarCrop,SugarCropAEZ07,SugarCropAEZ07,1975,NOx_AWB,7.42263577190853e-05
Africa_Southern,SugarCrop,SugarCropAEZ08,SugarCropAEZ08,1975,NOx_AWB,0.000140536502672893
Africa_Southern,SugarCrop,SugarCropAEZ09,SugarCropAEZ09,1975,NOx_AWB,0.000355361806662606
Africa_Southern,SugarCrop,SugarCropAEZ10,SugarCropAEZ10,1975,NOx_AWB,0.000263351908775793
Africa_Southern,SugarCrop,SugarCropAEZ11,SugarCropAEZ11,1975,NOx_AWB,0.000235406168660753
Africa_Southern,Wheat,WheatAEZ01,WheatAEZ01,1975,NOx_AWB,1.98487246684207e-06
Africa_Southern,Wheat,WheatAEZ02,WheatAEZ02,1975,NOx_AWB,4.29603491854479e-06
Africa_Southern,Wheat,WheatAEZ03,WheatAEZ03,1975,NOx_AWB,1.40643151168338e-05
Africa_Southern,Wheat,WheatAEZ04,WheatAEZ04,1975,NOx_AWB,6.61628817565514e-06
Africa_Southern,Wheat,WheatAEZ05,WheatAEZ05,1975,NOx_AWB,6.78313941952087e-07
Africa_Southern,Wheat,WheatAEZ06,WheatAEZ06,1975,NOx_AWB,1.19579055746193e-07
Africa_Southern,Wheat,WheatAEZ07,WheatAEZ07,1975,NOx_AWB,1.95172599174049e-06
Africa_Southern,Wheat,WheatAEZ08,WheatAEZ08,1975,NOx_AWB,5.19714352225559e-06
Africa_Southern,Wheat,WheatAEZ09,WheatAEZ09,1975,NOx_AWB,1.09798747713057e-05
Africa_Southern,Wheat,WheatAEZ10,WheatAEZ10,1975,NOx_AWB,4.33743304778558e-06
Africa_Southern,Wheat,WheatAEZ11,WheatAEZ11,1975,NOx_AWB,1.31103399832141e-06
Africa_Southern,Corn,CornAEZ01,CornAEZ01,1975,SO2_AWB,7.09207883169085e-07
Africa_Southern,Corn,CornAEZ02,CornAEZ02,1975,SO2_AWB,3.44395482482035e-06
Africa_Southern,Corn,CornAEZ03,CornAEZ03,1975,SO2_AWB,3.35947609569158e-05
Africa_Southern,Corn,CornAEZ04,CornAEZ04,1975,SO2_AWB,5.91433921944859e-05
Africa_Southern,Corn,CornAEZ05,CornAEZ05,1975,SO2_AWB,9.29134117004925e-06
Africa_Southern,Corn,CornAEZ06,CornAEZ06,1975,SO2_AWB,6.58457505042436e-07
Africa_Southern,Corn,CornAEZ07,CornAEZ07,1975,SO2_AWB,4.90053608642631e-07
Africa_Southern,Corn,CornAEZ08,CornAEZ08,1975,SO2_AWB,1.0278735510227e-06
Africa_Southern,Corn,CornAEZ09,CornAEZ09,1975,SO2_AWB,2.07728195572087e-05
Africa_Southern,Corn,CornAEZ10,CornAEZ10,1975,SO2_AWB,7.69223935359337e-06
Africa_Southern,Corn,CornAEZ11,CornAEZ11,1975,SO2_AWB,2.24583937904216e-06
Africa_Southern,FiberCrop,FiberCropAEZ01,FiberCropAEZ01,1975,SO2_AWB,8.5256675123137e-08
Africa_Southern,FiberCrop,FiberCropAEZ02,FiberCropAEZ02,1975,SO2_AWB,4.49187686352551e-07
Africa_Southern,FiberCrop,FiberCropAEZ03,FiberCropAEZ03,1975,SO2_AWB,4.17403646938766e-06
Africa_Southern,FiberCrop,FiberCropAEZ04,FiberCropAEZ04,1975,SO2_AWB,4.92116819239801e-06
Africa_Southern,FiberCrop,FiberCropAEZ05,FiberCropAEZ05,1975,SO2_AWB,6.44109323964105e-07
Africa_Southern,FiberCrop,FiberCropAEZ06,FiberCropAEZ06,1975,SO2_AWB,2.18045278273396e-07
Africa_Southern,FiberCrop,FiberCropAEZ07,FiberCropAEZ07,1975,SO2_AWB,2.01156874050179e-08
Africa_Southern,FiberCrop,FiberCropAEZ08,FiberCropAEZ08,1975,SO2_AWB,9.47505275899914e-08
Africa_Southern,FiberCrop,FiberCropAEZ09,FiberCropAEZ09,1975,SO2_AWB,4.83901346907098e-06
Africa_Southern,FiberCrop,FiberCropAEZ10,FiberCropAEZ10,1975,SO2_AWB,2.16885962955662e-07
Africa_Southern,FiberCrop,FiberCropAEZ11,FiberCropAEZ11,1975,SO2_AWB,8.07447452378994e-08
Africa_Southern,FodderGrass,FodderGrassAEZ01,FodderGrassAEZ01,1975,SO2_AWB,0
Africa_Southern,FodderGrass,FodderGrassAEZ02,FodderGrassAEZ02,1975,SO2_AWB,0
Africa_Southern,FodderGrass,FodderGrassAEZ03,FodderGrassAEZ03,1975,SO2_AWB,0
Africa_Southern,FodderGrass,FodderGrassAEZ04,FodderGrassAEZ04,1975,SO2_AWB,0
Africa_Southern,FodderGrass,FodderGrassAEZ05,FodderGrassAEZ05,1975,SO2_AWB,0
Africa_Southern,FodderGrass,FodderGrassAEZ06,FodderGrassAEZ06,1975,SO2_AWB,0
Africa_Southern,FodderGrass,FodderGrassAEZ07,FodderGrassAEZ07,1975,SO2_AWB,0
Africa_Southern,FodderGrass,FodderGrassAEZ08,FodderGrassAEZ08,1975,SO2_AWB,0
Africa_Southern,FodderGrass,FodderGrassAEZ09,FodderGrassAEZ09,1975,SO2_AWB,0
Africa_Southern,FodderGrass,FodderGrassAEZ10,FodderGrassAEZ10,1975,SO2_AWB,0
Africa_Southern,FodderGrass,FodderGrassAEZ11,FodderGrassAEZ11,1975,SO2_AWB,0
Africa_Southern,FodderHerb,FodderHerbAEZ01,FodderHerbAEZ01,1975,SO2_AWB,0
Africa_Southern,FodderHerb,FodderHerbAEZ02,FodderHerbAEZ02,1975,SO2_AWB,0
Africa_Southern,FodderHerb,FodderHerbAEZ03,FodderHerbAEZ03,1975,SO2_AWB,0
Africa_Southern,FodderHerb,FodderHerbAEZ04,FodderHerbAEZ04,1975,SO2_AWB,0
Africa_Southern,FodderHerb,FodderHerbAEZ05,FodderHerbAEZ05,1975,SO2_AWB,0
Africa_Southern,FodderHerb,FodderHerbAEZ06,FodderHerbAEZ06,1975,SO2_AWB,0
Africa_Southern,FodderHerb,FodderHerbAEZ07,FodderHerbAEZ07,1975,SO2_AWB,0
Africa_Southern,FodderHerb,FodderHerbAEZ08,FodderHerbAEZ08,1975,SO2_AWB,0
Africa_Southern,FodderHerb,FodderHerbAEZ09,FodderHerbAEZ09,1975,SO2_AWB,0
Africa_Southern,FodderHerb,FodderHerbAEZ10,FodderHerbAEZ10,1975,SO2_AWB,0
Africa_Southern,FodderHerb,FodderHerbAEZ11,FodderHerbAEZ11,1975,SO2_AWB,0
Africa_Southern,MiscCrop,MiscCropAEZ01,MiscCropAEZ01,1975,SO2_AWB,2.90423868909408e-06
Africa_Southern,MiscCrop,MiscCropAEZ02,MiscCropAEZ02,1975,SO2_AWB,4.54919440049846e-06
Africa_Southern,MiscCrop,MiscCropAEZ03,MiscCropAEZ03,1975,SO2_AWB,2.24686986863038e-05
Africa_Southern,MiscCrop,MiscCropAEZ04,MiscCropAEZ04,1975,SO2_AWB,5.79779002395234e-05
Africa_Southern,MiscCrop,MiscCropAEZ05,MiscCropAEZ05,1975,SO2_AWB,1.29276503851248e-05
Africa_Southern,MiscCrop,MiscCropAEZ06,MiscCropAEZ06,1975,SO2_AWB,2.99672540844271e-06
Africa_Southern,MiscCrop,MiscCropAEZ07,MiscCropAEZ07,1975,SO2_AWB,1.88277425539944e-06
Africa_Southern,MiscCrop,MiscCropAEZ08,MiscCropAEZ08,1975,SO2_AWB,1.68300916966835e-06
Africa_Southern,MiscCrop,MiscCropAEZ09,MiscCropAEZ09,1975,SO2_AWB,6.42480638470253e-06
Africa_Southern,MiscCrop,MiscCropAEZ10,MiscCropAEZ10,1975,SO2_AWB,2.70008281971716e-06
Africa_Southern,MiscCrop,MiscCropAEZ11,MiscCropAEZ11,1975,SO2_AWB,9.56163204578813e-07
Africa_Southern,OilCrop,OilCropAEZ01,OilCropAEZ01,1975,SO2_AWB,6.00041086031625e-07
Africa_Southern,OilCrop,OilCropAEZ02,OilCropAEZ02,1975,SO2_AWB,1.26787428708706e-06
Africa_Southern,OilCrop,OilCropAEZ03,OilCropAEZ03,1975,SO2_AWB,4.38387182960288e-06
Africa_Southern,OilCrop,OilCropAEZ04,OilCropAEZ04,1975,SO2_AWB,5.34370729884823e-06
Africa_Southern,OilCrop,OilCropAEZ05,OilCropAEZ05,1975,SO2_AWB,1.27941512025529e-06
Africa_Southern,OilCrop,OilCropAEZ06,OilCropAEZ06,1975,SO2_AWB,1.31938313631058e-07
Africa_Southern,OilCrop,OilCropAEZ07,OilCropAEZ07,1975,SO2_AWB,4.78026244150921e-07
Africa_Southern,OilCrop,OilCropAEZ08,OilCropAEZ08,1975,SO2_AWB,4.84057083336217e-07
Africa_Southern,OilCrop,OilCropAEZ09,OilCropAEZ09,1975,SO2_AWB,2.51540819837644e-06
Africa_Southern,OilCrop,OilCropAEZ10,OilCropAEZ10,1975,SO2_AWB,7.15339766092341e-07
Africa_Southern,OilCrop,OilCropAEZ11,OilCropAEZ11,1975,SO2_AWB,1.91369492511616e-07
Africa_Southern,OtherGrain,OtherGrainAEZ01,OtherGrainAEZ01,1975,SO2_AWB,3.10374579695928e-07
Africa_Southern,OtherGrain,OtherGrainAEZ02,OtherGrainAEZ02,1975,SO2_AWB,3.09794857061439e-07
Africa_Southern,OtherGrain,OtherGrainAEZ03,OtherGrainAEZ03,1975,SO2_AWB,5.57334192286023e-06
Africa_Southern,OtherGrain,OtherGrainAEZ04,OtherGrainAEZ04,1975,SO2_AWB,1.5744085010442e-05
Africa_Southern,OtherGrain,OtherGrainAEZ05,OtherGrainAEZ05,1975,SO2_AWB,3.04129183160525e-06
Africa_Southern,OtherGrain,OtherGrainAEZ06,OtherGrainAEZ06,1975,SO2_AWB,1.71820870052933e-07
Africa_Southern,OtherGrain,OtherGrainAEZ07,OtherGrainAEZ07,1975,SO2_AWB,7.28287708089662e-07
Africa_Southern,OtherGrain,OtherGrainAEZ08,OtherGrainAEZ08,1975,SO2_AWB,1.29119838617899e-06
Africa_Southern,OtherGrain,OtherGrainAEZ09,OtherGrainAEZ09,1975,SO2_AWB,1.53416906110331e-06
Africa_Southern,OtherGrain,OtherGrainAEZ10,OtherGrainAEZ10,1975,SO2_AWB,8.19214973606904e-07
Africa_Southern,OtherGrain,OtherGrainAEZ11,OtherGrainAEZ11,1975,SO2_AWB,9.68136799597502e-08
Africa_Southern,PalmFruit,PalmFruitAEZ01,PalmFruitAEZ01,1975,SO2_AWB,1.10461508902159e-07
Africa_Southern,PalmFruit,PalmFruitAEZ02,PalmFruitAEZ02,1975,SO2_AWB,6.27635311671677e-07
Africa_Southern,PalmFruit,PalmFruitAEZ03,PalmFruitAEZ03,1975,SO2_AWB,3.74323275614891e-06
Africa_Southern,PalmFruit,PalmFruitAEZ04,PalmFruitAEZ04,1975,SO2_AWB,1.17377443443282e-05
Africa_Southern,PalmFruit,PalmFruitAEZ05,PalmFruitAEZ05,1975,SO2_AWB,2.72441829987563e-06
Africa_Southern,PalmFruit,PalmFruitAEZ06,PalmFruitAEZ06,1975,SO2_AWB,2.98076330342823e-07
Africa_Southern,PalmFruit,PalmFruitAEZ07,PalmFruitAEZ07,1975,SO2_AWB,0
Africa_Southern,PalmFruit,PalmFruitAEZ08,PalmFruitAEZ08,1975,SO2_AWB,0
Africa_Southern,PalmFruit,PalmFruitAEZ09,PalmFruitAEZ09,1975,SO2_AWB,3.08933521272897e-07
Africa_Southern,PalmFruit,PalmFruitAEZ10,PalmFruitAEZ10,1975,SO2_AWB,4.33839257636602e-07
Africa_Southern,PalmFruit,PalmFruitAEZ11,PalmFruitAEZ11,1975,SO2_AWB,3.90730765035181e-09
Africa_Southern,Rice,RiceAEZ01,RiceAEZ01,1975,SO2_AWB,1.09114221429889e-09
Africa_Southern,Rice,RiceAEZ02,RiceAEZ02,1975,SO2_AWB,1.57634851830245e-07
Africa_Southern,Rice,RiceAEZ03,RiceAEZ03,1975,SO2_AWB,1.67553686539581e-06
Africa_Southern,Rice,RiceAEZ04,RiceAEZ04,1975,SO2_AWB,7.15639700502306e-06
Africa_Southern,Rice,RiceAEZ05,RiceAEZ05,1975,SO2_AWB,1.25168091234461e-06
Africa_Southern,Rice,RiceAEZ06,RiceAEZ06,1975,SO2_AWB,4.28361314452179e-08
Africa_Southern,Rice,RiceAEZ07,RiceAEZ07,1975,SO2_AWB,0
Africa_Southern,Rice,RiceAEZ08,RiceAEZ08,1975,SO2_AWB,0
Africa_Southern,Rice,RiceAEZ09,RiceAEZ09,1975,SO2_AWB,1.59271565151693e-08
Africa_Southern,Rice,RiceAEZ10,RiceAEZ10,1975,SO2_AWB,1.74230772928372e-09
Africa_Southern,Rice,RiceAEZ11,RiceAEZ11,1975,SO2_AWB,0
Africa_Southern,Root_Tuber,Root_TuberAEZ01,Root_TuberAEZ01,1975,SO2_AWB,1.15071918462861e-06
Africa_Southern,Root_Tuber,Root_TuberAEZ02,Root_TuberAEZ02,1975,SO2_AWB,3.11211696612023e-06
Africa_Southern,Root_Tuber,Root_TuberAEZ03,Root_TuberAEZ03,1975,SO2_AWB,2.96455221184579e-05
Africa_Southern,Root_Tuber,Root_TuberAEZ04,Root_TuberAEZ04,1975,SO2_AWB,0.00012244619307146
Africa_Southern,Root_Tuber,Root_TuberAEZ05,Root_TuberAEZ05,1975,SO2_AWB,5.92028844237438e-05
Africa_Southern,Root_Tuber,Root_TuberAEZ06,Root_TuberAEZ06,1975,SO2_AWB,1.60186550160611e-06
Africa_Southern,Root_Tuber,Root_TuberAEZ07,Root_TuberAEZ07,1975,SO2_AWB,1.63884420232091e-06
Africa_Southern,Root_Tuber,Root_TuberAEZ08,Root_TuberAEZ08,1975,SO2_AWB,3.18277435005483e-06
Africa_Southern,Root_Tuber,Root_TuberAEZ09,Root_TuberAEZ09,1975,SO2_AWB,8.29437808464146e-06
Africa_Southern,Root_Tuber,Root_TuberAEZ10,Root_TuberAEZ10,1975,SO2_AWB,8.49282633297286e-06
Africa_Southern,Root_Tuber,Root_TuberAEZ11,Root_TuberAEZ11,1975,SO2_AWB,1.71997220251296e-06
Africa_Southern,SugarCrop,SugarCropAEZ01,SugarCropAEZ01,1975,SO2_AWB,7.63168522056275e-06
Africa_Southern,SugarCrop,SugarCropAEZ02,SugarCropAEZ02,1975,SO2_AWB,2.67650785930081e-05
Africa_Southern,SugarCrop,SugarCropAEZ03,SugarCropAEZ03,1975,SO2_AWB,4.05295323203288e-05
Africa_Southern,SugarCrop,SugarCropAEZ04,SugarCropAEZ04,1975,SO2_AWB,1.73645222618579e-05
Africa_Southern,SugarCrop,SugarCropAEZ05,SugarCropAEZ05,1975,SO2_AWB,2.35484129596456e-06
Africa_Southern,SugarCrop,SugarCropAEZ06,SugarCropAEZ06,1975,SO2_AWB,2.20401865403279e-07
Africa_Southern,SugarCrop,SugarCropAEZ07,SugarCropAEZ07,1975,SO2_AWB,8.10677789580275e-06
Africa_Southern,SugarCrop,SugarCropAEZ08,SugarCropAEZ08,1975,SO2_AWB,1.53489710182707e-05
Africa_Southern,SugarCrop,SugarCropAEZ09,SugarCropAEZ09,1975,SO2_AWB,3.88115398328943e-05
Africa_Southern,SugarCrop,SugarCropAEZ10,SugarCropAEZ10,1975,SO2_AWB,2.87624975613228e-05
Africa_Southern,SugarCrop,SugarCropAEZ11,SugarCropAEZ11,1975,SO2_AWB,2.57103484971877e-05
Africa_Southern,Wheat,WheatAEZ01,WheatAEZ01,1975,SO2_AWB,2.16781756974792e-07
Africa_Southern,Wheat,WheatAEZ02,WheatAEZ02,1975,SO2_AWB,4.69199917488352e-07
Africa_Southern,Wheat,WheatAEZ03,WheatAEZ03,1975,SO2_AWB,1.53606188438149e-06
Africa_Southern,Wheat,WheatAEZ04,WheatAEZ04,1975,SO2_AWB,7.2261094822481e-07
Africa_Southern,Wheat,WheatAEZ05,WheatAEZ05,1975,SO2_AWB,7.40833935546605e-08
Africa_Southern,Wheat,WheatAEZ06,WheatAEZ06,1975,SO2_AWB,1.30600621627288e-08
Africa_Southern,Wheat,WheatAEZ07,WheatAEZ07,1975,SO2_AWB,2.13161599392843e-07
Africa_Southern,Wheat,WheatAEZ08,WheatAEZ08,1975,SO2_AWB,5.67616268967256e-07
Africa_Southern,Wheat,WheatAEZ09,WheatAEZ09,1975,SO2_AWB,1.19918865521562e-06
Africa_Southern,Wheat,WheatAEZ10,WheatAEZ10,1975,SO2_AWB,4.73721295734161e-07
Africa_Southern,Wheat,WheatAEZ11,WheatAEZ11,1975,SO2_AWB,1.43187161068327e-07
Africa_Western,Corn,CornAEZ01,CornAEZ01,1975,CH4_AWB,2.74088792764366e-06
Africa_Western,Corn,CornAEZ02,CornAEZ02,1975,CH4_AWB,2.59010038126446e-05
Africa_Western,Corn,CornAEZ03,CornAEZ03,1975,CH4_AWB,5.46368897507894e-05
Africa_Western,Corn,CornAEZ04,CornAEZ04,1975,CH4_AWB,0.000107355613139362
Africa_Western,Corn,CornAEZ05,CornAEZ05,1975,CH4_AWB,0.000193441654288854
Africa_Western,Corn,CornAEZ06,CornAEZ06,1975,CH4_AWB,4.47862122246869e-05
Africa_Western,Corn,CornAEZ07,CornAEZ07,1975,CH4_AWB,0
Africa_Western,Corn,CornAEZ09,CornAEZ09,1975,CH4_AWB,3.34581995681189e-08
Africa_Western,Corn,CornAEZ10,CornAEZ10,1975,CH4_AWB,2.89841379979636e-08
Africa_Western,FiberCrop,FiberCropAEZ01,FiberCropAEZ01,1975,CH4_AWB,1.63567955852918e-07
Africa_Western,FiberCrop,FiberCropAEZ02,FiberCropAEZ02,1975,CH4_AWB,4.78701855924532e-06
Africa_Western,FiberCrop,FiberCropAEZ03,FiberCropAEZ03,1975,CH4_AWB,2.49273266702168e-05
Africa_Western,FiberCrop,FiberCropAEZ04,FiberCropAEZ04,1975,CH4_AWB,2.54979898855549e-05
Africa_Western,FiberCrop,FiberCropAEZ05,FiberCropAEZ05,1975,CH4_AWB,2.12453852227255e-05
Africa_Western,FiberCrop,FiberCropAEZ06,FiberCropAEZ06,1975,CH4_AWB,4.78608597050346e-06
Africa_Western,FiberCrop,FiberCropAEZ07,FiberCropAEZ07,1975,CH4_AWB,0
Africa_Western,FiberCrop,FiberCropAEZ09,FiberCropAEZ09,1975,CH4_AWB,3.64926029419005e-10
Africa_Western,FiberCrop,FiberCropAEZ10,FiberCropAEZ10,1975,CH4_AWB,3.64926029419005e-10
Africa_Western,FodderGrass,FodderGrassAEZ01,FodderGrassAEZ01,1975,CH4_AWB,0
Africa_Western,FodderGrass,FodderGrassAEZ02,FodderGrassAEZ02,1975,CH4_AWB,0
Africa_Western,FodderGrass,FodderGrassAEZ03,FodderGrassAEZ03,1975,CH4_AWB,0
Africa_Western,FodderGrass,FodderGrassAEZ04,FodderGrassAEZ04,1975,CH4_AWB,0
Africa_Western,FodderGrass,FodderGrassAEZ05,FodderGrassAEZ05,1975,CH4_AWB,0
Africa_Western,FodderGrass,FodderGrassAEZ06,FodderGrassAEZ06,1975,CH4_AWB,0
Africa_Western,FodderGrass,FodderGrassAEZ07,FodderGrassAEZ07,1975,CH4_AWB,0
Africa_Western,FodderGrass,FodderGrassAEZ09,FodderGrassAEZ09,1975,CH4_AWB,0
Africa_Western,FodderGrass,FodderGrassAEZ10,FodderGrassAEZ10,1975,CH4_AWB,0
Africa_Western,FodderHerb,FodderHerbAEZ01,FodderHerbAEZ01,1975,CH4_AWB,0
Africa_Western,FodderHerb,FodderHerbAEZ02,FodderHerbAEZ02,1975,CH4_AWB,0
Africa_Western,FodderHerb,FodderHerbAEZ03,FodderHerbAEZ03,1975,CH4_AWB,0
Africa_Western,FodderHerb,FodderHerbAEZ04,FodderHerbAEZ04,1975,CH4_AWB,0
Africa_Western,FodderHerb,FodderHerbAEZ05,FodderHerbAEZ05,1975,CH4_AWB,0
Africa_Western,FodderHerb,FodderHerbAEZ06,FodderHerbAEZ06,1975,CH4_AWB,0
Africa_Western,FodderHerb,FodderHerbAEZ07,FodderHerbAEZ07,1975,CH4_AWB,0
Africa_Western,FodderHerb,FodderHerbAEZ09,FodderHerbAEZ09,1975,CH4_AWB,0
Africa_Western,FodderHerb,FodderHerbAEZ10,FodderHerbAEZ10,1975,CH4_AWB,0
Africa_Western,MiscCrop,MiscCropAEZ01,MiscCropAEZ01,1975,CH4_AWB,3.45823523856081e-05
Africa_Western,MiscCrop,MiscCropAEZ02,MiscCropAEZ02,1975,CH4_AWB,0.000231192177369384
Africa_Western,MiscCrop,MiscCropAEZ03,MiscCropAEZ03,1975,CH4_AWB,0.0002083341424385
Africa_Western,MiscCrop,MiscCropAEZ04,MiscCropAEZ04,1975,CH4_AWB,0.000473894046122531
Africa_Western,MiscCrop,MiscCropAEZ05,MiscCropAEZ05,1975,CH4_AWB,0.000982757727221796
Africa_Western,MiscCrop,MiscCropAEZ06,MiscCropAEZ06,1975,CH4_AWB,0.000531746642917052
Africa_Western,MiscCrop,MiscCropAEZ07,MiscCropAEZ07,1975,CH4_AWB,0
Africa_Western,MiscCrop,MiscCropAEZ09,MiscCropAEZ09,1975,CH4_AWB,0
Africa_Western,MiscCrop,MiscCropAEZ10,MiscCropAEZ10,1975,CH4_AWB,2.62807433827084e-09
Africa_Western,OilCrop,OilCropAEZ01,OilCropAEZ01,1975,CH4_AWB,6.78258645465372e-06
Africa_Western,OilCrop,OilCropAEZ02,OilCropAEZ02,1975,CH4_AWB,9.82022403979731e-05
Africa_Western,OilCrop,OilCropAEZ03,OilCropAEZ03,1975,CH4_AWB,0.000145843661397916
Africa_Western,OilCrop,OilCropAEZ04,OilCropAEZ04,1975,CH4_AWB,0.000118941225365691
Africa_Western,OilCrop,OilCropAEZ05,OilCropAEZ05,1975,CH4_AWB,8.35714134713928e-05
Africa_Western,OilCrop,OilCropAEZ06,OilCropAEZ06,1975,CH4_AWB,1.85865850249211e-05
Africa_Western,OilCrop,OilCropAEZ07,OilCropAEZ07,1975,CH4_AWB,0
Africa_Western,OilCrop,OilCropAEZ09,OilCropAEZ09,1975,CH4_AWB,1.61118743591485e-09
Africa_Western,OilCrop,OilCropAEZ10,OilCropAEZ10,1975,CH4_AWB,1.01797751632802e-08
Africa_Western,OtherGrain,OtherGrainAEZ01,OtherGrainAEZ01,1975,CH4_AWB,7.29947377310056e-05
Africa_Western,OtherGrain,OtherGrainAEZ02,OtherGrainAEZ02,1975,CH4_AWB,0.000558185104292349
Africa_Western,OtherGrain,OtherGrainAEZ03,OtherGrainAEZ03,1975,CH4_AWB,0.000471468882654364
Africa_Western,OtherGrain,OtherGrainAEZ04,OtherGrainAEZ04,1975,CH4_AWB,0.000196794454648452
Africa_Western,OtherGrain,OtherGrainAEZ05,OtherGrainAEZ05,1975,CH4_AWB,6.03609759900214e-05
Africa_Western,OtherGrain,OtherGrainAEZ06,OtherGrainAEZ06,1975,CH4_AWB,6.68662293732303e-06
Africa_Western,OtherGrain,OtherGrainAEZ07,OtherGrainAEZ07,1975,CH4_AWB,0
Africa_Western,OtherGrain,OtherGrainAEZ09,OtherGrainAEZ09,1975,CH4_AWB,3.53684777913582e-10
Africa_Western,OtherGrain,OtherGrainAEZ10,OtherGrainAEZ10,1975,CH4_AWB,1.6976869339852e-09
Africa_Western,PalmFruit,PalmFruitAEZ01,PalmFruitAEZ01,1975,CH4_AWB,0
Africa_Western,PalmFruit,PalmFruitAEZ02,PalmFruitAEZ02,1975,CH4_AWB,7.12380937703482e-08
Africa_Western,PalmFruit,PalmFruitAEZ03,PalmFruitAEZ03,1975,CH4_AWB,1.42725808893531e-05
Africa_Western,PalmFruit,PalmFruitAEZ04,PalmFruitAEZ04,1975,CH4_AWB,0.00015710822317813
Africa_Western,PalmFruit,PalmFruitAEZ05,PalmFruitAEZ05,1975,CH4_AWB,0.000825669668522984
Africa_Western,PalmFruit,PalmFruitAEZ06,PalmFruitAEZ06,1975,CH4_AWB,0.000258603401166562
Africa_Western,PalmFruit,PalmFruitAEZ07,PalmFruitAEZ07,1975,CH4_AWB,0
Africa_Western,PalmFruit,PalmFruitAEZ09,PalmFruitAEZ09,1975,CH4_AWB,4.32036956828255e-09
Africa_Western,PalmFruit,PalmFruitAEZ10,PalmFruitAEZ10,1975,CH4_AWB,8.65994077909079e-08
Africa_Western,Rice,RiceAEZ01,RiceAEZ01,1975,CH4_AWB,1.57293359868755e-05
Africa_Western,Rice,RiceAEZ02,RiceAEZ02,1975,CH4_AWB,3.21157122460373e-05
Africa_Western,Rice,RiceAEZ03,RiceAEZ03,1975,CH4_AWB,2.52293105493779e-05
Africa_Western,Rice,RiceAEZ04,RiceAEZ04,1975,CH4_AWB,7.80681404597929e-05
Africa_Western,Rice,RiceAEZ05,RiceAEZ05,1975,CH4_AWB,0.000135176377858751
Africa_Western,Rice,RiceAEZ06,RiceAEZ06,1975,CH4_AWB,3.98579722159405e-05
Africa_Western,Rice,RiceAEZ07,RiceAEZ07,1975,CH4_AWB,0
Africa_Western,Rice,RiceAEZ09,RiceAEZ09,1975,CH4_AWB,0
Africa_Western,Rice,RiceAEZ10,RiceAEZ10,1975,CH4_AWB,0
Africa_Western,Root_Tuber,Root_TuberAEZ01,Root_TuberAEZ01,1975,CH4_AWB,2.59508341520302e-06
Africa_Western,Root_Tuber,Root_TuberAEZ02,Root_TuberAEZ02,1975,CH4_AWB,3.53220502517835e-05
Africa_Western,Root_Tuber,Root_TuberAEZ03,Root_TuberAEZ03,1975,CH4_AWB,8.66629672168234e-05
Africa_Western,Root_Tuber,Root_TuberAEZ04,Root_TuberAEZ04,1975,CH4_AWB,0.000928590077540194
Africa_Western,Root_Tuber,Root_TuberAEZ05,Root_TuberAEZ05,1975,CH4_AWB,0.00295730705666124
Africa_Western,Root_Tuber,Root_TuberAEZ06,Root_TuberAEZ06,1975,CH4_AWB,0.00106619696875767
Africa_Western,Root_Tuber,Root_TuberAEZ07,Root_TuberAEZ07,1975,CH4_AWB,0
Africa_Western,Root_Tuber,Root_TuberAEZ09,Root_TuberAEZ09,1975,CH4_AWB,2.3093502488232e-08
Africa_Western,Root_Tuber,Root_TuberAEZ10,Root_TuberAEZ10,1975,CH4_AWB,2.45466317761568e-07
Africa_Western,SugarCrop,SugarCropAEZ01,SugarCropAEZ01,1975,CH4_AWB,3.02031155470328e-05
Africa_Western,SugarCrop,SugarCropAEZ02,SugarCropAEZ02,1975,CH4_AWB,2.25984157618489e-05
Africa_Western,SugarCrop,SugarCropAEZ03,SugarCropAEZ03,1975,CH4_AWB,2.07297605862295e-05
Africa_Western,SugarCrop,SugarCropAEZ04,SugarCropAEZ04,1975,CH4_AWB,4.53904586224872e-05
Africa_Western,SugarCrop,SugarCropAEZ05,SugarCropAEZ05,1975,CH4_AWB,0.000183093224163428
Africa_Western,SugarCrop,SugarCropAEZ06,SugarCropAEZ06,1975,CH4_AWB,9.24557645308623e-05
Africa_Western,SugarCrop,SugarCropAEZ07,SugarCropAEZ07,1975,CH4_AWB,0
Africa_Western,SugarCrop,SugarCropAEZ09,SugarCropAEZ09,1975,CH4_AWB,0
Africa_Western,SugarCrop,SugarCropAEZ10,SugarCropAEZ10,1975,CH4_AWB,0
Africa_Western,Wheat,WheatAEZ01,WheatAEZ01,1975,CH4_AWB,1.91727682639459e-07
Africa_Western,Wheat,WheatAEZ02,WheatAEZ02,1975,CH4_AWB,2.11738569204336e-06
Africa_Western,Wheat,WheatAEZ03,WheatAEZ03,1975,CH4_AWB,9.30831077321425e-07
Africa_Western,Wheat,WheatAEZ04,WheatAEZ04,1975,CH4_AWB,0
Africa_Western,Wheat,WheatAEZ05,WheatAEZ05,1975,CH4_AWB,6.62698191434254e-08
Africa_Western,Wheat,WheatAEZ06,WheatAEZ06,1975,CH4_AWB,1.42545081569289e-07
Africa_Western,Wheat,WheatAEZ07,WheatAEZ07,1975,CH4_AWB,0
Africa_Western,Wheat,WheatAEZ09,WheatAEZ09,1975,CH4_AWB,0
Africa_Western,Wheat,WheatAEZ10,WheatAEZ10,1975,CH4_AWB,0
Africa_Western,Corn,CornAEZ01,CornAEZ01,1975,CO_AWB,0.000105485847152562
Africa_Western,Corn,CornAEZ02,CornAEZ02,1975,CO_AWB,0.000996826357518168
Africa_Western,Corn,CornAEZ03,CornAEZ03,1975,CO_AWB,0.00210275602406625
Africa_Western,Corn,CornAEZ04,CornAEZ04,1975,CO_AWB,0.00413168947346343
Africa_Western,Corn,CornAEZ05,CornAEZ05,1975,CO_AWB,0.00744479793261569
Africa_Western,Corn,CornAEZ06,CornAEZ06,1975,CO_AWB,0.00172364272527444
Africa_Western,Corn,CornAEZ07,CornAEZ07,1975,CO_AWB,0
Africa_Western,Corn,CornAEZ09,CornAEZ09,1975,CO_AWB,1.28767268812655e-06
Africa_Western,Corn,CornAEZ10,CornAEZ10,1975,CO_AWB,1.11548389843521e-06
Africa_Western,FiberCrop,FiberCropAEZ01,FiberCropAEZ01,1975,CO_AWB,6.29507840001006e-06
Africa_Western,FiberCrop,FiberCropAEZ02,FiberCropAEZ02,1975,CO_AWB,0.000184233256297767
Africa_Western,FiberCrop,FiberCropAEZ03,FiberCropAEZ03,1975,CO_AWB,0.000959353406805304
Africa_Western,FiberCrop,FiberCropAEZ04,FiberCropAEZ04,1975,CO_AWB,0.000981315958466616
Africa_Western,FiberCrop,FiberCropAEZ05,FiberCropAEZ05,1975,CO_AWB,0.000817650162087575
Africa_Western,FiberCrop,FiberCropAEZ06,FiberCropAEZ06,1975,CO_AWB,0.000184197364675753
Africa_Western,FiberCrop,FiberCropAEZ07,FiberCropAEZ07,1975,CO_AWB,0
Africa_Western,FiberCrop,FiberCropAEZ09,FiberCropAEZ09,1975,CO_AWB,1.4044547744197e-08
Africa_Western,FiberCrop,FiberCropAEZ10,FiberCropAEZ10,1975,CO_AWB,1.4044547744197e-08
Africa_Western,FodderGrass,FodderGrassAEZ01,FodderGrassAEZ01,1975,CO_AWB,0
Africa_Western,FodderGrass,FodderGrassAEZ02,FodderGrassAEZ02,1975,CO_AWB,0
Africa_Western,FodderGrass,FodderGrassAEZ03,FodderGrassAEZ03,1975,CO_AWB,0
Africa_Western,FodderGrass,FodderGrassAEZ04,FodderGrassAEZ04,1975,CO_AWB,0
Africa_Western,FodderGrass,FodderGrassAEZ05,FodderGrassAEZ05,1975,CO_AWB,0
Africa_Western,FodderGrass,FodderGrassAEZ06,FodderGrassAEZ06,1975,CO_AWB,0
Africa_Western,FodderGrass,FodderGrassAEZ07,FodderGrassAEZ07,1975,CO_AWB,0
Africa_Western,FodderGrass,FodderGrassAEZ09,FodderGrassAEZ09,1975,CO_AWB,0
Africa_Western,FodderGrass,FodderGrassAEZ10,FodderGrassAEZ10,1975,CO_AWB,0
Africa_Western,FodderHerb,FodderHerbAEZ01,FodderHerbAEZ01,1975,CO_AWB,0
Africa_Western,FodderHerb,FodderHerbAEZ02,FodderHerbAEZ02,1975,CO_AWB,0
Africa_Western,FodderHerb,FodderHerbAEZ03,FodderHerbAEZ03,1975,CO_AWB,0
Africa_Western,FodderHerb,FodderHerbAEZ04,FodderHerbAEZ04,1975,CO_AWB,0
Africa_Western,FodderHerb,FodderHerbAEZ05,FodderHerbAEZ05,1975,CO_AWB,0
Africa_Western,FodderHerb,FodderHerbAEZ06,FodderHerbAEZ06,1975,CO_AWB,0
Africa_Western,FodderHerb,FodderHerbAEZ07,FodderHerbAEZ07,1975,CO_AWB,0
Africa_Western,FodderHerb,FodderHerbAEZ09,FodderHerbAEZ09,1975,CO_AWB,0
Africa_Western,FodderHerb,FodderHerbAEZ10,FodderHerbAEZ10,1975,CO_AWB,0
Africa_Western,MiscCrop,MiscCropAEZ01,MiscCropAEZ01,1975,CO_AWB,0.00133093684755671
Africa_Western,MiscCrop,MiscCropAEZ02,MiscCropAEZ02,1975,CO_AWB,0.00889766503726431
Africa_Western,MiscCrop,MiscCropAEZ03,MiscCropAEZ03,1975,CO_AWB,0.00801795041828678
Africa_Western,MiscCrop,MiscCropAEZ04,MiscCropAEZ04,1975,CO_AWB,0.0182382922014495
Africa_Western,MiscCrop,MiscCropAEZ05,MiscCropAEZ05,1975,CO_AWB,0.0378224262131141
Africa_Western,MiscCrop,MiscCropAEZ06,MiscCropAEZ06,1975,CO_AWB,0.020464807967124
Africa_Western,MiscCrop,MiscCropAEZ07,MiscCropAEZ07,1975,CO_AWB,0
Africa_Western,MiscCrop,MiscCropAEZ09,MiscCropAEZ09,1975,CO_AWB,0
Africa_Western,MiscCrop,MiscCropAEZ10,MiscCropAEZ10,1975,CO_AWB,1.01144101937338e-07
Africa_Western,OilCrop,OilCropAEZ01,OilCropAEZ01,1975,CO_AWB,0.000261034707343808
Africa_Western,OilCrop,OilCropAEZ02,OilCropAEZ02,1975,CO_AWB,0.00377941265535995
Africa_Western,OilCrop,OilCropAEZ03,OilCropAEZ03,1975,CO_AWB,0.00561294098136167
Africa_Western,OilCrop,OilCropAEZ04,OilCropAEZ04,1975,CO_AWB,0.00457757349088333
Africa_Western,OilCrop,OilCropAEZ05,OilCropAEZ05,1975,CO_AWB,0.00321633046680083
Africa_Western,OilCrop,OilCropAEZ06,OilCropAEZ06,1975,CO_AWB,0.000715323544334943
Africa_Western,OilCrop,OilCropAEZ07,OilCropAEZ07,1975,CO_AWB,0
Africa_Western,OilCrop,OilCropAEZ09,OilCropAEZ09,1975,CO_AWB,6.20081798620472e-08
Africa_Western,OilCrop,OilCropAEZ10,OilCropAEZ10,1975,CO_AWB,3.91778954582935e-07
Africa_Western,OtherGrain,OtherGrainAEZ01,OtherGrainAEZ01,1975,CO_AWB,0.00280927639163043
Africa_Western,OtherGrain,OtherGrainAEZ02,OtherGrainAEZ02,1975,CO_AWB,0.0214823189231379
Africa_Western,OtherGrain,OtherGrainAEZ03,OtherGrainAEZ03,1975,CO_AWB,0.0181449573298034
Africa_Western,OtherGrain,OtherGrainAEZ04,OtherGrainAEZ04,1975,CO_AWB,0.00757383384929749
Africa_Western,OtherGrain,OtherGrainAEZ05,OtherGrainAEZ05,1975,CO_AWB,0.0023230532788463
Africa_Western,OtherGrain,OtherGrainAEZ06,OtherGrainAEZ06,1975,CO_AWB,0.000257341454212488
Africa_Western,OtherGrain,OtherGrainAEZ07,OtherGrainAEZ07,1975,CO_AWB,0
Africa_Western,OtherGrain,OtherGrainAEZ09,OtherGrainAEZ09,1975,CO_AWB,1.36119167978e-08
Africa_Western,OtherGrain,OtherGrainAEZ10,OtherGrainAEZ10,1975,CO_AWB,6.533720062944e-08
Africa_Western,PalmFruit,PalmFruitAEZ01,PalmFruitAEZ01,1975,CO_AWB,0
Africa_Western,PalmFruit,PalmFruitAEZ02,PalmFruitAEZ02,1975,CO_AWB,2.7416701701332e-06
Africa_Western,PalmFruit,PalmFruitAEZ03,PalmFruitAEZ03,1975,CO_AWB,0.00054929472707817
Africa_Western,PalmFruit,PalmFruitAEZ04,PalmFruitAEZ04,1975,CO_AWB,0.00604646904728657
Africa_Western,PalmFruit,PalmFruitAEZ05,PalmFruitAEZ05,1975,CO_AWB,0.0317767332162314
Africa_Western,PalmFruit,PalmFruitAEZ06,PalmFruitAEZ06,1975,CO_AWB,0.00995261374004459
Africa_Western,PalmFruit,PalmFruitAEZ07,PalmFruitAEZ07,1975,CO_AWB,0
Africa_Western,PalmFruit,PalmFruitAEZ09,PalmFruitAEZ09,1975,CO_AWB,1.66273797380045e-07
Africa_Western,PalmFruit,PalmFruitAEZ10,PalmFruitAEZ10,1975,CO_AWB,3.33286589415112e-06
Africa_Western,Rice,RiceAEZ01,RiceAEZ01,1975,CO_AWB,0.000605359422028346
Africa_Western,Rice,RiceAEZ02,RiceAEZ02,1975,CO_AWB,0.00123600570421484
Africa_Western,Rice,RiceAEZ03,RiceAEZ03,1975,CO_AWB,0.000970975562165413
Africa_Western,Rice,RiceAEZ04,RiceAEZ04,1975,CO_AWB,0.0030045314326683
Africa_Western,Rice,RiceAEZ05,RiceAEZ05,1975,CO_AWB,0.00520239977331135
Africa_Western,Rice,RiceAEZ06,RiceAEZ06,1975,CO_AWB,0.00153397441850033
Africa_Western,Rice,RiceAEZ07,RiceAEZ07,1975,CO_AWB,0
Africa_Western,Rice,RiceAEZ09,RiceAEZ09,1975,CO_AWB,0
Africa_Western,Rice,RiceAEZ10,RiceAEZ10,1975,CO_AWB,0
Africa_Western,Root_Tuber,Root_TuberAEZ01,Root_TuberAEZ01,1975,CO_AWB,9.98744128584611e-05
Africa_Western,Root_Tuber,Root_TuberAEZ02,Root_TuberAEZ02,1975,CO_AWB,0.00135940486890975
Africa_Western,Root_Tuber,Root_TuberAEZ03,Root_TuberAEZ03,1975,CO_AWB,0.0033353120430139
Africa_Western,Root_Tuber,Root_TuberAEZ04,Root_TuberAEZ04,1975,CO_AWB,0.0357377293682346
Africa_Western,Root_Tuber,Root_TuberAEZ05,Root_TuberAEZ05,1975,CO_AWB,0.113814956465713
Africa_Western,Root_Tuber,Root_TuberAEZ06,Root_TuberAEZ06,1975,CO_AWB,0.0410336699091474
Africa_Western,Root_Tuber,Root_TuberAEZ07,Root_TuberAEZ07,1975,CO_AWB,0
Africa_Western,Root_Tuber,Root_TuberAEZ09,Root_TuberAEZ09,1975,CO_AWB,8.88776826342262e-07
Africa_Western,Root_Tuber,Root_TuberAEZ10,Root_TuberAEZ10,1975,CO_AWB,9.44701978338799e-06
Africa_Western,SugarCrop,SugarCropAEZ01,SugarCropAEZ01,1975,CO_AWB,0.00116239748367401
Africa_Western,SugarCrop,SugarCropAEZ02,SugarCropAEZ02,1975,CO_AWB,0.00086972291238256
Africa_Western,SugarCrop,SugarCropAEZ03,SugarCropAEZ03,1975,CO_AWB,0.000797805825861736
Africa_Western,SugarCrop,SugarCropAEZ04,SugarCropAEZ04,1975,CO_AWB,0.00174689775971711
Africa_Western,SugarCrop,SugarCropAEZ05,SugarCropAEZ05,1975,CO_AWB,0.00704652812104475
Africa_Western,SugarCrop,SugarCropAEZ06,SugarCropAEZ06,1975,CO_AWB,0.00355825371308058
Africa_Western,SugarCrop,SugarCropAEZ07,SugarCropAEZ07,1975,CO_AWB,0
Africa_Western,SugarCrop,SugarCropAEZ09,SugarCropAEZ09,1975,CO_AWB,0
Africa_Western,SugarCrop,SugarCropAEZ10,SugarCropAEZ10,1975,CO_AWB,0
Africa_Western,Wheat,WheatAEZ01,WheatAEZ01,1975,CO_AWB,7.37883399822478e-06
Africa_Western,Wheat,WheatAEZ02,WheatAEZ02,1975,CO_AWB,8.14897322948645e-05
Africa_Western,Wheat,WheatAEZ03,WheatAEZ03,1975,CO_AWB,3.5823976513916e-05
Africa_Western,Wheat,WheatAEZ04,WheatAEZ04,1975,CO_AWB,0
Africa_Western,Wheat,WheatAEZ05,WheatAEZ05,1975,CO_AWB,2.55046109054194e-06
Africa_Western,Wheat,WheatAEZ06,WheatAEZ06,1975,CO_AWB,5.48599179671473e-06
Africa_Western,Wheat,WheatAEZ07,WheatAEZ07,1975,CO_AWB,0
Africa_Western,Wheat,WheatAEZ09,WheatAEZ09,1975,CO_AWB,0
Africa_Western,Wheat,WheatAEZ10,WheatAEZ10,1975,CO_AWB,0
Africa_Western,Corn,CornAEZ01,CornAEZ01,1975,N2O_AWB,7.10767179428011e-08
Africa_Western,Corn,CornAEZ02,CornAEZ02,1975,N2O_AWB,6.71664946187501e-07
Africa_Western,Corn,CornAEZ03,CornAEZ03,1975,N2O_AWB,1.41684406827511e-06
Africa_Western,Corn,CornAEZ04,CornAEZ04,1975,N2O_AWB,2.78394623790503e-06
Africa_Western,Corn,CornAEZ05,CornAEZ05,1975,N2O_AWB,5.01632984027111e-06
Africa_Western,Corn,CornAEZ06,CornAEZ06,1975,N2O_AWB,1.16139625481044e-06
Africa_Western,Corn,CornAEZ07,CornAEZ07,1975,N2O_AWB,0
Africa_Western,Corn,CornAEZ09,CornAEZ09,1975,N2O_AWB,8.67638180165063e-10
Africa_Western,Corn,CornAEZ10,CornAEZ10,1975,N2O_AWB,7.51616795608109e-10
Africa_Western,FiberCrop,FiberCropAEZ01,FiberCropAEZ01,1975,N2O_AWB,4.24164495942494e-09
Africa_Western,FiberCrop,FiberCropAEZ02,FiberCropAEZ02,1975,N2O_AWB,1.24136986591401e-07
Africa_Western,FiberCrop,FiberCropAEZ03,FiberCropAEZ03,1975,N2O_AWB,6.46415546195001e-07
Africa_Western,FiberCrop,FiberCropAEZ04,FiberCropAEZ04,1975,N2O_AWB,6.61213987235889e-07
Africa_Western,FiberCrop,FiberCropAEZ05,FiberCropAEZ05,1975,N2O_AWB,5.50935424185695e-07
Africa_Western,FiberCrop,FiberCropAEZ06,FiberCropAEZ06,1975,N2O_AWB,1.24112802695995e-07
Africa_Western,FiberCrop,FiberCropAEZ07,FiberCropAEZ07,1975,N2O_AWB,0
Africa_Western,FiberCrop,FiberCropAEZ09,FiberCropAEZ09,1975,N2O_AWB,9.46326341963919e-12
Africa_Western,FiberCrop,FiberCropAEZ10,FiberCropAEZ10,1975,N2O_AWB,9.46326341963919e-12
Africa_Western,FodderGrass,FodderGrassAEZ01,FodderGrassAEZ01,1975,N2O_AWB,0
Africa_Western,FodderGrass,FodderGrassAEZ02,FodderGrassAEZ02,1975,N2O_AWB,0
Africa_Western,FodderGrass,FodderGrassAEZ03,FodderGrassAEZ03,1975,N2O_AWB,0
Africa_Western,FodderGrass,FodderGrassAEZ04,FodderGrassAEZ04,1975,N2O_AWB,0
Africa_Western,FodderGrass,FodderGrassAEZ05,FodderGrassAEZ05,1975,N2O_AWB,0
Africa_Western,FodderGrass,FodderGrassAEZ06,FodderGrassAEZ06,1975,N2O_AWB,0
Africa_Western,FodderGrass,FodderGrassAEZ07,FodderGrassAEZ07,1975,N2O_AWB,0
Africa_Western,FodderGrass,FodderGrassAEZ09,FodderGrassAEZ09,1975,N2O_AWB,0
Africa_Western,FodderGrass,FodderGrassAEZ10,FodderGrassAEZ10,1975,N2O_AWB,0
Africa_Western,FodderHerb,FodderHerbAEZ01,FodderHerbAEZ01,1975,N2O_AWB,0
Africa_Western,FodderHerb,FodderHerbAEZ02,FodderHerbAEZ02,1975,N2O_AWB,0
Africa_Western,FodderHerb,FodderHerbAEZ03,FodderHerbAEZ03,1975,N2O_AWB,0
Africa_Western,FodderHerb,FodderHerbAEZ04,FodderHerbAEZ04,1975,N2O_AWB,0
Africa_Western,FodderHerb,FodderHerbAEZ05,FodderHerbAEZ05,1975,N2O_AWB,0
Africa_Western,FodderHerb,FodderHerbAEZ06,FodderHerbAEZ06,1975,N2O_AWB,0
Africa_Western,FodderHerb,FodderHerbAEZ07,FodderHerbAEZ07,1975,N2O_AWB,0
Africa_Western,FodderHerb,FodderHerbAEZ09,FodderHerbAEZ09,1975,N2O_AWB,0
Africa_Western,FodderHerb,FodderHerbAEZ10,FodderHerbAEZ10,1975,N2O_AWB,0
Africa_Western,MiscCrop,MiscCropAEZ01,MiscCropAEZ01,1975,N2O_AWB,8.96789716033213e-07
Africa_Western,MiscCrop,MiscCropAEZ02,MiscCropAEZ02,1975,N2O_AWB,5.99527657287054e-06
Africa_Western,MiscCrop,MiscCropAEZ03,MiscCropAEZ03,1975,N2O_AWB,5.40252190927294e-06
Africa_Western,MiscCrop,MiscCropAEZ04,MiscCropAEZ04,1975,N2O_AWB,1.2289022513949e-05
Africa_Western,MiscCrop,MiscCropAEZ05,MiscCropAEZ05,1975,N2O_AWB,2.54848777578085e-05
Africa_Western,MiscCrop,MiscCropAEZ06,MiscCropAEZ06,1975,N2O_AWB,1.37892563115993e-05
Africa_Western,MiscCrop,MiscCropAEZ07,MiscCropAEZ07,1975,N2O_AWB,0
Africa_Western,MiscCrop,MiscCropAEZ09,MiscCropAEZ09,1975,N2O_AWB,0
Africa_Western,MiscCrop,MiscCropAEZ10,MiscCropAEZ10,1975,N2O_AWB,6.81512354409097e-11
Africa_Western,OilCrop,OilCropAEZ01,OilCropAEZ01,1975,N2O_AWB,1.75886062139918e-07
Africa_Western,OilCrop,OilCropAEZ02,OilCropAEZ02,1975,N2O_AWB,2.54658093522214e-06
Africa_Western,OilCrop,OilCropAEZ03,OilCropAEZ03,1975,N2O_AWB,3.78201847670465e-06
Africa_Western,OilCrop,OilCropAEZ04,OilCropAEZ04,1975,N2O_AWB,3.08438438574036e-06
Africa_Western,OilCrop,OilCropAEZ05,OilCropAEZ05,1975,N2O_AWB,2.16717426622182e-06
Africa_Western,OilCrop,OilCropAEZ06,OilCropAEZ06,1975,N2O_AWB,4.81987405618561e-07
Africa_Western,OilCrop,OilCropAEZ07,OilCropAEZ07,1975,N2O_AWB,0
Africa_Western,OilCrop,OilCropAEZ09,OilCropAEZ09,1975,N2O_AWB,4.17813197615691e-11
Africa_Western,OilCrop,OilCropAEZ10,OilCropAEZ10,1975,N2O_AWB,2.63981974857187e-10
Africa_Western,OtherGrain,OtherGrainAEZ01,OtherGrainAEZ01,1975,N2O_AWB,1.89289986383198e-06
Africa_Western,OtherGrain,OtherGrainAEZ02,OtherGrainAEZ02,1975,N2O_AWB,1.44748586096944e-05
Africa_Western,OtherGrain,OtherGrainAEZ03,OtherGrainAEZ03,1975,N2O_AWB,1.2226133164095e-05
Africa_Western,OtherGrain,OtherGrainAEZ04,OtherGrainAEZ04,1975,N2O_AWB,5.10327467412373e-06
Africa_Western,OtherGrain,OtherGrainAEZ05,OtherGrainAEZ05,1975,N2O_AWB,1.56528109811599e-06
Africa_Western,OtherGrain,OtherGrainAEZ06,OtherGrainAEZ06,1975,N2O_AWB,1.73397535781244e-07
Africa_Western,OtherGrain,OtherGrainAEZ07,OtherGrainAEZ07,1975,N2O_AWB,0
Africa_Western,OtherGrain,OtherGrainAEZ09,OtherGrainAEZ09,1975,N2O_AWB,9.17175523555159e-12
Africa_Western,OtherGrain,OtherGrainAEZ10,OtherGrainAEZ10,1975,N2O_AWB,4.40244251306476e-11
Africa_Western,PalmFruit,PalmFruitAEZ01,PalmFruitAEZ01,1975,N2O_AWB,0
Africa_Western,PalmFruit,PalmFruitAEZ02,PalmFruitAEZ02,1975,N2O_AWB,1.84734656482318e-09
Africa_Western,PalmFruit,PalmFruitAEZ03,PalmFruitAEZ03,1975,N2O_AWB,3.70116631167944e-07
Africa_Western,PalmFruit,PalmFruitAEZ04,PalmFruitAEZ04,1975,N2O_AWB,4.07413114294192e-06
Africa_Western,PalmFruit,PalmFruitAEZ05,PalmFruitAEZ05,1975,N2O_AWB,2.1411269520234e-05
Africa_Western,PalmFruit,PalmFruitAEZ06,PalmFruitAEZ06,1975,N2O_AWB,6.70610455042085e-06
Africa_Western,PalmFruit,PalmFruitAEZ07,PalmFruitAEZ07,1975,N2O_AWB,0
Africa_Western,PalmFruit,PalmFruitAEZ09,PalmFruitAEZ09,1975,N2O_AWB,1.12035842880112e-10
Africa_Western,PalmFruit,PalmFruitAEZ10,PalmFruitAEZ10,1975,N2O_AWB,2.2456962283969e-09
Africa_Western,Rice,RiceAEZ01,RiceAEZ01,1975,N2O_AWB,4.07893210842747e-07
Africa_Western,Rice,RiceAEZ02,RiceAEZ02,1975,N2O_AWB,8.32824792951739e-07
Africa_Western,Rice,RiceAEZ03,RiceAEZ03,1975,N2O_AWB,6.54246593493917e-07
Africa_Western,Rice,RiceAEZ04,RiceAEZ04,1975,N2O_AWB,2.02446336598301e-06
Africa_Western,Rice,RiceAEZ05,RiceAEZ05,1975,N2O_AWB,3.50539443247351e-06
Africa_Western,Rice,RiceAEZ06,RiceAEZ06,1975,N2O_AWB,1.03359711296182e-06
Africa_Western,Rice,RiceAEZ07,RiceAEZ07,1975,N2O_AWB,0
Africa_Western,Rice,RiceAEZ09,RiceAEZ09,1975,N2O_AWB,0
Africa_Western,Rice,RiceAEZ10,RiceAEZ10,1975,N2O_AWB,0
Africa_Western,Root_Tuber,Root_TuberAEZ01,Root_TuberAEZ01,1975,N2O_AWB,6.72957146770308e-08
Africa_Western,Root_Tuber,Root_TuberAEZ02,Root_TuberAEZ02,1975,N2O_AWB,9.15971564392199e-07
Africa_Western,Root_Tuber,Root_TuberAEZ03,Root_TuberAEZ03,1975,N2O_AWB,2.24734445171272e-06
Africa_Western,Root_Tuber,Root_TuberAEZ04,Root_TuberAEZ04,1975,N2O_AWB,2.40802020250967e-05
Africa_Western,Root_Tuber,Root_TuberAEZ05,Root_TuberAEZ05,1975,N2O_AWB,7.66888997600392e-05
Africa_Western,Root_Tuber,Root_TuberAEZ06,Root_TuberAEZ06,1975,N2O_AWB,2.76486245408101e-05
Africa_Western,Root_Tuber,Root_TuberAEZ07,Root_TuberAEZ07,1975,N2O_AWB,0
Africa_Western,Root_Tuber,Root_TuberAEZ09,Root_TuberAEZ09,1975,N2O_AWB,5.98860809343109e-10
Africa_Western,Root_Tuber,Root_TuberAEZ10,Root_TuberAEZ10,1975,N2O_AWB,6.36543364507284e-09
Africa_Western,SugarCrop,SugarCropAEZ01,SugarCropAEZ01,1975,N2O_AWB,7.83227326837776e-07
Africa_Western,SugarCrop,SugarCropAEZ02,SugarCropAEZ02,1975,N2O_AWB,5.86022218150288e-07
Africa_Western,SugarCrop,SugarCropAEZ03,SugarCropAEZ03,1975,N2O_AWB,5.37564243816387e-07
Africa_Western,SugarCrop,SugarCropAEZ04,SugarCropAEZ04,1975,N2O_AWB,1.17706557508846e-06
Africa_Western,SugarCrop,SugarCropAEZ05,SugarCropAEZ05,1975,N2O_AWB,4.74797430418464e-06
Africa_Western,SugarCrop,SugarCropAEZ06,SugarCropAEZ06,1975,N2O_AWB,2.39756329745142e-06
Africa_Western,SugarCrop,SugarCropAEZ07,SugarCropAEZ07,1975,N2O_AWB,0
Africa_Western,SugarCrop,SugarCropAEZ09,SugarCropAEZ09,1975,N2O_AWB,0
Africa_Western,SugarCrop,SugarCropAEZ10,SugarCropAEZ10,1975,N2O_AWB,0
Africa_Western,Wheat,WheatAEZ01,WheatAEZ01,1975,N2O_AWB,4.97188311982794e-09
Africa_Western,Wheat,WheatAEZ02,WheatAEZ02,1975,N2O_AWB,5.490805519322e-08
Africa_Western,Wheat,WheatAEZ03,WheatAEZ03,1975,N2O_AWB,2.41383156414011e-08
Africa_Western,Wheat,WheatAEZ04,WheatAEZ04,1975,N2O_AWB,0
Africa_Western,Wheat,WheatAEZ05,WheatAEZ05,1975,N2O_AWB,1.71850924507777e-09
Africa_Western,Wheat,WheatAEZ06,WheatAEZ06,1975,N2O_AWB,3.69647968990257e-09
Africa_Western,Wheat,WheatAEZ07,WheatAEZ07,1975,N2O_AWB,0
Africa_Western,Wheat,WheatAEZ09,WheatAEZ09,1975,N2O_AWB,0
Africa_Western,Wheat,WheatAEZ10,WheatAEZ10,1975,N2O_AWB,0
Africa_Western,Corn,CornAEZ01,CornAEZ01,1975,NH3_AWB,1.31882424233687e-06
Africa_Western,Corn,CornAEZ02,CornAEZ02,1975,NH3_AWB,1.24627028286931e-05
Africa_Western,Corn,CornAEZ03,CornAEZ03,1975,NH3_AWB,2.62894567860624e-05
Africa_Western,Corn,CornAEZ04,CornAEZ04,1975,NH3_AWB,5.16559556234203e-05
Africa_Western,Corn,CornAEZ05,CornAEZ05,1975,NH3_AWB,9.30776995954053e-05
Africa_Western,Corn,CornAEZ06,CornAEZ06,1975,NH3_AWB,2.15496379142869e-05
Africa_Western,Corn,CornAEZ07,CornAEZ07,1975,NH3_AWB,0
Africa_Western,Corn,CornAEZ09,CornAEZ09,1975,NH3_AWB,1.60989744419485e-08
Africa_Western,Corn,CornAEZ10,CornAEZ10,1975,NH3_AWB,1.3946204603781e-08
Africa_Western,FiberCrop,FiberCropAEZ01,FiberCropAEZ01,1975,NH3_AWB,7.87034680523286e-08
Africa_Western,FiberCrop,FiberCropAEZ02,FiberCropAEZ02,1975,NH3_AWB,2.30335434760981e-06
Africa_Western,FiberCrop,FiberCropAEZ03,FiberCropAEZ03,1975,NH3_AWB,1.19942017248384e-05
Africa_Western,FiberCrop,FiberCropAEZ04,FiberCropAEZ04,1975,NH3_AWB,1.22687859115931e-05
Africa_Western,FiberCrop,FiberCropAEZ05,FiberCropAEZ05,1975,NH3_AWB,1.02225737823596e-05
Africa_Western,FiberCrop,FiberCropAEZ06,FiberCropAEZ06,1975,NH3_AWB,2.3029056168797e-06
Africa_Western,FiberCrop,FiberCropAEZ07,FiberCropAEZ07,1975,NH3_AWB,0
Africa_Western,FiberCrop,FiberCropAEZ09,FiberCropAEZ09,1975,NH3_AWB,1.7559028568938e-10
Africa_Western,FiberCrop,FiberCropAEZ10,FiberCropAEZ10,1975,NH3_AWB,1.7559028568938e-10
Africa_Western,FodderGrass,FodderGrassAEZ01,FodderGrassAEZ01,1975,NH3_AWB,0
Africa_Western,FodderGrass,FodderGrassAEZ02,FodderGrassAEZ02,1975,NH3_AWB,0
Africa_Western,FodderGrass,FodderGrassAEZ03,FodderGrassAEZ03,1975,NH3_AWB,0
Africa_Western,FodderGrass,FodderGrassAEZ04,FodderGrassAEZ04,1975,NH3_AWB,0
Africa_Western,FodderGrass,FodderGrassAEZ05,FodderGrassAEZ05,1975,NH3_AWB,0
Africa_Western,FodderGrass,FodderGrassAEZ06,FodderGrassAEZ06,1975,NH3_AWB,0
Africa_Western,FodderGrass,FodderGrassAEZ07,FodderGrassAEZ07,1975,NH3_AWB,0
Africa_Western,FodderGrass,FodderGrassAEZ09,FodderGrassAEZ09,1975,NH3_AWB,0
Africa_Western,FodderGrass,FodderGrassAEZ10,FodderGrassAEZ10,1975,NH3_AWB,0
Africa_Western,FodderHerb,FodderHerbAEZ01,FodderHerbAEZ01,1975,NH3_AWB,0
Africa_Western,FodderHerb,FodderHerbAEZ02,FodderHerbAEZ02,1975,NH3_AWB,0
Africa_Western,FodderHerb,FodderHerbAEZ03,FodderHerbAEZ03,1975,NH3_AWB,0
Africa_Western,FodderHerb,FodderHerbAEZ04,FodderHerbAEZ04,1975,NH3_AWB,0
Africa_Western,FodderHerb,FodderHerbAEZ05,FodderHerbAEZ05,1975,NH3_AWB,0
Africa_Western,FodderHerb,FodderHerbAEZ06,FodderHerbAEZ06,1975,NH3_AWB,0
Africa_Western,FodderHerb,FodderHerbAEZ07,FodderHerbAEZ07,1975,NH3_AWB,0
Africa_Western,FodderHerb,FodderHerbAEZ09,FodderHerbAEZ09,1975,NH3_AWB,0
Africa_Western,FodderHerb,FodderHerbAEZ10,FodderHerbAEZ10,1975,NH3_AWB,0
Africa_Western,MiscCrop,MiscCropAEZ01,MiscCropAEZ01,1975,NH3_AWB,1.66398794431502e-05
Africa_Western,MiscCrop,MiscCropAEZ02,MiscCropAEZ02,1975,NH3_AWB,0.000111241997557891
Africa_Western,MiscCrop,MiscCropAEZ03,MiscCropAEZ03,1975,NH3_AWB,0.000100243470294155
Africa_Western,MiscCrop,MiscCropAEZ04,MiscCropAEZ04,1975,NH3_AWB,0.000228022076357861
Africa_Western,MiscCrop,MiscCropAEZ05,MiscCropAEZ05,1975,NH3_AWB,0.000472870379679564
Africa_Western,MiscCrop,MiscCropAEZ06,MiscCropAEZ06,1975,NH3_AWB,0.000255858824575562
Africa_Western,MiscCrop,MiscCropAEZ07,MiscCropAEZ07,1975,NH3_AWB,0
Africa_Western,MiscCrop,MiscCropAEZ09,MiscCropAEZ09,1975,NH3_AWB,0
Africa_Western,MiscCrop,MiscCropAEZ10,MiscCropAEZ10,1975,NH3_AWB,1.26454208981639e-09
Africa_Western,OilCrop,OilCropAEZ01,OilCropAEZ01,1975,NH3_AWB,3.26355534348063e-06
Africa_Western,OilCrop,OilCropAEZ02,OilCropAEZ02,1975,NH3_AWB,4.72516566556522e-05
Africa_Western,OilCrop,OilCropAEZ03,OilCropAEZ03,1975,NH3_AWB,7.01751262074032e-05
Africa_Western,OilCrop,OilCropAEZ04,OilCropAEZ04,1975,NH3_AWB,5.7230567453512e-05
Africa_Western,OilCrop,OilCropAEZ05,OilCropAEZ05,1975,NH3_AWB,4.02117886473322e-05
Africa_Western,OilCrop,OilCropAEZ06,OilCropAEZ06,1975,NH3_AWB,8.94324742938129e-06
Africa_Western,OilCrop,OilCropAEZ07,OilCropAEZ07,1975,NH3_AWB,0
Africa_Western,OilCrop,OilCropAEZ09,OilCropAEZ09,1975,NH3_AWB,7.75249884536446e-10
Africa_Western,OilCrop,OilCropAEZ10,OilCropAEZ10,1975,NH3_AWB,4.89816972502573e-09
Africa_Western,OtherGrain,OtherGrainAEZ01,OtherGrainAEZ01,1975,NH3_AWB,3.51226435461858e-05
Africa_Western,OtherGrain,OtherGrainAEZ02,OtherGrainAEZ02,1975,NH3_AWB,0.000268580134133741
Africa_Western,OtherGrain,OtherGrainAEZ03,OtherGrainAEZ03,1975,NH3_AWB,0.000226855168239805
Africa_Western,OtherGrain,OtherGrainAEZ04,OtherGrainAEZ04,1975,NH3_AWB,9.46909557775924e-05
Africa_Western,OtherGrain,OtherGrainAEZ05,OtherGrainAEZ05,1975,NH3_AWB,2.90436969800479e-05
Africa_Western,OtherGrain,OtherGrainAEZ06,OtherGrainAEZ06,1975,NH3_AWB,3.21738088601406e-06
Africa_Western,OtherGrain,OtherGrainAEZ07,OtherGrainAEZ07,1975,NH3_AWB,0
Africa_Western,OtherGrain,OtherGrainAEZ09,OtherGrainAEZ09,1975,NH3_AWB,1.70181368801522e-10
Africa_Western,OtherGrain,OtherGrainAEZ10,OtherGrainAEZ10,1975,NH3_AWB,8.16870570247306e-10
Africa_Western,PalmFruit,PalmFruitAEZ01,PalmFruitAEZ01,1975,NH3_AWB,0
Africa_Western,PalmFruit,PalmFruitAEZ02,PalmFruitAEZ02,1975,NH3_AWB,3.42774048127432e-08
Africa_Western,PalmFruit,PalmFruitAEZ03,PalmFruitAEZ03,1975,NH3_AWB,6.86749191302211e-06
Africa_Western,PalmFruit,PalmFruitAEZ04,PalmFruitAEZ04,1975,NH3_AWB,7.55952592253263e-05
Africa_Western,PalmFruit,PalmFruitAEZ05,PalmFruitAEZ05,1975,NH3_AWB,0.000397284822931997
Africa_Western,PalmFruit,PalmFruitAEZ06,PalmFruitAEZ06,1975,NH3_AWB,0.000124431368086776
Africa_Western,PalmFruit,PalmFruitAEZ07,PalmFruitAEZ07,1975,NH3_AWB,0
Africa_Western,PalmFruit,PalmFruitAEZ09,PalmFruitAEZ09,1975,NH3_AWB,2.07881835117714e-09
Africa_Western,PalmFruit,PalmFruitAEZ10,PalmFruitAEZ10,1975,NH3_AWB,4.16687589502617e-08
Africa_Western,Rice,RiceAEZ01,RiceAEZ01,1975,NH3_AWB,7.56843408522249e-06
Africa_Western,Rice,RiceAEZ02,RiceAEZ02,1975,NH3_AWB,1.5453014128309e-05
Africa_Western,Rice,RiceAEZ03,RiceAEZ03,1975,NH3_AWB,1.21395063382142e-05
Africa_Western,Rice,RiceAEZ04,RiceAEZ04,1975,NH3_AWB,3.75637964449893e-05
Africa_Western,Rice,RiceAEZ05,RiceAEZ05,1975,NH3_AWB,6.50423836426878e-05
Africa_Western,Rice,RiceAEZ06,RiceAEZ06,1975,NH3_AWB,1.91783324953248e-05
Africa_Western,Rice,RiceAEZ07,RiceAEZ07,1975,NH3_AWB,0
Africa_Western,Rice,RiceAEZ09,RiceAEZ09,1975,NH3_AWB,0
Africa_Western,Rice,RiceAEZ10,RiceAEZ10,1975,NH3_AWB,0
Africa_Western,Root_Tuber,Root_TuberAEZ01,Root_TuberAEZ01,1975,NH3_AWB,1.24866795330752e-06
Africa_Western,Root_Tuber,Root_TuberAEZ02,Root_TuberAEZ02,1975,NH3_AWB,1.69957974900277e-05
Africa_Western,Root_Tuber,Root_TuberAEZ03,Root_TuberAEZ03,1975,NH3_AWB,4.16993416351212e-05
Africa_Western,Root_Tuber,Root_TuberAEZ04,Root_TuberAEZ04,1975,NH3_AWB,0.000446806705630723
Africa_Western,Root_Tuber,Root_TuberAEZ05,Root_TuberAEZ05,1975,NH3_AWB,0.00142295793965999
Africa_Western,Root_Tuber,Root_TuberAEZ06,Root_TuberAEZ06,1975,NH3_AWB,0.000513018571581129
Africa_Western,Root_Tuber,Root_TuberAEZ07,Root_TuberAEZ07,1975,NH3_AWB,0
Africa_Western,Root_Tuber,Root_TuberAEZ09,Root_TuberAEZ09,1975,NH3_AWB,1.11118264321484e-08
Africa_Western,Root_Tuber,Root_TuberAEZ10,Root_TuberAEZ10,1975,NH3_AWB,1.18110239851882e-07
Africa_Western,SugarCrop,SugarCropAEZ01,SugarCropAEZ01,1975,NH3_AWB,1.45327361165666e-05
Africa_Western,SugarCrop,SugarCropAEZ02,SugarCropAEZ02,1975,NH3_AWB,1.08736071418856e-05
Africa_Western,SugarCrop,SugarCropAEZ03,SugarCropAEZ03,1975,NH3_AWB,9.97447233184108e-06
Africa_Western,SugarCrop,SugarCropAEZ04,SugarCropAEZ04,1975,NH3_AWB,2.18403812131013e-05
Africa_Western,SugarCrop,SugarCropAEZ05,SugarCropAEZ05,1975,NH3_AWB,8.80983787038449e-05
Africa_Western,SugarCrop,SugarCropAEZ06,SugarCropAEZ06,1975,NH3_AWB,4.44866433163199e-05
Africa_Western,SugarCrop,SugarCropAEZ07,SugarCropAEZ07,1975,NH3_AWB,0
Africa_Western,SugarCrop,SugarCropAEZ09,SugarCropAEZ09,1975,NH3_AWB,0
Africa_Western,SugarCrop,SugarCropAEZ10,SugarCropAEZ10,1975,NH3_AWB,0
Africa_Western,Wheat,WheatAEZ01,WheatAEZ01,1975,NH3_AWB,9.22529933609393e-08
Africa_Western,Wheat,WheatAEZ02,WheatAEZ02,1975,NH3_AWB,1.01881567388445e-06
Africa_Western,Wheat,WheatAEZ03,WheatAEZ03,1975,NH3_AWB,4.4788500029894e-07
Africa_Western,Wheat,WheatAEZ04,WheatAEZ04,1975,NH3_AWB,0
Africa_Western,Wheat,WheatAEZ05,WheatAEZ05,1975,NH3_AWB,3.18868360651162e-08
Africa_Western,Wheat,WheatAEZ06,WheatAEZ06,1975,NH3_AWB,6.85879591439853e-08
Africa_Western,Wheat,WheatAEZ07,WheatAEZ07,1975,NH3_AWB,0
Africa_Western,Wheat,WheatAEZ09,WheatAEZ09,1975,NH3_AWB,0
Africa_Western,Wheat,WheatAEZ10,WheatAEZ10,1975,NH3_AWB,0
Africa_Western,Corn,CornAEZ01,CornAEZ01,1975,NMVOC_AWB,7.10767179428011e-06
Africa_Western,Corn,CornAEZ02,CornAEZ02,1975,NMVOC_AWB,6.71664946187501e-05
Africa_Western,Corn,CornAEZ03,CornAEZ03,1975,NMVOC_AWB,0.000141684406827511
Africa_Western,Corn,CornAEZ04,CornAEZ04,1975,NMVOC_AWB,0.000278394623790503
Africa_Western,Corn,CornAEZ05,CornAEZ05,1975,NMVOC_AWB,0.000501632984027111
Africa_Western,Corn,CornAEZ06,CornAEZ06,1975,NMVOC_AWB,0.000116139625481044
Africa_Western,Corn,CornAEZ07,CornAEZ07,1975,NMVOC_AWB,0
Africa_Western,Corn,CornAEZ09,CornAEZ09,1975,NMVOC_AWB,8.67638180165063e-08
Africa_Western,Corn,CornAEZ10,CornAEZ10,1975,NMVOC_AWB,7.51616795608109e-08
Africa_Western,FiberCrop,FiberCropAEZ01,FiberCropAEZ01,1975,NMVOC_AWB,4.24164495942494e-07
Africa_Western,FiberCrop,FiberCropAEZ02,FiberCropAEZ02,1975,NMVOC_AWB,1.24136986591401e-05
Africa_Western,FiberCrop,FiberCropAEZ03,FiberCropAEZ03,1975,NMVOC_AWB,6.46415546195001e-05
Africa_Western,FiberCrop,FiberCropAEZ04,FiberCropAEZ04,1975,NMVOC_AWB,6.61213987235889e-05
Africa_Western,FiberCrop,FiberCropAEZ05,FiberCropAEZ05,1975,NMVOC_AWB,5.50935424185695e-05
Africa_Western,FiberCrop,FiberCropAEZ06,FiberCropAEZ06,1975,NMVOC_AWB,1.24112802695995e-05
Africa_Western,FiberCrop,FiberCropAEZ07,FiberCropAEZ07,1975,NMVOC_AWB,0
Africa_Western,FiberCrop,FiberCropAEZ09,FiberCropAEZ09,1975,NMVOC_AWB,9.46326341963919e-10
Africa_Western,FiberCrop,FiberCropAEZ10,FiberCropAEZ10,1975,NMVOC_AWB,9.46326341963919e-10
Africa_Western,FodderGrass,FodderGrassAEZ01,FodderGrassAEZ01,1975,NMVOC_AWB,0
Africa_Western,FodderGrass,FodderGrassAEZ02,FodderGrassAEZ02,1975,NMVOC_AWB,0
Africa_Western,FodderGrass,FodderGrassAEZ03,FodderGrassAEZ03,1975,NMVOC_AWB,0
Africa_Western,FodderGrass,FodderGrassAEZ04,FodderGrassAEZ04,1975,NMVOC_AWB,0
Africa_Western,FodderGrass,FodderGrassAEZ05,FodderGrassAEZ05,1975,NMVOC_AWB,0
Africa_Western,FodderGrass,FodderGrassAEZ06,FodderGrassAEZ06,1975,NMVOC_AWB,0
Africa_Western,FodderGrass,FodderGrassAEZ07,FodderGrassAEZ07,1975,NMVOC_AWB,0
Africa_Western,FodderGrass,FodderGrassAEZ09,FodderGrassAEZ09,1975,NMVOC_AWB,0
Africa_Western,FodderGrass,FodderGrassAEZ10,FodderGrassAEZ10,1975,NMVOC_AWB,0
Africa_Western,FodderHerb,FodderHerbAEZ01,FodderHerbAEZ01,1975,NMVOC_AWB,0
Africa_Western,FodderHerb,FodderHerbAEZ02,FodderHerbAEZ02,1975,NMVOC_AWB,0
Africa_Western,FodderHerb,FodderHerbAEZ03,FodderHerbAEZ03,1975,NMVOC_AWB,0
Africa_Western,FodderHerb,FodderHerbAEZ04,FodderHerbAEZ04,1975,NMVOC_AWB,0
Africa_Western,FodderHerb,FodderHerbAEZ05,FodderHerbAEZ05,1975,NMVOC_AWB,0
Africa_Western,FodderHerb,FodderHerbAEZ06,FodderHerbAEZ06,1975,NMVOC_AWB,0
Africa_Western,FodderHerb,FodderHerbAEZ07,FodderHerbAEZ07,1975,NMVOC_AWB,0
Africa_Western,FodderHerb,FodderHerbAEZ09,FodderHerbAEZ09,1975,NMVOC_AWB,0
Africa_Western,FodderHerb,FodderHerbAEZ10,FodderHerbAEZ10,1975,NMVOC_AWB,0
Africa_Western,MiscCrop,MiscCropAEZ01,MiscCropAEZ01,1975,NMVOC_AWB,8.96789716033213e-05
Africa_Western,MiscCrop,MiscCropAEZ02,MiscCropAEZ02,1975,NMVOC_AWB,0.000599527657287054
Africa_Western,MiscCrop,MiscCropAEZ03,MiscCropAEZ03,1975,NMVOC_AWB,0.000540252190927294
Africa_Western,MiscCrop,MiscCropAEZ04,MiscCropAEZ04,1975,NMVOC_AWB,0.0012289022513949
Africa_Western,MiscCrop,MiscCropAEZ05,MiscCropAEZ05,1975,NMVOC_AWB,0.00254848777578085
Africa_Western,MiscCrop,MiscCropAEZ06,MiscCropAEZ06,1975,NMVOC_AWB,0.00137892563115993
Africa_Western,MiscCrop,MiscCropAEZ07,MiscCropAEZ07,1975,NMVOC_AWB,0
Africa_Western,MiscCrop,MiscCropAEZ09,MiscCropAEZ09,1975,NMVOC_AWB,0
Africa_Western,MiscCrop,MiscCropAEZ10,MiscCropAEZ10,1975,NMVOC_AWB,6.81512354409097e-09
Africa_Western,OilCrop,OilCropAEZ01,OilCropAEZ01,1975,NMVOC_AWB,1.75886062139918e-05
Africa_Western,OilCrop,OilCropAEZ02,OilCropAEZ02,1975,NMVOC_AWB,0.000254658093522214
Africa_Western,OilCrop,OilCropAEZ03,OilCropAEZ03,1975,NMVOC_AWB,0.000378201847670465
Africa_Western,OilCrop,OilCropAEZ04,OilCropAEZ04,1975,NMVOC_AWB,0.000308438438574036
Africa_Western,OilCrop,OilCropAEZ05,OilCropAEZ05,1975,NMVOC_AWB,0.000216717426622182
Africa_Western,OilCrop,OilCropAEZ06,OilCropAEZ06,1975,NMVOC_AWB,4.81987405618561e-05
Africa_Western,OilCrop,OilCropAEZ07,OilCropAEZ07,1975,NMVOC_AWB,0
Africa_Western,OilCrop,OilCropAEZ09,OilCropAEZ09,1975,NMVOC_AWB,4.17813197615691e-09
Africa_Western,OilCrop,OilCropAEZ10,OilCropAEZ10,1975,NMVOC_AWB,2.63981974857187e-08
Africa_Western,OtherGrain,OtherGrainAEZ01,OtherGrainAEZ01,1975,NMVOC_AWB,0.000189289986383198
Africa_Western,OtherGrain,OtherGrainAEZ02,OtherGrainAEZ02,1975,NMVOC_AWB,0.00144748586096944
Africa_Western,OtherGrain,OtherGrainAEZ03,OtherGrainAEZ03,1975,NMVOC_AWB,0.0012226133164095
Africa_Western,OtherGrain,OtherGrainAEZ04,OtherGrainAEZ04,1975,NMVOC_AWB,0.000510327467412373
Africa_Western,OtherGrain,OtherGrainAEZ05,OtherGrainAEZ05,1975,NMVOC_AWB,0.000156528109811599
Africa_Western,OtherGrain,OtherGrainAEZ06,OtherGrainAEZ06,1975,NMVOC_AWB,1.73397535781244e-05
Africa_Western,OtherGrain,OtherGrainAEZ07,OtherGrainAEZ07,1975,NMVOC_AWB,0
Africa_Western,OtherGrain,OtherGrainAEZ09,OtherGrainAEZ09,1975,NMVOC_AWB,9.17175523555159e-10
Africa_Western,OtherGrain,OtherGrainAEZ10,OtherGrainAEZ10,1975,NMVOC_AWB,4.40244251306477e-09
Africa_Western,PalmFruit,PalmFruitAEZ01,PalmFruitAEZ01,1975,NMVOC_AWB,0
Africa_Western,PalmFruit,PalmFruitAEZ02,PalmFruitAEZ02,1975,NMVOC_AWB,1.84734656482318e-07
Africa_Western,PalmFruit,PalmFruitAEZ03,PalmFruitAEZ03,1975,NMVOC_AWB,3.70116631167944e-05
Africa_Western,PalmFruit,PalmFruitAEZ04,PalmFruitAEZ04,1975,NMVOC_AWB,0.000407413114294192
Africa_Western,PalmFruit,PalmFruitAEZ05,PalmFruitAEZ05,1975,NMVOC_AWB,0.0021411269520234
Africa_Western,PalmFruit,PalmFruitAEZ06,PalmFruitAEZ06,1975,NMVOC_AWB,0.000670610455042085
Africa_Western,PalmFruit,PalmFruitAEZ07,PalmFruitAEZ07,1975,NMVOC_AWB,0
Africa_Western,PalmFruit,PalmFruitAEZ09,PalmFruitAEZ09,1975,NMVOC_AWB,1.12035842880112e-08
Africa_Western,PalmFruit,PalmFruitAEZ10,PalmFruitAEZ10,1975,NMVOC_AWB,2.2456962283969e-07
Africa_Western,Rice,RiceAEZ01,RiceAEZ01,1975,NMVOC_AWB,4.07893210842747e-05
Africa_Western,Rice,RiceAEZ02,RiceAEZ02,1975,NMVOC_AWB,8.32824792951739e-05
Africa_Western,Rice,RiceAEZ03,RiceAEZ03,1975,NMVOC_AWB,6.54246593493917e-05
Africa_Western,Rice,RiceAEZ04,RiceAEZ04,1975,NMVOC_AWB,0.000202446336598301
Africa_Western,Rice,RiceAEZ05,RiceAEZ05,1975,NMVOC_AWB,0.000350539443247351
Africa_Western,Rice,RiceAEZ06,RiceAEZ06,1975,NMVOC_AWB,0.000103359711296182
Africa_Western,Rice,RiceAEZ07,RiceAEZ07,1975,NMVOC_AWB,0
Africa_Western,Rice,RiceAEZ09,RiceAEZ09,1975,NMVOC_AWB,0
Africa_Western,Rice,RiceAEZ10,RiceAEZ10,1975,NMVOC_AWB,0
Africa_Western,Root_Tuber,Root_TuberAEZ01,Root_TuberAEZ01,1975,NMVOC_AWB,6.72957146770308e-06
Africa_Western,Root_Tuber,Root_TuberAEZ02,Root_TuberAEZ02,1975,NMVOC_AWB,9.15971564392199e-05
Africa_Western,Root_Tuber,Root_TuberAEZ03,Root_TuberAEZ03,1975,NMVOC_AWB,0.000224734445171272
Africa_Western,Root_Tuber,Root_TuberAEZ04,Root_TuberAEZ04,1975,NMVOC_AWB,0.00240802020250967
Africa_Western,Root_Tuber,Root_TuberAEZ05,Root_TuberAEZ05,1975,NMVOC_AWB,0.00766888997600392
Africa_Western,Root_Tuber,Root_TuberAEZ06,Root_TuberAEZ06,1975,NMVOC_AWB,0.00276486245408101
Africa_Western,Root_Tuber,Root_TuberAEZ07,Root_TuberAEZ07,1975,NMVOC_AWB,0
Africa_Western,Root_Tuber,Root_TuberAEZ09,Root_TuberAEZ09,1975,NMVOC_AWB,5.98860809343109e-08
Africa_Western,Root_Tuber,Root_TuberAEZ10,Root_TuberAEZ10,1975,NMVOC_AWB,6.36543364507284e-07
Africa_Western,SugarCrop,SugarCropAEZ01,SugarCropAEZ01,1975,NMVOC_AWB,7.83227326837776e-05
Africa_Western,SugarCrop,SugarCropAEZ02,SugarCropAEZ02,1975,NMVOC_AWB,5.86022218150288e-05
Africa_Western,SugarCrop,SugarCropAEZ03,SugarCropAEZ03,1975,NMVOC_AWB,5.37564243816387e-05
Africa_Western,SugarCrop,SugarCropAEZ04,SugarCropAEZ04,1975,NMVOC_AWB,0.000117706557508846
Africa_Western,SugarCrop,SugarCropAEZ05,SugarCropAEZ05,1975,NMVOC_AWB,0.000474797430418464
Africa_Western,SugarCrop,SugarCropAEZ06,SugarCropAEZ06,1975,NMVOC_AWB,0.000239756329745142
Africa_Western,SugarCrop,SugarCropAEZ07,SugarCropAEZ07,1975,NMVOC_AWB,0
Africa_Western,SugarCrop,SugarCropAEZ09,SugarCropAEZ09,1975,NMVOC_AWB,0
Africa_Western,SugarCrop,SugarCropAEZ10,SugarCropAEZ10,1975,NMVOC_AWB,0
Africa_Western,Wheat,WheatAEZ01,WheatAEZ01,1975,NMVOC_AWB,4.97188311982794e-07
Africa_Western,Wheat,WheatAEZ02,WheatAEZ02,1975,NMVOC_AWB,5.490805519322e-06
Africa_Western,Wheat,WheatAEZ03,WheatAEZ03,1975,NMVOC_AWB,2.41383156414011e-06
Africa_Western,Wheat,WheatAEZ04,WheatAEZ04,1975,NMVOC_AWB,0
Africa_Western,Wheat,WheatAEZ05,WheatAEZ05,1975,NMVOC_AWB,1.71850924507777e-07
Africa_Western,Wheat,WheatAEZ06,WheatAEZ06,1975,NMVOC_AWB,3.69647968990257e-07
Africa_Western,Wheat,WheatAEZ07,WheatAEZ07,1975,NMVOC_AWB,0
Africa_Western,Wheat,WheatAEZ09,WheatAEZ09,1975,NMVOC_AWB,0
Africa_Western,Wheat,WheatAEZ10,WheatAEZ10,1975,NMVOC_AWB,0
Africa_Western,Corn,CornAEZ01,CornAEZ01,1975,NOx_AWB,3.85660277484207e-06
Africa_Western,Corn,CornAEZ02,CornAEZ02,1975,NOx_AWB,3.64443515430108e-05
Africa_Western,Corn,CornAEZ03,CornAEZ03,1975,NOx_AWB,7.68775616457926e-05
Africa_Western,Corn,CornAEZ04,CornAEZ04,1975,NOx_AWB,0.0001510561418263
Africa_Western,Corn,CornAEZ05,CornAEZ05,1975,NOx_AWB,0.000272184649790403
Africa_Western,Corn,CornAEZ06,CornAEZ06,1975,NOx_AWB,6.30170349536627e-05
Africa_Western,Corn,CornAEZ07,CornAEZ07,1975,NOx_AWB,0
Africa_Western,Corn,CornAEZ09,CornAEZ09,1975,NOx_AWB,4.70778042378983e-08
Africa_Western,Corn,CornAEZ10,CornAEZ10,1975,NOx_AWB,4.07825164619004e-08
Africa_Western,FiberCrop,FiberCropAEZ01,FiberCropAEZ01,1975,NOx_AWB,2.3015046549529e-07
Africa_Western,FiberCrop,FiberCropAEZ02,FiberCropAEZ02,1975,NOx_AWB,6.73563806553645e-06
Africa_Western,FiberCrop,FiberCropAEZ03,FiberCropAEZ03,1975,NOx_AWB,3.50743261831941e-05
Africa_Western,FiberCrop,FiberCropAEZ04,FiberCropAEZ04,1975,NOx_AWB,3.58772854423365e-05
Africa_Western,FiberCrop,FiberCropAEZ05,FiberCropAEZ05,1975,NOx_AWB,2.98936015501338e-05
Africa_Western,FiberCrop,FiberCropAEZ06,FiberCropAEZ06,1975,NOx_AWB,6.73432585415655e-06
Africa_Western,FiberCrop,FiberCropAEZ07,FiberCropAEZ07,1975,NOx_AWB,0
Africa_Western,FiberCrop,FiberCropAEZ09,FiberCropAEZ09,1975,NOx_AWB,5.13474018209621e-10
Africa_Western,FiberCrop,FiberCropAEZ10,FiberCropAEZ10,1975,NOx_AWB,5.13474018209621e-10
Africa_Western,FodderGrass,FodderGrassAEZ01,FodderGrassAEZ01,1975,NOx_AWB,0
Africa_Western,FodderGrass,FodderGrassAEZ02,FodderGrassAEZ02,1975,NOx_AWB,0
Africa_Western,FodderGrass,FodderGrassAEZ03,FodderGrassAEZ03,1975,NOx_AWB,0
Africa_Western,FodderGrass,FodderGrassAEZ04,FodderGrassAEZ04,1975,NOx_AWB,0
Africa_Western,FodderGrass,FodderGrassAEZ05,FodderGrassAEZ05,1975,NOx_AWB,0
Africa_Western,FodderGrass,FodderGrassAEZ06,FodderGrassAEZ06,1975,NOx_AWB,0
Africa_Western,FodderGrass,FodderGrassAEZ07,FodderGrassAEZ07,1975,NOx_AWB,0
Africa_Western,FodderGrass,FodderGrassAEZ09,FodderGrassAEZ09,1975,NOx_AWB,0
Africa_Western,FodderGrass,FodderGrassAEZ10,FodderGrassAEZ10,1975,NOx_AWB,0
Africa_Western,FodderHerb,FodderHerbAEZ01,FodderHerbAEZ01,1975,NOx_AWB,0
Africa_Western,FodderHerb,FodderHerbAEZ02,FodderHerbAEZ02,1975,NOx_AWB,0
Africa_Western,FodderHerb,FodderHerbAEZ03,FodderHerbAEZ03,1975,NOx_AWB,0
Africa_Western,FodderHerb,FodderHerbAEZ04,FodderHerbAEZ04,1975,NOx_AWB,0
Africa_Western,FodderHerb,FodderHerbAEZ05,FodderHerbAEZ05,1975,NOx_AWB,0
Africa_Western,FodderHerb,FodderHerbAEZ06,FodderHerbAEZ06,1975,NOx_AWB,0
Africa_Western,FodderHerb,FodderHerbAEZ07,FodderHerbAEZ07,1975,NOx_AWB,0
Africa_Western,FodderHerb,FodderHerbAEZ09,FodderHerbAEZ09,1975,NOx_AWB,0
Africa_Western,FodderHerb,FodderHerbAEZ10,FodderHerbAEZ10,1975,NOx_AWB,0
Africa_Western,MiscCrop,MiscCropAEZ01,MiscCropAEZ01,1975,NOx_AWB,4.86595583955746e-05
Africa_Western,MiscCrop,MiscCropAEZ02,MiscCropAEZ02,1975,NOx_AWB,0.000325302024855524
Africa_Western,MiscCrop,MiscCropAEZ03,MiscCropAEZ03,1975,NOx_AWB,0.000293139323107383
Africa_Western,MiscCrop,MiscCropAEZ04,MiscCropAEZ04,1975,NOx_AWB,0.00066679891389375
Africa_Western,MiscCrop,MiscCropAEZ05,MiscCropAEZ05,1975,NOx_AWB,0.00138280231729847
Africa_Western,MiscCrop,MiscCropAEZ06,MiscCropAEZ06,1975,NOx_AWB,0.000748201178860263
Africa_Western,MiscCrop,MiscCropAEZ07,MiscCropAEZ07,1975,NOx_AWB,0
Africa_Western,MiscCrop,MiscCropAEZ09,MiscCropAEZ09,1975,NOx_AWB,0
Africa_Western,MiscCrop,MiscCropAEZ10,MiscCropAEZ10,1975,NOx_AWB,3.69786691504018e-09
Africa_Western,OilCrop,OilCropAEZ01,OilCropAEZ01,1975,NOx_AWB,9.54352838647857e-06
Africa_Western,OilCrop,OilCropAEZ02,OilCropAEZ02,1975,NOx_AWB,0.0001381767670961
Africa_Western,OilCrop,OilCropAEZ03,OilCropAEZ03,1975,NOx_AWB,0.000205211261492138
Africa_Western,OilCrop,OilCropAEZ04,OilCropAEZ04,1975,NOx_AWB,0.000167357831439242
Africa_Western,OilCrop,OilCropAEZ05,OilCropAEZ05,1975,NOx_AWB,0.000117590267679543
Africa_Western,OilCrop,OilCropAEZ06,OilCropAEZ06,1975,NOx_AWB,2.6152501406204e-05
Africa_Western,OilCrop,OilCropAEZ07,OilCropAEZ07,1975,NOx_AWB,0
Africa_Western,OilCrop,OilCropAEZ09,OilCropAEZ09,1975,NOx_AWB,2.26704268841878e-09
Africa_Western,OilCrop,OilCropAEZ10,OilCropAEZ10,1975,NOx_AWB,1.43235878950096e-08
Africa_Western,OtherGrain,OtherGrainAEZ01,OtherGrainAEZ01,1975,NOx_AWB,0.000102708215554176
Africa_Western,OtherGrain,OtherGrainAEZ02,OtherGrainAEZ02,1975,NOx_AWB,0.000785401767207625
Africa_Western,OtherGrain,OtherGrainAEZ03,OtherGrainAEZ03,1975,NOx_AWB,0.000663386555414423
Africa_Western,OtherGrain,OtherGrainAEZ04,OtherGrainAEZ04,1975,NOx_AWB,0.000276902252082676
Africa_Western,OtherGrain,OtherGrainAEZ05,OtherGrainAEZ05,1975,NOx_AWB,8.49317132406137e-05
Africa_Western,OtherGrain,OtherGrainAEZ06,OtherGrainAEZ06,1975,NOx_AWB,9.40850164441863e-06
Africa_Western,OtherGrain,OtherGrainAEZ07,OtherGrainAEZ07,1975,NOx_AWB,0
Africa_Western,OtherGrain,OtherGrainAEZ09,OtherGrainAEZ09,1975,NOx_AWB,4.97656865924309e-10
Africa_Western,OtherGrain,OtherGrainAEZ10,OtherGrainAEZ10,1975,NOx_AWB,2.38875295643669e-09
Africa_Western,PalmFruit,PalmFruitAEZ01,PalmFruitAEZ01,1975,NOx_AWB,0
Africa_Western,PalmFruit,PalmFruitAEZ02,PalmFruitAEZ02,1975,NOx_AWB,1.0023650633004e-07
Africa_Western,PalmFruit,PalmFruitAEZ03,PalmFruitAEZ03,1975,NOx_AWB,2.00824245701129e-05
Africa_Western,PalmFruit,PalmFruitAEZ04,PalmFruitAEZ04,1975,NOx_AWB,0.000221061212809302
Africa_Western,PalmFruit,PalmFruitAEZ05,PalmFruitAEZ05,1975,NOx_AWB,0.0011617694771877
Africa_Western,PalmFruit,PalmFruitAEZ06,PalmFruitAEZ06,1975,NOx_AWB,0.000363871351493004
Africa_Western,PalmFruit,PalmFruitAEZ07,PalmFruitAEZ07,1975,NOx_AWB,0
Africa_Western,PalmFruit,PalmFruitAEZ09,PalmFruitAEZ09,1975,NOx_AWB,6.07903340276519e-09
Africa_Western,PalmFruit,PalmFruitAEZ10,PalmFruitAEZ10,1975,NOx_AWB,1.21850847317649e-07
Africa_Western,Rice,RiceAEZ01,RiceAEZ01,1975,NOx_AWB,2.21321711849626e-05
Africa_Western,Rice,RiceAEZ02,RiceAEZ02,1975,NOx_AWB,4.5188839614678e-05
Africa_Western,Rice,RiceAEZ03,RiceAEZ03,1975,NOx_AWB,3.54992366126152e-05
Africa_Western,Rice,RiceAEZ04,RiceAEZ04,1975,NOx_AWB,0.000109846814270452
Africa_Western,Rice,RiceAEZ05,RiceAEZ05,1975,NOx_AWB,0.000190201718459659
Africa_Western,Rice,RiceAEZ06,RiceAEZ06,1975,NOx_AWB,5.60826893712958e-05
Africa_Western,Rice,RiceAEZ07,RiceAEZ07,1975,NOx_AWB,0
Africa_Western,Rice,RiceAEZ09,RiceAEZ09,1975,NOx_AWB,0
Africa_Western,Rice,RiceAEZ10,RiceAEZ10,1975,NOx_AWB,0
Africa_Western,Root_Tuber,Root_TuberAEZ01,Root_TuberAEZ01,1975,NOx_AWB,3.65144659841041e-06
Africa_Western,Root_Tuber,Root_TuberAEZ02,Root_TuberAEZ02,1975,NOx_AWB,4.97003601060222e-05
Africa_Western,Root_Tuber,Root_TuberAEZ03,Root_TuberAEZ03,1975,NOx_AWB,0.000121940279452353
Africa_Western,Root_Tuber,Root_TuberAEZ04,Root_TuberAEZ04,1975,NOx_AWB,0.00130658500612649
Africa_Western,Root_Tuber,Root_TuberAEZ05,Root_TuberAEZ05,1975,NOx_AWB,0.00416111818573507
Africa_Western,Root_Tuber,Root_TuberAEZ06,Root_TuberAEZ06,1975,NOx_AWB,0.00150020661070007
Africa_Western,Root_Tuber,Root_TuberAEZ07,Root_TuberAEZ07,1975,NOx_AWB,0
Africa_Western,Root_Tuber,Root_TuberAEZ09,Root_TuberAEZ09,1975,NOx_AWB,3.24940195031997e-08
Africa_Western,Root_Tuber,Root_TuberAEZ10,Root_TuberAEZ10,1975,NOx_AWB,3.45386643744815e-07
Africa_Western,SugarCrop,SugarCropAEZ01,SugarCropAEZ01,1975,NOx_AWB,4.24976950180159e-05
Africa_Western,SugarCrop,SugarCropAEZ02,SugarCropAEZ02,1975,NOx_AWB,3.1797401146973e-05
Africa_Western,SugarCrop,SugarCropAEZ03,SugarCropAEZ03,1975,NOx_AWB,2.91680850546101e-05
Africa_Western,SugarCrop,SugarCropAEZ04,SugarCropAEZ04,1975,NOx_AWB,6.38672478758847e-05
Africa_Western,SugarCrop,SugarCropAEZ05,SugarCropAEZ05,1975,NOx_AWB,0.000257623753690106
Africa_Western,SugarCrop,SugarCropAEZ06,SugarCropAEZ06,1975,NOx_AWB,0.000130091111877897
Africa_Western,SugarCrop,SugarCropAEZ07,SugarCropAEZ07,1975,NOx_AWB,0
Africa_Western,SugarCrop,SugarCropAEZ09,SugarCropAEZ09,1975,NOx_AWB,0
Africa_Western,SugarCrop,SugarCropAEZ10,SugarCropAEZ10,1975,NOx_AWB,0
Africa_Western,Wheat,WheatAEZ01,WheatAEZ01,1975,NOx_AWB,2.69772983208786e-07
Africa_Western,Wheat,WheatAEZ02,WheatAEZ02,1975,NOx_AWB,2.97929567020478e-06
Africa_Western,Wheat,WheatAEZ03,WheatAEZ03,1975,NOx_AWB,1.30973823464326e-06
Africa_Western,Wheat,WheatAEZ04,WheatAEZ04,1975,NOx_AWB,0
Africa_Western,Wheat,WheatAEZ05,WheatAEZ05,1975,NOx_AWB,9.32458295062559e-08
Africa_Western,Wheat,WheatAEZ06,WheatAEZ06,1975,NOx_AWB,2.00569950918358e-07
Africa_Western,Wheat,WheatAEZ07,WheatAEZ07,1975,NOx_AWB,0
Africa_Western,Wheat,WheatAEZ09,WheatAEZ09,1975,NOx_AWB,0
Africa_Western,Wheat,WheatAEZ10,WheatAEZ10,1975,NOx_AWB,0
Africa_Western,Corn,CornAEZ01,CornAEZ01,1975,SO2_AWB,5.66168680279068e-07
Africa_Western,Corn,CornAEZ02,CornAEZ02,1975,SO2_AWB,5.35021406698485e-06
Africa_Western,Corn,CornAEZ03,CornAEZ03,1975,SO2_AWB,1.12860126285247e-05
Africa_Western,Corn,CornAEZ04,CornAEZ04,1975,SO2_AWB,2.21758012061137e-05
Africa_Western,Corn,CornAEZ05,CornAEZ05,1975,SO2_AWB,3.99580752701097e-05
Africa_Western,Corn,CornAEZ06,CornAEZ06,1975,SO2_AWB,9.25121761244292e-06
Africa_Western,Corn,CornAEZ07,CornAEZ07,1975,SO2_AWB,0
Africa_Western,Corn,CornAEZ09,CornAEZ09,1975,SO2_AWB,6.91125839292555e-09
Africa_Western,Corn,CornAEZ10,CornAEZ10,1975,SO2_AWB,5.98707849154599e-09
Africa_Western,FiberCrop,FiberCropAEZ01,FiberCropAEZ01,1975,SO2_AWB,3.37872456466346e-08
Africa_Western,FiberCrop,FiberCropAEZ02,FiberCropAEZ02,1975,SO2_AWB,9.88825538185845e-07
Africa_Western,FiberCrop,FiberCropAEZ03,FiberCropAEZ03,1975,SO2_AWB,5.1490874549894e-06
Africa_Western,FiberCrop,FiberCropAEZ04,FiberCropAEZ04,1975,SO2_AWB,5.26696591191322e-06
Africa_Western,FiberCrop,FiberCropAEZ05,FiberCropAEZ05,1975,SO2_AWB,4.38853102757534e-06
Africa_Western,FiberCrop,FiberCropAEZ06,FiberCropAEZ06,1975,SO2_AWB,9.88632898956819e-07
Africa_Western,FiberCrop,FiberCropAEZ07,FiberCropAEZ07,1975,SO2_AWB,0
Africa_Western,FiberCrop,FiberCropAEZ09,FiberCropAEZ09,1975,SO2_AWB,7.53805678779652e-11
Africa_Western,FiberCrop,FiberCropAEZ10,FiberCropAEZ10,1975,SO2_AWB,7.53805678779652e-11
Africa_Western,FodderGrass,FodderGrassAEZ01,FodderGrassAEZ01,1975,SO2_AWB,0
Africa_Western,FodderGrass,FodderGrassAEZ02,FodderGrassAEZ02,1975,SO2_AWB,0
Africa_Western,FodderGrass,FodderGrassAEZ03,FodderGrassAEZ03,1975,SO2_AWB,0
Africa_Western,FodderGrass,FodderGrassAEZ04,FodderGrassAEZ04,1975,SO2_AWB,0
Africa_Western,FodderGrass,FodderGrassAEZ05,FodderGrassAEZ05,1975,SO2_AWB,0
Africa_Western,FodderGrass,FodderGrassAEZ06,FodderGrassAEZ06,1975,SO2_AWB,0
Africa_Western,FodderGrass,FodderGrassAEZ07,FodderGrassAEZ07,1975,SO2_AWB,0
Africa_Western,FodderGrass,FodderGrassAEZ09,FodderGrassAEZ09,1975,SO2_AWB,0
Africa_Western,FodderGrass,FodderGrassAEZ10,FodderGrassAEZ10,1975,SO2_AWB,0
Africa_Western,FodderHerb,FodderHerbAEZ01,FodderHerbAEZ01,1975,SO2_AWB,0
Africa_Western,FodderHerb,FodderHerbAEZ02,FodderHerbAEZ02,1975,SO2_AWB,0
Africa_Western,FodderHerb,FodderHerbAEZ03,FodderHerbAEZ03,1975,SO2_AWB,0
Africa_Western,FodderHerb,FodderHerbAEZ04,FodderHerbAEZ04,1975,SO2_AWB,0
Africa_Western,FodderHerb,FodderHerbAEZ05,FodderHerbAEZ05,1975,SO2_AWB,0
Africa_Western,FodderHerb,FodderHerbAEZ06,FodderHerbAEZ06,1975,SO2_AWB,0
Africa_Western,FodderHerb,FodderHerbAEZ07,FodderHerbAEZ07,1975,SO2_AWB,0
Africa_Western,FodderHerb,FodderHerbAEZ09,FodderHerbAEZ09,1975,SO2_AWB,0
Africa_Western,FodderHerb,FodderHerbAEZ10,FodderHerbAEZ10,1975,SO2_AWB,0
Africa_Western,MiscCrop,MiscCropAEZ01,MiscCropAEZ01,1975,SO2_AWB,7.14346785712536e-06
Africa_Western,MiscCrop,MiscCropAEZ02,MiscCropAEZ02,1975,SO2_AWB,4.77559730304615e-05
Africa_Western,MiscCrop,MiscCropAEZ03,MiscCropAEZ03,1975,SO2_AWB,4.30343266836452e-05
Africa_Western,MiscCrop,MiscCropAEZ04,MiscCropAEZ04,1975,SO2_AWB,9.788943355884e-05
Africa_Western,MiscCrop,MiscCropAEZ05,MiscCropAEZ05,1975,SO2_AWB,0.000203002333602732
Africa_Western,MiscCrop,MiscCropAEZ06,MiscCropAEZ06,1975,SO2_AWB,0.000109839695387323
Africa_Western,MiscCrop,MiscCropAEZ07,MiscCropAEZ07,1975,SO2_AWB,0
Africa_Western,MiscCrop,MiscCropAEZ09,MiscCropAEZ09,1975,SO2_AWB,0
Africa_Western,MiscCrop,MiscCropAEZ10,MiscCropAEZ10,1975,SO2_AWB,5.42865457856667e-10
Africa_Western,OilCrop,OilCropAEZ01,OilCropAEZ01,1975,SO2_AWB,1.40103795678041e-06
Africa_Western,OilCrop,OilCropAEZ02,OilCropAEZ02,1975,SO2_AWB,2.02850442317671e-05
Africa_Western,OilCrop,OilCropAEZ03,OilCropAEZ03,1975,SO2_AWB,3.0126045092151e-05
Africa_Western,OilCrop,OilCropAEZ04,OilCropAEZ04,1975,SO2_AWB,2.45689712143617e-05
Africa_Western,OilCrop,OilCropAEZ05,OilCropAEZ05,1975,SO2_AWB,1.72628425981765e-05
Africa_Western,OilCrop,OilCropAEZ06,OilCropAEZ06,1975,SO2_AWB,3.83931871431933e-06
Africa_Western,OilCrop,OilCropAEZ07,OilCropAEZ07,1975,SO2_AWB,0
Africa_Western,OilCrop,OilCropAEZ09,OilCropAEZ09,1975,SO2_AWB,3.32813266487092e-10
Africa_Western,OilCrop,OilCropAEZ10,OilCropAEZ10,1975,SO2_AWB,2.10277472916845e-09
Africa_Western,OtherGrain,OtherGrainAEZ01,OtherGrainAEZ01,1975,SO2_AWB,1.50780825117535e-05
Africa_Western,OtherGrain,OtherGrainAEZ02,OtherGrainAEZ02,1975,SO2_AWB,0.000115300928819925
Africa_Western,OtherGrain,OtherGrainAEZ03,OtherGrainAEZ03,1975,SO2_AWB,9.73884821750257e-05
Africa_Western,OtherGrain,OtherGrainAEZ04,OtherGrainAEZ04,1975,SO2_AWB,4.06506430090848e-05
Africa_Western,OtherGrain,OtherGrainAEZ05,OtherGrainAEZ05,1975,SO2_AWB,1.24684025829566e-05
Africa_Western,OtherGrain,OtherGrainAEZ06,OtherGrainAEZ06,1975,SO2_AWB,1.38121535206386e-06
Africa_Western,OtherGrain,OtherGrainAEZ07,OtherGrainAEZ07,1975,SO2_AWB,0
Africa_Western,OtherGrain,OtherGrainAEZ09,OtherGrainAEZ09,1975,SO2_AWB,7.30585303859099e-11
Africa_Western,OtherGrain,OtherGrainAEZ10,OtherGrainAEZ10,1975,SO2_AWB,3.50680945852368e-10
Africa_Western,PalmFruit,PalmFruitAEZ01,PalmFruitAEZ01,1975,SO2_AWB,0
Africa_Western,PalmFruit,PalmFruitAEZ02,PalmFruitAEZ02,1975,SO2_AWB,1.47152231686571e-08
Africa_Western,PalmFruit,PalmFruitAEZ03,PalmFruitAEZ03,1975,SO2_AWB,2.9482009113916e-06
Africa_Western,PalmFruit,PalmFruitAEZ04,PalmFruitAEZ04,1975,SO2_AWB,3.24528976470122e-05
Africa_Western,PalmFruit,PalmFruitAEZ05,PalmFruitAEZ05,1975,SO2_AWB,0.000170553601210537
Africa_Western,PalmFruit,PalmFruitAEZ06,PalmFruitAEZ06,1975,SO2_AWB,5.34181441267545e-05
Africa_Western,PalmFruit,PalmFruitAEZ07,PalmFruitAEZ07,1975,SO2_AWB,0
Africa_Western,PalmFruit,PalmFruitAEZ09,PalmFruitAEZ09,1975,SO2_AWB,8.92432671953592e-10
Africa_Western,PalmFruit,PalmFruitAEZ10,PalmFruitAEZ10,1975,SO2_AWB,1.78883171133809e-08
Africa_Western,Rice,RiceAEZ01,RiceAEZ01,1975,SO2_AWB,3.24911402160516e-06
Africa_Western,Rice,RiceAEZ02,RiceAEZ02,1975,SO2_AWB,6.63394888757566e-06
Africa_Western,Rice,RiceAEZ03,RiceAEZ03,1975,SO2_AWB,5.21146644269108e-06
Africa_Western,Rice,RiceAEZ04,RiceAEZ04,1975,SO2_AWB,1.6126064699756e-05
Africa_Western,Rice,RiceAEZ05,RiceAEZ05,1975,SO2_AWB,2.79225686994757e-05
Africa_Western,Rice,RiceAEZ06,RiceAEZ06,1975,SO2_AWB,8.23322081158534e-06
Africa_Western,Rice,RiceAEZ07,RiceAEZ07,1975,SO2_AWB,0
Africa_Western,Rice,RiceAEZ09,RiceAEZ09,1975,SO2_AWB,0
Africa_Western,Rice,RiceAEZ10,RiceAEZ10,1975,SO2_AWB,0
Africa_Western,Root_Tuber,Root_TuberAEZ01,Root_TuberAEZ01,1975,SO2_AWB,5.36050721950791e-07
Africa_Western,Root_Tuber,Root_TuberAEZ02,Root_TuberAEZ02,1975,SO2_AWB,7.29626278189186e-06
Africa_Western,Root_Tuber,Root_TuberAEZ03,Root_TuberAEZ03,1975,SO2_AWB,1.7901446200465e-05
Africa_Western,Root_Tuber,Root_TuberAEZ04,Root_TuberAEZ04,1975,SO2_AWB,0.000191813249063834
Africa_Western,Root_Tuber,Root_TuberAEZ05,Root_TuberAEZ05,1975,SO2_AWB,0.000610873073854316
Africa_Western,Root_Tuber,Root_TuberAEZ06,Root_TuberAEZ06,1975,SO2_AWB,0.000220237874241735
Africa_Western,Root_Tuber,Root_TuberAEZ07,Root_TuberAEZ07,1975,SO2_AWB,0
Africa_Western,Root_Tuber,Root_TuberAEZ09,Root_TuberAEZ09,1975,SO2_AWB,4.77028545929059e-09
Africa_Western,Root_Tuber,Root_TuberAEZ10,Root_TuberAEZ10,1975,SO2_AWB,5.07044960789426e-08
Africa_Western,SugarCrop,SugarCropAEZ01,SugarCropAEZ01,1975,SO2_AWB,6.23887532836143e-06
Africa_Western,SugarCrop,SugarCropAEZ02,SugarCropAEZ02,1975,SO2_AWB,4.66801838165018e-06
Africa_Western,SugarCrop,SugarCropAEZ03,SugarCropAEZ03,1975,SO2_AWB,4.28202155777179e-06
Africa_Western,SugarCrop,SugarCropAEZ04,SugarCropAEZ04,1975,SO2_AWB,9.37603314472193e-06
Africa_Western,SugarCrop,SugarCropAEZ05,SugarCropAEZ05,1975,SO2_AWB,3.78204625031003e-05
Africa_Western,SugarCrop,SugarCropAEZ06,SugarCropAEZ06,1975,SO2_AWB,1.90980293870067e-05
Africa_Western,SugarCrop,SugarCropAEZ07,SugarCropAEZ07,1975,SO2_AWB,0
Africa_Western,SugarCrop,SugarCropAEZ09,SugarCropAEZ09,1975,SO2_AWB,0
Africa_Western,SugarCrop,SugarCropAEZ10,SugarCropAEZ10,1975,SO2_AWB,0
Africa_Western,Wheat,WheatAEZ01,WheatAEZ01,1975,SO2_AWB,3.96040304888595e-08
Africa_Western,Wheat,WheatAEZ02,WheatAEZ02,1975,SO2_AWB,4.37375585778356e-07
Africa_Western,Wheat,WheatAEZ03,WheatAEZ03,1975,SO2_AWB,1.92276158866109e-07
Africa_Western,Wheat,WheatAEZ04,WheatAEZ04,1975,SO2_AWB,0
Africa_Western,Wheat,WheatAEZ05,WheatAEZ05,1975,SO2_AWB,1.36889566582978e-08
Africa_Western,Wheat,WheatAEZ06,WheatAEZ06,1975,SO2_AWB,2.94446773610836e-08
Africa_Western,Wheat,WheatAEZ07,WheatAEZ07,1975,SO2_AWB,0
Africa_Western,Wheat,WheatAEZ09,WheatAEZ09,1975,SO2_AWB,0
Africa_Western,Wheat,WheatAEZ10,WheatAEZ10,1975,SO2_AWB,0
Australia_NZ,Corn,CornAEZ01,CornAEZ01,1975,CH4_AWB,8.89009861587383e-07
Australia_NZ,Corn,CornAEZ02,CornAEZ02,1975,CH4_AWB,1.41630622228681e-07
Australia_NZ,Corn,CornAEZ03,CornAEZ03,1975,CH4_AWB,2.45319511590709e-06
Australia_NZ,Corn,CornAEZ04,CornAEZ04,1975,CH4_AWB,1.71657702676674e-06
Australia_NZ,Corn,CornAEZ05,CornAEZ05,1975,CH4_AWB,6.4566901310134e-08
Australia_NZ,Corn,CornAEZ06,CornAEZ06,1975,CH4_AWB,1.8120388432199e-07
Australia_NZ,Corn,CornAEZ07,CornAEZ07,1975,CH4_AWB,1.57817474960356e-05
Australia_NZ,Corn,CornAEZ08,CornAEZ08,1975,CH4_AWB,1.32501001236979e-05
Australia_NZ,Corn,CornAEZ09,CornAEZ09,1975,CH4_AWB,1.22361220660264e-05
Australia_NZ,Corn,CornAEZ10,CornAEZ10,1975,CH4_AWB,9.43579307210788e-06
Australia_NZ,Corn,CornAEZ11,CornAEZ11,1975,CH4_AWB,4.14245270647431e-05
Australia_NZ,Corn,CornAEZ12,CornAEZ12,1975,CH4_AWB,6.95472310579648e-05
Australia_NZ,Corn,CornAEZ15,CornAEZ15,1975,CH4_AWB,0
Australia_NZ,Corn,CornAEZ16,CornAEZ16,1975,CH4_AWB,1.12054815822104e-06
Australia_NZ,Corn,CornAEZ17,CornAEZ17,1975,CH4_AWB,0
Australia_NZ,FiberCrop,FiberCropAEZ01,FiberCropAEZ01,1975,CH4_AWB,1.05581706399212e-09
Australia_NZ,FiberCrop,FiberCropAEZ02,FiberCropAEZ02,1975,CH4_AWB,0
Australia_NZ,FiberCrop,FiberCropAEZ03,FiberCropAEZ03,1975,CH4_AWB,0
Australia_NZ,FiberCrop,FiberCropAEZ04,FiberCropAEZ04,1975,CH4_AWB,0
Australia_NZ,FiberCrop,FiberCropAEZ05,FiberCropAEZ05,1975,CH4_AWB,0
Australia_NZ,FiberCrop,FiberCropAEZ06,FiberCropAEZ06,1975,CH4_AWB,0
Australia_NZ,FiberCrop,FiberCropAEZ07,FiberCropAEZ07,1975,CH4_AWB,7.72463919138342e-06
Australia_NZ,FiberCrop,FiberCropAEZ08,FiberCropAEZ08,1975,CH4_AWB,9.12011260486181e-06
Australia_NZ,FiberCrop,FiberCropAEZ09,FiberCropAEZ09,1975,CH4_AWB,7.0534210899015e-06
Australia_NZ,FiberCrop,FiberCropAEZ10,FiberCropAEZ10,1975,CH4_AWB,4.49827340723631e-06
Australia_NZ,FiberCrop,FiberCropAEZ11,FiberCropAEZ11,1975,CH4_AWB,1.76771931633989e-06
Australia_NZ,FiberCrop,FiberCropAEZ12,FiberCropAEZ12,1975,CH4_AWB,9.87512738732257e-06
Australia_NZ,FiberCrop,FiberCropAEZ15,FiberCropAEZ15,1975,CH4_AWB,0
Australia_NZ,FiberCrop,FiberCropAEZ16,FiberCropAEZ16,1975,CH4_AWB,9.15041455459839e-10
Australia_NZ,FiberCrop,FiberCropAEZ17,FiberCropAEZ17,1975,CH4_AWB,0
Australia_NZ,FodderGrass,FodderGrassAEZ01,FodderGrassAEZ01,1975,CH4_AWB,1.39308574991338e-06
Australia_NZ,FodderGrass,FodderGrassAEZ02,FodderGrassAEZ02,1975,CH4_AWB,1.41929297134065e-05
Australia_NZ,FodderGrass,FodderGrassAEZ03,FodderGrassAEZ03,1975,CH4_AWB,8.64497612449082e-06
Australia_NZ,FodderGrass,FodderGrassAEZ04,FodderGrassAEZ04,1975,CH4_AWB,8.38682846538274e-06
Australia_NZ,FodderGrass,FodderGrassAEZ05,FodderGrassAEZ05,1975,CH4_AWB,1.90997593180616e-07
Australia_NZ,FodderGrass,FodderGrassAEZ06,FodderGrassAEZ06,1975,CH4_AWB,5.91935711163373e-07
Australia_NZ,FodderGrass,FodderGrassAEZ07,FodderGrassAEZ07,1975,CH4_AWB,0.000238187464246725
Australia_NZ,FodderGrass,FodderGrassAEZ08,FodderGrassAEZ08,1975,CH4_AWB,0.000492107110460146
Australia_NZ,FodderGrass,FodderGrassAEZ09,FodderGrassAEZ09,1975,CH4_AWB,0.000439953032483854
Australia_NZ,FodderGrass,FodderGrassAEZ10,FodderGrassAEZ10,1975,CH4_AWB,0.000141265475624069
Australia_NZ,FodderGrass,FodderGrassAEZ11,FodderGrassAEZ11,1975,CH4_AWB,7.04598333452229e-05
Australia_NZ,FodderGrass,FodderGrassAEZ12,FodderGrassAEZ12,1975,CH4_AWB,8.80442431140884e-05
Australia_NZ,FodderGrass,FodderGrassAEZ15,FodderGrassAEZ15,1975,CH4_AWB,1.46784543559913e-10
Australia_NZ,FodderGrass,FodderGrassAEZ16,FodderGrassAEZ16,1975,CH4_AWB,9.68777987495421e-09
Australia_NZ,FodderGrass,FodderGrassAEZ17,FodderGrassAEZ17,1975,CH4_AWB,2.17766458624569e-07
Australia_NZ,FodderHerb,FodderHerbAEZ01,FodderHerbAEZ01,1975,CH4_AWB,0
Australia_NZ,FodderHerb,FodderHerbAEZ02,FodderHerbAEZ02,1975,CH4_AWB,1.30111728156686e-07
Australia_NZ,FodderHerb,FodderHerbAEZ03,FodderHerbAEZ03,1975,CH4_AWB,0
Australia_NZ,FodderHerb,FodderHerbAEZ04,FodderHerbAEZ04,1975,CH4_AWB,3.53299636380516e-08
Australia_NZ,FodderHerb,FodderHerbAEZ05,FodderHerbAEZ05,1975,CH4_AWB,0
Australia_NZ,FodderHerb,FodderHerbAEZ06,FodderHerbAEZ06,1975,CH4_AWB,1.31902591830753e-06
Australia_NZ,FodderHerb,FodderHerbAEZ07,FodderHerbAEZ07,1975,CH4_AWB,6.01057706902696e-05
Australia_NZ,FodderHerb,FodderHerbAEZ08,FodderHerbAEZ08,1975,CH4_AWB,5.99276589425498e-05
Australia_NZ,FodderHerb,FodderHerbAEZ09,FodderHerbAEZ09,1975,CH4_AWB,8.26426326675219e-05
Australia_NZ,FodderHerb,FodderHerbAEZ10,FodderHerbAEZ10,1975,CH4_AWB,4.1568869734149e-05
Australia_NZ,FodderHerb,FodderHerbAEZ11,FodderHerbAEZ11,1975,CH4_AWB,0.000327299950656891
Australia_NZ,FodderHerb,FodderHerbAEZ12,FodderHerbAEZ12,1975,CH4_AWB,0.000535466654788967
Australia_NZ,FodderHerb,FodderHerbAEZ15,FodderHerbAEZ15,1975,CH4_AWB,7.02944448936409e-08
Australia_NZ,FodderHerb,FodderHerbAEZ16,FodderHerbAEZ16,1975,CH4_AWB,1.00890193404193e-05
Australia_NZ,FodderHerb,FodderHerbAEZ17,FodderHerbAEZ17,1975,CH4_AWB,2.42436647033526e-08
Australia_NZ,MiscCrop,MiscCropAEZ01,MiscCropAEZ01,1975,CH4_AWB,1.98365960187349e-06
Australia_NZ,MiscCrop,MiscCropAEZ02,MiscCropAEZ02,1975,CH4_AWB,1.49094935367801e-05
Australia_NZ,MiscCrop,MiscCropAEZ03,MiscCropAEZ03,1975,CH4_AWB,1.56177418441346e-05
Australia_NZ,MiscCrop,MiscCropAEZ04,MiscCropAEZ04,1975,CH4_AWB,1.3679229544722e-05
Australia_NZ,MiscCrop,MiscCropAEZ05,MiscCropAEZ05,1975,CH4_AWB,3.52310199560543e-07
Australia_NZ,MiscCrop,MiscCropAEZ06,MiscCropAEZ06,1975,CH4_AWB,1.07426393801928e-06
Australia_NZ,MiscCrop,MiscCropAEZ07,MiscCropAEZ07,1975,CH4_AWB,0.00017026740781828
Australia_NZ,MiscCrop,MiscCropAEZ08,MiscCropAEZ08,1975,CH4_AWB,0.00038616906400252
Australia_NZ,MiscCrop,MiscCropAEZ09,MiscCropAEZ09,1975,CH4_AWB,0.000275037366591485
Australia_NZ,MiscCrop,MiscCropAEZ10,MiscCropAEZ10,1975,CH4_AWB,0.000110830177926744
Australia_NZ,MiscCrop,MiscCropAEZ11,MiscCropAEZ11,1975,CH4_AWB,0.000313074775116577
Australia_NZ,MiscCrop,MiscCropAEZ12,MiscCropAEZ12,1975,CH4_AWB,0.00047825222768331
Australia_NZ,MiscCrop,MiscCropAEZ15,MiscCropAEZ15,1975,CH4_AWB,0
Australia_NZ,MiscCrop,MiscCropAEZ16,MiscCropAEZ16,1975,CH4_AWB,6.86964579051578e-06
Australia_NZ,MiscCrop,MiscCropAEZ17,MiscCropAEZ17,1975,CH4_AWB,2.85798548613759e-07
Australia_NZ,OilCrop,OilCropAEZ01,OilCropAEZ01,1975,CH4_AWB,5.91638017915446e-09
Australia_NZ,OilCrop,OilCropAEZ02,OilCropAEZ02,1975,CH4_AWB,5.97758411204222e-08
Australia_NZ,OilCrop,OilCropAEZ03,OilCropAEZ03,1975,CH4_AWB,7.91570865348938e-08
Australia_NZ,OilCrop,OilCropAEZ04,OilCropAEZ04,1975,CH4_AWB,7.20880322863523e-07
Australia_NZ,OilCrop,OilCropAEZ05,OilCropAEZ05,1975,CH4_AWB,0
Australia_NZ,OilCrop,OilCropAEZ06,OilCropAEZ06,1975,CH4_AWB,2.7541769799512e-09
Australia_NZ,OilCrop,OilCropAEZ07,OilCropAEZ07,1975,CH4_AWB,1.95505762954611e-05
Australia_NZ,OilCrop,OilCropAEZ08,OilCropAEZ08,1975,CH4_AWB,2.19723139132766e-05
Australia_NZ,OilCrop,OilCropAEZ09,OilCropAEZ09,1975,CH4_AWB,4.40001193923716e-05
Australia_NZ,OilCrop,OilCropAEZ10,OilCropAEZ10,1975,CH4_AWB,1.82010295752849e-05
Australia_NZ,OilCrop,OilCropAEZ11,OilCropAEZ11,1975,CH4_AWB,8.67871768349067e-06
Australia_NZ,OilCrop,OilCropAEZ12,OilCropAEZ12,1975,CH4_AWB,7.69925074417618e-06
Australia_NZ,OilCrop,OilCropAEZ15,OilCropAEZ15,1975,CH4_AWB,0
Australia_NZ,OilCrop,OilCropAEZ16,OilCropAEZ16,1975,CH4_AWB,1.53009832219512e-09
Australia_NZ,OilCrop,OilCropAEZ17,OilCropAEZ17,1975,CH4_AWB,0
Australia_NZ,OtherGrain,OtherGrainAEZ01,OtherGrainAEZ01,1975,CH4_AWB,8.243377468207e-07
Australia_NZ,OtherGrain,OtherGrainAEZ02,OtherGrainAEZ02,1975,CH4_AWB,5.44025329113818e-06
Australia_NZ,OtherGrain,OtherGrainAEZ03,OtherGrainAEZ03,1975,CH4_AWB,9.62771365397732e-07
Australia_NZ,OtherGrain,OtherGrainAEZ04,OtherGrainAEZ04,1975,CH4_AWB,8.82780536925844e-06
Australia_NZ,OtherGrain,OtherGrainAEZ05,OtherGrainAEZ05,1975,CH4_AWB,1.75391009961851e-08
Australia_NZ,OtherGrain,OtherGrainAEZ06,OtherGrainAEZ06,1975,CH4_AWB,2.91274355829503e-07
Australia_NZ,OtherGrain,OtherGrainAEZ07,OtherGrainAEZ07,1975,CH4_AWB,0.000404710997108187
Australia_NZ,OtherGrain,OtherGrainAEZ08,OtherGrainAEZ08,1975,CH4_AWB,0.000670667973847931
Australia_NZ,OtherGrain,OtherGrainAEZ09,OtherGrainAEZ09,1975,CH4_AWB,0.000798779518290475
Australia_NZ,OtherGrain,OtherGrainAEZ10,OtherGrainAEZ10,1975,CH4_AWB,0.000246512064501381
Australia_NZ,OtherGrain,OtherGrainAEZ11,OtherGrainAEZ11,1975,CH4_AWB,0.00014244725392107
Australia_NZ,OtherGrain,OtherGrainAEZ12,OtherGrainAEZ12,1975,CH4_AWB,0.000262229291381588
Australia_NZ,OtherGrain,OtherGrainAEZ15,OtherGrainAEZ15,1975,CH4_AWB,2.44294621018293e-08
Australia_NZ,OtherGrain,OtherGrainAEZ16,OtherGrainAEZ16,1975,CH4_AWB,1.83408884702965e-06
Australia_NZ,OtherGrain,OtherGrainAEZ17,OtherGrainAEZ17,1975,CH4_AWB,1.36867627416659e-07
Australia_NZ,PalmFruit,PalmFruitAEZ01,PalmFruitAEZ01,1975,CH4_AWB,0
Australia_NZ,PalmFruit,PalmFruitAEZ02,PalmFruitAEZ02,1975,CH4_AWB,0
Australia_NZ,PalmFruit,PalmFruitAEZ03,PalmFruitAEZ03,1975,CH4_AWB,0
Australia_NZ,PalmFruit,PalmFruitAEZ04,PalmFruitAEZ04,1975,CH4_AWB,0
Australia_NZ,PalmFruit,PalmFruitAEZ05,PalmFruitAEZ05,1975,CH4_AWB,0
Australia_NZ,PalmFruit,PalmFruitAEZ06,PalmFruitAEZ06,1975,CH4_AWB,0
Australia_NZ,PalmFruit,PalmFruitAEZ07,PalmFruitAEZ07,1975,CH4_AWB,0
Australia_NZ,PalmFruit,PalmFruitAEZ08,PalmFruitAEZ08,1975,CH4_AWB,0
Australia_NZ,PalmFruit,PalmFruitAEZ09,PalmFruitAEZ09,1975,CH4_AWB,0
Australia_NZ,PalmFruit,PalmFruitAEZ10,PalmFruitAEZ10,1975,CH4_AWB,0
Australia_NZ,PalmFruit,PalmFruitAEZ11,PalmFruitAEZ11,1975,CH4_AWB,0
Australia_NZ,PalmFruit,PalmFruitAEZ12,PalmFruitAEZ12,1975,CH4_AWB,0
Australia_NZ,PalmFruit,PalmFruitAEZ15,PalmFruitAEZ15,1975,CH4_AWB,0
Australia_NZ,PalmFruit,PalmFruitAEZ16,PalmFruitAEZ16,1975,CH4_AWB,0
Australia_NZ,PalmFruit,PalmFruitAEZ17,PalmFruitAEZ17,1975,CH4_AWB,0
Australia_NZ,Rice,RiceAEZ01,RiceAEZ01,1975,CH4_AWB,0
Australia_NZ,Rice,RiceAEZ02,RiceAEZ02,1975,CH4_AWB,0
Australia_NZ,Rice,RiceAEZ03,RiceAEZ03,1975,CH4_AWB,0
Australia_NZ,Rice,RiceAEZ04,RiceAEZ04,1975,CH4_AWB,0
Australia_NZ,Rice,RiceAEZ05,RiceAEZ05,1975,CH4_AWB,0
Australia_NZ,Rice,RiceAEZ06,RiceAEZ06,1975,CH4_AWB,0
Australia_NZ,Rice,RiceAEZ07,RiceAEZ07,1975,CH4_AWB,6.97123879674442e-05
Australia_NZ,Rice,RiceAEZ08,RiceAEZ08,1975,CH4_AWB,3.86157080209568e-05
Australia_NZ,Rice,RiceAEZ09,RiceAEZ09,1975,CH4_AWB,7.27512615068516e-05
Australia_NZ,Rice,RiceAEZ10,RiceAEZ10,1975,CH4_AWB,1.73724794328321e-05
Australia_NZ,Rice,RiceAEZ11,RiceAEZ11,1975,CH4_AWB,6.34494431528059e-06
Australia_NZ,Rice,RiceAEZ12,RiceAEZ12,1975,CH4_AWB,0
Australia_NZ,Rice,RiceAEZ15,RiceAEZ15,1975,CH4_AWB,0
Australia_NZ,Rice,RiceAEZ16,RiceAEZ16,1975,CH4_AWB,0
Australia_NZ,Rice,RiceAEZ17,RiceAEZ17,1975,CH4_AWB,0
Australia_NZ,Root_Tuber,Root_TuberAEZ01,Root_TuberAEZ01,1975,CH4_AWB,0
Australia_NZ,Root_Tuber,Root_TuberAEZ02,Root_TuberAEZ02,1975,CH4_AWB,0
Australia_NZ,Root_Tuber,Root_TuberAEZ03,Root_TuberAEZ03,1975,CH4_AWB,0
Australia_NZ,Root_Tuber,Root_TuberAEZ04,Root_TuberAEZ04,1975,CH4_AWB,0
Australia_NZ,Root_Tuber,Root_TuberAEZ05,Root_TuberAEZ05,1975,CH4_AWB,0
Australia_NZ,Root_Tuber,Root_TuberAEZ06,Root_TuberAEZ06,1975,CH4_AWB,0
Australia_NZ,Root_Tuber,Root_TuberAEZ07,Root_TuberAEZ07,1975,CH4_AWB,1.81419255720546e-05
Australia_NZ,Root_Tuber,Root_TuberAEZ08,Root_TuberAEZ08,1975,CH4_AWB,7.01215268651809e-06
Australia_NZ,Root_Tuber,Root_TuberAEZ09,Root_TuberAEZ09,1975,CH4_AWB,2.23571325565665e-05
Australia_NZ,Root_Tuber,Root_TuberAEZ10,Root_TuberAEZ10,1975,CH4_AWB,5.56136247551434e-06
Australia_NZ,Root_Tuber,Root_TuberAEZ11,Root_TuberAEZ11,1975,CH4_AWB,0.000196265458686961
Australia_NZ,Root_Tuber,Root_TuberAEZ12,Root_TuberAEZ12,1975,CH4_AWB,0.000225940515857925
Australia_NZ,Root_Tuber,Root_TuberAEZ15,Root_TuberAEZ15,1975,CH4_AWB,0
Australia_NZ,Root_Tuber,Root_TuberAEZ16,Root_TuberAEZ16,1975,CH4_AWB,3.26861516522478e-06
Australia_NZ,Root_Tuber,Root_TuberAEZ17,Root_TuberAEZ17,1975,CH4_AWB,1.61126625825976e-06
Australia_NZ,SugarCrop,SugarCropAEZ01,SugarCropAEZ01,1975,CH4_AWB,5.69093627777648e-05
Australia_NZ,SugarCrop,SugarCropAEZ02,SugarCropAEZ02,1975,CH4_AWB,0.00120814882711392
Australia_NZ,SugarCrop,SugarCropAEZ03,SugarCropAEZ03,1975,CH4_AWB,0.0016017937024696
Australia_NZ,SugarCrop,SugarCropAEZ04,SugarCropAEZ04,1975,CH4_AWB,0.000786964528300108
Australia_NZ,SugarCrop,SugarCropAEZ05,SugarCropAEZ05,1975,CH4_AWB,2.87316523442659e-05
Australia_NZ,SugarCrop,SugarCropAEZ06,SugarCropAEZ06,1975,CH4_AWB,7.95449945745288e-05
Australia_NZ,SugarCrop,SugarCropAEZ07,SugarCropAEZ07,1975,CH4_AWB,0.00153296547022498
Australia_NZ,SugarCrop,SugarCropAEZ08,SugarCropAEZ08,1975,CH4_AWB,0.000760320606271113
Australia_NZ,SugarCrop,SugarCropAEZ09,SugarCropAEZ09,1975,CH4_AWB,0.000746337562317841
Australia_NZ,SugarCrop,SugarCropAEZ10,SugarCropAEZ10,1975,CH4_AWB,0.00231301826242038
Australia_NZ,SugarCrop,SugarCropAEZ11,SugarCropAEZ11,1975,CH4_AWB,0.000616139177189615
Australia_NZ,SugarCrop,SugarCropAEZ12,SugarCropAEZ12,1975,CH4_AWB,0.00109696721459175
Australia_NZ,SugarCrop,SugarCropAEZ15,SugarCropAEZ15,1975,CH4_AWB,0
Australia_NZ,SugarCrop,SugarCropAEZ16,SugarCropAEZ16,1975,CH4_AWB,0
Australia_NZ,SugarCrop,SugarCropAEZ17,SugarCropAEZ17,1975,CH4_AWB,0
Australia_NZ,Wheat,WheatAEZ01,WheatAEZ01,1975,CH4_AWB,3.78497370721111e-06
Australia_NZ,Wheat,WheatAEZ02,WheatAEZ02,1975,CH4_AWB,4.00832478616399e-05
Australia_NZ,Wheat,WheatAEZ03,WheatAEZ03,1975,CH4_AWB,0
Australia_NZ,Wheat,WheatAEZ04,WheatAEZ04,1975,CH4_AWB,5.93185657738463e-06
Australia_NZ,Wheat,WheatAEZ05,WheatAEZ05,1975,CH4_AWB,0
Australia_NZ,Wheat,WheatAEZ06,WheatAEZ06,1975,CH4_AWB,2.58315831923375e-07
Australia_NZ,Wheat,WheatAEZ07,WheatAEZ07,1975,CH4_AWB,0.00089942476021589
Australia_NZ,Wheat,WheatAEZ08,WheatAEZ08,1975,CH4_AWB,0.00199776917423727
Australia_NZ,Wheat,WheatAEZ09,WheatAEZ09,1975,CH4_AWB,0.00165484687173751
Australia_NZ,Wheat,WheatAEZ10,WheatAEZ10,1975,CH4_AWB,0.000494914710833018
Australia_NZ,Wheat,WheatAEZ11,WheatAEZ11,1975,CH4_AWB,0.000240844822902653
Australia_NZ,Wheat,WheatAEZ12,WheatAEZ12,1975,CH4_AWB,0.000449777253052075
Australia_NZ,Wheat,WheatAEZ15,WheatAEZ15,1975,CH4_AWB,2.70467259525234e-08
Australia_NZ,Wheat,WheatAEZ16,WheatAEZ16,1975,CH4_AWB,1.83996132784268e-06
Australia_NZ,Wheat,WheatAEZ17,WheatAEZ17,1975,CH4_AWB,1.01915199241393e-08
Australia_NZ,Corn,CornAEZ01,CornAEZ01,1975,CO_AWB,3.70414749129633e-05
Australia_NZ,Corn,CornAEZ02,CornAEZ02,1975,CO_AWB,5.90117991584888e-06
Australia_NZ,Corn,CornAEZ03,CornAEZ03,1975,CO_AWB,0.000102214800160059
Australia_NZ,Corn,CornAEZ04,CornAEZ04,1975,CO_AWB,7.15228791271394e-05
Australia_NZ,Corn,CornAEZ05,CornAEZ05,1975,CO_AWB,2.69024378516641e-06
Australia_NZ,Corn,CornAEZ06,CornAEZ06,1975,CO_AWB,7.55003900998317e-06
Australia_NZ,Corn,CornAEZ07,CornAEZ07,1975,CO_AWB,0.000657562114005486
Australia_NZ,Corn,CornAEZ08,CornAEZ08,1975,CO_AWB,0.000552078523009686
Australia_NZ,Corn,CornAEZ09,CornAEZ09,1975,CO_AWB,0.000509830124641563
Australia_NZ,Corn,CornAEZ10,CornAEZ10,1975,CO_AWB,0.000393151648217169
Australia_NZ,Corn,CornAEZ11,CornAEZ11,1975,CO_AWB,0.00172599387965195
Australia_NZ,Corn,CornAEZ12,CornAEZ12,1975,CO_AWB,0.00289775414853084
Australia_NZ,Corn,CornAEZ15,CornAEZ15,1975,CO_AWB,0
Australia_NZ,Corn,CornAEZ16,CornAEZ16,1975,CO_AWB,4.66887469812751e-05
Australia_NZ,Corn,CornAEZ17,CornAEZ17,1975,CO_AWB,0
Australia_NZ,FiberCrop,FiberCropAEZ01,FiberCropAEZ01,1975,CO_AWB,4.39916619357979e-08
Australia_NZ,FiberCrop,FiberCropAEZ02,FiberCropAEZ02,1975,CO_AWB,0
Australia_NZ,FiberCrop,FiberCropAEZ03,FiberCropAEZ03,1975,CO_AWB,0
Australia_NZ,FiberCrop,FiberCropAEZ04,FiberCropAEZ04,1975,CO_AWB,0
Australia_NZ,FiberCrop,FiberCropAEZ05,FiberCropAEZ05,1975,CO_AWB,0
Australia_NZ,FiberCrop,FiberCropAEZ06,FiberCropAEZ06,1975,CO_AWB,0
Australia_NZ,FiberCrop,FiberCropAEZ07,FiberCropAEZ07,1975,CO_AWB,0.000321854729832147
Australia_NZ,FiberCrop,FiberCropAEZ08,FiberCropAEZ08,1975,CO_AWB,0.000379998509412692
Australia_NZ,FiberCrop,FiberCropAEZ09,FiberCropAEZ09,1975,CO_AWB,0.00029388776395083
Australia_NZ,FiberCrop,FiberCropAEZ10,FiberCropAEZ10,1975,CO_AWB,0.000187425009288737
Australia_NZ,FiberCrop,FiberCropAEZ11,FiberCropAEZ11,1975,CO_AWB,7.36537731903758e-05
Australia_NZ,FiberCrop,FiberCropAEZ12,FiberCropAEZ12,1975,CO_AWB,0.000411456946862981
Australia_NZ,FiberCrop,FiberCropAEZ15,FiberCropAEZ15,1975,CO_AWB,0
Australia_NZ,FiberCrop,FiberCropAEZ16,FiberCropAEZ16,1975,CO_AWB,3.8126107011025e-08
Australia_NZ,FiberCrop,FiberCropAEZ17,FiberCropAEZ17,1975,CO_AWB,0
Australia_NZ,FodderGrass,FodderGrassAEZ01,FodderGrassAEZ01,1975,CO_AWB,5.80442952172481e-05
Australia_NZ,FodderGrass,FodderGrassAEZ02,FodderGrassAEZ02,1975,CO_AWB,0.000591362450110372
Australia_NZ,FodderGrass,FodderGrassAEZ03,FodderGrassAEZ03,1975,CO_AWB,0.000360201478155389
Australia_NZ,FodderGrass,FodderGrassAEZ04,FodderGrassAEZ04,1975,CO_AWB,0.000349445500688932
Australia_NZ,FodderGrass,FodderGrassAEZ05,FodderGrassAEZ05,1975,CO_AWB,7.95810357334349e-06
Australia_NZ,FodderGrass,FodderGrassAEZ06,FodderGrassAEZ06,1975,CO_AWB,2.46635866963215e-05
Australia_NZ,FodderGrass,FodderGrassAEZ07,FodderGrassAEZ07,1975,CO_AWB,0.00992431621143517
Australia_NZ,FodderGrass,FodderGrassAEZ08,FodderGrassAEZ08,1975,CO_AWB,0.0205041293400868
Australia_NZ,FodderGrass,FodderGrassAEZ09,FodderGrassAEZ09,1975,CO_AWB,0.0183310781126031
Australia_NZ,FodderGrass,FodderGrassAEZ10,FodderGrassAEZ10,1975,CO_AWB,0.00588596572152023
Australia_NZ,FodderGrass,FodderGrassAEZ11,FodderGrassAEZ11,1975,CO_AWB,0.00293577862518695
Australia_NZ,FodderGrass,FodderGrassAEZ12,FodderGrassAEZ12,1975,CO_AWB,0.00366845044521566
Australia_NZ,FodderGrass,FodderGrassAEZ15,FodderGrassAEZ15,1975,CO_AWB,6.11592314417858e-09
Australia_NZ,FodderGrass,FodderGrassAEZ16,FodderGrassAEZ16,1975,CO_AWB,4.03650927515785e-07
Australia_NZ,FodderGrass,FodderGrassAEZ17,FodderGrassAEZ17,1975,CO_AWB,9.07345482042661e-06
Australia_NZ,FodderHerb,FodderHerbAEZ01,FodderHerbAEZ01,1975,CO_AWB,0
Australia_NZ,FodderHerb,FodderHerbAEZ02,FodderHerbAEZ02,1975,CO_AWB,5.42123380475513e-06
Australia_NZ,FodderHerb,FodderHerbAEZ03,FodderHerbAEZ03,1975,CO_AWB,0
Australia_NZ,FodderHerb,FodderHerbAEZ04,FodderHerbAEZ04,1975,CO_AWB,1.47205786833239e-06
Australia_NZ,FodderHerb,FodderHerbAEZ05,FodderHerbAEZ05,1975,CO_AWB,0
Australia_NZ,FodderHerb,FodderHerbAEZ06,FodderHerbAEZ06,1975,CO_AWB,5.49585191049474e-05
Australia_NZ,FodderHerb,FodderHerbAEZ07,FodderHerbAEZ07,1975,CO_AWB,0.00250436636683935
Australia_NZ,FodderHerb,FodderHerbAEZ08,FodderHerbAEZ08,1975,CO_AWB,0.00249694516475832
Australia_NZ,FodderHerb,FodderHerbAEZ09,FodderHerbAEZ09,1975,CO_AWB,0.00344338700498696
Australia_NZ,FodderHerb,FodderHerbAEZ10,FodderHerbAEZ10,1975,CO_AWB,0.00173200805969504
Australia_NZ,FodderHerb,FodderHerbAEZ11,FodderHerbAEZ11,1975,CO_AWB,0.0136372760698332
Australia_NZ,FodderHerb,FodderHerbAEZ12,FodderHerbAEZ12,1975,CO_AWB,0.0223107476273415
Australia_NZ,FodderHerb,FodderHerbAEZ15,FodderHerbAEZ15,1975,CO_AWB,2.92888755181997e-06
Australia_NZ,FodderHerb,FodderHerbAEZ16,FodderHerbAEZ16,1975,CO_AWB,0.00042036896657958
Australia_NZ,FodderHerb,FodderHerbAEZ17,FodderHerbAEZ17,1975,CO_AWB,1.01013626137291e-06
Australia_NZ,MiscCrop,MiscCropAEZ01,MiscCropAEZ01,1975,CO_AWB,8.26511387032948e-05
Australia_NZ,MiscCrop,MiscCropAEZ02,MiscCropAEZ02,1975,CO_AWB,0.000621218790330983
Australia_NZ,MiscCrop,MiscCropAEZ03,MiscCropAEZ03,1975,CO_AWB,0.000650728656354492
Australia_NZ,MiscCrop,MiscCropAEZ04,MiscCropAEZ04,1975,CO_AWB,0.000569958624648711
Australia_NZ,MiscCrop,MiscCropAEZ05,MiscCropAEZ05,1975,CO_AWB,1.46793528198902e-05
Australia_NZ,MiscCrop,MiscCropAEZ06,MiscCropAEZ06,1975,CO_AWB,4.47602691819306e-05
Australia_NZ,MiscCrop,MiscCropAEZ07,MiscCropAEZ07,1975,CO_AWB,0.00709435990275139
Australia_NZ,MiscCrop,MiscCropAEZ08,MiscCropAEZ08,1975,CO_AWB,0.0160901158856333
Australia_NZ,MiscCrop,MiscCropAEZ09,MiscCropAEZ09,1975,CO_AWB,0.0114597038288586
Australia_NZ,MiscCrop,MiscCropAEZ10,MiscCropAEZ10,1975,CO_AWB,0.00461784894932711
Australia_NZ,MiscCrop,MiscCropAEZ11,MiscCropAEZ11,1975,CO_AWB,0.0130445700654609
Australia_NZ,MiscCrop,MiscCropAEZ12,MiscCropAEZ12,1975,CO_AWB,0.0199268519498407
Australia_NZ,MiscCrop,MiscCropAEZ15,MiscCropAEZ15,1975,CO_AWB,0
Australia_NZ,MiscCrop,MiscCropAEZ16,MiscCropAEZ16,1975,CO_AWB,0.000286230584389668
Australia_NZ,MiscCrop,MiscCropAEZ17,MiscCropAEZ17,1975,CO_AWB,1.19080791181947e-05
Australia_NZ,OilCrop,OilCropAEZ01,OilCropAEZ01,1975,CO_AWB,2.46511830127952e-07
Australia_NZ,OilCrop,OilCropAEZ02,OilCropAEZ02,1975,CO_AWB,2.49061952508584e-06
Australia_NZ,OilCrop,OilCropAEZ03,OilCropAEZ03,1975,CO_AWB,3.29815827895328e-06
Australia_NZ,OilCrop,OilCropAEZ04,OilCropAEZ04,1975,CO_AWB,3.00361914399005e-05
Australia_NZ,OilCrop,OilCropAEZ05,OilCropAEZ05,1975,CO_AWB,0
Australia_NZ,OilCrop,OilCropAEZ06,OilCropAEZ06,1975,CO_AWB,1.14755507128529e-07
Australia_NZ,OilCrop,OilCropAEZ07,OilCropAEZ07,1975,CO_AWB,0.000814594092453848
Australia_NZ,OilCrop,OilCropAEZ08,OilCropAEZ08,1975,CO_AWB,0.000915498184851566
Australia_NZ,OilCrop,OilCropAEZ09,OilCropAEZ09,1975,CO_AWB,0.00183330848066157
Australia_NZ,OilCrop,OilCropAEZ10,OilCropAEZ10,1975,CO_AWB,0.000758363893960867
Australia_NZ,OilCrop,OilCropAEZ11,OilCropAEZ11,1975,CO_AWB,0.000361607353573897
Australia_NZ,OilCrop,OilCropAEZ12,OilCropAEZ12,1975,CO_AWB,0.000320796895075819
Australia_NZ,OilCrop,OilCropAEZ15,OilCropAEZ15,1975,CO_AWB,0
Australia_NZ,OilCrop,OilCropAEZ16,OilCropAEZ16,1975,CO_AWB,6.37530595158498e-08
Australia_NZ,OilCrop,OilCropAEZ17,OilCropAEZ17,1975,CO_AWB,0
Australia_NZ,OtherGrain,OtherGrainAEZ01,OtherGrainAEZ01,1975,CO_AWB,3.43468473050974e-05
Australia_NZ,OtherGrain,OtherGrainAEZ02,OtherGrainAEZ02,1975,CO_AWB,0.000226673532556819
Australia_NZ,OtherGrain,OtherGrainAEZ03,OtherGrainAEZ03,1975,CO_AWB,4.01148209026859e-05
Australia_NZ,OtherGrain,OtherGrainAEZ04,OtherGrainAEZ04,1975,CO_AWB,0.000367819239415454
Australia_NZ,OtherGrain,OtherGrainAEZ05,OtherGrainAEZ05,1975,CO_AWB,7.30783985214837e-07
Australia_NZ,OtherGrain,OtherGrainAEZ06,OtherGrainAEZ06,1975,CO_AWB,1.2136234040175e-05
Australia_NZ,OtherGrain,OtherGrainAEZ07,OtherGrainAEZ07,1975,CO_AWB,0.0168626838622642
Australia_NZ,OtherGrain,OtherGrainAEZ08,OtherGrainAEZ08,1975,CO_AWB,0.0279440442694957
Australia_NZ,OtherGrain,OtherGrainAEZ09,OtherGrainAEZ09,1975,CO_AWB,0.0332819384420712
Australia_NZ,OtherGrain,OtherGrainAEZ10,OtherGrainAEZ10,1975,CO_AWB,0.0102711689121945
Australia_NZ,OtherGrain,OtherGrainAEZ11,OtherGrainAEZ11,1975,CO_AWB,0.00593520568277655
Australia_NZ,OtherGrain,OtherGrainAEZ12,OtherGrainAEZ12,1975,CO_AWB,0.0109260427109452
Australia_NZ,OtherGrain,OtherGrainAEZ15,OtherGrainAEZ15,1975,CO_AWB,1.0178776936921e-06
Australia_NZ,OtherGrain,OtherGrainAEZ16,OtherGrainAEZ16,1975,CO_AWB,7.64191253110377e-05
Australia_NZ,OtherGrain,OtherGrainAEZ17,OtherGrainAEZ17,1975,CO_AWB,5.70272502748008e-06
Australia_NZ,PalmFruit,PalmFruitAEZ01,PalmFruitAEZ01,1975,CO_AWB,0
Australia_NZ,PalmFruit,PalmFruitAEZ02,PalmFruitAEZ02,1975,CO_AWB,0
Australia_NZ,PalmFruit,PalmFruitAEZ03,PalmFruitAEZ03,1975,CO_AWB,0
Australia_NZ,PalmFruit,PalmFruitAEZ04,PalmFruitAEZ04,1975,CO_AWB,0
Australia_NZ,PalmFruit,PalmFruitAEZ05,PalmFruitAEZ05,1975,CO_AWB,0
Australia_NZ,PalmFruit,PalmFruitAEZ06,PalmFruitAEZ06,1975,CO_AWB,0
Australia_NZ,PalmFruit,PalmFruitAEZ07,PalmFruitAEZ07,1975,CO_AWB,0
Australia_NZ,PalmFruit,PalmFruitAEZ08,PalmFruitAEZ08,1975,CO_AWB,0
Australia_NZ,PalmFruit,PalmFruitAEZ09,PalmFruitAEZ09,1975,CO_AWB,0
Australia_NZ,PalmFruit,PalmFruitAEZ10,PalmFruitAEZ10,1975,CO_AWB,0
Australia_NZ,PalmFruit,PalmFruitAEZ11,PalmFruitAEZ11,1975,CO_AWB,0
Australia_NZ,PalmFruit,PalmFruitAEZ12,PalmFruitAEZ12,1975,CO_AWB,0
Australia_NZ,PalmFruit,PalmFruitAEZ15,PalmFruitAEZ15,1975,CO_AWB,0
Australia_NZ,PalmFruit,PalmFruitAEZ16,PalmFruitAEZ16,1975,CO_AWB,0
Australia_NZ,PalmFruit,PalmFruitAEZ17,PalmFruitAEZ17,1975,CO_AWB,0
Australia_NZ,Rice,RiceAEZ01,RiceAEZ01,1975,CO_AWB,0
Australia_NZ,Rice,RiceAEZ02,RiceAEZ02,1975,CO_AWB,0
Australia_NZ,Rice,RiceAEZ03,RiceAEZ03,1975,CO_AWB,0
Australia_NZ,Rice,RiceAEZ04,RiceAEZ04,1975,CO_AWB,0
Australia_NZ,Rice,RiceAEZ05,RiceAEZ05,1975,CO_AWB,0
Australia_NZ,Rice,RiceAEZ06,RiceAEZ06,1975,CO_AWB,0
Australia_NZ,Rice,RiceAEZ07,RiceAEZ07,1975,CO_AWB,0.00290463557446717
Australia_NZ,Rice,RiceAEZ08,RiceAEZ08,1975,CO_AWB,0.00160896165690507
Australia_NZ,Rice,RiceAEZ09,RiceAEZ09,1975,CO_AWB,0.00303125324524603
Australia_NZ,Rice,RiceAEZ10,RiceAEZ10,1975,CO_AWB,0.00072384153302665
Australia_NZ,Rice,RiceAEZ11,RiceAEZ11,1975,CO_AWB,0.000264368378612765
Australia_NZ,Rice,RiceAEZ12,RiceAEZ12,1975,CO_AWB,0
Australia_NZ,Rice,RiceAEZ15,RiceAEZ15,1975,CO_AWB,0
Australia_NZ,Rice,RiceAEZ16,RiceAEZ16,1975,CO_AWB,0
Australia_NZ,Rice,RiceAEZ17,RiceAEZ17,1975,CO_AWB,0
Australia_NZ,Root_Tuber,Root_TuberAEZ01,Root_TuberAEZ01,1975,CO_AWB,0
Australia_NZ,Root_Tuber,Root_TuberAEZ02,Root_TuberAEZ02,1975,CO_AWB,0
Australia_NZ,Root_Tuber,Root_TuberAEZ03,Root_TuberAEZ03,1975,CO_AWB,0
Australia_NZ,Root_Tuber,Root_TuberAEZ04,Root_TuberAEZ04,1975,CO_AWB,0
Australia_NZ,Root_Tuber,Root_TuberAEZ05,Root_TuberAEZ05,1975,CO_AWB,0
Australia_NZ,Root_Tuber,Root_TuberAEZ06,Root_TuberAEZ06,1975,CO_AWB,0
Australia_NZ,Root_Tuber,Root_TuberAEZ07,Root_TuberAEZ07,1975,CO_AWB,0.000755901267225768
Australia_NZ,Root_Tuber,Root_TuberAEZ08,Root_TuberAEZ08,1975,CO_AWB,0.000292168275118731
Australia_NZ,Root_Tuber,Root_TuberAEZ09,Root_TuberAEZ09,1975,CO_AWB,0.000931532034122947
Australia_NZ,Root_Tuber,Root_TuberAEZ10,Root_TuberAEZ10,1975,CO_AWB,0.000231719666473477
Australia_NZ,Root_Tuber,Root_TuberAEZ11,Root_TuberAEZ11,1975,CO_AWB,0.00817759439839433
Australia_NZ,Root_Tuber,Root_TuberAEZ12,Root_TuberAEZ12,1975,CO_AWB,0.00941403499735045
Australia_NZ,Root_Tuber,Root_TuberAEZ15,Root_TuberAEZ15,1975,CO_AWB,0
Australia_NZ,Root_Tuber,Root_TuberAEZ16,Root_TuberAEZ16,1975,CO_AWB,0.000136190082781106
Australia_NZ,Root_Tuber,Root_TuberAEZ17,Root_TuberAEZ17,1975,CO_AWB,6.71350018287359e-05
Australia_NZ,SugarCrop,SugarCropAEZ01,SugarCropAEZ01,1975,CO_AWB,0.00237118487063948
Australia_NZ,SugarCrop,SugarCropAEZ02,SugarCropAEZ02,1975,CO_AWB,0.0503387154679697
Australia_NZ,SugarCrop,SugarCropAEZ03,SugarCropAEZ03,1975,CO_AWB,0.066740318425521
Australia_NZ,SugarCrop,SugarCropAEZ04,SugarCropAEZ04,1975,CO_AWB,0.0327896552017665
Australia_NZ,SugarCrop,SugarCropAEZ05,SugarCropAEZ05,1975,CO_AWB,0.0011971327040375
Australia_NZ,SugarCrop,SugarCropAEZ06,SugarCropAEZ06,1975,CO_AWB,0.00331432085097809
Australia_NZ,SugarCrop,SugarCropAEZ07,SugarCropAEZ07,1975,CO_AWB,0.0638725220734757
Australia_NZ,SugarCrop,SugarCropAEZ08,SugarCropAEZ08,1975,CO_AWB,0.0316795098456084
Australia_NZ,SugarCrop,SugarCropAEZ09,SugarCropAEZ09,1975,CO_AWB,0.0310968924932236
Australia_NZ,SugarCrop,SugarCropAEZ10,SugarCropAEZ10,1975,CO_AWB,0.0963741929562936
Australia_NZ,SugarCrop,SugarCropAEZ11,SugarCropAEZ11,1975,CO_AWB,0.0256720480400652
Australia_NZ,SugarCrop,SugarCropAEZ12,SugarCropAEZ12,1975,CO_AWB,0.0457062236487345
Australia_NZ,SugarCrop,SugarCropAEZ15,SugarCropAEZ15,1975,CO_AWB,0
Australia_NZ,SugarCrop,SugarCropAEZ16,SugarCropAEZ16,1975,CO_AWB,0
Australia_NZ,SugarCrop,SugarCropAEZ17,SugarCropAEZ17,1975,CO_AWB,0
Australia_NZ,Wheat,WheatAEZ01,WheatAEZ01,1975,CO_AWB,0.000157704671994918
Australia_NZ,Wheat,WheatAEZ02,WheatAEZ02,1975,CO_AWB,0.00167010815543252
Australia_NZ,Wheat,WheatAEZ03,WheatAEZ03,1975,CO_AWB,0
Australia_NZ,Wheat,WheatAEZ04,WheatAEZ04,1975,CO_AWB,0.000247156669562874
Australia_NZ,Wheat,WheatAEZ05,WheatAEZ05,1975,CO_AWB,0
Australia_NZ,Wheat,WheatAEZ06,WheatAEZ06,1975,CO_AWB,1.07629845530914e-05
Australia_NZ,Wheat,WheatAEZ07,WheatAEZ07,1975,CO_AWB,0.037475421962302
Australia_NZ,Wheat,WheatAEZ08,WheatAEZ08,1975,CO_AWB,0.0832390279870112
Australia_NZ,Wheat,WheatAEZ09,WheatAEZ09,1975,CO_AWB,0.0689508311806681
Australia_NZ,Wheat,WheatAEZ10,WheatAEZ10,1975,CO_AWB,0.020621110785705
Australia_NZ,Wheat,WheatAEZ11,WheatAEZ11,1975,CO_AWB,0.0100350376873618
Australia_NZ,Wheat,WheatAEZ12,WheatAEZ12,1975,CO_AWB,0.0187404139765129
Australia_NZ,Wheat,WheatAEZ15,WheatAEZ15,1975,CO_AWB,1.12692857991398e-06
Australia_NZ,Wheat,WheatAEZ16,WheatAEZ16,1975,CO_AWB,7.66638080306697e-05
Australia_NZ,Wheat,WheatAEZ17,WheatAEZ17,1975,CO_AWB,4.24639754750194e-07
Australia_NZ,Corn,CornAEZ01,CornAEZ01,1975,N2O_AWB,2.30261726128222e-08
Australia_NZ,Corn,CornAEZ02,CornAEZ02,1975,N2O_AWB,3.66836330575221e-09
Australia_NZ,Corn,CornAEZ03,CornAEZ03,1975,N2O_AWB,6.35400085337035e-08
Australia_NZ,Corn,CornAEZ04,CornAEZ04,1975,N2O_AWB,4.44609229091784e-08
Australia_NZ,Corn,CornAEZ05,CornAEZ05,1975,N2O_AWB,1.6723420952694e-09
Australia_NZ,Corn,CornAEZ06,CornAEZ06,1975,N2O_AWB,4.69334717059477e-09
Australia_NZ,Corn,CornAEZ07,CornAEZ07,1975,N2O_AWB,4.08761767081895e-07
Australia_NZ,Corn,CornAEZ08,CornAEZ08,1975,N2O_AWB,3.43189772991574e-07
Australia_NZ,Corn,CornAEZ09,CornAEZ09,1975,N2O_AWB,3.16926809226618e-07
Australia_NZ,Corn,CornAEZ10,CornAEZ10,1975,N2O_AWB,2.44395714159208e-07
Australia_NZ,Corn,CornAEZ11,CornAEZ11,1975,N2O_AWB,1.07293332932679e-06
Australia_NZ,Corn,CornAEZ12,CornAEZ12,1975,N2O_AWB,1.80133721376849e-06
Australia_NZ,Corn,CornAEZ15,CornAEZ15,1975,N2O_AWB,0
Australia_NZ,Corn,CornAEZ16,CornAEZ16,1975,N2O_AWB,2.90232273308043e-08
Australia_NZ,Corn,CornAEZ17,CornAEZ17,1975,N2O_AWB,0
Australia_NZ,FiberCrop,FiberCropAEZ01,FiberCropAEZ01,1975,N2O_AWB,2.73466324880087e-11
Australia_NZ,FiberCrop,FiberCropAEZ02,FiberCropAEZ02,1975,N2O_AWB,0
Australia_NZ,FiberCrop,FiberCropAEZ03,FiberCropAEZ03,1975,N2O_AWB,0
Australia_NZ,FiberCrop,FiberCropAEZ04,FiberCropAEZ04,1975,N2O_AWB,0
Australia_NZ,FiberCrop,FiberCropAEZ05,FiberCropAEZ05,1975,N2O_AWB,0
Australia_NZ,FiberCrop,FiberCropAEZ06,FiberCropAEZ06,1975,N2O_AWB,0
Australia_NZ,FiberCrop,FiberCropAEZ07,FiberCropAEZ07,1975,N2O_AWB,2.00075255717602e-07
Australia_NZ,FiberCrop,FiberCropAEZ08,FiberCropAEZ08,1975,N2O_AWB,2.36219299877003e-07
Australia_NZ,FiberCrop,FiberCropAEZ09,FiberCropAEZ09,1975,N2O_AWB,1.82690089890559e-07
Australia_NZ,FiberCrop,FiberCropAEZ10,FiberCropAEZ10,1975,N2O_AWB,1.16509416160745e-07
Australia_NZ,FiberCrop,FiberCropAEZ11,FiberCropAEZ11,1975,N2O_AWB,4.5785555220257e-08
Australia_NZ,FiberCrop,FiberCropAEZ12,FiberCropAEZ12,1975,N2O_AWB,2.55774876769178e-07
Australia_NZ,FiberCrop,FiberCropAEZ15,FiberCropAEZ15,1975,N2O_AWB,0
Australia_NZ,FiberCrop,FiberCropAEZ16,FiberCropAEZ16,1975,N2O_AWB,2.37004148229409e-11
Australia_NZ,FiberCrop,FiberCropAEZ17,FiberCropAEZ17,1975,N2O_AWB,0
Australia_NZ,FodderGrass,FodderGrassAEZ01,FodderGrassAEZ01,1975,N2O_AWB,3.60822014782737e-08
Australia_NZ,FodderGrass,FodderGrassAEZ02,FodderGrassAEZ02,1975,N2O_AWB,3.6760992603503e-07
Australia_NZ,FodderGrass,FodderGrassAEZ03,FodderGrassAEZ03,1975,N2O_AWB,2.23912828279336e-07
Australia_NZ,FodderGrass,FodderGrassAEZ04,FodderGrassAEZ04,1975,N2O_AWB,2.17226566613346e-07
Australia_NZ,FodderGrass,FodderGrassAEZ05,FodderGrassAEZ05,1975,N2O_AWB,4.94701323262899e-09
Australia_NZ,FodderGrass,FodderGrassAEZ06,FodderGrassAEZ06,1975,N2O_AWB,1.533167903965e-08
Australia_NZ,FodderGrass,FodderGrassAEZ07,FodderGrassAEZ07,1975,N2O_AWB,6.16927427122405e-06
Australia_NZ,FodderGrass,FodderGrassAEZ08,FodderGrassAEZ08,1975,N2O_AWB,1.27460265167584e-05
Australia_NZ,FodderGrass,FodderGrassAEZ09,FodderGrassAEZ09,1975,N2O_AWB,1.13951879559798e-05
Australia_NZ,FodderGrass,FodderGrassAEZ10,FodderGrassAEZ10,1975,N2O_AWB,3.65890567304186e-06
Australia_NZ,FodderGrass,FodderGrassAEZ11,FodderGrassAEZ11,1975,N2O_AWB,1.82497445189286e-06
Australia_NZ,FodderGrass,FodderGrassAEZ12,FodderGrassAEZ12,1975,N2O_AWB,2.28042682888845e-06
Australia_NZ,FodderGrass,FodderGrassAEZ15,FodderGrassAEZ15,1975,N2O_AWB,3.80185460583065e-12
Australia_NZ,FodderGrass,FodderGrassAEZ16,FodderGrassAEZ16,1975,N2O_AWB,2.50922403984822e-10
Australia_NZ,FodderGrass,FodderGrassAEZ17,FodderGrassAEZ17,1975,N2O_AWB,5.64035145416602e-09
Australia_NZ,FodderHerb,FodderHerbAEZ01,FodderHerbAEZ01,1975,N2O_AWB,0
Australia_NZ,FodderHerb,FodderHerbAEZ02,FodderHerbAEZ02,1975,N2O_AWB,3.37001336086301e-09
Australia_NZ,FodderHerb,FodderHerbAEZ03,FodderHerbAEZ03,1975,N2O_AWB,0
Australia_NZ,FodderHerb,FodderHerbAEZ04,FodderHerbAEZ04,1975,N2O_AWB,9.15078534316736e-10
Australia_NZ,FodderHerb,FodderHerbAEZ05,FodderHerbAEZ05,1975,N2O_AWB,0
Australia_NZ,FodderHerb,FodderHerbAEZ06,FodderHerbAEZ06,1975,N2O_AWB,3.4163983762232e-08
Australia_NZ,FodderHerb,FodderHerbAEZ07,FodderHerbAEZ07,1975,N2O_AWB,1.55679471144406e-06
Australia_NZ,FodderHerb,FodderHerbAEZ08,FodderHerbAEZ08,1975,N2O_AWB,1.55218145345382e-06
Australia_NZ,FodderHerb,FodderHerbAEZ09,FodderHerbAEZ09,1975,N2O_AWB,2.14052015304149e-06
Australia_NZ,FodderHerb,FodderHerbAEZ10,FodderHerbAEZ10,1975,N2O_AWB,1.0766719371474e-06
Australia_NZ,FodderHerb,FodderHerbAEZ11,FodderHerbAEZ11,1975,N2O_AWB,8.477369583434e-06
Australia_NZ,FodderHerb,FodderHerbAEZ12,FodderHerbAEZ12,1975,N2O_AWB,1.38690785719358e-05
Australia_NZ,FodderHerb,FodderHerbAEZ15,FodderHerbAEZ15,1975,N2O_AWB,1.82069073896813e-09
Australia_NZ,FodderHerb,FodderHerbAEZ16,FodderHerbAEZ16,1975,N2O_AWB,2.61314874968642e-07
Australia_NZ,FodderHerb,FodderHerbAEZ17,FodderHerbAEZ17,1975,N2O_AWB,6.27933201134588e-10
Australia_NZ,MiscCrop,MiscCropAEZ01,MiscCropAEZ01,1975,N2O_AWB,5.1378607112708e-08
Australia_NZ,MiscCrop,MiscCropAEZ02,MiscCropAEZ02,1975,N2O_AWB,3.86169587741868e-07
Australia_NZ,MiscCrop,MiscCropAEZ03,MiscCropAEZ03,1975,N2O_AWB,4.04513869940004e-07
Australia_NZ,MiscCrop,MiscCropAEZ04,MiscCropAEZ04,1975,N2O_AWB,3.5430461946144e-07
Australia_NZ,MiscCrop,MiscCropAEZ05,MiscCropAEZ05,1975,N2O_AWB,9.12515802001764e-09
Australia_NZ,MiscCrop,MiscCropAEZ06,MiscCropAEZ06,1975,N2O_AWB,2.78244234820904e-08
Australia_NZ,MiscCrop,MiscCropAEZ07,MiscCropAEZ07,1975,N2O_AWB,4.41008237609536e-06
Australia_NZ,MiscCrop,MiscCropAEZ08,MiscCropAEZ08,1975,N2O_AWB,1.00021337328888e-05
Australia_NZ,MiscCrop,MiscCropAEZ09,MiscCropAEZ09,1975,N2O_AWB,7.12372061520611e-06
Australia_NZ,MiscCrop,MiscCropAEZ10,MiscCropAEZ10,1975,N2O_AWB,2.87060348587613e-06
Australia_NZ,MiscCrop,MiscCropAEZ11,MiscCropAEZ11,1975,N2O_AWB,8.10892446084098e-06
Australia_NZ,MiscCrop,MiscCropAEZ12,MiscCropAEZ12,1975,N2O_AWB,1.23871723171208e-05
Australia_NZ,MiscCrop,MiscCropAEZ15,MiscCropAEZ15,1975,N2O_AWB,0
Australia_NZ,MiscCrop,MiscCropAEZ16,MiscCropAEZ16,1975,N2O_AWB,1.77930140706111e-07
Australia_NZ,MiscCrop,MiscCropAEZ17,MiscCropAEZ17,1975,N2O_AWB,7.40244512150175e-09
Australia_NZ,OilCrop,OilCropAEZ01,OilCropAEZ01,1975,N2O_AWB,1.53239685108825e-10
Australia_NZ,OilCrop,OilCropAEZ02,OilCropAEZ02,1975,N2O_AWB,1.54824923230639e-09
Australia_NZ,OilCrop,OilCropAEZ03,OilCropAEZ03,1975,N2O_AWB,2.05024130421461e-09
Australia_NZ,OilCrop,OilCropAEZ04,OilCropAEZ04,1975,N2O_AWB,1.86714630114493e-08
Australia_NZ,OilCrop,OilCropAEZ05,OilCropAEZ05,1975,N2O_AWB,0
Australia_NZ,OilCrop,OilCropAEZ06,OilCropAEZ06,1975,N2O_AWB,7.1335715481694e-11
Australia_NZ,OilCrop,OilCropAEZ07,OilCropAEZ07,1975,N2O_AWB,5.06377897378573e-07
Australia_NZ,OilCrop,OilCropAEZ08,OilCropAEZ08,1975,N2O_AWB,5.69103127795272e-07
Australia_NZ,OilCrop,OilCropAEZ09,OilCropAEZ09,1975,N2O_AWB,1.13964353815432e-06
Australia_NZ,OilCrop,OilCropAEZ10,OilCropAEZ10,1975,N2O_AWB,4.71423396792542e-07
Australia_NZ,OilCrop,OilCropAEZ11,OilCropAEZ11,1975,N2O_AWB,2.24786765673426e-07
Australia_NZ,OilCrop,OilCropAEZ12,OilCropAEZ12,1975,N2O_AWB,1.99417671597307e-07
Australia_NZ,OilCrop,OilCropAEZ15,OilCropAEZ15,1975,N2O_AWB,0
Australia_NZ,OilCrop,OilCropAEZ16,OilCropAEZ16,1975,N2O_AWB,3.96309530453857e-11
Australia_NZ,OilCrop,OilCropAEZ17,OilCropAEZ17,1975,N2O_AWB,0
Australia_NZ,OtherGrain,OtherGrainAEZ01,OtherGrainAEZ01,1975,N2O_AWB,2.13511053923136e-08
Australia_NZ,OtherGrain,OtherGrainAEZ02,OtherGrainAEZ02,1975,N2O_AWB,1.4090756104274e-07
Australia_NZ,OtherGrain,OtherGrainAEZ03,OtherGrainAEZ03,1975,N2O_AWB,2.4936663364731e-08
Australia_NZ,OtherGrain,OtherGrainAEZ04,OtherGrainAEZ04,1975,N2O_AWB,2.2864827377954e-07
Australia_NZ,OtherGrain,OtherGrainAEZ05,OtherGrainAEZ05,1975,N2O_AWB,4.54278838134331e-10
Australia_NZ,OtherGrain,OtherGrainAEZ06,OtherGrainAEZ06,1975,N2O_AWB,7.54427356187373e-09
Australia_NZ,OtherGrain,OtherGrainAEZ07,OtherGrainAEZ07,1975,N2O_AWB,1.04823868444844e-05
Australia_NZ,OtherGrain,OtherGrainAEZ08,OtherGrainAEZ08,1975,N2O_AWB,1.73709170156334e-05
Australia_NZ,OtherGrain,OtherGrainAEZ09,OtherGrainAEZ09,1975,N2O_AWB,2.06891237796866e-05
Australia_NZ,OtherGrain,OtherGrainAEZ10,OtherGrainAEZ10,1975,N2O_AWB,6.38488906997801e-06
Australia_NZ,OtherGrain,OtherGrainAEZ11,OtherGrainAEZ11,1975,N2O_AWB,3.68951481725118e-06
Australia_NZ,OtherGrain,OtherGrainAEZ12,OtherGrainAEZ12,1975,N2O_AWB,6.79197969380116e-06
Australia_NZ,OtherGrain,OtherGrainAEZ15,OtherGrainAEZ15,1975,N2O_AWB,6.32745524544249e-10
Australia_NZ,OtherGrain,OtherGrainAEZ16,OtherGrainAEZ16,1975,N2O_AWB,4.7504587073476e-08
Australia_NZ,OtherGrain,OtherGrainAEZ17,OtherGrainAEZ17,1975,N2O_AWB,3.54499736186969e-09
Australia_NZ,PalmFruit,PalmFruitAEZ01,PalmFruitAEZ01,1975,N2O_AWB,0
Australia_NZ,PalmFruit,PalmFruitAEZ02,PalmFruitAEZ02,1975,N2O_AWB,0
Australia_NZ,PalmFruit,PalmFruitAEZ03,PalmFruitAEZ03,1975,N2O_AWB,0
Australia_NZ,PalmFruit,PalmFruitAEZ04,PalmFruitAEZ04,1975,N2O_AWB,0
Australia_NZ,PalmFruit,PalmFruitAEZ05,PalmFruitAEZ05,1975,N2O_AWB,0
Australia_NZ,PalmFruit,PalmFruitAEZ06,PalmFruitAEZ06,1975,N2O_AWB,0
Australia_NZ,PalmFruit,PalmFruitAEZ07,PalmFruitAEZ07,1975,N2O_AWB,0
Australia_NZ,PalmFruit,PalmFruitAEZ08,PalmFruitAEZ08,1975,N2O_AWB,0
Australia_NZ,PalmFruit,PalmFruitAEZ09,PalmFruitAEZ09,1975,N2O_AWB,0
Australia_NZ,PalmFruit,PalmFruitAEZ10,PalmFruitAEZ10,1975,N2O_AWB,0
Australia_NZ,PalmFruit,PalmFruitAEZ11,PalmFruitAEZ11,1975,N2O_AWB,0
Australia_NZ,PalmFruit,PalmFruitAEZ12,PalmFruitAEZ12,1975,N2O_AWB,0
Australia_NZ,PalmFruit,PalmFruitAEZ15,PalmFruitAEZ15,1975,N2O_AWB,0
Australia_NZ,PalmFruit,PalmFruitAEZ16,PalmFruitAEZ16,1975,N2O_AWB,0
Australia_NZ,PalmFruit,PalmFruitAEZ17,PalmFruitAEZ17,1975,N2O_AWB,0
Australia_NZ,Rice,RiceAEZ01,RiceAEZ01,1975,N2O_AWB,0
Australia_NZ,Rice,RiceAEZ02,RiceAEZ02,1975,N2O_AWB,0
Australia_NZ,Rice,RiceAEZ03,RiceAEZ03,1975,N2O_AWB,0
Australia_NZ,Rice,RiceAEZ04,RiceAEZ04,1975,N2O_AWB,0
Australia_NZ,Rice,RiceAEZ05,RiceAEZ05,1975,N2O_AWB,0
Australia_NZ,Rice,RiceAEZ06,RiceAEZ06,1975,N2O_AWB,0
Australia_NZ,Rice,RiceAEZ07,RiceAEZ07,1975,N2O_AWB,1.80561492953992e-06
Australia_NZ,Rice,RiceAEZ08,RiceAEZ08,1975,N2O_AWB,1.00018233416356e-06
Australia_NZ,Rice,RiceAEZ09,RiceAEZ09,1975,N2O_AWB,1.88432454761096e-06
Australia_NZ,Rice,RiceAEZ10,RiceAEZ10,1975,N2O_AWB,4.49963186481229e-07
Australia_NZ,Rice,RiceAEZ11,RiceAEZ11,1975,N2O_AWB,1.64339890180212e-07
Australia_NZ,Rice,RiceAEZ12,RiceAEZ12,1975,N2O_AWB,0
Australia_NZ,Rice,RiceAEZ15,RiceAEZ15,1975,N2O_AWB,0
Australia_NZ,Rice,RiceAEZ16,RiceAEZ16,1975,N2O_AWB,0
Australia_NZ,Rice,RiceAEZ17,RiceAEZ17,1975,N2O_AWB,0
Australia_NZ,Root_Tuber,Root_TuberAEZ01,Root_TuberAEZ01,1975,N2O_AWB,0
Australia_NZ,Root_Tuber,Root_TuberAEZ02,Root_TuberAEZ02,1975,N2O_AWB,0
Australia_NZ,Root_Tuber,Root_TuberAEZ03,Root_TuberAEZ03,1975,N2O_AWB,0
Australia_NZ,Root_Tuber,Root_TuberAEZ04,Root_TuberAEZ04,1975,N2O_AWB,0
Australia_NZ,Root_Tuber,Root_TuberAEZ05,Root_TuberAEZ05,1975,N2O_AWB,0
Australia_NZ,Root_Tuber,Root_TuberAEZ06,Root_TuberAEZ06,1975,N2O_AWB,0
Australia_NZ,Root_Tuber,Root_TuberAEZ07,Root_TuberAEZ07,1975,N2O_AWB,4.69892548779157e-07
Australia_NZ,Root_Tuber,Root_TuberAEZ08,Root_TuberAEZ08,1975,N2O_AWB,1.81621200308091e-07
Australia_NZ,Root_Tuber,Root_TuberAEZ09,Root_TuberAEZ09,1975,N2O_AWB,5.79070284390367e-07
Australia_NZ,Root_Tuber,Root_TuberAEZ10,Root_TuberAEZ10,1975,N2O_AWB,1.44044400244348e-07
Australia_NZ,Root_Tuber,Root_TuberAEZ11,Root_TuberAEZ11,1975,N2O_AWB,5.08345579158289e-06
Australia_NZ,Root_Tuber,Root_TuberAEZ12,Root_TuberAEZ12,1975,N2O_AWB,5.85206705028579e-06
Australia_NZ,Root_Tuber,Root_TuberAEZ15,Root_TuberAEZ15,1975,N2O_AWB,0
Australia_NZ,Root_Tuber,Root_TuberAEZ16,Root_TuberAEZ16,1975,N2O_AWB,8.46601373633427e-08
Australia_NZ,Root_Tuber,Root_TuberAEZ17,Root_TuberAEZ17,1975,N2O_AWB,4.17332772008385e-08
Australia_NZ,SugarCrop,SugarCropAEZ01,SugarCropAEZ01,1975,N2O_AWB,1.47400480830068e-06
Australia_NZ,SugarCrop,SugarCropAEZ02,SugarCropAEZ02,1975,N2O_AWB,3.12921651796204e-05
Australia_NZ,SugarCrop,SugarCropAEZ03,SugarCropAEZ03,1975,N2O_AWB,4.14879292984887e-05
Australia_NZ,SugarCrop,SugarCropAEZ04,SugarCropAEZ04,1975,N2O_AWB,2.03831046783336e-05
Australia_NZ,SugarCrop,SugarCropAEZ05,SugarCropAEZ05,1975,N2O_AWB,7.44176206492661e-07
Australia_NZ,SugarCrop,SugarCropAEZ06,SugarCropAEZ06,1975,N2O_AWB,2.06028847901488e-06
Australia_NZ,SugarCrop,SugarCropAEZ07,SugarCropAEZ07,1975,N2O_AWB,3.97052148149056e-05
Australia_NZ,SugarCrop,SugarCropAEZ08,SugarCropAEZ08,1975,N2O_AWB,1.96930026060947e-05
Australia_NZ,SugarCrop,SugarCropAEZ09,SugarCropAEZ09,1975,N2O_AWB,1.93308289141788e-05
Australia_NZ,SugarCrop,SugarCropAEZ10,SugarCropAEZ10,1975,N2O_AWB,5.99092991747049e-05
Australia_NZ,SugarCrop,SugarCropAEZ11,SugarCropAEZ11,1975,N2O_AWB,1.5958571058096e-05
Australia_NZ,SugarCrop,SugarCropAEZ12,SugarCropAEZ12,1975,N2O_AWB,2.8412459214676e-05
Australia_NZ,SugarCrop,SugarCropAEZ15,SugarCropAEZ15,1975,N2O_AWB,0
Australia_NZ,SugarCrop,SugarCropAEZ16,SugarCropAEZ16,1975,N2O_AWB,0
Australia_NZ,SugarCrop,SugarCropAEZ17,SugarCropAEZ17,1975,N2O_AWB,0
Australia_NZ,Wheat,WheatAEZ01,WheatAEZ01,1975,N2O_AWB,9.80342982490862e-08
Australia_NZ,Wheat,WheatAEZ02,WheatAEZ02,1975,N2O_AWB,1.03819296503263e-06
Australia_NZ,Wheat,WheatAEZ03,WheatAEZ03,1975,N2O_AWB,0
Australia_NZ,Wheat,WheatAEZ04,WheatAEZ04,1975,N2O_AWB,1.53640538049237e-07
Australia_NZ,Wheat,WheatAEZ05,WheatAEZ05,1975,N2O_AWB,0
Australia_NZ,Wheat,WheatAEZ06,WheatAEZ06,1975,N2O_AWB,6.69061749649416e-09
Australia_NZ,Wheat,WheatAEZ07,WheatAEZ07,1975,N2O_AWB,2.32959280609078e-05
Australia_NZ,Wheat,WheatAEZ08,WheatAEZ08,1975,N2O_AWB,5.17440580067637e-05
Australia_NZ,Wheat,WheatAEZ09,WheatAEZ09,1975,N2O_AWB,4.28620551501849e-05
Australia_NZ,Wheat,WheatAEZ10,WheatAEZ10,1975,N2O_AWB,1.28187459472247e-05
Australia_NZ,Wheat,WheatAEZ11,WheatAEZ11,1975,N2O_AWB,6.23810230311598e-06
Australia_NZ,Wheat,WheatAEZ12,WheatAEZ12,1975,N2O_AWB,1.16496442993395e-05
Australia_NZ,Wheat,WheatAEZ15,WheatAEZ15,1975,N2O_AWB,7.0053506412458e-10
Australia_NZ,Wheat,WheatAEZ16,WheatAEZ16,1975,N2O_AWB,4.7656689724649e-08
Australia_NZ,Wheat,WheatAEZ17,WheatAEZ17,1975,N2O_AWB,2.63969734307813e-10
Australia_NZ,Corn,CornAEZ01,CornAEZ01,1975,NH3_AWB,4.27763225517723e-07
Australia_NZ,Corn,CornAEZ02,CornAEZ02,1975,NH3_AWB,6.81481436982548e-08
Australia_NZ,Corn,CornAEZ03,CornAEZ03,1975,NH3_AWB,1.18039934194992e-06
Australia_NZ,Corn,CornAEZ04,CornAEZ04,1975,NH3_AWB,8.25962182813412e-07
Australia_NZ,Corn,CornAEZ05,CornAEZ05,1975,NH3_AWB,3.10675360977339e-08
Australia_NZ,Corn,CornAEZ06,CornAEZ06,1975,NH3_AWB,8.71895367904147e-08
Australia_NZ,Corn,CornAEZ07,CornAEZ07,1975,NH3_AWB,7.59367415920041e-06
Australia_NZ,Corn,CornAEZ08,CornAEZ08,1975,NH3_AWB,6.37552609059409e-06
Australia_NZ,Corn,CornAEZ09,CornAEZ09,1975,NH3_AWB,5.8876321500485e-06
Australia_NZ,Corn,CornAEZ10,CornAEZ10,1975,NH3_AWB,4.54020304413228e-06
Australia_NZ,Corn,CornAEZ11,CornAEZ11,1975,NH3_AWB,1.99321628233918e-05
Australia_NZ,Corn,CornAEZ12,CornAEZ12,1975,NH3_AWB,3.34639121213586e-05
Australia_NZ,Corn,CornAEZ15,CornAEZ15,1975,NH3_AWB,0
Australia_NZ,Corn,CornAEZ16,CornAEZ16,1975,NH3_AWB,5.39172078083253e-07
Australia_NZ,Corn,CornAEZ17,CornAEZ17,1975,NH3_AWB,0
Australia_NZ,FiberCrop,FiberCropAEZ01,FiberCropAEZ01,1975,NH3_AWB,5.08025537583453e-10
Australia_NZ,FiberCrop,FiberCropAEZ02,FiberCropAEZ02,1975,NH3_AWB,0
Australia_NZ,FiberCrop,FiberCropAEZ03,FiberCropAEZ03,1975,NH3_AWB,0
Australia_NZ,FiberCrop,FiberCropAEZ04,FiberCropAEZ04,1975,NH3_AWB,0
Australia_NZ,FiberCrop,FiberCropAEZ05,FiberCropAEZ05,1975,NH3_AWB,0
Australia_NZ,FiberCrop,FiberCropAEZ06,FiberCropAEZ06,1975,NH3_AWB,0
Australia_NZ,FiberCrop,FiberCropAEZ07,FiberCropAEZ07,1975,NH3_AWB,3.71685030643723e-06
Australia_NZ,FiberCrop,FiberCropAEZ08,FiberCropAEZ08,1975,NH3_AWB,4.38830765946129e-06
Australia_NZ,FiberCrop,FiberCropAEZ09,FiberCropAEZ09,1975,NH3_AWB,3.39388153801085e-06
Australia_NZ,FiberCrop,FiberCropAEZ10,FiberCropAEZ10,1975,NH3_AWB,2.16442586868973e-06
Australia_NZ,FiberCrop,FiberCropAEZ11,FiberCropAEZ11,1975,NH3_AWB,8.50570223391396e-07
Australia_NZ,FiberCrop,FiberCropAEZ12,FiberCropAEZ12,1975,NH3_AWB,4.75159672138721e-06
Australia_NZ,FiberCrop,FiberCropAEZ15,FiberCropAEZ15,1975,NH3_AWB,0
Australia_NZ,FiberCrop,FiberCropAEZ16,FiberCropAEZ16,1975,NH3_AWB,4.40288799238994e-10
Australia_NZ,FiberCrop,FiberCropAEZ17,FiberCropAEZ17,1975,NH3_AWB,0
Australia_NZ,FodderGrass,FodderGrassAEZ01,FodderGrassAEZ01,1975,NH3_AWB,6.7030848537685e-07
Australia_NZ,FodderGrass,FodderGrassAEZ02,FodderGrassAEZ02,1975,NH3_AWB,6.8291856548279e-06
Australia_NZ,FodderGrass,FodderGrassAEZ03,FodderGrassAEZ03,1975,NH3_AWB,4.15968712083e-06
Australia_NZ,FodderGrass,FodderGrassAEZ04,FodderGrassAEZ04,1975,NH3_AWB,4.03547469069705e-06
Australia_NZ,FodderGrass,FodderGrassAEZ05,FodderGrassAEZ05,1975,NH3_AWB,9.19019575094235e-08
Australia_NZ,FodderGrass,FodderGrassAEZ06,FodderGrassAEZ06,1975,NH3_AWB,2.84820607787469e-07
Australia_NZ,FodderGrass,FodderGrassAEZ07,FodderGrassAEZ07,1975,NH3_AWB,0.000114608220208198
Australia_NZ,FodderGrass,FodderGrassAEZ08,FodderGrassAEZ08,1975,NH3_AWB,0.000236786265221814
Australia_NZ,FodderGrass,FodderGrassAEZ09,FodderGrassAEZ09,1975,NH3_AWB,0.00021169138429529
Australia_NZ,FodderGrass,FodderGrassAEZ10,FodderGrassAEZ10,1975,NH3_AWB,6.79724467840534e-05
Australia_NZ,FodderGrass,FodderGrassAEZ11,FodderGrassAEZ11,1975,NH3_AWB,3.390302727056e-05
Australia_NZ,FodderGrass,FodderGrassAEZ12,FodderGrassAEZ12,1975,NH3_AWB,4.23640850906884e-05
Australia_NZ,FodderGrass,FodderGrassAEZ15,FodderGrassAEZ15,1975,NH3_AWB,7.06280464619607e-11
Australia_NZ,FodderGrass,FodderGrassAEZ16,FodderGrassAEZ16,1975,NH3_AWB,4.6614510664894e-09
Australia_NZ,FodderGrass,FodderGrassAEZ17,FodderGrassAEZ17,1975,NH3_AWB,1.04782282824724e-07
Australia_NZ,FodderHerb,FodderHerbAEZ01,FodderHerbAEZ01,1975,NH3_AWB,0
Australia_NZ,FodderHerb,FodderHerbAEZ02,FodderHerbAEZ02,1975,NH3_AWB,6.26056188112585e-08
Australia_NZ,FodderHerb,FodderHerbAEZ03,FodderHerbAEZ03,1975,NH3_AWB,0
Australia_NZ,FodderHerb,FodderHerbAEZ04,FodderHerbAEZ04,1975,NH3_AWB,1.69996530480009e-08
Australia_NZ,FodderHerb,FodderHerbAEZ05,FodderHerbAEZ05,1975,NH3_AWB,0
Australia_NZ,FodderHerb,FodderHerbAEZ06,FodderHerbAEZ06,1975,NH3_AWB,6.34673253623123e-07
Australia_NZ,FodderHerb,FodderHerbAEZ07,FodderHerbAEZ07,1975,NH3_AWB,2.89209821551245e-05
Australia_NZ,FodderHerb,FodderHerbAEZ08,FodderHerbAEZ08,1975,NH3_AWB,2.88352804559654e-05
Australia_NZ,FodderHerb,FodderHerbAEZ09,FodderHerbAEZ09,1975,NH3_AWB,3.9765002214951e-05
Australia_NZ,FodderHerb,FodderHerbAEZ10,FodderHerbAEZ10,1975,NH3_AWB,2.0001615917798e-05
Australia_NZ,FodderHerb,FodderHerbAEZ11,FodderHerbAEZ11,1975,NH3_AWB,0.000157486309943505
Australia_NZ,FodderHerb,FodderHerbAEZ12,FodderHerbAEZ12,1975,NH3_AWB,0.000257649496711685
Australia_NZ,FodderHerb,FodderHerbAEZ15,FodderHerbAEZ15,1975,NH3_AWB,3.3823447616195e-08
Australia_NZ,FodderHerb,FodderHerbAEZ16,FodderHerbAEZ16,1975,NH3_AWB,4.85451471557637e-06
Australia_NZ,FodderHerb,FodderHerbAEZ17,FodderHerbAEZ17,1975,NH3_AWB,1.16652791605248e-08
Australia_NZ,MiscCrop,MiscCropAEZ01,MiscCropAEZ01,1975,NH3_AWB,9.54473809898455e-07
Australia_NZ,MiscCrop,MiscCropAEZ02,MiscCropAEZ02,1975,NH3_AWB,7.17397334011668e-06
Australia_NZ,MiscCrop,MiscCropAEZ03,MiscCropAEZ03,1975,NH3_AWB,7.51475986399222e-06
Australia_NZ,MiscCrop,MiscCropAEZ04,MiscCropAEZ04,1975,NH3_AWB,6.58200949784679e-06
Australia_NZ,MiscCrop,MiscCropAEZ05,MiscCropAEZ05,1975,NH3_AWB,1.6952044500127e-07
Australia_NZ,MiscCrop,MiscCropAEZ06,MiscCropAEZ06,1975,NH3_AWB,5.16901585730417e-07
Australia_NZ,MiscCrop,MiscCropAEZ07,MiscCropAEZ07,1975,NH3_AWB,8.19272526840579e-05
Australia_NZ,MiscCrop,MiscCropAEZ08,MiscCropAEZ08,1975,NH3_AWB,0.000185812251978761
Australia_NZ,MiscCrop,MiscCropAEZ09,MiscCropAEZ09,1975,NH3_AWB,0.000132339219343417
Australia_NZ,MiscCrop,MiscCropAEZ10,MiscCropAEZ10,1975,NH3_AWB,5.33279510645643e-05
Australia_NZ,MiscCrop,MiscCropAEZ11,MiscCropAEZ11,1975,NH3_AWB,0.000150641608623977
Australia_NZ,MiscCrop,MiscCropAEZ12,MiscCropAEZ12,1975,NH3_AWB,0.0002301197369842
Australia_NZ,MiscCrop,MiscCropAEZ15,MiscCropAEZ15,1975,NH3_AWB,0
Australia_NZ,MiscCrop,MiscCropAEZ16,MiscCropAEZ16,1975,NH3_AWB,3.30545471820555e-06
Australia_NZ,MiscCrop,MiscCropAEZ17,MiscCropAEZ17,1975,NH3_AWB,1.37517157329406e-07
Australia_NZ,OilCrop,OilCropAEZ01,OilCropAEZ01,1975,NH3_AWB,2.84677367279742e-09
Australia_NZ,OilCrop,OilCropAEZ02,OilCropAEZ02,1975,NH3_AWB,2.87622305561944e-08
Australia_NZ,OilCrop,OilCropAEZ03,OilCropAEZ03,1975,NH3_AWB,3.80878684498411e-08
Australia_NZ,OilCrop,OilCropAEZ04,OilCropAEZ04,1975,NH3_AWB,3.46864647338952e-07
Australia_NZ,OilCrop,OilCropAEZ05,OilCropAEZ05,1975,NH3_AWB,0
Australia_NZ,OilCrop,OilCropAEZ06,OilCropAEZ06,1975,NH3_AWB,1.3252222269919e-09
Australia_NZ,OilCrop,OilCropAEZ07,OilCropAEZ07,1975,NH3_AWB,9.40711451945433e-06
Australia_NZ,OilCrop,OilCropAEZ08,OilCropAEZ08,1975,NH3_AWB,1.05723775154178e-05
Australia_NZ,OilCrop,OilCropAEZ09,OilCropAEZ09,1975,NH3_AWB,2.11714558045943e-05
Australia_NZ,OilCrop,OilCropAEZ10,OilCropAEZ10,1975,NH3_AWB,8.75775562822828e-06
Australia_NZ,OilCrop,OilCropAEZ11,OilCropAEZ11,1975,NH3_AWB,4.17592248416557e-06
Australia_NZ,OilCrop,OilCropAEZ12,OilCropAEZ12,1975,NH3_AWB,3.70463419440349e-06
Australia_NZ,OilCrop,OilCropAEZ15,OilCropAEZ15,1975,NH3_AWB,0
Australia_NZ,OilCrop,OilCropAEZ16,OilCropAEZ16,1975,NH3_AWB,7.36234570551057e-10
Australia_NZ,OilCrop,OilCropAEZ17,OilCropAEZ17,1975,NH3_AWB,0
Australia_NZ,OtherGrain,OtherGrainAEZ01,OtherGrainAEZ01,1975,NH3_AWB,3.96645064056328e-07
Australia_NZ,OtherGrain,OtherGrainAEZ02,OtherGrainAEZ02,1975,NH3_AWB,2.61767658155717e-06
Australia_NZ,OtherGrain,OtherGrainAEZ03,OtherGrainAEZ03,1975,NH3_AWB,4.63254911439647e-07
Australia_NZ,OtherGrain,OtherGrainAEZ04,OtherGrainAEZ04,1975,NH3_AWB,4.24765872929014e-06
Australia_NZ,OtherGrain,OtherGrainAEZ05,OtherGrainAEZ05,1975,NH3_AWB,8.43925668204952e-09
Australia_NZ,OtherGrain,OtherGrainAEZ06,OtherGrainAEZ06,1975,NH3_AWB,1.40151941326894e-07
Australia_NZ,OtherGrain,OtherGrainAEZ07,OtherGrainAEZ07,1975,NH3_AWB,0.000194734039526147
Australia_NZ,OtherGrain,OtherGrainAEZ08,OtherGrainAEZ08,1975,NH3_AWB,0.000322704064533516
Australia_NZ,OtherGrain,OtherGrainAEZ09,OtherGrainAEZ09,1975,NH3_AWB,0.000384347258658436
Australia_NZ,OtherGrain,OtherGrainAEZ10,OtherGrainAEZ10,1975,NH3_AWB,0.000118613752666206
Australia_NZ,OtherGrain,OtherGrainAEZ11,OtherGrainAEZ11,1975,NH3_AWB,6.85410808543993e-05
Australia_NZ,OtherGrain,OtherGrainAEZ12,OtherGrainAEZ12,1975,NH3_AWB,0.000126176381560408
Australia_NZ,OtherGrain,OtherGrainAEZ15,OtherGrainAEZ15,1975,NH3_AWB,1.17546789499976e-08
Australia_NZ,OtherGrain,OtherGrainAEZ16,OtherGrainAEZ16,1975,NH3_AWB,8.82505127322897e-07
Australia_NZ,OtherGrain,OtherGrainAEZ17,OtherGrainAEZ17,1975,NH3_AWB,6.58563423224222e-08
Australia_NZ,PalmFruit,PalmFruitAEZ01,PalmFruitAEZ01,1975,NH3_AWB,0
Australia_NZ,PalmFruit,PalmFruitAEZ02,PalmFruitAEZ02,1975,NH3_AWB,0
Australia_NZ,PalmFruit,PalmFruitAEZ03,PalmFruitAEZ03,1975,NH3_AWB,0
Australia_NZ,PalmFruit,PalmFruitAEZ04,PalmFruitAEZ04,1975,NH3_AWB,0
Australia_NZ,PalmFruit,PalmFruitAEZ05,PalmFruitAEZ05,1975,NH3_AWB,0
Australia_NZ,PalmFruit,PalmFruitAEZ06,PalmFruitAEZ06,1975,NH3_AWB,0
Australia_NZ,PalmFruit,PalmFruitAEZ07,PalmFruitAEZ07,1975,NH3_AWB,0
Australia_NZ,PalmFruit,PalmFruitAEZ08,PalmFruitAEZ08,1975,NH3_AWB,0
Australia_NZ,PalmFruit,PalmFruitAEZ09,PalmFruitAEZ09,1975,NH3_AWB,0
Australia_NZ,PalmFruit,PalmFruitAEZ10,PalmFruitAEZ10,1975,NH3_AWB,0
Australia_NZ,PalmFruit,PalmFruitAEZ11,PalmFruitAEZ11,1975,NH3_AWB,0
Australia_NZ,PalmFruit,PalmFruitAEZ12,PalmFruitAEZ12,1975,NH3_AWB,0
Australia_NZ,PalmFruit,PalmFruitAEZ15,PalmFruitAEZ15,1975,NH3_AWB,0
Australia_NZ,PalmFruit,PalmFruitAEZ16,PalmFruitAEZ16,1975,NH3_AWB,0
Australia_NZ,PalmFruit,PalmFruitAEZ17,PalmFruitAEZ17,1975,NH3_AWB,0
Australia_NZ,Rice,RiceAEZ01,RiceAEZ01,1975,NH3_AWB,0
Australia_NZ,Rice,RiceAEZ02,RiceAEZ02,1975,NH3_AWB,0
Australia_NZ,Rice,RiceAEZ03,RiceAEZ03,1975,NH3_AWB,0
Australia_NZ,Rice,RiceAEZ04,RiceAEZ04,1975,NH3_AWB,0
Australia_NZ,Rice,RiceAEZ05,RiceAEZ05,1975,NH3_AWB,0
Australia_NZ,Rice,RiceAEZ06,RiceAEZ06,1975,NH3_AWB,0
Australia_NZ,Rice,RiceAEZ07,RiceAEZ07,1975,NH3_AWB,3.35433803650397e-05
Australia_NZ,Rice,RiceAEZ08,RiceAEZ08,1975,NH3_AWB,1.85806485759342e-05
Australia_NZ,Rice,RiceAEZ09,RiceAEZ09,1975,NH3_AWB,3.50055895072828e-05
Australia_NZ,Rice,RiceAEZ10,RiceAEZ10,1975,NH3_AWB,8.35908369358187e-06
Australia_NZ,Rice,RiceAEZ11,RiceAEZ11,1975,NH3_AWB,3.05298508296467e-06
Australia_NZ,Rice,RiceAEZ12,RiceAEZ12,1975,NH3_AWB,0
Australia_NZ,Rice,RiceAEZ15,RiceAEZ15,1975,NH3_AWB,0
Australia_NZ,Rice,RiceAEZ16,RiceAEZ16,1975,NH3_AWB,0
Australia_NZ,Rice,RiceAEZ17,RiceAEZ17,1975,NH3_AWB,0
Australia_NZ,Root_Tuber,Root_TuberAEZ01,Root_TuberAEZ01,1975,NH3_AWB,0
Australia_NZ,Root_Tuber,Root_TuberAEZ02,Root_TuberAEZ02,1975,NH3_AWB,0
Australia_NZ,Root_Tuber,Root_TuberAEZ03,Root_TuberAEZ03,1975,NH3_AWB,0
Australia_NZ,Root_Tuber,Root_TuberAEZ04,Root_TuberAEZ04,1975,NH3_AWB,0
Australia_NZ,Root_Tuber,Root_TuberAEZ05,Root_TuberAEZ05,1975,NH3_AWB,0
Australia_NZ,Root_Tuber,Root_TuberAEZ06,Root_TuberAEZ06,1975,NH3_AWB,0
Australia_NZ,Root_Tuber,Root_TuberAEZ07,Root_TuberAEZ07,1975,NH3_AWB,8.72931666466305e-06
Australia_NZ,Root_Tuber,Root_TuberAEZ08,Root_TuberAEZ08,1975,NH3_AWB,3.37402449692951e-06
Australia_NZ,Root_Tuber,Root_TuberAEZ09,Root_TuberAEZ09,1975,NH3_AWB,1.0757539987968e-05
Australia_NZ,Root_Tuber,Root_TuberAEZ10,Root_TuberAEZ10,1975,NH3_AWB,2.67595046308203e-06
Australia_NZ,Root_Tuber,Root_TuberAEZ11,Root_TuberAEZ11,1975,NH3_AWB,9.44366865804421e-05
Australia_NZ,Root_Tuber,Root_TuberAEZ12,Root_TuberAEZ12,1975,NH3_AWB,0.000108715378776509
Australia_NZ,Root_Tuber,Root_TuberAEZ15,Root_TuberAEZ15,1975,NH3_AWB,0
Australia_NZ,Root_Tuber,Root_TuberAEZ16,Root_TuberAEZ16,1975,NH3_AWB,1.57275349404577e-06
Australia_NZ,Root_Tuber,Root_TuberAEZ17,Root_TuberAEZ17,1975,NH3_AWB,7.75289995737939e-07
Australia_NZ,SugarCrop,SugarCropAEZ01,SugarCropAEZ01,1975,NH3_AWB,2.73829724908874e-05
Australia_NZ,SugarCrop,SugarCropAEZ02,SugarCropAEZ02,1975,NH3_AWB,0.00058132272938899
Australia_NZ,SugarCrop,SugarCropAEZ03,SugarCropAEZ03,1975,NH3_AWB,0.000770732103644976
Australia_NZ,SugarCrop,SugarCropAEZ04,SugarCropAEZ04,1975,NH3_AWB,0.000378662261847811
Australia_NZ,SugarCrop,SugarCropAEZ05,SugarCropAEZ05,1975,NH3_AWB,1.38247558461184e-05
Australia_NZ,SugarCrop,SugarCropAEZ06,SugarCropAEZ06,1975,NH3_AWB,3.82745174414982e-05
Australia_NZ,SugarCrop,SugarCropAEZ07,SugarCropAEZ07,1975,NH3_AWB,0.000737614150848513
Australia_NZ,SugarCrop,SugarCropAEZ08,SugarCropAEZ08,1975,NH3_AWB,0.00036584205532365
Australia_NZ,SugarCrop,SugarCropAEZ09,SugarCropAEZ09,1975,NH3_AWB,0.000359113860010577
Australia_NZ,SugarCrop,SugarCropAEZ10,SugarCropAEZ10,1975,NH3_AWB,0.00111295070545974
Australia_NZ,SugarCrop,SugarCropAEZ11,SugarCropAEZ11,1975,NH3_AWB,0.000296466544625118
Australia_NZ,SugarCrop,SugarCropAEZ12,SugarCropAEZ12,1975,NH3_AWB,0.000527825679192238
Australia_NZ,SugarCrop,SugarCropAEZ15,SugarCropAEZ15,1975,NH3_AWB,0
Australia_NZ,SugarCrop,SugarCropAEZ16,SugarCropAEZ16,1975,NH3_AWB,0
Australia_NZ,SugarCrop,SugarCropAEZ17,SugarCropAEZ17,1975,NH3_AWB,0
Australia_NZ,Wheat,WheatAEZ01,WheatAEZ01,1975,NH3_AWB,1.82120877557583e-06
Australia_NZ,Wheat,WheatAEZ02,WheatAEZ02,1975,NH3_AWB,1.92867819980151e-05
Australia_NZ,Wheat,WheatAEZ03,WheatAEZ03,1975,NH3_AWB,0
Australia_NZ,Wheat,WheatAEZ04,WheatAEZ04,1975,NH3_AWB,2.85422042261695e-06
Australia_NZ,Wheat,WheatAEZ05,WheatAEZ05,1975,NH3_AWB,0
Australia_NZ,Wheat,WheatAEZ06,WheatAEZ06,1975,NH3_AWB,1.24293349534431e-07
Australia_NZ,Wheat,WheatAEZ07,WheatAEZ07,1975,NH3_AWB,0.000432774542965671
Australia_NZ,Wheat,WheatAEZ08,WheatAEZ08,1975,NH3_AWB,0.000961262886652033
Australia_NZ,Wheat,WheatAEZ09,WheatAEZ09,1975,NH3_AWB,0.000796259598659999
Australia_NZ,Wheat,WheatAEZ10,WheatAEZ10,1975,NH3_AWB,0.000238137193083649
Australia_NZ,Wheat,WheatAEZ11,WheatAEZ11,1975,NH3_AWB,0.000115886856541869
Australia_NZ,Wheat,WheatAEZ12,WheatAEZ12,1975,NH3_AWB,0.000216418486276989
Australia_NZ,Wheat,WheatAEZ15,WheatAEZ15,1975,NH3_AWB,1.30140229406309e-08
Australia_NZ,Wheat,WheatAEZ16,WheatAEZ16,1975,NH3_AWB,8.85330778019155e-07
Australia_NZ,Wheat,WheatAEZ17,WheatAEZ17,1975,NH3_AWB,4.90383473125224e-09
Australia_NZ,Corn,CornAEZ01,CornAEZ01,1975,NMVOC_AWB,2.30261726128222e-06
Australia_NZ,Corn,CornAEZ02,CornAEZ02,1975,NMVOC_AWB,3.66836330575221e-07
Australia_NZ,Corn,CornAEZ03,CornAEZ03,1975,NMVOC_AWB,6.35400085337035e-06
Australia_NZ,Corn,CornAEZ04,CornAEZ04,1975,NMVOC_AWB,4.44609229091784e-06
Australia_NZ,Corn,CornAEZ05,CornAEZ05,1975,NMVOC_AWB,1.6723420952694e-07
Australia_NZ,Corn,CornAEZ06,CornAEZ06,1975,NMVOC_AWB,4.69334717059477e-07
Australia_NZ,Corn,CornAEZ07,CornAEZ07,1975,NMVOC_AWB,4.08761767081895e-05
Australia_NZ,Corn,CornAEZ08,CornAEZ08,1975,NMVOC_AWB,3.43189772991574e-05
Australia_NZ,Corn,CornAEZ09,CornAEZ09,1975,NMVOC_AWB,3.16926809226618e-05
Australia_NZ,Corn,CornAEZ10,CornAEZ10,1975,NMVOC_AWB,2.44395714159208e-05
Australia_NZ,Corn,CornAEZ11,CornAEZ11,1975,NMVOC_AWB,0.000107293332932679
Australia_NZ,Corn,CornAEZ12,CornAEZ12,1975,NMVOC_AWB,0.000180133721376848
Australia_NZ,Corn,CornAEZ15,CornAEZ15,1975,NMVOC_AWB,0
Australia_NZ,Corn,CornAEZ16,CornAEZ16,1975,NMVOC_AWB,2.90232273308043e-06
Australia_NZ,Corn,CornAEZ17,CornAEZ17,1975,NMVOC_AWB,0
Australia_NZ,FiberCrop,FiberCropAEZ01,FiberCropAEZ01,1975,NMVOC_AWB,2.73466324880087e-09
Australia_NZ,FiberCrop,FiberCropAEZ02,FiberCropAEZ02,1975,NMVOC_AWB,0
Australia_NZ,FiberCrop,FiberCropAEZ03,FiberCropAEZ03,1975,NMVOC_AWB,0
Australia_NZ,FiberCrop,FiberCropAEZ04,FiberCropAEZ04,1975,NMVOC_AWB,0
Australia_NZ,FiberCrop,FiberCropAEZ05,FiberCropAEZ05,1975,NMVOC_AWB,0
Australia_NZ,FiberCrop,FiberCropAEZ06,FiberCropAEZ06,1975,NMVOC_AWB,0
Australia_NZ,FiberCrop,FiberCropAEZ07,FiberCropAEZ07,1975,NMVOC_AWB,2.00075255717602e-05
Australia_NZ,FiberCrop,FiberCropAEZ08,FiberCropAEZ08,1975,NMVOC_AWB,2.36219299877003e-05
Australia_NZ,FiberCrop,FiberCropAEZ09,FiberCropAEZ09,1975,NMVOC_AWB,1.82690089890559e-05
Australia_NZ,FiberCrop,FiberCropAEZ10,FiberCropAEZ10,1975,NMVOC_AWB,1.16509416160745e-05
Australia_NZ,FiberCrop,FiberCropAEZ11,FiberCropAEZ11,1975,NMVOC_AWB,4.5785555220257e-06
Australia_NZ,FiberCrop,FiberCropAEZ12,FiberCropAEZ12,1975,NMVOC_AWB,2.55774876769178e-05
Australia_NZ,FiberCrop,FiberCropAEZ15,FiberCropAEZ15,1975,NMVOC_AWB,0
Australia_NZ,FiberCrop,FiberCropAEZ16,FiberCropAEZ16,1975,NMVOC_AWB,2.37004148229409e-09
Australia_NZ,FiberCrop,FiberCropAEZ17,FiberCropAEZ17,1975,NMVOC_AWB,0
Australia_NZ,FodderGrass,FodderGrassAEZ01,FodderGrassAEZ01,1975,NMVOC_AWB,3.60822014782737e-06
Australia_NZ,FodderGrass,FodderGrassAEZ02,FodderGrassAEZ02,1975,NMVOC_AWB,3.6760992603503e-05
Australia_NZ,FodderGrass,FodderGrassAEZ03,FodderGrassAEZ03,1975,NMVOC_AWB,2.23912828279336e-05
Australia_NZ,FodderGrass,FodderGrassAEZ04,FodderGrassAEZ04,1975,NMVOC_AWB,2.17226566613346e-05
Australia_NZ,FodderGrass,FodderGrassAEZ05,FodderGrassAEZ05,1975,NMVOC_AWB,4.94701323262899e-07
Australia_NZ,FodderGrass,FodderGrassAEZ06,FodderGrassAEZ06,1975,NMVOC_AWB,1.533167903965e-06
Australia_NZ,FodderGrass,FodderGrassAEZ07,FodderGrassAEZ07,1975,NMVOC_AWB,0.000616927427122405
Australia_NZ,FodderGrass,FodderGrassAEZ08,FodderGrassAEZ08,1975,NMVOC_AWB,0.00127460265167584
Australia_NZ,FodderGrass,FodderGrassAEZ09,FodderGrassAEZ09,1975,NMVOC_AWB,0.00113951879559798
Australia_NZ,FodderGrass,FodderGrassAEZ10,FodderGrassAEZ10,1975,NMVOC_AWB,0.000365890567304186
Australia_NZ,FodderGrass,FodderGrassAEZ11,FodderGrassAEZ11,1975,NMVOC_AWB,0.000182497445189286
Australia_NZ,FodderGrass,FodderGrassAEZ12,FodderGrassAEZ12,1975,NMVOC_AWB,0.000228042682888845
Australia_NZ,FodderGrass,FodderGrassAEZ15,FodderGrassAEZ15,1975,NMVOC_AWB,3.80185460583065e-10
Australia_NZ,FodderGrass,FodderGrassAEZ16,FodderGrassAEZ16,1975,NMVOC_AWB,2.50922403984822e-08
Australia_NZ,FodderGrass,FodderGrassAEZ17,FodderGrassAEZ17,1975,NMVOC_AWB,5.64035145416602e-07
Australia_NZ,FodderHerb,FodderHerbAEZ01,FodderHerbAEZ01,1975,NMVOC_AWB,0
Australia_NZ,FodderHerb,FodderHerbAEZ02,FodderHerbAEZ02,1975,NMVOC_AWB,3.37001336086301e-07
Australia_NZ,FodderHerb,FodderHerbAEZ03,FodderHerbAEZ03,1975,NMVOC_AWB,0
Australia_NZ,FodderHerb,FodderHerbAEZ04,FodderHerbAEZ04,1975,NMVOC_AWB,9.15078534316736e-08
Australia_NZ,FodderHerb,FodderHerbAEZ05,FodderHerbAEZ05,1975,NMVOC_AWB,0
Australia_NZ,FodderHerb,FodderHerbAEZ06,FodderHerbAEZ06,1975,NMVOC_AWB,3.4163983762232e-06
Australia_NZ,FodderHerb,FodderHerbAEZ07,FodderHerbAEZ07,1975,NMVOC_AWB,0.000155679471144406
Australia_NZ,FodderHerb,FodderHerbAEZ08,FodderHerbAEZ08,1975,NMVOC_AWB,0.000155218145345382
Australia_NZ,FodderHerb,FodderHerbAEZ09,FodderHerbAEZ09,1975,NMVOC_AWB,0.000214052015304149
Australia_NZ,FodderHerb,FodderHerbAEZ10,FodderHerbAEZ10,1975,NMVOC_AWB,0.00010766719371474
Australia_NZ,FodderHerb,FodderHerbAEZ11,FodderHerbAEZ11,1975,NMVOC_AWB,0.0008477369583434
Australia_NZ,FodderHerb,FodderHerbAEZ12,FodderHerbAEZ12,1975,NMVOC_AWB,0.00138690785719358
Australia_NZ,FodderHerb,FodderHerbAEZ15,FodderHerbAEZ15,1975,NMVOC_AWB,1.82069073896813e-07
Australia_NZ,FodderHerb,FodderHerbAEZ16,FodderHerbAEZ16,1975,NMVOC_AWB,2.61314874968642e-05
Australia_NZ,FodderHerb,FodderHerbAEZ17,FodderHerbAEZ17,1975,NMVOC_AWB,6.27933201134587e-08
Australia_NZ,MiscCrop,MiscCropAEZ01,MiscCropAEZ01,1975,NMVOC_AWB,5.1378607112708e-06
Australia_NZ,MiscCrop,MiscCropAEZ02,MiscCropAEZ02,1975,NMVOC_AWB,3.86169587741868e-05
Australia_NZ,MiscCrop,MiscCropAEZ03,MiscCropAEZ03,1975,NMVOC_AWB,4.04513869940004e-05
Australia_NZ,MiscCrop,MiscCropAEZ04,MiscCropAEZ04,1975,NMVOC_AWB,3.5430461946144e-05
Australia_NZ,MiscCrop,MiscCropAEZ05,MiscCropAEZ05,1975,NMVOC_AWB,9.12515802001764e-07
Australia_NZ,MiscCrop,MiscCropAEZ06,MiscCropAEZ06,1975,NMVOC_AWB,2.78244234820904e-06
Australia_NZ,MiscCrop,MiscCropAEZ07,MiscCropAEZ07,1975,NMVOC_AWB,0.000441008237609536
Australia_NZ,MiscCrop,MiscCropAEZ08,MiscCropAEZ08,1975,NMVOC_AWB,0.00100021337328888
Australia_NZ,MiscCrop,MiscCropAEZ09,MiscCropAEZ09,1975,NMVOC_AWB,0.000712372061520611
Australia_NZ,MiscCrop,MiscCropAEZ10,MiscCropAEZ10,1975,NMVOC_AWB,0.000287060348587613
Australia_NZ,MiscCrop,MiscCropAEZ11,MiscCropAEZ11,1975,NMVOC_AWB,0.000810892446084098
Australia_NZ,MiscCrop,MiscCropAEZ12,MiscCropAEZ12,1975,NMVOC_AWB,0.00123871723171208
Australia_NZ,MiscCrop,MiscCropAEZ15,MiscCropAEZ15,1975,NMVOC_AWB,0
Australia_NZ,MiscCrop,MiscCropAEZ16,MiscCropAEZ16,1975,NMVOC_AWB,1.77930140706111e-05
Australia_NZ,MiscCrop,MiscCropAEZ17,MiscCropAEZ17,1975,NMVOC_AWB,7.40244512150175e-07
Australia_NZ,OilCrop,OilCropAEZ01,OilCropAEZ01,1975,NMVOC_AWB,1.53239685108825e-08
Australia_NZ,OilCrop,OilCropAEZ02,OilCropAEZ02,1975,NMVOC_AWB,1.54824923230639e-07
Australia_NZ,OilCrop,OilCropAEZ03,OilCropAEZ03,1975,NMVOC_AWB,2.05024130421461e-07
Australia_NZ,OilCrop,OilCropAEZ04,OilCropAEZ04,1975,NMVOC_AWB,1.86714630114493e-06
Australia_NZ,OilCrop,OilCropAEZ05,OilCropAEZ05,1975,NMVOC_AWB,0
Australia_NZ,OilCrop,OilCropAEZ06,OilCropAEZ06,1975,NMVOC_AWB,7.13357154816939e-09
Australia_NZ,OilCrop,OilCropAEZ07,OilCropAEZ07,1975,NMVOC_AWB,5.06377897378573e-05
Australia_NZ,OilCrop,OilCropAEZ08,OilCropAEZ08,1975,NMVOC_AWB,5.69103127795272e-05
Australia_NZ,OilCrop,OilCropAEZ09,OilCropAEZ09,1975,NMVOC_AWB,0.000113964353815432
Australia_NZ,OilCrop,OilCropAEZ10,OilCropAEZ10,1975,NMVOC_AWB,4.71423396792542e-05
Australia_NZ,OilCrop,OilCropAEZ11,OilCropAEZ11,1975,NMVOC_AWB,2.24786765673426e-05
Australia_NZ,OilCrop,OilCropAEZ12,OilCropAEZ12,1975,NMVOC_AWB,1.99417671597307e-05
Australia_NZ,OilCrop,OilCropAEZ15,OilCropAEZ15,1975,NMVOC_AWB,0
Australia_NZ,OilCrop,OilCropAEZ16,OilCropAEZ16,1975,NMVOC_AWB,3.96309530453857e-09
Australia_NZ,OilCrop,OilCropAEZ17,OilCropAEZ17,1975,NMVOC_AWB,0
Australia_NZ,OtherGrain,OtherGrainAEZ01,OtherGrainAEZ01,1975,NMVOC_AWB,2.13511053923136e-06
Australia_NZ,OtherGrain,OtherGrainAEZ02,OtherGrainAEZ02,1975,NMVOC_AWB,1.4090756104274e-05
Australia_NZ,OtherGrain,OtherGrainAEZ03,OtherGrainAEZ03,1975,NMVOC_AWB,2.4936663364731e-06
Australia_NZ,OtherGrain,OtherGrainAEZ04,OtherGrainAEZ04,1975,NMVOC_AWB,2.2864827377954e-05
Australia_NZ,OtherGrain,OtherGrainAEZ05,OtherGrainAEZ05,1975,NMVOC_AWB,4.54278838134331e-08
Australia_NZ,OtherGrain,OtherGrainAEZ06,OtherGrainAEZ06,1975,NMVOC_AWB,7.54427356187372e-07
Australia_NZ,OtherGrain,OtherGrainAEZ07,OtherGrainAEZ07,1975,NMVOC_AWB,0.00104823868444844
Australia_NZ,OtherGrain,OtherGrainAEZ08,OtherGrainAEZ08,1975,NMVOC_AWB,0.00173709170156334
Australia_NZ,OtherGrain,OtherGrainAEZ09,OtherGrainAEZ09,1975,NMVOC_AWB,0.00206891237796866
Australia_NZ,OtherGrain,OtherGrainAEZ10,OtherGrainAEZ10,1975,NMVOC_AWB,0.000638488906997801
Australia_NZ,OtherGrain,OtherGrainAEZ11,OtherGrainAEZ11,1975,NMVOC_AWB,0.000368951481725118
Australia_NZ,OtherGrain,OtherGrainAEZ12,OtherGrainAEZ12,1975,NMVOC_AWB,0.000679197969380116
Australia_NZ,OtherGrain,OtherGrainAEZ15,OtherGrainAEZ15,1975,NMVOC_AWB,6.32745524544249e-08
Australia_NZ,OtherGrain,OtherGrainAEZ16,OtherGrainAEZ16,1975,NMVOC_AWB,4.7504587073476e-06
Australia_NZ,OtherGrain,OtherGrainAEZ17,OtherGrainAEZ17,1975,NMVOC_AWB,3.54499736186969e-07
Australia_NZ,PalmFruit,PalmFruitAEZ01,PalmFruitAEZ01,1975,NMVOC_AWB,0
Australia_NZ,PalmFruit,PalmFruitAEZ02,PalmFruitAEZ02,1975,NMVOC_AWB,0
Australia_NZ,PalmFruit,PalmFruitAEZ03,PalmFruitAEZ03,1975,NMVOC_AWB,0
Australia_NZ,PalmFruit,PalmFruitAEZ04,PalmFruitAEZ04,1975,NMVOC_AWB,0
Australia_NZ,PalmFruit,PalmFruitAEZ05,PalmFruitAEZ05,1975,NMVOC_AWB,0
Australia_NZ,PalmFruit,PalmFruitAEZ06,PalmFruitAEZ06,1975,NMVOC_AWB,0
Australia_NZ,PalmFruit,PalmFruitAEZ07,PalmFruitAEZ07,1975,NMVOC_AWB,0
Australia_NZ,PalmFruit,PalmFruitAEZ08,PalmFruitAEZ08,1975,NMVOC_AWB,0
Australia_NZ,PalmFruit,PalmFruitAEZ09,PalmFruitAEZ09,1975,NMVOC_AWB,0
Australia_NZ,PalmFruit,PalmFruitAEZ10,PalmFruitAEZ10,1975,NMVOC_AWB,0
Australia_NZ,PalmFruit,PalmFruitAEZ11,PalmFruitAEZ11,1975,NMVOC_AWB,0
Australia_NZ,PalmFruit,PalmFruitAEZ12,PalmFruitAEZ12,1975,NMVOC_AWB,0
Australia_NZ,PalmFruit,PalmFruitAEZ15,PalmFruitAEZ15,1975,NMVOC_AWB,0
Australia_NZ,PalmFruit,PalmFruitAEZ16,PalmFruitAEZ16,1975,NMVOC_AWB,0
Australia_NZ,PalmFruit,PalmFruitAEZ17,PalmFruitAEZ17,1975,NMVOC_AWB,0
Australia_NZ,Rice,RiceAEZ01,RiceAEZ01,1975,NMVOC_AWB,0
Australia_NZ,Rice,RiceAEZ02,RiceAEZ02,1975,NMVOC_AWB,0
Australia_NZ,Rice,RiceAEZ03,RiceAEZ03,1975,NMVOC_AWB,0
Australia_NZ,Rice,RiceAEZ04,RiceAEZ04,1975,NMVOC_AWB,0
Australia_NZ,Rice,RiceAEZ05,RiceAEZ05,1975,NMVOC_AWB,0
Australia_NZ,Rice,RiceAEZ06,RiceAEZ06,1975,NMVOC_AWB,0
Australia_NZ,Rice,RiceAEZ07,RiceAEZ07,1975,NMVOC_AWB,0.000180561492953992
Australia_NZ,Rice,RiceAEZ08,RiceAEZ08,1975,NMVOC_AWB,0.000100018233416356
Australia_NZ,Rice,RiceAEZ09,RiceAEZ09,1975,NMVOC_AWB,0.000188432454761096
Australia_NZ,Rice,RiceAEZ10,RiceAEZ10,1975,NMVOC_AWB,4.49963186481229e-05
Australia_NZ,Rice,RiceAEZ11,RiceAEZ11,1975,NMVOC_AWB,1.64339890180211e-05
Australia_NZ,Rice,RiceAEZ12,RiceAEZ12,1975,NMVOC_AWB,0
Australia_NZ,Rice,RiceAEZ15,RiceAEZ15,1975,NMVOC_AWB,0
Australia_NZ,Rice,RiceAEZ16,RiceAEZ16,1975,NMVOC_AWB,0
Australia_NZ,Rice,RiceAEZ17,RiceAEZ17,1975,NMVOC_AWB,0
Australia_NZ,Root_Tuber,Root_TuberAEZ01,Root_TuberAEZ01,1975,NMVOC_AWB,0
Australia_NZ,Root_Tuber,Root_TuberAEZ02,Root_TuberAEZ02,1975,NMVOC_AWB,0
Australia_NZ,Root_Tuber,Root_TuberAEZ03,Root_TuberAEZ03,1975,NMVOC_AWB,0
Australia_NZ,Root_Tuber,Root_TuberAEZ04,Root_TuberAEZ04,1975,NMVOC_AWB,0
Australia_NZ,Root_Tuber,Root_TuberAEZ05,Root_TuberAEZ05,1975,NMVOC_AWB,0
Australia_NZ,Root_Tuber,Root_TuberAEZ06,Root_TuberAEZ06,1975,NMVOC_AWB,0
Australia_NZ,Root_Tuber,Root_TuberAEZ07,Root_TuberAEZ07,1975,NMVOC_AWB,4.69892548779157e-05
Australia_NZ,Root_Tuber,Root_TuberAEZ08,Root_TuberAEZ08,1975,NMVOC_AWB,1.81621200308091e-05
Australia_NZ,Root_Tuber,Root_TuberAEZ09,Root_TuberAEZ09,1975,NMVOC_AWB,5.79070284390367e-05
Australia_NZ,Root_Tuber,Root_TuberAEZ10,Root_TuberAEZ10,1975,NMVOC_AWB,1.44044400244348e-05
Australia_NZ,Root_Tuber,Root_TuberAEZ11,Root_TuberAEZ11,1975,NMVOC_AWB,0.000508345579158289
Australia_NZ,Root_Tuber,Root_TuberAEZ12,Root_TuberAEZ12,1975,NMVOC_AWB,0.000585206705028579
Australia_NZ,Root_Tuber,Root_TuberAEZ15,Root_TuberAEZ15,1975,NMVOC_AWB,0
Australia_NZ,Root_Tuber,Root_TuberAEZ16,Root_TuberAEZ16,1975,NMVOC_AWB,8.46601373633427e-06
Australia_NZ,Root_Tuber,Root_TuberAEZ17,Root_TuberAEZ17,1975,NMVOC_AWB,4.17332772008385e-06
Australia_NZ,SugarCrop,SugarCropAEZ01,SugarCropAEZ01,1975,NMVOC_AWB,0.000147400480830068
Australia_NZ,SugarCrop,SugarCropAEZ02,SugarCropAEZ02,1975,NMVOC_AWB,0.00312921651796204
Australia_NZ,SugarCrop,SugarCropAEZ03,SugarCropAEZ03,1975,NMVOC_AWB,0.00414879292984887
Australia_NZ,SugarCrop,SugarCropAEZ04,SugarCropAEZ04,1975,NMVOC_AWB,0.00203831046783336
Australia_NZ,SugarCrop,SugarCropAEZ05,SugarCropAEZ05,1975,NMVOC_AWB,7.44176206492661e-05
Australia_NZ,SugarCrop,SugarCropAEZ06,SugarCropAEZ06,1975,NMVOC_AWB,0.000206028847901488
Australia_NZ,SugarCrop,SugarCropAEZ07,SugarCropAEZ07,1975,NMVOC_AWB,0.00397052148149056
Australia_NZ,SugarCrop,SugarCropAEZ08,SugarCropAEZ08,1975,NMVOC_AWB,0.00196930026060947
Australia_NZ,SugarCrop,SugarCropAEZ09,SugarCropAEZ09,1975,NMVOC_AWB,0.00193308289141788
Australia_NZ,SugarCrop,SugarCropAEZ10,SugarCropAEZ10,1975,NMVOC_AWB,0.00599092991747049
Australia_NZ,SugarCrop,SugarCropAEZ11,SugarCropAEZ11,1975,NMVOC_AWB,0.0015958571058096
Australia_NZ,SugarCrop,SugarCropAEZ12,SugarCropAEZ12,1975,NMVOC_AWB,0.0028412459214676
Australia_NZ,SugarCrop,SugarCropAEZ15,SugarCropAEZ15,1975,NMVOC_AWB,0
Australia_NZ,SugarCrop,SugarCropAEZ16,SugarCropAEZ16,1975,NMVOC_AWB,0
Australia_NZ,SugarCrop,SugarCropAEZ17,SugarCropAEZ17,1975,NMVOC_AWB,0
Australia_NZ,Wheat,WheatAEZ01,WheatAEZ01,1975,NMVOC_AWB,9.80342982490861e-06
Australia_NZ,Wheat,WheatAEZ02,WheatAEZ02,1975,NMVOC_AWB,0.000103819296503263
Australia_NZ,Wheat,WheatAEZ03,WheatAEZ03,1975,NMVOC_AWB,0
Australia_NZ,Wheat,WheatAEZ04,WheatAEZ04,1975,NMVOC_AWB,1.53640538049237e-05
Australia_NZ,Wheat,WheatAEZ05,WheatAEZ05,1975,NMVOC_AWB,0
Australia_NZ,Wheat,WheatAEZ06,WheatAEZ06,1975,NMVOC_AWB,6.69061749649416e-07
Australia_NZ,Wheat,WheatAEZ07,WheatAEZ07,1975,NMVOC_AWB,0.00232959280609078
Australia_NZ,Wheat,WheatAEZ08,WheatAEZ08,1975,NMVOC_AWB,0.00517440580067637
Australia_NZ,Wheat,WheatAEZ09,WheatAEZ09,1975,NMVOC_AWB,0.00428620551501849
Australia_NZ,Wheat,WheatAEZ10,WheatAEZ10,1975,NMVOC_AWB,0.00128187459472247
Australia_NZ,Wheat,WheatAEZ11,WheatAEZ11,1975,NMVOC_AWB,0.000623810230311598
Australia_NZ,Wheat,WheatAEZ12,WheatAEZ12,1975,NMVOC_AWB,0.00116496442993395
Australia_NZ,Wheat,WheatAEZ15,WheatAEZ15,1975,NMVOC_AWB,7.0053506412458e-08
Australia_NZ,Wheat,WheatAEZ16,WheatAEZ16,1975,NMVOC_AWB,4.7656689724649e-06
Australia_NZ,Wheat,WheatAEZ17,WheatAEZ17,1975,NMVOC_AWB,2.63969734307813e-08
Australia_NZ,Corn,CornAEZ01,CornAEZ01,1975,NOx_AWB,1.24984242519189e-06
Australia_NZ,Corn,CornAEZ02,CornAEZ02,1975,NOx_AWB,1.99115856883362e-07
Australia_NZ,Corn,CornAEZ03,CornAEZ03,1975,NOx_AWB,3.44890137400669e-06
Australia_NZ,Corn,CornAEZ04,CornAEZ04,1975,NOx_AWB,2.41330370658881e-06
Australia_NZ,Corn,CornAEZ05,CornAEZ05,1975,NOx_AWB,9.07734053438861e-08
Australia_NZ,Corn,CornAEZ06,CornAEZ06,1975,NOx_AWB,2.54751169836068e-07
Australia_NZ,Corn,CornAEZ07,CornAEZ07,1975,NOx_AWB,2.21872651997263e-05
Australia_NZ,Corn,CornAEZ08,CornAEZ08,1975,NOx_AWB,1.86280692579362e-05
Australia_NZ,Corn,CornAEZ09,CornAEZ09,1975,NOx_AWB,1.72025363707884e-05
Australia_NZ,Corn,CornAEZ10,CornAEZ10,1975,NOx_AWB,1.32656059357931e-05
Australia_NZ,Corn,CornAEZ11,CornAEZ11,1975,NOx_AWB,5.82379719349567e-05
Australia_NZ,Corn,CornAEZ12,CornAEZ12,1975,NOx_AWB,9.77751582818902e-05
Australia_NZ,Corn,CornAEZ15,CornAEZ15,1975,NOx_AWB,0
Australia_NZ,Corn,CornAEZ16,CornAEZ16,1975,NOx_AWB,1.57535780887131e-06
Australia_NZ,Corn,CornAEZ17,CornAEZ17,1975,NOx_AWB,0
Australia_NZ,FiberCrop,FiberCropAEZ01,FiberCropAEZ01,1975,NOx_AWB,1.48435356775757e-09
Australia_NZ,FiberCrop,FiberCropAEZ02,FiberCropAEZ02,1975,NOx_AWB,0
Australia_NZ,FiberCrop,FiberCropAEZ03,FiberCropAEZ03,1975,NOx_AWB,0
Australia_NZ,FiberCrop,FiberCropAEZ04,FiberCropAEZ04,1975,NOx_AWB,0
Australia_NZ,FiberCrop,FiberCropAEZ05,FiberCropAEZ05,1975,NOx_AWB,0
Australia_NZ,FiberCrop,FiberCropAEZ06,FiberCropAEZ06,1975,NOx_AWB,0
Australia_NZ,FiberCrop,FiberCropAEZ07,FiberCropAEZ07,1975,NOx_AWB,1.08599265293325e-05
Australia_NZ,FiberCrop,FiberCropAEZ08,FiberCropAEZ08,1975,NOx_AWB,1.28217966398376e-05
Australia_NZ,FiberCrop,FiberCropAEZ09,FiberCropAEZ09,1975,NOx_AWB,9.91627348785672e-06
Australia_NZ,FiberCrop,FiberCropAEZ10,FiberCropAEZ10,1975,NOx_AWB,6.3240388969789e-06
Australia_NZ,FiberCrop,FiberCropAEZ11,FiberCropAEZ11,1975,NOx_AWB,2.48520370004426e-06
Australia_NZ,FiberCrop,FiberCropAEZ12,FiberCropAEZ12,1975,NOx_AWB,1.38832578761411e-05
Australia_NZ,FiberCrop,FiberCropAEZ15,FiberCropAEZ15,1975,NOx_AWB,0
Australia_NZ,FiberCrop,FiberCropAEZ16,FiberCropAEZ16,1975,NOx_AWB,1.28643975872323e-09
Australia_NZ,FiberCrop,FiberCropAEZ17,FiberCropAEZ17,1975,NOx_AWB,0
Australia_NZ,FodderGrass,FodderGrassAEZ01,FodderGrassAEZ01,1975,NOx_AWB,1.95851333871943e-06
Australia_NZ,FodderGrass,FodderGrassAEZ02,FodderGrassAEZ02,1975,NOx_AWB,1.99535758376269e-05
Australia_NZ,FodderGrass,FodderGrassAEZ03,FodderGrassAEZ03,1975,NOx_AWB,1.21538111015629e-05
Australia_NZ,FodderGrass,FodderGrassAEZ04,FodderGrassAEZ04,1975,NOx_AWB,1.17908861102235e-05
Australia_NZ,FodderGrass,FodderGrassAEZ05,FodderGrassAEZ05,1975,NOx_AWB,2.68519962917432e-07
Australia_NZ,FodderGrass,FodderGrassAEZ06,FodderGrassAEZ06,1975,NOx_AWB,8.32191403903115e-07
Australia_NZ,FodderGrass,FodderGrassAEZ07,FodderGrassAEZ07,1975,NOx_AWB,0.000334863324724967
Australia_NZ,FodderGrass,FodderGrassAEZ08,FodderGrassAEZ08,1975,NOx_AWB,0.000691844231394084
Australia_NZ,FodderGrass,FodderGrassAEZ09,FodderGrassAEZ09,1975,NOx_AWB,0.000618521783446044
Australia_NZ,FodderGrass,FodderGrassAEZ10,FodderGrassAEZ10,1975,NOx_AWB,0.000198602504065157
Australia_NZ,FodderGrass,FodderGrassAEZ11,FodderGrassAEZ11,1975,NOx_AWB,9.90581688594172e-05
Australia_NZ,FodderGrass,FodderGrassAEZ12,FodderGrassAEZ12,1975,NOx_AWB,0.000123779763411635
Australia_NZ,FodderGrass,FodderGrassAEZ15,FodderGrassAEZ15,1975,NOx_AWB,2.06361658998958e-10
Australia_NZ,FodderGrass,FodderGrassAEZ16,FodderGrassAEZ16,1975,NOx_AWB,1.36198694939312e-08
Australia_NZ,FodderGrass,FodderGrassAEZ17,FodderGrassAEZ17,1975,NOx_AWB,3.06153812834875e-07
Australia_NZ,FodderHerb,FodderHerbAEZ01,FodderHerbAEZ01,1975,NOx_AWB,0
Australia_NZ,FodderHerb,FodderHerbAEZ02,FodderHerbAEZ02,1975,NOx_AWB,1.82921658006014e-07
Australia_NZ,FodderHerb,FodderHerbAEZ03,FodderHerbAEZ03,1975,NOx_AWB,0
Australia_NZ,FodderHerb,FodderHerbAEZ04,FodderHerbAEZ04,1975,NOx_AWB,4.96697385971388e-08
Australia_NZ,FodderHerb,FodderHerbAEZ05,FodderHerbAEZ05,1975,NOx_AWB,0
Australia_NZ,FodderHerb,FodderHerbAEZ06,FodderHerbAEZ06,1975,NOx_AWB,1.85439399928007e-06
Australia_NZ,FodderHerb,FodderHerbAEZ07,FodderHerbAEZ07,1975,NOx_AWB,8.45015848006659e-05
Australia_NZ,FodderHerb,FodderHerbAEZ08,FodderHerbAEZ08,1975,NOx_AWB,8.42511808081524e-05
Australia_NZ,FodderHerb,FodderHerbAEZ09,FodderHerbAEZ09,1975,NOx_AWB,0.00011618573977682
Australia_NZ,FodderHerb,FodderHerbAEZ10,FodderHerbAEZ10,1975,NOx_AWB,5.84409006085113e-05
Australia_NZ,FodderHerb,FodderHerbAEZ11,FodderHerbAEZ11,1975,NOx_AWB,0.000460144911512871
Australia_NZ,FodderHerb,FodderHerbAEZ12,FodderHerbAEZ12,1975,NOx_AWB,0.000752802608101384
Australia_NZ,FodderHerb,FodderHerbAEZ15,FodderHerbAEZ15,1975,NOx_AWB,9.88256523122385e-08
Australia_NZ,FodderHerb,FodderHerbAEZ16,FodderHerbAEZ16,1975,NOx_AWB,1.4183964593736e-05
Australia_NZ,FodderHerb,FodderHerbAEZ17,FodderHerbAEZ17,1975,NOx_AWB,3.4083717175278e-08
Australia_NZ,MiscCrop,MiscCropAEZ01,MiscCropAEZ01,1975,NOx_AWB,2.78879013010483e-06
Australia_NZ,MiscCrop,MiscCropAEZ02,MiscCropAEZ02,1975,NOx_AWB,2.09609795858946e-05
Australia_NZ,MiscCrop,MiscCropAEZ03,MiscCropAEZ03,1975,NOx_AWB,2.19566927048936e-05
Australia_NZ,MiscCrop,MiscCropAEZ04,MiscCropAEZ04,1975,NOx_AWB,1.92313743273943e-05
Australia_NZ,MiscCrop,MiscCropAEZ05,MiscCropAEZ05,1975,NOx_AWB,4.95306355153753e-07
Australia_NZ,MiscCrop,MiscCropAEZ06,MiscCropAEZ06,1975,NOx_AWB,1.51028768476516e-06
Australia_NZ,MiscCrop,MiscCropAEZ07,MiscCropAEZ07,1975,NOx_AWB,0.000239375780982626
Australia_NZ,MiscCrop,MiscCropAEZ08,MiscCropAEZ08,1975,NOx_AWB,0.000542907902759582
Australia_NZ,MiscCrop,MiscCropAEZ09,MiscCropAEZ09,1975,NOx_AWB,0.0003866699168728
Australia_NZ,MiscCrop,MiscCropAEZ10,MiscCropAEZ10,1975,NOx_AWB,0.000155814085253311
Australia_NZ,MiscCrop,MiscCropAEZ11,MiscCropAEZ11,1975,NOx_AWB,0.000440146001867099
Australia_NZ,MiscCrop,MiscCropAEZ12,MiscCropAEZ12,1975,NOx_AWB,0.000672365909455528
Australia_NZ,MiscCrop,MiscCropAEZ15,MiscCropAEZ15,1975,NOx_AWB,0
Australia_NZ,MiscCrop,MiscCropAEZ16,MiscCropAEZ16,1975,NOx_AWB,9.65790721342138e-06
Australia_NZ,MiscCrop,MiscCropAEZ17,MiscCropAEZ17,1975,NOx_AWB,4.01798862475986e-07
Australia_NZ,OilCrop,OilCropAEZ01,OilCropAEZ01,1975,NOx_AWB,8.31772882504165e-09
Australia_NZ,OilCrop,OilCropAEZ02,OilCropAEZ02,1975,NOx_AWB,8.40377429564547e-08
Australia_NZ,OilCrop,OilCropAEZ03,OilCropAEZ03,1975,NOx_AWB,1.1128547531435e-07
Australia_NZ,OilCrop,OilCropAEZ04,OilCropAEZ04,1975,NOx_AWB,1.01347223459602e-06
Australia_NZ,OilCrop,OilCropAEZ05,OilCropAEZ05,1975,NOx_AWB,0
Australia_NZ,OilCrop,OilCropAEZ06,OilCropAEZ06,1975,NOx_AWB,3.87204617717455e-09
Australia_NZ,OilCrop,OilCropAEZ07,OilCropAEZ07,1975,NOx_AWB,2.74857914932324e-05
Australia_NZ,OilCrop,OilCropAEZ08,OilCropAEZ08,1975,NOx_AWB,3.08904673559102e-05
Australia_NZ,OilCrop,OilCropAEZ09,OilCropAEZ09,1975,NOx_AWB,6.18589492718345e-05
Australia_NZ,OilCrop,OilCropAEZ10,OilCropAEZ10,1975,NOx_AWB,2.55884888664168e-05
Australia_NZ,OilCrop,OilCropAEZ11,OilCropAEZ11,1975,NOx_AWB,1.220124773163e-05
Australia_NZ,OilCrop,OilCropAEZ12,OilCropAEZ12,1975,NOx_AWB,1.08242333837326e-05
Australia_NZ,OilCrop,OilCropAEZ15,OilCropAEZ15,1975,NOx_AWB,0
Australia_NZ,OilCrop,OilCropAEZ16,OilCropAEZ16,1975,NOx_AWB,2.15113676509698e-09
Australia_NZ,OilCrop,OilCropAEZ17,OilCropAEZ17,1975,NOx_AWB,0
Australia_NZ,OtherGrain,OtherGrainAEZ01,OtherGrainAEZ01,1975,NOx_AWB,1.15892110220684e-06
Australia_NZ,OtherGrain,OtherGrainAEZ02,OtherGrainAEZ02,1975,NOx_AWB,7.648350891084e-06
Australia_NZ,OtherGrain,OtherGrainAEZ03,OtherGrainAEZ03,1975,NOx_AWB,1.35354235113368e-06
Australia_NZ,OtherGrain,OtherGrainAEZ04,OtherGrainAEZ04,1975,NOx_AWB,1.24108473354111e-05
Australia_NZ,OtherGrain,OtherGrainAEZ05,OtherGrainAEZ05,1975,NOx_AWB,2.4657895791635e-08
Australia_NZ,OtherGrain,OtherGrainAEZ06,OtherGrainAEZ06,1975,NOx_AWB,4.09497197968224e-07
Australia_NZ,OtherGrain,OtherGrainAEZ07,OtherGrainAEZ07,1975,NOx_AWB,0.000568975661557166
Australia_NZ,OtherGrain,OtherGrainAEZ08,OtherGrainAEZ08,1975,NOx_AWB,0.000942879627269736
Australia_NZ,OtherGrain,OtherGrainAEZ09,OtherGrainAEZ09,1975,NOx_AWB,0.00112298926420362
Australia_NZ,OtherGrain,OtherGrainAEZ10,OtherGrainAEZ10,1975,NOx_AWB,0.000346566725351429
Australia_NZ,OtherGrain,OtherGrainAEZ11,OtherGrainAEZ11,1975,NOx_AWB,0.000200263944187009
Australia_NZ,OtherGrain,OtherGrainAEZ12,OtherGrainAEZ12,1975,NOx_AWB,0.000368663282217709
Australia_NZ,OtherGrain,OtherGrainAEZ15,OtherGrainAEZ15,1975,NOx_AWB,3.4344926281206e-08
Australia_NZ,OtherGrain,OtherGrainAEZ16,OtherGrainAEZ16,1975,NOx_AWB,2.5785113884967e-06
Australia_NZ,OtherGrain,OtherGrainAEZ17,OtherGrainAEZ17,1975,NOx_AWB,1.92419651088295e-07
Australia_NZ,PalmFruit,PalmFruitAEZ01,PalmFruitAEZ01,1975,NOx_AWB,0
Australia_NZ,PalmFruit,PalmFruitAEZ02,PalmFruitAEZ02,1975,NOx_AWB,0
Australia_NZ,PalmFruit,PalmFruitAEZ03,PalmFruitAEZ03,1975,NOx_AWB,0
Australia_NZ,PalmFruit,PalmFruitAEZ04,PalmFruitAEZ04,1975,NOx_AWB,0
Australia_NZ,PalmFruit,PalmFruitAEZ05,PalmFruitAEZ05,1975,NOx_AWB,0
Australia_NZ,PalmFruit,PalmFruitAEZ06,PalmFruitAEZ06,1975,NOx_AWB,0
Australia_NZ,PalmFruit,PalmFruitAEZ07,PalmFruitAEZ07,1975,NOx_AWB,0
Australia_NZ,PalmFruit,PalmFruitAEZ08,PalmFruitAEZ08,1975,NOx_AWB,0
Australia_NZ,PalmFruit,PalmFruitAEZ09,PalmFruitAEZ09,1975,NOx_AWB,0
Australia_NZ,PalmFruit,PalmFruitAEZ10,PalmFruitAEZ10,1975,NOx_AWB,0
Australia_NZ,PalmFruit,PalmFruitAEZ11,PalmFruitAEZ11,1975,NOx_AWB,0
Australia_NZ,PalmFruit,PalmFruitAEZ12,PalmFruitAEZ12,1975,NOx_AWB,0
Australia_NZ,PalmFruit,PalmFruitAEZ15,PalmFruitAEZ15,1975,NOx_AWB,0
Australia_NZ,PalmFruit,PalmFruitAEZ16,PalmFruitAEZ16,1975,NOx_AWB,0
Australia_NZ,PalmFruit,PalmFruitAEZ17,PalmFruitAEZ17,1975,NOx_AWB,0
Australia_NZ,Rice,RiceAEZ01,RiceAEZ01,1975,NOx_AWB,0
Australia_NZ,Rice,RiceAEZ02,RiceAEZ02,1975,NOx_AWB,0
Australia_NZ,Rice,RiceAEZ03,RiceAEZ03,1975,NOx_AWB,0
Australia_NZ,Rice,RiceAEZ04,RiceAEZ04,1975,NOx_AWB,0
Australia_NZ,Rice,RiceAEZ05,RiceAEZ05,1975,NOx_AWB,0
Australia_NZ,Rice,RiceAEZ06,RiceAEZ06,1975,NOx_AWB,0
Australia_NZ,Rice,RiceAEZ07,RiceAEZ07,1975,NOx_AWB,9.80073493083344e-05
Australia_NZ,Rice,RiceAEZ08,RiceAEZ08,1975,NOx_AWB,5.42891054968019e-05
Australia_NZ,Rice,RiceAEZ09,RiceAEZ09,1975,NOx_AWB,0.00010227964508193
Australia_NZ,Rice,RiceAEZ10,RiceAEZ10,1975,NOx_AWB,2.44236456355585e-05
Australia_NZ,Rice,RiceAEZ11,RiceAEZ11,1975,NOx_AWB,8.92023917097835e-06
Australia_NZ,Rice,RiceAEZ12,RiceAEZ12,1975,NOx_AWB,0
Australia_NZ,Rice,RiceAEZ15,RiceAEZ15,1975,NOx_AWB,0
Australia_NZ,Rice,RiceAEZ16,RiceAEZ16,1975,NOx_AWB,0
Australia_NZ,Rice,RiceAEZ17,RiceAEZ17,1975,NOx_AWB,0
Australia_NZ,Root_Tuber,Root_TuberAEZ01,Root_TuberAEZ01,1975,NOx_AWB,0
Australia_NZ,Root_Tuber,Root_TuberAEZ02,Root_TuberAEZ02,1975,NOx_AWB,0
Australia_NZ,Root_Tuber,Root_TuberAEZ03,Root_TuberAEZ03,1975,NOx_AWB,0
Australia_NZ,Root_Tuber,Root_TuberAEZ04,Root_TuberAEZ04,1975,NOx_AWB,0
Australia_NZ,Root_Tuber,Root_TuberAEZ05,Root_TuberAEZ05,1975,NOx_AWB,0
Australia_NZ,Root_Tuber,Root_TuberAEZ06,Root_TuberAEZ06,1975,NOx_AWB,0
Australia_NZ,Root_Tuber,Root_TuberAEZ07,Root_TuberAEZ07,1975,NOx_AWB,2.55053956478511e-05
Australia_NZ,Root_Tuber,Root_TuberAEZ08,Root_TuberAEZ08,1975,NOx_AWB,9.85825500730081e-06
Australia_NZ,Root_Tuber,Root_TuberAEZ09,Root_TuberAEZ09,1975,NOx_AWB,3.14314767273132e-05
Australia_NZ,Root_Tuber,Root_TuberAEZ10,Root_TuberAEZ10,1975,NOx_AWB,7.81861604027305e-06
Australia_NZ,Root_Tuber,Root_TuberAEZ11,Root_TuberAEZ11,1975,NOx_AWB,0.000275925957028993
Australia_NZ,Root_Tuber,Root_TuberAEZ12,Root_TuberAEZ12,1975,NOx_AWB,0.000317645567828405
Australia_NZ,Root_Tuber,Root_TuberAEZ15,Root_TuberAEZ15,1975,NOx_AWB,0
Australia_NZ,Root_Tuber,Root_TuberAEZ16,Root_TuberAEZ16,1975,NOx_AWB,4.59528525119965e-06
Australia_NZ,Root_Tuber,Root_TuberAEZ17,Root_TuberAEZ17,1975,NOx_AWB,2.26524925635519e-06
Australia_NZ,SugarCrop,SugarCropAEZ01,SugarCropAEZ01,1975,NOx_AWB,8.00078143827154e-05
Australia_NZ,SugarCrop,SugarCropAEZ02,SugarCropAEZ02,1975,NOx_AWB,0.00169851395953765
Australia_NZ,SugarCrop,SugarCropAEZ03,SugarCropAEZ03,1975,NOx_AWB,0.00225193196639802
Australia_NZ,SugarCrop,SugarCropAEZ04,SugarCropAEZ04,1975,NOx_AWB,0.00110637878958323
Australia_NZ,SugarCrop,SugarCropAEZ05,SugarCropAEZ05,1975,NOx_AWB,4.03932955047406e-05
Australia_NZ,SugarCrop,SugarCropAEZ06,SugarCropAEZ06,1975,NOx_AWB,0.000111830828010599
Australia_NZ,SugarCrop,SugarCropAEZ07,SugarCropAEZ07,1975,NOx_AWB,0.0021551676351715
Australia_NZ,SugarCrop,SugarCropAEZ08,SugarCropAEZ08,1975,NOx_AWB,0.00106892059528842
Australia_NZ,SugarCrop,SugarCropAEZ09,SugarCropAEZ09,1975,NOx_AWB,0.00104926209393623
Australia_NZ,SugarCrop,SugarCropAEZ10,SugarCropAEZ10,1975,NOx_AWB,0.00325182934355163
Australia_NZ,SugarCrop,SugarCropAEZ11,SugarCropAEZ11,1975,NOx_AWB,0.000866218606506103
Australia_NZ,SugarCrop,SugarCropAEZ12,SugarCropAEZ12,1975,NOx_AWB,0.00154220579892474
Australia_NZ,SugarCrop,SugarCropAEZ15,SugarCropAEZ15,1975,NOx_AWB,0
Australia_NZ,SugarCrop,SugarCropAEZ16,SugarCropAEZ16,1975,NOx_AWB,0
Australia_NZ,SugarCrop,SugarCropAEZ17,SugarCropAEZ17,1975,NOx_AWB,0
Australia_NZ,Wheat,WheatAEZ01,WheatAEZ01,1975,NOx_AWB,5.32122411900073e-06
Australia_NZ,Wheat,WheatAEZ02,WheatAEZ02,1975,NOx_AWB,5.63522924565844e-05
Australia_NZ,Wheat,WheatAEZ03,WheatAEZ03,1975,NOx_AWB,0
Australia_NZ,Wheat,WheatAEZ04,WheatAEZ04,1975,NOx_AWB,8.33948680538924e-06
Australia_NZ,Wheat,WheatAEZ05,WheatAEZ05,1975,NOx_AWB,0
Australia_NZ,Wheat,WheatAEZ06,WheatAEZ06,1975,NOx_AWB,3.63161422371734e-07
Australia_NZ,Wheat,WheatAEZ07,WheatAEZ07,1975,NOx_AWB,0.00126448453741407
Australia_NZ,Wheat,WheatAEZ08,WheatAEZ08,1975,NOx_AWB,0.0028086265153954
Australia_NZ,Wheat,WheatAEZ09,WheatAEZ09,1975,NOx_AWB,0.00232651843006618
Australia_NZ,Wheat,WheatAEZ10,WheatAEZ10,1975,NOx_AWB,0.000695791384525473
Australia_NZ,Wheat,WheatAEZ11,WheatAEZ11,1975,NOx_AWB,0.000338599255821614
Australia_NZ,Wheat,WheatAEZ12,WheatAEZ12,1975,NOx_AWB,0.000632333472372284
Australia_NZ,Wheat,WheatAEZ15,WheatAEZ15,1975,NOx_AWB,3.80244888371013e-08
Australia_NZ,Wheat,WheatAEZ16,WheatAEZ16,1975,NOx_AWB,2.58676740001962e-06
Australia_NZ,Wheat,WheatAEZ17,WheatAEZ17,1975,NOx_AWB,1.43280682574585e-08
Australia_NZ,Corn,CornAEZ01,CornAEZ01,1975,SO2_AWB,2.05962750004138e-07
Australia_NZ,Corn,CornAEZ02,CornAEZ02,1975,SO2_AWB,3.28124959006982e-08
Australia_NZ,Corn,CornAEZ03,CornAEZ03,1975,SO2_AWB,5.68347815025086e-07
Australia_NZ,Corn,CornAEZ04,CornAEZ04,1975,SO2_AWB,3.97690667227827e-07
Australia_NZ,Corn,CornAEZ05,CornAEZ05,1975,SO2_AWB,1.4958637837083e-08
Australia_NZ,Corn,CornAEZ06,CornAEZ06,1975,SO2_AWB,4.1980693284717e-08
Australia_NZ,Corn,CornAEZ07,CornAEZ07,1975,SO2_AWB,3.65626103218981e-06
Australia_NZ,Corn,CornAEZ08,CornAEZ08,1975,SO2_AWB,3.06973766796483e-06
Australia_NZ,Corn,CornAEZ09,CornAEZ09,1975,SO2_AWB,2.83482271569537e-06
Australia_NZ,Corn,CornAEZ10,CornAEZ10,1975,SO2_AWB,2.18605211659995e-06
Australia_NZ,Corn,CornAEZ11,CornAEZ11,1975,SO2_AWB,9.59709209146575e-06
Australia_NZ,Corn,CornAEZ12,CornAEZ12,1975,SO2_AWB,1.61124635201402e-05
Australia_NZ,Corn,CornAEZ15,CornAEZ15,1975,SO2_AWB,0
Australia_NZ,Corn,CornAEZ16,CornAEZ16,1975,SO2_AWB,2.59604746979054e-07
Australia_NZ,Corn,CornAEZ17,CornAEZ17,1975,SO2_AWB,0
Australia_NZ,FiberCrop,FiberCropAEZ01,FiberCropAEZ01,1975,SO2_AWB,2.44608069490731e-10
Australia_NZ,FiberCrop,FiberCropAEZ02,FiberCropAEZ02,1975,SO2_AWB,0
Australia_NZ,FiberCrop,FiberCropAEZ03,FiberCropAEZ03,1975,SO2_AWB,0
Australia_NZ,FiberCrop,FiberCropAEZ04,FiberCropAEZ04,1975,SO2_AWB,0
Australia_NZ,FiberCrop,FiberCropAEZ05,FiberCropAEZ05,1975,SO2_AWB,0
Australia_NZ,FiberCrop,FiberCropAEZ06,FiberCropAEZ06,1975,SO2_AWB,0
Australia_NZ,FiberCrop,FiberCropAEZ07,FiberCropAEZ07,1975,SO2_AWB,1.78961786521272e-06
Australia_NZ,FiberCrop,FiberCropAEZ08,FiberCropAEZ08,1975,SO2_AWB,2.11291635065862e-06
Australia_NZ,FiberCrop,FiberCropAEZ09,FiberCropAEZ09,1975,SO2_AWB,1.63411236183515e-06
Australia_NZ,FiberCrop,FiberCropAEZ10,FiberCropAEZ10,1975,SO2_AWB,1.04214452646295e-06
Australia_NZ,FiberCrop,FiberCropAEZ11,FiberCropAEZ11,1975,SO2_AWB,4.09539137146018e-07
Australia_NZ,FiberCrop,FiberCropAEZ12,FiberCropAEZ12,1975,SO2_AWB,2.28783558115144e-06
Australia_NZ,FiberCrop,FiberCropAEZ15,FiberCropAEZ15,1975,SO2_AWB,0
Australia_NZ,FiberCrop,FiberCropAEZ16,FiberCropAEZ16,1975,SO2_AWB,2.11993660225301e-10
Australia_NZ,FiberCrop,FiberCropAEZ17,FiberCropAEZ17,1975,SO2_AWB,0
Australia_NZ,FodderGrass,FodderGrassAEZ01,FodderGrassAEZ01,1975,SO2_AWB,3.22745319755413e-07
Australia_NZ,FodderGrass,FodderGrassAEZ02,FodderGrassAEZ02,1975,SO2_AWB,3.28816918765002e-06
Australia_NZ,FodderGrass,FodderGrassAEZ03,FodderGrassAEZ03,1975,SO2_AWB,2.00283836350361e-06
Australia_NZ,FodderGrass,FodderGrassAEZ04,FodderGrassAEZ04,1975,SO2_AWB,1.9430316008631e-06
Australia_NZ,FodderGrass,FodderGrassAEZ05,FodderGrassAEZ05,1975,SO2_AWB,4.42496661009025e-08
Australia_NZ,FodderGrass,FodderGrassAEZ06,FodderGrassAEZ06,1975,SO2_AWB,1.3713763161094e-07
Australia_NZ,FodderGrass,FodderGrassAEZ07,FodderGrassAEZ07,1975,SO2_AWB,5.51824532802955e-05
Australia_NZ,FodderGrass,FodderGrassAEZ08,FodderGrassAEZ08,1975,SO2_AWB,0.000114009684421256
Australia_NZ,FodderGrass,FodderGrassAEZ09,FodderGrassAEZ09,1975,SO2_AWB,0.000101926806842432
Australia_NZ,FodderGrass,FodderGrassAEZ10,FodderGrassAEZ10,1975,SO2_AWB,3.27278999900227e-05
Australia_NZ,FodderGrass,FodderGrassAEZ11,FodderGrassAEZ11,1975,SO2_AWB,1.63238920822578e-05
Australia_NZ,FodderGrass,FodderGrassAEZ12,FodderGrassAEZ12,1975,SO2_AWB,2.03977877156856e-05
Australia_NZ,FodderGrass,FodderGrassAEZ15,FodderGrassAEZ15,1975,SO2_AWB,3.40065386853194e-11
Australia_NZ,FodderGrass,FodderGrassAEZ16,FodderGrassAEZ16,1975,SO2_AWB,2.24443155323107e-09
Australia_NZ,FodderGrass,FodderGrassAEZ17,FodderGrassAEZ17,1975,SO2_AWB,5.04513848664096e-08
Australia_NZ,FodderHerb,FodderHerbAEZ01,FodderHerbAEZ01,1975,SO2_AWB,0
Australia_NZ,FodderHerb,FodderHerbAEZ02,FodderHerbAEZ02,1975,SO2_AWB,3.01438381021917e-08
Australia_NZ,FodderHerb,FodderHerbAEZ03,FodderHerbAEZ03,1975,SO2_AWB,0
Australia_NZ,FodderHerb,FodderHerbAEZ04,FodderHerbAEZ04,1975,SO2_AWB,8.1851245783105e-09
Australia_NZ,FodderHerb,FodderHerbAEZ05,FodderHerbAEZ05,1975,SO2_AWB,0
Australia_NZ,FodderHerb,FodderHerbAEZ06,FodderHerbAEZ06,1975,SO2_AWB,3.05587392446096e-07
Australia_NZ,FodderHerb,FodderHerbAEZ07,FodderHerbAEZ07,1975,SO2_AWB,1.3925098423972e-05
Australia_NZ,FodderHerb,FodderHerbAEZ08,FodderHerbAEZ08,1975,SO2_AWB,1.38838341062704e-05
Australia_NZ,FodderHerb,FodderHerbAEZ09,FodderHerbAEZ09,1975,SO2_AWB,1.91463611679088e-05
Australia_NZ,FodderHerb,FodderHerbAEZ10,FodderHerbAEZ10,1975,SO2_AWB,9.63053290513758e-06
Australia_NZ,FodderHerb,FodderHerbAEZ11,FodderHerbAEZ11,1975,SO2_AWB,7.58277279322237e-05
Australia_NZ,FodderHerb,FodderHerbAEZ12,FodderHerbAEZ12,1975,SO2_AWB,0.000124055074663547
Australia_NZ,FodderHerb,FodderHerbAEZ15,FodderHerbAEZ15,1975,SO2_AWB,1.62855754540868e-08
Australia_NZ,FodderHerb,FodderHerbAEZ16,FodderHerbAEZ16,1975,SO2_AWB,2.33738933389036e-06
Australia_NZ,FodderHerb,FodderHerbAEZ17,FodderHerbAEZ17,1975,SO2_AWB,5.61668893477169e-09
Australia_NZ,MiscCrop,MiscCropAEZ01,MiscCropAEZ01,1975,SO2_AWB,4.5956744050563e-07
Australia_NZ,MiscCrop,MiscCropAEZ02,MiscCropAEZ02,1975,SO2_AWB,3.45418023206294e-06
Australia_NZ,MiscCrop,MiscCropAEZ03,MiscCropAEZ03,1975,SO2_AWB,3.61826476629752e-06
Australia_NZ,MiscCrop,MiscCropAEZ04,MiscCropAEZ04,1975,SO2_AWB,3.16915689769529e-06
Australia_NZ,MiscCrop,MiscCropAEZ05,MiscCropAEZ05,1975,SO2_AWB,8.16220164604593e-08
Australia_NZ,MiscCrop,MiscCropAEZ06,MiscCropAEZ06,1975,SO2_AWB,2.48881777880005e-07
Australia_NZ,MiscCrop,MiscCropAEZ07,MiscCropAEZ07,1975,SO2_AWB,3.94469679871846e-05
Australia_NZ,MiscCrop,MiscCropAEZ08,MiscCropAEZ08,1975,SO2_AWB,8.94663218318699e-05
Australia_NZ,MiscCrop,MiscCropAEZ09,MiscCropAEZ09,1975,SO2_AWB,6.37197120355119e-05
Australia_NZ,MiscCrop,MiscCropAEZ10,MiscCropAEZ10,1975,SO2_AWB,2.5676754798289e-05
Australia_NZ,MiscCrop,MiscCropAEZ11,MiscCropAEZ11,1975,SO2_AWB,7.25320881421957e-05
Australia_NZ,MiscCrop,MiscCropAEZ12,MiscCropAEZ12,1975,SO2_AWB,0.000110799832786307
Australia_NZ,MiscCrop,MiscCropAEZ15,MiscCropAEZ15,1975,SO2_AWB,0
Australia_NZ,MiscCrop,MiscCropAEZ16,MiscCropAEZ16,1975,SO2_AWB,1.59153593194411e-06
Australia_NZ,MiscCrop,MiscCropAEZ17,MiscCropAEZ17,1975,SO2_AWB,6.62128257099151e-08
Australia_NZ,OilCrop,OilCropAEZ01,OilCropAEZ01,1975,SO2_AWB,1.37068663062165e-09
Australia_NZ,OilCrop,OilCropAEZ02,OilCropAEZ02,1975,SO2_AWB,1.38486614749014e-08
Australia_NZ,OilCrop,OilCropAEZ03,OilCropAEZ03,1975,SO2_AWB,1.8338841816593e-08
Australia_NZ,OilCrop,OilCropAEZ04,OilCropAEZ04,1975,SO2_AWB,1.67011076182813e-07
Australia_NZ,OilCrop,OilCropAEZ05,OilCropAEZ05,1975,SO2_AWB,0
Australia_NZ,OilCrop,OilCropAEZ06,OilCropAEZ06,1975,SO2_AWB,6.38078259082489e-10
Australia_NZ,OilCrop,OilCropAEZ07,OilCropAEZ07,1975,SO2_AWB,4.52941033836111e-06
Australia_NZ,OilCrop,OilCropAEZ08,OilCropAEZ08,1975,SO2_AWB,5.09047018831952e-06
Australia_NZ,OilCrop,OilCropAEZ09,OilCropAEZ09,1975,SO2_AWB,1.01937964719332e-05
Australia_NZ,OilCrop,OilCropAEZ10,OilCropAEZ10,1975,SO2_AWB,4.21675199141068e-06
Australia_NZ,OilCrop,OilCropAEZ11,OilCropAEZ11,1975,SO2_AWB,2.01065549195326e-06
Australia_NZ,OilCrop,OilCropAEZ12,OilCropAEZ12,1975,SO2_AWB,1.78373595700104e-06
Australia_NZ,OilCrop,OilCropAEZ15,OilCropAEZ15,1975,SO2_AWB,0
Australia_NZ,OilCrop,OilCropAEZ16,OilCropAEZ16,1975,SO2_AWB,3.54487921712495e-10
Australia_NZ,OilCrop,OilCropAEZ17,OilCropAEZ17,1975,SO2_AWB,0
Australia_NZ,OtherGrain,OtherGrainAEZ01,OtherGrainAEZ01,1975,SO2_AWB,1.90979736674966e-07
Australia_NZ,OtherGrain,OtherGrainAEZ02,OtherGrainAEZ02,1975,SO2_AWB,1.26037918922651e-06
Australia_NZ,OtherGrain,OtherGrainAEZ03,OtherGrainAEZ03,1975,SO2_AWB,2.2305156175488e-07
Australia_NZ,OtherGrain,OtherGrainAEZ04,OtherGrainAEZ04,1975,SO2_AWB,2.04519561471146e-06
Australia_NZ,OtherGrain,OtherGrainAEZ05,OtherGrainAEZ05,1975,SO2_AWB,4.06339865265884e-09
Australia_NZ,OtherGrain,OtherGrainAEZ06,OtherGrainAEZ06,1975,SO2_AWB,6.74814419102273e-08
Australia_NZ,OtherGrain,OtherGrainAEZ07,OtherGrainAEZ07,1975,SO2_AWB,9.37620531818202e-05
Australia_NZ,OtherGrain,OtherGrainAEZ08,OtherGrainAEZ08,1975,SO2_AWB,0.000155378051697625
Australia_NZ,OtherGrain,OtherGrainAEZ09,OtherGrainAEZ09,1975,SO2_AWB,0.000185058494109759
Australia_NZ,OtherGrain,OtherGrainAEZ10,OtherGrainAEZ10,1975,SO2_AWB,5.71110680631199e-05
Australia_NZ,OtherGrain,OtherGrainAEZ11,OtherGrainAEZ11,1975,SO2_AWB,3.30016903251613e-05
Australia_NZ,OtherGrain,OtherGrainAEZ12,OtherGrainAEZ12,1975,SO2_AWB,6.0752381180734e-05
Australia_NZ,OtherGrain,OtherGrainAEZ15,OtherGrainAEZ15,1975,SO2_AWB,5.65973383763198e-09
Australia_NZ,OtherGrain,OtherGrainAEZ16,OtherGrainAEZ16,1975,SO2_AWB,4.24915401963755e-07
Australia_NZ,OtherGrain,OtherGrainAEZ17,OtherGrainAEZ17,1975,SO2_AWB,3.17090216287842e-08
Australia_NZ,PalmFruit,PalmFruitAEZ01,PalmFruitAEZ01,1975,SO2_AWB,0
Australia_NZ,PalmFruit,PalmFruitAEZ02,PalmFruitAEZ02,1975,SO2_AWB,0
Australia_NZ,PalmFruit,PalmFruitAEZ03,PalmFruitAEZ03,1975,SO2_AWB,0
Australia_NZ,PalmFruit,PalmFruitAEZ04,PalmFruitAEZ04,1975,SO2_AWB,0
Australia_NZ,PalmFruit,PalmFruitAEZ05,PalmFruitAEZ05,1975,SO2_AWB,0
Australia_NZ,PalmFruit,PalmFruitAEZ06,PalmFruitAEZ06,1975,SO2_AWB,0
Australia_NZ,PalmFruit,PalmFruitAEZ07,PalmFruitAEZ07,1975,SO2_AWB,0
Australia_NZ,PalmFruit,PalmFruitAEZ08,PalmFruitAEZ08,1975,SO2_AWB,0
Australia_NZ,PalmFruit,PalmFruitAEZ09,PalmFruitAEZ09,1975,SO2_AWB,0
Australia_NZ,PalmFruit,PalmFruitAEZ10,PalmFruitAEZ10,1975,SO2_AWB,0
Australia_NZ,PalmFruit,PalmFruitAEZ11,PalmFruitAEZ11,1975,SO2_AWB,0
Australia_NZ,PalmFruit,PalmFruitAEZ12,PalmFruitAEZ12,1975,SO2_AWB,0
Australia_NZ,PalmFruit,PalmFruitAEZ15,PalmFruitAEZ15,1975,SO2_AWB,0
Australia_NZ,PalmFruit,PalmFruitAEZ16,PalmFruitAEZ16,1975,SO2_AWB,0
Australia_NZ,PalmFruit,PalmFruitAEZ17,PalmFruitAEZ17,1975,SO2_AWB,0
Australia_NZ,Rice,RiceAEZ01,RiceAEZ01,1975,SO2_AWB,0
Australia_NZ,Rice,RiceAEZ02,RiceAEZ02,1975,SO2_AWB,0
Australia_NZ,Rice,RiceAEZ03,RiceAEZ03,1975,SO2_AWB,0
Australia_NZ,Rice,RiceAEZ04,RiceAEZ04,1975,SO2_AWB,0
Australia_NZ,Rice,RiceAEZ05,RiceAEZ05,1975,SO2_AWB,0
Australia_NZ,Rice,RiceAEZ06,RiceAEZ06,1975,SO2_AWB,0
Australia_NZ,Rice,RiceAEZ07,RiceAEZ07,1975,SO2_AWB,1.61507265054325e-05
Australia_NZ,Rice,RiceAEZ08,RiceAEZ08,1975,SO2_AWB,8.94635454678963e-06
Australia_NZ,Rice,RiceAEZ09,RiceAEZ09,1975,SO2_AWB,1.68547622851634e-05
Australia_NZ,Rice,RiceAEZ10,RiceAEZ10,1975,SO2_AWB,4.02479634138988e-06
Australia_NZ,Rice,RiceAEZ11,RiceAEZ11,1975,SO2_AWB,1.46997489708933e-06
Australia_NZ,Rice,RiceAEZ12,RiceAEZ12,1975,SO2_AWB,0
Australia_NZ,Rice,RiceAEZ15,RiceAEZ15,1975,SO2_AWB,0
Australia_NZ,Rice,RiceAEZ16,RiceAEZ16,1975,SO2_AWB,0
Australia_NZ,Rice,RiceAEZ17,RiceAEZ17,1975,SO2_AWB,0
Australia_NZ,Root_Tuber,Root_TuberAEZ01,Root_TuberAEZ01,1975,SO2_AWB,0
Australia_NZ,Root_Tuber,Root_TuberAEZ02,Root_TuberAEZ02,1975,SO2_AWB,0
Australia_NZ,Root_Tuber,Root_TuberAEZ03,Root_TuberAEZ03,1975,SO2_AWB,0
Australia_NZ,Root_Tuber,Root_TuberAEZ04,Root_TuberAEZ04,1975,SO2_AWB,0
Australia_NZ,Root_Tuber,Root_TuberAEZ05,Root_TuberAEZ05,1975,SO2_AWB,0
Australia_NZ,Root_Tuber,Root_TuberAEZ06,Root_TuberAEZ06,1975,SO2_AWB,0
Australia_NZ,Root_Tuber,Root_TuberAEZ07,Root_TuberAEZ07,1975,SO2_AWB,4.20305897902965e-06
Australia_NZ,Root_Tuber,Root_TuberAEZ08,Root_TuberAEZ08,1975,SO2_AWB,1.62455143994172e-06
Australia_NZ,Root_Tuber,Root_TuberAEZ09,Root_TuberAEZ09,1975,SO2_AWB,5.17962364932087e-06
Australia_NZ,Root_Tuber,Root_TuberAEZ10,Root_TuberAEZ10,1975,SO2_AWB,1.28843734891929e-06
Australia_NZ,Root_Tuber,Root_TuberAEZ11,Root_TuberAEZ11,1975,SO2_AWB,4.54701070804901e-05
Australia_NZ,Root_Tuber,Root_TuberAEZ12,Root_TuberAEZ12,1975,SO2_AWB,5.23451223593403e-05
Australia_NZ,Root_Tuber,Root_TuberAEZ15,Root_TuberAEZ15,1975,SO2_AWB,0
Australia_NZ,Root_Tuber,Root_TuberAEZ16,Root_TuberAEZ16,1975,SO2_AWB,7.57261530184673e-07
Australia_NZ,Root_Tuber,Root_TuberAEZ17,Root_TuberAEZ17,1975,SO2_AWB,3.73292630238656e-07
Australia_NZ,SugarCrop,SugarCropAEZ01,SugarCropAEZ01,1975,SO2_AWB,1.3184565621986e-05
Australia_NZ,SugarCrop,SugarCropAEZ02,SugarCropAEZ02,1975,SO2_AWB,0.000279899768943338
Australia_NZ,SugarCrop,SugarCropAEZ03,SugarCropAEZ03,1975,SO2_AWB,0.000371098061061858
Australia_NZ,SugarCrop,SugarCropAEZ04,SugarCropAEZ04,1975,SO2_AWB,0.0001823212378263
Australia_NZ,SugarCrop,SugarCropAEZ05,SugarCropAEZ05,1975,SO2_AWB,6.65645049023586e-06
Australia_NZ,SugarCrop,SugarCropAEZ06,SugarCropAEZ06,1975,SO2_AWB,1.84287110183241e-05
Australia_NZ,SugarCrop,SugarCropAEZ07,SugarCropAEZ07,1975,SO2_AWB,0.000355152172716241
Australia_NZ,SugarCrop,SugarCropAEZ08,SugarCropAEZ08,1975,SO2_AWB,0.000176148465521852
Australia_NZ,SugarCrop,SugarCropAEZ09,SugarCropAEZ09,1975,SO2_AWB,0.000172908921945921
Australia_NZ,SugarCrop,SugarCropAEZ10,SugarCropAEZ10,1975,SO2_AWB,0.00053587212327123
Australia_NZ,SugarCrop,SugarCropAEZ11,SugarCropAEZ11,1975,SO2_AWB,0.000142745007454326
Australia_NZ,SugarCrop,SugarCropAEZ12,SugarCropAEZ12,1975,SO2_AWB,0.000254141594985544
Australia_NZ,SugarCrop,SugarCropAEZ15,SugarCropAEZ15,1975,SO2_AWB,0
Australia_NZ,SugarCrop,SugarCropAEZ16,SugarCropAEZ16,1975,SO2_AWB,0
Australia_NZ,SugarCrop,SugarCropAEZ17,SugarCropAEZ17,1975,SO2_AWB,0
Australia_NZ,Wheat,WheatAEZ01,WheatAEZ01,1975,SO2_AWB,8.76889702931524e-07
Australia_NZ,Wheat,WheatAEZ02,WheatAEZ02,1975,SO2_AWB,9.28634913446274e-06
Australia_NZ,Wheat,WheatAEZ03,WheatAEZ03,1975,SO2_AWB,0
Australia_NZ,Wheat,WheatAEZ04,WheatAEZ04,1975,SO2_AWB,1.37427214938513e-06
Australia_NZ,Wheat,WheatAEZ05,WheatAEZ05,1975,SO2_AWB,0
Australia_NZ,Wheat,WheatAEZ06,WheatAEZ06,1975,SO2_AWB,5.98457243405005e-08
Australia_NZ,Wheat,WheatAEZ07,WheatAEZ07,1975,SO2_AWB,0.000208375637931738
Australia_NZ,Wheat,WheatAEZ08,WheatAEZ08,1975,SO2_AWB,0.000462836297748942
Australia_NZ,Wheat,WheatAEZ09,WheatAEZ09,1975,SO2_AWB,0.000383389237021754
Australia_NZ,Wheat,WheatAEZ10,WheatAEZ10,1975,SO2_AWB,0.000114660139628442
Australia_NZ,Wheat,WheatAEZ11,WheatAEZ11,1975,SO2_AWB,5.57981010027459e-05
Australia_NZ,Wheat,WheatAEZ12,WheatAEZ12,1975,SO2_AWB,0.000104202848506655
Australia_NZ,Wheat,WheatAEZ15,WheatAEZ15,1975,SO2_AWB,6.26609253337564e-09
Australia_NZ,Wheat,WheatAEZ16,WheatAEZ16,1975,SO2_AWB,4.26275918140076e-07
Australia_NZ,Wheat,WheatAEZ17,WheatAEZ17,1975,SO2_AWB,2.36113631692416e-09
Brazil,Corn,CornAEZ01,CornAEZ01,1975,CH4_AWB,5.11805136862848e-07
Brazil,Corn,CornAEZ02,CornAEZ02,1975,CH4_AWB,2.11655967397474e-05
Brazil,Corn,CornAEZ03,CornAEZ03,1975,CH4_AWB,0.000171261292147095
Brazil,Corn,CornAEZ04,CornAEZ04,1975,CH4_AWB,0.000241648057354339
Brazil,Corn,CornAEZ05,CornAEZ05,1975,CH4_AWB,0.00154416346820957
Brazil,Corn,CornAEZ06,CornAEZ06,1975,CH4_AWB,0.00115803206554025
Brazil,Corn,CornAEZ10,CornAEZ10,1975,CH4_AWB,1.27642347513381e-06
Brazil,Corn,CornAEZ11,CornAEZ11,1975,CH4_AWB,8.58157506476943e-07
Brazil,Corn,CornAEZ12,CornAEZ12,1975,CH4_AWB,0.00285079992304242
Brazil,FiberCrop,FiberCropAEZ01,FiberCropAEZ01,1975,CH4_AWB,1.41148413402016e-07
Brazil,FiberCrop,FiberCropAEZ02,FiberCropAEZ02,1975,CH4_AWB,1.02352636557481e-05
Brazil,FiberCrop,FiberCropAEZ03,FiberCropAEZ03,1975,CH4_AWB,4.62953438064601e-05
Brazil,FiberCrop,FiberCropAEZ04,FiberCropAEZ04,1975,CH4_AWB,0.000106320376342419
Brazil,FiberCrop,FiberCropAEZ05,FiberCropAEZ05,1975,CH4_AWB,0.000546157088291588
Brazil,FiberCrop,FiberCropAEZ06,FiberCropAEZ06,1975,CH4_AWB,7.17470297953326e-05
Brazil,FiberCrop,FiberCropAEZ10,FiberCropAEZ10,1975,CH4_AWB,0
Brazil,FiberCrop,FiberCropAEZ11,FiberCropAEZ11,1975,CH4_AWB,0
Brazil,FiberCrop,FiberCropAEZ12,FiberCropAEZ12,1975,CH4_AWB,2.43803828890455e-05
Brazil,FodderGrass,FodderGrassAEZ01,FodderGrassAEZ01,1975,CH4_AWB,0
Brazil,FodderGrass,FodderGrassAEZ02,FodderGrassAEZ02,1975,CH4_AWB,0
Brazil,FodderGrass,FodderGrassAEZ03,FodderGrassAEZ03,1975,CH4_AWB,0
Brazil,FodderGrass,FodderGrassAEZ04,FodderGrassAEZ04,1975,CH4_AWB,0
Brazil,FodderGrass,FodderGrassAEZ05,FodderGrassAEZ05,1975,CH4_AWB,0
Brazil,FodderGrass,FodderGrassAEZ06,FodderGrassAEZ06,1975,CH4_AWB,0
Brazil,FodderGrass,FodderGrassAEZ10,FodderGrassAEZ10,1975,CH4_AWB,0
Brazil,FodderGrass,FodderGrassAEZ11,FodderGrassAEZ11,1975,CH4_AWB,0
Brazil,FodderGrass,FodderGrassAEZ12,FodderGrassAEZ12,1975,CH4_AWB,0
Brazil,FodderHerb,FodderHerbAEZ01,FodderHerbAEZ01,1975,CH4_AWB,0
Brazil,FodderHerb,FodderHerbAEZ02,FodderHerbAEZ02,1975,CH4_AWB,0
Brazil,FodderHerb,FodderHerbAEZ03,FodderHerbAEZ03,1975,CH4_AWB,0
Brazil,FodderHerb,FodderHerbAEZ04,FodderHerbAEZ04,1975,CH4_AWB,0
Brazil,FodderHerb,FodderHerbAEZ05,FodderHerbAEZ05,1975,CH4_AWB,0
Brazil,FodderHerb,FodderHerbAEZ06,FodderHerbAEZ06,1975,CH4_AWB,0
Brazil,FodderHerb,FodderHerbAEZ10,FodderHerbAEZ10,1975,CH4_AWB,0
Brazil,FodderHerb,FodderHerbAEZ11,FodderHerbAEZ11,1975,CH4_AWB,0
Brazil,FodderHerb,FodderHerbAEZ12,FodderHerbAEZ12,1975,CH4_AWB,0
Brazil,MiscCrop,MiscCropAEZ01,MiscCropAEZ01,1975,CH4_AWB,1.33848167461727e-06
Brazil,MiscCrop,MiscCropAEZ02,MiscCropAEZ02,1975,CH4_AWB,0.000122137872195543
Brazil,MiscCrop,MiscCropAEZ03,MiscCropAEZ03,1975,CH4_AWB,0.000271474919788818
Brazil,MiscCrop,MiscCropAEZ04,MiscCropAEZ04,1975,CH4_AWB,0.000417321163173704
Brazil,MiscCrop,MiscCropAEZ05,MiscCropAEZ05,1975,CH4_AWB,0.00244995497653204
Brazil,MiscCrop,MiscCropAEZ06,MiscCropAEZ06,1975,CH4_AWB,0.00311341447431688
Brazil,MiscCrop,MiscCropAEZ10,MiscCropAEZ10,1975,CH4_AWB,3.53072445982019e-06
Brazil,MiscCrop,MiscCropAEZ11,MiscCropAEZ11,1975,CH4_AWB,6.57530896889132e-07
Brazil,MiscCrop,MiscCropAEZ12,MiscCropAEZ12,1975,CH4_AWB,0.00115190932299338
Brazil,OilCrop,OilCropAEZ01,OilCropAEZ01,1975,CH4_AWB,2.16603615477731e-08
Brazil,OilCrop,OilCropAEZ02,OilCropAEZ02,1975,CH4_AWB,2.91516768342957e-07
Brazil,OilCrop,OilCropAEZ03,OilCropAEZ03,1975,CH4_AWB,1.06522488282942e-05
Brazil,OilCrop,OilCropAEZ04,OilCropAEZ04,1975,CH4_AWB,0.000211195076029404
Brazil,OilCrop,OilCropAEZ05,OilCropAEZ05,1975,CH4_AWB,0.00154332136403738
Brazil,OilCrop,OilCropAEZ06,OilCropAEZ06,1975,CH4_AWB,0.000436964933872951
Brazil,OilCrop,OilCropAEZ10,OilCropAEZ10,1975,CH4_AWB,0
Brazil,OilCrop,OilCropAEZ11,OilCropAEZ11,1975,CH4_AWB,0
Brazil,OilCrop,OilCropAEZ12,OilCropAEZ12,1975,CH4_AWB,0.00144062546918768
Brazil,OtherGrain,OtherGrainAEZ01,OtherGrainAEZ01,1975,CH4_AWB,0
Brazil,OtherGrain,OtherGrainAEZ02,OtherGrainAEZ02,1975,CH4_AWB,2.04292357109697e-08
Brazil,OtherGrain,OtherGrainAEZ03,OtherGrainAEZ03,1975,CH4_AWB,4.26523419509424e-06
Brazil,OtherGrain,OtherGrainAEZ04,OtherGrainAEZ04,1975,CH4_AWB,2.34936210676153e-06
Brazil,OtherGrain,OtherGrainAEZ05,OtherGrainAEZ05,1975,CH4_AWB,6.08559386792874e-05
Brazil,OtherGrain,OtherGrainAEZ06,OtherGrainAEZ06,1975,CH4_AWB,1.82703934428611e-05
Brazil,OtherGrain,OtherGrainAEZ10,OtherGrainAEZ10,1975,CH4_AWB,0
Brazil,OtherGrain,OtherGrainAEZ11,OtherGrainAEZ11,1975,CH4_AWB,0
Brazil,OtherGrain,OtherGrainAEZ12,OtherGrainAEZ12,1975,CH4_AWB,6.00589689445852e-05
Brazil,PalmFruit,PalmFruitAEZ01,PalmFruitAEZ01,1975,CH4_AWB,4.23093884468846e-07
Brazil,PalmFruit,PalmFruitAEZ02,PalmFruitAEZ02,1975,CH4_AWB,8.6961848947875e-06
Brazil,PalmFruit,PalmFruitAEZ03,PalmFruitAEZ03,1975,CH4_AWB,5.22133375912484e-06
Brazil,PalmFruit,PalmFruitAEZ04,PalmFruitAEZ04,1975,CH4_AWB,1.76640814584999e-05
Brazil,PalmFruit,PalmFruitAEZ05,PalmFruitAEZ05,1975,CH4_AWB,4.06507710254513e-05
Brazil,PalmFruit,PalmFruitAEZ06,PalmFruitAEZ06,1975,CH4_AWB,5.63769954512507e-05
Brazil,PalmFruit,PalmFruitAEZ10,PalmFruitAEZ10,1975,CH4_AWB,0
Brazil,PalmFruit,PalmFruitAEZ11,PalmFruitAEZ11,1975,CH4_AWB,0
Brazil,PalmFruit,PalmFruitAEZ12,PalmFruitAEZ12,1975,CH4_AWB,1.0397970360591e-07
Brazil,Rice,RiceAEZ01,RiceAEZ01,1975,CH4_AWB,0
Brazil,Rice,RiceAEZ02,RiceAEZ02,1975,CH4_AWB,6.59363533748905e-06
Brazil,Rice,RiceAEZ03,RiceAEZ03,1975,CH4_AWB,6.45743143437227e-05
Brazil,Rice,RiceAEZ04,RiceAEZ04,1975,CH4_AWB,0.00023334524137295
Brazil,Rice,RiceAEZ05,RiceAEZ05,1975,CH4_AWB,0.000668627028843989
Brazil,Rice,RiceAEZ06,RiceAEZ06,1975,CH4_AWB,0.000304566155756478
Brazil,Rice,RiceAEZ10,RiceAEZ10,1975,CH4_AWB,3.56963289576502e-07
Brazil,Rice,RiceAEZ11,RiceAEZ11,1975,CH4_AWB,0
Brazil,Rice,RiceAEZ12,RiceAEZ12,1975,CH4_AWB,0.00161359754872432
Brazil,Root_Tuber,Root_TuberAEZ01,Root_TuberAEZ01,1975,CH4_AWB,1.65692329577912e-06
Brazil,Root_Tuber,Root_TuberAEZ02,Root_TuberAEZ02,1975,CH4_AWB,0.000107010453635376
Brazil,Root_Tuber,Root_TuberAEZ03,Root_TuberAEZ03,1975,CH4_AWB,0.0007252550154503
Brazil,Root_Tuber,Root_TuberAEZ04,Root_TuberAEZ04,1975,CH4_AWB,0.0018764229282612
Brazil,Root_Tuber,Root_TuberAEZ05,Root_TuberAEZ05,1975,CH4_AWB,0.00197623435135346
Brazil,Root_Tuber,Root_TuberAEZ06,Root_TuberAEZ06,1975,CH4_AWB,0.00378065079153608
Brazil,Root_Tuber,Root_TuberAEZ10,Root_TuberAEZ10,1975,CH4_AWB,1.35125106541293e-05
Brazil,Root_Tuber,Root_TuberAEZ11,Root_TuberAEZ11,1975,CH4_AWB,5.07955323990888e-08
Brazil,Root_Tuber,Root_TuberAEZ12,Root_TuberAEZ12,1975,CH4_AWB,0.00191868391218128
Brazil,SugarCrop,SugarCropAEZ01,SugarCropAEZ01,1975,CH4_AWB,8.55537920364411e-07
Brazil,SugarCrop,SugarCropAEZ02,SugarCropAEZ02,1975,CH4_AWB,0.000132845065622315
Brazil,SugarCrop,SugarCropAEZ03,SugarCropAEZ03,1975,CH4_AWB,0.000146834698720173
Brazil,SugarCrop,SugarCropAEZ04,SugarCropAEZ04,1975,CH4_AWB,0.00147652407286515
Brazil,SugarCrop,SugarCropAEZ05,SugarCropAEZ05,1975,CH4_AWB,0.013798074859127
Brazil,SugarCrop,SugarCropAEZ06,SugarCropAEZ06,1975,CH4_AWB,0.0193908023919034
Brazil,SugarCrop,SugarCropAEZ10,SugarCropAEZ10,1975,CH4_AWB,1.04307623032339e-05
Brazil,SugarCrop,SugarCropAEZ11,SugarCropAEZ11,1975,CH4_AWB,1.31282925047828e-06
Brazil,SugarCrop,SugarCropAEZ12,SugarCropAEZ12,1975,CH4_AWB,0.000951579890623539
Brazil,Wheat,WheatAEZ01,WheatAEZ01,1975,CH4_AWB,0
Brazil,Wheat,WheatAEZ02,WheatAEZ02,1975,CH4_AWB,0
Brazil,Wheat,WheatAEZ03,WheatAEZ03,1975,CH4_AWB,4.13849134277231e-06
Brazil,Wheat,WheatAEZ04,WheatAEZ04,1975,CH4_AWB,4.28871146128991e-06
Brazil,Wheat,WheatAEZ05,WheatAEZ05,1975,CH4_AWB,2.04532712824356e-05
Brazil,Wheat,WheatAEZ06,WheatAEZ06,1975,CH4_AWB,0.00021977086663305
Brazil,Wheat,WheatAEZ10,WheatAEZ10,1975,CH4_AWB,0
Brazil,Wheat,WheatAEZ11,WheatAEZ11,1975,CH4_AWB,0
Brazil,Wheat,WheatAEZ12,WheatAEZ12,1975,CH4_AWB,0.000606188057131663
Brazil,Corn,CornAEZ01,CornAEZ01,1975,CO_AWB,2.18060460947421e-05
Brazil,Corn,CornAEZ02,CornAEZ02,1975,CO_AWB,0.000901784575588064
Brazil,Corn,CornAEZ03,CornAEZ03,1975,CO_AWB,0.00729678418957606
Brazil,Corn,CornAEZ04,CornAEZ04,1975,CO_AWB,0.0102956932196358
Brazil,Corn,CornAEZ05,CornAEZ05,1975,CO_AWB,0.0657908593336728
Brazil,Corn,CornAEZ06,CornAEZ06,1975,CO_AWB,0.0493392871262391
Brazil,Corn,CornAEZ10,CornAEZ10,1975,CO_AWB,5.43834892040905e-05
Brazil,Corn,CornAEZ11,CornAEZ11,1975,CO_AWB,3.65627868791787e-05
Brazil,Corn,CornAEZ12,CornAEZ12,1975,CO_AWB,0.121461607262861
Brazil,FiberCrop,FiberCropAEZ01,FiberCropAEZ01,1975,CO_AWB,6.01379038067156e-06
Brazil,FiberCrop,FiberCropAEZ02,FiberCropAEZ02,1975,CO_AWB,0.000436085171862767
Brazil,FiberCrop,FiberCropAEZ03,FiberCropAEZ03,1975,CO_AWB,0.00197246633201755
Brazil,FiberCrop,FiberCropAEZ04,FiberCropAEZ04,1975,CO_AWB,0.00452990183245153
Brazil,FiberCrop,FiberCropAEZ05,FiberCropAEZ05,1975,CO_AWB,0.0232696504674747
Brazil,FiberCrop,FiberCropAEZ06,FiberCropAEZ06,1975,CO_AWB,0.00305686466624331
Brazil,FiberCrop,FiberCropAEZ10,FiberCropAEZ10,1975,CO_AWB,0
Brazil,FiberCrop,FiberCropAEZ11,FiberCropAEZ11,1975,CO_AWB,0
Brazil,FiberCrop,FiberCropAEZ12,FiberCropAEZ12,1975,CO_AWB,0.0010387542343649
Brazil,FodderGrass,FodderGrassAEZ01,FodderGrassAEZ01,1975,CO_AWB,0
Brazil,FodderGrass,FodderGrassAEZ02,FodderGrassAEZ02,1975,CO_AWB,0
Brazil,FodderGrass,FodderGrassAEZ03,FodderGrassAEZ03,1975,CO_AWB,0
Brazil,FodderGrass,FodderGrassAEZ04,FodderGrassAEZ04,1975,CO_AWB,0
Brazil,FodderGrass,FodderGrassAEZ05,FodderGrassAEZ05,1975,CO_AWB,0
Brazil,FodderGrass,FodderGrassAEZ06,FodderGrassAEZ06,1975,CO_AWB,0
Brazil,FodderGrass,FodderGrassAEZ10,FodderGrassAEZ10,1975,CO_AWB,0
Brazil,FodderGrass,FodderGrassAEZ11,FodderGrassAEZ11,1975,CO_AWB,0
Brazil,FodderGrass,FodderGrassAEZ12,FodderGrassAEZ12,1975,CO_AWB,0
Brazil,FodderHerb,FodderHerbAEZ01,FodderHerbAEZ01,1975,CO_AWB,0
Brazil,FodderHerb,FodderHerbAEZ02,FodderHerbAEZ02,1975,CO_AWB,0
Brazil,FodderHerb,FodderHerbAEZ03,FodderHerbAEZ03,1975,CO_AWB,0
Brazil,FodderHerb,FodderHerbAEZ04,FodderHerbAEZ04,1975,CO_AWB,0
Brazil,FodderHerb,FodderHerbAEZ05,FodderHerbAEZ05,1975,CO_AWB,0
Brazil,FodderHerb,FodderHerbAEZ06,FodderHerbAEZ06,1975,CO_AWB,0
Brazil,FodderHerb,FodderHerbAEZ10,FodderHerbAEZ10,1975,CO_AWB,0
Brazil,FodderHerb,FodderHerbAEZ11,FodderHerbAEZ11,1975,CO_AWB,0
Brazil,FodderHerb,FodderHerbAEZ12,FodderHerbAEZ12,1975,CO_AWB,0
Brazil,MiscCrop,MiscCropAEZ01,MiscCropAEZ01,1975,CO_AWB,5.70275501191252e-05
Brazil,MiscCrop,MiscCropAEZ02,MiscCropAEZ02,1975,CO_AWB,0.00520382442297262
Brazil,MiscCrop,MiscCropAEZ03,MiscCropAEZ03,1975,CO_AWB,0.0115665009748969
Brazil,MiscCrop,MiscCropAEZ04,MiscCropAEZ04,1975,CO_AWB,0.017780447801398
Brazil,MiscCrop,MiscCropAEZ05,MiscCropAEZ05,1975,CO_AWB,0.104383147609198
Brazil,MiscCrop,MiscCropAEZ06,MiscCropAEZ06,1975,CO_AWB,0.132650602053618
Brazil,MiscCrop,MiscCropAEZ10,MiscCropAEZ10,1975,CO_AWB,0.000150430573617522
Brazil,MiscCrop,MiscCropAEZ11,MiscCropAEZ11,1975,CO_AWB,2.80148595892734e-05
Brazil,MiscCrop,MiscCropAEZ12,MiscCropAEZ12,1975,CO_AWB,0.0490784206429096
Brazil,OilCrop,OilCropAEZ01,OilCropAEZ01,1975,CO_AWB,9.22864598887552e-07
Brazil,OilCrop,OilCropAEZ02,OilCropAEZ02,1975,CO_AWB,1.24204069674671e-05
Brazil,OilCrop,OilCropAEZ03,OilCropAEZ03,1975,CO_AWB,0.000453851304397306
Brazil,OilCrop,OilCropAEZ04,OilCropAEZ04,1975,CO_AWB,0.00899820894942262
Brazil,OilCrop,OilCropAEZ05,OilCropAEZ05,1975,CO_AWB,0.0657549805175518
Brazil,OilCrop,OilCropAEZ06,OilCropAEZ06,1975,CO_AWB,0.0186173932294332
Brazil,OilCrop,OilCropAEZ10,OilCropAEZ10,1975,CO_AWB,0
Brazil,OilCrop,OilCropAEZ11,OilCropAEZ11,1975,CO_AWB,0
Brazil,OilCrop,OilCropAEZ12,OilCropAEZ12,1975,CO_AWB,0.0613795038848633
Brazil,OtherGrain,OtherGrainAEZ01,OtherGrainAEZ01,1975,CO_AWB,0
Brazil,OtherGrain,OtherGrainAEZ02,OtherGrainAEZ02,1975,CO_AWB,8.70411067626969e-07
Brazil,OtherGrain,OtherGrainAEZ03,OtherGrainAEZ03,1975,CO_AWB,0.000181725205091131
Brazil,OtherGrain,OtherGrainAEZ04,OtherGrainAEZ04,1975,CO_AWB,0.000100097272777102
Brazil,OtherGrain,OtherGrainAEZ05,OtherGrainAEZ05,1975,CO_AWB,0.0025928372116651
Brazil,OtherGrain,OtherGrainAEZ06,OtherGrainAEZ06,1975,CO_AWB,0.000778431111547964
Brazil,OtherGrain,OtherGrainAEZ10,OtherGrainAEZ10,1975,CO_AWB,0
Brazil,OtherGrain,OtherGrainAEZ11,OtherGrainAEZ11,1975,CO_AWB,0
Brazil,OtherGrain,OtherGrainAEZ12,OtherGrainAEZ12,1975,CO_AWB,0.00255888140012801
Brazil,PalmFruit,PalmFruitAEZ01,PalmFruitAEZ01,1975,CO_AWB,1.80264012270036e-05
Brazil,PalmFruit,PalmFruitAEZ02,PalmFruitAEZ02,1975,CO_AWB,0.0003705109523255
Brazil,PalmFruit,PalmFruitAEZ03,PalmFruitAEZ03,1975,CO_AWB,0.000222460925901219
Brazil,PalmFruit,PalmFruitAEZ04,PalmFruitAEZ04,1975,CO_AWB,0.000752598492594945
Brazil,PalmFruit,PalmFruitAEZ05,PalmFruitAEZ05,1975,CO_AWB,0.00173197282114295
Brazil,PalmFruit,PalmFruitAEZ06,PalmFruitAEZ06,1975,CO_AWB,0.00240200668760087
Brazil,PalmFruit,PalmFruitAEZ10,PalmFruitAEZ10,1975,CO_AWB,0
Brazil,PalmFruit,PalmFruitAEZ11,PalmFruitAEZ11,1975,CO_AWB,0
Brazil,PalmFruit,PalmFruitAEZ12,PalmFruitAEZ12,1975,CO_AWB,4.43017478028109e-06
Brazil,Rice,RiceAEZ01,RiceAEZ01,1975,CO_AWB,0
Brazil,Rice,RiceAEZ02,RiceAEZ02,1975,CO_AWB,0.00028092941189009
Brazil,Rice,RiceAEZ03,RiceAEZ03,1975,CO_AWB,0.0027512628805305
Brazil,Rice,RiceAEZ04,RiceAEZ04,1975,CO_AWB,0.00994194220198075
Brazil,Rice,RiceAEZ05,RiceAEZ05,1975,CO_AWB,0.0284876230444511
Brazil,Rice,RiceAEZ06,RiceAEZ06,1975,CO_AWB,0.012976391116418
Brazil,Rice,RiceAEZ10,RiceAEZ10,1975,CO_AWB,1.52088312250018e-05
Brazil,Rice,RiceAEZ11,RiceAEZ11,1975,CO_AWB,0
Brazil,Rice,RiceAEZ12,RiceAEZ12,1975,CO_AWB,0.0687491781374492
Brazil,Root_Tuber,Root_TuberAEZ01,Root_TuberAEZ01,1975,CO_AWB,7.05951213867824e-05
Brazil,Root_Tuber,Root_TuberAEZ02,Root_TuberAEZ02,1975,CO_AWB,0.00455930336865217
Brazil,Root_Tuber,Root_TuberAEZ03,Root_TuberAEZ03,1975,CO_AWB,0.0309003234986877
Brazil,Root_Tuber,Root_TuberAEZ04,Root_TuberAEZ04,1975,CO_AWB,0.0799471555086398
Brazil,Root_Tuber,Root_TuberAEZ05,Root_TuberAEZ05,1975,CO_AWB,0.0841997359068606
Brazil,Root_Tuber,Root_TuberAEZ06,Root_TuberAEZ06,1975,CO_AWB,0.161078972230893
Brazil,Root_Tuber,Root_TuberAEZ10,Root_TuberAEZ10,1975,CO_AWB,0.000575716046903604
Brazil,Root_Tuber,Root_TuberAEZ11,Root_TuberAEZ11,1975,CO_AWB,2.16420203925839e-06
Brazil,Root_Tuber,Root_TuberAEZ12,Root_TuberAEZ12,1975,CO_AWB,0.0817477333008421
Brazil,SugarCrop,SugarCropAEZ01,SugarCropAEZ01,1975,CO_AWB,3.64511764020562e-05
Brazil,SugarCrop,SugarCropAEZ02,SugarCropAEZ02,1975,CO_AWB,0.00566001670513816
Brazil,SugarCrop,SugarCropAEZ03,SugarCropAEZ03,1975,CO_AWB,0.0062560611021333
Brazil,SugarCrop,SugarCropAEZ04,SugarCropAEZ04,1975,CO_AWB,0.0629090051542838
Brazil,SugarCrop,SugarCropAEZ05,SugarCropAEZ05,1975,CO_AWB,0.587882838068221
Brazil,SugarCrop,SugarCropAEZ06,SugarCropAEZ06,1975,CO_AWB,0.826167422554008
Brazil,SugarCrop,SugarCropAEZ10,SugarCropAEZ10,1975,CO_AWB,0.00044441461643354
Brazil,SugarCrop,SugarCropAEZ11,SugarCropAEZ11,1975,CO_AWB,5.5934599105297e-05
Brazil,SugarCrop,SugarCropAEZ12,SugarCropAEZ12,1975,CO_AWB,0.0405431549299341
Brazil,Wheat,WheatAEZ01,WheatAEZ01,1975,CO_AWB,0
Brazil,Wheat,WheatAEZ02,WheatAEZ02,1975,CO_AWB,0
Brazil,Wheat,WheatAEZ03,WheatAEZ03,1975,CO_AWB,0.000176325180197181
Brazil,Wheat,WheatAEZ04,WheatAEZ04,1975,CO_AWB,0.000182725481000786
Brazil,Wheat,WheatAEZ05,WheatAEZ05,1975,CO_AWB,0.000871435130774342
Brazil,Wheat,WheatAEZ06,WheatAEZ06,1975,CO_AWB,0.00936359036459994
Brazil,Wheat,WheatAEZ10,WheatAEZ10,1975,CO_AWB,0
Brazil,Wheat,WheatAEZ11,WheatAEZ11,1975,CO_AWB,0
Brazil,Wheat,WheatAEZ12,WheatAEZ12,1975,CO_AWB,0.0258273388909684
Brazil,Corn,CornAEZ01,CornAEZ01,1975,N2O_AWB,1.32634713359772e-08
Brazil,Corn,CornAEZ02,CornAEZ02,1975,N2O_AWB,5.4850814391439e-07
Brazil,Corn,CornAEZ03,CornAEZ03,1975,N2O_AWB,4.43825017716482e-06
Brazil,Corn,CornAEZ04,CornAEZ04,1975,N2O_AWB,6.26232886555168e-06
Brazil,Corn,CornAEZ05,CornAEZ05,1975,N2O_AWB,4.00171206256361e-05
Brazil,Corn,CornAEZ06,CornAEZ06,1975,N2O_AWB,3.00104942314238e-05
Brazil,Corn,CornAEZ10,CornAEZ10,1975,N2O_AWB,3.30786171447561e-08
Brazil,Corn,CornAEZ11,CornAEZ11,1975,N2O_AWB,2.22392208852736e-08
Brazil,Corn,CornAEZ12,CornAEZ12,1975,N2O_AWB,7.3878709572256e-05
Brazil,FiberCrop,FiberCropAEZ01,FiberCropAEZ01,1975,N2O_AWB,3.65787249958373e-09
Brazil,FiberCrop,FiberCropAEZ02,FiberCropAEZ02,1975,N2O_AWB,2.65247681854673e-07
Brazil,FiberCrop,FiberCropAEZ03,FiberCropAEZ03,1975,N2O_AWB,1.19974756277356e-06
Brazil,FiberCrop,FiberCropAEZ04,FiberCropAEZ04,1975,N2O_AWB,2.75530111458392e-06
Brazil,FiberCrop,FiberCropAEZ05,FiberCropAEZ05,1975,N2O_AWB,1.41537049235155e-05
Brazil,FiberCrop,FiberCropAEZ06,FiberCropAEZ06,1975,N2O_AWB,1.85933005472531e-06
Brazil,FiberCrop,FiberCropAEZ10,FiberCropAEZ10,1975,N2O_AWB,0
Brazil,FiberCrop,FiberCropAEZ11,FiberCropAEZ11,1975,N2O_AWB,0
Brazil,FiberCrop,FiberCropAEZ12,FiberCropAEZ12,1975,N2O_AWB,6.31819585850814e-07
Brazil,FodderGrass,FodderGrassAEZ01,FodderGrassAEZ01,1975,N2O_AWB,0
Brazil,FodderGrass,FodderGrassAEZ02,FodderGrassAEZ02,1975,N2O_AWB,0
Brazil,FodderGrass,FodderGrassAEZ03,FodderGrassAEZ03,1975,N2O_AWB,0
Brazil,FodderGrass,FodderGrassAEZ04,FodderGrassAEZ04,1975,N2O_AWB,0
Brazil,FodderGrass,FodderGrassAEZ05,FodderGrassAEZ05,1975,N2O_AWB,0
Brazil,FodderGrass,FodderGrassAEZ06,FodderGrassAEZ06,1975,N2O_AWB,0
Brazil,FodderGrass,FodderGrassAEZ10,FodderGrassAEZ10,1975,N2O_AWB,0
Brazil,FodderGrass,FodderGrassAEZ11,FodderGrassAEZ11,1975,N2O_AWB,0
Brazil,FodderGrass,FodderGrassAEZ12,FodderGrassAEZ12,1975,N2O_AWB,0
Brazil,FodderHerb,FodderHerbAEZ01,FodderHerbAEZ01,1975,N2O_AWB,0
Brazil,FodderHerb,FodderHerbAEZ02,FodderHerbAEZ02,1975,N2O_AWB,0
Brazil,FodderHerb,FodderHerbAEZ03,FodderHerbAEZ03,1975,N2O_AWB,0
Brazil,FodderHerb,FodderHerbAEZ04,FodderHerbAEZ04,1975,N2O_AWB,0
Brazil,FodderHerb,FodderHerbAEZ05,FodderHerbAEZ05,1975,N2O_AWB,0
Brazil,FodderHerb,FodderHerbAEZ06,FodderHerbAEZ06,1975,N2O_AWB,0
Brazil,FodderHerb,FodderHerbAEZ10,FodderHerbAEZ10,1975,N2O_AWB,0
Brazil,FodderHerb,FodderHerbAEZ11,FodderHerbAEZ11,1975,N2O_AWB,0
Brazil,FodderHerb,FodderHerbAEZ12,FodderHerbAEZ12,1975,N2O_AWB,0
Brazil,MiscCrop,MiscCropAEZ01,MiscCropAEZ01,1975,N2O_AWB,3.46868603817359e-08
Brazil,MiscCrop,MiscCropAEZ02,MiscCropAEZ02,1975,N2O_AWB,3.16521279335448e-06
Brazil,MiscCrop,MiscCropAEZ03,MiscCropAEZ03,1975,N2O_AWB,7.03529440741154e-06
Brazil,MiscCrop,MiscCropAEZ04,MiscCropAEZ04,1975,N2O_AWB,1.08149115493039e-05
Brazil,MiscCrop,MiscCropAEZ05,MiscCropAEZ05,1975,N2O_AWB,6.34907805045639e-05
Brazil,MiscCrop,MiscCropAEZ06,MiscCropAEZ06,1975,N2O_AWB,8.06843868161184e-05
Brazil,MiscCrop,MiscCropAEZ10,MiscCropAEZ10,1975,N2O_AWB,9.14990086951939e-08
Brazil,MiscCrop,MiscCropAEZ11,MiscCropAEZ11,1975,N2O_AWB,1.70399661419292e-08
Brazil,MiscCrop,MiscCropAEZ12,MiscCropAEZ12,1975,N2O_AWB,2.98518228652749e-05
Brazil,OilCrop,OilCropAEZ01,OilCropAEZ01,1975,N2O_AWB,5.61330013756346e-10
Brazil,OilCrop,OilCropAEZ02,OilCropAEZ02,1975,N2O_AWB,7.55468052660371e-09
Brazil,OilCrop,OilCropAEZ03,OilCropAEZ03,1975,N2O_AWB,2.76053886179805e-07
Brazil,OilCrop,OilCropAEZ04,OilCropAEZ04,1975,N2O_AWB,5.47313740222613e-06
Brazil,OilCrop,OilCropAEZ05,OilCropAEZ05,1975,N2O_AWB,3.99952974282016e-05
Brazil,OilCrop,OilCropAEZ06,OilCropAEZ06,1975,N2O_AWB,1.13239814488305e-05
Brazil,OilCrop,OilCropAEZ10,OilCropAEZ10,1975,N2O_AWB,0
Brazil,OilCrop,OilCropAEZ11,OilCropAEZ11,1975,N2O_AWB,0
Brazil,OilCrop,OilCropAEZ12,OilCropAEZ12,1975,N2O_AWB,3.73339250433705e-05
Brazil,OtherGrain,OtherGrainAEZ01,OtherGrainAEZ01,1975,N2O_AWB,0
Brazil,OtherGrain,OtherGrainAEZ02,OtherGrainAEZ02,1975,N2O_AWB,5.2942528855661e-10
Brazil,OtherGrain,OtherGrainAEZ03,OtherGrainAEZ03,1975,N2O_AWB,1.1053388763275e-07
Brazil,OtherGrain,OtherGrainAEZ04,OtherGrainAEZ04,1975,N2O_AWB,6.08839081840104e-08
Brazil,OtherGrain,OtherGrainAEZ05,OtherGrainAEZ05,1975,N2O_AWB,1.57708655142516e-06
Brazil,OtherGrain,OtherGrainAEZ06,OtherGrainAEZ06,1975,N2O_AWB,4.73478717333298e-07
Brazil,OtherGrain,OtherGrainAEZ10,OtherGrainAEZ10,1975,N2O_AWB,0
Brazil,OtherGrain,OtherGrainAEZ11,OtherGrainAEZ11,1975,N2O_AWB,0
Brazil,OtherGrain,OtherGrainAEZ12,OtherGrainAEZ12,1975,N2O_AWB,1.55643301657271e-06
Brazil,PalmFruit,PalmFruitAEZ01,PalmFruitAEZ01,1975,N2O_AWB,1.09645120865279e-08
Brazil,PalmFruit,PalmFruitAEZ02,PalmFruitAEZ02,1975,N2O_AWB,2.2536233182685e-07
Brazil,PalmFruit,PalmFruitAEZ03,PalmFruitAEZ03,1975,N2O_AWB,1.35311284826515e-07
Brazil,PalmFruit,PalmFruitAEZ04,PalmFruitAEZ04,1975,N2O_AWB,4.57766093434039e-07
Brazil,PalmFruit,PalmFruitAEZ05,PalmFruitAEZ05,1975,N2O_AWB,1.05346800461272e-06
Brazil,PalmFruit,PalmFruitAEZ06,PalmFruitAEZ06,1975,N2O_AWB,1.46101437699434e-06
Brazil,PalmFruit,PalmFruitAEZ10,PalmFruitAEZ10,1975,N2O_AWB,0
Brazil,PalmFruit,PalmFruitAEZ11,PalmFruitAEZ11,1975,N2O_AWB,0
Brazil,PalmFruit,PalmFruitAEZ12,PalmFruitAEZ12,1975,N2O_AWB,2.69464239212974e-09
Brazil,Rice,RiceAEZ01,RiceAEZ01,1975,N2O_AWB,0
Brazil,Rice,RiceAEZ02,RiceAEZ02,1975,N2O_AWB,1.70874590737271e-07
Brazil,Rice,RiceAEZ03,RiceAEZ03,1975,N2O_AWB,1.67344855619896e-06
Brazil,Rice,RiceAEZ04,RiceAEZ04,1975,N2O_AWB,6.04716072079242e-06
Brazil,Rice,RiceAEZ05,RiceAEZ05,1975,N2O_AWB,1.73275232950785e-05
Brazil,Rice,RiceAEZ06,RiceAEZ06,1975,N2O_AWB,7.89285645225425e-06
Brazil,Rice,RiceAEZ10,RiceAEZ10,1975,N2O_AWB,9.25073239458872e-09
Brazil,Rice,RiceAEZ11,RiceAEZ11,1975,N2O_AWB,0
Brazil,Rice,RiceAEZ12,RiceAEZ12,1975,N2O_AWB,4.18165104135e-05
Brazil,Root_Tuber,Root_TuberAEZ01,Root_TuberAEZ01,1975,N2O_AWB,4.29393006373213e-08
Brazil,Root_Tuber,Root_TuberAEZ02,Root_TuberAEZ02,1975,N2O_AWB,2.77318452320081e-06
Brazil,Root_Tuber,Root_TuberAEZ03,Root_TuberAEZ03,1975,N2O_AWB,1.87950421280678e-05
Brazil,Root_Tuber,Root_TuberAEZ04,Root_TuberAEZ04,1975,N2O_AWB,4.86276512887603e-05
Brazil,Root_Tuber,Root_TuberAEZ05,Root_TuberAEZ05,1975,N2O_AWB,5.12142723557193e-05
Brazil,Root_Tuber,Root_TuberAEZ06,Root_TuberAEZ06,1975,N2O_AWB,9.79758697074503e-05
Brazil,Root_Tuber,Root_TuberAEZ10,Root_TuberAEZ10,1975,N2O_AWB,3.50177801724872e-07
Brazil,Root_Tuber,Root_TuberAEZ11,Root_TuberAEZ11,1975,N2O_AWB,1.31637031253861e-09
Brazil,Root_Tuber,Root_TuberAEZ12,Root_TuberAEZ12,1975,N2O_AWB,4.97228480902029e-05
Brazil,SugarCrop,SugarCropAEZ01,SugarCropAEZ01,1975,N2O_AWB,2.21713341002197e-08
Brazil,SugarCrop,SugarCropAEZ02,SugarCropAEZ02,1975,N2O_AWB,3.44269057322837e-06
Brazil,SugarCrop,SugarCropAEZ03,SugarCropAEZ03,1975,N2O_AWB,3.80523304150376e-06
Brazil,SugarCrop,SugarCropAEZ04,SugarCropAEZ04,1975,N2O_AWB,3.82642402484819e-05
Brazil,SugarCrop,SugarCropAEZ05,SugarCropAEZ05,1975,N2O_AWB,0.000357578221093041
Brazil,SugarCrop,SugarCropAEZ06,SugarCropAEZ06,1975,N2O_AWB,0.000502514205470995
Brazil,SugarCrop,SugarCropAEZ10,SugarCropAEZ10,1975,N2O_AWB,2.70314045047205e-07
Brazil,SugarCrop,SugarCropAEZ11,SugarCropAEZ11,1975,N2O_AWB,3.4022075744459e-08
Brazil,SugarCrop,SugarCropAEZ12,SugarCropAEZ12,1975,N2O_AWB,2.46602694934651e-05
Brazil,Wheat,WheatAEZ01,WheatAEZ01,1975,N2O_AWB,0
Brazil,Wheat,WheatAEZ02,WheatAEZ02,1975,N2O_AWB,0
Brazil,Wheat,WheatAEZ03,WheatAEZ03,1975,N2O_AWB,1.07249336408594e-07
Brazil,Wheat,WheatAEZ04,WheatAEZ04,1975,N2O_AWB,1.11142302876766e-07
Brazil,Wheat,WheatAEZ05,WheatAEZ05,1975,N2O_AWB,5.30048172326661e-07
Brazil,Wheat,WheatAEZ06,WheatAEZ06,1975,N2O_AWB,5.69537970630306e-06
Brazil,Wheat,WheatAEZ10,WheatAEZ10,1975,N2O_AWB,0
Brazil,Wheat,WheatAEZ11,WheatAEZ11,1975,N2O_AWB,0
Brazil,Wheat,WheatAEZ12,WheatAEZ12,1975,N2O_AWB,1.57094123151251e-05
Brazil,Corn,CornAEZ01,CornAEZ01,1975,NH3_AWB,2.46535710143305e-07
Brazil,Corn,CornAEZ02,CornAEZ02,1975,NH3_AWB,1.01954338614596e-05
Brazil,Corn,CornAEZ03,CornAEZ03,1975,NH3_AWB,8.24962886037981e-05
Brazil,Corn,CornAEZ04,CornAEZ04,1975,NH3_AWB,0.000116401480043305
Brazil,Corn,CornAEZ05,CornAEZ05,1975,NH3_AWB,0.000743821055696851
Brazil,Corn,CornAEZ06,CornAEZ06,1975,NH3_AWB,0.000557822180911775
Brazil,Corn,CornAEZ10,CornAEZ10,1975,NH3_AWB,6.14851132238686e-07
Brazil,Corn,CornAEZ11,CornAEZ11,1975,NH3_AWB,4.1337308877147e-07
Brazil,Corn,CornAEZ12,CornAEZ12,1975,NH3_AWB,0.0013732257315973
Brazil,FiberCrop,FiberCropAEZ01,FiberCropAEZ01,1975,NH3_AWB,6.79909634103417e-08
Brazil,FiberCrop,FiberCropAEZ02,FiberCropAEZ02,1975,NH3_AWB,4.93031001865465e-06
Brazil,FiberCrop,FiberCropAEZ03,FiberCropAEZ03,1975,NH3_AWB,2.23003925509888e-05
Brazil,FiberCrop,FiberCropAEZ04,FiberCropAEZ04,1975,NH3_AWB,5.12143540507406e-05
Brazil,FiberCrop,FiberCropAEZ05,FiberCropAEZ05,1975,NH3_AWB,0.000263082989821278
Brazil,FiberCrop,FiberCropAEZ06,FiberCropAEZ06,1975,NH3_AWB,3.45604287008264e-05
Brazil,FiberCrop,FiberCropAEZ10,FiberCropAEZ10,1975,NH3_AWB,0
Brazil,FiberCrop,FiberCropAEZ11,FiberCropAEZ11,1975,NH3_AWB,0
Brazil,FiberCrop,FiberCropAEZ12,FiberCropAEZ12,1975,NH3_AWB,1.17439911720293e-05
Brazil,FodderGrass,FodderGrassAEZ01,FodderGrassAEZ01,1975,NH3_AWB,0
Brazil,FodderGrass,FodderGrassAEZ02,FodderGrassAEZ02,1975,NH3_AWB,0
Brazil,FodderGrass,FodderGrassAEZ03,FodderGrassAEZ03,1975,NH3_AWB,0
Brazil,FodderGrass,FodderGrassAEZ04,FodderGrassAEZ04,1975,NH3_AWB,0
Brazil,FodderGrass,FodderGrassAEZ05,FodderGrassAEZ05,1975,NH3_AWB,0
Brazil,FodderGrass,FodderGrassAEZ06,FodderGrassAEZ06,1975,NH3_AWB,0
Brazil,FodderGrass,FodderGrassAEZ10,FodderGrassAEZ10,1975,NH3_AWB,0
Brazil,FodderGrass,FodderGrassAEZ11,FodderGrassAEZ11,1975,NH3_AWB,0
Brazil,FodderGrass,FodderGrassAEZ12,FodderGrassAEZ12,1975,NH3_AWB,0
Brazil,FodderHerb,FodderHerbAEZ01,FodderHerbAEZ01,1975,NH3_AWB,0
Brazil,FodderHerb,FodderHerbAEZ02,FodderHerbAEZ02,1975,NH3_AWB,0
Brazil,FodderHerb,FodderHerbAEZ03,FodderHerbAEZ03,1975,NH3_AWB,0
Brazil,FodderHerb,FodderHerbAEZ04,FodderHerbAEZ04,1975,NH3_AWB,0
Brazil,FodderHerb,FodderHerbAEZ05,FodderHerbAEZ05,1975,NH3_AWB,0
Brazil,FodderHerb,FodderHerbAEZ06,FodderHerbAEZ06,1975,NH3_AWB,0
Brazil,FodderHerb,FodderHerbAEZ10,FodderHerbAEZ10,1975,NH3_AWB,0
Brazil,FodderHerb,FodderHerbAEZ11,FodderHerbAEZ11,1975,NH3_AWB,0
Brazil,FodderHerb,FodderHerbAEZ12,FodderHerbAEZ12,1975,NH3_AWB,0
Brazil,MiscCrop,MiscCropAEZ01,MiscCropAEZ01,1975,NH3_AWB,6.44744466982549e-07
Brazil,MiscCrop,MiscCropAEZ02,MiscCropAEZ02,1975,NH3_AWB,5.88336163284534e-05
Brazil,MiscCrop,MiscCropAEZ03,MiscCropAEZ03,1975,NH3_AWB,0.000130769031640587
Brazil,MiscCrop,MiscCropAEZ04,MiscCropAEZ04,1975,NH3_AWB,0.000201022932187626
Brazil,MiscCrop,MiscCropAEZ05,MiscCropAEZ05,1975,NH3_AWB,0.00118013936644076
Brazil,MiscCrop,MiscCropAEZ06,MiscCropAEZ06,1975,NH3_AWB,0.00149972673799452
Brazil,MiscCrop,MiscCropAEZ10,MiscCropAEZ10,1975,NH3_AWB,1.70074428591632e-06
Brazil,MiscCrop,MiscCropAEZ11,MiscCropAEZ11,1975,NH3_AWB,3.16731574050548e-07
Brazil,MiscCrop,MiscCropAEZ12,MiscCropAEZ12,1975,NH3_AWB,0.000554872865687878
Brazil,OilCrop,OilCropAEZ01,OilCropAEZ01,1975,NH3_AWB,1.04337612726462e-08
Brazil,OilCrop,OilCropAEZ02,OilCropAEZ02,1975,NH3_AWB,1.40423157810883e-07
Brazil,OilCrop,OilCropAEZ03,OilCropAEZ03,1975,NH3_AWB,5.13117110469807e-06
Brazil,OilCrop,OilCropAEZ04,OilCropAEZ04,1975,NH3_AWB,0.000101732327984881
Brazil,OilCrop,OilCropAEZ05,OilCropAEZ05,1975,NH3_AWB,0.000743415415473352
Brazil,OilCrop,OilCropAEZ06,OilCropAEZ06,1975,NH3_AWB,0.000210485304896341
Brazil,OilCrop,OilCropAEZ10,OilCropAEZ10,1975,NH3_AWB,0
Brazil,OilCrop,OilCropAEZ11,OilCropAEZ11,1975,NH3_AWB,0
Brazil,OilCrop,OilCropAEZ12,OilCropAEZ12,1975,NH3_AWB,0.000693946968320276
Brazil,OtherGrain,OtherGrainAEZ01,OtherGrainAEZ01,1975,NH3_AWB,0
Brazil,OtherGrain,OtherGrainAEZ02,OtherGrainAEZ02,1975,NH3_AWB,9.84072993983755e-09
Brazil,OtherGrain,OtherGrainAEZ03,OtherGrainAEZ03,1975,NH3_AWB,2.05455644243924e-06
Brazil,OtherGrain,OtherGrainAEZ04,OtherGrainAEZ04,1975,NH3_AWB,1.13168394308132e-06
Brazil,OtherGrain,OtherGrainAEZ05,OtherGrainAEZ05,1975,NH3_AWB,2.93142076507841e-05
Brazil,OtherGrain,OtherGrainAEZ06,OtherGrainAEZ06,1975,NH3_AWB,8.80081909619519e-06
Brazil,OtherGrain,OtherGrainAEZ10,OtherGrainAEZ10,1975,NH3_AWB,0
Brazil,OtherGrain,OtherGrainAEZ11,OtherGrainAEZ11,1975,NH3_AWB,0
Brazil,OtherGrain,OtherGrainAEZ12,OtherGrainAEZ12,1975,NH3_AWB,2.89303086131311e-05
Brazil,PalmFruit,PalmFruitAEZ01,PalmFruitAEZ01,1975,NH3_AWB,2.03803642738288e-07
Brazil,PalmFruit,PalmFruitAEZ02,PalmFruitAEZ02,1975,NH3_AWB,4.18893825825049e-06
Brazil,PalmFruit,PalmFruitAEZ03,PalmFruitAEZ03,1975,NH3_AWB,2.51510806259454e-06
Brazil,PalmFruit,PalmFruitAEZ04,PalmFruitAEZ04,1975,NH3_AWB,8.50875958981914e-06
Brazil,PalmFruit,PalmFruitAEZ05,PalmFruitAEZ05,1975,NH3_AWB,1.95814109331969e-05
Brazil,PalmFruit,PalmFruitAEZ06,PalmFruitAEZ06,1975,NH3_AWB,2.71567079113638e-05
Brazil,PalmFruit,PalmFruitAEZ10,PalmFruitAEZ10,1975,NH3_AWB,0
Brazil,PalmFruit,PalmFruitAEZ11,PalmFruitAEZ11,1975,NH3_AWB,0
Brazil,PalmFruit,PalmFruitAEZ12,PalmFruitAEZ12,1975,NH3_AWB,5.00868557633155e-08
Brazil,Rice,RiceAEZ01,RiceAEZ01,1975,NH3_AWB,0
Brazil,Rice,RiceAEZ02,RiceAEZ02,1975,NH3_AWB,3.17614352274362e-06
Brazil,Rice,RiceAEZ03,RiceAEZ03,1975,NH3_AWB,3.11053432197434e-05
Brazil,Rice,RiceAEZ04,RiceAEZ04,1975,NH3_AWB,0.000112402026957102
Brazil,Rice,RiceAEZ05,RiceAEZ05,1975,NH3_AWB,0.000322076562942419
Brazil,Rice,RiceAEZ06,RiceAEZ06,1975,NH3_AWB,0.000146709026711393
Brazil,Rice,RiceAEZ10,RiceAEZ10,1975,NH3_AWB,1.71948641684728e-07
Brazil,Rice,RiceAEZ11,RiceAEZ11,1975,NH3_AWB,0
Brazil,Rice,RiceAEZ12,RiceAEZ12,1975,NH3_AWB,0.000777267340454323
Brazil,Root_Tuber,Root_TuberAEZ01,Root_TuberAEZ01,1975,NH3_AWB,7.98137283032695e-07
Brazil,Root_Tuber,Root_TuberAEZ02,Root_TuberAEZ02,1975,NH3_AWB,5.15467631713596e-05
Brazil,Root_Tuber,Root_TuberAEZ03,Root_TuberAEZ03,1975,NH3_AWB,0.000349354172888944
Brazil,Root_Tuber,Root_TuberAEZ04,Root_TuberAEZ04,1975,NH3_AWB,0.000903869902485997
Brazil,Root_Tuber,Root_TuberAEZ05,Root_TuberAEZ05,1975,NH3_AWB,0.000951948904239077
Brazil,Root_Tuber,Root_TuberAEZ06,Root_TuberAEZ06,1975,NH3_AWB,0.00182113339738707
Brazil,Root_Tuber,Root_TuberAEZ10,Root_TuberAEZ10,1975,NH3_AWB,6.50895461963181e-06
Brazil,Root_Tuber,Root_TuberAEZ11,Root_TuberAEZ11,1975,NH3_AWB,2.44681261483165e-08
Brazil,Root_Tuber,Root_TuberAEZ12,Root_TuberAEZ12,1975,NH3_AWB,0.000924226950377218
Brazil,SugarCrop,SugarCropAEZ01,SugarCropAEZ01,1975,NH3_AWB,4.12111238360016e-07
Brazil,SugarCrop,SugarCropAEZ02,SugarCropAEZ02,1975,NH3_AWB,6.39912541577476e-05
Brazil,SugarCrop,SugarCropAEZ03,SugarCropAEZ03,1975,NH3_AWB,7.07300378900981e-05
Brazil,SugarCrop,SugarCropAEZ04,SugarCropAEZ04,1975,NH3_AWB,0.000711239267895511
Brazil,SugarCrop,SugarCropAEZ05,SugarCropAEZ05,1975,NH3_AWB,0.00664651043726613
Brazil,SugarCrop,SugarCropAEZ06,SugarCropAEZ06,1975,NH3_AWB,0.00934051828248346
Brazil,SugarCrop,SugarCropAEZ10,SugarCropAEZ10,1975,NH3_AWB,5.02448140228985e-06
Brazil,SugarCrop,SugarCropAEZ11,SugarCropAEZ11,1975,NH3_AWB,6.32387735589097e-07
Brazil,SugarCrop,SugarCropAEZ12,SugarCropAEZ12,1975,NH3_AWB,0.000458374500754237
Brazil,Wheat,WheatAEZ01,WheatAEZ01,1975,NH3_AWB,0
Brazil,Wheat,WheatAEZ02,WheatAEZ02,1975,NH3_AWB,0
Brazil,Wheat,WheatAEZ03,WheatAEZ03,1975,NH3_AWB,1.99350461460043e-06
Brazil,Wheat,WheatAEZ04,WheatAEZ04,1975,NH3_AWB,2.06586540375459e-06
Brazil,Wheat,WheatAEZ05,WheatAEZ05,1975,NH3_AWB,9.85230783590235e-06
Brazil,Wheat,WheatAEZ06,WheatAEZ06,1975,NH3_AWB,0.000105863272506989
Brazil,Wheat,WheatAEZ10,WheatAEZ10,1975,NH3_AWB,0
Brazil,Wheat,WheatAEZ11,WheatAEZ11,1975,NH3_AWB,0
Brazil,Wheat,WheatAEZ12,WheatAEZ12,1975,NH3_AWB,0.000291999810829161
Brazil,Corn,CornAEZ01,CornAEZ01,1975,NMVOC_AWB,1.32634713359772e-06
Brazil,Corn,CornAEZ02,CornAEZ02,1975,NMVOC_AWB,5.4850814391439e-05
Brazil,Corn,CornAEZ03,CornAEZ03,1975,NMVOC_AWB,0.000443825017716482
Brazil,Corn,CornAEZ04,CornAEZ04,1975,NMVOC_AWB,0.000626232886555168
Brazil,Corn,CornAEZ05,CornAEZ05,1975,NMVOC_AWB,0.0040017120625636
Brazil,Corn,CornAEZ06,CornAEZ06,1975,NMVOC_AWB,0.00300104942314238
Brazil,Corn,CornAEZ10,CornAEZ10,1975,NMVOC_AWB,3.30786171447561e-06
Brazil,Corn,CornAEZ11,CornAEZ11,1975,NMVOC_AWB,2.22392208852736e-06
Brazil,Corn,CornAEZ12,CornAEZ12,1975,NMVOC_AWB,0.00738787095722559
Brazil,FiberCrop,FiberCropAEZ01,FiberCropAEZ01,1975,NMVOC_AWB,3.65787249958373e-07
Brazil,FiberCrop,FiberCropAEZ02,FiberCropAEZ02,1975,NMVOC_AWB,2.65247681854672e-05
Brazil,FiberCrop,FiberCropAEZ03,FiberCropAEZ03,1975,NMVOC_AWB,0.000119974756277356
Brazil,FiberCrop,FiberCropAEZ04,FiberCropAEZ04,1975,NMVOC_AWB,0.000275530111458392
Brazil,FiberCrop,FiberCropAEZ05,FiberCropAEZ05,1975,NMVOC_AWB,0.00141537049235155
Brazil,FiberCrop,FiberCropAEZ06,FiberCropAEZ06,1975,NMVOC_AWB,0.000185933005472531
Brazil,FiberCrop,FiberCropAEZ10,FiberCropAEZ10,1975,NMVOC_AWB,0
Brazil,FiberCrop,FiberCropAEZ11,FiberCropAEZ11,1975,NMVOC_AWB,0
Brazil,FiberCrop,FiberCropAEZ12,FiberCropAEZ12,1975,NMVOC_AWB,6.31819585850814e-05
Brazil,FodderGrass,FodderGrassAEZ01,FodderGrassAEZ01,1975,NMVOC_AWB,0
Brazil,FodderGrass,FodderGrassAEZ02,FodderGrassAEZ02,1975,NMVOC_AWB,0
Brazil,FodderGrass,FodderGrassAEZ03,FodderGrassAEZ03,1975,NMVOC_AWB,0
Brazil,FodderGrass,FodderGrassAEZ04,FodderGrassAEZ04,1975,NMVOC_AWB,0
Brazil,FodderGrass,FodderGrassAEZ05,FodderGrassAEZ05,1975,NMVOC_AWB,0
Brazil,FodderGrass,FodderGrassAEZ06,FodderGrassAEZ06,1975,NMVOC_AWB,0
Brazil,FodderGrass,FodderGrassAEZ10,FodderGrassAEZ10,1975,NMVOC_AWB,0
Brazil,FodderGrass,FodderGrassAEZ11,FodderGrassAEZ11,1975,NMVOC_AWB,0
Brazil,FodderGrass,FodderGrassAEZ12,FodderGrassAEZ12,1975,NMVOC_AWB,0
Brazil,FodderHerb,FodderHerbAEZ01,FodderHerbAEZ01,1975,NMVOC_AWB,0
Brazil,FodderHerb,FodderHerbAEZ02,FodderHerbAEZ02,1975,NMVOC_AWB,0
Brazil,FodderHerb,FodderHerbAEZ03,FodderHerbAEZ03,1975,NMVOC_AWB,0
Brazil,FodderHerb,FodderHerbAEZ04,FodderHerbAEZ04,1975,NMVOC_AWB,0
Brazil,FodderHerb,FodderHerbAEZ05,FodderHerbAEZ05,1975,NMVOC_AWB,0
Brazil,FodderHerb,FodderHerbAEZ06,FodderHerbAEZ06,1975,NMVOC_AWB,0
Brazil,FodderHerb,FodderHerbAEZ10,FodderHerbAEZ10,1975,NMVOC_AWB,0
Brazil,FodderHerb,FodderHerbAEZ11,FodderHerbAEZ11,1975,NMVOC_AWB,0
Brazil,FodderHerb,FodderHerbAEZ12,FodderHerbAEZ12,1975,NMVOC_AWB,0
Brazil,MiscCrop,MiscCropAEZ01,MiscCropAEZ01,1975,NMVOC_AWB,3.46868603817359e-06
Brazil,MiscCrop,MiscCropAEZ02,MiscCropAEZ02,1975,NMVOC_AWB,0.000316521279335448
Brazil,MiscCrop,MiscCropAEZ03,MiscCropAEZ03,1975,NMVOC_AWB,0.000703529440741154
Brazil,MiscCrop,MiscCropAEZ04,MiscCropAEZ04,1975,NMVOC_AWB,0.00108149115493039
Brazil,MiscCrop,MiscCropAEZ05,MiscCropAEZ05,1975,NMVOC_AWB,0.00634907805045639
Brazil,MiscCrop,MiscCropAEZ06,MiscCropAEZ06,1975,NMVOC_AWB,0.00806843868161184
Brazil,MiscCrop,MiscCropAEZ10,MiscCropAEZ10,1975,NMVOC_AWB,9.14990086951939e-06
Brazil,MiscCrop,MiscCropAEZ11,MiscCropAEZ11,1975,NMVOC_AWB,1.70399661419292e-06
Brazil,MiscCrop,MiscCropAEZ12,MiscCropAEZ12,1975,NMVOC_AWB,0.00298518228652749
Brazil,OilCrop,OilCropAEZ01,OilCropAEZ01,1975,NMVOC_AWB,5.61330013756346e-08
Brazil,OilCrop,OilCropAEZ02,OilCropAEZ02,1975,NMVOC_AWB,7.55468052660371e-07
Brazil,OilCrop,OilCropAEZ03,OilCropAEZ03,1975,NMVOC_AWB,2.76053886179805e-05
Brazil,OilCrop,OilCropAEZ04,OilCropAEZ04,1975,NMVOC_AWB,0.000547313740222613
Brazil,OilCrop,OilCropAEZ05,OilCropAEZ05,1975,NMVOC_AWB,0.00399952974282016
Brazil,OilCrop,OilCropAEZ06,OilCropAEZ06,1975,NMVOC_AWB,0.00113239814488305
Brazil,OilCrop,OilCropAEZ10,OilCropAEZ10,1975,NMVOC_AWB,0
Brazil,OilCrop,OilCropAEZ11,OilCropAEZ11,1975,NMVOC_AWB,0
Brazil,OilCrop,OilCropAEZ12,OilCropAEZ12,1975,NMVOC_AWB,0.00373339250433705
Brazil,OtherGrain,OtherGrainAEZ01,OtherGrainAEZ01,1975,NMVOC_AWB,0
Brazil,OtherGrain,OtherGrainAEZ02,OtherGrainAEZ02,1975,NMVOC_AWB,5.2942528855661e-08
Brazil,OtherGrain,OtherGrainAEZ03,OtherGrainAEZ03,1975,NMVOC_AWB,1.1053388763275e-05
Brazil,OtherGrain,OtherGrainAEZ04,OtherGrainAEZ04,1975,NMVOC_AWB,6.08839081840104e-06
Brazil,OtherGrain,OtherGrainAEZ05,OtherGrainAEZ05,1975,NMVOC_AWB,0.000157708655142516
Brazil,OtherGrain,OtherGrainAEZ06,OtherGrainAEZ06,1975,NMVOC_AWB,4.73478717333298e-05
Brazil,OtherGrain,OtherGrainAEZ10,OtherGrainAEZ10,1975,NMVOC_AWB,0
Brazil,OtherGrain,OtherGrainAEZ11,OtherGrainAEZ11,1975,NMVOC_AWB,0
Brazil,OtherGrain,OtherGrainAEZ12,OtherGrainAEZ12,1975,NMVOC_AWB,0.000155643301657271
Brazil,PalmFruit,PalmFruitAEZ01,PalmFruitAEZ01,1975,NMVOC_AWB,1.09645120865279e-06
Brazil,PalmFruit,PalmFruitAEZ02,PalmFruitAEZ02,1975,NMVOC_AWB,2.2536233182685e-05
Brazil,PalmFruit,PalmFruitAEZ03,PalmFruitAEZ03,1975,NMVOC_AWB,1.35311284826515e-05
Brazil,PalmFruit,PalmFruitAEZ04,PalmFruitAEZ04,1975,NMVOC_AWB,4.57766093434039e-05
Brazil,PalmFruit,PalmFruitAEZ05,PalmFruitAEZ05,1975,NMVOC_AWB,0.000105346800461272
Brazil,PalmFruit,PalmFruitAEZ06,PalmFruitAEZ06,1975,NMVOC_AWB,0.000146101437699434
Brazil,PalmFruit,PalmFruitAEZ10,PalmFruitAEZ10,1975,NMVOC_AWB,0
Brazil,PalmFruit,PalmFruitAEZ11,PalmFruitAEZ11,1975,NMVOC_AWB,0
Brazil,PalmFruit,PalmFruitAEZ12,PalmFruitAEZ12,1975,NMVOC_AWB,2.69464239212974e-07
Brazil,Rice,RiceAEZ01,RiceAEZ01,1975,NMVOC_AWB,0
Brazil,Rice,RiceAEZ02,RiceAEZ02,1975,NMVOC_AWB,1.70874590737271e-05
Brazil,Rice,RiceAEZ03,RiceAEZ03,1975,NMVOC_AWB,0.000167344855619896
Brazil,Rice,RiceAEZ04,RiceAEZ04,1975,NMVOC_AWB,0.000604716072079242
Brazil,Rice,RiceAEZ05,RiceAEZ05,1975,NMVOC_AWB,0.00173275232950785
Brazil,Rice,RiceAEZ06,RiceAEZ06,1975,NMVOC_AWB,0.000789285645225425
Brazil,Rice,RiceAEZ10,RiceAEZ10,1975,NMVOC_AWB,9.25073239458872e-07
Brazil,Rice,RiceAEZ11,RiceAEZ11,1975,NMVOC_AWB,0
Brazil,Rice,RiceAEZ12,RiceAEZ12,1975,NMVOC_AWB,0.00418165104135
Brazil,Root_Tuber,Root_TuberAEZ01,Root_TuberAEZ01,1975,NMVOC_AWB,4.29393006373213e-06
Brazil,Root_Tuber,Root_TuberAEZ02,Root_TuberAEZ02,1975,NMVOC_AWB,0.000277318452320081
Brazil,Root_Tuber,Root_TuberAEZ03,Root_TuberAEZ03,1975,NMVOC_AWB,0.00187950421280678
Brazil,Root_Tuber,Root_TuberAEZ04,Root_TuberAEZ04,1975,NMVOC_AWB,0.00486276512887603
Brazil,Root_Tuber,Root_TuberAEZ05,Root_TuberAEZ05,1975,NMVOC_AWB,0.00512142723557193
Brazil,Root_Tuber,Root_TuberAEZ06,Root_TuberAEZ06,1975,NMVOC_AWB,0.00979758697074503
Brazil,Root_Tuber,Root_TuberAEZ10,Root_TuberAEZ10,1975,NMVOC_AWB,3.50177801724872e-05
Brazil,Root_Tuber,Root_TuberAEZ11,Root_TuberAEZ11,1975,NMVOC_AWB,1.31637031253861e-07
Brazil,Root_Tuber,Root_TuberAEZ12,Root_TuberAEZ12,1975,NMVOC_AWB,0.00497228480902029
Brazil,SugarCrop,SugarCropAEZ01,SugarCropAEZ01,1975,NMVOC_AWB,2.21713341002197e-06
Brazil,SugarCrop,SugarCropAEZ02,SugarCropAEZ02,1975,NMVOC_AWB,0.000344269057322837
Brazil,SugarCrop,SugarCropAEZ03,SugarCropAEZ03,1975,NMVOC_AWB,0.000380523304150376
Brazil,SugarCrop,SugarCropAEZ04,SugarCropAEZ04,1975,NMVOC_AWB,0.00382642402484819
Brazil,SugarCrop,SugarCropAEZ05,SugarCropAEZ05,1975,NMVOC_AWB,0.0357578221093041
Brazil,SugarCrop,SugarCropAEZ06,SugarCropAEZ06,1975,NMVOC_AWB,0.0502514205470995
Brazil,SugarCrop,SugarCropAEZ10,SugarCropAEZ10,1975,NMVOC_AWB,2.70314045047205e-05
Brazil,SugarCrop,SugarCropAEZ11,SugarCropAEZ11,1975,NMVOC_AWB,3.4022075744459e-06
Brazil,SugarCrop,SugarCropAEZ12,SugarCropAEZ12,1975,NMVOC_AWB,0.00246602694934651
Brazil,Wheat,WheatAEZ01,WheatAEZ01,1975,NMVOC_AWB,0
Brazil,Wheat,WheatAEZ02,WheatAEZ02,1975,NMVOC_AWB,0
Brazil,Wheat,WheatAEZ03,WheatAEZ03,1975,NMVOC_AWB,1.07249336408594e-05
Brazil,Wheat,WheatAEZ04,WheatAEZ04,1975,NMVOC_AWB,1.11142302876766e-05
Brazil,Wheat,WheatAEZ05,WheatAEZ05,1975,NMVOC_AWB,5.30048172326661e-05
Brazil,Wheat,WheatAEZ06,WheatAEZ06,1975,NMVOC_AWB,0.000569537970630305
Brazil,Wheat,WheatAEZ10,WheatAEZ10,1975,NMVOC_AWB,0
Brazil,Wheat,WheatAEZ11,WheatAEZ11,1975,NMVOC_AWB,0
Brazil,Wheat,WheatAEZ12,WheatAEZ12,1975,NMVOC_AWB,0.00157094123151251
Brazil,Corn,CornAEZ01,CornAEZ01,1975,NOx_AWB,7.20124065190625e-07
Brazil,Corn,CornAEZ02,CornAEZ02,1975,NOx_AWB,2.97805834068773e-05
Brazil,Corn,CornAEZ03,CornAEZ03,1975,NOx_AWB,0.000240969402274316
Brazil,Corn,CornAEZ04,CornAEZ04,1975,NOx_AWB,0.000340005538971478
Brazil,Corn,CornAEZ05,CornAEZ05,1975,NOx_AWB,0.00217268095600205
Brazil,Corn,CornAEZ06,CornAEZ06,1975,NOx_AWB,0.00162938333086996
Brazil,Corn,CornAEZ10,CornAEZ10,1975,NOx_AWB,1.79596333763337e-06
Brazil,Corn,CornAEZ11,CornAEZ11,1975,NOx_AWB,1.20745148422305e-06
Brazil,Corn,CornAEZ12,CornAEZ12,1975,NOx_AWB,0.00401115479655017
Brazil,FiberCrop,FiberCropAEZ01,FiberCropAEZ01,1975,NOx_AWB,1.98599744186439e-07
Brazil,FiberCrop,FiberCropAEZ02,FiberCropAEZ02,1975,NOx_AWB,1.44013006927876e-05
Brazil,FiberCrop,FiberCropAEZ03,FiberCropAEZ03,1975,NOx_AWB,6.51388366003048e-05
Brazil,FiberCrop,FiberCropAEZ04,FiberCropAEZ04,1975,NOx_AWB,0.000149595727181647
Brazil,FiberCrop,FiberCropAEZ05,FiberCropAEZ05,1975,NOx_AWB,0.000768458216468838
Brazil,FiberCrop,FiberCropAEZ06,FiberCropAEZ06,1975,NOx_AWB,0.000100950066813052
Brazil,FiberCrop,FiberCropAEZ10,FiberCropAEZ10,1975,NOx_AWB,0
Brazil,FiberCrop,FiberCropAEZ11,FiberCropAEZ11,1975,NOx_AWB,0
Brazil,FiberCrop,FiberCropAEZ12,FiberCropAEZ12,1975,NOx_AWB,3.43038769493013e-05
Brazil,FodderGrass,FodderGrassAEZ01,FodderGrassAEZ01,1975,NOx_AWB,0
Brazil,FodderGrass,FodderGrassAEZ02,FodderGrassAEZ02,1975,NOx_AWB,0
Brazil,FodderGrass,FodderGrassAEZ03,FodderGrassAEZ03,1975,NOx_AWB,0
Brazil,FodderGrass,FodderGrassAEZ04,FodderGrassAEZ04,1975,NOx_AWB,0
Brazil,FodderGrass,FodderGrassAEZ05,FodderGrassAEZ05,1975,NOx_AWB,0
Brazil,FodderGrass,FodderGrassAEZ06,FodderGrassAEZ06,1975,NOx_AWB,0
Brazil,FodderGrass,FodderGrassAEZ10,FodderGrassAEZ10,1975,NOx_AWB,0
Brazil,FodderGrass,FodderGrassAEZ11,FodderGrassAEZ11,1975,NOx_AWB,0
Brazil,FodderGrass,FodderGrassAEZ12,FodderGrassAEZ12,1975,NOx_AWB,0
Brazil,FodderHerb,FodderHerbAEZ01,FodderHerbAEZ01,1975,NOx_AWB,0
Brazil,FodderHerb,FodderHerbAEZ02,FodderHerbAEZ02,1975,NOx_AWB,0
Brazil,FodderHerb,FodderHerbAEZ03,FodderHerbAEZ03,1975,NOx_AWB,0
Brazil,FodderHerb,FodderHerbAEZ04,FodderHerbAEZ04,1975,NOx_AWB,0
Brazil,FodderHerb,FodderHerbAEZ05,FodderHerbAEZ05,1975,NOx_AWB,0
Brazil,FodderHerb,FodderHerbAEZ06,FodderHerbAEZ06,1975,NOx_AWB,0
Brazil,FodderHerb,FodderHerbAEZ10,FodderHerbAEZ10,1975,NOx_AWB,0
Brazil,FodderHerb,FodderHerbAEZ11,FodderHerbAEZ11,1975,NOx_AWB,0
Brazil,FodderHerb,FodderHerbAEZ12,FodderHerbAEZ12,1975,NOx_AWB,0
Brazil,MiscCrop,MiscCropAEZ01,MiscCropAEZ01,1975,NOx_AWB,1.88328095066939e-06
Brazil,MiscCrop,MiscCropAEZ02,MiscCropAEZ02,1975,NOx_AWB,0.000171851383865178
Brazil,MiscCrop,MiscCropAEZ03,MiscCropAEZ03,1975,NOx_AWB,0.000381972764153813
Brazil,MiscCrop,MiscCropAEZ04,MiscCropAEZ04,1975,NOx_AWB,0.000587182485812489
Brazil,MiscCrop,MiscCropAEZ05,MiscCropAEZ05,1975,NOx_AWB,0.00344715480592576
Brazil,MiscCrop,MiscCropAEZ06,MiscCropAEZ06,1975,NOx_AWB,0.00438066077572259
Brazil,MiscCrop,MiscCropAEZ10,MiscCropAEZ10,1975,NOx_AWB,4.96782753424188e-06
Brazil,MiscCrop,MiscCropAEZ11,MiscCropAEZ11,1975,NOx_AWB,9.25164263412087e-07
Brazil,MiscCrop,MiscCropAEZ12,MiscCropAEZ12,1975,NOx_AWB,0.00162076846178131
Brazil,OilCrop,OilCropAEZ01,OilCropAEZ01,1975,NOx_AWB,3.04767312553587e-08
Brazil,OilCrop,OilCropAEZ02,OilCropAEZ02,1975,NOx_AWB,4.10172202602608e-07
Brazil,OilCrop,OilCropAEZ03,OilCropAEZ03,1975,NOx_AWB,1.49880104304402e-05
Brazil,OilCrop,OilCropAEZ04,OilCropAEZ04,1975,NOx_AWB,0.000297157347092616
Brazil,OilCrop,OilCropAEZ05,OilCropAEZ05,1975,NOx_AWB,0.00217149609200575
Brazil,OilCrop,OilCropAEZ06,OilCropAEZ06,1975,NOx_AWB,0.000614821817645543
Brazil,OilCrop,OilCropAEZ10,OilCropAEZ10,1975,NOx_AWB,0
Brazil,OilCrop,OilCropAEZ11,OilCropAEZ11,1975,NOx_AWB,0
Brazil,OilCrop,OilCropAEZ12,OilCropAEZ12,1975,NOx_AWB,0.00202700011111181
Brazil,OtherGrain,OtherGrainAEZ01,OtherGrainAEZ01,1975,NOx_AWB,0
Brazil,OtherGrain,OtherGrainAEZ02,OtherGrainAEZ02,1975,NOx_AWB,2.87445029549662e-08
Brazil,OtherGrain,OtherGrainAEZ03,OtherGrainAEZ03,1975,NOx_AWB,6.00130316469336e-06
Brazil,OtherGrain,OtherGrainAEZ04,OtherGrainAEZ04,1975,NOx_AWB,3.30561783982113e-06
Brazil,OtherGrain,OtherGrainAEZ05,OtherGrainAEZ05,1975,NOx_AWB,8.56259986395245e-05
Brazil,OtherGrain,OtherGrainAEZ06,OtherGrainAEZ06,1975,NOx_AWB,2.5706951828096e-05
Brazil,OtherGrain,OtherGrainAEZ10,OtherGrainAEZ10,1975,NOx_AWB,0
Brazil,OtherGrain,OtherGrainAEZ11,OtherGrainAEZ11,1975,NOx_AWB,0
Brazil,OtherGrain,OtherGrainAEZ12,OtherGrainAEZ12,1975,NOx_AWB,8.45046400523373e-05
Brazil,PalmFruit,PalmFruitAEZ01,PalmFruitAEZ01,1975,NOx_AWB,5.95304865262901e-07
Brazil,PalmFruit,PalmFruitAEZ02,PalmFruitAEZ02,1975,NOx_AWB,1.22357740613335e-05
Brazil,PalmFruit,PalmFruitAEZ03,PalmFruitAEZ03,1975,NOx_AWB,7.34656184849044e-06
Brazil,PalmFruit,PalmFruitAEZ04,PalmFruitAEZ04,1975,NOx_AWB,2.48538539994413e-05
Brazil,PalmFruit,PalmFruitAEZ05,PalmFruitAEZ05,1975,NOx_AWB,5.71967656741709e-05
Brazil,PalmFruit,PalmFruitAEZ06,PalmFruitAEZ06,1975,NOx_AWB,7.93240009204274e-05
Brazil,PalmFruit,PalmFruitAEZ10,PalmFruitAEZ10,1975,NOx_AWB,0
Brazil,PalmFruit,PalmFruitAEZ11,PalmFruitAEZ11,1975,NOx_AWB,0
Brazil,PalmFruit,PalmFruitAEZ12,PalmFruitAEZ12,1975,NOx_AWB,1.46302335527496e-07
Brazil,Rice,RiceAEZ01,RiceAEZ01,1975,NOx_AWB,0
Brazil,Rice,RiceAEZ02,RiceAEZ02,1975,NOx_AWB,9.27742834454901e-06
Brazil,Rice,RiceAEZ03,RiceAEZ03,1975,NOx_AWB,9.0857856638825e-05
Brazil,Rice,RiceAEZ04,RiceAEZ04,1975,NOx_AWB,0.00032832324591421
Brazil,Rice,RiceAEZ05,RiceAEZ05,1975,NOx_AWB,0.000940776829749741
Brazil,Rice,RiceAEZ06,RiceAEZ06,1975,NOx_AWB,0.000428533053707138
Brazil,Rice,RiceAEZ10,RiceAEZ10,1975,NOx_AWB,5.02257278598856e-07
Brazil,Rice,RiceAEZ11,RiceAEZ11,1975,NOx_AWB,0
Brazil,Rice,RiceAEZ12,RiceAEZ12,1975,NOx_AWB,0.00227037663883466
Brazil,Root_Tuber,Root_TuberAEZ01,Root_TuberAEZ01,1975,NOx_AWB,2.3313371701958e-06
Brazil,Root_Tuber,Root_TuberAEZ02,Root_TuberAEZ02,1975,NOx_AWB,0.000150566685129716
Brazil,Root_Tuber,Root_TuberAEZ03,Root_TuberAEZ03,1975,NOx_AWB,0.00102045398220752
Brazil,Root_Tuber,Root_TuberAEZ04,Root_TuberAEZ04,1975,NOx_AWB,0.00264017925923721
Brazil,Root_Tuber,Root_TuberAEZ05,Root_TuberAEZ05,1975,NOx_AWB,0.00278061670812691
Brazil,Root_Tuber,Root_TuberAEZ06,Root_TuberAEZ06,1975,NOx_AWB,0.0053194808355288
Brazil,Root_Tuber,Root_TuberAEZ10,Root_TuberAEZ10,1975,NOx_AWB,1.90124783874352e-05
Brazil,Root_Tuber,Root_TuberAEZ11,Root_TuberAEZ11,1975,NOx_AWB,7.14707271383957e-08
Brazil,Root_Tuber,Root_TuberAEZ12,Root_TuberAEZ12,1975,NOx_AWB,0.00269964163924774
Brazil,SugarCrop,SugarCropAEZ01,SugarCropAEZ01,1975,NOx_AWB,1.2037656536899e-06
Brazil,SugarCrop,SugarCropAEZ02,SugarCropAEZ02,1975,NOx_AWB,0.00018691670287415
Brazil,SugarCrop,SugarCropAEZ03,SugarCropAEZ03,1975,NOx_AWB,0.000206600505812718
Brazil,SugarCrop,SugarCropAEZ04,SugarCropAEZ04,1975,NOx_AWB,0.00207751044512944
Brazil,SugarCrop,SugarCropAEZ05,SugarCropAEZ05,1975,NOx_AWB,0.0194142751678199
Brazil,SugarCrop,SugarCropAEZ06,SugarCropAEZ06,1975,NOx_AWB,0.0272833983874365
Brazil,SugarCrop,SugarCropAEZ10,SugarCropAEZ10,1975,NOx_AWB,1.46763727282691e-05
Brazil,SugarCrop,SugarCropAEZ11,SugarCropAEZ11,1975,NOx_AWB,1.8471872762952e-06
Brazil,SugarCrop,SugarCropAEZ12,SugarCropAEZ12,1975,NOx_AWB,0.00133889937758305
Brazil,Wheat,WheatAEZ01,WheatAEZ01,1975,NOx_AWB,0
Brazil,Wheat,WheatAEZ02,WheatAEZ02,1975,NOx_AWB,0
Brazil,Wheat,WheatAEZ03,WheatAEZ03,1975,NOx_AWB,5.82297244568696e-06
Brazil,Wheat,WheatAEZ04,WheatAEZ04,1975,NOx_AWB,6.03433633133178e-06
Brazil,Wheat,WheatAEZ05,WheatAEZ05,1975,NOx_AWB,2.87783216726509e-05
Brazil,Wheat,WheatAEZ06,WheatAEZ06,1975,NOx_AWB,0.000309223723037132
Brazil,Wheat,WheatAEZ10,WheatAEZ10,1975,NOx_AWB,0
Brazil,Wheat,WheatAEZ11,WheatAEZ11,1975,NOx_AWB,0
Brazil,Wheat,WheatAEZ12,WheatAEZ12,1975,NOx_AWB,0.000852923459595209
Brazil,Corn,CornAEZ01,CornAEZ01,1975,SO2_AWB,1.10154253468285e-07
Brazil,Corn,CornAEZ02,CornAEZ02,1975,SO2_AWB,4.55540661895002e-06
Brazil,Corn,CornAEZ03,CornAEZ03,1975,SO2_AWB,3.68600438442502e-05
Brazil,Corn,CornAEZ04,CornAEZ04,1975,SO2_AWB,5.20091719342427e-05
Brazil,Corn,CornAEZ05,CornAEZ05,1975,SO2_AWB,0.000332345578077316
Brazil,Corn,CornAEZ06,CornAEZ06,1975,SO2_AWB,0.000249239697854197
Brazil,Corn,CornAEZ10,CornAEZ10,1975,SO2_AWB,2.74720718659838e-07
Brazil,Corn,CornAEZ11,CornAEZ11,1975,SO2_AWB,1.84698614131934e-07
Brazil,Corn,CornAEZ12,CornAEZ12,1975,SO2_AWB,0.000613568943905177
Brazil,FiberCrop,FiberCropAEZ01,FiberCropAEZ01,1975,SO2_AWB,3.03789410982378e-08
Brazil,FiberCrop,FiberCropAEZ02,FiberCropAEZ02,1975,SO2_AWB,2.20290447642016e-06
Brazil,FiberCrop,FiberCropAEZ03,FiberCropAEZ03,1975,SO2_AWB,9.96400518235672e-06
Brazil,FiberCrop,FiberCropAEZ04,FiberCropAEZ04,1975,SO2_AWB,2.28830092567139e-05
Brazil,FiberCrop,FiberCropAEZ05,FiberCropAEZ05,1975,SO2_AWB,0.000117547718856316
Brazil,FiberCrop,FiberCropAEZ06,FiberCropAEZ06,1975,SO2_AWB,1.54418936748373e-05
Brazil,FiberCrop,FiberCropAEZ10,FiberCropAEZ10,1975,SO2_AWB,0
Brazil,FiberCrop,FiberCropAEZ11,FiberCropAEZ11,1975,SO2_AWB,0
Brazil,FiberCrop,FiberCropAEZ12,FiberCropAEZ12,1975,SO2_AWB,5.24731520452371e-06
Brazil,FodderGrass,FodderGrassAEZ01,FodderGrassAEZ01,1975,SO2_AWB,0
Brazil,FodderGrass,FodderGrassAEZ02,FodderGrassAEZ02,1975,SO2_AWB,0
Brazil,FodderGrass,FodderGrassAEZ03,FodderGrassAEZ03,1975,SO2_AWB,0
Brazil,FodderGrass,FodderGrassAEZ04,FodderGrassAEZ04,1975,SO2_AWB,0
Brazil,FodderGrass,FodderGrassAEZ05,FodderGrassAEZ05,1975,SO2_AWB,0
Brazil,FodderGrass,FodderGrassAEZ06,FodderGrassAEZ06,1975,SO2_AWB,0
Brazil,FodderGrass,FodderGrassAEZ10,FodderGrassAEZ10,1975,SO2_AWB,0
Brazil,FodderGrass,FodderGrassAEZ11,FodderGrassAEZ11,1975,SO2_AWB,0
Brazil,FodderGrass,FodderGrassAEZ12,FodderGrassAEZ12,1975,SO2_AWB,0
Brazil,FodderHerb,FodderHerbAEZ01,FodderHerbAEZ01,1975,SO2_AWB,0
Brazil,FodderHerb,FodderHerbAEZ02,FodderHerbAEZ02,1975,SO2_AWB,0
Brazil,FodderHerb,FodderHerbAEZ03,FodderHerbAEZ03,1975,SO2_AWB,0
Brazil,FodderHerb,FodderHerbAEZ04,FodderHerbAEZ04,1975,SO2_AWB,0
Brazil,FodderHerb,FodderHerbAEZ05,FodderHerbAEZ05,1975,SO2_AWB,0
Brazil,FodderHerb,FodderHerbAEZ06,FodderHerbAEZ06,1975,SO2_AWB,0
Brazil,FodderHerb,FodderHerbAEZ10,FodderHerbAEZ10,1975,SO2_AWB,0
Brazil,FodderHerb,FodderHerbAEZ11,FodderHerbAEZ11,1975,SO2_AWB,0
Brazil,FodderHerb,FodderHerbAEZ12,FodderHerbAEZ12,1975,SO2_AWB,0
Brazil,MiscCrop,MiscCropAEZ01,MiscCropAEZ01,1975,SO2_AWB,2.88077315034756e-07
Brazil,MiscCrop,MiscCropAEZ02,MiscCropAEZ02,1975,SO2_AWB,2.62873604871813e-05
Brazil,MiscCrop,MiscCropAEZ03,MiscCropAEZ03,1975,SO2_AWB,5.84287162649433e-05
Brazil,MiscCrop,MiscCropAEZ04,MiscCropAEZ04,1975,SO2_AWB,8.98187569348969e-05
Brazil,MiscCrop,MiscCropAEZ05,MiscCropAEZ05,1975,SO2_AWB,0.000527296312665022
Brazil,MiscCrop,MiscCropAEZ06,MiscCropAEZ06,1975,SO2_AWB,0.000670090670167763
Brazil,MiscCrop,MiscCropAEZ10,MiscCropAEZ10,1975,SO2_AWB,7.59907021366864e-07
Brazil,MiscCrop,MiscCropAEZ11,MiscCropAEZ11,1975,SO2_AWB,1.41518362873649e-07
Brazil,MiscCrop,MiscCropAEZ12,MiscCropAEZ12,1975,SO2_AWB,0.000247921918711605
Brazil,OilCrop,OilCropAEZ01,OilCropAEZ01,1975,SO2_AWB,4.6618933345866e-09
Brazil,OilCrop,OilCropAEZ02,OilCropAEZ02,1975,SO2_AWB,6.27422620006071e-08
Brazil,OilCrop,OilCropAEZ03,OilCropAEZ03,1975,SO2_AWB,2.29265091912041e-06
Brazil,OilCrop,OilCropAEZ04,OilCropAEZ04,1975,SO2_AWB,4.54548699506916e-05
Brazil,OilCrop,OilCropAEZ05,OilCropAEZ05,1975,SO2_AWB,0.0003321643345732
Brazil,OilCrop,OilCropAEZ06,OilCropAEZ06,1975,SO2_AWB,9.40466255919821e-05
Brazil,OilCrop,OilCropAEZ10,OilCropAEZ10,1975,SO2_AWB,0
Brazil,OilCrop,OilCropAEZ11,OilCropAEZ11,1975,SO2_AWB,0
Brazil,OilCrop,OilCropAEZ12,OilCropAEZ12,1975,SO2_AWB,0.000310061411377144
Brazil,OtherGrain,OtherGrainAEZ01,OtherGrainAEZ01,1975,SO2_AWB,0
Brazil,OtherGrain,OtherGrainAEZ02,OtherGrainAEZ02,1975,SO2_AWB,4.39692188801252e-09
Brazil,OtherGrain,OtherGrainAEZ03,OtherGrainAEZ03,1975,SO2_AWB,9.17993304068599e-07
Brazil,OtherGrain,OtherGrainAEZ04,OtherGrainAEZ04,1975,SO2_AWB,5.05646017121443e-07
Brazil,OtherGrain,OtherGrainAEZ05,OtherGrainAEZ05,1975,SO2_AWB,1.30978374609887e-05
Brazil,OtherGrain,OtherGrainAEZ06,OtherGrainAEZ06,1975,SO2_AWB,3.93228087276807e-06
Brazil,OtherGrain,OtherGrainAEZ10,OtherGrainAEZ10,1975,SO2_AWB,0
Brazil,OtherGrain,OtherGrainAEZ11,OtherGrainAEZ11,1975,SO2_AWB,0
Brazil,OtherGrain,OtherGrainAEZ12,OtherGrainAEZ12,1975,SO2_AWB,1.29263081037394e-05
Brazil,PalmFruit,PalmFruitAEZ01,PalmFruitAEZ01,1975,SO2_AWB,9.10612020745541e-08
Brazil,PalmFruit,PalmFruitAEZ02,PalmFruitAEZ02,1975,SO2_AWB,1.87165326432469e-06
Brazil,PalmFruit,PalmFruitAEZ03,PalmFruitAEZ03,1975,SO2_AWB,1.12377168754224e-06
Brazil,PalmFruit,PalmFruitAEZ04,PalmFruitAEZ04,1975,SO2_AWB,3.80178619970642e-06
Brazil,PalmFruit,PalmFruitAEZ05,PalmFruitAEZ05,1975,SO2_AWB,8.7491410552582e-06
Brazil,PalmFruit,PalmFruitAEZ06,PalmFruitAEZ06,1975,SO2_AWB,1.21338482157157e-05
Brazil,PalmFruit,PalmFruitAEZ10,PalmFruitAEZ10,1975,SO2_AWB,0
Brazil,PalmFruit,PalmFruitAEZ11,PalmFruitAEZ11,1975,SO2_AWB,0
Brazil,PalmFruit,PalmFruitAEZ12,PalmFruitAEZ12,1975,SO2_AWB,2.23792334261622e-08
Brazil,Rice,RiceAEZ01,RiceAEZ01,1975,SO2_AWB,0
Brazil,Rice,RiceAEZ02,RiceAEZ02,1975,SO2_AWB,1.41912795697056e-06
Brazil,Rice,RiceAEZ03,RiceAEZ03,1975,SO2_AWB,1.38981320769066e-05
Brazil,Rice,RiceAEZ04,RiceAEZ04,1975,SO2_AWB,5.02221822574285e-05
Brazil,Rice,RiceAEZ05,RiceAEZ05,1975,SO2_AWB,0.000143906549399804
Brazil,Rice,RiceAEZ06,RiceAEZ06,1975,SO2_AWB,6.55508417221116e-05
Brazil,Rice,RiceAEZ10,RiceAEZ10,1975,SO2_AWB,7.68281164974317e-08
Brazil,Rice,RiceAEZ11,RiceAEZ11,1975,SO2_AWB,0
Brazil,Rice,RiceAEZ12,RiceAEZ12,1975,SO2_AWB,0.000347289662756187
Brazil,Root_Tuber,Root_TuberAEZ01,Root_TuberAEZ01,1975,SO2_AWB,3.56614530716736e-07
Brazil,Root_Tuber,Root_TuberAEZ02,Root_TuberAEZ02,1975,SO2_AWB,2.30315324808203e-05
Brazil,Root_Tuber,Root_TuberAEZ03,Root_TuberAEZ03,1975,SO2_AWB,0.000156094417673783
Brazil,Root_Tuber,Root_TuberAEZ04,Root_TuberAEZ04,1975,SO2_AWB,0.000403856764940552
Brazil,Root_Tuber,Root_TuberAEZ05,Root_TuberAEZ05,1975,SO2_AWB,0.000425338872106821
Brazil,Root_Tuber,Root_TuberAEZ06,Root_TuberAEZ06,1975,SO2_AWB,0.000813697900960181
Brazil,Root_Tuber,Root_TuberAEZ10,Root_TuberAEZ10,1975,SO2_AWB,2.90825631940996e-06
Brazil,Root_Tuber,Root_TuberAEZ11,Root_TuberAEZ11,1975,SO2_AWB,1.09325670024393e-08
Brazil,Root_Tuber,Root_TuberAEZ12,Root_TuberAEZ12,1975,SO2_AWB,0.000412952467189821
Brazil,SugarCrop,SugarCropAEZ01,SugarCropAEZ01,1975,SO2_AWB,1.84134808628943e-07
Brazil,SugarCrop,SugarCropAEZ02,SugarCropAEZ02,1975,SO2_AWB,2.85918369641e-05
Brazil,SugarCrop,SugarCropAEZ03,SugarCropAEZ03,1975,SO2_AWB,3.16027828870651e-05
Brazil,SugarCrop,SugarCropAEZ04,SugarCropAEZ04,1975,SO2_AWB,0.000317787757995866
Brazil,SugarCrop,SugarCropAEZ05,SugarCropAEZ05,1975,SO2_AWB,0.00296971742941678
Brazil,SugarCrop,SugarCropAEZ06,SugarCropAEZ06,1975,SO2_AWB,0.00417342306238623
Brazil,SugarCrop,SugarCropAEZ10,SugarCropAEZ10,1975,SO2_AWB,2.24498105208695e-06
Brazil,SugarCrop,SugarCropAEZ11,SugarCropAEZ11,1975,SO2_AWB,2.8255622228449e-07
Brazil,SugarCrop,SugarCropAEZ12,SugarCropAEZ12,1975,SO2_AWB,0.000204805627996574
Brazil,Wheat,WheatAEZ01,WheatAEZ01,1975,SO2_AWB,0
Brazil,Wheat,WheatAEZ02,WheatAEZ02,1975,SO2_AWB,0
Brazil,Wheat,WheatAEZ03,WheatAEZ03,1975,SO2_AWB,8.90714827800191e-07
Brazil,Wheat,WheatAEZ04,WheatAEZ04,1975,SO2_AWB,9.23046244230772e-07
Brazil,Wheat,WheatAEZ05,WheatAEZ05,1975,SO2_AWB,4.40209499050956e-06
Brazil,Wheat,WheatAEZ06,WheatAEZ06,1975,SO2_AWB,4.7300611120144e-05
Brazil,Wheat,WheatAEZ10,WheatAEZ10,1975,SO2_AWB,0
Brazil,Wheat,WheatAEZ11,WheatAEZ11,1975,SO2_AWB,0
Brazil,Wheat,WheatAEZ12,WheatAEZ12,1975,SO2_AWB,0.000130468000583242
Canada,Corn,CornAEZ07,CornAEZ07,1975,CH4_AWB,2.17509603930767e-07
Canada,Corn,CornAEZ08,CornAEZ08,1975,CH4_AWB,7.58520789689283e-08
Canada,Corn,CornAEZ09,CornAEZ09,1975,CH4_AWB,1.08671163745858e-05
Canada,Corn,CornAEZ10,CornAEZ10,1975,CH4_AWB,0.000226580055813669
Canada,Corn,CornAEZ11,CornAEZ11,1975,CH4_AWB,1.62956386870995e-07
Canada,Corn,CornAEZ13,CornAEZ13,1975,CH4_AWB,0
Canada,Corn,CornAEZ14,CornAEZ14,1975,CH4_AWB,0
Canada,Corn,CornAEZ15,CornAEZ15,1975,CH4_AWB,4.98915793589002e-07
Canada,Corn,CornAEZ16,CornAEZ16,1975,CH4_AWB,1.01219827233371e-08
Canada,FiberCrop,FiberCropAEZ07,FiberCropAEZ07,1975,CH4_AWB,4.26169893733846e-07
Canada,FiberCrop,FiberCropAEZ08,FiberCropAEZ08,1975,CH4_AWB,3.52989204910863e-07
Canada,FiberCrop,FiberCropAEZ09,FiberCropAEZ09,1975,CH4_AWB,2.19088935268809e-07
Canada,FiberCrop,FiberCropAEZ10,FiberCropAEZ10,1975,CH4_AWB,9.90091672310965e-08
Canada,FiberCrop,FiberCropAEZ11,FiberCropAEZ11,1975,CH4_AWB,0
Canada,FiberCrop,FiberCropAEZ13,FiberCropAEZ13,1975,CH4_AWB,9.83294704308824e-08
Canada,FiberCrop,FiberCropAEZ14,FiberCropAEZ14,1975,CH4_AWB,4.304746401352e-08
Canada,FiberCrop,FiberCropAEZ15,FiberCropAEZ15,1975,CH4_AWB,7.90713944248343e-08
Canada,FiberCrop,FiberCropAEZ16,FiberCropAEZ16,1975,CH4_AWB,5.89070560185009e-09
Canada,FodderGrass,FodderGrassAEZ07,FodderGrassAEZ07,1975,CH4_AWB,4.25943432090688e-05
Canada,FodderGrass,FodderGrassAEZ08,FodderGrassAEZ08,1975,CH4_AWB,4.33164319768156e-05
Canada,FodderGrass,FodderGrassAEZ09,FodderGrassAEZ09,1975,CH4_AWB,0.000409848259677586
Canada,FodderGrass,FodderGrassAEZ10,FodderGrassAEZ10,1975,CH4_AWB,0.000683497389493336
Canada,FodderGrass,FodderGrassAEZ11,FodderGrassAEZ11,1975,CH4_AWB,8.0785418018205e-06
Canada,FodderGrass,FodderGrassAEZ13,FodderGrassAEZ13,1975,CH4_AWB,1.43258047859004e-05
Canada,FodderGrass,FodderGrassAEZ14,FodderGrassAEZ14,1975,CH4_AWB,1.56909083204605e-05
Canada,FodderGrass,FodderGrassAEZ15,FodderGrassAEZ15,1975,CH4_AWB,0.000299035497338483
Canada,FodderGrass,FodderGrassAEZ16,FodderGrassAEZ16,1975,CH4_AWB,4.28976455061448e-05
Canada,FodderHerb,FodderHerbAEZ07,FodderHerbAEZ07,1975,CH4_AWB,4.88142169065264e-05
Canada,FodderHerb,FodderHerbAEZ08,FodderHerbAEZ08,1975,CH4_AWB,4.07227663177293e-05
Canada,FodderHerb,FodderHerbAEZ09,FodderHerbAEZ09,1975,CH4_AWB,0.000217701648997835
Canada,FodderHerb,FodderHerbAEZ10,FodderHerbAEZ10,1975,CH4_AWB,0.000330422356515497
Canada,FodderHerb,FodderHerbAEZ11,FodderHerbAEZ11,1975,CH4_AWB,1.04185843117248e-06
Canada,FodderHerb,FodderHerbAEZ13,FodderHerbAEZ13,1975,CH4_AWB,1.4615542739106e-05
Canada,FodderHerb,FodderHerbAEZ14,FodderHerbAEZ14,1975,CH4_AWB,1.3691615958316e-05
Canada,FodderHerb,FodderHerbAEZ15,FodderHerbAEZ15,1975,CH4_AWB,0.000151176946198915
Canada,FodderHerb,FodderHerbAEZ16,FodderHerbAEZ16,1975,CH4_AWB,1.3183772266481e-05
Canada,MiscCrop,MiscCropAEZ07,MiscCropAEZ07,1975,CH4_AWB,2.76360878753741e-05
Canada,MiscCrop,MiscCropAEZ08,MiscCropAEZ08,1975,CH4_AWB,1.3728352407765e-05
Canada,MiscCrop,MiscCropAEZ09,MiscCropAEZ09,1975,CH4_AWB,1.07468947278967e-05
Canada,MiscCrop,MiscCropAEZ10,MiscCropAEZ10,1975,CH4_AWB,4.99827939880247e-05
Canada,MiscCrop,MiscCropAEZ11,MiscCropAEZ11,1975,CH4_AWB,1.13105739838629e-06
Canada,MiscCrop,MiscCropAEZ13,MiscCropAEZ13,1975,CH4_AWB,9.13839644723147e-06
Canada,MiscCrop,MiscCropAEZ14,MiscCropAEZ14,1975,CH4_AWB,5.88557500660968e-06
Canada,MiscCrop,MiscCropAEZ15,MiscCropAEZ15,1975,CH4_AWB,1.60746104047789e-05
Canada,MiscCrop,MiscCropAEZ16,MiscCropAEZ16,1975,CH4_AWB,4.33105977510008e-07
Canada,OilCrop,OilCropAEZ07,OilCropAEZ07,1975,CH4_AWB,1.40170157970189e-05
Canada,OilCrop,OilCropAEZ08,OilCropAEZ08,1975,CH4_AWB,1.80692954537225e-05
Canada,OilCrop,OilCropAEZ09,OilCropAEZ09,1975,CH4_AWB,3.29380931263585e-05
Canada,OilCrop,OilCropAEZ10,OilCropAEZ10,1975,CH4_AWB,4.18577767854041e-05
Canada,OilCrop,OilCropAEZ11,OilCropAEZ11,1975,CH4_AWB,0
Canada,OilCrop,OilCropAEZ13,OilCropAEZ13,1975,CH4_AWB,5.32194864262275e-06
Canada,OilCrop,OilCropAEZ14,OilCropAEZ14,1975,CH4_AWB,5.15149622156929e-06
Canada,OilCrop,OilCropAEZ15,OilCropAEZ15,1975,CH4_AWB,3.34123999443723e-05
Canada,OilCrop,OilCropAEZ16,OilCropAEZ16,1975,CH4_AWB,1.38552075096721e-06
Canada,OtherGrain,OtherGrainAEZ07,OtherGrainAEZ07,1975,CH4_AWB,0.00014289568029777
Canada,OtherGrain,OtherGrainAEZ08,OtherGrainAEZ08,1975,CH4_AWB,0.000173689791023405
Canada,OtherGrain,OtherGrainAEZ09,OtherGrainAEZ09,1975,CH4_AWB,0.000242897703853358
Canada,OtherGrain,OtherGrainAEZ10,OtherGrainAEZ10,1975,CH4_AWB,0.000105769095028434
Canada,OtherGrain,OtherGrainAEZ11,OtherGrainAEZ11,1975,CH4_AWB,4.76205805006347e-08
Canada,OtherGrain,OtherGrainAEZ13,OtherGrainAEZ13,1975,CH4_AWB,5.34228526815223e-05
Canada,OtherGrain,OtherGrainAEZ14,OtherGrainAEZ14,1975,CH4_AWB,4.66737478707644e-05
Canada,OtherGrain,OtherGrainAEZ15,OtherGrainAEZ15,1975,CH4_AWB,0.000319642420357022
Canada,OtherGrain,OtherGrainAEZ16,OtherGrainAEZ16,1975,CH4_AWB,1.35969044368911e-05
Canada,PalmFruit,PalmFruitAEZ07,PalmFruitAEZ07,1975,CH4_AWB,0
Canada,PalmFruit,PalmFruitAEZ08,PalmFruitAEZ08,1975,CH4_AWB,0
Canada,PalmFruit,PalmFruitAEZ09,PalmFruitAEZ09,1975,CH4_AWB,0
Canada,PalmFruit,PalmFruitAEZ10,PalmFruitAEZ10,1975,CH4_AWB,0
Canada,PalmFruit,PalmFruitAEZ11,PalmFruitAEZ11,1975,CH4_AWB,0
Canada,PalmFruit,PalmFruitAEZ13,PalmFruitAEZ13,1975,CH4_AWB,0
Canada,PalmFruit,PalmFruitAEZ14,PalmFruitAEZ14,1975,CH4_AWB,0
Canada,PalmFruit,PalmFruitAEZ15,PalmFruitAEZ15,1975,CH4_AWB,0
Canada,PalmFruit,PalmFruitAEZ16,PalmFruitAEZ16,1975,CH4_AWB,0
Canada,Rice,RiceAEZ07,RiceAEZ07,1975,CH4_AWB,0
Canada,Rice,RiceAEZ08,RiceAEZ08,1975,CH4_AWB,0
Canada,Rice,RiceAEZ09,RiceAEZ09,1975,CH4_AWB,0
Canada,Rice,RiceAEZ10,RiceAEZ10,1975,CH4_AWB,0
Canada,Rice,RiceAEZ11,RiceAEZ11,1975,CH4_AWB,0
Canada,Rice,RiceAEZ13,RiceAEZ13,1975,CH4_AWB,0
Canada,Rice,RiceAEZ14,RiceAEZ14,1975,CH4_AWB,0
Canada,Rice,RiceAEZ15,RiceAEZ15,1975,CH4_AWB,0
Canada,Rice,RiceAEZ16,RiceAEZ16,1975,CH4_AWB,0
Canada,Root_Tuber,Root_TuberAEZ07,Root_TuberAEZ07,1975,CH4_AWB,2.04082574210109e-05
Canada,Root_Tuber,Root_TuberAEZ08,Root_TuberAEZ08,1975,CH4_AWB,6.02258448297811e-06
Canada,Root_Tuber,Root_TuberAEZ09,Root_TuberAEZ09,1975,CH4_AWB,5.92867769993805e-05
Canada,Root_Tuber,Root_TuberAEZ10,Root_TuberAEZ10,1975,CH4_AWB,5.20234218885685e-05
Canada,Root_Tuber,Root_TuberAEZ11,Root_TuberAEZ11,1975,CH4_AWB,3.01891280439277e-06
Canada,Root_Tuber,Root_TuberAEZ13,Root_TuberAEZ13,1975,CH4_AWB,7.10873405198087e-07
Canada,Root_Tuber,Root_TuberAEZ14,Root_TuberAEZ14,1975,CH4_AWB,0
Canada,Root_Tuber,Root_TuberAEZ15,Root_TuberAEZ15,1975,CH4_AWB,9.43857898511328e-06
Canada,Root_Tuber,Root_TuberAEZ16,Root_TuberAEZ16,1975,CH4_AWB,5.62296801377945e-07
Canada,SugarCrop,SugarCropAEZ07,SugarCropAEZ07,1975,CH4_AWB,0
Canada,SugarCrop,SugarCropAEZ08,SugarCropAEZ08,1975,CH4_AWB,0
Canada,SugarCrop,SugarCropAEZ09,SugarCropAEZ09,1975,CH4_AWB,4.78217283434682e-05
Canada,SugarCrop,SugarCropAEZ10,SugarCropAEZ10,1975,CH4_AWB,1.41671419767445e-05
Canada,SugarCrop,SugarCropAEZ11,SugarCropAEZ11,1975,CH4_AWB,0
Canada,SugarCrop,SugarCropAEZ13,SugarCropAEZ13,1975,CH4_AWB,0
Canada,SugarCrop,SugarCropAEZ14,SugarCropAEZ14,1975,CH4_AWB,0
Canada,SugarCrop,SugarCropAEZ15,SugarCropAEZ15,1975,CH4_AWB,0
Canada,SugarCrop,SugarCropAEZ16,SugarCropAEZ16,1975,CH4_AWB,0
Canada,Wheat,WheatAEZ07,WheatAEZ07,1975,CH4_AWB,0.000283127997364255
Canada,Wheat,WheatAEZ08,WheatAEZ08,1975,CH4_AWB,0.00019129716579396
Canada,Wheat,WheatAEZ09,WheatAEZ09,1975,CH4_AWB,0.000222894583626976
Canada,Wheat,WheatAEZ10,WheatAEZ10,1975,CH4_AWB,9.92036713867289e-05
Canada,Wheat,WheatAEZ11,WheatAEZ11,1975,CH4_AWB,4.86981457386428e-08
Canada,Wheat,WheatAEZ13,WheatAEZ13,1975,CH4_AWB,9.42817403842618e-05
Canada,Wheat,WheatAEZ14,WheatAEZ14,1975,CH4_AWB,4.78128104766942e-05
Canada,Wheat,WheatAEZ15,WheatAEZ15,1975,CH4_AWB,0.000222083112999102
Canada,Wheat,WheatAEZ16,WheatAEZ16,1975,CH4_AWB,9.85173891762329e-06
Canada,Corn,CornAEZ07,CornAEZ07,1975,CO_AWB,9.42541617033323e-06
Canada,Corn,CornAEZ08,CornAEZ08,1975,CO_AWB,3.28692342198689e-06
Canada,Corn,CornAEZ09,CornAEZ09,1975,CO_AWB,0.000470908376232051
Canada,Corn,CornAEZ10,CornAEZ10,1975,CO_AWB,0.009818469085259
Canada,Corn,CornAEZ11,CornAEZ11,1975,CO_AWB,7.06144343107644e-06
Canada,Corn,CornAEZ13,CornAEZ13,1975,CO_AWB,0
Canada,Corn,CornAEZ14,CornAEZ14,1975,CO_AWB,0
Canada,Corn,CornAEZ15,CornAEZ15,1975,CO_AWB,2.16196843888568e-05
Canada,Corn,CornAEZ16,CornAEZ16,1975,CO_AWB,4.38619251344608e-07
Canada,FiberCrop,FiberCropAEZ07,FiberCropAEZ07,1975,CO_AWB,1.84673620618e-05
Canada,FiberCrop,FiberCropAEZ08,FiberCropAEZ08,1975,CO_AWB,1.52961988794707e-05
Canada,FiberCrop,FiberCropAEZ09,FiberCropAEZ09,1975,CO_AWB,9.49385386164838e-06
Canada,FiberCrop,FiberCropAEZ10,FiberCropAEZ10,1975,CO_AWB,4.29039724668085e-06
Canada,FiberCrop,FiberCropAEZ11,FiberCropAEZ11,1975,CO_AWB,0
Canada,FiberCrop,FiberCropAEZ13,FiberCropAEZ13,1975,CO_AWB,4.26094371867157e-06
Canada,FiberCrop,FiberCropAEZ14,FiberCropAEZ14,1975,CO_AWB,1.86539010725253e-06
Canada,FiberCrop,FiberCropAEZ15,FiberCropAEZ15,1975,CO_AWB,3.42642709174282e-06
Canada,FiberCrop,FiberCropAEZ16,FiberCropAEZ16,1975,CO_AWB,2.55263909413504e-07
Canada,FodderGrass,FodderGrassAEZ07,FodderGrassAEZ07,1975,CO_AWB,0.00184575487239298
Canada,FodderGrass,FodderGrassAEZ08,FodderGrassAEZ08,1975,CO_AWB,0.00187704538566201
Canada,FodderGrass,FodderGrassAEZ09,FodderGrassAEZ09,1975,CO_AWB,0.0177600912526954
Canada,FodderGrass,FodderGrassAEZ10,FodderGrassAEZ10,1975,CO_AWB,0.0296182202113779
Canada,FodderGrass,FodderGrassAEZ11,FodderGrassAEZ11,1975,CO_AWB,0.000350070144745555
Canada,FodderGrass,FodderGrassAEZ13,FodderGrassAEZ13,1975,CO_AWB,0.000620784874055684
Canada,FodderGrass,FodderGrassAEZ14,FodderGrassAEZ14,1975,CO_AWB,0.00067993936055329
Canada,FodderGrass,FodderGrassAEZ15,FodderGrassAEZ15,1975,CO_AWB,0.0129582048846676
Canada,FodderGrass,FodderGrassAEZ16,FodderGrassAEZ16,1975,CO_AWB,0.00185889797193294
Canada,FodderHerb,FodderHerbAEZ07,FodderHerbAEZ07,1975,CO_AWB,0.00211528273261614
Canada,FodderHerb,FodderHerbAEZ08,FodderHerbAEZ08,1975,CO_AWB,0.0017646532071016
Canada,FodderHerb,FodderHerbAEZ09,FodderHerbAEZ09,1975,CO_AWB,0.00943373812323953
Canada,FodderHerb,FodderHerbAEZ10,FodderHerbAEZ10,1975,CO_AWB,0.0143183021156715
Canada,FodderHerb,FodderHerbAEZ11,FodderHerbAEZ11,1975,CO_AWB,4.51471986841408e-05
Canada,FodderHerb,FodderHerbAEZ13,FodderHerbAEZ13,1975,CO_AWB,0.000633340185361261
Canada,FodderHerb,FodderHerbAEZ14,FodderHerbAEZ14,1975,CO_AWB,0.000593303358193694
Canada,FodderHerb,FodderHerbAEZ15,FodderHerbAEZ15,1975,CO_AWB,0.00655100100195299
Canada,FodderHerb,FodderHerbAEZ16,FodderHerbAEZ16,1975,CO_AWB,0.000571296798214176
Canada,MiscCrop,MiscCropAEZ07,MiscCropAEZ07,1975,CO_AWB,0.00119756380793288
Canada,MiscCrop,MiscCropAEZ08,MiscCropAEZ08,1975,CO_AWB,0.000594895271003148
Canada,MiscCrop,MiscCropAEZ09,MiscCropAEZ09,1975,CO_AWB,0.00046569877154219
Canada,MiscCrop,MiscCropAEZ10,MiscCropAEZ10,1975,CO_AWB,0.0021659210728144
Canada,MiscCrop,MiscCropAEZ11,MiscCropAEZ11,1975,CO_AWB,4.9012487263406e-05
Canada,MiscCrop,MiscCropAEZ13,MiscCropAEZ13,1975,CO_AWB,0.00039599717938003
Canada,MiscCrop,MiscCropAEZ14,MiscCropAEZ14,1975,CO_AWB,0.000255041583619753
Canada,MiscCrop,MiscCropAEZ15,MiscCropAEZ15,1975,CO_AWB,0.000696566450873751
Canada,MiscCrop,MiscCropAEZ16,MiscCropAEZ16,1975,CO_AWB,1.87679256921003e-05
Canada,OilCrop,OilCropAEZ07,OilCropAEZ07,1975,CO_AWB,0.000607404017870821
Canada,OilCrop,OilCropAEZ08,OilCropAEZ08,1975,CO_AWB,0.00078300280299464
Canada,OilCrop,OilCropAEZ09,OilCropAEZ09,1975,CO_AWB,0.00142731736880887
Canada,OilCrop,OilCropAEZ10,OilCropAEZ10,1975,CO_AWB,0.00181383699403418
Canada,OilCrop,OilCropAEZ11,OilCropAEZ11,1975,CO_AWB,0
Canada,OilCrop,OilCropAEZ13,OilCropAEZ13,1975,CO_AWB,0.000230617774513652
Canada,OilCrop,OilCropAEZ14,OilCropAEZ14,1975,CO_AWB,0.000223231502934669
Canada,OilCrop,OilCropAEZ15,OilCropAEZ15,1975,CO_AWB,0.00144787066425613
Canada,OilCrop,OilCropAEZ16,OilCropAEZ16,1975,CO_AWB,6.00392325419126e-05
Canada,OtherGrain,OtherGrainAEZ07,OtherGrainAEZ07,1975,CO_AWB,0.0061921461462367
Canada,OtherGrain,OtherGrainAEZ08,OtherGrainAEZ08,1975,CO_AWB,0.0075265576110142
Canada,OtherGrain,OtherGrainAEZ09,OtherGrainAEZ09,1975,CO_AWB,0.0105255671669788
Canada,OtherGrain,OtherGrainAEZ10,OtherGrainAEZ10,1975,CO_AWB,0.00458332745123216
Canada,OtherGrain,OtherGrainAEZ11,OtherGrainAEZ11,1975,CO_AWB,2.06355848836084e-06
Canada,OtherGrain,OtherGrainAEZ13,OtherGrainAEZ13,1975,CO_AWB,0.00231499028286597
Canada,OtherGrain,OtherGrainAEZ14,OtherGrainAEZ14,1975,CO_AWB,0.00202252907439979
Canada,OtherGrain,OtherGrainAEZ15,OtherGrainAEZ15,1975,CO_AWB,0.0138511715488043
Canada,OtherGrain,OtherGrainAEZ16,OtherGrainAEZ16,1975,CO_AWB,0.000589199192265282
Canada,PalmFruit,PalmFruitAEZ07,PalmFruitAEZ07,1975,CO_AWB,0
Canada,PalmFruit,PalmFruitAEZ08,PalmFruitAEZ08,1975,CO_AWB,0
Canada,PalmFruit,PalmFruitAEZ09,PalmFruitAEZ09,1975,CO_AWB,0
Canada,PalmFruit,PalmFruitAEZ10,PalmFruitAEZ10,1975,CO_AWB,0
Canada,PalmFruit,PalmFruitAEZ11,PalmFruitAEZ11,1975,CO_AWB,0
Canada,PalmFruit,PalmFruitAEZ13,PalmFruitAEZ13,1975,CO_AWB,0
Canada,PalmFruit,PalmFruitAEZ14,PalmFruitAEZ14,1975,CO_AWB,0
Canada,PalmFruit,PalmFruitAEZ15,PalmFruitAEZ15,1975,CO_AWB,0
Canada,PalmFruit,PalmFruitAEZ16,PalmFruitAEZ16,1975,CO_AWB,0
Canada,Rice,RiceAEZ07,RiceAEZ07,1975,CO_AWB,0
Canada,Rice,RiceAEZ08,RiceAEZ08,1975,CO_AWB,0
Canada,Rice,RiceAEZ09,RiceAEZ09,1975,CO_AWB,0
Canada,Rice,RiceAEZ10,RiceAEZ10,1975,CO_AWB,0
Canada,Rice,RiceAEZ11,RiceAEZ11,1975,CO_AWB,0
Canada,Rice,RiceAEZ13,RiceAEZ13,1975,CO_AWB,0
Canada,Rice,RiceAEZ14,RiceAEZ14,1975,CO_AWB,0
Canada,Rice,RiceAEZ15,RiceAEZ15,1975,CO_AWB,0
Canada,Rice,RiceAEZ16,RiceAEZ16,1975,CO_AWB,0
Canada,Root_Tuber,Root_TuberAEZ07,Root_TuberAEZ07,1975,CO_AWB,0.00088435782157714
Canada,Root_Tuber,Root_TuberAEZ08,Root_TuberAEZ08,1975,CO_AWB,0.000260978660929051
Canada,Root_Tuber,Root_TuberAEZ09,Root_TuberAEZ09,1975,CO_AWB,0.00256909366997316
Canada,Root_Tuber,Root_TuberAEZ10,Root_TuberAEZ10,1975,CO_AWB,0.00225434828183797
Canada,Root_Tuber,Root_TuberAEZ11,Root_TuberAEZ11,1975,CO_AWB,0.00013081955485702
Canada,Root_Tuber,Root_TuberAEZ13,Root_TuberAEZ13,1975,CO_AWB,3.08045142252505e-05
Canada,Root_Tuber,Root_TuberAEZ14,Root_TuberAEZ14,1975,CO_AWB,0
Canada,Root_Tuber,Root_TuberAEZ15,Root_TuberAEZ15,1975,CO_AWB,0.000409005089354909
Canada,Root_Tuber,Root_TuberAEZ16,Root_TuberAEZ16,1975,CO_AWB,2.43661947263776e-05
Canada,SugarCrop,SugarCropAEZ07,SugarCropAEZ07,1975,CO_AWB,0
Canada,SugarCrop,SugarCropAEZ08,SugarCropAEZ08,1975,CO_AWB,0
Canada,SugarCrop,SugarCropAEZ09,SugarCropAEZ09,1975,CO_AWB,0.00207227489488362
Canada,SugarCrop,SugarCropAEZ10,SugarCropAEZ10,1975,CO_AWB,0.000613909485658927
Canada,SugarCrop,SugarCropAEZ11,SugarCropAEZ11,1975,CO_AWB,0
Canada,SugarCrop,SugarCropAEZ13,SugarCropAEZ13,1975,CO_AWB,0
Canada,SugarCrop,SugarCropAEZ14,SugarCropAEZ14,1975,CO_AWB,0
Canada,SugarCrop,SugarCropAEZ15,SugarCropAEZ15,1975,CO_AWB,0
Canada,SugarCrop,SugarCropAEZ16,SugarCropAEZ16,1975,CO_AWB,0
Canada,Wheat,WheatAEZ07,WheatAEZ07,1975,CO_AWB,0.0122688798857844
Canada,Wheat,WheatAEZ08,WheatAEZ08,1975,CO_AWB,0.00828954385107158
Canada,Wheat,WheatAEZ09,WheatAEZ09,1975,CO_AWB,0.00965876529050228
Canada,Wheat,WheatAEZ10,WheatAEZ10,1975,CO_AWB,0.00429882576009158
Canada,Wheat,WheatAEZ11,WheatAEZ11,1975,CO_AWB,2.11025298200786e-06
Canada,Wheat,WheatAEZ13,WheatAEZ13,1975,CO_AWB,0.00408554208331801
Canada,Wheat,WheatAEZ14,WheatAEZ14,1975,CO_AWB,0.00207188845399008
Canada,Wheat,WheatAEZ15,WheatAEZ15,1975,CO_AWB,0.00962360156329444
Canada,Wheat,WheatAEZ16,WheatAEZ16,1975,CO_AWB,0.000426908686430343
Canada,Corn,CornAEZ07,CornAEZ07,1975,N2O_AWB,5.63913787968655e-09
Canada,Corn,CornAEZ08,CornAEZ08,1975,N2O_AWB,1.96653538067592e-09
Canada,Corn,CornAEZ09,CornAEZ09,1975,N2O_AWB,2.81740054155928e-07
Canada,Corn,CornAEZ10,CornAEZ10,1975,N2O_AWB,5.87429774331735e-06
Canada,Corn,CornAEZ11,CornAEZ11,1975,N2O_AWB,4.22479521517394e-09
Canada,Corn,CornAEZ13,CornAEZ13,1975,N2O_AWB,0
Canada,Corn,CornAEZ14,CornAEZ14,1975,N2O_AWB,0
Canada,Corn,CornAEZ15,CornAEZ15,1975,N2O_AWB,1.2934853907863e-08
Canada,Corn,CornAEZ16,CornAEZ16,1975,N2O_AWB,2.6242177430874e-10
Canada,FiberCrop,FiberCropAEZ07,FiberCropAEZ07,1975,N2O_AWB,1.10488490968034e-08
Canada,FiberCrop,FiberCropAEZ08,FiberCropAEZ08,1975,N2O_AWB,9.15157197917051e-09
Canada,FiberCrop,FiberCropAEZ09,FiberCropAEZ09,1975,N2O_AWB,5.68008350696912e-09
Canada,FiberCrop,FiberCropAEZ10,FiberCropAEZ10,1975,N2O_AWB,2.56690433562102e-09
Canada,FiberCrop,FiberCropAEZ11,FiberCropAEZ11,1975,N2O_AWB,0
Canada,FiberCrop,FiberCropAEZ13,FiberCropAEZ13,1975,N2O_AWB,2.54928256672658e-09
Canada,FiberCrop,FiberCropAEZ14,FiberCropAEZ14,1975,N2O_AWB,1.11604536331348e-09
Canada,FiberCrop,FiberCropAEZ15,FiberCropAEZ15,1975,N2O_AWB,2.04999911471793e-09
Canada,FiberCrop,FiberCropAEZ16,FiberCropAEZ16,1975,N2O_AWB,1.52721997085002e-10
Canada,FodderGrass,FodderGrassAEZ07,FodderGrassAEZ07,1975,N2O_AWB,1.10429778690178e-06
Canada,FodderGrass,FodderGrassAEZ08,FodderGrassAEZ08,1975,N2O_AWB,1.12301860680633e-06
Canada,FodderGrass,FodderGrassAEZ09,FodderGrassAEZ09,1975,N2O_AWB,1.06256956212707e-05
Canada,FodderGrass,FodderGrassAEZ10,FodderGrassAEZ10,1975,N2O_AWB,1.7720302690568e-05
Canada,FodderGrass,FodderGrassAEZ11,FodderGrassAEZ11,1975,N2O_AWB,2.09443676343494e-07
Canada,FodderGrass,FodderGrassAEZ13,FodderGrassAEZ13,1975,N2O_AWB,3.71409753708529e-07
Canada,FodderGrass,FodderGrassAEZ14,FodderGrassAEZ14,1975,N2O_AWB,4.06801326826755e-07
Canada,FodderGrass,FodderGrassAEZ15,FodderGrassAEZ15,1975,N2O_AWB,7.75277215321994e-06
Canada,FodderGrass,FodderGrassAEZ16,FodderGrassAEZ16,1975,N2O_AWB,1.11216117978894e-06
Canada,FodderHerb,FodderHerbAEZ07,FodderHerbAEZ07,1975,N2O_AWB,1.26555377165068e-06
Canada,FodderHerb,FodderHerbAEZ08,FodderHerbAEZ08,1975,N2O_AWB,1.05577542305224e-06
Canada,FodderHerb,FodderHerbAEZ09,FodderHerbAEZ09,1975,N2O_AWB,5.6441168258698e-06
Canada,FodderHerb,FodderHerbAEZ10,FodderHerbAEZ10,1975,N2O_AWB,8.56650553929067e-06
Canada,FodderHerb,FodderHerbAEZ11,FodderHerbAEZ11,1975,N2O_AWB,2.70111445118791e-08
Canada,FodderHerb,FodderHerbAEZ13,FodderHerbAEZ13,1975,N2O_AWB,3.78921478421267e-07
Canada,FodderHerb,FodderHerbAEZ14,FodderHerbAEZ14,1975,N2O_AWB,3.54967821141526e-07
Canada,FodderHerb,FodderHerbAEZ15,FodderHerbAEZ15,1975,N2O_AWB,3.91940230886076e-06
Canada,FodderHerb,FodderHerbAEZ16,FodderHerbAEZ16,1975,N2O_AWB,3.41801503205062e-07
Canada,MiscCrop,MiscCropAEZ07,MiscCropAEZ07,1975,N2O_AWB,7.16491167139329e-07
Canada,MiscCrop,MiscCropAEZ08,MiscCropAEZ08,1975,N2O_AWB,3.55920247608721e-07
Canada,MiscCrop,MiscCropAEZ09,MiscCropAEZ09,1975,N2O_AWB,2.78623196649174e-07
Canada,MiscCrop,MiscCropAEZ10,MiscCropAEZ10,1975,N2O_AWB,1.29585021450434e-06
Canada,MiscCrop,MiscCropAEZ11,MiscCropAEZ11,1975,N2O_AWB,2.93237103285335e-08
Canada,MiscCrop,MiscCropAEZ13,MiscCropAEZ13,1975,N2O_AWB,2.36921389372668e-07
Canada,MiscCrop,MiscCropAEZ14,MiscCropAEZ14,1975,N2O_AWB,1.52588981652843e-07
Canada,MiscCrop,MiscCropAEZ15,MiscCropAEZ15,1975,N2O_AWB,4.16749158642415e-07
Canada,MiscCrop,MiscCropAEZ16,MiscCropAEZ16,1975,N2O_AWB,1.12286734910002e-08
Canada,OilCrop,OilCropAEZ07,OilCropAEZ07,1975,N2O_AWB,3.63404113256047e-07
Canada,OilCrop,OilCropAEZ08,OilCropAEZ08,1975,N2O_AWB,4.68463215466879e-07
Canada,OilCrop,OilCropAEZ09,OilCropAEZ09,1975,N2O_AWB,8.53950562535221e-07
Canada,OilCrop,OilCropAEZ10,OilCropAEZ10,1975,N2O_AWB,1.08520162036233e-06
Canada,OilCrop,OilCropAEZ11,OilCropAEZ11,1975,N2O_AWB,0
Canada,OilCrop,OilCropAEZ13,OilCropAEZ13,1975,N2O_AWB,1.37976446290219e-07
Canada,OilCrop,OilCropAEZ14,OilCropAEZ14,1975,N2O_AWB,1.33557309448093e-07
Canada,OilCrop,OilCropAEZ15,OilCropAEZ15,1975,N2O_AWB,8.66247405965207e-07
Canada,OilCrop,OilCropAEZ16,OilCropAEZ16,1975,N2O_AWB,3.59209083584092e-08
Canada,OtherGrain,OtherGrainAEZ07,OtherGrainAEZ07,1975,N2O_AWB,3.70470282253478e-06
Canada,OtherGrain,OtherGrainAEZ08,OtherGrainAEZ08,1975,N2O_AWB,4.50306865616234e-06
Canada,OtherGrain,OtherGrainAEZ09,OtherGrainAEZ09,1975,N2O_AWB,6.29734787767964e-06
Canada,OtherGrain,OtherGrainAEZ10,OtherGrainAEZ10,1975,N2O_AWB,2.74216172295941e-06
Canada,OtherGrain,OtherGrainAEZ11,OtherGrainAEZ11,1975,N2O_AWB,1.23460764260905e-09
Canada,OtherGrain,OtherGrainAEZ13,OtherGrainAEZ13,1975,N2O_AWB,1.3850369213728e-06
Canada,OtherGrain,OtherGrainAEZ14,OtherGrainAEZ14,1975,N2O_AWB,1.21006012998278e-06
Canada,OtherGrain,OtherGrainAEZ15,OtherGrainAEZ15,1975,N2O_AWB,8.28702571295983e-06
Canada,OtherGrain,OtherGrainAEZ16,OtherGrainAEZ16,1975,N2O_AWB,3.52512337252733e-07
Canada,PalmFruit,PalmFruitAEZ07,PalmFruitAEZ07,1975,N2O_AWB,0
Canada,PalmFruit,PalmFruitAEZ08,PalmFruitAEZ08,1975,N2O_AWB,0
Canada,PalmFruit,PalmFruitAEZ09,PalmFruitAEZ09,1975,N2O_AWB,0
Canada,PalmFruit,PalmFruitAEZ10,PalmFruitAEZ10,1975,N2O_AWB,0
Canada,PalmFruit,PalmFruitAEZ11,PalmFruitAEZ11,1975,N2O_AWB,0
Canada,PalmFruit,PalmFruitAEZ13,PalmFruitAEZ13,1975,N2O_AWB,0
Canada,PalmFruit,PalmFruitAEZ14,PalmFruitAEZ14,1975,N2O_AWB,0
Canada,PalmFruit,PalmFruitAEZ15,PalmFruitAEZ15,1975,N2O_AWB,0
Canada,PalmFruit,PalmFruitAEZ16,PalmFruitAEZ16,1975,N2O_AWB,0
Canada,Rice,RiceAEZ07,RiceAEZ07,1975,N2O_AWB,0
Canada,Rice,RiceAEZ08,RiceAEZ08,1975,N2O_AWB,0
Canada,Rice,RiceAEZ09,RiceAEZ09,1975,N2O_AWB,0
Canada,Rice,RiceAEZ10,RiceAEZ10,1975,N2O_AWB,0
Canada,Rice,RiceAEZ11,RiceAEZ11,1975,N2O_AWB,0
Canada,Rice,RiceAEZ13,RiceAEZ13,1975,N2O_AWB,0
Canada,Rice,RiceAEZ14,RiceAEZ14,1975,N2O_AWB,0
Canada,Rice,RiceAEZ15,RiceAEZ15,1975,N2O_AWB,0
Canada,Rice,RiceAEZ16,RiceAEZ16,1975,N2O_AWB,0
Canada,Root_Tuber,Root_TuberAEZ07,Root_TuberAEZ07,1975,N2O_AWB,5.29102970174357e-07
Canada,Root_Tuber,Root_TuberAEZ08,Root_TuberAEZ08,1975,N2O_AWB,1.56141079188321e-07
Canada,Root_Tuber,Root_TuberAEZ09,Root_TuberAEZ09,1975,N2O_AWB,1.53706458887283e-06
Canada,Root_Tuber,Root_TuberAEZ10,Root_TuberAEZ10,1975,N2O_AWB,1.34875538229622e-06
Canada,Root_Tuber,Root_TuberAEZ11,Root_TuberAEZ11,1975,N2O_AWB,7.82681097435164e-08
Canada,Root_Tuber,Root_TuberAEZ13,Root_TuberAEZ13,1975,N2O_AWB,1.84300512458763e-08
Canada,Root_Tuber,Root_TuberAEZ14,Root_TuberAEZ14,1975,N2O_AWB,0
Canada,Root_Tuber,Root_TuberAEZ15,Root_TuberAEZ15,1975,N2O_AWB,2.44703899614048e-07
Canada,Root_Tuber,Root_TuberAEZ16,Root_TuberAEZ16,1975,N2O_AWB,1.45780652209097e-08
Canada,SugarCrop,SugarCropAEZ07,SugarCropAEZ07,1975,N2O_AWB,0
Canada,SugarCrop,SugarCropAEZ08,SugarCropAEZ08,1975,N2O_AWB,0
Canada,SugarCrop,SugarCropAEZ09,SugarCropAEZ09,1975,N2O_AWB,1.23982258668251e-06
Canada,SugarCrop,SugarCropAEZ10,SugarCropAEZ10,1975,N2O_AWB,3.67296273471153e-07
Canada,SugarCrop,SugarCropAEZ11,SugarCropAEZ11,1975,N2O_AWB,0
Canada,SugarCrop,SugarCropAEZ13,SugarCropAEZ13,1975,N2O_AWB,0
Canada,SugarCrop,SugarCropAEZ14,SugarCropAEZ14,1975,N2O_AWB,0
Canada,SugarCrop,SugarCropAEZ15,SugarCropAEZ15,1975,N2O_AWB,0
Canada,SugarCrop,SugarCropAEZ16,SugarCropAEZ16,1975,N2O_AWB,0
Canada,Wheat,WheatAEZ07,WheatAEZ07,1975,N2O_AWB,7.34035548722143e-06
Canada,Wheat,WheatAEZ08,WheatAEZ08,1975,N2O_AWB,4.95955615021377e-06
Canada,Wheat,WheatAEZ09,WheatAEZ09,1975,N2O_AWB,5.77874846440308e-06
Canada,Wheat,WheatAEZ10,WheatAEZ10,1975,N2O_AWB,2.57194703595223e-06
Canada,Wheat,WheatAEZ11,WheatAEZ11,1975,N2O_AWB,1.26254451915e-09
Canada,Wheat,WheatAEZ13,WheatAEZ13,1975,N2O_AWB,2.44434141736975e-06
Canada,Wheat,WheatAEZ14,WheatAEZ14,1975,N2O_AWB,1.23959138272911e-06
Canada,Wheat,WheatAEZ15,WheatAEZ15,1975,N2O_AWB,5.75771033701377e-06
Canada,Wheat,WheatAEZ16,WheatAEZ16,1975,N2O_AWB,2.55415453419863e-07
Canada,Corn,CornAEZ07,CornAEZ07,1975,NH3_AWB,1.04726846337036e-07
Canada,Corn,CornAEZ08,CornAEZ08,1975,NH3_AWB,3.65213713554099e-08
Canada,Corn,CornAEZ09,CornAEZ09,1975,NH3_AWB,5.23231529146723e-06
Canada,Corn,CornAEZ10,CornAEZ10,1975,NH3_AWB,0.000109094100947322
Canada,Corn,CornAEZ11,CornAEZ11,1975,NH3_AWB,7.8460482567516e-08
Canada,Corn,CornAEZ13,CornAEZ13,1975,NH3_AWB,0
Canada,Corn,CornAEZ14,CornAEZ14,1975,NH3_AWB,0
Canada,Corn,CornAEZ15,CornAEZ15,1975,NH3_AWB,2.40218715431742e-07
Canada,Corn,CornAEZ16,CornAEZ16,1975,NH3_AWB,4.87354723716231e-09
Canada,FiberCrop,FiberCropAEZ07,FiberCropAEZ07,1975,NH3_AWB,2.05192911797778e-07
Canada,FiberCrop,FiberCropAEZ08,FiberCropAEZ08,1975,NH3_AWB,1.69957765327452e-07
Canada,FiberCrop,FiberCropAEZ09,FiberCropAEZ09,1975,NH3_AWB,1.05487265129426e-07
Canada,FiberCrop,FiberCropAEZ10,FiberCropAEZ10,1975,NH3_AWB,4.76710805186761e-08
Canada,FiberCrop,FiberCropAEZ11,FiberCropAEZ11,1975,NH3_AWB,0
Canada,FiberCrop,FiberCropAEZ13,FiberCropAEZ13,1975,NH3_AWB,4.73438190963508e-08
Canada,FiberCrop,FiberCropAEZ14,FiberCropAEZ14,1975,NH3_AWB,2.07265567472504e-08
Canada,FiberCrop,FiberCropAEZ15,FiberCropAEZ15,1975,NH3_AWB,3.80714121304758e-08
Canada,FiberCrop,FiberCropAEZ16,FiberCropAEZ16,1975,NH3_AWB,2.83626566015004e-09
Canada,FodderGrass,FodderGrassAEZ07,FodderGrassAEZ07,1975,NH3_AWB,2.05083874710331e-05
Canada,FodderGrass,FodderGrassAEZ08,FodderGrassAEZ08,1975,NH3_AWB,2.0856059840689e-05
Canada,FodderGrass,FodderGrassAEZ09,FodderGrassAEZ09,1975,NH3_AWB,0.000197334347252171
Canada,FodderGrass,FodderGrassAEZ10,FodderGrassAEZ10,1975,NH3_AWB,0.000329091335681976
Canada,FodderGrass,FodderGrassAEZ11,FodderGrassAEZ11,1975,NH3_AWB,3.88966827495061e-06
Canada,FodderGrass,FodderGrassAEZ13,FodderGrassAEZ13,1975,NH3_AWB,6.89760971172983e-06
Canada,FodderGrass,FodderGrassAEZ14,FodderGrassAEZ14,1975,NH3_AWB,7.55488178392545e-06
Canada,FodderGrass,FodderGrassAEZ15,FodderGrassAEZ15,1975,NH3_AWB,0.000143980054274085
Canada,FodderGrass,FodderGrassAEZ16,FodderGrassAEZ16,1975,NH3_AWB,2.0654421910366e-05
Canada,FodderHerb,FodderHerbAEZ07,FodderHerbAEZ07,1975,NH3_AWB,2.35031414735127e-05
Canada,FodderHerb,FodderHerbAEZ08,FodderHerbAEZ08,1975,NH3_AWB,1.96072578566845e-05
Canada,FodderHerb,FodderHerbAEZ09,FodderHerbAEZ09,1975,NH3_AWB,0.000104819312480439
Canada,FodderHerb,FodderHerbAEZ10,FodderHerbAEZ10,1975,NH3_AWB,0.000159092245729684
Canada,FodderHerb,FodderHerbAEZ11,FodderHerbAEZ11,1975,NH3_AWB,5.01635540934898e-07
Canada,FodderHerb,FodderHerbAEZ13,FodderHerbAEZ13,1975,NH3_AWB,7.03711317068068e-06
Canada,FodderHerb,FodderHerbAEZ14,FodderHerbAEZ14,1975,NH3_AWB,6.59225953548549e-06
Canada,FodderHerb,FodderHerbAEZ15,FodderHerbAEZ15,1975,NH3_AWB,7.27889000216999e-05
Canada,FodderHerb,FodderHerbAEZ16,FodderHerbAEZ16,1975,NH3_AWB,6.34774220237973e-06
Canada,MiscCrop,MiscCropAEZ07,MiscCropAEZ07,1975,NH3_AWB,1.33062645325875e-05
Canada,MiscCrop,MiscCropAEZ08,MiscCropAEZ08,1975,NH3_AWB,6.60994745559053e-06
Canada,MiscCrop,MiscCropAEZ09,MiscCropAEZ09,1975,NH3_AWB,5.17443079491323e-06
Canada,MiscCrop,MiscCropAEZ10,MiscCropAEZ10,1975,NH3_AWB,2.40657896979378e-05
Canada,MiscCrop,MiscCropAEZ11,MiscCropAEZ11,1975,NH3_AWB,5.44583191815622e-07
Canada,MiscCrop,MiscCropAEZ13,MiscCropAEZ13,1975,NH3_AWB,4.39996865977811e-06
Canada,MiscCrop,MiscCropAEZ14,MiscCropAEZ14,1975,NH3_AWB,2.83379537355281e-06
Canada,MiscCrop,MiscCropAEZ15,MiscCropAEZ15,1975,NH3_AWB,7.73962723193056e-06
Canada,MiscCrop,MiscCropAEZ16,MiscCropAEZ16,1975,NH3_AWB,2.08532507690004e-07
Canada,OilCrop,OilCropAEZ07,OilCropAEZ07,1975,NH3_AWB,6.74893353189801e-06
Canada,OilCrop,OilCropAEZ08,OilCropAEZ08,1975,NH3_AWB,8.70003114438489e-06
Canada,OilCrop,OilCropAEZ09,OilCropAEZ09,1975,NH3_AWB,1.58590818756541e-05
Canada,OilCrop,OilCropAEZ10,OilCropAEZ10,1975,NH3_AWB,2.01537443781575e-05
Canada,OilCrop,OilCropAEZ11,OilCropAEZ11,1975,NH3_AWB,0
Canada,OilCrop,OilCropAEZ13,OilCropAEZ13,1975,NH3_AWB,2.56241971681836e-06
Canada,OilCrop,OilCropAEZ14,OilCropAEZ14,1975,NH3_AWB,2.48035003260744e-06
Canada,OilCrop,OilCropAEZ15,OilCropAEZ15,1975,NH3_AWB,1.60874518250681e-05
Canada,OilCrop,OilCropAEZ16,OilCropAEZ16,1975,NH3_AWB,6.67102583799029e-07
Canada,OtherGrain,OtherGrainAEZ07,OtherGrainAEZ07,1975,NH3_AWB,6.88016238470745e-05
Canada,OtherGrain,OtherGrainAEZ08,OtherGrainAEZ08,1975,NH3_AWB,8.36284179001577e-05
Canada,OtherGrain,OtherGrainAEZ09,OtherGrainAEZ09,1975,NH3_AWB,0.000116950746299765
Canada,OtherGrain,OtherGrainAEZ10,OtherGrainAEZ10,1975,NH3_AWB,5.09258605692462e-05
Canada,OtherGrain,OtherGrainAEZ11,OtherGrainAEZ11,1975,NH3_AWB,2.29284276484538e-08
Canada,OtherGrain,OtherGrainAEZ13,OtherGrainAEZ13,1975,NH3_AWB,2.57221142540663e-05
Canada,OtherGrain,OtherGrainAEZ14,OtherGrainAEZ14,1975,NH3_AWB,2.24725452711088e-05
Canada,OtherGrain,OtherGrainAEZ15,OtherGrainAEZ15,1975,NH3_AWB,0.000153901906097825
Canada,OtherGrain,OtherGrainAEZ16,OtherGrainAEZ16,1975,NH3_AWB,6.54665769183647e-06
Canada,PalmFruit,PalmFruitAEZ07,PalmFruitAEZ07,1975,NH3_AWB,0
Canada,PalmFruit,PalmFruitAEZ08,PalmFruitAEZ08,1975,NH3_AWB,0
Canada,PalmFruit,PalmFruitAEZ09,PalmFruitAEZ09,1975,NH3_AWB,0
Canada,PalmFruit,PalmFruitAEZ10,PalmFruitAEZ10,1975,NH3_AWB,0
Canada,PalmFruit,PalmFruitAEZ11,PalmFruitAEZ11,1975,NH3_AWB,0
Canada,PalmFruit,PalmFruitAEZ13,PalmFruitAEZ13,1975,NH3_AWB,0
Canada,PalmFruit,PalmFruitAEZ14,PalmFruitAEZ14,1975,NH3_AWB,0
Canada,PalmFruit,PalmFruitAEZ15,PalmFruitAEZ15,1975,NH3_AWB,0
Canada,PalmFruit,PalmFruitAEZ16,PalmFruitAEZ16,1975,NH3_AWB,0
Canada,Rice,RiceAEZ07,RiceAEZ07,1975,NH3_AWB,0
Canada,Rice,RiceAEZ08,RiceAEZ08,1975,NH3_AWB,0
Canada,Rice,RiceAEZ09,RiceAEZ09,1975,NH3_AWB,0
Canada,Rice,RiceAEZ10,RiceAEZ10,1975,NH3_AWB,0
Canada,Rice,RiceAEZ11,RiceAEZ11,1975,NH3_AWB,0
Canada,Rice,RiceAEZ13,RiceAEZ13,1975,NH3_AWB,0
Canada,Rice,RiceAEZ14,RiceAEZ14,1975,NH3_AWB,0
Canada,Rice,RiceAEZ15,RiceAEZ15,1975,NH3_AWB,0
Canada,Rice,RiceAEZ16,RiceAEZ16,1975,NH3_AWB,0
Canada,Root_Tuber,Root_TuberAEZ07,Root_TuberAEZ07,1975,NH3_AWB,9.82619801752378e-06
Canada,Root_Tuber,Root_TuberAEZ08,Root_TuberAEZ08,1975,NH3_AWB,2.89976289921168e-06
Canada,Root_Tuber,Root_TuberAEZ09,Root_TuberAEZ09,1975,NH3_AWB,2.8545485221924e-05
Canada,Root_Tuber,Root_TuberAEZ10,Root_TuberAEZ10,1975,NH3_AWB,2.50483142426441e-05
Canada,Root_Tuber,Root_TuberAEZ11,Root_TuberAEZ11,1975,NH3_AWB,1.45355060952245e-06
Canada,Root_Tuber,Root_TuberAEZ13,Root_TuberAEZ13,1975,NH3_AWB,3.42272380280561e-07
Canada,Root_Tuber,Root_TuberAEZ14,Root_TuberAEZ14,1975,NH3_AWB,0
Canada,Root_Tuber,Root_TuberAEZ15,Root_TuberAEZ15,1975,NH3_AWB,4.54450099283232e-06
Canada,Root_Tuber,Root_TuberAEZ16,Root_TuberAEZ16,1975,NH3_AWB,2.70735496959751e-07
Canada,SugarCrop,SugarCropAEZ07,SugarCropAEZ07,1975,NH3_AWB,0
Canada,SugarCrop,SugarCropAEZ08,SugarCropAEZ08,1975,NH3_AWB,0
Canada,SugarCrop,SugarCropAEZ09,SugarCropAEZ09,1975,NH3_AWB,2.3025276609818e-05
Canada,SugarCrop,SugarCropAEZ10,SugarCropAEZ10,1975,NH3_AWB,6.82121650732141e-06
Canada,SugarCrop,SugarCropAEZ11,SugarCropAEZ11,1975,NH3_AWB,0
Canada,SugarCrop,SugarCropAEZ13,SugarCropAEZ13,1975,NH3_AWB,0
Canada,SugarCrop,SugarCropAEZ14,SugarCropAEZ14,1975,NH3_AWB,0
Canada,SugarCrop,SugarCropAEZ15,SugarCropAEZ15,1975,NH3_AWB,0
Canada,SugarCrop,SugarCropAEZ16,SugarCropAEZ16,1975,NH3_AWB,0
Canada,Wheat,WheatAEZ07,WheatAEZ07,1975,NH3_AWB,0.000136320887619826
Canada,Wheat,WheatAEZ08,WheatAEZ08,1975,NH3_AWB,9.21060427896843e-05
Canada,Wheat,WheatAEZ09,WheatAEZ09,1975,NH3_AWB,0.000107319614338914
Canada,Wheat,WheatAEZ10,WheatAEZ10,1975,NH3_AWB,4.77647306676843e-05
Canada,Wheat,WheatAEZ11,WheatAEZ11,1975,NH3_AWB,2.34472553556428e-08
Canada,Wheat,WheatAEZ13,WheatAEZ13,1975,NH3_AWB,4.53949120368668e-05
Canada,Wheat,WheatAEZ14,WheatAEZ14,1975,NH3_AWB,2.3020982822112e-05
Canada,Wheat,WheatAEZ15,WheatAEZ15,1975,NH3_AWB,0.000106928906258827
Canada,Wheat,WheatAEZ16,WheatAEZ16,1975,NH3_AWB,4.74342984922603e-06
Canada,Corn,CornAEZ07,CornAEZ07,1975,NMVOC_AWB,5.63913787968655e-07
Canada,Corn,CornAEZ08,CornAEZ08,1975,NMVOC_AWB,1.96653538067592e-07
Canada,Corn,CornAEZ09,CornAEZ09,1975,NMVOC_AWB,2.81740054155928e-05
Canada,Corn,CornAEZ10,CornAEZ10,1975,NMVOC_AWB,0.000587429774331735
Canada,Corn,CornAEZ11,CornAEZ11,1975,NMVOC_AWB,4.22479521517394e-07
Canada,Corn,CornAEZ13,CornAEZ13,1975,NMVOC_AWB,0
Canada,Corn,CornAEZ14,CornAEZ14,1975,NMVOC_AWB,0
Canada,Corn,CornAEZ15,CornAEZ15,1975,NMVOC_AWB,1.2934853907863e-06
Canada,Corn,CornAEZ16,CornAEZ16,1975,NMVOC_AWB,2.6242177430874e-08
Canada,FiberCrop,FiberCropAEZ07,FiberCropAEZ07,1975,NMVOC_AWB,1.10488490968034e-06
Canada,FiberCrop,FiberCropAEZ08,FiberCropAEZ08,1975,NMVOC_AWB,9.15157197917051e-07
Canada,FiberCrop,FiberCropAEZ09,FiberCropAEZ09,1975,NMVOC_AWB,5.68008350696912e-07
Canada,FiberCrop,FiberCropAEZ10,FiberCropAEZ10,1975,NMVOC_AWB,2.56690433562102e-07
Canada,FiberCrop,FiberCropAEZ11,FiberCropAEZ11,1975,NMVOC_AWB,0
Canada,FiberCrop,FiberCropAEZ13,FiberCropAEZ13,1975,NMVOC_AWB,2.54928256672658e-07
Canada,FiberCrop,FiberCropAEZ14,FiberCropAEZ14,1975,NMVOC_AWB,1.11604536331348e-07
Canada,FiberCrop,FiberCropAEZ15,FiberCropAEZ15,1975,NMVOC_AWB,2.04999911471793e-07
Canada,FiberCrop,FiberCropAEZ16,FiberCropAEZ16,1975,NMVOC_AWB,1.52721997085002e-08
Canada,FodderGrass,FodderGrassAEZ07,FodderGrassAEZ07,1975,NMVOC_AWB,0.000110429778690178
Canada,FodderGrass,FodderGrassAEZ08,FodderGrassAEZ08,1975,NMVOC_AWB,0.000112301860680633
Canada,FodderGrass,FodderGrassAEZ09,FodderGrassAEZ09,1975,NMVOC_AWB,0.00106256956212707
Canada,FodderGrass,FodderGrassAEZ10,FodderGrassAEZ10,1975,NMVOC_AWB,0.0017720302690568
Canada,FodderGrass,FodderGrassAEZ11,FodderGrassAEZ11,1975,NMVOC_AWB,2.09443676343494e-05
Canada,FodderGrass,FodderGrassAEZ13,FodderGrassAEZ13,1975,NMVOC_AWB,3.71409753708529e-05
Canada,FodderGrass,FodderGrassAEZ14,FodderGrassAEZ14,1975,NMVOC_AWB,4.06801326826755e-05
Canada,FodderGrass,FodderGrassAEZ15,FodderGrassAEZ15,1975,NMVOC_AWB,0.000775277215321994
Canada,FodderGrass,FodderGrassAEZ16,FodderGrassAEZ16,1975,NMVOC_AWB,0.000111216117978894
Canada,FodderHerb,FodderHerbAEZ07,FodderHerbAEZ07,1975,NMVOC_AWB,0.000126555377165068
Canada,FodderHerb,FodderHerbAEZ08,FodderHerbAEZ08,1975,NMVOC_AWB,0.000105577542305224
Canada,FodderHerb,FodderHerbAEZ09,FodderHerbAEZ09,1975,NMVOC_AWB,0.00056441168258698
Canada,FodderHerb,FodderHerbAEZ10,FodderHerbAEZ10,1975,NMVOC_AWB,0.000856650553929067
Canada,FodderHerb,FodderHerbAEZ11,FodderHerbAEZ11,1975,NMVOC_AWB,2.70111445118791e-06
Canada,FodderHerb,FodderHerbAEZ13,FodderHerbAEZ13,1975,NMVOC_AWB,3.78921478421267e-05
Canada,FodderHerb,FodderHerbAEZ14,FodderHerbAEZ14,1975,NMVOC_AWB,3.54967821141526e-05
Canada,FodderHerb,FodderHerbAEZ15,FodderHerbAEZ15,1975,NMVOC_AWB,0.000391940230886076
Canada,FodderHerb,FodderHerbAEZ16,FodderHerbAEZ16,1975,NMVOC_AWB,3.41801503205062e-05
Canada,MiscCrop,MiscCropAEZ07,MiscCropAEZ07,1975,NMVOC_AWB,7.16491167139329e-05
Canada,MiscCrop,MiscCropAEZ08,MiscCropAEZ08,1975,NMVOC_AWB,3.55920247608721e-05
Canada,MiscCrop,MiscCropAEZ09,MiscCropAEZ09,1975,NMVOC_AWB,2.78623196649174e-05
Canada,MiscCrop,MiscCropAEZ10,MiscCropAEZ10,1975,NMVOC_AWB,0.000129585021450434
Canada,MiscCrop,MiscCropAEZ11,MiscCropAEZ11,1975,NMVOC_AWB,2.93237103285335e-06
Canada,MiscCrop,MiscCropAEZ13,MiscCropAEZ13,1975,NMVOC_AWB,2.36921389372668e-05
Canada,MiscCrop,MiscCropAEZ14,MiscCropAEZ14,1975,NMVOC_AWB,1.52588981652843e-05
Canada,MiscCrop,MiscCropAEZ15,MiscCropAEZ15,1975,NMVOC_AWB,4.16749158642415e-05
Canada,MiscCrop,MiscCropAEZ16,MiscCropAEZ16,1975,NMVOC_AWB,1.12286734910002e-06
Canada,OilCrop,OilCropAEZ07,OilCropAEZ07,1975,NMVOC_AWB,3.63404113256047e-05
Canada,OilCrop,OilCropAEZ08,OilCropAEZ08,1975,NMVOC_AWB,4.68463215466879e-05
Canada,OilCrop,OilCropAEZ09,OilCropAEZ09,1975,NMVOC_AWB,8.53950562535221e-05
Canada,OilCrop,OilCropAEZ10,OilCropAEZ10,1975,NMVOC_AWB,0.000108520162036233
Canada,OilCrop,OilCropAEZ11,OilCropAEZ11,1975,NMVOC_AWB,0
Canada,OilCrop,OilCropAEZ13,OilCropAEZ13,1975,NMVOC_AWB,1.37976446290219e-05
Canada,OilCrop,OilCropAEZ14,OilCropAEZ14,1975,NMVOC_AWB,1.33557309448093e-05
Canada,OilCrop,OilCropAEZ15,OilCropAEZ15,1975,NMVOC_AWB,8.66247405965207e-05
Canada,OilCrop,OilCropAEZ16,OilCropAEZ16,1975,NMVOC_AWB,3.59209083584092e-06
Canada,OtherGrain,OtherGrainAEZ07,OtherGrainAEZ07,1975,NMVOC_AWB,0.000370470282253478
Canada,OtherGrain,OtherGrainAEZ08,OtherGrainAEZ08,1975,NMVOC_AWB,0.000450306865616234
Canada,OtherGrain,OtherGrainAEZ09,OtherGrainAEZ09,1975,NMVOC_AWB,0.000629734787767964
Canada,OtherGrain,OtherGrainAEZ10,OtherGrainAEZ10,1975,NMVOC_AWB,0.000274216172295941
Canada,OtherGrain,OtherGrainAEZ11,OtherGrainAEZ11,1975,NMVOC_AWB,1.23460764260905e-07
Canada,OtherGrain,OtherGrainAEZ13,OtherGrainAEZ13,1975,NMVOC_AWB,0.00013850369213728
Canada,OtherGrain,OtherGrainAEZ14,OtherGrainAEZ14,1975,NMVOC_AWB,0.000121006012998278
Canada,OtherGrain,OtherGrainAEZ15,OtherGrainAEZ15,1975,NMVOC_AWB,0.000828702571295983
Canada,OtherGrain,OtherGrainAEZ16,OtherGrainAEZ16,1975,NMVOC_AWB,3.52512337252733e-05
Canada,PalmFruit,PalmFruitAEZ07,PalmFruitAEZ07,1975,NMVOC_AWB,0
Canada,PalmFruit,PalmFruitAEZ08,PalmFruitAEZ08,1975,NMVOC_AWB,0
Canada,PalmFruit,PalmFruitAEZ09,PalmFruitAEZ09,1975,NMVOC_AWB,0
Canada,PalmFruit,PalmFruitAEZ10,PalmFruitAEZ10,1975,NMVOC_AWB,0
Canada,PalmFruit,PalmFruitAEZ11,PalmFruitAEZ11,1975,NMVOC_AWB,0
Canada,PalmFruit,PalmFruitAEZ13,PalmFruitAEZ13,1975,NMVOC_AWB,0
Canada,PalmFruit,PalmFruitAEZ14,PalmFruitAEZ14,1975,NMVOC_AWB,0
Canada,PalmFruit,PalmFruitAEZ15,PalmFruitAEZ15,1975,NMVOC_AWB,0
Canada,PalmFruit,PalmFruitAEZ16,PalmFruitAEZ16,1975,NMVOC_AWB,0
Canada,Rice,RiceAEZ07,RiceAEZ07,1975,NMVOC_AWB,0
Canada,Rice,RiceAEZ08,RiceAEZ08,1975,NMVOC_AWB,0
Canada,Rice,RiceAEZ09,RiceAEZ09,1975,NMVOC_AWB,0
Canada,Rice,RiceAEZ10,RiceAEZ10,1975,NMVOC_AWB,0
Canada,Rice,RiceAEZ11,RiceAEZ11,1975,NMVOC_AWB,0
Canada,Rice,RiceAEZ13,RiceAEZ13,1975,NMVOC_AWB,0
Canada,Rice,RiceAEZ14,RiceAEZ14,1975,NMVOC_AWB,0
Canada,Rice,RiceAEZ15,RiceAEZ15,1975,NMVOC_AWB,0
Canada,Rice,RiceAEZ16,RiceAEZ16,1975,NMVOC_AWB,0
Canada,Root_Tuber,Root_TuberAEZ07,Root_TuberAEZ07,1975,NMVOC_AWB,5.29102970174357e-05
Canada,Root_Tuber,Root_TuberAEZ08,Root_TuberAEZ08,1975,NMVOC_AWB,1.56141079188321e-05
Canada,Root_Tuber,Root_TuberAEZ09,Root_TuberAEZ09,1975,NMVOC_AWB,0.000153706458887283
Canada,Root_Tuber,Root_TuberAEZ10,Root_TuberAEZ10,1975,NMVOC_AWB,0.000134875538229622
Canada,Root_Tuber,Root_TuberAEZ11,Root_TuberAEZ11,1975,NMVOC_AWB,7.82681097435164e-06
Canada,Root_Tuber,Root_TuberAEZ13,Root_TuberAEZ13,1975,NMVOC_AWB,1.84300512458763e-06
Canada,Root_Tuber,Root_TuberAEZ14,Root_TuberAEZ14,1975,NMVOC_AWB,0
Canada,Root_Tuber,Root_TuberAEZ15,Root_TuberAEZ15,1975,NMVOC_AWB,2.44703899614048e-05
Canada,Root_Tuber,Root_TuberAEZ16,Root_TuberAEZ16,1975,NMVOC_AWB,1.45780652209097e-06
Canada,SugarCrop,SugarCropAEZ07,SugarCropAEZ07,1975,NMVOC_AWB,0
Canada,SugarCrop,SugarCropAEZ08,SugarCropAEZ08,1975,NMVOC_AWB,0
Canada,SugarCrop,SugarCropAEZ09,SugarCropAEZ09,1975,NMVOC_AWB,0.000123982258668251
Canada,SugarCrop,SugarCropAEZ10,SugarCropAEZ10,1975,NMVOC_AWB,3.67296273471153e-05
Canada,SugarCrop,SugarCropAEZ11,SugarCropAEZ11,1975,NMVOC_AWB,0
Canada,SugarCrop,SugarCropAEZ13,SugarCropAEZ13,1975,NMVOC_AWB,0
Canada,SugarCrop,SugarCropAEZ14,SugarCropAEZ14,1975,NMVOC_AWB,0
Canada,SugarCrop,SugarCropAEZ15,SugarCropAEZ15,1975,NMVOC_AWB,0
Canada,SugarCrop,SugarCropAEZ16,SugarCropAEZ16,1975,NMVOC_AWB,0
Canada,Wheat,WheatAEZ07,WheatAEZ07,1975,NMVOC_AWB,0.000734035548722143
Canada,Wheat,WheatAEZ08,WheatAEZ08,1975,NMVOC_AWB,0.000495955615021377
Canada,Wheat,WheatAEZ09,WheatAEZ09,1975,NMVOC_AWB,0.000577874846440308
Canada,Wheat,WheatAEZ10,WheatAEZ10,1975,NMVOC_AWB,0.000257194703595223
Canada,Wheat,WheatAEZ11,WheatAEZ11,1975,NMVOC_AWB,1.26254451915e-07
Canada,Wheat,WheatAEZ13,WheatAEZ13,1975,NMVOC_AWB,0.000244434141736975
Canada,Wheat,WheatAEZ14,WheatAEZ14,1975,NMVOC_AWB,0.000123959138272911
Canada,Wheat,WheatAEZ15,WheatAEZ15,1975,NMVOC_AWB,0.000575771033701377
Canada,Wheat,WheatAEZ16,WheatAEZ16,1975,NMVOC_AWB,2.55415453419863e-05
Canada,Corn,CornAEZ07,CornAEZ07,1975,NOx_AWB,3.06527423317247e-07
Canada,Corn,CornAEZ08,CornAEZ08,1975,NOx_AWB,1.06895244621027e-07
Canada,Corn,CornAEZ09,CornAEZ09,1975,NOx_AWB,1.53145843723329e-05
Canada,Corn,CornAEZ10,CornAEZ10,1975,NOx_AWB,0.000319310041618893
Canada,Corn,CornAEZ11,CornAEZ11,1975,NOx_AWB,2.29647797053383e-07
Canada,Corn,CornAEZ13,CornAEZ13,1975,NOx_AWB,0
Canada,Corn,CornAEZ14,CornAEZ14,1975,NOx_AWB,0
Canada,Corn,CornAEZ15,CornAEZ15,1975,NOx_AWB,7.03101701705983e-07
Canada,Corn,CornAEZ16,CornAEZ16,1975,NOx_AWB,1.42644978749251e-08
Canada,FiberCrop,FiberCropAEZ07,FiberCropAEZ07,1975,NOx_AWB,6.00583868761957e-07
Canada,FiberCrop,FiberCropAEZ08,FiberCropAEZ08,1975,NOx_AWB,4.97453305439197e-07
Canada,FiberCrop,FiberCropAEZ09,FiberCropAEZ09,1975,NOx_AWB,3.08753110628821e-07
Canada,FiberCrop,FiberCropAEZ10,FiberCropAEZ10,1975,NOx_AWB,1.39529585671971e-07
Canada,FiberCrop,FiberCropAEZ11,FiberCropAEZ11,1975,NOx_AWB,0
Canada,FiberCrop,FiberCropAEZ13,FiberCropAEZ13,1975,NOx_AWB,1.38571716662781e-07
Canada,FiberCrop,FiberCropAEZ14,FiberCropAEZ14,1975,NOx_AWB,6.06650372486828e-08
Canada,FiberCrop,FiberCropAEZ15,FiberCropAEZ15,1975,NOx_AWB,1.11432094735739e-07
Canada,FiberCrop,FiberCropAEZ16,FiberCropAEZ16,1975,NOx_AWB,8.30153141297762e-09
Canada,FodderGrass,FodderGrassAEZ07,FodderGrassAEZ07,1975,NOx_AWB,6.0026472559447e-05
Canada,FodderGrass,FodderGrassAEZ08,FodderGrassAEZ08,1975,NOx_AWB,6.10440828414012e-05
Canada,FodderGrass,FodderGrassAEZ09,FodderGrassAEZ09,1975,NOx_AWB,0.000577582454841931
Canada,FodderGrass,FodderGrassAEZ10,FodderGrassAEZ10,1975,NOx_AWB,0.000963225024823016
Canada,FodderGrass,FodderGrassAEZ11,FodderGrassAEZ11,1975,NOx_AWB,1.13847598355285e-05
Canada,FodderGrass,FodderGrassAEZ13,FodderGrassAEZ13,1975,NOx_AWB,2.01887730408708e-05
Canada,FodderGrass,FodderGrassAEZ14,FodderGrassAEZ14,1975,NOx_AWB,2.21125578367972e-05
Canada,FodderGrass,FodderGrassAEZ15,FodderGrassAEZ15,1975,NOx_AWB,0.000421418543471455
Canada,FodderGrass,FodderGrassAEZ16,FodderGrassAEZ16,1975,NOx_AWB,6.04539041299559e-05
Canada,FodderHerb,FodderHerbAEZ07,FodderHerbAEZ07,1975,NOx_AWB,6.87918871590121e-05
Canada,FodderHerb,FodderHerbAEZ08,FodderHerbAEZ08,1975,NOx_AWB,5.73889354959111e-05
Canada,FodderHerb,FodderHerbAEZ09,FodderHerbAEZ09,1975,NOx_AWB,0.000306798064606209
Canada,FodderHerb,FodderHerbAEZ10,FodderHerbAEZ10,1975,NOx_AWB,0.000465650765385729
Canada,FodderHerb,FodderHerbAEZ11,FodderHerbAEZ11,1975,NOx_AWB,1.46824864096714e-06
Canada,FodderHerb,FodderHerbAEZ13,FodderHerbAEZ13,1975,NOx_AWB,2.05970889341846e-05
Canada,FodderHerb,FodderHerbAEZ14,FodderHerbAEZ14,1975,NOx_AWB,1.92950365634787e-05
Canada,FodderHerb,FodderHerbAEZ15,FodderHerbAEZ15,1975,NOx_AWB,0.00021304751121736
Canada,FodderHerb,FodderHerbAEZ16,FodderHerbAEZ16,1975,NOx_AWB,1.85793531385037e-05
Canada,MiscCrop,MiscCropAEZ07,MiscCropAEZ07,1975,NOx_AWB,3.89464127280735e-05
Canada,MiscCrop,MiscCropAEZ08,MiscCropAEZ08,1975,NOx_AWB,1.93468077450169e-05
Canada,MiscCrop,MiscCropAEZ09,MiscCropAEZ09,1975,NOx_AWB,1.51451609035729e-05
Canada,MiscCrop,MiscCropAEZ10,MiscCropAEZ10,1975,NOx_AWB,7.04387152312718e-05
Canada,MiscCrop,MiscCropAEZ11,MiscCropAEZ11,1975,NOx_AWB,1.59395311142957e-06
Canada,MiscCrop,MiscCropAEZ13,MiscCropAEZ13,1975,NOx_AWB,1.28783698080429e-05
Canada,MiscCrop,MiscCropAEZ14,MiscCropAEZ14,1975,NOx_AWB,8.29430107412956e-06
Canada,MiscCrop,MiscCropAEZ15,MiscCropAEZ15,1975,NOx_AWB,2.26532935519198e-05
Canada,MiscCrop,MiscCropAEZ16,MiscCropAEZ16,1975,NOx_AWB,6.10358609046511e-07
Canada,OilCrop,OilCropAEZ07,OilCropAEZ07,1975,NOx_AWB,1.97536092991323e-05
Canada,OilCrop,OilCropAEZ08,OilCropAEZ08,1975,NOx_AWB,2.54643219264496e-05
Canada,OilCrop,OilCropAEZ09,OilCropAEZ09,1975,NOx_AWB,4.64183127206645e-05
Canada,OilCrop,OilCropAEZ10,OilCropAEZ10,1975,NOx_AWB,5.89884595068379e-05
Canada,OilCrop,OilCropAEZ11,OilCropAEZ11,1975,NOx_AWB,0
Canada,OilCrop,OilCropAEZ13,OilCropAEZ13,1975,NOx_AWB,7.50000540191835e-06
Canada,OilCrop,OilCropAEZ14,OilCropAEZ14,1975,NOx_AWB,7.25979374928561e-06
Canada,OilCrop,OilCropAEZ15,OilCropAEZ15,1975,NOx_AWB,4.70867339956802e-05
Canada,OilCrop,OilCropAEZ16,OilCropAEZ16,1975,NOx_AWB,1.95255794719639e-06
Canada,OtherGrain,OtherGrainAEZ07,OtherGrainAEZ07,1975,NOx_AWB,0.000201377060567783
Canada,OtherGrain,OtherGrainAEZ08,OtherGrainAEZ08,1975,NOx_AWB,0.000244773946238539
Canada,OtherGrain,OtherGrainAEZ09,OtherGrainAEZ09,1975,NOx_AWB,0.000342305838208158
Canada,OtherGrain,OtherGrainAEZ10,OtherGrainAEZ10,1975,NOx_AWB,0.000149056076512294
Canada,OtherGrain,OtherGrainAEZ11,OtherGrainAEZ11,1975,NOx_AWB,6.71097440018204e-08
Canada,OtherGrain,OtherGrainAEZ13,OtherGrainAEZ13,1975,NOx_AWB,7.52866497974787e-05
Canada,OtherGrain,OtherGrainAEZ14,OtherGrainAEZ14,1975,NOx_AWB,6.57754113512069e-05
Canada,OtherGrain,OtherGrainAEZ15,OtherGrainAEZ15,1975,NOx_AWB,0.000450459040540174
Canada,OtherGrain,OtherGrainAEZ16,OtherGrainAEZ16,1975,NOx_AWB,1.91615634749521e-05
Canada,PalmFruit,PalmFruitAEZ07,PalmFruitAEZ07,1975,NOx_AWB,0
Canada,PalmFruit,PalmFruitAEZ08,PalmFruitAEZ08,1975,NOx_AWB,0
Canada,PalmFruit,PalmFruitAEZ09,PalmFruitAEZ09,1975,NOx_AWB,0
Canada,PalmFruit,PalmFruitAEZ10,PalmFruitAEZ10,1975,NOx_AWB,0
Canada,PalmFruit,PalmFruitAEZ11,PalmFruitAEZ11,1975,NOx_AWB,0
Canada,PalmFruit,PalmFruitAEZ13,PalmFruitAEZ13,1975,NOx_AWB,0
Canada,PalmFruit,PalmFruitAEZ14,PalmFruitAEZ14,1975,NOx_AWB,0
Canada,PalmFruit,PalmFruitAEZ15,PalmFruitAEZ15,1975,NOx_AWB,0
Canada,PalmFruit,PalmFruitAEZ16,PalmFruitAEZ16,1975,NOx_AWB,0
Canada,Rice,RiceAEZ07,RiceAEZ07,1975,NOx_AWB,0
Canada,Rice,RiceAEZ08,RiceAEZ08,1975,NOx_AWB,0
Canada,Rice,RiceAEZ09,RiceAEZ09,1975,NOx_AWB,0
Canada,Rice,RiceAEZ10,RiceAEZ10,1975,NOx_AWB,0
Canada,Rice,RiceAEZ11,RiceAEZ11,1975,NOx_AWB,0
Canada,Rice,RiceAEZ13,RiceAEZ13,1975,NOx_AWB,0
Canada,Rice,RiceAEZ14,RiceAEZ14,1975,NOx_AWB,0
Canada,Rice,RiceAEZ15,RiceAEZ15,1975,NOx_AWB,0
Canada,Rice,RiceAEZ16,RiceAEZ16,1975,NOx_AWB,0
Canada,Root_Tuber,Root_TuberAEZ07,Root_TuberAEZ07,1975,NOx_AWB,2.87605257359061e-05
Canada,Root_Tuber,Root_TuberAEZ08,Root_TuberAEZ08,1975,NOx_AWB,8.48738294730803e-06
Canada,Root_Tuber,Root_TuberAEZ09,Root_TuberAEZ09,1975,NOx_AWB,8.35504394380159e-05
Canada,Root_Tuber,Root_TuberAEZ10,Root_TuberAEZ10,1975,NOx_AWB,7.33144889948159e-05
Canada,Root_Tuber,Root_TuberAEZ11,Root_TuberAEZ11,1975,NOx_AWB,4.25443082248685e-06
Canada,Root_Tuber,Root_TuberAEZ13,Root_TuberAEZ13,1975,NOx_AWB,1.00180492843656e-06
Canada,Root_Tuber,Root_TuberAEZ14,Root_TuberAEZ14,1975,NOx_AWB,0
Canada,Root_Tuber,Root_TuberAEZ15,Root_TuberAEZ15,1975,NOx_AWB,1.33014048290208e-05
Canada,Root_Tuber,Root_TuberAEZ16,Root_TuberAEZ16,1975,NOx_AWB,7.92421973793734e-07
Canada,SugarCrop,SugarCropAEZ07,SugarCropAEZ07,1975,NOx_AWB,0
Canada,SugarCrop,SugarCropAEZ08,SugarCropAEZ08,1975,NOx_AWB,0
Canada,SugarCrop,SugarCropAEZ09,SugarCropAEZ09,1975,NOx_AWB,6.73932134618136e-05
Canada,SugarCrop,SugarCropAEZ10,SugarCropAEZ10,1975,NOx_AWB,1.99651760079677e-05
Canada,SugarCrop,SugarCropAEZ11,SugarCropAEZ11,1975,NOx_AWB,0
Canada,SugarCrop,SugarCropAEZ13,SugarCropAEZ13,1975,NOx_AWB,0
Canada,SugarCrop,SugarCropAEZ14,SugarCropAEZ14,1975,NOx_AWB,0
Canada,SugarCrop,SugarCropAEZ15,SugarCropAEZ15,1975,NOx_AWB,0
Canada,SugarCrop,SugarCropAEZ16,SugarCropAEZ16,1975,NOx_AWB,0
Canada,Wheat,WheatAEZ07,WheatAEZ07,1975,NOx_AWB,0.000399000751841108
Canada,Wheat,WheatAEZ08,WheatAEZ08,1975,NOx_AWB,0.000269587302165191
Canada,Wheat,WheatAEZ09,WheatAEZ09,1975,NOx_AWB,0.000314116255815053
Canada,Wheat,WheatAEZ10,WheatAEZ10,1975,NOx_AWB,0.000139803692454261
Canada,Wheat,WheatAEZ11,WheatAEZ11,1975,NOx_AWB,6.86283127909392e-08
Canada,Wheat,WheatAEZ13,WheatAEZ13,1975,NOx_AWB,0.000132867415615599
Canada,Wheat,WheatAEZ14,WheatAEZ14,1975,NOx_AWB,6.73806458754895e-05
Canada,Wheat,WheatAEZ15,WheatAEZ15,1975,NOx_AWB,0.000312972683319105
Canada,Wheat,WheatAEZ16,WheatAEZ16,1975,NOx_AWB,1.38836542894654e-05
Canada,Corn,CornAEZ07,CornAEZ07,1975,SO2_AWB,4.51131030374924e-08
Canada,Corn,CornAEZ08,CornAEZ08,1975,SO2_AWB,1.57322830454073e-08
Canada,Corn,CornAEZ09,CornAEZ09,1975,SO2_AWB,2.25392043324742e-06
Canada,Corn,CornAEZ10,CornAEZ10,1975,SO2_AWB,4.69943819465388e-05
Canada,Corn,CornAEZ11,CornAEZ11,1975,SO2_AWB,3.37983617213915e-08
Canada,Corn,CornAEZ13,CornAEZ13,1975,SO2_AWB,0
Canada,Corn,CornAEZ14,CornAEZ14,1975,SO2_AWB,0
Canada,Corn,CornAEZ15,CornAEZ15,1975,SO2_AWB,1.03478831262904e-07
Canada,Corn,CornAEZ16,CornAEZ16,1975,SO2_AWB,2.09937419446992e-09
Canada,FiberCrop,FiberCropAEZ07,FiberCropAEZ07,1975,SO2_AWB,8.83907927744274e-08
Canada,FiberCrop,FiberCropAEZ08,FiberCropAEZ08,1975,SO2_AWB,7.32125758333641e-08
Canada,FiberCrop,FiberCropAEZ09,FiberCropAEZ09,1975,SO2_AWB,4.54406680557529e-08
Canada,FiberCrop,FiberCropAEZ10,FiberCropAEZ10,1975,SO2_AWB,2.05352346849682e-08
Canada,FiberCrop,FiberCropAEZ11,FiberCropAEZ11,1975,SO2_AWB,0
Canada,FiberCrop,FiberCropAEZ13,FiberCropAEZ13,1975,SO2_AWB,2.03942605338127e-08
Canada,FiberCrop,FiberCropAEZ14,FiberCropAEZ14,1975,SO2_AWB,8.92836290650785e-09
Canada,FiberCrop,FiberCropAEZ15,FiberCropAEZ15,1975,SO2_AWB,1.63999929177434e-08
Canada,FiberCrop,FiberCropAEZ16,FiberCropAEZ16,1975,SO2_AWB,1.22177597668002e-09
Canada,FodderGrass,FodderGrassAEZ07,FodderGrassAEZ07,1975,SO2_AWB,8.83438229521427e-06
Canada,FodderGrass,FodderGrassAEZ08,FodderGrassAEZ08,1975,SO2_AWB,8.98414885445064e-06
Canada,FodderGrass,FodderGrassAEZ09,FodderGrassAEZ09,1975,SO2_AWB,8.50055649701659e-05
Canada,FodderGrass,FodderGrassAEZ10,FodderGrassAEZ10,1975,SO2_AWB,0.000141762421524544
Canada,FodderGrass,FodderGrassAEZ11,FodderGrassAEZ11,1975,SO2_AWB,1.67554941074796e-06
Canada,FodderGrass,FodderGrassAEZ13,FodderGrassAEZ13,1975,SO2_AWB,2.97127802966823e-06
Canada,FodderGrass,FodderGrassAEZ14,FodderGrassAEZ14,1975,SO2_AWB,3.25441061461404e-06
Canada,FodderGrass,FodderGrassAEZ15,FodderGrassAEZ15,1975,SO2_AWB,6.20221772257595e-05
Canada,FodderGrass,FodderGrassAEZ16,FodderGrassAEZ16,1975,SO2_AWB,8.89728943831152e-06
Canada,FodderHerb,FodderHerbAEZ07,FodderHerbAEZ07,1975,SO2_AWB,1.01244301732055e-05
Canada,FodderHerb,FodderHerbAEZ08,FodderHerbAEZ08,1975,SO2_AWB,8.44620338441792e-06
Canada,FodderHerb,FodderHerbAEZ09,FodderHerbAEZ09,1975,SO2_AWB,4.51529346069584e-05
Canada,FodderHerb,FodderHerbAEZ10,FodderHerbAEZ10,1975,SO2_AWB,6.85320443143254e-05
Canada,FodderHerb,FodderHerbAEZ11,FodderHerbAEZ11,1975,SO2_AWB,2.16089156095033e-07
Canada,FodderHerb,FodderHerbAEZ13,FodderHerbAEZ13,1975,SO2_AWB,3.03137182737014e-06
Canada,FodderHerb,FodderHerbAEZ14,FodderHerbAEZ14,1975,SO2_AWB,2.83974256913221e-06
Canada,FodderHerb,FodderHerbAEZ15,FodderHerbAEZ15,1975,SO2_AWB,3.13552184708861e-05
Canada,FodderHerb,FodderHerbAEZ16,FodderHerbAEZ16,1975,SO2_AWB,2.7344120256405e-06
Canada,MiscCrop,MiscCropAEZ07,MiscCropAEZ07,1975,SO2_AWB,5.73192933711463e-06
Canada,MiscCrop,MiscCropAEZ08,MiscCropAEZ08,1975,SO2_AWB,2.84736198086977e-06
Canada,MiscCrop,MiscCropAEZ09,MiscCropAEZ09,1975,SO2_AWB,2.22898557319339e-06
Canada,MiscCrop,MiscCropAEZ10,MiscCropAEZ10,1975,SO2_AWB,1.03668017160348e-05
Canada,MiscCrop,MiscCropAEZ11,MiscCropAEZ11,1975,SO2_AWB,2.34589682628268e-07
Canada,MiscCrop,MiscCropAEZ13,MiscCropAEZ13,1975,SO2_AWB,1.89537111498134e-06
Canada,MiscCrop,MiscCropAEZ14,MiscCropAEZ14,1975,SO2_AWB,1.22071185322275e-06
Canada,MiscCrop,MiscCropAEZ15,MiscCropAEZ15,1975,SO2_AWB,3.33399326913932e-06
Canada,MiscCrop,MiscCropAEZ16,MiscCropAEZ16,1975,SO2_AWB,8.98293879280017e-08
Canada,OilCrop,OilCropAEZ07,OilCropAEZ07,1975,SO2_AWB,2.90723290604837e-06
Canada,OilCrop,OilCropAEZ08,OilCropAEZ08,1975,SO2_AWB,3.74770572373503e-06
Canada,OilCrop,OilCropAEZ09,OilCropAEZ09,1975,SO2_AWB,6.83160450028177e-06
Canada,OilCrop,OilCropAEZ10,OilCropAEZ10,1975,SO2_AWB,8.68161296289862e-06
Canada,OilCrop,OilCropAEZ11,OilCropAEZ11,1975,SO2_AWB,0
Canada,OilCrop,OilCropAEZ13,OilCropAEZ13,1975,SO2_AWB,1.10381157032176e-06
Canada,OilCrop,OilCropAEZ14,OilCropAEZ14,1975,SO2_AWB,1.06845847558474e-06
Canada,OilCrop,OilCropAEZ15,OilCropAEZ15,1975,SO2_AWB,6.92997924772165e-06
Canada,OilCrop,OilCropAEZ16,OilCropAEZ16,1975,SO2_AWB,2.87367266867274e-07
Canada,OtherGrain,OtherGrainAEZ07,OtherGrainAEZ07,1975,SO2_AWB,2.96376225802782e-05
Canada,OtherGrain,OtherGrainAEZ08,OtherGrainAEZ08,1975,SO2_AWB,3.60245492492987e-05
Canada,OtherGrain,OtherGrainAEZ09,OtherGrainAEZ09,1975,SO2_AWB,5.03787830214371e-05
Canada,OtherGrain,OtherGrainAEZ10,OtherGrainAEZ10,1975,SO2_AWB,2.19372937836753e-05
Canada,OtherGrain,OtherGrainAEZ11,OtherGrainAEZ11,1975,SO2_AWB,9.87686114087239e-09
Canada,OtherGrain,OtherGrainAEZ13,OtherGrainAEZ13,1975,SO2_AWB,1.10802953709824e-05
Canada,OtherGrain,OtherGrainAEZ14,OtherGrainAEZ14,1975,SO2_AWB,9.68048103986225e-06
Canada,OtherGrain,OtherGrainAEZ15,OtherGrainAEZ15,1975,SO2_AWB,6.62962057036787e-05
Canada,OtherGrain,OtherGrainAEZ16,OtherGrainAEZ16,1975,SO2_AWB,2.82009869802186e-06
Canada,PalmFruit,PalmFruitAEZ07,PalmFruitAEZ07,1975,SO2_AWB,0
Canada,PalmFruit,PalmFruitAEZ08,PalmFruitAEZ08,1975,SO2_AWB,0
Canada,PalmFruit,PalmFruitAEZ09,PalmFruitAEZ09,1975,SO2_AWB,0
Canada,PalmFruit,PalmFruitAEZ10,PalmFruitAEZ10,1975,SO2_AWB,0
Canada,PalmFruit,PalmFruitAEZ11,PalmFruitAEZ11,1975,SO2_AWB,0
Canada,PalmFruit,PalmFruitAEZ13,PalmFruitAEZ13,1975,SO2_AWB,0
Canada,PalmFruit,PalmFruitAEZ14,PalmFruitAEZ14,1975,SO2_AWB,0
Canada,PalmFruit,PalmFruitAEZ15,PalmFruitAEZ15,1975,SO2_AWB,0
Canada,PalmFruit,PalmFruitAEZ16,PalmFruitAEZ16,1975,SO2_AWB,0
Canada,Rice,RiceAEZ07,RiceAEZ07,1975,SO2_AWB,0
Canada,Rice,RiceAEZ08,RiceAEZ08,1975,SO2_AWB,0
Canada,Rice,RiceAEZ09,RiceAEZ09,1975,SO2_AWB,0
Canada,Rice,RiceAEZ10,RiceAEZ10,1975,SO2_AWB,0
Canada,Rice,RiceAEZ11,RiceAEZ11,1975,SO2_AWB,0
Canada,Rice,RiceAEZ13,RiceAEZ13,1975,SO2_AWB,0
Canada,Rice,RiceAEZ14,RiceAEZ14,1975,SO2_AWB,0
Canada,Rice,RiceAEZ15,RiceAEZ15,1975,SO2_AWB,0
Canada,Rice,RiceAEZ16,RiceAEZ16,1975,SO2_AWB,0
Canada,Root_Tuber,Root_TuberAEZ07,Root_TuberAEZ07,1975,SO2_AWB,4.23282376139486e-06
Canada,Root_Tuber,Root_TuberAEZ08,Root_TuberAEZ08,1975,SO2_AWB,1.24912863350657e-06
Canada,Root_Tuber,Root_TuberAEZ09,Root_TuberAEZ09,1975,SO2_AWB,1.22965167109826e-05
Canada,Root_Tuber,Root_TuberAEZ10,Root_TuberAEZ10,1975,SO2_AWB,1.07900430583698e-05
Canada,Root_Tuber,Root_TuberAEZ11,Root_TuberAEZ11,1975,SO2_AWB,6.26144877948131e-07
Canada,Root_Tuber,Root_TuberAEZ13,Root_TuberAEZ13,1975,SO2_AWB,1.47440409967011e-07
Canada,Root_Tuber,Root_TuberAEZ14,Root_TuberAEZ14,1975,SO2_AWB,0
Canada,Root_Tuber,Root_TuberAEZ15,Root_TuberAEZ15,1975,SO2_AWB,1.95763119691238e-06
Canada,Root_Tuber,Root_TuberAEZ16,Root_TuberAEZ16,1975,SO2_AWB,1.16624521767278e-07
Canada,SugarCrop,SugarCropAEZ07,SugarCropAEZ07,1975,SO2_AWB,0
Canada,SugarCrop,SugarCropAEZ08,SugarCropAEZ08,1975,SO2_AWB,0
Canada,SugarCrop,SugarCropAEZ09,SugarCropAEZ09,1975,SO2_AWB,9.91858069346008e-06
Canada,SugarCrop,SugarCropAEZ10,SugarCropAEZ10,1975,SO2_AWB,2.93837018776922e-06
Canada,SugarCrop,SugarCropAEZ11,SugarCropAEZ11,1975,SO2_AWB,0
Canada,SugarCrop,SugarCropAEZ13,SugarCropAEZ13,1975,SO2_AWB,0
Canada,SugarCrop,SugarCropAEZ14,SugarCropAEZ14,1975,SO2_AWB,0
Canada,SugarCrop,SugarCropAEZ15,SugarCropAEZ15,1975,SO2_AWB,0
Canada,SugarCrop,SugarCropAEZ16,SugarCropAEZ16,1975,SO2_AWB,0
Canada,Wheat,WheatAEZ07,WheatAEZ07,1975,SO2_AWB,5.87228438977714e-05
Canada,Wheat,WheatAEZ08,WheatAEZ08,1975,SO2_AWB,3.96764492017101e-05
Canada,Wheat,WheatAEZ09,WheatAEZ09,1975,SO2_AWB,4.62299877152246e-05
Canada,Wheat,WheatAEZ10,WheatAEZ10,1975,SO2_AWB,2.05755762876178e-05
Canada,Wheat,WheatAEZ11,WheatAEZ11,1975,SO2_AWB,1.01003561532e-08
Canada,Wheat,WheatAEZ13,WheatAEZ13,1975,SO2_AWB,1.9554731338958e-05
Canada,Wheat,WheatAEZ14,WheatAEZ14,1975,SO2_AWB,9.91673106183288e-06
Canada,Wheat,WheatAEZ15,WheatAEZ15,1975,SO2_AWB,4.60616826961101e-05
Canada,Wheat,WheatAEZ16,WheatAEZ16,1975,SO2_AWB,2.0433236273589e-06
Central America and Caribbean,Corn,CornAEZ04,CornAEZ04,1975,CH4_AWB,0.000157687555787579
Central America and Caribbean,Corn,CornAEZ05,CornAEZ05,1975,CH4_AWB,0.00028171659021392
Central America and Caribbean,Corn,CornAEZ06,CornAEZ06,1975,CH4_AWB,0.000159398674156937
Central America and Caribbean,Corn,CornAEZ12,CornAEZ12,1975,CH4_AWB,2.1910014496692e-05
Central America and Caribbean,FiberCrop,FiberCropAEZ04,FiberCropAEZ04,1975,CH4_AWB,9.1116710294481e-05
Central America and Caribbean,FiberCrop,FiberCropAEZ05,FiberCropAEZ05,1975,CH4_AWB,0.000138544516430042
Central America and Caribbean,FiberCrop,FiberCropAEZ06,FiberCropAEZ06,1975,CH4_AWB,3.21347044222528e-05
Central America and Caribbean,FiberCrop,FiberCropAEZ12,FiberCropAEZ12,1975,CH4_AWB,0
Central America and Caribbean,FodderGrass,FodderGrassAEZ04,FodderGrassAEZ04,1975,CH4_AWB,0
Central America and Caribbean,FodderGrass,FodderGrassAEZ05,FodderGrassAEZ05,1975,CH4_AWB,0
Central America and Caribbean,FodderGrass,FodderGrassAEZ06,FodderGrassAEZ06,1975,CH4_AWB,0
Central America and Caribbean,FodderGrass,FodderGrassAEZ12,FodderGrassAEZ12,1975,CH4_AWB,0
Central America and Caribbean,FodderHerb,FodderHerbAEZ04,FodderHerbAEZ04,1975,CH4_AWB,0
Central America and Caribbean,FodderHerb,FodderHerbAEZ05,FodderHerbAEZ05,1975,CH4_AWB,0
Central America and Caribbean,FodderHerb,FodderHerbAEZ06,FodderHerbAEZ06,1975,CH4_AWB,0
Central America and Caribbean,FodderHerb,FodderHerbAEZ12,FodderHerbAEZ12,1975,CH4_AWB,0
Central America and Caribbean,MiscCrop,MiscCropAEZ04,MiscCropAEZ04,1975,CH4_AWB,0.000683920010754419
Central America and Caribbean,MiscCrop,MiscCropAEZ05,MiscCropAEZ05,1975,CH4_AWB,0.00160944752970289
Central America and Caribbean,MiscCrop,MiscCropAEZ06,MiscCropAEZ06,1975,CH4_AWB,0.00083602595144613
Central America and Caribbean,MiscCrop,MiscCropAEZ12,MiscCropAEZ12,1975,CH4_AWB,2.00548559984644e-05
Central America and Caribbean,OilCrop,OilCropAEZ04,OilCropAEZ04,1975,CH4_AWB,8.75598761892824e-06
Central America and Caribbean,OilCrop,OilCropAEZ05,OilCropAEZ05,1975,CH4_AWB,1.35913390199561e-05
Central America and Caribbean,OilCrop,OilCropAEZ06,OilCropAEZ06,1975,CH4_AWB,9.80277397822922e-06
Central America and Caribbean,OilCrop,OilCropAEZ12,OilCropAEZ12,1975,CH4_AWB,5.88403125389404e-07
Central America and Caribbean,OtherGrain,OtherGrainAEZ04,OtherGrainAEZ04,1975,CH4_AWB,5.50955647557276e-05
Central America and Caribbean,OtherGrain,OtherGrainAEZ05,OtherGrainAEZ05,1975,CH4_AWB,4.90843332754918e-05
Central America and Caribbean,OtherGrain,OtherGrainAEZ06,OtherGrainAEZ06,1975,CH4_AWB,2.53103146284967e-05
Central America and Caribbean,OtherGrain,OtherGrainAEZ12,OtherGrainAEZ12,1975,CH4_AWB,0
Central America and Caribbean,PalmFruit,PalmFruitAEZ04,PalmFruitAEZ04,1975,CH4_AWB,4.48431438671827e-05
Central America and Caribbean,PalmFruit,PalmFruitAEZ05,PalmFruitAEZ05,1975,CH4_AWB,8.48081727349871e-05
Central America and Caribbean,PalmFruit,PalmFruitAEZ06,PalmFruitAEZ06,1975,CH4_AWB,5.18024600557772e-05
Central America and Caribbean,PalmFruit,PalmFruitAEZ12,PalmFruitAEZ12,1975,CH4_AWB,2.02598363258985e-06
Central America and Caribbean,Rice,RiceAEZ04,RiceAEZ04,1975,CH4_AWB,7.59044618941461e-05
Central America and Caribbean,Rice,RiceAEZ05,RiceAEZ05,1975,CH4_AWB,0.000181835493601903
Central America and Caribbean,Rice,RiceAEZ06,RiceAEZ06,1975,CH4_AWB,9.67096967798427e-05
Central America and Caribbean,Rice,RiceAEZ12,RiceAEZ12,1975,CH4_AWB,2.6772123648042e-07
Central America and Caribbean,Root_Tuber,Root_TuberAEZ04,Root_TuberAEZ04,1975,CH4_AWB,0.000119919589583952
Central America and Caribbean,Root_Tuber,Root_TuberAEZ05,Root_TuberAEZ05,1975,CH4_AWB,0.000339546198542514
Central America and Caribbean,Root_Tuber,Root_TuberAEZ06,Root_TuberAEZ06,1975,CH4_AWB,0.000148105611387316
Central America and Caribbean,Root_Tuber,Root_TuberAEZ12,Root_TuberAEZ12,1975,CH4_AWB,1.54133781638609e-06
Central America and Caribbean,SugarCrop,SugarCropAEZ04,SugarCropAEZ04,1975,CH4_AWB,0.0057977922476957
Central America and Caribbean,SugarCrop,SugarCropAEZ05,SugarCropAEZ05,1975,CH4_AWB,0.0127799470931468
Central America and Caribbean,SugarCrop,SugarCropAEZ06,SugarCropAEZ06,1975,CH4_AWB,0.00595159667950116
Central America and Caribbean,SugarCrop,SugarCropAEZ12,SugarCropAEZ12,1975,CH4_AWB,0.000376152876089943
Central America and Caribbean,Wheat,WheatAEZ04,WheatAEZ04,1975,CH4_AWB,0
Central America and Caribbean,Wheat,WheatAEZ05,WheatAEZ05,1975,CH4_AWB,7.24042998297284e-06
Central America and Caribbean,Wheat,WheatAEZ06,WheatAEZ06,1975,CH4_AWB,6.03943411903988e-06
Central America and Caribbean,Wheat,WheatAEZ12,WheatAEZ12,1975,CH4_AWB,1.82118225268521e-07
Central America and Caribbean,Corn,CornAEZ04,CornAEZ04,1975,CO_AWB,0.00548766776909536
Central America and Caribbean,Corn,CornAEZ05,CornAEZ05,1975,CO_AWB,0.00980398893504917
Central America and Caribbean,Corn,CornAEZ06,CornAEZ06,1975,CO_AWB,0.00554721621651553
Central America and Caribbean,Corn,CornAEZ12,CornAEZ12,1975,CO_AWB,0.000762488071892479
Central America and Caribbean,FiberCrop,FiberCropAEZ04,FiberCropAEZ04,1975,CO_AWB,0.00317094289280885
Central America and Caribbean,FiberCrop,FiberCropAEZ05,FiberCropAEZ05,1975,CO_AWB,0.00482147290317714
Central America and Caribbean,FiberCrop,FiberCropAEZ06,FiberCropAEZ06,1975,CO_AWB,0.00111831641277361
Central America and Caribbean,FiberCrop,FiberCropAEZ12,FiberCropAEZ12,1975,CO_AWB,0
Central America and Caribbean,FodderGrass,FodderGrassAEZ04,FodderGrassAEZ04,1975,CO_AWB,0
Central America and Caribbean,FodderGrass,FodderGrassAEZ05,FodderGrassAEZ05,1975,CO_AWB,0
Central America and Caribbean,FodderGrass,FodderGrassAEZ06,FodderGrassAEZ06,1975,CO_AWB,0
Central America and Caribbean,FodderGrass,FodderGrassAEZ12,FodderGrassAEZ12,1975,CO_AWB,0
Central America and Caribbean,FodderHerb,FodderHerbAEZ04,FodderHerbAEZ04,1975,CO_AWB,0
Central America and Caribbean,FodderHerb,FodderHerbAEZ05,FodderHerbAEZ05,1975,CO_AWB,0
Central America and Caribbean,FodderHerb,FodderHerbAEZ06,FodderHerbAEZ06,1975,CO_AWB,0
Central America and Caribbean,FodderHerb,FodderHerbAEZ12,FodderHerbAEZ12,1975,CO_AWB,0
Central America and Caribbean,MiscCrop,MiscCropAEZ04,MiscCropAEZ04,1975,CO_AWB,0.0238010271699069
Central America and Caribbean,MiscCrop,MiscCropAEZ05,MiscCropAEZ05,1975,CO_AWB,0.0560102113999311
Central America and Caribbean,MiscCrop,MiscCropAEZ06,MiscCropAEZ06,1975,CO_AWB,0.0290944497488343
Central America and Caribbean,MiscCrop,MiscCropAEZ12,MiscCropAEZ12,1975,CO_AWB,0.000697926899348203
Central America and Caribbean,OilCrop,OilCropAEZ04,OilCropAEZ04,1975,CO_AWB,0.000304716188940862
Central America and Caribbean,OilCrop,OilCropAEZ05,OilCropAEZ05,1975,CO_AWB,0.000472990736054877
Central America and Caribbean,OilCrop,OilCropAEZ06,OilCropAEZ06,1975,CO_AWB,0.000341145289109064
Central America and Caribbean,OilCrop,OilCropAEZ12,OilCropAEZ12,1975,CO_AWB,2.04769542549328e-05
Central America and Caribbean,OtherGrain,OtherGrainAEZ04,OtherGrainAEZ04,1975,CO_AWB,0.00191737485827609
Central America and Caribbean,OtherGrain,OtherGrainAEZ05,OtherGrainAEZ05,1975,CO_AWB,0.00170817863425003
Central America and Caribbean,OtherGrain,OtherGrainAEZ06,OtherGrainAEZ06,1975,CO_AWB,0.000880821553221164
Central America and Caribbean,OtherGrain,OtherGrainAEZ12,OtherGrainAEZ12,1975,CO_AWB,0
Central America and Caribbean,PalmFruit,PalmFruitAEZ04,PalmFruitAEZ04,1975,CO_AWB,0.00156058145511714
Central America and Caribbean,PalmFruit,PalmFruitAEZ05,PalmFruitAEZ05,1975,CO_AWB,0.00295140015170633
Central America and Caribbean,PalmFruit,PalmFruitAEZ06,PalmFruitAEZ06,1975,CO_AWB,0.00180277187371009
Central America and Caribbean,PalmFruit,PalmFruitAEZ12,PalmFruitAEZ12,1975,CO_AWB,7.05060397806851e-05
Central America and Caribbean,Rice,RiceAEZ04,RiceAEZ04,1975,CO_AWB,0.00264154306271417
Central America and Caribbean,Rice,RiceAEZ05,RiceAEZ05,1975,CO_AWB,0.00632803757108721
Central America and Caribbean,Rice,RiceAEZ06,RiceAEZ06,1975,CO_AWB,0.00336558381748684
Central America and Caribbean,Rice,RiceAEZ12,RiceAEZ12,1975,CO_AWB,9.3169381261453e-06
Central America and Caribbean,Root_Tuber,Root_TuberAEZ04,Root_TuberAEZ04,1975,CO_AWB,0.00417330881537346
Central America and Caribbean,Root_Tuber,Root_TuberAEZ05,Root_TuberAEZ05,1975,CO_AWB,0.0118165109513821
Central America and Caribbean,Root_Tuber,Root_TuberAEZ06,Root_TuberAEZ06,1975,CO_AWB,0.00515420754651813
Central America and Caribbean,Root_Tuber,Root_TuberAEZ12,Root_TuberAEZ12,1975,CO_AWB,5.36399325490467e-05
Central America and Caribbean,SugarCrop,SugarCropAEZ04,SugarCropAEZ04,1975,CO_AWB,0.201768348115247
Central America and Caribbean,SugarCrop,SugarCropAEZ05,SugarCropAEZ05,1975,CO_AWB,0.444753572363572
Central America and Caribbean,SugarCrop,SugarCropAEZ06,SugarCropAEZ06,1975,CO_AWB,0.207120879701822
Central America and Caribbean,SugarCrop,SugarCropAEZ12,SugarCropAEZ12,1975,CO_AWB,0.0130904560227441
Central America and Caribbean,Wheat,WheatAEZ04,WheatAEZ04,1975,CO_AWB,0
Central America and Caribbean,Wheat,WheatAEZ05,WheatAEZ05,1975,CO_AWB,0.00025197342969458
Central America and Caribbean,Wheat,WheatAEZ06,WheatAEZ06,1975,CO_AWB,0.000210177701043678
Central America and Caribbean,Wheat,WheatAEZ12,WheatAEZ12,1975,CO_AWB,6.33787688558766e-06
Central America and Caribbean,Corn,CornAEZ04,CornAEZ04,1975,N2O_AWB,4.09053053618727e-06
Central America and Caribbean,Corn,CornAEZ05,CornAEZ05,1975,N2O_AWB,7.30793440905986e-06
Central America and Caribbean,Corn,CornAEZ06,CornAEZ06,1975,N2O_AWB,4.13491819826961e-06
Central America and Caribbean,Corn,CornAEZ12,CornAEZ12,1975,N2O_AWB,5.68361801915151e-07
Central America and Caribbean,FiberCrop,FiberCropAEZ04,FiberCropAEZ04,1975,N2O_AWB,2.36363411148683e-06
Central America and Caribbean,FiberCrop,FiberCropAEZ05,FiberCropAEZ05,1975,N2O_AWB,3.59394609325936e-06
Central America and Caribbean,FiberCrop,FiberCropAEZ06,FiberCropAEZ06,1975,N2O_AWB,8.33597737336046e-07
Central America and Caribbean,FiberCrop,FiberCropAEZ12,FiberCropAEZ12,1975,N2O_AWB,0
Central America and Caribbean,FodderGrass,FodderGrassAEZ04,FodderGrassAEZ04,1975,N2O_AWB,0
Central America and Caribbean,FodderGrass,FodderGrassAEZ05,FodderGrassAEZ05,1975,N2O_AWB,0
Central America and Caribbean,FodderGrass,FodderGrassAEZ06,FodderGrassAEZ06,1975,N2O_AWB,0
Central America and Caribbean,FodderGrass,FodderGrassAEZ12,FodderGrassAEZ12,1975,N2O_AWB,0
Central America and Caribbean,FodderHerb,FodderHerbAEZ04,FodderHerbAEZ04,1975,N2O_AWB,0
Central America and Caribbean,FodderHerb,FodderHerbAEZ05,FodderHerbAEZ05,1975,N2O_AWB,0
Central America and Caribbean,FodderHerb,FodderHerbAEZ06,FodderHerbAEZ06,1975,N2O_AWB,0
Central America and Caribbean,FodderHerb,FodderHerbAEZ12,FodderHerbAEZ12,1975,N2O_AWB,0
Central America and Caribbean,MiscCrop,MiscCropAEZ04,MiscCropAEZ04,1975,N2O_AWB,1.77413853257331e-05
Central America and Caribbean,MiscCrop,MiscCropAEZ05,MiscCropAEZ05,1975,N2O_AWB,4.17502461355256e-05
Central America and Caribbean,MiscCrop,MiscCropAEZ06,MiscCropAEZ06,1975,N2O_AWB,2.16871246837145e-05
Central America and Caribbean,MiscCrop,MiscCropAEZ12,MiscCropAEZ12,1975,N2O_AWB,5.20237633533152e-07
Central America and Caribbean,OilCrop,OilCropAEZ04,OilCropAEZ04,1975,N2O_AWB,2.27136723318562e-07
Central America and Caribbean,OilCrop,OilCropAEZ05,OilCropAEZ05,1975,N2O_AWB,3.52569275432852e-07
Central America and Caribbean,OilCrop,OilCropAEZ06,OilCropAEZ06,1975,N2O_AWB,2.5429112714072e-07
Central America and Caribbean,OilCrop,OilCropAEZ12,OilCropAEZ12,1975,N2O_AWB,1.52636074544506e-08
Central America and Caribbean,OtherGrain,OtherGrainAEZ04,OtherGrainAEZ04,1975,N2O_AWB,1.4292192488885e-06
Central America and Caribbean,OtherGrain,OtherGrainAEZ05,OtherGrainAEZ05,1975,N2O_AWB,1.2732835074333e-06
Central America and Caribbean,OtherGrain,OtherGrainAEZ06,OtherGrainAEZ06,1975,N2O_AWB,6.56568074451239e-07
Central America and Caribbean,OtherGrain,OtherGrainAEZ12,OtherGrainAEZ12,1975,N2O_AWB,0
Central America and Caribbean,PalmFruit,PalmFruitAEZ04,PalmFruitAEZ04,1975,N2O_AWB,1.16326395200425e-06
Central America and Caribbean,PalmFruit,PalmFruitAEZ05,PalmFruitAEZ05,1975,N2O_AWB,2.19998603287398e-06
Central America and Caribbean,PalmFruit,PalmFruitAEZ06,PalmFruitAEZ06,1975,N2O_AWB,1.34379370426179e-06
Central America and Caribbean,PalmFruit,PalmFruitAEZ12,PalmFruitAEZ12,1975,N2O_AWB,5.25554973157696e-08
Central America and Caribbean,Rice,RiceAEZ04,RiceAEZ04,1975,N2O_AWB,1.96901726112826e-06
Central America and Caribbean,Rice,RiceAEZ05,RiceAEZ05,1975,N2O_AWB,4.71694570586945e-06
Central America and Caribbean,Rice,RiceAEZ06,RiceAEZ06,1975,N2O_AWB,2.50872027185369e-06
Central America and Caribbean,Rice,RiceAEZ12,RiceAEZ12,1975,N2O_AWB,6.94488469644498e-09
Central America and Caribbean,Root_Tuber,Root_TuberAEZ04,Root_TuberAEZ04,1975,N2O_AWB,3.11080186784682e-06
Central America and Caribbean,Root_Tuber,Root_TuberAEZ05,Root_TuberAEZ05,1975,N2O_AWB,8.80807674801859e-06
Central America and Caribbean,Root_Tuber,Root_TuberAEZ06,Root_TuberAEZ06,1975,N2O_AWB,3.84196788982269e-06
Central America and Caribbean,Root_Tuber,Root_TuberAEZ12,Root_TuberAEZ12,1975,N2O_AWB,3.99834303538881e-08
Central America and Caribbean,SugarCrop,SugarCropAEZ04,SugarCropAEZ04,1975,N2O_AWB,0.000150398971645023
Central America and Caribbean,SugarCrop,SugarCropAEZ05,SugarCropAEZ05,1975,N2O_AWB,0.000331521175366538
Central America and Caribbean,SugarCrop,SugarCropAEZ06,SugarCropAEZ06,1975,N2O_AWB,0.00015438877110484
Central America and Caribbean,SugarCrop,SugarCropAEZ12,SugarCropAEZ12,1975,N2O_AWB,9.75768073920377e-06
Central America and Caribbean,Wheat,WheatAEZ04,WheatAEZ04,1975,N2O_AWB,0
Central America and Caribbean,Wheat,WheatAEZ05,WheatAEZ05,1975,N2O_AWB,1.87822049701713e-07
Central America and Caribbean,Wheat,WheatAEZ06,WheatAEZ06,1975,N2O_AWB,1.56667338534332e-07
Central America and Caribbean,Wheat,WheatAEZ12,WheatAEZ12,1975,N2O_AWB,4.7242799721029e-09
Central America and Caribbean,Corn,CornAEZ04,CornAEZ04,1975,NH3_AWB,7.59541611649277e-05
Central America and Caribbean,Corn,CornAEZ05,CornAEZ05,1975,NH3_AWB,0.000135695852403005
Central America and Caribbean,Corn,CornAEZ06,CornAEZ06,1975,NH3_AWB,7.6778364189379e-05
Central America and Caribbean,Corn,CornAEZ12,CornAEZ12,1975,NH3_AWB,1.05535073068761e-05
Central America and Caribbean,FiberCrop,FiberCropAEZ04,FiberCropAEZ04,1975,NH3_AWB,4.38886458982718e-05
Central America and Caribbean,FiberCrop,FiberCropAEZ05,FiberCropAEZ05,1975,NH3_AWB,6.67334367438606e-05
Central America and Caribbean,FiberCrop,FiberCropAEZ06,FiberCropAEZ06,1975,NH3_AWB,1.54784853280563e-05
Central America and Caribbean,FiberCrop,FiberCropAEZ12,FiberCropAEZ12,1975,NH3_AWB,0
Central America and Caribbean,FodderGrass,FodderGrassAEZ04,FodderGrassAEZ04,1975,NH3_AWB,0
Central America and Caribbean,FodderGrass,FodderGrassAEZ05,FodderGrassAEZ05,1975,NH3_AWB,0
Central America and Caribbean,FodderGrass,FodderGrassAEZ06,FodderGrassAEZ06,1975,NH3_AWB,0
Central America and Caribbean,FodderGrass,FodderGrassAEZ12,FodderGrassAEZ12,1975,NH3_AWB,0
Central America and Caribbean,FodderHerb,FodderHerbAEZ04,FodderHerbAEZ04,1975,NH3_AWB,0
Central America and Caribbean,FodderHerb,FodderHerbAEZ05,FodderHerbAEZ05,1975,NH3_AWB,0
Central America and Caribbean,FodderHerb,FodderHerbAEZ06,FodderHerbAEZ06,1975,NH3_AWB,0
Central America and Caribbean,FodderHerb,FodderHerbAEZ12,FodderHerbAEZ12,1975,NH3_AWB,0
Central America and Caribbean,MiscCrop,MiscCropAEZ04,MiscCropAEZ04,1975,NH3_AWB,0.000329427204710672
Central America and Caribbean,MiscCrop,MiscCropAEZ05,MiscCropAEZ05,1975,NH3_AWB,0.000775230717776003
Central America and Caribbean,MiscCrop,MiscCropAEZ06,MiscCropAEZ06,1975,NH3_AWB,0.000402692841150647
Central America and Caribbean,MiscCrop,MiscCropAEZ12,MiscCropAEZ12,1975,NH3_AWB,9.65992374628948e-06
Central America and Caribbean,OilCrop,OilCropAEZ04,OilCropAEZ04,1975,NH3_AWB,4.21754076562694e-06
Central America and Caribbean,OilCrop,OilCropAEZ05,OilCropAEZ05,1975,NH3_AWB,6.54660888877977e-06
Central America and Caribbean,OilCrop,OilCropAEZ06,OilCropAEZ06,1975,NH3_AWB,4.72175163656403e-06
Central America and Caribbean,OilCrop,OilCropAEZ12,OilCropAEZ12,1975,NH3_AWB,2.83419104269573e-07
Central America and Caribbean,OtherGrain,OtherGrainAEZ04,OtherGrainAEZ04,1975,NH3_AWB,2.65381588548846e-05
Central America and Caribbean,OtherGrain,OtherGrainAEZ05,OtherGrainAEZ05,1975,NH3_AWB,2.36426986369294e-05
Central America and Caribbean,OtherGrain,OtherGrainAEZ06,OtherGrainAEZ06,1975,NH3_AWB,1.21913470395696e-05
Central America and Caribbean,OtherGrain,OtherGrainAEZ12,OtherGrainAEZ12,1975,NH3_AWB,0
Central America and Caribbean,PalmFruit,PalmFruitAEZ04,PalmFruitAEZ04,1975,NH3_AWB,2.15998235207494e-05
Central America and Caribbean,PalmFruit,PalmFruitAEZ05,PalmFruitAEZ05,1975,NH3_AWB,4.0849980760014e-05
Central America and Caribbean,PalmFruit,PalmFruitAEZ06,PalmFruitAEZ06,1975,NH3_AWB,2.4951952487085e-05
Central America and Caribbean,PalmFruit,PalmFruitAEZ12,PalmFruitAEZ12,1975,NH3_AWB,9.75865765555586e-07
Central America and Caribbean,Rice,RiceAEZ04,RiceAEZ04,1975,NH3_AWB,3.65612854042298e-05
Central America and Caribbean,Rice,RiceAEZ05,RiceAEZ05,1975,NH3_AWB,8.7585620295543e-05
Central America and Caribbean,Rice,RiceAEZ06,RiceAEZ06,1975,NH3_AWB,4.65826479378157e-05
Central America and Caribbean,Rice,RiceAEZ12,RiceAEZ12,1975,NH3_AWB,1.28954639707272e-07
Central America and Caribbean,Root_Tuber,Root_TuberAEZ04,Root_TuberAEZ04,1975,NH3_AWB,5.77622741921461e-05
Central America and Caribbean,Root_Tuber,Root_TuberAEZ05,Root_TuberAEZ05,1975,NH3_AWB,0.000163550931829892
Central America and Caribbean,Root_Tuber,Root_TuberAEZ06,Root_TuberAEZ06,1975,NH3_AWB,7.13387776261573e-05
Central America and Caribbean,Root_Tuber,Root_TuberAEZ12,Root_TuberAEZ12,1975,NH3_AWB,7.42423968274917e-07
Central America and Caribbean,SugarCrop,SugarCropAEZ04,SugarCropAEZ04,1975,NH3_AWB,0.00279265186515711
Central America and Caribbean,SugarCrop,SugarCropAEZ05,SugarCropAEZ05,1975,NH3_AWB,0.00615578164265378
Central America and Caribbean,SugarCrop,SugarCropAEZ06,SugarCropAEZ06,1975,NH3_AWB,0.00286673562238757
Central America and Caribbean,SugarCrop,SugarCropAEZ12,SugarCropAEZ12,1975,NH3_AWB,0.000181183455032265
Central America and Caribbean,Wheat,WheatAEZ04,WheatAEZ04,1975,NH3_AWB,0
Central America and Caribbean,Wheat,WheatAEZ05,WheatAEZ05,1975,NH3_AWB,3.4875344670249e-06
Central America and Caribbean,Wheat,WheatAEZ06,WheatAEZ06,1975,NH3_AWB,2.90904472538379e-06
Central America and Caribbean,Wheat,WheatAEZ12,WheatAEZ12,1975,NH3_AWB,8.77218050849225e-08
Central America and Caribbean,Corn,CornAEZ04,CornAEZ04,1975,NMVOC_AWB,0.000409053053618727
Central America and Caribbean,Corn,CornAEZ05,CornAEZ05,1975,NMVOC_AWB,0.000730793440905986
Central America and Caribbean,Corn,CornAEZ06,CornAEZ06,1975,NMVOC_AWB,0.000413491819826961
Central America and Caribbean,Corn,CornAEZ12,CornAEZ12,1975,NMVOC_AWB,5.68361801915151e-05
Central America and Caribbean,FiberCrop,FiberCropAEZ04,FiberCropAEZ04,1975,NMVOC_AWB,0.000236363411148683
Central America and Caribbean,FiberCrop,FiberCropAEZ05,FiberCropAEZ05,1975,NMVOC_AWB,0.000359394609325936
Central America and Caribbean,FiberCrop,FiberCropAEZ06,FiberCropAEZ06,1975,NMVOC_AWB,8.33597737336047e-05
Central America and Caribbean,FiberCrop,FiberCropAEZ12,FiberCropAEZ12,1975,NMVOC_AWB,0
Central America and Caribbean,FodderGrass,FodderGrassAEZ04,FodderGrassAEZ04,1975,NMVOC_AWB,0
Central America and Caribbean,FodderGrass,FodderGrassAEZ05,FodderGrassAEZ05,1975,NMVOC_AWB,0
Central America and Caribbean,FodderGrass,FodderGrassAEZ06,FodderGrassAEZ06,1975,NMVOC_AWB,0
Central America and Caribbean,FodderGrass,FodderGrassAEZ12,FodderGrassAEZ12,1975,NMVOC_AWB,0
Central America and Caribbean,FodderHerb,FodderHerbAEZ04,FodderHerbAEZ04,1975,NMVOC_AWB,0
Central America and Caribbean,FodderHerb,FodderHerbAEZ05,FodderHerbAEZ05,1975,NMVOC_AWB,0
Central America and Caribbean,FodderHerb,FodderHerbAEZ06,FodderHerbAEZ06,1975,NMVOC_AWB,0
Central America and Caribbean,FodderHerb,FodderHerbAEZ12,FodderHerbAEZ12,1975,NMVOC_AWB,0
Central America and Caribbean,MiscCrop,MiscCropAEZ04,MiscCropAEZ04,1975,NMVOC_AWB,0.00177413853257331
Central America and Caribbean,MiscCrop,MiscCropAEZ05,MiscCropAEZ05,1975,NMVOC_AWB,0.00417502461355256
Central America and Caribbean,MiscCrop,MiscCropAEZ06,MiscCropAEZ06,1975,NMVOC_AWB,0.00216871246837145
Central America and Caribbean,MiscCrop,MiscCropAEZ12,MiscCropAEZ12,1975,NMVOC_AWB,5.20237633533152e-05
Central America and Caribbean,OilCrop,OilCropAEZ04,OilCropAEZ04,1975,NMVOC_AWB,2.27136723318562e-05
Central America and Caribbean,OilCrop,OilCropAEZ05,OilCropAEZ05,1975,NMVOC_AWB,3.52569275432852e-05
Central America and Caribbean,OilCrop,OilCropAEZ06,OilCropAEZ06,1975,NMVOC_AWB,2.5429112714072e-05
Central America and Caribbean,OilCrop,OilCropAEZ12,OilCropAEZ12,1975,NMVOC_AWB,1.52636074544506e-06
Central America and Caribbean,OtherGrain,OtherGrainAEZ04,OtherGrainAEZ04,1975,NMVOC_AWB,0.00014292192488885
Central America and Caribbean,OtherGrain,OtherGrainAEZ05,OtherGrainAEZ05,1975,NMVOC_AWB,0.00012732835074333
Central America and Caribbean,OtherGrain,OtherGrainAEZ06,OtherGrainAEZ06,1975,NMVOC_AWB,6.56568074451239e-05
Central America and Caribbean,OtherGrain,OtherGrainAEZ12,OtherGrainAEZ12,1975,NMVOC_AWB,0
Central America and Caribbean,PalmFruit,PalmFruitAEZ04,PalmFruitAEZ04,1975,NMVOC_AWB,0.000116326395200425
Central America and Caribbean,PalmFruit,PalmFruitAEZ05,PalmFruitAEZ05,1975,NMVOC_AWB,0.000219998603287398
Central America and Caribbean,PalmFruit,PalmFruitAEZ06,PalmFruitAEZ06,1975,NMVOC_AWB,0.000134379370426179
Central America and Caribbean,PalmFruit,PalmFruitAEZ12,PalmFruitAEZ12,1975,NMVOC_AWB,5.25554973157696e-06
Central America and Caribbean,Rice,RiceAEZ04,RiceAEZ04,1975,NMVOC_AWB,0.000196901726112826
Central America and Caribbean,Rice,RiceAEZ05,RiceAEZ05,1975,NMVOC_AWB,0.000471694570586945
Central America and Caribbean,Rice,RiceAEZ06,RiceAEZ06,1975,NMVOC_AWB,0.000250872027185369
Central America and Caribbean,Rice,RiceAEZ12,RiceAEZ12,1975,NMVOC_AWB,6.94488469644498e-07
Central America and Caribbean,Root_Tuber,Root_TuberAEZ04,Root_TuberAEZ04,1975,NMVOC_AWB,0.000311080186784682
Central America and Caribbean,Root_Tuber,Root_TuberAEZ05,Root_TuberAEZ05,1975,NMVOC_AWB,0.000880807674801859
Central America and Caribbean,Root_Tuber,Root_TuberAEZ06,Root_TuberAEZ06,1975,NMVOC_AWB,0.000384196788982269
Central America and Caribbean,Root_Tuber,Root_TuberAEZ12,Root_TuberAEZ12,1975,NMVOC_AWB,3.99834303538881e-06
Central America and Caribbean,SugarCrop,SugarCropAEZ04,SugarCropAEZ04,1975,NMVOC_AWB,0.0150398971645023
Central America and Caribbean,SugarCrop,SugarCropAEZ05,SugarCropAEZ05,1975,NMVOC_AWB,0.0331521175366538
Central America and Caribbean,SugarCrop,SugarCropAEZ06,SugarCropAEZ06,1975,NMVOC_AWB,0.015438877110484
Central America and Caribbean,SugarCrop,SugarCropAEZ12,SugarCropAEZ12,1975,NMVOC_AWB,0.000975768073920377
Central America and Caribbean,Wheat,WheatAEZ04,WheatAEZ04,1975,NMVOC_AWB,0
Central America and Caribbean,Wheat,WheatAEZ05,WheatAEZ05,1975,NMVOC_AWB,1.87822049701713e-05
Central America and Caribbean,Wheat,WheatAEZ06,WheatAEZ06,1975,NMVOC_AWB,1.56667338534332e-05
Central America and Caribbean,Wheat,WheatAEZ12,WheatAEZ12,1975,NMVOC_AWB,4.7242799721029e-07
Central America and Caribbean,Corn,CornAEZ04,CornAEZ04,1975,NOx_AWB,0.000221978668253377
Central America and Caribbean,Corn,CornAEZ05,CornAEZ05,1975,NOx_AWB,0.000396575831290132
Central America and Caribbean,Corn,CornAEZ06,CornAEZ06,1975,NOx_AWB,0.000224387430155715
Central America and Caribbean,Corn,CornAEZ12,CornAEZ12,1975,NOx_AWB,3.08429908441194e-05
Central America and Caribbean,FiberCrop,FiberCropAEZ04,FiberCropAEZ04,1975,NOx_AWB,0.000128266088631902
Central America and Caribbean,FiberCrop,FiberCropAEZ05,FiberCropAEZ05,1975,NOx_AWB,0.000195030781581633
Central America and Caribbean,FiberCrop,FiberCropAEZ06,FiberCropAEZ06,1975,NOx_AWB,4.52364097898553e-05
Central America and Caribbean,FiberCrop,FiberCropAEZ12,FiberCropAEZ12,1975,NOx_AWB,0
Central America and Caribbean,FodderGrass,FodderGrassAEZ04,FodderGrassAEZ04,1975,NOx_AWB,0
Central America and Caribbean,FodderGrass,FodderGrassAEZ05,FodderGrassAEZ05,1975,NOx_AWB,0
Central America and Caribbean,FodderGrass,FodderGrassAEZ06,FodderGrassAEZ06,1975,NOx_AWB,0
Central America and Caribbean,FodderGrass,FodderGrassAEZ12,FodderGrassAEZ12,1975,NOx_AWB,0
Central America and Caribbean,FodderHerb,FodderHerbAEZ04,FodderHerbAEZ04,1975,NOx_AWB,0
Central America and Caribbean,FodderHerb,FodderHerbAEZ05,FodderHerbAEZ05,1975,NOx_AWB,0
Central America and Caribbean,FodderHerb,FodderHerbAEZ06,FodderHerbAEZ06,1975,NOx_AWB,0
Central America and Caribbean,FodderHerb,FodderHerbAEZ12,FodderHerbAEZ12,1975,NOx_AWB,0
Central America and Caribbean,MiscCrop,MiscCropAEZ04,MiscCropAEZ04,1975,NOx_AWB,0.000962762422315761
Central America and Caribbean,MiscCrop,MiscCropAEZ05,MiscCropAEZ05,1975,NOx_AWB,0.00226563863890696
Central America and Caribbean,MiscCrop,MiscCropAEZ06,MiscCropAEZ06,1975,NOx_AWB,0.00117688378388761
Central America and Caribbean,MiscCrop,MiscCropAEZ12,MiscCropAEZ12,1975,NOx_AWB,2.82314619204912e-05
Central America and Caribbean,OilCrop,OilCropAEZ04,OilCropAEZ04,1975,NOx_AWB,1.23259090496084e-05
Central America and Caribbean,OilCrop,OilCropAEZ05,OilCropAEZ05,1975,NOx_AWB,1.91326913551391e-05
Central America and Caribbean,OilCrop,OilCropAEZ06,OilCropAEZ06,1975,NOx_AWB,1.37994827937309e-05
Central America and Caribbean,OilCrop,OilCropAEZ12,OilCropAEZ12,1975,NOx_AWB,8.28302154331148e-07
Central America and Caribbean,OtherGrain,OtherGrainAEZ04,OtherGrainAEZ04,1975,NOx_AWB,7.75586889533579e-05
Central America and Caribbean,OtherGrain,OtherGrainAEZ05,OtherGrainAEZ05,1975,NOx_AWB,6.90966061220212e-05
Central America and Caribbean,OtherGrain,OtherGrainAEZ06,OtherGrainAEZ06,1975,NOx_AWB,3.56296342234903e-05
Central America and Caribbean,OtherGrain,OtherGrainAEZ12,OtherGrainAEZ12,1975,NOx_AWB,0
Central America and Caribbean,PalmFruit,PalmFruitAEZ04,PalmFruitAEZ04,1975,NOx_AWB,6.31262327976035e-05
Central America and Caribbean,PalmFruit,PalmFruitAEZ05,PalmFruitAEZ05,1975,NOx_AWB,0.000119385484458106
Central America and Caribbean,PalmFruit,PalmFruitAEZ06,PalmFruitAEZ06,1975,NOx_AWB,7.29229458722827e-05
Central America and Caribbean,PalmFruit,PalmFruitAEZ12,PalmFruitAEZ12,1975,NOx_AWB,2.85200151920205e-06
Central America and Caribbean,Rice,RiceAEZ04,RiceAEZ04,1975,NOx_AWB,0.000106851623652847
Central America and Caribbean,Rice,RiceAEZ05,RiceAEZ05,1975,NOx_AWB,0.000255972010659609
Central America and Caribbean,Rice,RiceAEZ06,RiceAEZ06,1975,NOx_AWB,0.000136139402955147
Central America and Caribbean,Rice,RiceAEZ12,RiceAEZ12,1975,NOx_AWB,3.76874403565028e-07
Central America and Caribbean,Root_Tuber,Root_TuberAEZ04,Root_TuberAEZ04,1975,NOx_AWB,0.000168812248121827
Central America and Caribbean,Root_Tuber,Root_TuberAEZ05,Root_TuberAEZ05,1975,NOx_AWB,0.000477983266254045
Central America and Caribbean,Root_Tuber,Root_TuberAEZ06,Root_TuberAEZ06,1975,NOx_AWB,0.000208490049911715
Central America and Caribbean,Root_Tuber,Root_TuberAEZ12,Root_TuberAEZ12,1975,NOx_AWB,2.16975977654733e-06
Central America and Caribbean,SugarCrop,SugarCropAEZ04,SugarCropAEZ04,1975,NOx_AWB,0.00816162185738325
Central America and Caribbean,SugarCrop,SugarCropAEZ05,SugarCropAEZ05,1975,NOx_AWB,0.0179904851839222
Central America and Caribbean,SugarCrop,SugarCropAEZ06,SugarCropAEZ06,1975,NOx_AWB,0.0083781342053179
Central America and Caribbean,SugarCrop,SugarCropAEZ12,SugarCropAEZ12,1975,NOx_AWB,0.000529514926381402
Central America and Caribbean,Wheat,WheatAEZ04,WheatAEZ04,1975,NOx_AWB,0
Central America and Caribbean,Wheat,WheatAEZ05,WheatAEZ05,1975,NOx_AWB,1.01924403430238e-05
Central America and Caribbean,Wheat,WheatAEZ06,WheatAEZ06,1975,NOx_AWB,8.50178402507829e-06
Central America and Caribbean,Wheat,WheatAEZ12,WheatAEZ12,1975,NOx_AWB,2.56370015426158e-07
Central America and Caribbean,Corn,CornAEZ04,CornAEZ04,1975,SO2_AWB,3.03870358262098e-05
Central America and Caribbean,Corn,CornAEZ05,CornAEZ05,1975,SO2_AWB,5.42879371610018e-05
Central America and Caribbean,Corn,CornAEZ06,CornAEZ06,1975,SO2_AWB,3.07167753223474e-05
Central America and Caribbean,Corn,CornAEZ12,CornAEZ12,1975,SO2_AWB,4.22214925038618e-06
Central America and Caribbean,FiberCrop,FiberCropAEZ04,FiberCropAEZ04,1975,SO2_AWB,1.75585620961402e-05
Central America and Caribbean,FiberCrop,FiberCropAEZ05,FiberCropAEZ05,1975,SO2_AWB,2.66980939824817e-05
Central America and Caribbean,FiberCrop,FiberCropAEZ06,FiberCropAEZ06,1975,SO2_AWB,6.19248874565014e-06
Central America and Caribbean,FiberCrop,FiberCropAEZ12,FiberCropAEZ12,1975,SO2_AWB,0
Central America and Caribbean,FodderGrass,FodderGrassAEZ04,FodderGrassAEZ04,1975,SO2_AWB,0
Central America and Caribbean,FodderGrass,FodderGrassAEZ05,FodderGrassAEZ05,1975,SO2_AWB,0
Central America and Caribbean,FodderGrass,FodderGrassAEZ06,FodderGrassAEZ06,1975,SO2_AWB,0
Central America and Caribbean,FodderGrass,FodderGrassAEZ12,FodderGrassAEZ12,1975,SO2_AWB,0
Central America and Caribbean,FodderHerb,FodderHerbAEZ04,FodderHerbAEZ04,1975,SO2_AWB,0
Central America and Caribbean,FodderHerb,FodderHerbAEZ05,FodderHerbAEZ05,1975,SO2_AWB,0
Central America and Caribbean,FodderHerb,FodderHerbAEZ06,FodderHerbAEZ06,1975,SO2_AWB,0
Central America and Caribbean,FodderHerb,FodderHerbAEZ12,FodderHerbAEZ12,1975,SO2_AWB,0
Central America and Caribbean,MiscCrop,MiscCropAEZ04,MiscCropAEZ04,1975,SO2_AWB,0.00013179417846423
Central America and Caribbean,MiscCrop,MiscCropAEZ05,MiscCropAEZ05,1975,SO2_AWB,0.000310147110221992
Central America and Caribbean,MiscCrop,MiscCropAEZ06,MiscCropAEZ06,1975,SO2_AWB,0.000161105614272168
Central America and Caribbean,MiscCrop,MiscCropAEZ12,MiscCropAEZ12,1975,SO2_AWB,3.86465263331084e-06
Central America and Caribbean,OilCrop,OilCropAEZ04,OilCropAEZ04,1975,SO2_AWB,1.68731456417933e-06
Central America and Caribbean,OilCrop,OilCropAEZ05,OilCropAEZ05,1975,SO2_AWB,2.61910652151857e-06
Central America and Caribbean,OilCrop,OilCropAEZ06,OilCropAEZ06,1975,SO2_AWB,1.88903456956337e-06
Central America and Caribbean,OilCrop,OilCropAEZ12,OilCropAEZ12,1975,SO2_AWB,1.13387684666427e-07
Central America and Caribbean,OtherGrain,OtherGrainAEZ04,OtherGrainAEZ04,1975,SO2_AWB,1.06171402793056e-05
Central America and Caribbean,OtherGrain,OtherGrainAEZ05,OtherGrainAEZ05,1975,SO2_AWB,9.45875142967674e-06
Central America and Caribbean,OtherGrain,OtherGrainAEZ06,OtherGrainAEZ06,1975,SO2_AWB,4.87740096894415e-06
Central America and Caribbean,OtherGrain,OtherGrainAEZ12,OtherGrainAEZ12,1975,SO2_AWB,0
Central America and Caribbean,PalmFruit,PalmFruitAEZ04,PalmFruitAEZ04,1975,SO2_AWB,8.6414569142513e-06
Central America and Caribbean,PalmFruit,PalmFruitAEZ05,PalmFruitAEZ05,1975,SO2_AWB,1.63428811511608e-05
Central America and Caribbean,PalmFruit,PalmFruitAEZ06,PalmFruitAEZ06,1975,SO2_AWB,9.98254555813655e-06
Central America and Caribbean,PalmFruit,PalmFruitAEZ12,PalmFruitAEZ12,1975,SO2_AWB,3.90415317932601e-07
Central America and Caribbean,Rice,RiceAEZ04,RiceAEZ04,1975,SO2_AWB,1.46270997189766e-05
Central America and Caribbean,Rice,RiceAEZ05,RiceAEZ05,1975,SO2_AWB,3.50404420371694e-05
Central America and Caribbean,Rice,RiceAEZ06,RiceAEZ06,1975,SO2_AWB,1.86363534275953e-05
Central America and Caribbean,Rice,RiceAEZ12,RiceAEZ12,1975,SO2_AWB,5.15909753546229e-08
Central America and Caribbean,Root_Tuber,Root_TuberAEZ04,Root_TuberAEZ04,1975,SO2_AWB,2.31089945351221e-05
Central America and Caribbean,Root_Tuber,Root_TuberAEZ05,Root_TuberAEZ05,1975,SO2_AWB,6.54319387996846e-05
Central America and Caribbean,Root_Tuber,Root_TuberAEZ06,Root_TuberAEZ06,1975,SO2_AWB,2.85405560179505e-05
Central America and Caribbean,Root_Tuber,Root_TuberAEZ12,Root_TuberAEZ12,1975,SO2_AWB,2.97022090379217e-07
Central America and Caribbean,SugarCrop,SugarCropAEZ04,SugarCropAEZ04,1975,SO2_AWB,0.00111725823806274
Central America and Caribbean,SugarCrop,SugarCropAEZ05,SugarCropAEZ05,1975,SO2_AWB,0.0024627479843727
Central America and Caribbean,SugarCrop,SugarCropAEZ06,SugarCropAEZ06,1975,SO2_AWB,0.00114689698004311
Central America and Caribbean,SugarCrop,SugarCropAEZ12,SugarCropAEZ12,1975,SO2_AWB,7.24861950252724e-05
Central America and Caribbean,Wheat,WheatAEZ04,WheatAEZ04,1975,SO2_AWB,0
Central America and Caribbean,Wheat,WheatAEZ05,WheatAEZ05,1975,SO2_AWB,1.39526041982756e-06
Central America and Caribbean,Wheat,WheatAEZ06,WheatAEZ06,1975,SO2_AWB,1.16382361327561e-06
Central America and Caribbean,Wheat,WheatAEZ12,WheatAEZ12,1975,SO2_AWB,3.50949255836979e-08
Central Asia,Corn,CornAEZ07,CornAEZ07,1975,CH4_AWB,2.98581418693226e-05
Central Asia,Corn,CornAEZ08,CornAEZ08,1975,CH4_AWB,8.46719348476018e-05
Central Asia,Corn,CornAEZ09,CornAEZ09,1975,CH4_AWB,3.15937450224118e-05
Central Asia,Corn,CornAEZ10,CornAEZ10,1975,CH4_AWB,4.27343896605182e-05
Central Asia,Corn,CornAEZ11,CornAEZ11,1975,CH4_AWB,7.37498532650661e-06
Central Asia,Corn,CornAEZ12,CornAEZ12,1975,CH4_AWB,1.96129986394564e-05
Central Asia,Corn,CornAEZ13,CornAEZ13,1975,CH4_AWB,3.6285767655191e-05
Central Asia,Corn,CornAEZ14,CornAEZ14,1975,CH4_AWB,5.46071193481857e-05
Central Asia,Corn,CornAEZ15,CornAEZ15,1975,CH4_AWB,7.75317024326344e-06
Central Asia,Corn,CornAEZ16,CornAEZ16,1975,CH4_AWB,1.27130843990162e-05
Central Asia,FiberCrop,FiberCropAEZ07,FiberCropAEZ07,1975,CH4_AWB,0.00052083263326847
Central Asia,FiberCrop,FiberCropAEZ08,FiberCropAEZ08,1975,CH4_AWB,0.000626431438617836
Central Asia,FiberCrop,FiberCropAEZ09,FiberCropAEZ09,1975,CH4_AWB,3.03504660212458e-05
Central Asia,FiberCrop,FiberCropAEZ10,FiberCropAEZ10,1975,CH4_AWB,2.01338127568673e-07
Central Asia,FiberCrop,FiberCropAEZ11,FiberCropAEZ11,1975,CH4_AWB,0
Central Asia,FiberCrop,FiberCropAEZ12,FiberCropAEZ12,1975,CH4_AWB,0
Central Asia,FiberCrop,FiberCropAEZ13,FiberCropAEZ13,1975,CH4_AWB,6.27058470631421e-05
Central Asia,FiberCrop,FiberCropAEZ14,FiberCropAEZ14,1975,CH4_AWB,4.53349437230943e-05
Central Asia,FiberCrop,FiberCropAEZ15,FiberCropAEZ15,1975,CH4_AWB,8.2307873175577e-07
Central Asia,FiberCrop,FiberCropAEZ16,FiberCropAEZ16,1975,CH4_AWB,0
Central Asia,FodderGrass,FodderGrassAEZ07,FodderGrassAEZ07,1975,CH4_AWB,2.8830412382287e-05
Central Asia,FodderGrass,FodderGrassAEZ08,FodderGrassAEZ08,1975,CH4_AWB,4.09184137016348e-05
Central Asia,FodderGrass,FodderGrassAEZ09,FodderGrassAEZ09,1975,CH4_AWB,1.06239285375635e-05
Central Asia,FodderGrass,FodderGrassAEZ10,FodderGrassAEZ10,1975,CH4_AWB,2.71354283984329e-07
Central Asia,FodderGrass,FodderGrassAEZ11,FodderGrassAEZ11,1975,CH4_AWB,3.10371488010978e-08
Central Asia,FodderGrass,FodderGrassAEZ12,FodderGrassAEZ12,1975,CH4_AWB,8.35353801326334e-08
Central Asia,FodderGrass,FodderGrassAEZ13,FodderGrassAEZ13,1975,CH4_AWB,3.94347513020481e-05
Central Asia,FodderGrass,FodderGrassAEZ14,FodderGrassAEZ14,1975,CH4_AWB,1.46687552300802e-05
Central Asia,FodderGrass,FodderGrassAEZ15,FodderGrassAEZ15,1975,CH4_AWB,2.786858078182e-06
Central Asia,FodderGrass,FodderGrassAEZ16,FodderGrassAEZ16,1975,CH4_AWB,5.36040968526398e-08
Central Asia,FodderHerb,FodderHerbAEZ07,FodderHerbAEZ07,1975,CH4_AWB,0.00167389997483668
Central Asia,FodderHerb,FodderHerbAEZ08,FodderHerbAEZ08,1975,CH4_AWB,0.00217614213157009
Central Asia,FodderHerb,FodderHerbAEZ09,FodderHerbAEZ09,1975,CH4_AWB,8.04112787135089e-05
Central Asia,FodderHerb,FodderHerbAEZ10,FodderHerbAEZ10,1975,CH4_AWB,3.65316356017708e-07
Central Asia,FodderHerb,FodderHerbAEZ11,FodderHerbAEZ11,1975,CH4_AWB,0
Central Asia,FodderHerb,FodderHerbAEZ12,FodderHerbAEZ12,1975,CH4_AWB,0
Central Asia,FodderHerb,FodderHerbAEZ13,FodderHerbAEZ13,1975,CH4_AWB,0.00100401683929312
Central Asia,FodderHerb,FodderHerbAEZ14,FodderHerbAEZ14,1975,CH4_AWB,0.000249514340210259
Central Asia,FodderHerb,FodderHerbAEZ15,FodderHerbAEZ15,1975,CH4_AWB,1.49820569094333e-05
Central Asia,FodderHerb,FodderHerbAEZ16,FodderHerbAEZ16,1975,CH4_AWB,3.43495446161618e-06
Central Asia,MiscCrop,MiscCropAEZ07,MiscCropAEZ07,1975,CH4_AWB,0.00054155062728505
Central Asia,MiscCrop,MiscCropAEZ08,MiscCropAEZ08,1975,CH4_AWB,0.000978662309338305
Central Asia,MiscCrop,MiscCropAEZ09,MiscCropAEZ09,1975,CH4_AWB,0.000353668839527607
Central Asia,MiscCrop,MiscCropAEZ10,MiscCropAEZ10,1975,CH4_AWB,9.80399025349166e-05
Central Asia,MiscCrop,MiscCropAEZ11,MiscCropAEZ11,1975,CH4_AWB,1.75493141047524e-05
Central Asia,MiscCrop,MiscCropAEZ12,MiscCropAEZ12,1975,CH4_AWB,4.9493687593214e-05
Central Asia,MiscCrop,MiscCropAEZ13,MiscCropAEZ13,1975,CH4_AWB,4.68989446990893e-05
Central Asia,MiscCrop,MiscCropAEZ14,MiscCropAEZ14,1975,CH4_AWB,7.80198190020623e-05
Central Asia,MiscCrop,MiscCropAEZ15,MiscCropAEZ15,1975,CH4_AWB,3.06521676024835e-05
Central Asia,MiscCrop,MiscCropAEZ16,MiscCropAEZ16,1975,CH4_AWB,2.77934373497885e-05
Central Asia,OilCrop,OilCropAEZ07,OilCropAEZ07,1975,CH4_AWB,3.06545734211618e-06
Central Asia,OilCrop,OilCropAEZ08,OilCropAEZ08,1975,CH4_AWB,4.12302092357285e-06
Central Asia,OilCrop,OilCropAEZ09,OilCropAEZ09,1975,CH4_AWB,5.00324074244077e-07
Central Asia,OilCrop,OilCropAEZ10,OilCropAEZ10,1975,CH4_AWB,9.67463890857711e-07
Central Asia,OilCrop,OilCropAEZ11,OilCropAEZ11,1975,CH4_AWB,1.94575943850875e-07
Central Asia,OilCrop,OilCropAEZ12,OilCropAEZ12,1975,CH4_AWB,5.68268103220343e-07
Central Asia,OilCrop,OilCropAEZ13,OilCropAEZ13,1975,CH4_AWB,7.81060924405432e-06
Central Asia,OilCrop,OilCropAEZ14,OilCropAEZ14,1975,CH4_AWB,1.06659324443802e-05
Central Asia,OilCrop,OilCropAEZ15,OilCropAEZ15,1975,CH4_AWB,1.59274589665378e-06
Central Asia,OilCrop,OilCropAEZ16,OilCropAEZ16,1975,CH4_AWB,3.484839399232e-07
Central Asia,OtherGrain,OtherGrainAEZ07,OtherGrainAEZ07,1975,CH4_AWB,0.000241834250430013
Central Asia,OtherGrain,OtherGrainAEZ08,OtherGrainAEZ08,1975,CH4_AWB,0.000293326014833512
Central Asia,OtherGrain,OtherGrainAEZ09,OtherGrainAEZ09,1975,CH4_AWB,9.31160576512793e-05
Central Asia,OtherGrain,OtherGrainAEZ10,OtherGrainAEZ10,1975,CH4_AWB,1.17632001629073e-05
Central Asia,OtherGrain,OtherGrainAEZ11,OtherGrainAEZ11,1975,CH4_AWB,1.87905734783514e-06
Central Asia,OtherGrain,OtherGrainAEZ12,OtherGrainAEZ12,1975,CH4_AWB,5.09883878501003e-06
Central Asia,OtherGrain,OtherGrainAEZ13,OtherGrainAEZ13,1975,CH4_AWB,0.00091485354248272
Central Asia,OtherGrain,OtherGrainAEZ14,OtherGrainAEZ14,1975,CH4_AWB,0.000203183428297338
Central Asia,OtherGrain,OtherGrainAEZ15,OtherGrainAEZ15,1975,CH4_AWB,2.31698419338241e-05
Central Asia,OtherGrain,OtherGrainAEZ16,OtherGrainAEZ16,1975,CH4_AWB,4.3147329999088e-06
Central Asia,PalmFruit,PalmFruitAEZ07,PalmFruitAEZ07,1975,CH4_AWB,0
Central Asia,PalmFruit,PalmFruitAEZ08,PalmFruitAEZ08,1975,CH4_AWB,0
Central Asia,PalmFruit,PalmFruitAEZ09,PalmFruitAEZ09,1975,CH4_AWB,0
Central Asia,PalmFruit,PalmFruitAEZ10,PalmFruitAEZ10,1975,CH4_AWB,0
Central Asia,PalmFruit,PalmFruitAEZ11,PalmFruitAEZ11,1975,CH4_AWB,0
Central Asia,PalmFruit,PalmFruitAEZ12,PalmFruitAEZ12,1975,CH4_AWB,0
Central Asia,PalmFruit,PalmFruitAEZ13,PalmFruitAEZ13,1975,CH4_AWB,0
Central Asia,PalmFruit,PalmFruitAEZ14,PalmFruitAEZ14,1975,CH4_AWB,0
Central Asia,PalmFruit,PalmFruitAEZ15,PalmFruitAEZ15,1975,CH4_AWB,0
Central Asia,PalmFruit,PalmFruitAEZ16,PalmFruitAEZ16,1975,CH4_AWB,0
Central Asia,Rice,RiceAEZ07,RiceAEZ07,1975,CH4_AWB,8.76861939754425e-05
Central Asia,Rice,RiceAEZ08,RiceAEZ08,1975,CH4_AWB,6.66264333882681e-05
Central Asia,Rice,RiceAEZ09,RiceAEZ09,1975,CH4_AWB,1.99552563985973e-06
Central Asia,Rice,RiceAEZ10,RiceAEZ10,1975,CH4_AWB,2.91627611954529e-08
Central Asia,Rice,RiceAEZ11,RiceAEZ11,1975,CH4_AWB,0
Central Asia,Rice,RiceAEZ12,RiceAEZ12,1975,CH4_AWB,0
Central Asia,Rice,RiceAEZ13,RiceAEZ13,1975,CH4_AWB,2.46071415096778e-06
Central Asia,Rice,RiceAEZ14,RiceAEZ14,1975,CH4_AWB,3.80871323884692e-06
Central Asia,Rice,RiceAEZ15,RiceAEZ15,1975,CH4_AWB,4.79345191300018e-07
Central Asia,Rice,RiceAEZ16,RiceAEZ16,1975,CH4_AWB,0
Central Asia,Root_Tuber,Root_TuberAEZ07,Root_TuberAEZ07,1975,CH4_AWB,9.14327343379449e-05
Central Asia,Root_Tuber,Root_TuberAEZ08,Root_TuberAEZ08,1975,CH4_AWB,0.000209386090286163
Central Asia,Root_Tuber,Root_TuberAEZ09,Root_TuberAEZ09,1975,CH4_AWB,8.39136909619642e-05
Central Asia,Root_Tuber,Root_TuberAEZ10,Root_TuberAEZ10,1975,CH4_AWB,2.49287004933536e-05
Central Asia,Root_Tuber,Root_TuberAEZ11,Root_TuberAEZ11,1975,CH4_AWB,4.09460932013779e-06
Central Asia,Root_Tuber,Root_TuberAEZ12,Root_TuberAEZ12,1975,CH4_AWB,1.07529174163499e-05
Central Asia,Root_Tuber,Root_TuberAEZ13,Root_TuberAEZ13,1975,CH4_AWB,0.000203874906431244
Central Asia,Root_Tuber,Root_TuberAEZ14,Root_TuberAEZ14,1975,CH4_AWB,0.000129823911776308
Central Asia,Root_Tuber,Root_TuberAEZ15,Root_TuberAEZ15,1975,CH4_AWB,2.34964420066833e-05
Central Asia,Root_Tuber,Root_TuberAEZ16,Root_TuberAEZ16,1975,CH4_AWB,7.2662180715005e-06
Central Asia,SugarCrop,SugarCropAEZ07,SugarCropAEZ07,1975,CH4_AWB,4.71540321143082e-05
Central Asia,SugarCrop,SugarCropAEZ08,SugarCropAEZ08,1975,CH4_AWB,8.19040596039889e-05
Central Asia,SugarCrop,SugarCropAEZ09,SugarCropAEZ09,1975,CH4_AWB,7.61523901200508e-06
Central Asia,SugarCrop,SugarCropAEZ10,SugarCropAEZ10,1975,CH4_AWB,0
Central Asia,SugarCrop,SugarCropAEZ11,SugarCropAEZ11,1975,CH4_AWB,0
Central Asia,SugarCrop,SugarCropAEZ12,SugarCropAEZ12,1975,CH4_AWB,0
Central Asia,SugarCrop,SugarCropAEZ13,SugarCropAEZ13,1975,CH4_AWB,5.85486330521395e-05
Central Asia,SugarCrop,SugarCropAEZ14,SugarCropAEZ14,1975,CH4_AWB,9.83088368143033e-05
Central Asia,SugarCrop,SugarCropAEZ15,SugarCropAEZ15,1975,CH4_AWB,1.4128790088032e-06
Central Asia,SugarCrop,SugarCropAEZ16,SugarCropAEZ16,1975,CH4_AWB,1.28589874345506e-06
Central Asia,Wheat,WheatAEZ07,WheatAEZ07,1975,CH4_AWB,0.000650854296408286
Central Asia,Wheat,WheatAEZ08,WheatAEZ08,1975,CH4_AWB,0.000705752283502668
Central Asia,Wheat,WheatAEZ09,WheatAEZ09,1975,CH4_AWB,0.000166165905834994
Central Asia,Wheat,WheatAEZ10,WheatAEZ10,1975,CH4_AWB,1.60503503996894e-05
Central Asia,Wheat,WheatAEZ11,WheatAEZ11,1975,CH4_AWB,2.99485000246867e-06
Central Asia,Wheat,WheatAEZ12,WheatAEZ12,1975,CH4_AWB,7.96551147151508e-06
Central Asia,Wheat,WheatAEZ13,WheatAEZ13,1975,CH4_AWB,0.00142814653037436
Central Asia,Wheat,WheatAEZ14,WheatAEZ14,1975,CH4_AWB,0.000244145770722522
Central Asia,Wheat,WheatAEZ15,WheatAEZ15,1975,CH4_AWB,2.68698516428799e-05
Central Asia,Wheat,WheatAEZ16,WheatAEZ16,1975,CH4_AWB,5.00924102270314e-06
Central Asia,Corn,CornAEZ07,CornAEZ07,1975,CO_AWB,0.00129246019329446
Central Asia,Corn,CornAEZ08,CornAEZ08,1975,CO_AWB,0.00366516797189532
Central Asia,Corn,CornAEZ09,CornAEZ09,1975,CO_AWB,0.00136758871256206
Central Asia,Corn,CornAEZ10,CornAEZ10,1975,CO_AWB,0.00184983036662781
Central Asia,Corn,CornAEZ11,CornAEZ11,1975,CO_AWB,0.000319238718951697
Central Asia,Corn,CornAEZ12,CornAEZ12,1975,CO_AWB,0.000848981832947897
Central Asia,Corn,CornAEZ13,CornAEZ13,1975,CO_AWB,0.00157069085151782
Central Asia,Corn,CornAEZ14,CornAEZ14,1975,CO_AWB,0.00236376156081313
Central Asia,Corn,CornAEZ15,CornAEZ15,1975,CO_AWB,0.000335609092994121
Central Asia,Corn,CornAEZ16,CornAEZ16,1975,CO_AWB,0.000550307369816715
Central Asia,FiberCrop,FiberCropAEZ07,FiberCropAEZ07,1975,CO_AWB,0.0225451218235337
Central Asia,FiberCrop,FiberCropAEZ08,FiberCropAEZ08,1975,CO_AWB,0.0271161447951184
Central Asia,FiberCrop,FiberCropAEZ09,FiberCropAEZ09,1975,CO_AWB,0.00131377127726423
Central Asia,FiberCrop,FiberCropAEZ10,FiberCropAEZ10,1975,CO_AWB,8.71526153281204e-06
Central Asia,FiberCrop,FiberCropAEZ11,FiberCropAEZ11,1975,CO_AWB,0
Central Asia,FiberCrop,FiberCropAEZ12,FiberCropAEZ12,1975,CO_AWB,0
Central Asia,FiberCrop,FiberCropAEZ13,FiberCropAEZ13,1975,CO_AWB,0.00271432869368171
Central Asia,FiberCrop,FiberCropAEZ14,FiberCropAEZ14,1975,CO_AWB,0.00196239974958205
Central Asia,FiberCrop,FiberCropAEZ15,FiberCropAEZ15,1975,CO_AWB,3.56283556223105e-05
Central Asia,FiberCrop,FiberCropAEZ16,FiberCropAEZ16,1975,CO_AWB,0
Central Asia,FodderGrass,FodderGrassAEZ07,FodderGrassAEZ07,1975,CO_AWB,0.00124797318344362
Central Asia,FodderGrass,FodderGrassAEZ08,FodderGrassAEZ08,1975,CO_AWB,0.00177122277446388
Central Asia,FodderGrass,FodderGrassAEZ09,FodderGrassAEZ09,1975,CO_AWB,0.000459874723326762
Central Asia,FodderGrass,FodderGrassAEZ10,FodderGrassAEZ10,1975,CO_AWB,1.1746029336474e-05
Central Asia,FodderGrass,FodderGrassAEZ11,FodderGrassAEZ11,1975,CO_AWB,1.34349550331499e-06
Central Asia,FodderGrass,FodderGrassAEZ12,FodderGrassAEZ12,1975,CO_AWB,3.61597027791198e-06
Central Asia,FodderGrass,FodderGrassAEZ13,FodderGrassAEZ13,1975,CO_AWB,0.00170699993701653
Central Asia,FodderGrass,FodderGrassAEZ14,FodderGrassAEZ14,1975,CO_AWB,0.000634961890898428
Central Asia,FodderGrass,FodderGrassAEZ15,FodderGrassAEZ15,1975,CO_AWB,0.000120633867511765
Central Asia,FodderGrass,FodderGrassAEZ16,FodderGrassAEZ16,1975,CO_AWB,2.32034403489522e-06
Central Asia,FodderHerb,FodderHerbAEZ07,FodderHerbAEZ07,1975,CO_AWB,0.0724575927899864
Central Asia,FodderHerb,FodderHerbAEZ08,FodderHerbAEZ08,1975,CO_AWB,0.0941979943800542
Central Asia,FodderHerb,FodderHerbAEZ09,FodderHerbAEZ09,1975,CO_AWB,0.0034807382617435
Central Asia,FodderHerb,FodderHerbAEZ10,FodderHerbAEZ10,1975,CO_AWB,1.58133366161472e-05
Central Asia,FodderHerb,FodderHerbAEZ11,FodderHerbAEZ11,1975,CO_AWB,0
Central Asia,FodderHerb,FodderHerbAEZ12,FodderHerbAEZ12,1975,CO_AWB,0
Central Asia,FodderHerb,FodderHerbAEZ13,FodderHerbAEZ13,1975,CO_AWB,0.0434605677695217
Central Asia,FodderHerb,FodderHerbAEZ14,FodderHerbAEZ14,1975,CO_AWB,0.0108006504151964
Central Asia,FodderHerb,FodderHerbAEZ15,FodderHerbAEZ15,1975,CO_AWB,0.000648523684221951
Central Asia,FodderHerb,FodderHerbAEZ16,FodderHerbAEZ16,1975,CO_AWB,0.000148687816102163
Central Asia,MiscCrop,MiscCropAEZ07,MiscCropAEZ07,1975,CO_AWB,0.0234419352511253
Central Asia,MiscCrop,MiscCropAEZ08,MiscCropAEZ08,1975,CO_AWB,0.0423630540384357
Central Asia,MiscCrop,MiscCropAEZ09,MiscCropAEZ09,1975,CO_AWB,0.0153091541562981
Central Asia,MiscCrop,MiscCropAEZ10,MiscCropAEZ10,1975,CO_AWB,0.00424382307296349
Central Asia,MiscCrop,MiscCropAEZ11,MiscCropAEZ11,1975,CO_AWB,0.000759651755935881
Central Asia,MiscCrop,MiscCropAEZ12,MiscCropAEZ12,1975,CO_AWB,0.00214241801494369
Central Asia,MiscCrop,MiscCropAEZ13,MiscCropAEZ13,1975,CO_AWB,0.00203010017824885
Central Asia,MiscCrop,MiscCropAEZ14,MiscCropAEZ14,1975,CO_AWB,0.00337721988158308
Central Asia,MiscCrop,MiscCropAEZ15,MiscCropAEZ15,1975,CO_AWB,0.00132683094071248
Central Asia,MiscCrop,MiscCropAEZ16,MiscCropAEZ16,1975,CO_AWB,0.00120308596451317
Central Asia,OilCrop,OilCropAEZ07,OilCropAEZ07,1975,CO_AWB,0.000132693508064482
Central Asia,OilCrop,OilCropAEZ08,OilCropAEZ08,1975,CO_AWB,0.000178471937174133
Central Asia,OilCrop,OilCropAEZ09,OilCropAEZ09,1975,CO_AWB,2.16573741439606e-05
Central Asia,OilCrop,OilCropAEZ10,OilCropAEZ10,1975,CO_AWB,4.18783115458397e-05
Central Asia,OilCrop,OilCropAEZ11,OilCropAEZ11,1975,CO_AWB,8.42254896840504e-06
Central Asia,OilCrop,OilCropAEZ12,OilCropAEZ12,1975,CO_AWB,2.45984464051951e-05
Central Asia,OilCrop,OilCropAEZ13,OilCropAEZ13,1975,CO_AWB,0.000338095437334962
Central Asia,OilCrop,OilCropAEZ14,OilCropAEZ14,1975,CO_AWB,0.000461692933507454
Central Asia,OilCrop,OilCropAEZ15,OilCropAEZ15,1975,CO_AWB,6.89447011963312e-05
Central Asia,OilCrop,OilCropAEZ16,OilCropAEZ16,1975,CO_AWB,1.50847170036363e-05
Central Asia,OtherGrain,OtherGrainAEZ07,OtherGrainAEZ07,1975,CO_AWB,0.0104682047337023
Central Asia,OtherGrain,OtherGrainAEZ08,OtherGrainAEZ08,1975,CO_AWB,0.0126971128842927
Central Asia,OtherGrain,OtherGrainAEZ09,OtherGrainAEZ09,1975,CO_AWB,0.00403068611561665
Central Asia,OtherGrain,OtherGrainAEZ10,OtherGrainAEZ10,1975,CO_AWB,0.00050919002337293
Central Asia,OtherGrain,OtherGrainAEZ11,OtherGrainAEZ11,1975,CO_AWB,8.13381768237102e-05
Central Asia,OtherGrain,OtherGrainAEZ12,OtherGrainAEZ12,1975,CO_AWB,0.000220711864472123
Central Asia,OtherGrain,OtherGrainAEZ13,OtherGrainAEZ13,1975,CO_AWB,0.0396009835953052
Central Asia,OtherGrain,OtherGrainAEZ14,OtherGrainAEZ14,1975,CO_AWB,0.00879513849725596
Central Asia,OtherGrain,OtherGrainAEZ15,OtherGrainAEZ15,1975,CO_AWB,0.00100294581342184
Central Asia,OtherGrain,OtherGrainAEZ16,OtherGrainAEZ16,1975,CO_AWB,0.00018677051879125
Central Asia,PalmFruit,PalmFruitAEZ07,PalmFruitAEZ07,1975,CO_AWB,0
Central Asia,PalmFruit,PalmFruitAEZ08,PalmFruitAEZ08,1975,CO_AWB,0
Central Asia,PalmFruit,PalmFruitAEZ09,PalmFruitAEZ09,1975,CO_AWB,0
Central Asia,PalmFruit,PalmFruitAEZ10,PalmFruitAEZ10,1975,CO_AWB,0
Central Asia,PalmFruit,PalmFruitAEZ11,PalmFruitAEZ11,1975,CO_AWB,0
Central Asia,PalmFruit,PalmFruitAEZ12,PalmFruitAEZ12,1975,CO_AWB,0
Central Asia,PalmFruit,PalmFruitAEZ13,PalmFruitAEZ13,1975,CO_AWB,0
Central Asia,PalmFruit,PalmFruitAEZ14,PalmFruitAEZ14,1975,CO_AWB,0
Central Asia,PalmFruit,PalmFruitAEZ15,PalmFruitAEZ15,1975,CO_AWB,0
Central Asia,PalmFruit,PalmFruitAEZ16,PalmFruitAEZ16,1975,CO_AWB,0
Central Asia,Rice,RiceAEZ07,RiceAEZ07,1975,CO_AWB,0.00379564527862321
Central Asia,Rice,RiceAEZ08,RiceAEZ08,1975,CO_AWB,0.00288403790672575
Central Asia,Rice,RiceAEZ09,RiceAEZ09,1975,CO_AWB,8.63797039181153e-05
Central Asia,Rice,RiceAEZ10,RiceAEZ10,1975,CO_AWB,1.26235946418358e-06
Central Asia,Rice,RiceAEZ11,RiceAEZ11,1975,CO_AWB,0
Central Asia,Rice,RiceAEZ12,RiceAEZ12,1975,CO_AWB,0
Central Asia,Rice,RiceAEZ13,RiceAEZ13,1975,CO_AWB,0.000106516175759412
Central Asia,Rice,RiceAEZ14,RiceAEZ14,1975,CO_AWB,0.000164866597205801
Central Asia,Rice,RiceAEZ15,RiceAEZ15,1975,CO_AWB,2.07492676976971e-05
Central Asia,Rice,RiceAEZ16,RiceAEZ16,1975,CO_AWB,0
Central Asia,Root_Tuber,Root_TuberAEZ07,Root_TuberAEZ07,1975,CO_AWB,0.00395782061767472
Central Asia,Root_Tuber,Root_TuberAEZ08,Root_TuberAEZ08,1975,CO_AWB,0.00906363121686668
Central Asia,Root_Tuber,Root_TuberAEZ09,Root_TuberAEZ09,1975,CO_AWB,0.00363234610229322
Central Asia,Root_Tuber,Root_TuberAEZ10,Root_TuberAEZ10,1975,CO_AWB,0.00107908098230731
Central Asia,Root_Tuber,Root_TuberAEZ11,Root_TuberAEZ11,1975,CO_AWB,0.00017724209284463
Central Asia,Root_Tuber,Root_TuberAEZ12,Root_TuberAEZ12,1975,CO_AWB,0.000465458225205034
Central Asia,Root_Tuber,Root_TuberAEZ13,Root_TuberAEZ13,1975,CO_AWB,0.00882507029832109
Central Asia,Root_Tuber,Root_TuberAEZ14,Root_TuberAEZ14,1975,CO_AWB,0.0056196476941871
Central Asia,Root_Tuber,Root_TuberAEZ15,Root_TuberAEZ15,1975,CO_AWB,0.00101708325021027
Central Asia,Root_Tuber,Root_TuberAEZ16,Root_TuberAEZ16,1975,CO_AWB,0.000314530544275437
Central Asia,SugarCrop,SugarCropAEZ07,SugarCropAEZ07,1975,CO_AWB,0.00204114206864591
Central Asia,SugarCrop,SugarCropAEZ08,SugarCropAEZ08,1975,CO_AWB,0.00354535580849842
Central Asia,SugarCrop,SugarCropAEZ09,SugarCropAEZ09,1975,CO_AWB,0.000329638506257889
Central Asia,SugarCrop,SugarCropAEZ10,SugarCropAEZ10,1975,CO_AWB,0
Central Asia,SugarCrop,SugarCropAEZ11,SugarCropAEZ11,1975,CO_AWB,0
Central Asia,SugarCrop,SugarCropAEZ12,SugarCropAEZ12,1975,CO_AWB,0
Central Asia,SugarCrop,SugarCropAEZ13,SugarCropAEZ13,1975,CO_AWB,0.00253437665086061
Central Asia,SugarCrop,SugarCropAEZ14,SugarCropAEZ14,1975,CO_AWB,0.00425546434830611
Central Asia,SugarCrop,SugarCropAEZ15,SugarCropAEZ15,1975,CO_AWB,6.11588586058555e-05
Central Asia,SugarCrop,SugarCropAEZ16,SugarCropAEZ16,1975,CO_AWB,5.5662302959e-05
Central Asia,Wheat,WheatAEZ07,WheatAEZ07,1975,CO_AWB,0.0281733295201022
Central Asia,Wheat,WheatAEZ08,WheatAEZ08,1975,CO_AWB,0.030549681783482
Central Asia,Wheat,WheatAEZ09,WheatAEZ09,1975,CO_AWB,0.00719277240072001
Central Asia,Wheat,WheatAEZ10,WheatAEZ10,1975,CO_AWB,0.000694766575589892
Central Asia,Wheat,WheatAEZ11,WheatAEZ11,1975,CO_AWB,0.000129637149894298
Central Asia,Wheat,WheatAEZ12,WheatAEZ12,1975,CO_AWB,0.000344800642358165
Central Asia,Wheat,WheatAEZ13,WheatAEZ13,1975,CO_AWB,0.0618197391109904
Central Asia,Wheat,WheatAEZ14,WheatAEZ14,1975,CO_AWB,0.0105682628008497
Central Asia,Wheat,WheatAEZ15,WheatAEZ15,1975,CO_AWB,0.00116310699440514
Central Asia,Wheat,WheatAEZ16,WheatAEZ16,1975,CO_AWB,0.00021683347372374
Central Asia,Corn,CornAEZ07,CornAEZ07,1975,N2O_AWB,7.71758607522045e-07
Central Asia,Corn,CornAEZ08,CornAEZ08,1975,N2O_AWB,2.18855864575156e-06
Central Asia,Corn,CornAEZ09,CornAEZ09,1975,N2O_AWB,8.1661962662033e-07
Central Asia,Corn,CornAEZ10,CornAEZ10,1975,N2O_AWB,1.10457754544973e-06
Central Asia,Corn,CornAEZ11,CornAEZ11,1975,N2O_AWB,1.9062500375913e-07
Central Asia,Corn,CornAEZ12,CornAEZ12,1975,N2O_AWB,5.06947169906459e-07
Central Asia,Corn,CornAEZ13,CornAEZ13,1975,N2O_AWB,9.37896726494255e-07
Central Asia,Corn,CornAEZ14,CornAEZ14,1975,N2O_AWB,1.4114580395991e-06
Central Asia,Corn,CornAEZ15,CornAEZ15,1975,N2O_AWB,2.00400142011855e-07
Central Asia,Corn,CornAEZ16,CornAEZ16,1975,N2O_AWB,3.28601570587874e-07
Central Asia,FiberCrop,FiberCropAEZ07,FiberCropAEZ07,1975,N2O_AWB,1.34622264695011e-05
Central Asia,FiberCrop,FiberCropAEZ08,FiberCropAEZ08,1975,N2O_AWB,1.61916926006857e-05
Central Asia,FiberCrop,FiberCropAEZ09,FiberCropAEZ09,1975,N2O_AWB,7.84483960747328e-07
Central Asia,FiberCrop,FiberCropAEZ10,FiberCropAEZ10,1975,N2O_AWB,5.20408917787154e-09
Central Asia,FiberCrop,FiberCropAEZ11,FiberCropAEZ11,1975,N2O_AWB,0
Central Asia,FiberCrop,FiberCropAEZ12,FiberCropAEZ12,1975,N2O_AWB,0
Central Asia,FiberCrop,FiberCropAEZ13,FiberCropAEZ13,1975,N2O_AWB,1.62078998166535e-06
Central Asia,FiberCrop,FiberCropAEZ14,FiberCropAEZ14,1975,N2O_AWB,1.17179539145312e-06
Central Asia,FiberCrop,FiberCropAEZ15,FiberCropAEZ15,1975,N2O_AWB,2.12745353907469e-08
Central Asia,FiberCrop,FiberCropAEZ16,FiberCropAEZ16,1975,N2O_AWB,0
Central Asia,FodderGrass,FodderGrassAEZ07,FodderGrassAEZ07,1975,N2O_AWB,7.45194359776983e-07
Central Asia,FodderGrass,FodderGrassAEZ08,FodderGrassAEZ08,1975,N2O_AWB,1.05763908948501e-06
Central Asia,FodderGrass,FodderGrassAEZ09,FodderGrassAEZ09,1975,N2O_AWB,2.74602094478888e-07
Central Asia,FodderGrass,FodderGrassAEZ10,FodderGrassAEZ10,1975,N2O_AWB,7.01383245043971e-09
Central Asia,FodderGrass,FodderGrassAEZ11,FodderGrassAEZ11,1975,N2O_AWB,8.0223300046679e-10
Central Asia,FodderGrass,FodderGrassAEZ12,FodderGrassAEZ12,1975,N2O_AWB,2.15918153688673e-09
Central Asia,FodderGrass,FodderGrassAEZ13,FodderGrassAEZ13,1975,N2O_AWB,1.01929011142237e-06
Central Asia,FodderGrass,FodderGrassAEZ14,FodderGrassAEZ14,1975,N2O_AWB,3.79150791097278e-07
Central Asia,FodderGrass,FodderGrassAEZ15,FodderGrassAEZ15,1975,N2O_AWB,7.20333408285228e-08
Central Asia,FodderGrass,FodderGrassAEZ16,FodderGrassAEZ16,1975,N2O_AWB,1.38553240605286e-09
Central Asia,FodderHerb,FodderHerbAEZ07,FodderHerbAEZ07,1975,N2O_AWB,4.32661456082919e-05
Central Asia,FodderHerb,FodderHerbAEZ08,FodderHerbAEZ08,1975,N2O_AWB,5.6247854557759e-05
Central Asia,FodderHerb,FodderHerbAEZ09,FodderHerbAEZ09,1975,N2O_AWB,2.07843129557789e-06
Central Asia,FodderHerb,FodderHerbAEZ10,FodderHerbAEZ10,1975,N2O_AWB,9.44251800594886e-09
Central Asia,FodderHerb,FodderHerbAEZ11,FodderHerbAEZ11,1975,N2O_AWB,0
Central Asia,FodderHerb,FodderHerbAEZ12,FodderHerbAEZ12,1975,N2O_AWB,0
Central Asia,FodderHerb,FodderHerbAEZ13,FodderHerbAEZ13,1975,N2O_AWB,2.59513348557589e-05
Central Asia,FodderHerb,FodderHerbAEZ14,FodderHerbAEZ14,1975,N2O_AWB,6.44932429486847e-06
Central Asia,FodderHerb,FodderHerbAEZ15,FodderHerbAEZ15,1975,N2O_AWB,3.87248859250684e-07
Central Asia,FodderHerb,FodderHerbAEZ16,FodderHerbAEZ16,1975,N2O_AWB,8.87850182975463e-08
Central Asia,MiscCrop,MiscCropAEZ07,MiscCropAEZ07,1975,N2O_AWB,1.39977350179857e-05
Central Asia,MiscCrop,MiscCropAEZ08,MiscCropAEZ08,1975,N2O_AWB,2.52959834002683e-05
Central Asia,MiscCrop,MiscCropAEZ09,MiscCropAEZ09,1975,N2O_AWB,9.14145871207745e-06
Central Asia,MiscCrop,MiscCropAEZ10,MiscCropAEZ10,1975,N2O_AWB,2.53408731839685e-06
Central Asia,MiscCrop,MiscCropAEZ11,MiscCropAEZ11,1975,N2O_AWB,4.5360606415921e-07
Central Asia,MiscCrop,MiscCropAEZ12,MiscCropAEZ12,1975,N2O_AWB,1.27928856340907e-06
Central Asia,MiscCrop,MiscCropAEZ13,MiscCropAEZ13,1975,N2O_AWB,1.2122209216378e-06
Central Asia,MiscCrop,MiscCropAEZ14,MiscCropAEZ14,1975,N2O_AWB,2.01661801781504e-06
Central Asia,MiscCrop,MiscCropAEZ15,MiscCropAEZ15,1975,N2O_AWB,7.92282195253757e-07
Central Asia,MiscCrop,MiscCropAEZ16,MiscCropAEZ16,1975,N2O_AWB,7.18391137707143e-07
Central Asia,OilCrop,OilCropAEZ07,OilCropAEZ07,1975,N2O_AWB,7.92344379675054e-08
Central Asia,OilCrop,OilCropAEZ08,OilCropAEZ08,1975,N2O_AWB,1.06569822753442e-07
Central Asia,OilCrop,OilCropAEZ09,OilCropAEZ09,1975,N2O_AWB,1.29321312939801e-08
Central Asia,OilCrop,OilCropAEZ10,OilCropAEZ10,1975,N2O_AWB,2.50065321714927e-08
Central Asia,OilCrop,OilCropAEZ11,OilCropAEZ11,1975,N2O_AWB,5.02930356955417e-09
Central Asia,OilCrop,OilCropAEZ12,OilCropAEZ12,1975,N2O_AWB,1.46883152327414e-08
Central Asia,OilCrop,OilCropAEZ13,OilCropAEZ13,1975,N2O_AWB,2.01884797134127e-07
Central Asia,OilCrop,OilCropAEZ14,OilCropAEZ14,1975,N2O_AWB,2.75687790862044e-07
Central Asia,OilCrop,OilCropAEZ15,OilCropAEZ15,1975,N2O_AWB,4.11685147963249e-08
Central Asia,OilCrop,OilCropAEZ16,OilCropAEZ16,1975,N2O_AWB,9.00744196996566e-09
Central Asia,OtherGrain,OtherGrainAEZ07,OtherGrainAEZ07,1975,N2O_AWB,6.25081310082337e-06
Central Asia,OtherGrain,OtherGrainAEZ08,OtherGrainAEZ08,1975,N2O_AWB,7.58174697369532e-06
Central Asia,OtherGrain,OtherGrainAEZ09,OtherGrainAEZ09,1975,N2O_AWB,2.40681819067679e-06
Central Asia,OtherGrain,OtherGrainAEZ10,OtherGrainAEZ10,1975,N2O_AWB,3.04049428710629e-07
Central Asia,OtherGrain,OtherGrainAEZ11,OtherGrainAEZ11,1975,N2O_AWB,4.85689527689359e-08
Central Asia,OtherGrain,OtherGrainAEZ12,OtherGrainAEZ12,1975,N2O_AWB,1.31792284259383e-07
Central Asia,OtherGrain,OtherGrainAEZ13,OtherGrainAEZ13,1975,N2O_AWB,2.36466856887197e-05
Central Asia,OtherGrain,OtherGrainAEZ14,OtherGrainAEZ14,1975,N2O_AWB,5.25178560610364e-06
Central Asia,OtherGrain,OtherGrainAEZ15,OtherGrainAEZ15,1975,N2O_AWB,5.98882710974261e-07
Central Asia,OtherGrain,OtherGrainAEZ16,OtherGrainAEZ16,1975,N2O_AWB,1.11525102480015e-07
Central Asia,PalmFruit,PalmFruitAEZ07,PalmFruitAEZ07,1975,N2O_AWB,0
Central Asia,PalmFruit,PalmFruitAEZ08,PalmFruitAEZ08,1975,N2O_AWB,0
Central Asia,PalmFruit,PalmFruitAEZ09,PalmFruitAEZ09,1975,N2O_AWB,0
Central Asia,PalmFruit,PalmFruitAEZ10,PalmFruitAEZ10,1975,N2O_AWB,0
Central Asia,PalmFruit,PalmFruitAEZ11,PalmFruitAEZ11,1975,N2O_AWB,0
Central Asia,PalmFruit,PalmFruitAEZ12,PalmFruitAEZ12,1975,N2O_AWB,0
Central Asia,PalmFruit,PalmFruitAEZ13,PalmFruitAEZ13,1975,N2O_AWB,0
Central Asia,PalmFruit,PalmFruitAEZ14,PalmFruitAEZ14,1975,N2O_AWB,0
Central Asia,PalmFruit,PalmFruitAEZ15,PalmFruitAEZ15,1975,N2O_AWB,0
Central Asia,PalmFruit,PalmFruitAEZ16,PalmFruitAEZ16,1975,N2O_AWB,0
Central Asia,Rice,RiceAEZ07,RiceAEZ07,1975,N2O_AWB,2.26646973738593e-06
Central Asia,Rice,RiceAEZ08,RiceAEZ08,1975,N2O_AWB,1.72212737419941e-06
Central Asia,Rice,RiceAEZ09,RiceAEZ09,1975,N2O_AWB,5.15793680609109e-08
Central Asia,Rice,RiceAEZ10,RiceAEZ10,1975,N2O_AWB,7.53784748903778e-10
Central Asia,Rice,RiceAEZ11,RiceAEZ11,1975,N2O_AWB,0
Central Asia,Rice,RiceAEZ12,RiceAEZ12,1975,N2O_AWB,0
Central Asia,Rice,RiceAEZ13,RiceAEZ13,1975,N2O_AWB,6.3603332550706e-08
Central Asia,Rice,RiceAEZ14,RiceAEZ14,1975,N2O_AWB,9.84457518665399e-08
Central Asia,Rice,RiceAEZ15,RiceAEZ15,1975,N2O_AWB,1.23898794164475e-08
Central Asia,Rice,RiceAEZ16,RiceAEZ16,1975,N2O_AWB,0
Central Asia,Root_Tuber,Root_TuberAEZ07,Root_TuberAEZ07,1975,N2O_AWB,2.36330847523655e-06
Central Asia,Root_Tuber,Root_TuberAEZ08,Root_TuberAEZ08,1975,N2O_AWB,5.41210897118029e-06
Central Asia,Root_Tuber,Root_TuberAEZ09,Root_TuberAEZ09,1975,N2O_AWB,2.16895992966591e-06
Central Asia,Root_Tuber,Root_TuberAEZ10,Root_TuberAEZ10,1975,N2O_AWB,6.44344824412918e-07
Central Asia,Root_Tuber,Root_TuberAEZ11,Root_TuberAEZ11,1975,N2O_AWB,1.05835453561934e-07
Central Asia,Root_Tuber,Root_TuberAEZ12,Root_TuberAEZ12,1975,N2O_AWB,2.77936135756931e-07
Central Asia,Root_Tuber,Root_TuberAEZ13,Root_TuberAEZ13,1975,N2O_AWB,5.26965859378288e-06
Central Asia,Root_Tuber,Root_TuberAEZ14,Root_TuberAEZ14,1975,N2O_AWB,3.35562480123688e-06
Central Asia,Root_Tuber,Root_TuberAEZ15,Root_TuberAEZ15,1975,N2O_AWB,6.07324509480999e-07
Central Asia,Root_Tuber,Root_TuberAEZ16,Root_TuberAEZ16,1975,N2O_AWB,1.87813641095141e-07
Central Asia,SugarCrop,SugarCropAEZ07,SugarCropAEZ07,1975,N2O_AWB,1.21881429604226e-06
Central Asia,SugarCrop,SugarCropAEZ08,SugarCropAEZ08,1975,N2O_AWB,2.11701596392111e-06
Central Asia,SugarCrop,SugarCropAEZ09,SugarCropAEZ09,1975,N2O_AWB,1.96834963192769e-07
Central Asia,SugarCrop,SugarCropAEZ10,SugarCropAEZ10,1975,N2O_AWB,0
Central Asia,SugarCrop,SugarCropAEZ11,SugarCropAEZ11,1975,N2O_AWB,0
Central Asia,SugarCrop,SugarCropAEZ12,SugarCropAEZ12,1975,N2O_AWB,0
Central Asia,SugarCrop,SugarCropAEZ13,SugarCropAEZ13,1975,N2O_AWB,1.51333635275756e-06
Central Asia,SugarCrop,SugarCropAEZ14,SugarCropAEZ14,1975,N2O_AWB,2.54103859975531e-06
Central Asia,SugarCrop,SugarCropAEZ15,SugarCropAEZ15,1975,N2O_AWB,3.65194036924115e-08
Central Asia,SugarCrop,SugarCropAEZ16,SugarCropAEZ16,1975,N2O_AWB,3.32372800694226e-08
Central Asia,Wheat,WheatAEZ07,WheatAEZ07,1975,N2O_AWB,1.68229626509975e-05
Central Asia,Wheat,WheatAEZ08,WheatAEZ08,1975,N2O_AWB,1.82419388974482e-05
Central Asia,Wheat,WheatAEZ09,WheatAEZ09,1975,N2O_AWB,4.29497484023322e-06
Central Asia,Wheat,WheatAEZ10,WheatAEZ10,1975,N2O_AWB,4.14861585456933e-07
Central Asia,Wheat,WheatAEZ11,WheatAEZ11,1975,N2O_AWB,7.7409414080698e-08
Central Asia,Wheat,WheatAEZ12,WheatAEZ12,1975,N2O_AWB,2.0588863393986e-07
Central Asia,Wheat,WheatAEZ13,WheatAEZ13,1975,N2O_AWB,3.69140311022363e-05
Central Asia,Wheat,WheatAEZ14,WheatAEZ14,1975,N2O_AWB,6.31056014369071e-06
Central Asia,Wheat,WheatAEZ15,WheatAEZ15,1975,N2O_AWB,6.94518747314914e-07
Central Asia,Wheat,WheatAEZ16,WheatAEZ16,1975,N2O_AWB,1.29476405241268e-07
Central Asia,Corn,CornAEZ07,CornAEZ07,1975,NH3_AWB,1.43490047838258e-05
Central Asia,Corn,CornAEZ08,CornAEZ08,1975,NH3_AWB,4.06910116343281e-05
Central Asia,Corn,CornAEZ09,CornAEZ09,1975,NH3_AWB,1.5183088098705e-05
Central Asia,Corn,CornAEZ10,CornAEZ10,1975,NH3_AWB,2.05369766262204e-05
Central Asia,Corn,CornAEZ11,CornAEZ11,1975,NH3_AWB,3.54421585220665e-06
Central Asia,Corn,CornAEZ12,CornAEZ12,1975,NH3_AWB,9.42546969380829e-06
Central Asia,Corn,CornAEZ13,CornAEZ13,1975,NH3_AWB,1.74379456011654e-05
Central Asia,Corn,CornAEZ14,CornAEZ14,1975,NH3_AWB,2.62426851673285e-05
Central Asia,Corn,CornAEZ15,CornAEZ15,1975,NH3_AWB,3.72596115985053e-06
Central Asia,Corn,CornAEZ16,CornAEZ16,1975,NH3_AWB,6.10955998725726e-06
Central Asia,FiberCrop,FiberCropAEZ07,FiberCropAEZ07,1975,NH3_AWB,0.000250297891243539
Central Asia,FiberCrop,FiberCropAEZ08,FiberCropAEZ08,1975,NH3_AWB,0.00030104578338485
Central Asia,FiberCrop,FiberCropAEZ09,FiberCropAEZ09,1975,NH3_AWB,1.45856022801488e-05
Central Asia,FiberCrop,FiberCropAEZ10,FiberCropAEZ10,1975,NH3_AWB,9.67575868683805e-08
Central Asia,FiberCrop,FiberCropAEZ11,FiberCropAEZ11,1975,NH3_AWB,0
Central Asia,FiberCrop,FiberCropAEZ12,FiberCropAEZ12,1975,NH3_AWB,0
Central Asia,FiberCrop,FiberCropAEZ13,FiberCropAEZ13,1975,NH3_AWB,3.01347117788106e-05
Central Asia,FiberCrop,FiberCropAEZ14,FiberCropAEZ14,1975,NH3_AWB,2.17867316460678e-05
Central Asia,FiberCrop,FiberCropAEZ15,FiberCropAEZ15,1975,NH3_AWB,3.9554908376811e-07
Central Asia,FiberCrop,FiberCropAEZ16,FiberCropAEZ16,1975,NH3_AWB,0
Central Asia,FodderGrass,FodderGrassAEZ07,FodderGrassAEZ07,1975,NH3_AWB,1.38551061550868e-05
Central Asia,FodderGrass,FodderGrassAEZ08,FodderGrassAEZ08,1975,NH3_AWB,1.96642683433214e-05
Central Asia,FodderGrass,FodderGrassAEZ09,FodderGrassAEZ09,1975,NH3_AWB,5.10556892909496e-06
Central Asia,FodderGrass,FodderGrassAEZ10,FodderGrassAEZ10,1975,NH3_AWB,1.30405432998604e-07
Central Asia,FodderGrass,FodderGrassAEZ11,FodderGrassAEZ11,1975,NH3_AWB,1.49156032070715e-08
Central Asia,FodderGrass,FodderGrassAEZ12,FodderGrassAEZ12,1975,NH3_AWB,4.01448145831674e-08
Central Asia,FodderGrass,FodderGrassAEZ13,FodderGrassAEZ13,1975,NH3_AWB,1.89512608506775e-05
Central Asia,FodderGrass,FodderGrassAEZ14,FodderGrassAEZ14,1975,NH3_AWB,7.0494017976868e-06
Central Asia,FodderGrass,FodderGrassAEZ15,FodderGrassAEZ15,1975,NH3_AWB,1.33928762448419e-06
Central Asia,FodderGrass,FodderGrassAEZ16,FodderGrassAEZ16,1975,NH3_AWB,2.57606600416572e-08
Central Asia,FodderHerb,FodderHerbAEZ07,FodderHerbAEZ07,1975,NH3_AWB,0.000804430458254849
Central Asia,FodderHerb,FodderHerbAEZ08,FodderHerbAEZ08,1975,NH3_AWB,0.00104579427590792
Central Asia,FodderHerb,FodderHerbAEZ09,FodderHerbAEZ09,1975,NH3_AWB,3.86434570504593e-05
Central Asia,FodderHerb,FodderHerbAEZ10,FodderHerbAEZ10,1975,NH3_AWB,1.7556102998806e-07
Central Asia,FodderHerb,FodderHerbAEZ11,FodderHerbAEZ11,1975,NH3_AWB,0
Central Asia,FodderHerb,FodderHerbAEZ12,FodderHerbAEZ12,1975,NH3_AWB,0
Central Asia,FodderHerb,FodderHerbAEZ13,FodderHerbAEZ13,1975,NH3_AWB,0.000482502980028393
Central Asia,FodderHerb,FodderHerbAEZ14,FodderHerbAEZ14,1975,NH3_AWB,0.000119909754497773
Central Asia,FodderHerb,FodderHerbAEZ15,FodderHerbAEZ15,1975,NH3_AWB,7.1999659994209e-06
Central Asia,FodderHerb,FodderHerbAEZ16,FodderHerbAEZ16,1975,NH3_AWB,1.65074498666626e-06
Central Asia,MiscCrop,MiscCropAEZ07,MiscCropAEZ07,1975,NH3_AWB,0.000260254391435556
Central Asia,MiscCrop,MiscCropAEZ08,MiscCropAEZ08,1975,NH3_AWB,0.000470318287718817
Central Asia,MiscCrop,MiscCropAEZ09,MiscCropAEZ09,1975,NH3_AWB,0.000169963552738216
Central Asia,MiscCrop,MiscCropAEZ10,MiscCropAEZ10,1975,NH3_AWB,4.71152905842646e-05
Central Asia,MiscCrop,MiscCropAEZ11,MiscCropAEZ11,1975,NH3_AWB,8.43371945729411e-06
Central Asia,MiscCrop,MiscCropAEZ12,MiscCropAEZ12,1975,NH3_AWB,2.37853099885589e-05
Central Asia,MiscCrop,MiscCropAEZ13,MiscCropAEZ13,1975,NH3_AWB,2.25383476570265e-05
Central Asia,MiscCrop,MiscCropAEZ14,MiscCropAEZ14,1975,NH3_AWB,3.74941870459809e-05
Central Asia,MiscCrop,MiscCropAEZ15,MiscCropAEZ15,1975,NH3_AWB,1.47305917926045e-05
Central Asia,MiscCrop,MiscCropAEZ16,MiscCropAEZ16,1975,NH3_AWB,1.33567643705527e-05
Central Asia,OilCrop,OilCropAEZ07,OilCropAEZ07,1975,NH3_AWB,1.4731747963135e-06
Central Asia,OilCrop,OilCropAEZ08,OilCropAEZ08,1975,NH3_AWB,1.98141087329166e-06
Central Asia,OilCrop,OilCropAEZ09,OilCropAEZ09,1975,NH3_AWB,2.40442039769648e-07
Central Asia,OilCrop,OilCropAEZ10,OilCropAEZ10,1975,NH3_AWB,4.64936634665771e-07
Central Asia,OilCrop,OilCropAEZ11,OilCropAEZ11,1975,NH3_AWB,9.35078666768008e-08
Central Asia,OilCrop,OilCropAEZ12,OilCropAEZ12,1975,NH3_AWB,2.73094078234725e-07
Central Asia,OilCrop,OilCropAEZ13,OilCropAEZ13,1975,NH3_AWB,3.75356476963756e-06
Central Asia,OilCrop,OilCropAEZ14,OilCropAEZ14,1975,NH3_AWB,5.12575485568372e-06
Central Asia,OilCrop,OilCropAEZ15,OilCropAEZ15,1975,NH3_AWB,7.65430032134231e-07
Central Asia,OilCrop,OilCropAEZ16,OilCropAEZ16,1975,NH3_AWB,1.67471832069432e-07
Central Asia,OtherGrain,OtherGrainAEZ07,OtherGrainAEZ07,1975,NH3_AWB,0.000116218913805834
Central Asia,OtherGrain,OtherGrainAEZ08,OtherGrainAEZ08,1975,NH3_AWB,0.000140964444756391
Central Asia,OtherGrain,OtherGrainAEZ09,OtherGrainAEZ09,1975,NH3_AWB,4.47490256606352e-05
Central Asia,OtherGrain,OtherGrainAEZ10,OtherGrainAEZ10,1975,NH3_AWB,5.65307165293091e-06
Central Asia,OtherGrain,OtherGrainAEZ11,OtherGrainAEZ11,1975,NH3_AWB,9.03023469818524e-07
Central Asia,OtherGrain,OtherGrainAEZ12,OtherGrainAEZ12,1975,NH3_AWB,2.45036219729521e-06
Central Asia,OtherGrain,OtherGrainAEZ13,OtherGrainAEZ13,1975,NH3_AWB,0.000439653542910919
Central Asia,OtherGrain,OtherGrainAEZ14,OtherGrainAEZ14,1975,NH3_AWB,9.7644387832054e-05
Central Asia,OtherGrain,OtherGrainAEZ15,OtherGrainAEZ15,1975,NH3_AWB,1.1134791113392e-05
Central Asia,OtherGrain,OtherGrainAEZ16,OtherGrainAEZ16,1975,NH3_AWB,2.07354244371895e-06
Central Asia,PalmFruit,PalmFruitAEZ07,PalmFruitAEZ07,1975,NH3_AWB,0
Central Asia,PalmFruit,PalmFruitAEZ08,PalmFruitAEZ08,1975,NH3_AWB,0
Central Asia,PalmFruit,PalmFruitAEZ09,PalmFruitAEZ09,1975,NH3_AWB,0
Central Asia,PalmFruit,PalmFruitAEZ10,PalmFruitAEZ10,1975,NH3_AWB,0
Central Asia,PalmFruit,PalmFruitAEZ11,PalmFruitAEZ11,1975,NH3_AWB,0
Central Asia,PalmFruit,PalmFruitAEZ12,PalmFruitAEZ12,1975,NH3_AWB,0
Central Asia,PalmFruit,PalmFruitAEZ13,PalmFruitAEZ13,1975,NH3_AWB,0
Central Asia,PalmFruit,PalmFruitAEZ14,PalmFruitAEZ14,1975,NH3_AWB,0
Central Asia,PalmFruit,PalmFruitAEZ15,PalmFruitAEZ15,1975,NH3_AWB,0
Central Asia,PalmFruit,PalmFruitAEZ16,PalmFruitAEZ16,1975,NH3_AWB,0
Central Asia,Rice,RiceAEZ07,RiceAEZ07,1975,NH3_AWB,4.21395819718384e-05
Central Asia,Rice,RiceAEZ08,RiceAEZ08,1975,NH3_AWB,3.20188381313763e-05
Central Asia,Rice,RiceAEZ09,RiceAEZ09,1975,NH3_AWB,9.58994939400893e-07
Central Asia,Rice,RiceAEZ10,RiceAEZ10,1975,NH3_AWB,1.40148238873854e-08
Central Asia,Rice,RiceAEZ11,RiceAEZ11,1975,NH3_AWB,0
Central Asia,Rice,RiceAEZ12,RiceAEZ12,1975,NH3_AWB,0
Central Asia,Rice,RiceAEZ13,RiceAEZ13,1975,NH3_AWB,1.18255179034239e-06
Central Asia,Rice,RiceAEZ14,RiceAEZ14,1975,NH3_AWB,1.83036321294279e-06
Central Asia,Rice,RiceAEZ15,RiceAEZ15,1975,NH3_AWB,2.30360163508188e-07
Central Asia,Rice,RiceAEZ16,RiceAEZ16,1975,NH3_AWB,0
Central Asia,Root_Tuber,Root_TuberAEZ07,Root_TuberAEZ07,1975,NH3_AWB,4.39400666041249e-05
Central Asia,Root_Tuber,Root_TuberAEZ08,Root_TuberAEZ08,1975,NH3_AWB,0.000100625217213187
Central Asia,Root_Tuber,Root_TuberAEZ09,Root_TuberAEZ09,1975,NH3_AWB,4.03266204009439e-05
Central Asia,Root_Tuber,Root_TuberAEZ10,Root_TuberAEZ10,1975,NH3_AWB,1.19800503393417e-05
Central Asia,Root_Tuber,Root_TuberAEZ11,Root_TuberAEZ11,1975,NH3_AWB,1.96775703524004e-06
Central Asia,Root_Tuber,Root_TuberAEZ12,Root_TuberAEZ12,1975,NH3_AWB,5.16755744957511e-06
Central Asia,Root_Tuber,Root_TuberAEZ13,Root_TuberAEZ13,1975,NH3_AWB,9.79766932747286e-05
Central Asia,Root_Tuber,Root_TuberAEZ14,Root_TuberAEZ14,1975,NH3_AWB,6.23898144528268e-05
Central Asia,Root_Tuber,Root_TuberAEZ15,Root_TuberAEZ15,1975,NH3_AWB,1.12917461586311e-05
Central Asia,Root_Tuber,Root_TuberAEZ16,Root_TuberAEZ16,1975,NH3_AWB,3.4919452899849e-06
Central Asia,SugarCrop,SugarCropAEZ07,SugarCropAEZ07,1975,NH3_AWB,2.26609356786553e-05
Central Asia,SugarCrop,SugarCropAEZ08,SugarCropAEZ08,1975,NH3_AWB,3.93608466399538e-05
Central Asia,SugarCrop,SugarCropAEZ09,SugarCropAEZ09,1975,NH3_AWB,3.65967518981839e-06
Central Asia,SugarCrop,SugarCropAEZ10,SugarCropAEZ10,1975,NH3_AWB,0
Central Asia,SugarCrop,SugarCropAEZ11,SugarCropAEZ11,1975,NH3_AWB,0
Central Asia,SugarCrop,SugarCropAEZ12,SugarCropAEZ12,1975,NH3_AWB,0
Central Asia,SugarCrop,SugarCropAEZ13,SugarCropAEZ13,1975,NH3_AWB,2.81368686446887e-05
Central Asia,SugarCrop,SugarCropAEZ14,SugarCropAEZ14,1975,NH3_AWB,4.72445330293687e-05
Central Asia,SugarCrop,SugarCropAEZ15,SugarCropAEZ15,1975,NH3_AWB,6.78990934700925e-07
Central Asia,SugarCrop,SugarCropAEZ16,SugarCropAEZ16,1975,NH3_AWB,6.17967698797423e-07
Central Asia,Wheat,WheatAEZ07,WheatAEZ07,1975,NH3_AWB,0.000312782739582714
Central Asia,Wheat,WheatAEZ08,WheatAEZ08,1975,NH3_AWB,0.000339165207818255
Central Asia,Wheat,WheatAEZ09,WheatAEZ09,1975,NH3_AWB,7.98547809227477e-05
Central Asia,Wheat,WheatAEZ10,WheatAEZ10,1975,NH3_AWB,7.71335857653786e-06
Central Asia,Wheat,WheatAEZ11,WheatAEZ11,1975,NH3_AWB,1.43924284372216e-06
Central Asia,Wheat,WheatAEZ12,WheatAEZ12,1975,NH3_AWB,3.82800653539068e-06
Central Asia,Wheat,WheatAEZ13,WheatAEZ13,1975,NH3_AWB,0.000686328087194222
Central Asia,Wheat,WheatAEZ14,WheatAEZ14,1975,NH3_AWB,0.00011732976711614
Central Asia,Wheat,WheatAEZ15,WheatAEZ15,1975,NH3_AWB,1.2912914388705e-05
Central Asia,Wheat,WheatAEZ16,WheatAEZ16,1975,NH3_AWB,2.40730396796572e-06
Central Asia,Corn,CornAEZ07,CornAEZ07,1975,NMVOC_AWB,7.71758607522045e-05
Central Asia,Corn,CornAEZ08,CornAEZ08,1975,NMVOC_AWB,0.000218855864575156
Central Asia,Corn,CornAEZ09,CornAEZ09,1975,NMVOC_AWB,8.1661962662033e-05
Central Asia,Corn,CornAEZ10,CornAEZ10,1975,NMVOC_AWB,0.000110457754544973
Central Asia,Corn,CornAEZ11,CornAEZ11,1975,NMVOC_AWB,1.9062500375913e-05
Central Asia,Corn,CornAEZ12,CornAEZ12,1975,NMVOC_AWB,5.06947169906459e-05
Central Asia,Corn,CornAEZ13,CornAEZ13,1975,NMVOC_AWB,9.37896726494255e-05
Central Asia,Corn,CornAEZ14,CornAEZ14,1975,NMVOC_AWB,0.00014114580395991
Central Asia,Corn,CornAEZ15,CornAEZ15,1975,NMVOC_AWB,2.00400142011855e-05
Central Asia,Corn,CornAEZ16,CornAEZ16,1975,NMVOC_AWB,3.28601570587874e-05
Central Asia,FiberCrop,FiberCropAEZ07,FiberCropAEZ07,1975,NMVOC_AWB,0.00134622264695011
Central Asia,FiberCrop,FiberCropAEZ08,FiberCropAEZ08,1975,NMVOC_AWB,0.00161916926006857
Central Asia,FiberCrop,FiberCropAEZ09,FiberCropAEZ09,1975,NMVOC_AWB,7.84483960747328e-05
Central Asia,FiberCrop,FiberCropAEZ10,FiberCropAEZ10,1975,NMVOC_AWB,5.20408917787154e-07
Central Asia,FiberCrop,FiberCropAEZ11,FiberCropAEZ11,1975,NMVOC_AWB,0
Central Asia,FiberCrop,FiberCropAEZ12,FiberCropAEZ12,1975,NMVOC_AWB,0
Central Asia,FiberCrop,FiberCropAEZ13,FiberCropAEZ13,1975,NMVOC_AWB,0.000162078998166535
Central Asia,FiberCrop,FiberCropAEZ14,FiberCropAEZ14,1975,NMVOC_AWB,0.000117179539145312
Central Asia,FiberCrop,FiberCropAEZ15,FiberCropAEZ15,1975,NMVOC_AWB,2.12745353907469e-06
Central Asia,FiberCrop,FiberCropAEZ16,FiberCropAEZ16,1975,NMVOC_AWB,0
Central Asia,FodderGrass,FodderGrassAEZ07,FodderGrassAEZ07,1975,NMVOC_AWB,7.45194359776983e-05
Central Asia,FodderGrass,FodderGrassAEZ08,FodderGrassAEZ08,1975,NMVOC_AWB,0.000105763908948501
Central Asia,FodderGrass,FodderGrassAEZ09,FodderGrassAEZ09,1975,NMVOC_AWB,2.74602094478888e-05
Central Asia,FodderGrass,FodderGrassAEZ10,FodderGrassAEZ10,1975,NMVOC_AWB,7.01383245043971e-07
Central Asia,FodderGrass,FodderGrassAEZ11,FodderGrassAEZ11,1975,NMVOC_AWB,8.02233000466789e-08
Central Asia,FodderGrass,FodderGrassAEZ12,FodderGrassAEZ12,1975,NMVOC_AWB,2.15918153688673e-07
Central Asia,FodderGrass,FodderGrassAEZ13,FodderGrassAEZ13,1975,NMVOC_AWB,0.000101929011142237
Central Asia,FodderGrass,FodderGrassAEZ14,FodderGrassAEZ14,1975,NMVOC_AWB,3.79150791097278e-05
Central Asia,FodderGrass,FodderGrassAEZ15,FodderGrassAEZ15,1975,NMVOC_AWB,7.20333408285228e-06
Central Asia,FodderGrass,FodderGrassAEZ16,FodderGrassAEZ16,1975,NMVOC_AWB,1.38553240605286e-07
Central Asia,FodderHerb,FodderHerbAEZ07,FodderHerbAEZ07,1975,NMVOC_AWB,0.00432661456082919
Central Asia,FodderHerb,FodderHerbAEZ08,FodderHerbAEZ08,1975,NMVOC_AWB,0.0056247854557759
Central Asia,FodderHerb,FodderHerbAEZ09,FodderHerbAEZ09,1975,NMVOC_AWB,0.000207843129557789
Central Asia,FodderHerb,FodderHerbAEZ10,FodderHerbAEZ10,1975,NMVOC_AWB,9.44251800594886e-07
Central Asia,FodderHerb,FodderHerbAEZ11,FodderHerbAEZ11,1975,NMVOC_AWB,0
Central Asia,FodderHerb,FodderHerbAEZ12,FodderHerbAEZ12,1975,NMVOC_AWB,0
Central Asia,FodderHerb,FodderHerbAEZ13,FodderHerbAEZ13,1975,NMVOC_AWB,0.00259513348557589
Central Asia,FodderHerb,FodderHerbAEZ14,FodderHerbAEZ14,1975,NMVOC_AWB,0.000644932429486847
Central Asia,FodderHerb,FodderHerbAEZ15,FodderHerbAEZ15,1975,NMVOC_AWB,3.87248859250684e-05
Central Asia,FodderHerb,FodderHerbAEZ16,FodderHerbAEZ16,1975,NMVOC_AWB,8.87850182975463e-06
Central Asia,MiscCrop,MiscCropAEZ07,MiscCropAEZ07,1975,NMVOC_AWB,0.00139977350179856
Central Asia,MiscCrop,MiscCropAEZ08,MiscCropAEZ08,1975,NMVOC_AWB,0.00252959834002683
Central Asia,MiscCrop,MiscCropAEZ09,MiscCropAEZ09,1975,NMVOC_AWB,0.000914145871207745
Central Asia,MiscCrop,MiscCropAEZ10,MiscCropAEZ10,1975,NMVOC_AWB,0.000253408731839684
Central Asia,MiscCrop,MiscCropAEZ11,MiscCropAEZ11,1975,NMVOC_AWB,4.5360606415921e-05
Central Asia,MiscCrop,MiscCropAEZ12,MiscCropAEZ12,1975,NMVOC_AWB,0.000127928856340907
Central Asia,MiscCrop,MiscCropAEZ13,MiscCropAEZ13,1975,NMVOC_AWB,0.00012122209216378
Central Asia,MiscCrop,MiscCropAEZ14,MiscCropAEZ14,1975,NMVOC_AWB,0.000201661801781504
Central Asia,MiscCrop,MiscCropAEZ15,MiscCropAEZ15,1975,NMVOC_AWB,7.92282195253757e-05
Central Asia,MiscCrop,MiscCropAEZ16,MiscCropAEZ16,1975,NMVOC_AWB,7.18391137707143e-05
Central Asia,OilCrop,OilCropAEZ07,OilCropAEZ07,1975,NMVOC_AWB,7.92344379675053e-06
Central Asia,OilCrop,OilCropAEZ08,OilCropAEZ08,1975,NMVOC_AWB,1.06569822753442e-05
Central Asia,OilCrop,OilCropAEZ09,OilCropAEZ09,1975,NMVOC_AWB,1.29321312939801e-06
Central Asia,OilCrop,OilCropAEZ10,OilCropAEZ10,1975,NMVOC_AWB,2.50065321714927e-06
Central Asia,OilCrop,OilCropAEZ11,OilCropAEZ11,1975,NMVOC_AWB,5.02930356955417e-07
Central Asia,OilCrop,OilCropAEZ12,OilCropAEZ12,1975,NMVOC_AWB,1.46883152327414e-06
Central Asia,OilCrop,OilCropAEZ13,OilCropAEZ13,1975,NMVOC_AWB,2.01884797134127e-05
Central Asia,OilCrop,OilCropAEZ14,OilCropAEZ14,1975,NMVOC_AWB,2.75687790862044e-05
Central Asia,OilCrop,OilCropAEZ15,OilCropAEZ15,1975,NMVOC_AWB,4.11685147963249e-06
Central Asia,OilCrop,OilCropAEZ16,OilCropAEZ16,1975,NMVOC_AWB,9.00744196996566e-07
Central Asia,OtherGrain,OtherGrainAEZ07,OtherGrainAEZ07,1975,NMVOC_AWB,0.000625081310082337
Central Asia,OtherGrain,OtherGrainAEZ08,OtherGrainAEZ08,1975,NMVOC_AWB,0.000758174697369532
Central Asia,OtherGrain,OtherGrainAEZ09,OtherGrainAEZ09,1975,NMVOC_AWB,0.000240681819067679
Central Asia,OtherGrain,OtherGrainAEZ10,OtherGrainAEZ10,1975,NMVOC_AWB,3.04049428710629e-05
Central Asia,OtherGrain,OtherGrainAEZ11,OtherGrainAEZ11,1975,NMVOC_AWB,4.85689527689359e-06
Central Asia,OtherGrain,OtherGrainAEZ12,OtherGrainAEZ12,1975,NMVOC_AWB,1.31792284259383e-05
Central Asia,OtherGrain,OtherGrainAEZ13,OtherGrainAEZ13,1975,NMVOC_AWB,0.00236466856887197
Central Asia,OtherGrain,OtherGrainAEZ14,OtherGrainAEZ14,1975,NMVOC_AWB,0.000525178560610364
Central Asia,OtherGrain,OtherGrainAEZ15,OtherGrainAEZ15,1975,NMVOC_AWB,5.98882710974261e-05
Central Asia,OtherGrain,OtherGrainAEZ16,OtherGrainAEZ16,1975,NMVOC_AWB,1.11525102480015e-05
Central Asia,PalmFruit,PalmFruitAEZ07,PalmFruitAEZ07,1975,NMVOC_AWB,0
Central Asia,PalmFruit,PalmFruitAEZ08,PalmFruitAEZ08,1975,NMVOC_AWB,0
Central Asia,PalmFruit,PalmFruitAEZ09,PalmFruitAEZ09,1975,NMVOC_AWB,0
Central Asia,PalmFruit,PalmFruitAEZ10,PalmFruitAEZ10,1975,NMVOC_AWB,0
Central Asia,PalmFruit,PalmFruitAEZ11,PalmFruitAEZ11,1975,NMVOC_AWB,0
Central Asia,PalmFruit,PalmFruitAEZ12,PalmFruitAEZ12,1975,NMVOC_AWB,0
Central Asia,PalmFruit,PalmFruitAEZ13,PalmFruitAEZ13,1975,NMVOC_AWB,0
Central Asia,PalmFruit,PalmFruitAEZ14,PalmFruitAEZ14,1975,NMVOC_AWB,0
Central Asia,PalmFruit,PalmFruitAEZ15,PalmFruitAEZ15,1975,NMVOC_AWB,0
Central Asia,PalmFruit,PalmFruitAEZ16,PalmFruitAEZ16,1975,NMVOC_AWB,0
Central Asia,Rice,RiceAEZ07,RiceAEZ07,1975,NMVOC_AWB,0.000226646973738593
Central Asia,Rice,RiceAEZ08,RiceAEZ08,1975,NMVOC_AWB,0.000172212737419941
Central Asia,Rice,RiceAEZ09,RiceAEZ09,1975,NMVOC_AWB,5.15793680609109e-06
Central Asia,Rice,RiceAEZ10,RiceAEZ10,1975,NMVOC_AWB,7.53784748903778e-08
Central Asia,Rice,RiceAEZ11,RiceAEZ11,1975,NMVOC_AWB,0
Central Asia,Rice,RiceAEZ12,RiceAEZ12,1975,NMVOC_AWB,0
Central Asia,Rice,RiceAEZ13,RiceAEZ13,1975,NMVOC_AWB,6.3603332550706e-06
Central Asia,Rice,RiceAEZ14,RiceAEZ14,1975,NMVOC_AWB,9.84457518665399e-06
Central Asia,Rice,RiceAEZ15,RiceAEZ15,1975,NMVOC_AWB,1.23898794164475e-06
Central Asia,Rice,RiceAEZ16,RiceAEZ16,1975,NMVOC_AWB,0
Central Asia,Root_Tuber,Root_TuberAEZ07,Root_TuberAEZ07,1975,NMVOC_AWB,0.000236330847523655
Central Asia,Root_Tuber,Root_TuberAEZ08,Root_TuberAEZ08,1975,NMVOC_AWB,0.000541210897118028
Central Asia,Root_Tuber,Root_TuberAEZ09,Root_TuberAEZ09,1975,NMVOC_AWB,0.000216895992966591
Central Asia,Root_Tuber,Root_TuberAEZ10,Root_TuberAEZ10,1975,NMVOC_AWB,6.44344824412918e-05
Central Asia,Root_Tuber,Root_TuberAEZ11,Root_TuberAEZ11,1975,NMVOC_AWB,1.05835453561934e-05
Central Asia,Root_Tuber,Root_TuberAEZ12,Root_TuberAEZ12,1975,NMVOC_AWB,2.77936135756931e-05
Central Asia,Root_Tuber,Root_TuberAEZ13,Root_TuberAEZ13,1975,NMVOC_AWB,0.000526965859378287
Central Asia,Root_Tuber,Root_TuberAEZ14,Root_TuberAEZ14,1975,NMVOC_AWB,0.000335562480123688
Central Asia,Root_Tuber,Root_TuberAEZ15,Root_TuberAEZ15,1975,NMVOC_AWB,6.07324509480999e-05
Central Asia,Root_Tuber,Root_TuberAEZ16,Root_TuberAEZ16,1975,NMVOC_AWB,1.87813641095141e-05
Central Asia,SugarCrop,SugarCropAEZ07,SugarCropAEZ07,1975,NMVOC_AWB,0.000121881429604226
Central Asia,SugarCrop,SugarCropAEZ08,SugarCropAEZ08,1975,NMVOC_AWB,0.000211701596392111
Central Asia,SugarCrop,SugarCropAEZ09,SugarCropAEZ09,1975,NMVOC_AWB,1.96834963192769e-05
Central Asia,SugarCrop,SugarCropAEZ10,SugarCropAEZ10,1975,NMVOC_AWB,0
Central Asia,SugarCrop,SugarCropAEZ11,SugarCropAEZ11,1975,NMVOC_AWB,0
Central Asia,SugarCrop,SugarCropAEZ12,SugarCropAEZ12,1975,NMVOC_AWB,0
Central Asia,SugarCrop,SugarCropAEZ13,SugarCropAEZ13,1975,NMVOC_AWB,0.000151333635275756
Central Asia,SugarCrop,SugarCropAEZ14,SugarCropAEZ14,1975,NMVOC_AWB,0.000254103859975531
Central Asia,SugarCrop,SugarCropAEZ15,SugarCropAEZ15,1975,NMVOC_AWB,3.65194036924115e-06
Central Asia,SugarCrop,SugarCropAEZ16,SugarCropAEZ16,1975,NMVOC_AWB,3.32372800694226e-06
Central Asia,Wheat,WheatAEZ07,WheatAEZ07,1975,NMVOC_AWB,0.00168229626509975
Central Asia,Wheat,WheatAEZ08,WheatAEZ08,1975,NMVOC_AWB,0.00182419388974482
Central Asia,Wheat,WheatAEZ09,WheatAEZ09,1975,NMVOC_AWB,0.000429497484023322
Central Asia,Wheat,WheatAEZ10,WheatAEZ10,1975,NMVOC_AWB,4.14861585456933e-05
Central Asia,Wheat,WheatAEZ11,WheatAEZ11,1975,NMVOC_AWB,7.7409414080698e-06
Central Asia,Wheat,WheatAEZ12,WheatAEZ12,1975,NMVOC_AWB,2.0588863393986e-05
Central Asia,Wheat,WheatAEZ13,WheatAEZ13,1975,NMVOC_AWB,0.00369140311022363
Central Asia,Wheat,WheatAEZ14,WheatAEZ14,1975,NMVOC_AWB,0.000631056014369071
Central Asia,Wheat,WheatAEZ15,WheatAEZ15,1975,NMVOC_AWB,6.94518747314914e-05
Central Asia,Wheat,WheatAEZ16,WheatAEZ16,1975,NMVOC_AWB,1.29476405241268e-05
Central Asia,Corn,CornAEZ07,CornAEZ07,1975,NOx_AWB,4.18807183052183e-05
Central Asia,Corn,CornAEZ08,CornAEZ08,1975,NOx_AWB,0.000118765644132518
Central Asia,Corn,CornAEZ09,CornAEZ09,1975,NOx_AWB,4.43151734385051e-05
Central Asia,Corn,CornAEZ10,CornAEZ10,1975,NOx_AWB,5.99416716268086e-05
Central Asia,Corn,CornAEZ11,CornAEZ11,1975,NOx_AWB,1.03445714846002e-05
Central Asia,Corn,CornAEZ12,CornAEZ12,1975,NOx_AWB,2.75103010339585e-05
Central Asia,Corn,CornAEZ13,CornAEZ13,1975,NOx_AWB,5.08964697236244e-05
Central Asia,Corn,CornAEZ14,CornAEZ14,1975,NOx_AWB,7.65950337060506e-05
Central Asia,Corn,CornAEZ15,CornAEZ15,1975,NOx_AWB,1.08750350357246e-05
Central Asia,Corn,CornAEZ16,CornAEZ16,1975,NOx_AWB,1.78320911206033e-05
Central Asia,FiberCrop,FiberCropAEZ07,FiberCropAEZ07,1975,NOx_AWB,0.000730549305229649
Central Asia,FiberCrop,FiberCropAEZ08,FiberCropAEZ08,1975,NOx_AWB,0.000878668161371473
Central Asia,FiberCrop,FiberCropAEZ09,FiberCropAEZ09,1975,NOx_AWB,4.2571280002319e-05
Central Asia,FiberCrop,FiberCropAEZ10,FiberCropAEZ10,1975,NOx_AWB,2.82408243677991e-07
Central Asia,FiberCrop,FiberCropAEZ11,FiberCropAEZ11,1975,NOx_AWB,0
Central Asia,FiberCrop,FiberCropAEZ12,FiberCropAEZ12,1975,NOx_AWB,0
Central Asia,FiberCrop,FiberCropAEZ13,FiberCropAEZ13,1975,NOx_AWB,8.79547671933256e-05
Central Asia,FiberCrop,FiberCropAEZ14,FiberCropAEZ14,1975,NOx_AWB,6.35893558199144e-05
Central Asia,FiberCrop,FiberCropAEZ15,FiberCropAEZ15,1975,NOx_AWB,1.15449677540372e-06
Central Asia,FiberCrop,FiberCropAEZ16,FiberCropAEZ16,1975,NOx_AWB,0
Central Asia,FodderGrass,FodderGrassAEZ07,FodderGrassAEZ07,1975,NOx_AWB,4.04391668071753e-05
Central Asia,FodderGrass,FodderGrassAEZ08,FodderGrassAEZ08,1975,NOx_AWB,5.73944810509213e-05
Central Asia,FodderGrass,FodderGrassAEZ09,FodderGrassAEZ09,1975,NOx_AWB,1.49017229646703e-05
Central Asia,FodderGrass,FodderGrassAEZ10,FodderGrassAEZ10,1975,NOx_AWB,3.8061686417728e-07
Central Asia,FodderGrass,FodderGrassAEZ11,FodderGrassAEZ11,1975,NOx_AWB,4.35344601022023e-08
Central Asia,FodderGrass,FodderGrassAEZ12,FodderGrassAEZ12,1975,NOx_AWB,1.17171448215559e-07
Central Asia,FodderGrass,FodderGrassAEZ13,FodderGrassAEZ13,1975,NOx_AWB,5.53134122660959e-05
Central Asia,FodderGrass,FodderGrassAEZ14,FodderGrassAEZ14,1975,NOx_AWB,2.05752256241498e-05
Central Asia,FodderGrass,FodderGrassAEZ15,FodderGrassAEZ15,1975,NOx_AWB,3.90900474114501e-06
Central Asia,FodderGrass,FodderGrassAEZ16,FodderGrassAEZ16,1975,NOx_AWB,7.51881376314856e-08
Central Asia,FodderHerb,FodderHerbAEZ07,FodderHerbAEZ07,1975,NOx_AWB,0.00234790676606956
Central Asia,FodderHerb,FodderHerbAEZ08,FodderHerbAEZ08,1975,NOx_AWB,0.00305238001759392
Central Asia,FodderHerb,FodderHerbAEZ09,FodderHerbAEZ09,1975,NOx_AWB,0.00011278940689283
Central Asia,FodderHerb,FodderHerbAEZ10,FodderHerbAEZ10,1975,NOx_AWB,5.12413380096703e-07
Central Asia,FodderHerb,FodderHerbAEZ11,FodderHerbAEZ11,1975,NOx_AWB,0
Central Asia,FodderHerb,FodderHerbAEZ12,FodderHerbAEZ12,1975,NOx_AWB,0
Central Asia,FodderHerb,FodderHerbAEZ13,FodderHerbAEZ13,1975,NOx_AWB,0.00140829079733638
Central Asia,FodderHerb,FodderHerbAEZ14,FodderHerbAEZ14,1975,NOx_AWB,0.000349982923960679
Central Asia,FodderHerb,FodderHerbAEZ15,FodderHerbAEZ15,1975,NOx_AWB,2.10146802772547e-05
Central Asia,FodderHerb,FodderHerbAEZ16,FodderHerbAEZ16,1975,NOx_AWB,4.81806137929855e-06
Central Asia,MiscCrop,MiscCropAEZ07,MiscCropAEZ07,1975,NOx_AWB,0.00075960953526858
Central Asia,MiscCrop,MiscCropAEZ08,MiscCropAEZ08,1975,NOx_AWB,0.00137272709978794
Central Asia,MiscCrop,MiscCropAEZ09,MiscCropAEZ09,1975,NOx_AWB,0.000496075914784486
Central Asia,MiscCrop,MiscCropAEZ10,MiscCropAEZ10,1975,NOx_AWB,0.000137516311587847
Central Asia,MiscCrop,MiscCropAEZ11,MiscCropAEZ11,1975,NOx_AWB,2.4615660401362e-05
Central Asia,MiscCrop,MiscCropAEZ12,MiscCropAEZ12,1975,NOx_AWB,6.94226451548743e-05
Central Asia,MiscCrop,MiscCropAEZ13,MiscCropAEZ13,1975,NOx_AWB,6.57831120352679e-05
Central Asia,MiscCrop,MiscCropAEZ14,MiscCropAEZ14,1975,NOx_AWB,0.000109435010261194
Central Asia,MiscCrop,MiscCropAEZ15,MiscCropAEZ15,1975,NOx_AWB,4.29944637018056e-05
Central Asia,MiscCrop,MiscCropAEZ16,MiscCropAEZ16,1975,NOx_AWB,3.89846469842175e-05
Central Asia,OilCrop,OilCropAEZ07,OilCropAEZ07,1975,NOx_AWB,4.29978382391362e-06
Central Asia,OilCrop,OilCropAEZ08,OilCropAEZ08,1975,NOx_AWB,5.78318230995107e-06
Central Asia,OilCrop,OilCropAEZ09,OilCropAEZ09,1975,NOx_AWB,7.01782840554597e-07
Central Asia,OilCrop,OilCropAEZ10,OilCropAEZ10,1975,NOx_AWB,1.35701956474097e-06
Central Asia,OilCrop,OilCropAEZ11,OilCropAEZ11,1975,NOx_AWB,2.72923222384547e-07
Central Asia,OilCrop,OilCropAEZ12,OilCropAEZ12,1975,NOx_AWB,7.97084977925718e-07
Central Asia,OilCrop,OilCropAEZ13,OilCropAEZ13,1975,NOx_AWB,1.0955602226489e-05
Central Asia,OilCrop,OilCropAEZ14,OilCropAEZ14,1975,NOx_AWB,1.49606400197505e-05
Central Asia,OilCrop,OilCropAEZ15,OilCropAEZ15,1975,NOx_AWB,2.23407546663462e-06
Central Asia,OilCrop,OilCropAEZ16,OilCropAEZ16,1975,NOx_AWB,4.88803281386087e-07
Central Asia,OtherGrain,OtherGrainAEZ07,OtherGrainAEZ07,1975,NOx_AWB,0.000339210395715184
Central Asia,OtherGrain,OtherGrainAEZ08,OtherGrainAEZ08,1975,NOx_AWB,0.000411435656398177
Central Asia,OtherGrain,OtherGrainAEZ09,OtherGrainAEZ09,1975,NOx_AWB,0.000130609848303805
Central Asia,OtherGrain,OtherGrainAEZ10,OtherGrainAEZ10,1975,NOx_AWB,1.64997297737669e-05
Central Asia,OtherGrain,OtherGrainAEZ11,OtherGrainAEZ11,1975,NOx_AWB,2.63567209937099e-06
Central Asia,OtherGrain,OtherGrainAEZ12,OtherGrainAEZ12,1975,NOx_AWB,7.15191962625541e-06
Central Asia,OtherGrain,OtherGrainAEZ13,OtherGrainAEZ13,1975,NOx_AWB,0.00128322531492209
Central Asia,OtherGrain,OtherGrainAEZ14,OtherGrainAEZ14,1975,NOx_AWB,0.000284996566834331
Central Asia,OtherGrain,OtherGrainAEZ15,OtherGrainAEZ15,1975,NOx_AWB,3.24993305830568e-05
Central Asia,OtherGrain,OtherGrainAEZ16,OtherGrainAEZ16,1975,NOx_AWB,6.0520885098035e-06
Central Asia,PalmFruit,PalmFruitAEZ07,PalmFruitAEZ07,1975,NOx_AWB,0
Central Asia,PalmFruit,PalmFruitAEZ08,PalmFruitAEZ08,1975,NOx_AWB,0
Central Asia,PalmFruit,PalmFruitAEZ09,PalmFruitAEZ09,1975,NOx_AWB,0
Central Asia,PalmFruit,PalmFruitAEZ10,PalmFruitAEZ10,1975,NOx_AWB,0
Central Asia,PalmFruit,PalmFruitAEZ11,PalmFruitAEZ11,1975,NOx_AWB,0
Central Asia,PalmFruit,PalmFruitAEZ12,PalmFruitAEZ12,1975,NOx_AWB,0
Central Asia,PalmFruit,PalmFruitAEZ13,PalmFruitAEZ13,1975,NOx_AWB,0
Central Asia,PalmFruit,PalmFruitAEZ14,PalmFruitAEZ14,1975,NOx_AWB,0
Central Asia,PalmFruit,PalmFruitAEZ15,PalmFruitAEZ15,1975,NOx_AWB,0
Central Asia,PalmFruit,PalmFruitAEZ16,PalmFruitAEZ16,1975,NOx_AWB,0
Central Asia,Rice,RiceAEZ07,RiceAEZ07,1975,NOx_AWB,0.000122993614445759
Central Asia,Rice,RiceAEZ08,RiceAEZ08,1975,NOx_AWB,9.3454003287538e-05
Central Asia,Rice,RiceAEZ09,RiceAEZ09,1975,NOx_AWB,2.79903711220802e-06
Central Asia,Rice,RiceAEZ10,RiceAEZ10,1975,NOx_AWB,4.09053380473079e-08
Central Asia,Rice,RiceAEZ11,RiceAEZ11,1975,NOx_AWB,0
Central Asia,Rice,RiceAEZ12,RiceAEZ12,1975,NOx_AWB,0
Central Asia,Rice,RiceAEZ13,RiceAEZ13,1975,NOx_AWB,3.45153682494322e-06
Central Asia,Rice,RiceAEZ14,RiceAEZ14,1975,NOx_AWB,5.34231657681927e-06
Central Asia,Rice,RiceAEZ15,RiceAEZ15,1975,NOx_AWB,6.72356672952351e-07
Central Asia,Rice,RiceAEZ16,RiceAEZ16,1975,NOx_AWB,0
Central Asia,Root_Tuber,Root_TuberAEZ07,Root_TuberAEZ07,1975,NOx_AWB,0.000128248723830255
Central Asia,Root_Tuber,Root_TuberAEZ08,Root_TuberAEZ08,1975,NOx_AWB,0.00029369677130899
Central Asia,Root_Tuber,Root_TuberAEZ09,Root_TuberAEZ09,1975,NOx_AWB,0.00011770208837878
Central Asia,Root_Tuber,Root_TuberAEZ10,Root_TuberAEZ10,1975,NOx_AWB,3.49664050645421e-05
Central Asia,Root_Tuber,Root_TuberAEZ11,Root_TuberAEZ11,1975,NOx_AWB,5.7433305882575e-06
Central Asia,Root_Tuber,Root_TuberAEZ12,Root_TuberAEZ12,1975,NOx_AWB,1.5082650060556e-05
Central Asia,Root_Tuber,Root_TuberAEZ13,Root_TuberAEZ13,1975,NOx_AWB,0.000285966473168995
Central Asia,Root_Tuber,Root_TuberAEZ14,Root_TuberAEZ14,1975,NOx_AWB,0.000182098360379598
Central Asia,Root_Tuber,Root_TuberAEZ15,Root_TuberAEZ15,1975,NOx_AWB,3.29574383149359e-05
Central Asia,Root_Tuber,Root_TuberAEZ16,Root_TuberAEZ16,1975,NOx_AWB,1.01920083817896e-05
Central Asia,SugarCrop,SugarCropAEZ07,SugarCropAEZ07,1975,NOx_AWB,6.61409120694008e-05
Central Asia,SugarCrop,SugarCropAEZ08,SugarCropAEZ08,1975,NOx_AWB,0.000114883265788646
Central Asia,SugarCrop,SugarCropAEZ09,SugarCropAEZ09,1975,NOx_AWB,1.06815648905593e-05
Central Asia,SugarCrop,SugarCropAEZ10,SugarCropAEZ10,1975,NOx_AWB,0
Central Asia,SugarCrop,SugarCropAEZ11,SugarCropAEZ11,1975,NOx_AWB,0
Central Asia,SugarCrop,SugarCropAEZ12,SugarCropAEZ12,1975,NOx_AWB,0
Central Asia,SugarCrop,SugarCropAEZ13,SugarCropAEZ13,1975,NOx_AWB,8.21236237252792e-05
Central Asia,SugarCrop,SugarCropAEZ14,SugarCropAEZ14,1975,NOx_AWB,0.000137893534016721
Central Asia,SugarCrop,SugarCropAEZ15,SugarCropAEZ15,1975,NOx_AWB,1.98178399801359e-06
Central Asia,SugarCrop,SugarCropAEZ16,SugarCropAEZ16,1975,NOx_AWB,1.80367429692629e-06
Central Asia,Wheat,WheatAEZ07,WheatAEZ07,1975,NOx_AWB,0.000912925042854816
Central Asia,Wheat,WheatAEZ08,WheatAEZ08,1975,NOx_AWB,0.000989928064110656
Central Asia,Wheat,WheatAEZ09,WheatAEZ09,1975,NOx_AWB,0.000233073696436446
Central Asia,Wheat,WheatAEZ10,WheatAEZ10,1975,NOx_AWB,2.25131291401655e-05
Central Asia,Wheat,WheatAEZ11,WheatAEZ11,1975,NOx_AWB,4.2007459763811e-06
Central Asia,Wheat,WheatAEZ12,WheatAEZ12,1975,NOx_AWB,1.11728768506611e-05
Central Asia,Wheat,WheatAEZ13,WheatAEZ13,1975,NOx_AWB,0.0020031990871688
Central Asia,Wheat,WheatAEZ14,WheatAEZ14,1975,NOx_AWB,0.000342452664797133
Central Asia,Wheat,WheatAEZ15,WheatAEZ15,1975,NOx_AWB,3.76891734416557e-05
Central Asia,Wheat,WheatAEZ16,WheatAEZ16,1975,NOx_AWB,7.02624473796613e-06
Central Asia,Corn,CornAEZ07,CornAEZ07,1975,SO2_AWB,6.77819287660688e-06
Central Asia,Corn,CornAEZ08,CornAEZ08,1975,SO2_AWB,1.92216484248876e-05
Central Asia,Corn,CornAEZ09,CornAEZ09,1975,SO2_AWB,7.17219773398792e-06
Central Asia,Corn,CornAEZ10,CornAEZ10,1975,SO2_AWB,9.70127132662188e-06
Central Asia,Corn,CornAEZ11,CornAEZ11,1975,SO2_AWB,1.67421915348885e-06
Central Asia,Corn,CornAEZ12,CornAEZ12,1975,SO2_AWB,4.45240994060157e-06
Central Asia,Corn,CornAEZ13,CornAEZ13,1975,SO2_AWB,8.23734889193921e-06
Central Asia,Corn,CornAEZ14,CornAEZ14,1975,SO2_AWB,1.23965379023866e-05
Central Asia,Corn,CornAEZ15,CornAEZ15,1975,SO2_AWB,1.760072128534e-06
Central Asia,Corn,CornAEZ16,CornAEZ16,1975,SO2_AWB,2.88603820325636e-06
Central Asia,FiberCrop,FiberCropAEZ07,FiberCropAEZ07,1975,SO2_AWB,0.000118235892245924
Central Asia,FiberCrop,FiberCropAEZ08,FiberCropAEZ08,1975,SO2_AWB,0.000142208216891239
Central Asia,FiberCrop,FiberCropAEZ09,FiberCropAEZ09,1975,SO2_AWB,6.8899569667553e-06
Central Asia,FiberCrop,FiberCropAEZ10,FiberCropAEZ10,1975,SO2_AWB,4.57064162950307e-08
Central Asia,FiberCrop,FiberCropAEZ11,FiberCropAEZ11,1975,SO2_AWB,0
Central Asia,FiberCrop,FiberCropAEZ12,FiberCropAEZ12,1975,SO2_AWB,0
Central Asia,FiberCrop,FiberCropAEZ13,FiberCropAEZ13,1975,SO2_AWB,1.42350561446586e-05
Central Asia,FiberCrop,FiberCropAEZ14,FiberCropAEZ14,1975,SO2_AWB,1.02916314735905e-05
Central Asia,FiberCrop,FiberCropAEZ15,FiberCropAEZ15,1975,SO2_AWB,1.86849751765888e-07
Central Asia,FiberCrop,FiberCropAEZ16,FiberCropAEZ16,1975,SO2_AWB,0
Central Asia,FodderGrass,FodderGrassAEZ07,FodderGrassAEZ07,1975,SO2_AWB,6.54488469826841e-06
Central Asia,FodderGrass,FodderGrassAEZ08,FodderGrassAEZ08,1975,SO2_AWB,9.28902077993801e-06
Central Asia,FodderGrass,FodderGrassAEZ09,FodderGrassAEZ09,1975,SO2_AWB,2.41177220773007e-06
Central Asia,FodderGrass,FodderGrassAEZ10,FodderGrassAEZ10,1975,SO2_AWB,6.16010092921789e-08
Central Asia,FodderGrass,FodderGrassAEZ11,FodderGrassAEZ11,1975,SO2_AWB,7.04584303452375e-09
Central Asia,FodderGrass,FodderGrassAEZ12,FodderGrassAEZ12,1975,SO2_AWB,1.89636354813298e-08
Central Asia,FodderGrass,FodderGrassAEZ13,FodderGrassAEZ13,1975,SO2_AWB,8.95220980381692e-06
Central Asia,FodderGrass,FodderGrassAEZ14,FodderGrassAEZ14,1975,SO2_AWB,3.33000133244645e-06
Central Asia,FodderGrass,FodderGrassAEZ15,FodderGrassAEZ15,1975,SO2_AWB,6.32653621123547e-07
Central Asia,FodderGrass,FodderGrassAEZ16,FodderGrassAEZ16,1975,SO2_AWB,1.21688385376994e-08
Central Asia,FodderHerb,FodderHerbAEZ07,FodderHerbAEZ07,1975,SO2_AWB,0.000379997420309928
Central Asia,FodderHerb,FodderHerbAEZ08,FodderHerbAEZ08,1975,SO2_AWB,0.000494013028648898
Central Asia,FodderHerb,FodderHerbAEZ09,FodderHerbAEZ09,1975,SO2_AWB,1.82544231640467e-05
Central Asia,FodderHerb,FodderHerbAEZ10,FodderHerbAEZ10,1975,SO2_AWB,8.29316416575587e-08
Central Asia,FodderHerb,FodderHerbAEZ11,FodderHerbAEZ11,1975,SO2_AWB,0
Central Asia,FodderHerb,FodderHerbAEZ12,FodderHerbAEZ12,1975,SO2_AWB,0
Central Asia,FodderHerb,FodderHerbAEZ13,FodderHerbAEZ13,1975,SO2_AWB,0.000227925093861322
Central Asia,FodderHerb,FodderHerbAEZ14,FodderHerbAEZ14,1975,SO2_AWB,5.66430533697111e-05
Central Asia,FodderHerb,FodderHerbAEZ15,FodderHerbAEZ15,1975,SO2_AWB,3.40112495495834e-06
Central Asia,FodderHerb,FodderHerbAEZ16,FodderHerbAEZ16,1975,SO2_AWB,7.79780066860672e-07
Central Asia,MiscCrop,MiscCropAEZ07,MiscCropAEZ07,1975,SO2_AWB,0.000122939150743234
Central Asia,MiscCrop,MiscCropAEZ08,MiscCropAEZ08,1975,SO2_AWB,0.000222169280419158
Central Asia,MiscCrop,MiscCropAEZ09,MiscCropAEZ09,1975,SO2_AWB,8.0287501454565e-05
Central Asia,MiscCrop,MiscCropAEZ10,MiscCropAEZ10,1975,SO2_AWB,2.22563537909963e-05
Central Asia,MiscCrop,MiscCropAEZ11,MiscCropAEZ11,1975,SO2_AWB,3.98392627293348e-06
Central Asia,MiscCrop,MiscCropAEZ12,MiscCropAEZ12,1975,SO2_AWB,1.12357213034081e-05
Central Asia,MiscCrop,MiscCropAEZ13,MiscCropAEZ13,1975,SO2_AWB,1.06466803684914e-05
Central Asia,MiscCrop,MiscCropAEZ14,MiscCropAEZ14,1975,SO2_AWB,1.77115301986451e-05
Central Asia,MiscCrop,MiscCropAEZ15,MiscCropAEZ15,1975,SO2_AWB,6.95844721366205e-06
Central Asia,MiscCrop,MiscCropAEZ16,MiscCropAEZ16,1975,SO2_AWB,6.30947765889993e-06
Central Asia,OilCrop,OilCropAEZ07,OilCropAEZ07,1975,SO2_AWB,6.95899336630273e-07
Central Asia,OilCrop,OilCropAEZ08,OilCropAEZ08,1975,SO2_AWB,9.35980248756741e-07
Central Asia,OilCrop,OilCropAEZ09,OilCropAEZ09,1975,SO2_AWB,1.13580178260204e-07
Central Asia,OilCrop,OilCropAEZ10,OilCropAEZ10,1975,SO2_AWB,2.19627091400611e-07
Central Asia,OilCrop,OilCropAEZ11,OilCropAEZ11,1975,SO2_AWB,4.41713112068813e-08
Central Asia,OilCrop,OilCropAEZ12,OilCropAEZ12,1975,SO2_AWB,1.29004370938721e-07
Central Asia,OilCrop,OilCropAEZ13,OilCropAEZ13,1975,SO2_AWB,1.77311154095638e-06
Central Asia,OilCrop,OilCropAEZ14,OilCropAEZ14,1975,SO2_AWB,2.42130764979543e-06
Central Asia,OilCrop,OilCropAEZ15,OilCropAEZ15,1975,SO2_AWB,3.61574371847823e-07
Central Asia,OilCrop,OilCropAEZ16,OilCropAEZ16,1975,SO2_AWB,7.91104607090851e-08
Central Asia,OtherGrain,OtherGrainAEZ07,OtherGrainAEZ07,1975,SO2_AWB,5.48995714722776e-05
Central Asia,OtherGrain,OtherGrainAEZ08,OtherGrainAEZ08,1975,SO2_AWB,6.65888826226916e-05
Central Asia,OtherGrain,OtherGrainAEZ09,OtherGrainAEZ09,1975,SO2_AWB,2.11385759178167e-05
Central Asia,OtherGrain,OtherGrainAEZ10,OtherGrainAEZ10,1975,SO2_AWB,2.67040192585595e-06
Central Asia,OtherGrain,OtherGrainAEZ11,OtherGrainAEZ11,1975,SO2_AWB,4.26570855801246e-07
Central Asia,OtherGrain,OtherGrainAEZ12,OtherGrainAEZ12,1975,SO2_AWB,1.15750380190373e-06
Central Asia,OtherGrain,OtherGrainAEZ13,OtherGrainAEZ13,1975,SO2_AWB,0.000207683846902949
Central Asia,OtherGrain,OtherGrainAEZ14,OtherGrainAEZ14,1975,SO2_AWB,4.61253239520771e-05
Central Asia,OtherGrain,OtherGrainAEZ15,OtherGrainAEZ15,1975,SO2_AWB,5.25986038365344e-06
Central Asia,OtherGrain,OtherGrainAEZ16,OtherGrainAEZ16,1975,SO2_AWB,9.79501424182428e-07
Central Asia,PalmFruit,PalmFruitAEZ07,PalmFruitAEZ07,1975,SO2_AWB,0
Central Asia,PalmFruit,PalmFruitAEZ08,PalmFruitAEZ08,1975,SO2_AWB,0
Central Asia,PalmFruit,PalmFruitAEZ09,PalmFruitAEZ09,1975,SO2_AWB,0
Central Asia,PalmFruit,PalmFruitAEZ10,PalmFruitAEZ10,1975,SO2_AWB,0
Central Asia,PalmFruit,PalmFruitAEZ11,PalmFruitAEZ11,1975,SO2_AWB,0
Central Asia,PalmFruit,PalmFruitAEZ12,PalmFruitAEZ12,1975,SO2_AWB,0
Central Asia,PalmFruit,PalmFruitAEZ13,PalmFruitAEZ13,1975,SO2_AWB,0
Central Asia,PalmFruit,PalmFruitAEZ14,PalmFruitAEZ14,1975,SO2_AWB,0
Central Asia,PalmFruit,PalmFruitAEZ15,PalmFruitAEZ15,1975,SO2_AWB,0
Central Asia,PalmFruit,PalmFruitAEZ16,PalmFruitAEZ16,1975,SO2_AWB,0
Central Asia,Rice,RiceAEZ07,RiceAEZ07,1975,SO2_AWB,1.99059250901268e-05
Central Asia,Rice,RiceAEZ08,RiceAEZ08,1975,SO2_AWB,1.51250810637376e-05
Central Asia,Rice,RiceAEZ09,RiceAEZ09,1975,SO2_AWB,4.53010697597388e-07
Central Asia,Rice,RiceAEZ10,RiceAEZ10,1975,SO2_AWB,6.62033227192551e-09
Central Asia,Rice,RiceAEZ11,RiceAEZ11,1975,SO2_AWB,0
Central Asia,Rice,RiceAEZ12,RiceAEZ12,1975,SO2_AWB,0
Central Asia,Rice,RiceAEZ13,RiceAEZ13,1975,SO2_AWB,5.58614638595189e-07
Central Asia,Rice,RiceAEZ14,RiceAEZ14,1975,SO2_AWB,8.64628249727591e-07
Central Asia,Rice,RiceAEZ15,RiceAEZ15,1975,SO2_AWB,1.08817694527863e-07
Central Asia,Rice,RiceAEZ16,RiceAEZ16,1975,SO2_AWB,0
Central Asia,Root_Tuber,Root_TuberAEZ07,Root_TuberAEZ07,1975,SO2_AWB,2.07564392751078e-05
Central Asia,Root_Tuber,Root_TuberAEZ08,Root_TuberAEZ08,1975,SO2_AWB,4.75334102118537e-05
Central Asia,Root_Tuber,Root_TuberAEZ09,Root_TuberAEZ09,1975,SO2_AWB,1.90495170401935e-05
Central Asia,Root_Tuber,Root_TuberAEZ10,Root_TuberAEZ10,1975,SO2_AWB,5.65914452569211e-06
Central Asia,Root_Tuber,Root_TuberAEZ11,Root_TuberAEZ11,1975,SO2_AWB,9.29530439225412e-07
Central Asia,Root_Tuber,Root_TuberAEZ12,Root_TuberAEZ12,1975,SO2_AWB,2.44105438822133e-06
Central Asia,Root_Tuber,Root_TuberAEZ13,Root_TuberAEZ13,1975,SO2_AWB,4.62822986286019e-05
Central Asia,Root_Tuber,Root_TuberAEZ14,Root_TuberAEZ14,1975,SO2_AWB,2.94717440176519e-05
Central Asia,Root_Tuber,Root_TuberAEZ15,Root_TuberAEZ15,1975,SO2_AWB,5.33400291727266e-06
Central Asia,Root_Tuber,Root_TuberAEZ16,Root_TuberAEZ16,1975,SO2_AWB,1.64952754889011e-06
Central Asia,SugarCrop,SugarCropAEZ07,SugarCropAEZ07,1975,SO2_AWB,1.07045885835543e-05
Central Asia,SugarCrop,SugarCropAEZ08,SugarCropAEZ08,1975,SO2_AWB,1.85933041581311e-05
Central Asia,SugarCrop,SugarCropAEZ09,SugarCropAEZ09,1975,SO2_AWB,1.72875991582937e-06
Central Asia,SugarCrop,SugarCropAEZ10,SugarCropAEZ10,1975,SO2_AWB,0
Central Asia,SugarCrop,SugarCropAEZ11,SugarCropAEZ11,1975,SO2_AWB,0
Central Asia,SugarCrop,SugarCropAEZ12,SugarCropAEZ12,1975,SO2_AWB,0
Central Asia,SugarCrop,SugarCropAEZ13,SugarCropAEZ13,1975,SO2_AWB,1.32913136130827e-05
Central Asia,SugarCrop,SugarCropAEZ14,SugarCropAEZ14,1975,SO2_AWB,2.23174054272566e-05
Central Asia,SugarCrop,SugarCropAEZ15,SugarCropAEZ15,1975,SO2_AWB,3.20742210780932e-07
Central Asia,SugarCrop,SugarCropAEZ16,SugarCropAEZ16,1975,SO2_AWB,2.91916012090493e-07
Central Asia,Wheat,WheatAEZ07,WheatAEZ07,1975,SO2_AWB,0.000147752528437019
Central Asia,Wheat,WheatAEZ08,WheatAEZ08,1975,SO2_AWB,0.000160215097162553
Central Asia,Wheat,WheatAEZ09,WheatAEZ09,1975,SO2_AWB,3.7721857046399e-05
Central Asia,Wheat,WheatAEZ10,WheatAEZ10,1975,SO2_AWB,3.64364169821286e-06
Central Asia,Wheat,WheatAEZ11,WheatAEZ11,1975,SO2_AWB,6.79870537225089e-07
Central Asia,Wheat,WheatAEZ12,WheatAEZ12,1975,SO2_AWB,1.80827639412576e-06
Central Asia,Wheat,WheatAEZ13,WheatAEZ13,1975,SO2_AWB,0.000324208139987445
Central Asia,Wheat,WheatAEZ14,WheatAEZ14,1975,SO2_AWB,5.54243171329214e-05
Central Asia,Wheat,WheatAEZ15,WheatAEZ15,1975,SO2_AWB,6.09981149524842e-06
Central Asia,Wheat,WheatAEZ16,WheatAEZ16,1975,SO2_AWB,1.13716392553478e-06
China,Corn,CornAEZ04,CornAEZ04,1975,CH4_AWB,1.93327449797878e-07
China,Corn,CornAEZ05,CornAEZ05,1975,CH4_AWB,4.59232087801984e-07
China,Corn,CornAEZ06,CornAEZ06,1975,CH4_AWB,2.37425642935318e-06
China,Corn,CornAEZ07,CornAEZ07,1975,CH4_AWB,2.47464216991333e-05
China,Corn,CornAEZ08,CornAEZ08,1975,CH4_AWB,0.000214237739428433
China,Corn,CornAEZ09,CornAEZ09,1975,CH4_AWB,0.000304453795566715
China,Corn,CornAEZ10,CornAEZ10,1975,CH4_AWB,0.000117881437214777
China,Corn,CornAEZ11,CornAEZ11,1975,CH4_AWB,8.91664321957764e-05
China,Corn,CornAEZ12,CornAEZ12,1975,CH4_AWB,7.47277637740283e-05
China,Corn,CornAEZ13,CornAEZ13,1975,CH4_AWB,3.90028285045247e-06
China,Corn,CornAEZ14,CornAEZ14,1975,CH4_AWB,8.57002221880895e-07
China,Corn,CornAEZ15,CornAEZ15,1975,CH4_AWB,7.93760419182178e-06
China,Corn,CornAEZ16,CornAEZ16,1975,CH4_AWB,1.39271418021875e-06
China,Corn,CornAEZ17,CornAEZ17,1975,CH4_AWB,1.17038126138863e-07
China,FiberCrop,FiberCropAEZ04,FiberCropAEZ04,1975,CH4_AWB,0
China,FiberCrop,FiberCropAEZ05,FiberCropAEZ05,1975,CH4_AWB,1.04097252303214e-08
China,FiberCrop,FiberCropAEZ06,FiberCropAEZ06,1975,CH4_AWB,3.19391477343225e-08
China,FiberCrop,FiberCropAEZ07,FiberCropAEZ07,1975,CH4_AWB,1.68848045847845e-05
China,FiberCrop,FiberCropAEZ08,FiberCropAEZ08,1975,CH4_AWB,6.95017537628827e-06
China,FiberCrop,FiberCropAEZ09,FiberCropAEZ09,1975,CH4_AWB,3.02471788186148e-05
China,FiberCrop,FiberCropAEZ10,FiberCropAEZ10,1975,CH4_AWB,1.13087609099826e-05
China,FiberCrop,FiberCropAEZ11,FiberCropAEZ11,1975,CH4_AWB,3.5688011196024e-05
China,FiberCrop,FiberCropAEZ12,FiberCropAEZ12,1975,CH4_AWB,3.61163545993723e-05
China,FiberCrop,FiberCropAEZ13,FiberCropAEZ13,1975,CH4_AWB,1.80148690050414e-06
China,FiberCrop,FiberCropAEZ14,FiberCropAEZ14,1975,CH4_AWB,1.67898794037442e-08
China,FiberCrop,FiberCropAEZ15,FiberCropAEZ15,1975,CH4_AWB,6.23624092139068e-09
China,FiberCrop,FiberCropAEZ16,FiberCropAEZ16,1975,CH4_AWB,1.67898794037442e-09
China,FiberCrop,FiberCropAEZ17,FiberCropAEZ17,1975,CH4_AWB,0
China,FodderGrass,FodderGrassAEZ04,FodderGrassAEZ04,1975,CH4_AWB,0
China,FodderGrass,FodderGrassAEZ05,FodderGrassAEZ05,1975,CH4_AWB,0
China,FodderGrass,FodderGrassAEZ06,FodderGrassAEZ06,1975,CH4_AWB,0
China,FodderGrass,FodderGrassAEZ07,FodderGrassAEZ07,1975,CH4_AWB,0
China,FodderGrass,FodderGrassAEZ08,FodderGrassAEZ08,1975,CH4_AWB,0
China,FodderGrass,FodderGrassAEZ09,FodderGrassAEZ09,1975,CH4_AWB,0
China,FodderGrass,FodderGrassAEZ10,FodderGrassAEZ10,1975,CH4_AWB,0
China,FodderGrass,FodderGrassAEZ11,FodderGrassAEZ11,1975,CH4_AWB,0
China,FodderGrass,FodderGrassAEZ12,FodderGrassAEZ12,1975,CH4_AWB,0
China,FodderGrass,FodderGrassAEZ13,FodderGrassAEZ13,1975,CH4_AWB,0
China,FodderGrass,FodderGrassAEZ14,FodderGrassAEZ14,1975,CH4_AWB,0
China,FodderGrass,FodderGrassAEZ15,FodderGrassAEZ15,1975,CH4_AWB,0
China,FodderGrass,FodderGrassAEZ16,FodderGrassAEZ16,1975,CH4_AWB,0
China,FodderGrass,FodderGrassAEZ17,FodderGrassAEZ17,1975,CH4_AWB,0
China,FodderHerb,FodderHerbAEZ04,FodderHerbAEZ04,1975,CH4_AWB,0
China,FodderHerb,FodderHerbAEZ05,FodderHerbAEZ05,1975,CH4_AWB,0
China,FodderHerb,FodderHerbAEZ06,FodderHerbAEZ06,1975,CH4_AWB,0
China,FodderHerb,FodderHerbAEZ07,FodderHerbAEZ07,1975,CH4_AWB,0
China,FodderHerb,FodderHerbAEZ08,FodderHerbAEZ08,1975,CH4_AWB,0
China,FodderHerb,FodderHerbAEZ09,FodderHerbAEZ09,1975,CH4_AWB,0
China,FodderHerb,FodderHerbAEZ10,FodderHerbAEZ10,1975,CH4_AWB,0
China,FodderHerb,FodderHerbAEZ11,FodderHerbAEZ11,1975,CH4_AWB,0
China,FodderHerb,FodderHerbAEZ12,FodderHerbAEZ12,1975,CH4_AWB,0
China,FodderHerb,FodderHerbAEZ13,FodderHerbAEZ13,1975,CH4_AWB,0
China,FodderHerb,FodderHerbAEZ14,FodderHerbAEZ14,1975,CH4_AWB,0
China,FodderHerb,FodderHerbAEZ15,FodderHerbAEZ15,1975,CH4_AWB,0
China,FodderHerb,FodderHerbAEZ16,FodderHerbAEZ16,1975,CH4_AWB,0
China,FodderHerb,FodderHerbAEZ17,FodderHerbAEZ17,1975,CH4_AWB,0
China,MiscCrop,MiscCropAEZ04,MiscCropAEZ04,1975,CH4_AWB,1.15921720705713e-06
China,MiscCrop,MiscCropAEZ05,MiscCropAEZ05,1975,CH4_AWB,2.31640427265649e-06
China,MiscCrop,MiscCropAEZ06,MiscCropAEZ06,1975,CH4_AWB,7.7157546591369e-05
China,MiscCrop,MiscCropAEZ07,MiscCropAEZ07,1975,CH4_AWB,1.04651475662499e-05
China,MiscCrop,MiscCropAEZ08,MiscCropAEZ08,1975,CH4_AWB,0.000114760093711093
China,MiscCrop,MiscCropAEZ09,MiscCropAEZ09,1975,CH4_AWB,0.000209172928968846
China,MiscCrop,MiscCropAEZ10,MiscCropAEZ10,1975,CH4_AWB,0.000108064951005291
China,MiscCrop,MiscCropAEZ11,MiscCropAEZ11,1975,CH4_AWB,0.000181459657752102
China,MiscCrop,MiscCropAEZ12,MiscCropAEZ12,1975,CH4_AWB,0.000492103561055296
China,MiscCrop,MiscCropAEZ13,MiscCropAEZ13,1975,CH4_AWB,1.8902450855413e-06
China,MiscCrop,MiscCropAEZ14,MiscCropAEZ14,1975,CH4_AWB,5.27978341970239e-07
China,MiscCrop,MiscCropAEZ15,MiscCropAEZ15,1975,CH4_AWB,1.6181321313853e-06
China,MiscCrop,MiscCropAEZ16,MiscCropAEZ16,1975,CH4_AWB,5.294454489508e-07
China,MiscCrop,MiscCropAEZ17,MiscCropAEZ17,1975,CH4_AWB,1.31203119884624e-08
China,OilCrop,OilCropAEZ04,OilCropAEZ04,1975,CH4_AWB,3.50506318779905e-08
China,OilCrop,OilCropAEZ05,OilCropAEZ05,1975,CH4_AWB,1.15232236452485e-07
China,OilCrop,OilCropAEZ06,OilCropAEZ06,1975,CH4_AWB,4.87846136737074e-06
China,OilCrop,OilCropAEZ07,OilCropAEZ07,1975,CH4_AWB,3.21670109778858e-06
China,OilCrop,OilCropAEZ08,OilCropAEZ08,1975,CH4_AWB,2.92640336786565e-05
China,OilCrop,OilCropAEZ09,OilCropAEZ09,1975,CH4_AWB,3.98184025241601e-05
China,OilCrop,OilCropAEZ10,OilCropAEZ10,1975,CH4_AWB,2.99560651614977e-05
China,OilCrop,OilCropAEZ11,OilCropAEZ11,1975,CH4_AWB,4.77564457196364e-05
China,OilCrop,OilCropAEZ12,OilCropAEZ12,1975,CH4_AWB,6.82914886947523e-05
China,OilCrop,OilCropAEZ13,OilCropAEZ13,1975,CH4_AWB,1.10021558150659e-06
China,OilCrop,OilCropAEZ14,OilCropAEZ14,1975,CH4_AWB,8.94474753024052e-07
China,OilCrop,OilCropAEZ15,OilCropAEZ15,1975,CH4_AWB,2.5120048463233e-06
China,OilCrop,OilCropAEZ16,OilCropAEZ16,1975,CH4_AWB,6.14107231184025e-07
China,OilCrop,OilCropAEZ17,OilCropAEZ17,1975,CH4_AWB,2.73938623626515e-08
China,OtherGrain,OtherGrainAEZ04,OtherGrainAEZ04,1975,CH4_AWB,6.46454531048082e-08
China,OtherGrain,OtherGrainAEZ05,OtherGrainAEZ05,1975,CH4_AWB,1.41041358219217e-07
China,OtherGrain,OtherGrainAEZ06,OtherGrainAEZ06,1975,CH4_AWB,2.20405420324431e-06
China,OtherGrain,OtherGrainAEZ07,OtherGrainAEZ07,1975,CH4_AWB,8.24985939975609e-06
China,OtherGrain,OtherGrainAEZ08,OtherGrainAEZ08,1975,CH4_AWB,0.000192552357298675
China,OtherGrain,OtherGrainAEZ09,OtherGrainAEZ09,1975,CH4_AWB,0.000115130030437471
China,OtherGrain,OtherGrainAEZ10,OtherGrainAEZ10,1975,CH4_AWB,2.54823464481361e-05
China,OtherGrain,OtherGrainAEZ11,OtherGrainAEZ11,1975,CH4_AWB,3.44327052713635e-05
China,OtherGrain,OtherGrainAEZ12,OtherGrainAEZ12,1975,CH4_AWB,3.5169713744504e-05
China,OtherGrain,OtherGrainAEZ13,OtherGrainAEZ13,1975,CH4_AWB,1.71502698184168e-06
China,OtherGrain,OtherGrainAEZ14,OtherGrainAEZ14,1975,CH4_AWB,1.54667570457875e-06
China,OtherGrain,OtherGrainAEZ15,OtherGrainAEZ15,1975,CH4_AWB,2.60134165712243e-06
China,OtherGrain,OtherGrainAEZ16,OtherGrainAEZ16,1975,CH4_AWB,1.37074233137077e-06
China,OtherGrain,OtherGrainAEZ17,OtherGrainAEZ17,1975,CH4_AWB,8.58106403636924e-08
China,PalmFruit,PalmFruitAEZ04,PalmFruitAEZ04,1975,CH4_AWB,0
China,PalmFruit,PalmFruitAEZ05,PalmFruitAEZ05,1975,CH4_AWB,0
China,PalmFruit,PalmFruitAEZ06,PalmFruitAEZ06,1975,CH4_AWB,0
China,PalmFruit,PalmFruitAEZ07,PalmFruitAEZ07,1975,CH4_AWB,0
China,PalmFruit,PalmFruitAEZ08,PalmFruitAEZ08,1975,CH4_AWB,0
China,PalmFruit,PalmFruitAEZ09,PalmFruitAEZ09,1975,CH4_AWB,0
China,PalmFruit,PalmFruitAEZ10,PalmFruitAEZ10,1975,CH4_AWB,0
China,PalmFruit,PalmFruitAEZ11,PalmFruitAEZ11,1975,CH4_AWB,0
China,PalmFruit,PalmFruitAEZ12,PalmFruitAEZ12,1975,CH4_AWB,0
China,PalmFruit,PalmFruitAEZ13,PalmFruitAEZ13,1975,CH4_AWB,0
China,PalmFruit,PalmFruitAEZ14,PalmFruitAEZ14,1975,CH4_AWB,0
China,PalmFruit,PalmFruitAEZ15,PalmFruitAEZ15,1975,CH4_AWB,0
China,PalmFruit,PalmFruitAEZ16,PalmFruitAEZ16,1975,CH4_AWB,0
China,PalmFruit,PalmFruitAEZ17,PalmFruitAEZ17,1975,CH4_AWB,0
China,Rice,RiceAEZ04,RiceAEZ04,1975,CH4_AWB,1.8644625913257e-06
China,Rice,RiceAEZ05,RiceAEZ05,1975,CH4_AWB,5.12917620066084e-06
China,Rice,RiceAEZ06,RiceAEZ06,1975,CH4_AWB,0.000125576183293705
China,Rice,RiceAEZ07,RiceAEZ07,1975,CH4_AWB,7.47148078883355e-06
China,Rice,RiceAEZ08,RiceAEZ08,1975,CH4_AWB,4.7776870342925e-05
China,Rice,RiceAEZ09,RiceAEZ09,1975,CH4_AWB,9.18230100699062e-05
China,Rice,RiceAEZ10,RiceAEZ10,1975,CH4_AWB,8.51386384139247e-05
China,Rice,RiceAEZ11,RiceAEZ11,1975,CH4_AWB,0.00048049576856937
China,Rice,RiceAEZ12,RiceAEZ12,1975,CH4_AWB,0.00152946679938561
China,Rice,RiceAEZ13,RiceAEZ13,1975,CH4_AWB,3.70352955144152e-07
China,Rice,RiceAEZ14,RiceAEZ14,1975,CH4_AWB,1.45367271304039e-07
China,Rice,RiceAEZ15,RiceAEZ15,1975,CH4_AWB,5.41032162074993e-06
China,Rice,RiceAEZ16,RiceAEZ16,1975,CH4_AWB,1.39140319922632e-06
China,Rice,RiceAEZ17,RiceAEZ17,1975,CH4_AWB,5.93042988705403e-08
China,Root_Tuber,Root_TuberAEZ04,Root_TuberAEZ04,1975,CH4_AWB,2.7885670060655e-07
China,Root_Tuber,Root_TuberAEZ05,Root_TuberAEZ05,1975,CH4_AWB,6.52826121157182e-07
China,Root_Tuber,Root_TuberAEZ06,Root_TuberAEZ06,1975,CH4_AWB,0.000140243890302238
China,Root_Tuber,Root_TuberAEZ07,Root_TuberAEZ07,1975,CH4_AWB,2.85941043307985e-05
China,Root_Tuber,Root_TuberAEZ08,Root_TuberAEZ08,1975,CH4_AWB,0.00031203057939361
China,Root_Tuber,Root_TuberAEZ09,Root_TuberAEZ09,1975,CH4_AWB,0.000359153343599307
China,Root_Tuber,Root_TuberAEZ10,Root_TuberAEZ10,1975,CH4_AWB,0.00036701238232981
China,Root_Tuber,Root_TuberAEZ11,Root_TuberAEZ11,1975,CH4_AWB,0.000590157230602333
China,Root_Tuber,Root_TuberAEZ12,Root_TuberAEZ12,1975,CH4_AWB,0.000968815933018905
China,Root_Tuber,Root_TuberAEZ13,Root_TuberAEZ13,1975,CH4_AWB,3.35057572111224e-06
China,Root_Tuber,Root_TuberAEZ14,Root_TuberAEZ14,1975,CH4_AWB,6.84588350441193e-06
China,Root_Tuber,Root_TuberAEZ15,Root_TuberAEZ15,1975,CH4_AWB,1.10446066606876e-05
China,Root_Tuber,Root_TuberAEZ16,Root_TuberAEZ16,1975,CH4_AWB,8.24079821843819e-06
China,Root_Tuber,Root_TuberAEZ17,Root_TuberAEZ17,1975,CH4_AWB,3.07984778647049e-07
China,SugarCrop,SugarCropAEZ04,SugarCropAEZ04,1975,CH4_AWB,1.15497706858955e-06
China,SugarCrop,SugarCropAEZ05,SugarCropAEZ05,1975,CH4_AWB,3.06984471900264e-06
China,SugarCrop,SugarCropAEZ06,SugarCropAEZ06,1975,CH4_AWB,0.000204582912204927
China,SugarCrop,SugarCropAEZ07,SugarCropAEZ07,1975,CH4_AWB,1.38079546264712e-05
China,SugarCrop,SugarCropAEZ08,SugarCropAEZ08,1975,CH4_AWB,1.64682315087141e-05
China,SugarCrop,SugarCropAEZ09,SugarCropAEZ09,1975,CH4_AWB,6.72341124903644e-06
China,SugarCrop,SugarCropAEZ10,SugarCropAEZ10,1975,CH4_AWB,5.63234856307977e-06
China,SugarCrop,SugarCropAEZ11,SugarCropAEZ11,1975,CH4_AWB,5.52508381850415e-05
China,SugarCrop,SugarCropAEZ12,SugarCropAEZ12,1975,CH4_AWB,0.000216258355823812
China,SugarCrop,SugarCropAEZ13,SugarCropAEZ13,1975,CH4_AWB,3.32698816196822e-06
China,SugarCrop,SugarCropAEZ14,SugarCropAEZ14,1975,CH4_AWB,3.66355488378596e-07
China,SugarCrop,SugarCropAEZ15,SugarCropAEZ15,1975,CH4_AWB,1.86989739206759e-06
China,SugarCrop,SugarCropAEZ16,SugarCropAEZ16,1975,CH4_AWB,1.7753379543525e-07
China,SugarCrop,SugarCropAEZ17,SugarCropAEZ17,1975,CH4_AWB,0
China,Wheat,WheatAEZ04,WheatAEZ04,1975,CH4_AWB,0
China,Wheat,WheatAEZ05,WheatAEZ05,1975,CH4_AWB,1.08041978826792e-08
China,Wheat,WheatAEZ06,WheatAEZ06,1975,CH4_AWB,6.01203315443213e-07
China,Wheat,WheatAEZ07,WheatAEZ07,1975,CH4_AWB,3.62402821443995e-05
China,Wheat,WheatAEZ08,WheatAEZ08,1975,CH4_AWB,9.56656741660611e-05
China,Wheat,WheatAEZ09,WheatAEZ09,1975,CH4_AWB,0.000229294089915939
China,Wheat,WheatAEZ10,WheatAEZ10,1975,CH4_AWB,0.000118424459763118
China,Wheat,WheatAEZ11,WheatAEZ11,1975,CH4_AWB,0.000203086146692901
China,Wheat,WheatAEZ12,WheatAEZ12,1975,CH4_AWB,8.8880561106841e-05
China,Wheat,WheatAEZ13,WheatAEZ13,1975,CH4_AWB,7.15979680583515e-06
China,Wheat,WheatAEZ14,WheatAEZ14,1975,CH4_AWB,4.27753321588081e-06
China,Wheat,WheatAEZ15,WheatAEZ15,1975,CH4_AWB,4.87444403195201e-06
China,Wheat,WheatAEZ16,WheatAEZ16,1975,CH4_AWB,1.8779262413606e-06
China,Wheat,WheatAEZ17,WheatAEZ17,1975,CH4_AWB,9.55637829779264e-08
China,Corn,CornAEZ04,CornAEZ04,1975,CO_AWB,8.4956328421361e-06
China,Corn,CornAEZ05,CornAEZ05,1975,CO_AWB,2.01806169344923e-05
China,Corn,CornAEZ06,CornAEZ06,1975,CO_AWB,0.00010433495563074
China,Corn,CornAEZ07,CornAEZ07,1975,CO_AWB,0.0010874633329737
China,Corn,CornAEZ08,CornAEZ08,1975,CO_AWB,0.00941452016780893
China,Corn,CornAEZ09,CornAEZ09,1975,CO_AWB,0.0133789985190089
China,Corn,CornAEZ10,CornAEZ10,1975,CO_AWB,0.00518021321093875
China,Corn,CornAEZ11,CornAEZ11,1975,CO_AWB,0.00391835339767077
China,Corn,CornAEZ12,CornAEZ12,1975,CO_AWB,0.00328385671461432
China,Corn,CornAEZ13,CornAEZ13,1975,CO_AWB,0.000171395066311416
China,Corn,CornAEZ14,CornAEZ14,1975,CO_AWB,3.76603334374241e-05
China,Corn,CornAEZ15,CornAEZ15,1975,CO_AWB,0.000348812188493776
China,Corn,CornAEZ16,CornAEZ16,1975,CO_AWB,6.12018021317992e-05
China,Corn,CornAEZ17,CornAEZ17,1975,CO_AWB,5.14315452485893e-06
China,FiberCrop,FiberCropAEZ04,FiberCropAEZ04,1975,CO_AWB,0
China,FiberCrop,FiberCropAEZ05,FiberCropAEZ05,1975,CO_AWB,4.5744773252216e-07
China,FiberCrop,FiberCropAEZ06,FiberCropAEZ06,1975,CO_AWB,1.40354239775694e-06
China,FiberCrop,FiberCropAEZ07,FiberCropAEZ07,1975,CO_AWB,0.000741990340810467
China,FiberCrop,FiberCropAEZ08,FiberCropAEZ08,1975,CO_AWB,0.00030542035415629
China,FiberCrop,FiberCropAEZ09,FiberCropAEZ09,1975,CO_AWB,0.00132919006598414
China,FiberCrop,FiberCropAEZ10,FiberCropAEZ10,1975,CO_AWB,0.000496955195401166
China,FiberCrop,FiberCropAEZ11,FiberCropAEZ11,1975,CO_AWB,0.00156828345020041
China,FiberCrop,FiberCropAEZ12,FiberCropAEZ12,1975,CO_AWB,0.00158710668657478
China,FiberCrop,FiberCropAEZ13,FiberCropAEZ13,1975,CO_AWB,7.91650192075773e-05
China,FiberCrop,FiberCropAEZ14,FiberCropAEZ14,1975,CO_AWB,7.37818923422842e-07
China,FiberCrop,FiberCropAEZ15,FiberCropAEZ15,1975,CO_AWB,2.74047028699912e-07
China,FiberCrop,FiberCropAEZ16,FiberCropAEZ16,1975,CO_AWB,7.37818923422843e-08
China,FiberCrop,FiberCropAEZ17,FiberCropAEZ17,1975,CO_AWB,0
China,FodderGrass,FodderGrassAEZ04,FodderGrassAEZ04,1975,CO_AWB,0
China,FodderGrass,FodderGrassAEZ05,FodderGrassAEZ05,1975,CO_AWB,0
China,FodderGrass,FodderGrassAEZ06,FodderGrassAEZ06,1975,CO_AWB,0
China,FodderGrass,FodderGrassAEZ07,FodderGrassAEZ07,1975,CO_AWB,0
China,FodderGrass,FodderGrassAEZ08,FodderGrassAEZ08,1975,CO_AWB,0
China,FodderGrass,FodderGrassAEZ09,FodderGrassAEZ09,1975,CO_AWB,0
China,FodderGrass,FodderGrassAEZ10,FodderGrassAEZ10,1975,CO_AWB,0
China,FodderGrass,FodderGrassAEZ11,FodderGrassAEZ11,1975,CO_AWB,0
China,FodderGrass,FodderGrassAEZ12,FodderGrassAEZ12,1975,CO_AWB,0
China,FodderGrass,FodderGrassAEZ13,FodderGrassAEZ13,1975,CO_AWB,0
China,FodderGrass,FodderGrassAEZ14,FodderGrassAEZ14,1975,CO_AWB,0
China,FodderGrass,FodderGrassAEZ15,FodderGrassAEZ15,1975,CO_AWB,0
China,FodderGrass,FodderGrassAEZ16,FodderGrassAEZ16,1975,CO_AWB,0
China,FodderGrass,FodderGrassAEZ17,FodderGrassAEZ17,1975,CO_AWB,0
China,FodderHerb,FodderHerbAEZ04,FodderHerbAEZ04,1975,CO_AWB,0
China,FodderHerb,FodderHerbAEZ05,FodderHerbAEZ05,1975,CO_AWB,0
China,FodderHerb,FodderHerbAEZ06,FodderHerbAEZ06,1975,CO_AWB,0
China,FodderHerb,FodderHerbAEZ07,FodderHerbAEZ07,1975,CO_AWB,0
China,FodderHerb,FodderHerbAEZ08,FodderHerbAEZ08,1975,CO_AWB,0
China,FodderHerb,FodderHerbAEZ09,FodderHerbAEZ09,1975,CO_AWB,0
China,FodderHerb,FodderHerbAEZ10,FodderHerbAEZ10,1975,CO_AWB,0
China,FodderHerb,FodderHerbAEZ11,FodderHerbAEZ11,1975,CO_AWB,0
China,FodderHerb,FodderHerbAEZ12,FodderHerbAEZ12,1975,CO_AWB,0
China,FodderHerb,FodderHerbAEZ13,FodderHerbAEZ13,1975,CO_AWB,0
China,FodderHerb,FodderHerbAEZ14,FodderHerbAEZ14,1975,CO_AWB,0
China,FodderHerb,FodderHerbAEZ15,FodderHerbAEZ15,1975,CO_AWB,0
China,FodderHerb,FodderHerbAEZ16,FodderHerbAEZ16,1975,CO_AWB,0
China,FodderHerb,FodderHerbAEZ17,FodderHerbAEZ17,1975,CO_AWB,0
China,MiscCrop,MiscCropAEZ04,MiscCropAEZ04,1975,CO_AWB,5.09409490775373e-05
China,MiscCrop,MiscCropAEZ05,MiscCropAEZ05,1975,CO_AWB,0.000101792685079224
China,MiscCrop,MiscCropAEZ06,MiscCropAEZ06,1975,CO_AWB,0.00339063173659821
China,MiscCrop,MiscCropAEZ07,MiscCropAEZ07,1975,CO_AWB,0.000459883226383971
China,MiscCrop,MiscCropAEZ08,MiscCropAEZ08,1975,CO_AWB,0.00504304806233098
China,MiscCrop,MiscCropAEZ09,MiscCropAEZ09,1975,CO_AWB,0.00919195079069954
China,MiscCrop,MiscCropAEZ10,MiscCropAEZ10,1975,CO_AWB,0.00474883493163657
China,MiscCrop,MiscCropAEZ11,MiscCropAEZ11,1975,CO_AWB,0.00797411143390804
China,MiscCrop,MiscCropAEZ12,MiscCropAEZ12,1975,CO_AWB,0.0216251296926765
China,MiscCrop,MiscCropAEZ13,MiscCropAEZ13,1975,CO_AWB,8.30654324835942e-05
China,MiscCrop,MiscCropAEZ14,MiscCropAEZ14,1975,CO_AWB,2.32016206010502e-05
China,MiscCrop,MiscCropAEZ15,MiscCropAEZ15,1975,CO_AWB,7.11076284960316e-05
China,MiscCrop,MiscCropAEZ16,MiscCropAEZ16,1975,CO_AWB,2.32660915401745e-05
China,MiscCrop,MiscCropAEZ17,MiscCropAEZ17,1975,CO_AWB,5.76562477520855e-07
China,OilCrop,OilCropAEZ04,OilCropAEZ04,1975,CO_AWB,1.54027428402745e-06
China,OilCrop,OilCropAEZ05,OilCropAEZ05,1975,CO_AWB,5.06379602845859e-06
China,OilCrop,OilCropAEZ06,OilCropAEZ06,1975,CO_AWB,0.000214380403067739
China,OilCrop,OilCropAEZ07,OilCropAEZ07,1975,CO_AWB,0.000141355568070023
China,OilCrop,OilCropAEZ08,OilCropAEZ08,1975,CO_AWB,0.00128598647462478
China,OilCrop,OilCropAEZ09,OilCropAEZ09,1975,CO_AWB,0.00174979046462011
China,OilCrop,OilCropAEZ10,OilCropAEZ10,1975,CO_AWB,0.0013163972900551
China,OilCrop,OilCropAEZ11,OilCropAEZ11,1975,CO_AWB,0.00209862194480717
China,OilCrop,OilCropAEZ12,OilCropAEZ12,1975,CO_AWB,0.00300101933170937
China,OilCrop,OilCropAEZ13,OilCropAEZ13,1975,CO_AWB,4.83481659611686e-05
China,OilCrop,OilCropAEZ14,OilCropAEZ14,1975,CO_AWB,3.93070363065232e-05
China,OilCrop,OilCropAEZ15,OilCropAEZ15,1975,CO_AWB,0.000110388208680874
China,OilCrop,OilCropAEZ16,OilCropAEZ16,1975,CO_AWB,2.69864914025134e-05
China,OilCrop,OilCropAEZ17,OilCropAEZ17,1975,CO_AWB,1.20380316920548e-06
China,OtherGrain,OtherGrainAEZ04,OtherGrainAEZ04,1975,CO_AWB,2.840796974595e-06
China,OtherGrain,OtherGrainAEZ05,OtherGrainAEZ05,1975,CO_AWB,6.19795893567837e-06
China,OtherGrain,OtherGrainAEZ06,OtherGrainAEZ06,1975,CO_AWB,9.68555437652913e-05
China,OtherGrain,OtherGrainAEZ07,OtherGrainAEZ07,1975,CO_AWB,0.000362534014351554
China,OtherGrain,OtherGrainAEZ08,OtherGrainAEZ08,1975,CO_AWB,0.00846157197132442
China,OtherGrain,OtherGrainAEZ09,OtherGrainAEZ09,1975,CO_AWB,0.00505930466016755
China,OtherGrain,OtherGrainAEZ10,OtherGrainAEZ10,1975,CO_AWB,0.00111980300575947
China,OtherGrain,OtherGrainAEZ11,OtherGrainAEZ11,1975,CO_AWB,0.00151311995297525
China,OtherGrain,OtherGrainAEZ12,OtherGrainAEZ12,1975,CO_AWB,0.00154550724922258
China,OtherGrain,OtherGrainAEZ13,OtherGrainAEZ13,1975,CO_AWB,7.53656015600311e-05
China,OtherGrain,OtherGrainAEZ14,OtherGrainAEZ14,1975,CO_AWB,6.79675282826673e-05
China,OtherGrain,OtherGrainAEZ15,OtherGrainAEZ15,1975,CO_AWB,0.000114314049241179
China,OtherGrain,OtherGrainAEZ16,OtherGrainAEZ16,1975,CO_AWB,6.02362653657037e-05
China,OtherGrain,OtherGrainAEZ17,OtherGrainAEZ17,1975,CO_AWB,3.77088558940127e-06
China,PalmFruit,PalmFruitAEZ04,PalmFruitAEZ04,1975,CO_AWB,0
China,PalmFruit,PalmFruitAEZ05,PalmFruitAEZ05,1975,CO_AWB,0
China,PalmFruit,PalmFruitAEZ06,PalmFruitAEZ06,1975,CO_AWB,0
China,PalmFruit,PalmFruitAEZ07,PalmFruitAEZ07,1975,CO_AWB,0
China,PalmFruit,PalmFruitAEZ08,PalmFruitAEZ08,1975,CO_AWB,0
China,PalmFruit,PalmFruitAEZ09,PalmFruitAEZ09,1975,CO_AWB,0
China,PalmFruit,PalmFruitAEZ10,PalmFruitAEZ10,1975,CO_AWB,0
China,PalmFruit,PalmFruitAEZ11,PalmFruitAEZ11,1975,CO_AWB,0
China,PalmFruit,PalmFruitAEZ12,PalmFruitAEZ12,1975,CO_AWB,0
China,PalmFruit,PalmFruitAEZ13,PalmFruitAEZ13,1975,CO_AWB,0
China,PalmFruit,PalmFruitAEZ14,PalmFruitAEZ14,1975,CO_AWB,0
China,PalmFruit,PalmFruitAEZ15,PalmFruitAEZ15,1975,CO_AWB,0
China,PalmFruit,PalmFruitAEZ16,PalmFruitAEZ16,1975,CO_AWB,0
China,PalmFruit,PalmFruitAEZ17,PalmFruitAEZ17,1975,CO_AWB,0
China,Rice,RiceAEZ04,RiceAEZ04,1975,CO_AWB,8.19324397045593e-05
China,Rice,RiceAEZ05,RiceAEZ05,1975,CO_AWB,0.000225397882344153
China,Rice,RiceAEZ06,RiceAEZ06,1975,CO_AWB,0.0055183531779656
China,Rice,RiceAEZ07,RiceAEZ07,1975,CO_AWB,0.000328328737772964
China,Rice,RiceAEZ08,RiceAEZ08,1975,CO_AWB,0.00209951948988202
China,Rice,RiceAEZ09,RiceAEZ09,1975,CO_AWB,0.00403509476191442
China,Rice,RiceAEZ10,RiceAEZ10,1975,CO_AWB,0.00374135495709637
China,Rice,RiceAEZ11,RiceAEZ11,1975,CO_AWB,0.0211150337742167
China,Rice,RiceAEZ12,RiceAEZ12,1975,CO_AWB,0.0672112955785743
China,Rice,RiceAEZ13,RiceAEZ13,1975,CO_AWB,1.62748887040839e-05
China,Rice,RiceAEZ14,RiceAEZ14,1975,CO_AWB,6.38805801014532e-06
China,Rice,RiceAEZ15,RiceAEZ15,1975,CO_AWB,0.000237752611415592
China,Rice,RiceAEZ16,RiceAEZ16,1975,CO_AWB,6.11441920345971e-05
China,Rice,RiceAEZ17,RiceAEZ17,1975,CO_AWB,2.6060838731963e-06
China,Root_Tuber,Root_TuberAEZ04,Root_TuberAEZ04,1975,CO_AWB,1.22541529741356e-05
China,Root_Tuber,Root_TuberAEZ05,Root_TuberAEZ05,1975,CO_AWB,2.86879645953317e-05
China,Root_Tuber,Root_TuberAEZ06,Root_TuberAEZ06,1975,CO_AWB,0.00616291479356028
China,Root_Tuber,Root_TuberAEZ07,Root_TuberAEZ07,1975,CO_AWB,0.00125654692128911
China,Root_Tuber,Root_TuberAEZ08,Root_TuberAEZ08,1975,CO_AWB,0.0137119547214769
China,Root_Tuber,Root_TuberAEZ09,Root_TuberAEZ09,1975,CO_AWB,0.0157827299973972
China,Root_Tuber,Root_TuberAEZ10,Root_TuberAEZ10,1975,CO_AWB,0.0161280896843754
China,Root_Tuber,Root_TuberAEZ11,Root_TuberAEZ11,1975,CO_AWB,0.0259340262108206
China,Root_Tuber,Root_TuberAEZ12,Root_TuberAEZ12,1975,CO_AWB,0.0425739048807879
China,Root_Tuber,Root_TuberAEZ13,Root_TuberAEZ13,1975,CO_AWB,0.000147238590102467
China,Root_Tuber,Root_TuberAEZ14,Root_TuberAEZ14,1975,CO_AWB,0.000300837324416816
China,Root_Tuber,Root_TuberAEZ15,Root_TuberAEZ15,1975,CO_AWB,0.000485347130855511
China,Root_Tuber,Root_TuberAEZ16,Root_TuberAEZ16,1975,CO_AWB,0.000362135827391174
China,Root_Tuber,Root_TuberAEZ17,Root_TuberAEZ17,1975,CO_AWB,1.35341649780589e-05
China,SugarCrop,SugarCropAEZ04,SugarCropAEZ04,1975,CO_AWB,5.075461930565e-05
China,SugarCrop,SugarCropAEZ05,SugarCropAEZ05,1975,CO_AWB,0.000134902072324875
China,SugarCrop,SugarCropAEZ06,SugarCropAEZ06,1975,CO_AWB,0.00899024587395713
China,SugarCrop,SugarCropAEZ07,SugarCropAEZ07,1975,CO_AWB,0.000606780428387264
China,SugarCrop,SugarCropAEZ08,SugarCropAEZ08,1975,CO_AWB,0.000723684342826665
China,SugarCrop,SugarCropAEZ09,SugarCropAEZ09,1975,CO_AWB,0.000295455371072341
China,SugarCrop,SugarCropAEZ10,SugarCropAEZ10,1975,CO_AWB,0.000247509422386142
China,SugarCrop,SugarCropAEZ11,SugarCropAEZ11,1975,CO_AWB,0.00242795751938553
China,SugarCrop,SugarCropAEZ12,SugarCropAEZ12,1975,CO_AWB,0.00950331467178594
China,SugarCrop,SugarCropAEZ13,SugarCropAEZ13,1975,CO_AWB,0.000146202052133652
China,SugarCrop,SugarCropAEZ14,SugarCropAEZ14,1975,CO_AWB,1.60992229619747e-05
China,SugarCrop,SugarCropAEZ15,SugarCropAEZ15,1975,CO_AWB,8.21712680329811e-05
China,SugarCrop,SugarCropAEZ16,SugarCropAEZ16,1975,CO_AWB,7.80159229672587e-06
China,SugarCrop,SugarCropAEZ17,SugarCropAEZ17,1975,CO_AWB,0
China,Wheat,WheatAEZ04,WheatAEZ04,1975,CO_AWB,0
China,Wheat,WheatAEZ05,WheatAEZ05,1975,CO_AWB,4.74782543611839e-07
China,Wheat,WheatAEZ06,WheatAEZ06,1975,CO_AWB,2.64194382992194e-05
China,Wheat,WheatAEZ07,WheatAEZ07,1975,CO_AWB,0.00159255259155454
China,Wheat,WheatAEZ08,WheatAEZ08,1975,CO_AWB,0.00420395781437139
China,Wheat,WheatAEZ09,WheatAEZ09,1975,CO_AWB,0.0100761604357486
China,Wheat,WheatAEZ10,WheatAEZ10,1975,CO_AWB,0.00520407593814344
China,Wheat,WheatAEZ11,WheatAEZ11,1975,CO_AWB,0.0089244716124426
China,Wheat,WheatAEZ12,WheatAEZ12,1975,CO_AWB,0.00390579100255143
China,Wheat,WheatAEZ13,WheatAEZ13,1975,CO_AWB,0.000314632013975607
China,Wheat,WheatAEZ14,WheatAEZ14,1975,CO_AWB,0.000187973056646424
China,Wheat,WheatAEZ15,WheatAEZ15,1975,CO_AWB,0.000214203864212253
China,Wheat,WheatAEZ16,WheatAEZ16,1975,CO_AWB,8.25240899204551e-05
China,Wheat,WheatAEZ17,WheatAEZ17,1975,CO_AWB,4.19948028091638e-06
China,Corn,CornAEZ04,CornAEZ04,1975,N2O_AWB,5.01449548243155e-09
China,Corn,CornAEZ05,CornAEZ05,1975,N2O_AWB,1.19114860930418e-08
China,Corn,CornAEZ06,CornAEZ06,1975,N2O_AWB,6.15830713722904e-08
China,Corn,CornAEZ07,CornAEZ07,1975,N2O_AWB,6.41868601413747e-07
China,Corn,CornAEZ08,CornAEZ08,1975,N2O_AWB,5.55686312343844e-06
China,Corn,CornAEZ09,CornAEZ09,1975,N2O_AWB,7.89687229658575e-06
China,Corn,CornAEZ10,CornAEZ10,1975,N2O_AWB,3.05758926109068e-06
China,Corn,CornAEZ11,CornAEZ11,1975,N2O_AWB,2.31278420057641e-06
China,Corn,CornAEZ12,CornAEZ12,1975,N2O_AWB,1.93827640228455e-06
China,Corn,CornAEZ13,CornAEZ13,1975,N2O_AWB,1.01164892798446e-07
China,Corn,CornAEZ14,CornAEZ14,1975,N2O_AWB,2.22287821752601e-08
China,Corn,CornAEZ15,CornAEZ15,1975,N2O_AWB,2.05884267354863e-07
China,Corn,CornAEZ16,CornAEZ16,1975,N2O_AWB,3.61239905265742e-08
China,Corn,CornAEZ17,CornAEZ17,1975,N2O_AWB,3.03571559759966e-09
China,FiberCrop,FiberCropAEZ04,FiberCropAEZ04,1975,N2O_AWB,0
China,FiberCrop,FiberCropAEZ05,FiberCropAEZ05,1975,N2O_AWB,2.70005734805763e-10
China,FiberCrop,FiberCropAEZ06,FiberCropAEZ06,1975,N2O_AWB,8.2843234209068e-10
China,FiberCrop,FiberCropAEZ07,FiberCropAEZ07,1975,N2O_AWB,4.37955274332032e-07
China,FiberCrop,FiberCropAEZ08,FiberCropAEZ08,1975,N2O_AWB,1.80272501721518e-07
China,FiberCrop,FiberCropAEZ09,FiberCropAEZ09,1975,N2O_AWB,7.84546331629666e-07
China,FiberCrop,FiberCropAEZ10,FiberCropAEZ10,1975,N2O_AWB,2.93324773870932e-07
China,FiberCrop,FiberCropAEZ11,FiberCropAEZ11,1975,N2O_AWB,9.25669743776828e-07
China,FiberCrop,FiberCropAEZ12,FiberCropAEZ12,1975,N2O_AWB,9.36780044270965e-07
China,FiberCrop,FiberCropAEZ13,FiberCropAEZ13,1975,N2O_AWB,4.67266698737407e-08
China,FiberCrop,FiberCropAEZ14,FiberCropAEZ14,1975,N2O_AWB,4.35493120654458e-10
China,FiberCrop,FiberCropAEZ15,FiberCropAEZ15,1975,N2O_AWB,1.61754587671655e-10
China,FiberCrop,FiberCropAEZ16,FiberCropAEZ16,1975,N2O_AWB,4.35493120654458e-11
China,FiberCrop,FiberCropAEZ17,FiberCropAEZ17,1975,N2O_AWB,0
China,FodderGrass,FodderGrassAEZ04,FodderGrassAEZ04,1975,N2O_AWB,0
China,FodderGrass,FodderGrassAEZ05,FodderGrassAEZ05,1975,N2O_AWB,0
China,FodderGrass,FodderGrassAEZ06,FodderGrassAEZ06,1975,N2O_AWB,0
China,FodderGrass,FodderGrassAEZ07,FodderGrassAEZ07,1975,N2O_AWB,0
China,FodderGrass,FodderGrassAEZ08,FodderGrassAEZ08,1975,N2O_AWB,0
China,FodderGrass,FodderGrassAEZ09,FodderGrassAEZ09,1975,N2O_AWB,0
China,FodderGrass,FodderGrassAEZ10,FodderGrassAEZ10,1975,N2O_AWB,0
China,FodderGrass,FodderGrassAEZ11,FodderGrassAEZ11,1975,N2O_AWB,0
China,FodderGrass,FodderGrassAEZ12,FodderGrassAEZ12,1975,N2O_AWB,0
China,FodderGrass,FodderGrassAEZ13,FodderGrassAEZ13,1975,N2O_AWB,0
China,FodderGrass,FodderGrassAEZ14,FodderGrassAEZ14,1975,N2O_AWB,0
China,FodderGrass,FodderGrassAEZ15,FodderGrassAEZ15,1975,N2O_AWB,0
China,FodderGrass,FodderGrassAEZ16,FodderGrassAEZ16,1975,N2O_AWB,0
China,FodderGrass,FodderGrassAEZ17,FodderGrassAEZ17,1975,N2O_AWB,0
China,FodderHerb,FodderHerbAEZ04,FodderHerbAEZ04,1975,N2O_AWB,0
China,FodderHerb,FodderHerbAEZ05,FodderHerbAEZ05,1975,N2O_AWB,0
China,FodderHerb,FodderHerbAEZ06,FodderHerbAEZ06,1975,N2O_AWB,0
China,FodderHerb,FodderHerbAEZ07,FodderHerbAEZ07,1975,N2O_AWB,0
China,FodderHerb,FodderHerbAEZ08,FodderHerbAEZ08,1975,N2O_AWB,0
China,FodderHerb,FodderHerbAEZ09,FodderHerbAEZ09,1975,N2O_AWB,0
China,FodderHerb,FodderHerbAEZ10,FodderHerbAEZ10,1975,N2O_AWB,0
China,FodderHerb,FodderHerbAEZ11,FodderHerbAEZ11,1975,N2O_AWB,0
China,FodderHerb,FodderHerbAEZ12,FodderHerbAEZ12,1975,N2O_AWB,0
China,FodderHerb,FodderHerbAEZ13,FodderHerbAEZ13,1975,N2O_AWB,0
China,FodderHerb,FodderHerbAEZ14,FodderHerbAEZ14,1975,N2O_AWB,0
China,FodderHerb,FodderHerbAEZ15,FodderHerbAEZ15,1975,N2O_AWB,0
China,FodderHerb,FodderHerbAEZ16,FodderHerbAEZ16,1975,N2O_AWB,0
China,FodderHerb,FodderHerbAEZ17,FodderHerbAEZ17,1975,N2O_AWB,0
China,MiscCrop,MiscCropAEZ04,MiscCropAEZ04,1975,N2O_AWB,3.00675845774733e-08
China,MiscCrop,MiscCropAEZ05,MiscCropAEZ05,1975,N2O_AWB,6.00825116809079e-08
China,MiscCrop,MiscCropAEZ06,MiscCropAEZ06,1975,N2O_AWB,2.00129970794333e-06
China,MiscCrop,MiscCropAEZ07,MiscCropAEZ07,1975,N2O_AWB,2.71443270207125e-07
China,MiscCrop,MiscCropAEZ08,MiscCropAEZ08,1975,N2O_AWB,2.9766283684978e-06
China,MiscCrop,MiscCropAEZ09,MiscCropAEZ09,1975,N2O_AWB,5.42549290572997e-06
China,MiscCrop,MiscCropAEZ10,MiscCropAEZ10,1975,N2O_AWB,2.80297086208793e-06
China,MiscCrop,MiscCropAEZ11,MiscCropAEZ11,1975,N2O_AWB,4.70667065123352e-06
China,MiscCrop,MiscCropAEZ12,MiscCropAEZ12,1975,N2O_AWB,1.27641009405554e-05
China,MiscCrop,MiscCropAEZ13,MiscCropAEZ13,1975,N2O_AWB,4.90288650269019e-08
China,MiscCrop,MiscCropAEZ14,MiscCropAEZ14,1975,N2O_AWB,1.36946150864735e-08
China,MiscCrop,MiscCropAEZ15,MiscCropAEZ15,1975,N2O_AWB,4.19708441366821e-08
China,MiscCrop,MiscCropAEZ16,MiscCropAEZ16,1975,N2O_AWB,1.37326686651762e-08
China,MiscCrop,MiscCropAEZ17,MiscCropAEZ17,1975,N2O_AWB,3.40312486731822e-10
China,OilCrop,OilCropAEZ04,OilCropAEZ04,1975,N2O_AWB,9.09137504230835e-10
China,OilCrop,OilCropAEZ05,OilCropAEZ05,1975,N2O_AWB,2.98887472899263e-09
China,OilCrop,OilCropAEZ06,OilCropAEZ06,1975,N2O_AWB,1.26536725713153e-07
China,OilCrop,OilCropAEZ07,OilCropAEZ07,1975,N2O_AWB,8.34342621291356e-08
China,OilCrop,OilCropAEZ08,OilCropAEZ08,1975,N2O_AWB,7.59045675266331e-07
China,OilCrop,OilCropAEZ09,OilCropAEZ09,1975,N2O_AWB,1.03280315228797e-06
China,OilCrop,OilCropAEZ10,OilCropAEZ10,1975,N2O_AWB,7.76995473642277e-07
China,OilCrop,OilCropAEZ11,OilCropAEZ11,1975,N2O_AWB,1.23869880644716e-06
China,OilCrop,OilCropAEZ12,OilCropAEZ12,1975,N2O_AWB,1.77133336164309e-06
China,OilCrop,OilCropAEZ13,OilCropAEZ13,1975,N2O_AWB,2.85372101526898e-08
China,OilCrop,OilCropAEZ14,OilCropAEZ14,1975,N2O_AWB,2.32007385028747e-08
China,OilCrop,OilCropAEZ15,OilCropAEZ15,1975,N2O_AWB,6.51559670750524e-08
China,OilCrop,OilCropAEZ16,OilCropAEZ16,1975,N2O_AWB,1.59286119985567e-08
China,OilCrop,OilCropAEZ17,OilCropAEZ17,1975,N2O_AWB,7.10537480360308e-10
China,OtherGrain,OtherGrainAEZ04,OtherGrainAEZ04,1975,N2O_AWB,1.67676309232193e-09
China,OtherGrain,OtherGrainAEZ05,OtherGrainAEZ05,1975,N2O_AWB,3.65830746935162e-09
China,OtherGrain,OtherGrainAEZ06,OtherGrainAEZ06,1975,N2O_AWB,5.71683941248792e-08
China,OtherGrain,OtherGrainAEZ07,OtherGrainAEZ07,1975,N2O_AWB,2.13983491397746e-07
China,OtherGrain,OtherGrainAEZ08,OtherGrainAEZ08,1975,N2O_AWB,4.9943912611232e-06
China,OtherGrain,OtherGrainAEZ09,OtherGrainAEZ09,1975,N2O_AWB,2.98622372624524e-06
China,OtherGrain,OtherGrainAEZ10,OtherGrainAEZ10,1975,N2O_AWB,6.60956896082416e-07
China,OtherGrain,OtherGrainAEZ11,OtherGrainAEZ11,1975,N2O_AWB,8.93109825902462e-07
China,OtherGrain,OtherGrainAEZ12,OtherGrainAEZ12,1975,N2O_AWB,9.12226230028936e-07
China,OtherGrain,OtherGrainAEZ13,OtherGrainAEZ13,1975,N2O_AWB,4.44840867744574e-08
China,OtherGrain,OtherGrainAEZ14,OtherGrainAEZ14,1975,N2O_AWB,4.01174191326963e-08
China,OtherGrain,OtherGrainAEZ15,OtherGrainAEZ15,1975,N2O_AWB,6.74731705277201e-08
China,OtherGrain,OtherGrainAEZ16,OtherGrainAEZ16,1975,N2O_AWB,3.55540883378056e-08
China,OtherGrain,OtherGrainAEZ17,OtherGrainAEZ17,1975,N2O_AWB,2.22574222593929e-09
China,PalmFruit,PalmFruitAEZ04,PalmFruitAEZ04,1975,N2O_AWB,0
China,PalmFruit,PalmFruitAEZ05,PalmFruitAEZ05,1975,N2O_AWB,0
China,PalmFruit,PalmFruitAEZ06,PalmFruitAEZ06,1975,N2O_AWB,0
China,PalmFruit,PalmFruitAEZ07,PalmFruitAEZ07,1975,N2O_AWB,0
China,PalmFruit,PalmFruitAEZ08,PalmFruitAEZ08,1975,N2O_AWB,0
China,PalmFruit,PalmFruitAEZ09,PalmFruitAEZ09,1975,N2O_AWB,0
China,PalmFruit,PalmFruitAEZ10,PalmFruitAEZ10,1975,N2O_AWB,0
China,PalmFruit,PalmFruitAEZ11,PalmFruitAEZ11,1975,N2O_AWB,0
China,PalmFruit,PalmFruitAEZ12,PalmFruitAEZ12,1975,N2O_AWB,0
China,PalmFruit,PalmFruitAEZ13,PalmFruitAEZ13,1975,N2O_AWB,0
China,PalmFruit,PalmFruitAEZ14,PalmFruitAEZ14,1975,N2O_AWB,0
China,PalmFruit,PalmFruitAEZ15,PalmFruitAEZ15,1975,N2O_AWB,0
China,PalmFruit,PalmFruitAEZ16,PalmFruitAEZ16,1975,N2O_AWB,0
China,PalmFruit,PalmFruitAEZ17,PalmFruitAEZ17,1975,N2O_AWB,0
China,Rice,RiceAEZ04,RiceAEZ04,1975,N2O_AWB,4.83601229475692e-08
China,Rice,RiceAEZ05,RiceAEZ05,1975,N2O_AWB,1.33039725676305e-07
China,Rice,RiceAEZ06,RiceAEZ06,1975,N2O_AWB,3.25717431479921e-06
China,Rice,RiceAEZ07,RiceAEZ07,1975,N2O_AWB,1.93794035465993e-07
China,Rice,RiceAEZ08,RiceAEZ08,1975,N2O_AWB,1.23922857695475e-06
China,Rice,RiceAEZ09,RiceAEZ09,1975,N2O_AWB,2.38169007898363e-06
China,Rice,RiceAEZ10,RiceAEZ10,1975,N2O_AWB,2.20831195028615e-06
China,Rice,RiceAEZ11,RiceAEZ11,1975,N2O_AWB,1.24630199350255e-05
China,Rice,RiceAEZ12,RiceAEZ12,1975,N2O_AWB,3.96710573902805e-05
China,Rice,RiceAEZ13,RiceAEZ13,1975,N2O_AWB,9.60615382045925e-09
China,Rice,RiceAEZ14,RiceAEZ14,1975,N2O_AWB,3.77051228891505e-09
China,Rice,RiceAEZ15,RiceAEZ15,1975,N2O_AWB,1.40332029177008e-07
China,Rice,RiceAEZ16,RiceAEZ16,1975,N2O_AWB,3.60899865179817e-08
China,Rice,RiceAEZ17,RiceAEZ17,1975,N2O_AWB,1.53822511539879e-09
China,Root_Tuber,Root_TuberAEZ04,Root_TuberAEZ04,1975,N2O_AWB,7.23293907253859e-09
China,Root_Tuber,Root_TuberAEZ05,Root_TuberAEZ05,1975,N2O_AWB,1.69328961757811e-08
China,Root_Tuber,Root_TuberAEZ06,Root_TuberAEZ06,1975,N2O_AWB,3.63762287815022e-06
China,Root_Tuber,Root_TuberAEZ07,Root_TuberAEZ07,1975,N2O_AWB,7.41669158419425e-07
China,Root_Tuber,Root_TuberAEZ08,Root_TuberAEZ08,1975,N2O_AWB,8.09339766487176e-06
China,Root_Tuber,Root_TuberAEZ09,Root_TuberAEZ09,1975,N2O_AWB,9.31566014480516e-06
China,Root_Tuber,Root_TuberAEZ10,Root_TuberAEZ10,1975,N2O_AWB,9.51950659419228e-06
China,Root_Tuber,Root_TuberAEZ11,Root_TuberAEZ11,1975,N2O_AWB,1.53074008366307e-05
China,Root_Tuber,Root_TuberAEZ12,Root_TuberAEZ12,1975,N2O_AWB,2.51289877589041e-05
China,Root_Tuber,Root_TuberAEZ13,Root_TuberAEZ13,1975,N2O_AWB,8.69066800117001e-08
China,Root_Tuber,Root_TuberAEZ14,Root_TuberAEZ14,1975,N2O_AWB,1.77567396363096e-07
China,Root_Tuber,Root_TuberAEZ15,Root_TuberAEZ15,1975,N2O_AWB,2.86473184553741e-07
China,Root_Tuber,Root_TuberAEZ16,Root_TuberAEZ16,1975,N2O_AWB,2.13748463972352e-07
China,Root_Tuber,Root_TuberAEZ17,Root_TuberAEZ17,1975,N2O_AWB,7.98845835290308e-09
China,SugarCrop,SugarCropAEZ04,SugarCropAEZ04,1975,N2O_AWB,2.99576045657739e-08
China,SugarCrop,SugarCropAEZ05,SugarCropAEZ05,1975,N2O_AWB,7.96251256161456e-08
China,SugarCrop,SugarCropAEZ06,SugarCropAEZ06,1975,N2O_AWB,5.30643780853079e-06
China,SugarCrop,SugarCropAEZ07,SugarCropAEZ07,1975,N2O_AWB,3.58148447974922e-07
China,SugarCrop,SugarCropAEZ08,SugarCropAEZ08,1975,N2O_AWB,4.27150270644032e-07
China,SugarCrop,SugarCropAEZ09,SugarCropAEZ09,1975,N2O_AWB,1.74390731218309e-07
China,SugarCrop,SugarCropAEZ10,SugarCropAEZ10,1975,N2O_AWB,1.46090927359625e-07
China,SugarCrop,SugarCropAEZ11,SugarCropAEZ11,1975,N2O_AWB,1.43308712119829e-06
China,SugarCrop,SugarCropAEZ12,SugarCropAEZ12,1975,N2O_AWB,5.60927353798097e-06
China,SugarCrop,SugarCropAEZ13,SugarCropAEZ13,1975,N2O_AWB,8.62948697959603e-08
China,SugarCrop,SugarCropAEZ14,SugarCropAEZ14,1975,N2O_AWB,9.50246818731191e-09
China,SugarCrop,SugarCropAEZ15,SugarCropAEZ15,1975,N2O_AWB,4.85010899121498e-08
China,SugarCrop,SugarCropAEZ16,SugarCropAEZ16,1975,N2O_AWB,4.60484228245771e-09
China,SugarCrop,SugarCropAEZ17,SugarCropAEZ17,1975,N2O_AWB,0
China,Wheat,WheatAEZ04,WheatAEZ04,1975,N2O_AWB,0
China,Wheat,WheatAEZ05,WheatAEZ05,1975,N2O_AWB,2.80237501351378e-10
China,Wheat,WheatAEZ06,WheatAEZ06,1975,N2O_AWB,1.55939123619783e-08
China,Wheat,WheatAEZ07,WheatAEZ07,1975,N2O_AWB,9.39994456478531e-07
China,Wheat,WheatAEZ08,WheatAEZ08,1975,N2O_AWB,2.4813604660436e-06
China,Wheat,WheatAEZ09,WheatAEZ09,1975,N2O_AWB,5.94739225719798e-06
China,Wheat,WheatAEZ10,WheatAEZ10,1975,N2O_AWB,3.07167409031881e-06
China,Wheat,WheatAEZ11,WheatAEZ11,1975,N2O_AWB,5.26761495173441e-06
China,Wheat,WheatAEZ12,WheatAEZ12,1975,N2O_AWB,2.30536932345718e-06
China,Wheat,WheatAEZ13,WheatAEZ13,1975,N2O_AWB,1.85709627761212e-07
China,Wheat,WheatAEZ14,WheatAEZ14,1975,N2O_AWB,1.10949950508377e-07
China,Wheat,WheatAEZ15,WheatAEZ15,1975,N2O_AWB,1.26432524730159e-07
China,Wheat,WheatAEZ16,WheatAEZ16,1975,N2O_AWB,4.87093408798784e-08
China,Wheat,WheatAEZ17,WheatAEZ17,1975,N2O_AWB,2.47871762922381e-09
China,Corn,CornAEZ04,CornAEZ04,1975,NH3_AWB,9.30375401492466e-08
China,Corn,CornAEZ05,CornAEZ05,1975,NH3_AWB,2.21002365941148e-07
China,Corn,CornAEZ06,CornAEZ06,1975,NH3_AWB,1.14259500190737e-06
China,Corn,CornAEZ07,CornAEZ07,1975,NH3_AWB,1.19090496708584e-05
China,Corn,CornAEZ08,CornAEZ08,1975,NH3_AWB,0.000103100476959664
China,Corn,CornAEZ09,CornAEZ09,1975,NH3_AWB,0.000146516349635
China,Corn,CornAEZ10,CornAEZ10,1975,NH3_AWB,5.67296519929634e-05
China,Corn,CornAEZ11,CornAEZ11,1975,NH3_AWB,4.29107481842482e-05
China,Corn,CornAEZ12,CornAEZ12,1975,NH3_AWB,3.59622357283373e-05
China,Corn,CornAEZ13,CornAEZ13,1975,NH3_AWB,1.87698499448356e-06
China,Corn,CornAEZ14,CornAEZ14,1975,NH3_AWB,4.12426578375693e-07
China,Corn,CornAEZ15,CornAEZ15,1975,NH3_AWB,3.81991884472452e-06
China,Corn,CornAEZ16,CornAEZ16,1975,NH3_AWB,6.70234369687265e-07
China,Corn,CornAEZ17,CornAEZ17,1975,NH3_AWB,5.63238141868697e-08
China,FiberCrop,FiberCropAEZ04,FiberCropAEZ04,1975,NH3_AWB,0
China,FiberCrop,FiberCropAEZ05,FiberCropAEZ05,1975,NH3_AWB,5.0096105342061e-09
China,FiberCrop,FiberCropAEZ06,FiberCropAEZ06,1975,NH3_AWB,1.53705008925089e-08
China,FiberCrop,FiberCropAEZ07,FiberCropAEZ07,1975,NH3_AWB,8.12569909814389e-06
China,FiberCrop,FiberCropAEZ08,FiberCropAEZ08,1975,NH3_AWB,3.34472534185791e-06
China,FiberCrop,FiberCropAEZ09,FiberCropAEZ09,1975,NH3_AWB,1.45562521860215e-05
China,FiberCrop,FiberCropAEZ10,FiberCropAEZ10,1975,NH3_AWB,5.44226543256398e-06
China,FiberCrop,FiberCropAEZ11,FiberCropAEZ11,1975,NH3_AWB,1.71746163204874e-05
China,FiberCrop,FiberCropAEZ12,FiberCropAEZ12,1975,NH3_AWB,1.7380753713953e-05
China,FiberCrop,FiberCropAEZ13,FiberCropAEZ13,1975,NH3_AWB,8.66953503029322e-07
China,FiberCrop,FiberCropAEZ14,FiberCropAEZ14,1975,NH3_AWB,8.08001699065502e-09
China,FiberCrop,FiberCropAEZ15,FiberCropAEZ15,1975,NH3_AWB,3.00114916795757e-09
China,FiberCrop,FiberCropAEZ16,FiberCropAEZ16,1975,NH3_AWB,8.08001699065503e-10
China,FiberCrop,FiberCropAEZ17,FiberCropAEZ17,1975,NH3_AWB,0
China,FodderGrass,FodderGrassAEZ04,FodderGrassAEZ04,1975,NH3_AWB,0
China,FodderGrass,FodderGrassAEZ05,FodderGrassAEZ05,1975,NH3_AWB,0
China,FodderGrass,FodderGrassAEZ06,FodderGrassAEZ06,1975,NH3_AWB,0
China,FodderGrass,FodderGrassAEZ07,FodderGrassAEZ07,1975,NH3_AWB,0
China,FodderGrass,FodderGrassAEZ08,FodderGrassAEZ08,1975,NH3_AWB,0
China,FodderGrass,FodderGrassAEZ09,FodderGrassAEZ09,1975,NH3_AWB,0
China,FodderGrass,FodderGrassAEZ10,FodderGrassAEZ10,1975,NH3_AWB,0
China,FodderGrass,FodderGrassAEZ11,FodderGrassAEZ11,1975,NH3_AWB,0
China,FodderGrass,FodderGrassAEZ12,FodderGrassAEZ12,1975,NH3_AWB,0
China,FodderGrass,FodderGrassAEZ13,FodderGrassAEZ13,1975,NH3_AWB,0
China,FodderGrass,FodderGrassAEZ14,FodderGrassAEZ14,1975,NH3_AWB,0
China,FodderGrass,FodderGrassAEZ15,FodderGrassAEZ15,1975,NH3_AWB,0
China,FodderGrass,FodderGrassAEZ16,FodderGrassAEZ16,1975,NH3_AWB,0
China,FodderGrass,FodderGrassAEZ17,FodderGrassAEZ17,1975,NH3_AWB,0
China,FodderHerb,FodderHerbAEZ04,FodderHerbAEZ04,1975,NH3_AWB,0
China,FodderHerb,FodderHerbAEZ05,FodderHerbAEZ05,1975,NH3_AWB,0
China,FodderHerb,FodderHerbAEZ06,FodderHerbAEZ06,1975,NH3_AWB,0
China,FodderHerb,FodderHerbAEZ07,FodderHerbAEZ07,1975,NH3_AWB,0
China,FodderHerb,FodderHerbAEZ08,FodderHerbAEZ08,1975,NH3_AWB,0
China,FodderHerb,FodderHerbAEZ09,FodderHerbAEZ09,1975,NH3_AWB,0
China,FodderHerb,FodderHerbAEZ10,FodderHerbAEZ10,1975,NH3_AWB,0
China,FodderHerb,FodderHerbAEZ11,FodderHerbAEZ11,1975,NH3_AWB,0
China,FodderHerb,FodderHerbAEZ12,FodderHerbAEZ12,1975,NH3_AWB,0
China,FodderHerb,FodderHerbAEZ13,FodderHerbAEZ13,1975,NH3_AWB,0
China,FodderHerb,FodderHerbAEZ14,FodderHerbAEZ14,1975,NH3_AWB,0
China,FodderHerb,FodderHerbAEZ15,FodderHerbAEZ15,1975,NH3_AWB,0
China,FodderHerb,FodderHerbAEZ16,FodderHerbAEZ16,1975,NH3_AWB,0
China,FodderHerb,FodderHerbAEZ17,FodderHerbAEZ17,1975,NH3_AWB,0
China,MiscCrop,MiscCropAEZ04,MiscCropAEZ04,1975,NH3_AWB,5.57865515507665e-07
China,MiscCrop,MiscCropAEZ05,MiscCropAEZ05,1975,NH3_AWB,1.11475403903833e-06
China,MiscCrop,MiscCropAEZ06,MiscCropAEZ06,1975,NH3_AWB,3.71315524325023e-05
China,MiscCrop,MiscCropAEZ07,MiscCropAEZ07,1975,NH3_AWB,5.03628216210739e-06
China,MiscCrop,MiscCropAEZ08,MiscCropAEZ08,1975,NH3_AWB,5.52275263411368e-05
China,MiscCrop,MiscCropAEZ09,MiscCropAEZ09,1975,NH3_AWB,0.000100663070854246
China,MiscCrop,MiscCropAEZ10,MiscCropAEZ10,1975,NH3_AWB,5.20055337635322e-05
China,MiscCrop,MiscCropAEZ11,MiscCropAEZ11,1975,NH3_AWB,8.73262447274319e-05
China,MiscCrop,MiscCropAEZ12,MiscCropAEZ12,1975,NH3_AWB,0.000236821542244189
China,MiscCrop,MiscCropAEZ13,MiscCropAEZ13,1975,NH3_AWB,9.09667785003263e-07
China,MiscCrop,MiscCropAEZ14,MiscCropAEZ14,1975,NH3_AWB,2.54086040240769e-07
China,MiscCrop,MiscCropAEZ15,MiscCropAEZ15,1975,NH3_AWB,7.78715248651663e-07
China,MiscCrop,MiscCropAEZ16,MiscCropAEZ16,1975,NH3_AWB,2.54792075647277e-07
China,MiscCrop,MiscCropAEZ17,MiscCropAEZ17,1975,NH3_AWB,6.31406225382595e-09
China,OilCrop,OilCropAEZ04,OilCropAEZ04,1975,NH3_AWB,1.68678817933738e-08
China,OilCrop,OilCropAEZ05,OilCropAEZ05,1975,NH3_AWB,5.54547418726319e-08
China,OilCrop,OilCropAEZ06,OilCropAEZ06,1975,NH3_AWB,2.34772685310768e-06
China,OilCrop,OilCropAEZ07,OilCropAEZ07,1975,NH3_AWB,1.54801585520586e-06
China,OilCrop,OilCropAEZ08,OilCropAEZ08,1975,NH3_AWB,1.40831201733299e-05
China,OilCrop,OilCropAEZ09,OilCropAEZ09,1975,NH3_AWB,1.91623394784007e-05
China,OilCrop,OilCropAEZ10,OilCropAEZ10,1975,NH3_AWB,1.44161556886522e-05
China,OilCrop,OilCropAEZ11,OilCropAEZ11,1975,NH3_AWB,2.29824695906932e-05
China,OilCrop,OilCropAEZ12,OilCropAEZ12,1975,NH3_AWB,3.28648214618905e-05
China,OilCrop,OilCropAEZ13,OilCropAEZ13,1975,NH3_AWB,5.29471378452798e-07
China,OilCrop,OilCropAEZ14,OilCropAEZ14,1975,NH3_AWB,4.30459982966559e-07
China,OilCrop,OilCropAEZ15,OilCropAEZ15,1975,NH3_AWB,1.20888550482225e-06
China,OilCrop,OilCropAEZ16,OilCropAEZ16,1975,NH3_AWB,2.95534991212891e-07
China,OilCrop,OilCropAEZ17,OilCropAEZ17,1975,NH3_AWB,1.31831127554454e-08
China,OtherGrain,OtherGrainAEZ04,OtherGrainAEZ04,1975,NH3_AWB,3.11101912583696e-08
China,OtherGrain,OtherGrainAEZ05,OtherGrainAEZ05,1975,NH3_AWB,6.7875208832185e-08
China,OtherGrain,OtherGrainAEZ06,OtherGrainAEZ06,1975,NH3_AWB,1.06068632074673e-06
China,OtherGrain,OtherGrainAEZ07,OtherGrainAEZ07,1975,NH3_AWB,3.97018957180116e-06
China,OtherGrain,OtherGrainAEZ08,OtherGrainAEZ08,1975,NH3_AWB,9.26645320762114e-05
China,OtherGrain,OtherGrainAEZ09,OtherGrainAEZ09,1975,NH3_AWB,5.54055559125666e-05
China,OtherGrain,OtherGrainAEZ10,OtherGrainAEZ10,1975,NH3_AWB,1.22632085264878e-05
China,OtherGrain,OtherGrainAEZ11,OtherGrainAEZ11,1975,NH3_AWB,1.65705087533143e-05
China,OtherGrain,OtherGrainAEZ12,OtherGrainAEZ12,1975,NH3_AWB,1.69251891439253e-05
China,OtherGrain,OtherGrainAEZ13,OtherGrainAEZ13,1975,NH3_AWB,8.25345246352536e-07
China,OtherGrain,OtherGrainAEZ14,OtherGrainAEZ14,1975,NH3_AWB,7.4432732192482e-07
China,OtherGrain,OtherGrainAEZ15,OtherGrainAEZ15,1975,NH3_AWB,1.25187824656803e-06
China,OtherGrain,OtherGrainAEZ16,OtherGrainAEZ16,1975,NH3_AWB,6.59660564614657e-07
China,OtherGrain,OtherGrainAEZ17,OtherGrainAEZ17,1975,NH3_AWB,4.12957958449066e-08
China,PalmFruit,PalmFruitAEZ04,PalmFruitAEZ04,1975,NH3_AWB,0
China,PalmFruit,PalmFruitAEZ05,PalmFruitAEZ05,1975,NH3_AWB,0
China,PalmFruit,PalmFruitAEZ06,PalmFruitAEZ06,1975,NH3_AWB,0
China,PalmFruit,PalmFruitAEZ07,PalmFruitAEZ07,1975,NH3_AWB,0
China,PalmFruit,PalmFruitAEZ08,PalmFruitAEZ08,1975,NH3_AWB,0
China,PalmFruit,PalmFruitAEZ09,PalmFruitAEZ09,1975,NH3_AWB,0
China,PalmFruit,PalmFruitAEZ10,PalmFruitAEZ10,1975,NH3_AWB,0
China,PalmFruit,PalmFruitAEZ11,PalmFruitAEZ11,1975,NH3_AWB,0
China,PalmFruit,PalmFruitAEZ12,PalmFruitAEZ12,1975,NH3_AWB,0
China,PalmFruit,PalmFruitAEZ13,PalmFruitAEZ13,1975,NH3_AWB,0
China,PalmFruit,PalmFruitAEZ14,PalmFruitAEZ14,1975,NH3_AWB,0
China,PalmFruit,PalmFruitAEZ15,PalmFruitAEZ15,1975,NH3_AWB,0
China,PalmFruit,PalmFruitAEZ16,PalmFruitAEZ16,1975,NH3_AWB,0
China,PalmFruit,PalmFruitAEZ17,PalmFruitAEZ17,1975,NH3_AWB,0
China,Rice,RiceAEZ04,RiceAEZ04,1975,NH3_AWB,8.9726013237432e-07
China,Rice,RiceAEZ05,RiceAEZ05,1975,NH3_AWB,2.46838168713475e-06
China,Rice,RiceAEZ06,RiceAEZ06,1975,NH3_AWB,6.04326969977208e-05
China,Rice,RiceAEZ07,RiceAEZ07,1975,NH3_AWB,3.59560007951368e-06
China,Rice,RiceAEZ08,RiceAEZ08,1975,NH3_AWB,2.29922988038299e-05
China,Rice,RiceAEZ09,RiceAEZ09,1975,NH3_AWB,4.41892084902335e-05
China,Rice,RiceAEZ10,RiceAEZ10,1975,NH3_AWB,4.09723994082017e-05
China,Rice,RiceAEZ11,RiceAEZ11,1975,NH3_AWB,0.000231235369868861
China,Rice,RiceAEZ12,RiceAEZ12,1975,NH3_AWB,0.000736045651579997
China,Rice,RiceAEZ13,RiceAEZ13,1975,NH3_AWB,1.78229878734967e-07
China,Rice,RiceAEZ14,RiceAEZ14,1975,NH3_AWB,6.99570255257378e-08
China,Rice,RiceAEZ15,RiceAEZ15,1975,NH3_AWB,2.60368103720977e-06
China,Rice,RiceAEZ16,RiceAEZ16,1975,NH3_AWB,6.69603468866685e-07
China,Rice,RiceAEZ17,RiceAEZ17,1975,NH3_AWB,2.85397965625644e-08
China,Root_Tuber,Root_TuberAEZ04,Root_TuberAEZ04,1975,NH3_AWB,1.34197919155778e-07
China,Root_Tuber,Root_TuberAEZ05,Root_TuberAEZ05,1975,NH3_AWB,3.14168197641559e-07
China,Root_Tuber,Root_TuberAEZ06,Root_TuberAEZ06,1975,NH3_AWB,6.74914327392334e-05
China,Root_Tuber,Root_TuberAEZ07,Root_TuberAEZ07,1975,NH3_AWB,1.376072116241e-05
China,Root_Tuber,Root_TuberAEZ08,Root_TuberAEZ08,1975,NH3_AWB,0.000150162626096174
China,Root_Tuber,Root_TuberAEZ09,Root_TuberAEZ09,1975,NH3_AWB,0.000172840140703203
China,Root_Tuber,Root_TuberAEZ10,Root_TuberAEZ10,1975,NH3_AWB,0.000176622250445964
China,Root_Tuber,Root_TuberAEZ11,Root_TuberAEZ11,1975,NH3_AWB,0.000284009213869719
China,Root_Tuber,Root_TuberAEZ12,Root_TuberAEZ12,1975,NH3_AWB,0.000466236177840824
China,Root_Tuber,Root_TuberAEZ13,Root_TuberAEZ13,1975,NH3_AWB,1.61244212087824e-06
China,Root_Tuber,Root_TuberAEZ14,Root_TuberAEZ14,1975,NH3_AWB,3.29453557715001e-06
China,Root_Tuber,Root_TuberAEZ15,Root_TuberAEZ15,1975,NH3_AWB,5.3151429696128e-06
China,Root_Tuber,Root_TuberAEZ16,Root_TuberAEZ16,1975,NH3_AWB,3.96582893899115e-06
China,Root_Tuber,Root_TuberAEZ17,Root_TuberAEZ17,1975,NH3_AWB,1.48215611588987e-07
China,SugarCrop,SugarCropAEZ04,SugarCropAEZ04,1975,NH3_AWB,5.55824977274069e-07
China,SugarCrop,SugarCropAEZ05,SugarCropAEZ05,1975,NH3_AWB,1.47734220667973e-06
China,SugarCrop,SugarCropAEZ06,SugarCropAEZ06,1975,NH3_AWB,9.8454156034311e-05
China,SugarCrop,SugarCropAEZ07,SugarCropAEZ07,1975,NH3_AWB,6.64498566697272e-06
China,SugarCrop,SugarCropAEZ08,SugarCropAEZ08,1975,NH3_AWB,7.92522609583348e-06
China,SugarCrop,SugarCropAEZ09,SugarCropAEZ09,1975,NH3_AWB,3.23559662467027e-06
China,SugarCrop,SugarCropAEZ10,SugarCropAEZ10,1975,NH3_AWB,2.71053001588726e-06
China,SugarCrop,SugarCropAEZ11,SugarCropAEZ11,1975,NH3_AWB,2.65890957610757e-05
China,SugarCrop,SugarCropAEZ12,SugarCropAEZ12,1975,NH3_AWB,0.000104072885064192
China,SugarCrop,SugarCropAEZ13,SugarCropAEZ13,1975,NH3_AWB,1.60109076604902e-06
China,SugarCrop,SugarCropAEZ14,SugarCropAEZ14,1975,NH3_AWB,1.76306124632357e-07
China,SugarCrop,SugarCropAEZ15,SugarCropAEZ15,1975,NH3_AWB,8.99875593824598e-07
China,SugarCrop,SugarCropAEZ16,SugarCropAEZ16,1975,NH3_AWB,8.54369497860955e-08
China,SugarCrop,SugarCropAEZ17,SugarCropAEZ17,1975,NH3_AWB,0
China,Wheat,WheatAEZ04,WheatAEZ04,1975,NH3_AWB,0
China,Wheat,WheatAEZ05,WheatAEZ05,1975,NH3_AWB,5.1994478556516e-09
China,Wheat,WheatAEZ06,WheatAEZ06,1975,NH3_AWB,2.89325068203647e-07
China,Wheat,WheatAEZ07,WheatAEZ07,1975,NH3_AWB,1.74403930148289e-05
China,Wheat,WheatAEZ08,WheatAEZ08,1975,NH3_AWB,4.60384648451891e-05
China,Wheat,WheatAEZ09,WheatAEZ09,1975,NH3_AWB,0.000110346244771979
China,Wheat,WheatAEZ10,WheatAEZ10,1975,NH3_AWB,5.69909779567416e-05
China,Wheat,WheatAEZ11,WheatAEZ11,1975,NH3_AWB,9.77338476582129e-05
China,Wheat,WheatAEZ12,WheatAEZ12,1975,NH3_AWB,4.27731746376973e-05
China,Wheat,WheatAEZ13,WheatAEZ13,1975,NH3_AWB,3.44560425061091e-06
China,Wheat,WheatAEZ14,WheatAEZ14,1975,NH3_AWB,2.05853420571327e-06
China,Wheat,WheatAEZ15,WheatAEZ15,1975,NH3_AWB,2.34579353734882e-06
China,Wheat,WheatAEZ16,WheatAEZ16,1975,NH3_AWB,9.03739423763033e-07
China,Wheat,WheatAEZ17,WheatAEZ17,1975,NH3_AWB,4.59894303934501e-08
China,Corn,CornAEZ04,CornAEZ04,1975,NMVOC_AWB,5.01449548243155e-07
China,Corn,CornAEZ05,CornAEZ05,1975,NMVOC_AWB,1.19114860930418e-06
China,Corn,CornAEZ06,CornAEZ06,1975,NMVOC_AWB,6.15830713722904e-06
China,Corn,CornAEZ07,CornAEZ07,1975,NMVOC_AWB,6.41868601413747e-05
China,Corn,CornAEZ08,CornAEZ08,1975,NMVOC_AWB,0.000555686312343844
China,Corn,CornAEZ09,CornAEZ09,1975,NMVOC_AWB,0.000789687229658575
China,Corn,CornAEZ10,CornAEZ10,1975,NMVOC_AWB,0.000305758926109068
China,Corn,CornAEZ11,CornAEZ11,1975,NMVOC_AWB,0.000231278420057641
China,Corn,CornAEZ12,CornAEZ12,1975,NMVOC_AWB,0.000193827640228455
China,Corn,CornAEZ13,CornAEZ13,1975,NMVOC_AWB,1.01164892798446e-05
China,Corn,CornAEZ14,CornAEZ14,1975,NMVOC_AWB,2.22287821752601e-06
China,Corn,CornAEZ15,CornAEZ15,1975,NMVOC_AWB,2.05884267354863e-05
China,Corn,CornAEZ16,CornAEZ16,1975,NMVOC_AWB,3.61239905265742e-06
China,Corn,CornAEZ17,CornAEZ17,1975,NMVOC_AWB,3.03571559759966e-07
China,FiberCrop,FiberCropAEZ04,FiberCropAEZ04,1975,NMVOC_AWB,0
China,FiberCrop,FiberCropAEZ05,FiberCropAEZ05,1975,NMVOC_AWB,2.70005734805763e-08
China,FiberCrop,FiberCropAEZ06,FiberCropAEZ06,1975,NMVOC_AWB,8.2843234209068e-08
China,FiberCrop,FiberCropAEZ07,FiberCropAEZ07,1975,NMVOC_AWB,4.37955274332032e-05
China,FiberCrop,FiberCropAEZ08,FiberCropAEZ08,1975,NMVOC_AWB,1.80272501721518e-05
China,FiberCrop,FiberCropAEZ09,FiberCropAEZ09,1975,NMVOC_AWB,7.84546331629666e-05
China,FiberCrop,FiberCropAEZ10,FiberCropAEZ10,1975,NMVOC_AWB,2.93324773870932e-05
China,FiberCrop,FiberCropAEZ11,FiberCropAEZ11,1975,NMVOC_AWB,9.25669743776828e-05
China,FiberCrop,FiberCropAEZ12,FiberCropAEZ12,1975,NMVOC_AWB,9.36780044270965e-05
China,FiberCrop,FiberCropAEZ13,FiberCropAEZ13,1975,NMVOC_AWB,4.67266698737407e-06
China,FiberCrop,FiberCropAEZ14,FiberCropAEZ14,1975,NMVOC_AWB,4.35493120654458e-08
China,FiberCrop,FiberCropAEZ15,FiberCropAEZ15,1975,NMVOC_AWB,1.61754587671655e-08
China,FiberCrop,FiberCropAEZ16,FiberCropAEZ16,1975,NMVOC_AWB,4.35493120654458e-09
China,FiberCrop,FiberCropAEZ17,FiberCropAEZ17,1975,NMVOC_AWB,0
China,FodderGrass,FodderGrassAEZ04,FodderGrassAEZ04,1975,NMVOC_AWB,0
China,FodderGrass,FodderGrassAEZ05,FodderGrassAEZ05,1975,NMVOC_AWB,0
China,FodderGrass,FodderGrassAEZ06,FodderGrassAEZ06,1975,NMVOC_AWB,0
China,FodderGrass,FodderGrassAEZ07,FodderGrassAEZ07,1975,NMVOC_AWB,0
China,FodderGrass,FodderGrassAEZ08,FodderGrassAEZ08,1975,NMVOC_AWB,0
China,FodderGrass,FodderGrassAEZ09,FodderGrassAEZ09,1975,NMVOC_AWB,0
China,FodderGrass,FodderGrassAEZ10,FodderGrassAEZ10,1975,NMVOC_AWB,0
China,FodderGrass,FodderGrassAEZ11,FodderGrassAEZ11,1975,NMVOC_AWB,0
China,FodderGrass,FodderGrassAEZ12,FodderGrassAEZ12,1975,NMVOC_AWB,0
China,FodderGrass,FodderGrassAEZ13,FodderGrassAEZ13,1975,NMVOC_AWB,0
China,FodderGrass,FodderGrassAEZ14,FodderGrassAEZ14,1975,NMVOC_AWB,0
China,FodderGrass,FodderGrassAEZ15,FodderGrassAEZ15,1975,NMVOC_AWB,0
China,FodderGrass,FodderGrassAEZ16,FodderGrassAEZ16,1975,NMVOC_AWB,0
China,FodderGrass,FodderGrassAEZ17,FodderGrassAEZ17,1975,NMVOC_AWB,0
China,FodderHerb,FodderHerbAEZ04,FodderHerbAEZ04,1975,NMVOC_AWB,0
China,FodderHerb,FodderHerbAEZ05,FodderHerbAEZ05,1975,NMVOC_AWB,0
China,FodderHerb,FodderHerbAEZ06,FodderHerbAEZ06,1975,NMVOC_AWB,0
China,FodderHerb,FodderHerbAEZ07,FodderHerbAEZ07,1975,NMVOC_AWB,0
China,FodderHerb,FodderHerbAEZ08,FodderHerbAEZ08,1975,NMVOC_AWB,0
China,FodderHerb,FodderHerbAEZ09,FodderHerbAEZ09,1975,NMVOC_AWB,0
China,FodderHerb,FodderHerbAEZ10,FodderHerbAEZ10,1975,NMVOC_AWB,0
China,FodderHerb,FodderHerbAEZ11,FodderHerbAEZ11,1975,NMVOC_AWB,0
China,FodderHerb,FodderHerbAEZ12,FodderHerbAEZ12,1975,NMVOC_AWB,0
China,FodderHerb,FodderHerbAEZ13,FodderHerbAEZ13,1975,NMVOC_AWB,0
China,FodderHerb,FodderHerbAEZ14,FodderHerbAEZ14,1975,NMVOC_AWB,0
China,FodderHerb,FodderHerbAEZ15,FodderHerbAEZ15,1975,NMVOC_AWB,0
China,FodderHerb,FodderHerbAEZ16,FodderHerbAEZ16,1975,NMVOC_AWB,0
China,FodderHerb,FodderHerbAEZ17,FodderHerbAEZ17,1975,NMVOC_AWB,0
China,MiscCrop,MiscCropAEZ04,MiscCropAEZ04,1975,NMVOC_AWB,3.00675845774733e-06
China,MiscCrop,MiscCropAEZ05,MiscCropAEZ05,1975,NMVOC_AWB,6.00825116809079e-06
China,MiscCrop,MiscCropAEZ06,MiscCropAEZ06,1975,NMVOC_AWB,0.000200129970794333
China,MiscCrop,MiscCropAEZ07,MiscCropAEZ07,1975,NMVOC_AWB,2.71443270207125e-05
China,MiscCrop,MiscCropAEZ08,MiscCropAEZ08,1975,NMVOC_AWB,0.00029766283684978
China,MiscCrop,MiscCropAEZ09,MiscCropAEZ09,1975,NMVOC_AWB,0.000542549290572997
China,MiscCrop,MiscCropAEZ10,MiscCropAEZ10,1975,NMVOC_AWB,0.000280297086208793
China,MiscCrop,MiscCropAEZ11,MiscCropAEZ11,1975,NMVOC_AWB,0.000470667065123352
China,MiscCrop,MiscCropAEZ12,MiscCropAEZ12,1975,NMVOC_AWB,0.00127641009405554
China,MiscCrop,MiscCropAEZ13,MiscCropAEZ13,1975,NMVOC_AWB,4.90288650269019e-06
China,MiscCrop,MiscCropAEZ14,MiscCropAEZ14,1975,NMVOC_AWB,1.36946150864735e-06
China,MiscCrop,MiscCropAEZ15,MiscCropAEZ15,1975,NMVOC_AWB,4.19708441366821e-06
China,MiscCrop,MiscCropAEZ16,MiscCropAEZ16,1975,NMVOC_AWB,1.37326686651762e-06
China,MiscCrop,MiscCropAEZ17,MiscCropAEZ17,1975,NMVOC_AWB,3.40312486731822e-08
China,OilCrop,OilCropAEZ04,OilCropAEZ04,1975,NMVOC_AWB,9.09137504230835e-08
China,OilCrop,OilCropAEZ05,OilCropAEZ05,1975,NMVOC_AWB,2.98887472899263e-07
China,OilCrop,OilCropAEZ06,OilCropAEZ06,1975,NMVOC_AWB,1.26536725713153e-05
China,OilCrop,OilCropAEZ07,OilCropAEZ07,1975,NMVOC_AWB,8.34342621291356e-06
China,OilCrop,OilCropAEZ08,OilCropAEZ08,1975,NMVOC_AWB,7.59045675266331e-05
China,OilCrop,OilCropAEZ09,OilCropAEZ09,1975,NMVOC_AWB,0.000103280315228797
China,OilCrop,OilCropAEZ10,OilCropAEZ10,1975,NMVOC_AWB,7.76995473642277e-05
China,OilCrop,OilCropAEZ11,OilCropAEZ11,1975,NMVOC_AWB,0.000123869880644716
China,OilCrop,OilCropAEZ12,OilCropAEZ12,1975,NMVOC_AWB,0.000177133336164309
China,OilCrop,OilCropAEZ13,OilCropAEZ13,1975,NMVOC_AWB,2.85372101526898e-06
China,OilCrop,OilCropAEZ14,OilCropAEZ14,1975,NMVOC_AWB,2.32007385028747e-06
China,OilCrop,OilCropAEZ15,OilCropAEZ15,1975,NMVOC_AWB,6.51559670750524e-06
China,OilCrop,OilCropAEZ16,OilCropAEZ16,1975,NMVOC_AWB,1.59286119985567e-06
China,OilCrop,OilCropAEZ17,OilCropAEZ17,1975,NMVOC_AWB,7.10537480360308e-08
China,OtherGrain,OtherGrainAEZ04,OtherGrainAEZ04,1975,NMVOC_AWB,1.67676309232193e-07
China,OtherGrain,OtherGrainAEZ05,OtherGrainAEZ05,1975,NMVOC_AWB,3.65830746935162e-07
China,OtherGrain,OtherGrainAEZ06,OtherGrainAEZ06,1975,NMVOC_AWB,5.71683941248792e-06
China,OtherGrain,OtherGrainAEZ07,OtherGrainAEZ07,1975,NMVOC_AWB,2.13983491397746e-05
China,OtherGrain,OtherGrainAEZ08,OtherGrainAEZ08,1975,NMVOC_AWB,0.00049943912611232
China,OtherGrain,OtherGrainAEZ09,OtherGrainAEZ09,1975,NMVOC_AWB,0.000298622372624524
China,OtherGrain,OtherGrainAEZ10,OtherGrainAEZ10,1975,NMVOC_AWB,6.60956896082416e-05
China,OtherGrain,OtherGrainAEZ11,OtherGrainAEZ11,1975,NMVOC_AWB,8.93109825902462e-05
China,OtherGrain,OtherGrainAEZ12,OtherGrainAEZ12,1975,NMVOC_AWB,9.12226230028936e-05
China,OtherGrain,OtherGrainAEZ13,OtherGrainAEZ13,1975,NMVOC_AWB,4.44840867744574e-06
China,OtherGrain,OtherGrainAEZ14,OtherGrainAEZ14,1975,NMVOC_AWB,4.01174191326963e-06
China,OtherGrain,OtherGrainAEZ15,OtherGrainAEZ15,1975,NMVOC_AWB,6.74731705277201e-06
China,OtherGrain,OtherGrainAEZ16,OtherGrainAEZ16,1975,NMVOC_AWB,3.55540883378056e-06
China,OtherGrain,OtherGrainAEZ17,OtherGrainAEZ17,1975,NMVOC_AWB,2.22574222593929e-07
China,PalmFruit,PalmFruitAEZ04,PalmFruitAEZ04,1975,NMVOC_AWB,0
China,PalmFruit,PalmFruitAEZ05,PalmFruitAEZ05,1975,NMVOC_AWB,0
China,PalmFruit,PalmFruitAEZ06,PalmFruitAEZ06,1975,NMVOC_AWB,0
China,PalmFruit,PalmFruitAEZ07,PalmFruitAEZ07,1975,NMVOC_AWB,0
China,PalmFruit,PalmFruitAEZ08,PalmFruitAEZ08,1975,NMVOC_AWB,0
China,PalmFruit,PalmFruitAEZ09,PalmFruitAEZ09,1975,NMVOC_AWB,0
China,PalmFruit,PalmFruitAEZ10,PalmFruitAEZ10,1975,NMVOC_AWB,0
China,PalmFruit,PalmFruitAEZ11,PalmFruitAEZ11,1975,NMVOC_AWB,0
China,PalmFruit,PalmFruitAEZ12,PalmFruitAEZ12,1975,NMVOC_AWB,0
China,PalmFruit,PalmFruitAEZ13,PalmFruitAEZ13,1975,NMVOC_AWB,0
China,PalmFruit,PalmFruitAEZ14,PalmFruitAEZ14,1975,NMVOC_AWB,0
China,PalmFruit,PalmFruitAEZ15,PalmFruitAEZ15,1975,NMVOC_AWB,0
China,PalmFruit,PalmFruitAEZ16,PalmFruitAEZ16,1975,NMVOC_AWB,0
China,PalmFruit,PalmFruitAEZ17,PalmFruitAEZ17,1975,NMVOC_AWB,0
China,Rice,RiceAEZ04,RiceAEZ04,1975,NMVOC_AWB,4.83601229475692e-06
China,Rice,RiceAEZ05,RiceAEZ05,1975,NMVOC_AWB,1.33039725676305e-05
China,Rice,RiceAEZ06,RiceAEZ06,1975,NMVOC_AWB,0.000325717431479921
China,Rice,RiceAEZ07,RiceAEZ07,1975,NMVOC_AWB,1.93794035465994e-05
China,Rice,RiceAEZ08,RiceAEZ08,1975,NMVOC_AWB,0.000123922857695475
China,Rice,RiceAEZ09,RiceAEZ09,1975,NMVOC_AWB,0.000238169007898363
China,Rice,RiceAEZ10,RiceAEZ10,1975,NMVOC_AWB,0.000220831195028615
China,Rice,RiceAEZ11,RiceAEZ11,1975,NMVOC_AWB,0.00124630199350255
China,Rice,RiceAEZ12,RiceAEZ12,1975,NMVOC_AWB,0.00396710573902805
China,Rice,RiceAEZ13,RiceAEZ13,1975,NMVOC_AWB,9.60615382045925e-07
China,Rice,RiceAEZ14,RiceAEZ14,1975,NMVOC_AWB,3.77051228891505e-07
China,Rice,RiceAEZ15,RiceAEZ15,1975,NMVOC_AWB,1.40332029177008e-05
China,Rice,RiceAEZ16,RiceAEZ16,1975,NMVOC_AWB,3.60899865179817e-06
China,Rice,RiceAEZ17,RiceAEZ17,1975,NMVOC_AWB,1.53822511539879e-07
China,Root_Tuber,Root_TuberAEZ04,Root_TuberAEZ04,1975,NMVOC_AWB,7.23293907253859e-07
China,Root_Tuber,Root_TuberAEZ05,Root_TuberAEZ05,1975,NMVOC_AWB,1.69328961757811e-06
China,Root_Tuber,Root_TuberAEZ06,Root_TuberAEZ06,1975,NMVOC_AWB,0.000363762287815022
China,Root_Tuber,Root_TuberAEZ07,Root_TuberAEZ07,1975,NMVOC_AWB,7.41669158419425e-05
China,Root_Tuber,Root_TuberAEZ08,Root_TuberAEZ08,1975,NMVOC_AWB,0.000809339766487176
China,Root_Tuber,Root_TuberAEZ09,Root_TuberAEZ09,1975,NMVOC_AWB,0.000931566014480516
China,Root_Tuber,Root_TuberAEZ10,Root_TuberAEZ10,1975,NMVOC_AWB,0.000951950659419228
China,Root_Tuber,Root_TuberAEZ11,Root_TuberAEZ11,1975,NMVOC_AWB,0.00153074008366307
China,Root_Tuber,Root_TuberAEZ12,Root_TuberAEZ12,1975,NMVOC_AWB,0.00251289877589041
China,Root_Tuber,Root_TuberAEZ13,Root_TuberAEZ13,1975,NMVOC_AWB,8.69066800117001e-06
China,Root_Tuber,Root_TuberAEZ14,Root_TuberAEZ14,1975,NMVOC_AWB,1.77567396363096e-05
China,Root_Tuber,Root_TuberAEZ15,Root_TuberAEZ15,1975,NMVOC_AWB,2.86473184553741e-05
China,Root_Tuber,Root_TuberAEZ16,Root_TuberAEZ16,1975,NMVOC_AWB,2.13748463972352e-05
China,Root_Tuber,Root_TuberAEZ17,Root_TuberAEZ17,1975,NMVOC_AWB,7.98845835290308e-07
China,SugarCrop,SugarCropAEZ04,SugarCropAEZ04,1975,NMVOC_AWB,2.99576045657739e-06
China,SugarCrop,SugarCropAEZ05,SugarCropAEZ05,1975,NMVOC_AWB,7.96251256161456e-06
China,SugarCrop,SugarCropAEZ06,SugarCropAEZ06,1975,NMVOC_AWB,0.000530643780853079
China,SugarCrop,SugarCropAEZ07,SugarCropAEZ07,1975,NMVOC_AWB,3.58148447974922e-05
China,SugarCrop,SugarCropAEZ08,SugarCropAEZ08,1975,NMVOC_AWB,4.27150270644032e-05
China,SugarCrop,SugarCropAEZ09,SugarCropAEZ09,1975,NMVOC_AWB,1.74390731218309e-05
China,SugarCrop,SugarCropAEZ10,SugarCropAEZ10,1975,NMVOC_AWB,1.46090927359625e-05
China,SugarCrop,SugarCropAEZ11,SugarCropAEZ11,1975,NMVOC_AWB,0.000143308712119829
China,SugarCrop,SugarCropAEZ12,SugarCropAEZ12,1975,NMVOC_AWB,0.000560927353798097
China,SugarCrop,SugarCropAEZ13,SugarCropAEZ13,1975,NMVOC_AWB,8.62948697959603e-06
China,SugarCrop,SugarCropAEZ14,SugarCropAEZ14,1975,NMVOC_AWB,9.50246818731191e-07
China,SugarCrop,SugarCropAEZ15,SugarCropAEZ15,1975,NMVOC_AWB,4.85010899121498e-06
China,SugarCrop,SugarCropAEZ16,SugarCropAEZ16,1975,NMVOC_AWB,4.60484228245771e-07
China,SugarCrop,SugarCropAEZ17,SugarCropAEZ17,1975,NMVOC_AWB,0
China,Wheat,WheatAEZ04,WheatAEZ04,1975,NMVOC_AWB,0
China,Wheat,WheatAEZ05,WheatAEZ05,1975,NMVOC_AWB,2.80237501351378e-08
China,Wheat,WheatAEZ06,WheatAEZ06,1975,NMVOC_AWB,1.55939123619783e-06
China,Wheat,WheatAEZ07,WheatAEZ07,1975,NMVOC_AWB,9.3999445647853e-05
China,Wheat,WheatAEZ08,WheatAEZ08,1975,NMVOC_AWB,0.00024813604660436
China,Wheat,WheatAEZ09,WheatAEZ09,1975,NMVOC_AWB,0.000594739225719798
China,Wheat,WheatAEZ10,WheatAEZ10,1975,NMVOC_AWB,0.000307167409031881
China,Wheat,WheatAEZ11,WheatAEZ11,1975,NMVOC_AWB,0.000526761495173441
China,Wheat,WheatAEZ12,WheatAEZ12,1975,NMVOC_AWB,0.000230536932345718
China,Wheat,WheatAEZ13,WheatAEZ13,1975,NMVOC_AWB,1.85709627761212e-05
China,Wheat,WheatAEZ14,WheatAEZ14,1975,NMVOC_AWB,1.10949950508377e-05
China,Wheat,WheatAEZ15,WheatAEZ15,1975,NMVOC_AWB,1.26432524730159e-05
China,Wheat,WheatAEZ16,WheatAEZ16,1975,NMVOC_AWB,4.87093408798784e-06
China,Wheat,WheatAEZ17,WheatAEZ17,1975,NMVOC_AWB,2.47871762922381e-07
China,Corn,CornAEZ04,CornAEZ04,1975,NOx_AWB,2.71445829834105e-07
China,Corn,CornAEZ05,CornAEZ05,1975,NOx_AWB,6.44795321565487e-07
China,Corn,CornAEZ06,CornAEZ06,1975,NOx_AWB,3.33362907015291e-06
China,Corn,CornAEZ07,CornAEZ07,1975,NOx_AWB,3.47457796633061e-05
China,Corn,CornAEZ08,CornAEZ08,1975,NOx_AWB,0.000300805400483651
China,Corn,CornAEZ09,CornAEZ09,1975,NOx_AWB,0.000427475318534187
China,Corn,CornAEZ10,CornAEZ10,1975,NOx_AWB,0.000165514129422677
China,Corn,CornAEZ11,CornAEZ11,1975,NOx_AWB,0.000125196169535335
China,Corn,CornAEZ12,CornAEZ12,1975,NOx_AWB,0.000104923226735238
China,Corn,CornAEZ13,CornAEZ13,1975,NOx_AWB,5.4762813870233e-06
China,Corn,CornAEZ14,CornAEZ14,1975,NOx_AWB,1.2032935805616e-06
China,Corn,CornAEZ15,CornAEZ15,1975,NOx_AWB,1.11449748030938e-05
China,Corn,CornAEZ16,CornAEZ16,1975,NOx_AWB,1.95547221445505e-06
China,Corn,CornAEZ17,CornAEZ17,1975,NOx_AWB,1.64330059208907e-07
China,FiberCrop,FiberCropAEZ04,FiberCropAEZ04,1975,NOx_AWB,0
China,FiberCrop,FiberCropAEZ05,FiberCropAEZ05,1975,NOx_AWB,1.46160129171715e-08
China,FiberCrop,FiberCropAEZ06,FiberCropAEZ06,1975,NOx_AWB,4.48448912454046e-08
China,FiberCrop,FiberCropAEZ07,FiberCropAEZ07,1975,NOx_AWB,2.37074962551637e-05
China,FiberCrop,FiberCropAEZ08,FiberCropAEZ08,1975,NOx_AWB,9.75855277914001e-06
China,FiberCrop,FiberCropAEZ09,FiberCropAEZ09,1975,NOx_AWB,4.24692435716885e-05
China,FiberCrop,FiberCropAEZ10,FiberCropAEZ10,1975,NOx_AWB,1.58783245359885e-05
China,FiberCrop,FiberCropAEZ11,FiberCropAEZ11,1975,NOx_AWB,5.01085687746961e-05
China,FiberCrop,FiberCropAEZ12,FiberCropAEZ12,1975,NOx_AWB,5.07099941320233e-05
China,FiberCrop,FiberCropAEZ13,FiberCropAEZ13,1975,NOx_AWB,2.52941890638844e-06
China,FiberCrop,FiberCropAEZ14,FiberCropAEZ14,1975,NOx_AWB,2.35742143825347e-08
China,FiberCrop,FiberCropAEZ15,FiberCropAEZ15,1975,NOx_AWB,8.75613677065572e-09
China,FiberCrop,FiberCropAEZ16,FiberCropAEZ16,1975,NOx_AWB,2.35742143825347e-09
China,FiberCrop,FiberCropAEZ17,FiberCropAEZ17,1975,NOx_AWB,0
China,FodderGrass,FodderGrassAEZ04,FodderGrassAEZ04,1975,NOx_AWB,0
China,FodderGrass,FodderGrassAEZ05,FodderGrassAEZ05,1975,NOx_AWB,0
China,FodderGrass,FodderGrassAEZ06,FodderGrassAEZ06,1975,NOx_AWB,0
China,FodderGrass,FodderGrassAEZ07,FodderGrassAEZ07,1975,NOx_AWB,0
China,FodderGrass,FodderGrassAEZ08,FodderGrassAEZ08,1975,NOx_AWB,0
China,FodderGrass,FodderGrassAEZ09,FodderGrassAEZ09,1975,NOx_AWB,0
China,FodderGrass,FodderGrassAEZ10,FodderGrassAEZ10,1975,NOx_AWB,0
China,FodderGrass,FodderGrassAEZ11,FodderGrassAEZ11,1975,NOx_AWB,0
China,FodderGrass,FodderGrassAEZ12,FodderGrassAEZ12,1975,NOx_AWB,0
China,FodderGrass,FodderGrassAEZ13,FodderGrassAEZ13,1975,NOx_AWB,0
China,FodderGrass,FodderGrassAEZ14,FodderGrassAEZ14,1975,NOx_AWB,0
China,FodderGrass,FodderGrassAEZ15,FodderGrassAEZ15,1975,NOx_AWB,0
China,FodderGrass,FodderGrassAEZ16,FodderGrassAEZ16,1975,NOx_AWB,0
China,FodderGrass,FodderGrassAEZ17,FodderGrassAEZ17,1975,NOx_AWB,0
China,FodderHerb,FodderHerbAEZ04,FodderHerbAEZ04,1975,NOx_AWB,0
China,FodderHerb,FodderHerbAEZ05,FodderHerbAEZ05,1975,NOx_AWB,0
China,FodderHerb,FodderHerbAEZ06,FodderHerbAEZ06,1975,NOx_AWB,0
China,FodderHerb,FodderHerbAEZ07,FodderHerbAEZ07,1975,NOx_AWB,0
China,FodderHerb,FodderHerbAEZ08,FodderHerbAEZ08,1975,NOx_AWB,0
China,FodderHerb,FodderHerbAEZ09,FodderHerbAEZ09,1975,NOx_AWB,0
China,FodderHerb,FodderHerbAEZ10,FodderHerbAEZ10,1975,NOx_AWB,0
China,FodderHerb,FodderHerbAEZ11,FodderHerbAEZ11,1975,NOx_AWB,0
China,FodderHerb,FodderHerbAEZ12,FodderHerbAEZ12,1975,NOx_AWB,0
China,FodderHerb,FodderHerbAEZ13,FodderHerbAEZ13,1975,NOx_AWB,0
China,FodderHerb,FodderHerbAEZ14,FodderHerbAEZ14,1975,NOx_AWB,0
China,FodderHerb,FodderHerbAEZ15,FodderHerbAEZ15,1975,NOx_AWB,0
China,FodderHerb,FodderHerbAEZ16,FodderHerbAEZ16,1975,NOx_AWB,0
China,FodderHerb,FodderHerbAEZ17,FodderHerbAEZ17,1975,NOx_AWB,0
China,MiscCrop,MiscCropAEZ04,MiscCropAEZ04,1975,NOx_AWB,1.62762544613595e-06
China,MiscCrop,MiscCropAEZ05,MiscCropAEZ05,1975,NOx_AWB,3.25240042570204e-06
China,MiscCrop,MiscCropAEZ06,MiscCropAEZ06,1975,NOx_AWB,0.000108334818901065
China,MiscCrop,MiscCropAEZ07,MiscCropAEZ07,1975,NOx_AWB,1.46938299161708e-05
China,MiscCrop,MiscCropAEZ08,MiscCropAEZ08,1975,NOx_AWB,0.000161131535650087
China,MiscCrop,MiscCropAEZ09,MiscCropAEZ09,1975,NOx_AWB,0.000293694037458937
China,MiscCrop,MiscCropAEZ10,MiscCropAEZ10,1975,NOx_AWB,0.0001517310673279
China,MiscCrop,MiscCropAEZ11,MiscCropAEZ11,1975,NOx_AWB,0.000254782584839501
China,MiscCrop,MiscCropAEZ12,MiscCropAEZ12,1975,NOx_AWB,0.000690949265790394
China,MiscCrop,MiscCropAEZ13,MiscCropAEZ13,1975,NOx_AWB,2.65404186715874e-06
China,MiscCrop,MiscCropAEZ14,MiscCropAEZ14,1975,NOx_AWB,7.41320072862822e-07
China,MiscCrop,MiscCropAEZ15,MiscCropAEZ15,1975,NOx_AWB,2.27197544706833e-06
China,MiscCrop,MiscCropAEZ16,MiscCropAEZ16,1975,NOx_AWB,7.43379997990941e-07
China,MiscCrop,MiscCropAEZ17,MiscCropAEZ17,1975,NOx_AWB,1.84218742817639e-08
China,OilCrop,OilCropAEZ04,OilCropAEZ04,1975,NOx_AWB,4.92136417579502e-08
China,OilCrop,OilCropAEZ05,OilCropAEZ05,1975,NOx_AWB,1.61794458470262e-07
China,OilCrop,OilCropAEZ06,OilCropAEZ06,1975,NOx_AWB,6.84971531753019e-06
China,OilCrop,OilCropAEZ07,OilCropAEZ07,1975,NOx_AWB,4.51648278467635e-06
China,OilCrop,OilCropAEZ08,OilCropAEZ08,1975,NOx_AWB,4.10888361404501e-05
China,OilCrop,OilCropAEZ09,OilCropAEZ09,1975,NOx_AWB,5.59079392354231e-05
China,OilCrop,OilCropAEZ10,OilCropAEZ10,1975,NOx_AWB,4.20604987798092e-05
China,OilCrop,OilCropAEZ11,OilCropAEZ11,1975,NOx_AWB,6.70535304316438e-05
China,OilCrop,OilCropAEZ12,OilCropAEZ12,1975,NOx_AWB,9.58862274277873e-05
China,OilCrop,OilCropAEZ13,OilCropAEZ13,1975,NOx_AWB,1.54478286363734e-06
China,OilCrop,OilCropAEZ14,OilCropAEZ14,1975,NOx_AWB,1.25590774540355e-06
China,OilCrop,OilCropAEZ15,OilCropAEZ15,1975,NOx_AWB,3.52703788712061e-06
China,OilCrop,OilCropAEZ16,OilCropAEZ16,1975,NOx_AWB,8.62251310665673e-07
China,OilCrop,OilCropAEZ17,OilCropAEZ17,1975,NOx_AWB,3.84629793087605e-08
China,OtherGrain,OtherGrainAEZ04,OtherGrainAEZ04,1975,NOx_AWB,9.07669277248647e-08
China,OtherGrain,OtherGrainAEZ05,OtherGrainAEZ05,1975,NOx_AWB,1.98032346481431e-07
China,OtherGrain,OtherGrainAEZ06,OtherGrainAEZ06,1975,NOx_AWB,3.09465273981784e-06
China,OtherGrain,OtherGrainAEZ07,OtherGrainAEZ07,1975,NOx_AWB,1.15834038731838e-05
China,OtherGrain,OtherGrainAEZ08,OtherGrainAEZ08,1975,NOx_AWB,0.000270357543474024
China,OtherGrain,OtherGrainAEZ09,OtherGrainAEZ09,1975,NOx_AWB,0.000161650953776085
China,OtherGrain,OtherGrainAEZ10,OtherGrainAEZ10,1975,NOx_AWB,3.57790716474366e-05
China,OtherGrain,OtherGrainAEZ11,OtherGrainAEZ11,1975,NOx_AWB,4.83460277657944e-05
China,OtherGrain,OtherGrainAEZ12,OtherGrainAEZ12,1975,NOx_AWB,4.93808413775994e-05
China,OtherGrain,OtherGrainAEZ13,OtherGrainAEZ13,1975,NOx_AWB,2.40802287911319e-06
China,OtherGrain,OtherGrainAEZ14,OtherGrainAEZ14,1975,NOx_AWB,2.17164541586083e-06
China,OtherGrain,OtherGrainAEZ15,OtherGrainAEZ15,1975,NOx_AWB,3.65247328063278e-06
China,OtherGrain,OtherGrainAEZ16,OtherGrainAEZ16,1975,NOx_AWB,1.92462213729443e-06
China,OtherGrain,OtherGrainAEZ17,OtherGrainAEZ17,1975,NOx_AWB,1.20484393222333e-07
China,PalmFruit,PalmFruitAEZ04,PalmFruitAEZ04,1975,NOx_AWB,0
China,PalmFruit,PalmFruitAEZ05,PalmFruitAEZ05,1975,NOx_AWB,0
China,PalmFruit,PalmFruitAEZ06,PalmFruitAEZ06,1975,NOx_AWB,0
China,PalmFruit,PalmFruitAEZ07,PalmFruitAEZ07,1975,NOx_AWB,0
China,PalmFruit,PalmFruitAEZ08,PalmFruitAEZ08,1975,NOx_AWB,0
China,PalmFruit,PalmFruitAEZ09,PalmFruitAEZ09,1975,NOx_AWB,0
China,PalmFruit,PalmFruitAEZ10,PalmFruitAEZ10,1975,NOx_AWB,0
China,PalmFruit,PalmFruitAEZ11,PalmFruitAEZ11,1975,NOx_AWB,0
China,PalmFruit,PalmFruitAEZ12,PalmFruitAEZ12,1975,NOx_AWB,0
China,PalmFruit,PalmFruitAEZ13,PalmFruitAEZ13,1975,NOx_AWB,0
China,PalmFruit,PalmFruitAEZ14,PalmFruitAEZ14,1975,NOx_AWB,0
China,PalmFruit,PalmFruitAEZ15,PalmFruitAEZ15,1975,NOx_AWB,0
China,PalmFruit,PalmFruitAEZ16,PalmFruitAEZ16,1975,NOx_AWB,0
China,PalmFruit,PalmFruitAEZ17,PalmFruitAEZ17,1975,NOx_AWB,0
China,Rice,RiceAEZ04,RiceAEZ04,1975,NOx_AWB,2.61784136617007e-06
China,Rice,RiceAEZ05,RiceAEZ05,1975,NOx_AWB,7.20173721636196e-06
China,Rice,RiceAEZ06,RiceAEZ06,1975,NOx_AWB,0.000176318113734998
China,Rice,RiceAEZ07,RiceAEZ07,1975,NOx_AWB,1.04905035727459e-05
China,Rice,RiceAEZ08,RiceAEZ08,1975,NOx_AWB,6.70822080913523e-05
China,Rice,RiceAEZ09,RiceAEZ09,1975,NOx_AWB,0.000128926198490436
China,Rice,RiceAEZ10,RiceAEZ10,1975,NOx_AWB,0.000119540853507225
China,Rice,RiceAEZ11,RiceAEZ11,1975,NOx_AWB,0.000674651079127411
China,Rice,RiceAEZ12,RiceAEZ12,1975,NOx_AWB,0.00214748285873006
China,Rice,RiceAEZ13,RiceAEZ13,1975,NOx_AWB,5.20002541520728e-07
China,Rice,RiceAEZ14,RiceAEZ14,1975,NOx_AWB,2.0410624373879e-07
China,Rice,RiceAEZ15,RiceAEZ15,1975,NOx_AWB,7.5964858769372e-06
China,Rice,RiceAEZ16,RiceAEZ16,1975,NOx_AWB,1.95363150159322e-06
China,Rice,RiceAEZ17,RiceAEZ17,1975,NOx_AWB,8.32675578996868e-08
China,Root_Tuber,Root_TuberAEZ04,Root_TuberAEZ04,1975,NOx_AWB,3.91535131612626e-07
China,Root_Tuber,Root_TuberAEZ05,Root_TuberAEZ05,1975,NOx_AWB,9.16615454143524e-07
China,Root_Tuber,Root_TuberAEZ06,Root_TuberAEZ06,1975,NOx_AWB,0.000196912643403999
China,Root_Tuber,Root_TuberAEZ07,Root_TuberAEZ07,1975,NOx_AWB,4.01482065094813e-05
China,Root_Tuber,Root_TuberAEZ08,Root_TuberAEZ08,1975,NOx_AWB,0.00043811367524719
China,Root_Tuber,Root_TuberAEZ09,Root_TuberAEZ09,1975,NOx_AWB,0.000504277470648544
China,Root_Tuber,Root_TuberAEZ10,Root_TuberAEZ10,1975,NOx_AWB,0.000515312133817847
China,Root_Tuber,Root_TuberAEZ11,Root_TuberAEZ11,1975,NOx_AWB,0.000828623764296952
China,Root_Tuber,Root_TuberAEZ12,Root_TuberAEZ12,1975,NOx_AWB,0.00136028818033737
China,Root_Tuber,Root_TuberAEZ13,Root_TuberAEZ13,1975,NOx_AWB,4.70445251303005e-06
China,Root_Tuber,Root_TuberAEZ14,Root_TuberAEZ14,1975,NOx_AWB,9.61211938990313e-06
China,Root_Tuber,Root_TuberAEZ15,Root_TuberAEZ15,1975,NOx_AWB,1.55074327175785e-05
China,Root_Tuber,Root_TuberAEZ16,Root_TuberAEZ16,1975,NOx_AWB,1.15706813142058e-05
China,Root_Tuber,Root_TuberAEZ17,Root_TuberAEZ17,1975,NOx_AWB,4.32433076128225e-07
China,SugarCrop,SugarCropAEZ04,SugarCropAEZ04,1975,NOx_AWB,1.62167198269272e-06
China,SugarCrop,SugarCropAEZ05,SugarCropAEZ05,1975,NOx_AWB,4.31028572550209e-06
China,SugarCrop,SugarCropAEZ06,SugarCropAEZ06,1975,NOx_AWB,0.000287249319387411
China,SugarCrop,SugarCropAEZ07,SugarCropAEZ07,1975,NOx_AWB,1.93873746631053e-05
China,SugarCrop,SugarCropAEZ08,SugarCropAEZ08,1975,NOx_AWB,2.31225972951934e-05
China,SugarCrop,SugarCropAEZ09,SugarCropAEZ09,1975,NOx_AWB,9.44015941718943e-06
China,SugarCrop,SugarCropAEZ10,SugarCropAEZ10,1975,NOx_AWB,7.90822788599625e-06
China,SugarCrop,SugarCropAEZ11,SugarCropAEZ11,1975,NOx_AWB,7.75762036681718e-05
China,SugarCrop,SugarCropAEZ12,SugarCropAEZ12,1975,NOx_AWB,0.000303642493171697
China,SugarCrop,SugarCropAEZ13,SugarCropAEZ13,1975,NOx_AWB,4.6713338608557e-06
China,SugarCrop,SugarCropAEZ14,SugarCropAEZ14,1975,NOx_AWB,5.14389806833827e-07
China,SugarCrop,SugarCropAEZ15,SugarCropAEZ15,1975,NOx_AWB,2.6254722225172e-06
China,SugarCrop,SugarCropAEZ16,SugarCropAEZ16,1975,NOx_AWB,2.49270388017339e-07
China,SugarCrop,SugarCropAEZ17,SugarCropAEZ17,1975,NOx_AWB,0
China,Wheat,WheatAEZ04,WheatAEZ04,1975,NOx_AWB,0
China,Wheat,WheatAEZ05,WheatAEZ05,1975,NOx_AWB,1.51698812715002e-08
China,Wheat,WheatAEZ06,WheatAEZ06,1975,NOx_AWB,8.44133272487255e-07
China,Wheat,WheatAEZ07,WheatAEZ07,1975,NOx_AWB,5.08839974374742e-05
China,Wheat,WheatAEZ08,WheatAEZ08,1975,NOx_AWB,0.000134321578946988
China,Wheat,WheatAEZ09,WheatAEZ09,1975,NOx_AWB,0.000321945613922701
China,Wheat,WheatAEZ10,WheatAEZ10,1975,NOx_AWB,0.000166276572657754
China,Wheat,WheatAEZ11,WheatAEZ11,1975,NOx_AWB,0.000285147751519508
China,Wheat,WheatAEZ12,WheatAEZ12,1975,NOx_AWB,0.000124794785691277
China,Wheat,WheatAEZ13,WheatAEZ13,1975,NOx_AWB,1.00528765440987e-05
China,Wheat,WheatAEZ14,WheatAEZ14,1975,NOx_AWB,6.00596839528817e-06
China,Wheat,WheatAEZ15,WheatAEZ15,1975,NOx_AWB,6.84407468580615e-06
China,Wheat,WheatAEZ16,WheatAEZ16,1975,NOx_AWB,2.63674531209259e-06
China,Wheat,WheatAEZ17,WheatAEZ17,1975,NOx_AWB,1.34178516292694e-07
China,Corn,CornAEZ04,CornAEZ04,1975,SO2_AWB,4.91089020386892e-08
China,Corn,CornAEZ05,CornAEZ05,1975,SO2_AWB,1.16653810084748e-07
China,Corn,CornAEZ06,CornAEZ06,1975,SO2_AWB,6.03106938645985e-07
China,Corn,CornAEZ07,CornAEZ07,1975,SO2_AWB,6.28606853450653e-06
China,Corn,CornAEZ08,CornAEZ08,1975,SO2_AWB,5.4420519018798e-05
China,Corn,CornAEZ09,CornAEZ09,1975,SO2_AWB,7.73371377806125e-05
China,Corn,CornAEZ10,CornAEZ10,1975,SO2_AWB,2.99441592924996e-05
China,Corn,CornAEZ11,CornAEZ11,1975,SO2_AWB,2.26499940304384e-05
China,Corn,CornAEZ12,CornAEZ12,1975,SO2_AWB,1.8982293691795e-05
China,Corn,CornAEZ13,CornAEZ13,1975,SO2_AWB,9.90747090629406e-07
China,Corn,CornAEZ14,CornAEZ14,1975,SO2_AWB,2.17695098162671e-07
China,Corn,CornAEZ15,CornAEZ15,1975,SO2_AWB,2.0163046017811e-06
China,Corn,CornAEZ16,CornAEZ16,1975,SO2_AWB,3.53776270859425e-07
China,Corn,CornAEZ17,CornAEZ17,1975,SO2_AWB,2.97299420095504e-08
China,FiberCrop,FiberCropAEZ04,FiberCropAEZ04,1975,SO2_AWB,0
China,FiberCrop,FiberCropAEZ05,FiberCropAEZ05,1975,SO2_AWB,2.64427103921346e-09
China,FiberCrop,FiberCropAEZ06,FiberCropAEZ06,1975,SO2_AWB,8.11315971386327e-09
China,FiberCrop,FiberCropAEZ07,FiberCropAEZ07,1975,SO2_AWB,4.28906611639221e-06
China,FiberCrop,FiberCropAEZ08,FiberCropAEZ08,1975,SO2_AWB,1.76547863256197e-06
China,FiberCrop,FiberCropAEZ09,FiberCropAEZ09,1975,SO2_AWB,7.6833669667864e-06
China,FiberCrop,FiberCropAEZ10,FiberCropAEZ10,1975,SO2_AWB,2.87264344658723e-06
China,FiberCrop,FiberCropAEZ11,FiberCropAEZ11,1975,SO2_AWB,9.06544335847555e-06
China,FiberCrop,FiberCropAEZ12,FiberCropAEZ12,1975,SO2_AWB,9.1742508467859e-06
China,FiberCrop,FiberCropAEZ13,FiberCropAEZ13,1975,SO2_AWB,4.57612428102337e-07
China,FiberCrop,FiberCropAEZ14,FiberCropAEZ14,1975,SO2_AWB,4.26495328905399e-09
China,FiberCrop,FiberCropAEZ15,FiberCropAEZ15,1975,SO2_AWB,1.58412550736291e-09
China,FiberCrop,FiberCropAEZ16,FiberCropAEZ16,1975,SO2_AWB,4.26495328905399e-10
China,FiberCrop,FiberCropAEZ17,FiberCropAEZ17,1975,SO2_AWB,0
China,FodderGrass,FodderGrassAEZ04,FodderGrassAEZ04,1975,SO2_AWB,0
China,FodderGrass,FodderGrassAEZ05,FodderGrassAEZ05,1975,SO2_AWB,0
China,FodderGrass,FodderGrassAEZ06,FodderGrassAEZ06,1975,SO2_AWB,0
China,FodderGrass,FodderGrassAEZ07,FodderGrassAEZ07,1975,SO2_AWB,0
China,FodderGrass,FodderGrassAEZ08,FodderGrassAEZ08,1975,SO2_AWB,0
China,FodderGrass,FodderGrassAEZ09,FodderGrassAEZ09,1975,SO2_AWB,0
China,FodderGrass,FodderGrassAEZ10,FodderGrassAEZ10,1975,SO2_AWB,0
China,FodderGrass,FodderGrassAEZ11,FodderGrassAEZ11,1975,SO2_AWB,0
China,FodderGrass,FodderGrassAEZ12,FodderGrassAEZ12,1975,SO2_AWB,0
China,FodderGrass,FodderGrassAEZ13,FodderGrassAEZ13,1975,SO2_AWB,0
China,FodderGrass,FodderGrassAEZ14,FodderGrassAEZ14,1975,SO2_AWB,0
China,FodderGrass,FodderGrassAEZ15,FodderGrassAEZ15,1975,SO2_AWB,0
China,FodderGrass,FodderGrassAEZ16,FodderGrassAEZ16,1975,SO2_AWB,0
China,FodderGrass,FodderGrassAEZ17,FodderGrassAEZ17,1975,SO2_AWB,0
China,FodderHerb,FodderHerbAEZ04,FodderHerbAEZ04,1975,SO2_AWB,0
China,FodderHerb,FodderHerbAEZ05,FodderHerbAEZ05,1975,SO2_AWB,0
China,FodderHerb,FodderHerbAEZ06,FodderHerbAEZ06,1975,SO2_AWB,0
China,FodderHerb,FodderHerbAEZ07,FodderHerbAEZ07,1975,SO2_AWB,0
China,FodderHerb,FodderHerbAEZ08,FodderHerbAEZ08,1975,SO2_AWB,0
China,FodderHerb,FodderHerbAEZ09,FodderHerbAEZ09,1975,SO2_AWB,0
China,FodderHerb,FodderHerbAEZ10,FodderHerbAEZ10,1975,SO2_AWB,0
China,FodderHerb,FodderHerbAEZ11,FodderHerbAEZ11,1975,SO2_AWB,0
China,FodderHerb,FodderHerbAEZ12,FodderHerbAEZ12,1975,SO2_AWB,0
China,FodderHerb,FodderHerbAEZ13,FodderHerbAEZ13,1975,SO2_AWB,0
China,FodderHerb,FodderHerbAEZ14,FodderHerbAEZ14,1975,SO2_AWB,0
China,FodderHerb,FodderHerbAEZ15,FodderHerbAEZ15,1975,SO2_AWB,0
China,FodderHerb,FodderHerbAEZ16,FodderHerbAEZ16,1975,SO2_AWB,0
China,FodderHerb,FodderHerbAEZ17,FodderHerbAEZ17,1975,SO2_AWB,0
China,MiscCrop,MiscCropAEZ04,MiscCropAEZ04,1975,SO2_AWB,2.94463534911618e-07
China,MiscCrop,MiscCropAEZ05,MiscCropAEZ05,1975,SO2_AWB,5.88411374726247e-07
China,MiscCrop,MiscCropAEZ06,MiscCropAEZ06,1975,SO2_AWB,1.95995054042384e-05
China,MiscCrop,MiscCropAEZ07,MiscCropAEZ07,1975,SO2_AWB,2.65834938178052e-06
China,MiscCrop,MiscCropAEZ08,MiscCropAEZ08,1975,SO2_AWB,2.91512778237181e-05
China,MiscCrop,MiscCropAEZ09,MiscCropAEZ09,1975,SO2_AWB,5.31339594486778e-05
China,MiscCrop,MiscCropAEZ10,MiscCropAEZ10,1975,SO2_AWB,2.74505824097041e-05
China,MiscCrop,MiscCropAEZ11,MiscCropAEZ11,1975,SO2_AWB,4.6094253898444e-05
China,MiscCrop,MiscCropAEZ12,MiscCropAEZ12,1975,SO2_AWB,0.000125003798467422
China,MiscCrop,MiscCropAEZ13,MiscCropAEZ13,1975,SO2_AWB,4.80158719478337e-07
China,MiscCrop,MiscCropAEZ14,MiscCropAEZ14,1975,SO2_AWB,1.34116684937778e-07
China,MiscCrop,MiscCropAEZ15,MiscCropAEZ15,1975,SO2_AWB,4.1103677935511e-07
China,MiscCrop,MiscCropAEZ16,MiscCropAEZ16,1975,SO2_AWB,1.34489358415155e-07
China,MiscCrop,MiscCropAEZ17,MiscCropAEZ17,1975,SO2_AWB,3.33281237005958e-09
China,OilCrop,OilCropAEZ04,OilCropAEZ04,1975,SO2_AWB,8.90353671498793e-09
China,OilCrop,OilCropAEZ05,OilCropAEZ05,1975,SO2_AWB,2.92712111888948e-08
China,OilCrop,OilCropAEZ06,OilCropAEZ06,1975,SO2_AWB,1.23922330553791e-06
China,OilCrop,OilCropAEZ07,OilCropAEZ07,1975,SO2_AWB,8.17104137380378e-07
China,OilCrop,OilCropAEZ08,OilCropAEZ08,1975,SO2_AWB,7.43362913380663e-06
China,OilCrop,OilCropAEZ09,OilCropAEZ09,1975,SO2_AWB,1.01146424418285e-05
China,OilCrop,OilCropAEZ10,OilCropAEZ10,1975,SO2_AWB,7.609418481538e-06
China,OilCrop,OilCropAEZ11,OilCropAEZ11,1975,SO2_AWB,1.21310585590073e-05
China,OilCrop,OilCropAEZ12,OilCropAEZ12,1975,SO2_AWB,1.73473556491493e-05
China,OilCrop,OilCropAEZ13,OilCropAEZ13,1975,SO2_AWB,2.79475983726755e-07
China,OilCrop,OilCropAEZ14,OilCropAEZ14,1975,SO2_AWB,2.27213844015756e-07
China,OilCrop,OilCropAEZ15,OilCropAEZ15,1975,SO2_AWB,6.38097694082125e-07
China,OilCrop,OilCropAEZ16,OilCropAEZ16,1975,SO2_AWB,1.55995084448675e-07
China,OilCrop,OilCropAEZ17,OilCropAEZ17,1975,SO2_AWB,6.95856953906583e-09
China,OtherGrain,OtherGrainAEZ04,OtherGrainAEZ04,1975,SO2_AWB,1.64211922677809e-08
China,OtherGrain,OtherGrainAEZ05,OtherGrainAEZ05,1975,SO2_AWB,3.58272260428237e-08
China,OtherGrain,OtherGrainAEZ06,OtherGrainAEZ06,1975,SO2_AWB,5.59872289570098e-07
China,OtherGrain,OtherGrainAEZ07,OtherGrainAEZ07,1975,SO2_AWB,2.09562344881264e-06
China,OtherGrain,OtherGrainAEZ08,OtherGrainAEZ08,1975,SO2_AWB,4.89120135903387e-05
China,OtherGrain,OtherGrainAEZ09,OtherGrainAEZ09,1975,SO2_AWB,2.92452488892612e-05
China,OtherGrain,OtherGrainAEZ10,OtherGrainAEZ10,1975,SO2_AWB,6.47300761865837e-06
China,OtherGrain,OtherGrainAEZ11,OtherGrainAEZ11,1975,SO2_AWB,8.74657143549106e-06
China,OtherGrain,OtherGrainAEZ12,OtherGrainAEZ12,1975,SO2_AWB,8.93378580648173e-06
China,OtherGrain,OtherGrainAEZ13,OtherGrainAEZ13,1975,SO2_AWB,4.35649940725058e-07
China,OtherGrain,OtherGrainAEZ14,OtherGrainAEZ14,1975,SO2_AWB,3.92885468365662e-07
China,OtherGrain,OtherGrainAEZ15,OtherGrainAEZ15,1975,SO2_AWB,6.60790967564862e-07
China,OtherGrain,OtherGrainAEZ16,OtherGrainAEZ16,1975,SO2_AWB,3.48194997357848e-07
China,OtherGrain,OtherGrainAEZ17,OtherGrainAEZ17,1975,SO2_AWB,2.17975581631244e-08
China,PalmFruit,PalmFruitAEZ04,PalmFruitAEZ04,1975,SO2_AWB,0
China,PalmFruit,PalmFruitAEZ05,PalmFruitAEZ05,1975,SO2_AWB,0
China,PalmFruit,PalmFruitAEZ06,PalmFruitAEZ06,1975,SO2_AWB,0
China,PalmFruit,PalmFruitAEZ07,PalmFruitAEZ07,1975,SO2_AWB,0
China,PalmFruit,PalmFruitAEZ08,PalmFruitAEZ08,1975,SO2_AWB,0
China,PalmFruit,PalmFruitAEZ09,PalmFruitAEZ09,1975,SO2_AWB,0
China,PalmFruit,PalmFruitAEZ10,PalmFruitAEZ10,1975,SO2_AWB,0
China,PalmFruit,PalmFruitAEZ11,PalmFruitAEZ11,1975,SO2_AWB,0
China,PalmFruit,PalmFruitAEZ12,PalmFruitAEZ12,1975,SO2_AWB,0
China,PalmFruit,PalmFruitAEZ13,PalmFruitAEZ13,1975,SO2_AWB,0
China,PalmFruit,PalmFruitAEZ14,PalmFruitAEZ14,1975,SO2_AWB,0
China,PalmFruit,PalmFruitAEZ15,PalmFruitAEZ15,1975,SO2_AWB,0
China,PalmFruit,PalmFruitAEZ16,PalmFruitAEZ16,1975,SO2_AWB,0
China,PalmFruit,PalmFruitAEZ17,PalmFruitAEZ17,1975,SO2_AWB,0
China,Rice,RiceAEZ04,RiceAEZ04,1975,SO2_AWB,4.73609468536111e-07
China,Rice,RiceAEZ05,RiceAEZ05,1975,SO2_AWB,1.30290971013571e-06
China,Rice,RiceAEZ06,RiceAEZ06,1975,SO2_AWB,3.18987732482402e-05
China,Rice,RiceAEZ07,RiceAEZ07,1975,SO2_AWB,1.89790026468762e-06
China,Rice,RiceAEZ08,RiceAEZ08,1975,SO2_AWB,1.21362468073668e-05
China,Rice,RiceAEZ09,RiceAEZ09,1975,SO2_AWB,2.33248160627736e-05
China,Rice,RiceAEZ10,RiceAEZ10,1975,SO2_AWB,2.16268567032156e-05
China,Rice,RiceAEZ11,RiceAEZ11,1975,SO2_AWB,0.000122055195231448
China,Rice,RiceAEZ12,RiceAEZ12,1975,SO2_AWB,0.000388514074442003
China,Rice,RiceAEZ13,RiceAEZ13,1975,SO2_AWB,9.40767956797043e-08
China,Rice,RiceAEZ14,RiceAEZ14,1975,SO2_AWB,3.69260914244986e-08
China,Rice,RiceAEZ15,RiceAEZ15,1975,SO2_AWB,1.37432607086574e-06
China,Rice,RiceAEZ16,RiceAEZ16,1975,SO2_AWB,3.5344325639511e-07
China,Rice,RiceAEZ17,RiceAEZ17,1975,SO2_AWB,1.50644360475006e-08
China,Root_Tuber,Root_TuberAEZ04,Root_TuberAEZ04,1975,SO2_AWB,7.08349818261011e-08
China,Root_Tuber,Root_TuberAEZ05,Root_TuberAEZ05,1975,SO2_AWB,1.65830429490088e-07
China,Root_Tuber,Root_TuberAEZ06,Root_TuberAEZ06,1975,SO2_AWB,3.56246538066777e-05
China,Root_Tuber,Root_TuberAEZ07,Root_TuberAEZ07,1975,SO2_AWB,7.26345415476875e-06
China,Root_Tuber,Root_TuberAEZ08,Root_TuberAEZ08,1975,SO2_AWB,7.92617870485375e-05
China,Root_Tuber,Root_TuberAEZ09,Root_TuberAEZ09,1975,SO2_AWB,9.12318782776374e-05
China,Root_Tuber,Root_TuberAEZ10,Root_TuberAEZ10,1975,SO2_AWB,9.32282257365112e-05
China,Root_Tuber,Root_TuberAEZ11,Root_TuberAEZ11,1975,SO2_AWB,0.000149911322243036
China,Root_Tuber,Root_TuberAEZ12,Root_TuberAEZ12,1975,SO2_AWB,0.000246097937969433
China,Root_Tuber,Root_TuberAEZ13,Root_TuberAEZ13,1975,SO2_AWB,8.51110874494749e-07
China,Root_Tuber,Root_TuberAEZ14,Root_TuberAEZ14,1975,SO2_AWB,1.73898648504354e-06
China,Root_Tuber,Root_TuberAEZ15,Root_TuberAEZ15,1975,SO2_AWB,2.80554317104283e-06
China,Root_Tuber,Root_TuberAEZ16,Root_TuberAEZ16,1975,SO2_AWB,2.09332173394411e-06
China,Root_Tuber,Root_TuberAEZ17,Root_TuberAEZ17,1975,SO2_AWB,7.82340756048773e-08
China,SugarCrop,SugarCropAEZ04,SugarCropAEZ04,1975,SO2_AWB,2.93386457937538e-07
China,SugarCrop,SugarCropAEZ05,SugarCropAEZ05,1975,SO2_AWB,7.79799783926715e-07
China,SugarCrop,SugarCropAEZ06,SugarCropAEZ06,1975,SO2_AWB,5.19680066372644e-05
China,SugarCrop,SugarCropAEZ07,SugarCropAEZ07,1975,SO2_AWB,3.50748686653126e-06
China,SugarCrop,SugarCropAEZ08,SugarCropAEZ08,1975,SO2_AWB,4.18324851829072e-06
China,SugarCrop,SugarCropAEZ09,SugarCropAEZ09,1975,SO2_AWB,1.70787616936939e-06
China,SugarCrop,SugarCropAEZ10,SugarCropAEZ10,1975,SO2_AWB,1.4307251976955e-06
China,SugarCrop,SugarCropAEZ11,SugarCropAEZ11,1975,SO2_AWB,1.403477883157e-05
China,SugarCrop,SugarCropAEZ12,SugarCropAEZ12,1975,SO2_AWB,5.49337945661772e-05
China,SugarCrop,SugarCropAEZ13,SugarCropAEZ13,1975,SO2_AWB,8.45119179406719e-07
China,SugarCrop,SugarCropAEZ14,SugarCropAEZ14,1975,SO2_AWB,9.30613619997076e-08
China,SugarCrop,SugarCropAEZ15,SugarCropAEZ15,1975,SO2_AWB,4.74990012776013e-07
China,SugarCrop,SugarCropAEZ16,SugarCropAEZ16,1975,SO2_AWB,4.50970091298544e-08
China,SugarCrop,SugarCropAEZ17,SugarCropAEZ17,1975,SO2_AWB,0
China,Wheat,WheatAEZ04,WheatAEZ04,1975,SO2_AWB,0
China,Wheat,WheatAEZ05,WheatAEZ05,1975,SO2_AWB,2.74447470331722e-09
China,Wheat,WheatAEZ06,WheatAEZ06,1975,SO2_AWB,1.52717240900366e-07
China,Wheat,WheatAEZ07,WheatAEZ07,1975,SO2_AWB,9.20573083410792e-06
China,Wheat,WheatAEZ08,WheatAEZ08,1975,SO2_AWB,2.43009268781956e-05
China,Wheat,WheatAEZ09,WheatAEZ09,1975,SO2_AWB,5.82451225188397e-05
China,Wheat,WheatAEZ10,WheatAEZ10,1975,SO2_AWB,3.00820974960975e-05
China,Wheat,WheatAEZ11,WheatAEZ11,1975,SO2_AWB,5.15877993207048e-05
China,Wheat,WheatAEZ12,WheatAEZ12,1975,SO2_AWB,2.25773772586509e-05
China,Wheat,WheatAEZ13,WheatAEZ13,1975,SO2_AWB,1.81872651981022e-06
China,Wheat,WheatAEZ14,WheatAEZ14,1975,SO2_AWB,1.0865759615903e-06
China,Wheat,WheatAEZ15,WheatAEZ15,1975,SO2_AWB,1.23820282483668e-06
China,Wheat,WheatAEZ16,WheatAEZ16,1975,SO2_AWB,4.7702949539385e-07
China,Wheat,WheatAEZ17,WheatAEZ17,1975,SO2_AWB,2.4275044550663e-08
EU-12,Corn,CornAEZ08,CornAEZ08,1975,CH4_AWB,4.59100511782649e-05
EU-12,Corn,CornAEZ09,CornAEZ09,1975,CH4_AWB,0.000216633122106345
EU-12,Corn,CornAEZ10,CornAEZ10,1975,CH4_AWB,0.000733761765345463
EU-12,Corn,CornAEZ11,CornAEZ11,1975,CH4_AWB,0.000199501293228163
EU-12,Corn,CornAEZ15,CornAEZ15,1975,CH4_AWB,3.95755540279435e-06
EU-12,Corn,CornAEZ16,CornAEZ16,1975,CH4_AWB,6.02189844361771e-07
EU-12,FiberCrop,FiberCropAEZ08,FiberCropAEZ08,1975,CH4_AWB,0
EU-12,FiberCrop,FiberCropAEZ09,FiberCropAEZ09,1975,CH4_AWB,6.60882821600199e-06
EU-12,FiberCrop,FiberCropAEZ10,FiberCropAEZ10,1975,CH4_AWB,5.70811409983347e-06
EU-12,FiberCrop,FiberCropAEZ11,FiberCropAEZ11,1975,CH4_AWB,0
EU-12,FiberCrop,FiberCropAEZ15,FiberCropAEZ15,1975,CH4_AWB,3.81710698581325e-08
EU-12,FiberCrop,FiberCropAEZ16,FiberCropAEZ16,1975,CH4_AWB,0
EU-12,FodderGrass,FodderGrassAEZ08,FodderGrassAEZ08,1975,CH4_AWB,2.99788612823936e-06
EU-12,FodderGrass,FodderGrassAEZ09,FodderGrassAEZ09,1975,CH4_AWB,8.44086545984886e-06
EU-12,FodderGrass,FodderGrassAEZ10,FodderGrassAEZ10,1975,CH4_AWB,0.000174425814093661
EU-12,FodderGrass,FodderGrassAEZ11,FodderGrassAEZ11,1975,CH4_AWB,5.95050828671263e-06
EU-12,FodderGrass,FodderGrassAEZ15,FodderGrassAEZ15,1975,CH4_AWB,4.53198921661772e-07
EU-12,FodderGrass,FodderGrassAEZ16,FodderGrassAEZ16,1975,CH4_AWB,1.32520922811769e-06
EU-12,FodderHerb,FodderHerbAEZ08,FodderHerbAEZ08,1975,CH4_AWB,0.000106812087368652
EU-12,FodderHerb,FodderHerbAEZ09,FodderHerbAEZ09,1975,CH4_AWB,0.000452315108183848
EU-12,FodderHerb,FodderHerbAEZ10,FodderHerbAEZ10,1975,CH4_AWB,0.00442650358236197
EU-12,FodderHerb,FodderHerbAEZ11,FodderHerbAEZ11,1975,CH4_AWB,0.000344154539155972
EU-12,FodderHerb,FodderHerbAEZ15,FodderHerbAEZ15,1975,CH4_AWB,2.40753837401882e-05
EU-12,FodderHerb,FodderHerbAEZ16,FodderHerbAEZ16,1975,CH4_AWB,1.07242732409998e-05
EU-12,MiscCrop,MiscCropAEZ08,MiscCropAEZ08,1975,CH4_AWB,3.74518423291098e-05
EU-12,MiscCrop,MiscCropAEZ09,MiscCropAEZ09,1975,CH4_AWB,0.000267282585460376
EU-12,MiscCrop,MiscCropAEZ10,MiscCropAEZ10,1975,CH4_AWB,0.00112805846991524
EU-12,MiscCrop,MiscCropAEZ11,MiscCropAEZ11,1975,CH4_AWB,0.000105500408111584
EU-12,MiscCrop,MiscCropAEZ15,MiscCropAEZ15,1975,CH4_AWB,4.61723766677784e-06
EU-12,MiscCrop,MiscCropAEZ16,MiscCropAEZ16,1975,CH4_AWB,1.45427981552867e-06
EU-12,OilCrop,OilCropAEZ08,OilCropAEZ08,1975,CH4_AWB,7.66174832449923e-06
EU-12,OilCrop,OilCropAEZ09,OilCropAEZ09,1975,CH4_AWB,3.79900649872619e-05
EU-12,OilCrop,OilCropAEZ10,OilCropAEZ10,1975,CH4_AWB,0.000116949508220983
EU-12,OilCrop,OilCropAEZ11,OilCropAEZ11,1975,CH4_AWB,9.63943400964842e-06
EU-12,OilCrop,OilCropAEZ15,OilCropAEZ15,1975,CH4_AWB,1.68555638184155e-07
EU-12,OilCrop,OilCropAEZ16,OilCropAEZ16,1975,CH4_AWB,1.80688457004887e-07
EU-12,OtherGrain,OtherGrainAEZ08,OtherGrainAEZ08,1975,CH4_AWB,9.14808660834531e-06
EU-12,OtherGrain,OtherGrainAEZ09,OtherGrainAEZ09,1975,CH4_AWB,8.53777994944114e-05
EU-12,OtherGrain,OtherGrainAEZ10,OtherGrainAEZ10,1975,CH4_AWB,0.00148790216877924
EU-12,OtherGrain,OtherGrainAEZ11,OtherGrainAEZ11,1975,CH4_AWB,4.10612833551403e-05
EU-12,OtherGrain,OtherGrainAEZ15,OtherGrainAEZ15,1975,CH4_AWB,2.1069806768645e-06
EU-12,OtherGrain,OtherGrainAEZ16,OtherGrainAEZ16,1975,CH4_AWB,4.41465962828909e-06
EU-12,PalmFruit,PalmFruitAEZ08,PalmFruitAEZ08,1975,CH4_AWB,0
EU-12,PalmFruit,PalmFruitAEZ09,PalmFruitAEZ09,1975,CH4_AWB,0
EU-12,PalmFruit,PalmFruitAEZ10,PalmFruitAEZ10,1975,CH4_AWB,0
EU-12,PalmFruit,PalmFruitAEZ11,PalmFruitAEZ11,1975,CH4_AWB,0
EU-12,PalmFruit,PalmFruitAEZ15,PalmFruitAEZ15,1975,CH4_AWB,0
EU-12,PalmFruit,PalmFruitAEZ16,PalmFruitAEZ16,1975,CH4_AWB,0
EU-12,Rice,RiceAEZ08,RiceAEZ08,1975,CH4_AWB,4.1806493698038e-07
EU-12,Rice,RiceAEZ09,RiceAEZ09,1975,CH4_AWB,6.55429680816455e-06
EU-12,Rice,RiceAEZ10,RiceAEZ10,1975,CH4_AWB,3.20212978298648e-06
EU-12,Rice,RiceAEZ11,RiceAEZ11,1975,CH4_AWB,0
EU-12,Rice,RiceAEZ15,RiceAEZ15,1975,CH4_AWB,0
EU-12,Rice,RiceAEZ16,RiceAEZ16,1975,CH4_AWB,0
EU-12,Root_Tuber,Root_TuberAEZ08,Root_TuberAEZ08,1975,CH4_AWB,5.62752365731939e-06
EU-12,Root_Tuber,Root_TuberAEZ09,Root_TuberAEZ09,1975,CH4_AWB,6.82023875587955e-05
EU-12,Root_Tuber,Root_TuberAEZ10,Root_TuberAEZ10,1975,CH4_AWB,0.00365087169644439
EU-12,Root_Tuber,Root_TuberAEZ11,Root_TuberAEZ11,1975,CH4_AWB,9.29240588692506e-05
EU-12,Root_Tuber,Root_TuberAEZ15,Root_TuberAEZ15,1975,CH4_AWB,9.95703049048884e-06
EU-12,Root_Tuber,Root_TuberAEZ16,Root_TuberAEZ16,1975,CH4_AWB,2.08353403491956e-05
EU-12,SugarCrop,SugarCropAEZ08,SugarCropAEZ08,1975,CH4_AWB,4.646141012495e-06
EU-12,SugarCrop,SugarCropAEZ09,SugarCropAEZ09,1975,CH4_AWB,2.99234307727861e-05
EU-12,SugarCrop,SugarCropAEZ10,SugarCropAEZ10,1975,CH4_AWB,0.00206083113375588
EU-12,SugarCrop,SugarCropAEZ11,SugarCropAEZ11,1975,CH4_AWB,7.02705806556967e-05
EU-12,SugarCrop,SugarCropAEZ15,SugarCropAEZ15,1975,CH4_AWB,4.07475212931182e-06
EU-12,SugarCrop,SugarCropAEZ16,SugarCropAEZ16,1975,CH4_AWB,3.81681967537569e-07
EU-12,Wheat,WheatAEZ08,WheatAEZ08,1975,CH4_AWB,2.41515876366291e-05
EU-12,Wheat,WheatAEZ09,WheatAEZ09,1975,CH4_AWB,0.000276089597652778
EU-12,Wheat,WheatAEZ10,WheatAEZ10,1975,CH4_AWB,0.00123956904428548
EU-12,Wheat,WheatAEZ11,WheatAEZ11,1975,CH4_AWB,8.20881243666213e-05
EU-12,Wheat,WheatAEZ15,WheatAEZ15,1975,CH4_AWB,2.9553252375486e-06
EU-12,Wheat,WheatAEZ16,WheatAEZ16,1975,CH4_AWB,2.32072349021735e-06
EU-12,Corn,CornAEZ08,CornAEZ08,1975,CO_AWB,0.00194536692057072
EU-12,Corn,CornAEZ09,CornAEZ09,1975,CO_AWB,0.00917949117523873
EU-12,Corn,CornAEZ10,CornAEZ10,1975,CO_AWB,0.0310920120811894
EU-12,Corn,CornAEZ11,CornAEZ11,1975,CO_AWB,0.00845355660681306
EU-12,Corn,CornAEZ15,CornAEZ15,1975,CO_AWB,0.000167695246886741
EU-12,Corn,CornAEZ16,CornAEZ16,1975,CO_AWB,2.55168568332947e-05
EU-12,FiberCrop,FiberCropAEZ08,FiberCropAEZ08,1975,CO_AWB,0
EU-12,FiberCrop,FiberCropAEZ09,FiberCropAEZ09,1975,CO_AWB,0.000280038803381499
EU-12,FiberCrop,FiberCropAEZ10,FiberCropAEZ10,1975,CO_AWB,0.000241872445437753
EU-12,FiberCrop,FiberCropAEZ11,FiberCropAEZ11,1975,CO_AWB,0
EU-12,FiberCrop,FiberCropAEZ15,FiberCropAEZ15,1975,CO_AWB,1.61743963944785e-06
EU-12,FiberCrop,FiberCropAEZ16,FiberCropAEZ16,1975,CO_AWB,0
EU-12,FodderGrass,FodderGrassAEZ08,FodderGrassAEZ08,1975,CO_AWB,0.000127030755920301
EU-12,FodderGrass,FodderGrassAEZ09,FodderGrassAEZ09,1975,CO_AWB,0.000357668528462715
EU-12,FodderGrass,FodderGrassAEZ10,FodderGrassAEZ10,1975,CO_AWB,0.00739102222983517
EU-12,FodderGrass,FodderGrassAEZ11,FodderGrassAEZ11,1975,CO_AWB,0.000252143521613695
EU-12,FodderGrass,FodderGrassAEZ15,FodderGrassAEZ15,1975,CO_AWB,1.9203598515188e-05
EU-12,FodderGrass,FodderGrassAEZ16,FodderGrassAEZ16,1975,CO_AWB,5.61536772242961e-05
EU-12,FodderHerb,FodderHerbAEZ08,FodderHerbAEZ08,1975,CO_AWB,0.00452599585823285
EU-12,FodderHerb,FodderHerbAEZ09,FodderHerbAEZ09,1975,CO_AWB,0.0191661482954696
EU-12,FodderHerb,FodderHerbAEZ10,FodderHerbAEZ10,1975,CO_AWB,0.187566195678552
EU-12,FodderHerb,FodderHerbAEZ11,FodderHerbAEZ11,1975,CO_AWB,0.0145830126269877
EU-12,FodderHerb,FodderHerbAEZ15,FodderHerbAEZ15,1975,CO_AWB,0.00102015689214438
EU-12,FodderHerb,FodderHerbAEZ16,FodderHerbAEZ16,1975,CO_AWB,0.0004544243771194
EU-12,MiscCrop,MiscCropAEZ08,MiscCropAEZ08,1975,CO_AWB,0.00158696349299591
EU-12,MiscCrop,MiscCropAEZ09,MiscCropAEZ09,1975,CO_AWB,0.0113256833058247
EU-12,MiscCrop,MiscCropAEZ10,MiscCropAEZ10,1975,CO_AWB,0.0477997208785876
EU-12,MiscCrop,MiscCropAEZ11,MiscCropAEZ11,1975,CO_AWB,0.00447041549246087
EU-12,MiscCrop,MiscCropAEZ15,MiscCropAEZ15,1975,CO_AWB,0.000195648255465574
EU-12,MiscCrop,MiscCropAEZ16,MiscCropAEZ16,1975,CO_AWB,6.1622842357504e-05
EU-12,OilCrop,OilCropAEZ08,OilCropAEZ08,1975,CO_AWB,0.000324654653211873
EU-12,OilCrop,OilCropAEZ09,OilCropAEZ09,1975,CO_AWB,0.00160976983993299
EU-12,OilCrop,OilCropAEZ10,OilCropAEZ10,1975,CO_AWB,0.00495555327931811
EU-12,OilCrop,OilCropAEZ11,OilCropAEZ11,1975,CO_AWB,0.000408456004167389
EU-12,OilCrop,OilCropAEZ15,OilCropAEZ15,1975,CO_AWB,7.14228266759981e-06
EU-12,OilCrop,OilCropAEZ16,OilCropAEZ16,1975,CO_AWB,7.65639197005916e-06
EU-12,OtherGrain,OtherGrainAEZ08,OtherGrainAEZ08,1975,CO_AWB,0.000387635923238009
EU-12,OtherGrain,OtherGrainAEZ09,OtherGrainAEZ09,1975,CO_AWB,0.00361775129029217
EU-12,OtherGrain,OtherGrainAEZ10,OtherGrainAEZ10,1975,CO_AWB,0.0630475372146592
EU-12,OtherGrain,OtherGrainAEZ11,OtherGrainAEZ11,1975,CO_AWB,0.00173990793530389
EU-12,OtherGrain,OtherGrainAEZ15,OtherGrainAEZ15,1975,CO_AWB,8.9280024871643e-05
EU-12,OtherGrain,OtherGrainAEZ16,OtherGrainAEZ16,1975,CO_AWB,0.000187064326569918
EU-12,PalmFruit,PalmFruitAEZ08,PalmFruitAEZ08,1975,CO_AWB,0
EU-12,PalmFruit,PalmFruitAEZ09,PalmFruitAEZ09,1975,CO_AWB,0
EU-12,PalmFruit,PalmFruitAEZ10,PalmFruitAEZ10,1975,CO_AWB,0
EU-12,PalmFruit,PalmFruitAEZ11,PalmFruitAEZ11,1975,CO_AWB,0
EU-12,PalmFruit,PalmFruitAEZ15,PalmFruitAEZ15,1975,CO_AWB,0
EU-12,PalmFruit,PalmFruitAEZ16,PalmFruitAEZ16,1975,CO_AWB,0
EU-12,Rice,RiceAEZ08,RiceAEZ08,1975,CO_AWB,1.77148506302939e-05
EU-12,Rice,RiceAEZ09,RiceAEZ09,1975,CO_AWB,0.000277728119898982
EU-12,Rice,RiceAEZ10,RiceAEZ10,1975,CO_AWB,0.000135685262710953
EU-12,Rice,RiceAEZ11,RiceAEZ11,1975,CO_AWB,0
EU-12,Rice,RiceAEZ15,RiceAEZ15,1975,CO_AWB,0
EU-12,Rice,RiceAEZ16,RiceAEZ16,1975,CO_AWB,0
EU-12,Root_Tuber,Root_TuberAEZ08,Root_TuberAEZ08,1975,CO_AWB,0.000238457550943903
EU-12,Root_Tuber,Root_TuberAEZ09,Root_TuberAEZ09,1975,CO_AWB,0.00288996995768191
EU-12,Root_Tuber,Root_TuberAEZ10,Root_TuberAEZ10,1975,CO_AWB,0.154700002444633
EU-12,Root_Tuber,Root_TuberAEZ11,Root_TuberAEZ11,1975,CO_AWB,0.00393751227911914
EU-12,Root_Tuber,Root_TuberAEZ15,Root_TuberAEZ15,1975,CO_AWB,0.000421913660433499
EU-12,Root_Tuber,Root_TuberAEZ16,Root_TuberAEZ16,1975,CO_AWB,0.000882865099339002
EU-12,SugarCrop,SugarCropAEZ08,SugarCropAEZ08,1975,CO_AWB,0.000196872989727656
EU-12,SugarCrop,SugarCropAEZ09,SugarCropAEZ09,1975,CO_AWB,0.0012679587776832
EU-12,SugarCrop,SugarCropAEZ10,SugarCropAEZ10,1975,CO_AWB,0.0873245098534967
EU-12,SugarCrop,SugarCropAEZ11,SugarCropAEZ11,1975,CO_AWB,0.00297760641925853
EU-12,SugarCrop,SugarCropAEZ15,SugarCropAEZ15,1975,CO_AWB,0.000172661275656367
EU-12,SugarCrop,SugarCropAEZ16,SugarCropAEZ16,1975,CO_AWB,1.61731789612437e-05
EU-12,Wheat,WheatAEZ08,WheatAEZ08,1975,CO_AWB,0.00102338591357978
EU-12,Wheat,WheatAEZ09,WheatAEZ09,1975,CO_AWB,0.01169886673186
EU-12,Wheat,WheatAEZ10,WheatAEZ10,1975,CO_AWB,0.0525248078063148
EU-12,Wheat,WheatAEZ11,WheatAEZ11,1975,CO_AWB,0.00347835642993408
EU-12,Wheat,WheatAEZ15,WheatAEZ15,1975,CO_AWB,0.000125227304459566
EU-12,Wheat,WheatAEZ16,WheatAEZ16,1975,CO_AWB,9.83370437146804e-05
EU-12,Corn,CornAEZ08,CornAEZ08,1975,N2O_AWB,1.19139147233966e-06
EU-12,Corn,CornAEZ09,CornAEZ09,1975,N2O_AWB,5.62175052477408e-06
EU-12,Corn,CornAEZ10,CornAEZ10,1975,N2O_AWB,1.90415276726014e-05
EU-12,Corn,CornAEZ11,CornAEZ11,1975,N2O_AWB,5.17716999595272e-06
EU-12,Corn,CornAEZ15,CornAEZ15,1975,N2O_AWB,1.02700773298923e-07
EU-12,Corn,CornAEZ16,CornAEZ16,1975,N2O_AWB,1.56271628301259e-08
EU-12,FiberCrop,FiberCropAEZ08,FiberCropAEZ08,1975,N2O_AWB,0
EU-12,FiberCrop,FiberCropAEZ09,FiberCropAEZ09,1975,N2O_AWB,1.71502783739656e-07
EU-12,FiberCrop,FiberCropAEZ10,FiberCropAEZ10,1975,N2O_AWB,1.4812874930758e-07
EU-12,FiberCrop,FiberCropAEZ11,FiberCropAEZ11,1975,N2O_AWB,0
EU-12,FiberCrop,FiberCropAEZ15,FiberCropAEZ15,1975,N2O_AWB,9.90560584271149e-10
EU-12,FiberCrop,FiberCropAEZ16,FiberCropAEZ16,1975,N2O_AWB,0
EU-12,FodderGrass,FodderGrassAEZ08,FodderGrassAEZ08,1975,N2O_AWB,7.77968195757677e-08
EU-12,FodderGrass,FodderGrassAEZ09,FodderGrassAEZ09,1975,N2O_AWB,2.19045173549954e-07
EU-12,FodderGrass,FodderGrassAEZ10,FodderGrassAEZ10,1975,N2O_AWB,4.52644730584559e-06
EU-12,FodderGrass,FodderGrassAEZ11,FodderGrassAEZ11,1975,N2O_AWB,1.54419013852727e-07
EU-12,FodderGrass,FodderGrassAEZ15,FodderGrassAEZ15,1975,N2O_AWB,1.17607651632718e-08
EU-12,FodderGrass,FodderGrassAEZ16,FodderGrassAEZ16,1975,N2O_AWB,3.43899197000395e-08
EU-12,FodderHerb,FodderHerbAEZ08,FodderHerbAEZ08,1975,N2O_AWB,2.77183332991048e-06
EU-12,FodderHerb,FodderHerbAEZ09,FodderHerbAEZ09,1975,N2O_AWB,1.17378297098425e-05
EU-12,FodderHerb,FodderHerbAEZ10,FodderHerbAEZ10,1975,N2O_AWB,0.000114870240502013
EU-12,FodderHerb,FodderHerbAEZ11,FodderHerbAEZ11,1975,N2O_AWB,8.93100252764532e-06
EU-12,FodderHerb,FodderHerbAEZ15,FodderHerbAEZ15,1975,N2O_AWB,6.24769655995168e-07
EU-12,FodderHerb,FodderHerbAEZ16,FodderHerbAEZ16,1975,N2O_AWB,2.78300880928151e-07
EU-12,MiscCrop,MiscCropAEZ08,MiscCropAEZ08,1975,N2O_AWB,9.71896228149603e-07
EU-12,MiscCrop,MiscCropAEZ09,MiscCropAEZ09,1975,N2O_AWB,6.93613239039788e-06
EU-12,MiscCrop,MiscCropAEZ10,MiscCropAEZ10,1975,N2O_AWB,2.92737474009572e-05
EU-12,MiscCrop,MiscCropAEZ11,MiscCropAEZ11,1975,N2O_AWB,2.73779452051671e-06
EU-12,MiscCrop,MiscCropAEZ15,MiscCropAEZ15,1975,N2O_AWB,1.19819896532132e-07
EU-12,MiscCrop,MiscCropAEZ16,MiscCropAEZ16,1975,N2O_AWB,3.77393735391177e-08
EU-12,OilCrop,OilCropAEZ08,OilCropAEZ08,1975,N2O_AWB,1.98826648691312e-07
EU-12,OilCrop,OilCropAEZ09,OilCropAEZ09,1975,N2O_AWB,9.85863406767036e-07
EU-12,OilCrop,OilCropAEZ10,OilCropAEZ10,1975,N2O_AWB,3.03490506355087e-06
EU-12,OilCrop,OilCropAEZ11,OilCropAEZ11,1975,N2O_AWB,2.50148696909164e-07
EU-12,OilCrop,OilCropAEZ15,OilCropAEZ15,1975,N2O_AWB,4.37411296205313e-09
EU-12,OilCrop,OilCropAEZ16,OilCropAEZ16,1975,N2O_AWB,4.68896638755543e-09
EU-12,OtherGrain,OtherGrainAEZ08,OtherGrainAEZ08,1975,N2O_AWB,2.37397957390365e-07
EU-12,OtherGrain,OtherGrainAEZ09,OtherGrainAEZ09,1975,N2O_AWB,2.21560158689005e-06
EU-12,OtherGrain,OtherGrainAEZ10,OtherGrainAEZ10,1975,N2O_AWB,3.86118923866176e-05
EU-12,OtherGrain,OtherGrainAEZ11,OtherGrainAEZ11,1975,N2O_AWB,1.06556323892308e-06
EU-12,OtherGrain,OtherGrainAEZ15,OtherGrainAEZ15,1975,N2O_AWB,5.46773254739742e-08
EU-12,OtherGrain,OtherGrainAEZ16,OtherGrainAEZ16,1975,N2O_AWB,1.1456288327807e-07
EU-12,PalmFruit,PalmFruitAEZ08,PalmFruitAEZ08,1975,N2O_AWB,0
EU-12,PalmFruit,PalmFruitAEZ09,PalmFruitAEZ09,1975,N2O_AWB,0
EU-12,PalmFruit,PalmFruitAEZ10,PalmFruitAEZ10,1975,N2O_AWB,0
EU-12,PalmFruit,PalmFruitAEZ11,PalmFruitAEZ11,1975,N2O_AWB,0
EU-12,PalmFruit,PalmFruitAEZ15,PalmFruitAEZ15,1975,N2O_AWB,0
EU-12,PalmFruit,PalmFruitAEZ16,PalmFruitAEZ16,1975,N2O_AWB,0
EU-12,Rice,RiceAEZ08,RiceAEZ08,1975,N2O_AWB,1.08490186357807e-08
EU-12,Rice,RiceAEZ09,RiceAEZ09,1975,N2O_AWB,1.70087663246325e-07
EU-12,Rice,RiceAEZ10,RiceAEZ10,1975,N2O_AWB,8.30970565021077e-08
EU-12,Rice,RiceAEZ11,RiceAEZ11,1975,N2O_AWB,0
EU-12,Rice,RiceAEZ15,RiceAEZ15,1975,N2O_AWB,0
EU-12,Rice,RiceAEZ16,RiceAEZ16,1975,N2O_AWB,0
EU-12,Root_Tuber,Root_TuberAEZ08,Root_TuberAEZ08,1975,N2O_AWB,1.46037382308433e-07
EU-12,Root_Tuber,Root_TuberAEZ09,Root_TuberAEZ09,1975,N2O_AWB,1.76989005338382e-06
EU-12,Root_Tuber,Root_TuberAEZ10,Root_TuberAEZ10,1975,N2O_AWB,9.47421598129104e-05
EU-12,Root_Tuber,Root_TuberAEZ11,Root_TuberAEZ11,1975,N2O_AWB,2.4114312328283e-06
EU-12,Root_Tuber,Root_TuberAEZ15,Root_TuberAEZ15,1975,N2O_AWB,2.58390502988821e-07
EU-12,Root_Tuber,Root_TuberAEZ16,Root_TuberAEZ16,1975,N2O_AWB,5.40688720187661e-07
EU-12,SugarCrop,SugarCropAEZ08,SugarCropAEZ08,1975,N2O_AWB,1.20569954498214e-07
EU-12,SugarCrop,SugarCropAEZ09,SugarCropAEZ09,1975,N2O_AWB,7.76529743071196e-07
EU-12,SugarCrop,SugarCropAEZ10,SugarCropAEZ10,1975,N2O_AWB,5.34797190522673e-05
EU-12,SugarCrop,SugarCropAEZ11,SugarCropAEZ11,1975,N2O_AWB,1.82356081949193e-06
EU-12,SugarCrop,SugarCropAEZ15,SugarCropAEZ15,1975,N2O_AWB,1.05742093815358e-07
EU-12,SugarCrop,SugarCropAEZ16,SugarCropAEZ16,1975,N2O_AWB,9.90486025607755e-09
EU-12,Wheat,WheatAEZ08,WheatAEZ08,1975,N2O_AWB,6.26747189673494e-07
EU-12,Wheat,WheatAEZ09,WheatAEZ09,1975,N2O_AWB,7.16467927617845e-06
EU-12,Wheat,WheatAEZ10,WheatAEZ10,1975,N2O_AWB,3.21675090930221e-05
EU-12,Wheat,WheatAEZ11,WheatAEZ11,1975,N2O_AWB,2.13023267978954e-06
EU-12,Wheat,WheatAEZ15,WheatAEZ15,1975,N2O_AWB,7.66923406888402e-08
EU-12,Wheat,WheatAEZ16,WheatAEZ16,1975,N2O_AWB,6.02240708721373e-08
EU-12,Corn,CornAEZ08,CornAEZ08,1975,NH3_AWB,2.21223025170868e-05
EU-12,Corn,CornAEZ09,CornAEZ09,1975,NH3_AWB,0.000104387238512303
EU-12,Corn,CornAEZ10,CornAEZ10,1975,NH3_AWB,0.000353571806866747
EU-12,Corn,CornAEZ11,CornAEZ11,1975,NH3_AWB,9.6132063634747e-05
EU-12,Corn,CornAEZ15,CornAEZ15,1975,NH3_AWB,1.90699499568836e-06
EU-12,Corn,CornAEZ16,CornAEZ16,1975,NH3_AWB,2.90172316688582e-07
EU-12,FiberCrop,FiberCropAEZ08,FiberCropAEZ08,1975,NH3_AWB,0
EU-12,FiberCrop,FiberCropAEZ09,FiberCropAEZ09,1975,NH3_AWB,3.18454223695292e-06
EU-12,FiberCrop,FiberCropAEZ10,FiberCropAEZ10,1975,NH3_AWB,2.75052246028311e-06
EU-12,FiberCrop,FiberCropAEZ11,FiberCropAEZ11,1975,NH3_AWB,0
EU-12,FiberCrop,FiberCropAEZ15,FiberCropAEZ15,1975,NH3_AWB,1.83931826066497e-08
EU-12,FiberCrop,FiberCropAEZ16,FiberCropAEZ16,1975,NH3_AWB,0
EU-12,FodderGrass,FodderGrassAEZ08,FodderGrassAEZ08,1975,NH3_AWB,1.44456697691696e-06
EU-12,FodderGrass,FodderGrassAEZ09,FodderGrassAEZ09,1975,NH3_AWB,4.06733110542053e-06
EU-12,FodderGrass,FodderGrassAEZ10,FodderGrassAEZ10,1975,NH3_AWB,8.40491466930868e-05
EU-12,FodderGrass,FodderGrassAEZ11,FodderGrassAEZ11,1975,NH3_AWB,2.8673229733059e-06
EU-12,FodderGrass,FodderGrassAEZ15,FodderGrassAEZ15,1975,NH3_AWB,2.18379273995794e-07
EU-12,FodderGrass,FodderGrassAEZ16,FodderGrassAEZ16,1975,NH3_AWB,6.38567779613669e-07
EU-12,FodderHerb,FodderHerbAEZ08,FodderHerbAEZ08,1975,NH3_AWB,5.1468670772676e-05
EU-12,FodderHerb,FodderHerbAEZ09,FodderHerbAEZ09,1975,NH3_AWB,0.000217953397992054
EU-12,FodderHerb,FodderHerbAEZ10,FodderHerbAEZ10,1975,NH3_AWB,0.00213296323634551
EU-12,FodderHerb,FodderHerbAEZ11,FodderHerbAEZ11,1975,NH3_AWB,0.000165834945342893
EU-12,FodderHerb,FodderHerbAEZ15,FodderHerbAEZ15,1975,NH3_AWB,1.16010091177495e-05
EU-12,FodderHerb,FodderHerbAEZ16,FodderHerbAEZ16,1975,NH3_AWB,5.16761821920198e-06
EU-12,MiscCrop,MiscCropAEZ08,MiscCropAEZ08,1975,NH3_AWB,1.8046614293888e-05
EU-12,MiscCrop,MiscCropAEZ09,MiscCropAEZ09,1975,NH3_AWB,0.000128793282981633
EU-12,MiscCrop,MiscCropAEZ10,MiscCropAEZ10,1975,NH3_AWB,0.000543568349151429
EU-12,MiscCrop,MiscCropAEZ11,MiscCropAEZ11,1975,NH3_AWB,5.08366225700381e-05
EU-12,MiscCrop,MiscCropAEZ15,MiscCropAEZ15,1975,NH3_AWB,2.224870716461e-06
EU-12,MiscCrop,MiscCropAEZ16,MiscCropAEZ16,1975,NH3_AWB,7.00761972551437e-07
EU-12,OilCrop,OilCropAEZ08,OilCropAEZ08,1975,NH3_AWB,3.6919042757373e-06
EU-12,OilCrop,OilCropAEZ09,OilCropAEZ09,1975,NH3_AWB,1.83059632634406e-05
EU-12,OilCrop,OilCropAEZ10,OilCropAEZ10,1975,NH3_AWB,5.63535072100716e-05
EU-12,OilCrop,OilCropAEZ11,OilCropAEZ11,1975,NH3_AWB,4.64487557260433e-06
EU-12,OilCrop,OilCropAEZ15,OilCropAEZ15,1975,NH3_AWB,8.12205328282412e-08
EU-12,OilCrop,OilCropAEZ16,OilCropAEZ16,1975,NH3_AWB,8.70668754362041e-08
EU-12,OtherGrain,OtherGrainAEZ08,OtherGrainAEZ08,1975,NH3_AWB,4.4081140013657e-06
EU-12,OtherGrain,OtherGrainAEZ09,OtherGrainAEZ09,1975,NH3_AWB,4.11403050134855e-05
EU-12,OtherGrain,OtherGrainAEZ10,OtherGrainAEZ10,1975,NH3_AWB,0.000716963302126466
EU-12,OtherGrain,OtherGrainAEZ11,OtherGrainAEZ11,1975,NH3_AWB,1.97858662495301e-05
EU-12,OtherGrain,OtherGrainAEZ15,OtherGrainAEZ15,1975,NH3_AWB,1.0152736216796e-06
EU-12,OtherGrain,OtherGrainAEZ16,OtherGrainAEZ16,1975,NH3_AWB,2.12725608664137e-06
EU-12,PalmFruit,PalmFruitAEZ08,PalmFruitAEZ08,1975,NH3_AWB,0
EU-12,PalmFruit,PalmFruitAEZ09,PalmFruitAEZ09,1975,NH3_AWB,0
EU-12,PalmFruit,PalmFruitAEZ10,PalmFruitAEZ10,1975,NH3_AWB,0
EU-12,PalmFruit,PalmFruitAEZ11,PalmFruitAEZ11,1975,NH3_AWB,0
EU-12,PalmFruit,PalmFruitAEZ15,PalmFruitAEZ15,1975,NH3_AWB,0
EU-12,PalmFruit,PalmFruitAEZ16,PalmFruitAEZ16,1975,NH3_AWB,0
EU-12,Rice,RiceAEZ08,RiceAEZ08,1975,NH3_AWB,2.01449546892366e-07
EU-12,Rice,RiceAEZ09,RiceAEZ09,1975,NH3_AWB,3.15826563150593e-06
EU-12,Rice,RiceAEZ10,RiceAEZ10,1975,NH3_AWB,1.54298420367994e-06
EU-12,Rice,RiceAEZ11,RiceAEZ11,1975,NH3_AWB,0
EU-12,Rice,RiceAEZ15,RiceAEZ15,1975,NH3_AWB,0
EU-12,Rice,RiceAEZ16,RiceAEZ16,1975,NH3_AWB,0
EU-12,Root_Tuber,Root_TuberAEZ08,Root_TuberAEZ08,1975,NH3_AWB,2.71168899999443e-06
EU-12,Root_Tuber,Root_TuberAEZ09,Root_TuberAEZ09,1975,NH3_AWB,3.28641291229397e-05
EU-12,Root_Tuber,Root_TuberAEZ10,Root_TuberAEZ10,1975,NH3_AWB,0.00175921581542582
EU-12,Root_Tuber,Root_TuberAEZ11,Root_TuberAEZ11,1975,NH3_AWB,4.47765595694732e-05
EU-12,Root_Tuber,Root_TuberAEZ15,Root_TuberAEZ15,1975,NH3_AWB,4.79791320264818e-06
EU-12,Root_Tuber,Root_TuberAEZ16,Root_TuberAEZ16,1975,NH3_AWB,1.0039755792509e-05
EU-12,SugarCrop,SugarCropAEZ08,SugarCropAEZ08,1975,NH3_AWB,2.23879813630264e-06
EU-12,SugarCrop,SugarCropAEZ09,SugarCropAEZ09,1975,NH3_AWB,1.44189599208741e-05
EU-12,SugarCrop,SugarCropAEZ10,SugarCropAEZ10,1975,NH3_AWB,0.000993035917136206
EU-12,SugarCrop,SugarCropAEZ11,SugarCropAEZ11,1975,NH3_AWB,3.38607124893086e-05
EU-12,SugarCrop,SugarCropAEZ15,SugarCropAEZ15,1975,NH3_AWB,1.96346762796587e-06
EU-12,SugarCrop,SugarCropAEZ16,SugarCropAEZ16,1975,NH3_AWB,1.83917981672399e-07
EU-12,Wheat,WheatAEZ08,WheatAEZ08,1975,NH3_AWB,1.16377288688014e-05
EU-12,Wheat,WheatAEZ09,WheatAEZ09,1975,NH3_AWB,0.000133037046231547
EU-12,Wheat,WheatAEZ10,WheatAEZ10,1975,NH3_AWB,0.000597301041595919
EU-12,Wheat,WheatAEZ11,WheatAEZ11,1975,NH3_AWB,3.95551360473842e-05
EU-12,Wheat,WheatAEZ15,WheatAEZ15,1975,NH3_AWB,1.42405850709188e-06
EU-12,Wheat,WheatAEZ16,WheatAEZ16,1975,NH3_AWB,1.11826813064855e-06
EU-12,Corn,CornAEZ08,CornAEZ08,1975,NMVOC_AWB,0.000119139147233966
EU-12,Corn,CornAEZ09,CornAEZ09,1975,NMVOC_AWB,0.000562175052477408
EU-12,Corn,CornAEZ10,CornAEZ10,1975,NMVOC_AWB,0.00190415276726014
EU-12,Corn,CornAEZ11,CornAEZ11,1975,NMVOC_AWB,0.000517716999595272
EU-12,Corn,CornAEZ15,CornAEZ15,1975,NMVOC_AWB,1.02700773298923e-05
EU-12,Corn,CornAEZ16,CornAEZ16,1975,NMVOC_AWB,1.56271628301259e-06
EU-12,FiberCrop,FiberCropAEZ08,FiberCropAEZ08,1975,NMVOC_AWB,0
EU-12,FiberCrop,FiberCropAEZ09,FiberCropAEZ09,1975,NMVOC_AWB,1.71502783739656e-05
EU-12,FiberCrop,FiberCropAEZ10,FiberCropAEZ10,1975,NMVOC_AWB,1.4812874930758e-05
EU-12,FiberCrop,FiberCropAEZ11,FiberCropAEZ11,1975,NMVOC_AWB,0
EU-12,FiberCrop,FiberCropAEZ15,FiberCropAEZ15,1975,NMVOC_AWB,9.90560584271149e-08
EU-12,FiberCrop,FiberCropAEZ16,FiberCropAEZ16,1975,NMVOC_AWB,0
EU-12,FodderGrass,FodderGrassAEZ08,FodderGrassAEZ08,1975,NMVOC_AWB,7.77968195757677e-06
EU-12,FodderGrass,FodderGrassAEZ09,FodderGrassAEZ09,1975,NMVOC_AWB,2.19045173549954e-05
EU-12,FodderGrass,FodderGrassAEZ10,FodderGrassAEZ10,1975,NMVOC_AWB,0.000452644730584559
EU-12,FodderGrass,FodderGrassAEZ11,FodderGrassAEZ11,1975,NMVOC_AWB,1.54419013852727e-05
EU-12,FodderGrass,FodderGrassAEZ15,FodderGrassAEZ15,1975,NMVOC_AWB,1.17607651632718e-06
EU-12,FodderGrass,FodderGrassAEZ16,FodderGrassAEZ16,1975,NMVOC_AWB,3.43899197000395e-06
EU-12,FodderHerb,FodderHerbAEZ08,FodderHerbAEZ08,1975,NMVOC_AWB,0.000277183332991048
EU-12,FodderHerb,FodderHerbAEZ09,FodderHerbAEZ09,1975,NMVOC_AWB,0.00117378297098425
EU-12,FodderHerb,FodderHerbAEZ10,FodderHerbAEZ10,1975,NMVOC_AWB,0.0114870240502013
EU-12,FodderHerb,FodderHerbAEZ11,FodderHerbAEZ11,1975,NMVOC_AWB,0.000893100252764532
EU-12,FodderHerb,FodderHerbAEZ15,FodderHerbAEZ15,1975,NMVOC_AWB,6.24769655995168e-05
EU-12,FodderHerb,FodderHerbAEZ16,FodderHerbAEZ16,1975,NMVOC_AWB,2.78300880928151e-05
EU-12,MiscCrop,MiscCropAEZ08,MiscCropAEZ08,1975,NMVOC_AWB,9.71896228149603e-05
EU-12,MiscCrop,MiscCropAEZ09,MiscCropAEZ09,1975,NMVOC_AWB,0.000693613239039788
EU-12,MiscCrop,MiscCropAEZ10,MiscCropAEZ10,1975,NMVOC_AWB,0.00292737474009572
EU-12,MiscCrop,MiscCropAEZ11,MiscCropAEZ11,1975,NMVOC_AWB,0.000273779452051671
EU-12,MiscCrop,MiscCropAEZ15,MiscCropAEZ15,1975,NMVOC_AWB,1.19819896532132e-05
EU-12,MiscCrop,MiscCropAEZ16,MiscCropAEZ16,1975,NMVOC_AWB,3.77393735391177e-06
EU-12,OilCrop,OilCropAEZ08,OilCropAEZ08,1975,NMVOC_AWB,1.98826648691312e-05
EU-12,OilCrop,OilCropAEZ09,OilCropAEZ09,1975,NMVOC_AWB,9.85863406767036e-05
EU-12,OilCrop,OilCropAEZ10,OilCropAEZ10,1975,NMVOC_AWB,0.000303490506355087
EU-12,OilCrop,OilCropAEZ11,OilCropAEZ11,1975,NMVOC_AWB,2.50148696909164e-05
EU-12,OilCrop,OilCropAEZ15,OilCropAEZ15,1975,NMVOC_AWB,4.37411296205313e-07
EU-12,OilCrop,OilCropAEZ16,OilCropAEZ16,1975,NMVOC_AWB,4.68896638755543e-07
EU-12,OtherGrain,OtherGrainAEZ08,OtherGrainAEZ08,1975,NMVOC_AWB,2.37397957390365e-05
EU-12,OtherGrain,OtherGrainAEZ09,OtherGrainAEZ09,1975,NMVOC_AWB,0.000221560158689005
EU-12,OtherGrain,OtherGrainAEZ10,OtherGrainAEZ10,1975,NMVOC_AWB,0.00386118923866176
EU-12,OtherGrain,OtherGrainAEZ11,OtherGrainAEZ11,1975,NMVOC_AWB,0.000106556323892308
EU-12,OtherGrain,OtherGrainAEZ15,OtherGrainAEZ15,1975,NMVOC_AWB,5.46773254739742e-06
EU-12,OtherGrain,OtherGrainAEZ16,OtherGrainAEZ16,1975,NMVOC_AWB,1.1456288327807e-05
EU-12,PalmFruit,PalmFruitAEZ08,PalmFruitAEZ08,1975,NMVOC_AWB,0
EU-12,PalmFruit,PalmFruitAEZ09,PalmFruitAEZ09,1975,NMVOC_AWB,0
EU-12,PalmFruit,PalmFruitAEZ10,PalmFruitAEZ10,1975,NMVOC_AWB,0
EU-12,PalmFruit,PalmFruitAEZ11,PalmFruitAEZ11,1975,NMVOC_AWB,0
EU-12,PalmFruit,PalmFruitAEZ15,PalmFruitAEZ15,1975,NMVOC_AWB,0
EU-12,PalmFruit,PalmFruitAEZ16,PalmFruitAEZ16,1975,NMVOC_AWB,0
EU-12,Rice,RiceAEZ08,RiceAEZ08,1975,NMVOC_AWB,1.08490186357807e-06
EU-12,Rice,RiceAEZ09,RiceAEZ09,1975,NMVOC_AWB,1.70087663246326e-05
EU-12,Rice,RiceAEZ10,RiceAEZ10,1975,NMVOC_AWB,8.30970565021077e-06
EU-12,Rice,RiceAEZ11,RiceAEZ11,1975,NMVOC_AWB,0
EU-12,Rice,RiceAEZ15,RiceAEZ15,1975,NMVOC_AWB,0
EU-12,Rice,RiceAEZ16,RiceAEZ16,1975,NMVOC_AWB,0
EU-12,Root_Tuber,Root_TuberAEZ08,Root_TuberAEZ08,1975,NMVOC_AWB,1.46037382308433e-05
EU-12,Root_Tuber,Root_TuberAEZ09,Root_TuberAEZ09,1975,NMVOC_AWB,0.000176989005338382
EU-12,Root_Tuber,Root_TuberAEZ10,Root_TuberAEZ10,1975,NMVOC_AWB,0.00947421598129104
EU-12,Root_Tuber,Root_TuberAEZ11,Root_TuberAEZ11,1975,NMVOC_AWB,0.00024114312328283
EU-12,Root_Tuber,Root_TuberAEZ15,Root_TuberAEZ15,1975,NMVOC_AWB,2.58390502988821e-05
EU-12,Root_Tuber,Root_TuberAEZ16,Root_TuberAEZ16,1975,NMVOC_AWB,5.40688720187661e-05
EU-12,SugarCrop,SugarCropAEZ08,SugarCropAEZ08,1975,NMVOC_AWB,1.20569954498214e-05
EU-12,SugarCrop,SugarCropAEZ09,SugarCropAEZ09,1975,NMVOC_AWB,7.76529743071196e-05
EU-12,SugarCrop,SugarCropAEZ10,SugarCropAEZ10,1975,NMVOC_AWB,0.00534797190522673
EU-12,SugarCrop,SugarCropAEZ11,SugarCropAEZ11,1975,NMVOC_AWB,0.000182356081949193
EU-12,SugarCrop,SugarCropAEZ15,SugarCropAEZ15,1975,NMVOC_AWB,1.05742093815358e-05
EU-12,SugarCrop,SugarCropAEZ16,SugarCropAEZ16,1975,NMVOC_AWB,9.90486025607755e-07
EU-12,Wheat,WheatAEZ08,WheatAEZ08,1975,NMVOC_AWB,6.26747189673494e-05
EU-12,Wheat,WheatAEZ09,WheatAEZ09,1975,NMVOC_AWB,0.000716467927617845
EU-12,Wheat,WheatAEZ10,WheatAEZ10,1975,NMVOC_AWB,0.00321675090930221
EU-12,Wheat,WheatAEZ11,WheatAEZ11,1975,NMVOC_AWB,0.000213023267978954
EU-12,Wheat,WheatAEZ15,WheatAEZ15,1975,NMVOC_AWB,7.66923406888402e-06
EU-12,Wheat,WheatAEZ16,WheatAEZ16,1975,NMVOC_AWB,6.02240708721373e-06
EU-12,Corn,CornAEZ08,CornAEZ08,1975,NOx_AWB,6.46330241825205e-05
EU-12,Corn,CornAEZ09,CornAEZ09,1975,NOx_AWB,0.000304980139653233
EU-12,Corn,CornAEZ10,CornAEZ10,1975,NOx_AWB,0.00103300346452749
EU-12,Corn,CornAEZ11,CornAEZ11,1975,NOx_AWB,0.000280861632229339
EU-12,Corn,CornAEZ15,CornAEZ15,1975,NOx_AWB,5.57152012441165e-06
EU-12,Corn,CornAEZ16,CornAEZ16,1975,NOx_AWB,8.47774066336241e-07
EU-12,FiberCrop,FiberCropAEZ08,FiberCropAEZ08,1975,NOx_AWB,0
EU-12,FiberCrop,FiberCropAEZ09,FiberCropAEZ09,1975,NOx_AWB,9.30403131646266e-06
EU-12,FiberCrop,FiberCropAEZ10,FiberCropAEZ10,1975,NOx_AWB,8.0359892263807e-06
EU-12,FiberCrop,FiberCropAEZ11,FiberCropAEZ11,1975,NOx_AWB,0
EU-12,FiberCrop,FiberCropAEZ15,FiberCropAEZ15,1975,NOx_AWB,5.37379423001244e-08
EU-12,FiberCrop,FiberCropAEZ16,FiberCropAEZ16,1975,NOx_AWB,0
EU-12,FodderGrass,FodderGrassAEZ08,FodderGrassAEZ08,1975,NOx_AWB,4.22047986552169e-06
EU-12,FodderGrass,FodderGrassAEZ09,FodderGrassAEZ09,1975,NOx_AWB,1.18832074324957e-05
EU-12,FodderGrass,FodderGrassAEZ10,FodderGrassAEZ10,1975,NOx_AWB,0.00024555990618692
EU-12,FodderGrass,FodderGrassAEZ11,FodderGrassAEZ11,1975,NOx_AWB,8.37723627229294e-06
EU-12,FodderGrass,FodderGrassAEZ15,FodderGrassAEZ15,1975,NOx_AWB,6.38021873456873e-07
EU-12,FodderGrass,FodderGrassAEZ16,FodderGrassAEZ16,1975,NOx_AWB,1.86565420620528e-06
EU-12,FodderHerb,FodderHerbAEZ08,FodderHerbAEZ08,1975,NOx_AWB,0.000150372043783561
EU-12,FodderHerb,FodderHerbAEZ09,FodderHerbAEZ09,1975,NOx_AWB,0.000636777624399741
EU-12,FodderHerb,FodderHerbAEZ10,FodderHerbAEZ10,1975,NOx_AWB,0.00623171409615552
EU-12,FodderHerb,FodderHerbAEZ11,FodderHerbAEZ11,1975,NOx_AWB,0.00048450716304849
EU-12,FodderHerb,FodderHerbAEZ15,FodderHerbAEZ15,1975,NOx_AWB,3.3893773140025e-05
EU-12,FodderHerb,FodderHerbAEZ16,FodderHerbAEZ16,1975,NOx_AWB,1.50978313884706e-05
EU-12,MiscCrop,MiscCropAEZ08,MiscCropAEZ08,1975,NOx_AWB,5.27254004038944e-05
EU-12,MiscCrop,MiscCropAEZ09,MiscCropAEZ09,1975,NOx_AWB,0.000376285396471212
EU-12,MiscCrop,MiscCropAEZ10,MiscCropAEZ10,1975,NOx_AWB,0.00158810170091569
EU-12,MiscCrop,MiscCropAEZ11,MiscCropAEZ11,1975,NOx_AWB,0.000148525437322318
EU-12,MiscCrop,MiscCropAEZ15,MiscCropAEZ15,1975,NOx_AWB,6.50023308870934e-06
EU-12,MiscCrop,MiscCropAEZ16,MiscCropAEZ16,1975,NOx_AWB,2.0473621804568e-06
EU-12,OilCrop,OilCropAEZ08,OilCropAEZ08,1975,NOx_AWB,1.07863518342621e-05
EU-12,OilCrop,OilCropAEZ09,OilCropAEZ09,1975,NOx_AWB,5.34831202754067e-05
EU-12,OilCrop,OilCropAEZ10,OilCropAEZ10,1975,NOx_AWB,0.000164643693461165
EU-12,OilCrop,OilCropAEZ11,OilCropAEZ11,1975,NOx_AWB,1.35705745356776e-05
EU-12,OilCrop,OilCropAEZ15,OilCropAEZ15,1975,NOx_AWB,2.37295763329802e-07
EU-12,OilCrop,OilCropAEZ16,OilCropAEZ16,1975,NOx_AWB,2.54376571390713e-07
EU-12,OtherGrain,OtherGrainAEZ08,OtherGrainAEZ08,1975,NOx_AWB,1.28788465228481e-05
EU-12,OtherGrain,OtherGrainAEZ09,OtherGrainAEZ09,1975,NOx_AWB,0.000120196454539897
EU-12,OtherGrain,OtherGrainAEZ10,OtherGrainAEZ10,1975,NOx_AWB,0.00209469635489018
EU-12,OtherGrain,OtherGrainAEZ11,OtherGrainAEZ11,1975,NOx_AWB,5.78068386322023e-05
EU-12,OtherGrain,OtherGrainAEZ15,OtherGrainAEZ15,1975,NOx_AWB,2.96624659622157e-06
EU-12,OtherGrain,OtherGrainAEZ16,OtherGrainAEZ16,1975,NOx_AWB,6.21503995726082e-06
EU-12,PalmFruit,PalmFruitAEZ08,PalmFruitAEZ08,1975,NOx_AWB,0
EU-12,PalmFruit,PalmFruitAEZ09,PalmFruitAEZ09,1975,NOx_AWB,0
EU-12,PalmFruit,PalmFruitAEZ10,PalmFruitAEZ10,1975,NOx_AWB,0
EU-12,PalmFruit,PalmFruitAEZ11,PalmFruitAEZ11,1975,NOx_AWB,0
EU-12,PalmFruit,PalmFruitAEZ15,PalmFruitAEZ15,1975,NOx_AWB,0
EU-12,PalmFruit,PalmFruitAEZ16,PalmFruitAEZ16,1975,NOx_AWB,0
EU-12,Rice,RiceAEZ08,RiceAEZ08,1975,NOx_AWB,5.8855959617203e-07
EU-12,Rice,RiceAEZ09,RiceAEZ09,1975,NOx_AWB,9.22726098597929e-06
EU-12,Rice,RiceAEZ10,RiceAEZ10,1975,NOx_AWB,4.5080178825267e-06
EU-12,Rice,RiceAEZ11,RiceAEZ11,1975,NOx_AWB,0
EU-12,Rice,RiceAEZ15,RiceAEZ15,1975,NOx_AWB,0
EU-12,Rice,RiceAEZ16,RiceAEZ16,1975,NOx_AWB,0
EU-12,Root_Tuber,Root_TuberAEZ08,Root_TuberAEZ08,1975,NOx_AWB,7.92253250206411e-06
EU-12,Root_Tuber,Root_TuberAEZ09,Root_TuberAEZ09,1975,NOx_AWB,9.60165900769066e-05
EU-12,Root_Tuber,Root_TuberAEZ10,Root_TuberAEZ10,1975,NOx_AWB,0.00513976509691375
EU-12,Root_Tuber,Root_TuberAEZ11,Root_TuberAEZ11,1975,NOx_AWB,0.000130820218882213
EU-12,Root_Tuber,Root_TuberAEZ15,Root_TuberAEZ15,1975,NOx_AWB,1.40176927701299e-05
EU-12,Root_Tuber,Root_TuberAEZ16,Root_TuberAEZ16,1975,NOx_AWB,2.93323797747833e-05
EU-12,SugarCrop,SugarCropAEZ08,SugarCropAEZ08,1975,NOx_AWB,6.54092375654238e-06
EU-12,SugarCrop,SugarCropAEZ09,SugarCropAEZ09,1975,NOx_AWB,4.21267625525343e-05
EU-12,SugarCrop,SugarCropAEZ10,SugarCropAEZ10,1975,NOx_AWB,0.00290127641084387
EU-12,SugarCrop,SugarCropAEZ11,SugarCropAEZ11,1975,NOx_AWB,9.89282307964322e-05
EU-12,SugarCrop,SugarCropAEZ15,SugarCropAEZ15,1975,NOx_AWB,5.73651185638998e-06
EU-12,SugarCrop,SugarCropAEZ16,SugarCropAEZ16,1975,NOx_AWB,5.37338974903318e-07
EU-12,Wheat,WheatAEZ08,WheatAEZ08,1975,NOx_AWB,3.40010544031701e-05
EU-12,Wheat,WheatAEZ09,WheatAEZ09,1975,NOx_AWB,0.000388684072085775
EU-12,Wheat,WheatAEZ10,WheatAEZ10,1975,NOx_AWB,0.00174508836211311
EU-12,Wheat,WheatAEZ11,WheatAEZ11,1975,NOx_AWB,0.000115565188692218
EU-12,Wheat,WheatAEZ15,WheatAEZ15,1975,NOx_AWB,4.16056185178295e-06
EU-12,Wheat,WheatAEZ16,WheatAEZ16,1975,NOx_AWB,3.26715770543887e-06
EU-12,Corn,CornAEZ08,CornAEZ08,1975,SO2_AWB,8.75650091963042e-06
EU-12,Corn,CornAEZ09,CornAEZ09,1975,SO2_AWB,4.13187980466615e-05
EU-12,Corn,CornAEZ10,CornAEZ10,1975,SO2_AWB,0.000139951609901037
EU-12,Corn,CornAEZ11,CornAEZ11,1975,SO2_AWB,3.8051215644188e-05
EU-12,Corn,CornAEZ15,CornAEZ15,1975,SO2_AWB,7.54831167351506e-07
EU-12,Corn,CornAEZ16,CornAEZ16,1975,SO2_AWB,1.14856677146166e-07
EU-12,FiberCrop,FiberCropAEZ08,FiberCropAEZ08,1975,SO2_AWB,0
EU-12,FiberCrop,FiberCropAEZ09,FiberCropAEZ09,1975,SO2_AWB,1.26051286953255e-06
EU-12,FiberCrop,FiberCropAEZ10,FiberCropAEZ10,1975,SO2_AWB,1.08871815826271e-06
EU-12,FiberCrop,FiberCropAEZ11,FiberCropAEZ11,1975,SO2_AWB,0
EU-12,FiberCrop,FiberCropAEZ15,FiberCropAEZ15,1975,SO2_AWB,7.28043205654833e-09
EU-12,FiberCrop,FiberCropAEZ16,FiberCropAEZ16,1975,SO2_AWB,0
EU-12,FodderGrass,FodderGrassAEZ08,FodderGrassAEZ08,1975,SO2_AWB,5.71791840025289e-07
EU-12,FodderGrass,FodderGrassAEZ09,FodderGrassAEZ09,1975,SO2_AWB,1.60994040008031e-06
EU-12,FodderGrass,FodderGrassAEZ10,FodderGrassAEZ10,1975,SO2_AWB,3.32685275297955e-05
EU-12,FodderGrass,FodderGrassAEZ11,FodderGrassAEZ11,1975,SO2_AWB,1.1349504073203e-06
EU-12,FodderGrass,FodderGrassAEZ15,FodderGrassAEZ15,1975,SO2_AWB,8.6439389032648e-08
EU-12,FodderGrass,FodderGrassAEZ16,FodderGrassAEZ16,1975,SO2_AWB,2.52759374622719e-07
EU-12,FodderHerb,FodderHerbAEZ08,FodderHerbAEZ08,1975,SO2_AWB,2.03724482388302e-05
EU-12,FodderHerb,FodderHerbAEZ09,FodderHerbAEZ09,1975,SO2_AWB,8.62708178084042e-05
EU-12,FodderHerb,FodderHerbAEZ10,FodderHerbAEZ10,1975,SO2_AWB,0.0008442744387105
EU-12,FodderHerb,FodderHerbAEZ11,FodderHerbAEZ11,1975,SO2_AWB,6.56411714052057e-05
EU-12,FodderHerb,FodderHerbAEZ15,FodderHerbAEZ15,1975,SO2_AWB,4.59193824556701e-06
EU-12,FodderHerb,FodderHerbAEZ16,FodderHerbAEZ16,1975,SO2_AWB,2.04545858885126e-06
EU-12,MiscCrop,MiscCropAEZ08,MiscCropAEZ08,1975,SO2_AWB,7.14325258587302e-06
EU-12,MiscCrop,MiscCropAEZ09,MiscCropAEZ09,1975,SO2_AWB,5.09792549848652e-05
EU-12,MiscCrop,MiscCropAEZ10,MiscCropAEZ10,1975,SO2_AWB,0.000215156480459037
EU-12,MiscCrop,MiscCropAEZ11,MiscCropAEZ11,1975,SO2_AWB,2.01222694582365e-05
EU-12,MiscCrop,MiscCropAEZ15,MiscCropAEZ15,1975,SO2_AWB,8.80653469940662e-07
EU-12,MiscCrop,MiscCropAEZ16,MiscCropAEZ16,1975,SO2_AWB,2.77377223837763e-07
EU-12,OilCrop,OilCropAEZ08,OilCropAEZ08,1975,SO2_AWB,1.46133808452857e-06
EU-12,OilCrop,OilCropAEZ09,OilCropAEZ09,1975,SO2_AWB,7.24590869450541e-06
EU-12,OilCrop,OilCropAEZ10,OilCropAEZ10,1975,SO2_AWB,2.23059754891361e-05
EU-12,OilCrop,OilCropAEZ11,OilCropAEZ11,1975,SO2_AWB,1.83854538611719e-06
EU-12,OilCrop,OilCropAEZ15,OilCropAEZ15,1975,SO2_AWB,3.2148899051265e-08
EU-12,OilCrop,OilCropAEZ16,OilCropAEZ16,1975,SO2_AWB,3.44630118965965e-08
EU-12,OtherGrain,OtherGrainAEZ08,OtherGrainAEZ08,1975,SO2_AWB,1.74482987369786e-06
EU-12,OtherGrain,OtherGrainAEZ09,OtherGrainAEZ09,1975,SO2_AWB,1.6284250629256e-05
EU-12,OtherGrain,OtherGrainAEZ10,OtherGrainAEZ10,1975,SO2_AWB,0.000283790071560707
EU-12,OtherGrain,OtherGrainAEZ11,OtherGrainAEZ11,1975,SO2_AWB,7.83168731536317e-06
EU-12,OtherGrain,OtherGrainAEZ15,OtherGrainAEZ15,1975,SO2_AWB,4.01867951812307e-07
EU-12,OtherGrain,OtherGrainAEZ16,OtherGrainAEZ16,1975,SO2_AWB,8.42015421522117e-07
EU-12,PalmFruit,PalmFruitAEZ08,PalmFruitAEZ08,1975,SO2_AWB,0
EU-12,PalmFruit,PalmFruitAEZ09,PalmFruitAEZ09,1975,SO2_AWB,0
EU-12,PalmFruit,PalmFruitAEZ10,PalmFruitAEZ10,1975,SO2_AWB,0
EU-12,PalmFruit,PalmFruitAEZ11,PalmFruitAEZ11,1975,SO2_AWB,0
EU-12,PalmFruit,PalmFruitAEZ15,PalmFruitAEZ15,1975,SO2_AWB,0
EU-12,PalmFruit,PalmFruitAEZ16,PalmFruitAEZ16,1975,SO2_AWB,0
EU-12,Rice,RiceAEZ08,RiceAEZ08,1975,SO2_AWB,7.97382253162691e-08
EU-12,Rice,RiceAEZ09,RiceAEZ09,1975,SO2_AWB,1.25011200282423e-06
EU-12,Rice,RiceAEZ10,RiceAEZ10,1975,SO2_AWB,6.10747574221214e-07
EU-12,Rice,RiceAEZ11,RiceAEZ11,1975,SO2_AWB,0
EU-12,Rice,RiceAEZ15,RiceAEZ15,1975,SO2_AWB,0
EU-12,Rice,RiceAEZ16,RiceAEZ16,1975,SO2_AWB,0
EU-12,Root_Tuber,Root_TuberAEZ08,Root_TuberAEZ08,1975,SO2_AWB,1.07334700824486e-06
EU-12,Root_Tuber,Root_TuberAEZ09,Root_TuberAEZ09,1975,SO2_AWB,1.30083555572755e-05
EU-12,Root_Tuber,Root_TuberAEZ10,Root_TuberAEZ10,1975,SO2_AWB,0.000696336870617625
EU-12,Root_Tuber,Root_TuberAEZ11,Root_TuberAEZ11,1975,SO2_AWB,1.77235613130749e-05
EU-12,Root_Tuber,Root_TuberAEZ15,Root_TuberAEZ15,1975,SO2_AWB,1.89912109459881e-06
EU-12,Root_Tuber,Root_TuberAEZ16,Root_TuberAEZ16,1975,SO2_AWB,3.9739593454193e-06
EU-12,SugarCrop,SugarCropAEZ08,SugarCropAEZ08,1975,SO2_AWB,8.86166253456629e-07
EU-12,SugarCrop,SugarCropAEZ09,SugarCropAEZ09,1975,SO2_AWB,5.70734604635877e-06
EU-12,SugarCrop,SugarCropAEZ10,SugarCropAEZ10,1975,SO2_AWB,0.000393065772195864
EU-12,SugarCrop,SugarCropAEZ11,SugarCropAEZ11,1975,SO2_AWB,1.34028254890268e-05
EU-12,SugarCrop,SugarCropAEZ15,SugarCropAEZ15,1975,SO2_AWB,7.77184295200201e-07
EU-12,SugarCrop,SugarCropAEZ16,SugarCropAEZ16,1975,SO2_AWB,7.27988406454089e-08
EU-12,Wheat,WheatAEZ08,WheatAEZ08,1975,SO2_AWB,4.60647274230876e-06
EU-12,Wheat,WheatAEZ09,WheatAEZ09,1975,SO2_AWB,5.26590311642146e-05
EU-12,Wheat,WheatAEZ10,WheatAEZ10,1975,SO2_AWB,0.000236425078989456
EU-12,Wheat,WheatAEZ11,WheatAEZ11,1975,SO2_AWB,1.565680538486e-05
EU-12,Wheat,WheatAEZ15,WheatAEZ15,1975,SO2_AWB,5.63674130092298e-07
EU-12,Wheat,WheatAEZ16,WheatAEZ16,1975,SO2_AWB,4.42635476431724e-07
EU-15,Corn,CornAEZ04,CornAEZ04,1975,CH4_AWB,2.81158106510466e-08
EU-15,Corn,CornAEZ08,CornAEZ08,1975,CH4_AWB,4.87436349960492e-07
EU-15,Corn,CornAEZ09,CornAEZ09,1975,CH4_AWB,5.99542311378993e-05
EU-15,Corn,CornAEZ10,CornAEZ10,1975,CH4_AWB,0.000208314038531582
EU-15,Corn,CornAEZ11,CornAEZ11,1975,CH4_AWB,0.000365919758947463
EU-15,Corn,CornAEZ12,CornAEZ12,1975,CH4_AWB,8.08420789154195e-05
EU-15,Corn,CornAEZ13,CornAEZ13,1975,CH4_AWB,1.41535373345405e-09
EU-15,Corn,CornAEZ14,CornAEZ14,1975,CH4_AWB,1.23682789902081e-06
EU-15,Corn,CornAEZ15,CornAEZ15,1975,CH4_AWB,9.81130858591068e-06
EU-15,Corn,CornAEZ16,CornAEZ16,1975,CH4_AWB,2.19794871604513e-06
EU-15,FiberCrop,FiberCropAEZ04,FiberCropAEZ04,1975,CH4_AWB,1.76406763327687e-08
EU-15,FiberCrop,FiberCropAEZ08,FiberCropAEZ08,1975,CH4_AWB,2.62666914239249e-07
EU-15,FiberCrop,FiberCropAEZ09,FiberCropAEZ09,1975,CH4_AWB,6.12551812987817e-06
EU-15,FiberCrop,FiberCropAEZ10,FiberCropAEZ10,1975,CH4_AWB,1.57319551535632e-05
EU-15,FiberCrop,FiberCropAEZ11,FiberCropAEZ11,1975,CH4_AWB,1.16241031610238e-06
EU-15,FiberCrop,FiberCropAEZ12,FiberCropAEZ12,1975,CH4_AWB,2.24298443215477e-07
EU-15,FiberCrop,FiberCropAEZ13,FiberCropAEZ13,1975,CH4_AWB,0
EU-15,FiberCrop,FiberCropAEZ14,FiberCropAEZ14,1975,CH4_AWB,0
EU-15,FiberCrop,FiberCropAEZ15,FiberCropAEZ15,1975,CH4_AWB,0
EU-15,FiberCrop,FiberCropAEZ16,FiberCropAEZ16,1975,CH4_AWB,3.1560272501594e-09
EU-15,FodderGrass,FodderGrassAEZ04,FodderGrassAEZ04,1975,CH4_AWB,3.60826898059167e-08
EU-15,FodderGrass,FodderGrassAEZ08,FodderGrassAEZ08,1975,CH4_AWB,9.01556788464104e-07
EU-15,FodderGrass,FodderGrassAEZ09,FodderGrassAEZ09,1975,CH4_AWB,4.26145352018828e-05
EU-15,FodderGrass,FodderGrassAEZ10,FodderGrassAEZ10,1975,CH4_AWB,0.000327396735642015
EU-15,FodderGrass,FodderGrassAEZ11,FodderGrassAEZ11,1975,CH4_AWB,0.00041691028776015
EU-15,FodderGrass,FodderGrassAEZ12,FodderGrassAEZ12,1975,CH4_AWB,0.000112012253399043
EU-15,FodderGrass,FodderGrassAEZ13,FodderGrassAEZ13,1975,CH4_AWB,2.56131190461401e-08
EU-15,FodderGrass,FodderGrassAEZ14,FodderGrassAEZ14,1975,CH4_AWB,5.61519714663242e-07
EU-15,FodderGrass,FodderGrassAEZ15,FodderGrassAEZ15,1975,CH4_AWB,2.90415336493082e-05
EU-15,FodderGrass,FodderGrassAEZ16,FodderGrassAEZ16,1975,CH4_AWB,1.09533378512617e-05
EU-15,FodderHerb,FodderHerbAEZ04,FodderHerbAEZ04,1975,CH4_AWB,2.6686415570034e-07
EU-15,FodderHerb,FodderHerbAEZ08,FodderHerbAEZ08,1975,CH4_AWB,9.10620854263635e-06
EU-15,FodderHerb,FodderHerbAEZ09,FodderHerbAEZ09,1975,CH4_AWB,0.000374562569577724
EU-15,FodderHerb,FodderHerbAEZ10,FodderHerbAEZ10,1975,CH4_AWB,0.00418362122799082
EU-15,FodderHerb,FodderHerbAEZ11,FodderHerbAEZ11,1975,CH4_AWB,0.00308988833988438
EU-15,FodderHerb,FodderHerbAEZ12,FodderHerbAEZ12,1975,CH4_AWB,0.000405645523062393
EU-15,FodderHerb,FodderHerbAEZ13,FodderHerbAEZ13,1975,CH4_AWB,4.36622908097454e-08
EU-15,FodderHerb,FodderHerbAEZ14,FodderHerbAEZ14,1975,CH4_AWB,9.05109624799923e-06
EU-15,FodderHerb,FodderHerbAEZ15,FodderHerbAEZ15,1975,CH4_AWB,6.87006672099664e-05
EU-15,FodderHerb,FodderHerbAEZ16,FodderHerbAEZ16,1975,CH4_AWB,1.52466318228055e-05
EU-15,MiscCrop,MiscCropAEZ04,MiscCropAEZ04,1975,CH4_AWB,1.78488707199721e-07
EU-15,MiscCrop,MiscCropAEZ08,MiscCropAEZ08,1975,CH4_AWB,1.45437488183345e-05
EU-15,MiscCrop,MiscCropAEZ09,MiscCropAEZ09,1975,CH4_AWB,0.000667518248698652
EU-15,MiscCrop,MiscCropAEZ10,MiscCropAEZ10,1975,CH4_AWB,0.00139012933258114
EU-15,MiscCrop,MiscCropAEZ11,MiscCropAEZ11,1975,CH4_AWB,0.00187187308629729
EU-15,MiscCrop,MiscCropAEZ12,MiscCropAEZ12,1975,CH4_AWB,0.000165301760761701
EU-15,MiscCrop,MiscCropAEZ13,MiscCropAEZ13,1975,CH4_AWB,1.18263675705828e-08
EU-15,MiscCrop,MiscCropAEZ14,MiscCropAEZ14,1975,CH4_AWB,7.48032656025382e-06
EU-15,MiscCrop,MiscCropAEZ15,MiscCropAEZ15,1975,CH4_AWB,3.77227832786162e-05
EU-15,MiscCrop,MiscCropAEZ16,MiscCropAEZ16,1975,CH4_AWB,8.58117255671886e-06
EU-15,OilCrop,OilCropAEZ04,OilCropAEZ04,1975,CH4_AWB,3.26093669596437e-07
EU-15,OilCrop,OilCropAEZ08,OilCropAEZ08,1975,CH4_AWB,3.92790686664661e-06
EU-15,OilCrop,OilCropAEZ09,OilCropAEZ09,1975,CH4_AWB,4.33779029776656e-05
EU-15,OilCrop,OilCropAEZ10,OilCropAEZ10,1975,CH4_AWB,0.00018118974120714
EU-15,OilCrop,OilCropAEZ11,OilCropAEZ11,1975,CH4_AWB,0.000110889504509086
EU-15,OilCrop,OilCropAEZ12,OilCropAEZ12,1975,CH4_AWB,1.07188063894439e-05
EU-15,OilCrop,OilCropAEZ13,OilCropAEZ13,1975,CH4_AWB,3.66895507492123e-10
EU-15,OilCrop,OilCropAEZ14,OilCropAEZ14,1975,CH4_AWB,9.31455969645628e-08
EU-15,OilCrop,OilCropAEZ15,OilCropAEZ15,1975,CH4_AWB,1.68123751383141e-06
EU-15,OilCrop,OilCropAEZ16,OilCropAEZ16,1975,CH4_AWB,1.07488153844943e-06
EU-15,OtherGrain,OtherGrainAEZ04,OtherGrainAEZ04,1975,CH4_AWB,5.99200378205308e-08
EU-15,OtherGrain,OtherGrainAEZ08,OtherGrainAEZ08,1975,CH4_AWB,1.44441661314302e-06
EU-15,OtherGrain,OtherGrainAEZ09,OtherGrainAEZ09,1975,CH4_AWB,0.000320307220776598
EU-15,OtherGrain,OtherGrainAEZ10,OtherGrainAEZ10,1975,CH4_AWB,0.00147190682499334
EU-15,OtherGrain,OtherGrainAEZ11,OtherGrainAEZ11,1975,CH4_AWB,0.000700463958416981
EU-15,OtherGrain,OtherGrainAEZ12,OtherGrainAEZ12,1975,CH4_AWB,0.00014246827541082
EU-15,OtherGrain,OtherGrainAEZ13,OtherGrainAEZ13,1975,CH4_AWB,1.04352795651512e-08
EU-15,OtherGrain,OtherGrainAEZ14,OtherGrainAEZ14,1975,CH4_AWB,4.50207775525095e-07
EU-15,OtherGrain,OtherGrainAEZ15,OtherGrainAEZ15,1975,CH4_AWB,9.51513636654212e-05
EU-15,OtherGrain,OtherGrainAEZ16,OtherGrainAEZ16,1975,CH4_AWB,2.52016142482356e-05
EU-15,PalmFruit,PalmFruitAEZ04,PalmFruitAEZ04,1975,CH4_AWB,0
EU-15,PalmFruit,PalmFruitAEZ08,PalmFruitAEZ08,1975,CH4_AWB,0
EU-15,PalmFruit,PalmFruitAEZ09,PalmFruitAEZ09,1975,CH4_AWB,0
EU-15,PalmFruit,PalmFruitAEZ10,PalmFruitAEZ10,1975,CH4_AWB,0
EU-15,PalmFruit,PalmFruitAEZ11,PalmFruitAEZ11,1975,CH4_AWB,0
EU-15,PalmFruit,PalmFruitAEZ12,PalmFruitAEZ12,1975,CH4_AWB,0
EU-15,PalmFruit,PalmFruitAEZ13,PalmFruitAEZ13,1975,CH4_AWB,0
EU-15,PalmFruit,PalmFruitAEZ14,PalmFruitAEZ14,1975,CH4_AWB,0
EU-15,PalmFruit,PalmFruitAEZ15,PalmFruitAEZ15,1975,CH4_AWB,0
EU-15,PalmFruit,PalmFruitAEZ16,PalmFruitAEZ16,1975,CH4_AWB,0
EU-15,Rice,RiceAEZ04,RiceAEZ04,1975,CH4_AWB,2.07070538747887e-08
EU-15,Rice,RiceAEZ08,RiceAEZ08,1975,CH4_AWB,4.99601348211861e-07
EU-15,Rice,RiceAEZ09,RiceAEZ09,1975,CH4_AWB,1.18255911644279e-05
EU-15,Rice,RiceAEZ10,RiceAEZ10,1975,CH4_AWB,1.66466079134066e-05
EU-15,Rice,RiceAEZ11,RiceAEZ11,1975,CH4_AWB,3.32356832924256e-05
EU-15,Rice,RiceAEZ12,RiceAEZ12,1975,CH4_AWB,4.67015107074815e-08
EU-15,Rice,RiceAEZ13,RiceAEZ13,1975,CH4_AWB,0
EU-15,Rice,RiceAEZ14,RiceAEZ14,1975,CH4_AWB,1.22635139089721e-07
EU-15,Rice,RiceAEZ15,RiceAEZ15,1975,CH4_AWB,2.51931940055921e-07
EU-15,Rice,RiceAEZ16,RiceAEZ16,1975,CH4_AWB,1.08729502235673e-07
EU-15,Root_Tuber,Root_TuberAEZ04,Root_TuberAEZ04,1975,CH4_AWB,4.62629695819923e-08
EU-15,Root_Tuber,Root_TuberAEZ08,Root_TuberAEZ08,1975,CH4_AWB,2.21423588868244e-06
EU-15,Root_Tuber,Root_TuberAEZ09,Root_TuberAEZ09,1975,CH4_AWB,9.90181043362061e-05
EU-15,Root_Tuber,Root_TuberAEZ10,Root_TuberAEZ10,1975,CH4_AWB,0.000858990263841883
EU-15,Root_Tuber,Root_TuberAEZ11,Root_TuberAEZ11,1975,CH4_AWB,0.00122573759375224
EU-15,Root_Tuber,Root_TuberAEZ12,Root_TuberAEZ12,1975,CH4_AWB,9.5250946144908e-05
EU-15,Root_Tuber,Root_TuberAEZ13,Root_TuberAEZ13,1975,CH4_AWB,1.76572122882545e-08
EU-15,Root_Tuber,Root_TuberAEZ14,Root_TuberAEZ14,1975,CH4_AWB,3.45737877084913e-07
EU-15,Root_Tuber,Root_TuberAEZ15,Root_TuberAEZ15,1975,CH4_AWB,2.98339800998674e-05
EU-15,Root_Tuber,Root_TuberAEZ16,Root_TuberAEZ16,1975,CH4_AWB,1.73310637196354e-05
EU-15,SugarCrop,SugarCropAEZ04,SugarCropAEZ04,1975,CH4_AWB,2.08768788280421e-07
EU-15,SugarCrop,SugarCropAEZ08,SugarCropAEZ08,1975,CH4_AWB,4.05600576617947e-06
EU-15,SugarCrop,SugarCropAEZ09,SugarCropAEZ09,1975,CH4_AWB,0.000224281077836529
EU-15,SugarCrop,SugarCropAEZ10,SugarCropAEZ10,1975,CH4_AWB,0.00148160248696049
EU-15,SugarCrop,SugarCropAEZ11,SugarCropAEZ11,1975,CH4_AWB,0.00199735093989994
EU-15,SugarCrop,SugarCropAEZ12,SugarCropAEZ12,1975,CH4_AWB,9.54609534527686e-05
EU-15,SugarCrop,SugarCropAEZ13,SugarCropAEZ13,1975,CH4_AWB,4.33938999772584e-08
EU-15,SugarCrop,SugarCropAEZ14,SugarCropAEZ14,1975,CH4_AWB,1.64793851337366e-06
EU-15,SugarCrop,SugarCropAEZ15,SugarCropAEZ15,1975,CH4_AWB,3.6925671440733e-05
EU-15,SugarCrop,SugarCropAEZ16,SugarCropAEZ16,1975,CH4_AWB,3.65141281062878e-06
EU-15,Wheat,WheatAEZ04,WheatAEZ04,1975,CH4_AWB,1.0366488498952e-07
EU-15,Wheat,WheatAEZ08,WheatAEZ08,1975,CH4_AWB,1.26849883267911e-06
EU-15,Wheat,WheatAEZ09,WheatAEZ09,1975,CH4_AWB,9.93890912602116e-05
EU-15,Wheat,WheatAEZ10,WheatAEZ10,1975,CH4_AWB,0.000950600533185792
EU-15,Wheat,WheatAEZ11,WheatAEZ11,1975,CH4_AWB,0.000929093131762532
EU-15,Wheat,WheatAEZ12,WheatAEZ12,1975,CH4_AWB,0.000137830637997836
EU-15,Wheat,WheatAEZ13,WheatAEZ13,1975,CH4_AWB,1.01773518712561e-08
EU-15,Wheat,WheatAEZ14,WheatAEZ14,1975,CH4_AWB,2.79089107177478e-07
EU-15,Wheat,WheatAEZ15,WheatAEZ15,1975,CH4_AWB,1.02507999283448e-05
EU-15,Wheat,WheatAEZ16,WheatAEZ16,1975,CH4_AWB,7.45124009446721e-06
EU-15,Corn,CornAEZ04,CornAEZ04,1975,CO_AWB,1.18374416166748e-06
EU-15,Corn,CornAEZ08,CornAEZ08,1975,CO_AWB,2.05222584762556e-05
EU-15,Corn,CornAEZ09,CornAEZ09,1975,CO_AWB,0.00252421927141229
EU-15,Corn,CornAEZ10,CornAEZ10,1975,CO_AWB,0.00877052879483505
EU-15,Corn,CornAEZ11,CornAEZ11,1975,CO_AWB,0.0154061137937243
EU-15,Corn,CornAEZ12,CornAEZ12,1975,CO_AWB,0.00340364857769545
EU-15,Corn,CornAEZ13,CornAEZ13,1975,CO_AWB,5.95898421519682e-08
EU-15,Corn,CornAEZ14,CornAEZ14,1975,CO_AWB,5.20734693594485e-05
EU-15,Corn,CornAEZ15,CornAEZ15,1975,CO_AWB,0.000413080006869993
EU-15,Corn,CornAEZ16,CornAEZ16,1975,CO_AWB,9.25389985213211e-05
EU-15,FiberCrop,FiberCropAEZ04,FiberCropAEZ04,1975,CO_AWB,7.42715473366702e-07
EU-15,FiberCrop,FiberCropAEZ08,FiberCropAEZ08,1975,CO_AWB,1.10589173491375e-05
EU-15,FiberCrop,FiberCropAEZ09,FiberCropAEZ09,1975,CO_AWB,0.000257899244429634
EU-15,FiberCrop,FiberCropAEZ10,FiberCropAEZ10,1975,CO_AWB,0.000662353659148425
EU-15,FiberCrop,FiberCropAEZ11,FiberCropAEZ11,1975,CO_AWB,4.89403077231571e-05
EU-15,FiberCrop,FiberCropAEZ12,FiberCropAEZ12,1975,CO_AWB,9.44351119456489e-06
EU-15,FiberCrop,FiberCropAEZ13,FiberCropAEZ13,1975,CO_AWB,0
EU-15,FiberCrop,FiberCropAEZ14,FiberCropAEZ14,1975,CO_AWB,0
EU-15,FiberCrop,FiberCropAEZ15,FiberCropAEZ15,1975,CO_AWB,0
EU-15,FiberCrop,FiberCropAEZ16,FiberCropAEZ16,1975,CO_AWB,1.32876440157011e-07
EU-15,FodderGrass,FodderGrassAEZ04,FodderGrassAEZ04,1975,CO_AWB,1.51916919363029e-06
EU-15,FodderGrass,FodderGrassAEZ08,FodderGrassAEZ08,1975,CO_AWB,3.7957738370113e-05
EU-15,FodderGrass,FodderGrassAEZ09,FodderGrassAEZ09,1975,CO_AWB,0.00179417580639896
EU-15,FodderGrass,FodderGrassAEZ10,FodderGrassAEZ10,1975,CO_AWB,0.0137842006113667
EU-15,FodderGrass,FodderGrassAEZ11,FodderGrassAEZ11,1975,CO_AWB,0.0175529393479115
EU-15,FodderGrass,FodderGrassAEZ12,FodderGrassAEZ12,1975,CO_AWB,0.00471598890183161
EU-15,FodderGrass,FodderGrassAEZ13,FodderGrassAEZ13,1975,CO_AWB,1.07837474470379e-06
EU-15,FodderGrass,FodderGrassAEZ14,FodderGrassAEZ14,1975,CO_AWB,2.36413487109986e-05
EU-15,FodderGrass,FodderGrassAEZ15,FodderGrassAEZ15,1975,CO_AWB,0.00122271935637604
EU-15,FodderGrass,FodderGrassAEZ16,FodderGrassAEZ16,1975,CO_AWB,0.000461162222677004
EU-15,FodderHerb,FodderHerbAEZ04,FodderHerbAEZ04,1975,CO_AWB,1.12356314455703e-05
EU-15,FodderHerb,FodderHerbAEZ08,FodderHerbAEZ08,1975,CO_AWB,0.000383393576342464
EU-15,FodderHerb,FodderHerbAEZ09,FodderHerbAEZ09,1975,CO_AWB,0.0157699971884074
EU-15,FodderHerb,FodderHerbAEZ10,FodderHerbAEZ10,1975,CO_AWB,0.176140651419486
EU-15,FodderHerb,FodderHerbAEZ11,FodderHerbAEZ11,1975,CO_AWB,0.130091830818557
EU-15,FodderHerb,FodderHerbAEZ12,FodderHerbAEZ12,1975,CO_AWB,0.0170786652958834
EU-15,FodderHerb,FodderHerbAEZ13,FodderHerbAEZ13,1975,CO_AWB,1.83828887143041e-06
EU-15,FodderHerb,FodderHerbAEZ14,FodderHerbAEZ14,1975,CO_AWB,0.000381073214400121
EU-15,FodderHerb,FodderHerbAEZ15,FodderHerbAEZ15,1975,CO_AWB,0.00289246554978598
EU-15,FodderHerb,FodderHerbAEZ16,FodderHerbAEZ16,1975,CO_AWB,0.000641920363931165
EU-15,MiscCrop,MiscCropAEZ04,MiscCropAEZ04,1975,CO_AWB,7.51480964548965e-06
EU-15,MiscCrop,MiscCropAEZ08,MiscCropAEZ08,1975,CO_AWB,0.000612327276141364
EU-15,MiscCrop,MiscCropAEZ09,MiscCropAEZ09,1975,CO_AWB,0.0281041453689728
EU-15,MiscCrop,MiscCropAEZ10,MiscCropAEZ10,1975,CO_AWB,0.0585278333898716
EU-15,MiscCrop,MiscCropAEZ11,MiscCropAEZ11,1975,CO_AWB,0.0788104196883404
EU-15,MiscCrop,MiscCropAEZ12,MiscCropAEZ12,1975,CO_AWB,0.00695960705681212
EU-15,MiscCrop,MiscCropAEZ13,MiscCropAEZ13,1975,CO_AWB,4.97918901900483e-07
EU-15,MiscCrop,MiscCropAEZ14,MiscCropAEZ14,1975,CO_AWB,0.000314939981740737
EU-15,MiscCrop,MiscCropAEZ15,MiscCropAEZ15,1975,CO_AWB,0.00158822112661536
EU-15,MiscCrop,MiscCropAEZ16,MiscCropAEZ16,1975,CO_AWB,0.000361288281542009
EU-15,OilCrop,OilCropAEZ04,OilCropAEZ04,1975,CO_AWB,1.37293383545794e-05
EU-15,OilCrop,OilCropAEZ08,OilCropAEZ08,1975,CO_AWB,0.000165374453494317
EU-15,OilCrop,OilCropAEZ09,OilCropAEZ09,1975,CO_AWB,0.0018263154504947
EU-15,OilCrop,OilCropAEZ10,OilCropAEZ10,1975,CO_AWB,0.00762852976106555
EU-15,OilCrop,OilCropAEZ11,OilCropAEZ11,1975,CO_AWB,0.0046687184368253
EU-15,OilCrop,OilCropAEZ12,OilCropAEZ12,1975,CO_AWB,0.000451287876455947
EU-15,OilCrop,OilCropAEZ13,OilCropAEZ13,1975,CO_AWB,1.54471951858752e-08
EU-15,OilCrop,OilCropAEZ14,OilCropAEZ14,1975,CO_AWB,3.92165667781408e-06
EU-15,OilCrop,OilCropAEZ15,OilCropAEZ15,1975,CO_AWB,7.07841974067426e-05
EU-15,OilCrop,OilCropAEZ16,OilCropAEZ16,1975,CO_AWB,4.52551328295526e-05
EU-15,OtherGrain,OtherGrainAEZ04,OtherGrainAEZ04,1975,CO_AWB,2.52277964940368e-06
EU-15,OtherGrain,OtherGrainAEZ08,OtherGrainAEZ08,1975,CO_AWB,6.08134602286457e-05
EU-15,OtherGrain,OtherGrainAEZ09,OtherGrainAEZ09,1975,CO_AWB,0.0134857147545955
EU-15,OtherGrain,OtherGrainAEZ10,OtherGrainAEZ10,1975,CO_AWB,0.0619708651558841
EU-15,OtherGrain,OtherGrainAEZ11,OtherGrainAEZ11,1975,CO_AWB,0.0294912400544185
EU-15,OtherGrain,OtherGrainAEZ12,OtherGrainAEZ12,1975,CO_AWB,0.00599826166613179
EU-15,OtherGrain,OtherGrainAEZ13,OtherGrainAEZ13,1975,CO_AWB,4.39350706046809e-07
EU-15,OtherGrain,OtherGrainAEZ14,OtherGrainAEZ14,1975,CO_AWB,1.89548447465909e-05
EU-15,OtherGrain,OtherGrainAEZ15,OtherGrainAEZ15,1975,CO_AWB,0.00400610434504574
EU-15,OtherGrain,OtherGrainAEZ16,OtherGrainAEZ16,1975,CO_AWB,0.00106104938965487
EU-15,PalmFruit,PalmFruitAEZ04,PalmFruitAEZ04,1975,CO_AWB,0
EU-15,PalmFruit,PalmFruitAEZ08,PalmFruitAEZ08,1975,CO_AWB,0
EU-15,PalmFruit,PalmFruitAEZ09,PalmFruitAEZ09,1975,CO_AWB,0
EU-15,PalmFruit,PalmFruitAEZ10,PalmFruitAEZ10,1975,CO_AWB,0
EU-15,PalmFruit,PalmFruitAEZ11,PalmFruitAEZ11,1975,CO_AWB,0
EU-15,PalmFruit,PalmFruitAEZ12,PalmFruitAEZ12,1975,CO_AWB,0
EU-15,PalmFruit,PalmFruitAEZ13,PalmFruitAEZ13,1975,CO_AWB,0
EU-15,PalmFruit,PalmFruitAEZ14,PalmFruitAEZ14,1975,CO_AWB,0
EU-15,PalmFruit,PalmFruitAEZ15,PalmFruitAEZ15,1975,CO_AWB,0
EU-15,PalmFruit,PalmFruitAEZ16,PalmFruitAEZ16,1975,CO_AWB,0
EU-15,Rice,RiceAEZ04,RiceAEZ04,1975,CO_AWB,8.71817442286787e-07
EU-15,Rice,RiceAEZ08,RiceAEZ08,1975,CO_AWB,2.10344345552411e-05
EU-15,Rice,RiceAEZ09,RiceAEZ09,1975,CO_AWB,0.000497886213308841
EU-15,Rice,RiceAEZ10,RiceAEZ10,1975,CO_AWB,0.00070086276983549
EU-15,Rice,RiceAEZ11,RiceAEZ11,1975,CO_AWB,0.00139930327973572
EU-15,Rice,RiceAEZ12,RiceAEZ12,1975,CO_AWB,1.96624743732845e-06
EU-15,Rice,RiceAEZ13,RiceAEZ13,1975,CO_AWB,0
EU-15,Rice,RiceAEZ14,RiceAEZ14,1975,CO_AWB,5.16323828305953e-06
EU-15,Rice,RiceAEZ15,RiceAEZ15,1975,CO_AWB,1.06069487691494e-05
EU-15,Rice,RiceAEZ16,RiceAEZ16,1975,CO_AWB,4.57777707603455e-06
EU-15,Root_Tuber,Root_TuberAEZ04,Root_TuberAEZ04,1975,CO_AWB,1.94778378698624e-06
EU-15,Root_Tuber,Root_TuberAEZ08,Root_TuberAEZ08,1975,CO_AWB,9.32247281898972e-05
EU-15,Root_Tuber,Root_TuberAEZ09,Root_TuberAEZ09,1975,CO_AWB,0.00416890355259957
EU-15,Root_Tuber,Root_TuberAEZ10,Root_TuberAEZ10,1975,CO_AWB,0.0361655839261453
EU-15,Root_Tuber,Root_TuberAEZ11,Root_TuberAEZ11,1975,CO_AWB,0.0516065404746401
EU-15,Root_Tuber,Root_TuberAEZ12,Root_TuberAEZ12,1975,CO_AWB,0.00401029701016787
EU-15,Root_Tuber,Root_TuberAEZ13,Root_TuberAEZ13,1975,CO_AWB,7.43411677399616e-07
EU-15,Root_Tuber,Root_TuberAEZ14,Root_TuberAEZ14,1975,CO_AWB,1.45564073732777e-05
EU-15,Root_Tuber,Root_TuberAEZ15,Root_TuberAEZ15,1975,CO_AWB,0.00125608328356014
EU-15,Root_Tuber,Root_TuberAEZ16,Root_TuberAEZ16,1975,CO_AWB,0.000729680027662362
EU-15,SugarCrop,SugarCropAEZ04,SugarCropAEZ04,1975,CO_AWB,8.78967486772936e-06
EU-15,SugarCrop,SugarCropAEZ08,SugarCropAEZ08,1975,CO_AWB,0.000170767729410137
EU-15,SugarCrop,SugarCropAEZ09,SugarCropAEZ09,1975,CO_AWB,0.00944278006978245
EU-15,SugarCrop,SugarCropAEZ10,SugarCropAEZ10,1975,CO_AWB,0.0623790761582114
EU-15,SugarCrop,SugarCropAEZ11,SugarCropAEZ11,1975,CO_AWB,0.084093343181609
EU-15,SugarCrop,SugarCropAEZ12,SugarCropAEZ12,1975,CO_AWB,0.00401913882972886
EU-15,SugarCrop,SugarCropAEZ13,SugarCropAEZ13,1975,CO_AWB,1.8269889631708e-06
EU-15,SugarCrop,SugarCropAEZ14,SugarCropAEZ14,1975,CO_AWB,6.93822283200088e-05
EU-15,SugarCrop,SugarCropAEZ15,SugarCropAEZ15,1975,CO_AWB,0.00155466077525288
EU-15,SugarCrop,SugarCropAEZ16,SugarCropAEZ16,1975,CO_AWB,0.000153733379772166
EU-15,Wheat,WheatAEZ04,WheatAEZ04,1975,CO_AWB,4.36454434479224e-06
EU-15,Wheat,WheatAEZ08,WheatAEZ08,1975,CO_AWB,5.34068928654565e-05
EU-15,Wheat,WheatAEZ09,WheatAEZ09,1975,CO_AWB,0.00418452300639363
EU-15,Wheat,WheatAEZ10,WheatAEZ10,1975,CO_AWB,0.0400225995687158
EU-15,Wheat,WheatAEZ11,WheatAEZ11,1975,CO_AWB,0.0391170855437636
EU-15,Wheat,WheatAEZ12,WheatAEZ12,1975,CO_AWB,0.00580300582664397
EU-15,Wheat,WheatAEZ13,WheatAEZ13,1975,CO_AWB,4.28491321426172e-07
EU-15,Wheat,WheatAEZ14,WheatAEZ14,1975,CO_AWB,1.17503317014987e-05
EU-15,Wheat,WheatAEZ15,WheatAEZ15,1975,CO_AWB,0.000431583663661777
EU-15,Wheat,WheatAEZ16,WheatAEZ16,1975,CO_AWB,0.000313715370631856
EU-15,Corn,CornAEZ04,CornAEZ04,1975,N2O_AWB,7.29757159452438e-10
EU-15,Corn,CornAEZ08,CornAEZ08,1975,N2O_AWB,1.26516062643846e-08
EU-15,Corn,CornAEZ09,CornAEZ09,1975,N2O_AWB,1.55613615255015e-06
EU-15,Corn,CornAEZ10,CornAEZ10,1975,N2O_AWB,5.40687454897247e-06
EU-15,Corn,CornAEZ11,CornAEZ11,1975,N2O_AWB,9.49759433193084e-06
EU-15,Corn,CornAEZ12,CornAEZ12,1975,N2O_AWB,2.09828863217751e-06
EU-15,Corn,CornAEZ13,CornAEZ13,1975,N2O_AWB,3.6736074693524e-11
EU-15,Corn,CornAEZ14,CornAEZ14,1975,N2O_AWB,3.21023649477221e-08
EU-15,Corn,CornAEZ15,CornAEZ15,1975,N2O_AWB,2.54656455509276e-07
EU-15,Corn,CornAEZ16,CornAEZ16,1975,N2O_AWB,5.70486418318341e-08
EU-15,FiberCrop,FiberCropAEZ04,FiberCropAEZ04,1975,N2O_AWB,4.57870840403528e-10
EU-15,FiberCrop,FiberCropAEZ08,FiberCropAEZ08,1975,N2O_AWB,6.81762527128969e-09
EU-15,FiberCrop,FiberCropAEZ09,FiberCropAEZ09,1975,N2O_AWB,1.58990283656214e-07
EU-15,FiberCrop,FiberCropAEZ10,FiberCropAEZ10,1975,N2O_AWB,4.08329215471866e-07
EU-15,FiberCrop,FiberCropAEZ11,FiberCropAEZ11,1975,N2O_AWB,3.01708266898399e-08
EU-15,FiberCrop,FiberCropAEZ12,FiberCropAEZ12,1975,N2O_AWB,5.82175619341203e-09
EU-15,FiberCrop,FiberCropAEZ13,FiberCropAEZ13,1975,N2O_AWB,0
EU-15,FiberCrop,FiberCropAEZ14,FiberCropAEZ14,1975,N2O_AWB,0
EU-15,FiberCrop,FiberCropAEZ15,FiberCropAEZ15,1975,N2O_AWB,0
EU-15,FiberCrop,FiberCropAEZ16,FiberCropAEZ16,1975,N2O_AWB,8.19159550409433e-11
EU-15,FodderGrass,FodderGrassAEZ04,FodderGrassAEZ04,1975,N2O_AWB,9.36540708179403e-10
EU-15,FodderGrass,FodderGrassAEZ08,FodderGrassAEZ08,1975,N2O_AWB,2.34002685962084e-08
EU-15,FodderGrass,FodderGrassAEZ09,FodderGrassAEZ09,1975,N2O_AWB,1.10607737924691e-06
EU-15,FodderGrass,FodderGrassAEZ10,FodderGrassAEZ10,1975,N2O_AWB,8.49771378749926e-06
EU-15,FodderGrass,FodderGrassAEZ11,FodderGrassAEZ11,1975,N2O_AWB,1.08210739899481e-05
EU-15,FodderGrass,FodderGrassAEZ12,FodderGrassAEZ12,1975,N2O_AWB,2.90732303182975e-06
EU-15,FodderGrass,FodderGrassAEZ13,FodderGrassAEZ13,1975,N2O_AWB,6.64798793526251e-10
EU-15,FodderGrass,FodderGrassAEZ14,FodderGrassAEZ14,1975,N2O_AWB,1.45744697542248e-08
EU-15,FodderGrass,FodderGrassAEZ15,FodderGrassAEZ15,1975,N2O_AWB,7.53784671731407e-07
EU-15,FodderGrass,FodderGrassAEZ16,FodderGrassAEZ16,1975,N2O_AWB,2.84298283839881e-07
EU-15,FodderHerb,FodderHerbAEZ04,FodderHerbAEZ04,1975,N2O_AWB,6.9265663594268e-09
EU-15,FodderHerb,FodderHerbAEZ08,FodderHerbAEZ08,1975,N2O_AWB,2.36355300650328e-07
EU-15,FodderHerb,FodderHerbAEZ09,FodderHerbAEZ09,1975,N2O_AWB,9.72192195362045e-06
EU-15,FodderHerb,FodderHerbAEZ10,FodderHerbAEZ10,1975,N2O_AWB,0.000108587569515797
EU-15,FodderHerb,FodderHerbAEZ11,FodderHerbAEZ11,1975,N2O_AWB,8.01992930570293e-05
EU-15,FodderHerb,FodderHerbAEZ12,FodderHerbAEZ12,1975,N2O_AWB,1.05286924972085e-05
EU-15,FodderHerb,FodderHerbAEZ13,FodderHerbAEZ13,1975,N2O_AWB,1.13327229692806e-09
EU-15,FodderHerb,FodderHerbAEZ14,FodderHerbAEZ14,1975,N2O_AWB,2.34924838904642e-07
EU-15,FodderHerb,FodderHerbAEZ15,FodderHerbAEZ15,1975,N2O_AWB,1.78315341420775e-06
EU-15,FodderHerb,FodderHerbAEZ16,FodderHerbAEZ16,1975,N2O_AWB,3.95732453469681e-07
EU-15,MiscCrop,MiscCropAEZ04,MiscCropAEZ04,1975,N2O_AWB,4.63274609354212e-09
EU-15,MiscCrop,MiscCropAEZ08,MiscCropAEZ08,1975,N2O_AWB,3.77488842743449e-07
EU-15,MiscCrop,MiscCropAEZ09,MiscCropAEZ09,1975,N2O_AWB,1.73257042842853e-05
EU-15,MiscCrop,MiscCropAEZ10,MiscCropAEZ10,1975,N2O_AWB,3.60813652363306e-05
EU-15,MiscCrop,MiscCropAEZ11,MiscCropAEZ11,1975,N2O_AWB,4.85852178785008e-05
EU-15,MiscCrop,MiscCropAEZ12,MiscCropAEZ12,1975,N2O_AWB,4.29047360160162e-06
EU-15,MiscCrop,MiscCropAEZ13,MiscCropAEZ13,1975,N2O_AWB,3.06958120897278e-10
EU-15,MiscCrop,MiscCropAEZ14,MiscCropAEZ14,1975,N2O_AWB,1.94154880687541e-07
EU-15,MiscCrop,MiscCropAEZ15,MiscCropAEZ15,1975,N2O_AWB,9.79109993082065e-07
EU-15,MiscCrop,MiscCropAEZ16,MiscCropAEZ16,1975,N2O_AWB,2.22727780731062e-07
EU-15,OilCrop,OilCropAEZ04,OilCropAEZ04,1975,N2O_AWB,8.46389218485006e-09
EU-15,OilCrop,OilCropAEZ08,OilCropAEZ08,1975,N2O_AWB,1.01950400547709e-07
EU-15,OilCrop,OilCropAEZ09,OilCropAEZ09,1975,N2O_AWB,1.12589089650902e-06
EU-15,OilCrop,OilCropAEZ10,OilCropAEZ10,1975,N2O_AWB,4.70285251619883e-06
EU-15,OilCrop,OilCropAEZ11,OilCropAEZ11,1975,N2O_AWB,2.87818163338736e-06
EU-15,OilCrop,OilCropAEZ12,OilCropAEZ12,1975,N2O_AWB,2.78210925538086e-07
EU-15,OilCrop,OilCropAEZ13,OilCropAEZ13,1975,N2O_AWB,9.52292027736164e-12
EU-15,OilCrop,OilCropAEZ14,OilCropAEZ14,1975,N2O_AWB,2.41763138541519e-09
EU-15,OilCrop,OilCropAEZ15,OilCropAEZ15,1975,N2O_AWB,4.36371950176303e-08
EU-15,OilCrop,OilCropAEZ16,OilCropAEZ16,1975,N2O_AWB,2.78989821059106e-08
EU-15,OtherGrain,OtherGrainAEZ04,OtherGrainAEZ04,1975,N2O_AWB,1.55524865126254e-09
EU-15,OtherGrain,OtherGrainAEZ08,OtherGrainAEZ08,1975,N2O_AWB,3.74904134102894e-08
EU-15,OtherGrain,OtherGrainAEZ09,OtherGrainAEZ09,1975,N2O_AWB,8.31370258133865e-06
EU-15,OtherGrain,OtherGrainAEZ10,OtherGrainAEZ10,1975,N2O_AWB,3.82039329015687e-05
EU-15,OtherGrain,OtherGrainAEZ11,OtherGrainAEZ11,1975,N2O_AWB,1.81808234141795e-05
EU-15,OtherGrain,OtherGrainAEZ12,OtherGrainAEZ12,1975,N2O_AWB,3.69782131720316e-06
EU-15,OtherGrain,OtherGrainAEZ13,OtherGrainAEZ13,1975,N2O_AWB,2.70851872922019e-10
EU-15,OtherGrain,OtherGrainAEZ14,OtherGrainAEZ14,1975,N2O_AWB,1.168532366035e-08
EU-15,OtherGrain,OtherGrainAEZ15,OtherGrainAEZ15,1975,N2O_AWB,2.46969186584413e-06
EU-15,OtherGrain,OtherGrainAEZ16,OtherGrainAEZ16,1975,N2O_AWB,6.5411802119687e-07
EU-15,PalmFruit,PalmFruitAEZ04,PalmFruitAEZ04,1975,N2O_AWB,0
EU-15,PalmFruit,PalmFruitAEZ08,PalmFruitAEZ08,1975,N2O_AWB,0
EU-15,PalmFruit,PalmFruitAEZ09,PalmFruitAEZ09,1975,N2O_AWB,0
EU-15,PalmFruit,PalmFruitAEZ10,PalmFruitAEZ10,1975,N2O_AWB,0
EU-15,PalmFruit,PalmFruitAEZ11,PalmFruitAEZ11,1975,N2O_AWB,0
EU-15,PalmFruit,PalmFruitAEZ12,PalmFruitAEZ12,1975,N2O_AWB,0
EU-15,PalmFruit,PalmFruitAEZ13,PalmFruitAEZ13,1975,N2O_AWB,0
EU-15,PalmFruit,PalmFruitAEZ14,PalmFruitAEZ14,1975,N2O_AWB,0
EU-15,PalmFruit,PalmFruitAEZ15,PalmFruitAEZ15,1975,N2O_AWB,0
EU-15,PalmFruit,PalmFruitAEZ16,PalmFruitAEZ16,1975,N2O_AWB,0
EU-15,Rice,RiceAEZ04,RiceAEZ04,1975,N2O_AWB,5.37459901257796e-10
EU-15,Rice,RiceAEZ08,RiceAEZ08,1975,N2O_AWB,1.29673536806282e-08
EU-15,Rice,RiceAEZ09,RiceAEZ09,1975,N2O_AWB,3.06937968963647e-07
EU-15,Rice,RiceAEZ10,RiceAEZ10,1975,N2O_AWB,4.32069395265822e-07
EU-15,Rice,RiceAEZ11,RiceAEZ11,1975,N2O_AWB,8.62645510491032e-07
EU-15,Rice,RiceAEZ12,RiceAEZ12,1975,N2O_AWB,1.21215647021583e-09
EU-15,Rice,RiceAEZ13,RiceAEZ13,1975,N2O_AWB,0
EU-15,Rice,RiceAEZ14,RiceAEZ14,1975,N2O_AWB,3.18304429710044e-09
EU-15,Rice,RiceAEZ15,RiceAEZ15,1975,N2O_AWB,6.53899470416681e-09
EU-15,Rice,RiceAEZ16,RiceAEZ16,1975,N2O_AWB,2.82211790671697e-09
EU-15,Root_Tuber,Root_TuberAEZ04,Root_TuberAEZ04,1975,N2O_AWB,1.20077395914361e-09
EU-15,Root_Tuber,Root_TuberAEZ08,Root_TuberAEZ08,1975,N2O_AWB,5.74713819401252e-08
EU-15,Root_Tuber,Root_TuberAEZ09,Root_TuberAEZ09,1975,N2O_AWB,2.57005467320804e-06
EU-15,Root_Tuber,Root_TuberAEZ10,Root_TuberAEZ10,1975,N2O_AWB,2.22954373508422e-05
EU-15,Root_Tuber,Root_TuberAEZ11,Root_TuberAEZ11,1975,N2O_AWB,3.18145116195467e-05
EU-15,Root_Tuber,Root_TuberAEZ12,Root_TuberAEZ12,1975,N2O_AWB,2.47227656910108e-06
EU-15,Root_Tuber,Root_TuberAEZ13,Root_TuberAEZ13,1975,N2O_AWB,4.58300037770586e-10
EU-15,Root_Tuber,Root_TuberAEZ14,Root_TuberAEZ14,1975,N2O_AWB,8.97376548121013e-09
EU-15,Root_Tuber,Root_TuberAEZ15,Root_TuberAEZ15,1975,N2O_AWB,7.74352937678122e-07
EU-15,Root_Tuber,Root_TuberAEZ16,Root_TuberAEZ16,1975,N2O_AWB,4.49834720659549e-07
EU-15,SugarCrop,SugarCropAEZ04,SugarCropAEZ04,1975,N2O_AWB,5.41867776137467e-09
EU-15,SugarCrop,SugarCropAEZ08,SugarCropAEZ08,1975,N2O_AWB,1.05275258941881e-07
EU-15,SugarCrop,SugarCropAEZ09,SugarCropAEZ09,1975,N2O_AWB,5.82130546802582e-06
EU-15,SugarCrop,SugarCropAEZ10,SugarCropAEZ10,1975,N2O_AWB,3.84555877026332e-05
EU-15,SugarCrop,SugarCropAEZ11,SugarCropAEZ11,1975,N2O_AWB,5.1842045972691e-05
EU-15,SugarCrop,SugarCropAEZ12,SugarCropAEZ12,1975,N2O_AWB,2.47772739313567e-06
EU-15,SugarCrop,SugarCropAEZ13,SugarCropAEZ13,1975,N2O_AWB,1.12630610505938e-09
EU-15,SugarCrop,SugarCropAEZ14,SugarCropAEZ14,1975,N2O_AWB,4.2772906084679e-08
EU-15,SugarCrop,SugarCropAEZ15,SugarCropAEZ15,1975,N2O_AWB,9.58420635133286e-07
EU-15,SugarCrop,SugarCropAEZ16,SugarCropAEZ16,1975,N2O_AWB,9.4773886257251e-08
EU-15,Wheat,WheatAEZ04,WheatAEZ04,1975,N2O_AWB,2.69066373165733e-09
EU-15,Wheat,WheatAEZ08,WheatAEZ08,1975,N2O_AWB,3.2924396752906e-08
EU-15,Wheat,WheatAEZ09,WheatAEZ09,1975,N2O_AWB,2.57968378784452e-06
EU-15,Wheat,WheatAEZ10,WheatAEZ10,1975,N2O_AWB,2.46732186911286e-05
EU-15,Wheat,WheatAEZ11,WheatAEZ11,1975,N2O_AWB,2.4114985447754e-05
EU-15,Wheat,WheatAEZ12,WheatAEZ12,1975,N2O_AWB,3.57744957522944e-06
EU-15,Wheat,WheatAEZ13,WheatAEZ13,1975,N2O_AWB,2.64157256018487e-10
EU-15,Wheat,WheatAEZ14,WheatAEZ14,1975,N2O_AWB,7.24386988572821e-09
EU-15,Wheat,WheatAEZ15,WheatAEZ15,1975,N2O_AWB,2.66063629844002e-07
EU-15,Wheat,WheatAEZ16,WheatAEZ16,1975,N2O_AWB,1.93399929784137e-07
EU-15,Corn,CornAEZ04,CornAEZ04,1975,NH3_AWB,1.35523826318275e-08
EU-15,Corn,CornAEZ08,CornAEZ08,1975,NH3_AWB,2.34954062157907e-07
EU-15,Corn,CornAEZ09,CornAEZ09,1975,NH3_AWB,2.88991376013407e-05
EU-15,Corn,CornAEZ10,CornAEZ10,1975,NH3_AWB,0.000100411529754564
EU-15,Corn,CornAEZ11,CornAEZ11,1975,NH3_AWB,0.000176380636765225
EU-15,Corn,CornAEZ12,CornAEZ12,1975,NH3_AWB,3.89674976763785e-05
EU-15,Corn,CornAEZ13,CornAEZ13,1975,NH3_AWB,6.82228785547776e-10
EU-15,Corn,CornAEZ14,CornAEZ14,1975,NH3_AWB,5.96175765489631e-07
EU-15,Corn,CornAEZ15,CornAEZ15,1975,NH3_AWB,4.72924681864885e-06
EU-15,Corn,CornAEZ16,CornAEZ16,1975,NH3_AWB,1.05945520741614e-06
EU-15,FiberCrop,FiberCropAEZ04,FiberCropAEZ04,1975,NH3_AWB,8.50315854353662e-09
EU-15,FiberCrop,FiberCropAEZ08,FiberCropAEZ08,1975,NH3_AWB,1.26610702094738e-07
EU-15,FiberCrop,FiberCropAEZ09,FiberCropAEZ09,1975,NH3_AWB,2.95262215785391e-06
EU-15,FiberCrop,FiberCropAEZ10,FiberCropAEZ10,1975,NH3_AWB,7.58311678912596e-06
EU-15,FiberCrop,FiberCropAEZ11,FiberCropAEZ11,1975,NH3_AWB,5.60305003278166e-07
EU-15,FiberCrop,FiberCropAEZ12,FiberCropAEZ12,1975,NH3_AWB,1.08116332262546e-07
EU-15,FiberCrop,FiberCropAEZ13,FiberCropAEZ13,1975,NH3_AWB,0
EU-15,FiberCrop,FiberCropAEZ14,FiberCropAEZ14,1975,NH3_AWB,0
EU-15,FiberCrop,FiberCropAEZ15,FiberCropAEZ15,1975,NH3_AWB,0
EU-15,FiberCrop,FiberCropAEZ16,FiberCropAEZ16,1975,NH3_AWB,1.52126820817959e-09
EU-15,FodderGrass,FodderGrassAEZ04,FodderGrassAEZ04,1975,NH3_AWB,1.73925776035599e-08
EU-15,FodderGrass,FodderGrassAEZ08,FodderGrassAEZ08,1975,NH3_AWB,4.34568389765857e-07
EU-15,FodderGrass,FodderGrassAEZ09,FodderGrassAEZ09,1975,NH3_AWB,2.05410576241698e-05
EU-15,FodderGrass,FodderGrassAEZ10,FodderGrassAEZ10,1975,NH3_AWB,0.000157811769644518
EU-15,FodderGrass,FodderGrassAEZ11,FodderGrassAEZ11,1975,NH3_AWB,0.000200959090705091
EU-15,FodderGrass,FodderGrassAEZ12,FodderGrassAEZ12,1975,NH3_AWB,5.39921447173543e-05
EU-15,FodderGrass,FodderGrassAEZ13,FodderGrassAEZ13,1975,NH3_AWB,1.23460352616551e-08
EU-15,FodderGrass,FodderGrassAEZ14,FodderGrassAEZ14,1975,NH3_AWB,2.70663724510022e-07
EU-15,FodderGrass,FodderGrassAEZ15,FodderGrassAEZ15,1975,NH3_AWB,1.39985996176805e-05
EU-15,FodderGrass,FodderGrassAEZ16,FodderGrassAEZ16,1975,NH3_AWB,5.27972774814698e-06
EU-15,FodderHerb,FodderHerbAEZ04,FodderHerbAEZ04,1975,NH3_AWB,1.28633856361384e-07
EU-15,FodderHerb,FodderHerbAEZ08,FodderHerbAEZ08,1975,NH3_AWB,4.3893745062773e-06
EU-15,FodderHerb,FodderHerbAEZ09,FodderHerbAEZ09,1975,NH3_AWB,0.000180546644216671
EU-15,FodderHerb,FodderHerbAEZ10,FodderHerbAEZ10,1975,NH3_AWB,0.00201658904208963
EU-15,FodderHerb,FodderHerbAEZ11,FodderHerbAEZ11,1975,NH3_AWB,0.00148938793163257
EU-15,FodderHerb,FodderHerbAEZ12,FodderHerbAEZ12,1975,NH3_AWB,0.000195529248993029
EU-15,FodderHerb,FodderHerbAEZ13,FodderHerbAEZ13,1975,NH3_AWB,2.10460967666876e-08
EU-15,FodderHerb,FodderHerbAEZ14,FodderHerbAEZ14,1975,NH3_AWB,4.36280927883605e-06
EU-15,FodderHerb,FodderHerbAEZ15,FodderHerbAEZ15,1975,NH3_AWB,3.31150945867054e-05
EU-15,FodderHerb,FodderHerbAEZ16,FodderHerbAEZ16,1975,NH3_AWB,7.34918124445276e-06
EU-15,MiscCrop,MiscCropAEZ04,MiscCropAEZ04,1975,NH3_AWB,8.60351239895973e-08
EU-15,MiscCrop,MiscCropAEZ08,MiscCropAEZ08,1975,NH3_AWB,7.01037758909221e-06
EU-15,MiscCrop,MiscCropAEZ09,MiscCropAEZ09,1975,NH3_AWB,0.000321757136309165
EU-15,MiscCrop,MiscCropAEZ10,MiscCropAEZ10,1975,NH3_AWB,0.000670070120214203
EU-15,MiscCrop,MiscCropAEZ11,MiscCropAEZ11,1975,NH3_AWB,0.000902280237215079
EU-15,MiscCrop,MiscCropAEZ12,MiscCropAEZ12,1975,NH3_AWB,7.96787522636833e-05
EU-15,MiscCrop,MiscCropAEZ13,MiscCropAEZ13,1975,NH3_AWB,5.70054552046886e-09
EU-15,MiscCrop,MiscCropAEZ14,MiscCropAEZ14,1975,NH3_AWB,3.60566689731238e-06
EU-15,MiscCrop,MiscCropAEZ15,MiscCropAEZ15,1975,NH3_AWB,1.8183135434876e-05
EU-15,MiscCrop,MiscCropAEZ16,MiscCropAEZ16,1975,NH3_AWB,4.13629666815465e-06
EU-15,OilCrop,OilCropAEZ04,OilCropAEZ04,1975,NH3_AWB,1.5718366576861e-07
EU-15,OilCrop,OilCropAEZ08,OilCropAEZ08,1975,NH3_AWB,1.89332960943795e-06
EU-15,OilCrop,OilCropAEZ09,OilCropAEZ09,1975,NH3_AWB,2.09090161480984e-05
EU-15,OilCrop,OilCropAEZ10,OilCropAEZ10,1975,NH3_AWB,8.73370763616785e-05
EU-15,OilCrop,OilCropAEZ11,OilCropAEZ11,1975,NH3_AWB,5.34509573141172e-05
EU-15,OilCrop,OilCropAEZ12,OilCropAEZ12,1975,NH3_AWB,5.16667889640997e-06
EU-15,OilCrop,OilCropAEZ13,OilCropAEZ13,1975,NH3_AWB,1.76850967064209e-10
EU-15,OilCrop,OilCropAEZ14,OilCropAEZ14,1975,NH3_AWB,4.4898039263426e-08
EU-15,OilCrop,OilCropAEZ15,OilCropAEZ15,1975,NH3_AWB,8.10390081410562e-07
EU-15,OilCrop,OilCropAEZ16,OilCropAEZ16,1975,NH3_AWB,5.18114383175778e-07
EU-15,OtherGrain,OtherGrainAEZ04,OtherGrainAEZ04,1975,NH3_AWB,2.88826557390113e-08
EU-15,OtherGrain,OtherGrainAEZ08,OtherGrainAEZ08,1975,NH3_AWB,6.96237674383177e-07
EU-15,OtherGrain,OtherGrainAEZ09,OtherGrainAEZ09,1975,NH3_AWB,0.000154394481794538
EU-15,OtherGrain,OtherGrainAEZ10,OtherGrainAEZ10,1975,NH3_AWB,0.000709488505890385
EU-15,OtherGrain,OtherGrainAEZ11,OtherGrainAEZ11,1975,NH3_AWB,0.000337637626817565
EU-15,OtherGrain,OtherGrainAEZ12,OtherGrainAEZ12,1975,NH3_AWB,6.86725559944735e-05
EU-15,OtherGrain,OtherGrainAEZ13,OtherGrainAEZ13,1975,NH3_AWB,5.03001330078154e-09
EU-15,OtherGrain,OtherGrainAEZ14,OtherGrainAEZ14,1975,NH3_AWB,2.17009145262289e-07
EU-15,OtherGrain,OtherGrainAEZ15,OtherGrainAEZ15,1975,NH3_AWB,4.58648588987403e-05
EU-15,OtherGrain,OtherGrainAEZ16,OtherGrainAEZ16,1975,NH3_AWB,1.21476817250898e-05
EU-15,PalmFruit,PalmFruitAEZ04,PalmFruitAEZ04,1975,NH3_AWB,0
EU-15,PalmFruit,PalmFruitAEZ08,PalmFruitAEZ08,1975,NH3_AWB,0
EU-15,PalmFruit,PalmFruitAEZ09,PalmFruitAEZ09,1975,NH3_AWB,0
EU-15,PalmFruit,PalmFruitAEZ10,PalmFruitAEZ10,1975,NH3_AWB,0
EU-15,PalmFruit,PalmFruitAEZ11,PalmFruitAEZ11,1975,NH3_AWB,0
EU-15,PalmFruit,PalmFruitAEZ12,PalmFruitAEZ12,1975,NH3_AWB,0
EU-15,PalmFruit,PalmFruitAEZ13,PalmFruitAEZ13,1975,NH3_AWB,0
EU-15,PalmFruit,PalmFruitAEZ14,PalmFruitAEZ14,1975,NH3_AWB,0
EU-15,PalmFruit,PalmFruitAEZ15,PalmFruitAEZ15,1975,NH3_AWB,0
EU-15,PalmFruit,PalmFruitAEZ16,PalmFruitAEZ16,1975,NH3_AWB,0
EU-15,Rice,RiceAEZ04,RiceAEZ04,1975,NH3_AWB,9.98121380073228e-09
EU-15,Rice,RiceAEZ08,RiceAEZ08,1975,NH3_AWB,2.40817834434091e-07
EU-15,Rice,RiceAEZ09,RiceAEZ09,1975,NH3_AWB,5.70017127718559e-06
EU-15,Rice,RiceAEZ10,RiceAEZ10,1975,NH3_AWB,8.02399769882129e-06
EU-15,Rice,RiceAEZ11,RiceAEZ11,1975,NH3_AWB,1.60202635662728e-05
EU-15,Rice,RiceAEZ12,RiceAEZ12,1975,NH3_AWB,2.25110614965895e-08
EU-15,Rice,RiceAEZ13,RiceAEZ13,1975,NH3_AWB,0
EU-15,Rice,RiceAEZ14,RiceAEZ14,1975,NH3_AWB,5.91125879199722e-08
EU-15,Rice,RiceAEZ15,RiceAEZ15,1975,NH3_AWB,1.2143622999856e-07
EU-15,Rice,RiceAEZ16,RiceAEZ16,1975,NH3_AWB,5.24097930504142e-08
EU-15,Root_Tuber,Root_TuberAEZ04,Root_TuberAEZ04,1975,NH3_AWB,2.2299675909804e-08
EU-15,Root_Tuber,Root_TuberAEZ08,Root_TuberAEZ08,1975,NH3_AWB,1.06730595012852e-06
EU-15,Root_Tuber,Root_TuberAEZ09,Root_TuberAEZ09,1975,NH3_AWB,4.77287051793588e-05
EU-15,Root_Tuber,Root_TuberAEZ10,Root_TuberAEZ10,1975,NH3_AWB,0.000414050474200582
EU-15,Root_Tuber,Root_TuberAEZ11,Root_TuberAEZ11,1975,NH3_AWB,0.00059083001670903
EU-15,Root_Tuber,Root_TuberAEZ12,Root_TuberAEZ12,1975,NH3_AWB,4.59128596440214e-05
EU-15,Root_Tuber,Root_TuberAEZ13,Root_TuberAEZ13,1975,NH3_AWB,8.51112920455393e-09
EU-15,Root_Tuber,Root_TuberAEZ14,Root_TuberAEZ14,1975,NH3_AWB,1.6665256637002e-07
EU-15,Root_Tuber,Root_TuberAEZ15,Root_TuberAEZ15,1975,NH3_AWB,1.43805746439923e-05
EU-15,Root_Tuber,Root_TuberAEZ16,Root_TuberAEZ16,1975,NH3_AWB,8.35391907635921e-06
EU-15,SugarCrop,SugarCropAEZ04,SugarCropAEZ04,1975,NH3_AWB,1.00630728221735e-07
EU-15,SugarCrop,SugarCropAEZ08,SugarCropAEZ08,1975,NH3_AWB,1.95507583908545e-06
EU-15,SugarCrop,SugarCropAEZ09,SugarCropAEZ09,1975,NH3_AWB,0.000108107961802843
EU-15,SugarCrop,SugarCropAEZ10,SugarCropAEZ10,1975,NH3_AWB,0.000714162008727577
EU-15,SugarCrop,SugarCropAEZ11,SugarCropAEZ11,1975,NH3_AWB,0.000962763070342292
EU-15,SugarCrop,SugarCropAEZ12,SugarCropAEZ12,1975,NH3_AWB,4.60140873634327e-05
EU-15,SugarCrop,SugarCropAEZ13,SugarCropAEZ13,1975,NH3_AWB,2.09167270216042e-08
EU-15,SugarCrop,SugarCropAEZ14,SugarCropAEZ14,1975,NH3_AWB,7.94339297705199e-07
EU-15,SugarCrop,SugarCropAEZ15,SugarCropAEZ15,1975,NH3_AWB,1.77989115986356e-05
EU-15,SugarCrop,SugarCropAEZ16,SugarCropAEZ16,1975,NH3_AWB,1.76005394866876e-06
EU-15,Wheat,WheatAEZ04,WheatAEZ04,1975,NH3_AWB,4.99685463207538e-08
EU-15,Wheat,WheatAEZ08,WheatAEZ08,1975,NH3_AWB,6.11441788460538e-07
EU-15,Wheat,WheatAEZ09,WheatAEZ09,1975,NH3_AWB,4.79075282909499e-05
EU-15,Wheat,WheatAEZ10,WheatAEZ10,1975,NH3_AWB,0.000458208454867137
EU-15,Wheat,WheatAEZ11,WheatAEZ11,1975,NH3_AWB,0.000447841457552995
EU-15,Wheat,WheatAEZ12,WheatAEZ12,1975,NH3_AWB,6.64371220776463e-05
EU-15,Wheat,WheatAEZ13,WheatAEZ13,1975,NH3_AWB,4.90568699760659e-09
EU-15,Wheat,WheatAEZ14,WheatAEZ14,1975,NH3_AWB,1.34526527290562e-07
EU-15,Wheat,WheatAEZ15,WheatAEZ15,1975,NH3_AWB,4.941090428992e-06
EU-15,Wheat,WheatAEZ16,WheatAEZ16,1975,NH3_AWB,3.59164663950654e-06
EU-15,Corn,CornAEZ04,CornAEZ04,1975,NMVOC_AWB,7.29757159452438e-08
EU-15,Corn,CornAEZ08,CornAEZ08,1975,NMVOC_AWB,1.26516062643846e-06
EU-15,Corn,CornAEZ09,CornAEZ09,1975,NMVOC_AWB,0.000155613615255015
EU-15,Corn,CornAEZ10,CornAEZ10,1975,NMVOC_AWB,0.000540687454897247
EU-15,Corn,CornAEZ11,CornAEZ11,1975,NMVOC_AWB,0.000949759433193084
EU-15,Corn,CornAEZ12,CornAEZ12,1975,NMVOC_AWB,0.00020982886321775
EU-15,Corn,CornAEZ13,CornAEZ13,1975,NMVOC_AWB,3.6736074693524e-09
EU-15,Corn,CornAEZ14,CornAEZ14,1975,NMVOC_AWB,3.21023649477221e-06
EU-15,Corn,CornAEZ15,CornAEZ15,1975,NMVOC_AWB,2.54656455509276e-05
EU-15,Corn,CornAEZ16,CornAEZ16,1975,NMVOC_AWB,5.7048641831834e-06
EU-15,FiberCrop,FiberCropAEZ04,FiberCropAEZ04,1975,NMVOC_AWB,4.57870840403527e-08
EU-15,FiberCrop,FiberCropAEZ08,FiberCropAEZ08,1975,NMVOC_AWB,6.81762527128969e-07
EU-15,FiberCrop,FiberCropAEZ09,FiberCropAEZ09,1975,NMVOC_AWB,1.58990283656214e-05
EU-15,FiberCrop,FiberCropAEZ10,FiberCropAEZ10,1975,NMVOC_AWB,4.08329215471866e-05
EU-15,FiberCrop,FiberCropAEZ11,FiberCropAEZ11,1975,NMVOC_AWB,3.01708266898399e-06
EU-15,FiberCrop,FiberCropAEZ12,FiberCropAEZ12,1975,NMVOC_AWB,5.82175619341203e-07
EU-15,FiberCrop,FiberCropAEZ13,FiberCropAEZ13,1975,NMVOC_AWB,0
EU-15,FiberCrop,FiberCropAEZ14,FiberCropAEZ14,1975,NMVOC_AWB,0
EU-15,FiberCrop,FiberCropAEZ15,FiberCropAEZ15,1975,NMVOC_AWB,0
EU-15,FiberCrop,FiberCropAEZ16,FiberCropAEZ16,1975,NMVOC_AWB,8.19159550409433e-09
EU-15,FodderGrass,FodderGrassAEZ04,FodderGrassAEZ04,1975,NMVOC_AWB,9.36540708179403e-08
EU-15,FodderGrass,FodderGrassAEZ08,FodderGrassAEZ08,1975,NMVOC_AWB,2.34002685962083e-06
EU-15,FodderGrass,FodderGrassAEZ09,FodderGrassAEZ09,1975,NMVOC_AWB,0.000110607737924691
EU-15,FodderGrass,FodderGrassAEZ10,FodderGrassAEZ10,1975,NMVOC_AWB,0.000849771378749926
EU-15,FodderGrass,FodderGrassAEZ11,FodderGrassAEZ11,1975,NMVOC_AWB,0.00108210739899481
EU-15,FodderGrass,FodderGrassAEZ12,FodderGrassAEZ12,1975,NMVOC_AWB,0.000290732303182975
EU-15,FodderGrass,FodderGrassAEZ13,FodderGrassAEZ13,1975,NMVOC_AWB,6.64798793526251e-08
EU-15,FodderGrass,FodderGrassAEZ14,FodderGrassAEZ14,1975,NMVOC_AWB,1.45744697542248e-06
EU-15,FodderGrass,FodderGrassAEZ15,FodderGrassAEZ15,1975,NMVOC_AWB,7.53784671731407e-05
EU-15,FodderGrass,FodderGrassAEZ16,FodderGrassAEZ16,1975,NMVOC_AWB,2.84298283839881e-05
EU-15,FodderHerb,FodderHerbAEZ04,FodderHerbAEZ04,1975,NMVOC_AWB,6.9265663594268e-07
EU-15,FodderHerb,FodderHerbAEZ08,FodderHerbAEZ08,1975,NMVOC_AWB,2.36355300650328e-05
EU-15,FodderHerb,FodderHerbAEZ09,FodderHerbAEZ09,1975,NMVOC_AWB,0.000972192195362044
EU-15,FodderHerb,FodderHerbAEZ10,FodderHerbAEZ10,1975,NMVOC_AWB,0.0108587569515797
EU-15,FodderHerb,FodderHerbAEZ11,FodderHerbAEZ11,1975,NMVOC_AWB,0.00801992930570292
EU-15,FodderHerb,FodderHerbAEZ12,FodderHerbAEZ12,1975,NMVOC_AWB,0.00105286924972085
EU-15,FodderHerb,FodderHerbAEZ13,FodderHerbAEZ13,1975,NMVOC_AWB,1.13327229692806e-07
EU-15,FodderHerb,FodderHerbAEZ14,FodderHerbAEZ14,1975,NMVOC_AWB,2.34924838904642e-05
EU-15,FodderHerb,FodderHerbAEZ15,FodderHerbAEZ15,1975,NMVOC_AWB,0.000178315341420775
EU-15,FodderHerb,FodderHerbAEZ16,FodderHerbAEZ16,1975,NMVOC_AWB,3.95732453469681e-05
EU-15,MiscCrop,MiscCropAEZ04,MiscCropAEZ04,1975,NMVOC_AWB,4.63274609354212e-07
EU-15,MiscCrop,MiscCropAEZ08,MiscCropAEZ08,1975,NMVOC_AWB,3.77488842743448e-05
EU-15,MiscCrop,MiscCropAEZ09,MiscCropAEZ09,1975,NMVOC_AWB,0.00173257042842853
EU-15,MiscCrop,MiscCropAEZ10,MiscCropAEZ10,1975,NMVOC_AWB,0.00360813652363306
EU-15,MiscCrop,MiscCropAEZ11,MiscCropAEZ11,1975,NMVOC_AWB,0.00485852178785008
EU-15,MiscCrop,MiscCropAEZ12,MiscCropAEZ12,1975,NMVOC_AWB,0.000429047360160162
EU-15,MiscCrop,MiscCropAEZ13,MiscCropAEZ13,1975,NMVOC_AWB,3.06958120897278e-08
EU-15,MiscCrop,MiscCropAEZ14,MiscCropAEZ14,1975,NMVOC_AWB,1.94154880687541e-05
EU-15,MiscCrop,MiscCropAEZ15,MiscCropAEZ15,1975,NMVOC_AWB,9.79109993082064e-05
EU-15,MiscCrop,MiscCropAEZ16,MiscCropAEZ16,1975,NMVOC_AWB,2.22727780731062e-05
EU-15,OilCrop,OilCropAEZ04,OilCropAEZ04,1975,NMVOC_AWB,8.46389218485005e-07
EU-15,OilCrop,OilCropAEZ08,OilCropAEZ08,1975,NMVOC_AWB,1.01950400547709e-05
EU-15,OilCrop,OilCropAEZ09,OilCropAEZ09,1975,NMVOC_AWB,0.000112589089650902
EU-15,OilCrop,OilCropAEZ10,OilCropAEZ10,1975,NMVOC_AWB,0.000470285251619883
EU-15,OilCrop,OilCropAEZ11,OilCropAEZ11,1975,NMVOC_AWB,0.000287818163338736
EU-15,OilCrop,OilCropAEZ12,OilCropAEZ12,1975,NMVOC_AWB,2.78210925538086e-05
EU-15,OilCrop,OilCropAEZ13,OilCropAEZ13,1975,NMVOC_AWB,9.52292027736163e-10
EU-15,OilCrop,OilCropAEZ14,OilCropAEZ14,1975,NMVOC_AWB,2.41763138541519e-07
EU-15,OilCrop,OilCropAEZ15,OilCropAEZ15,1975,NMVOC_AWB,4.36371950176303e-06
EU-15,OilCrop,OilCropAEZ16,OilCropAEZ16,1975,NMVOC_AWB,2.78989821059106e-06
EU-15,OtherGrain,OtherGrainAEZ04,OtherGrainAEZ04,1975,NMVOC_AWB,1.55524865126254e-07
EU-15,OtherGrain,OtherGrainAEZ08,OtherGrainAEZ08,1975,NMVOC_AWB,3.74904134102894e-06
EU-15,OtherGrain,OtherGrainAEZ09,OtherGrainAEZ09,1975,NMVOC_AWB,0.000831370258133865
EU-15,OtherGrain,OtherGrainAEZ10,OtherGrainAEZ10,1975,NMVOC_AWB,0.00382039329015687
EU-15,OtherGrain,OtherGrainAEZ11,OtherGrainAEZ11,1975,NMVOC_AWB,0.00181808234141795
EU-15,OtherGrain,OtherGrainAEZ12,OtherGrainAEZ12,1975,NMVOC_AWB,0.000369782131720316
EU-15,OtherGrain,OtherGrainAEZ13,OtherGrainAEZ13,1975,NMVOC_AWB,2.70851872922019e-08
EU-15,OtherGrain,OtherGrainAEZ14,OtherGrainAEZ14,1975,NMVOC_AWB,1.168532366035e-06
EU-15,OtherGrain,OtherGrainAEZ15,OtherGrainAEZ15,1975,NMVOC_AWB,0.000246969186584413
EU-15,OtherGrain,OtherGrainAEZ16,OtherGrainAEZ16,1975,NMVOC_AWB,6.5411802119687e-05
EU-15,PalmFruit,PalmFruitAEZ04,PalmFruitAEZ04,1975,NMVOC_AWB,0
EU-15,PalmFruit,PalmFruitAEZ08,PalmFruitAEZ08,1975,NMVOC_AWB,0
EU-15,PalmFruit,PalmFruitAEZ09,PalmFruitAEZ09,1975,NMVOC_AWB,0
EU-15,PalmFruit,PalmFruitAEZ10,PalmFruitAEZ10,1975,NMVOC_AWB,0
EU-15,PalmFruit,PalmFruitAEZ11,PalmFruitAEZ11,1975,NMVOC_AWB,0
EU-15,PalmFruit,PalmFruitAEZ12,PalmFruitAEZ12,1975,NMVOC_AWB,0
EU-15,PalmFruit,PalmFruitAEZ13,PalmFruitAEZ13,1975,NMVOC_AWB,0
EU-15,PalmFruit,PalmFruitAEZ14,PalmFruitAEZ14,1975,NMVOC_AWB,0
EU-15,PalmFruit,PalmFruitAEZ15,PalmFruitAEZ15,1975,NMVOC_AWB,0
EU-15,PalmFruit,PalmFruitAEZ16,PalmFruitAEZ16,1975,NMVOC_AWB,0
EU-15,Rice,RiceAEZ04,RiceAEZ04,1975,NMVOC_AWB,5.37459901257796e-08
EU-15,Rice,RiceAEZ08,RiceAEZ08,1975,NMVOC_AWB,1.29673536806282e-06
EU-15,Rice,RiceAEZ09,RiceAEZ09,1975,NMVOC_AWB,3.06937968963647e-05
EU-15,Rice,RiceAEZ10,RiceAEZ10,1975,NMVOC_AWB,4.32069395265822e-05
EU-15,Rice,RiceAEZ11,RiceAEZ11,1975,NMVOC_AWB,8.62645510491032e-05
EU-15,Rice,RiceAEZ12,RiceAEZ12,1975,NMVOC_AWB,1.21215647021583e-07
EU-15,Rice,RiceAEZ13,RiceAEZ13,1975,NMVOC_AWB,0
EU-15,Rice,RiceAEZ14,RiceAEZ14,1975,NMVOC_AWB,3.18304429710043e-07
EU-15,Rice,RiceAEZ15,RiceAEZ15,1975,NMVOC_AWB,6.53899470416681e-07
EU-15,Rice,RiceAEZ16,RiceAEZ16,1975,NMVOC_AWB,2.82211790671697e-07
EU-15,Root_Tuber,Root_TuberAEZ04,Root_TuberAEZ04,1975,NMVOC_AWB,1.20077395914361e-07
EU-15,Root_Tuber,Root_TuberAEZ08,Root_TuberAEZ08,1975,NMVOC_AWB,5.74713819401252e-06
EU-15,Root_Tuber,Root_TuberAEZ09,Root_TuberAEZ09,1975,NMVOC_AWB,0.000257005467320804
EU-15,Root_Tuber,Root_TuberAEZ10,Root_TuberAEZ10,1975,NMVOC_AWB,0.00222954373508422
EU-15,Root_Tuber,Root_TuberAEZ11,Root_TuberAEZ11,1975,NMVOC_AWB,0.00318145116195467
EU-15,Root_Tuber,Root_TuberAEZ12,Root_TuberAEZ12,1975,NMVOC_AWB,0.000247227656910108
EU-15,Root_Tuber,Root_TuberAEZ13,Root_TuberAEZ13,1975,NMVOC_AWB,4.58300037770586e-08
EU-15,Root_Tuber,Root_TuberAEZ14,Root_TuberAEZ14,1975,NMVOC_AWB,8.97376548121012e-07
EU-15,Root_Tuber,Root_TuberAEZ15,Root_TuberAEZ15,1975,NMVOC_AWB,7.74352937678122e-05
EU-15,Root_Tuber,Root_TuberAEZ16,Root_TuberAEZ16,1975,NMVOC_AWB,4.49834720659549e-05
EU-15,SugarCrop,SugarCropAEZ04,SugarCropAEZ04,1975,NMVOC_AWB,5.41867776137467e-07
EU-15,SugarCrop,SugarCropAEZ08,SugarCropAEZ08,1975,NMVOC_AWB,1.05275258941881e-05
EU-15,SugarCrop,SugarCropAEZ09,SugarCropAEZ09,1975,NMVOC_AWB,0.000582130546802582
EU-15,SugarCrop,SugarCropAEZ10,SugarCropAEZ10,1975,NMVOC_AWB,0.00384555877026332
EU-15,SugarCrop,SugarCropAEZ11,SugarCropAEZ11,1975,NMVOC_AWB,0.0051842045972691
EU-15,SugarCrop,SugarCropAEZ12,SugarCropAEZ12,1975,NMVOC_AWB,0.000247772739313567
EU-15,SugarCrop,SugarCropAEZ13,SugarCropAEZ13,1975,NMVOC_AWB,1.12630610505938e-07
EU-15,SugarCrop,SugarCropAEZ14,SugarCropAEZ14,1975,NMVOC_AWB,4.2772906084679e-06
EU-15,SugarCrop,SugarCropAEZ15,SugarCropAEZ15,1975,NMVOC_AWB,9.58420635133286e-05
EU-15,SugarCrop,SugarCropAEZ16,SugarCropAEZ16,1975,NMVOC_AWB,9.4773886257251e-06
EU-15,Wheat,WheatAEZ04,WheatAEZ04,1975,NMVOC_AWB,2.69066373165733e-07
EU-15,Wheat,WheatAEZ08,WheatAEZ08,1975,NMVOC_AWB,3.2924396752906e-06
EU-15,Wheat,WheatAEZ09,WheatAEZ09,1975,NMVOC_AWB,0.000257968378784451
EU-15,Wheat,WheatAEZ10,WheatAEZ10,1975,NMVOC_AWB,0.00246732186911286
EU-15,Wheat,WheatAEZ11,WheatAEZ11,1975,NMVOC_AWB,0.0024114985447754
EU-15,Wheat,WheatAEZ12,WheatAEZ12,1975,NMVOC_AWB,0.000357744957522944
EU-15,Wheat,WheatAEZ13,WheatAEZ13,1975,NMVOC_AWB,2.64157256018487e-08
EU-15,Wheat,WheatAEZ14,WheatAEZ14,1975,NMVOC_AWB,7.24386988572821e-07
EU-15,Wheat,WheatAEZ15,WheatAEZ15,1975,NMVOC_AWB,2.66063629844002e-05
EU-15,Wheat,WheatAEZ16,WheatAEZ16,1975,NMVOC_AWB,1.93399929784137e-05
EU-15,Corn,CornAEZ04,CornAEZ04,1975,NOx_AWB,3.95745339027163e-08
EU-15,Corn,CornAEZ08,CornAEZ08,1975,NOx_AWB,6.86093194905255e-07
EU-15,Corn,CornAEZ09,CornAEZ09,1975,NOx_AWB,8.43888437799591e-05
EU-15,Corn,CornAEZ10,CornAEZ10,1975,NOx_AWB,0.000293213348268618
EU-15,Corn,CornAEZ11,CornAEZ11,1975,NOx_AWB,0.00051505197861336
EU-15,Corn,CornAEZ12,CornAEZ12,1975,NOx_AWB,0.000113789626502739
EU-15,Corn,CornAEZ13,CornAEZ13,1975,NOx_AWB,1.99218742095306e-09
EU-15,Corn,CornAEZ14,CornAEZ14,1975,NOx_AWB,1.74090259139664e-06
EU-15,Corn,CornAEZ15,CornAEZ15,1975,NOx_AWB,1.38099508878532e-05
EU-15,Corn,CornAEZ16,CornAEZ16,1975,NOx_AWB,3.09373245748195e-06
EU-15,FiberCrop,FiberCropAEZ04,FiberCropAEZ04,1975,NOx_AWB,2.4830212162921e-08
EU-15,FiberCrop,FiberCropAEZ08,FiberCropAEZ08,1975,NOx_AWB,3.69717979385242e-07
EU-15,FiberCrop,FiberCropAEZ09,FiberCropAEZ09,1975,NOx_AWB,8.62200019452553e-06
EU-15,FiberCrop,FiberCropAEZ10,FiberCropAEZ10,1975,NOx_AWB,2.21435832068929e-05
EU-15,FiberCrop,FiberCropAEZ11,FiberCropAEZ11,1975,NOx_AWB,1.63615579271047e-06
EU-15,FiberCrop,FiberCropAEZ12,FiberCropAEZ12,1975,NOx_AWB,3.15712267930889e-07
EU-15,FiberCrop,FiberCropAEZ13,FiberCropAEZ13,1975,NOx_AWB,0
EU-15,FiberCrop,FiberCropAEZ14,FiberCropAEZ14,1975,NOx_AWB,0
EU-15,FiberCrop,FiberCropAEZ15,FiberCropAEZ15,1975,NOx_AWB,0
EU-15,FiberCrop,FiberCropAEZ16,FiberCropAEZ16,1975,NOx_AWB,4.44228014477257e-09
EU-15,FodderGrass,FodderGrassAEZ04,FodderGrassAEZ04,1975,NOx_AWB,5.07883499696385e-08
EU-15,FodderGrass,FodderGrassAEZ08,FodderGrassAEZ08,1975,NOx_AWB,1.26899025367311e-06
EU-15,FodderGrass,FodderGrassAEZ09,FodderGrassAEZ09,1975,NOx_AWB,5.99822779085557e-05
EU-15,FodderGrass,FodderGrassAEZ10,FodderGrassAEZ10,1975,NOx_AWB,0.000460828726409894
EU-15,FodderGrass,FodderGrassAEZ11,FodderGrassAEZ11,1975,NOx_AWB,0.000586823923454651
EU-15,FodderGrass,FodderGrassAEZ12,FodderGrassAEZ12,1975,NOx_AWB,0.000157663343756195
EU-15,FodderGrass,FodderGrassAEZ13,FodderGrassAEZ13,1975,NOx_AWB,3.60518592412717e-08
EU-15,FodderGrass,FodderGrassAEZ14,FodderGrassAEZ14,1975,NOx_AWB,7.9036956326055e-07
EU-15,FodderGrass,FodderGrassAEZ15,FodderGrassAEZ15,1975,NOx_AWB,4.08775394121045e-05
EU-15,FodderGrass,FodderGrassAEZ16,FodderGrassAEZ16,1975,NOx_AWB,1.54174192422414e-05
EU-15,FodderHerb,FodderHerbAEZ04,FodderHerbAEZ04,1975,NOx_AWB,3.75625825207701e-07
EU-15,FodderHerb,FodderHerbAEZ08,FodderHerbAEZ08,1975,NOx_AWB,1.2817484196649e-05
EU-15,FodderHerb,FodderHerbAEZ09,FodderHerbAEZ09,1975,NOx_AWB,0.000527217205024475
EU-15,FodderHerb,FodderHerbAEZ10,FodderHerbAEZ10,1975,NOx_AWB,0.00588867460298831
EU-15,FodderHerb,FodderHerbAEZ11,FodderHerbAEZ11,1975,NOx_AWB,0.00434918602846012
EU-15,FodderHerb,FodderHerbAEZ12,FodderHerbAEZ12,1975,NOx_AWB,0.000570968153974254
EU-15,FodderHerb,FodderHerbAEZ13,FodderHerbAEZ13,1975,NOx_AWB,6.14570509584864e-08
EU-15,FodderHerb,FodderHerbAEZ14,FodderHerbAEZ14,1975,NOx_AWB,1.27399106420522e-05
EU-15,FodderHerb,FodderHerbAEZ15,FodderHerbAEZ15,1975,NOx_AWB,9.66999286409989e-05
EU-15,FodderHerb,FodderHerbAEZ16,FodderHerbAEZ16,1975,NOx_AWB,2.14604642015324e-05
EU-15,MiscCrop,MiscCropAEZ04,MiscCropAEZ04,1975,NOx_AWB,2.51232570954322e-07
EU-15,MiscCrop,MiscCropAEZ08,MiscCropAEZ08,1975,NOx_AWB,2.04711181131227e-05
EU-15,MiscCrop,MiscCropAEZ09,MiscCropAEZ09,1975,NOx_AWB,0.000939568269671186
EU-15,MiscCrop,MiscCropAEZ10,MiscCropAEZ10,1975,NOx_AWB,0.00195668270369949
EU-15,MiscCrop,MiscCropAEZ11,MiscCropAEZ11,1975,NOx_AWB,0.00263476325952908
EU-15,MiscCrop,MiscCropAEZ12,MiscCropAEZ12,1975,NOx_AWB,0.000232671226045517
EU-15,MiscCrop,MiscCropAEZ13,MiscCropAEZ13,1975,NOx_AWB,1.66462560932986e-08
EU-15,MiscCrop,MiscCropAEZ14,MiscCropAEZ14,1975,NOx_AWB,1.05289668057689e-05
EU-15,MiscCrop,MiscCropAEZ15,MiscCropAEZ15,1975,NOx_AWB,5.30968708067055e-05
EU-15,MiscCrop,MiscCropAEZ16,MiscCropAEZ16,1975,NOx_AWB,1.20784674674955e-05
EU-15,OilCrop,OilCropAEZ04,OilCropAEZ04,1975,NOx_AWB,4.58994590021716e-07
EU-15,OilCrop,OilCropAEZ08,OilCropAEZ08,1975,NOx_AWB,5.52874272024705e-06
EU-15,OilCrop,OilCropAEZ09,OilCropAEZ09,1975,NOx_AWB,6.10567596049186e-05
EU-15,OilCrop,OilCropAEZ10,OilCropAEZ10,1975,NOx_AWB,0.000255034423343558
EU-15,OilCrop,OilCropAEZ11,OilCropAEZ11,1975,NOx_AWB,0.000156083013579652
EU-15,OilCrop,OilCropAEZ12,OilCropAEZ12,1975,NOx_AWB,1.50873034436199e-05
EU-15,OilCrop,OilCropAEZ13,OilCropAEZ13,1975,NOx_AWB,5.16425397802315e-10
EU-15,OilCrop,OilCropAEZ14,OilCropAEZ14,1975,NOx_AWB,1.31107497867063e-07
EU-15,OilCrop,OilCropAEZ15,OilCropAEZ15,1975,NOx_AWB,2.36643331452948e-06
EU-15,OilCrop,OilCropAEZ16,OilCropAEZ16,1975,NOx_AWB,1.51295427376152e-06
EU-15,OtherGrain,OtherGrainAEZ04,OtherGrainAEZ04,1975,NOx_AWB,8.43407148245382e-08
EU-15,OtherGrain,OtherGrainAEZ08,OtherGrainAEZ08,1975,NOx_AWB,2.03309500607791e-06
EU-15,OtherGrain,OtherGrainAEZ09,OtherGrainAEZ09,1975,NOx_AWB,0.000450849848337432
EU-15,OtherGrain,OtherGrainAEZ10,OtherGrainAEZ10,1975,NOx_AWB,0.00207178897561575
EU-15,OtherGrain,OtherGrainAEZ11,OtherGrainAEZ11,1975,NOx_AWB,0.000985941149414155
EU-15,OtherGrain,OtherGrainAEZ12,OtherGrainAEZ12,1975,NOx_AWB,0.000200531852532488
EU-15,OtherGrain,OtherGrainAEZ13,OtherGrainAEZ13,1975,NOx_AWB,1.46882240053792e-08
EU-15,OtherGrain,OtherGrainAEZ14,OtherGrainAEZ14,1975,NOx_AWB,6.3369194994636e-07
EU-15,OtherGrain,OtherGrainAEZ15,OtherGrainAEZ15,1975,NOx_AWB,0.000133930723677239
EU-15,OtherGrain,OtherGrainAEZ16,OtherGrainAEZ16,1975,NOx_AWB,3.54726438390227e-05
EU-15,PalmFruit,PalmFruitAEZ04,PalmFruitAEZ04,1975,NOx_AWB,0
EU-15,PalmFruit,PalmFruitAEZ08,PalmFruitAEZ08,1975,NOx_AWB,0
EU-15,PalmFruit,PalmFruitAEZ09,PalmFruitAEZ09,1975,NOx_AWB,0
EU-15,PalmFruit,PalmFruitAEZ10,PalmFruitAEZ10,1975,NOx_AWB,0
EU-15,PalmFruit,PalmFruitAEZ11,PalmFruitAEZ11,1975,NOx_AWB,0
EU-15,PalmFruit,PalmFruitAEZ12,PalmFruitAEZ12,1975,NOx_AWB,0
EU-15,PalmFruit,PalmFruitAEZ13,PalmFruitAEZ13,1975,NOx_AWB,0
EU-15,PalmFruit,PalmFruitAEZ14,PalmFruitAEZ14,1975,NOx_AWB,0
EU-15,PalmFruit,PalmFruitAEZ15,PalmFruitAEZ15,1975,NOx_AWB,0
EU-15,PalmFruit,PalmFruitAEZ16,PalmFruitAEZ16,1975,NOx_AWB,0
EU-15,Rice,RiceAEZ04,RiceAEZ04,1975,NOx_AWB,2.91463054636375e-08
EU-15,Rice,RiceAEZ08,RiceAEZ08,1975,NOx_AWB,7.03216092114244e-07
EU-15,Rice,RiceAEZ09,RiceAEZ09,1975,NOx_AWB,1.66451632593738e-05
EU-15,Rice,RiceAEZ10,RiceAEZ10,1975,NOx_AWB,2.34310067531278e-05
EU-15,Rice,RiceAEZ11,RiceAEZ11,1975,NOx_AWB,4.67810333324703e-05
EU-15,Rice,RiceAEZ12,RiceAEZ12,1975,NOx_AWB,6.57349183966174e-08
EU-15,Rice,RiceAEZ13,RiceAEZ13,1975,NOx_AWB,0
EU-15,Rice,RiceAEZ14,RiceAEZ14,1975,NOx_AWB,1.72615633595108e-07
EU-15,Rice,RiceAEZ15,RiceAEZ15,1975,NOx_AWB,3.54607918891678e-07
EU-15,Rice,RiceAEZ16,RiceAEZ16,1975,NOx_AWB,1.53042692805692e-07
EU-15,Root_Tuber,Root_TuberAEZ04,Root_TuberAEZ04,1975,NOx_AWB,6.51176478916404e-08
EU-15,Root_Tuber,Root_TuberAEZ08,Root_TuberAEZ08,1975,NOx_AWB,3.11665753951904e-06
EU-15,Root_Tuber,Root_TuberAEZ09,Root_TuberAEZ09,1975,NOx_AWB,0.000139373371647387
EU-15,Root_Tuber,Root_TuberAEZ10,Root_TuberAEZ10,1975,NOx_AWB,0.00120907555326876
EU-15,Root_Tuber,Root_TuberAEZ11,Root_TuberAEZ11,1975,NOx_AWB,0.00172529238305907
EU-15,Root_Tuber,Root_TuberAEZ12,Root_TuberAEZ12,1975,NOx_AWB,0.000134070891437631
EU-15,Root_Tuber,Root_TuberAEZ13,Root_TuberAEZ13,1975,NOx_AWB,2.48534874203592e-08
EU-15,Root_Tuber,Root_TuberAEZ14,Root_TuberAEZ14,1975,NOx_AWB,4.86644881343327e-07
EU-15,Root_Tuber,Root_TuberAEZ15,Root_TuberAEZ15,1975,NOx_AWB,4.19929509260376e-05
EU-15,Root_Tuber,Root_TuberAEZ16,Root_TuberAEZ16,1975,NOx_AWB,2.43944155569747e-05
EU-15,SugarCrop,SugarCropAEZ04,SugarCropAEZ04,1975,NOx_AWB,2.93853433293234e-07
EU-15,SugarCrop,SugarCropAEZ08,SugarCropAEZ08,1975,NOx_AWB,5.70904889407153e-06
EU-15,SugarCrop,SugarCropAEZ09,SugarCropAEZ09,1975,NOx_AWB,0.00031568782521478
EU-15,SugarCrop,SugarCropAEZ10,SugarCropAEZ10,1975,NOx_AWB,0.00208543614759277
EU-15,SugarCrop,SugarCropAEZ11,SugarCropAEZ11,1975,NOx_AWB,0.00281138016853694
EU-15,SugarCrop,SugarCropAEZ12,SugarCropAEZ12,1975,NOx_AWB,0.000134366488154649
EU-15,SugarCrop,SugarCropAEZ13,SugarCropAEZ13,1975,NOx_AWB,6.10792762526007e-08
EU-15,SugarCrop,SugarCropAEZ14,SugarCropAEZ14,1975,NOx_AWB,2.31956315884031e-06
EU-15,SugarCrop,SugarCropAEZ15,SugarCropAEZ15,1975,NOx_AWB,5.19748925061655e-05
EU-15,SugarCrop,SugarCropAEZ16,SugarCropAEZ16,1975,NOx_AWB,5.13956228616378e-06
EU-15,Wheat,WheatAEZ04,WheatAEZ04,1975,NOx_AWB,1.45913968352402e-07
EU-15,Wheat,WheatAEZ08,WheatAEZ08,1975,NOx_AWB,1.78548115444599e-06
EU-15,Wheat,WheatAEZ09,WheatAEZ09,1975,NOx_AWB,0.000139895555936638
EU-15,Wheat,WheatAEZ10,WheatAEZ10,1975,NOx_AWB,0.00133802199393816
EU-15,Wheat,WheatAEZ11,WheatAEZ11,1975,NOx_AWB,0.00130774915573521
EU-15,Wheat,WheatAEZ12,WheatAEZ12,1975,NOx_AWB,0.000194004125435926
EU-15,Wheat,WheatAEZ13,WheatAEZ13,1975,NOx_AWB,1.43251767365955e-08
EU-15,Wheat,WheatAEZ14,WheatAEZ14,1975,NOx_AWB,3.92833109845359e-07
EU-15,Wheat,WheatAEZ15,WheatAEZ15,1975,NOx_AWB,1.44285588749027e-05
EU-15,Wheat,WheatAEZ16,WheatAEZ16,1975,NOx_AWB,1.04880260219278e-05
EU-15,Corn,CornAEZ04,CornAEZ04,1975,SO2_AWB,5.51925192569916e-09
EU-15,Corn,CornAEZ08,CornAEZ08,1975,SO2_AWB,9.5685806344519e-08
EU-15,Corn,CornAEZ09,CornAEZ09,1975,SO2_AWB,1.17692678247335e-05
EU-15,Corn,CornAEZ10,CornAEZ10,1975,SO2_AWB,4.08929222274729e-05
EU-15,Corn,CornAEZ11,CornAEZ11,1975,SO2_AWB,7.18315882578678e-05
EU-15,Corn,CornAEZ12,CornAEZ12,1975,SO2_AWB,1.58696402273161e-05
EU-15,Corn,CornAEZ13,CornAEZ13,1975,SO2_AWB,2.77839892858324e-10
EU-15,Corn,CornAEZ14,CornAEZ14,1975,SO2_AWB,2.42794520426709e-07
EU-15,Corn,CornAEZ15,CornAEZ15,1975,SO2_AWB,1.9260011556665e-06
EU-15,Corn,CornAEZ16,CornAEZ16,1975,SO2_AWB,4.31466580643246e-07
EU-15,FiberCrop,FiberCropAEZ04,FiberCropAEZ04,1975,SO2_AWB,3.46293898577828e-09
EU-15,FiberCrop,FiberCropAEZ08,FiberCropAEZ08,1975,SO2_AWB,5.15626204140219e-08
EU-15,FiberCrop,FiberCropAEZ09,FiberCropAEZ09,1975,SO2_AWB,1.20246498149527e-06
EU-15,FiberCrop,FiberCropAEZ10,FiberCropAEZ10,1975,SO2_AWB,3.08824898751707e-06
EU-15,FiberCrop,FiberCropAEZ11,FiberCropAEZ11,1975,SO2_AWB,2.28186035794127e-07
EU-15,FiberCrop,FiberCropAEZ12,FiberCropAEZ12,1975,SO2_AWB,4.40307281199542e-08
EU-15,FiberCrop,FiberCropAEZ13,FiberCropAEZ13,1975,SO2_AWB,0
EU-15,FiberCrop,FiberCropAEZ14,FiberCropAEZ14,1975,SO2_AWB,0
EU-15,FiberCrop,FiberCropAEZ15,FiberCropAEZ15,1975,SO2_AWB,0
EU-15,FiberCrop,FiberCropAEZ16,FiberCropAEZ16,1975,SO2_AWB,6.19541427924393e-10
EU-15,FodderGrass,FodderGrassAEZ04,FodderGrassAEZ04,1975,SO2_AWB,7.08318382377133e-09
EU-15,FodderGrass,FodderGrassAEZ08,FodderGrassAEZ08,1975,SO2_AWB,1.76979390799547e-07
EU-15,FodderGrass,FodderGrassAEZ09,FodderGrassAEZ09,1975,SO2_AWB,8.36541255718731e-06
EU-15,FodderGrass,FodderGrassAEZ10,FodderGrassAEZ10,1975,SO2_AWB,6.42693567006414e-05
EU-15,FodderGrass,FodderGrassAEZ11,FodderGrassAEZ11,1975,SO2_AWB,8.18412436021417e-05
EU-15,FodderGrass,FodderGrassAEZ12,FodderGrassAEZ12,1975,SO2_AWB,2.19884766243279e-05
EU-15,FodderGrass,FodderGrassAEZ13,FodderGrassAEZ13,1975,SO2_AWB,5.02796303379245e-09
EU-15,FodderGrass,FodderGrassAEZ14,FodderGrassAEZ14,1975,SO2_AWB,1.10228682535169e-07
EU-15,FodderGrass,FodderGrassAEZ15,FodderGrassAEZ15,1975,SO2_AWB,5.70097524515924e-06
EU-15,FodderGrass,FodderGrassAEZ16,FodderGrassAEZ16,1975,SO2_AWB,2.15018630544658e-06
EU-15,FodderHerb,FodderHerbAEZ04,FodderHerbAEZ04,1975,SO2_AWB,5.2386556572373e-08
EU-15,FodderHerb,FodderHerbAEZ08,FodderHerbAEZ08,1975,SO2_AWB,1.78758705052287e-06
EU-15,FodderHerb,FodderHerbAEZ09,FodderHerbAEZ09,1975,SO2_AWB,7.35282083484838e-05
EU-15,FodderHerb,FodderHerbAEZ10,FodderHerbAEZ10,1975,SO2_AWB,0.000821262449287574
EU-15,FodderHerb,FodderHerbAEZ11,FodderHerbAEZ11,1975,SO2_AWB,0.000606558081563527
EU-15,FodderHerb,FodderHerbAEZ12,FodderHerbAEZ12,1975,SO2_AWB,7.9629922896426e-05
EU-15,FodderHerb,FodderHerbAEZ13,FodderHerbAEZ13,1975,SO2_AWB,8.57109139135397e-09
EU-15,FodderHerb,FodderHerbAEZ14,FodderHerbAEZ14,1975,SO2_AWB,1.77676827520527e-06
EU-15,FodderHerb,FodderHerbAEZ15,FodderHerbAEZ15,1975,SO2_AWB,1.34862300255714e-05
EU-15,FodderHerb,FodderHerbAEZ16,FodderHerbAEZ16,1975,SO2_AWB,2.99297797573241e-06
EU-15,MiscCrop,MiscCropAEZ04,MiscCropAEZ04,1975,SO2_AWB,3.5038084199466e-08
EU-15,MiscCrop,MiscCropAEZ08,MiscCropAEZ08,1975,SO2_AWB,2.85499908463387e-06
EU-15,MiscCrop,MiscCropAEZ09,MiscCropAEZ09,1975,SO2_AWB,0.000131036640746199
EU-15,MiscCrop,MiscCropAEZ10,MiscCropAEZ10,1975,SO2_AWB,0.000272888236837437
EU-15,MiscCrop,MiscCropAEZ11,MiscCropAEZ11,1975,SO2_AWB,0.000367456562588073
EU-15,MiscCrop,MiscCropAEZ12,MiscCropAEZ12,1975,SO2_AWB,3.24494311307192e-05
EU-15,MiscCrop,MiscCropAEZ13,MiscCropAEZ13,1975,SO2_AWB,2.32156571254813e-09
EU-15,MiscCrop,MiscCropAEZ14,MiscCropAEZ14,1975,SO2_AWB,1.46841957662005e-06
EU-15,MiscCrop,MiscCropAEZ15,MiscCropAEZ15,1975,SO2_AWB,7.40514107301701e-06
EU-15,MiscCrop,MiscCropAEZ16,MiscCropAEZ16,1975,SO2_AWB,1.68452027744269e-06
EU-15,OilCrop,OilCropAEZ04,OilCropAEZ04,1975,SO2_AWB,6.40135593533541e-08
EU-15,OilCrop,OilCropAEZ08,OilCropAEZ08,1975,SO2_AWB,7.71064644259128e-07
EU-15,OilCrop,OilCropAEZ09,OilCropAEZ09,1975,SO2_AWB,8.51526486337891e-06
EU-15,OilCrop,OilCropAEZ10,OilCropAEZ10,1975,SO2_AWB,3.55683085394947e-05
EU-15,OilCrop,OilCropAEZ11,OilCropAEZ11,1975,SO2_AWB,2.17680762933583e-05
EU-15,OilCrop,OilCropAEZ12,OilCropAEZ12,1975,SO2_AWB,2.10414679272044e-06
EU-15,OilCrop,OilCropAEZ13,OilCropAEZ13,1975,SO2_AWB,7.20231318025642e-11
EU-15,OilCrop,OilCropAEZ14,OilCropAEZ14,1975,SO2_AWB,1.8284872586376e-08
EU-15,OilCrop,OilCropAEZ15,OilCropAEZ15,1975,SO2_AWB,3.30033997629951e-07
EU-15,OilCrop,OilCropAEZ16,OilCropAEZ16,1975,SO2_AWB,2.11003768470913e-07
EU-15,OtherGrain,OtherGrainAEZ04,OtherGrainAEZ04,1975,SO2_AWB,1.17625555326686e-08
EU-15,OtherGrain,OtherGrainAEZ08,OtherGrainAEZ08,1975,SO2_AWB,2.83545058420881e-07
EU-15,OtherGrain,OtherGrainAEZ09,OtherGrainAEZ09,1975,SO2_AWB,6.28776551040251e-05
EU-15,OtherGrain,OtherGrainAEZ10,OtherGrainAEZ10,1975,SO2_AWB,0.000288941502669844
EU-15,OtherGrain,OtherGrainAEZ11,OtherGrainAEZ11,1975,SO2_AWB,0.000137504022180199
EU-15,OtherGrain,OtherGrainAEZ12,OtherGrainAEZ12,1975,SO2_AWB,2.79671218863802e-05
EU-15,OtherGrain,OtherGrainAEZ13,OtherGrainAEZ13,1975,SO2_AWB,2.04848928419661e-09
EU-15,OtherGrain,OtherGrainAEZ14,OtherGrainAEZ14,1975,SO2_AWB,8.8377680546768e-08
EU-15,OtherGrain,OtherGrainAEZ15,OtherGrainAEZ15,1975,SO2_AWB,1.86786130288485e-05
EU-15,OtherGrain,OtherGrainAEZ16,OtherGrainAEZ16,1975,SO2_AWB,4.94718291059212e-06
EU-15,PalmFruit,PalmFruitAEZ04,PalmFruitAEZ04,1975,SO2_AWB,0
EU-15,PalmFruit,PalmFruitAEZ08,PalmFruitAEZ08,1975,SO2_AWB,0
EU-15,PalmFruit,PalmFruitAEZ09,PalmFruitAEZ09,1975,SO2_AWB,0
EU-15,PalmFruit,PalmFruitAEZ10,PalmFruitAEZ10,1975,SO2_AWB,0
EU-15,PalmFruit,PalmFruitAEZ11,PalmFruitAEZ11,1975,SO2_AWB,0
EU-15,PalmFruit,PalmFruitAEZ12,PalmFruitAEZ12,1975,SO2_AWB,0
EU-15,PalmFruit,PalmFruitAEZ13,PalmFruitAEZ13,1975,SO2_AWB,0
EU-15,PalmFruit,PalmFruitAEZ14,PalmFruitAEZ14,1975,SO2_AWB,0
EU-15,PalmFruit,PalmFruitAEZ15,PalmFruitAEZ15,1975,SO2_AWB,0
EU-15,PalmFruit,PalmFruitAEZ16,PalmFruitAEZ16,1975,SO2_AWB,0
EU-15,Rice,RiceAEZ04,RiceAEZ04,1975,SO2_AWB,4.06488179880132e-09
EU-15,Rice,RiceAEZ08,RiceAEZ08,1975,SO2_AWB,9.80738466844654e-08
EU-15,Rice,RiceAEZ09,RiceAEZ09,1975,SO2_AWB,2.32141330075325e-06
EU-15,Rice,RiceAEZ10,RiceAEZ10,1975,SO2_AWB,3.26779917259857e-06
EU-15,Rice,RiceAEZ11,RiceAEZ11,1975,SO2_AWB,6.52430446663356e-06
EU-15,Rice,RiceAEZ12,RiceAEZ12,1975,SO2_AWB,9.1677030445406e-09
EU-15,Rice,RiceAEZ13,RiceAEZ13,1975,SO2_AWB,0
EU-15,Rice,RiceAEZ14,RiceAEZ14,1975,SO2_AWB,2.40737937803025e-08
EU-15,Rice,RiceAEZ15,RiceAEZ15,1975,SO2_AWB,4.94552998153374e-08
EU-15,Rice,RiceAEZ16,RiceAEZ16,1975,SO2_AWB,2.13440587590602e-08
EU-15,Root_Tuber,Root_TuberAEZ04,Root_TuberAEZ04,1975,SO2_AWB,9.08161557648232e-09
EU-15,Root_Tuber,Root_TuberAEZ08,Root_TuberAEZ08,1975,SO2_AWB,4.34663821158854e-07
EU-15,Root_Tuber,Root_TuberAEZ09,Root_TuberAEZ09,1975,SO2_AWB,1.94376704915084e-05
EU-15,Root_Tuber,Root_TuberAEZ10,Root_TuberAEZ10,1975,SO2_AWB,0.000168623402921148
EU-15,Root_Tuber,Root_TuberAEZ11,Root_TuberAEZ11,1975,SO2_AWB,0.000240617446840966
EU-15,Root_Tuber,Root_TuberAEZ12,Root_TuberAEZ12,1975,SO2_AWB,1.86981614885566e-05
EU-15,Root_Tuber,Root_TuberAEZ13,Root_TuberAEZ13,1975,SO2_AWB,3.46618506341377e-09
EU-15,Root_Tuber,Root_TuberAEZ14,Root_TuberAEZ14,1975,SO2_AWB,6.78697999346859e-08
EU-15,Root_Tuber,Root_TuberAEZ15,Root_TuberAEZ15,1975,SO2_AWB,5.85653581755552e-06
EU-15,Root_Tuber,Root_TuberAEZ16,Root_TuberAEZ16,1975,SO2_AWB,3.40216072715128e-06
EU-15,SugarCrop,SugarCropAEZ04,SugarCropAEZ04,1975,SO2_AWB,4.09821915164911e-08
EU-15,SugarCrop,SugarCropAEZ08,SugarCropAEZ08,1975,SO2_AWB,7.96210997202728e-07
EU-15,SugarCrop,SugarCropAEZ09,SugarCropAEZ09,1975,SO2_AWB,4.40273192230032e-05
EU-15,SugarCrop,SugarCropAEZ10,SugarCropAEZ10,1975,SO2_AWB,0.000290844801907674
EU-15,SugarCrop,SugarCropAEZ11,SugarCropAEZ11,1975,SO2_AWB,0.000392088393187745
EU-15,SugarCrop,SugarCropAEZ12,SugarCropAEZ12,1975,SO2_AWB,1.87393868066777e-05
EU-15,SugarCrop,SugarCropAEZ13,SugarCropAEZ13,1975,SO2_AWB,8.518405141705e-09
EU-15,SugarCrop,SugarCropAEZ14,SugarCropAEZ14,1975,SO2_AWB,3.23497263737362e-07
EU-15,SugarCrop,SugarCropAEZ15,SugarCropAEZ15,1975,SO2_AWB,7.2486646654598e-06
EU-15,SugarCrop,SugarCropAEZ16,SugarCropAEZ16,1975,SO2_AWB,7.16787697737438e-07
EU-15,Wheat,WheatAEZ04,WheatAEZ04,1975,SO2_AWB,2.03498530846911e-08
EU-15,Wheat,WheatAEZ08,WheatAEZ08,1975,SO2_AWB,2.49011657956613e-07
EU-15,Wheat,WheatAEZ09,WheatAEZ09,1975,SO2_AWB,1.95104967855868e-05
EU-15,Wheat,WheatAEZ10,WheatAEZ10,1975,SO2_AWB,0.000186606884235828
EU-15,Wheat,WheatAEZ11,WheatAEZ11,1975,SO2_AWB,0.000182384890845867
EU-15,Wheat,WheatAEZ12,WheatAEZ12,1975,SO2_AWB,2.70567341497437e-05
EU-15,Wheat,WheatAEZ13,WheatAEZ13,1975,SO2_AWB,1.99785699267601e-09
EU-15,Wheat,WheatAEZ14,WheatAEZ14,1975,SO2_AWB,5.4786365982786e-08
EU-15,Wheat,WheatAEZ15,WheatAEZ15,1975,SO2_AWB,2.01227515530901e-06
EU-15,Wheat,WheatAEZ16,WheatAEZ16,1975,SO2_AWB,1.46270978100729e-06
Europe_Eastern,Corn,CornAEZ08,CornAEZ08,1975,CH4_AWB,6.87708467836631e-05
Europe_Eastern,Corn,CornAEZ09,CornAEZ09,1975,CH4_AWB,0.000148081925222717
Europe_Eastern,Corn,CornAEZ10,CornAEZ10,1975,CH4_AWB,0.000155781788790549
Europe_Eastern,Corn,CornAEZ16,CornAEZ16,1975,CH4_AWB,1.32510527100667e-07
Europe_Eastern,FiberCrop,FiberCropAEZ08,FiberCropAEZ08,1975,CH4_AWB,0
Europe_Eastern,FiberCrop,FiberCropAEZ09,FiberCropAEZ09,1975,CH4_AWB,0
Europe_Eastern,FiberCrop,FiberCropAEZ10,FiberCropAEZ10,1975,CH4_AWB,2.44530443313554e-05
Europe_Eastern,FiberCrop,FiberCropAEZ16,FiberCropAEZ16,1975,CH4_AWB,0
Europe_Eastern,FodderGrass,FodderGrassAEZ08,FodderGrassAEZ08,1975,CH4_AWB,0
Europe_Eastern,FodderGrass,FodderGrassAEZ09,FodderGrassAEZ09,1975,CH4_AWB,0
Europe_Eastern,FodderGrass,FodderGrassAEZ10,FodderGrassAEZ10,1975,CH4_AWB,0
Europe_Eastern,FodderGrass,FodderGrassAEZ16,FodderGrassAEZ16,1975,CH4_AWB,0
Europe_Eastern,FodderHerb,FodderHerbAEZ08,FodderHerbAEZ08,1975,CH4_AWB,0.00174258158066408
Europe_Eastern,FodderHerb,FodderHerbAEZ09,FodderHerbAEZ09,1975,CH4_AWB,0.00186220998517188
Europe_Eastern,FodderHerb,FodderHerbAEZ10,FodderHerbAEZ10,1975,CH4_AWB,0.00408970407432696
Europe_Eastern,FodderHerb,FodderHerbAEZ16,FodderHerbAEZ16,1975,CH4_AWB,1.24448518963784e-06
Europe_Eastern,MiscCrop,MiscCropAEZ08,MiscCropAEZ08,1975,CH4_AWB,0.00035523028072245
Europe_Eastern,MiscCrop,MiscCropAEZ09,MiscCropAEZ09,1975,CH4_AWB,0.000316955113354267
Europe_Eastern,MiscCrop,MiscCropAEZ10,MiscCropAEZ10,1975,CH4_AWB,0.000500309237755008
Europe_Eastern,MiscCrop,MiscCropAEZ16,MiscCropAEZ16,1975,CH4_AWB,1.31499037838386e-08
Europe_Eastern,OilCrop,OilCropAEZ08,OilCropAEZ08,1975,CH4_AWB,8.33903140456736e-05
Europe_Eastern,OilCrop,OilCropAEZ09,OilCropAEZ09,1975,CH4_AWB,8.83578053874884e-05
Europe_Eastern,OilCrop,OilCropAEZ10,OilCropAEZ10,1975,CH4_AWB,3.94323909484511e-05
Europe_Eastern,OilCrop,OilCropAEZ16,OilCropAEZ16,1975,CH4_AWB,0
Europe_Eastern,OtherGrain,OtherGrainAEZ08,OtherGrainAEZ08,1975,CH4_AWB,0.00018257076562154
Europe_Eastern,OtherGrain,OtherGrainAEZ09,OtherGrainAEZ09,1975,CH4_AWB,0.000284536382964897
Europe_Eastern,OtherGrain,OtherGrainAEZ10,OtherGrainAEZ10,1975,CH4_AWB,0.000831448349664128
Europe_Eastern,OtherGrain,OtherGrainAEZ16,OtherGrainAEZ16,1975,CH4_AWB,1.80100811633424e-07
Europe_Eastern,PalmFruit,PalmFruitAEZ08,PalmFruitAEZ08,1975,CH4_AWB,0
Europe_Eastern,PalmFruit,PalmFruitAEZ09,PalmFruitAEZ09,1975,CH4_AWB,0
Europe_Eastern,PalmFruit,PalmFruitAEZ10,PalmFruitAEZ10,1975,CH4_AWB,0
Europe_Eastern,PalmFruit,PalmFruitAEZ16,PalmFruitAEZ16,1975,CH4_AWB,0
Europe_Eastern,Rice,RiceAEZ08,RiceAEZ08,1975,CH4_AWB,6.50069043835074e-06
Europe_Eastern,Rice,RiceAEZ09,RiceAEZ09,1975,CH4_AWB,0
Europe_Eastern,Rice,RiceAEZ10,RiceAEZ10,1975,CH4_AWB,0
Europe_Eastern,Rice,RiceAEZ16,RiceAEZ16,1975,CH4_AWB,0
Europe_Eastern,Root_Tuber,Root_TuberAEZ08,Root_TuberAEZ08,1975,CH4_AWB,0.000109538097640187
Europe_Eastern,Root_Tuber,Root_TuberAEZ09,Root_TuberAEZ09,1975,CH4_AWB,0.000268494960562175
Europe_Eastern,Root_Tuber,Root_TuberAEZ10,Root_TuberAEZ10,1975,CH4_AWB,0.00224783104271342
Europe_Eastern,Root_Tuber,Root_TuberAEZ16,Root_TuberAEZ16,1975,CH4_AWB,6.08839086427322e-07
Europe_Eastern,SugarCrop,SugarCropAEZ08,SugarCropAEZ08,1975,CH4_AWB,0.000176246339304726
Europe_Eastern,SugarCrop,SugarCropAEZ09,SugarCropAEZ09,1975,CH4_AWB,0.0009175293056488
Europe_Eastern,SugarCrop,SugarCropAEZ10,SugarCropAEZ10,1975,CH4_AWB,0.00227606113024797
Europe_Eastern,SugarCrop,SugarCropAEZ16,SugarCropAEZ16,1975,CH4_AWB,4.78260673249809e-07
Europe_Eastern,Wheat,WheatAEZ08,WheatAEZ08,1975,CH4_AWB,0.000338480994851638
Europe_Eastern,Wheat,WheatAEZ09,WheatAEZ09,1975,CH4_AWB,0.00029051806016827
Europe_Eastern,Wheat,WheatAEZ10,WheatAEZ10,1975,CH4_AWB,0.000823369024788188
Europe_Eastern,Wheat,WheatAEZ16,WheatAEZ16,1975,CH4_AWB,9.5912168933121e-07
Europe_Eastern,Corn,CornAEZ08,CornAEZ08,1975,CO_AWB,0.00295685974076972
Europe_Eastern,Corn,CornAEZ09,CornAEZ09,1975,CO_AWB,0.00636690550581877
Europe_Eastern,Corn,CornAEZ10,CornAEZ10,1975,CO_AWB,0.00669796754239312
Europe_Eastern,Corn,CornAEZ16,CornAEZ16,1975,CO_AWB,5.6974002958651e-06
Europe_Eastern,FiberCrop,FiberCropAEZ08,FiberCropAEZ08,1975,CO_AWB,0
Europe_Eastern,FiberCrop,FiberCropAEZ09,FiberCropAEZ09,1975,CO_AWB,0
Europe_Eastern,FiberCrop,FiberCropAEZ10,FiberCropAEZ10,1975,CO_AWB,0.00105137897385638
Europe_Eastern,FiberCrop,FiberCropAEZ16,FiberCropAEZ16,1975,CO_AWB,0
Europe_Eastern,FodderGrass,FodderGrassAEZ08,FodderGrassAEZ08,1975,CO_AWB,0
Europe_Eastern,FodderGrass,FodderGrassAEZ09,FodderGrassAEZ09,1975,CO_AWB,0
Europe_Eastern,FodderGrass,FodderGrassAEZ10,FodderGrassAEZ10,1975,CO_AWB,0
Europe_Eastern,FodderGrass,FodderGrassAEZ16,FodderGrassAEZ16,1975,CO_AWB,0
Europe_Eastern,FodderHerb,FodderHerbAEZ08,FodderHerbAEZ08,1975,CO_AWB,0.0749237440260296
Europe_Eastern,FodderHerb,FodderHerbAEZ09,FodderHerbAEZ09,1975,CO_AWB,0.0800672667494645
Europe_Eastern,FodderHerb,FodderHerbAEZ10,FodderHerbAEZ10,1975,CO_AWB,0.175840227285262
Europe_Eastern,FodderHerb,FodderHerbAEZ16,FodderHerbAEZ16,1975,CO_AWB,5.35076755241938e-05
Europe_Eastern,MiscCrop,MiscCropAEZ08,MiscCropAEZ08,1975,CO_AWB,0.0152734212954327
Europe_Eastern,MiscCrop,MiscCropAEZ09,MiscCropAEZ09,1975,CO_AWB,0.0136277486484428
Europe_Eastern,MiscCrop,MiscCropAEZ10,MiscCropAEZ10,1975,CO_AWB,0.0215112116869324
Europe_Eastern,MiscCrop,MiscCropAEZ16,MiscCropAEZ16,1975,CO_AWB,5.65391047397493e-07
Europe_Eastern,OilCrop,OilCropAEZ08,OilCropAEZ08,1975,CO_AWB,0.00358543589186066
Europe_Eastern,OilCrop,OilCropAEZ09,OilCropAEZ09,1975,CO_AWB,0.0037990173125961
Europe_Eastern,OilCrop,OilCropAEZ10,OilCropAEZ10,1975,CO_AWB,0.00169542843706071
Europe_Eastern,OilCrop,OilCropAEZ16,OilCropAEZ16,1975,CO_AWB,0
Europe_Eastern,OtherGrain,OtherGrainAEZ08,OtherGrainAEZ08,1975,CO_AWB,0.00784978187641098
Europe_Eastern,OtherGrain,OtherGrainAEZ09,OtherGrainAEZ09,1975,CO_AWB,0.012233878379014
Europe_Eastern,OtherGrain,OtherGrainAEZ10,OtherGrainAEZ10,1975,CO_AWB,0.0357488131473075
Europe_Eastern,OtherGrain,OtherGrainAEZ16,OtherGrainAEZ16,1975,CO_AWB,7.74358415091276e-06
Europe_Eastern,PalmFruit,PalmFruitAEZ08,PalmFruitAEZ08,1975,CO_AWB,0
Europe_Eastern,PalmFruit,PalmFruitAEZ09,PalmFruitAEZ09,1975,CO_AWB,0
Europe_Eastern,PalmFruit,PalmFruitAEZ10,PalmFruitAEZ10,1975,CO_AWB,0
Europe_Eastern,PalmFruit,PalmFruitAEZ16,PalmFruitAEZ16,1975,CO_AWB,0
Europe_Eastern,Rice,RiceAEZ08,RiceAEZ08,1975,CO_AWB,0.000279502590753793
Europe_Eastern,Rice,RiceAEZ09,RiceAEZ09,1975,CO_AWB,0
Europe_Eastern,Rice,RiceAEZ10,RiceAEZ10,1975,CO_AWB,0
Europe_Eastern,Rice,RiceAEZ16,RiceAEZ16,1975,CO_AWB,0
Europe_Eastern,Root_Tuber,Root_TuberAEZ08,Root_TuberAEZ08,1975,CO_AWB,0.00470968158952075
Europe_Eastern,Root_Tuber,Root_TuberAEZ09,Root_TuberAEZ09,1975,CO_AWB,0.0115441640842853
Europe_Eastern,Root_Tuber,Root_TuberAEZ10,Root_TuberAEZ10,1975,CO_AWB,0.0966473647643184
Europe_Eastern,Root_Tuber,Root_TuberAEZ16,Root_TuberAEZ16,1975,CO_AWB,2.61775427737153e-05
Europe_Eastern,SugarCrop,SugarCropAEZ08,SugarCropAEZ08,1975,CO_AWB,0.0075778579081272
Europe_Eastern,SugarCrop,SugarCropAEZ09,SugarCropAEZ09,1975,CO_AWB,0.0394499354266177
Europe_Eastern,SugarCrop,SugarCropAEZ10,SugarCropAEZ10,1975,CO_AWB,0.0978611408513265
Europe_Eastern,SugarCrop,SugarCropAEZ16,SugarCropAEZ16,1975,CO_AWB,2.05632153225387e-05
Europe_Eastern,Wheat,WheatAEZ08,WheatAEZ08,1975,CO_AWB,0.0145532718223014
Europe_Eastern,Wheat,WheatAEZ09,WheatAEZ09,1975,CO_AWB,0.0124910655641678
Europe_Eastern,Wheat,WheatAEZ10,WheatAEZ10,1975,CO_AWB,0.035401435856267
Europe_Eastern,Wheat,WheatAEZ16,WheatAEZ16,1975,CO_AWB,4.12382345473199e-05
Europe_Eastern,Corn,CornAEZ08,CornAEZ08,1975,N2O_AWB,1.78754411423749e-06
Europe_Eastern,Corn,CornAEZ09,CornAEZ09,1975,N2O_AWB,3.84905794005296e-06
Europe_Eastern,Corn,CornAEZ10,CornAEZ10,1975,N2O_AWB,4.04919864566922e-06
Europe_Eastern,Corn,CornAEZ16,CornAEZ16,1975,N2O_AWB,3.44431432607536e-09
Europe_Eastern,FiberCrop,FiberCropAEZ08,FiberCropAEZ08,1975,N2O_AWB,0
Europe_Eastern,FiberCrop,FiberCropAEZ09,FiberCropAEZ09,1975,N2O_AWB,0
Europe_Eastern,FiberCrop,FiberCropAEZ10,FiberCropAEZ10,1975,N2O_AWB,6.35602112145093e-07
Europe_Eastern,FiberCrop,FiberCropAEZ16,FiberCropAEZ16,1975,N2O_AWB,0
Europe_Eastern,FodderGrass,FodderGrassAEZ08,FodderGrassAEZ08,1975,N2O_AWB,0
Europe_Eastern,FodderGrass,FodderGrassAEZ09,FodderGrassAEZ09,1975,N2O_AWB,0
Europe_Eastern,FodderGrass,FodderGrassAEZ10,FodderGrassAEZ10,1975,N2O_AWB,0
Europe_Eastern,FodderGrass,FodderGrassAEZ16,FodderGrassAEZ16,1975,N2O_AWB,0
Europe_Eastern,FodderHerb,FodderHerbAEZ08,FodderHerbAEZ08,1975,N2O_AWB,4.5294504776037e-05
Europe_Eastern,FodderHerb,FodderHerbAEZ09,FodderHerbAEZ09,1975,N2O_AWB,4.84039771814915e-05
Europe_Eastern,FodderHerb,FodderHerbAEZ10,FodderHerbAEZ10,1975,N2O_AWB,0.000106302696403222
Europe_Eastern,FodderHerb,FodderHerbAEZ16,FodderHerbAEZ16,1975,N2O_AWB,3.23476048359682e-08
Europe_Eastern,MiscCrop,MiscCropAEZ08,MiscCropAEZ08,1975,N2O_AWB,9.23341542531643e-06
Europe_Eastern,MiscCrop,MiscCropAEZ09,MiscCropAEZ09,1975,N2O_AWB,8.23853818662721e-06
Europe_Eastern,MiscCrop,MiscCropAEZ10,MiscCropAEZ10,1975,N2O_AWB,1.30044179339677e-05
Europe_Eastern,MiscCrop,MiscCropAEZ16,MiscCropAEZ16,1975,N2O_AWB,3.41802292845608e-10
Europe_Eastern,OilCrop,OilCropAEZ08,OilCropAEZ08,1975,N2O_AWB,2.16754441785019e-06
Europe_Eastern,OilCrop,OilCropAEZ09,OilCropAEZ09,1975,N2O_AWB,2.29666322801288e-06
Europe_Eastern,OilCrop,OilCropAEZ10,OilCropAEZ10,1975,N2O_AWB,1.02495667345716e-06
Europe_Eastern,OilCrop,OilCropAEZ16,OilCropAEZ16,1975,N2O_AWB,0
Europe_Eastern,OtherGrain,OtherGrainAEZ08,OtherGrainAEZ08,1975,N2O_AWB,4.74551809061253e-06
Europe_Eastern,OtherGrain,OtherGrainAEZ09,OtherGrainAEZ09,1975,N2O_AWB,7.39588590868061e-06
Europe_Eastern,OtherGrain,OtherGrainAEZ10,OtherGrainAEZ10,1975,N2O_AWB,2.16116373906225e-05
Europe_Eastern,OtherGrain,OtherGrainAEZ16,OtherGrainAEZ16,1975,N2O_AWB,4.68131716943176e-09
Europe_Eastern,PalmFruit,PalmFruitAEZ08,PalmFruitAEZ08,1975,N2O_AWB,0
Europe_Eastern,PalmFruit,PalmFruitAEZ09,PalmFruitAEZ09,1975,N2O_AWB,0
Europe_Eastern,PalmFruit,PalmFruitAEZ10,PalmFruitAEZ10,1975,N2O_AWB,0
Europe_Eastern,PalmFruit,PalmFruitAEZ16,PalmFruitAEZ16,1975,N2O_AWB,0
Europe_Eastern,Rice,RiceAEZ08,RiceAEZ08,1975,N2O_AWB,1.68970886284248e-07
Europe_Eastern,Rice,RiceAEZ09,RiceAEZ09,1975,N2O_AWB,0
Europe_Eastern,Rice,RiceAEZ10,RiceAEZ10,1975,N2O_AWB,0
Europe_Eastern,Rice,RiceAEZ16,RiceAEZ16,1975,N2O_AWB,0
Europe_Eastern,Root_Tuber,Root_TuberAEZ08,Root_TuberAEZ08,1975,N2O_AWB,2.84719748089537e-06
Europe_Eastern,Root_Tuber,Root_TuberAEZ09,Root_TuberAEZ09,1975,N2O_AWB,6.97892506638957e-06
Europe_Eastern,Root_Tuber,Root_TuberAEZ10,Root_TuberAEZ10,1975,N2O_AWB,5.84273327743468e-05
Europe_Eastern,Root_Tuber,Root_TuberAEZ16,Root_TuberAEZ16,1975,N2O_AWB,1.58254082414386e-08
Europe_Eastern,SugarCrop,SugarCropAEZ08,SugarCropAEZ08,1975,N2O_AWB,4.58112879533293e-06
Europe_Eastern,SugarCrop,SugarCropAEZ09,SugarCropAEZ09,1975,N2O_AWB,2.38491190185918e-05
Europe_Eastern,SugarCrop,SugarCropAEZ10,SugarCropAEZ10,1975,N2O_AWB,5.91611106639158e-05
Europe_Eastern,SugarCrop,SugarCropAEZ16,SugarCropAEZ16,1975,N2O_AWB,1.24313148888265e-08
Europe_Eastern,Wheat,WheatAEZ08,WheatAEZ08,1975,N2O_AWB,8.79805525779899e-06
Europe_Eastern,Wheat,WheatAEZ09,WheatAEZ09,1975,N2O_AWB,7.55136620852037e-06
Europe_Eastern,Wheat,WheatAEZ10,WheatAEZ10,1975,N2O_AWB,2.1401633438302e-05
Europe_Eastern,Wheat,WheatAEZ16,WheatAEZ16,1975,N2O_AWB,2.49302198647466e-08
Europe_Eastern,Corn,CornAEZ08,CornAEZ08,1975,NH3_AWB,3.31595279769187e-05
Europe_Eastern,Corn,CornAEZ09,CornAEZ09,1975,NH3_AWB,7.14012837117653e-05
Europe_Eastern,Corn,CornAEZ10,CornAEZ10,1975,NH3_AWB,7.51139592616124e-05
Europe_Eastern,Corn,CornAEZ16,CornAEZ16,1975,NH3_AWB,6.38931572916828e-08
Europe_Eastern,FiberCrop,FiberCropAEZ08,FiberCropAEZ08,1975,NH3_AWB,0
Europe_Eastern,FiberCrop,FiberCropAEZ09,FiberCropAEZ09,1975,NH3_AWB,0
Europe_Eastern,FiberCrop,FiberCropAEZ10,FiberCropAEZ10,1975,NH3_AWB,1.17906270687223e-05
Europe_Eastern,FiberCrop,FiberCropAEZ16,FiberCropAEZ16,1975,NH3_AWB,0
Europe_Eastern,FodderGrass,FodderGrassAEZ08,FodderGrassAEZ08,1975,NH3_AWB,0
Europe_Eastern,FodderGrass,FodderGrassAEZ09,FodderGrassAEZ09,1975,NH3_AWB,0
Europe_Eastern,FodderGrass,FodderGrassAEZ10,FodderGrassAEZ10,1975,NH3_AWB,0
Europe_Eastern,FodderGrass,FodderGrassAEZ16,FodderGrassAEZ16,1975,NH3_AWB,0
Europe_Eastern,FodderHerb,FodderHerbAEZ08,FodderHerbAEZ08,1975,NH3_AWB,0.000840227878215112
Europe_Eastern,FodderHerb,FodderHerbAEZ09,FodderHerbAEZ09,1975,NH3_AWB,0.000897909608361452
Europe_Eastern,FodderHerb,FodderHerbAEZ10,FodderHerbAEZ10,1975,NH3_AWB,0.00197194978704521
Europe_Eastern,FodderHerb,FodderHerbAEZ16,FodderHerbAEZ16,1975,NH3_AWB,6.00058649742553e-07
Europe_Eastern,MiscCrop,MiscCropAEZ08,MiscCropAEZ08,1975,NH3_AWB,0.000171282876142555
Europe_Eastern,MiscCrop,MiscCropAEZ09,MiscCropAEZ09,1975,NH3_AWB,0.000152827577967166
Europe_Eastern,MiscCrop,MiscCropAEZ10,MiscCropAEZ10,1975,NH3_AWB,0.000241236206071976
Europe_Eastern,MiscCrop,MiscCropAEZ16,MiscCropAEZ16,1975,NH3_AWB,6.3405443266633e-09
Europe_Eastern,OilCrop,OilCropAEZ08,OilCropAEZ08,1975,NH3_AWB,4.02086578968581e-05
Europe_Eastern,OilCrop,OilCropAEZ09,OilCropAEZ09,1975,NH3_AWB,4.26038540566811e-05
Europe_Eastern,OilCrop,OilCropAEZ10,OilCropAEZ10,1975,NH3_AWB,1.90132815285122e-05
Europe_Eastern,OilCrop,OilCropAEZ16,OilCropAEZ16,1975,NH3_AWB,0
Europe_Eastern,OtherGrain,OtherGrainAEZ08,OtherGrainAEZ08,1975,NH3_AWB,8.80309127127553e-05
Europe_Eastern,OtherGrain,OtherGrainAEZ09,OtherGrainAEZ09,1975,NH3_AWB,0.00013719610260226
Europe_Eastern,OtherGrain,OtherGrainAEZ10,OtherGrainAEZ10,1975,NH3_AWB,0.000400902942183927
Europe_Eastern,OtherGrain,OtherGrainAEZ16,OtherGrainAEZ16,1975,NH3_AWB,8.68399646264499e-08
Europe_Eastern,PalmFruit,PalmFruitAEZ08,PalmFruitAEZ08,1975,NH3_AWB,0
Europe_Eastern,PalmFruit,PalmFruitAEZ09,PalmFruitAEZ09,1975,NH3_AWB,0
Europe_Eastern,PalmFruit,PalmFruitAEZ10,PalmFruitAEZ10,1975,NH3_AWB,0
Europe_Eastern,PalmFruit,PalmFruitAEZ16,PalmFruitAEZ16,1975,NH3_AWB,0
Europe_Eastern,Rice,RiceAEZ08,RiceAEZ08,1975,NH3_AWB,3.13446520642504e-06
Europe_Eastern,Rice,RiceAEZ09,RiceAEZ09,1975,NH3_AWB,0
Europe_Eastern,Rice,RiceAEZ10,RiceAEZ10,1975,NH3_AWB,0
Europe_Eastern,Rice,RiceAEZ16,RiceAEZ16,1975,NH3_AWB,0
Europe_Eastern,Root_Tuber,Root_TuberAEZ08,Root_TuberAEZ08,1975,NH3_AWB,5.28164445126635e-05
Europe_Eastern,Root_Tuber,Root_TuberAEZ09,Root_TuberAEZ09,1975,NH3_AWB,0.000129461342601035
Europe_Eastern,Root_Tuber,Root_TuberAEZ10,Root_TuberAEZ10,1975,NH3_AWB,0.00108384613298013
Europe_Eastern,Root_Tuber,Root_TuberAEZ16,Root_TuberAEZ16,1975,NH3_AWB,2.93566498945951e-07
Europe_Eastern,SugarCrop,SugarCropAEZ08,SugarCropAEZ08,1975,NH3_AWB,8.49814375179822e-05
Europe_Eastern,SugarCrop,SugarCropAEZ09,SugarCropAEZ09,1975,NH3_AWB,0.000442408958203082
Europe_Eastern,SugarCrop,SugarCropAEZ10,SugarCropAEZ10,1975,NH3_AWB,0.00109745795283073
Europe_Eastern,SugarCrop,SugarCropAEZ16,SugarCropAEZ16,1975,NH3_AWB,2.30604957137948e-07
Europe_Eastern,Wheat,WheatAEZ08,WheatAEZ08,1975,NH3_AWB,0.000163206802640453
Europe_Eastern,Wheat,WheatAEZ09,WheatAEZ09,1975,NH3_AWB,0.000140080313017731
Europe_Eastern,Wheat,WheatAEZ10,WheatAEZ10,1975,NH3_AWB,0.000397007300181711
Europe_Eastern,Wheat,WheatAEZ16,WheatAEZ16,1975,NH3_AWB,4.62463732498391e-07
Europe_Eastern,Corn,CornAEZ08,CornAEZ08,1975,NMVOC_AWB,0.000178754411423749
Europe_Eastern,Corn,CornAEZ09,CornAEZ09,1975,NMVOC_AWB,0.000384905794005296
Europe_Eastern,Corn,CornAEZ10,CornAEZ10,1975,NMVOC_AWB,0.000404919864566922
Europe_Eastern,Corn,CornAEZ16,CornAEZ16,1975,NMVOC_AWB,3.44431432607536e-07
Europe_Eastern,FiberCrop,FiberCropAEZ08,FiberCropAEZ08,1975,NMVOC_AWB,0
Europe_Eastern,FiberCrop,FiberCropAEZ09,FiberCropAEZ09,1975,NMVOC_AWB,0
Europe_Eastern,FiberCrop,FiberCropAEZ10,FiberCropAEZ10,1975,NMVOC_AWB,6.35602112145093e-05
Europe_Eastern,FiberCrop,FiberCropAEZ16,FiberCropAEZ16,1975,NMVOC_AWB,0
Europe_Eastern,FodderGrass,FodderGrassAEZ08,FodderGrassAEZ08,1975,NMVOC_AWB,0
Europe_Eastern,FodderGrass,FodderGrassAEZ09,FodderGrassAEZ09,1975,NMVOC_AWB,0
Europe_Eastern,FodderGrass,FodderGrassAEZ10,FodderGrassAEZ10,1975,NMVOC_AWB,0
Europe_Eastern,FodderGrass,FodderGrassAEZ16,FodderGrassAEZ16,1975,NMVOC_AWB,0
Europe_Eastern,FodderHerb,FodderHerbAEZ08,FodderHerbAEZ08,1975,NMVOC_AWB,0.0045294504776037
Europe_Eastern,FodderHerb,FodderHerbAEZ09,FodderHerbAEZ09,1975,NMVOC_AWB,0.00484039771814915
Europe_Eastern,FodderHerb,FodderHerbAEZ10,FodderHerbAEZ10,1975,NMVOC_AWB,0.0106302696403222
Europe_Eastern,FodderHerb,FodderHerbAEZ16,FodderHerbAEZ16,1975,NMVOC_AWB,3.23476048359682e-06
Europe_Eastern,MiscCrop,MiscCropAEZ08,MiscCropAEZ08,1975,NMVOC_AWB,0.000923341542531643
Europe_Eastern,MiscCrop,MiscCropAEZ09,MiscCropAEZ09,1975,NMVOC_AWB,0.000823853818662721
Europe_Eastern,MiscCrop,MiscCropAEZ10,MiscCropAEZ10,1975,NMVOC_AWB,0.00130044179339677
Europe_Eastern,MiscCrop,MiscCropAEZ16,MiscCropAEZ16,1975,NMVOC_AWB,3.41802292845608e-08
Europe_Eastern,OilCrop,OilCropAEZ08,OilCropAEZ08,1975,NMVOC_AWB,0.000216754441785019
Europe_Eastern,OilCrop,OilCropAEZ09,OilCropAEZ09,1975,NMVOC_AWB,0.000229666322801288
Europe_Eastern,OilCrop,OilCropAEZ10,OilCropAEZ10,1975,NMVOC_AWB,0.000102495667345716
Europe_Eastern,OilCrop,OilCropAEZ16,OilCropAEZ16,1975,NMVOC_AWB,0
Europe_Eastern,OtherGrain,OtherGrainAEZ08,OtherGrainAEZ08,1975,NMVOC_AWB,0.000474551809061253
Europe_Eastern,OtherGrain,OtherGrainAEZ09,OtherGrainAEZ09,1975,NMVOC_AWB,0.000739588590868061
Europe_Eastern,OtherGrain,OtherGrainAEZ10,OtherGrainAEZ10,1975,NMVOC_AWB,0.00216116373906225
Europe_Eastern,OtherGrain,OtherGrainAEZ16,OtherGrainAEZ16,1975,NMVOC_AWB,4.68131716943176e-07
Europe_Eastern,PalmFruit,PalmFruitAEZ08,PalmFruitAEZ08,1975,NMVOC_AWB,0
Europe_Eastern,PalmFruit,PalmFruitAEZ09,PalmFruitAEZ09,1975,NMVOC_AWB,0
Europe_Eastern,PalmFruit,PalmFruitAEZ10,PalmFruitAEZ10,1975,NMVOC_AWB,0
Europe_Eastern,PalmFruit,PalmFruitAEZ16,PalmFruitAEZ16,1975,NMVOC_AWB,0
Europe_Eastern,Rice,RiceAEZ08,RiceAEZ08,1975,NMVOC_AWB,1.68970886284248e-05
Europe_Eastern,Rice,RiceAEZ09,RiceAEZ09,1975,NMVOC_AWB,0
Europe_Eastern,Rice,RiceAEZ10,RiceAEZ10,1975,NMVOC_AWB,0
Europe_Eastern,Rice,RiceAEZ16,RiceAEZ16,1975,NMVOC_AWB,0
Europe_Eastern,Root_Tuber,Root_TuberAEZ08,Root_TuberAEZ08,1975,NMVOC_AWB,0.000284719748089537
Europe_Eastern,Root_Tuber,Root_TuberAEZ09,Root_TuberAEZ09,1975,NMVOC_AWB,0.000697892506638957
Europe_Eastern,Root_Tuber,Root_TuberAEZ10,Root_TuberAEZ10,1975,NMVOC_AWB,0.00584273327743468
Europe_Eastern,Root_Tuber,Root_TuberAEZ16,Root_TuberAEZ16,1975,NMVOC_AWB,1.58254082414386e-06
Europe_Eastern,SugarCrop,SugarCropAEZ08,SugarCropAEZ08,1975,NMVOC_AWB,0.000458112879533293
Europe_Eastern,SugarCrop,SugarCropAEZ09,SugarCropAEZ09,1975,NMVOC_AWB,0.00238491190185918
Europe_Eastern,SugarCrop,SugarCropAEZ10,SugarCropAEZ10,1975,NMVOC_AWB,0.00591611106639158
Europe_Eastern,SugarCrop,SugarCropAEZ16,SugarCropAEZ16,1975,NMVOC_AWB,1.24313148888265e-06
Europe_Eastern,Wheat,WheatAEZ08,WheatAEZ08,1975,NMVOC_AWB,0.000879805525779899
Europe_Eastern,Wheat,WheatAEZ09,WheatAEZ09,1975,NMVOC_AWB,0.000755136620852037
Europe_Eastern,Wheat,WheatAEZ10,WheatAEZ10,1975,NMVOC_AWB,0.0021401633438302
Europe_Eastern,Wheat,WheatAEZ16,WheatAEZ16,1975,NMVOC_AWB,2.49302198647466e-06
Europe_Eastern,Corn,CornAEZ08,CornAEZ08,1975,NOx_AWB,9.70154771432544e-05
Europe_Eastern,Corn,CornAEZ09,CornAEZ09,1975,NOx_AWB,0.000208900127069344
Europe_Eastern,Corn,CornAEZ10,CornAEZ10,1975,NOx_AWB,0.000219762374270125
Europe_Eastern,Corn,CornAEZ16,CornAEZ16,1975,NOx_AWB,1.86933455299975e-07
Europe_Eastern,FiberCrop,FiberCropAEZ08,FiberCropAEZ08,1975,NOx_AWB,0
Europe_Eastern,FiberCrop,FiberCropAEZ09,FiberCropAEZ09,1975,NOx_AWB,0
Europe_Eastern,FiberCrop,FiberCropAEZ10,FiberCropAEZ10,1975,NOx_AWB,3.44960673652074e-05
Europe_Eastern,FiberCrop,FiberCropAEZ16,FiberCropAEZ16,1975,NOx_AWB,0
Europe_Eastern,FodderGrass,FodderGrassAEZ08,FodderGrassAEZ08,1975,NOx_AWB,0
Europe_Eastern,FodderGrass,FodderGrassAEZ09,FodderGrassAEZ09,1975,NOx_AWB,0
Europe_Eastern,FodderGrass,FodderGrassAEZ10,FodderGrassAEZ10,1975,NOx_AWB,0
Europe_Eastern,FodderGrass,FodderGrassAEZ16,FodderGrassAEZ16,1975,NOx_AWB,0
Europe_Eastern,FodderHerb,FodderHerbAEZ08,FodderHerbAEZ08,1975,NOx_AWB,0.00245827107583809
Europe_Eastern,FodderHerb,FodderHerbAEZ09,FodderHerbAEZ09,1975,NOx_AWB,0.00262703163770408
Europe_Eastern,FodderHerb,FodderHerbAEZ10,FodderHerbAEZ10,1975,NOx_AWB,0.00576937191705185
Europe_Eastern,FodderHerb,FodderHerbAEZ16,FodderHerbAEZ16,1975,NOx_AWB,1.7556032841973e-06
Europe_Eastern,MiscCrop,MiscCropAEZ08,MiscCropAEZ08,1975,NOx_AWB,0.000501125648320613
Europe_Eastern,MiscCrop,MiscCropAEZ09,MiscCropAEZ09,1975,NOx_AWB,0.00044713062283193
Europe_Eastern,MiscCrop,MiscCropAEZ10,MiscCropAEZ10,1975,NOx_AWB,0.000705789468794362
Europe_Eastern,MiscCrop,MiscCropAEZ16,MiscCropAEZ16,1975,NOx_AWB,1.8550654087337e-08
Europe_Eastern,OilCrop,OilCropAEZ08,OilCropAEZ08,1975,NOx_AWB,0.000117639253908223
Europe_Eastern,OilCrop,OilCropAEZ09,OilCropAEZ09,1975,NOx_AWB,0.000124646925985421
Europe_Eastern,OilCrop,OilCropAEZ10,OilCropAEZ10,1975,NOx_AWB,5.56275282576877e-05
Europe_Eastern,OilCrop,OilCropAEZ16,OilCropAEZ16,1975,NOx_AWB,0
Europe_Eastern,OtherGrain,OtherGrainAEZ08,OtherGrainAEZ08,1975,NOx_AWB,0.000257553756679794
Europe_Eastern,OtherGrain,OtherGrainAEZ09,OtherGrainAEZ09,1975,NOx_AWB,0.000401397310764434
Europe_Eastern,OtherGrain,OtherGrainAEZ10,OtherGrainAEZ10,1975,NOx_AWB,0.00117292954987721
Europe_Eastern,OtherGrain,OtherGrainAEZ16,OtherGrainAEZ16,1975,NOx_AWB,2.54069376657069e-07
Europe_Eastern,PalmFruit,PalmFruitAEZ08,PalmFruitAEZ08,1975,NOx_AWB,0
Europe_Eastern,PalmFruit,PalmFruitAEZ09,PalmFruitAEZ09,1975,NOx_AWB,0
Europe_Eastern,PalmFruit,PalmFruitAEZ10,PalmFruitAEZ10,1975,NOx_AWB,0
Europe_Eastern,PalmFruit,PalmFruitAEZ16,PalmFruitAEZ16,1975,NOx_AWB,0
Europe_Eastern,Rice,RiceAEZ08,RiceAEZ08,1975,NOx_AWB,9.17056593211832e-06
Europe_Eastern,Rice,RiceAEZ09,RiceAEZ09,1975,NOx_AWB,0
Europe_Eastern,Rice,RiceAEZ10,RiceAEZ10,1975,NOx_AWB,0
Europe_Eastern,Rice,RiceAEZ16,RiceAEZ16,1975,NOx_AWB,0
Europe_Eastern,Root_Tuber,Root_TuberAEZ08,Root_TuberAEZ08,1975,NOx_AWB,0.00015452610088337
Europe_Eastern,Root_Tuber,Root_TuberAEZ09,Root_TuberAEZ09,1975,NOx_AWB,0.000378767572710571
Europe_Eastern,Root_Tuber,Root_TuberAEZ10,Root_TuberAEZ10,1975,NOx_AWB,0.0031710297509099
Europe_Eastern,Root_Tuber,Root_TuberAEZ16,Root_TuberAEZ16,1975,NOx_AWB,8.58893226355349e-07
Europe_Eastern,SugarCrop,SugarCropAEZ08,SugarCropAEZ08,1975,NOx_AWB,0.000248631847680867
Europe_Eastern,SugarCrop,SugarCropAEZ09,SugarCropAEZ09,1975,NOx_AWB,0.00129436450972395
Europe_Eastern,SugarCrop,SugarCropAEZ10,SugarCropAEZ10,1975,NOx_AWB,0.00321085411748452
Europe_Eastern,SugarCrop,SugarCropAEZ16,SugarCropAEZ16,1975,NOx_AWB,6.74685416629284e-07
Europe_Eastern,Wheat,WheatAEZ08,WheatAEZ08,1975,NOx_AWB,0.000477497322706457
Europe_Eastern,Wheat,WheatAEZ09,WheatAEZ09,1975,NOx_AWB,0.000409835701378232
Europe_Eastern,Wheat,WheatAEZ10,WheatAEZ10,1975,NOx_AWB,0.00116153199416149
Europe_Eastern,Wheat,WheatAEZ16,WheatAEZ16,1975,NOx_AWB,1.35303915366382e-06
Europe_Eastern,Corn,CornAEZ08,CornAEZ08,1975,SO2_AWB,1.43373183756419e-05
Europe_Eastern,Corn,CornAEZ09,CornAEZ09,1975,SO2_AWB,3.08720599918576e-05
Europe_Eastern,Corn,CornAEZ10,CornAEZ10,1975,SO2_AWB,3.24773244401534e-05
Europe_Eastern,Corn,CornAEZ16,CornAEZ16,1975,SO2_AWB,2.76257411973252e-08
Europe_Eastern,FiberCrop,FiberCropAEZ08,FiberCropAEZ08,1975,SO2_AWB,0
Europe_Eastern,FiberCrop,FiberCropAEZ09,FiberCropAEZ09,1975,SO2_AWB,0
Europe_Eastern,FiberCrop,FiberCropAEZ10,FiberCropAEZ10,1975,SO2_AWB,5.09796081085355e-06
Europe_Eastern,FiberCrop,FiberCropAEZ16,FiberCropAEZ16,1975,SO2_AWB,0
Europe_Eastern,FodderGrass,FodderGrassAEZ08,FodderGrassAEZ08,1975,SO2_AWB,0
Europe_Eastern,FodderGrass,FodderGrassAEZ09,FodderGrassAEZ09,1975,SO2_AWB,0
Europe_Eastern,FodderGrass,FodderGrassAEZ10,FodderGrassAEZ10,1975,SO2_AWB,0
Europe_Eastern,FodderGrass,FodderGrassAEZ16,FodderGrassAEZ16,1975,SO2_AWB,0
Europe_Eastern,FodderHerb,FodderHerbAEZ08,FodderHerbAEZ08,1975,SO2_AWB,0.000363292704481361
Europe_Eastern,FodderHerb,FodderHerbAEZ09,FodderHerbAEZ09,1975,SO2_AWB,0.000388232785960855
Europe_Eastern,FodderHerb,FodderHerbAEZ10,FodderHerbAEZ10,1975,SO2_AWB,0.000852619854460112
Europe_Eastern,FodderHerb,FodderHerbAEZ16,FodderHerbAEZ16,1975,SO2_AWB,2.59449769954663e-07
Europe_Eastern,MiscCrop,MiscCropAEZ08,MiscCropAEZ08,1975,SO2_AWB,7.40582655235867e-05
Europe_Eastern,MiscCrop,MiscCropAEZ09,MiscCropAEZ09,1975,SO2_AWB,6.60786740818105e-05
Europe_Eastern,MiscCrop,MiscCropAEZ10,MiscCropAEZ10,1975,SO2_AWB,0.000104304267919416
Europe_Eastern,MiscCrop,MiscCropAEZ16,MiscCropAEZ16,1975,SO2_AWB,2.74148663242489e-09
Europe_Eastern,OilCrop,OilCropAEZ08,OilCropAEZ08,1975,SO2_AWB,1.73851790087541e-05
Europe_Eastern,OilCrop,OilCropAEZ09,OilCropAEZ09,1975,SO2_AWB,1.84207995983898e-05
Europe_Eastern,OilCrop,OilCropAEZ10,OilCropAEZ10,1975,SO2_AWB,8.22084894663573e-06
Europe_Eastern,OilCrop,OilCropAEZ16,OilCropAEZ16,1975,SO2_AWB,0
Europe_Eastern,OtherGrain,OtherGrainAEZ08,OtherGrainAEZ08,1975,SO2_AWB,3.80622795155481e-05
Europe_Eastern,OtherGrain,OtherGrainAEZ09,OtherGrainAEZ09,1975,SO2_AWB,5.93200302572167e-05
Europe_Eastern,OtherGrain,OtherGrainAEZ10,OtherGrainAEZ10,1975,SO2_AWB,0.000173340016294063
Europe_Eastern,OtherGrain,OtherGrainAEZ16,OtherGrainAEZ16,1975,SO2_AWB,3.75473445051912e-08
Europe_Eastern,PalmFruit,PalmFruitAEZ08,PalmFruitAEZ08,1975,SO2_AWB,0
Europe_Eastern,PalmFruit,PalmFruitAEZ09,PalmFruitAEZ09,1975,SO2_AWB,0
Europe_Eastern,PalmFruit,PalmFruitAEZ10,PalmFruitAEZ10,1975,SO2_AWB,0
Europe_Eastern,PalmFruit,PalmFruitAEZ16,PalmFruitAEZ16,1975,SO2_AWB,0
Europe_Eastern,Rice,RiceAEZ08,RiceAEZ08,1975,SO2_AWB,1.35526131835077e-06
Europe_Eastern,Rice,RiceAEZ09,RiceAEZ09,1975,SO2_AWB,0
Europe_Eastern,Rice,RiceAEZ10,RiceAEZ10,1975,SO2_AWB,0
Europe_Eastern,Rice,RiceAEZ16,RiceAEZ16,1975,SO2_AWB,0
Europe_Eastern,Root_Tuber,Root_TuberAEZ08,Root_TuberAEZ08,1975,SO2_AWB,2.28364583770485e-05
Europe_Eastern,Root_Tuber,Root_TuberAEZ09,Root_TuberAEZ09,1975,SO2_AWB,5.5975720990392e-05
Europe_Eastern,Root_Tuber,Root_TuberAEZ10,Root_TuberAEZ10,1975,SO2_AWB,0.000468626908367361
Europe_Eastern,Root_Tuber,Root_TuberAEZ16,Root_TuberAEZ16,1975,SO2_AWB,1.26930526958658e-07
Europe_Eastern,SugarCrop,SugarCropAEZ08,SugarCropAEZ08,1975,SO2_AWB,3.67437656701001e-05
Europe_Eastern,SugarCrop,SugarCropAEZ09,SugarCropAEZ09,1975,SO2_AWB,0.000191286139248085
Europe_Eastern,SugarCrop,SugarCropAEZ10,SugarCropAEZ10,1975,SO2_AWB,0.000474512305620477
Europe_Eastern,SugarCrop,SugarCropAEZ16,SugarCropAEZ16,1975,SO2_AWB,9.97075920920648e-08
Europe_Eastern,Wheat,WheatAEZ08,WheatAEZ08,1975,SO2_AWB,7.05663811666891e-05
Europe_Eastern,Wheat,WheatAEZ09,WheatAEZ09,1975,SO2_AWB,6.05670879058576e-05
Europe_Eastern,Wheat,WheatAEZ10,WheatAEZ10,1975,SO2_AWB,0.000171655641905436
Europe_Eastern,Wheat,WheatAEZ16,WheatAEZ16,1975,SO2_AWB,1.99957302607938e-07
Europe_Non_EU,Corn,CornAEZ07,CornAEZ07,1975,CH4_AWB,1.12513659589243e-08
Europe_Non_EU,Corn,CornAEZ08,CornAEZ08,1975,CH4_AWB,6.13365402409266e-05
Europe_Non_EU,Corn,CornAEZ09,CornAEZ09,1975,CH4_AWB,0.000299888001302039
Europe_Non_EU,Corn,CornAEZ10,CornAEZ10,1975,CH4_AWB,0.00173573810025388
Europe_Non_EU,Corn,CornAEZ11,CornAEZ11,1975,CH4_AWB,0.00100017723784772
Europe_Non_EU,Corn,CornAEZ12,CornAEZ12,1975,CH4_AWB,4.43194117963518e-05
Europe_Non_EU,Corn,CornAEZ14,CornAEZ14,1975,CH4_AWB,1.35691473464627e-06
Europe_Non_EU,Corn,CornAEZ15,CornAEZ15,1975,CH4_AWB,5.97278761929491e-06
Europe_Non_EU,Corn,CornAEZ16,CornAEZ16,1975,CH4_AWB,9.36423060346371e-06
Europe_Non_EU,FiberCrop,FiberCropAEZ07,FiberCropAEZ07,1975,CH4_AWB,0
Europe_Non_EU,FiberCrop,FiberCropAEZ08,FiberCropAEZ08,1975,CH4_AWB,1.57400568644889e-05
Europe_Non_EU,FiberCrop,FiberCropAEZ09,FiberCropAEZ09,1975,CH4_AWB,0.000263855044190477
Europe_Non_EU,FiberCrop,FiberCropAEZ10,FiberCropAEZ10,1975,CH4_AWB,0.000196024356455175
Europe_Non_EU,FiberCrop,FiberCropAEZ11,FiberCropAEZ11,1975,CH4_AWB,8.61065834833769e-09
Europe_Non_EU,FiberCrop,FiberCropAEZ12,FiberCropAEZ12,1975,CH4_AWB,0
Europe_Non_EU,FiberCrop,FiberCropAEZ14,FiberCropAEZ14,1975,CH4_AWB,0
Europe_Non_EU,FiberCrop,FiberCropAEZ15,FiberCropAEZ15,1975,CH4_AWB,0
Europe_Non_EU,FiberCrop,FiberCropAEZ16,FiberCropAEZ16,1975,CH4_AWB,0
Europe_Non_EU,FodderGrass,FodderGrassAEZ07,FodderGrassAEZ07,1975,CH4_AWB,0
Europe_Non_EU,FodderGrass,FodderGrassAEZ08,FodderGrassAEZ08,1975,CH4_AWB,0
Europe_Non_EU,FodderGrass,FodderGrassAEZ09,FodderGrassAEZ09,1975,CH4_AWB,0
Europe_Non_EU,FodderGrass,FodderGrassAEZ10,FodderGrassAEZ10,1975,CH4_AWB,0
Europe_Non_EU,FodderGrass,FodderGrassAEZ11,FodderGrassAEZ11,1975,CH4_AWB,0
Europe_Non_EU,FodderGrass,FodderGrassAEZ12,FodderGrassAEZ12,1975,CH4_AWB,0
Europe_Non_EU,FodderGrass,FodderGrassAEZ14,FodderGrassAEZ14,1975,CH4_AWB,0
Europe_Non_EU,FodderGrass,FodderGrassAEZ15,FodderGrassAEZ15,1975,CH4_AWB,0
Europe_Non_EU,FodderGrass,FodderGrassAEZ16,FodderGrassAEZ16,1975,CH4_AWB,0
Europe_Non_EU,FodderHerb,FodderHerbAEZ07,FodderHerbAEZ07,1975,CH4_AWB,1.44387815586041e-06
Europe_Non_EU,FodderHerb,FodderHerbAEZ08,FodderHerbAEZ08,1975,CH4_AWB,0.000416741409452728
Europe_Non_EU,FodderHerb,FodderHerbAEZ09,FodderHerbAEZ09,1975,CH4_AWB,0.000488188229972124
Europe_Non_EU,FodderHerb,FodderHerbAEZ10,FodderHerbAEZ10,1975,CH4_AWB,0.000766169330037514
Europe_Non_EU,FodderHerb,FodderHerbAEZ11,FodderHerbAEZ11,1975,CH4_AWB,0.000313044133119875
Europe_Non_EU,FodderHerb,FodderHerbAEZ12,FodderHerbAEZ12,1975,CH4_AWB,1.06484970894582e-05
Europe_Non_EU,FodderHerb,FodderHerbAEZ14,FodderHerbAEZ14,1975,CH4_AWB,1.27859799308139e-05
Europe_Non_EU,FodderHerb,FodderHerbAEZ15,FodderHerbAEZ15,1975,CH4_AWB,4.65617136406476e-06
Europe_Non_EU,FodderHerb,FodderHerbAEZ16,FodderHerbAEZ16,1975,CH4_AWB,5.72961621802498e-06
Europe_Non_EU,MiscCrop,MiscCropAEZ07,MiscCropAEZ07,1975,CH4_AWB,7.05169192056765e-06
Europe_Non_EU,MiscCrop,MiscCropAEZ08,MiscCropAEZ08,1975,CH4_AWB,0.00252526194207541
Europe_Non_EU,MiscCrop,MiscCropAEZ09,MiscCropAEZ09,1975,CH4_AWB,0.00257005267120741
Europe_Non_EU,MiscCrop,MiscCropAEZ10,MiscCropAEZ10,1975,CH4_AWB,0.00190567703423264
Europe_Non_EU,MiscCrop,MiscCropAEZ11,MiscCropAEZ11,1975,CH4_AWB,0.000440791165834134
Europe_Non_EU,MiscCrop,MiscCropAEZ12,MiscCropAEZ12,1975,CH4_AWB,1.60882128095102e-05
Europe_Non_EU,MiscCrop,MiscCropAEZ14,MiscCropAEZ14,1975,CH4_AWB,6.17296484424993e-05
Europe_Non_EU,MiscCrop,MiscCropAEZ15,MiscCropAEZ15,1975,CH4_AWB,2.7724089195853e-05
Europe_Non_EU,MiscCrop,MiscCropAEZ16,MiscCropAEZ16,1975,CH4_AWB,5.54839493389182e-06
Europe_Non_EU,OilCrop,OilCropAEZ07,OilCropAEZ07,1975,CH4_AWB,3.57374538122841e-07
Europe_Non_EU,OilCrop,OilCropAEZ08,OilCropAEZ08,1975,CH4_AWB,0.000108262040304917
Europe_Non_EU,OilCrop,OilCropAEZ09,OilCropAEZ09,1975,CH4_AWB,0.000170020307672067
Europe_Non_EU,OilCrop,OilCropAEZ10,OilCropAEZ10,1975,CH4_AWB,0.000221896501522407
Europe_Non_EU,OilCrop,OilCropAEZ11,OilCropAEZ11,1975,CH4_AWB,5.91496460769639e-05
Europe_Non_EU,OilCrop,OilCropAEZ12,OilCropAEZ12,1975,CH4_AWB,2.78450296595875e-06
Europe_Non_EU,OilCrop,OilCropAEZ14,OilCropAEZ14,1975,CH4_AWB,2.9781856474211e-06
Europe_Non_EU,OilCrop,OilCropAEZ15,OilCropAEZ15,1975,CH4_AWB,1.33391449150995e-06
Europe_Non_EU,OilCrop,OilCropAEZ16,OilCropAEZ16,1975,CH4_AWB,8.89856795250106e-07
Europe_Non_EU,OtherGrain,OtherGrainAEZ07,OtherGrainAEZ07,1975,CH4_AWB,5.97475146194459e-06
Europe_Non_EU,OtherGrain,OtherGrainAEZ08,OtherGrainAEZ08,1975,CH4_AWB,0.000993754493659605
Europe_Non_EU,OtherGrain,OtherGrainAEZ09,OtherGrainAEZ09,1975,CH4_AWB,0.000705614693259051
Europe_Non_EU,OtherGrain,OtherGrainAEZ10,OtherGrainAEZ10,1975,CH4_AWB,0.000297610039983036
Europe_Non_EU,OtherGrain,OtherGrainAEZ11,OtherGrainAEZ11,1975,CH4_AWB,8.89310699407638e-05
Europe_Non_EU,OtherGrain,OtherGrainAEZ12,OtherGrainAEZ12,1975,CH4_AWB,3.27309722797155e-06
Europe_Non_EU,OtherGrain,OtherGrainAEZ14,OtherGrainAEZ14,1975,CH4_AWB,1.04241497561872e-05
Europe_Non_EU,OtherGrain,OtherGrainAEZ15,OtherGrainAEZ15,1975,CH4_AWB,6.85799326064949e-06
Europe_Non_EU,OtherGrain,OtherGrainAEZ16,OtherGrainAEZ16,1975,CH4_AWB,8.77823137363131e-07
Europe_Non_EU,PalmFruit,PalmFruitAEZ07,PalmFruitAEZ07,1975,CH4_AWB,0
Europe_Non_EU,PalmFruit,PalmFruitAEZ08,PalmFruitAEZ08,1975,CH4_AWB,0
Europe_Non_EU,PalmFruit,PalmFruitAEZ09,PalmFruitAEZ09,1975,CH4_AWB,0
Europe_Non_EU,PalmFruit,PalmFruitAEZ10,PalmFruitAEZ10,1975,CH4_AWB,0
Europe_Non_EU,PalmFruit,PalmFruitAEZ11,PalmFruitAEZ11,1975,CH4_AWB,0
Europe_Non_EU,PalmFruit,PalmFruitAEZ12,PalmFruitAEZ12,1975,CH4_AWB,0
Europe_Non_EU,PalmFruit,PalmFruitAEZ14,PalmFruitAEZ14,1975,CH4_AWB,0
Europe_Non_EU,PalmFruit,PalmFruitAEZ15,PalmFruitAEZ15,1975,CH4_AWB,0
Europe_Non_EU,PalmFruit,PalmFruitAEZ16,PalmFruitAEZ16,1975,CH4_AWB,0
Europe_Non_EU,Rice,RiceAEZ07,RiceAEZ07,1975,CH4_AWB,0
Europe_Non_EU,Rice,RiceAEZ08,RiceAEZ08,1975,CH4_AWB,1.16706758528325e-05
Europe_Non_EU,Rice,RiceAEZ09,RiceAEZ09,1975,CH4_AWB,5.72940845113645e-05
Europe_Non_EU,Rice,RiceAEZ10,RiceAEZ10,1975,CH4_AWB,2.98836806844661e-05
Europe_Non_EU,Rice,RiceAEZ11,RiceAEZ11,1975,CH4_AWB,1.14415274829653e-08
Europe_Non_EU,Rice,RiceAEZ12,RiceAEZ12,1975,CH4_AWB,0
Europe_Non_EU,Rice,RiceAEZ14,RiceAEZ14,1975,CH4_AWB,2.25652347580705e-08
Europe_Non_EU,Rice,RiceAEZ15,RiceAEZ15,1975,CH4_AWB,0
Europe_Non_EU,Rice,RiceAEZ16,RiceAEZ16,1975,CH4_AWB,0
Europe_Non_EU,Root_Tuber,Root_TuberAEZ07,Root_TuberAEZ07,1975,CH4_AWB,5.2607559383954e-07
Europe_Non_EU,Root_Tuber,Root_TuberAEZ08,Root_TuberAEZ08,1975,CH4_AWB,0.000648273929560703
Europe_Non_EU,Root_Tuber,Root_TuberAEZ09,Root_TuberAEZ09,1975,CH4_AWB,0.000302598241345881
Europe_Non_EU,Root_Tuber,Root_TuberAEZ10,Root_TuberAEZ10,1975,CH4_AWB,0.000434533818089924
Europe_Non_EU,Root_Tuber,Root_TuberAEZ11,Root_TuberAEZ11,1975,CH4_AWB,0.000223471849610877
Europe_Non_EU,Root_Tuber,Root_TuberAEZ12,Root_TuberAEZ12,1975,CH4_AWB,1.35756118201061e-05
Europe_Non_EU,Root_Tuber,Root_TuberAEZ14,Root_TuberAEZ14,1975,CH4_AWB,1.06168218065533e-05
Europe_Non_EU,Root_Tuber,Root_TuberAEZ15,Root_TuberAEZ15,1975,CH4_AWB,6.73971071454932e-06
Europe_Non_EU,Root_Tuber,Root_TuberAEZ16,Root_TuberAEZ16,1975,CH4_AWB,2.5038116652405e-06
Europe_Non_EU,SugarCrop,SugarCropAEZ07,SugarCropAEZ07,1975,CH4_AWB,1.33512307890495e-05
Europe_Non_EU,SugarCrop,SugarCropAEZ08,SugarCropAEZ08,1975,CH4_AWB,0.00182664003539522
Europe_Non_EU,SugarCrop,SugarCropAEZ09,SugarCropAEZ09,1975,CH4_AWB,0.00105905285541333
Europe_Non_EU,SugarCrop,SugarCropAEZ10,SugarCropAEZ10,1975,CH4_AWB,0.000497280091292535
Europe_Non_EU,SugarCrop,SugarCropAEZ11,SugarCropAEZ11,1975,CH4_AWB,0.00023384661352756
Europe_Non_EU,SugarCrop,SugarCropAEZ12,SugarCropAEZ12,1975,CH4_AWB,1.32323389625285e-05
Europe_Non_EU,SugarCrop,SugarCropAEZ14,SugarCropAEZ14,1975,CH4_AWB,1.83775764978682e-05
Europe_Non_EU,SugarCrop,SugarCropAEZ15,SugarCropAEZ15,1975,CH4_AWB,9.88276494380199e-06
Europe_Non_EU,SugarCrop,SugarCropAEZ16,SugarCropAEZ16,1975,CH4_AWB,2.02021596479594e-06
Europe_Non_EU,Wheat,WheatAEZ07,WheatAEZ07,1975,CH4_AWB,8.29572192852744e-06
Europe_Non_EU,Wheat,WheatAEZ08,WheatAEZ08,1975,CH4_AWB,0.00189363143755171
Europe_Non_EU,Wheat,WheatAEZ09,WheatAEZ09,1975,CH4_AWB,0.00188848101551673
Europe_Non_EU,Wheat,WheatAEZ10,WheatAEZ10,1975,CH4_AWB,0.00188913587208249
Europe_Non_EU,Wheat,WheatAEZ11,WheatAEZ11,1975,CH4_AWB,0.000436760288579045
Europe_Non_EU,Wheat,WheatAEZ12,WheatAEZ12,1975,CH4_AWB,1.49952473298079e-05
Europe_Non_EU,Wheat,WheatAEZ14,WheatAEZ14,1975,CH4_AWB,1.29438169134593e-05
Europe_Non_EU,Wheat,WheatAEZ15,WheatAEZ15,1975,CH4_AWB,9.95104653562319e-06
Europe_Non_EU,Wheat,WheatAEZ16,WheatAEZ16,1975,CH4_AWB,4.28443113099421e-06
Europe_Non_EU,Corn,CornAEZ07,CornAEZ07,1975,CO_AWB,4.80964354217624e-07
Europe_Non_EU,Corn,CornAEZ08,CornAEZ08,1975,CO_AWB,0.00262196515290852
Europe_Non_EU,Corn,CornAEZ09,CornAEZ09,1975,CO_AWB,0.0128193713910306
Europe_Non_EU,Corn,CornAEZ10,CornAEZ10,1975,CO_AWB,0.074197938057234
Europe_Non_EU,Corn,CornAEZ11,CornAEZ11,1975,CO_AWB,0.0427547731591682
Europe_Non_EU,Corn,CornAEZ12,CornAEZ12,1975,CO_AWB,0.00189453061537208
Europe_Non_EU,Corn,CornAEZ14,CornAEZ14,1975,CO_AWB,5.80043011186454e-05
Europe_Non_EU,Corn,CornAEZ15,CornAEZ15,1975,CO_AWB,0.000255319927436424
Europe_Non_EU,Corn,CornAEZ16,CornAEZ16,1975,CO_AWB,0.000400294607906474
Europe_Non_EU,FiberCrop,FiberCropAEZ07,FiberCropAEZ07,1975,CO_AWB,0
Europe_Non_EU,FiberCrop,FiberCropAEZ08,FiberCropAEZ08,1975,CO_AWB,0.000672843307453967
Europe_Non_EU,FiberCrop,FiberCropAEZ09,FiberCropAEZ09,1975,CO_AWB,0.0112790634843299
Europe_Non_EU,FiberCrop,FiberCropAEZ10,FiberCropAEZ10,1975,CO_AWB,0.0083794917308336
Europe_Non_EU,FiberCrop,FiberCropAEZ11,FiberCropAEZ11,1975,CO_AWB,3.68081506460286e-07
Europe_Non_EU,FiberCrop,FiberCropAEZ12,FiberCropAEZ12,1975,CO_AWB,0
Europe_Non_EU,FiberCrop,FiberCropAEZ14,FiberCropAEZ14,1975,CO_AWB,0
Europe_Non_EU,FiberCrop,FiberCropAEZ15,FiberCropAEZ15,1975,CO_AWB,0
Europe_Non_EU,FiberCrop,FiberCropAEZ16,FiberCropAEZ16,1975,CO_AWB,0
Europe_Non_EU,FodderGrass,FodderGrassAEZ07,FodderGrassAEZ07,1975,CO_AWB,0
Europe_Non_EU,FodderGrass,FodderGrassAEZ08,FodderGrassAEZ08,1975,CO_AWB,0
Europe_Non_EU,FodderGrass,FodderGrassAEZ09,FodderGrassAEZ09,1975,CO_AWB,0
Europe_Non_EU,FodderGrass,FodderGrassAEZ10,FodderGrassAEZ10,1975,CO_AWB,0
Europe_Non_EU,FodderGrass,FodderGrassAEZ11,FodderGrassAEZ11,1975,CO_AWB,0
Europe_Non_EU,FodderGrass,FodderGrassAEZ12,FodderGrassAEZ12,1975,CO_AWB,0
Europe_Non_EU,FodderGrass,FodderGrassAEZ14,FodderGrassAEZ14,1975,CO_AWB,0
Europe_Non_EU,FodderGrass,FodderGrassAEZ15,FodderGrassAEZ15,1975,CO_AWB,0
Europe_Non_EU,FodderGrass,FodderGrassAEZ16,FodderGrassAEZ16,1975,CO_AWB,0
Europe_Non_EU,FodderHerb,FodderHerbAEZ07,FodderHerbAEZ07,1975,CO_AWB,6.1721743594298e-05
Europe_Non_EU,FodderHerb,FodderHerbAEZ08,FodderHerbAEZ08,1975,CO_AWB,0.0178145270187565
Europe_Non_EU,FodderHerb,FodderHerbAEZ09,FodderHerbAEZ09,1975,CO_AWB,0.0208686783118053
Europe_Non_EU,FodderHerb,FodderHerbAEZ10,FodderHerbAEZ10,1975,CO_AWB,0.0327515910857524
Europe_Non_EU,FodderHerb,FodderHerbAEZ11,FodderHerbAEZ11,1975,CO_AWB,0.013381759146159
Europe_Non_EU,FodderHerb,FodderHerbAEZ12,FodderHerbAEZ12,1975,CO_AWB,0.00045519340004733
Europe_Non_EU,FodderHerb,FodderHerbAEZ14,FodderHerbAEZ14,1975,CO_AWB,0.000546564799590908
Europe_Non_EU,FodderHerb,FodderHerbAEZ15,FodderHerbAEZ15,1975,CO_AWB,0.000199038273345623
Europe_Non_EU,FodderHerb,FodderHerbAEZ16,FodderHerbAEZ16,1975,CO_AWB,0.000244925031705278
Europe_Non_EU,MiscCrop,MiscCropAEZ07,MiscCropAEZ07,1975,CO_AWB,0.000301440061864428
Europe_Non_EU,MiscCrop,MiscCropAEZ08,MiscCropAEZ08,1975,CO_AWB,0.107947869052938
Europe_Non_EU,MiscCrop,MiscCropAEZ09,MiscCropAEZ09,1975,CO_AWB,0.109862547163183
Europe_Non_EU,MiscCrop,MiscCropAEZ10,MiscCropAEZ10,1975,CO_AWB,0.081462351101474
Europe_Non_EU,MiscCrop,MiscCropAEZ11,MiscCropAEZ11,1975,CO_AWB,0.018842586686294
Europe_Non_EU,MiscCrop,MiscCropAEZ12,MiscCropAEZ12,1975,CO_AWB,0.000687725998131304
Europe_Non_EU,MiscCrop,MiscCropAEZ14,MiscCropAEZ14,1975,CO_AWB,0.00263876942654048
Europe_Non_EU,MiscCrop,MiscCropAEZ15,MiscCropAEZ15,1975,CO_AWB,0.00118512709523761
Europe_Non_EU,MiscCrop,MiscCropAEZ16,MiscCropAEZ16,1975,CO_AWB,0.000237178329819321
Europe_Non_EU,OilCrop,OilCropAEZ07,OilCropAEZ07,1975,CO_AWB,1.5276759690297e-05
Europe_Non_EU,OilCrop,OilCropAEZ08,OilCropAEZ08,1975,CO_AWB,0.00462789873617401
Europe_Non_EU,OilCrop,OilCropAEZ09,OilCropAEZ09,1975,CO_AWB,0.00726789154151694
Europe_Non_EU,OilCrop,OilCropAEZ10,OilCropAEZ10,1975,CO_AWB,0.00948545340605722
Europe_Non_EU,OilCrop,OilCropAEZ11,OilCropAEZ11,1975,CO_AWB,0.00252848155783637
Europe_Non_EU,OilCrop,OilCropAEZ12,OilCropAEZ12,1975,CO_AWB,0.000119029696103445
Europe_Non_EU,OilCrop,OilCropAEZ14,OilCropAEZ14,1975,CO_AWB,0.000127309087792665
Europe_Non_EU,OilCrop,OilCropAEZ15,OilCropAEZ15,1975,CO_AWB,5.70211052002749e-05
Europe_Non_EU,OilCrop,OilCropAEZ16,OilCropAEZ16,1975,CO_AWB,3.80388834952224e-05
Europe_Non_EU,OtherGrain,OtherGrainAEZ07,OtherGrainAEZ07,1975,CO_AWB,0.000255403876204533
Europe_Non_EU,OtherGrain,OtherGrainAEZ08,OtherGrainAEZ08,1975,CO_AWB,0.042480218849761
Europe_Non_EU,OtherGrain,OtherGrainAEZ09,OtherGrainAEZ09,1975,CO_AWB,0.030163050113984
Europe_Non_EU,OtherGrain,OtherGrainAEZ10,OtherGrainAEZ10,1975,CO_AWB,0.0127219949303656
Europe_Non_EU,OtherGrain,OtherGrainAEZ11,OtherGrainAEZ11,1975,CO_AWB,0.00380155394288066
Europe_Non_EU,OtherGrain,OtherGrainAEZ12,OtherGrainAEZ12,1975,CO_AWB,0.000139915731146776
Europe_Non_EU,OtherGrain,OtherGrainAEZ14,OtherGrainAEZ14,1975,CO_AWB,0.000445603180454344
Europe_Non_EU,OtherGrain,OtherGrainAEZ15,OtherGrainAEZ15,1975,CO_AWB,0.000293159987141016
Europe_Non_EU,OtherGrain,OtherGrainAEZ16,OtherGrainAEZ16,1975,CO_AWB,3.75244783540498e-05
Europe_Non_EU,PalmFruit,PalmFruitAEZ07,PalmFruitAEZ07,1975,CO_AWB,0
Europe_Non_EU,PalmFruit,PalmFruitAEZ08,PalmFruitAEZ08,1975,CO_AWB,0
Europe_Non_EU,PalmFruit,PalmFruitAEZ09,PalmFruitAEZ09,1975,CO_AWB,0
Europe_Non_EU,PalmFruit,PalmFruitAEZ10,PalmFruitAEZ10,1975,CO_AWB,0
Europe_Non_EU,PalmFruit,PalmFruitAEZ11,PalmFruitAEZ11,1975,CO_AWB,0
Europe_Non_EU,PalmFruit,PalmFruitAEZ12,PalmFruitAEZ12,1975,CO_AWB,0
Europe_Non_EU,PalmFruit,PalmFruitAEZ14,PalmFruitAEZ14,1975,CO_AWB,0
Europe_Non_EU,PalmFruit,PalmFruitAEZ15,PalmFruitAEZ15,1975,CO_AWB,0
Europe_Non_EU,PalmFruit,PalmFruitAEZ16,PalmFruitAEZ16,1975,CO_AWB,0
Europe_Non_EU,Rice,RiceAEZ07,RiceAEZ07,1975,CO_AWB,0
Europe_Non_EU,Rice,RiceAEZ08,RiceAEZ08,1975,CO_AWB,0.000498888676746718
Europe_Non_EU,Rice,RiceAEZ09,RiceAEZ09,1975,CO_AWB,0.00244916150253218
Europe_Non_EU,Rice,RiceAEZ10,RiceAEZ10,1975,CO_AWB,0.00127744357747511
Europe_Non_EU,Rice,RiceAEZ11,RiceAEZ11,1975,CO_AWB,4.89093226297808e-07
Europe_Non_EU,Rice,RiceAEZ12,RiceAEZ12,1975,CO_AWB,0
Europe_Non_EU,Rice,RiceAEZ14,RiceAEZ14,1975,CO_AWB,9.64600529642902e-07
Europe_Non_EU,Rice,RiceAEZ15,RiceAEZ15,1975,CO_AWB,0
Europe_Non_EU,Rice,RiceAEZ16,RiceAEZ16,1975,CO_AWB,0
Europe_Non_EU,Root_Tuber,Root_TuberAEZ07,Root_TuberAEZ07,1975,CO_AWB,2.24882569089308e-05
Europe_Non_EU,Root_Tuber,Root_TuberAEZ08,Root_TuberAEZ08,1975,CO_AWB,0.0277118932070623
Europe_Non_EU,Root_Tuber,Root_TuberAEZ09,Root_TuberAEZ09,1975,CO_AWB,0.012935226555392
Europe_Non_EU,Root_Tuber,Root_TuberAEZ10,Root_TuberAEZ10,1975,CO_AWB,0.018575102611214
Europe_Non_EU,Root_Tuber,Root_TuberAEZ11,Root_TuberAEZ11,1975,CO_AWB,0.00955279512072593
Europe_Non_EU,Root_Tuber,Root_TuberAEZ12,Root_TuberAEZ12,1975,CO_AWB,0.000580319349313099
Europe_Non_EU,Root_Tuber,Root_TuberAEZ14,Root_TuberAEZ14,1975,CO_AWB,0.000453839370497262
Europe_Non_EU,Root_Tuber,Root_TuberAEZ15,Root_TuberAEZ15,1975,CO_AWB,0.000288103739872198
Europe_Non_EU,Root_Tuber,Root_TuberAEZ16,Root_TuberAEZ16,1975,CO_AWB,0.000107030929848991
Europe_Non_EU,SugarCrop,SugarCropAEZ07,SugarCropAEZ07,1975,CO_AWB,0.000570727689234243
Europe_Non_EU,SugarCrop,SugarCropAEZ08,SugarCropAEZ08,1975,CO_AWB,0.0780837409625878
Europe_Non_EU,SugarCrop,SugarCropAEZ09,SugarCropAEZ09,1975,CO_AWB,0.0452715407663179
Europe_Non_EU,SugarCrop,SugarCropAEZ10,SugarCropAEZ10,1975,CO_AWB,0.0212573298963838
Europe_Non_EU,SugarCrop,SugarCropAEZ11,SugarCropAEZ11,1975,CO_AWB,0.00999628719498289
Europe_Non_EU,SugarCrop,SugarCropAEZ12,SugarCropAEZ12,1975,CO_AWB,0.000565645396935404
Europe_Non_EU,SugarCrop,SugarCropAEZ14,SugarCropAEZ14,1975,CO_AWB,0.00078558987812243
Europe_Non_EU,SugarCrop,SugarCropAEZ15,SugarCropAEZ15,1975,CO_AWB,0.000422460497368335
Europe_Non_EU,SugarCrop,SugarCropAEZ16,SugarCropAEZ16,1975,CO_AWB,8.63585693004259e-05
Europe_Non_EU,Wheat,WheatAEZ07,WheatAEZ07,1975,CO_AWB,0.000354618857362689
Europe_Non_EU,Wheat,WheatAEZ08,WheatAEZ08,1975,CO_AWB,0.0809474356103271
Europe_Non_EU,Wheat,WheatAEZ09,WheatAEZ09,1975,CO_AWB,0.0807272695063139
Europe_Non_EU,Wheat,WheatAEZ10,WheatAEZ10,1975,CO_AWB,0.080755262788766
Europe_Non_EU,Wheat,WheatAEZ11,WheatAEZ11,1975,CO_AWB,0.0186702779832439
Europe_Non_EU,Wheat,WheatAEZ12,WheatAEZ12,1975,CO_AWB,0.000641004787742605
Europe_Non_EU,Wheat,WheatAEZ14,WheatAEZ14,1975,CO_AWB,0.000553311888140585
Europe_Non_EU,Wheat,WheatAEZ15,WheatAEZ15,1975,CO_AWB,0.000425379344007501
Europe_Non_EU,Wheat,WheatAEZ16,WheatAEZ16,1975,CO_AWB,0.000183147420467118
Europe_Non_EU,Corn,CornAEZ07,CornAEZ07,1975,N2O_AWB,2.91688426509027e-10
Europe_Non_EU,Corn,CornAEZ08,CornAEZ08,1975,N2O_AWB,1.5901321649033e-06
Europe_Non_EU,Corn,CornAEZ09,CornAEZ09,1975,N2O_AWB,7.7745101837477e-06
Europe_Non_EU,Corn,CornAEZ10,CornAEZ10,1975,N2O_AWB,4.49985110379638e-05
Europe_Non_EU,Corn,CornAEZ11,CornAEZ11,1975,N2O_AWB,2.59293072328294e-05
Europe_Non_EU,Corn,CornAEZ12,CornAEZ12,1975,N2O_AWB,1.14896800422973e-06
Europe_Non_EU,Corn,CornAEZ14,CornAEZ14,1975,N2O_AWB,3.51776242369887e-08
Europe_Non_EU,Corn,CornAEZ15,CornAEZ15,1975,N2O_AWB,1.54842801212316e-07
Europe_Non_EU,Corn,CornAEZ16,CornAEZ16,1975,N2O_AWB,2.42764985172801e-07
Europe_Non_EU,FiberCrop,FiberCropAEZ07,FiberCropAEZ07,1975,N2O_AWB,0
Europe_Non_EU,FiberCrop,FiberCropAEZ08,FiberCropAEZ08,1975,N2O_AWB,4.0805644725508e-07
Europe_Non_EU,FiberCrop,FiberCropAEZ09,FiberCropAEZ09,1975,N2O_AWB,6.84036613397548e-06
Europe_Non_EU,FiberCrop,FiberCropAEZ10,FiberCropAEZ10,1975,N2O_AWB,5.08187506304537e-06
Europe_Non_EU,FiberCrop,FiberCropAEZ11,FiberCropAEZ11,1975,N2O_AWB,2.23228841191614e-10
Europe_Non_EU,FiberCrop,FiberCropAEZ12,FiberCropAEZ12,1975,N2O_AWB,0
Europe_Non_EU,FiberCrop,FiberCropAEZ14,FiberCropAEZ14,1975,N2O_AWB,0
Europe_Non_EU,FiberCrop,FiberCropAEZ15,FiberCropAEZ15,1975,N2O_AWB,0
Europe_Non_EU,FiberCrop,FiberCropAEZ16,FiberCropAEZ16,1975,N2O_AWB,0
Europe_Non_EU,FodderGrass,FodderGrassAEZ07,FodderGrassAEZ07,1975,N2O_AWB,0
Europe_Non_EU,FodderGrass,FodderGrassAEZ08,FodderGrassAEZ08,1975,N2O_AWB,0
Europe_Non_EU,FodderGrass,FodderGrassAEZ09,FodderGrassAEZ09,1975,N2O_AWB,0
Europe_Non_EU,FodderGrass,FodderGrassAEZ10,FodderGrassAEZ10,1975,N2O_AWB,0
Europe_Non_EU,FodderGrass,FodderGrassAEZ11,FodderGrassAEZ11,1975,N2O_AWB,0
Europe_Non_EU,FodderGrass,FodderGrassAEZ12,FodderGrassAEZ12,1975,N2O_AWB,0
Europe_Non_EU,FodderGrass,FodderGrassAEZ14,FodderGrassAEZ14,1975,N2O_AWB,0
Europe_Non_EU,FodderGrass,FodderGrassAEZ15,FodderGrassAEZ15,1975,N2O_AWB,0
Europe_Non_EU,FodderGrass,FodderGrassAEZ16,FodderGrassAEZ16,1975,N2O_AWB,0
Europe_Non_EU,FodderHerb,FodderHerbAEZ07,FodderHerbAEZ07,1975,N2O_AWB,3.74321259206422e-08
Europe_Non_EU,FodderHerb,FodderHerbAEZ08,FodderHerbAEZ08,1975,N2O_AWB,1.08039011821497e-05
Europe_Non_EU,FodderHerb,FodderHerbAEZ09,FodderHerbAEZ09,1975,N2O_AWB,1.26561394554809e-05
Europe_Non_EU,FodderHerb,FodderHerbAEZ10,FodderHerbAEZ10,1975,N2O_AWB,1.98627195252553e-05
Europe_Non_EU,FodderHerb,FodderHerbAEZ11,FodderHerbAEZ11,1975,N2O_AWB,8.11557911732428e-06
Europe_Non_EU,FodderHerb,FodderHerbAEZ12,FodderHerbAEZ12,1975,N2O_AWB,2.76059224457667e-07
Europe_Non_EU,FodderHerb,FodderHerbAEZ14,FodderHerbAEZ14,1975,N2O_AWB,3.31472852363935e-07
Europe_Non_EU,FodderHerb,FodderHerbAEZ15,FodderHerbAEZ15,1975,N2O_AWB,1.2070990346405e-07
Europe_Non_EU,FodderHerb,FodderHerbAEZ16,FodderHerbAEZ16,1975,N2O_AWB,1.48538652572287e-07
Europe_Non_EU,MiscCrop,MiscCropAEZ07,MiscCropAEZ07,1975,N2O_AWB,1.82813084921954e-07
Europe_Non_EU,MiscCrop,MiscCropAEZ08,MiscCropAEZ08,1975,N2O_AWB,6.54666895642894e-05
Europe_Non_EU,MiscCrop,MiscCropAEZ09,MiscCropAEZ09,1975,N2O_AWB,6.66278763348914e-05
Europe_Non_EU,MiscCrop,MiscCropAEZ10,MiscCropAEZ10,1975,N2O_AWB,4.94041290256686e-05
Europe_Non_EU,MiscCrop,MiscCropAEZ11,MiscCropAEZ11,1975,N2O_AWB,1.14273841994498e-05
Europe_Non_EU,MiscCrop,MiscCropAEZ12,MiscCropAEZ12,1975,N2O_AWB,4.17082289997532e-07
Europe_Non_EU,MiscCrop,MiscCropAEZ14,MiscCropAEZ14,1975,N2O_AWB,1.60032338196824e-06
Europe_Non_EU,MiscCrop,MiscCropAEZ15,MiscCropAEZ15,1975,N2O_AWB,7.18739038749343e-07
Europe_Non_EU,MiscCrop,MiscCropAEZ16,MiscCropAEZ16,1975,N2O_AWB,1.43840542901717e-07
Europe_Non_EU,OilCrop,OilCropAEZ07,OilCropAEZ07,1975,N2O_AWB,9.26483211727374e-09
Europe_Non_EU,OilCrop,OilCropAEZ08,OilCropAEZ08,1975,N2O_AWB,2.8066622579413e-06
Europe_Non_EU,OilCrop,OilCropAEZ09,OilCropAEZ09,1975,N2O_AWB,4.40772757730009e-06
Europe_Non_EU,OilCrop,OilCropAEZ10,OilCropAEZ10,1975,N2O_AWB,5.75260298289304e-06
Europe_Non_EU,OilCrop,OilCropAEZ11,OilCropAEZ11,1975,N2O_AWB,1.53343756266951e-06
Europe_Non_EU,OilCrop,OilCropAEZ12,OilCropAEZ12,1975,N2O_AWB,7.21874385488285e-08
Europe_Non_EU,OilCrop,OilCropAEZ14,OilCropAEZ14,1975,N2O_AWB,7.72086063611681e-08
Europe_Non_EU,OilCrop,OilCropAEZ15,OilCropAEZ15,1975,N2O_AWB,3.45813495487198e-08
Europe_Non_EU,OilCrop,OilCropAEZ16,OilCropAEZ16,1975,N2O_AWB,2.30692814874618e-08
Europe_Non_EU,OtherGrain,OtherGrainAEZ07,OtherGrainAEZ07,1975,N2O_AWB,1.54893713268194e-07
Europe_Non_EU,OtherGrain,OtherGrainAEZ08,OtherGrainAEZ08,1975,N2O_AWB,2.57627994369814e-05
Europe_Non_EU,OtherGrain,OtherGrainAEZ09,OtherGrainAEZ09,1975,N2O_AWB,1.82928579827352e-05
Europe_Non_EU,OtherGrain,OtherGrainAEZ10,OtherGrainAEZ10,1975,N2O_AWB,7.71545469171108e-06
Europe_Non_EU,OtherGrain,OtherGrainAEZ11,OtherGrainAEZ11,1975,N2O_AWB,2.3055124109807e-06
Europe_Non_EU,OtherGrain,OtherGrainAEZ12,OtherGrainAEZ12,1975,N2O_AWB,8.48541042681863e-08
Europe_Non_EU,OtherGrain,OtherGrainAEZ14,OtherGrainAEZ14,1975,N2O_AWB,2.70243084366569e-07
Europe_Non_EU,OtherGrain,OtherGrainAEZ15,OtherGrainAEZ15,1975,N2O_AWB,1.77791502872743e-07
Europe_Non_EU,OtherGrain,OtherGrainAEZ16,OtherGrainAEZ16,1975,N2O_AWB,2.2757312367711e-08
Europe_Non_EU,PalmFruit,PalmFruitAEZ07,PalmFruitAEZ07,1975,N2O_AWB,0
Europe_Non_EU,PalmFruit,PalmFruitAEZ08,PalmFruitAEZ08,1975,N2O_AWB,0
Europe_Non_EU,PalmFruit,PalmFruitAEZ09,PalmFruitAEZ09,1975,N2O_AWB,0
Europe_Non_EU,PalmFruit,PalmFruitAEZ10,PalmFruitAEZ10,1975,N2O_AWB,0
Europe_Non_EU,PalmFruit,PalmFruitAEZ11,PalmFruitAEZ11,1975,N2O_AWB,0
Europe_Non_EU,PalmFruit,PalmFruitAEZ12,PalmFruitAEZ12,1975,N2O_AWB,0
Europe_Non_EU,PalmFruit,PalmFruitAEZ14,PalmFruitAEZ14,1975,N2O_AWB,0
Europe_Non_EU,PalmFruit,PalmFruitAEZ15,PalmFruitAEZ15,1975,N2O_AWB,0
Europe_Non_EU,PalmFruit,PalmFruitAEZ16,PalmFruitAEZ16,1975,N2O_AWB,0
Europe_Non_EU,Rice,RiceAEZ07,RiceAEZ07,1975,N2O_AWB,0
Europe_Non_EU,Rice,RiceAEZ08,RiceAEZ08,1975,N2O_AWB,3.02558914911971e-07
Europe_Non_EU,Rice,RiceAEZ09,RiceAEZ09,1975,N2O_AWB,1.48533266275458e-06
Europe_Non_EU,Rice,RiceAEZ10,RiceAEZ10,1975,N2O_AWB,7.74725826977148e-07
Europe_Non_EU,Rice,RiceAEZ11,RiceAEZ11,1975,N2O_AWB,2.9661830932793e-10
Europe_Non_EU,Rice,RiceAEZ12,RiceAEZ12,1975,N2O_AWB,0
Europe_Non_EU,Rice,RiceAEZ14,RiceAEZ14,1975,N2O_AWB,5.84997221174531e-10
Europe_Non_EU,Rice,RiceAEZ15,RiceAEZ15,1975,N2O_AWB,0
Europe_Non_EU,Rice,RiceAEZ16,RiceAEZ16,1975,N2O_AWB,0
Europe_Non_EU,Root_Tuber,Root_TuberAEZ07,Root_TuberAEZ07,1975,N2O_AWB,1.36383584670575e-08
Europe_Non_EU,Root_Tuber,Root_TuberAEZ08,Root_TuberAEZ08,1975,N2O_AWB,1.68063151754834e-05
Europe_Non_EU,Root_Tuber,Root_TuberAEZ09,Root_TuberAEZ09,1975,N2O_AWB,7.84477237739923e-06
Europe_Non_EU,Root_Tuber,Root_TuberAEZ10,Root_TuberAEZ10,1975,N2O_AWB,1.12651642588406e-05
Europe_Non_EU,Root_Tuber,Root_TuberAEZ11,Root_TuberAEZ11,1975,N2O_AWB,5.79344342900487e-06
Europe_Non_EU,Root_Tuber,Root_TuberAEZ12,Root_TuberAEZ12,1975,N2O_AWB,3.51943831989863e-07
Europe_Non_EU,Root_Tuber,Root_TuberAEZ14,Root_TuberAEZ14,1975,N2O_AWB,2.75238051858404e-07
Europe_Non_EU,Root_Tuber,Root_TuberAEZ15,Root_TuberAEZ15,1975,N2O_AWB,1.74725061884031e-07
Europe_Non_EU,Root_Tuber,Root_TuberAEZ16,Root_TuberAEZ16,1975,N2O_AWB,6.49105973066025e-08
Europe_Non_EU,SugarCrop,SugarCropAEZ07,SugarCropAEZ07,1975,N2O_AWB,3.46126818293366e-07
Europe_Non_EU,SugarCrop,SugarCropAEZ08,SugarCropAEZ08,1975,N2O_AWB,4.7355117562434e-05
Europe_Non_EU,SugarCrop,SugarCropAEZ09,SugarCropAEZ09,1975,N2O_AWB,2.74556406851547e-05
Europe_Non_EU,SugarCrop,SugarCropAEZ10,SugarCropAEZ10,1975,N2O_AWB,1.2891843345326e-05
Europe_Non_EU,SugarCrop,SugarCropAEZ11,SugarCropAEZ11,1975,N2O_AWB,6.06240619968601e-06
Europe_Non_EU,SugarCrop,SugarCropAEZ12,SugarCropAEZ12,1975,N2O_AWB,3.43044581884976e-07
Europe_Non_EU,SugarCrop,SugarCropAEZ14,SugarCropAEZ14,1975,N2O_AWB,4.76433385180281e-07
Europe_Non_EU,SugarCrop,SugarCropAEZ15,SugarCropAEZ15,1975,N2O_AWB,2.56207838811759e-07
Europe_Non_EU,SugarCrop,SugarCropAEZ16,SugarCropAEZ16,1975,N2O_AWB,5.23735178582783e-08
Europe_Non_EU,Wheat,WheatAEZ07,WheatAEZ07,1975,N2O_AWB,2.15064205086078e-07
Europe_Non_EU,Wheat,WheatAEZ08,WheatAEZ08,1975,N2O_AWB,4.90918503961181e-05
Europe_Non_EU,Wheat,WheatAEZ09,WheatAEZ09,1975,N2O_AWB,4.89583271861607e-05
Europe_Non_EU,Wheat,WheatAEZ10,WheatAEZ10,1975,N2O_AWB,4.89753041542866e-05
Europe_Non_EU,Wheat,WheatAEZ11,WheatAEZ11,1975,N2O_AWB,1.13228848659217e-05
Europe_Non_EU,Wheat,WheatAEZ12,WheatAEZ12,1975,N2O_AWB,3.88747474281208e-07
Europe_Non_EU,Wheat,WheatAEZ14,WheatAEZ14,1975,N2O_AWB,3.35564730743933e-07
Europe_Non_EU,Wheat,WheatAEZ15,WheatAEZ15,1975,N2O_AWB,2.57978019441433e-07
Europe_Non_EU,Wheat,WheatAEZ16,WheatAEZ16,1975,N2O_AWB,1.11072644836937e-07
Europe_Non_EU,Corn,CornAEZ07,CornAEZ07,1975,NH3_AWB,5.41186278758218e-09
Europe_Non_EU,Corn,CornAEZ08,CornAEZ08,1975,NH3_AWB,2.95026346899346e-05
Europe_Non_EU,Corn,CornAEZ09,CornAEZ09,1975,NH3_AWB,0.000144244949512252
Europe_Non_EU,Corn,CornAEZ10,CornAEZ10,1975,NH3_AWB,0.000834883201563794
Europe_Non_EU,Corn,CornAEZ11,CornAEZ11,1975,NH3_AWB,0.00048108131885991
Europe_Non_EU,Corn,CornAEZ12,CornAEZ12,1975,NH3_AWB,2.1317462816856e-05
Europe_Non_EU,Corn,CornAEZ14,CornAEZ14,1975,NH3_AWB,6.52670652182411e-07
Europe_Non_EU,Corn,CornAEZ15,CornAEZ15,1975,NH3_AWB,2.87288736078798e-06
Europe_Non_EU,Corn,CornAEZ16,CornAEZ16,1975,NH3_AWB,4.50415810153497e-06
Europe_Non_EU,FiberCrop,FiberCropAEZ07,FiberCropAEZ07,1975,NH3_AWB,0
Europe_Non_EU,FiberCrop,FiberCropAEZ08,FiberCropAEZ08,1975,NH3_AWB,7.57090546430855e-06
Europe_Non_EU,FiberCrop,FiberCropAEZ09,FiberCropAEZ09,1975,NH3_AWB,0.0001269132388177
Europe_Non_EU,FiberCrop,FiberCropAEZ10,FiberCropAEZ10,1975,NH3_AWB,9.42869447169715e-05
Europe_Non_EU,FiberCrop,FiberCropAEZ11,FiberCropAEZ11,1975,NH3_AWB,4.14169280975089e-09
Europe_Non_EU,FiberCrop,FiberCropAEZ12,FiberCropAEZ12,1975,NH3_AWB,0
Europe_Non_EU,FiberCrop,FiberCropAEZ14,FiberCropAEZ14,1975,NH3_AWB,0
Europe_Non_EU,FiberCrop,FiberCropAEZ15,FiberCropAEZ15,1975,NH3_AWB,0
Europe_Non_EU,FiberCrop,FiberCropAEZ16,FiberCropAEZ16,1975,NH3_AWB,0
Europe_Non_EU,FodderGrass,FodderGrassAEZ07,FodderGrassAEZ07,1975,NH3_AWB,0
Europe_Non_EU,FodderGrass,FodderGrassAEZ08,FodderGrassAEZ08,1975,NH3_AWB,0
Europe_Non_EU,FodderGrass,FodderGrassAEZ09,FodderGrassAEZ09,1975,NH3_AWB,0
Europe_Non_EU,FodderGrass,FodderGrassAEZ10,FodderGrassAEZ10,1975,NH3_AWB,0
Europe_Non_EU,FodderGrass,FodderGrassAEZ11,FodderGrassAEZ11,1975,NH3_AWB,0
Europe_Non_EU,FodderGrass,FodderGrassAEZ12,FodderGrassAEZ12,1975,NH3_AWB,0
Europe_Non_EU,FodderGrass,FodderGrassAEZ14,FodderGrassAEZ14,1975,NH3_AWB,0
Europe_Non_EU,FodderGrass,FodderGrassAEZ15,FodderGrassAEZ15,1975,NH3_AWB,0
Europe_Non_EU,FodderGrass,FodderGrassAEZ16,FodderGrassAEZ16,1975,NH3_AWB,0
Europe_Non_EU,FodderHerb,FodderHerbAEZ07,FodderHerbAEZ07,1975,NH3_AWB,6.94499715859464e-07
Europe_Non_EU,FodderHerb,FodderHerbAEZ08,FodderHerbAEZ08,1975,NH3_AWB,0.000200450979382898
Europe_Non_EU,FodderHerb,FodderHerbAEZ09,FodderHerbAEZ09,1975,NH3_AWB,0.000234816619134691
Europe_Non_EU,FodderHerb,FodderHerbAEZ10,FodderHerbAEZ10,1975,NH3_AWB,0.00036852443528672
Europe_Non_EU,FodderHerb,FodderHerbAEZ11,FodderHerbAEZ11,1975,NH3_AWB,0.000150572997188721
Europe_Non_EU,FodderHerb,FodderHerbAEZ12,FodderHerbAEZ12,1975,NH3_AWB,5.12188523175776e-06
Europe_Non_EU,FodderHerb,FodderHerbAEZ14,FodderHerbAEZ14,1975,NH3_AWB,6.15000607419227e-06
Europe_Non_EU,FodderHerb,FodderHerbAEZ15,FodderHerbAEZ15,1975,NH3_AWB,2.23960011875723e-06
Europe_Non_EU,FodderHerb,FodderHerbAEZ16,FodderHerbAEZ16,1975,NH3_AWB,2.75592287289013e-06
Europe_Non_EU,MiscCrop,MiscCropAEZ07,MiscCropAEZ07,1975,NH3_AWB,3.39183608761249e-06
Europe_Non_EU,MiscCrop,MiscCropAEZ08,MiscCropAEZ08,1975,NH3_AWB,0.00121464106519224
Europe_Non_EU,MiscCrop,MiscCropAEZ09,MiscCropAEZ09,1975,NH3_AWB,0.00123618522979439
Europe_Non_EU,MiscCrop,MiscCropAEZ10,MiscCropAEZ10,1975,NH3_AWB,0.000916623160633527
Europe_Non_EU,MiscCrop,MiscCropAEZ11,MiscCropAEZ11,1975,NH3_AWB,0.000212018817642368
Europe_Non_EU,MiscCrop,MiscCropAEZ12,MiscCropAEZ12,1975,NH3_AWB,7.73836710496754e-06
Europe_Non_EU,MiscCrop,MiscCropAEZ14,MiscCropAEZ14,1975,NH3_AWB,2.96917181892493e-05
Europe_Non_EU,MiscCrop,MiscCropAEZ15,MiscCropAEZ15,1975,NH3_AWB,1.33351778963015e-05
Europe_Non_EU,MiscCrop,MiscCropAEZ16,MiscCropAEZ16,1975,NH3_AWB,2.66875614775662e-06
Europe_Non_EU,OilCrop,OilCropAEZ07,OilCropAEZ07,1975,NH3_AWB,1.71895747694735e-07
Europe_Non_EU,OilCrop,OilCropAEZ08,OilCropAEZ08,1975,NH3_AWB,5.2073615716782e-05
Europe_Non_EU,OilCrop,OilCropAEZ09,OilCropAEZ09,1975,NH3_AWB,8.17790994962628e-05
Europe_Non_EU,OilCrop,OilCropAEZ10,OilCropAEZ10,1975,NH3_AWB,0.000106731344768969
Europe_Non_EU,OilCrop,OilCropAEZ11,OilCropAEZ11,1975,NH3_AWB,2.84507471956039e-05
Europe_Non_EU,OilCrop,OilCropAEZ12,OilCropAEZ12,1975,NH3_AWB,1.33933497838383e-06
Europe_Non_EU,OilCrop,OilCropAEZ14,OilCropAEZ14,1975,NH3_AWB,1.43249558663636e-06
Europe_Non_EU,OilCrop,OilCropAEZ15,OilCropAEZ15,1975,NH3_AWB,6.41607625667302e-07
Europe_Non_EU,OilCrop,OilCropAEZ16,OilCropAEZ16,1975,NH3_AWB,4.28017619733668e-07
Europe_Non_EU,OtherGrain,OtherGrainAEZ07,OtherGrainAEZ07,1975,NH3_AWB,2.87383196138095e-06
Europe_Non_EU,OtherGrain,OtherGrainAEZ08,OtherGrainAEZ08,1975,NH3_AWB,0.000477992004158683
Europe_Non_EU,OtherGrain,OtherGrainAEZ09,OtherGrainAEZ09,1975,NH3_AWB,0.000339397893087905
Europe_Non_EU,OtherGrain,OtherGrainAEZ10,OtherGrainAEZ10,1975,NH3_AWB,0.000143149259074409
Europe_Non_EU,OtherGrain,OtherGrainAEZ11,OtherGrainAEZ11,1975,NH3_AWB,4.27754949780607e-05
Europe_Non_EU,OtherGrain,OtherGrainAEZ12,OtherGrainAEZ12,1975,NH3_AWB,1.57434689733363e-06
Europe_Non_EU,OtherGrain,OtherGrainAEZ14,OtherGrainAEZ14,1975,NH3_AWB,5.01397504655401e-06
Europe_Non_EU,OtherGrain,OtherGrainAEZ15,OtherGrainAEZ15,1975,NH3_AWB,3.29866779378554e-06
Europe_Non_EU,OtherGrain,OtherGrainAEZ16,OtherGrainAEZ16,1975,NH3_AWB,4.22229477604546e-07
Europe_Non_EU,PalmFruit,PalmFruitAEZ07,PalmFruitAEZ07,1975,NH3_AWB,0
Europe_Non_EU,PalmFruit,PalmFruitAEZ08,PalmFruitAEZ08,1975,NH3_AWB,0
Europe_Non_EU,PalmFruit,PalmFruitAEZ09,PalmFruitAEZ09,1975,NH3_AWB,0
Europe_Non_EU,PalmFruit,PalmFruitAEZ10,PalmFruitAEZ10,1975,NH3_AWB,0
Europe_Non_EU,PalmFruit,PalmFruitAEZ11,PalmFruitAEZ11,1975,NH3_AWB,0
Europe_Non_EU,PalmFruit,PalmFruitAEZ12,PalmFruitAEZ12,1975,NH3_AWB,0
Europe_Non_EU,PalmFruit,PalmFruitAEZ14,PalmFruitAEZ14,1975,NH3_AWB,0
Europe_Non_EU,PalmFruit,PalmFruitAEZ15,PalmFruitAEZ15,1975,NH3_AWB,0
Europe_Non_EU,PalmFruit,PalmFruitAEZ16,PalmFruitAEZ16,1975,NH3_AWB,0
Europe_Non_EU,Rice,RiceAEZ07,RiceAEZ07,1975,NH3_AWB,0
Europe_Non_EU,Rice,RiceAEZ08,RiceAEZ08,1975,NH3_AWB,5.61354919788928e-06
Europe_Non_EU,Rice,RiceAEZ09,RiceAEZ09,1975,NH3_AWB,2.75582293783365e-05
Europe_Non_EU,Rice,RiceAEZ10,RiceAEZ10,1975,NH3_AWB,1.4373932911139e-05
Europe_Non_EU,Rice,RiceAEZ11,RiceAEZ11,1975,NH3_AWB,5.50332973295972e-09
Europe_Non_EU,Rice,RiceAEZ12,RiceAEZ12,1975,NH3_AWB,0
Europe_Non_EU,Rice,RiceAEZ14,RiceAEZ14,1975,NH3_AWB,1.08537891955595e-08
Europe_Non_EU,Rice,RiceAEZ15,RiceAEZ15,1975,NH3_AWB,0
Europe_Non_EU,Rice,RiceAEZ16,RiceAEZ16,1975,NH3_AWB,0
Europe_Non_EU,Root_Tuber,Root_TuberAEZ07,Root_TuberAEZ07,1975,NH3_AWB,2.53040292187564e-07
Europe_Non_EU,Root_Tuber,Root_TuberAEZ08,Root_TuberAEZ08,1975,NH3_AWB,0.000311817211204165
Europe_Non_EU,Root_Tuber,Root_TuberAEZ09,Root_TuberAEZ09,1975,NH3_AWB,0.000145548564317088
Europe_Non_EU,Root_Tuber,Root_TuberAEZ10,Root_TuberAEZ10,1975,NH3_AWB,0.000209009057980343
Europe_Non_EU,Root_Tuber,Root_TuberAEZ11,Root_TuberAEZ11,1975,NH3_AWB,0.000107489081005494
Europe_Non_EU,Root_Tuber,Root_TuberAEZ12,Root_TuberAEZ12,1975,NH3_AWB,6.52981590822929e-06
Europe_Non_EU,Root_Tuber,Root_TuberAEZ14,Root_TuberAEZ14,1975,NH3_AWB,5.1066495452229e-06
Europe_Non_EU,Root_Tuber,Root_TuberAEZ15,Root_TuberAEZ15,1975,NH3_AWB,3.24177435418034e-06
Europe_Non_EU,Root_Tuber,Root_TuberAEZ16,Root_TuberAEZ16,1975,NH3_AWB,1.20432356637387e-06
Europe_Non_EU,SugarCrop,SugarCropAEZ07,SugarCropAEZ07,1975,NH3_AWB,6.42188951452317e-06
Europe_Non_EU,SugarCrop,SugarCropAEZ08,SugarCropAEZ08,1975,NH3_AWB,0.000878606674954189
Europe_Non_EU,SugarCrop,SugarCropAEZ09,SugarCropAEZ09,1975,NH3_AWB,0.000509400259418992
Europe_Non_EU,SugarCrop,SugarCropAEZ10,SugarCropAEZ10,1975,NH3_AWB,0.000239189768681993
Europe_Non_EU,SugarCrop,SugarCropAEZ11,SugarCropAEZ11,1975,NH3_AWB,0.000112479301657424
Europe_Non_EU,SugarCrop,SugarCropAEZ12,SugarCropAEZ12,1975,NH3_AWB,6.36470301343112e-06
Europe_Non_EU,SugarCrop,SugarCropAEZ14,SugarCropAEZ14,1975,NH3_AWB,8.83954203763779e-06
Europe_Non_EU,SugarCrop,SugarCropAEZ15,SugarCropAEZ15,1975,NH3_AWB,4.75357108043949e-06
Europe_Non_EU,SugarCrop,SugarCropAEZ16,SugarCropAEZ16,1975,NH3_AWB,9.7171593588481e-07
Europe_Non_EU,Wheat,WheatAEZ07,WheatAEZ07,1975,NH3_AWB,3.99020963010428e-06
Europe_Non_EU,Wheat,WheatAEZ08,WheatAEZ08,1975,NH3_AWB,0.000910829275991451
Europe_Non_EU,Wheat,WheatAEZ09,WheatAEZ09,1975,NH3_AWB,0.000908351943243301
Europe_Non_EU,Wheat,WheatAEZ10,WheatAEZ10,1975,NH3_AWB,0.000908666926676639
Europe_Non_EU,Wheat,WheatAEZ11,WheatAEZ11,1975,NH3_AWB,0.000210079981531467
Europe_Non_EU,Wheat,WheatAEZ12,WheatAEZ12,1975,NH3_AWB,7.21265500660486e-06
Europe_Non_EU,Wheat,WheatAEZ14,WheatAEZ14,1975,NH3_AWB,6.22592504225367e-06
Europe_Non_EU,Wheat,WheatAEZ15,WheatAEZ15,1975,NH3_AWB,4.78641425763265e-06
Europe_Non_EU,Wheat,WheatAEZ16,WheatAEZ16,1975,NH3_AWB,2.06079452827638e-06
Europe_Non_EU,Corn,CornAEZ07,CornAEZ07,1975,NMVOC_AWB,2.91688426509027e-08
Europe_Non_EU,Corn,CornAEZ08,CornAEZ08,1975,NMVOC_AWB,0.00015901321649033
Europe_Non_EU,Corn,CornAEZ09,CornAEZ09,1975,NMVOC_AWB,0.00077745101837477
Europe_Non_EU,Corn,CornAEZ10,CornAEZ10,1975,NMVOC_AWB,0.00449985110379638
Europe_Non_EU,Corn,CornAEZ11,CornAEZ11,1975,NMVOC_AWB,0.00259293072328294
Europe_Non_EU,Corn,CornAEZ12,CornAEZ12,1975,NMVOC_AWB,0.000114896800422973
Europe_Non_EU,Corn,CornAEZ14,CornAEZ14,1975,NMVOC_AWB,3.51776242369887e-06
Europe_Non_EU,Corn,CornAEZ15,CornAEZ15,1975,NMVOC_AWB,1.54842801212316e-05
Europe_Non_EU,Corn,CornAEZ16,CornAEZ16,1975,NMVOC_AWB,2.42764985172801e-05
Europe_Non_EU,FiberCrop,FiberCropAEZ07,FiberCropAEZ07,1975,NMVOC_AWB,0
Europe_Non_EU,FiberCrop,FiberCropAEZ08,FiberCropAEZ08,1975,NMVOC_AWB,4.0805644725508e-05
Europe_Non_EU,FiberCrop,FiberCropAEZ09,FiberCropAEZ09,1975,NMVOC_AWB,0.000684036613397548
Europe_Non_EU,FiberCrop,FiberCropAEZ10,FiberCropAEZ10,1975,NMVOC_AWB,0.000508187506304537
Europe_Non_EU,FiberCrop,FiberCropAEZ11,FiberCropAEZ11,1975,NMVOC_AWB,2.23228841191614e-08
Europe_Non_EU,FiberCrop,FiberCropAEZ12,FiberCropAEZ12,1975,NMVOC_AWB,0
Europe_Non_EU,FiberCrop,FiberCropAEZ14,FiberCropAEZ14,1975,NMVOC_AWB,0
Europe_Non_EU,FiberCrop,FiberCropAEZ15,FiberCropAEZ15,1975,NMVOC_AWB,0
Europe_Non_EU,FiberCrop,FiberCropAEZ16,FiberCropAEZ16,1975,NMVOC_AWB,0
Europe_Non_EU,FodderGrass,FodderGrassAEZ07,FodderGrassAEZ07,1975,NMVOC_AWB,0
Europe_Non_EU,FodderGrass,FodderGrassAEZ08,FodderGrassAEZ08,1975,NMVOC_AWB,0
Europe_Non_EU,FodderGrass,FodderGrassAEZ09,FodderGrassAEZ09,1975,NMVOC_AWB,0
Europe_Non_EU,FodderGrass,FodderGrassAEZ10,FodderGrassAEZ10,1975,NMVOC_AWB,0
Europe_Non_EU,FodderGrass,FodderGrassAEZ11,FodderGrassAEZ11,1975,NMVOC_AWB,0
Europe_Non_EU,FodderGrass,FodderGrassAEZ12,FodderGrassAEZ12,1975,NMVOC_AWB,0
Europe_Non_EU,FodderGrass,FodderGrassAEZ14,FodderGrassAEZ14,1975,NMVOC_AWB,0
Europe_Non_EU,FodderGrass,FodderGrassAEZ15,FodderGrassAEZ15,1975,NMVOC_AWB,0
Europe_Non_EU,FodderGrass,FodderGrassAEZ16,FodderGrassAEZ16,1975,NMVOC_AWB,0
Europe_Non_EU,FodderHerb,FodderHerbAEZ07,FodderHerbAEZ07,1975,NMVOC_AWB,3.74321259206422e-06
Europe_Non_EU,FodderHerb,FodderHerbAEZ08,FodderHerbAEZ08,1975,NMVOC_AWB,0.00108039011821497
Europe_Non_EU,FodderHerb,FodderHerbAEZ09,FodderHerbAEZ09,1975,NMVOC_AWB,0.00126561394554809
Europe_Non_EU,FodderHerb,FodderHerbAEZ10,FodderHerbAEZ10,1975,NMVOC_AWB,0.00198627195252553
Europe_Non_EU,FodderHerb,FodderHerbAEZ11,FodderHerbAEZ11,1975,NMVOC_AWB,0.000811557911732428
Europe_Non_EU,FodderHerb,FodderHerbAEZ12,FodderHerbAEZ12,1975,NMVOC_AWB,2.76059224457667e-05
Europe_Non_EU,FodderHerb,FodderHerbAEZ14,FodderHerbAEZ14,1975,NMVOC_AWB,3.31472852363935e-05
Europe_Non_EU,FodderHerb,FodderHerbAEZ15,FodderHerbAEZ15,1975,NMVOC_AWB,1.2070990346405e-05
Europe_Non_EU,FodderHerb,FodderHerbAEZ16,FodderHerbAEZ16,1975,NMVOC_AWB,1.48538652572287e-05
Europe_Non_EU,MiscCrop,MiscCropAEZ07,MiscCropAEZ07,1975,NMVOC_AWB,1.82813084921954e-05
Europe_Non_EU,MiscCrop,MiscCropAEZ08,MiscCropAEZ08,1975,NMVOC_AWB,0.00654666895642894
Europe_Non_EU,MiscCrop,MiscCropAEZ09,MiscCropAEZ09,1975,NMVOC_AWB,0.00666278763348914
Europe_Non_EU,MiscCrop,MiscCropAEZ10,MiscCropAEZ10,1975,NMVOC_AWB,0.00494041290256686
Europe_Non_EU,MiscCrop,MiscCropAEZ11,MiscCropAEZ11,1975,NMVOC_AWB,0.00114273841994498
Europe_Non_EU,MiscCrop,MiscCropAEZ12,MiscCropAEZ12,1975,NMVOC_AWB,4.17082289997532e-05
Europe_Non_EU,MiscCrop,MiscCropAEZ14,MiscCropAEZ14,1975,NMVOC_AWB,0.000160032338196824
Europe_Non_EU,MiscCrop,MiscCropAEZ15,MiscCropAEZ15,1975,NMVOC_AWB,7.18739038749343e-05
Europe_Non_EU,MiscCrop,MiscCropAEZ16,MiscCropAEZ16,1975,NMVOC_AWB,1.43840542901717e-05
Europe_Non_EU,OilCrop,OilCropAEZ07,OilCropAEZ07,1975,NMVOC_AWB,9.26483211727374e-07
Europe_Non_EU,OilCrop,OilCropAEZ08,OilCropAEZ08,1975,NMVOC_AWB,0.00028066622579413
Europe_Non_EU,OilCrop,OilCropAEZ09,OilCropAEZ09,1975,NMVOC_AWB,0.000440772757730009
Europe_Non_EU,OilCrop,OilCropAEZ10,OilCropAEZ10,1975,NMVOC_AWB,0.000575260298289304
Europe_Non_EU,OilCrop,OilCropAEZ11,OilCropAEZ11,1975,NMVOC_AWB,0.000153343756266951
Europe_Non_EU,OilCrop,OilCropAEZ12,OilCropAEZ12,1975,NMVOC_AWB,7.21874385488285e-06
Europe_Non_EU,OilCrop,OilCropAEZ14,OilCropAEZ14,1975,NMVOC_AWB,7.72086063611682e-06
Europe_Non_EU,OilCrop,OilCropAEZ15,OilCropAEZ15,1975,NMVOC_AWB,3.45813495487198e-06
Europe_Non_EU,OilCrop,OilCropAEZ16,OilCropAEZ16,1975,NMVOC_AWB,2.30692814874618e-06
Europe_Non_EU,OtherGrain,OtherGrainAEZ07,OtherGrainAEZ07,1975,NMVOC_AWB,1.54893713268194e-05
Europe_Non_EU,OtherGrain,OtherGrainAEZ08,OtherGrainAEZ08,1975,NMVOC_AWB,0.00257627994369814
Europe_Non_EU,OtherGrain,OtherGrainAEZ09,OtherGrainAEZ09,1975,NMVOC_AWB,0.00182928579827352
Europe_Non_EU,OtherGrain,OtherGrainAEZ10,OtherGrainAEZ10,1975,NMVOC_AWB,0.000771545469171108
Europe_Non_EU,OtherGrain,OtherGrainAEZ11,OtherGrainAEZ11,1975,NMVOC_AWB,0.00023055124109807
Europe_Non_EU,OtherGrain,OtherGrainAEZ12,OtherGrainAEZ12,1975,NMVOC_AWB,8.48541042681863e-06
Europe_Non_EU,OtherGrain,OtherGrainAEZ14,OtherGrainAEZ14,1975,NMVOC_AWB,2.70243084366569e-05
Europe_Non_EU,OtherGrain,OtherGrainAEZ15,OtherGrainAEZ15,1975,NMVOC_AWB,1.77791502872743e-05
Europe_Non_EU,OtherGrain,OtherGrainAEZ16,OtherGrainAEZ16,1975,NMVOC_AWB,2.2757312367711e-06
Europe_Non_EU,PalmFruit,PalmFruitAEZ07,PalmFruitAEZ07,1975,NMVOC_AWB,0
Europe_Non_EU,PalmFruit,PalmFruitAEZ08,PalmFruitAEZ08,1975,NMVOC_AWB,0
Europe_Non_EU,PalmFruit,PalmFruitAEZ09,PalmFruitAEZ09,1975,NMVOC_AWB,0
Europe_Non_EU,PalmFruit,PalmFruitAEZ10,PalmFruitAEZ10,1975,NMVOC_AWB,0
Europe_Non_EU,PalmFruit,PalmFruitAEZ11,PalmFruitAEZ11,1975,NMVOC_AWB,0
Europe_Non_EU,PalmFruit,PalmFruitAEZ12,PalmFruitAEZ12,1975,NMVOC_AWB,0
Europe_Non_EU,PalmFruit,PalmFruitAEZ14,PalmFruitAEZ14,1975,NMVOC_AWB,0
Europe_Non_EU,PalmFruit,PalmFruitAEZ15,PalmFruitAEZ15,1975,NMVOC_AWB,0
Europe_Non_EU,PalmFruit,PalmFruitAEZ16,PalmFruitAEZ16,1975,NMVOC_AWB,0
Europe_Non_EU,Rice,RiceAEZ07,RiceAEZ07,1975,NMVOC_AWB,0
Europe_Non_EU,Rice,RiceAEZ08,RiceAEZ08,1975,NMVOC_AWB,3.02558914911971e-05
Europe_Non_EU,Rice,RiceAEZ09,RiceAEZ09,1975,NMVOC_AWB,0.000148533266275458
Europe_Non_EU,Rice,RiceAEZ10,RiceAEZ10,1975,NMVOC_AWB,7.74725826977148e-05
Europe_Non_EU,Rice,RiceAEZ11,RiceAEZ11,1975,NMVOC_AWB,2.9661830932793e-08
Europe_Non_EU,Rice,RiceAEZ12,RiceAEZ12,1975,NMVOC_AWB,0
Europe_Non_EU,Rice,RiceAEZ14,RiceAEZ14,1975,NMVOC_AWB,5.84997221174531e-08
Europe_Non_EU,Rice,RiceAEZ15,RiceAEZ15,1975,NMVOC_AWB,0
Europe_Non_EU,Rice,RiceAEZ16,RiceAEZ16,1975,NMVOC_AWB,0
Europe_Non_EU,Root_Tuber,Root_TuberAEZ07,Root_TuberAEZ07,1975,NMVOC_AWB,1.36383584670575e-06
Europe_Non_EU,Root_Tuber,Root_TuberAEZ08,Root_TuberAEZ08,1975,NMVOC_AWB,0.00168063151754834
Europe_Non_EU,Root_Tuber,Root_TuberAEZ09,Root_TuberAEZ09,1975,NMVOC_AWB,0.000784477237739924
Europe_Non_EU,Root_Tuber,Root_TuberAEZ10,Root_TuberAEZ10,1975,NMVOC_AWB,0.00112651642588406
Europe_Non_EU,Root_Tuber,Root_TuberAEZ11,Root_TuberAEZ11,1975,NMVOC_AWB,0.000579344342900487
Europe_Non_EU,Root_Tuber,Root_TuberAEZ12,Root_TuberAEZ12,1975,NMVOC_AWB,3.51943831989863e-05
Europe_Non_EU,Root_Tuber,Root_TuberAEZ14,Root_TuberAEZ14,1975,NMVOC_AWB,2.75238051858404e-05
Europe_Non_EU,Root_Tuber,Root_TuberAEZ15,Root_TuberAEZ15,1975,NMVOC_AWB,1.74725061884031e-05
Europe_Non_EU,Root_Tuber,Root_TuberAEZ16,Root_TuberAEZ16,1975,NMVOC_AWB,6.49105973066025e-06
Europe_Non_EU,SugarCrop,SugarCropAEZ07,SugarCropAEZ07,1975,NMVOC_AWB,3.46126818293366e-05
Europe_Non_EU,SugarCrop,SugarCropAEZ08,SugarCropAEZ08,1975,NMVOC_AWB,0.0047355117562434
Europe_Non_EU,SugarCrop,SugarCropAEZ09,SugarCropAEZ09,1975,NMVOC_AWB,0.00274556406851547
Europe_Non_EU,SugarCrop,SugarCropAEZ10,SugarCropAEZ10,1975,NMVOC_AWB,0.0012891843345326
Europe_Non_EU,SugarCrop,SugarCropAEZ11,SugarCropAEZ11,1975,NMVOC_AWB,0.000606240619968601
Europe_Non_EU,SugarCrop,SugarCropAEZ12,SugarCropAEZ12,1975,NMVOC_AWB,3.43044581884976e-05
Europe_Non_EU,SugarCrop,SugarCropAEZ14,SugarCropAEZ14,1975,NMVOC_AWB,4.76433385180281e-05
Europe_Non_EU,SugarCrop,SugarCropAEZ15,SugarCropAEZ15,1975,NMVOC_AWB,2.56207838811759e-05
Europe_Non_EU,SugarCrop,SugarCropAEZ16,SugarCropAEZ16,1975,NMVOC_AWB,5.23735178582783e-06
Europe_Non_EU,Wheat,WheatAEZ07,WheatAEZ07,1975,NMVOC_AWB,2.15064205086078e-05
Europe_Non_EU,Wheat,WheatAEZ08,WheatAEZ08,1975,NMVOC_AWB,0.00490918503961181
Europe_Non_EU,Wheat,WheatAEZ09,WheatAEZ09,1975,NMVOC_AWB,0.00489583271861607
Europe_Non_EU,Wheat,WheatAEZ10,WheatAEZ10,1975,NMVOC_AWB,0.00489753041542866
Europe_Non_EU,Wheat,WheatAEZ11,WheatAEZ11,1975,NMVOC_AWB,0.00113228848659217
Europe_Non_EU,Wheat,WheatAEZ12,WheatAEZ12,1975,NMVOC_AWB,3.88747474281208e-05
Europe_Non_EU,Wheat,WheatAEZ14,WheatAEZ14,1975,NMVOC_AWB,3.35564730743933e-05
Europe_Non_EU,Wheat,WheatAEZ15,WheatAEZ15,1975,NMVOC_AWB,2.57978019441433e-05
Europe_Non_EU,Wheat,WheatAEZ16,WheatAEZ16,1975,NMVOC_AWB,1.11072644836937e-05
Europe_Non_EU,Corn,CornAEZ07,CornAEZ07,1975,NOx_AWB,1.58390788881492e-08
Europe_Non_EU,Corn,CornAEZ08,CornAEZ08,1975,NOx_AWB,8.63463425817733e-05
Europe_Non_EU,Corn,CornAEZ09,CornAEZ09,1975,NOx_AWB,0.000422166493168314
Europe_Non_EU,Corn,CornAEZ10,CornAEZ10,1975,NOx_AWB,0.00244348044490378
Europe_Non_EU,Corn,CornAEZ11,CornAEZ11,1975,NOx_AWB,0.0014079967028213
Europe_Non_EU,Corn,CornAEZ12,CornAEZ12,1975,NOx_AWB,6.23905277173923e-05
Europe_Non_EU,Corn,CornAEZ14,CornAEZ14,1975,NOx_AWB,1.9101929139108e-06
Europe_Non_EU,Corn,CornAEZ15,CornAEZ15,1975,NOx_AWB,8.40817502777398e-06
Europe_Non_EU,Corn,CornAEZ16,CornAEZ16,1975,NOx_AWB,1.31824693816344e-05
Europe_Non_EU,FiberCrop,FiberCropAEZ07,FiberCropAEZ07,1975,NOx_AWB,0
Europe_Non_EU,FiberCrop,FiberCropAEZ08,FiberCropAEZ08,1975,NOx_AWB,2.21580209274813e-05
Europe_Non_EU,FiberCrop,FiberCropAEZ09,FiberCropAEZ09,1975,NOx_AWB,0.00037144119880433
Europe_Non_EU,FiberCrop,FiberCropAEZ10,FiberCropAEZ10,1975,NOx_AWB,0.000275952738292147
Europe_Non_EU,FiberCrop,FiberCropAEZ11,FiberCropAEZ11,1975,NOx_AWB,1.21216301519412e-08
Europe_Non_EU,FiberCrop,FiberCropAEZ12,FiberCropAEZ12,1975,NOx_AWB,0
Europe_Non_EU,FiberCrop,FiberCropAEZ14,FiberCropAEZ14,1975,NOx_AWB,0
Europe_Non_EU,FiberCrop,FiberCropAEZ15,FiberCropAEZ15,1975,NOx_AWB,0
Europe_Non_EU,FiberCrop,FiberCropAEZ16,FiberCropAEZ16,1975,NOx_AWB,0
Europe_Non_EU,FodderGrass,FodderGrassAEZ07,FodderGrassAEZ07,1975,NOx_AWB,0
Europe_Non_EU,FodderGrass,FodderGrassAEZ08,FodderGrassAEZ08,1975,NOx_AWB,0
Europe_Non_EU,FodderGrass,FodderGrassAEZ09,FodderGrassAEZ09,1975,NOx_AWB,0
Europe_Non_EU,FodderGrass,FodderGrassAEZ10,FodderGrassAEZ10,1975,NOx_AWB,0
Europe_Non_EU,FodderGrass,FodderGrassAEZ11,FodderGrassAEZ11,1975,NOx_AWB,0
Europe_Non_EU,FodderGrass,FodderGrassAEZ12,FodderGrassAEZ12,1975,NOx_AWB,0
Europe_Non_EU,FodderGrass,FodderGrassAEZ14,FodderGrassAEZ14,1975,NOx_AWB,0
Europe_Non_EU,FodderGrass,FodderGrassAEZ15,FodderGrassAEZ15,1975,NOx_AWB,0
Europe_Non_EU,FodderGrass,FodderGrassAEZ16,FodderGrassAEZ16,1975,NOx_AWB,0
Europe_Non_EU,FodderHerb,FodderHerbAEZ07,FodderHerbAEZ07,1975,NOx_AWB,2.03261542634376e-06
Europe_Non_EU,FodderHerb,FodderHerbAEZ08,FodderHerbAEZ08,1975,NOx_AWB,0.00058666655092173
Europe_Non_EU,FodderHerb,FodderHerbAEZ09,FodderHerbAEZ09,1975,NOx_AWB,0.000687245612223755
Europe_Non_EU,FodderHerb,FodderHerbAEZ10,FodderHerbAEZ10,1975,NOx_AWB,0.00107857272658696
Europe_Non_EU,FodderHerb,FodderHerbAEZ11,FodderHerbAEZ11,1975,NOx_AWB,0.000440687000854789
Europe_Non_EU,FodderHerb,FodderHerbAEZ12,FodderHerbAEZ12,1975,NOx_AWB,1.49903919271578e-05
Europe_Non_EU,FodderHerb,FodderHerbAEZ14,FodderHerbAEZ14,1975,NOx_AWB,1.79994274051519e-05
Europe_Non_EU,FodderHerb,FodderHerbAEZ15,FodderHerbAEZ15,1975,NOx_AWB,6.55471218529402e-06
Europe_Non_EU,FodderHerb,FodderHerbAEZ16,FodderHerbAEZ16,1975,NOx_AWB,8.06585116930937e-06
Europe_Non_EU,MiscCrop,MiscCropAEZ07,MiscCropAEZ07,1975,NOx_AWB,9.92699953343927e-06
Europe_Non_EU,MiscCrop,MiscCropAEZ08,MiscCropAEZ08,1975,NOx_AWB,0.00355493041998588
Europe_Non_EU,MiscCrop,MiscCropAEZ09,MiscCropAEZ09,1975,NOx_AWB,0.0036179844433613
Europe_Non_EU,MiscCrop,MiscCropAEZ10,MiscCropAEZ10,1975,NOx_AWB,0.00268271150282903
Europe_Non_EU,MiscCrop,MiscCropAEZ11,MiscCropAEZ11,1975,NOx_AWB,0.000620522528049887
Europe_Non_EU,MiscCrop,MiscCropAEZ12,MiscCropAEZ12,1975,NOx_AWB,2.26481364831127e-05
Europe_Non_EU,MiscCrop,MiscCropAEZ14,MiscCropAEZ14,1975,NOx_AWB,8.6899739550552e-05
Europe_Non_EU,MiscCrop,MiscCropAEZ15,MiscCropAEZ15,1975,NOx_AWB,3.9028508847577e-05
Europe_Non_EU,MiscCrop,MiscCropAEZ16,MiscCropAEZ16,1975,NOx_AWB,7.81073741458166e-06
Europe_Non_EU,OilCrop,OilCropAEZ07,OilCropAEZ07,1975,NOx_AWB,5.03093004227975e-07
Europe_Non_EU,OilCrop,OilCropAEZ08,OilCropAEZ08,1975,NOx_AWB,0.000152405583752386
Europe_Non_EU,OilCrop,OilCropAEZ09,OilCropAEZ09,1975,NOx_AWB,0.000239345611513888
Europe_Non_EU,OilCrop,OilCropAEZ10,OilCropAEZ10,1975,NOx_AWB,0.000312374177984143
Europe_Non_EU,OilCrop,OilCropAEZ11,OilCropAEZ11,1975,NOx_AWB,8.32677484528921e-05
Europe_Non_EU,OilCrop,OilCropAEZ12,OilCropAEZ12,1975,NOx_AWB,3.91987624463713e-06
Europe_Non_EU,OilCrop,OilCropAEZ14,OilCropAEZ14,1975,NOx_AWB,4.19253249652247e-06
Europe_Non_EU,OilCrop,OilCropAEZ15,OilCropAEZ15,1975,NOx_AWB,1.87781438611136e-06
Europe_Non_EU,OilCrop,OilCropAEZ16,OilCropAEZ16,1975,NOx_AWB,1.25269340901162e-06
Europe_Non_EU,OtherGrain,OtherGrainAEZ07,OtherGrainAEZ07,1975,NOx_AWB,8.4109396217589e-06
Europe_Non_EU,OtherGrain,OtherGrainAEZ08,OtherGrainAEZ08,1975,NOx_AWB,0.00139895510269512
Europe_Non_EU,OtherGrain,OtherGrainAEZ09,OtherGrainAEZ09,1975,NOx_AWB,0.000993327106412588
Europe_Non_EU,OtherGrain,OtherGrainAEZ10,OtherGrainAEZ10,1975,NOx_AWB,0.00041895969950721
Europe_Non_EU,OtherGrain,OtherGrainAEZ11,OtherGrainAEZ11,1975,NOx_AWB,0.000125192464412023
Europe_Non_EU,OtherGrain,OtherGrainAEZ12,OtherGrainAEZ12,1975,NOx_AWB,4.60769344732794e-06
Europe_Non_EU,OtherGrain,OtherGrainAEZ14,OtherGrainAEZ14,1975,NOx_AWB,1.46745675976499e-05
Europe_Non_EU,OtherGrain,OtherGrainAEZ15,OtherGrainAEZ15,1975,NOx_AWB,9.65432078792757e-06
Europe_Non_EU,OtherGrain,OtherGrainAEZ16,OtherGrainAEZ16,1975,NOx_AWB,1.23575306085472e-06
Europe_Non_EU,PalmFruit,PalmFruitAEZ07,PalmFruitAEZ07,1975,NOx_AWB,0
Europe_Non_EU,PalmFruit,PalmFruitAEZ08,PalmFruitAEZ08,1975,NOx_AWB,0
Europe_Non_EU,PalmFruit,PalmFruitAEZ09,PalmFruitAEZ09,1975,NOx_AWB,0
Europe_Non_EU,PalmFruit,PalmFruitAEZ10,PalmFruitAEZ10,1975,NOx_AWB,0
Europe_Non_EU,PalmFruit,PalmFruitAEZ11,PalmFruitAEZ11,1975,NOx_AWB,0
Europe_Non_EU,PalmFruit,PalmFruitAEZ12,PalmFruitAEZ12,1975,NOx_AWB,0
Europe_Non_EU,PalmFruit,PalmFruitAEZ14,PalmFruitAEZ14,1975,NOx_AWB,0
Europe_Non_EU,PalmFruit,PalmFruitAEZ15,PalmFruitAEZ15,1975,NOx_AWB,0
Europe_Non_EU,PalmFruit,PalmFruitAEZ16,PalmFruitAEZ16,1975,NOx_AWB,0
Europe_Non_EU,Rice,RiceAEZ07,RiceAEZ07,1975,NOx_AWB,0
Europe_Non_EU,Rice,RiceAEZ08,RiceAEZ08,1975,NOx_AWB,1.64293612158631e-05
Europe_Non_EU,Rice,RiceAEZ09,RiceAEZ09,1975,NOx_AWB,8.06555868605448e-05
Europe_Non_EU,Rice,RiceAEZ10,RiceAEZ10,1975,NOx_AWB,4.20686677117713e-05
Europe_Non_EU,Rice,RiceAEZ11,RiceAEZ11,1975,NOx_AWB,1.61067782405454e-08
Europe_Non_EU,Rice,RiceAEZ12,RiceAEZ12,1975,NOx_AWB,0
Europe_Non_EU,Rice,RiceAEZ14,RiceAEZ14,1975,NOx_AWB,3.17661459744091e-08
Europe_Non_EU,Rice,RiceAEZ15,RiceAEZ15,1975,NOx_AWB,0
Europe_Non_EU,Rice,RiceAEZ16,RiceAEZ16,1975,NOx_AWB,0
Europe_Non_EU,Root_Tuber,Root_TuberAEZ07,Root_TuberAEZ07,1975,NOx_AWB,7.40581442499902e-07
Europe_Non_EU,Root_Tuber,Root_TuberAEZ08,Root_TuberAEZ08,1975,NOx_AWB,0.000912605807057422
Europe_Non_EU,Root_Tuber,Root_TuberAEZ09,Root_TuberAEZ09,1975,NOx_AWB,0.00042598182599252
Europe_Non_EU,Root_Tuber,Root_TuberAEZ10,Root_TuberAEZ10,1975,NOx_AWB,0.00061171376430396
Europe_Non_EU,Root_Tuber,Root_TuberAEZ11,Root_TuberAEZ11,1975,NOx_AWB,0.000314591869839573
Europe_Non_EU,Root_Tuber,Root_TuberAEZ12,Root_TuberAEZ12,1975,NOx_AWB,1.9111029483758e-05
Europe_Non_EU,Root_Tuber,Root_TuberAEZ14,Root_TuberAEZ14,1975,NOx_AWB,1.49458011364426e-05
Europe_Non_EU,Root_Tuber,Root_TuberAEZ15,Root_TuberAEZ15,1975,NOx_AWB,9.48780886523202e-06
Europe_Non_EU,Root_Tuber,Root_TuberAEZ16,Root_TuberAEZ16,1975,NOx_AWB,3.52473385290227e-06
Europe_Non_EU,SugarCrop,SugarCropAEZ07,SugarCropAEZ07,1975,NOx_AWB,1.87951577162869e-05
Europe_Non_EU,SugarCrop,SugarCropAEZ08,SugarCropAEZ08,1975,NOx_AWB,0.00257144738927707
Europe_Non_EU,SugarCrop,SugarCropAEZ09,SugarCropAEZ09,1975,NOx_AWB,0.00149087868840551
Europe_Non_EU,SugarCrop,SugarCropAEZ10,SugarCropAEZ10,1975,NOx_AWB,0.000700044654510695
Europe_Non_EU,SugarCrop,SugarCropAEZ11,SugarCropAEZ11,1975,NOx_AWB,0.000329196914660102
Europe_Non_EU,SugarCrop,SugarCropAEZ12,SugarCropAEZ12,1975,NOx_AWB,1.86277880807868e-05
Europe_Non_EU,SugarCrop,SugarCropAEZ14,SugarCropAEZ14,1975,NOx_AWB,2.58709817977125e-05
Europe_Non_EU,SugarCrop,SugarCropAEZ15,SugarCropAEZ15,1975,NOx_AWB,1.3912434645658e-05
Europe_Non_EU,SugarCrop,SugarCropAEZ16,SugarCropAEZ16,1975,NOx_AWB,2.84395336124689e-06
Europe_Non_EU,Wheat,WheatAEZ07,WheatAEZ07,1975,NOx_AWB,1.16782792898026e-05
Europe_Non_EU,Wheat,WheatAEZ08,WheatAEZ08,1975,NOx_AWB,0.00266575434786841
Europe_Non_EU,Wheat,WheatAEZ09,WheatAEZ09,1975,NOx_AWB,0.00265850385568665
Europe_Non_EU,Wheat,WheatAEZ10,WheatAEZ10,1975,NOx_AWB,0.00265942572818137
Europe_Non_EU,Wheat,WheatAEZ11,WheatAEZ11,1975,NOx_AWB,0.00061484807189364
Europe_Non_EU,Wheat,WheatAEZ12,WheatAEZ12,1975,NOx_AWB,2.11095173929304e-05
Europe_Non_EU,Wheat,WheatAEZ14,WheatAEZ14,1975,NOx_AWB,1.82216219750125e-05
Europe_Non_EU,Wheat,WheatAEZ15,WheatAEZ15,1975,NOx_AWB,1.40085578651332e-05
Europe_Non_EU,Wheat,WheatAEZ16,WheatAEZ16,1975,NOx_AWB,6.03139591427422e-06
Europe_Non_EU,Corn,CornAEZ07,CornAEZ07,1975,SO2_AWB,2.54089661350674e-09
Europe_Non_EU,Corn,CornAEZ08,CornAEZ08,1975,SO2_AWB,1.38516343661166e-05
Europe_Non_EU,Corn,CornAEZ09,CornAEZ09,1975,SO2_AWB,6.77237243656865e-05
Europe_Non_EU,Corn,CornAEZ10,CornAEZ10,1975,SO2_AWB,0.000391981833758732
Europe_Non_EU,Corn,CornAEZ11,CornAEZ11,1975,SO2_AWB,0.000225870082426575
Europe_Non_EU,Corn,CornAEZ12,CornAEZ12,1975,SO2_AWB,1.00086552830184e-05
Europe_Non_EU,Corn,CornAEZ14,CornAEZ14,1975,SO2_AWB,3.06432131588913e-07
Europe_Non_EU,Corn,CornAEZ15,CornAEZ15,1975,SO2_AWB,1.34883496728004e-06
Europe_Non_EU,Corn,CornAEZ16,CornAEZ16,1975,SO2_AWB,2.11472472900632e-06
Europe_Non_EU,FiberCrop,FiberCropAEZ07,FiberCropAEZ07,1975,SO2_AWB,0
Europe_Non_EU,FiberCrop,FiberCropAEZ08,FiberCropAEZ08,1975,SO2_AWB,3.55457793563824e-06
Europe_Non_EU,FiberCrop,FiberCropAEZ09,FiberCropAEZ09,1975,SO2_AWB,5.95863996147497e-05
Europe_Non_EU,FiberCrop,FiberCropAEZ10,FiberCropAEZ10,1975,SO2_AWB,4.42681915511539e-05
Europe_Non_EU,FiberCrop,FiberCropAEZ11,FiberCropAEZ11,1975,SO2_AWB,1.94454546383332e-09
Europe_Non_EU,FiberCrop,FiberCropAEZ12,FiberCropAEZ12,1975,SO2_AWB,0
Europe_Non_EU,FiberCrop,FiberCropAEZ14,FiberCropAEZ14,1975,SO2_AWB,0
Europe_Non_EU,FiberCrop,FiberCropAEZ15,FiberCropAEZ15,1975,SO2_AWB,0
Europe_Non_EU,FiberCrop,FiberCropAEZ16,FiberCropAEZ16,1975,SO2_AWB,0
Europe_Non_EU,FodderGrass,FodderGrassAEZ07,FodderGrassAEZ07,1975,SO2_AWB,0
Europe_Non_EU,FodderGrass,FodderGrassAEZ08,FodderGrassAEZ08,1975,SO2_AWB,0
Europe_Non_EU,FodderGrass,FodderGrassAEZ09,FodderGrassAEZ09,1975,SO2_AWB,0
Europe_Non_EU,FodderGrass,FodderGrassAEZ10,FodderGrassAEZ10,1975,SO2_AWB,0
Europe_Non_EU,FodderGrass,FodderGrassAEZ11,FodderGrassAEZ11,1975,SO2_AWB,0
Europe_Non_EU,FodderGrass,FodderGrassAEZ12,FodderGrassAEZ12,1975,SO2_AWB,0
Europe_Non_EU,FodderGrass,FodderGrassAEZ14,FodderGrassAEZ14,1975,SO2_AWB,0
Europe_Non_EU,FodderGrass,FodderGrassAEZ15,FodderGrassAEZ15,1975,SO2_AWB,0
Europe_Non_EU,FodderGrass,FodderGrassAEZ16,FodderGrassAEZ16,1975,SO2_AWB,0
Europe_Non_EU,FodderHerb,FodderHerbAEZ07,FodderHerbAEZ07,1975,SO2_AWB,3.26071085940648e-07
Europe_Non_EU,FodderHerb,FodderHerbAEZ08,FodderHerbAEZ08,1975,SO2_AWB,9.41127361648542e-05
Europe_Non_EU,FodderHerb,FodderHerbAEZ09,FodderHerbAEZ09,1975,SO2_AWB,0.000110247575700454
Europe_Non_EU,FodderHerb,FodderHerbAEZ10,FodderHerbAEZ10,1975,SO2_AWB,0.000173024063315702
Europe_Non_EU,FodderHerb,FodderHerbAEZ11,FodderHerbAEZ11,1975,SO2_AWB,7.06947743612895e-05
Europe_Non_EU,FodderHerb,FodderHerbAEZ12,FodderHerbAEZ12,1975,SO2_AWB,2.40475070247628e-06
Europe_Non_EU,FodderHerb,FodderHerbAEZ14,FodderHerbAEZ14,1975,SO2_AWB,2.88745857393446e-06
Europe_Non_EU,FodderHerb,FodderHerbAEZ15,FodderHerbAEZ15,1975,SO2_AWB,1.05150344358636e-06
Europe_Non_EU,FodderHerb,FodderHerbAEZ16,FodderHerbAEZ16,1975,SO2_AWB,1.29391955592073e-06
Europe_Non_EU,MiscCrop,MiscCropAEZ07,MiscCropAEZ07,1975,SO2_AWB,1.59248398691107e-06
Europe_Non_EU,MiscCrop,MiscCropAEZ08,MiscCropAEZ08,1975,SO2_AWB,0.000570280047797
Europe_Non_EU,MiscCrop,MiscCropAEZ09,MiscCropAEZ09,1975,SO2_AWB,0.000580395140700695
Europe_Non_EU,MiscCrop,MiscCropAEZ10,MiscCropAEZ10,1975,SO2_AWB,0.000430359152870559
Europe_Non_EU,MiscCrop,MiscCropAEZ11,MiscCropAEZ11,1975,SO2_AWB,9.95438940143336e-05
Europe_Non_EU,MiscCrop,MiscCropAEZ12,MiscCropAEZ12,1975,SO2_AWB,3.63320201247534e-06
Europe_Non_EU,MiscCrop,MiscCropAEZ14,MiscCropAEZ14,1975,SO2_AWB,1.39404100136037e-05
Europe_Non_EU,MiscCrop,MiscCropAEZ15,MiscCropAEZ15,1975,SO2_AWB,6.26093263764366e-06
Europe_Non_EU,MiscCrop,MiscCropAEZ16,MiscCropAEZ16,1975,SO2_AWB,1.25299434303278e-06
Europe_Non_EU,OilCrop,OilCropAEZ07,OilCropAEZ07,1975,SO2_AWB,8.07059122407818e-08
Europe_Non_EU,OilCrop,OilCropAEZ08,OilCropAEZ08,1975,SO2_AWB,2.44488227106245e-05
Europe_Non_EU,OilCrop,OilCropAEZ09,OilCropAEZ09,1975,SO2_AWB,3.83956957376073e-05
Europe_Non_EU,OilCrop,OilCropAEZ10,OilCropAEZ10,1975,SO2_AWB,5.01108995410529e-05
Europe_Non_EU,OilCrop,OilCropAEZ11,OilCropAEZ11,1975,SO2_AWB,1.33577679328679e-05
Europe_Non_EU,OilCrop,OilCropAEZ12,OilCropAEZ12,1975,SO2_AWB,6.28824462943742e-07
Europe_Non_EU,OilCrop,OilCropAEZ14,OilCropAEZ14,1975,SO2_AWB,6.72563833898276e-07
Europe_Non_EU,OilCrop,OilCropAEZ15,OilCropAEZ15,1975,SO2_AWB,3.01237985375177e-07
Europe_Non_EU,OilCrop,OilCropAEZ16,OilCropAEZ16,1975,SO2_AWB,2.00956410609288e-07
Europe_Non_EU,OtherGrain,OtherGrainAEZ07,OtherGrainAEZ07,1975,SO2_AWB,1.34927846197715e-06
Europe_Non_EU,OtherGrain,OtherGrainAEZ08,OtherGrainAEZ08,1975,SO2_AWB,0.000224419633741805
Europe_Non_EU,OtherGrain,OtherGrainAEZ09,OtherGrainAEZ09,1975,SO2_AWB,0.00015934900625292
Europe_Non_EU,OtherGrain,OtherGrainAEZ10,OtherGrainAEZ10,1975,SO2_AWB,6.7209292231643e-05
Europe_Non_EU,OtherGrain,OtherGrainAEZ11,OtherGrainAEZ11,1975,SO2_AWB,2.00833085754169e-05
Europe_Non_EU,OtherGrain,OtherGrainAEZ12,OtherGrainAEZ12,1975,SO2_AWB,7.39163732883003e-07
Europe_Non_EU,OtherGrain,OtherGrainAEZ14,OtherGrainAEZ14,1975,SO2_AWB,2.35408633146225e-06
Europe_Non_EU,OtherGrain,OtherGrainAEZ15,OtherGrainAEZ15,1975,SO2_AWB,1.54874100754095e-06
Europe_Non_EU,OtherGrain,OtherGrainAEZ16,OtherGrainAEZ16,1975,SO2_AWB,1.98238848965241e-07
Europe_Non_EU,PalmFruit,PalmFruitAEZ07,PalmFruitAEZ07,1975,SO2_AWB,0
Europe_Non_EU,PalmFruit,PalmFruitAEZ08,PalmFruitAEZ08,1975,SO2_AWB,0
Europe_Non_EU,PalmFruit,PalmFruitAEZ09,PalmFruitAEZ09,1975,SO2_AWB,0
Europe_Non_EU,PalmFruit,PalmFruitAEZ10,PalmFruitAEZ10,1975,SO2_AWB,0
Europe_Non_EU,PalmFruit,PalmFruitAEZ11,PalmFruitAEZ11,1975,SO2_AWB,0
Europe_Non_EU,PalmFruit,PalmFruitAEZ12,PalmFruitAEZ12,1975,SO2_AWB,0
Europe_Non_EU,PalmFruit,PalmFruitAEZ14,PalmFruitAEZ14,1975,SO2_AWB,0
Europe_Non_EU,PalmFruit,PalmFruitAEZ15,PalmFruitAEZ15,1975,SO2_AWB,0
Europe_Non_EU,PalmFruit,PalmFruitAEZ16,PalmFruitAEZ16,1975,SO2_AWB,0
Europe_Non_EU,Rice,RiceAEZ07,RiceAEZ07,1975,SO2_AWB,0
Europe_Non_EU,Rice,RiceAEZ08,RiceAEZ08,1975,SO2_AWB,2.63558939066205e-06
Europe_Non_EU,Rice,RiceAEZ09,RiceAEZ09,1975,SO2_AWB,1.2938726359125e-05
Europe_Non_EU,Rice,RiceAEZ10,RiceAEZ10,1975,SO2_AWB,6.7486333061676e-06
Europe_Non_EU,Rice,RiceAEZ11,RiceAEZ11,1975,SO2_AWB,2.58384080128084e-09
Europe_Non_EU,Rice,RiceAEZ12,RiceAEZ12,1975,SO2_AWB,0
Europe_Non_EU,Rice,RiceAEZ14,RiceAEZ14,1975,SO2_AWB,5.09590824697055e-09
Europe_Non_EU,Rice,RiceAEZ15,RiceAEZ15,1975,SO2_AWB,0
Europe_Non_EU,Rice,RiceAEZ16,RiceAEZ16,1975,SO2_AWB,0
Europe_Non_EU,Root_Tuber,Root_TuberAEZ07,Root_TuberAEZ07,1975,SO2_AWB,1.18803681234384e-07
Europe_Non_EU,Root_Tuber,Root_TuberAEZ08,Root_TuberAEZ08,1975,SO2_AWB,0.000146399738330348
Europe_Non_EU,Root_Tuber,Root_TuberAEZ09,Root_TuberAEZ09,1975,SO2_AWB,6.83357780287111e-05
Europe_Non_EU,Root_Tuber,Root_TuberAEZ10,Root_TuberAEZ10,1975,SO2_AWB,9.81307968178828e-05
Europe_Non_EU,Root_Tuber,Root_TuberAEZ11,Root_TuberAEZ11,1975,SO2_AWB,5.04666604893415e-05
Europe_Non_EU,Root_Tuber,Root_TuberAEZ12,Root_TuberAEZ12,1975,SO2_AWB,3.06578118833917e-06
Europe_Non_EU,Root_Tuber,Root_TuberAEZ14,Root_TuberAEZ14,1975,SO2_AWB,2.39759747153892e-06
Europe_Non_EU,Root_Tuber,Root_TuberAEZ15,Root_TuberAEZ15,1975,SO2_AWB,1.52202925343749e-06
Europe_Non_EU,Root_Tuber,Root_TuberAEZ16,Root_TuberAEZ16,1975,SO2_AWB,5.65435930561137e-07
Europe_Non_EU,SugarCrop,SugarCropAEZ07,SugarCropAEZ07,1975,SO2_AWB,3.01510920735231e-06
Europe_Non_EU,SugarCrop,SugarCropAEZ08,SugarCropAEZ08,1975,SO2_AWB,0.000412510222934327
Europe_Non_EU,SugarCrop,SugarCropAEZ09,SugarCropAEZ09,1975,SO2_AWB,0.000239165966485161
Europe_Non_EU,SugarCrop,SugarCropAEZ10,SugarCropAEZ10,1975,SO2_AWB,0.0001123007912588
Europe_Non_EU,SugarCrop,SugarCropAEZ11,SugarCropAEZ11,1975,SO2_AWB,5.28095940138636e-05
Europe_Non_EU,SugarCrop,SugarCropAEZ12,SugarCropAEZ12,1975,SO2_AWB,2.98825985941679e-06
Europe_Non_EU,SugarCrop,SugarCropAEZ14,SugarCropAEZ14,1975,SO2_AWB,4.15020914423789e-06
Europe_Non_EU,SugarCrop,SugarCropAEZ15,SugarCropAEZ15,1975,SO2_AWB,2.23182536853423e-06
Europe_Non_EU,SugarCrop,SugarCropAEZ16,SugarCropAEZ16,1975,SO2_AWB,4.56225486064719e-07
Europe_Non_EU,Wheat,WheatAEZ07,WheatAEZ07,1975,SO2_AWB,1.87342335426127e-06
Europe_Non_EU,Wheat,WheatAEZ08,WheatAEZ08,1975,SO2_AWB,0.000427638895087994
Europe_Non_EU,Wheat,WheatAEZ09,WheatAEZ09,1975,SO2_AWB,0.000426475774987324
Europe_Non_EU,Wheat,WheatAEZ10,WheatAEZ10,1975,SO2_AWB,0.000426623661282763
Europe_Non_EU,Wheat,WheatAEZ11,WheatAEZ11,1975,SO2_AWB,9.86336007748897e-05
Europe_Non_EU,Wheat,WheatAEZ12,WheatAEZ12,1975,SO2_AWB,3.386377556121e-06
Europe_Non_EU,Wheat,WheatAEZ14,WheatAEZ14,1975,SO2_AWB,2.92310290868935e-06
Europe_Non_EU,Wheat,WheatAEZ15,WheatAEZ15,1975,SO2_AWB,2.24724540429315e-06
Europe_Non_EU,Wheat,WheatAEZ16,WheatAEZ16,1975,SO2_AWB,9.67553325639661e-07
European Free Trade Association,Corn,CornAEZ10,CornAEZ10,1975,CH4_AWB,2.160789168421e-06
European Free Trade Association,Corn,CornAEZ13,CornAEZ13,1975,CH4_AWB,0
European Free Trade Association,Corn,CornAEZ14,CornAEZ14,1975,CH4_AWB,2.71169850234875e-08
European Free Trade Association,Corn,CornAEZ15,CornAEZ15,1975,CH4_AWB,3.88313408652923e-07
European Free Trade Association,Corn,CornAEZ16,CornAEZ16,1975,CH4_AWB,0
European Free Trade Association,FiberCrop,FiberCropAEZ10,FiberCropAEZ10,1975,CH4_AWB,0
European Free Trade Association,FiberCrop,FiberCropAEZ13,FiberCropAEZ13,1975,CH4_AWB,0
European Free Trade Association,FiberCrop,FiberCropAEZ14,FiberCropAEZ14,1975,CH4_AWB,0
European Free Trade Association,FiberCrop,FiberCropAEZ15,FiberCropAEZ15,1975,CH4_AWB,0
European Free Trade Association,FiberCrop,FiberCropAEZ16,FiberCropAEZ16,1975,CH4_AWB,0
European Free Trade Association,FodderGrass,FodderGrassAEZ10,FodderGrassAEZ10,1975,CH4_AWB,4.43076254123602e-05
European Free Trade Association,FodderGrass,FodderGrassAEZ13,FodderGrassAEZ13,1975,CH4_AWB,0
European Free Trade Association,FodderGrass,FodderGrassAEZ14,FodderGrassAEZ14,1975,CH4_AWB,1.62133613035216e-06
European Free Trade Association,FodderGrass,FodderGrassAEZ15,FodderGrassAEZ15,1975,CH4_AWB,2.2088438413564e-05
European Free Trade Association,FodderGrass,FodderGrassAEZ16,FodderGrassAEZ16,1975,CH4_AWB,7.57724549382622e-06
European Free Trade Association,FodderHerb,FodderHerbAEZ10,FodderHerbAEZ10,1975,CH4_AWB,3.02893786882229e-05
European Free Trade Association,FodderHerb,FodderHerbAEZ13,FodderHerbAEZ13,1975,CH4_AWB,0
European Free Trade Association,FodderHerb,FodderHerbAEZ14,FodderHerbAEZ14,1975,CH4_AWB,4.37286962783482e-07
European Free Trade Association,FodderHerb,FodderHerbAEZ15,FodderHerbAEZ15,1975,CH4_AWB,3.6991638575884e-06
European Free Trade Association,FodderHerb,FodderHerbAEZ16,FodderHerbAEZ16,1975,CH4_AWB,0
European Free Trade Association,MiscCrop,MiscCropAEZ10,MiscCropAEZ10,1975,CH4_AWB,2.32046275001272e-05
European Free Trade Association,MiscCrop,MiscCropAEZ13,MiscCropAEZ13,1975,CH4_AWB,0
European Free Trade Association,MiscCrop,MiscCropAEZ14,MiscCropAEZ14,1975,CH4_AWB,1.93019073567278e-07
European Free Trade Association,MiscCrop,MiscCropAEZ15,MiscCropAEZ15,1975,CH4_AWB,2.66594734285807e-06
European Free Trade Association,MiscCrop,MiscCropAEZ16,MiscCropAEZ16,1975,CH4_AWB,5.21130920905256e-08
European Free Trade Association,OilCrop,OilCropAEZ10,OilCropAEZ10,1975,CH4_AWB,5.11105727263264e-07
European Free Trade Association,OilCrop,OilCropAEZ13,OilCropAEZ13,1975,CH4_AWB,0
European Free Trade Association,OilCrop,OilCropAEZ14,OilCropAEZ14,1975,CH4_AWB,6.80008825789895e-09
European Free Trade Association,OilCrop,OilCropAEZ15,OilCropAEZ15,1975,CH4_AWB,8.41074360357655e-08
European Free Trade Association,OilCrop,OilCropAEZ16,OilCropAEZ16,1975,CH4_AWB,1.38056172486649e-08
European Free Trade Association,OtherGrain,OtherGrainAEZ10,OtherGrainAEZ10,1975,CH4_AWB,1.37933165661002e-05
European Free Trade Association,OtherGrain,OtherGrainAEZ13,OtherGrainAEZ13,1975,CH4_AWB,0
European Free Trade Association,OtherGrain,OtherGrainAEZ14,OtherGrainAEZ14,1975,CH4_AWB,3.96238626481063e-07
European Free Trade Association,OtherGrain,OtherGrainAEZ15,OtherGrainAEZ15,1975,CH4_AWB,6.85367625302972e-06
European Free Trade Association,OtherGrain,OtherGrainAEZ16,OtherGrainAEZ16,1975,CH4_AWB,2.75015902652045e-06
European Free Trade Association,PalmFruit,PalmFruitAEZ10,PalmFruitAEZ10,1975,CH4_AWB,0
European Free Trade Association,PalmFruit,PalmFruitAEZ13,PalmFruitAEZ13,1975,CH4_AWB,0
European Free Trade Association,PalmFruit,PalmFruitAEZ14,PalmFruitAEZ14,1975,CH4_AWB,0
European Free Trade Association,PalmFruit,PalmFruitAEZ15,PalmFruitAEZ15,1975,CH4_AWB,0
European Free Trade Association,PalmFruit,PalmFruitAEZ16,PalmFruitAEZ16,1975,CH4_AWB,0
European Free Trade Association,Rice,RiceAEZ10,RiceAEZ10,1975,CH4_AWB,0
European Free Trade Association,Rice,RiceAEZ13,RiceAEZ13,1975,CH4_AWB,0
European Free Trade Association,Rice,RiceAEZ14,RiceAEZ14,1975,CH4_AWB,0
European Free Trade Association,Rice,RiceAEZ15,RiceAEZ15,1975,CH4_AWB,0
European Free Trade Association,Rice,RiceAEZ16,RiceAEZ16,1975,CH4_AWB,0
European Free Trade Association,Root_Tuber,Root_TuberAEZ10,Root_TuberAEZ10,1975,CH4_AWB,2.17772979031328e-05
European Free Trade Association,Root_Tuber,Root_TuberAEZ13,Root_TuberAEZ13,1975,CH4_AWB,0
European Free Trade Association,Root_Tuber,Root_TuberAEZ14,Root_TuberAEZ14,1975,CH4_AWB,3.93620168230985e-07
European Free Trade Association,Root_Tuber,Root_TuberAEZ15,Root_TuberAEZ15,1975,CH4_AWB,6.16067982432225e-06
European Free Trade Association,Root_Tuber,Root_TuberAEZ16,Root_TuberAEZ16,1975,CH4_AWB,1.95916575864362e-06
European Free Trade Association,SugarCrop,SugarCropAEZ10,SugarCropAEZ10,1975,CH4_AWB,9.75025881320485e-06
European Free Trade Association,SugarCrop,SugarCropAEZ13,SugarCropAEZ13,1975,CH4_AWB,0
European Free Trade Association,SugarCrop,SugarCropAEZ14,SugarCropAEZ14,1975,CH4_AWB,1.08270261926469e-07
European Free Trade Association,SugarCrop,SugarCropAEZ15,SugarCropAEZ15,1975,CH4_AWB,1.07435286431703e-06
European Free Trade Association,SugarCrop,SugarCropAEZ16,SugarCropAEZ16,1975,CH4_AWB,0
European Free Trade Association,Wheat,WheatAEZ10,WheatAEZ10,1975,CH4_AWB,6.43598280927691e-06
European Free Trade Association,Wheat,WheatAEZ13,WheatAEZ13,1975,CH4_AWB,0
European Free Trade Association,Wheat,WheatAEZ14,WheatAEZ14,1975,CH4_AWB,1.38449439522654e-07
European Free Trade Association,Wheat,WheatAEZ15,WheatAEZ15,1975,CH4_AWB,1.62820885730588e-06
European Free Trade Association,Wheat,WheatAEZ16,WheatAEZ16,1975,CH4_AWB,4.47202429741636e-07
European Free Trade Association,Corn,CornAEZ10,CornAEZ10,1975,CO_AWB,9.01185462599102e-05
European Free Trade Association,Corn,CornAEZ13,CornAEZ13,1975,CO_AWB,0
European Free Trade Association,Corn,CornAEZ14,CornAEZ14,1975,CO_AWB,1.13094942578512e-06
European Free Trade Association,Corn,CornAEZ15,CornAEZ15,1975,CO_AWB,1.61951200017371e-05
European Free Trade Association,Corn,CornAEZ16,CornAEZ16,1975,CO_AWB,0
European Free Trade Association,FiberCrop,FiberCropAEZ10,FiberCropAEZ10,1975,CO_AWB,0
European Free Trade Association,FiberCrop,FiberCropAEZ13,FiberCropAEZ13,1975,CO_AWB,0
European Free Trade Association,FiberCrop,FiberCropAEZ14,FiberCropAEZ14,1975,CO_AWB,0
European Free Trade Association,FiberCrop,FiberCropAEZ15,FiberCropAEZ15,1975,CO_AWB,0
European Free Trade Association,FiberCrop,FiberCropAEZ16,FiberCropAEZ16,1975,CO_AWB,0
European Free Trade Association,FodderGrass,FodderGrassAEZ10,FodderGrassAEZ10,1975,CO_AWB,0.00184790762965014
European Free Trade Association,FodderGrass,FodderGrassAEZ13,FodderGrassAEZ13,1975,CO_AWB,0
European Free Trade Association,FodderGrass,FodderGrassAEZ14,FodderGrassAEZ14,1975,CO_AWB,6.76199497856502e-05
European Free Trade Association,FodderGrass,FodderGrassAEZ15,FodderGrassAEZ15,1975,CO_AWB,0.000921227294209626
European Free Trade Association,FodderGrass,FodderGrassAEZ16,FodderGrassAEZ16,1975,CO_AWB,0.000316018961283977
European Free Trade Association,FodderHerb,FodderHerbAEZ10,FodderHerbAEZ10,1975,CO_AWB,0.00126325826433739
European Free Trade Association,FodderHerb,FodderHerbAEZ13,FodderHerbAEZ13,1975,CO_AWB,0
European Free Trade Association,FodderHerb,FodderHerbAEZ14,FodderHerbAEZ14,1975,CO_AWB,1.82376263081955e-05
European Free Trade Association,FodderHerb,FodderHerbAEZ15,FodderHerbAEZ15,1975,CO_AWB,0.000154278480332569
European Free Trade Association,FodderHerb,FodderHerbAEZ16,FodderHerbAEZ16,1975,CO_AWB,0
European Free Trade Association,MiscCrop,MiscCropAEZ10,MiscCropAEZ10,1975,CO_AWB,0.000967779424006607
European Free Trade Association,MiscCrop,MiscCropAEZ13,MiscCropAEZ13,1975,CO_AWB,0
European Free Trade Association,MiscCrop,MiscCropAEZ14,MiscCropAEZ14,1975,CO_AWB,8.05011361799301e-06
European Free Trade Association,MiscCrop,MiscCropAEZ15,MiscCropAEZ15,1975,CO_AWB,0.000111186830466854
European Free Trade Association,MiscCrop,MiscCropAEZ16,MiscCropAEZ16,1975,CO_AWB,2.17344485475131e-06
European Free Trade Association,OilCrop,OilCropAEZ10,OilCropAEZ10,1975,CO_AWB,2.13163346980945e-05
European Free Trade Association,OilCrop,OilCropAEZ13,OilCropAEZ13,1975,CO_AWB,0
European Free Trade Association,OilCrop,OilCropAEZ14,OilCropAEZ14,1975,CO_AWB,2.83606599476224e-07
European Free Trade Association,OilCrop,OilCropAEZ15,OilCropAEZ15,1975,CO_AWB,3.50781093128599e-06
European Free Trade Association,OilCrop,OilCropAEZ16,OilCropAEZ16,1975,CO_AWB,5.7578137416321e-07
European Free Trade Association,OtherGrain,OtherGrainAEZ10,OtherGrainAEZ10,1975,CO_AWB,0.000575268358063843
European Free Trade Association,OtherGrain,OtherGrainAEZ13,OtherGrainAEZ13,1975,CO_AWB,0
European Free Trade Association,OtherGrain,OtherGrainAEZ14,OtherGrainAEZ14,1975,CO_AWB,1.6525651605608e-05
European Free Trade Association,OtherGrain,OtherGrainAEZ15,OtherGrainAEZ15,1975,CO_AWB,0.000285841557096683
European Free Trade Association,OtherGrain,OtherGrainAEZ16,OtherGrainAEZ16,1975,CO_AWB,0.000114698989182134
European Free Trade Association,PalmFruit,PalmFruitAEZ10,PalmFruitAEZ10,1975,CO_AWB,0
European Free Trade Association,PalmFruit,PalmFruitAEZ13,PalmFruitAEZ13,1975,CO_AWB,0
European Free Trade Association,PalmFruit,PalmFruitAEZ14,PalmFruitAEZ14,1975,CO_AWB,0
European Free Trade Association,PalmFruit,PalmFruitAEZ15,PalmFruitAEZ15,1975,CO_AWB,0
European Free Trade Association,PalmFruit,PalmFruitAEZ16,PalmFruitAEZ16,1975,CO_AWB,0
European Free Trade Association,Rice,RiceAEZ10,RiceAEZ10,1975,CO_AWB,0
European Free Trade Association,Rice,RiceAEZ13,RiceAEZ13,1975,CO_AWB,0
European Free Trade Association,Rice,RiceAEZ14,RiceAEZ14,1975,CO_AWB,0
European Free Trade Association,Rice,RiceAEZ15,RiceAEZ15,1975,CO_AWB,0
European Free Trade Association,Rice,RiceAEZ16,RiceAEZ16,1975,CO_AWB,0
European Free Trade Association,Root_Tuber,Root_TuberAEZ10,Root_TuberAEZ10,1975,CO_AWB,0.000908250771144619
European Free Trade Association,Root_Tuber,Root_TuberAEZ13,Root_TuberAEZ13,1975,CO_AWB,0
European Free Trade Association,Root_Tuber,Root_TuberAEZ14,Root_TuberAEZ14,1975,CO_AWB,1.641644537004e-05
European Free Trade Association,Root_Tuber,Root_TuberAEZ15,Root_TuberAEZ15,1975,CO_AWB,0.000256939232135445
European Free Trade Association,Root_Tuber,Root_TuberAEZ16,Root_TuberAEZ16,1975,CO_AWB,8.17095775152262e-05
European Free Trade Association,SugarCrop,SugarCropAEZ10,SugarCropAEZ10,1975,CO_AWB,0.000406647331792205
European Free Trade Association,SugarCrop,SugarCropAEZ13,SugarCropAEZ13,1975,CO_AWB,0
European Free Trade Association,SugarCrop,SugarCropAEZ14,SugarCropAEZ14,1975,CO_AWB,4.51555327590018e-06
European Free Trade Association,SugarCrop,SugarCropAEZ15,SugarCropAEZ15,1975,CO_AWB,4.4807295277758e-05
European Free Trade Association,SugarCrop,SugarCropAEZ16,SugarCropAEZ16,1975,CO_AWB,0
European Free Trade Association,Wheat,WheatAEZ10,WheatAEZ10,1975,CO_AWB,0.000268421104197613
European Free Trade Association,Wheat,WheatAEZ13,WheatAEZ13,1975,CO_AWB,0
European Free Trade Association,Wheat,WheatAEZ14,WheatAEZ14,1975,CO_AWB,5.77421545915951e-06
European Free Trade Association,Wheat,WheatAEZ15,WheatAEZ15,1975,CO_AWB,6.79065858772049e-05
European Free Trade Association,Wheat,WheatAEZ16,WheatAEZ16,1975,CO_AWB,1.86511638623522e-05
European Free Trade Association,Corn,CornAEZ10,CornAEZ10,1975,N2O_AWB,5.58213666678788e-08
European Free Trade Association,Corn,CornAEZ13,CornAEZ13,1975,N2O_AWB,0
European Free Trade Association,Corn,CornAEZ14,CornAEZ14,1975,N2O_AWB,7.00534409393406e-10
European Free Trade Association,Corn,CornAEZ15,CornAEZ15,1975,N2O_AWB,1.00316058055347e-08
European Free Trade Association,Corn,CornAEZ16,CornAEZ16,1975,N2O_AWB,0
European Free Trade Association,FiberCrop,FiberCropAEZ10,FiberCropAEZ10,1975,N2O_AWB,0
European Free Trade Association,FiberCrop,FiberCropAEZ13,FiberCropAEZ13,1975,N2O_AWB,0
European Free Trade Association,FiberCrop,FiberCropAEZ14,FiberCropAEZ14,1975,N2O_AWB,0
European Free Trade Association,FiberCrop,FiberCropAEZ15,FiberCropAEZ15,1975,N2O_AWB,0
European Free Trade Association,FiberCrop,FiberCropAEZ16,FiberCropAEZ16,1975,N2O_AWB,0
European Free Trade Association,FodderGrass,FodderGrassAEZ10,FodderGrassAEZ10,1975,N2O_AWB,1.14463374792542e-06
European Free Trade Association,FodderGrass,FodderGrassAEZ13,FodderGrassAEZ13,1975,N2O_AWB,0
European Free Trade Association,FodderGrass,FodderGrassAEZ14,FodderGrassAEZ14,1975,N2O_AWB,4.18852519010009e-08
European Free Trade Association,FodderGrass,FodderGrassAEZ15,FodderGrassAEZ15,1975,N2O_AWB,5.70628008425939e-07
European Free Trade Association,FodderGrass,FodderGrassAEZ16,FodderGrassAEZ16,1975,N2O_AWB,1.95748944517569e-07
European Free Trade Association,FodderHerb,FodderHerbAEZ10,FodderHerbAEZ10,1975,N2O_AWB,7.8248935093148e-07
European Free Trade Association,FodderHerb,FodderHerbAEZ13,FodderHerbAEZ13,1975,N2O_AWB,0
European Free Trade Association,FodderHerb,FodderHerbAEZ14,FodderHerbAEZ14,1975,N2O_AWB,1.12967781611278e-08
European Free Trade Association,FodderHerb,FodderHerbAEZ15,FodderHerbAEZ15,1975,N2O_AWB,9.55634103857996e-08
European Free Trade Association,FodderHerb,FodderHerbAEZ16,FodderHerbAEZ16,1975,N2O_AWB,0
European Free Trade Association,MiscCrop,MiscCropAEZ10,MiscCropAEZ10,1975,N2O_AWB,5.9946339930179e-07
European Free Trade Association,MiscCrop,MiscCropAEZ13,MiscCropAEZ13,1975,N2O_AWB,0
European Free Trade Association,MiscCrop,MiscCropAEZ14,MiscCropAEZ14,1975,N2O_AWB,4.98641359229268e-09
European Free Trade Association,MiscCrop,MiscCropAEZ15,MiscCropAEZ15,1975,N2O_AWB,6.88715152398166e-08
European Free Trade Association,MiscCrop,MiscCropAEZ16,MiscCropAEZ16,1975,N2O_AWB,1.3462785098594e-09
European Free Trade Association,OilCrop,OilCropAEZ10,OilCropAEZ10,1975,N2O_AWB,1.3203796383552e-08
European Free Trade Association,OilCrop,OilCropAEZ13,OilCropAEZ13,1975,N2O_AWB,0
European Free Trade Association,OilCrop,OilCropAEZ14,OilCropAEZ14,1975,N2O_AWB,1.75672030184925e-10
European Free Trade Association,OilCrop,OilCropAEZ15,OilCropAEZ15,1975,N2O_AWB,2.1728135697193e-09
European Free Trade Association,OilCrop,OilCropAEZ16,OilCropAEZ16,1975,N2O_AWB,3.5665137246003e-10
European Free Trade Association,OtherGrain,OtherGrainAEZ10,OtherGrainAEZ10,1975,N2O_AWB,3.56333599249323e-07
European Free Trade Association,OtherGrain,OtherGrainAEZ13,OtherGrainAEZ13,1975,N2O_AWB,0
European Free Trade Association,OtherGrain,OtherGrainAEZ14,OtherGrainAEZ14,1975,N2O_AWB,1.02363441931446e-08
European Free Trade Association,OtherGrain,OtherGrainAEZ15,OtherGrainAEZ15,1975,N2O_AWB,1.77056411025458e-07
European Free Trade Association,OtherGrain,OtherGrainAEZ16,OtherGrainAEZ16,1975,N2O_AWB,7.10470219204948e-08
European Free Trade Association,PalmFruit,PalmFruitAEZ10,PalmFruitAEZ10,1975,N2O_AWB,0
European Free Trade Association,PalmFruit,PalmFruitAEZ13,PalmFruitAEZ13,1975,N2O_AWB,0
European Free Trade Association,PalmFruit,PalmFruitAEZ14,PalmFruitAEZ14,1975,N2O_AWB,0
European Free Trade Association,PalmFruit,PalmFruitAEZ15,PalmFruitAEZ15,1975,N2O_AWB,0
European Free Trade Association,PalmFruit,PalmFruitAEZ16,PalmFruitAEZ16,1975,N2O_AWB,0
European Free Trade Association,Rice,RiceAEZ10,RiceAEZ10,1975,N2O_AWB,0
European Free Trade Association,Rice,RiceAEZ13,RiceAEZ13,1975,N2O_AWB,0
European Free Trade Association,Rice,RiceAEZ14,RiceAEZ14,1975,N2O_AWB,0
European Free Trade Association,Rice,RiceAEZ15,RiceAEZ15,1975,N2O_AWB,0
European Free Trade Association,Rice,RiceAEZ16,RiceAEZ16,1975,N2O_AWB,0
European Free Trade Association,Root_Tuber,Root_TuberAEZ10,Root_TuberAEZ10,1975,N2O_AWB,5.6259007081877e-07
European Free Trade Association,Root_Tuber,Root_TuberAEZ13,Root_TuberAEZ13,1975,N2O_AWB,0
European Free Trade Association,Root_Tuber,Root_TuberAEZ14,Root_TuberAEZ14,1975,N2O_AWB,1.01686995010024e-08
European Free Trade Association,Root_Tuber,Root_TuberAEZ15,Root_TuberAEZ15,1975,N2O_AWB,1.59153689042323e-07
European Free Trade Association,Root_Tuber,Root_TuberAEZ16,Root_TuberAEZ16,1975,N2O_AWB,5.06126704884937e-08
European Free Trade Association,SugarCrop,SugarCropAEZ10,SugarCropAEZ10,1975,N2O_AWB,2.51886107294935e-07
European Free Trade Association,SugarCrop,SugarCropAEZ13,SugarCropAEZ13,1975,N2O_AWB,0
European Free Trade Association,SugarCrop,SugarCropAEZ14,SugarCropAEZ14,1975,N2O_AWB,2.79703086194254e-09
European Free Trade Association,SugarCrop,SugarCropAEZ15,SugarCropAEZ15,1975,N2O_AWB,2.77546028303868e-08
European Free Trade Association,SugarCrop,SugarCropAEZ16,SugarCropAEZ16,1975,N2O_AWB,0
European Free Trade Association,Wheat,WheatAEZ10,WheatAEZ10,1975,N2O_AWB,1.66265807657368e-07
European Free Trade Association,Wheat,WheatAEZ13,WheatAEZ13,1975,N2O_AWB,0
European Free Trade Association,Wheat,WheatAEZ14,WheatAEZ14,1975,N2O_AWB,3.57667330135867e-09
European Free Trade Association,Wheat,WheatAEZ15,WheatAEZ15,1975,N2O_AWB,4.20628004637659e-08
European Free Trade Association,Wheat,WheatAEZ16,WheatAEZ16,1975,N2O_AWB,1.15529322204147e-08
European Free Trade Association,Corn,CornAEZ10,CornAEZ10,1975,NH3_AWB,1.03827597946329e-06
European Free Trade Association,Corn,CornAEZ13,CornAEZ13,1975,NH3_AWB,0
European Free Trade Association,Corn,CornAEZ14,CornAEZ14,1975,NH3_AWB,1.30299219363114e-08
European Free Trade Association,Corn,CornAEZ15,CornAEZ15,1975,NH3_AWB,1.86587609101385e-07
European Free Trade Association,Corn,CornAEZ16,CornAEZ16,1975,NH3_AWB,0
European Free Trade Association,FiberCrop,FiberCropAEZ10,FiberCropAEZ10,1975,NH3_AWB,0
European Free Trade Association,FiberCrop,FiberCropAEZ13,FiberCropAEZ13,1975,NH3_AWB,0
European Free Trade Association,FiberCrop,FiberCropAEZ14,FiberCropAEZ14,1975,NH3_AWB,0
European Free Trade Association,FiberCrop,FiberCropAEZ15,FiberCropAEZ15,1975,NH3_AWB,0
European Free Trade Association,FiberCrop,FiberCropAEZ16,FiberCropAEZ16,1975,NH3_AWB,0
European Free Trade Association,FodderGrass,FodderGrassAEZ10,FodderGrassAEZ10,1975,NH3_AWB,2.12901581723164e-05
European Free Trade Association,FodderGrass,FodderGrassAEZ13,FodderGrassAEZ13,1975,NH3_AWB,0
European Free Trade Association,FodderGrass,FodderGrassAEZ14,FodderGrassAEZ14,1975,NH3_AWB,7.79064604442996e-07
European Free Trade Association,FodderGrass,FodderGrassAEZ15,FodderGrassAEZ15,1975,NH3_AWB,1.06136662307581e-05
European Free Trade Association,FodderGrass,FodderGrassAEZ16,FodderGrassAEZ16,1975,NH3_AWB,3.64092531641357e-06
European Free Trade Association,FodderHerb,FodderHerbAEZ10,FodderHerbAEZ10,1975,NH3_AWB,1.45542817339419e-05
European Free Trade Association,FodderHerb,FodderHerbAEZ13,FodderHerbAEZ13,1975,NH3_AWB,0
European Free Trade Association,FodderHerb,FodderHerbAEZ14,FodderHerbAEZ14,1975,NH3_AWB,2.10119782265628e-07
European Free Trade Association,FodderHerb,FodderHerbAEZ15,FodderHerbAEZ15,1975,NH3_AWB,1.7774769670099e-06
European Free Trade Association,FodderHerb,FodderHerbAEZ16,FodderHerbAEZ16,1975,NH3_AWB,0
European Free Trade Association,MiscCrop,MiscCropAEZ10,MiscCropAEZ10,1975,NH3_AWB,1.11500037569057e-05
European Free Trade Association,MiscCrop,MiscCropAEZ13,MiscCropAEZ13,1975,NH3_AWB,0
European Free Trade Association,MiscCrop,MiscCropAEZ14,MiscCropAEZ14,1975,NH3_AWB,9.27471641343011e-08
European Free Trade Association,MiscCrop,MiscCropAEZ15,MiscCropAEZ15,1975,NH3_AWB,1.28100840612147e-06
European Free Trade Association,MiscCrop,MiscCropAEZ16,MiscCropAEZ16,1975,NH3_AWB,2.50407455405243e-08
European Free Trade Association,OilCrop,OilCropAEZ10,OilCropAEZ10,1975,NH3_AWB,2.45590271989076e-07
European Free Trade Association,OilCrop,OilCropAEZ13,OilCropAEZ13,1975,NH3_AWB,0
European Free Trade Association,OilCrop,OilCropAEZ14,OilCropAEZ14,1975,NH3_AWB,3.26749522794315e-09
European Free Trade Association,OilCrop,OilCropAEZ15,OilCropAEZ15,1975,NH3_AWB,4.04142763238649e-08
European Free Trade Association,OilCrop,OilCropAEZ16,OilCropAEZ16,1975,NH3_AWB,6.6337063238e-09
European Free Trade Association,OtherGrain,OtherGrainAEZ10,OtherGrainAEZ10,1975,NH3_AWB,6.62779575028148e-06
European Free Trade Association,OtherGrain,OtherGrainAEZ13,OtherGrainAEZ13,1975,NH3_AWB,0
European Free Trade Association,OtherGrain,OtherGrainAEZ14,OtherGrainAEZ14,1975,NH3_AWB,1.90395737827328e-07
European Free Trade Association,OtherGrain,OtherGrainAEZ15,OtherGrainAEZ15,1975,NH3_AWB,3.2932446758509e-06
European Free Trade Association,OtherGrain,OtherGrainAEZ16,OtherGrainAEZ16,1975,NH3_AWB,1.32147277423967e-06
European Free Trade Association,PalmFruit,PalmFruitAEZ10,PalmFruitAEZ10,1975,NH3_AWB,0
European Free Trade Association,PalmFruit,PalmFruitAEZ13,PalmFruitAEZ13,1975,NH3_AWB,0
European Free Trade Association,PalmFruit,PalmFruitAEZ14,PalmFruitAEZ14,1975,NH3_AWB,0
European Free Trade Association,PalmFruit,PalmFruitAEZ15,PalmFruitAEZ15,1975,NH3_AWB,0
European Free Trade Association,PalmFruit,PalmFruitAEZ16,PalmFruitAEZ16,1975,NH3_AWB,0
European Free Trade Association,Rice,RiceAEZ10,RiceAEZ10,1975,NH3_AWB,0
European Free Trade Association,Rice,RiceAEZ13,RiceAEZ13,1975,NH3_AWB,0
European Free Trade Association,Rice,RiceAEZ14,RiceAEZ14,1975,NH3_AWB,0
European Free Trade Association,Rice,RiceAEZ15,RiceAEZ15,1975,NH3_AWB,0
European Free Trade Association,Rice,RiceAEZ16,RiceAEZ16,1975,NH3_AWB,0
European Free Trade Association,Root_Tuber,Root_TuberAEZ10,Root_TuberAEZ10,1975,NH3_AWB,1.04641607986965e-05
European Free Trade Association,Root_Tuber,Root_TuberAEZ13,Root_TuberAEZ13,1975,NH3_AWB,0
European Free Trade Association,Root_Tuber,Root_TuberAEZ14,Root_TuberAEZ14,1975,NH3_AWB,1.89137548299161e-07
European Free Trade Association,Root_Tuber,Root_TuberAEZ15,Root_TuberAEZ15,1975,NH3_AWB,2.96025450897284e-06
European Free Trade Association,Root_Tuber,Root_TuberAEZ16,Root_TuberAEZ16,1975,NH3_AWB,9.41394364945429e-07
European Free Trade Association,SugarCrop,SugarCropAEZ10,SugarCropAEZ10,1975,NH3_AWB,4.6850750953637e-06
European Free Trade Association,SugarCrop,SugarCropAEZ13,SugarCropAEZ13,1975,NH3_AWB,0
European Free Trade Association,SugarCrop,SugarCropAEZ14,SugarCropAEZ14,1975,NH3_AWB,5.20247018502962e-08
European Free Trade Association,SugarCrop,SugarCropAEZ15,SugarCropAEZ15,1975,NH3_AWB,5.16234896393474e-07
European Free Trade Association,SugarCrop,SugarCropAEZ16,SugarCropAEZ16,1975,NH3_AWB,0
European Free Trade Association,Wheat,WheatAEZ10,WheatAEZ10,1975,NH3_AWB,3.09253973167313e-06
European Free Trade Association,Wheat,WheatAEZ13,WheatAEZ13,1975,NH3_AWB,0
European Free Trade Association,Wheat,WheatAEZ14,WheatAEZ14,1975,NH3_AWB,6.65260311035216e-08
European Free Trade Association,Wheat,WheatAEZ15,WheatAEZ15,1975,NH3_AWB,7.82367003128502e-07
European Free Trade Association,Wheat,WheatAEZ16,WheatAEZ16,1975,NH3_AWB,2.14884241157902e-07
European Free Trade Association,Corn,CornAEZ10,CornAEZ10,1975,NMVOC_AWB,5.58213666678788e-06
European Free Trade Association,Corn,CornAEZ13,CornAEZ13,1975,NMVOC_AWB,0
European Free Trade Association,Corn,CornAEZ14,CornAEZ14,1975,NMVOC_AWB,7.00534409393406e-08
European Free Trade Association,Corn,CornAEZ15,CornAEZ15,1975,NMVOC_AWB,1.00316058055347e-06
European Free Trade Association,Corn,CornAEZ16,CornAEZ16,1975,NMVOC_AWB,0
European Free Trade Association,FiberCrop,FiberCropAEZ10,FiberCropAEZ10,1975,NMVOC_AWB,0
European Free Trade Association,FiberCrop,FiberCropAEZ13,FiberCropAEZ13,1975,NMVOC_AWB,0
European Free Trade Association,FiberCrop,FiberCropAEZ14,FiberCropAEZ14,1975,NMVOC_AWB,0
European Free Trade Association,FiberCrop,FiberCropAEZ15,FiberCropAEZ15,1975,NMVOC_AWB,0
European Free Trade Association,FiberCrop,FiberCropAEZ16,FiberCropAEZ16,1975,NMVOC_AWB,0
European Free Trade Association,FodderGrass,FodderGrassAEZ10,FodderGrassAEZ10,1975,NMVOC_AWB,0.000114463374792542
European Free Trade Association,FodderGrass,FodderGrassAEZ13,FodderGrassAEZ13,1975,NMVOC_AWB,0
European Free Trade Association,FodderGrass,FodderGrassAEZ14,FodderGrassAEZ14,1975,NMVOC_AWB,4.18852519010009e-06
European Free Trade Association,FodderGrass,FodderGrassAEZ15,FodderGrassAEZ15,1975,NMVOC_AWB,5.70628008425939e-05
European Free Trade Association,FodderGrass,FodderGrassAEZ16,FodderGrassAEZ16,1975,NMVOC_AWB,1.95748944517569e-05
European Free Trade Association,FodderHerb,FodderHerbAEZ10,FodderHerbAEZ10,1975,NMVOC_AWB,7.8248935093148e-05
European Free Trade Association,FodderHerb,FodderHerbAEZ13,FodderHerbAEZ13,1975,NMVOC_AWB,0
European Free Trade Association,FodderHerb,FodderHerbAEZ14,FodderHerbAEZ14,1975,NMVOC_AWB,1.12967781611278e-06
European Free Trade Association,FodderHerb,FodderHerbAEZ15,FodderHerbAEZ15,1975,NMVOC_AWB,9.55634103857996e-06
European Free Trade Association,FodderHerb,FodderHerbAEZ16,FodderHerbAEZ16,1975,NMVOC_AWB,0
European Free Trade Association,MiscCrop,MiscCropAEZ10,MiscCropAEZ10,1975,NMVOC_AWB,5.9946339930179e-05
European Free Trade Association,MiscCrop,MiscCropAEZ13,MiscCropAEZ13,1975,NMVOC_AWB,0
European Free Trade Association,MiscCrop,MiscCropAEZ14,MiscCropAEZ14,1975,NMVOC_AWB,4.98641359229268e-07
European Free Trade Association,MiscCrop,MiscCropAEZ15,MiscCropAEZ15,1975,NMVOC_AWB,6.88715152398166e-06
European Free Trade Association,MiscCrop,MiscCropAEZ16,MiscCropAEZ16,1975,NMVOC_AWB,1.3462785098594e-07
European Free Trade Association,OilCrop,OilCropAEZ10,OilCropAEZ10,1975,NMVOC_AWB,1.3203796383552e-06
European Free Trade Association,OilCrop,OilCropAEZ13,OilCropAEZ13,1975,NMVOC_AWB,0
European Free Trade Association,OilCrop,OilCropAEZ14,OilCropAEZ14,1975,NMVOC_AWB,1.75672030184925e-08
European Free Trade Association,OilCrop,OilCropAEZ15,OilCropAEZ15,1975,NMVOC_AWB,2.1728135697193e-07
European Free Trade Association,OilCrop,OilCropAEZ16,OilCropAEZ16,1975,NMVOC_AWB,3.5665137246003e-08
European Free Trade Association,OtherGrain,OtherGrainAEZ10,OtherGrainAEZ10,1975,NMVOC_AWB,3.56333599249323e-05
European Free Trade Association,OtherGrain,OtherGrainAEZ13,OtherGrainAEZ13,1975,NMVOC_AWB,0
European Free Trade Association,OtherGrain,OtherGrainAEZ14,OtherGrainAEZ14,1975,NMVOC_AWB,1.02363441931446e-06
European Free Trade Association,OtherGrain,OtherGrainAEZ15,OtherGrainAEZ15,1975,NMVOC_AWB,1.77056411025458e-05
European Free Trade Association,OtherGrain,OtherGrainAEZ16,OtherGrainAEZ16,1975,NMVOC_AWB,7.10470219204948e-06
European Free Trade Association,PalmFruit,PalmFruitAEZ10,PalmFruitAEZ10,1975,NMVOC_AWB,0
European Free Trade Association,PalmFruit,PalmFruitAEZ13,PalmFruitAEZ13,1975,NMVOC_AWB,0
European Free Trade Association,PalmFruit,PalmFruitAEZ14,PalmFruitAEZ14,1975,NMVOC_AWB,0
European Free Trade Association,PalmFruit,PalmFruitAEZ15,PalmFruitAEZ15,1975,NMVOC_AWB,0
European Free Trade Association,PalmFruit,PalmFruitAEZ16,PalmFruitAEZ16,1975,NMVOC_AWB,0
European Free Trade Association,Rice,RiceAEZ10,RiceAEZ10,1975,NMVOC_AWB,0
European Free Trade Association,Rice,RiceAEZ13,RiceAEZ13,1975,NMVOC_AWB,0
European Free Trade Association,Rice,RiceAEZ14,RiceAEZ14,1975,NMVOC_AWB,0
European Free Trade Association,Rice,RiceAEZ15,RiceAEZ15,1975,NMVOC_AWB,0
European Free Trade Association,Rice,RiceAEZ16,RiceAEZ16,1975,NMVOC_AWB,0
European Free Trade Association,Root_Tuber,Root_TuberAEZ10,Root_TuberAEZ10,1975,NMVOC_AWB,5.6259007081877e-05
European Free Trade Association,Root_Tuber,Root_TuberAEZ13,Root_TuberAEZ13,1975,NMVOC_AWB,0
European Free Trade Association,Root_Tuber,Root_TuberAEZ14,Root_TuberAEZ14,1975,NMVOC_AWB,1.01686995010024e-06
European Free Trade Association,Root_Tuber,Root_TuberAEZ15,Root_TuberAEZ15,1975,NMVOC_AWB,1.59153689042323e-05
European Free Trade Association,Root_Tuber,Root_TuberAEZ16,Root_TuberAEZ16,1975,NMVOC_AWB,5.06126704884937e-06
European Free Trade Association,SugarCrop,SugarCropAEZ10,SugarCropAEZ10,1975,NMVOC_AWB,2.51886107294935e-05
European Free Trade Association,SugarCrop,SugarCropAEZ13,SugarCropAEZ13,1975,NMVOC_AWB,0
European Free Trade Association,SugarCrop,SugarCropAEZ14,SugarCropAEZ14,1975,NMVOC_AWB,2.79703086194254e-07
European Free Trade Association,SugarCrop,SugarCropAEZ15,SugarCropAEZ15,1975,NMVOC_AWB,2.77546028303868e-06
European Free Trade Association,SugarCrop,SugarCropAEZ16,SugarCropAEZ16,1975,NMVOC_AWB,0
European Free Trade Association,Wheat,WheatAEZ10,WheatAEZ10,1975,NMVOC_AWB,1.66265807657368e-05
European Free Trade Association,Wheat,WheatAEZ13,WheatAEZ13,1975,NMVOC_AWB,0
European Free Trade Association,Wheat,WheatAEZ14,WheatAEZ14,1975,NMVOC_AWB,3.57667330135867e-07
European Free Trade Association,Wheat,WheatAEZ15,WheatAEZ15,1975,NMVOC_AWB,4.20628004637659e-06
European Free Trade Association,Wheat,WheatAEZ16,WheatAEZ16,1975,NMVOC_AWB,1.15529322204147e-06
European Free Trade Association,Corn,CornAEZ10,CornAEZ10,1975,NOx_AWB,3.03464965675947e-06
European Free Trade Association,Corn,CornAEZ13,CornAEZ13,1975,NOx_AWB,0
European Free Trade Association,Corn,CornAEZ14,CornAEZ14,1975,NOx_AWB,3.80835624763946e-08
European Free Trade Association,Corn,CornAEZ15,CornAEZ15,1975,NOx_AWB,5.45354062999494e-07
European Free Trade Association,Corn,CornAEZ16,CornAEZ16,1975,NOx_AWB,0
European Free Trade Association,FiberCrop,FiberCropAEZ10,FiberCropAEZ10,1975,NOx_AWB,0
European Free Trade Association,FiberCrop,FiberCropAEZ13,FiberCropAEZ13,1975,NOx_AWB,0
European Free Trade Association,FiberCrop,FiberCropAEZ14,FiberCropAEZ14,1975,NOx_AWB,0
European Free Trade Association,FiberCrop,FiberCropAEZ15,FiberCropAEZ15,1975,NOx_AWB,0
European Free Trade Association,FiberCrop,FiberCropAEZ16,FiberCropAEZ16,1975,NOx_AWB,0
European Free Trade Association,FodderGrass,FodderGrassAEZ10,FodderGrassAEZ10,1975,NOx_AWB,6.22263949738795e-05
European Free Trade Association,FodderGrass,FodderGrassAEZ13,FodderGrassAEZ13,1975,NOx_AWB,0
European Free Trade Association,FodderGrass,FodderGrassAEZ14,FodderGrassAEZ14,1975,NOx_AWB,2.27703248580256e-06
European Free Trade Association,FodderGrass,FodderGrassAEZ15,FodderGrassAEZ15,1975,NOx_AWB,3.10213847004136e-05
European Free Trade Association,FodderGrass,FodderGrassAEZ16,FodderGrassAEZ16,1975,NOx_AWB,1.06416145420726e-05
European Free Trade Association,FodderHerb,FodderHerbAEZ10,FodderHerbAEZ10,1975,NOx_AWB,4.25389269730753e-05
European Free Trade Association,FodderHerb,FodderHerbAEZ13,FodderHerbAEZ13,1975,NOx_AWB,0
European Free Trade Association,FodderHerb,FodderHerbAEZ14,FodderHerbAEZ14,1975,NOx_AWB,6.14133368914468e-07
European Free Trade Association,FodderHerb,FodderHerbAEZ15,FodderHerbAEZ15,1975,NOx_AWB,5.19516966059711e-06
European Free Trade Association,FodderHerb,FodderHerbAEZ16,FodderHerbAEZ16,1975,NOx_AWB,0
European Free Trade Association,MiscCrop,MiscCropAEZ10,MiscCropAEZ10,1975,NOx_AWB,3.25889799465952e-05
European Free Trade Association,MiscCrop,MiscCropAEZ13,MiscCropAEZ13,1975,NOx_AWB,0
European Free Trade Association,MiscCrop,MiscCropAEZ14,MiscCropAEZ14,1975,NOx_AWB,2.71079323197923e-07
European Free Trade Association,MiscCrop,MiscCropAEZ15,MiscCropAEZ15,1975,NOx_AWB,3.74410252845491e-06
European Free Trade Association,MiscCrop,MiscCropAEZ16,MiscCropAEZ16,1975,NOx_AWB,7.31885272919767e-08
European Free Trade Association,OilCrop,OilCropAEZ10,OilCropAEZ10,1975,NOx_AWB,7.17805717686318e-07
European Free Trade Association,OilCrop,OilCropAEZ13,OilCropAEZ13,1975,NOx_AWB,0
European Free Trade Association,OilCrop,OilCropAEZ14,OilCropAEZ14,1975,NOx_AWB,9.55016148699357e-09
European Free Trade Association,OilCrop,OilCropAEZ15,OilCropAEZ15,1975,NOx_AWB,1.18121936941848e-07
European Free Trade Association,OilCrop,OilCropAEZ16,OilCropAEZ16,1975,NOx_AWB,1.93888474902105e-08
European Free Trade Association,OtherGrain,OtherGrainAEZ10,OtherGrainAEZ10,1975,NOx_AWB,1.93715721990028e-05
European Free Trade Association,OtherGrain,OtherGrainAEZ13,OtherGrainAEZ13,1975,NOx_AWB,0
European Free Trade Association,OtherGrain,OtherGrainAEZ14,OtherGrainAEZ14,1975,NOx_AWB,5.5648437590248e-07
European Free Trade Association,OtherGrain,OtherGrainAEZ15,OtherGrainAEZ15,1975,NOx_AWB,9.62542139360855e-06
European Free Trade Association,OtherGrain,OtherGrainAEZ16,OtherGrainAEZ16,1975,NOx_AWB,3.86237087256547e-06
European Free Trade Association,PalmFruit,PalmFruitAEZ10,PalmFruitAEZ10,1975,NOx_AWB,0
European Free Trade Association,PalmFruit,PalmFruitAEZ13,PalmFruitAEZ13,1975,NOx_AWB,0
European Free Trade Association,PalmFruit,PalmFruitAEZ14,PalmFruitAEZ14,1975,NOx_AWB,0
European Free Trade Association,PalmFruit,PalmFruitAEZ15,PalmFruitAEZ15,1975,NOx_AWB,0
European Free Trade Association,PalmFruit,PalmFruitAEZ16,PalmFruitAEZ16,1975,NOx_AWB,0
European Free Trade Association,Rice,RiceAEZ10,RiceAEZ10,1975,NOx_AWB,0
European Free Trade Association,Rice,RiceAEZ13,RiceAEZ13,1975,NOx_AWB,0
European Free Trade Association,Rice,RiceAEZ14,RiceAEZ14,1975,NOx_AWB,0
European Free Trade Association,Rice,RiceAEZ15,RiceAEZ15,1975,NOx_AWB,0
European Free Trade Association,Rice,RiceAEZ16,RiceAEZ16,1975,NOx_AWB,0
European Free Trade Association,Root_Tuber,Root_TuberAEZ10,Root_TuberAEZ10,1975,NOx_AWB,3.05844135895883e-05
European Free Trade Association,Root_Tuber,Root_TuberAEZ13,Root_TuberAEZ13,1975,NOx_AWB,0
European Free Trade Association,Root_Tuber,Root_TuberAEZ14,Root_TuberAEZ14,1975,NOx_AWB,5.5280696787676e-07
European Free Trade Association,Root_Tuber,Root_TuberAEZ15,Root_TuberAEZ15,1975,NOx_AWB,8.65216523088472e-06
European Free Trade Association,Root_Tuber,Root_TuberAEZ16,Root_TuberAEZ16,1975,NOx_AWB,2.75148625506456e-06
European Free Trade Association,SugarCrop,SugarCropAEZ10,SugarCropAEZ10,1975,NOx_AWB,1.3693432007728e-05
European Free Trade Association,SugarCrop,SugarCropAEZ13,SugarCropAEZ13,1975,NOx_AWB,0
European Free Trade Association,SugarCrop,SugarCropAEZ14,SugarCropAEZ14,1975,NOx_AWB,1.52056627270357e-07
European Free Trade Association,SugarCrop,SugarCropAEZ15,SugarCropAEZ15,1975,NOx_AWB,1.50883973253192e-06
European Free Trade Association,SugarCrop,SugarCropAEZ16,SugarCropAEZ16,1975,NOx_AWB,0
European Free Trade Association,Wheat,WheatAEZ10,WheatAEZ10,1975,NOx_AWB,9.03880550148918e-06
European Free Trade Association,Wheat,WheatAEZ13,WheatAEZ13,1975,NOx_AWB,0
European Free Trade Association,Wheat,WheatAEZ14,WheatAEZ14,1975,NOx_AWB,1.9444078592498e-07
European Free Trade Association,Wheat,WheatAEZ15,WheatAEZ15,1975,NOx_AWB,2.28668466232949e-06
European Free Trade Association,Wheat,WheatAEZ16,WheatAEZ16,1975,NOx_AWB,6.28058822096539e-07
European Free Trade Association,Corn,CornAEZ10,CornAEZ10,1975,SO2_AWB,3.54238592435578e-07
European Free Trade Association,Corn,CornAEZ13,CornAEZ13,1975,SO2_AWB,0
European Free Trade Association,Corn,CornAEZ14,CornAEZ14,1975,SO2_AWB,4.44554366812027e-09
European Free Trade Association,Corn,CornAEZ15,CornAEZ15,1975,SO2_AWB,6.36598874686101e-08
European Free Trade Association,Corn,CornAEZ16,CornAEZ16,1975,SO2_AWB,0
European Free Trade Association,FiberCrop,FiberCropAEZ10,FiberCropAEZ10,1975,SO2_AWB,0
European Free Trade Association,FiberCrop,FiberCropAEZ13,FiberCropAEZ13,1975,SO2_AWB,0
European Free Trade Association,FiberCrop,FiberCropAEZ14,FiberCropAEZ14,1975,SO2_AWB,0
European Free Trade Association,FiberCrop,FiberCropAEZ15,FiberCropAEZ15,1975,SO2_AWB,0
European Free Trade Association,FiberCrop,FiberCropAEZ16,FiberCropAEZ16,1975,SO2_AWB,0
European Free Trade Association,FodderGrass,FodderGrassAEZ10,FodderGrassAEZ10,1975,SO2_AWB,7.26376783520569e-06
European Free Trade Association,FodderGrass,FodderGrassAEZ13,FodderGrassAEZ13,1975,SO2_AWB,0
European Free Trade Association,FodderGrass,FodderGrassAEZ14,FodderGrassAEZ14,1975,SO2_AWB,2.65800956925657e-07
European Free Trade Association,FodderGrass,FodderGrassAEZ15,FodderGrassAEZ15,1975,SO2_AWB,3.62116649188809e-06
European Free Trade Association,FodderGrass,FodderGrassAEZ16,FodderGrassAEZ16,1975,SO2_AWB,1.24220947489906e-06
European Free Trade Association,FodderHerb,FodderHerbAEZ10,FodderHerbAEZ10,1975,SO2_AWB,4.96562414745209e-06
European Free Trade Association,FodderHerb,FodderHerbAEZ13,FodderHerbAEZ13,1975,SO2_AWB,0
European Free Trade Association,FodderHerb,FodderHerbAEZ14,FodderHerbAEZ14,1975,SO2_AWB,7.16885851015467e-08
European Free Trade Association,FodderHerb,FodderHerbAEZ15,FodderHerbAEZ15,1975,SO2_AWB,6.06438896145634e-07
European Free Trade Association,FodderHerb,FodderHerbAEZ16,FodderHerbAEZ16,1975,SO2_AWB,0
European Free Trade Association,MiscCrop,MiscCropAEZ10,MiscCropAEZ10,1975,SO2_AWB,3.80415391921077e-06
European Free Trade Association,MiscCrop,MiscCropAEZ13,MiscCropAEZ13,1975,SO2_AWB,0
European Free Trade Association,MiscCrop,MiscCropAEZ14,MiscCropAEZ14,1975,SO2_AWB,3.16434411709202e-08
European Free Trade Association,MiscCrop,MiscCropAEZ15,MiscCropAEZ15,1975,SO2_AWB,4.37053946790894e-07
European Free Trade Association,MiscCrop,MiscCropAEZ16,MiscCropAEZ16,1975,SO2_AWB,8.54339176602937e-09
European Free Trade Association,OilCrop,OilCropAEZ10,OilCropAEZ10,1975,SO2_AWB,8.37903929071458e-08
European Free Trade Association,OilCrop,OilCropAEZ13,OilCropAEZ13,1975,SO2_AWB,0
European Free Trade Association,OilCrop,OilCropAEZ14,OilCropAEZ14,1975,SO2_AWB,1.11480274342364e-09
European Free Trade Association,OilCrop,OilCropAEZ15,OilCropAEZ15,1975,SO2_AWB,1.37885269836145e-08
European Free Trade Association,OilCrop,OilCropAEZ16,OilCropAEZ16,1975,SO2_AWB,2.26328532803833e-09
European Free Trade Association,OtherGrain,OtherGrainAEZ10,OtherGrainAEZ10,1975,SO2_AWB,2.26126876087786e-06
European Free Trade Association,OtherGrain,OtherGrainAEZ13,OtherGrainAEZ13,1975,SO2_AWB,0
European Free Trade Association,OtherGrain,OtherGrainAEZ14,OtherGrainAEZ14,1975,SO2_AWB,6.49591433373524e-08
European Free Trade Association,OtherGrain,OtherGrainAEZ15,OtherGrainAEZ15,1975,SO2_AWB,1.12358792998603e-06
European Free Trade Association,OtherGrain,OtherGrainAEZ16,OtherGrainAEZ16,1975,SO2_AWB,4.50859564073301e-07
European Free Trade Association,PalmFruit,PalmFruitAEZ10,PalmFruitAEZ10,1975,SO2_AWB,0
European Free Trade Association,PalmFruit,PalmFruitAEZ13,PalmFruitAEZ13,1975,SO2_AWB,0
European Free Trade Association,PalmFruit,PalmFruitAEZ14,PalmFruitAEZ14,1975,SO2_AWB,0
European Free Trade Association,PalmFruit,PalmFruitAEZ15,PalmFruitAEZ15,1975,SO2_AWB,0
European Free Trade Association,PalmFruit,PalmFruitAEZ16,PalmFruitAEZ16,1975,SO2_AWB,0
European Free Trade Association,Rice,RiceAEZ10,RiceAEZ10,1975,SO2_AWB,0
European Free Trade Association,Rice,RiceAEZ13,RiceAEZ13,1975,SO2_AWB,0
European Free Trade Association,Rice,RiceAEZ14,RiceAEZ14,1975,SO2_AWB,0
European Free Trade Association,Rice,RiceAEZ15,RiceAEZ15,1975,SO2_AWB,0
European Free Trade Association,Rice,RiceAEZ16,RiceAEZ16,1975,SO2_AWB,0
European Free Trade Association,Root_Tuber,Root_TuberAEZ10,Root_TuberAEZ10,1975,SO2_AWB,3.57015828707309e-06
European Free Trade Association,Root_Tuber,Root_TuberAEZ13,Root_TuberAEZ13,1975,SO2_AWB,0
European Free Trade Association,Root_Tuber,Root_TuberAEZ14,Root_TuberAEZ14,1975,SO2_AWB,6.45298747264139e-08
European Free Trade Association,Root_Tuber,Root_TuberAEZ15,Root_TuberAEZ15,1975,SO2_AWB,1.0099784751369e-06
European Free Trade Association,Root_Tuber,Root_TuberAEZ16,Root_TuberAEZ16,1975,SO2_AWB,3.21184561100446e-07
European Free Trade Association,SugarCrop,SugarCropAEZ10,SugarCropAEZ10,1975,SO2_AWB,1.59845208794536e-06
European Free Trade Association,SugarCrop,SugarCropAEZ13,SugarCropAEZ13,1975,SO2_AWB,0
European Free Trade Association,SugarCrop,SugarCropAEZ14,SugarCropAEZ14,1975,SO2_AWB,1.77497674220065e-08
European Free Trade Association,SugarCrop,SugarCropAEZ15,SugarCropAEZ15,1975,SO2_AWB,1.7612881996854e-07
European Free Trade Association,SugarCrop,SugarCropAEZ16,SugarCropAEZ16,1975,SO2_AWB,0
European Free Trade Association,Wheat,WheatAEZ10,WheatAEZ10,1975,SO2_AWB,1.05511149565964e-06
European Free Trade Association,Wheat,WheatAEZ13,WheatAEZ13,1975,SO2_AWB,0
European Free Trade Association,Wheat,WheatAEZ14,WheatAEZ14,1975,SO2_AWB,2.26973252628061e-08
European Free Trade Association,Wheat,WheatAEZ15,WheatAEZ15,1975,SO2_AWB,2.66927668017075e-07
European Free Trade Association,Wheat,WheatAEZ16,WheatAEZ16,1975,SO2_AWB,7.33141213222622e-08
India,Corn,CornAEZ01,CornAEZ01,1975,CH4_AWB,1.27565580930039e-07
India,Corn,CornAEZ02,CornAEZ02,1975,CH4_AWB,0.000135173568912467
India,Corn,CornAEZ03,CornAEZ03,1975,CH4_AWB,0.0007680010191114
India,Corn,CornAEZ04,CornAEZ04,1975,CH4_AWB,0.000378784667018708
India,Corn,CornAEZ05,CornAEZ05,1975,CH4_AWB,3.91137784421869e-05
India,Corn,CornAEZ06,CornAEZ06,1975,CH4_AWB,6.26622295869409e-06
India,Corn,CornAEZ07,CornAEZ07,1975,CH4_AWB,1.43520971979496e-06
India,Corn,CornAEZ08,CornAEZ08,1975,CH4_AWB,0.000107184556018165
India,Corn,CornAEZ09,CornAEZ09,1975,CH4_AWB,0.000289309819590783
India,Corn,CornAEZ10,CornAEZ10,1975,CH4_AWB,0.000349864696799746
India,Corn,CornAEZ11,CornAEZ11,1975,CH4_AWB,0.000141653435138919
India,Corn,CornAEZ12,CornAEZ12,1975,CH4_AWB,4.36648453302307e-05
India,Corn,CornAEZ13,CornAEZ13,1975,CH4_AWB,2.43305173354405e-07
India,Corn,CornAEZ14,CornAEZ14,1975,CH4_AWB,1.40806810683111e-06
India,Corn,CornAEZ15,CornAEZ15,1975,CH4_AWB,3.20575406775813e-05
India,Corn,CornAEZ16,CornAEZ16,1975,CH4_AWB,4.02859083848967e-07
India,FiberCrop,FiberCropAEZ01,FiberCropAEZ01,1975,CH4_AWB,3.94980552279565e-05
India,FiberCrop,FiberCropAEZ02,FiberCropAEZ02,1975,CH4_AWB,0.000598588998881549
India,FiberCrop,FiberCropAEZ03,FiberCropAEZ03,1975,CH4_AWB,0.000408839479213044
India,FiberCrop,FiberCropAEZ04,FiberCropAEZ04,1975,CH4_AWB,0.000398453794079418
India,FiberCrop,FiberCropAEZ05,FiberCropAEZ05,1975,CH4_AWB,0.000117205457949738
India,FiberCrop,FiberCropAEZ06,FiberCropAEZ06,1975,CH4_AWB,1.29818227481486e-05
India,FiberCrop,FiberCropAEZ07,FiberCropAEZ07,1975,CH4_AWB,3.55051320349898e-05
India,FiberCrop,FiberCropAEZ08,FiberCropAEZ08,1975,CH4_AWB,0.000124214632372515
India,FiberCrop,FiberCropAEZ09,FiberCropAEZ09,1975,CH4_AWB,0.000106072305310183
India,FiberCrop,FiberCropAEZ10,FiberCropAEZ10,1975,CH4_AWB,2.30651168528092e-06
India,FiberCrop,FiberCropAEZ11,FiberCropAEZ11,1975,CH4_AWB,3.15383063792317e-06
India,FiberCrop,FiberCropAEZ12,FiberCropAEZ12,1975,CH4_AWB,2.89512461689549e-06
India,FiberCrop,FiberCropAEZ13,FiberCropAEZ13,1975,CH4_AWB,0
India,FiberCrop,FiberCropAEZ14,FiberCropAEZ14,1975,CH4_AWB,0
India,FiberCrop,FiberCropAEZ15,FiberCropAEZ15,1975,CH4_AWB,0
India,FiberCrop,FiberCropAEZ16,FiberCropAEZ16,1975,CH4_AWB,0
India,FodderGrass,FodderGrassAEZ01,FodderGrassAEZ01,1975,CH4_AWB,0.000517650964657238
India,FodderGrass,FodderGrassAEZ02,FodderGrassAEZ02,1975,CH4_AWB,0.00255146193528975
India,FodderGrass,FodderGrassAEZ03,FodderGrassAEZ03,1975,CH4_AWB,0.0152065146708819
India,FodderGrass,FodderGrassAEZ04,FodderGrassAEZ04,1975,CH4_AWB,0.00635735840319363
India,FodderGrass,FodderGrassAEZ05,FodderGrassAEZ05,1975,CH4_AWB,0.00124980359221298
India,FodderGrass,FodderGrassAEZ06,FodderGrassAEZ06,1975,CH4_AWB,0.000324631392463353
India,FodderGrass,FodderGrassAEZ07,FodderGrassAEZ07,1975,CH4_AWB,0.00127685725339612
India,FodderGrass,FodderGrassAEZ08,FodderGrassAEZ08,1975,CH4_AWB,0.0034966921688147
India,FodderGrass,FodderGrassAEZ09,FodderGrassAEZ09,1975,CH4_AWB,0.00270406329815057
India,FodderGrass,FodderGrassAEZ10,FodderGrassAEZ10,1975,CH4_AWB,0.000278489971681672
India,FodderGrass,FodderGrassAEZ11,FodderGrassAEZ11,1975,CH4_AWB,0.000183995984344495
India,FodderGrass,FodderGrassAEZ12,FodderGrassAEZ12,1975,CH4_AWB,0.000115260059025294
India,FodderGrass,FodderGrassAEZ13,FodderGrassAEZ13,1975,CH4_AWB,1.92572630387426e-06
India,FodderGrass,FodderGrassAEZ14,FodderGrassAEZ14,1975,CH4_AWB,2.17884130651494e-06
India,FodderGrass,FodderGrassAEZ15,FodderGrassAEZ15,1975,CH4_AWB,1.49702702012251e-05
India,FodderGrass,FodderGrassAEZ16,FodderGrassAEZ16,1975,CH4_AWB,5.77337838605761e-06
India,FodderHerb,FodderHerbAEZ01,FodderHerbAEZ01,1975,CH4_AWB,0
India,FodderHerb,FodderHerbAEZ02,FodderHerbAEZ02,1975,CH4_AWB,0
India,FodderHerb,FodderHerbAEZ03,FodderHerbAEZ03,1975,CH4_AWB,0
India,FodderHerb,FodderHerbAEZ04,FodderHerbAEZ04,1975,CH4_AWB,0
India,FodderHerb,FodderHerbAEZ05,FodderHerbAEZ05,1975,CH4_AWB,0
India,FodderHerb,FodderHerbAEZ06,FodderHerbAEZ06,1975,CH4_AWB,0
India,FodderHerb,FodderHerbAEZ07,FodderHerbAEZ07,1975,CH4_AWB,0
India,FodderHerb,FodderHerbAEZ08,FodderHerbAEZ08,1975,CH4_AWB,0
India,FodderHerb,FodderHerbAEZ09,FodderHerbAEZ09,1975,CH4_AWB,0
India,FodderHerb,FodderHerbAEZ10,FodderHerbAEZ10,1975,CH4_AWB,0
India,FodderHerb,FodderHerbAEZ11,FodderHerbAEZ11,1975,CH4_AWB,0
India,FodderHerb,FodderHerbAEZ12,FodderHerbAEZ12,1975,CH4_AWB,0
India,FodderHerb,FodderHerbAEZ13,FodderHerbAEZ13,1975,CH4_AWB,0
India,FodderHerb,FodderHerbAEZ14,FodderHerbAEZ14,1975,CH4_AWB,0
India,FodderHerb,FodderHerbAEZ15,FodderHerbAEZ15,1975,CH4_AWB,0
India,FodderHerb,FodderHerbAEZ16,FodderHerbAEZ16,1975,CH4_AWB,0
India,MiscCrop,MiscCropAEZ01,MiscCropAEZ01,1975,CH4_AWB,0.000141271684498594
India,MiscCrop,MiscCropAEZ02,MiscCropAEZ02,1975,CH4_AWB,0.00108501968945124
India,MiscCrop,MiscCropAEZ03,MiscCropAEZ03,1975,CH4_AWB,0.00794093408204938
India,MiscCrop,MiscCropAEZ04,MiscCropAEZ04,1975,CH4_AWB,0.00606939537254124
India,MiscCrop,MiscCropAEZ05,MiscCropAEZ05,1975,CH4_AWB,0.00147500816333929
India,MiscCrop,MiscCropAEZ06,MiscCropAEZ06,1975,CH4_AWB,0.000272527552061416
India,MiscCrop,MiscCropAEZ07,MiscCropAEZ07,1975,CH4_AWB,0.000217367932300583
India,MiscCrop,MiscCropAEZ08,MiscCropAEZ08,1975,CH4_AWB,0.00186348635602063
India,MiscCrop,MiscCropAEZ09,MiscCropAEZ09,1975,CH4_AWB,0.00328705451764294
India,MiscCrop,MiscCropAEZ10,MiscCropAEZ10,1975,CH4_AWB,0.000270049829542535
India,MiscCrop,MiscCropAEZ11,MiscCropAEZ11,1975,CH4_AWB,0.000172984653453231
India,MiscCrop,MiscCropAEZ12,MiscCropAEZ12,1975,CH4_AWB,9.12932199804922e-05
India,MiscCrop,MiscCropAEZ13,MiscCropAEZ13,1975,CH4_AWB,6.45417645947146e-07
India,MiscCrop,MiscCropAEZ14,MiscCropAEZ14,1975,CH4_AWB,4.57488941030781e-07
India,MiscCrop,MiscCropAEZ15,MiscCropAEZ15,1975,CH4_AWB,7.6050440180166e-06
India,MiscCrop,MiscCropAEZ16,MiscCropAEZ16,1975,CH4_AWB,2.07935281627256e-06
India,OilCrop,OilCropAEZ01,OilCropAEZ01,1975,CH4_AWB,2.66131715877987e-05
India,OilCrop,OilCropAEZ02,OilCropAEZ02,1975,CH4_AWB,0.000527007047343138
India,OilCrop,OilCropAEZ03,OilCropAEZ03,1975,CH4_AWB,0.00133710127146688
India,OilCrop,OilCropAEZ04,OilCropAEZ04,1975,CH4_AWB,0.00047949522873205
India,OilCrop,OilCropAEZ05,OilCropAEZ05,1975,CH4_AWB,5.07512918821412e-05
India,OilCrop,OilCropAEZ06,OilCropAEZ06,1975,CH4_AWB,1.68880823211466e-05
India,OilCrop,OilCropAEZ07,OilCropAEZ07,1975,CH4_AWB,9.20706084281899e-05
India,OilCrop,OilCropAEZ08,OilCropAEZ08,1975,CH4_AWB,0.000499057077858503
India,OilCrop,OilCropAEZ09,OilCropAEZ09,1975,CH4_AWB,0.000452868205202376
India,OilCrop,OilCropAEZ10,OilCropAEZ10,1975,CH4_AWB,9.93953784828647e-06
India,OilCrop,OilCropAEZ11,OilCropAEZ11,1975,CH4_AWB,4.07298394639959e-06
India,OilCrop,OilCropAEZ12,OilCropAEZ12,1975,CH4_AWB,3.1693585035321e-06
India,OilCrop,OilCropAEZ13,OilCropAEZ13,1975,CH4_AWB,3.84776163219514e-08
India,OilCrop,OilCropAEZ14,OilCropAEZ14,1975,CH4_AWB,1.91533023469268e-08
India,OilCrop,OilCropAEZ15,OilCropAEZ15,1975,CH4_AWB,3.23896023616781e-07
India,OilCrop,OilCropAEZ16,OilCropAEZ16,1975,CH4_AWB,3.40313139914146e-08
India,OtherGrain,OtherGrainAEZ01,OtherGrainAEZ01,1975,CH4_AWB,7.03096794494213e-05
India,OtherGrain,OtherGrainAEZ02,OtherGrainAEZ02,1975,CH4_AWB,0.000557340888387428
India,OtherGrain,OtherGrainAEZ03,OtherGrainAEZ03,1975,CH4_AWB,0.00406316770834539
India,OtherGrain,OtherGrainAEZ04,OtherGrainAEZ04,1975,CH4_AWB,0.000993535145999719
India,OtherGrain,OtherGrainAEZ05,OtherGrainAEZ05,1975,CH4_AWB,8.49791257607039e-05
India,OtherGrain,OtherGrainAEZ06,OtherGrainAEZ06,1975,CH4_AWB,1.71984469625208e-05
India,OtherGrain,OtherGrainAEZ07,OtherGrainAEZ07,1975,CH4_AWB,0.00023383515444155
India,OtherGrain,OtherGrainAEZ08,OtherGrainAEZ08,1975,CH4_AWB,0.00171899001029764
India,OtherGrain,OtherGrainAEZ09,OtherGrainAEZ09,1975,CH4_AWB,0.000523789805173255
India,OtherGrain,OtherGrainAEZ10,OtherGrainAEZ10,1975,CH4_AWB,5.31369706932128e-05
India,OtherGrain,OtherGrainAEZ11,OtherGrainAEZ11,1975,CH4_AWB,7.52452023908281e-05
India,OtherGrain,OtherGrainAEZ12,OtherGrainAEZ12,1975,CH4_AWB,4.63198961179666e-06
India,OtherGrain,OtherGrainAEZ13,OtherGrainAEZ13,1975,CH4_AWB,1.30022318093162e-07
India,OtherGrain,OtherGrainAEZ14,OtherGrainAEZ14,1975,CH4_AWB,1.52432308071677e-06
India,OtherGrain,OtherGrainAEZ15,OtherGrainAEZ15,1975,CH4_AWB,2.66922949942105e-06
India,OtherGrain,OtherGrainAEZ16,OtherGrainAEZ16,1975,CH4_AWB,4.5889446805508e-06
India,PalmFruit,PalmFruitAEZ01,PalmFruitAEZ01,1975,CH4_AWB,0
India,PalmFruit,PalmFruitAEZ02,PalmFruitAEZ02,1975,CH4_AWB,4.84178581415931e-05
India,PalmFruit,PalmFruitAEZ03,PalmFruitAEZ03,1975,CH4_AWB,0.000337080040359607
India,PalmFruit,PalmFruitAEZ04,PalmFruitAEZ04,1975,CH4_AWB,0.000493953947778129
India,PalmFruit,PalmFruitAEZ05,PalmFruitAEZ05,1975,CH4_AWB,0.000701385182474348
India,PalmFruit,PalmFruitAEZ06,PalmFruitAEZ06,1975,CH4_AWB,8.09772688099335e-06
India,PalmFruit,PalmFruitAEZ07,PalmFruitAEZ07,1975,CH4_AWB,0
India,PalmFruit,PalmFruitAEZ08,PalmFruitAEZ08,1975,CH4_AWB,0
India,PalmFruit,PalmFruitAEZ09,PalmFruitAEZ09,1975,CH4_AWB,6.90476493866988e-08
India,PalmFruit,PalmFruitAEZ10,PalmFruitAEZ10,1975,CH4_AWB,0
India,PalmFruit,PalmFruitAEZ11,PalmFruitAEZ11,1975,CH4_AWB,1.49099242897068e-06
India,PalmFruit,PalmFruitAEZ12,PalmFruitAEZ12,1975,CH4_AWB,7.64732116808402e-07
India,PalmFruit,PalmFruitAEZ13,PalmFruitAEZ13,1975,CH4_AWB,0
India,PalmFruit,PalmFruitAEZ14,PalmFruitAEZ14,1975,CH4_AWB,0
India,PalmFruit,PalmFruitAEZ15,PalmFruitAEZ15,1975,CH4_AWB,0
India,PalmFruit,PalmFruitAEZ16,PalmFruitAEZ16,1975,CH4_AWB,0
India,Rice,RiceAEZ01,RiceAEZ01,1975,CH4_AWB,1.45701581654071e-05
India,Rice,RiceAEZ02,RiceAEZ02,1975,CH4_AWB,0.000392497764453476
India,Rice,RiceAEZ03,RiceAEZ03,1975,CH4_AWB,0.00842659987876563
India,Rice,RiceAEZ04,RiceAEZ04,1975,CH4_AWB,0.00961681302859031
India,Rice,RiceAEZ05,RiceAEZ05,1975,CH4_AWB,0.00172419531771405
India,Rice,RiceAEZ06,RiceAEZ06,1975,CH4_AWB,0.000733402304653017
India,Rice,RiceAEZ07,RiceAEZ07,1975,CH4_AWB,0.000189897857119941
India,Rice,RiceAEZ08,RiceAEZ08,1975,CH4_AWB,0.00215245306573498
India,Rice,RiceAEZ09,RiceAEZ09,1975,CH4_AWB,0.00143146481454541
India,Rice,RiceAEZ10,RiceAEZ10,1975,CH4_AWB,0.000250243434221883
India,Rice,RiceAEZ11,RiceAEZ11,1975,CH4_AWB,0.000202420296457108
India,Rice,RiceAEZ12,RiceAEZ12,1975,CH4_AWB,0.000144331468082699
India,Rice,RiceAEZ13,RiceAEZ13,1975,CH4_AWB,2.89158027352794e-07
India,Rice,RiceAEZ14,RiceAEZ14,1975,CH4_AWB,1.12643890173578e-06
India,Rice,RiceAEZ15,RiceAEZ15,1975,CH4_AWB,8.17964963318855e-06
India,Rice,RiceAEZ16,RiceAEZ16,1975,CH4_AWB,1.81023763710218e-06
India,Root_Tuber,Root_TuberAEZ01,Root_TuberAEZ01,1975,CH4_AWB,7.62331479384311e-06
India,Root_Tuber,Root_TuberAEZ02,Root_TuberAEZ02,1975,CH4_AWB,0.000104758199413901
India,Root_Tuber,Root_TuberAEZ03,Root_TuberAEZ03,1975,CH4_AWB,0.00150546065227644
India,Root_Tuber,Root_TuberAEZ04,Root_TuberAEZ04,1975,CH4_AWB,0.00161367585000541
India,Root_Tuber,Root_TuberAEZ05,Root_TuberAEZ05,1975,CH4_AWB,0.000883150592914652
India,Root_Tuber,Root_TuberAEZ06,Root_TuberAEZ06,1975,CH4_AWB,6.39609187821306e-05
India,Root_Tuber,Root_TuberAEZ07,Root_TuberAEZ07,1975,CH4_AWB,4.97070518859562e-05
India,Root_Tuber,Root_TuberAEZ08,Root_TuberAEZ08,1975,CH4_AWB,0.000371751635094863
India,Root_Tuber,Root_TuberAEZ09,Root_TuberAEZ09,1975,CH4_AWB,0.000441893376351365
India,Root_Tuber,Root_TuberAEZ10,Root_TuberAEZ10,1975,CH4_AWB,4.21024684636509e-05
India,Root_Tuber,Root_TuberAEZ11,Root_TuberAEZ11,1975,CH4_AWB,8.49960723082016e-05
India,Root_Tuber,Root_TuberAEZ12,Root_TuberAEZ12,1975,CH4_AWB,2.86897461761617e-05
India,Root_Tuber,Root_TuberAEZ13,Root_TuberAEZ13,1975,CH4_AWB,5.26245513585187e-07
India,Root_Tuber,Root_TuberAEZ14,Root_TuberAEZ14,1975,CH4_AWB,2.56407736807289e-07
India,Root_Tuber,Root_TuberAEZ15,Root_TuberAEZ15,1975,CH4_AWB,8.25240613983486e-07
India,Root_Tuber,Root_TuberAEZ16,Root_TuberAEZ16,1975,CH4_AWB,1.31773431658991e-06
India,SugarCrop,SugarCropAEZ01,SugarCropAEZ01,1975,CH4_AWB,7.33412582841585e-05
India,SugarCrop,SugarCropAEZ02,SugarCropAEZ02,1975,CH4_AWB,0.000407014426358124
India,SugarCrop,SugarCropAEZ03,SugarCropAEZ03,1975,CH4_AWB,0.028402214955062
India,SugarCrop,SugarCropAEZ04,SugarCropAEZ04,1975,CH4_AWB,0.0099277163286838
India,SugarCrop,SugarCropAEZ05,SugarCropAEZ05,1975,CH4_AWB,0.000405479345502611
India,SugarCrop,SugarCropAEZ06,SugarCropAEZ06,1975,CH4_AWB,0.000159876763604387
India,SugarCrop,SugarCropAEZ07,SugarCropAEZ07,1975,CH4_AWB,8.03668419439355e-05
India,SugarCrop,SugarCropAEZ08,SugarCropAEZ08,1975,CH4_AWB,0.0034472302523803
India,SugarCrop,SugarCropAEZ09,SugarCropAEZ09,1975,CH4_AWB,0.00844913226198107
India,SugarCrop,SugarCropAEZ10,SugarCropAEZ10,1975,CH4_AWB,0.00058430336685695
India,SugarCrop,SugarCropAEZ11,SugarCropAEZ11,1975,CH4_AWB,0.000205828909431536
India,SugarCrop,SugarCropAEZ12,SugarCropAEZ12,1975,CH4_AWB,1.63503369417232e-05
India,SugarCrop,SugarCropAEZ13,SugarCropAEZ13,1975,CH4_AWB,6.74890577303854e-07
India,SugarCrop,SugarCropAEZ14,SugarCropAEZ14,1975,CH4_AWB,6.9941553771732e-08
India,SugarCrop,SugarCropAEZ15,SugarCropAEZ15,1975,CH4_AWB,0
India,SugarCrop,SugarCropAEZ16,SugarCropAEZ16,1975,CH4_AWB,0
India,Wheat,WheatAEZ01,WheatAEZ01,1975,CH4_AWB,2.10431499665275e-05
India,Wheat,WheatAEZ02,WheatAEZ02,1975,CH4_AWB,0.000233358113477824
India,Wheat,WheatAEZ03,WheatAEZ03,1975,CH4_AWB,0.00314953814489278
India,Wheat,WheatAEZ04,WheatAEZ04,1975,CH4_AWB,0.00058697155192876
India,Wheat,WheatAEZ05,WheatAEZ05,1975,CH4_AWB,3.72548174817357e-05
India,Wheat,WheatAEZ06,WheatAEZ06,1975,CH4_AWB,3.6384236232598e-06
India,Wheat,WheatAEZ07,WheatAEZ07,1975,CH4_AWB,0.000386784802429104
India,Wheat,WheatAEZ08,WheatAEZ08,1975,CH4_AWB,0.00310241232118443
India,Wheat,WheatAEZ09,WheatAEZ09,1975,CH4_AWB,0.00177621556762243
India,Wheat,WheatAEZ10,WheatAEZ10,1975,CH4_AWB,0.000147599232333181
India,Wheat,WheatAEZ11,WheatAEZ11,1975,CH4_AWB,6.54081652076887e-05
India,Wheat,WheatAEZ12,WheatAEZ12,1975,CH4_AWB,1.01581790034925e-05
India,Wheat,WheatAEZ13,WheatAEZ13,1975,CH4_AWB,1.90862359001397e-07
India,Wheat,WheatAEZ14,WheatAEZ14,1975,CH4_AWB,6.82018436630083e-07
India,Wheat,WheatAEZ15,WheatAEZ15,1975,CH4_AWB,1.3384713269446e-06
India,Wheat,WheatAEZ16,WheatAEZ16,1975,CH4_AWB,1.81975288139319e-06
India,Corn,CornAEZ01,CornAEZ01,1975,CO_AWB,5.66788389521489e-06
India,Corn,CornAEZ02,CornAEZ02,1975,CO_AWB,0.00600591545706888
India,Corn,CornAEZ03,CornAEZ03,1975,CO_AWB,0.0341231590527341
India,Corn,CornAEZ04,CornAEZ04,1975,CO_AWB,0.0168298337082564
India,Corn,CornAEZ05,CornAEZ05,1975,CO_AWB,0.00173786967689238
India,Corn,CornAEZ06,CornAEZ06,1975,CO_AWB,0.00027841541529048
India,Corn,CornAEZ07,CornAEZ07,1975,CO_AWB,6.37680007238238e-05
India,Corn,CornAEZ08,CornAEZ08,1975,CO_AWB,0.00476233177038792
India,Corn,CornAEZ09,CornAEZ09,1975,CO_AWB,0.0128543644393031
India,Corn,CornAEZ10,CornAEZ10,1975,CO_AWB,0.0155448865284678
India,Corn,CornAEZ11,CornAEZ11,1975,CO_AWB,0.00629382328581306
India,Corn,CornAEZ12,CornAEZ12,1975,CO_AWB,0.00194007875658869
India,Corn,CornAEZ13,CornAEZ13,1975,CO_AWB,1.08103256664053e-05
India,Corn,CornAEZ14,CornAEZ14,1975,CO_AWB,6.25620679801607e-05
India,Corn,CornAEZ15,CornAEZ15,1975,CO_AWB,0.00142435300495601
India,Corn,CornAEZ16,CornAEZ16,1975,CO_AWB,1.78994874380799e-05
India,FiberCrop,FiberCropAEZ01,FiberCropAEZ01,1975,CO_AWB,0.00175494353168525
India,FiberCrop,FiberCropAEZ02,FiberCropAEZ02,1975,CO_AWB,0.0265959902497071
India,FiberCrop,FiberCropAEZ03,FiberCropAEZ03,1975,CO_AWB,0.0181652032081484
India,FiberCrop,FiberCropAEZ04,FiberCropAEZ04,1975,CO_AWB,0.0177037554016125
India,FiberCrop,FiberCropAEZ05,FiberCropAEZ05,1975,CO_AWB,0.00520757184423385
India,FiberCrop,FiberCropAEZ06,FiberCropAEZ06,1975,CO_AWB,0.000576797154438697
India,FiberCrop,FiberCropAEZ07,FiberCropAEZ07,1975,CO_AWB,0.001577533411375
India,FiberCrop,FiberCropAEZ08,FiberCropAEZ08,1975,CO_AWB,0.00551899743834768
India,FiberCrop,FiberCropAEZ09,FiberCropAEZ09,1975,CO_AWB,0.00471291320599733
India,FiberCrop,FiberCropAEZ10,FiberCropAEZ10,1975,CO_AWB,0.000102480938352003
India,FiberCrop,FiberCropAEZ11,FiberCropAEZ11,1975,CO_AWB,0.000140128283433472
India,FiberCrop,FiberCropAEZ12,FiberCropAEZ12,1975,CO_AWB,0.000128633680583021
India,FiberCrop,FiberCropAEZ13,FiberCropAEZ13,1975,CO_AWB,0
India,FiberCrop,FiberCropAEZ14,FiberCropAEZ14,1975,CO_AWB,0
India,FiberCrop,FiberCropAEZ15,FiberCropAEZ15,1975,CO_AWB,0
India,FiberCrop,FiberCropAEZ16,FiberCropAEZ16,1975,CO_AWB,0
India,FodderGrass,FodderGrassAEZ01,FodderGrassAEZ01,1975,CO_AWB,0.0229998213039324
India,FodderGrass,FodderGrassAEZ02,FodderGrassAEZ02,1975,CO_AWB,0.113364356645808
India,FodderGrass,FodderGrassAEZ03,FodderGrassAEZ03,1975,CO_AWB,0.675642747652359
India,FodderGrass,FodderGrassAEZ04,FodderGrassAEZ04,1975,CO_AWB,0.282464666776627
India,FodderGrass,FodderGrassAEZ05,FodderGrassAEZ05,1975,CO_AWB,0.0555301955342533
India,FodderGrass,FodderGrassAEZ06,FodderGrassAEZ06,1975,CO_AWB,0.014423742108252
India,FodderGrass,FodderGrassAEZ07,FodderGrassAEZ07,1975,CO_AWB,0.0567322204802347
India,FodderGrass,FodderGrassAEZ08,FodderGrassAEZ08,1975,CO_AWB,0.155362011332965
India,FodderGrass,FodderGrassAEZ09,FodderGrassAEZ09,1975,CO_AWB,0.120144608816031
India,FodderGrass,FodderGrassAEZ10,FodderGrassAEZ10,1975,CO_AWB,0.0123736262866946
India,FodderGrass,FodderGrassAEZ11,FodderGrassAEZ11,1975,CO_AWB,0.00817515092117458
India,FodderGrass,FodderGrassAEZ12,FodderGrassAEZ12,1975,CO_AWB,0.00512113555669271
India,FodderGrass,FodderGrassAEZ13,FodderGrassAEZ13,1975,CO_AWB,8.55622106272278e-05
India,FodderGrass,FodderGrassAEZ14,FodderGrassAEZ14,1975,CO_AWB,9.68083981697057e-05
India,FodderGrass,FodderGrassAEZ15,FodderGrassAEZ15,1975,CO_AWB,0.000665146137084374
India,FodderGrass,FodderGrassAEZ16,FodderGrassAEZ16,1975,CO_AWB,0.000256517770206871
India,FodderHerb,FodderHerbAEZ01,FodderHerbAEZ01,1975,CO_AWB,0
India,FodderHerb,FodderHerbAEZ02,FodderHerbAEZ02,1975,CO_AWB,0
India,FodderHerb,FodderHerbAEZ03,FodderHerbAEZ03,1975,CO_AWB,0
India,FodderHerb,FodderHerbAEZ04,FodderHerbAEZ04,1975,CO_AWB,0
India,FodderHerb,FodderHerbAEZ05,FodderHerbAEZ05,1975,CO_AWB,0
India,FodderHerb,FodderHerbAEZ06,FodderHerbAEZ06,1975,CO_AWB,0
India,FodderHerb,FodderHerbAEZ07,FodderHerbAEZ07,1975,CO_AWB,0
India,FodderHerb,FodderHerbAEZ08,FodderHerbAEZ08,1975,CO_AWB,0
India,FodderHerb,FodderHerbAEZ09,FodderHerbAEZ09,1975,CO_AWB,0
India,FodderHerb,FodderHerbAEZ10,FodderHerbAEZ10,1975,CO_AWB,0
India,FodderHerb,FodderHerbAEZ11,FodderHerbAEZ11,1975,CO_AWB,0
India,FodderHerb,FodderHerbAEZ12,FodderHerbAEZ12,1975,CO_AWB,0
India,FodderHerb,FodderHerbAEZ13,FodderHerbAEZ13,1975,CO_AWB,0
India,FodderHerb,FodderHerbAEZ14,FodderHerbAEZ14,1975,CO_AWB,0
India,FodderHerb,FodderHerbAEZ15,FodderHerbAEZ15,1975,CO_AWB,0
India,FodderHerb,FodderHerbAEZ16,FodderHerbAEZ16,1975,CO_AWB,0
India,MiscCrop,MiscCropAEZ01,MiscCropAEZ01,1975,CO_AWB,0.00627686167053632
India,MiscCrop,MiscCropAEZ02,MiscCropAEZ02,1975,CO_AWB,0.0482086592558577
India,MiscCrop,MiscCropAEZ03,MiscCropAEZ03,1975,CO_AWB,0.352824735861116
India,MiscCrop,MiscCropAEZ04,MiscCropAEZ04,1975,CO_AWB,0.269670141702132
India,MiscCrop,MiscCropAEZ05,MiscCropAEZ05,1975,CO_AWB,0.0655362908501647
India,MiscCrop,MiscCropAEZ06,MiscCropAEZ06,1975,CO_AWB,0.0121087091993755
India,MiscCrop,MiscCropAEZ07,MiscCropAEZ07,1975,CO_AWB,0.00965790453694807
India,MiscCrop,MiscCropAEZ08,MiscCropAEZ08,1975,CO_AWB,0.0827968189321739
India,MiscCrop,MiscCropAEZ09,MiscCropAEZ09,1975,CO_AWB,0.146047571981501
India,MiscCrop,MiscCropAEZ10,MiscCropAEZ10,1975,CO_AWB,0.0119986211688959
India,MiscCrop,MiscCropAEZ11,MiscCropAEZ11,1975,CO_AWB,0.00768590496181422
India,MiscCrop,MiscCropAEZ12,MiscCropAEZ12,1975,CO_AWB,0.00405626163027097
India,MiscCrop,MiscCropAEZ13,MiscCropAEZ13,1975,CO_AWB,2.86766403169331e-05
India,MiscCrop,MiscCropAEZ14,MiscCropAEZ14,1975,CO_AWB,2.03267541463976e-05
India,MiscCrop,MiscCropAEZ15,MiscCropAEZ15,1975,CO_AWB,0.000337900758165768
India,MiscCrop,MiscCropAEZ16,MiscCropAEZ16,1975,CO_AWB,9.23880113577387e-05
India,OilCrop,OilCropAEZ01,OilCropAEZ01,1975,CO_AWB,0.00118245349210459
India,OilCrop,OilCropAEZ02,OilCropAEZ02,1975,CO_AWB,0.0234155227023119
India,OilCrop,OilCropAEZ03,OilCropAEZ03,1975,CO_AWB,0.0594089307442171
India,OilCrop,OilCropAEZ04,OilCropAEZ04,1975,CO_AWB,0.0213045185460587
India,OilCrop,OilCropAEZ05,OilCropAEZ05,1975,CO_AWB,0.0022549376393143
India,OilCrop,OilCropAEZ06,OilCropAEZ06,1975,CO_AWB,0.00075035671151442
India,OilCrop,OilCropAEZ07,OilCropAEZ07,1975,CO_AWB,0.0040908018834561
India,OilCrop,OilCropAEZ08,OilCropAEZ08,1975,CO_AWB,0.0221736737587431
India,OilCrop,OilCropAEZ09,OilCropAEZ09,1975,CO_AWB,0.0201214495964169
India,OilCrop,OilCropAEZ10,OilCropAEZ10,1975,CO_AWB,0.000441624975055602
India,OilCrop,OilCropAEZ11,OilCropAEZ11,1975,CO_AWB,0.000180967310672365
India,OilCrop,OilCropAEZ12,OilCropAEZ12,1975,CO_AWB,0.000140818204168911
India,OilCrop,OilCropAEZ13,OilCropAEZ13,1975,CO_AWB,1.70960427011305e-06
India,OilCrop,OilCropAEZ14,OilCropAEZ14,1975,CO_AWB,8.5100301445627e-07
India,OilCrop,OilCropAEZ15,OilCropAEZ15,1975,CO_AWB,1.43910688337516e-05
India,OilCrop,OilCropAEZ16,OilCropAEZ16,1975,CO_AWB,1.51204999889998e-06
India,OtherGrain,OtherGrainAEZ01,OtherGrainAEZ01,1975,CO_AWB,0.00312393905098626
India,OtherGrain,OtherGrainAEZ02,OtherGrainAEZ02,1975,CO_AWB,0.0247632897714654
India,OtherGrain,OtherGrainAEZ03,OtherGrainAEZ03,1975,CO_AWB,0.180531164047442
India,OtherGrain,OtherGrainAEZ04,OtherGrainAEZ04,1975,CO_AWB,0.0441438969060953
India,OtherGrain,OtherGrainAEZ05,OtherGrainAEZ05,1975,CO_AWB,0.00377571924038576
India,OtherGrain,OtherGrainAEZ06,OtherGrainAEZ06,1975,CO_AWB,0.000764146565640143
India,OtherGrain,OtherGrainAEZ07,OtherGrainAEZ07,1975,CO_AWB,0.0103895619518342
India,OtherGrain,OtherGrainAEZ08,OtherGrainAEZ08,1975,CO_AWB,0.0763766818946618
India,OtherGrain,OtherGrainAEZ09,OtherGrainAEZ09,1975,CO_AWB,0.0232725769723686
India,OtherGrain,OtherGrainAEZ10,OtherGrainAEZ10,1975,CO_AWB,0.00236093606313556
India,OtherGrain,OtherGrainAEZ11,OtherGrainAEZ11,1975,CO_AWB,0.00334322995053859
India,OtherGrain,OtherGrainAEZ12,OtherGrainAEZ12,1975,CO_AWB,0.000205804568380427
India,OtherGrain,OtherGrainAEZ13,OtherGrainAEZ13,1975,CO_AWB,5.77703952246263e-06
India,OtherGrain,OtherGrainAEZ14,OtherGrainAEZ14,1975,CO_AWB,6.77274087360384e-05
India,OtherGrain,OtherGrainAEZ15,OtherGrainAEZ15,1975,CO_AWB,0.000118596903507211
India,OtherGrain,OtherGrainAEZ16,OtherGrainAEZ16,1975,CO_AWB,0.000203892033111898
India,PalmFruit,PalmFruitAEZ01,PalmFruitAEZ01,1975,CO_AWB,0
India,PalmFruit,PalmFruitAEZ02,PalmFruitAEZ02,1975,CO_AWB,0.00215126052341689
India,PalmFruit,PalmFruitAEZ03,PalmFruitAEZ03,1975,CO_AWB,0.0149768496974149
India,PalmFruit,PalmFruitAEZ04,PalmFruitAEZ04,1975,CO_AWB,0.0219469358833157
India,PalmFruit,PalmFruitAEZ05,PalmFruitAEZ05,1975,CO_AWB,0.031163341640477
India,PalmFruit,PalmFruitAEZ06,PalmFruitAEZ06,1975,CO_AWB,0.000359791218305214
India,PalmFruit,PalmFruitAEZ07,PalmFruitAEZ07,1975,CO_AWB,0
India,PalmFruit,PalmFruitAEZ08,PalmFruitAEZ08,1975,CO_AWB,0
India,PalmFruit,PalmFruitAEZ09,PalmFruitAEZ09,1975,CO_AWB,3.06786561945692e-06
India,PalmFruit,PalmFruitAEZ10,PalmFruitAEZ10,1975,CO_AWB,0
India,PalmFruit,PalmFruitAEZ11,PalmFruitAEZ11,1975,CO_AWB,6.62464899578591e-05
India,PalmFruit,PalmFruitAEZ12,PalmFruitAEZ12,1975,CO_AWB,3.39779180043014e-05
India,PalmFruit,PalmFruitAEZ13,PalmFruitAEZ13,1975,CO_AWB,0
India,PalmFruit,PalmFruitAEZ14,PalmFruitAEZ14,1975,CO_AWB,0
India,PalmFruit,PalmFruitAEZ15,PalmFruitAEZ15,1975,CO_AWB,0
India,PalmFruit,PalmFruitAEZ16,PalmFruitAEZ16,1975,CO_AWB,0
India,Rice,RiceAEZ01,RiceAEZ01,1975,CO_AWB,0.000647368704115693
India,Rice,RiceAEZ02,RiceAEZ02,1975,CO_AWB,0.0174391222290107
India,Rice,RiceAEZ03,RiceAEZ03,1975,CO_AWB,0.37440341976312
India,Rice,RiceAEZ04,RiceAEZ04,1975,CO_AWB,0.427285944144551
India,Rice,RiceAEZ05,RiceAEZ05,1975,CO_AWB,0.0766079596253789
India,Rice,RiceAEZ06,RiceAEZ06,1975,CO_AWB,0.0325858988055412
India,Rice,RiceAEZ07,RiceAEZ07,1975,CO_AWB,0.00843737784329319
India,Rice,RiceAEZ08,RiceAEZ08,1975,CO_AWB,0.0956359386093025
India,Rice,RiceAEZ09,RiceAEZ09,1975,CO_AWB,0.0636016103229159
India,Rice,RiceAEZ10,RiceAEZ10,1975,CO_AWB,0.0111186004905771
India,Rice,RiceAEZ11,RiceAEZ11,1975,CO_AWB,0.00899376407013017
India,Rice,RiceAEZ12,RiceAEZ12,1975,CO_AWB,0.00641281133636903
India,Rice,RiceAEZ13,RiceAEZ13,1975,CO_AWB,1.28476201374714e-05
India,Rice,RiceAEZ14,RiceAEZ14,1975,CO_AWB,5.00489619813144e-05
India,Rice,RiceAEZ15,RiceAEZ15,1975,CO_AWB,0.000363431139390773
India,Rice,RiceAEZ16,RiceAEZ16,1975,CO_AWB,8.04309177682526e-05
India,Root_Tuber,Root_TuberAEZ01,Root_TuberAEZ01,1975,CO_AWB,0.00033871254952285
India,Root_Tuber,Root_TuberAEZ02,Root_TuberAEZ02,1975,CO_AWB,0.004654525985935
India,Root_Tuber,Root_TuberAEZ03,Root_TuberAEZ03,1975,CO_AWB,0.0668893295801869
India,Root_Tuber,Root_TuberAEZ04,Root_TuberAEZ04,1975,CO_AWB,0.0716974539343719
India,Root_Tuber,Root_TuberAEZ05,Root_TuberAEZ05,1975,CO_AWB,0.0392393856253097
India,Root_Tuber,Root_TuberAEZ06,Root_TuberAEZ06,1975,CO_AWB,0.00284185639139766
India,Root_Tuber,Root_TuberAEZ07,Root_TuberAEZ07,1975,CO_AWB,0.00220854086822632
India,Root_Tuber,Root_TuberAEZ08,Root_TuberAEZ08,1975,CO_AWB,0.0165173480982269
India,Root_Tuber,Root_TuberAEZ09,Root_TuberAEZ09,1975,CO_AWB,0.0196338254642343
India,Root_Tuber,Root_TuberAEZ10,Root_TuberAEZ10,1975,CO_AWB,0.00187066057485204
India,Root_Tuber,Root_TuberAEZ11,Root_TuberAEZ11,1975,CO_AWB,0.00377647219477159
India,Root_Tuber,Root_TuberAEZ12,Root_TuberAEZ12,1975,CO_AWB,0.00127471806363545
India,Root_Tuber,Root_TuberAEZ13,Root_TuberAEZ13,1975,CO_AWB,2.33816868910305e-05
India,Root_Tuber,Root_TuberAEZ14,Root_TuberAEZ14,1975,CO_AWB,1.13924874677251e-05
India,Root_Tuber,Root_TuberAEZ15,Root_TuberAEZ15,1975,CO_AWB,3.66663793757932e-05
India,Root_Tuber,Root_TuberAEZ16,Root_TuberAEZ16,1975,CO_AWB,5.85484349047732e-05
India,SugarCrop,SugarCropAEZ01,SugarCropAEZ01,1975,CO_AWB,0.00325863554771531
India,SugarCrop,SugarCropAEZ02,SugarCropAEZ02,1975,CO_AWB,0.0180841140333969
India,SugarCrop,SugarCropAEZ03,SugarCropAEZ03,1975,CO_AWB,1.26194272435066
India,SugarCrop,SugarCropAEZ04,SugarCropAEZ04,1975,CO_AWB,0.441099731490023
India,SugarCrop,SugarCropAEZ05,SugarCropAEZ05,1975,CO_AWB,0.0180159086444873
India,SugarCrop,SugarCropAEZ06,SugarCropAEZ06,1975,CO_AWB,0.007103506502662
India,SugarCrop,SugarCropAEZ07,SugarCropAEZ07,1975,CO_AWB,0.00357079022289821
India,SugarCrop,SugarCropAEZ08,SugarCropAEZ08,1975,CO_AWB,0.153164362111747
India,SugarCrop,SugarCropAEZ09,SugarCropAEZ09,1975,CO_AWB,0.375404559185027
India,SugarCrop,SugarCropAEZ10,SugarCropAEZ10,1975,CO_AWB,0.0259612633657399
India,SugarCrop,SugarCropAEZ11,SugarCropAEZ11,1975,CO_AWB,0.00914521262264668
India,SugarCrop,SugarCropAEZ12,SugarCropAEZ12,1975,CO_AWB,0.000726464072500515
India,SugarCrop,SugarCropAEZ13,SugarCropAEZ13,1975,CO_AWB,2.99861561891892e-05
India,SugarCrop,SugarCropAEZ14,SugarCropAEZ14,1975,CO_AWB,3.10758280830091e-06
India,SugarCrop,SugarCropAEZ15,SugarCropAEZ15,1975,CO_AWB,0
India,SugarCrop,SugarCropAEZ16,SugarCropAEZ16,1975,CO_AWB,0
India,Wheat,WheatAEZ01,WheatAEZ01,1975,CO_AWB,0.000934971094321162
India,Wheat,WheatAEZ02,WheatAEZ02,1975,CO_AWB,0.0103683664790746
India,Wheat,WheatAEZ03,WheatAEZ03,1975,CO_AWB,0.139937563084458
India,Wheat,WheatAEZ04,WheatAEZ04,1975,CO_AWB,0.0260798138641401
India,Wheat,WheatAEZ05,WheatAEZ05,1975,CO_AWB,0.00165527392643401
India,Wheat,WheatAEZ06,WheatAEZ06,1975,CO_AWB,0.000161659301105316
India,Wheat,WheatAEZ07,WheatAEZ07,1975,CO_AWB,0.0171852888264907
India,Wheat,WheatAEZ08,WheatAEZ08,1975,CO_AWB,0.137843709120889
India,Wheat,WheatAEZ09,WheatAEZ09,1975,CO_AWB,0.0789192785135234
India,Wheat,WheatAEZ10,WheatAEZ10,1975,CO_AWB,0.00655800181983356
India,Wheat,WheatAEZ11,WheatAEZ11,1975,CO_AWB,0.002906159196653
India,Wheat,WheatAEZ12,WheatAEZ12,1975,CO_AWB,0.000451339450334816
India,Wheat,WheatAEZ13,WheatAEZ13,1975,CO_AWB,8.48023175922373e-06
India,Wheat,WheatAEZ14,WheatAEZ14,1975,CO_AWB,3.03028550885941e-05
India,Wheat,WheatAEZ15,WheatAEZ15,1975,CO_AWB,5.94698038678377e-05
India,Wheat,WheatAEZ16,WheatAEZ16,1975,CO_AWB,8.08536908978294e-05
India,Corn,CornAEZ01,CornAEZ01,1975,N2O_AWB,3.30753871513214e-09
India,Corn,CornAEZ02,CornAEZ02,1975,N2O_AWB,3.50479972090408e-06
India,Corn,CornAEZ03,CornAEZ03,1975,N2O_AWB,1.99128407949243e-05
India,Corn,CornAEZ04,CornAEZ04,1975,N2O_AWB,9.82118328258087e-06
India,Corn,CornAEZ05,CornAEZ05,1975,N2O_AWB,1.01414766859083e-06
India,Corn,CornAEZ06,CornAEZ06,1975,N2O_AWB,1.62471529408056e-07
India,Corn,CornAEZ07,CornAEZ07,1975,N2O_AWB,3.72123238725279e-08
India,Corn,CornAEZ08,CornAEZ08,1975,N2O_AWB,2.7790965722075e-06
India,Corn,CornAEZ09,CornAEZ09,1975,N2O_AWB,7.50126657980893e-06
India,Corn,CornAEZ10,CornAEZ10,1975,N2O_AWB,9.07134213858024e-06
India,Corn,CornAEZ11,CornAEZ11,1975,N2O_AWB,3.6728106236618e-06
India,Corn,CornAEZ12,CornAEZ12,1975,N2O_AWB,1.13214838490957e-06
India,Corn,CornAEZ13,CornAEZ13,1975,N2O_AWB,6.30845150074596e-09
India,Corn,CornAEZ14,CornAEZ14,1975,N2O_AWB,3.65085922310102e-08
India,Corn,CornAEZ15,CornAEZ15,1975,N2O_AWB,8.31192521760041e-07
India,Corn,CornAEZ16,CornAEZ16,1975,N2O_AWB,1.04453882219523e-08
India,FiberCrop,FiberCropAEZ01,FiberCropAEZ01,1975,N2O_AWB,1.02411125231767e-06
India,FiberCrop,FiberCropAEZ02,FiberCropAEZ02,1975,N2O_AWB,1.55203015877671e-05
India,FiberCrop,FiberCropAEZ03,FiberCropAEZ03,1975,N2O_AWB,1.060044877241e-05
India,FiberCrop,FiberCropAEZ04,FiberCropAEZ04,1975,N2O_AWB,1.03311672357119e-05
India,FiberCrop,FiberCropAEZ05,FiberCropAEZ05,1975,N2O_AWB,3.03891995761895e-06
India,FiberCrop,FiberCropAEZ06,FiberCropAEZ06,1975,N2O_AWB,3.3659456586517e-07
India,FiberCrop,FiberCropAEZ07,FiberCropAEZ07,1975,N2O_AWB,9.2058216593716e-07
India,FiberCrop,FiberCropAEZ08,FiberCropAEZ08,1975,N2O_AWB,3.22065483935923e-06
India,FiberCrop,FiberCropAEZ09,FiberCropAEZ09,1975,N2O_AWB,2.75025797600653e-06
India,FiberCrop,FiberCropAEZ10,FiberCropAEZ10,1975,N2O_AWB,5.98035664506969e-08
India,FiberCrop,FiberCropAEZ11,FiberCropAEZ11,1975,N2O_AWB,8.17729740251935e-08
India,FiberCrop,FiberCropAEZ12,FiberCropAEZ12,1975,N2O_AWB,7.50652071326793e-08
India,FiberCrop,FiberCropAEZ13,FiberCropAEZ13,1975,N2O_AWB,0
India,FiberCrop,FiberCropAEZ14,FiberCropAEZ14,1975,N2O_AWB,0
India,FiberCrop,FiberCropAEZ15,FiberCropAEZ15,1975,N2O_AWB,0
India,FiberCrop,FiberCropAEZ16,FiberCropAEZ16,1975,N2O_AWB,0
India,FodderGrass,FodderGrassAEZ01,FodderGrassAEZ01,1975,N2O_AWB,1.34217286045859e-05
India,FodderGrass,FodderGrassAEZ02,FodderGrassAEZ02,1975,N2O_AWB,6.61546717353569e-05
India,FodderGrass,FodderGrassAEZ03,FodderGrassAEZ03,1975,N2O_AWB,0.000394276697754005
India,FodderGrass,FodderGrassAEZ04,FodderGrassAEZ04,1975,N2O_AWB,0.00016483450231035
India,FodderGrass,FodderGrassAEZ05,FodderGrassAEZ05,1975,N2O_AWB,3.24050871513904e-05
India,FodderGrass,FodderGrassAEZ06,FodderGrassAEZ06,1975,N2O_AWB,8.4170893974031e-06
India,FodderGrass,FodderGrassAEZ07,FodderGrassAEZ07,1975,N2O_AWB,3.31065383664981e-05
India,FodderGrass,FodderGrassAEZ08,FodderGrassAEZ08,1975,N2O_AWB,9.06627370716627e-05
India,FodderGrass,FodderGrassAEZ09,FodderGrassAEZ09,1975,N2O_AWB,7.01113418023471e-05
India,FodderGrass,FodderGrassAEZ10,FodderGrassAEZ10,1975,N2O_AWB,7.22072800827328e-06
India,FodderGrass,FodderGrassAEZ11,FodderGrassAEZ11,1975,N2O_AWB,4.77067432462075e-06
India,FodderGrass,FodderGrassAEZ12,FodderGrassAEZ12,1975,N2O_AWB,2.98847937472769e-06
India,FodderGrass,FodderGrassAEZ13,FodderGrassAEZ13,1975,N2O_AWB,4.99305083579375e-08
India,FodderGrass,FodderGrassAEZ14,FodderGrassAEZ14,1975,N2O_AWB,5.64933105222137e-08
India,FodderGrass,FodderGrassAEZ15,FodderGrassAEZ15,1975,N2O_AWB,3.88151317193442e-07
India,FodderGrass,FodderGrassAEZ16,FodderGrassAEZ16,1975,N2O_AWB,1.49692984500775e-07
India,FodderHerb,FodderHerbAEZ01,FodderHerbAEZ01,1975,N2O_AWB,0
India,FodderHerb,FodderHerbAEZ02,FodderHerbAEZ02,1975,N2O_AWB,0
India,FodderHerb,FodderHerbAEZ03,FodderHerbAEZ03,1975,N2O_AWB,0
India,FodderHerb,FodderHerbAEZ04,FodderHerbAEZ04,1975,N2O_AWB,0
India,FodderHerb,FodderHerbAEZ05,FodderHerbAEZ05,1975,N2O_AWB,0
India,FodderHerb,FodderHerbAEZ06,FodderHerbAEZ06,1975,N2O_AWB,0
India,FodderHerb,FodderHerbAEZ07,FodderHerbAEZ07,1975,N2O_AWB,0
India,FodderHerb,FodderHerbAEZ08,FodderHerbAEZ08,1975,N2O_AWB,0
India,FodderHerb,FodderHerbAEZ09,FodderHerbAEZ09,1975,N2O_AWB,0
India,FodderHerb,FodderHerbAEZ10,FodderHerbAEZ10,1975,N2O_AWB,0
India,FodderHerb,FodderHerbAEZ11,FodderHerbAEZ11,1975,N2O_AWB,0
India,FodderHerb,FodderHerbAEZ12,FodderHerbAEZ12,1975,N2O_AWB,0
India,FodderHerb,FodderHerbAEZ13,FodderHerbAEZ13,1975,N2O_AWB,0
India,FodderHerb,FodderHerbAEZ14,FodderHerbAEZ14,1975,N2O_AWB,0
India,FodderHerb,FodderHerbAEZ15,FodderHerbAEZ15,1975,N2O_AWB,0
India,FodderHerb,FodderHerbAEZ16,FodderHerbAEZ16,1975,N2O_AWB,0
India,MiscCrop,MiscCropAEZ01,MiscCropAEZ01,1975,N2O_AWB,3.66291253819707e-06
India,MiscCrop,MiscCropAEZ02,MiscCropAEZ02,1975,N2O_AWB,2.81325464390652e-05
India,MiscCrop,MiscCropAEZ03,MiscCropAEZ03,1975,N2O_AWB,0.00020589368009146
India,MiscCrop,MiscCropAEZ04,MiscCropAEZ04,1975,N2O_AWB,0.000157368155467686
India,MiscCrop,MiscCropAEZ05,MiscCropAEZ05,1975,N2O_AWB,3.82442236362821e-05
India,MiscCrop,MiscCropAEZ06,MiscCropAEZ06,1975,N2O_AWB,7.06613353548463e-06
India,MiscCrop,MiscCropAEZ07,MiscCropAEZ07,1975,N2O_AWB,5.63594698719476e-06
India,MiscCrop,MiscCropAEZ08,MiscCropAEZ08,1975,N2O_AWB,4.83167420453252e-05
India,MiscCrop,MiscCropAEZ09,MiscCropAEZ09,1975,N2O_AWB,8.52272219245146e-05
India,MiscCrop,MiscCropAEZ10,MiscCropAEZ10,1975,N2O_AWB,7.00189078993518e-06
India,MiscCrop,MiscCropAEZ11,MiscCropAEZ11,1975,N2O_AWB,4.48517095480533e-06
India,MiscCrop,MiscCropAEZ12,MiscCropAEZ12,1975,N2O_AWB,2.36706372763791e-06
India,MiscCrop,MiscCropAEZ13,MiscCropAEZ13,1975,N2O_AWB,1.67344814787493e-08
India,MiscCrop,MiscCropAEZ14,MiscCropAEZ14,1975,N2O_AWB,1.18618390099598e-08
India,MiscCrop,MiscCropAEZ15,MiscCropAEZ15,1975,N2O_AWB,1.97184674239592e-07
India,MiscCrop,MiscCropAEZ16,MiscCropAEZ16,1975,N2O_AWB,5.39137586494621e-08
India,OilCrop,OilCropAEZ01,OilCropAEZ01,1975,N2O_AWB,6.90030137575858e-07
India,OilCrop,OilCropAEZ02,OilCropAEZ02,1975,N2O_AWB,1.36643144610526e-05
India,OilCrop,OilCropAEZ03,OilCropAEZ03,1975,N2O_AWB,3.46685539248599e-05
India,OilCrop,OilCropAEZ04,OilCropAEZ04,1975,N2O_AWB,1.24324212000585e-05
India,OilCrop,OilCropAEZ05,OilCropAEZ05,1975,N2O_AWB,1.31588678951899e-06
India,OilCrop,OilCropAEZ06,OilCropAEZ06,1975,N2O_AWB,4.37876625452485e-07
India,OilCrop,OilCropAEZ07,OilCropAEZ07,1975,N2O_AWB,2.38721996703031e-06
India,OilCrop,OilCropAEZ08,OilCropAEZ08,1975,N2O_AWB,1.29396236354929e-05
India,OilCrop,OilCropAEZ09,OilCropAEZ09,1975,N2O_AWB,1.1742031907343e-05
India,OilCrop,OilCropAEZ10,OilCropAEZ10,1975,N2O_AWB,2.57713765766949e-07
India,OilCrop,OilCropAEZ11,OilCropAEZ11,1975,N2O_AWB,1.05604913101259e-07
India,OilCrop,OilCropAEZ12,OilCropAEZ12,1975,N2O_AWB,8.21755827562514e-08
India,OilCrop,OilCropAEZ13,OilCropAEZ13,1975,N2O_AWB,9.97653165712873e-10
India,OilCrop,OilCropAEZ14,OilCropAEZ14,1975,N2O_AWB,4.96609575821516e-10
India,OilCrop,OilCropAEZ15,OilCropAEZ15,1975,N2O_AWB,8.39802264826742e-09
India,OilCrop,OilCropAEZ16,OilCropAEZ16,1975,N2O_AWB,8.82368799897157e-10
India,OtherGrain,OtherGrainAEZ01,OtherGrainAEZ01,1975,N2O_AWB,1.82299947314967e-06
India,OtherGrain,OtherGrainAEZ02,OtherGrainAEZ02,1975,N2O_AWB,1.44508146510034e-05
India,OtherGrain,OtherGrainAEZ03,OtherGrainAEZ03,1975,N2O_AWB,0.000105350396270273
India,OtherGrain,OtherGrainAEZ04,OtherGrainAEZ04,1975,N2O_AWB,2.57605220489747e-05
India,OtherGrain,OtherGrainAEZ05,OtherGrainAEZ05,1975,N2O_AWB,2.2033509852925e-06
India,OtherGrain,OtherGrainAEZ06,OtherGrainAEZ06,1975,N2O_AWB,4.45923804477334e-07
India,OtherGrain,OtherGrainAEZ07,OtherGrainAEZ07,1975,N2O_AWB,6.06291148941265e-06
India,OtherGrain,OtherGrainAEZ08,OtherGrainAEZ08,1975,N2O_AWB,4.45702200274778e-05
India,OtherGrain,OtherGrainAEZ09,OtherGrainAEZ09,1975,N2O_AWB,1.35808973437137e-05
India,OtherGrain,OtherGrainAEZ10,OtherGrainAEZ10,1975,N2O_AWB,1.3777430125845e-06
India,OtherGrain,OtherGrainAEZ11,OtherGrainAEZ11,1975,N2O_AWB,1.95096842127117e-06
India,OtherGrain,OtherGrainAEZ12,OtherGrainAEZ12,1975,N2O_AWB,1.20098892329818e-07
India,OtherGrain,OtherGrainAEZ13,OtherGrainAEZ13,1975,N2O_AWB,3.37123734936162e-09
India,OtherGrain,OtherGrainAEZ14,OtherGrainAEZ14,1975,N2O_AWB,3.95228679012192e-08
India,OtherGrain,OtherGrainAEZ15,OtherGrainAEZ15,1975,N2O_AWB,6.92081660628332e-08
India,OtherGrain,OtherGrainAEZ16,OtherGrainAEZ16,1975,N2O_AWB,1.18982817166377e-07
India,PalmFruit,PalmFruitAEZ01,PalmFruitAEZ01,1975,N2O_AWB,0
India,PalmFruit,PalmFruitAEZ02,PalmFruitAEZ02,1975,N2O_AWB,1.25538518415029e-06
India,PalmFruit,PalmFruitAEZ03,PalmFruitAEZ03,1975,N2O_AWB,8.73985972908442e-06
India,PalmFruit,PalmFruitAEZ04,PalmFruitAEZ04,1975,N2O_AWB,1.2807308945385e-05
India,PalmFruit,PalmFruitAEZ05,PalmFruitAEZ05,1975,N2O_AWB,1.81856158090654e-05
India,PalmFruit,PalmFruitAEZ06,PalmFruitAEZ06,1975,N2O_AWB,2.09959026315576e-07
India,PalmFruit,PalmFruitAEZ07,PalmFruitAEZ07,1975,N2O_AWB,0
India,PalmFruit,PalmFruitAEZ08,PalmFruitAEZ08,1975,N2O_AWB,0
India,PalmFruit,PalmFruitAEZ09,PalmFruitAEZ09,1975,N2O_AWB,1.79027737631381e-09
India,PalmFruit,PalmFruitAEZ10,PalmFruitAEZ10,1975,N2O_AWB,0
India,PalmFruit,PalmFruitAEZ11,PalmFruitAEZ11,1975,N2O_AWB,3.86586659727129e-08
India,PalmFruit,PalmFruitAEZ12,PalmFruitAEZ12,1975,N2O_AWB,1.98280842262298e-08
India,PalmFruit,PalmFruitAEZ13,PalmFruitAEZ13,1975,N2O_AWB,0
India,PalmFruit,PalmFruitAEZ14,PalmFruitAEZ14,1975,N2O_AWB,0
India,PalmFruit,PalmFruitAEZ15,PalmFruitAEZ15,1975,N2O_AWB,0
India,PalmFruit,PalmFruitAEZ16,PalmFruitAEZ16,1975,N2O_AWB,0
India,Rice,RiceAEZ01,RiceAEZ01,1975,N2O_AWB,3.77777154827621e-07
India,Rice,RiceAEZ02,RiceAEZ02,1975,N2O_AWB,1.01767384436141e-05
India,Rice,RiceAEZ03,RiceAEZ03,1975,N2O_AWB,0.000218486092665001
India,Rice,RiceAEZ04,RiceAEZ04,1975,N2O_AWB,0.000249346110262252
India,Rice,RiceAEZ05,RiceAEZ05,1975,N2O_AWB,4.47051839862386e-05
India,Rice,RiceAEZ06,RiceAEZ06,1975,N2O_AWB,1.9015760354177e-05
India,Rice,RiceAEZ07,RiceAEZ07,1975,N2O_AWB,4.92369893011584e-06
India,Rice,RiceAEZ08,RiceAEZ08,1975,N2O_AWB,5.58091124229488e-05
India,Rice,RiceAEZ09,RiceAEZ09,1975,N2O_AWB,3.71152254310277e-05
India,Rice,RiceAEZ10,RiceAEZ10,1975,N2O_AWB,6.48834772563326e-06
India,Rice,RiceAEZ11,RiceAEZ11,1975,N2O_AWB,5.24838253688189e-06
India,Rice,RiceAEZ12,RiceAEZ12,1975,N2O_AWB,3.74224704669514e-06
India,Rice,RiceAEZ13,RiceAEZ13,1975,N2O_AWB,7.49733088884788e-09
India,Rice,RiceAEZ14,RiceAEZ14,1975,N2O_AWB,2.92064697276403e-08
India,Rice,RiceAEZ15,RiceAEZ15,1975,N2O_AWB,2.12083131207823e-07
India,Rice,RiceAEZ16,RiceAEZ16,1975,N2O_AWB,4.69361016086973e-08
India,Root_Tuber,Root_TuberAEZ01,Root_TuberAEZ01,1975,N2O_AWB,1.97658401540962e-07
India,Root_Tuber,Root_TuberAEZ02,Root_TuberAEZ02,1975,N2O_AWB,2.7161856494742e-06
India,Root_Tuber,Root_TuberAEZ03,Root_TuberAEZ03,1975,N2O_AWB,3.90338001458503e-05
India,Root_Tuber,Root_TuberAEZ04,Root_TuberAEZ04,1975,N2O_AWB,4.18396193444515e-05
India,Root_Tuber,Root_TuberAEZ05,Root_TuberAEZ05,1975,N2O_AWB,2.28984554929368e-05
India,Root_Tuber,Root_TuberAEZ06,Root_TuberAEZ06,1975,N2O_AWB,1.65838789417141e-06
India,Root_Tuber,Root_TuberAEZ07,Root_TuberAEZ07,1975,N2O_AWB,1.28881158482749e-06
India,Root_Tuber,Root_TuberAEZ08,Root_TuberAEZ08,1975,N2O_AWB,9.6388298201243e-06
India,Root_Tuber,Root_TuberAEZ09,Root_TuberAEZ09,1975,N2O_AWB,1.14574749676731e-05
India,Root_Tuber,Root_TuberAEZ10,Root_TuberAEZ10,1975,N2O_AWB,1.09163885297969e-06
India,Root_Tuber,Root_TuberAEZ11,Root_TuberAEZ11,1975,N2O_AWB,2.20379037781146e-06
India,Root_Tuber,Root_TuberAEZ12,Root_TuberAEZ12,1975,N2O_AWB,7.43871861932816e-07
India,Root_Tuber,Root_TuberAEZ13,Root_TuberAEZ13,1975,N2O_AWB,1.36445693043345e-08
India,Root_Tuber,Root_TuberAEZ14,Root_TuberAEZ14,1975,N2O_AWB,6.64817664895546e-09
India,Root_Tuber,Root_TuberAEZ15,Root_TuberAEZ15,1975,N2O_AWB,2.13969572368173e-08
India,Root_Tuber,Root_TuberAEZ16,Root_TuberAEZ16,1975,N2O_AWB,3.41664047355348e-08
India,SugarCrop,SugarCropAEZ01,SugarCropAEZ01,1975,N2O_AWB,1.90160268485273e-06
India,SugarCrop,SugarCropAEZ02,SugarCropAEZ02,1975,N2O_AWB,1.05531285397046e-05
India,SugarCrop,SugarCropAEZ03,SugarCropAEZ03,1975,N2O_AWB,0.00073641671111029
India,SugarCrop,SugarCropAEZ04,SugarCropAEZ04,1975,N2O_AWB,0.00025740725570779
India,SugarCrop,SugarCropAEZ05,SugarCropAEZ05,1975,N2O_AWB,1.05133267426725e-05
India,SugarCrop,SugarCropAEZ06,SugarCropAEZ06,1975,N2O_AWB,4.14530770303591e-06
India,SugarCrop,SugarCropAEZ07,SugarCropAEZ07,1975,N2O_AWB,2.08376302764815e-06
India,SugarCrop,SugarCropAEZ08,SugarCropAEZ08,1975,N2O_AWB,8.9380281394052e-05
India,SugarCrop,SugarCropAEZ09,SugarCropAEZ09,1975,N2O_AWB,0.000219070315535198
India,SugarCrop,SugarCropAEZ10,SugarCropAEZ10,1975,N2O_AWB,1.51499016676083e-05
India,SugarCrop,SugarCropAEZ11,SugarCropAEZ11,1975,N2O_AWB,5.33676154394341e-06
India,SugarCrop,SugarCropAEZ12,SugarCropAEZ12,1975,N2O_AWB,4.2393388597402e-07
India,SugarCrop,SugarCropAEZ13,SugarCropAEZ13,1975,N2O_AWB,1.74986598785969e-08
India,SugarCrop,SugarCropAEZ14,SugarCropAEZ14,1975,N2O_AWB,1.81345465767425e-09
India,SugarCrop,SugarCropAEZ15,SugarCropAEZ15,1975,N2O_AWB,0
India,SugarCrop,SugarCropAEZ16,SugarCropAEZ16,1975,N2O_AWB,0
India,Wheat,WheatAEZ01,WheatAEZ01,1975,N2O_AWB,5.4560981649739e-07
India,Wheat,WheatAEZ02,WheatAEZ02,1975,N2O_AWB,6.05054270274837e-06
India,Wheat,WheatAEZ03,WheatAEZ03,1975,N2O_AWB,8.16616776490164e-05
India,Wheat,WheatAEZ04,WheatAEZ04,1975,N2O_AWB,1.5219082753602e-05
India,Wheat,WheatAEZ05,WheatAEZ05,1975,N2O_AWB,9.65948261652189e-07
India,Wheat,WheatAEZ06,WheatAEZ06,1975,N2O_AWB,9.43375705911073e-08
India,Wheat,WheatAEZ07,WheatAEZ07,1975,N2O_AWB,1.00286119432217e-05
India,Wheat,WheatAEZ08,WheatAEZ08,1975,N2O_AWB,8.04397925193327e-05
India,Wheat,WheatAEZ09,WheatAEZ09,1975,N2O_AWB,4.6053972501827e-05
India,Wheat,WheatAEZ10,WheatAEZ10,1975,N2O_AWB,3.82697410780045e-06
India,Wheat,WheatAEZ11,WheatAEZ11,1975,N2O_AWB,1.69591230748079e-06
India,Wheat,WheatAEZ12,WheatAEZ12,1975,N2O_AWB,2.63382725060614e-07
India,Wheat,WheatAEZ13,WheatAEZ13,1975,N2O_AWB,4.94870667350927e-09
India,Wheat,WheatAEZ14,WheatAEZ14,1975,N2O_AWB,1.76834720395704e-08
India,Wheat,WheatAEZ15,WheatAEZ15,1975,N2O_AWB,3.47040769201802e-08
India,Wheat,WheatAEZ16,WheatAEZ16,1975,N2O_AWB,4.71828142301349e-08
India,Corn,CornAEZ01,CornAEZ01,1975,NH3_AWB,6.14911932028031e-08
India,Corn,CornAEZ02,CornAEZ02,1975,NH3_AWB,6.5158516751219e-05
India,Corn,CornAEZ03,CornAEZ03,1975,NH3_AWB,0.000370204084062681
India,Corn,CornAEZ04,CornAEZ04,1975,NH3_AWB,0.00018258781853297
India,Corn,CornAEZ05,CornAEZ05,1975,NH3_AWB,1.88542464945871e-05
India,Corn,CornAEZ06,CornAEZ06,1975,NH3_AWB,3.02054459984955e-06
India,Corn,CornAEZ07,CornAEZ07,1975,NH3_AWB,6.9182264936224e-07
India,Corn,CornAEZ08,CornAEZ08,1975,NH3_AWB,5.16668069428878e-05
India,Corn,CornAEZ09,CornAEZ09,1975,NH3_AWB,0.000139457727407533
India,Corn,CornAEZ10,CornAEZ10,1975,NH3_AWB,0.000168647353846584
India,Corn,CornAEZ11,CornAEZ11,1975,NH3_AWB,6.82820450819342e-05
India,Corn,CornAEZ12,CornAEZ12,1975,NH3_AWB,2.10480242460094e-05
India,Corn,CornAEZ13,CornAEZ13,1975,NH3_AWB,1.17281835060058e-07
India,Corn,CornAEZ14,CornAEZ14,1975,NH3_AWB,6.78739416765894e-07
India,Corn,CornAEZ15,CornAEZ15,1975,NH3_AWB,1.54528863745227e-05
India,Corn,CornAEZ16,CornAEZ16,1975,NH3_AWB,1.94192552394263e-07
India,FiberCrop,FiberCropAEZ01,FiberCropAEZ01,1975,NH3_AWB,1.90394817116796e-05
India,FiberCrop,FiberCropAEZ02,FiberCropAEZ02,1975,NH3_AWB,0.000288541403652483
India,FiberCrop,FiberCropAEZ03,FiberCropAEZ03,1975,NH3_AWB,0.000197075317824252
India,FiberCrop,FiberCropAEZ04,FiberCropAEZ04,1975,NH3_AWB,0.000192069044451456
India,FiberCrop,FiberCropAEZ05,FiberCropAEZ05,1975,NH3_AWB,5.64972417063107e-05
India,FiberCrop,FiberCropAEZ06,FiberCropAEZ06,1975,NH3_AWB,6.25770497740096e-06
India,FiberCrop,FiberCropAEZ07,FiberCropAEZ07,1975,NH3_AWB,1.71147492743514e-05
India,FiberCrop,FiberCropAEZ08,FiberCropAEZ08,1975,NH3_AWB,5.98759156047154e-05
India,FiberCrop,FiberCropAEZ09,FiberCropAEZ09,1975,NH3_AWB,5.11306621405371e-05
India,FiberCrop,FiberCropAEZ10,FiberCropAEZ10,1975,NH3_AWB,1.11182150098871e-06
India,FiberCrop,FiberCropAEZ11,FiberCropAEZ11,1975,NH3_AWB,1.52025967875937e-06
India,FiberCrop,FiberCropAEZ12,FiberCropAEZ12,1975,NH3_AWB,1.39555408179693e-06
India,FiberCrop,FiberCropAEZ13,FiberCropAEZ13,1975,NH3_AWB,0
India,FiberCrop,FiberCropAEZ14,FiberCropAEZ14,1975,NH3_AWB,0
India,FiberCrop,FiberCropAEZ15,FiberCropAEZ15,1975,NH3_AWB,0
India,FiberCrop,FiberCropAEZ16,FiberCropAEZ16,1975,NH3_AWB,0
India,FodderGrass,FodderGrassAEZ01,FodderGrassAEZ01,1975,NH3_AWB,0.00024952636320304
India,FodderGrass,FodderGrassAEZ02,FodderGrassAEZ02,1975,NH3_AWB,0.00122989632210075
India,FodderGrass,FodderGrassAEZ03,FodderGrassAEZ03,1975,NH3_AWB,0.00733008641320955
India,FodderGrass,FodderGrassAEZ04,FodderGrassAEZ04,1975,NH3_AWB,0.00306447515842567
India,FodderGrass,FodderGrassAEZ05,FodderGrassAEZ05,1975,NH3_AWB,0.000602450234569729
India,FodderGrass,FodderGrassAEZ06,FodderGrassAEZ06,1975,NH3_AWB,0.000156483994570658
India,FodderGrass,FodderGrassAEZ07,FodderGrassAEZ07,1975,NH3_AWB,0.000615491071247829
India,FodderGrass,FodderGrassAEZ08,FodderGrassAEZ08,1975,NH3_AWB,0.00168553125502745
India,FodderGrass,FodderGrassAEZ09,FodderGrassAEZ09,1975,NH3_AWB,0.00130345566168336
India,FodderGrass,FodderGrassAEZ10,FodderGrassAEZ10,1975,NH3_AWB,0.000134242171978291
India,FodderGrass,FodderGrassAEZ11,FodderGrassAEZ11,1975,NH3_AWB,8.86926750882148e-05
India,FodderGrass,FodderGrassAEZ12,FodderGrassAEZ12,1975,NH3_AWB,5.55594895301568e-05
India,FodderGrass,FodderGrassAEZ13,FodderGrassAEZ13,1975,NH3_AWB,9.28269266238792e-07
India,FodderGrass,FodderGrassAEZ14,FodderGrassAEZ14,1975,NH3_AWB,1.05027979146379e-06
India,FodderGrass,FodderGrassAEZ15,FodderGrassAEZ15,1975,NH3_AWB,7.21620809100972e-06
India,FodderGrass,FodderGrassAEZ16,FodderGrassAEZ16,1975,NH3_AWB,2.78297580884813e-06
India,FodderHerb,FodderHerbAEZ01,FodderHerbAEZ01,1975,NH3_AWB,0
India,FodderHerb,FodderHerbAEZ02,FodderHerbAEZ02,1975,NH3_AWB,0
India,FodderHerb,FodderHerbAEZ03,FodderHerbAEZ03,1975,NH3_AWB,0
India,FodderHerb,FodderHerbAEZ04,FodderHerbAEZ04,1975,NH3_AWB,0
India,FodderHerb,FodderHerbAEZ05,FodderHerbAEZ05,1975,NH3_AWB,0
India,FodderHerb,FodderHerbAEZ06,FodderHerbAEZ06,1975,NH3_AWB,0
India,FodderHerb,FodderHerbAEZ07,FodderHerbAEZ07,1975,NH3_AWB,0
India,FodderHerb,FodderHerbAEZ08,FodderHerbAEZ08,1975,NH3_AWB,0
India,FodderHerb,FodderHerbAEZ09,FodderHerbAEZ09,1975,NH3_AWB,0
India,FodderHerb,FodderHerbAEZ10,FodderHerbAEZ10,1975,NH3_AWB,0
India,FodderHerb,FodderHerbAEZ11,FodderHerbAEZ11,1975,NH3_AWB,0
India,FodderHerb,FodderHerbAEZ12,FodderHerbAEZ12,1975,NH3_AWB,0
India,FodderHerb,FodderHerbAEZ13,FodderHerbAEZ13,1975,NH3_AWB,0
India,FodderHerb,FodderHerbAEZ14,FodderHerbAEZ14,1975,NH3_AWB,0
India,FodderHerb,FodderHerbAEZ15,FodderHerbAEZ15,1975,NH3_AWB,0
India,FodderHerb,FodderHerbAEZ16,FodderHerbAEZ16,1975,NH3_AWB,0
India,MiscCrop,MiscCropAEZ01,MiscCropAEZ01,1975,NH3_AWB,6.80980275577054e-05
India,MiscCrop,MiscCropAEZ02,MiscCropAEZ02,1975,NH3_AWB,0.000523018473058833
India,MiscCrop,MiscCropAEZ03,MiscCropAEZ03,1975,NH3_AWB,0.00382781553056871
India,MiscCrop,MiscCropAEZ04,MiscCropAEZ04,1975,NH3_AWB,0.00292566663167407
India,MiscCrop,MiscCropAEZ05,MiscCropAEZ05,1975,NH3_AWB,0.000711006929034806
India,MiscCrop,MiscCropAEZ06,MiscCropAEZ06,1975,NH3_AWB,0.000131368071502659
India,MiscCrop,MiscCropAEZ07,MiscCropAEZ07,1975,NH3_AWB,0.000104779152995191
India,MiscCrop,MiscCropAEZ08,MiscCropAEZ08,1975,NH3_AWB,0.000898267375207547
India,MiscCrop,MiscCropAEZ09,MiscCropAEZ09,1975,NH3_AWB,0.001584478375271
India,MiscCrop,MiscCropAEZ10,MiscCropAEZ10,1975,NH3_AWB,0.000130173720228587
India,MiscCrop,MiscCropAEZ11,MiscCropAEZ11,1975,NH3_AWB,8.33848179819467e-05
India,MiscCrop,MiscCropAEZ12,MiscCropAEZ12,1975,NH3_AWB,4.40066120265247e-05
India,MiscCrop,MiscCropAEZ13,MiscCropAEZ13,1975,NH3_AWB,3.11114494004463e-07
India,MiscCrop,MiscCropAEZ14,MiscCropAEZ14,1975,NH3_AWB,2.20526106305257e-07
India,MiscCrop,MiscCropAEZ15,MiscCropAEZ15,1975,NH3_AWB,3.66590445179842e-06
India,MiscCrop,MiscCropAEZ16,MiscCropAEZ16,1975,NH3_AWB,1.00232276473018e-06
India,OilCrop,OilCropAEZ01,OilCropAEZ01,1975,NH3_AWB,1.28285048671724e-05
India,OilCrop,OilCropAEZ02,OilCropAEZ02,1975,NH3_AWB,0.000254036331204327
India,OilCrop,OilCropAEZ03,OilCropAEZ03,1975,NH3_AWB,0.000644530852413676
India,OilCrop,OilCropAEZ04,OilCropAEZ04,1975,NH3_AWB,0.000231133927622336
India,OilCrop,OilCropAEZ05,OilCropAEZ05,1975,NH3_AWB,2.44639460869004e-05
India,OilCrop,OilCropAEZ06,OilCropAEZ06,1975,NH3_AWB,8.14066243624135e-06
India,OilCrop,OilCropAEZ07,OilCropAEZ07,1975,NH3_AWB,4.43813411884388e-05
India,OilCrop,OilCropAEZ08,OilCropAEZ08,1975,NH3_AWB,0.000240563441722213
India,OilCrop,OilCropAEZ09,OilCropAEZ09,1975,NH3_AWB,0.000218298745621504
India,OilCrop,OilCropAEZ10,OilCropAEZ10,1975,NH3_AWB,4.79121435201833e-06
India,OilCrop,OilCropAEZ11,OilCropAEZ11,1975,NH3_AWB,1.96332459691717e-06
India,OilCrop,OilCropAEZ12,OilCropAEZ12,1975,NH3_AWB,1.52774466787026e-06
India,OilCrop,OilCropAEZ13,OilCropAEZ13,1975,NH3_AWB,1.85475934965095e-08
India,OilCrop,OilCropAEZ14,OilCropAEZ14,1975,NH3_AWB,9.23257987381802e-09
India,OilCrop,OilCropAEZ15,OilCropAEZ15,1975,NH3_AWB,1.56129520366173e-07
India,OilCrop,OilCropAEZ16,OilCropAEZ16,1975,NH3_AWB,1.64043160258016e-08
India,OtherGrain,OtherGrainAEZ01,OtherGrainAEZ01,1975,NH3_AWB,3.38917915908887e-05
India,OtherGrain,OtherGrainAEZ02,OtherGrainAEZ02,1975,NH3_AWB,0.000268658332426275
India,OtherGrain,OtherGrainAEZ03,OtherGrainAEZ03,1975,NH3_AWB,0.00195859281749583
India,OtherGrain,OtherGrainAEZ04,OtherGrainAEZ04,1975,NH3_AWB,0.000478919636245373
India,OtherGrain,OtherGrainAEZ05,OtherGrainAEZ05,1975,NH3_AWB,4.09629917589022e-05
India,OtherGrain,OtherGrainAEZ06,OtherGrainAEZ06,1975,NH3_AWB,8.2902693442091e-06
India,OtherGrain,OtherGrainAEZ07,OtherGrainAEZ07,1975,NH3_AWB,0.000112716945703861
India,OtherGrain,OtherGrainAEZ08,OtherGrainAEZ08,1975,NH3_AWB,0.000828614945083595
India,OtherGrain,OtherGrainAEZ09,OtherGrainAEZ09,1975,NH3_AWB,0.000252485504888904
India,OtherGrain,OtherGrainAEZ10,OtherGrainAEZ10,1975,NH3_AWB,2.56139289868481e-05
India,OtherGrain,OtherGrainAEZ11,OtherGrainAEZ11,1975,NH3_AWB,3.62708909728243e-05
India,OtherGrain,OtherGrainAEZ12,OtherGrainAEZ12,1975,NH3_AWB,2.23278541167444e-06
India,OtherGrain,OtherGrainAEZ13,OtherGrainAEZ13,1975,NH3_AWB,6.26754287814342e-08
India,OtherGrain,OtherGrainAEZ14,OtherGrainAEZ14,1975,NH3_AWB,7.3477849100419e-07
India,OtherGrain,OtherGrainAEZ15,OtherGrainAEZ15,1975,NH3_AWB,1.286664519182e-06
India,OtherGrain,OtherGrainAEZ16,OtherGrainAEZ16,1975,NH3_AWB,2.21203620828946e-06
India,PalmFruit,PalmFruitAEZ01,PalmFruitAEZ01,1975,NH3_AWB,0
India,PalmFruit,PalmFruitAEZ02,PalmFruitAEZ02,1975,NH3_AWB,2.33391471880135e-05
India,PalmFruit,PalmFruitAEZ03,PalmFruitAEZ03,1975,NH3_AWB,0.000162484690113463
India,PalmFruit,PalmFruitAEZ04,PalmFruitAEZ04,1975,NH3_AWB,0.000238103549677482
India,PalmFruit,PalmFruitAEZ05,PalmFruitAEZ05,1975,NH3_AWB,0.00033809285742027
India,PalmFruit,PalmFruitAEZ06,PalmFruitAEZ06,1975,NH3_AWB,3.90339529293392e-06
India,PalmFruit,PalmFruitAEZ07,PalmFruitAEZ07,1975,NH3_AWB,0
India,PalmFruit,PalmFruitAEZ08,PalmFruitAEZ08,1975,NH3_AWB,0
India,PalmFruit,PalmFruitAEZ09,PalmFruitAEZ09,1975,NH3_AWB,3.3283447758259e-08
India,PalmFruit,PalmFruitAEZ10,PalmFruitAEZ10,1975,NH3_AWB,0
India,PalmFruit,PalmFruitAEZ11,PalmFruitAEZ11,1975,NH3_AWB,7.18711919354131e-07
India,PalmFruit,PalmFruitAEZ12,PalmFruitAEZ12,1975,NH3_AWB,3.68628355707044e-07
India,PalmFruit,PalmFruitAEZ13,PalmFruitAEZ13,1975,NH3_AWB,0
India,PalmFruit,PalmFruitAEZ14,PalmFruitAEZ14,1975,NH3_AWB,0
India,PalmFruit,PalmFruitAEZ15,PalmFruitAEZ15,1975,NH3_AWB,0
India,PalmFruit,PalmFruitAEZ16,PalmFruitAEZ16,1975,NH3_AWB,0
India,Rice,RiceAEZ01,RiceAEZ01,1975,NH3_AWB,7.0233397144627e-06
India,Rice,RiceAEZ02,RiceAEZ02,1975,NH3_AWB,0.000189198024182664
India,Rice,RiceAEZ03,RiceAEZ03,1975,NH3_AWB,0.00406192389365649
India,Rice,RiceAEZ04,RiceAEZ04,1975,NH3_AWB,0.00463564939402107
India,Rice,RiceAEZ05,RiceAEZ05,1975,NH3_AWB,0.000831124090275337
India,Rice,RiceAEZ06,RiceAEZ06,1975,NH3_AWB,0.000353526260626155
India,Rice,RiceAEZ07,RiceAEZ07,1975,NH3_AWB,9.15375898093129e-05
India,Rice,RiceAEZ08,RiceAEZ08,1975,NH3_AWB,0.00103755971132734
India,Rice,RiceAEZ09,RiceAEZ09,1975,NH3_AWB,0.000690017470484465
India,Rice,RiceAEZ10,RiceAEZ10,1975,NH3_AWB,0.000120626326077016
India,Rice,RiceAEZ11,RiceAEZ11,1975,NH3_AWB,9.75738554778273e-05
India,Rice,RiceAEZ12,RiceAEZ12,1975,NH3_AWB,6.95729531775886e-05
India,Rice,RiceAEZ13,RiceAEZ13,1975,NH3_AWB,1.39384558095209e-07
India,Rice,RiceAEZ14,RiceAEZ14,1975,NH3_AWB,5.42984021495392e-07
India,Rice,RiceAEZ15,RiceAEZ15,1975,NH3_AWB,3.94288500282442e-06
India,Rice,RiceAEZ16,RiceAEZ16,1975,NH3_AWB,8.72599579561231e-07
India,Root_Tuber,Root_TuberAEZ01,Root_TuberAEZ01,1975,NH3_AWB,3.67471162218186e-06
India,Root_Tuber,Root_TuberAEZ02,Root_TuberAEZ02,1975,NH3_AWB,5.04972158851439e-05
India,Root_Tuber,Root_TuberAEZ03,Root_TuberAEZ03,1975,NH3_AWB,0.000725686122803914
India,Root_Tuber,Root_TuberAEZ04,Root_TuberAEZ04,1975,NH3_AWB,0.00077784973608045
India,Root_Tuber,Root_TuberAEZ05,Root_TuberAEZ05,1975,NH3_AWB,0.000425710315746284
India,Root_Tuber,Root_TuberAEZ06,Root_TuberAEZ06,1975,NH3_AWB,3.0831460850069e-05
India,Root_Tuber,Root_TuberAEZ07,Root_TuberAEZ07,1975,NH3_AWB,2.39605848911346e-05
India,Root_Tuber,Root_TuberAEZ08,Root_TuberAEZ08,1975,NH3_AWB,0.000179197644461895
India,Root_Tuber,Root_TuberAEZ09,Root_TuberAEZ09,1975,NH3_AWB,0.000213008483810089
India,Root_Tuber,Root_TuberAEZ10,Root_TuberAEZ10,1975,NH3_AWB,2.02949024630174e-05
India,Root_Tuber,Root_TuberAEZ11,Root_TuberAEZ11,1975,NH3_AWB,4.09711606036541e-05
India,Root_Tuber,Root_TuberAEZ12,Root_TuberAEZ12,1975,NH3_AWB,1.38294884262336e-05
India,Root_Tuber,Root_TuberAEZ13,Root_TuberAEZ13,1975,NH3_AWB,2.536692445725e-07
India,Root_Tuber,Root_TuberAEZ14,Root_TuberAEZ14,1975,NH3_AWB,1.2359774139513e-07
India,Root_Tuber,Root_TuberAEZ15,Root_TuberAEZ15,1975,NH3_AWB,3.97795625303417e-07
India,Root_Tuber,Root_TuberAEZ16,Root_TuberAEZ16,1975,NH3_AWB,6.35195284344238e-07
India,SugarCrop,SugarCropAEZ01,SugarCropAEZ01,1975,NH3_AWB,3.53531215082321e-05
India,SugarCrop,SugarCropAEZ02,SugarCropAEZ02,1975,NH3_AWB,0.000196195576777419
India,SugarCrop,SugarCropAEZ03,SugarCropAEZ03,1975,NH3_AWB,0.0136908880472005
India,SugarCrop,SugarCropAEZ04,SugarCropAEZ04,1975,NH3_AWB,0.00478551595484459
India,SugarCrop,SugarCropAEZ05,SugarCropAEZ05,1975,NH3_AWB,0.000195455612652456
India,SugarCrop,SugarCropAEZ06,SugarCropAEZ06,1975,NH3_AWB,7.70663441326538e-05
India,SugarCrop,SugarCropAEZ07,SugarCropAEZ07,1975,NH3_AWB,3.8739705248424e-05
India,SugarCrop,SugarCropAEZ08,SugarCropAEZ08,1975,NH3_AWB,0.00166168883423122
India,SugarCrop,SugarCropAEZ09,SugarCropAEZ09,1975,NH3_AWB,0.00407278531191303
India,SugarCrop,SugarCropAEZ10,SugarCropAEZ10,1975,NH3_AWB,0.000281655215760386
India,SugarCrop,SugarCropAEZ11,SugarCropAEZ11,1975,NH3_AWB,9.92169293966386e-05
India,SugarCrop,SugarCropAEZ12,SugarCropAEZ12,1975,NH3_AWB,7.88144984316597e-06
India,SugarCrop,SugarCropAEZ13,SugarCropAEZ13,1975,NH3_AWB,3.25321505826109e-07
India,SugarCrop,SugarCropAEZ14,SugarCropAEZ14,1975,NH3_AWB,3.37143417881702e-08
India,SugarCrop,SugarCropAEZ15,SugarCropAEZ15,1975,NH3_AWB,0
India,SugarCrop,SugarCropAEZ16,SugarCropAEZ16,1975,NH3_AWB,0
India,Wheat,WheatAEZ01,WheatAEZ01,1975,NH3_AWB,1.01435543251824e-05
India,Wheat,WheatAEZ02,WheatAEZ02,1975,NH3_AWB,0.000112486994820149
India,Wheat,WheatAEZ03,WheatAEZ03,1975,NH3_AWB,0.00151819054289742
India,Wheat,WheatAEZ04,WheatAEZ04,1975,NH3_AWB,0.000282941376827935
India,Wheat,WheatAEZ05,WheatAEZ05,1975,NH3_AWB,1.79581605226331e-05
India,Wheat,WheatAEZ06,WheatAEZ06,1975,NH3_AWB,1.75385090821805e-06
India,Wheat,WheatAEZ07,WheatAEZ07,1975,NH3_AWB,0.000186444171230795
India,Wheat,WheatAEZ08,WheatAEZ08,1975,NH3_AWB,0.00149547420272662
India,Wheat,WheatAEZ09,WheatAEZ09,1975,NH3_AWB,0.000856199719722188
India,Wheat,WheatAEZ10,WheatAEZ10,1975,NH3_AWB,7.11481329510245e-05
India,Wheat,WheatAEZ11,WheatAEZ11,1975,NH3_AWB,3.15290856240655e-05
India,Wheat,WheatAEZ12,WheatAEZ12,1975,NH3_AWB,4.89660724419848e-06
India,Wheat,WheatAEZ13,WheatAEZ13,1975,NH3_AWB,9.20025143689367e-08
India,Wheat,WheatAEZ14,WheatAEZ14,1975,NH3_AWB,3.28757390112106e-07
India,Wheat,WheatAEZ15,WheatAEZ15,1975,NH3_AWB,6.45191268377485e-07
India,Wheat,WheatAEZ16,WheatAEZ16,1975,NH3_AWB,8.77186269174564e-07
India,Corn,CornAEZ01,CornAEZ01,1975,NMVOC_AWB,3.30753871513214e-07
India,Corn,CornAEZ02,CornAEZ02,1975,NMVOC_AWB,0.000350479972090408
India,Corn,CornAEZ03,CornAEZ03,1975,NMVOC_AWB,0.00199128407949243
India,Corn,CornAEZ04,CornAEZ04,1975,NMVOC_AWB,0.000982118328258087
India,Corn,CornAEZ05,CornAEZ05,1975,NMVOC_AWB,0.000101414766859083
India,Corn,CornAEZ06,CornAEZ06,1975,NMVOC_AWB,1.62471529408056e-05
India,Corn,CornAEZ07,CornAEZ07,1975,NMVOC_AWB,3.72123238725279e-06
India,Corn,CornAEZ08,CornAEZ08,1975,NMVOC_AWB,0.00027790965722075
India,Corn,CornAEZ09,CornAEZ09,1975,NMVOC_AWB,0.000750126657980893
India,Corn,CornAEZ10,CornAEZ10,1975,NMVOC_AWB,0.000907134213858024
India,Corn,CornAEZ11,CornAEZ11,1975,NMVOC_AWB,0.00036728106236618
India,Corn,CornAEZ12,CornAEZ12,1975,NMVOC_AWB,0.000113214838490957
India,Corn,CornAEZ13,CornAEZ13,1975,NMVOC_AWB,6.30845150074596e-07
India,Corn,CornAEZ14,CornAEZ14,1975,NMVOC_AWB,3.65085922310102e-06
India,Corn,CornAEZ15,CornAEZ15,1975,NMVOC_AWB,8.31192521760041e-05
India,Corn,CornAEZ16,CornAEZ16,1975,NMVOC_AWB,1.04453882219523e-06
India,FiberCrop,FiberCropAEZ01,FiberCropAEZ01,1975,NMVOC_AWB,0.000102411125231767
India,FiberCrop,FiberCropAEZ02,FiberCropAEZ02,1975,NMVOC_AWB,0.00155203015877671
India,FiberCrop,FiberCropAEZ03,FiberCropAEZ03,1975,NMVOC_AWB,0.00106004487724101
India,FiberCrop,FiberCropAEZ04,FiberCropAEZ04,1975,NMVOC_AWB,0.00103311672357119
India,FiberCrop,FiberCropAEZ05,FiberCropAEZ05,1975,NMVOC_AWB,0.000303891995761895
India,FiberCrop,FiberCropAEZ06,FiberCropAEZ06,1975,NMVOC_AWB,3.3659456586517e-05
India,FiberCrop,FiberCropAEZ07,FiberCropAEZ07,1975,NMVOC_AWB,9.2058216593716e-05
India,FiberCrop,FiberCropAEZ08,FiberCropAEZ08,1975,NMVOC_AWB,0.000322065483935922
India,FiberCrop,FiberCropAEZ09,FiberCropAEZ09,1975,NMVOC_AWB,0.000275025797600653
India,FiberCrop,FiberCropAEZ10,FiberCropAEZ10,1975,NMVOC_AWB,5.98035664506969e-06
India,FiberCrop,FiberCropAEZ11,FiberCropAEZ11,1975,NMVOC_AWB,8.17729740251935e-06
India,FiberCrop,FiberCropAEZ12,FiberCropAEZ12,1975,NMVOC_AWB,7.50652071326793e-06
India,FiberCrop,FiberCropAEZ13,FiberCropAEZ13,1975,NMVOC_AWB,0
India,FiberCrop,FiberCropAEZ14,FiberCropAEZ14,1975,NMVOC_AWB,0
India,FiberCrop,FiberCropAEZ15,FiberCropAEZ15,1975,NMVOC_AWB,0
India,FiberCrop,FiberCropAEZ16,FiberCropAEZ16,1975,NMVOC_AWB,0
India,FodderGrass,FodderGrassAEZ01,FodderGrassAEZ01,1975,NMVOC_AWB,0.00134217286045859
India,FodderGrass,FodderGrassAEZ02,FodderGrassAEZ02,1975,NMVOC_AWB,0.00661546717353569
India,FodderGrass,FodderGrassAEZ03,FodderGrassAEZ03,1975,NMVOC_AWB,0.0394276697754005
India,FodderGrass,FodderGrassAEZ04,FodderGrassAEZ04,1975,NMVOC_AWB,0.016483450231035
India,FodderGrass,FodderGrassAEZ05,FodderGrassAEZ05,1975,NMVOC_AWB,0.00324050871513904
India,FodderGrass,FodderGrassAEZ06,FodderGrassAEZ06,1975,NMVOC_AWB,0.00084170893974031
India,FodderGrass,FodderGrassAEZ07,FodderGrassAEZ07,1975,NMVOC_AWB,0.00331065383664981
India,FodderGrass,FodderGrassAEZ08,FodderGrassAEZ08,1975,NMVOC_AWB,0.00906627370716627
India,FodderGrass,FodderGrassAEZ09,FodderGrassAEZ09,1975,NMVOC_AWB,0.00701113418023471
India,FodderGrass,FodderGrassAEZ10,FodderGrassAEZ10,1975,NMVOC_AWB,0.000722072800827328
India,FodderGrass,FodderGrassAEZ11,FodderGrassAEZ11,1975,NMVOC_AWB,0.000477067432462075
India,FodderGrass,FodderGrassAEZ12,FodderGrassAEZ12,1975,NMVOC_AWB,0.000298847937472769
India,FodderGrass,FodderGrassAEZ13,FodderGrassAEZ13,1975,NMVOC_AWB,4.99305083579375e-06
India,FodderGrass,FodderGrassAEZ14,FodderGrassAEZ14,1975,NMVOC_AWB,5.64933105222137e-06
India,FodderGrass,FodderGrassAEZ15,FodderGrassAEZ15,1975,NMVOC_AWB,3.88151317193442e-05
India,FodderGrass,FodderGrassAEZ16,FodderGrassAEZ16,1975,NMVOC_AWB,1.49692984500775e-05
India,FodderHerb,FodderHerbAEZ01,FodderHerbAEZ01,1975,NMVOC_AWB,0
India,FodderHerb,FodderHerbAEZ02,FodderHerbAEZ02,1975,NMVOC_AWB,0
India,FodderHerb,FodderHerbAEZ03,FodderHerbAEZ03,1975,NMVOC_AWB,0
India,FodderHerb,FodderHerbAEZ04,FodderHerbAEZ04,1975,NMVOC_AWB,0
India,FodderHerb,FodderHerbAEZ05,FodderHerbAEZ05,1975,NMVOC_AWB,0
India,FodderHerb,FodderHerbAEZ06,FodderHerbAEZ06,1975,NMVOC_AWB,0
India,FodderHerb,FodderHerbAEZ07,FodderHerbAEZ07,1975,NMVOC_AWB,0
India,FodderHerb,FodderHerbAEZ08,FodderHerbAEZ08,1975,NMVOC_AWB,0
India,FodderHerb,FodderHerbAEZ09,FodderHerbAEZ09,1975,NMVOC_AWB,0
India,FodderHerb,FodderHerbAEZ10,FodderHerbAEZ10,1975,NMVOC_AWB,0
India,FodderHerb,FodderHerbAEZ11,FodderHerbAEZ11,1975,NMVOC_AWB,0
India,FodderHerb,FodderHerbAEZ12,FodderHerbAEZ12,1975,NMVOC_AWB,0
India,FodderHerb,FodderHerbAEZ13,FodderHerbAEZ13,1975,NMVOC_AWB,0
India,FodderHerb,FodderHerbAEZ14,FodderHerbAEZ14,1975,NMVOC_AWB,0
India,FodderHerb,FodderHerbAEZ15,FodderHerbAEZ15,1975,NMVOC_AWB,0
India,FodderHerb,FodderHerbAEZ16,FodderHerbAEZ16,1975,NMVOC_AWB,0
India,MiscCrop,MiscCropAEZ01,MiscCropAEZ01,1975,NMVOC_AWB,0.000366291253819707
India,MiscCrop,MiscCropAEZ02,MiscCropAEZ02,1975,NMVOC_AWB,0.00281325464390652
India,MiscCrop,MiscCropAEZ03,MiscCropAEZ03,1975,NMVOC_AWB,0.020589368009146
India,MiscCrop,MiscCropAEZ04,MiscCropAEZ04,1975,NMVOC_AWB,0.0157368155467686
India,MiscCrop,MiscCropAEZ05,MiscCropAEZ05,1975,NMVOC_AWB,0.00382442236362821
India,MiscCrop,MiscCropAEZ06,MiscCropAEZ06,1975,NMVOC_AWB,0.000706613353548463
India,MiscCrop,MiscCropAEZ07,MiscCropAEZ07,1975,NMVOC_AWB,0.000563594698719476
India,MiscCrop,MiscCropAEZ08,MiscCropAEZ08,1975,NMVOC_AWB,0.00483167420453252
India,MiscCrop,MiscCropAEZ09,MiscCropAEZ09,1975,NMVOC_AWB,0.00852272219245146
India,MiscCrop,MiscCropAEZ10,MiscCropAEZ10,1975,NMVOC_AWB,0.000700189078993518
India,MiscCrop,MiscCropAEZ11,MiscCropAEZ11,1975,NMVOC_AWB,0.000448517095480533
India,MiscCrop,MiscCropAEZ12,MiscCropAEZ12,1975,NMVOC_AWB,0.000236706372763791
India,MiscCrop,MiscCropAEZ13,MiscCropAEZ13,1975,NMVOC_AWB,1.67344814787494e-06
India,MiscCrop,MiscCropAEZ14,MiscCropAEZ14,1975,NMVOC_AWB,1.18618390099598e-06
India,MiscCrop,MiscCropAEZ15,MiscCropAEZ15,1975,NMVOC_AWB,1.97184674239592e-05
India,MiscCrop,MiscCropAEZ16,MiscCropAEZ16,1975,NMVOC_AWB,5.39137586494621e-06
India,OilCrop,OilCropAEZ01,OilCropAEZ01,1975,NMVOC_AWB,6.90030137575858e-05
India,OilCrop,OilCropAEZ02,OilCropAEZ02,1975,NMVOC_AWB,0.00136643144610526
India,OilCrop,OilCropAEZ03,OilCropAEZ03,1975,NMVOC_AWB,0.00346685539248599
India,OilCrop,OilCropAEZ04,OilCropAEZ04,1975,NMVOC_AWB,0.00124324212000585
India,OilCrop,OilCropAEZ05,OilCropAEZ05,1975,NMVOC_AWB,0.000131588678951899
India,OilCrop,OilCropAEZ06,OilCropAEZ06,1975,NMVOC_AWB,4.37876625452485e-05
India,OilCrop,OilCropAEZ07,OilCropAEZ07,1975,NMVOC_AWB,0.000238721996703031
India,OilCrop,OilCropAEZ08,OilCropAEZ08,1975,NMVOC_AWB,0.00129396236354929
India,OilCrop,OilCropAEZ09,OilCropAEZ09,1975,NMVOC_AWB,0.0011742031907343
India,OilCrop,OilCropAEZ10,OilCropAEZ10,1975,NMVOC_AWB,2.57713765766949e-05
India,OilCrop,OilCropAEZ11,OilCropAEZ11,1975,NMVOC_AWB,1.05604913101259e-05
India,OilCrop,OilCropAEZ12,OilCropAEZ12,1975,NMVOC_AWB,8.21755827562514e-06
India,OilCrop,OilCropAEZ13,OilCropAEZ13,1975,NMVOC_AWB,9.97653165712873e-08
India,OilCrop,OilCropAEZ14,OilCropAEZ14,1975,NMVOC_AWB,4.96609575821516e-08
India,OilCrop,OilCropAEZ15,OilCropAEZ15,1975,NMVOC_AWB,8.39802264826742e-07
India,OilCrop,OilCropAEZ16,OilCropAEZ16,1975,NMVOC_AWB,8.82368799897157e-08
India,OtherGrain,OtherGrainAEZ01,OtherGrainAEZ01,1975,NMVOC_AWB,0.000182299947314967
India,OtherGrain,OtherGrainAEZ02,OtherGrainAEZ02,1975,NMVOC_AWB,0.00144508146510034
India,OtherGrain,OtherGrainAEZ03,OtherGrainAEZ03,1975,NMVOC_AWB,0.0105350396270273
India,OtherGrain,OtherGrainAEZ04,OtherGrainAEZ04,1975,NMVOC_AWB,0.00257605220489747
India,OtherGrain,OtherGrainAEZ05,OtherGrainAEZ05,1975,NMVOC_AWB,0.00022033509852925
India,OtherGrain,OtherGrainAEZ06,OtherGrainAEZ06,1975,NMVOC_AWB,4.45923804477334e-05
India,OtherGrain,OtherGrainAEZ07,OtherGrainAEZ07,1975,NMVOC_AWB,0.000606291148941265
India,OtherGrain,OtherGrainAEZ08,OtherGrainAEZ08,1975,NMVOC_AWB,0.00445702200274778
India,OtherGrain,OtherGrainAEZ09,OtherGrainAEZ09,1975,NMVOC_AWB,0.00135808973437137
India,OtherGrain,OtherGrainAEZ10,OtherGrainAEZ10,1975,NMVOC_AWB,0.00013777430125845
India,OtherGrain,OtherGrainAEZ11,OtherGrainAEZ11,1975,NMVOC_AWB,0.000195096842127117
India,OtherGrain,OtherGrainAEZ12,OtherGrainAEZ12,1975,NMVOC_AWB,1.20098892329818e-05
India,OtherGrain,OtherGrainAEZ13,OtherGrainAEZ13,1975,NMVOC_AWB,3.37123734936162e-07
India,OtherGrain,OtherGrainAEZ14,OtherGrainAEZ14,1975,NMVOC_AWB,3.95228679012192e-06
India,OtherGrain,OtherGrainAEZ15,OtherGrainAEZ15,1975,NMVOC_AWB,6.92081660628332e-06
India,OtherGrain,OtherGrainAEZ16,OtherGrainAEZ16,1975,NMVOC_AWB,1.18982817166377e-05
India,PalmFruit,PalmFruitAEZ01,PalmFruitAEZ01,1975,NMVOC_AWB,0
India,PalmFruit,PalmFruitAEZ02,PalmFruitAEZ02,1975,NMVOC_AWB,0.000125538518415029
India,PalmFruit,PalmFruitAEZ03,PalmFruitAEZ03,1975,NMVOC_AWB,0.000873985972908442
India,PalmFruit,PalmFruitAEZ04,PalmFruitAEZ04,1975,NMVOC_AWB,0.0012807308945385
India,PalmFruit,PalmFruitAEZ05,PalmFruitAEZ05,1975,NMVOC_AWB,0.00181856158090654
India,PalmFruit,PalmFruitAEZ06,PalmFruitAEZ06,1975,NMVOC_AWB,2.09959026315576e-05
India,PalmFruit,PalmFruitAEZ07,PalmFruitAEZ07,1975,NMVOC_AWB,0
India,PalmFruit,PalmFruitAEZ08,PalmFruitAEZ08,1975,NMVOC_AWB,0
India,PalmFruit,PalmFruitAEZ09,PalmFruitAEZ09,1975,NMVOC_AWB,1.79027737631381e-07
India,PalmFruit,PalmFruitAEZ10,PalmFruitAEZ10,1975,NMVOC_AWB,0
India,PalmFruit,PalmFruitAEZ11,PalmFruitAEZ11,1975,NMVOC_AWB,3.86586659727129e-06
India,PalmFruit,PalmFruitAEZ12,PalmFruitAEZ12,1975,NMVOC_AWB,1.98280842262298e-06
India,PalmFruit,PalmFruitAEZ13,PalmFruitAEZ13,1975,NMVOC_AWB,0
India,PalmFruit,PalmFruitAEZ14,PalmFruitAEZ14,1975,NMVOC_AWB,0
India,PalmFruit,PalmFruitAEZ15,PalmFruitAEZ15,1975,NMVOC_AWB,0
India,PalmFruit,PalmFruitAEZ16,PalmFruitAEZ16,1975,NMVOC_AWB,0
India,Rice,RiceAEZ01,RiceAEZ01,1975,NMVOC_AWB,3.77777154827621e-05
India,Rice,RiceAEZ02,RiceAEZ02,1975,NMVOC_AWB,0.00101767384436141
India,Rice,RiceAEZ03,RiceAEZ03,1975,NMVOC_AWB,0.0218486092665001
India,Rice,RiceAEZ04,RiceAEZ04,1975,NMVOC_AWB,0.0249346110262252
India,Rice,RiceAEZ05,RiceAEZ05,1975,NMVOC_AWB,0.00447051839862386
India,Rice,RiceAEZ06,RiceAEZ06,1975,NMVOC_AWB,0.0019015760354177
India,Rice,RiceAEZ07,RiceAEZ07,1975,NMVOC_AWB,0.000492369893011584
India,Rice,RiceAEZ08,RiceAEZ08,1975,NMVOC_AWB,0.00558091124229488
India,Rice,RiceAEZ09,RiceAEZ09,1975,NMVOC_AWB,0.00371152254310277
India,Rice,RiceAEZ10,RiceAEZ10,1975,NMVOC_AWB,0.000648834772563326
India,Rice,RiceAEZ11,RiceAEZ11,1975,NMVOC_AWB,0.000524838253688189
India,Rice,RiceAEZ12,RiceAEZ12,1975,NMVOC_AWB,0.000374224704669514
India,Rice,RiceAEZ13,RiceAEZ13,1975,NMVOC_AWB,7.49733088884788e-07
India,Rice,RiceAEZ14,RiceAEZ14,1975,NMVOC_AWB,2.92064697276403e-06
India,Rice,RiceAEZ15,RiceAEZ15,1975,NMVOC_AWB,2.12083131207823e-05
India,Rice,RiceAEZ16,RiceAEZ16,1975,NMVOC_AWB,4.69361016086973e-06
India,Root_Tuber,Root_TuberAEZ01,Root_TuberAEZ01,1975,NMVOC_AWB,1.97658401540962e-05
India,Root_Tuber,Root_TuberAEZ02,Root_TuberAEZ02,1975,NMVOC_AWB,0.00027161856494742
India,Root_Tuber,Root_TuberAEZ03,Root_TuberAEZ03,1975,NMVOC_AWB,0.00390338001458503
India,Root_Tuber,Root_TuberAEZ04,Root_TuberAEZ04,1975,NMVOC_AWB,0.00418396193444515
India,Root_Tuber,Root_TuberAEZ05,Root_TuberAEZ05,1975,NMVOC_AWB,0.00228984554929368
India,Root_Tuber,Root_TuberAEZ06,Root_TuberAEZ06,1975,NMVOC_AWB,0.000165838789417141
India,Root_Tuber,Root_TuberAEZ07,Root_TuberAEZ07,1975,NMVOC_AWB,0.000128881158482749
India,Root_Tuber,Root_TuberAEZ08,Root_TuberAEZ08,1975,NMVOC_AWB,0.00096388298201243
India,Root_Tuber,Root_TuberAEZ09,Root_TuberAEZ09,1975,NMVOC_AWB,0.00114574749676731
India,Root_Tuber,Root_TuberAEZ10,Root_TuberAEZ10,1975,NMVOC_AWB,0.000109163885297969
India,Root_Tuber,Root_TuberAEZ11,Root_TuberAEZ11,1975,NMVOC_AWB,0.000220379037781146
India,Root_Tuber,Root_TuberAEZ12,Root_TuberAEZ12,1975,NMVOC_AWB,7.43871861932816e-05
India,Root_Tuber,Root_TuberAEZ13,Root_TuberAEZ13,1975,NMVOC_AWB,1.36445693043345e-06
India,Root_Tuber,Root_TuberAEZ14,Root_TuberAEZ14,1975,NMVOC_AWB,6.64817664895546e-07
India,Root_Tuber,Root_TuberAEZ15,Root_TuberAEZ15,1975,NMVOC_AWB,2.13969572368173e-06
India,Root_Tuber,Root_TuberAEZ16,Root_TuberAEZ16,1975,NMVOC_AWB,3.41664047355348e-06
India,SugarCrop,SugarCropAEZ01,SugarCropAEZ01,1975,NMVOC_AWB,0.000190160268485273
India,SugarCrop,SugarCropAEZ02,SugarCropAEZ02,1975,NMVOC_AWB,0.00105531285397046
India,SugarCrop,SugarCropAEZ03,SugarCropAEZ03,1975,NMVOC_AWB,0.073641671111029
India,SugarCrop,SugarCropAEZ04,SugarCropAEZ04,1975,NMVOC_AWB,0.025740725570779
India,SugarCrop,SugarCropAEZ05,SugarCropAEZ05,1975,NMVOC_AWB,0.00105133267426725
India,SugarCrop,SugarCropAEZ06,SugarCropAEZ06,1975,NMVOC_AWB,0.000414530770303591
India,SugarCrop,SugarCropAEZ07,SugarCropAEZ07,1975,NMVOC_AWB,0.000208376302764815
India,SugarCrop,SugarCropAEZ08,SugarCropAEZ08,1975,NMVOC_AWB,0.0089380281394052
India,SugarCrop,SugarCropAEZ09,SugarCropAEZ09,1975,NMVOC_AWB,0.0219070315535198
India,SugarCrop,SugarCropAEZ10,SugarCropAEZ10,1975,NMVOC_AWB,0.00151499016676083
India,SugarCrop,SugarCropAEZ11,SugarCropAEZ11,1975,NMVOC_AWB,0.000533676154394342
India,SugarCrop,SugarCropAEZ12,SugarCropAEZ12,1975,NMVOC_AWB,4.2393388597402e-05
India,SugarCrop,SugarCropAEZ13,SugarCropAEZ13,1975,NMVOC_AWB,1.74986598785969e-06
India,SugarCrop,SugarCropAEZ14,SugarCropAEZ14,1975,NMVOC_AWB,1.81345465767425e-07
India,SugarCrop,SugarCropAEZ15,SugarCropAEZ15,1975,NMVOC_AWB,0
India,SugarCrop,SugarCropAEZ16,SugarCropAEZ16,1975,NMVOC_AWB,0
India,Wheat,WheatAEZ01,WheatAEZ01,1975,NMVOC_AWB,5.4560981649739e-05
India,Wheat,WheatAEZ02,WheatAEZ02,1975,NMVOC_AWB,0.000605054270274837
India,Wheat,WheatAEZ03,WheatAEZ03,1975,NMVOC_AWB,0.00816616776490164
India,Wheat,WheatAEZ04,WheatAEZ04,1975,NMVOC_AWB,0.0015219082753602
India,Wheat,WheatAEZ05,WheatAEZ05,1975,NMVOC_AWB,9.65948261652189e-05
India,Wheat,WheatAEZ06,WheatAEZ06,1975,NMVOC_AWB,9.43375705911073e-06
India,Wheat,WheatAEZ07,WheatAEZ07,1975,NMVOC_AWB,0.00100286119432217
India,Wheat,WheatAEZ08,WheatAEZ08,1975,NMVOC_AWB,0.00804397925193327
India,Wheat,WheatAEZ09,WheatAEZ09,1975,NMVOC_AWB,0.0046053972501827
India,Wheat,WheatAEZ10,WheatAEZ10,1975,NMVOC_AWB,0.000382697410780045
India,Wheat,WheatAEZ11,WheatAEZ11,1975,NMVOC_AWB,0.000169591230748079
India,Wheat,WheatAEZ12,WheatAEZ12,1975,NMVOC_AWB,2.63382725060614e-05
India,Wheat,WheatAEZ13,WheatAEZ13,1975,NMVOC_AWB,4.94870667350927e-07
India,Wheat,WheatAEZ14,WheatAEZ14,1975,NMVOC_AWB,1.76834720395704e-06
India,Wheat,WheatAEZ15,WheatAEZ15,1975,NMVOC_AWB,3.47040769201802e-06
India,Wheat,WheatAEZ16,WheatAEZ16,1975,NMVOC_AWB,4.71828142301349e-06
India,Corn,CornAEZ01,CornAEZ01,1975,NOx_AWB,1.79508452206941e-07
India,Corn,CornAEZ02,CornAEZ02,1975,NOx_AWB,0.000190214303559459
India,Corn,CornAEZ03,CornAEZ03,1975,NOx_AWB,0.00108071999695317
India,Corn,CornAEZ04,CornAEZ04,1975,NOx_AWB,0.000533020339816744
India,Corn,CornAEZ05,CornAEZ05,1975,NOx_AWB,5.50403469096642e-05
India,Corn,CornAEZ06,CornAEZ06,1975,NOx_AWB,8.81773889397072e-06
India,Corn,CornAEZ07,CornAEZ07,1975,NOx_AWB,2.01960649192703e-06
India,Corn,CornAEZ08,CornAEZ08,1975,NOx_AWB,0.000150828566851908
India,Corn,CornAEZ09,CornAEZ09,1975,NOx_AWB,0.00040711262038224
India,Corn,CornAEZ10,CornAEZ10,1975,NOx_AWB,0.00049232457334096
India,Corn,CornAEZ11,CornAEZ11,1975,NOx_AWB,0.000199332678189497
India,Corn,CornAEZ12,CornAEZ12,1975,NOx_AWB,6.14445428299653e-05
India,Corn,CornAEZ13,CornAEZ13,1975,NOx_AWB,3.42375543343026e-07
India,Corn,CornAEZ14,CornAEZ14,1975,NOx_AWB,1.98141320422342e-06
India,Corn,CornAEZ15,CornAEZ15,1975,NOx_AWB,4.51109105343209e-05
India,Corn,CornAEZ16,CornAEZ16,1975,NOx_AWB,5.66897513200643e-07
India,FiberCrop,FiberCropAEZ01,FiberCropAEZ01,1975,NOx_AWB,5.55810956800585e-05
India,FiberCrop,FiberCropAEZ02,FiberCropAEZ02,1975,NOx_AWB,0.000842325836749485
India,FiberCrop,FiberCropAEZ03,FiberCropAEZ03,1975,NOx_AWB,0.000575313039611169
India,FiberCrop,FiberCropAEZ04,FiberCropAEZ04,1975,NOx_AWB,0.000560698452746487
India,FiberCrop,FiberCropAEZ05,FiberCropAEZ05,1975,NOx_AWB,0.000164929836037056
India,FiberCrop,FiberCropAEZ06,FiberCropAEZ06,1975,NOx_AWB,1.82678344060773e-05
India,FiberCrop,FiberCropAEZ07,FiberCropAEZ07,1975,NOx_AWB,4.99623115462431e-05
India,FiberCrop,FiberCropAEZ08,FiberCropAEZ08,1975,NOx_AWB,0.000174793045554138
India,FiberCrop,FiberCropAEZ09,FiberCropAEZ09,1975,NOx_AWB,0.000149263423640077
India,FiberCrop,FiberCropAEZ10,FiberCropAEZ10,1975,NOx_AWB,3.24569009605399e-06
India,FiberCrop,FiberCropAEZ11,FiberCropAEZ11,1975,NOx_AWB,4.43802514917332e-06
India,FiberCrop,FiberCropAEZ12,FiberCropAEZ12,1975,NOx_AWB,4.07397775431401e-06
India,FiberCrop,FiberCropAEZ13,FiberCropAEZ13,1975,NOx_AWB,0
India,FiberCrop,FiberCropAEZ14,FiberCropAEZ14,1975,NOx_AWB,0
India,FiberCrop,FiberCropAEZ15,FiberCropAEZ15,1975,NOx_AWB,0
India,FiberCrop,FiberCropAEZ16,FiberCropAEZ16,1975,NOx_AWB,0
India,FodderGrass,FodderGrassAEZ01,FodderGrassAEZ01,1975,NOx_AWB,0.000728430998170365
India,FodderGrass,FodderGrassAEZ02,FodderGrassAEZ02,1975,NOx_AWB,0.00359038056762329
India,FodderGrass,FodderGrassAEZ03,FodderGrassAEZ03,1975,NOx_AWB,0.0213983889081273
India,FodderGrass,FodderGrassAEZ04,FodderGrassAEZ04,1975,NOx_AWB,0.00894598338173954
India,FodderGrass,FodderGrassAEZ05,FodderGrassAEZ05,1975,NOx_AWB,0.00175870565371287
India,FodderGrass,FodderGrassAEZ06,FodderGrassAEZ06,1975,NOx_AWB,0.000456816630113101
India,FodderGrass,FodderGrassAEZ07,FodderGrassAEZ07,1975,NOx_AWB,0.00179677517693466
India,FodderGrass,FodderGrassAEZ08,FodderGrassAEZ08,1975,NOx_AWB,0.00492049496809255
India,FodderGrass,FodderGrassAEZ09,FodderGrassAEZ09,1975,NOx_AWB,0.00380511901236757
India,FodderGrass,FodderGrassAEZ10,FodderGrassAEZ10,1975,NOx_AWB,0.000391887085899358
India,FodderGrass,FodderGrassAEZ11,FodderGrassAEZ11,1975,NOx_AWB,0.000258916504915907
India,FodderGrass,FodderGrassAEZ12,FodderGrassAEZ12,1975,NOx_AWB,0.000162192298628408
India,FodderGrass,FodderGrassAEZ13,FodderGrassAEZ13,1975,NOx_AWB,2.70985437970331e-06
India,FodderGrass,FodderGrassAEZ14,FodderGrassAEZ14,1975,NOx_AWB,3.06603417383839e-06
India,FodderGrass,FodderGrassAEZ15,FodderGrassAEZ15,1975,NOx_AWB,2.10659490855563e-05
India,FodderGrass,FodderGrassAEZ16,FodderGrassAEZ16,1975,NOx_AWB,8.12421509415292e-06
India,FodderHerb,FodderHerbAEZ01,FodderHerbAEZ01,1975,NOx_AWB,0
India,FodderHerb,FodderHerbAEZ02,FodderHerbAEZ02,1975,NOx_AWB,0
India,FodderHerb,FodderHerbAEZ03,FodderHerbAEZ03,1975,NOx_AWB,0
India,FodderHerb,FodderHerbAEZ04,FodderHerbAEZ04,1975,NOx_AWB,0
India,FodderHerb,FodderHerbAEZ05,FodderHerbAEZ05,1975,NOx_AWB,0
India,FodderHerb,FodderHerbAEZ06,FodderHerbAEZ06,1975,NOx_AWB,0
India,FodderHerb,FodderHerbAEZ07,FodderHerbAEZ07,1975,NOx_AWB,0
India,FodderHerb,FodderHerbAEZ08,FodderHerbAEZ08,1975,NOx_AWB,0
India,FodderHerb,FodderHerbAEZ09,FodderHerbAEZ09,1975,NOx_AWB,0
India,FodderHerb,FodderHerbAEZ10,FodderHerbAEZ10,1975,NOx_AWB,0
India,FodderHerb,FodderHerbAEZ11,FodderHerbAEZ11,1975,NOx_AWB,0
India,FodderHerb,FodderHerbAEZ12,FodderHerbAEZ12,1975,NOx_AWB,0
India,FodderHerb,FodderHerbAEZ13,FodderHerbAEZ13,1975,NOx_AWB,0
India,FodderHerb,FodderHerbAEZ14,FodderHerbAEZ14,1975,NOx_AWB,0
India,FodderHerb,FodderHerbAEZ15,FodderHerbAEZ15,1975,NOx_AWB,0
India,FodderHerb,FodderHerbAEZ16,FodderHerbAEZ16,1975,NOx_AWB,0
India,MiscCrop,MiscCropAEZ01,MiscCropAEZ01,1975,NOx_AWB,0.000198795484174668
India,MiscCrop,MiscCropAEZ02,MiscCropAEZ02,1975,NOx_AWB,0.00152682411389846
India,MiscCrop,MiscCropAEZ03,MiscCropAEZ03,1975,NOx_AWB,0.0111743683190515
India,MiscCrop,MiscCropAEZ04,MiscCropAEZ04,1975,NOx_AWB,0.00854076594339636
India,MiscCrop,MiscCropAEZ05,MiscCropAEZ05,1975,NOx_AWB,0.00207561028972894
India,MiscCrop,MiscCropAEZ06,MiscCropAEZ06,1975,NOx_AWB,0.000383496854697203
India,MiscCrop,MiscCropAEZ07,MiscCropAEZ07,1975,NOx_AWB,0.000305877030482857
India,MiscCrop,MiscCropAEZ08,MiscCropAEZ08,1975,NOx_AWB,0.00262227121954998
India,MiscCrop,MiscCropAEZ09,MiscCropAEZ09,1975,NOx_AWB,0.00462549587812031
India,MiscCrop,MiscCropAEZ10,MiscCropAEZ10,1975,NOx_AWB,0.000380010239176621
India,MiscCrop,MiscCropAEZ11,MiscCropAEZ11,1975,NOx_AWB,0.000243421518332391
India,MiscCrop,MiscCropAEZ12,MiscCropAEZ12,1975,NOx_AWB,0.000128466507158178
India,MiscCrop,MiscCropAEZ13,MiscCropAEZ13,1975,NOx_AWB,9.08222435913648e-07
India,MiscCrop,MiscCropAEZ14,MiscCropAEZ14,1975,NOx_AWB,6.43771863127146e-07
India,MiscCrop,MiscCropAEZ15,MiscCropAEZ15,1975,NOx_AWB,1.07017086481072e-05
India,MiscCrop,MiscCropAEZ16,MiscCropAEZ16,1975,NOx_AWB,2.92603540014402e-06
India,OilCrop,OilCropAEZ01,OilCropAEZ01,1975,NOx_AWB,3.74496725936089e-05
India,OilCrop,OilCropAEZ02,OilCropAEZ02,1975,NOx_AWB,0.00074159674326729
India,OilCrop,OilCropAEZ03,OilCropAEZ03,1975,NOx_AWB,0.00188154969338154
India,OilCrop,OilCropAEZ04,OilCropAEZ04,1975,NOx_AWB,0.000674738794922346
India,OilCrop,OilCropAEZ05,OilCropAEZ05,1975,NOx_AWB,7.14164885766658e-05
India,OilCrop,OilCropAEZ06,OilCropAEZ06,1975,NOx_AWB,2.37646667393381e-05
India,OilCrop,OilCropAEZ07,OilCropAEZ07,1975,NOx_AWB,0.000129560437009728
India,OilCrop,OilCropAEZ08,OilCropAEZ08,1975,NOx_AWB,0.00070226594788472
India,OilCrop,OilCropAEZ09,OilCropAEZ09,1975,NOx_AWB,0.000637269630075199
India,OilCrop,OilCropAEZ10,OilCropAEZ10,1975,NOx_AWB,1.3986774816451e-05
India,OilCrop,OilCropAEZ11,OilCropAEZ11,1975,NOx_AWB,5.73144447547248e-06
India,OilCrop,OilCropAEZ12,OilCropAEZ12,1975,NOx_AWB,4.45987573850325e-06
India,OilCrop,OilCropAEZ13,OilCropAEZ13,1975,NOx_AWB,5.41451487165185e-08
India,OilCrop,OilCropAEZ14,OilCropAEZ14,1975,NOx_AWB,2.69522518055557e-08
India,OilCrop,OilCropAEZ15,OilCropAEZ15,1975,NOx_AWB,4.5578182964038e-07
India,OilCrop,OilCropAEZ16,OilCropAEZ16,1975,NOx_AWB,4.78883759759427e-08
India,OtherGrain,OtherGrainAEZ01,OtherGrainAEZ01,1975,NOx_AWB,9.89387704827186e-05
India,OtherGrain,OtherGrainAEZ02,OtherGrainAEZ02,1975,NOx_AWB,0.000784282088449374
India,OtherGrain,OtherGrainAEZ03,OtherGrainAEZ03,1975,NOx_AWB,0.00571763120635429
India,OtherGrain,OtherGrainAEZ04,OtherGrainAEZ04,1975,NOx_AWB,0.0013980883791014
India,OtherGrain,OtherGrainAEZ05,OtherGrainAEZ05,1975,NOx_AWB,0.000119581404513565
India,OtherGrain,OtherGrainAEZ06,OtherGrainAEZ06,1975,NOx_AWB,2.42014074023496e-05
India,OtherGrain,OtherGrainAEZ07,OtherGrainAEZ07,1975,NOx_AWB,0.000329049468824936
India,OtherGrain,OtherGrainAEZ08,OtherGrainAEZ08,1975,NOx_AWB,0.00241893803844279
India,OtherGrain,OtherGrainAEZ09,OtherGrainAEZ09,1975,NOx_AWB,0.000737069486321646
India,OtherGrain,OtherGrainAEZ10,OtherGrainAEZ10,1975,NOx_AWB,7.47735815144012e-05
India,OtherGrain,OtherGrainAEZ11,OtherGrainAEZ11,1975,NOx_AWB,0.000105883967436195
India,OtherGrain,OtherGrainAEZ12,OtherGrainAEZ12,1975,NOx_AWB,6.51806921420489e-06
India,OtherGrain,OtherGrainAEZ13,OtherGrainAEZ13,1975,NOx_AWB,1.82965537436485e-07
India,OtherGrain,OtherGrainAEZ14,OtherGrainAEZ14,1975,NOx_AWB,2.14500553274515e-06
India,OtherGrain,OtherGrainAEZ15,OtherGrainAEZ15,1975,NOx_AWB,3.75610139140088e-06
India,OtherGrain,OtherGrainAEZ16,OtherGrainAEZ16,1975,NOx_AWB,6.45749700556549e-06
India,PalmFruit,PalmFruitAEZ01,PalmFruitAEZ01,1975,NOx_AWB,0
India,PalmFruit,PalmFruitAEZ02,PalmFruitAEZ02,1975,NOx_AWB,6.81329141513436e-05
India,PalmFruit,PalmFruitAEZ03,PalmFruitAEZ03,1975,NOx_AWB,0.000474334188529986
India,PalmFruit,PalmFruitAEZ04,PalmFruitAEZ04,1975,NOx_AWB,0.000695084896574014
India,PalmFruit,PalmFruitAEZ05,PalmFruitAEZ05,1975,NOx_AWB,0.000986979148990849
India,PalmFruit,PalmFruitAEZ06,PalmFruitAEZ06,1975,NOx_AWB,1.13950048924158e-05
India,PalmFruit,PalmFruitAEZ07,PalmFruitAEZ07,1975,NOx_AWB,0
India,PalmFruit,PalmFruitAEZ08,PalmFruitAEZ08,1975,NOx_AWB,0
India,PalmFruit,PalmFruitAEZ09,PalmFruitAEZ09,1975,NOx_AWB,9.71628599154144e-08
India,PalmFruit,PalmFruitAEZ10,PalmFruitAEZ10,1975,NOx_AWB,0
India,PalmFruit,PalmFruitAEZ11,PalmFruitAEZ11,1975,NOx_AWB,2.09810311861144e-06
India,PalmFruit,PalmFruitAEZ12,PalmFruitAEZ12,1975,NOx_AWB,1.07612004461062e-06
India,PalmFruit,PalmFruitAEZ13,PalmFruitAEZ13,1975,NOx_AWB,0
India,PalmFruit,PalmFruitAEZ14,PalmFruitAEZ14,1975,NOx_AWB,0
India,PalmFruit,PalmFruitAEZ15,PalmFruitAEZ15,1975,NOx_AWB,0
India,PalmFruit,PalmFruitAEZ16,PalmFruitAEZ16,1975,NOx_AWB,0
India,Rice,RiceAEZ01,RiceAEZ01,1975,NOx_AWB,2.05029171788663e-05
India,Rice,RiceAEZ02,RiceAEZ02,1975,NOx_AWB,0.000552317213452497
India,Rice,RiceAEZ03,RiceAEZ03,1975,NOx_AWB,0.0118577902485624
India,Rice,RiceAEZ04,RiceAEZ04,1975,NOx_AWB,0.0135326410881361
India,Rice,RiceAEZ05,RiceAEZ05,1975,NOx_AWB,0.00242626287223235
India,Rice,RiceAEZ06,RiceAEZ06,1975,NOx_AWB,0.00103203318319437
India,Rice,RiceAEZ07,RiceAEZ07,1975,NOx_AWB,0.000267221535468181
India,Rice,RiceAEZ08,RiceAEZ08,1975,NOx_AWB,0.00302890102064503
India,Rice,RiceAEZ09,RiceAEZ09,1975,NOx_AWB,0.00201433671507887
India,Rice,RiceAEZ10,RiceAEZ10,1975,NOx_AWB,0.000352138964324207
India,Rice,RiceAEZ11,RiceAEZ11,1975,NOx_AWB,0.000284842932140241
India,Rice,RiceAEZ12,RiceAEZ12,1975,NOx_AWB,0.000203101167661283
India,Rice,RiceAEZ13,RiceAEZ13,1975,NOx_AWB,4.06899020526386e-07
India,Rice,RiceAEZ14,RiceAEZ14,1975,NOx_AWB,1.58510863417909e-06
India,Rice,RiceAEZ15,RiceAEZ15,1975,NOx_AWB,1.15102854119719e-05
India,Rice,RiceAEZ16,RiceAEZ16,1975,NOx_AWB,2.547340387539e-06
India,Root_Tuber,Root_TuberAEZ01,Root_TuberAEZ01,1975,NOx_AWB,1.07274190212762e-05
India,Root_Tuber,Root_TuberAEZ02,Root_TuberAEZ02,1975,NOx_AWB,0.000147414232708184
India,Root_Tuber,Root_TuberAEZ03,Root_TuberAEZ03,1975,NOx_AWB,0.00211846259452074
India,Root_Tuber,Root_TuberAEZ04,Root_TuberAEZ04,1975,NOx_AWB,0.00227074146557647
India,Root_Tuber,Root_TuberAEZ05,Root_TuberAEZ05,1975,NOx_AWB,0.00124275682236493
India,Root_Tuber,Root_TuberAEZ06,Root_TuberAEZ06,1975,NOx_AWB,9.00048857113814e-05
India,Root_Tuber,Root_TuberAEZ07,Root_TuberAEZ07,1975,NOx_AWB,6.9947049061076e-05
India,Root_Tuber,Root_TuberAEZ08,Root_TuberAEZ08,1975,NOx_AWB,0.000523123558367023
India,Root_Tuber,Root_TuberAEZ09,Root_TuberAEZ09,1975,NOx_AWB,0.000621826008638148
India,Root_Tuber,Root_TuberAEZ10,Root_TuberAEZ10,1975,NOx_AWB,5.92459885566345e-05
India,Root_Tuber,Root_TuberAEZ11,Root_TuberAEZ11,1975,NOx_AWB,0.000119605251451661
India,Root_Tuber,Root_TuberAEZ12,Root_TuberAEZ12,1975,NOx_AWB,4.03717985113653e-05
India,Root_Tuber,Root_TuberAEZ13,Root_TuberAEZ13,1975,NOx_AWB,7.40525123907299e-07
India,Root_Tuber,Root_TuberAEZ14,Root_TuberAEZ14,1975,NOx_AWB,3.6081328233361e-07
India,Root_Tuber,Root_TuberAEZ15,Root_TuberAEZ15,1975,NOx_AWB,1.16126673225221e-06
India,Root_Tuber,Root_TuberAEZ16,Root_TuberAEZ16,1975,NOx_AWB,1.85429679280616e-06
India,SugarCrop,SugarCropAEZ01,SugarCropAEZ01,1975,NOx_AWB,0.000103204764651361
India,SugarCrop,SugarCropAEZ02,SugarCropAEZ02,1975,NOx_AWB,0.00057274485146203
India,SugarCrop,SugarCropAEZ03,SugarCropAEZ03,1975,NOx_AWB,0.039967188709219
India,SugarCrop,SugarCropAEZ04,SugarCropAEZ04,1975,NOx_AWB,0.0139701397439562
India,SugarCrop,SugarCropAEZ05,SugarCropAEZ05,1975,NOx_AWB,0.000570584707743195
India,SugarCrop,SugarCropAEZ06,SugarCropAEZ06,1975,NOx_AWB,0.000224976284113958
India,SugarCrop,SugarCropAEZ07,SugarCropAEZ07,1975,NOx_AWB,0.000113091065010927
India,SugarCrop,SugarCropAEZ08,SugarCropAEZ08,1975,NOx_AWB,0.00485089287011599
India,SugarCrop,SugarCropAEZ09,SugarCropAEZ09,1975,NOx_AWB,0.0118894974944045
India,SugarCrop,SugarCropAEZ10,SugarCropAEZ10,1975,NOx_AWB,0.000822223300666966
India,SugarCrop,SugarCropAEZ11,SugarCropAEZ11,1975,NOx_AWB,0.000289639483331802
India,SugarCrop,SugarCropAEZ12,SugarCropAEZ12,1975,NOx_AWB,2.30079591694907e-05
India,SugarCrop,SugarCropAEZ13,SugarCropAEZ13,1975,NOx_AWB,9.49696321355722e-07
India,SugarCrop,SugarCropAEZ14,SugarCropAEZ14,1975,NOx_AWB,9.84207493195031e-08
India,SugarCrop,SugarCropAEZ15,SugarCropAEZ15,1975,NOx_AWB,0
India,SugarCrop,SugarCropAEZ16,SugarCropAEZ16,1975,NOx_AWB,0
India,Wheat,WheatAEZ01,WheatAEZ01,1975,NOx_AWB,2.9611618216371e-05
India,Wheat,WheatAEZ02,WheatAEZ02,1975,NOx_AWB,0.000328378183636459
India,Wheat,WheatAEZ03,WheatAEZ03,1975,NOx_AWB,0.00443198481466948
India,Wheat,WheatAEZ04,WheatAEZ04,1975,NOx_AWB,0.000825977932354842
India,Wheat,WheatAEZ05,WheatAEZ05,1975,NOx_AWB,5.24244437617239e-05
India,Wheat,WheatAEZ06,WheatAEZ06,1975,NOx_AWB,5.11993743392846e-06
India,Wheat,WheatAEZ07,WheatAEZ07,1975,NOx_AWB,0.000544278015394247
India,Wheat,WheatAEZ08,WheatAEZ08,1975,NOx_AWB,0.00436567003280443
India,Wheat,WheatAEZ09,WheatAEZ09,1975,NOx_AWB,0.00249946502030701
India,Wheat,WheatAEZ10,WheatAEZ10,1975,NOx_AWB,0.00020769951855268
India,Wheat,WheatAEZ11,WheatAEZ11,1975,NOx_AWB,9.20414300826757e-05
India,Wheat,WheatAEZ12,WheatAEZ12,1975,NOx_AWB,1.42944435079086e-05
India,Wheat,WheatAEZ13,WheatAEZ13,1975,NOx_AWB,2.6857876865466e-07
India,Wheat,WheatAEZ14,WheatAEZ14,1975,NOx_AWB,9.5972654256329e-07
India,Wheat,WheatAEZ15,WheatAEZ15,1975,NOx_AWB,1.88347761576036e-06
India,Wheat,WheatAEZ16,WheatAEZ16,1975,NOx_AWB,2.56073010255929e-06
India,Corn,CornAEZ01,CornAEZ01,1975,SO2_AWB,3.51378246873161e-08
India,Corn,CornAEZ02,CornAEZ02,1975,SO2_AWB,3.72334381435537e-05
India,Corn,CornAEZ03,CornAEZ03,1975,SO2_AWB,0.000211545190892961
India,Corn,CornAEZ04,CornAEZ04,1975,SO2_AWB,0.000104335896304554
India,Corn,CornAEZ05,CornAEZ05,1975,SO2_AWB,1.07738551397641e-05
India,Corn,CornAEZ06,CornAEZ06,1975,SO2_AWB,1.72602548562831e-06
India,Corn,CornAEZ07,CornAEZ07,1975,SO2_AWB,3.95327228206994e-07
India,Corn,CornAEZ08,CornAEZ08,1975,SO2_AWB,2.95238896816502e-05
India,Corn,CornAEZ09,CornAEZ09,1975,SO2_AWB,7.96901299471618e-05
India,Corn,CornAEZ10,CornAEZ10,1975,SO2_AWB,9.63699164837624e-05
India,Corn,CornAEZ11,CornAEZ11,1975,SO2_AWB,3.90183114753909e-05
India,Corn,CornAEZ12,CornAEZ12,1975,SO2_AWB,1.20274424262911e-05
India,Corn,CornAEZ13,CornAEZ13,1975,SO2_AWB,6.70181914628901e-08
India,Corn,CornAEZ14,CornAEZ14,1975,SO2_AWB,3.87851095294797e-07
India,Corn,CornAEZ15,CornAEZ15,1975,SO2_AWB,8.83022078544155e-06
India,Corn,CornAEZ16,CornAEZ16,1975,SO2_AWB,1.10967172796722e-07
India,FiberCrop,FiberCropAEZ01,FiberCropAEZ01,1975,SO2_AWB,1.08797038352455e-05
India,FiberCrop,FiberCropAEZ02,FiberCropAEZ02,1975,SO2_AWB,0.000164880802087133
India,FiberCrop,FiberCropAEZ03,FiberCropAEZ03,1975,SO2_AWB,0.000112614467328144
India,FiberCrop,FiberCropAEZ04,FiberCropAEZ04,1975,SO2_AWB,0.000109753739686546
India,FiberCrop,FiberCropAEZ05,FiberCropAEZ05,1975,SO2_AWB,3.22841381178918e-05
India,FiberCrop,FiberCropAEZ06,FiberCropAEZ06,1975,SO2_AWB,3.57583141565769e-06
India,FiberCrop,FiberCropAEZ07,FiberCropAEZ07,1975,SO2_AWB,9.77985672820078e-06
India,FiberCrop,FiberCropAEZ08,FiberCropAEZ08,1975,SO2_AWB,3.42148089169802e-05
India,FiberCrop,FiberCropAEZ09,FiberCropAEZ09,1975,SO2_AWB,2.92175212231641e-05
India,FiberCrop,FiberCropAEZ10,FiberCropAEZ10,1975,SO2_AWB,6.35326571993547e-07
India,FiberCrop,FiberCropAEZ11,FiberCropAEZ11,1975,SO2_AWB,8.68719816433927e-07
India,FiberCrop,FiberCropAEZ12,FiberCropAEZ12,1975,SO2_AWB,7.97459475312529e-07
India,FiberCrop,FiberCropAEZ13,FiberCropAEZ13,1975,SO2_AWB,0
India,FiberCrop,FiberCropAEZ14,FiberCropAEZ14,1975,SO2_AWB,0
India,FiberCrop,FiberCropAEZ15,FiberCropAEZ15,1975,SO2_AWB,0
India,FiberCrop,FiberCropAEZ16,FiberCropAEZ16,1975,SO2_AWB,0
India,FodderGrass,FodderGrassAEZ01,FodderGrassAEZ01,1975,SO2_AWB,0.00014258649325888
India,FodderGrass,FodderGrassAEZ02,FodderGrassAEZ02,1975,SO2_AWB,0.000702797898343283
India,FodderGrass,FodderGrassAEZ03,FodderGrassAEZ03,1975,SO2_AWB,0.00418862080754832
India,FodderGrass,FodderGrassAEZ04,FodderGrassAEZ04,1975,SO2_AWB,0.00175112866195753
India,FodderGrass,FodderGrassAEZ05,FodderGrassAEZ05,1975,SO2_AWB,0.000344257276896988
India,FodderGrass,FodderGrassAEZ06,FodderGrassAEZ06,1975,SO2_AWB,8.94194254689475e-05
India,FodderGrass,FodderGrassAEZ07,FodderGrassAEZ07,1975,SO2_AWB,0.000351709183570188
India,FodderGrass,FodderGrassAEZ08,FodderGrassAEZ08,1975,SO2_AWB,0.000963160717158541
India,FodderGrass,FodderGrassAEZ09,FodderGrassAEZ09,1975,SO2_AWB,0.000744831806676205
India,FodderGrass,FodderGrassAEZ10,FodderGrassAEZ10,1975,SO2_AWB,7.67098125590233e-05
India,FodderGrass,FodderGrassAEZ11,FodderGrassAEZ11,1975,SO2_AWB,5.0681528621837e-05
India,FodderGrass,FodderGrassAEZ12,FodderGrassAEZ12,1975,SO2_AWB,3.17482797315182e-05
India,FodderGrass,FodderGrassAEZ13,FodderGrassAEZ13,1975,SO2_AWB,5.30439580707881e-07
India,FodderGrass,FodderGrassAEZ14,FodderGrassAEZ14,1975,SO2_AWB,6.00159880836451e-07
India,FodderGrass,FodderGrassAEZ15,FodderGrassAEZ15,1975,SO2_AWB,4.12354748057698e-06
India,FodderGrass,FodderGrassAEZ16,FodderGrassAEZ16,1975,SO2_AWB,1.59027189077036e-06
India,FodderHerb,FodderHerbAEZ01,FodderHerbAEZ01,1975,SO2_AWB,0
India,FodderHerb,FodderHerbAEZ02,FodderHerbAEZ02,1975,SO2_AWB,0
India,FodderHerb,FodderHerbAEZ03,FodderHerbAEZ03,1975,SO2_AWB,0
India,FodderHerb,FodderHerbAEZ04,FodderHerbAEZ04,1975,SO2_AWB,0
India,FodderHerb,FodderHerbAEZ05,FodderHerbAEZ05,1975,SO2_AWB,0
India,FodderHerb,FodderHerbAEZ06,FodderHerbAEZ06,1975,SO2_AWB,0
India,FodderHerb,FodderHerbAEZ07,FodderHerbAEZ07,1975,SO2_AWB,0
India,FodderHerb,FodderHerbAEZ08,FodderHerbAEZ08,1975,SO2_AWB,0
India,FodderHerb,FodderHerbAEZ09,FodderHerbAEZ09,1975,SO2_AWB,0
India,FodderHerb,FodderHerbAEZ10,FodderHerbAEZ10,1975,SO2_AWB,0
India,FodderHerb,FodderHerbAEZ11,FodderHerbAEZ11,1975,SO2_AWB,0
India,FodderHerb,FodderHerbAEZ12,FodderHerbAEZ12,1975,SO2_AWB,0
India,FodderHerb,FodderHerbAEZ13,FodderHerbAEZ13,1975,SO2_AWB,0
India,FodderHerb,FodderHerbAEZ14,FodderHerbAEZ14,1975,SO2_AWB,0
India,FodderHerb,FodderHerbAEZ15,FodderHerbAEZ15,1975,SO2_AWB,0
India,FodderHerb,FodderHerbAEZ16,FodderHerbAEZ16,1975,SO2_AWB,0
India,MiscCrop,MiscCropAEZ01,MiscCropAEZ01,1975,SO2_AWB,3.89131586044031e-05
India,MiscCrop,MiscCropAEZ02,MiscCropAEZ02,1975,SO2_AWB,0.000298867698890762
India,MiscCrop,MiscCropAEZ03,MiscCropAEZ03,1975,SO2_AWB,0.00218732316032498
India,MiscCrop,MiscCropAEZ04,MiscCropAEZ04,1975,SO2_AWB,0.00167180950381376
India,MiscCrop,MiscCropAEZ05,MiscCropAEZ05,1975,SO2_AWB,0.000406289673734175
India,MiscCrop,MiscCropAEZ06,MiscCropAEZ06,1975,SO2_AWB,7.50674694300907e-05
India,MiscCrop,MiscCropAEZ07,MiscCropAEZ07,1975,SO2_AWB,5.98738017115379e-05
India,MiscCrop,MiscCropAEZ08,MiscCropAEZ08,1975,SO2_AWB,0.000513295642975741
India,MiscCrop,MiscCropAEZ09,MiscCropAEZ09,1975,SO2_AWB,0.000905416214440571
India,MiscCrop,MiscCropAEZ10,MiscCropAEZ10,1975,SO2_AWB,7.43849829877641e-05
India,MiscCrop,MiscCropAEZ11,MiscCropAEZ11,1975,SO2_AWB,4.76484674182552e-05
India,MiscCrop,MiscCropAEZ12,MiscCropAEZ12,1975,SO2_AWB,2.51466354437284e-05
India,MiscCrop,MiscCropAEZ13,MiscCropAEZ13,1975,SO2_AWB,1.77779710859693e-07
India,MiscCrop,MiscCropAEZ14,MiscCropAEZ14,1975,SO2_AWB,1.26014917888718e-07
India,MiscCrop,MiscCropAEZ15,MiscCropAEZ15,1975,SO2_AWB,2.09480254388481e-06
India,MiscCrop,MiscCropAEZ16,MiscCropAEZ16,1975,SO2_AWB,5.72755865560105e-07
India,OilCrop,OilCropAEZ01,OilCropAEZ01,1975,SO2_AWB,7.33057420981281e-06
India,OilCrop,OilCropAEZ02,OilCropAEZ02,1975,SO2_AWB,0.000145163617831044
India,OilCrop,OilCropAEZ03,OilCropAEZ03,1975,SO2_AWB,0.000368303344236387
India,OilCrop,OilCropAEZ04,OilCropAEZ04,1975,SO2_AWB,0.000132076530069906
India,OilCrop,OilCropAEZ05,OilCropAEZ05,1975,SO2_AWB,1.39793977639431e-05
India,OilCrop,OilCropAEZ06,OilCropAEZ06,1975,SO2_AWB,4.65180710642363e-06
India,OilCrop,OilCropAEZ07,OilCropAEZ07,1975,SO2_AWB,2.53607663933936e-05
India,OilCrop,OilCropAEZ08,OilCropAEZ08,1975,SO2_AWB,0.000137464823841264
India,OilCrop,OilCropAEZ09,OilCropAEZ09,1975,SO2_AWB,0.000124742140355145
India,OilCrop,OilCropAEZ10,OilCropAEZ10,1975,SO2_AWB,2.7378367725819e-06
India,OilCrop,OilCropAEZ11,OilCropAEZ11,1975,SO2_AWB,1.12189976966695e-06
India,OilCrop,OilCropAEZ12,OilCropAEZ12,1975,SO2_AWB,8.72996953068722e-07
India,OilCrop,OilCropAEZ13,OilCropAEZ13,1975,SO2_AWB,1.05986248551483e-08
India,OilCrop,OilCropAEZ14,OilCropAEZ14,1975,SO2_AWB,5.27575992789601e-09
India,OilCrop,OilCropAEZ15,OilCropAEZ15,1975,SO2_AWB,8.92168687806701e-08
India,OilCrop,OilCropAEZ16,OilCropAEZ16,1975,SO2_AWB,9.37389487188665e-09
India,OtherGrain,OtherGrainAEZ01,OtherGrainAEZ01,1975,SO2_AWB,1.93667380519364e-05
India,OtherGrain,OtherGrainAEZ02,OtherGrainAEZ02,1975,SO2_AWB,0.000153519047100729
India,OtherGrain,OtherGrainAEZ03,OtherGrainAEZ03,1975,SO2_AWB,0.0011191958957119
India,OtherGrain,OtherGrainAEZ04,OtherGrainAEZ04,1975,SO2_AWB,0.000273668363568785
India,OtherGrain,OtherGrainAEZ05,OtherGrainAEZ05,1975,SO2_AWB,2.34074238622298e-05
India,OtherGrain,OtherGrainAEZ06,OtherGrainAEZ06,1975,SO2_AWB,4.73729676811949e-06
India,OtherGrain,OtherGrainAEZ07,OtherGrainAEZ07,1975,SO2_AWB,6.44096832593492e-05
India,OtherGrain,OtherGrainAEZ08,OtherGrainAEZ08,1975,SO2_AWB,0.000473494254333483
India,OtherGrain,OtherGrainAEZ09,OtherGrainAEZ09,1975,SO2_AWB,0.000144277431365088
India,OtherGrain,OtherGrainAEZ10,OtherGrainAEZ10,1975,SO2_AWB,1.46365308496275e-05
India,OtherGrain,OtherGrainAEZ11,OtherGrainAEZ11,1975,SO2_AWB,2.07262234130425e-05
India,OtherGrain,OtherGrainAEZ12,OtherGrainAEZ12,1975,SO2_AWB,1.27587737809968e-06
India,OtherGrain,OtherGrainAEZ13,OtherGrainAEZ13,1975,SO2_AWB,3.58145307322481e-08
India,OtherGrain,OtherGrainAEZ14,OtherGrainAEZ14,1975,SO2_AWB,4.19873423430966e-07
India,OtherGrain,OtherGrainAEZ15,OtherGrainAEZ15,1975,SO2_AWB,7.35236868104001e-07
India,OtherGrain,OtherGrainAEZ16,OtherGrainAEZ16,1975,SO2_AWB,1.26402069045112e-06
India,PalmFruit,PalmFruitAEZ01,PalmFruitAEZ01,1975,SO2_AWB,0
India,PalmFruit,PalmFruitAEZ02,PalmFruitAEZ02,1975,SO2_AWB,1.33366555360077e-05
India,PalmFruit,PalmFruitAEZ03,PalmFruitAEZ03,1975,SO2_AWB,9.28483943505505e-05
India,PalmFruit,PalmFruitAEZ04,PalmFruitAEZ04,1975,SO2_AWB,0.000136059171244275
India,PalmFruit,PalmFruitAEZ05,PalmFruitAEZ05,1975,SO2_AWB,0.000193195918525868
India,PalmFruit,PalmFruitAEZ06,PalmFruitAEZ06,1975,SO2_AWB,2.23051159596224e-06
India,PalmFruit,PalmFruitAEZ07,PalmFruitAEZ07,1975,SO2_AWB,0
India,PalmFruit,PalmFruitAEZ08,PalmFruitAEZ08,1975,SO2_AWB,0
India,PalmFruit,PalmFruitAEZ09,PalmFruitAEZ09,1975,SO2_AWB,1.90191130047194e-08
India,PalmFruit,PalmFruitAEZ10,PalmFruitAEZ10,1975,SO2_AWB,0
India,PalmFruit,PalmFruitAEZ11,PalmFruitAEZ11,1975,SO2_AWB,4.10692525345218e-07
India,PalmFruit,PalmFruitAEZ12,PalmFruitAEZ12,1975,SO2_AWB,2.10644774689739e-07
India,PalmFruit,PalmFruitAEZ13,PalmFruitAEZ13,1975,SO2_AWB,0
India,PalmFruit,PalmFruitAEZ14,PalmFruitAEZ14,1975,SO2_AWB,0
India,PalmFruit,PalmFruitAEZ15,PalmFruitAEZ15,1975,SO2_AWB,0
India,PalmFruit,PalmFruitAEZ16,PalmFruitAEZ16,1975,SO2_AWB,0
India,Rice,RiceAEZ01,RiceAEZ01,1975,SO2_AWB,4.01333697969297e-06
India,Rice,RiceAEZ02,RiceAEZ02,1975,SO2_AWB,0.000108113156675808
India,Rice,RiceAEZ03,RiceAEZ03,1975,SO2_AWB,0.00232109936780371
India,Rice,RiceAEZ04,RiceAEZ04,1975,SO2_AWB,0.00264894251086919
India,Rice,RiceAEZ05,RiceAEZ05,1975,SO2_AWB,0.000474928051585907
India,Rice,RiceAEZ06,RiceAEZ06,1975,SO2_AWB,0.000202015006072089
India,Rice,RiceAEZ07,RiceAEZ07,1975,SO2_AWB,5.23071941767502e-05
India,Rice,RiceAEZ08,RiceAEZ08,1975,SO2_AWB,0.000592891263615622
India,Rice,RiceAEZ09,RiceAEZ09,1975,SO2_AWB,0.000394295697419694
India,Rice,RiceAEZ10,RiceAEZ10,1975,SO2_AWB,6.8929329186866e-05
India,Rice,RiceAEZ11,RiceAEZ11,1975,SO2_AWB,5.57564888444727e-05
India,Rice,RiceAEZ12,RiceAEZ12,1975,SO2_AWB,3.97559732443363e-05
India,Rice,RiceAEZ13,RiceAEZ13,1975,SO2_AWB,7.96483189115479e-08
India,Rice,RiceAEZ14,RiceAEZ14,1975,SO2_AWB,3.10276583711653e-07
India,Rice,RiceAEZ15,RiceAEZ15,1975,SO2_AWB,2.2530771444711e-06
India,Rice,RiceAEZ16,RiceAEZ16,1975,SO2_AWB,4.98628331177846e-07
India,Root_Tuber,Root_TuberAEZ01,Root_TuberAEZ01,1975,SO2_AWB,2.09983521267535e-06
India,Root_Tuber,Root_TuberAEZ02,Root_TuberAEZ02,1975,SO2_AWB,2.88555519343679e-05
India,Root_Tuber,Root_TuberAEZ03,Root_TuberAEZ03,1975,SO2_AWB,0.000414677784459379
India,Root_Tuber,Root_TuberAEZ04,Root_TuberAEZ04,1975,SO2_AWB,0.000444485563474543
India,Root_Tuber,Root_TuberAEZ05,Root_TuberAEZ05,1975,SO2_AWB,0.000243263037569305
India,Root_Tuber,Root_TuberAEZ06,Root_TuberAEZ06,1975,SO2_AWB,1.76179776286108e-05
India,Root_Tuber,Root_TuberAEZ07,Root_TuberAEZ07,1975,SO2_AWB,1.3691762794934e-05
India,Root_Tuber,Root_TuberAEZ08,Root_TuberAEZ08,1975,SO2_AWB,0.000102398653978226
India,Root_Tuber,Root_TuberAEZ09,Root_TuberAEZ09,1975,SO2_AWB,0.000121719133605765
India,Root_Tuber,Root_TuberAEZ10,Root_TuberAEZ10,1975,SO2_AWB,1.15970871217242e-05
India,Root_Tuber,Root_TuberAEZ11,Root_TuberAEZ11,1975,SO2_AWB,2.34120917735166e-05
India,Root_Tuber,Root_TuberAEZ12,Root_TuberAEZ12,1975,SO2_AWB,7.90256481499065e-06
India,Root_Tuber,Root_TuberAEZ13,Root_TuberAEZ13,1975,SO2_AWB,1.44953854041429e-07
India,Root_Tuber,Root_TuberAEZ14,Root_TuberAEZ14,1975,SO2_AWB,7.06272807972173e-08
India,Root_Tuber,Root_TuberAEZ15,Root_TuberAEZ15,1975,SO2_AWB,2.27311785887667e-07
India,Root_Tuber,Root_TuberAEZ16,Root_TuberAEZ16,1975,SO2_AWB,3.62968733910993e-07
India,SugarCrop,SugarCropAEZ01,SugarCropAEZ01,1975,SO2_AWB,2.02017837189898e-05
India,SugarCrop,SugarCropAEZ02,SugarCropAEZ02,1975,SO2_AWB,0.000112111758158525
India,SugarCrop,SugarCropAEZ03,SugarCropAEZ03,1975,SO2_AWB,0.00782336459840031
India,SugarCrop,SugarCropAEZ04,SugarCropAEZ04,1975,SO2_AWB,0.00273458054562548
India,SugarCrop,SugarCropAEZ05,SugarCropAEZ05,1975,SO2_AWB,0.000111688921515689
India,SugarCrop,SugarCropAEZ06,SugarCropAEZ06,1975,SO2_AWB,4.4037910932945e-05
India,SugarCrop,SugarCropAEZ07,SugarCropAEZ07,1975,SO2_AWB,2.21369744276709e-05
India,SugarCrop,SugarCropAEZ08,SugarCropAEZ08,1975,SO2_AWB,0.000949536476703555
India,SugarCrop,SugarCropAEZ09,SugarCropAEZ09,1975,SO2_AWB,0.00232730589252173
India,SugarCrop,SugarCropAEZ10,SugarCropAEZ10,1975,SO2_AWB,0.000160945837577363
India,SugarCrop,SugarCropAEZ11,SugarCropAEZ11,1975,SO2_AWB,5.66953882266506e-05
India,SugarCrop,SugarCropAEZ12,SugarCropAEZ12,1975,SO2_AWB,4.50368562466627e-06
India,SugarCrop,SugarCropAEZ13,SugarCropAEZ13,1975,SO2_AWB,1.85898003329205e-07
India,SugarCrop,SugarCropAEZ14,SugarCropAEZ14,1975,SO2_AWB,1.92653381646687e-08
India,SugarCrop,SugarCropAEZ15,SugarCropAEZ15,1975,SO2_AWB,0
India,SugarCrop,SugarCropAEZ16,SugarCropAEZ16,1975,SO2_AWB,0
India,Wheat,WheatAEZ01,WheatAEZ01,1975,SO2_AWB,5.7963167572471e-06
India,Wheat,WheatAEZ02,WheatAEZ02,1975,SO2_AWB,6.42782827543707e-05
India,Wheat,WheatAEZ03,WheatAEZ03,1975,SO2_AWB,0.000867537453084239
India,Wheat,WheatAEZ04,WheatAEZ04,1975,SO2_AWB,0.00016168078675882
India,Wheat,WheatAEZ05,WheatAEZ05,1975,SO2_AWB,1.02618060129332e-05
India,Wheat,WheatAEZ06,WheatAEZ06,1975,SO2_AWB,1.00220051898174e-06
India,Wheat,WheatAEZ07,WheatAEZ07,1975,SO2_AWB,0.000106539526417597
India,Wheat,WheatAEZ08,WheatAEZ08,1975,SO2_AWB,0.000854556687272357
India,Wheat,WheatAEZ09,WheatAEZ09,1975,SO2_AWB,0.000489256982698393
India,Wheat,WheatAEZ10,WheatAEZ10,1975,SO2_AWB,4.0656075972014e-05
India,Wheat,WheatAEZ11,WheatAEZ11,1975,SO2_AWB,1.80166203566089e-05
India,Wheat,WheatAEZ12,WheatAEZ12,1975,SO2_AWB,2.79806128239913e-06
India,Wheat,WheatAEZ13,WheatAEZ13,1975,SO2_AWB,5.25728653536781e-08
India,Wheat,WheatAEZ14,WheatAEZ14,1975,SO2_AWB,1.87861365778346e-07
India,Wheat,WheatAEZ15,WheatAEZ15,1975,SO2_AWB,3.68680724787134e-07
India,Wheat,WheatAEZ16,WheatAEZ16,1975,SO2_AWB,5.01249296671179e-07
Indonesia,Corn,CornAEZ04,CornAEZ04,1975,CH4_AWB,0.000864487733228689
Indonesia,Corn,CornAEZ05,CornAEZ05,1975,CH4_AWB,0.0015239221894485
Indonesia,Corn,CornAEZ06,CornAEZ06,1975,CH4_AWB,0.00268905541930536
Indonesia,FiberCrop,FiberCropAEZ04,FiberCropAEZ04,1975,CH4_AWB,6.79239763580288e-07
Indonesia,FiberCrop,FiberCropAEZ05,FiberCropAEZ05,1975,CH4_AWB,2.00062633829638e-06
Indonesia,FiberCrop,FiberCropAEZ06,FiberCropAEZ06,1975,CH4_AWB,2.42954850021902e-05
Indonesia,FodderGrass,FodderGrassAEZ04,FodderGrassAEZ04,1975,CH4_AWB,0
Indonesia,FodderGrass,FodderGrassAEZ05,FodderGrassAEZ05,1975,CH4_AWB,0
Indonesia,FodderGrass,FodderGrassAEZ06,FodderGrassAEZ06,1975,CH4_AWB,0
Indonesia,FodderHerb,FodderHerbAEZ04,FodderHerbAEZ04,1975,CH4_AWB,0
Indonesia,FodderHerb,FodderHerbAEZ05,FodderHerbAEZ05,1975,CH4_AWB,0
Indonesia,FodderHerb,FodderHerbAEZ06,FodderHerbAEZ06,1975,CH4_AWB,0
Indonesia,MiscCrop,MiscCropAEZ04,MiscCropAEZ04,1975,CH4_AWB,0.000227367524955969
Indonesia,MiscCrop,MiscCropAEZ05,MiscCropAEZ05,1975,CH4_AWB,0.00093407410656065
Indonesia,MiscCrop,MiscCropAEZ06,MiscCropAEZ06,1975,CH4_AWB,0.00789296338334157
Indonesia,OilCrop,OilCropAEZ04,OilCropAEZ04,1975,CH4_AWB,0.000110194853622389
Indonesia,OilCrop,OilCropAEZ05,OilCropAEZ05,1975,CH4_AWB,0.000311255125516136
Indonesia,OilCrop,OilCropAEZ06,OilCropAEZ06,1975,CH4_AWB,0.00131821437767347
Indonesia,OtherGrain,OtherGrainAEZ04,OtherGrainAEZ04,1975,CH4_AWB,0
Indonesia,OtherGrain,OtherGrainAEZ05,OtherGrainAEZ05,1975,CH4_AWB,0
Indonesia,OtherGrain,OtherGrainAEZ06,OtherGrainAEZ06,1975,CH4_AWB,0
Indonesia,PalmFruit,PalmFruitAEZ04,PalmFruitAEZ04,1975,CH4_AWB,0.000312485231938826
Indonesia,PalmFruit,PalmFruitAEZ05,PalmFruitAEZ05,1975,CH4_AWB,0.000885036882929019
Indonesia,PalmFruit,PalmFruitAEZ06,PalmFruitAEZ06,1975,CH4_AWB,0.0123998833894772
Indonesia,Rice,RiceAEZ04,RiceAEZ04,1975,CH4_AWB,0.00140220710353986
Indonesia,Rice,RiceAEZ05,RiceAEZ05,1975,CH4_AWB,0.0083017006268025
Indonesia,Rice,RiceAEZ06,RiceAEZ06,1975,CH4_AWB,0.0224464559392017
Indonesia,Root_Tuber,Root_TuberAEZ04,Root_TuberAEZ04,1975,CH4_AWB,0.00211122955179223
Indonesia,Root_Tuber,Root_TuberAEZ05,Root_TuberAEZ05,1975,CH4_AWB,0.00544971315092801
Indonesia,Root_Tuber,Root_TuberAEZ06,Root_TuberAEZ06,1975,CH4_AWB,0.0146091644269198
Indonesia,SugarCrop,SugarCropAEZ04,SugarCropAEZ04,1975,CH4_AWB,0.000471965091907989
Indonesia,SugarCrop,SugarCropAEZ05,SugarCropAEZ05,1975,CH4_AWB,0.0013561228936551
Indonesia,SugarCrop,SugarCropAEZ06,SugarCropAEZ06,1975,CH4_AWB,0.017355525646151
Indonesia,Wheat,WheatAEZ04,WheatAEZ04,1975,CH4_AWB,0
Indonesia,Wheat,WheatAEZ05,WheatAEZ05,1975,CH4_AWB,0
Indonesia,Wheat,WheatAEZ06,WheatAEZ06,1975,CH4_AWB,0
Indonesia,Corn,CornAEZ04,CornAEZ04,1975,CO_AWB,0.0400350144417558
Indonesia,Corn,CornAEZ05,CornAEZ05,1975,CO_AWB,0.0705738722686345
Indonesia,Corn,CornAEZ06,CornAEZ06,1975,CO_AWB,0.124531983981423
Indonesia,FiberCrop,FiberCropAEZ04,FiberCropAEZ04,1975,CO_AWB,3.145605507066e-05
Indonesia,FiberCrop,FiberCropAEZ05,FiberCropAEZ05,1975,CO_AWB,9.2650365375473e-05
Indonesia,FiberCrop,FiberCropAEZ06,FiberCropAEZ06,1975,CO_AWB,0.00112514042194609
Indonesia,FodderGrass,FodderGrassAEZ04,FodderGrassAEZ04,1975,CO_AWB,0
Indonesia,FodderGrass,FodderGrassAEZ05,FodderGrassAEZ05,1975,CO_AWB,0
Indonesia,FodderGrass,FodderGrassAEZ06,FodderGrassAEZ06,1975,CO_AWB,0
Indonesia,FodderHerb,FodderHerbAEZ04,FodderHerbAEZ04,1975,CO_AWB,0
Indonesia,FodderHerb,FodderHerbAEZ05,FodderHerbAEZ05,1975,CO_AWB,0
Indonesia,FodderHerb,FodderHerbAEZ06,FodderHerbAEZ06,1975,CO_AWB,0
Indonesia,MiscCrop,MiscCropAEZ04,MiscCropAEZ04,1975,CO_AWB,0.0105295446023298
Indonesia,MiscCrop,MiscCropAEZ05,MiscCropAEZ05,1975,CO_AWB,0.0432576066824689
Indonesia,MiscCrop,MiscCropAEZ06,MiscCropAEZ06,1975,CO_AWB,0.36552849843242
Indonesia,OilCrop,OilCropAEZ04,OilCropAEZ04,1975,CO_AWB,0.0051031985609592
Indonesia,OilCrop,OilCropAEZ05,OilCropAEZ05,1975,CO_AWB,0.0144144363952618
Indonesia,OilCrop,OilCropAEZ06,OilCropAEZ06,1975,CO_AWB,0.0610474037039072
Indonesia,OtherGrain,OtherGrainAEZ04,OtherGrainAEZ04,1975,CO_AWB,0
Indonesia,OtherGrain,OtherGrainAEZ05,OtherGrainAEZ05,1975,CO_AWB,0
Indonesia,OtherGrain,OtherGrainAEZ06,OtherGrainAEZ06,1975,CO_AWB,0
Indonesia,PalmFruit,PalmFruitAEZ04,PalmFruitAEZ04,1975,CO_AWB,0.0144714034596912
Indonesia,PalmFruit,PalmFruitAEZ05,PalmFruitAEZ05,1975,CO_AWB,0.0409866595298196
Indonesia,PalmFruit,PalmFruitAEZ06,PalmFruitAEZ06,1975,CO_AWB,0.574247026871904
Indonesia,Rice,RiceAEZ04,RiceAEZ04,1975,CO_AWB,0.0649371639212147
Indonesia,Rice,RiceAEZ05,RiceAEZ05,1975,CO_AWB,0.384457397959689
Indonesia,Rice,RiceAEZ06,RiceAEZ06,1975,CO_AWB,1.0395106294174
Indonesia,Root_Tuber,Root_TuberAEZ04,Root_TuberAEZ04,1975,CO_AWB,0.0977724753596983
Indonesia,Root_Tuber,Root_TuberAEZ05,Root_TuberAEZ05,1975,CO_AWB,0.252379919708025
Indonesia,Root_Tuber,Root_TuberAEZ06,Root_TuberAEZ06,1975,CO_AWB,0.676560333169004
Indonesia,SugarCrop,SugarCropAEZ04,SugarCropAEZ04,1975,CO_AWB,0.021857024159234
Indonesia,SugarCrop,SugarCropAEZ05,SugarCropAEZ05,1975,CO_AWB,0.0628029728420857
Indonesia,SugarCrop,SugarCropAEZ06,SugarCropAEZ06,1975,CO_AWB,0.803746187690683
Indonesia,Wheat,WheatAEZ04,WheatAEZ04,1975,CO_AWB,0
Indonesia,Wheat,WheatAEZ05,WheatAEZ05,1975,CO_AWB,0
Indonesia,Wheat,WheatAEZ06,WheatAEZ06,1975,CO_AWB,0
Indonesia,Corn,CornAEZ04,CornAEZ04,1975,N2O_AWB,2.24095363856369e-05
Indonesia,Corn,CornAEZ05,CornAEZ05,1975,N2O_AWB,3.95036140371602e-05
Indonesia,Corn,CornAEZ06,CornAEZ06,1975,N2O_AWB,6.97065822285954e-05
Indonesia,FiberCrop,FiberCropAEZ04,FiberCropAEZ04,1975,N2O_AWB,1.76074773665958e-08
Indonesia,FiberCrop,FiberCropAEZ05,FiberCropAEZ05,1975,N2O_AWB,5.18608963422459e-08
Indonesia,FiberCrop,FiberCropAEZ06,FiberCropAEZ06,1975,N2O_AWB,6.29795582095609e-07
Indonesia,FodderGrass,FodderGrassAEZ04,FodderGrassAEZ04,1975,N2O_AWB,0
Indonesia,FodderGrass,FodderGrassAEZ05,FodderGrassAEZ05,1975,N2O_AWB,0
Indonesia,FodderGrass,FodderGrassAEZ06,FodderGrassAEZ06,1975,N2O_AWB,0
Indonesia,FodderHerb,FodderHerbAEZ04,FodderHerbAEZ04,1975,N2O_AWB,0
Indonesia,FodderHerb,FodderHerbAEZ05,FodderHerbAEZ05,1975,N2O_AWB,0
Indonesia,FodderHerb,FodderHerbAEZ06,FodderHerbAEZ06,1975,N2O_AWB,0
Indonesia,MiscCrop,MiscCropAEZ04,MiscCropAEZ04,1975,N2O_AWB,5.89389603526637e-06
Indonesia,MiscCrop,MiscCropAEZ05,MiscCropAEZ05,1975,N2O_AWB,2.42133773254071e-05
Indonesia,MiscCrop,MiscCropAEZ06,MiscCropAEZ06,1975,N2O_AWB,0.000204604002267204
Indonesia,OilCrop,OilCropAEZ04,OilCropAEZ04,1975,N2O_AWB,2.8565073705998e-06
Indonesia,OilCrop,OilCropAEZ05,OilCropAEZ05,1975,N2O_AWB,8.06845810803965e-06
Indonesia,OilCrop,OilCropAEZ06,OilCropAEZ06,1975,N2O_AWB,3.41711882367783e-05
Indonesia,OtherGrain,OtherGrainAEZ04,OtherGrainAEZ04,1975,N2O_AWB,0
Indonesia,OtherGrain,OtherGrainAEZ05,OtherGrainAEZ05,1975,N2O_AWB,0
Indonesia,OtherGrain,OtherGrainAEZ06,OtherGrainAEZ06,1975,N2O_AWB,0
Indonesia,PalmFruit,PalmFruitAEZ04,PalmFruitAEZ04,1975,N2O_AWB,8.10034533278315e-06
Indonesia,PalmFruit,PalmFruitAEZ05,PalmFruitAEZ05,1975,N2O_AWB,2.29422182273833e-05
Indonesia,PalmFruit,PalmFruitAEZ06,PalmFruitAEZ06,1975,N2O_AWB,0.000321433870387418
Indonesia,Rice,RiceAEZ04,RiceAEZ04,1975,N2O_AWB,3.6348475402441e-05
Indonesia,Rice,RiceAEZ05,RiceAEZ05,1975,N2O_AWB,0.000215199424015172
Indonesia,Rice,RiceAEZ06,RiceAEZ06,1975,N2O_AWB,0.000581864440365713
Indonesia,Root_Tuber,Root_TuberAEZ04,Root_TuberAEZ04,1975,N2O_AWB,5.47279893522839e-05
Indonesia,Root_Tuber,Root_TuberAEZ05,Root_TuberAEZ05,1975,N2O_AWB,0.000141269263232794
Indonesia,Root_Tuber,Root_TuberAEZ06,Root_TuberAEZ06,1975,N2O_AWB,0.000378703582717241
Indonesia,SugarCrop,SugarCropAEZ04,SugarCropAEZ04,1975,N2O_AWB,1.22344349067411e-05
Indonesia,SugarCrop,SugarCropAEZ05,SugarCropAEZ05,1975,N2O_AWB,3.51538653015448e-05
Indonesia,SugarCrop,SugarCropAEZ06,SugarCropAEZ06,1975,N2O_AWB,0.000449895664807992
Indonesia,Wheat,WheatAEZ04,WheatAEZ04,1975,N2O_AWB,0
Indonesia,Wheat,WheatAEZ05,WheatAEZ05,1975,N2O_AWB,0
Indonesia,Wheat,WheatAEZ06,WheatAEZ06,1975,N2O_AWB,0
Indonesia,Corn,CornAEZ04,CornAEZ04,1975,NH3_AWB,0.000416297005515951
Indonesia,Corn,CornAEZ05,CornAEZ05,1975,NH3_AWB,0.000733849908705298
Indonesia,Corn,CornAEZ06,CornAEZ06,1975,NH3_AWB,0.00129492377473346
Indonesia,FiberCrop,FiberCropAEZ04,FiberCropAEZ04,1975,NH3_AWB,3.27090216248372e-07
Indonesia,FiberCrop,FiberCropAEZ05,FiberCropAEZ05,1975,NH3_AWB,9.6340841145146e-07
Indonesia,FiberCrop,FiberCropAEZ06,FiberCropAEZ06,1975,NH3_AWB,1.1699573360278e-05
Indonesia,FodderGrass,FodderGrassAEZ04,FodderGrassAEZ04,1975,NH3_AWB,0
Indonesia,FodderGrass,FodderGrassAEZ05,FodderGrassAEZ05,1975,NH3_AWB,0
Indonesia,FodderGrass,FodderGrassAEZ06,FodderGrassAEZ06,1975,NH3_AWB,0
Indonesia,FodderHerb,FodderHerbAEZ04,FodderHerbAEZ04,1975,NH3_AWB,0
Indonesia,FodderHerb,FodderHerbAEZ05,FodderHerbAEZ05,1975,NH3_AWB,0
Indonesia,FodderHerb,FodderHerbAEZ06,FodderHerbAEZ06,1975,NH3_AWB,0
Indonesia,MiscCrop,MiscCropAEZ04,MiscCropAEZ04,1975,NH3_AWB,0.000109489604250641
Indonesia,MiscCrop,MiscCropAEZ05,MiscCropAEZ05,1975,NH3_AWB,0.000449806560052507
Indonesia,MiscCrop,MiscCropAEZ06,MiscCropAEZ06,1975,NH3_AWB,0.00380088333799749
Indonesia,OilCrop,OilCropAEZ04,OilCropAEZ04,1975,NH3_AWB,5.30647062103933e-05
Indonesia,OilCrop,OilCropAEZ05,OilCropAEZ05,1975,NH3_AWB,0.000149885963355343
Indonesia,OilCrop,OilCropAEZ06,OilCropAEZ06,1975,NH3_AWB,0.000634790612937903
Indonesia,OtherGrain,OtherGrainAEZ04,OtherGrainAEZ04,1975,NH3_AWB,0
Indonesia,OtherGrain,OtherGrainAEZ05,OtherGrainAEZ05,1975,NH3_AWB,0
Indonesia,OtherGrain,OtherGrainAEZ06,OtherGrainAEZ06,1975,NH3_AWB,0
Indonesia,PalmFruit,PalmFruitAEZ04,PalmFruitAEZ04,1975,NH3_AWB,0.000150478325283163
Indonesia,PalmFruit,PalmFruitAEZ05,PalmFruitAEZ05,1975,NH3_AWB,0.000426192518381353
Indonesia,PalmFruit,PalmFruitAEZ06,PalmFruitAEZ06,1975,NH3_AWB,0.00597120598172881
Indonesia,Rice,RiceAEZ04,RiceAEZ04,1975,NH3_AWB,0.000675237595491038
Indonesia,Rice,RiceAEZ05,RiceAEZ05,1975,NH3_AWB,0.00399771214649907
Indonesia,Rice,RiceAEZ06,RiceAEZ06,1975,NH3_AWB,0.0108091671318874
Indonesia,Root_Tuber,Root_TuberAEZ04,Root_TuberAEZ04,1975,NH3_AWB,0.00101666976474655
Indonesia,Root_Tuber,Root_TuberAEZ05,Root_TuberAEZ05,1975,NH3_AWB,0.00262432788627213
Indonesia,Root_Tuber,Root_TuberAEZ06,Root_TuberAEZ06,1975,NH3_AWB,0.00703509277257497
Indonesia,SugarCrop,SugarCropAEZ04,SugarCropAEZ04,1975,NH3_AWB,0.000227276393773167
Indonesia,SugarCrop,SugarCropAEZ05,SugarCropAEZ05,1975,NH3_AWB,0.000653045587624203
Indonesia,SugarCrop,SugarCropAEZ06,SugarCropAEZ06,1975,NH3_AWB,0.00835761234999117
Indonesia,Wheat,WheatAEZ04,WheatAEZ04,1975,NH3_AWB,0
Indonesia,Wheat,WheatAEZ05,WheatAEZ05,1975,NH3_AWB,0
Indonesia,Wheat,WheatAEZ06,WheatAEZ06,1975,NH3_AWB,0
Indonesia,Corn,CornAEZ04,CornAEZ04,1975,NMVOC_AWB,0.00224095363856369
Indonesia,Corn,CornAEZ05,CornAEZ05,1975,NMVOC_AWB,0.00395036140371602
Indonesia,Corn,CornAEZ06,CornAEZ06,1975,NMVOC_AWB,0.00697065822285954
Indonesia,FiberCrop,FiberCropAEZ04,FiberCropAEZ04,1975,NMVOC_AWB,1.76074773665958e-06
Indonesia,FiberCrop,FiberCropAEZ05,FiberCropAEZ05,1975,NMVOC_AWB,5.18608963422459e-06
Indonesia,FiberCrop,FiberCropAEZ06,FiberCropAEZ06,1975,NMVOC_AWB,6.29795582095609e-05
Indonesia,FodderGrass,FodderGrassAEZ04,FodderGrassAEZ04,1975,NMVOC_AWB,0
Indonesia,FodderGrass,FodderGrassAEZ05,FodderGrassAEZ05,1975,NMVOC_AWB,0
Indonesia,FodderGrass,FodderGrassAEZ06,FodderGrassAEZ06,1975,NMVOC_AWB,0
Indonesia,FodderHerb,FodderHerbAEZ04,FodderHerbAEZ04,1975,NMVOC_AWB,0
Indonesia,FodderHerb,FodderHerbAEZ05,FodderHerbAEZ05,1975,NMVOC_AWB,0
Indonesia,FodderHerb,FodderHerbAEZ06,FodderHerbAEZ06,1975,NMVOC_AWB,0
Indonesia,MiscCrop,MiscCropAEZ04,MiscCropAEZ04,1975,NMVOC_AWB,0.000589389603526637
Indonesia,MiscCrop,MiscCropAEZ05,MiscCropAEZ05,1975,NMVOC_AWB,0.00242133773254071
Indonesia,MiscCrop,MiscCropAEZ06,MiscCropAEZ06,1975,NMVOC_AWB,0.0204604002267204
Indonesia,OilCrop,OilCropAEZ04,OilCropAEZ04,1975,NMVOC_AWB,0.00028565073705998
Indonesia,OilCrop,OilCropAEZ05,OilCropAEZ05,1975,NMVOC_AWB,0.000806845810803965
Indonesia,OilCrop,OilCropAEZ06,OilCropAEZ06,1975,NMVOC_AWB,0.00341711882367783
Indonesia,OtherGrain,OtherGrainAEZ04,OtherGrainAEZ04,1975,NMVOC_AWB,0
Indonesia,OtherGrain,OtherGrainAEZ05,OtherGrainAEZ05,1975,NMVOC_AWB,0
Indonesia,OtherGrain,OtherGrainAEZ06,OtherGrainAEZ06,1975,NMVOC_AWB,0
Indonesia,PalmFruit,PalmFruitAEZ04,PalmFruitAEZ04,1975,NMVOC_AWB,0.000810034533278315
Indonesia,PalmFruit,PalmFruitAEZ05,PalmFruitAEZ05,1975,NMVOC_AWB,0.00229422182273833
Indonesia,PalmFruit,PalmFruitAEZ06,PalmFruitAEZ06,1975,NMVOC_AWB,0.0321433870387418
Indonesia,Rice,RiceAEZ04,RiceAEZ04,1975,NMVOC_AWB,0.0036348475402441
Indonesia,Rice,RiceAEZ05,RiceAEZ05,1975,NMVOC_AWB,0.0215199424015172
Indonesia,Rice,RiceAEZ06,RiceAEZ06,1975,NMVOC_AWB,0.0581864440365713
Indonesia,Root_Tuber,Root_TuberAEZ04,Root_TuberAEZ04,1975,NMVOC_AWB,0.00547279893522839
Indonesia,Root_Tuber,Root_TuberAEZ05,Root_TuberAEZ05,1975,NMVOC_AWB,0.0141269263232794
Indonesia,Root_Tuber,Root_TuberAEZ06,Root_TuberAEZ06,1975,NMVOC_AWB,0.0378703582717241
Indonesia,SugarCrop,SugarCropAEZ04,SugarCropAEZ04,1975,NMVOC_AWB,0.00122344349067411
Indonesia,SugarCrop,SugarCropAEZ05,SugarCropAEZ05,1975,NMVOC_AWB,0.00351538653015448
Indonesia,SugarCrop,SugarCropAEZ06,SugarCropAEZ06,1975,NMVOC_AWB,0.0449895664807992
Indonesia,Wheat,WheatAEZ04,WheatAEZ04,1975,NMVOC_AWB,0
Indonesia,Wheat,WheatAEZ05,WheatAEZ05,1975,NMVOC_AWB,0
Indonesia,Wheat,WheatAEZ06,WheatAEZ06,1975,NMVOC_AWB,0
Indonesia,Corn,CornAEZ04,CornAEZ04,1975,NOx_AWB,0.00121699729435107
Indonesia,Corn,CornAEZ05,CornAEZ05,1975,NOx_AWB,0.00214532735407799
Indonesia,Corn,CornAEZ06,CornAEZ06,1975,NOx_AWB,0.00378556345436192
Indonesia,FiberCrop,FiberCropAEZ04,FiberCropAEZ04,1975,NOx_AWB,9.56211317661571e-07
Indonesia,FiberCrop,FiberCropAEZ05,FiberCropAEZ05,1975,NOx_AWB,2.81641571896092e-06
Indonesia,FiberCrop,FiberCropAEZ06,FiberCropAEZ06,1975,NOx_AWB,3.42023817991997e-05
Indonesia,FodderGrass,FodderGrassAEZ04,FodderGrassAEZ04,1975,NOx_AWB,0
Indonesia,FodderGrass,FodderGrassAEZ05,FodderGrassAEZ05,1975,NOx_AWB,0
Indonesia,FodderGrass,FodderGrassAEZ06,FodderGrassAEZ06,1975,NOx_AWB,0
Indonesia,FodderHerb,FodderHerbAEZ04,FodderHerbAEZ04,1975,NOx_AWB,0
Indonesia,FodderHerb,FodderHerbAEZ05,FodderHerbAEZ05,1975,NOx_AWB,0
Indonesia,FodderHerb,FodderHerbAEZ06,FodderHerbAEZ06,1975,NOx_AWB,0
Indonesia,MiscCrop,MiscCropAEZ04,MiscCropAEZ04,1975,NOx_AWB,0.000320080496297238
Indonesia,MiscCrop,MiscCropAEZ05,MiscCropAEZ05,1975,NOx_AWB,0.00131495869370189
Indonesia,MiscCrop,MiscCropAEZ06,MiscCropAEZ06,1975,NOx_AWB,0.0111114533066459
Indonesia,OilCrop,OilCropAEZ04,OilCropAEZ04,1975,NOx_AWB,0.000155128677429577
Indonesia,OilCrop,OilCropAEZ05,OilCropAEZ05,1975,NOx_AWB,0.00043817469126058
Indonesia,OilCrop,OilCropAEZ06,OilCropAEZ06,1975,NOx_AWB,0.00185573868701605
Indonesia,OtherGrain,OtherGrainAEZ04,OtherGrainAEZ04,1975,NOx_AWB,0
Indonesia,OtherGrain,OtherGrainAEZ05,OtherGrainAEZ05,1975,NOx_AWB,0
Indonesia,OtherGrain,OtherGrainAEZ06,OtherGrainAEZ06,1975,NOx_AWB,0
Indonesia,PalmFruit,PalmFruitAEZ04,PalmFruitAEZ04,1975,NOx_AWB,0.000439906394476987
Indonesia,PalmFruit,PalmFruitAEZ05,PalmFruitAEZ05,1975,NOx_AWB,0.00124592570897775
Indonesia,PalmFruit,PalmFruitAEZ06,PalmFruitAEZ06,1975,NOx_AWB,0.0174561465191669
Indonesia,Rice,RiceAEZ04,RiceAEZ04,1975,NOx_AWB,0.00197398087391533
Indonesia,Rice,RiceAEZ05,RiceAEZ05,1975,NOx_AWB,0.0116868601056928
Indonesia,Rice,RiceAEZ06,RiceAEZ06,1975,NOx_AWB,0.0315993797202354
Indonesia,Root_Tuber,Root_TuberAEZ04,Root_TuberAEZ04,1975,NOx_AWB,0.00297211927194051
Indonesia,Root_Tuber,Root_TuberAEZ05,Root_TuberAEZ05,1975,NOx_AWB,0.00767192628043263
Indonesia,Root_Tuber,Root_TuberAEZ06,Root_TuberAEZ06,1975,NOx_AWB,0.020566299435955
Indonesia,SugarCrop,SugarCropAEZ04,SugarCropAEZ04,1975,NOx_AWB,0.000664416876957848
Indonesia,SugarCrop,SugarCropAEZ05,SugarCropAEZ05,1975,NOx_AWB,0.00190910504446592
Indonesia,SugarCrop,SugarCropAEZ06,SugarCropAEZ06,1975,NOx_AWB,0.0244325361038048
Indonesia,Wheat,WheatAEZ04,WheatAEZ04,1975,NOx_AWB,0
Indonesia,Wheat,WheatAEZ05,WheatAEZ05,1975,NOx_AWB,0
Indonesia,Wheat,WheatAEZ06,WheatAEZ06,1975,NOx_AWB,0
Indonesia,Corn,CornAEZ04,CornAEZ04,1975,SO2_AWB,0.000247596001264527
Indonesia,Corn,CornAEZ05,CornAEZ05,1975,SO2_AWB,0.000436463151346901
Indonesia,Corn,CornAEZ06,CornAEZ06,1975,SO2_AWB,0.000770166357956391
Indonesia,FiberCrop,FiberCropAEZ04,FiberCropAEZ04,1975,SO2_AWB,1.94539543938044e-07
Indonesia,FiberCrop,FiberCropAEZ05,FiberCropAEZ05,1975,SO2_AWB,5.72994922133429e-07
Indonesia,FiberCrop,FiberCropAEZ06,FiberCropAEZ06,1975,SO2_AWB,6.9584156074234e-06
Indonesia,FodderGrass,FodderGrassAEZ04,FodderGrassAEZ04,1975,SO2_AWB,0
Indonesia,FodderGrass,FodderGrassAEZ05,FodderGrassAEZ05,1975,SO2_AWB,0
Indonesia,FodderGrass,FodderGrassAEZ06,FodderGrassAEZ06,1975,SO2_AWB,0
Indonesia,FodderHerb,FodderHerbAEZ04,FodderHerbAEZ04,1975,SO2_AWB,0
Indonesia,FodderHerb,FodderHerbAEZ05,FodderHerbAEZ05,1975,SO2_AWB,0
Indonesia,FodderHerb,FodderHerbAEZ06,FodderHerbAEZ06,1975,SO2_AWB,0
Indonesia,MiscCrop,MiscCropAEZ04,MiscCropAEZ04,1975,SO2_AWB,6.51198251087483e-05
Indonesia,MiscCrop,MiscCropAEZ05,MiscCropAEZ05,1975,SO2_AWB,0.000267526079063487
Indonesia,MiscCrop,MiscCropAEZ06,MiscCropAEZ06,1975,SO2_AWB,0.00226060601755899
Indonesia,OilCrop,OilCropAEZ04,OilCropAEZ04,1975,SO2_AWB,3.15606619598106e-05
Indonesia,OilCrop,OilCropAEZ05,OilCropAEZ05,1975,SO2_AWB,8.91458854633594e-05
Indonesia,OilCrop,OilCropAEZ06,OilCropAEZ06,1975,SO2_AWB,0.000377546836323955
Indonesia,OtherGrain,OtherGrainAEZ04,OtherGrainAEZ04,1975,SO2_AWB,0
Indonesia,OtherGrain,OtherGrainAEZ05,OtherGrainAEZ05,1975,SO2_AWB,0
Indonesia,OtherGrain,OtherGrainAEZ06,OtherGrainAEZ06,1975,SO2_AWB,0
Indonesia,PalmFruit,PalmFruitAEZ04,PalmFruitAEZ04,1975,SO2_AWB,8.94981974970423e-05
Indonesia,PalmFruit,PalmFruitAEZ05,PalmFruitAEZ05,1975,SO2_AWB,0.000253481437343748
Indonesia,PalmFruit,PalmFruitAEZ06,PalmFruitAEZ06,1975,SO2_AWB,0.00355142291252016
Indonesia,Rice,RiceAEZ04,RiceAEZ04,1975,SO2_AWB,0.000401603005382775
Indonesia,Rice,RiceAEZ05,RiceAEZ05,1975,SO2_AWB,0.00237767153874441
Indonesia,Rice,RiceAEZ06,RiceAEZ06,1975,SO2_AWB,0.00642883932239271
Indonesia,Root_Tuber,Root_TuberAEZ04,Root_TuberAEZ04,1975,SO2_AWB,0.000604672541532725
Indonesia,Root_Tuber,Root_TuberAEZ05,Root_TuberAEZ05,1975,SO2_AWB,0.00156084017429492
Indonesia,Root_Tuber,Root_TuberAEZ06,Root_TuberAEZ06,1975,SO2_AWB,0.0041841781611081
Indonesia,SugarCrop,SugarCropAEZ04,SugarCropAEZ04,1975,SO2_AWB,0.000135174468070735
Indonesia,SugarCrop,SugarCropAEZ05,SugarCropAEZ05,1975,SO2_AWB,0.000388404129736169
Indonesia,SugarCrop,SugarCropAEZ06,SugarCropAEZ06,1975,SO2_AWB,0.00497075734525684
Indonesia,Wheat,WheatAEZ04,WheatAEZ04,1975,SO2_AWB,0
Indonesia,Wheat,WheatAEZ05,WheatAEZ05,1975,SO2_AWB,0
Indonesia,Wheat,WheatAEZ06,WheatAEZ06,1975,SO2_AWB,0
Japan,Corn,CornAEZ09,CornAEZ09,1975,CH4_AWB,6.32142085322392e-08
Japan,Corn,CornAEZ10,CornAEZ10,1975,CH4_AWB,6.9943176152463e-07
Japan,Corn,CornAEZ11,CornAEZ11,1975,CH4_AWB,5.41148007163217e-07
Japan,Corn,CornAEZ12,CornAEZ12,1975,CH4_AWB,3.63383517339234e-07
Japan,Corn,CornAEZ15,CornAEZ15,1975,CH4_AWB,3.07438461142024e-08
Japan,FiberCrop,FiberCropAEZ09,FiberCropAEZ09,1975,CH4_AWB,0
Japan,FiberCrop,FiberCropAEZ10,FiberCropAEZ10,1975,CH4_AWB,0
Japan,FiberCrop,FiberCropAEZ11,FiberCropAEZ11,1975,CH4_AWB,0
Japan,FiberCrop,FiberCropAEZ12,FiberCropAEZ12,1975,CH4_AWB,0
Japan,FiberCrop,FiberCropAEZ15,FiberCropAEZ15,1975,CH4_AWB,0
Japan,FodderGrass,FodderGrassAEZ09,FodderGrassAEZ09,1975,CH4_AWB,4.30894237962558e-06
Japan,FodderGrass,FodderGrassAEZ10,FodderGrassAEZ10,1975,CH4_AWB,5.62148941554597e-05
Japan,FodderGrass,FodderGrassAEZ11,FodderGrassAEZ11,1975,CH4_AWB,4.50597052439072e-05
Japan,FodderGrass,FodderGrassAEZ12,FodderGrassAEZ12,1975,CH4_AWB,3.14086368238252e-05
Japan,FodderGrass,FodderGrassAEZ15,FodderGrassAEZ15,1975,CH4_AWB,2.34451728455365e-06
Japan,FodderHerb,FodderHerbAEZ09,FodderHerbAEZ09,1975,CH4_AWB,1.10285099025178e-06
Japan,FodderHerb,FodderHerbAEZ10,FodderHerbAEZ10,1975,CH4_AWB,1.36001846780003e-05
Japan,FodderHerb,FodderHerbAEZ11,FodderHerbAEZ11,1975,CH4_AWB,1.08912827011078e-05
Japan,FodderHerb,FodderHerbAEZ12,FodderHerbAEZ12,1975,CH4_AWB,7.47215450927273e-06
Japan,FodderHerb,FodderHerbAEZ15,FodderHerbAEZ15,1975,CH4_AWB,5.88656057499699e-07
Japan,MiscCrop,MiscCropAEZ09,MiscCropAEZ09,1975,CH4_AWB,4.12620161021942e-06
Japan,MiscCrop,MiscCropAEZ10,MiscCropAEZ10,1975,CH4_AWB,4.8078603138982e-05
Japan,MiscCrop,MiscCropAEZ11,MiscCropAEZ11,1975,CH4_AWB,3.78926446742967e-05
Japan,MiscCrop,MiscCropAEZ12,MiscCropAEZ12,1975,CH4_AWB,2.42154653155677e-05
Japan,MiscCrop,MiscCropAEZ15,MiscCropAEZ15,1975,CH4_AWB,2.20437681518306e-06
Japan,OilCrop,OilCropAEZ09,OilCropAEZ09,1975,CH4_AWB,2.72097692514881e-08
Japan,OilCrop,OilCropAEZ10,OilCropAEZ10,1975,CH4_AWB,4.03370868019051e-07
Japan,OilCrop,OilCropAEZ11,OilCropAEZ11,1975,CH4_AWB,3.90666235843772e-07
Japan,OilCrop,OilCropAEZ12,OilCropAEZ12,1975,CH4_AWB,3.66330534575854e-07
Japan,OilCrop,OilCropAEZ15,OilCropAEZ15,1975,CH4_AWB,1.45821640238424e-08
Japan,OtherGrain,OtherGrainAEZ09,OtherGrainAEZ09,1975,CH4_AWB,4.76727997966519e-08
Japan,OtherGrain,OtherGrainAEZ10,OtherGrainAEZ10,1975,CH4_AWB,5.87235927384876e-07
Japan,OtherGrain,OtherGrainAEZ11,OtherGrainAEZ11,1975,CH4_AWB,4.72307957474636e-07
Japan,OtherGrain,OtherGrainAEZ12,OtherGrainAEZ12,1975,CH4_AWB,3.27836962617864e-07
Japan,OtherGrain,OtherGrainAEZ15,OtherGrainAEZ15,1975,CH4_AWB,2.5911536279492e-08
Japan,PalmFruit,PalmFruitAEZ09,PalmFruitAEZ09,1975,CH4_AWB,0
Japan,PalmFruit,PalmFruitAEZ10,PalmFruitAEZ10,1975,CH4_AWB,0
Japan,PalmFruit,PalmFruitAEZ11,PalmFruitAEZ11,1975,CH4_AWB,0
Japan,PalmFruit,PalmFruitAEZ12,PalmFruitAEZ12,1975,CH4_AWB,0
Japan,PalmFruit,PalmFruitAEZ15,PalmFruitAEZ15,1975,CH4_AWB,0
Japan,Rice,RiceAEZ09,RiceAEZ09,1975,CH4_AWB,8.95948786618374e-07
Japan,Rice,RiceAEZ10,RiceAEZ10,1975,CH4_AWB,2.85371570910876e-05
Japan,Rice,RiceAEZ11,RiceAEZ11,1975,CH4_AWB,3.60816741213797e-05
Japan,Rice,RiceAEZ12,RiceAEZ12,1975,CH4_AWB,2.0980110857948e-05
Japan,Rice,RiceAEZ15,RiceAEZ15,1975,CH4_AWB,4.88024243939925e-07
Japan,Root_Tuber,Root_TuberAEZ09,Root_TuberAEZ09,1975,CH4_AWB,7.04562845980673e-07
Japan,Root_Tuber,Root_TuberAEZ10,Root_TuberAEZ10,1975,CH4_AWB,8.94006862467069e-06
Japan,Root_Tuber,Root_TuberAEZ11,Root_TuberAEZ11,1975,CH4_AWB,8.73173240377365e-06
Japan,Root_Tuber,Root_TuberAEZ12,Root_TuberAEZ12,1975,CH4_AWB,1.0403402213556e-05
Japan,Root_Tuber,Root_TuberAEZ15,Root_TuberAEZ15,1975,CH4_AWB,3.79821458070887e-07
Japan,SugarCrop,SugarCropAEZ09,SugarCropAEZ09,1975,CH4_AWB,6.04495884423424e-07
Japan,SugarCrop,SugarCropAEZ10,SugarCropAEZ10,1975,CH4_AWB,7.57133810965184e-06
Japan,SugarCrop,SugarCropAEZ11,SugarCropAEZ11,1975,CH4_AWB,6.3921557025229e-06
Japan,SugarCrop,SugarCropAEZ12,SugarCropAEZ12,1975,CH4_AWB,7.87654643660408e-06
Japan,SugarCrop,SugarCropAEZ15,SugarCropAEZ15,1975,CH4_AWB,3.275702414386e-07
Japan,Wheat,WheatAEZ09,WheatAEZ09,1975,CH4_AWB,1.03786152556533e-07
Japan,Wheat,WheatAEZ10,WheatAEZ10,1975,CH4_AWB,6.83742870434401e-07
Japan,Wheat,WheatAEZ11,WheatAEZ11,1975,CH4_AWB,1.75426925295564e-07
Japan,Wheat,WheatAEZ12,WheatAEZ12,1975,CH4_AWB,1.95785721885175e-07
Japan,Wheat,WheatAEZ15,WheatAEZ15,1975,CH4_AWB,5.64868344682841e-08
Japan,Corn,CornAEZ09,CornAEZ09,1975,CO_AWB,2.65091842231971e-06
Japan,Corn,CornAEZ10,CornAEZ10,1975,CO_AWB,2.93310093542587e-05
Japan,Corn,CornAEZ11,CornAEZ11,1975,CO_AWB,2.26933035261994e-05
Japan,Corn,CornAEZ12,CornAEZ12,1975,CO_AWB,1.5238663630355e-05
Japan,Corn,CornAEZ15,CornAEZ15,1975,CO_AWB,1.28925806285365e-06
Japan,FiberCrop,FiberCropAEZ09,FiberCropAEZ09,1975,CO_AWB,0
Japan,FiberCrop,FiberCropAEZ10,FiberCropAEZ10,1975,CO_AWB,0
Japan,FiberCrop,FiberCropAEZ11,FiberCropAEZ11,1975,CO_AWB,0
Japan,FiberCrop,FiberCropAEZ12,FiberCropAEZ12,1975,CO_AWB,0
Japan,FiberCrop,FiberCropAEZ15,FiberCropAEZ15,1975,CO_AWB,0
Japan,FodderGrass,FodderGrassAEZ09,FodderGrassAEZ09,1975,CO_AWB,0.000180697583661718
Japan,FodderGrass,FodderGrassAEZ10,FodderGrassAEZ10,1975,CO_AWB,0.00235739878716444
Japan,FodderGrass,FodderGrassAEZ11,FodderGrassAEZ11,1975,CO_AWB,0.00188960054248643
Japan,FodderGrass,FodderGrassAEZ12,FodderGrassAEZ12,1975,CO_AWB,0.0013171363829346
Japan,FodderGrass,FodderGrassAEZ15,FodderGrassAEZ15,1975,CO_AWB,9.83184667716045e-05
Japan,FodderHerb,FodderHerbAEZ09,FodderHerbAEZ09,1975,CO_AWB,4.62485899137844e-05
Japan,FodderHerb,FodderHerbAEZ10,FodderHerbAEZ10,1975,CO_AWB,0.000570330325206466
Japan,FodderHerb,FodderHerbAEZ11,FodderHerbAEZ11,1975,CO_AWB,0.000456731210046458
Japan,FodderHerb,FodderHerbAEZ12,FodderHerbAEZ12,1975,CO_AWB,0.000313348414904985
Japan,FodderHerb,FodderHerbAEZ15,FodderHerbAEZ15,1975,CO_AWB,2.46855766048261e-05
Japan,MiscCrop,MiscCropAEZ09,MiscCropAEZ09,1975,CO_AWB,0.000173034261073718
Japan,MiscCrop,MiscCropAEZ10,MiscCropAEZ10,1975,CO_AWB,0.00201619948647344
Japan,MiscCrop,MiscCropAEZ11,MiscCropAEZ11,1975,CO_AWB,0.00158904638956728
Japan,MiscCrop,MiscCropAEZ12,MiscCropAEZ12,1975,CO_AWB,0.00101548725516897
Japan,MiscCrop,MiscCropAEZ15,MiscCropAEZ15,1975,CO_AWB,9.24416083786446e-05
Japan,OilCrop,OilCropAEZ09,OilCropAEZ09,1975,CO_AWB,1.14105483957853e-06
Japan,OilCrop,OilCropAEZ10,OilCropAEZ10,1975,CO_AWB,1.69155525298312e-05
Japan,OilCrop,OilCropAEZ11,OilCropAEZ11,1975,CO_AWB,1.63827776321582e-05
Japan,OilCrop,OilCropAEZ12,OilCropAEZ12,1975,CO_AWB,1.53622482241487e-05
Japan,OilCrop,OilCropAEZ15,OilCropAEZ15,1975,CO_AWB,6.11510104225649e-07
Japan,OtherGrain,OtherGrainAEZ09,OtherGrainAEZ09,1975,CO_AWB,1.99918192695637e-06
Japan,OtherGrain,OtherGrainAEZ10,OtherGrainAEZ10,1975,CO_AWB,2.46260227613013e-05
Japan,OtherGrain,OtherGrainAEZ11,OtherGrainAEZ11,1975,CO_AWB,1.98064627328073e-05
Japan,OtherGrain,OtherGrainAEZ12,OtherGrainAEZ12,1975,CO_AWB,1.37480016581685e-05
Japan,OtherGrain,OtherGrainAEZ15,OtherGrainAEZ15,1975,CO_AWB,1.08661281172063e-06
Japan,PalmFruit,PalmFruitAEZ09,PalmFruitAEZ09,1975,CO_AWB,0
Japan,PalmFruit,PalmFruitAEZ10,PalmFruitAEZ10,1975,CO_AWB,0
Japan,PalmFruit,PalmFruitAEZ11,PalmFruitAEZ11,1975,CO_AWB,0
Japan,PalmFruit,PalmFruitAEZ12,PalmFruitAEZ12,1975,CO_AWB,0
Japan,PalmFruit,PalmFruitAEZ15,PalmFruitAEZ15,1975,CO_AWB,0
Japan,Rice,RiceAEZ09,RiceAEZ09,1975,CO_AWB,3.7572045890448e-05
Japan,Rice,RiceAEZ10,RiceAEZ10,1975,CO_AWB,0.00119671949091658
Japan,Rice,RiceAEZ11,RiceAEZ11,1975,CO_AWB,0.00151310246315463
Japan,Rice,RiceAEZ12,RiceAEZ12,1975,CO_AWB,0.000879811100494595
Japan,Rice,RiceAEZ15,RiceAEZ15,1975,CO_AWB,2.04655328103839e-05
Japan,Root_Tuber,Root_TuberAEZ09,Root_TuberAEZ09,1975,CO_AWB,2.95461838637056e-05
Japan,Root_Tuber,Root_TuberAEZ10,Root_TuberAEZ10,1975,CO_AWB,0.000374906103615223
Japan,Root_Tuber,Root_TuberAEZ11,Root_TuberAEZ11,1975,CO_AWB,0.000366169423384056
Japan,Root_Tuber,Root_TuberAEZ12,Root_TuberAEZ12,1975,CO_AWB,0.000436271705729767
Japan,Root_Tuber,Root_TuberAEZ15,Root_TuberAEZ15,1975,CO_AWB,1.59279966287791e-05
Japan,SugarCrop,SugarCropAEZ09,SugarCropAEZ09,1975,CO_AWB,2.53498274113049e-05
Japan,SugarCrop,SugarCropAEZ10,SugarCropAEZ10,1975,CO_AWB,0.000317507727178948
Japan,SugarCrop,SugarCropAEZ11,SugarCropAEZ11,1975,CO_AWB,0.000268058142363864
Japan,SugarCrop,SugarCropAEZ12,SugarCropAEZ12,1975,CO_AWB,0.000330306786051139
Japan,SugarCrop,SugarCropAEZ15,SugarCropAEZ15,1975,CO_AWB,1.37368165764574e-05
Japan,Wheat,WheatAEZ09,WheatAEZ09,1975,CO_AWB,4.35232252656429e-06
Japan,Wheat,WheatAEZ10,WheatAEZ10,1975,CO_AWB,2.8673088114991e-05
Japan,Wheat,WheatAEZ11,WheatAEZ11,1975,CO_AWB,7.35661299626559e-06
Japan,Wheat,WheatAEZ12,WheatAEZ12,1975,CO_AWB,8.21036898228153e-06
Japan,Wheat,WheatAEZ15,WheatAEZ15,1975,CO_AWB,2.36880273576675e-06
Japan,Corn,CornAEZ09,CornAEZ09,1975,N2O_AWB,1.64589989957213e-09
Japan,Corn,CornAEZ10,CornAEZ10,1975,N2O_AWB,1.82110113023694e-08
Japan,Corn,CornAEZ11,CornAEZ11,1975,N2O_AWB,1.40897983431898e-08
Japan,Corn,CornAEZ12,CornAEZ12,1975,N2O_AWB,9.46136807818744e-09
Japan,Corn,CornAEZ15,CornAEZ15,1975,N2O_AWB,8.00473412650891e-10
Japan,FiberCrop,FiberCropAEZ09,FiberCropAEZ09,1975,N2O_AWB,0
Japan,FiberCrop,FiberCropAEZ10,FiberCropAEZ10,1975,N2O_AWB,0
Japan,FiberCrop,FiberCropAEZ11,FiberCropAEZ11,1975,N2O_AWB,0
Japan,FiberCrop,FiberCropAEZ12,FiberCropAEZ12,1975,N2O_AWB,0
Japan,FiberCrop,FiberCropAEZ15,FiberCropAEZ15,1975,N2O_AWB,0
Japan,FodderGrass,FodderGrassAEZ09,FodderGrassAEZ09,1975,N2O_AWB,1.12191356888869e-07
Japan,FodderGrass,FodderGrassAEZ10,FodderGrassAEZ10,1975,N2O_AWB,1.46365968653616e-06
Japan,FodderGrass,FodderGrassAEZ11,FodderGrassAEZ11,1975,N2O_AWB,1.17321352363169e-06
Japan,FodderGrass,FodderGrassAEZ12,FodderGrassAEZ12,1975,N2O_AWB,8.17782479514342e-07
Japan,FodderGrass,FodderGrassAEZ15,FodderGrassAEZ15,1975,N2O_AWB,6.10438832153368e-08
Japan,FodderHerb,FodderHerbAEZ09,FodderHerbAEZ09,1975,N2O_AWB,2.87147838475694e-08
Japan,FodderHerb,FodderHerbAEZ10,FodderHerbAEZ10,1975,N2O_AWB,3.54106190924894e-07
Japan,FodderHerb,FodderHerbAEZ11,FodderHerbAEZ11,1975,N2O_AWB,2.83574872171702e-07
Japan,FodderHerb,FodderHerbAEZ12,FodderHerbAEZ12,1975,N2O_AWB,1.94551488375073e-07
Japan,FodderHerb,FodderHerbAEZ15,FodderHerbAEZ15,1975,N2O_AWB,1.53267591007986e-08
Japan,MiscCrop,MiscCropAEZ09,MiscCropAEZ09,1975,N2O_AWB,1.07433359897418e-07
Japan,MiscCrop,MiscCropAEZ10,MiscCropAEZ10,1975,N2O_AWB,1.25181616467856e-06
Japan,MiscCrop,MiscCropAEZ11,MiscCropAEZ11,1975,N2O_AWB,9.86605725390674e-07
Japan,MiscCrop,MiscCropAEZ12,MiscCropAEZ12,1975,N2O_AWB,6.3049483425326e-07
Japan,MiscCrop,MiscCropAEZ15,MiscCropAEZ15,1975,N2O_AWB,5.73950645427848e-08
Japan,OilCrop,OilCropAEZ09,OilCropAEZ09,1975,N2O_AWB,7.08457125672386e-10
Japan,OilCrop,OilCropAEZ10,OilCropAEZ10,1975,N2O_AWB,1.05025133839062e-08
Japan,OilCrop,OilCropAEZ11,OilCropAEZ11,1975,N2O_AWB,1.01717245738125e-08
Japan,OilCrop,OilCropAEZ12,OilCropAEZ12,1975,N2O_AWB,9.5380991721363e-09
Japan,OilCrop,OilCropAEZ15,OilCropAEZ15,1975,N2O_AWB,3.7967385592032e-10
Japan,OtherGrain,OtherGrainAEZ09,OtherGrainAEZ09,1975,N2O_AWB,1.2412503172861e-09
Japan,OtherGrain,OtherGrainAEZ10,OtherGrainAEZ10,1975,N2O_AWB,1.52897833627859e-08
Japan,OtherGrain,OtherGrainAEZ11,OtherGrainAEZ11,1975,N2O_AWB,1.22974191692705e-08
Japan,OtherGrain,OtherGrainAEZ12,OtherGrainAEZ12,1975,N2O_AWB,8.53584718336835e-09
Japan,OtherGrain,OtherGrainAEZ15,OtherGrainAEZ15,1975,N2O_AWB,6.74655207277094e-10
Japan,PalmFruit,PalmFruitAEZ09,PalmFruitAEZ09,1975,N2O_AWB,0
Japan,PalmFruit,PalmFruitAEZ10,PalmFruitAEZ10,1975,N2O_AWB,0
Japan,PalmFruit,PalmFruitAEZ11,PalmFruitAEZ11,1975,N2O_AWB,0
Japan,PalmFruit,PalmFruitAEZ12,PalmFruitAEZ12,1975,N2O_AWB,0
Japan,PalmFruit,PalmFruitAEZ15,PalmFruitAEZ15,1975,N2O_AWB,0
Japan,Rice,RiceAEZ09,RiceAEZ09,1975,N2O_AWB,2.33276988220913e-08
Japan,Rice,RiceAEZ10,RiceAEZ10,1975,N2O_AWB,7.43018145459193e-07
Japan,Rice,RiceAEZ11,RiceAEZ11,1975,N2O_AWB,9.39453727123481e-07
Japan,Rice,RiceAEZ12,RiceAEZ12,1975,N2O_AWB,5.46256342614776e-07
Japan,Rice,RiceAEZ15,RiceAEZ15,1975,N2O_AWB,1.2706622019634e-08
Japan,Root_Tuber,Root_TuberAEZ09,Root_TuberAEZ09,1975,N2O_AWB,1.83446086626304e-08
Japan,Root_Tuber,Root_TuberAEZ10,Root_TuberAEZ10,1975,N2O_AWB,2.32771372024836e-07
Japan,Root_Tuber,Root_TuberAEZ11,Root_TuberAEZ11,1975,N2O_AWB,2.27346949683507e-07
Japan,Root_Tuber,Root_TuberAEZ12,Root_TuberAEZ12,1975,N2O_AWB,2.70871993117932e-07
Japan,Root_Tuber,Root_TuberAEZ15,Root_TuberAEZ15,1975,N2O_AWB,9.88936054424199e-09
Japan,SugarCrop,SugarCropAEZ09,SugarCropAEZ09,1975,N2O_AWB,1.57391785575684e-08
Japan,SugarCrop,SugarCropAEZ10,SugarCropAEZ10,1975,N2O_AWB,1.97133918523193e-07
Japan,SugarCrop,SugarCropAEZ11,SugarCropAEZ11,1975,N2O_AWB,1.66431703775366e-07
Japan,SugarCrop,SugarCropAEZ12,SugarCropAEZ12,1975,N2O_AWB,2.05080586943839e-07
Japan,SugarCrop,SugarCropAEZ15,SugarCropAEZ15,1975,N2O_AWB,8.52890259966862e-09
Japan,Wheat,WheatAEZ09,WheatAEZ09,1975,N2O_AWB,2.70226618407563e-09
Japan,Wheat,WheatAEZ10,WheatAEZ10,1975,N2O_AWB,1.78025217417252e-08
Japan,Wheat,WheatAEZ11,WheatAEZ11,1975,N2O_AWB,4.56756740976929e-09
Japan,Wheat,WheatAEZ12,WheatAEZ12,1975,N2O_AWB,5.09764667581216e-09
Japan,Wheat,WheatAEZ15,WheatAEZ15,1975,N2O_AWB,1.47074016011892e-09
Japan,Corn,CornAEZ09,CornAEZ09,1975,NH3_AWB,3.04418653991659e-08
Japan,Corn,CornAEZ10,CornAEZ10,1975,NH3_AWB,3.36823129397806e-07
Japan,Corn,CornAEZ11,CornAEZ11,1975,NH3_AWB,2.60598925108554e-07
Japan,Corn,CornAEZ12,CornAEZ12,1975,NH3_AWB,1.74993444985945e-07
Japan,Corn,CornAEZ15,CornAEZ15,1975,NH3_AWB,1.48052162162864e-08
Japan,FiberCrop,FiberCropAEZ09,FiberCropAEZ09,1975,NH3_AWB,0
Japan,FiberCrop,FiberCropAEZ10,FiberCropAEZ10,1975,NH3_AWB,0
Japan,FiberCrop,FiberCropAEZ11,FiberCropAEZ11,1975,NH3_AWB,0
Japan,FiberCrop,FiberCropAEZ12,FiberCropAEZ12,1975,NH3_AWB,0
Japan,FiberCrop,FiberCropAEZ15,FiberCropAEZ15,1975,NH3_AWB,0
Japan,FodderGrass,FodderGrassAEZ09,FodderGrassAEZ09,1975,NH3_AWB,2.07504368051094e-06
Japan,FodderGrass,FodderGrassAEZ10,FodderGrassAEZ10,1975,NH3_AWB,2.70712278306246e-05
Japan,FodderGrass,FodderGrassAEZ11,FodderGrassAEZ11,1975,NH3_AWB,2.16992589769046e-05
Japan,FodderGrass,FodderGrassAEZ12,FodderGrassAEZ12,1975,NH3_AWB,1.51253573644688e-05
Japan,FodderGrass,FodderGrassAEZ15,FodderGrassAEZ15,1975,NH3_AWB,1.12904173380579e-06
Japan,FodderHerb,FodderHerbAEZ09,FodderHerbAEZ09,1975,NH3_AWB,5.31096444614337e-07
Japan,FodderHerb,FodderHerbAEZ10,FodderHerbAEZ10,1975,NH3_AWB,6.54939769055777e-06
Japan,FodderHerb,FodderHerbAEZ11,FodderHerbAEZ11,1975,NH3_AWB,5.24488037910493e-06
Japan,FodderHerb,FodderHerbAEZ12,FodderHerbAEZ12,1975,NH3_AWB,3.59834168764516e-06
Japan,FodderHerb,FodderHerbAEZ15,FodderHerbAEZ15,1975,NH3_AWB,2.83477225846629e-07
Japan,MiscCrop,MiscCropAEZ09,MiscCropAEZ09,1975,NH3_AWB,1.98704178925313e-06
Japan,MiscCrop,MiscCropAEZ10,MiscCropAEZ10,1975,NH3_AWB,2.31530600369752e-05
Japan,MiscCrop,MiscCropAEZ11,MiscCropAEZ11,1975,NH3_AWB,1.82478404076682e-05
Japan,MiscCrop,MiscCropAEZ12,MiscCropAEZ12,1975,NH3_AWB,1.16613646335337e-05
Japan,MiscCrop,MiscCropAEZ15,MiscCropAEZ15,1975,NH3_AWB,1.06155473357894e-06
Japan,OilCrop,OilCropAEZ09,OilCropAEZ09,1975,NH3_AWB,1.31033220588963e-08
Japan,OilCrop,OilCropAEZ10,OilCropAEZ10,1975,NH3_AWB,1.94250026304105e-07
Japan,OilCrop,OilCropAEZ11,OilCropAEZ11,1975,NH3_AWB,1.88131896984674e-07
Japan,OilCrop,OilCropAEZ12,OilCropAEZ12,1975,NH3_AWB,1.76412630705884e-07
Japan,OilCrop,OilCropAEZ15,OilCropAEZ15,1975,NH3_AWB,7.02228636171212e-09
Japan,OtherGrain,OtherGrainAEZ09,OtherGrainAEZ09,1975,NH3_AWB,2.29576386117517e-08
Japan,OtherGrain,OtherGrainAEZ10,OtherGrainAEZ10,1975,NH3_AWB,2.82793338302855e-07
Japan,OtherGrain,OtherGrainAEZ11,OtherGrainAEZ11,1975,NH3_AWB,2.27447841272348e-07
Japan,OtherGrain,OtherGrainAEZ12,OtherGrainAEZ12,1975,NH3_AWB,1.5787540365699e-07
Japan,OtherGrain,OtherGrainAEZ15,OtherGrainAEZ15,1975,NH3_AWB,1.2478136134594e-08
Japan,PalmFruit,PalmFruitAEZ09,PalmFruitAEZ09,1975,NH3_AWB,0
Japan,PalmFruit,PalmFruitAEZ10,PalmFruitAEZ10,1975,NH3_AWB,0
Japan,PalmFruit,PalmFruitAEZ11,PalmFruitAEZ11,1975,NH3_AWB,0
Japan,PalmFruit,PalmFruitAEZ12,PalmFruitAEZ12,1975,NH3_AWB,0
Japan,PalmFruit,PalmFruitAEZ15,PalmFruitAEZ15,1975,NH3_AWB,0
Japan,Rice,RiceAEZ09,RiceAEZ09,1975,NH3_AWB,4.31459208302397e-07
Japan,Rice,RiceAEZ10,RiceAEZ10,1975,NH3_AWB,1.3742548000086e-05
Japan,Rice,RiceAEZ11,RiceAEZ11,1975,NH3_AWB,1.73757370768856e-05
Japan,Rice,RiceAEZ12,RiceAEZ12,1975,NH3_AWB,1.01033252749105e-05
Japan,Rice,RiceAEZ15,RiceAEZ15,1975,NH3_AWB,2.35016283371991e-07
Japan,Root_Tuber,Root_TuberAEZ09,Root_TuberAEZ09,1975,NH3_AWB,3.39294089423872e-07
Japan,Root_Tuber,Root_TuberAEZ10,Root_TuberAEZ10,1975,NH3_AWB,4.30524042063635e-06
Japan,Root_Tuber,Root_TuberAEZ11,Root_TuberAEZ11,1975,NH3_AWB,4.20491260919054e-06
Japan,Root_Tuber,Root_TuberAEZ12,Root_TuberAEZ12,1975,NH3_AWB,5.00993332403963e-06
Japan,Root_Tuber,Root_TuberAEZ15,Root_TuberAEZ15,1975,NH3_AWB,1.8290941183598e-07
Japan,SugarCrop,SugarCropAEZ09,SugarCropAEZ09,1975,NH3_AWB,2.91105160932017e-07
Japan,SugarCrop,SugarCropAEZ10,SugarCropAEZ10,1975,NH3_AWB,3.6461052187033e-06
Japan,SugarCrop,SugarCropAEZ11,SugarCropAEZ11,1975,NH3_AWB,3.07825009637624e-06
Japan,SugarCrop,SugarCropAEZ12,SugarCropAEZ12,1975,NH3_AWB,3.79308342223561e-06
Japan,SugarCrop,SugarCropAEZ15,SugarCropAEZ15,1975,NH3_AWB,1.57746959586791e-07
Japan,Wheat,WheatAEZ09,WheatAEZ09,1975,NH3_AWB,4.99799674753812e-08
Japan,Wheat,WheatAEZ10,WheatAEZ10,1975,NH3_AWB,3.2926788000182e-07
Japan,Wheat,WheatAEZ11,WheatAEZ11,1975,NH3_AWB,8.44797866054675e-08
Japan,Wheat,WheatAEZ12,WheatAEZ12,1975,NH3_AWB,9.42839075437825e-08
Japan,Wheat,WheatAEZ15,WheatAEZ15,1975,NH3_AWB,2.72021852623764e-08
Japan,Corn,CornAEZ09,CornAEZ09,1975,NMVOC_AWB,1.64589989957213e-07
Japan,Corn,CornAEZ10,CornAEZ10,1975,NMVOC_AWB,1.82110113023694e-06
Japan,Corn,CornAEZ11,CornAEZ11,1975,NMVOC_AWB,1.40897983431898e-06
Japan,Corn,CornAEZ12,CornAEZ12,1975,NMVOC_AWB,9.46136807818744e-07
Japan,Corn,CornAEZ15,CornAEZ15,1975,NMVOC_AWB,8.00473412650891e-08
Japan,FiberCrop,FiberCropAEZ09,FiberCropAEZ09,1975,NMVOC_AWB,0
Japan,FiberCrop,FiberCropAEZ10,FiberCropAEZ10,1975,NMVOC_AWB,0
Japan,FiberCrop,FiberCropAEZ11,FiberCropAEZ11,1975,NMVOC_AWB,0
Japan,FiberCrop,FiberCropAEZ12,FiberCropAEZ12,1975,NMVOC_AWB,0
Japan,FiberCrop,FiberCropAEZ15,FiberCropAEZ15,1975,NMVOC_AWB,0
Japan,FodderGrass,FodderGrassAEZ09,FodderGrassAEZ09,1975,NMVOC_AWB,1.12191356888869e-05
Japan,FodderGrass,FodderGrassAEZ10,FodderGrassAEZ10,1975,NMVOC_AWB,0.000146365968653616
Japan,FodderGrass,FodderGrassAEZ11,FodderGrassAEZ11,1975,NMVOC_AWB,0.000117321352363169
Japan,FodderGrass,FodderGrassAEZ12,FodderGrassAEZ12,1975,NMVOC_AWB,8.17782479514342e-05
Japan,FodderGrass,FodderGrassAEZ15,FodderGrassAEZ15,1975,NMVOC_AWB,6.10438832153368e-06
Japan,FodderHerb,FodderHerbAEZ09,FodderHerbAEZ09,1975,NMVOC_AWB,2.87147838475694e-06
Japan,FodderHerb,FodderHerbAEZ10,FodderHerbAEZ10,1975,NMVOC_AWB,3.54106190924894e-05
Japan,FodderHerb,FodderHerbAEZ11,FodderHerbAEZ11,1975,NMVOC_AWB,2.83574872171702e-05
Japan,FodderHerb,FodderHerbAEZ12,FodderHerbAEZ12,1975,NMVOC_AWB,1.94551488375073e-05
Japan,FodderHerb,FodderHerbAEZ15,FodderHerbAEZ15,1975,NMVOC_AWB,1.53267591007986e-06
Japan,MiscCrop,MiscCropAEZ09,MiscCropAEZ09,1975,NMVOC_AWB,1.07433359897418e-05
Japan,MiscCrop,MiscCropAEZ10,MiscCropAEZ10,1975,NMVOC_AWB,0.000125181616467856
Japan,MiscCrop,MiscCropAEZ11,MiscCropAEZ11,1975,NMVOC_AWB,9.86605725390674e-05
Japan,MiscCrop,MiscCropAEZ12,MiscCropAEZ12,1975,NMVOC_AWB,6.3049483425326e-05
Japan,MiscCrop,MiscCropAEZ15,MiscCropAEZ15,1975,NMVOC_AWB,5.73950645427848e-06
Japan,OilCrop,OilCropAEZ09,OilCropAEZ09,1975,NMVOC_AWB,7.08457125672386e-08
Japan,OilCrop,OilCropAEZ10,OilCropAEZ10,1975,NMVOC_AWB,1.05025133839062e-06
Japan,OilCrop,OilCropAEZ11,OilCropAEZ11,1975,NMVOC_AWB,1.01717245738125e-06
Japan,OilCrop,OilCropAEZ12,OilCropAEZ12,1975,NMVOC_AWB,9.5380991721363e-07
Japan,OilCrop,OilCropAEZ15,OilCropAEZ15,1975,NMVOC_AWB,3.7967385592032e-08
Japan,OtherGrain,OtherGrainAEZ09,OtherGrainAEZ09,1975,NMVOC_AWB,1.2412503172861e-07
Japan,OtherGrain,OtherGrainAEZ10,OtherGrainAEZ10,1975,NMVOC_AWB,1.52897833627859e-06
Japan,OtherGrain,OtherGrainAEZ11,OtherGrainAEZ11,1975,NMVOC_AWB,1.22974191692705e-06
Japan,OtherGrain,OtherGrainAEZ12,OtherGrainAEZ12,1975,NMVOC_AWB,8.53584718336835e-07
Japan,OtherGrain,OtherGrainAEZ15,OtherGrainAEZ15,1975,NMVOC_AWB,6.74655207277095e-08
Japan,PalmFruit,PalmFruitAEZ09,PalmFruitAEZ09,1975,NMVOC_AWB,0
Japan,PalmFruit,PalmFruitAEZ10,PalmFruitAEZ10,1975,NMVOC_AWB,0
Japan,PalmFruit,PalmFruitAEZ11,PalmFruitAEZ11,1975,NMVOC_AWB,0
Japan,PalmFruit,PalmFruitAEZ12,PalmFruitAEZ12,1975,NMVOC_AWB,0
Japan,PalmFruit,PalmFruitAEZ15,PalmFruitAEZ15,1975,NMVOC_AWB,0
Japan,Rice,RiceAEZ09,RiceAEZ09,1975,NMVOC_AWB,2.33276988220913e-06
Japan,Rice,RiceAEZ10,RiceAEZ10,1975,NMVOC_AWB,7.43018145459193e-05
Japan,Rice,RiceAEZ11,RiceAEZ11,1975,NMVOC_AWB,9.39453727123481e-05
Japan,Rice,RiceAEZ12,RiceAEZ12,1975,NMVOC_AWB,5.46256342614776e-05
Japan,Rice,RiceAEZ15,RiceAEZ15,1975,NMVOC_AWB,1.2706622019634e-06
Japan,Root_Tuber,Root_TuberAEZ09,Root_TuberAEZ09,1975,NMVOC_AWB,1.83446086626304e-06
Japan,Root_Tuber,Root_TuberAEZ10,Root_TuberAEZ10,1975,NMVOC_AWB,2.32771372024836e-05
Japan,Root_Tuber,Root_TuberAEZ11,Root_TuberAEZ11,1975,NMVOC_AWB,2.27346949683507e-05
Japan,Root_Tuber,Root_TuberAEZ12,Root_TuberAEZ12,1975,NMVOC_AWB,2.70871993117932e-05
Japan,Root_Tuber,Root_TuberAEZ15,Root_TuberAEZ15,1975,NMVOC_AWB,9.88936054424199e-07
Japan,SugarCrop,SugarCropAEZ09,SugarCropAEZ09,1975,NMVOC_AWB,1.57391785575684e-06
Japan,SugarCrop,SugarCropAEZ10,SugarCropAEZ10,1975,NMVOC_AWB,1.97133918523193e-05
Japan,SugarCrop,SugarCropAEZ11,SugarCropAEZ11,1975,NMVOC_AWB,1.66431703775366e-05
Japan,SugarCrop,SugarCropAEZ12,SugarCropAEZ12,1975,NMVOC_AWB,2.05080586943839e-05
Japan,SugarCrop,SugarCropAEZ15,SugarCropAEZ15,1975,NMVOC_AWB,8.52890259966862e-07
Japan,Wheat,WheatAEZ09,WheatAEZ09,1975,NMVOC_AWB,2.70226618407563e-07
Japan,Wheat,WheatAEZ10,WheatAEZ10,1975,NMVOC_AWB,1.78025217417252e-06
Japan,Wheat,WheatAEZ11,WheatAEZ11,1975,NMVOC_AWB,4.56756740976929e-07
Japan,Wheat,WheatAEZ12,WheatAEZ12,1975,NMVOC_AWB,5.09764667581216e-07
Japan,Wheat,WheatAEZ15,WheatAEZ15,1975,NMVOC_AWB,1.47074016011892e-07
Japan,Corn,CornAEZ09,CornAEZ09,1975,NOx_AWB,8.89951184635902e-08
Japan,Corn,CornAEZ10,CornAEZ10,1975,NOx_AWB,9.84683885464399e-07
Japan,Corn,CornAEZ11,CornAEZ11,1975,NOx_AWB,7.61846618379553e-07
Japan,Corn,CornAEZ12,CornAEZ12,1975,NOx_AWB,5.11583707590489e-07
Japan,Corn,CornAEZ15,CornAEZ15,1975,NOx_AWB,4.32822349672296e-08
Japan,FiberCrop,FiberCropAEZ09,FiberCropAEZ09,1975,NOx_AWB,0
Japan,FiberCrop,FiberCropAEZ10,FiberCropAEZ10,1975,NOx_AWB,0
Japan,FiberCrop,FiberCropAEZ11,FiberCropAEZ11,1975,NOx_AWB,0
Japan,FiberCrop,FiberCropAEZ12,FiberCropAEZ12,1975,NOx_AWB,0
Japan,FiberCrop,FiberCropAEZ15,FiberCropAEZ15,1975,NOx_AWB,0
Japan,FodderGrass,FodderGrassAEZ09,FodderGrassAEZ09,1975,NOx_AWB,6.0662760229291e-06
Japan,FodderGrass,FodderGrassAEZ10,FodderGrassAEZ10,1975,NOx_AWB,7.91412449976633e-05
Japan,FodderGrass,FodderGrassAEZ11,FodderGrassAEZ11,1975,NOx_AWB,6.3436589640616e-05
Japan,FodderGrass,FodderGrassAEZ12,FodderGrassAEZ12,1975,NOx_AWB,4.42181499985189e-05
Japan,FodderGrass,FodderGrassAEZ15,FodderGrassAEZ15,1975,NOx_AWB,3.30069138447529e-06
Japan,FodderHerb,FodderHerbAEZ09,FodderHerbAEZ09,1975,NOx_AWB,1.5526312328199e-06
Japan,FodderHerb,FodderHerbAEZ10,FodderHerbAEZ10,1975,NOx_AWB,1.91468037747885e-05
Japan,FodderHerb,FodderHerbAEZ11,FodderHerbAEZ11,1975,NOx_AWB,1.53331191944168e-05
Japan,FodderHerb,FodderHerbAEZ12,FodderHerbAEZ12,1975,NOx_AWB,1.05195539289531e-05
Japan,FodderHerb,FodderHerbAEZ15,FodderHerbAEZ15,1975,NOx_AWB,8.28730071733447e-07
Japan,MiscCrop,MiscCropAEZ09,MiscCropAEZ09,1975,NOx_AWB,5.80900733604623e-06
Japan,MiscCrop,MiscCropAEZ10,MiscCropAEZ10,1975,NOx_AWB,6.7686697045894e-05
Japan,MiscCrop,MiscCropAEZ11,MiscCropAEZ11,1975,NOx_AWB,5.33465573640444e-05
Japan,MiscCrop,MiscCropAEZ12,MiscCropAEZ12,1975,NOx_AWB,3.4091357852101e-05
Japan,MiscCrop,MiscCropAEZ15,MiscCropAEZ15,1975,NOx_AWB,3.10339685271164e-06
Japan,OilCrop,OilCropAEZ09,OilCropAEZ09,1975,NOx_AWB,3.83068410429936e-08
Japan,OilCrop,OilCropAEZ10,OilCropAEZ10,1975,NOx_AWB,5.67879263501474e-07
Japan,OilCrop,OilCropAEZ11,OilCropAEZ11,1975,NOx_AWB,5.49993249079597e-07
Japan,OilCrop,OilCropAEZ12,OilCropAEZ12,1975,NOx_AWB,5.15732618953564e-07
Japan,OilCrop,OilCropAEZ15,OilCropAEZ15,1975,NOx_AWB,2.05292677847182e-08
Japan,OtherGrain,OtherGrainAEZ09,OtherGrainAEZ09,1975,NOx_AWB,6.71153932621067e-08
Japan,OtherGrain,OtherGrainAEZ10,OtherGrainAEZ10,1975,NOx_AWB,8.26730764129399e-07
Japan,OtherGrain,OtherGrainAEZ11,OtherGrainAEZ11,1975,NOx_AWB,6.64931248887103e-07
Japan,OtherGrain,OtherGrainAEZ12,OtherGrainAEZ12,1975,NOx_AWB,4.61540055667085e-07
Japan,OtherGrain,OtherGrainAEZ15,OtherGrainAEZ15,1975,NOx_AWB,3.64791443934783e-08
Japan,PalmFruit,PalmFruitAEZ09,PalmFruitAEZ09,1975,NOx_AWB,0
Japan,PalmFruit,PalmFruitAEZ10,PalmFruitAEZ10,1975,NOx_AWB,0
Japan,PalmFruit,PalmFruitAEZ11,PalmFruitAEZ11,1975,NOx_AWB,0
Japan,PalmFruit,PalmFruitAEZ12,PalmFruitAEZ12,1975,NOx_AWB,0
Japan,PalmFruit,PalmFruitAEZ15,PalmFruitAEZ15,1975,NOx_AWB,0
Japan,Rice,RiceAEZ09,RiceAEZ09,1975,NOx_AWB,1.26134725489361e-06
Japan,Rice,RiceAEZ10,RiceAEZ10,1975,NOx_AWB,4.01755829093422e-05
Japan,Rice,RiceAEZ11,RiceAEZ11,1975,NOx_AWB,5.07970112630484e-05
Japan,Rice,RiceAEZ12,RiceAEZ12,1975,NOx_AWB,2.95365155166043e-05
Japan,Rice,RiceAEZ15,RiceAEZ15,1975,NOx_AWB,6.87057172920033e-07
Japan,Root_Tuber,Root_TuberAEZ09,Root_TuberAEZ09,1975,NOx_AWB,9.91907601138689e-07
Japan,Root_Tuber,Root_TuberAEZ10,Root_TuberAEZ10,1975,NOx_AWB,1.2586133478511e-05
Japan,Root_Tuber,Root_TuberAEZ11,Root_TuberAEZ11,1975,NOx_AWB,1.2292830642179e-05
Japan,Root_Tuber,Root_TuberAEZ12,Root_TuberAEZ12,1975,NOx_AWB,1.46462644066422e-05
Japan,Root_Tuber,Root_TuberAEZ15,Root_TuberAEZ15,1975,NOx_AWB,5.34725601109014e-07
Japan,SugarCrop,SugarCropAEZ09,SugarCropAEZ09,1975,NOx_AWB,8.51029920236663e-07
Japan,SugarCrop,SugarCropAEZ10,SugarCropAEZ10,1975,NOx_AWB,1.06591879838647e-05
Japan,SugarCrop,SugarCropAEZ11,SugarCropAEZ11,1975,NOx_AWB,8.99909477935828e-06
Japan,SugarCrop,SugarCropAEZ12,SugarCropAEZ12,1975,NOx_AWB,1.1088870674574e-05
Japan,SugarCrop,SugarCropAEZ15,SugarCropAEZ15,1975,NOx_AWB,4.61164556495357e-07
Japan,Wheat,WheatAEZ09,WheatAEZ09,1975,NOx_AWB,1.46113684820373e-07
Japan,Wheat,WheatAEZ10,WheatAEZ10,1975,NOx_AWB,9.62596529574699e-07
Japan,Wheat,WheatAEZ11,WheatAEZ11,1975,NOx_AWB,2.46972007731773e-07
Japan,Wheat,WheatAEZ12,WheatAEZ12,1975,NOx_AWB,2.75633815833737e-07
Japan,Wheat,WheatAEZ15,WheatAEZ15,1975,NOx_AWB,7.95240918435981e-08
Japan,Corn,CornAEZ09,CornAEZ09,1975,SO2_AWB,1.34730743991524e-08
Japan,Corn,CornAEZ10,CornAEZ10,1975,SO2_AWB,1.49072437652139e-07
Japan,Corn,CornAEZ11,CornAEZ11,1975,SO2_AWB,1.15336844844695e-07
Japan,Corn,CornAEZ12,CornAEZ12,1975,SO2_AWB,7.74492519674636e-08
Japan,Corn,CornAEZ15,CornAEZ15,1975,SO2_AWB,6.55254784692101e-09
Japan,FiberCrop,FiberCropAEZ09,FiberCropAEZ09,1975,SO2_AWB,0
Japan,FiberCrop,FiberCropAEZ10,FiberCropAEZ10,1975,SO2_AWB,0
Japan,FiberCrop,FiberCropAEZ11,FiberCropAEZ11,1975,SO2_AWB,0
Japan,FiberCrop,FiberCropAEZ12,FiberCropAEZ12,1975,SO2_AWB,0
Japan,FiberCrop,FiberCropAEZ15,FiberCropAEZ15,1975,SO2_AWB,0
Japan,FodderGrass,FodderGrassAEZ09,FodderGrassAEZ09,1975,SO2_AWB,9.18380576302687e-07
Japan,FodderGrass,FodderGrassAEZ10,FodderGrassAEZ10,1975,SO2_AWB,1.19812850446544e-05
Japan,FodderGrass,FodderGrassAEZ11,FodderGrassAEZ11,1975,SO2_AWB,9.60373902087885e-06
Japan,FodderGrass,FodderGrassAEZ12,FodderGrassAEZ12,1975,SO2_AWB,6.69423711106873e-06
Japan,FodderGrass,FodderGrassAEZ15,FodderGrassAEZ15,1975,SO2_AWB,4.99695504196341e-07
Japan,FodderHerb,FodderHerbAEZ09,FodderHerbAEZ09,1975,SO2_AWB,2.35054646539838e-07
Japan,FodderHerb,FodderHerbAEZ10,FodderHerbAEZ10,1975,SO2_AWB,2.89865687261528e-06
Japan,FodderHerb,FodderHerbAEZ11,FodderHerbAEZ11,1975,SO2_AWB,2.32129873237897e-06
Japan,FodderHerb,FodderHerbAEZ12,FodderHerbAEZ12,1975,SO2_AWB,1.59256749333578e-06
Japan,FodderHerb,FodderHerbAEZ15,FodderHerbAEZ15,1975,SO2_AWB,1.25462408568484e-07
Japan,MiscCrop,MiscCropAEZ09,MiscCropAEZ09,1975,SO2_AWB,8.79432370841696e-07
Japan,MiscCrop,MiscCropAEZ10,MiscCropAEZ10,1975,SO2_AWB,1.02471677197139e-05
Japan,MiscCrop,MiscCropAEZ11,MiscCropAEZ11,1975,SO2_AWB,8.07619730961393e-06
Japan,MiscCrop,MiscCropAEZ12,MiscCropAEZ12,1975,SO2_AWB,5.16113028039173e-06
Japan,MiscCrop,MiscCropAEZ15,MiscCropAEZ15,1975,SO2_AWB,4.69826855770584e-07
Japan,OilCrop,OilCropAEZ09,OilCropAEZ09,1975,SO2_AWB,5.79931717917661e-09
Japan,OilCrop,OilCropAEZ10,OilCropAEZ10,1975,SO2_AWB,8.59719015939221e-08
Japan,OilCrop,OilCropAEZ11,OilCropAEZ11,1975,SO2_AWB,8.32641170865183e-08
Japan,OilCrop,OilCropAEZ12,OilCropAEZ12,1975,SO2_AWB,7.80773604798768e-08
Japan,OilCrop,OilCropAEZ15,OilCropAEZ15,1975,SO2_AWB,3.10794970554244e-09
Japan,OtherGrain,OtherGrainAEZ09,OtherGrainAEZ09,1975,SO2_AWB,1.01606773760145e-08
Japan,OtherGrain,OtherGrainAEZ10,OtherGrainAEZ10,1975,SO2_AWB,1.25159731067053e-07
Japan,OtherGrain,OtherGrainAEZ11,OtherGrainAEZ11,1975,SO2_AWB,1.00664714438718e-07
Japan,OtherGrain,OtherGrainAEZ12,OtherGrainAEZ12,1975,SO2_AWB,6.98730853505816e-08
Japan,OtherGrain,OtherGrainAEZ15,OtherGrainAEZ15,1975,SO2_AWB,5.52262005956914e-09
Japan,PalmFruit,PalmFruitAEZ09,PalmFruitAEZ09,1975,SO2_AWB,0
Japan,PalmFruit,PalmFruitAEZ10,PalmFruitAEZ10,1975,SO2_AWB,0
Japan,PalmFruit,PalmFruitAEZ11,PalmFruitAEZ11,1975,SO2_AWB,0
Japan,PalmFruit,PalmFruitAEZ12,PalmFruitAEZ12,1975,SO2_AWB,0
Japan,PalmFruit,PalmFruitAEZ15,PalmFruitAEZ15,1975,SO2_AWB,0
Japan,Rice,RiceAEZ09,RiceAEZ09,1975,SO2_AWB,1.90956826641013e-07
Japan,Rice,RiceAEZ10,RiceAEZ10,1975,SO2_AWB,6.08222818185623e-06
Japan,Rice,RiceAEZ11,RiceAEZ11,1975,SO2_AWB,7.69021856273646e-06
Japan,Rice,RiceAEZ12,RiceAEZ12,1975,SO2_AWB,4.47156740635989e-06
Japan,Rice,RiceAEZ15,RiceAEZ15,1975,SO2_AWB,1.04014383789039e-07
Japan,Root_Tuber,Root_TuberAEZ09,Root_TuberAEZ09,1975,SO2_AWB,1.5016604436224e-07
Japan,Root_Tuber,Root_TuberAEZ10,Root_TuberAEZ10,1975,SO2_AWB,1.90542937276968e-06
Japan,Root_Tuber,Root_TuberAEZ11,Root_TuberAEZ11,1975,SO2_AWB,1.86102591555084e-06
Japan,Root_Tuber,Root_TuberAEZ12,Root_TuberAEZ12,1975,SO2_AWB,2.21731498791228e-06
Japan,Root_Tuber,Root_TuberAEZ15,Root_TuberAEZ15,1975,SO2_AWB,8.09527301187951e-08
Japan,SugarCrop,SugarCropAEZ09,SugarCropAEZ09,1975,SO2_AWB,1.28838408546467e-07
Japan,SugarCrop,SugarCropAEZ10,SugarCropAEZ10,1975,SO2_AWB,1.61370685516773e-06
Japan,SugarCrop,SugarCropAEZ11,SugarCropAEZ11,1975,SO2_AWB,1.3623834158603e-06
Japan,SugarCrop,SugarCropAEZ12,SugarCropAEZ12,1975,SO2_AWB,1.67875701701815e-06
Japan,SugarCrop,SugarCropAEZ15,SugarCropAEZ15,1975,SO2_AWB,6.98162380946325e-08
Japan,Wheat,WheatAEZ09,WheatAEZ09,1975,SO2_AWB,2.21203205333625e-08
Japan,Wheat,WheatAEZ10,WheatAEZ10,1975,SO2_AWB,1.45728607177839e-07
Japan,Wheat,WheatAEZ11,WheatAEZ11,1975,SO2_AWB,3.73893792392619e-08
Japan,Wheat,WheatAEZ12,WheatAEZ12,1975,SO2_AWB,4.17285236736836e-08
Japan,Wheat,WheatAEZ15,WheatAEZ15,1975,SO2_AWB,1.20392446735398e-08
Mexico,Corn,CornAEZ01,CornAEZ01,1975,CH4_AWB,3.36236149575057e-05
Mexico,Corn,CornAEZ02,CornAEZ02,1975,CH4_AWB,1.06626294427494e-05
Mexico,Corn,CornAEZ03,CornAEZ03,1975,CH4_AWB,0.000120058875020267
Mexico,Corn,CornAEZ04,CornAEZ04,1975,CH4_AWB,0.000472541746903865
Mexico,Corn,CornAEZ05,CornAEZ05,1975,CH4_AWB,0.000155888234363326
Mexico,Corn,CornAEZ06,CornAEZ06,1975,CH4_AWB,0.000254022102085946
Mexico,Corn,CornAEZ07,CornAEZ07,1975,CH4_AWB,9.53644571299751e-05
Mexico,Corn,CornAEZ08,CornAEZ08,1975,CH4_AWB,0.000129607956262002
Mexico,Corn,CornAEZ09,CornAEZ09,1975,CH4_AWB,0.000815917713481859
Mexico,Corn,CornAEZ10,CornAEZ10,1975,CH4_AWB,0.000422031795118959
Mexico,Corn,CornAEZ11,CornAEZ11,1975,CH4_AWB,1.85258473583121e-05
Mexico,Corn,CornAEZ12,CornAEZ12,1975,CH4_AWB,9.59962335668372e-06
Mexico,FiberCrop,FiberCropAEZ01,FiberCropAEZ01,1975,CH4_AWB,1.42950084773632e-05
Mexico,FiberCrop,FiberCropAEZ02,FiberCropAEZ02,1975,CH4_AWB,1.88060586268396e-06
Mexico,FiberCrop,FiberCropAEZ03,FiberCropAEZ03,1975,CH4_AWB,3.67984824654974e-07
Mexico,FiberCrop,FiberCropAEZ04,FiberCropAEZ04,1975,CH4_AWB,1.12984285358889e-06
Mexico,FiberCrop,FiberCropAEZ05,FiberCropAEZ05,1975,CH4_AWB,1.93608096187818e-06
Mexico,FiberCrop,FiberCropAEZ06,FiberCropAEZ06,1975,CH4_AWB,3.07239591037307e-06
Mexico,FiberCrop,FiberCropAEZ07,FiberCropAEZ07,1975,CH4_AWB,0.000218423032642377
Mexico,FiberCrop,FiberCropAEZ08,FiberCropAEZ08,1975,CH4_AWB,4.9970120184178e-05
Mexico,FiberCrop,FiberCropAEZ09,FiberCropAEZ09,1975,CH4_AWB,2.26162733564958e-05
Mexico,FiberCrop,FiberCropAEZ10,FiberCropAEZ10,1975,CH4_AWB,3.97571544225223e-07
Mexico,FiberCrop,FiberCropAEZ11,FiberCropAEZ11,1975,CH4_AWB,7.39667989256228e-09
Mexico,FiberCrop,FiberCropAEZ12,FiberCropAEZ12,1975,CH4_AWB,7.48913839121928e-08
Mexico,FodderGrass,FodderGrassAEZ01,FodderGrassAEZ01,1975,CH4_AWB,8.99968361356038e-06
Mexico,FodderGrass,FodderGrassAEZ02,FodderGrassAEZ02,1975,CH4_AWB,9.93947742627127e-06
Mexico,FodderGrass,FodderGrassAEZ03,FodderGrassAEZ03,1975,CH4_AWB,4.25958650969086e-05
Mexico,FodderGrass,FodderGrassAEZ04,FodderGrassAEZ04,1975,CH4_AWB,5.00369045316106e-05
Mexico,FodderGrass,FodderGrassAEZ05,FodderGrassAEZ05,1975,CH4_AWB,3.61406925288772e-05
Mexico,FodderGrass,FodderGrassAEZ06,FodderGrassAEZ06,1975,CH4_AWB,5.59729712770155e-05
Mexico,FodderGrass,FodderGrassAEZ07,FodderGrassAEZ07,1975,CH4_AWB,5.75445207353856e-05
Mexico,FodderGrass,FodderGrassAEZ08,FodderGrassAEZ08,1975,CH4_AWB,3.28703499683465e-05
Mexico,FodderGrass,FodderGrassAEZ09,FodderGrassAEZ09,1975,CH4_AWB,4.78058591071334e-05
Mexico,FodderGrass,FodderGrassAEZ10,FodderGrassAEZ10,1975,CH4_AWB,2.41317871972551e-05
Mexico,FodderGrass,FodderGrassAEZ11,FodderGrassAEZ11,1975,CH4_AWB,1.64994601615569e-06
Mexico,FodderGrass,FodderGrassAEZ12,FodderGrassAEZ12,1975,CH4_AWB,1.51558637712079e-06
Mexico,FodderHerb,FodderHerbAEZ01,FodderHerbAEZ01,1975,CH4_AWB,6.95045038278972e-06
Mexico,FodderHerb,FodderHerbAEZ02,FodderHerbAEZ02,1975,CH4_AWB,8.62617286252016e-06
Mexico,FodderHerb,FodderHerbAEZ03,FodderHerbAEZ03,1975,CH4_AWB,0.000255975105321377
Mexico,FodderHerb,FodderHerbAEZ04,FodderHerbAEZ04,1975,CH4_AWB,0.000269605416742727
Mexico,FodderHerb,FodderHerbAEZ05,FodderHerbAEZ05,1975,CH4_AWB,1.10421624157522e-05
Mexico,FodderHerb,FodderHerbAEZ06,FodderHerbAEZ06,1975,CH4_AWB,0.000249005154676992
Mexico,FodderHerb,FodderHerbAEZ07,FodderHerbAEZ07,1975,CH4_AWB,0.00050850182152565
Mexico,FodderHerb,FodderHerbAEZ08,FodderHerbAEZ08,1975,CH4_AWB,0.000448407029642836
Mexico,FodderHerb,FodderHerbAEZ09,FodderHerbAEZ09,1975,CH4_AWB,0.00218477420863307
Mexico,FodderHerb,FodderHerbAEZ10,FodderHerbAEZ10,1975,CH4_AWB,0.000441492979748358
Mexico,FodderHerb,FodderHerbAEZ11,FodderHerbAEZ11,1975,CH4_AWB,4.55568825717962e-05
Mexico,FodderHerb,FodderHerbAEZ12,FodderHerbAEZ12,1975,CH4_AWB,4.54801815428557e-06
Mexico,MiscCrop,MiscCropAEZ01,MiscCropAEZ01,1975,CH4_AWB,9.73701389722935e-05
Mexico,MiscCrop,MiscCropAEZ02,MiscCropAEZ02,1975,CH4_AWB,0.000159072682029424
Mexico,MiscCrop,MiscCropAEZ03,MiscCropAEZ03,1975,CH4_AWB,0.000484741714165109
Mexico,MiscCrop,MiscCropAEZ04,MiscCropAEZ04,1975,CH4_AWB,0.000367822396250684
Mexico,MiscCrop,MiscCropAEZ05,MiscCropAEZ05,1975,CH4_AWB,0.000216843209681546
Mexico,MiscCrop,MiscCropAEZ06,MiscCropAEZ06,1975,CH4_AWB,0.000711971591101109
Mexico,MiscCrop,MiscCropAEZ07,MiscCropAEZ07,1975,CH4_AWB,0.000337952174584541
Mexico,MiscCrop,MiscCropAEZ08,MiscCropAEZ08,1975,CH4_AWB,0.000225623476913245
Mexico,MiscCrop,MiscCropAEZ09,MiscCropAEZ09,1975,CH4_AWB,0.000241323371599984
Mexico,MiscCrop,MiscCropAEZ10,MiscCropAEZ10,1975,CH4_AWB,0.000166851622156145
Mexico,MiscCrop,MiscCropAEZ11,MiscCropAEZ11,1975,CH4_AWB,6.76434064479995e-06
Mexico,MiscCrop,MiscCropAEZ12,MiscCropAEZ12,1975,CH4_AWB,5.65751289020576e-05
Mexico,OilCrop,OilCropAEZ01,OilCropAEZ01,1975,CH4_AWB,4.33520232751876e-05
Mexico,OilCrop,OilCropAEZ02,OilCropAEZ02,1975,CH4_AWB,5.00502168284096e-05
Mexico,OilCrop,OilCropAEZ03,OilCropAEZ03,1975,CH4_AWB,1.24433030237543e-05
Mexico,OilCrop,OilCropAEZ04,OilCropAEZ04,1975,CH4_AWB,6.41680682404695e-05
Mexico,OilCrop,OilCropAEZ05,OilCropAEZ05,1975,CH4_AWB,4.79405988588436e-05
Mexico,OilCrop,OilCropAEZ06,OilCropAEZ06,1975,CH4_AWB,2.23317460064724e-05
Mexico,OilCrop,OilCropAEZ07,OilCropAEZ07,1975,CH4_AWB,1.58933422032118e-05
Mexico,OilCrop,OilCropAEZ08,OilCropAEZ08,1975,CH4_AWB,8.18415962303146e-06
Mexico,OilCrop,OilCropAEZ09,OilCropAEZ09,1975,CH4_AWB,4.28598312489054e-05
Mexico,OilCrop,OilCropAEZ10,OilCropAEZ10,1975,CH4_AWB,1.74505157044865e-05
Mexico,OilCrop,OilCropAEZ11,OilCropAEZ11,1975,CH4_AWB,2.30837277827161e-07
Mexico,OilCrop,OilCropAEZ12,OilCropAEZ12,1975,CH4_AWB,7.82499246871734e-09
Mexico,OtherGrain,OtherGrainAEZ01,OtherGrainAEZ01,1975,CH4_AWB,7.94937124427111e-06
Mexico,OtherGrain,OtherGrainAEZ02,OtherGrainAEZ02,1975,CH4_AWB,3.62704746714638e-05
Mexico,OtherGrain,OtherGrainAEZ03,OtherGrainAEZ03,1975,CH4_AWB,0.000108335089439664
Mexico,OtherGrain,OtherGrainAEZ04,OtherGrainAEZ04,1975,CH4_AWB,7.49755283534405e-05
Mexico,OtherGrain,OtherGrainAEZ05,OtherGrainAEZ05,1975,CH4_AWB,1.16337904849323e-05
Mexico,OtherGrain,OtherGrainAEZ06,OtherGrainAEZ06,1975,CH4_AWB,2.5903023957672e-05
Mexico,OtherGrain,OtherGrainAEZ07,OtherGrainAEZ07,1975,CH4_AWB,0.000345005402143919
Mexico,OtherGrain,OtherGrainAEZ08,OtherGrainAEZ08,1975,CH4_AWB,8.15848499206173e-05
Mexico,OtherGrain,OtherGrainAEZ09,OtherGrainAEZ09,1975,CH4_AWB,0.000502622289069981
Mexico,OtherGrain,OtherGrainAEZ10,OtherGrainAEZ10,1975,CH4_AWB,5.73714148290997e-05
Mexico,OtherGrain,OtherGrainAEZ11,OtherGrainAEZ11,1975,CH4_AWB,2.74609751815633e-06
Mexico,OtherGrain,OtherGrainAEZ12,OtherGrainAEZ12,1975,CH4_AWB,1.35511447539114e-06
Mexico,PalmFruit,PalmFruitAEZ01,PalmFruitAEZ01,1975,CH4_AWB,0
Mexico,PalmFruit,PalmFruitAEZ02,PalmFruitAEZ02,1975,CH4_AWB,0
Mexico,PalmFruit,PalmFruitAEZ03,PalmFruitAEZ03,1975,CH4_AWB,4.90659804307024e-05
Mexico,PalmFruit,PalmFruitAEZ04,PalmFruitAEZ04,1975,CH4_AWB,3.73453518361112e-05
Mexico,PalmFruit,PalmFruitAEZ05,PalmFruitAEZ05,1975,CH4_AWB,6.63769978075011e-05
Mexico,PalmFruit,PalmFruitAEZ06,PalmFruitAEZ06,1975,CH4_AWB,0.000134108661800059
Mexico,PalmFruit,PalmFruitAEZ07,PalmFruitAEZ07,1975,CH4_AWB,0
Mexico,PalmFruit,PalmFruitAEZ08,PalmFruitAEZ08,1975,CH4_AWB,0
Mexico,PalmFruit,PalmFruitAEZ09,PalmFruitAEZ09,1975,CH4_AWB,4.73012331202465e-09
Mexico,PalmFruit,PalmFruitAEZ10,PalmFruitAEZ10,1975,CH4_AWB,0
Mexico,PalmFruit,PalmFruitAEZ11,PalmFruitAEZ11,1975,CH4_AWB,0
Mexico,PalmFruit,PalmFruitAEZ12,PalmFruitAEZ12,1975,CH4_AWB,0
Mexico,Rice,RiceAEZ01,RiceAEZ01,1975,CH4_AWB,0
Mexico,Rice,RiceAEZ02,RiceAEZ02,1975,CH4_AWB,1.22942510588168e-06
Mexico,Rice,RiceAEZ03,RiceAEZ03,1975,CH4_AWB,3.11528901571407e-05
Mexico,Rice,RiceAEZ04,RiceAEZ04,1975,CH4_AWB,3.05826483345697e-05
Mexico,Rice,RiceAEZ05,RiceAEZ05,1975,CH4_AWB,3.4141323237994e-05
Mexico,Rice,RiceAEZ06,RiceAEZ06,1975,CH4_AWB,3.87566226950059e-05
Mexico,Rice,RiceAEZ07,RiceAEZ07,1975,CH4_AWB,0
Mexico,Rice,RiceAEZ08,RiceAEZ08,1975,CH4_AWB,1.20960386605969e-07
Mexico,Rice,RiceAEZ09,RiceAEZ09,1975,CH4_AWB,6.66451071245407e-06
Mexico,Rice,RiceAEZ10,RiceAEZ10,1975,CH4_AWB,1.57243420218575e-05
Mexico,Rice,RiceAEZ11,RiceAEZ11,1975,CH4_AWB,0
Mexico,Rice,RiceAEZ12,RiceAEZ12,1975,CH4_AWB,1.41289863346468e-07
Mexico,Root_Tuber,Root_TuberAEZ01,Root_TuberAEZ01,1975,CH4_AWB,3.1781684218314e-05
Mexico,Root_Tuber,Root_TuberAEZ02,Root_TuberAEZ02,1975,CH4_AWB,2.47927494988236e-05
Mexico,Root_Tuber,Root_TuberAEZ03,Root_TuberAEZ03,1975,CH4_AWB,1.15967510461214e-05
Mexico,Root_Tuber,Root_TuberAEZ04,Root_TuberAEZ04,1975,CH4_AWB,4.46786104436842e-06
Mexico,Root_Tuber,Root_TuberAEZ05,Root_TuberAEZ05,1975,CH4_AWB,3.83345971792381e-06
Mexico,Root_Tuber,Root_TuberAEZ06,Root_TuberAEZ06,1975,CH4_AWB,2.94618080026596e-05
Mexico,Root_Tuber,Root_TuberAEZ07,Root_TuberAEZ07,1975,CH4_AWB,4.35059918237057e-05
Mexico,Root_Tuber,Root_TuberAEZ08,Root_TuberAEZ08,1975,CH4_AWB,1.08426832568563e-05
Mexico,Root_Tuber,Root_TuberAEZ09,Root_TuberAEZ09,1975,CH4_AWB,3.91857882986104e-05
Mexico,Root_Tuber,Root_TuberAEZ10,Root_TuberAEZ10,1975,CH4_AWB,3.68924002638944e-05
Mexico,Root_Tuber,Root_TuberAEZ11,Root_TuberAEZ11,1975,CH4_AWB,1.4765751927316e-07
Mexico,Root_Tuber,Root_TuberAEZ12,Root_TuberAEZ12,1975,CH4_AWB,7.61619738724234e-06
Mexico,SugarCrop,SugarCropAEZ01,SugarCropAEZ01,1975,CH4_AWB,0.000130312344731403
Mexico,SugarCrop,SugarCropAEZ02,SugarCropAEZ02,1975,CH4_AWB,0.000138496651780224
Mexico,SugarCrop,SugarCropAEZ03,SugarCropAEZ03,1975,CH4_AWB,0.000949035785104556
Mexico,SugarCrop,SugarCropAEZ04,SugarCropAEZ04,1975,CH4_AWB,0.0021158388866638
Mexico,SugarCrop,SugarCropAEZ05,SugarCropAEZ05,1975,CH4_AWB,0.00223894732495486
Mexico,SugarCrop,SugarCropAEZ06,SugarCropAEZ06,1975,CH4_AWB,0.00200647536456196
Mexico,SugarCrop,SugarCropAEZ07,SugarCropAEZ07,1975,CH4_AWB,0.000399599937442191
Mexico,SugarCrop,SugarCropAEZ08,SugarCropAEZ08,1975,CH4_AWB,0.000168747871112139
Mexico,SugarCrop,SugarCropAEZ09,SugarCropAEZ09,1975,CH4_AWB,0.000536654754788674
Mexico,SugarCrop,SugarCropAEZ10,SugarCropAEZ10,1975,CH4_AWB,0.000907708788777298
Mexico,SugarCrop,SugarCropAEZ11,SugarCropAEZ11,1975,CH4_AWB,5.85627003603026e-06
Mexico,SugarCrop,SugarCropAEZ12,SugarCropAEZ12,1975,CH4_AWB,8.05071357024543e-06
Mexico,Wheat,WheatAEZ01,WheatAEZ01,1975,CH4_AWB,0.00035299970951387
Mexico,Wheat,WheatAEZ02,WheatAEZ02,1975,CH4_AWB,0.000144286420307785
Mexico,Wheat,WheatAEZ03,WheatAEZ03,1975,CH4_AWB,1.1083461098591e-05
Mexico,Wheat,WheatAEZ04,WheatAEZ04,1975,CH4_AWB,8.52312314492302e-06
Mexico,Wheat,WheatAEZ05,WheatAEZ05,1975,CH4_AWB,1.06341445409594e-06
Mexico,Wheat,WheatAEZ06,WheatAEZ06,1975,CH4_AWB,8.77436678509116e-06
Mexico,Wheat,WheatAEZ07,WheatAEZ07,1975,CH4_AWB,6.52711337520573e-05
Mexico,Wheat,WheatAEZ08,WheatAEZ08,1975,CH4_AWB,2.19999852885097e-05
Mexico,Wheat,WheatAEZ09,WheatAEZ09,1975,CH4_AWB,0.000150822108060796
Mexico,Wheat,WheatAEZ10,WheatAEZ10,1975,CH4_AWB,2.96824361960731e-05
Mexico,Wheat,WheatAEZ11,WheatAEZ11,1975,CH4_AWB,5.18055284731877e-07
Mexico,Wheat,WheatAEZ12,WheatAEZ12,1975,CH4_AWB,4.28718890277418e-07
Mexico,Corn,CornAEZ01,CornAEZ01,1975,CO_AWB,0.00123142897515309
Mexico,Corn,CornAEZ02,CornAEZ02,1975,CO_AWB,0.000390507411642575
Mexico,Corn,CornAEZ03,CornAEZ03,1975,CO_AWB,0.00439702802958841
Mexico,Corn,CornAEZ04,CornAEZ04,1975,CO_AWB,0.0173063366280604
Mexico,Corn,CornAEZ05,CornAEZ05,1975,CO_AWB,0.00570924003629789
Mexico,Corn,CornAEZ06,CornAEZ06,1975,CO_AWB,0.00930328809776306
Mexico,Corn,CornAEZ07,CornAEZ07,1975,CO_AWB,0.00349262135728157
Mexico,Corn,CornAEZ08,CornAEZ08,1975,CO_AWB,0.00474675292805708
Mexico,Corn,CornAEZ09,CornAEZ09,1975,CO_AWB,0.0298821145493142
Mexico,Corn,CornAEZ10,CornAEZ10,1975,CO_AWB,0.0154564636075619
Mexico,Corn,CornAEZ11,CornAEZ11,1975,CO_AWB,0.000678489366926218
Mexico,Corn,CornAEZ12,CornAEZ12,1975,CO_AWB,0.000351575949430681
Mexico,FiberCrop,FiberCropAEZ01,FiberCropAEZ01,1975,CO_AWB,0.000523539413038472
Mexico,FiberCrop,FiberCropAEZ02,FiberCropAEZ02,1975,CO_AWB,6.88751805265024e-05
Mexico,FiberCrop,FiberCropAEZ03,FiberCropAEZ03,1975,CO_AWB,1.34770510568082e-05
Mexico,FiberCrop,FiberCropAEZ04,FiberCropAEZ04,1975,CO_AWB,4.13792874156272e-05
Mexico,FiberCrop,FiberCropAEZ05,FiberCropAEZ05,1975,CO_AWB,7.09068967662222e-05
Mexico,FiberCrop,FiberCropAEZ06,FiberCropAEZ06,1975,CO_AWB,0.00011252321774315
Mexico,FiberCrop,FiberCropAEZ07,FiberCropAEZ07,1975,CO_AWB,0.00799951021258622
Mexico,FiberCrop,FiberCropAEZ08,FiberCropAEZ08,1975,CO_AWB,0.00183010226486498
Mexico,FiberCrop,FiberCropAEZ09,FiberCropAEZ09,1975,CO_AWB,0.000828296848996447
Mexico,FiberCrop,FiberCropAEZ10,FiberCropAEZ10,1975,CO_AWB,1.45606330513255e-05
Mexico,FiberCrop,FiberCropAEZ11,FiberCropAEZ11,1975,CO_AWB,2.70895498629311e-07
Mexico,FiberCrop,FiberCropAEZ12,FiberCropAEZ12,1975,CO_AWB,2.74281692362176e-06
Mexico,FodderGrass,FodderGrassAEZ01,FodderGrassAEZ01,1975,CO_AWB,0.000329603797300053
Mexico,FodderGrass,FodderGrassAEZ02,FodderGrassAEZ02,1975,CO_AWB,0.000364022741637371
Mexico,FodderGrass,FodderGrassAEZ03,FodderGrassAEZ03,1975,CO_AWB,0.0015600280507714
Mexico,FodderGrass,FodderGrassAEZ04,FodderGrassAEZ04,1975,CO_AWB,0.0018325481702389
Mexico,FodderGrass,FodderGrassAEZ05,FodderGrassAEZ05,1975,CO_AWB,0.00132361425201914
Mexico,FodderGrass,FodderGrassAEZ06,FodderGrassAEZ06,1975,CO_AWB,0.0020499502728377
Mexico,FodderGrass,FodderGrassAEZ07,FodderGrassAEZ07,1975,CO_AWB,0.00210750659274468
Mexico,FodderGrass,FodderGrassAEZ08,FodderGrassAEZ08,1975,CO_AWB,0.00120384144969542
Mexico,FodderGrass,FodderGrassAEZ09,FodderGrassAEZ09,1975,CO_AWB,0.00175083851516296
Mexico,FodderGrass,FodderGrassAEZ10,FodderGrassAEZ10,1975,CO_AWB,0.000883800924275538
Mexico,FodderGrass,FodderGrassAEZ11,FodderGrassAEZ11,1975,CO_AWB,6.04275100788645e-05
Mexico,FodderGrass,FodderGrassAEZ12,FodderGrassAEZ12,1975,CO_AWB,5.55067318458341e-05
Mexico,FodderHerb,FodderHerbAEZ01,FodderHerbAEZ01,1975,CO_AWB,0.00025455281957482
Mexico,FodderHerb,FodderHerbAEZ02,FodderHerbAEZ02,1975,CO_AWB,0.000315924365093153
Mexico,FodderHerb,FodderHerbAEZ03,FodderHerbAEZ03,1975,CO_AWB,0.00937481475471882
Mexico,FodderHerb,FodderHerbAEZ04,FodderHerbAEZ04,1975,CO_AWB,0.00987401034822724
Mexico,FodderHerb,FodderHerbAEZ05,FodderHerbAEZ05,1975,CO_AWB,0.000404407401294858
Mexico,FodderHerb,FodderHerbAEZ06,FodderHerbAEZ06,1975,CO_AWB,0.00911954775889666
Mexico,FodderHerb,FodderHerbAEZ07,FodderHerbAEZ07,1975,CO_AWB,0.0186233359422001
Mexico,FodderHerb,FodderHerbAEZ08,FodderHerbAEZ08,1975,CO_AWB,0.0164224283933295
Mexico,FodderHerb,FodderHerbAEZ09,FodderHerbAEZ09,1975,CO_AWB,0.0800150212307068
Mexico,FodderHerb,FodderHerbAEZ10,FodderHerbAEZ10,1975,CO_AWB,0.0161692087027497
Mexico,FodderHerb,FodderHerbAEZ11,FodderHerbAEZ11,1975,CO_AWB,0.00166847215230895
Mexico,FodderHerb,FodderHerbAEZ12,FodderHerbAEZ12,1975,CO_AWB,0.000166566305906954
Mexico,MiscCrop,MiscCropAEZ01,MiscCropAEZ01,1975,CO_AWB,0.003566077311934
Mexico,MiscCrop,MiscCropAEZ02,MiscCropAEZ02,1975,CO_AWB,0.00582586702988104
Mexico,MiscCrop,MiscCropAEZ03,MiscCropAEZ03,1975,CO_AWB,0.0177531473948504
Mexico,MiscCrop,MiscCropAEZ04,MiscCropAEZ04,1975,CO_AWB,0.0134711022900357
Mexico,MiscCrop,MiscCropAEZ05,MiscCropAEZ05,1975,CO_AWB,0.00794165088449082
Mexico,MiscCrop,MiscCropAEZ06,MiscCropAEZ06,1975,CO_AWB,0.0260751988706688
Mexico,MiscCrop,MiscCropAEZ07,MiscCropAEZ07,1975,CO_AWB,0.0123771373341432
Mexico,MiscCrop,MiscCropAEZ08,MiscCropAEZ08,1975,CO_AWB,0.00826321879122439
Mexico,MiscCrop,MiscCropAEZ09,MiscCropAEZ09,1975,CO_AWB,0.00883821066073446
Mexico,MiscCrop,MiscCropAEZ10,MiscCropAEZ10,1975,CO_AWB,0.00611076240118874
Mexico,MiscCrop,MiscCropAEZ11,MiscCropAEZ11,1975,CO_AWB,0.000247736749256135
Mexico,MiscCrop,MiscCropAEZ12,MiscCropAEZ12,1975,CO_AWB,0.00207200365252408
Mexico,OilCrop,OilCropAEZ01,OilCropAEZ01,1975,CO_AWB,0.00158772153618956
Mexico,OilCrop,OilCropAEZ02,OilCropAEZ02,1975,CO_AWB,0.00183303571888662
Mexico,OilCrop,OilCropAEZ03,OilCropAEZ03,1975,CO_AWB,0.000455722679117839
Mexico,OilCrop,OilCropAEZ04,OilCropAEZ04,1975,CO_AWB,0.00235008694367873
Mexico,OilCrop,OilCropAEZ05,OilCropAEZ05,1975,CO_AWB,0.00175577321461662
Mexico,OilCrop,OilCropAEZ06,OilCropAEZ06,1975,CO_AWB,0.000817876338784055
Mexico,OilCrop,OilCropAEZ07,OilCropAEZ07,1975,CO_AWB,0.000582076678126176
Mexico,OilCrop,OilCropAEZ08,OilCropAEZ08,1975,CO_AWB,0.000299736102433246
Mexico,OilCrop,OilCropAEZ09,OilCropAEZ09,1975,CO_AWB,0.00156969552907316
Mexico,OilCrop,OilCropAEZ10,OilCropAEZ10,1975,CO_AWB,0.00063910649396346
Mexico,OilCrop,OilCropAEZ11,OilCropAEZ11,1975,CO_AWB,8.45416867939646e-06
Mexico,OilCrop,OilCropAEZ12,OilCropAEZ12,1975,CO_AWB,2.86581989132084e-07
Mexico,OtherGrain,OtherGrainAEZ01,OtherGrainAEZ01,1975,CO_AWB,0.000291137228903434
Mexico,OtherGrain,OtherGrainAEZ02,OtherGrainAEZ02,1975,CO_AWB,0.00132836738433523
Mexico,OtherGrain,OtherGrainAEZ03,OtherGrainAEZ03,1975,CO_AWB,0.00396765690811077
Mexico,OtherGrain,OtherGrainAEZ04,OtherGrainAEZ04,1975,CO_AWB,0.00274589862388455
Mexico,OtherGrain,OtherGrainAEZ05,OtherGrainAEZ05,1975,CO_AWB,0.000426075147247307
Mexico,OtherGrain,OtherGrainAEZ06,OtherGrainAEZ06,1975,CO_AWB,0.000948670578278841
Mexico,OtherGrain,OtherGrainAEZ07,OtherGrainAEZ07,1975,CO_AWB,0.0126354542580059
Mexico,OtherGrain,OtherGrainAEZ08,OtherGrainAEZ08,1975,CO_AWB,0.00298795796504141
Mexico,OtherGrain,OtherGrainAEZ09,OtherGrainAEZ09,1975,CO_AWB,0.018408004347563
Mexico,OtherGrain,OtherGrainAEZ10,OtherGrainAEZ10,1975,CO_AWB,0.00210116677386916
Mexico,OtherGrain,OtherGrainAEZ11,OtherGrainAEZ11,1975,CO_AWB,0.000100572887737606
Mexico,OtherGrain,OtherGrainAEZ12,OtherGrainAEZ12,1975,CO_AWB,4.96296198893251e-05
Mexico,PalmFruit,PalmFruitAEZ01,PalmFruitAEZ01,1975,CO_AWB,0
Mexico,PalmFruit,PalmFruitAEZ02,PalmFruitAEZ02,1975,CO_AWB,0
Mexico,PalmFruit,PalmFruitAEZ03,PalmFruitAEZ03,1975,CO_AWB,0.00179698911235521
Mexico,PalmFruit,PalmFruitAEZ04,PalmFruitAEZ04,1975,CO_AWB,0.00136773361211741
Mexico,PalmFruit,PalmFruitAEZ05,PalmFruitAEZ05,1975,CO_AWB,0.00243098662910378
Mexico,PalmFruit,PalmFruitAEZ06,PalmFruitAEZ06,1975,CO_AWB,0.00491158645994232
Mexico,PalmFruit,PalmFruitAEZ07,PalmFruitAEZ07,1975,CO_AWB,0
Mexico,PalmFruit,PalmFruitAEZ08,PalmFruitAEZ08,1975,CO_AWB,0
Mexico,PalmFruit,PalmFruitAEZ09,PalmFruitAEZ09,1975,CO_AWB,1.73235712752356e-07
Mexico,PalmFruit,PalmFruitAEZ10,PalmFruitAEZ10,1975,CO_AWB,0
Mexico,PalmFruit,PalmFruitAEZ11,PalmFruitAEZ11,1975,CO_AWB,0
Mexico,PalmFruit,PalmFruitAEZ12,PalmFruitAEZ12,1975,CO_AWB,0
Mexico,Rice,RiceAEZ01,RiceAEZ01,1975,CO_AWB,0
Mexico,Rice,RiceAEZ02,RiceAEZ02,1975,CO_AWB,4.50263810145555e-05
Mexico,Rice,RiceAEZ03,RiceAEZ03,1975,CO_AWB,0.00114094131900297
Mexico,Rice,RiceAEZ04,RiceAEZ04,1975,CO_AWB,0.00112005682148403
Mexico,Rice,RiceAEZ05,RiceAEZ05,1975,CO_AWB,0.00125038948781884
Mexico,Rice,RiceAEZ06,RiceAEZ06,1975,CO_AWB,0.00141941989955641
Mexico,Rice,RiceAEZ07,RiceAEZ07,1975,CO_AWB,0
Mexico,Rice,RiceAEZ08,RiceAEZ08,1975,CO_AWB,4.43004492826136e-06
Mexico,Rice,RiceAEZ09,RiceAEZ09,1975,CO_AWB,0.000244080584639878
Mexico,Rice,RiceAEZ10,RiceAEZ10,1975,CO_AWB,0.000575887227039822
Mexico,Rice,RiceAEZ11,RiceAEZ11,1975,CO_AWB,0
Mexico,Rice,RiceAEZ12,RiceAEZ12,1975,CO_AWB,5.1745902943557e-06
Mexico,Root_Tuber,Root_TuberAEZ01,Root_TuberAEZ01,1975,CO_AWB,0.00116397022970492
Mexico,Root_Tuber,Root_TuberAEZ02,Root_TuberAEZ02,1975,CO_AWB,0.00090800796241418
Mexico,Root_Tuber,Root_TuberAEZ03,Root_TuberAEZ03,1975,CO_AWB,0.000424718617372909
Mexico,Root_Tuber,Root_TuberAEZ04,Root_TuberAEZ04,1975,CO_AWB,0.000163630637394177
Mexico,Root_Tuber,Root_TuberAEZ05,Root_TuberAEZ05,1975,CO_AWB,0.000140396366592338
Mexico,Root_Tuber,Root_TuberAEZ06,Root_TuberAEZ06,1975,CO_AWB,0.00107900724180681
Mexico,Root_Tuber,Root_TuberAEZ07,Root_TuberAEZ07,1975,CO_AWB,0.00159336046978272
Mexico,Root_Tuber,Root_TuberAEZ08,Root_TuberAEZ08,1975,CO_AWB,0.000397101690219052
Mexico,Root_Tuber,Root_TuberAEZ09,Root_TuberAEZ09,1975,CO_AWB,0.00143513763127817
Mexico,Root_Tuber,Root_TuberAEZ10,Root_TuberAEZ10,1975,CO_AWB,0.00135114474470759
Mexico,Root_Tuber,Root_TuberAEZ11,Root_TuberAEZ11,1975,CO_AWB,5.40779888961958e-06
Mexico,Root_Tuber,Root_TuberAEZ12,Root_TuberAEZ12,1975,CO_AWB,0.00027893509234473
Mexico,SugarCrop,SugarCropAEZ01,SugarCropAEZ01,1975,CO_AWB,0.0047725504031971
Mexico,SugarCrop,SugarCropAEZ02,SugarCropAEZ02,1975,CO_AWB,0.0050722919049424
Mexico,SugarCrop,SugarCropAEZ03,SugarCropAEZ03,1975,CO_AWB,0.0347574217023335
Mexico,SugarCrop,SugarCropAEZ04,SugarCropAEZ04,1975,CO_AWB,0.0774903387124307
Mexico,SugarCrop,SugarCropAEZ05,SugarCropAEZ05,1975,CO_AWB,0.0819990537387315
Mexico,SugarCrop,SugarCropAEZ06,SugarCropAEZ06,1975,CO_AWB,0.0734850165568204
Mexico,SugarCrop,SugarCropAEZ07,SugarCropAEZ07,1975,CO_AWB,0.0146349207858102
Mexico,SugarCrop,SugarCropAEZ08,SugarCropAEZ08,1975,CO_AWB,0.00618021049329502
Mexico,SugarCrop,SugarCropAEZ09,SugarCropAEZ09,1975,CO_AWB,0.0196544070450382
Mexico,SugarCrop,SugarCropAEZ10,SugarCropAEZ10,1975,CO_AWB,0.0332438646146216
Mexico,SugarCrop,SugarCropAEZ11,SugarCropAEZ11,1975,CO_AWB,0.000214479633370852
Mexico,SugarCrop,SugarCropAEZ12,SugarCropAEZ12,1975,CO_AWB,0.000294848783320527
Mexico,Wheat,WheatAEZ01,WheatAEZ01,1975,CO_AWB,0.0129282372245037
Mexico,Wheat,WheatAEZ02,WheatAEZ02,1975,CO_AWB,0.00528433599161416
Mexico,Wheat,WheatAEZ03,WheatAEZ03,1975,CO_AWB,0.000405919921431302
Mexico,Wheat,WheatAEZ04,WheatAEZ04,1975,CO_AWB,0.00031215027928201
Mexico,Wheat,WheatAEZ05,WheatAEZ05,1975,CO_AWB,3.89464182547104e-05
Mexico,Wheat,WheatAEZ06,WheatAEZ06,1975,CO_AWB,0.000321351809180475
Mexico,Wheat,WheatAEZ07,WheatAEZ07,1975,CO_AWB,0.00239048553955184
Mexico,Wheat,WheatAEZ08,WheatAEZ08,1975,CO_AWB,0.000805725956933881
Mexico,Wheat,WheatAEZ09,WheatAEZ09,1975,CO_AWB,0.00552369857299583
Mexico,Wheat,WheatAEZ10,WheatAEZ10,1975,CO_AWB,0.00108708751367669
Mexico,Wheat,WheatAEZ11,WheatAEZ11,1975,CO_AWB,1.89732213254367e-05
Mexico,Wheat,WheatAEZ12,WheatAEZ12,1975,CO_AWB,1.5701371323408e-05
Mexico,Corn,CornAEZ01,CornAEZ01,1975,N2O_AWB,8.72202319624187e-07
Mexico,Corn,CornAEZ02,CornAEZ02,1975,N2O_AWB,2.7659043041662e-07
Mexico,Corn,CornAEZ03,CornAEZ03,1975,N2O_AWB,3.11434774091035e-06
Mexico,Corn,CornAEZ04,CornAEZ04,1975,N2O_AWB,1.22578136910533e-05
Mexico,Corn,CornAEZ05,CornAEZ05,1975,N2O_AWB,4.04376744694611e-06
Mexico,Corn,CornAEZ06,CornAEZ06,1975,N2O_AWB,6.58937675069099e-06
Mexico,Corn,CornAEZ07,CornAEZ07,1975,N2O_AWB,2.47377031956816e-06
Mexico,Corn,CornAEZ08,CornAEZ08,1975,N2O_AWB,3.36205254064253e-06
Mexico,Corn,CornAEZ09,CornAEZ09,1975,N2O_AWB,2.11650449608328e-05
Mexico,Corn,CornAEZ10,CornAEZ10,1975,N2O_AWB,1.0947576907573e-05
Mexico,Corn,CornAEZ11,CornAEZ11,1975,N2O_AWB,4.80563647286131e-07
Mexico,Corn,CornAEZ12,CornAEZ12,1975,N2O_AWB,2.49015870833633e-07
Mexico,FiberCrop,FiberCropAEZ01,FiberCropAEZ01,1975,N2O_AWB,3.70814963493994e-07
Mexico,FiberCrop,FiberCropAEZ02,FiberCropAEZ02,1975,N2O_AWB,4.87832375491096e-08
Mexico,FiberCrop,FiberCropAEZ03,FiberCropAEZ03,1975,N2O_AWB,9.54558925493886e-09
Mexico,FiberCrop,FiberCropAEZ04,FiberCropAEZ04,1975,N2O_AWB,2.93083167576263e-08
Mexico,FiberCrop,FiberCropAEZ05,FiberCropAEZ05,1975,N2O_AWB,5.02222711051306e-08
Mexico,FiberCrop,FiberCropAEZ06,FiberCropAEZ06,1975,N2O_AWB,7.96984751109595e-08
Mexico,FiberCrop,FiberCropAEZ07,FiberCropAEZ07,1975,N2O_AWB,5.66593080401381e-06
Mexico,FiberCrop,FiberCropAEZ08,FiberCropAEZ08,1975,N2O_AWB,1.29623345947846e-06
Mexico,FiberCrop,FiberCropAEZ09,FiberCropAEZ09,1975,N2O_AWB,5.86669996897134e-07
Mexico,FiberCrop,FiberCropAEZ10,FiberCropAEZ10,1975,N2O_AWB,1.031307381815e-08
Mexico,FiberCrop,FiberCropAEZ11,FiberCropAEZ11,1975,N2O_AWB,1.91871140802791e-10
Mexico,FiberCrop,FiberCropAEZ12,FiberCropAEZ12,1975,N2O_AWB,1.94269530062825e-09
Mexico,FodderGrass,FodderGrassAEZ01,FodderGrassAEZ01,1975,N2O_AWB,2.33453331343211e-07
Mexico,FodderGrass,FodderGrassAEZ02,FodderGrassAEZ02,1975,N2O_AWB,2.57831743493447e-07
Mexico,FodderGrass,FodderGrassAEZ03,FodderGrassAEZ03,1975,N2O_AWB,1.10494402195827e-06
Mexico,FodderGrass,FodderGrassAEZ04,FodderGrassAEZ04,1975,N2O_AWB,1.29796585686699e-06
Mexico,FodderGrass,FodderGrassAEZ05,FodderGrassAEZ05,1975,N2O_AWB,9.37495742095233e-07
Mexico,FodderGrass,FodderGrassAEZ06,FodderGrassAEZ06,1975,N2O_AWB,1.45194844295506e-06
Mexico,FodderGrass,FodderGrassAEZ07,FodderGrassAEZ07,1975,N2O_AWB,1.49271470454611e-06
Mexico,FodderGrass,FodderGrassAEZ08,FodderGrassAEZ08,1975,N2O_AWB,8.5266249704215e-07
Mexico,FodderGrass,FodderGrassAEZ09,FodderGrassAEZ09,1975,N2O_AWB,1.24009215718077e-06
Mexico,FodderGrass,FodderGrassAEZ10,FodderGrassAEZ10,1975,N2O_AWB,6.25982684988625e-07
Mexico,FodderGrass,FodderGrassAEZ11,FodderGrassAEZ11,1975,N2O_AWB,4.27998817011327e-08
Mexico,FodderGrass,FodderGrassAEZ12,FodderGrassAEZ12,1975,N2O_AWB,3.93145696971077e-08
Mexico,FodderHerb,FodderHerbAEZ01,FodderHerbAEZ01,1975,N2O_AWB,1.80295871040742e-07
Mexico,FodderHerb,FodderHerbAEZ02,FodderHerbAEZ02,1975,N2O_AWB,2.23764398613237e-07
Mexico,FodderHerb,FodderHerbAEZ03,FodderHerbAEZ03,1975,N2O_AWB,6.64003798846479e-06
Mexico,FodderHerb,FodderHerbAEZ04,FodderHerbAEZ04,1975,N2O_AWB,6.99361059670238e-06
Mexico,FodderHerb,FodderHerbAEZ05,FodderHerbAEZ05,1975,N2O_AWB,2.86435580613744e-07
Mexico,FodderHerb,FodderHerbAEZ06,FodderHerbAEZ06,1975,N2O_AWB,6.45923627730487e-06
Mexico,FodderHerb,FodderHerbAEZ07,FodderHerbAEZ07,1975,N2O_AWB,1.31906241737637e-05
Mexico,FodderHerb,FodderHerbAEZ08,FodderHerbAEZ08,1975,N2O_AWB,1.16317549997095e-05
Mexico,FodderHerb,FodderHerbAEZ09,FodderHerbAEZ09,1975,N2O_AWB,5.66734164376184e-05
Mexico,FodderHerb,FodderHerbAEZ10,FodderHerbAEZ10,1975,N2O_AWB,1.14524033635578e-05
Mexico,FodderHerb,FodderHerbAEZ11,FodderHerbAEZ11,1975,N2O_AWB,1.18175332141369e-06
Mexico,FodderHerb,FodderHerbAEZ12,FodderHerbAEZ12,1975,N2O_AWB,1.17976368361168e-07
Mexico,MiscCrop,MiscCropAEZ01,MiscCropAEZ01,1975,N2O_AWB,2.52579804940949e-06
Mexico,MiscCrop,MiscCropAEZ02,MiscCropAEZ02,1975,N2O_AWB,4.12637256375472e-06
Mexico,MiscCrop,MiscCropAEZ03,MiscCropAEZ03,1975,N2O_AWB,1.25742829272744e-05
Mexico,MiscCrop,MiscCropAEZ04,MiscCropAEZ04,1975,N2O_AWB,9.54137583436603e-06
Mexico,MiscCrop,MiscCropAEZ05,MiscCropAEZ05,1975,N2O_AWB,5.62494992635464e-06
Mexico,MiscCrop,MiscCropAEZ06,MiscCropAEZ06,1975,N2O_AWB,1.84686647777082e-05
Mexico,MiscCrop,MiscCropAEZ07,MiscCropAEZ07,1975,N2O_AWB,8.76653717832549e-06
Mexico,MiscCrop,MiscCropAEZ08,MiscCropAEZ08,1975,N2O_AWB,5.85271155924528e-06
Mexico,MiscCrop,MiscCropAEZ09,MiscCropAEZ09,1975,N2O_AWB,6.25996951116198e-06
Mexico,MiscCrop,MiscCropAEZ10,MiscCropAEZ10,1975,N2O_AWB,4.32815960037522e-06
Mexico,MiscCrop,MiscCropAEZ11,MiscCropAEZ11,1975,N2O_AWB,1.75468152623657e-07
Mexico,MiscCrop,MiscCropAEZ12,MiscCropAEZ12,1975,N2O_AWB,1.46756851468158e-06
Mexico,OilCrop,OilCropAEZ01,OilCropAEZ01,1975,N2O_AWB,1.12455889436064e-06
Mexico,OilCrop,OilCropAEZ02,OilCropAEZ02,1975,N2O_AWB,1.29831118012156e-06
Mexico,OilCrop,OilCropAEZ03,OilCropAEZ03,1975,N2O_AWB,3.22781407496533e-07
Mexico,OilCrop,OilCropAEZ04,OilCropAEZ04,1975,N2O_AWB,1.66453065905833e-06
Mexico,OilCrop,OilCropAEZ05,OilCropAEZ05,1975,N2O_AWB,1.24358732937257e-06
Mexico,OilCrop,OilCropAEZ06,OilCropAEZ06,1975,N2O_AWB,5.79289308800375e-07
Mexico,OilCrop,OilCropAEZ07,OilCropAEZ07,1975,N2O_AWB,4.12276013561948e-07
Mexico,OilCrop,OilCropAEZ08,OilCropAEZ08,1975,N2O_AWB,2.12298499623081e-07
Mexico,OilCrop,OilCropAEZ09,OilCropAEZ09,1975,N2O_AWB,1.11179134906349e-06
Mexico,OilCrop,OilCropAEZ10,OilCropAEZ10,1975,N2O_AWB,4.52669360368518e-07
Mexico,OilCrop,OilCropAEZ11,OilCropAEZ11,1975,N2O_AWB,5.98795844620029e-09
Mexico,OilCrop,OilCropAEZ12,OilCropAEZ12,1975,N2O_AWB,2.02981642244078e-10
Mexico,OtherGrain,OtherGrainAEZ01,OtherGrainAEZ01,1975,N2O_AWB,2.06208048943272e-07
Mexico,OtherGrain,OtherGrainAEZ02,OtherGrainAEZ02,1975,N2O_AWB,9.4086231305891e-07
Mexico,OtherGrain,OtherGrainAEZ03,OtherGrainAEZ03,1975,N2O_AWB,2.81023073888359e-06
Mexico,OtherGrain,OtherGrainAEZ04,OtherGrainAEZ04,1975,N2O_AWB,1.94487802181788e-06
Mexico,OtherGrain,OtherGrainAEZ05,OtherGrainAEZ05,1975,N2O_AWB,3.01782513861278e-07
Mexico,OtherGrain,OtherGrainAEZ06,OtherGrainAEZ06,1975,N2O_AWB,6.71928869329354e-07
Mexico,OtherGrain,OtherGrainAEZ07,OtherGrainAEZ07,1975,N2O_AWB,8.94949910689568e-06
Mexico,OtherGrain,OtherGrainAEZ08,OtherGrainAEZ08,1975,N2O_AWB,2.116324953069e-06
Mexico,OtherGrain,OtherGrainAEZ09,OtherGrainAEZ09,1975,N2O_AWB,1.30381080968153e-05
Mexico,OtherGrain,OtherGrainAEZ10,OtherGrainAEZ10,1975,N2O_AWB,1.4882243077463e-06
Mexico,OtherGrain,OtherGrainAEZ11,OtherGrainAEZ11,1975,N2O_AWB,7.12342390393545e-08
Mexico,OtherGrain,OtherGrainAEZ12,OtherGrainAEZ12,1975,N2O_AWB,3.51519011351463e-08
Mexico,PalmFruit,PalmFruitAEZ01,PalmFruitAEZ01,1975,N2O_AWB,0
Mexico,PalmFruit,PalmFruitAEZ02,PalmFruitAEZ02,1975,N2O_AWB,0
Mexico,PalmFruit,PalmFruitAEZ03,PalmFruitAEZ03,1975,N2O_AWB,1.2727799197195e-06
Mexico,PalmFruit,PalmFruitAEZ04,PalmFruitAEZ04,1975,N2O_AWB,9.68744810449552e-07
Mexico,PalmFruit,PalmFruitAEZ05,PalmFruitAEZ05,1975,N2O_AWB,1.72183066962193e-06
Mexico,PalmFruit,PalmFruitAEZ06,PalmFruitAEZ06,1975,N2O_AWB,3.47880161165109e-06
Mexico,PalmFruit,PalmFruitAEZ07,PalmFruitAEZ07,1975,N2O_AWB,0
Mexico,PalmFruit,PalmFruitAEZ08,PalmFruitAEZ08,1975,N2O_AWB,0
Mexico,PalmFruit,PalmFruitAEZ09,PalmFruitAEZ09,1975,N2O_AWB,1.22700207282007e-10
Mexico,PalmFruit,PalmFruitAEZ10,PalmFruitAEZ10,1975,N2O_AWB,0
Mexico,PalmFruit,PalmFruitAEZ11,PalmFruitAEZ11,1975,N2O_AWB,0
Mexico,PalmFruit,PalmFruitAEZ12,PalmFruitAEZ12,1975,N2O_AWB,0
Mexico,Rice,RiceAEZ01,RiceAEZ01,1975,N2O_AWB,0
Mexico,Rice,RiceAEZ02,RiceAEZ02,1975,N2O_AWB,3.18914974047085e-08
Mexico,Rice,RiceAEZ03,RiceAEZ03,1975,N2O_AWB,8.08111295956598e-07
Mexico,Rice,RiceAEZ04,RiceAEZ04,1975,N2O_AWB,7.93319125601873e-07
Mexico,Rice,RiceAEZ05,RiceAEZ05,1975,N2O_AWB,8.85631760917194e-07
Mexico,Rice,RiceAEZ06,RiceAEZ06,1975,N2O_AWB,1.00535341777216e-06
Mexico,Rice,RiceAEZ07,RiceAEZ07,1975,N2O_AWB,0
Mexico,Rice,RiceAEZ08,RiceAEZ08,1975,N2O_AWB,3.13773310554801e-09
Mexico,Rice,RiceAEZ09,RiceAEZ09,1975,N2O_AWB,1.72878547113659e-07
Mexico,Rice,RiceAEZ10,RiceAEZ10,1975,N2O_AWB,4.07892119968696e-07
Mexico,Rice,RiceAEZ11,RiceAEZ11,1975,N2O_AWB,0
Mexico,Rice,RiceAEZ12,RiceAEZ12,1975,N2O_AWB,3.66508320732078e-09
Mexico,Root_Tuber,Root_TuberAEZ01,Root_TuberAEZ01,1975,N2O_AWB,8.24422321389598e-07
Mexico,Root_Tuber,Root_TuberAEZ02,Root_TuberAEZ02,1975,N2O_AWB,6.43128160076321e-07
Mexico,Root_Tuber,Root_TuberAEZ03,Root_TuberAEZ03,1975,N2O_AWB,3.00821704486996e-07
Mexico,Root_Tuber,Root_TuberAEZ04,Root_TuberAEZ04,1975,N2O_AWB,1.15897079227847e-07
Mexico,Root_Tuber,Root_TuberAEZ05,Root_TuberAEZ05,1975,N2O_AWB,9.9440600375203e-08
Mexico,Root_Tuber,Root_TuberAEZ06,Root_TuberAEZ06,1975,N2O_AWB,7.64244335795487e-07
Mexico,Root_Tuber,Root_TuberAEZ07,Root_TuberAEZ07,1975,N2O_AWB,1.1285528648286e-06
Mexico,Root_Tuber,Root_TuberAEZ08,Root_TuberAEZ08,1975,N2O_AWB,2.81261057132981e-07
Mexico,Root_Tuber,Root_TuberAEZ09,Root_TuberAEZ09,1975,N2O_AWB,1.0164860468913e-06
Mexico,Root_Tuber,Root_TuberAEZ10,Root_TuberAEZ10,1975,N2O_AWB,9.56995169238629e-07
Mexico,Root_Tuber,Root_TuberAEZ11,Root_TuberAEZ11,1975,N2O_AWB,3.83026129054736e-09
Mexico,Root_Tuber,Root_TuberAEZ12,Root_TuberAEZ12,1975,N2O_AWB,1.97565462139149e-07
Mexico,SugarCrop,SugarCropAEZ01,SugarCropAEZ01,1975,N2O_AWB,3.38032449794707e-06
Mexico,SugarCrop,SugarCropAEZ02,SugarCropAEZ02,1975,N2O_AWB,3.59262682182034e-06
Mexico,SugarCrop,SugarCropAEZ03,SugarCropAEZ03,1975,N2O_AWB,2.46181504939515e-05
Mexico,SugarCrop,SugarCropAEZ04,SugarCropAEZ04,1975,N2O_AWB,5.488522240192e-05
Mexico,SugarCrop,SugarCropAEZ05,SugarCropAEZ05,1975,N2O_AWB,5.80786763353676e-05
Mexico,SugarCrop,SugarCropAEZ06,SugarCropAEZ06,1975,N2O_AWB,5.2048313943979e-05
Mexico,SugarCrop,SugarCropAEZ07,SugarCropAEZ07,1975,N2O_AWB,1.03656906849321e-05
Mexico,SugarCrop,SugarCropAEZ08,SugarCropAEZ08,1975,N2O_AWB,4.37734862243883e-06
Mexico,SugarCrop,SugarCropAEZ09,SugarCropAEZ09,1975,N2O_AWB,1.39209160750737e-05
Mexico,SugarCrop,SugarCropAEZ10,SugarCropAEZ10,1975,N2O_AWB,2.35461211447786e-05
Mexico,SugarCrop,SugarCropAEZ11,SugarCropAEZ11,1975,N2O_AWB,1.51912645806426e-07
Mexico,SugarCrop,SugarCropAEZ12,SugarCropAEZ12,1975,N2O_AWB,2.0883688620252e-07
Mexico,Wheat,WheatAEZ01,WheatAEZ01,1975,N2O_AWB,9.15687280662046e-06
Mexico,Wheat,WheatAEZ02,WheatAEZ02,1975,N2O_AWB,3.74281440712929e-06
Mexico,Wheat,WheatAEZ03,WheatAEZ03,1975,N2O_AWB,2.87506875506184e-07
Mexico,Wheat,WheatAEZ04,WheatAEZ04,1975,N2O_AWB,2.2109127132343e-07
Mexico,Wheat,WheatAEZ05,WheatAEZ05,1975,N2O_AWB,2.75851527194973e-08
Mexico,Wheat,WheatAEZ06,WheatAEZ06,1975,N2O_AWB,2.27608574297023e-07
Mexico,Wheat,WheatAEZ07,WheatAEZ07,1975,N2O_AWB,1.69314436698713e-06
Mexico,Wheat,WheatAEZ08,WheatAEZ08,1975,N2O_AWB,5.70683379065188e-07
Mexico,Wheat,WheatAEZ09,WheatAEZ09,1975,N2O_AWB,3.91235126465399e-06
Mexico,Wheat,WheatAEZ10,WheatAEZ10,1975,N2O_AWB,7.69967468846854e-07
Mexico,Wheat,WheatAEZ11,WheatAEZ11,1975,N2O_AWB,1.34384426424038e-08
Mexico,Wheat,WheatAEZ12,WheatAEZ12,1975,N2O_AWB,1.11210412990766e-08
Mexico,Corn,CornAEZ01,CornAEZ01,1975,NH3_AWB,1.62370448299066e-05
Mexico,Corn,CornAEZ02,CornAEZ02,1975,NH3_AWB,5.14904755141318e-06
Mexico,Corn,CornAEZ03,CornAEZ03,1975,NH3_AWB,5.79771490482486e-05
Mexico,Corn,CornAEZ04,CornAEZ04,1975,NH3_AWB,0.000228193236752721
Mexico,Corn,CornAEZ05,CornAEZ05,1975,NH3_AWB,7.52793610387003e-05
Mexico,Corn,CornAEZ06,CornAEZ06,1975,NH3_AWB,0.000122668792887658
Mexico,Corn,CornAEZ07,CornAEZ07,1975,NH3_AWB,4.60520669046461e-05
Mexico,Corn,CornAEZ08,CornAEZ08,1975,NH3_AWB,6.25884575111377e-05
Mexico,Corn,CornAEZ09,CornAEZ09,1975,NH3_AWB,0.000394011545399359
Mexico,Corn,CornAEZ10,CornAEZ10,1975,NH3_AWB,0.000203801678839497
Mexico,Corn,CornAEZ11,CornAEZ11,1975,NH3_AWB,8.94624252773193e-06
Mexico,Corn,CornAEZ12,CornAEZ12,1975,NH3_AWB,4.63571555258658e-06
Mexico,FiberCrop,FiberCropAEZ01,FiberCropAEZ01,1975,NH3_AWB,6.90314511941042e-06
Mexico,FiberCrop,FiberCropAEZ02,FiberCropAEZ02,1975,NH3_AWB,9.08155822578153e-07
Mexico,FiberCrop,FiberCropAEZ03,FiberCropAEZ03,1975,NH3_AWB,1.77702073444496e-07
Mexico,FiberCrop,FiberCropAEZ04,FiberCropAEZ04,1975,NH3_AWB,5.45607873741643e-07
Mexico,FiberCrop,FiberCropAEZ05,FiberCropAEZ05,1975,NH3_AWB,9.34945079881344e-07
Mexico,FiberCrop,FiberCropAEZ06,FiberCropAEZ06,1975,NH3_AWB,1.48367836697503e-06
Mexico,FiberCrop,FiberCropAEZ07,FiberCropAEZ07,1975,NH3_AWB,0.000105477789267473
Mexico,FiberCrop,FiberCropAEZ08,FiberCropAEZ08,1975,NH3_AWB,2.41308700034706e-05
Mexico,FiberCrop,FiberCropAEZ09,FiberCropAEZ09,1975,NH3_AWB,1.0921533714889e-05
Mexico,FiberCrop,FiberCropAEZ10,FiberCropAEZ10,1975,NH3_AWB,1.91989677339531e-07
Mexico,FiberCrop,FiberCropAEZ11,FiberCropAEZ11,1975,NH3_AWB,3.57190097375871e-09
Mexico,FiberCrop,FiberCropAEZ12,FiberCropAEZ12,1975,NH3_AWB,3.61654973593068e-08
Mexico,FodderGrass,FodderGrassAEZ01,FodderGrassAEZ01,1975,NH3_AWB,4.34600106124924e-06
Mexico,FodderGrass,FodderGrassAEZ02,FodderGrassAEZ02,1975,NH3_AWB,4.79983311610536e-06
Mexico,FodderGrass,FodderGrassAEZ03,FodderGrassAEZ03,1975,NH3_AWB,2.05697981023533e-05
Mexico,FodderGrass,FodderGrassAEZ04,FodderGrassAEZ04,1975,NH3_AWB,2.41631205644102e-05
Mexico,FodderGrass,FodderGrassAEZ05,FodderGrassAEZ05,1975,NH3_AWB,1.74525566485604e-05
Mexico,FodderGrass,FodderGrassAEZ06,FodderGrassAEZ06,1975,NH3_AWB,2.70296827106955e-05
Mexico,FodderGrass,FodderGrassAEZ07,FodderGrassAEZ07,1975,NH3_AWB,2.77885933465751e-05
Mexico,FodderGrass,FodderGrassAEZ08,FodderGrassAEZ08,1975,NH3_AWB,1.5873288659928e-05
Mexico,FodderGrass,FodderGrassAEZ09,FodderGrassAEZ09,1975,NH3_AWB,2.30857353807952e-05
Mexico,FodderGrass,FodderGrassAEZ10,FodderGrassAEZ10,1975,NH3_AWB,1.16533844157685e-05
Mexico,FodderGrass,FodderGrassAEZ11,FodderGrassAEZ11,1975,NH3_AWB,7.96768802673476e-07
Mexico,FodderGrass,FodderGrassAEZ12,FodderGrassAEZ12,1975,NH3_AWB,7.31885729122434e-07
Mexico,FodderHerb,FodderHerbAEZ01,FodderHerbAEZ01,1975,NH3_AWB,3.35641407374033e-06
Mexico,FodderHerb,FodderHerbAEZ02,FodderHerbAEZ02,1975,NH3_AWB,4.16563048489222e-06
Mexico,FodderHerb,FodderHerbAEZ03,FodderHerbAEZ03,1975,NH3_AWB,0.000123611909834682
Mexico,FodderHerb,FodderHerbAEZ04,FodderHerbAEZ04,1975,NH3_AWB,0.000130194068768924
Mexico,FodderHerb,FodderHerbAEZ05,FodderHerbAEZ05,1975,NH3_AWB,5.33232629478634e-06
Mexico,FodderHerb,FodderHerbAEZ06,FodderHerbAEZ06,1975,NH3_AWB,0.000120246078967949
Mexico,FodderHerb,FodderHerbAEZ07,FodderHerbAEZ07,1975,NH3_AWB,0.000245558571933327
Mexico,FodderHerb,FodderHerbAEZ08,FodderHerbAEZ08,1975,NH3_AWB,0.000216538437391626
Mexico,FodderHerb,FodderHerbAEZ09,FodderHerbAEZ09,1975,NH3_AWB,0.00105504053664759
Mexico,FodderHerb,FodderHerbAEZ10,FodderHerbAEZ10,1975,NH3_AWB,0.000213199601331472
Mexico,FodderHerb,FodderHerbAEZ11,FodderHerbAEZ11,1975,NH3_AWB,2.19996911564657e-05
Mexico,FodderHerb,FodderHerbAEZ12,FodderHerbAEZ12,1975,NH3_AWB,2.19626517706953e-06
Mexico,MiscCrop,MiscCropAEZ01,MiscCropAEZ01,1975,NH3_AWB,4.70206226661076e-05
Mexico,MiscCrop,MiscCropAEZ02,MiscCropAEZ02,1975,NH3_AWB,7.68171498689099e-05
Mexico,MiscCrop,MiscCropAEZ03,MiscCropAEZ03,1975,NH3_AWB,0.000234084673934433
Mexico,MiscCrop,MiscCropAEZ04,MiscCropAEZ04,1975,NH3_AWB,0.00017762363579627
Mexico,MiscCrop,MiscCropAEZ05,MiscCropAEZ05,1975,NH3_AWB,0.000104714883307755
Mexico,MiscCrop,MiscCropAEZ06,MiscCropAEZ06,1975,NH3_AWB,0.000343815341001817
Mexico,MiscCrop,MiscCropAEZ07,MiscCropAEZ07,1975,NH3_AWB,0.000163199127042962
Mexico,MiscCrop,MiscCropAEZ08,MiscCropAEZ08,1975,NH3_AWB,0.000108954926885456
Mexico,MiscCrop,MiscCropAEZ09,MiscCropAEZ09,1975,NH3_AWB,0.000116536499960676
Mexico,MiscCrop,MiscCropAEZ10,MiscCropAEZ10,1975,NH3_AWB,8.0573646596771e-05
Mexico,MiscCrop,MiscCropAEZ11,MiscCropAEZ11,1975,NH3_AWB,3.26654056778801e-06
Mexico,MiscCrop,MiscCropAEZ12,MiscCropAEZ12,1975,NH3_AWB,2.73204682304808e-05
Mexico,OilCrop,OilCropAEZ01,OilCropAEZ01,1975,NH3_AWB,2.09349514106675e-05
Mexico,OilCrop,OilCropAEZ02,OilCropAEZ02,1975,NH3_AWB,2.41695491521807e-05
Mexico,OilCrop,OilCropAEZ03,OilCropAEZ03,1975,NH3_AWB,6.00894547728306e-06
Mexico,OilCrop,OilCropAEZ04,OilCropAEZ04,1975,NH3_AWB,3.09871440648421e-05
Mexico,OilCrop,OilCropAEZ05,OilCropAEZ05,1975,NH3_AWB,2.31508020130313e-05
Mexico,OilCrop,OilCropAEZ06,OilCropAEZ06,1975,NH3_AWB,1.07841337552623e-05
Mexico,OilCrop,OilCropAEZ07,OilCropAEZ07,1975,NH3_AWB,7.67499003830314e-06
Mexico,OilCrop,OilCropAEZ08,OilCropAEZ08,1975,NH3_AWB,3.95217964701946e-06
Mexico,OilCrop,OilCropAEZ09,OilCropAEZ09,1975,NH3_AWB,2.06972689364372e-05
Mexico,OilCrop,OilCropAEZ10,OilCropAEZ10,1975,NH3_AWB,8.42695843849136e-06
Mexico,OilCrop,OilCropAEZ11,OilCropAEZ11,1975,NH3_AWB,1.11472702540467e-07
Mexico,OilCrop,OilCropAEZ12,OilCropAEZ12,1975,NH3_AWB,3.77873567933786e-09
Mexico,OtherGrain,OtherGrainAEZ01,OtherGrainAEZ01,1975,NH3_AWB,3.8387989341993e-06
Mexico,OtherGrain,OtherGrainAEZ02,OtherGrainAEZ02,1975,NH3_AWB,1.75152292216898e-05
Mexico,OtherGrain,OtherGrainAEZ03,OtherGrainAEZ03,1975,NH3_AWB,5.23156628490686e-05
Mexico,OtherGrain,OtherGrainAEZ04,OtherGrainAEZ04,1975,NH3_AWB,3.62061312134136e-05
Mexico,OtherGrain,OtherGrainAEZ05,OtherGrainAEZ05,1975,NH3_AWB,5.6180270290485e-06
Mexico,OtherGrain,OtherGrainAEZ06,OtherGrainAEZ06,1975,NH3_AWB,1.25087252445168e-05
Mexico,OtherGrain,OtherGrainAEZ07,OtherGrainAEZ07,1975,NH3_AWB,0.000166605172830183
Mexico,OtherGrain,OtherGrainAEZ08,OtherGrainAEZ08,1975,NH3_AWB,3.93978121411528e-05
Mexico,OtherGrain,OtherGrainAEZ09,OtherGrainAEZ09,1975,NH3_AWB,0.000242719310533794
Mexico,OtherGrain,OtherGrainAEZ10,OtherGrainAEZ10,1975,NH3_AWB,2.77049994687533e-05
Mexico,OtherGrain,OtherGrainAEZ11,OtherGrainAEZ11,1975,NH3_AWB,1.32610692116096e-06
Mexico,OtherGrain,OtherGrainAEZ12,OtherGrainAEZ12,1975,NH3_AWB,6.54392887688884e-07
Mexico,PalmFruit,PalmFruitAEZ01,PalmFruitAEZ01,1975,NH3_AWB,0
Mexico,PalmFruit,PalmFruitAEZ02,PalmFruitAEZ02,1975,NH3_AWB,0
Mexico,PalmFruit,PalmFruitAEZ03,PalmFruitAEZ03,1975,NH3_AWB,2.36942555071341e-05
Mexico,PalmFruit,PalmFruitAEZ04,PalmFruitAEZ04,1975,NH3_AWB,1.80342938353871e-05
Mexico,PalmFruit,PalmFruitAEZ05,PalmFruitAEZ05,1975,NH3_AWB,3.20538493685796e-05
Mexico,PalmFruit,PalmFruitAEZ06,PalmFruitAEZ06,1975,NH3_AWB,6.47618751427634e-05
Mexico,PalmFruit,PalmFruitAEZ07,PalmFruitAEZ07,1975,NH3_AWB,0
Mexico,PalmFruit,PalmFruitAEZ08,PalmFruitAEZ08,1975,NH3_AWB,0
Mexico,PalmFruit,PalmFruitAEZ09,PalmFruitAEZ09,1975,NH3_AWB,2.28420484725977e-09
Mexico,PalmFruit,PalmFruitAEZ10,PalmFruitAEZ10,1975,NH3_AWB,0
Mexico,PalmFruit,PalmFruitAEZ11,PalmFruitAEZ11,1975,NH3_AWB,0
Mexico,PalmFruit,PalmFruitAEZ12,PalmFruitAEZ12,1975,NH3_AWB,0
Mexico,Rice,RiceAEZ01,RiceAEZ01,1975,NH3_AWB,0
Mexico,Rice,RiceAEZ02,RiceAEZ02,1975,NH3_AWB,5.93696739165084e-07
Mexico,Rice,RiceAEZ03,RiceAEZ03,1975,NH3_AWB,1.50439170416961e-05
Mexico,Rice,RiceAEZ04,RiceAEZ04,1975,NH3_AWB,1.47685438538734e-05
Mexico,Rice,RiceAEZ05,RiceAEZ05,1975,NH3_AWB,1.64870492559543e-05
Mexico,Rice,RiceAEZ06,RiceAEZ06,1975,NH3_AWB,1.87158049766482e-05
Mexico,Rice,RiceAEZ07,RiceAEZ07,1975,NH3_AWB,0
Mexico,Rice,RiceAEZ08,RiceAEZ08,1975,NH3_AWB,5.84124943866433e-08
Mexico,Rice,RiceAEZ09,RiceAEZ09,1975,NH3_AWB,3.21833209618509e-06
Mexico,Rice,RiceAEZ10,RiceAEZ10,1975,NH3_AWB,7.59337883961493e-06
Mexico,Rice,RiceAEZ11,RiceAEZ11,1975,NH3_AWB,0
Mexico,Rice,RiceAEZ12,RiceAEZ12,1975,NH3_AWB,6.82297203339783e-08
Mexico,Root_Tuber,Root_TuberAEZ01,Root_TuberAEZ01,1975,NH3_AWB,1.53475654558525e-05
Mexico,Root_Tuber,Root_TuberAEZ02,Root_TuberAEZ02,1975,NH3_AWB,1.19725670656712e-05
Mexico,Root_Tuber,Root_TuberAEZ03,Root_TuberAEZ03,1975,NH3_AWB,5.60014046244326e-06
Mexico,Root_Tuber,Root_TuberAEZ04,Root_TuberAEZ04,1975,NH3_AWB,2.15755682911808e-06
Mexico,Root_Tuber,Root_TuberAEZ05,Root_TuberAEZ05,1975,NH3_AWB,1.85120063301449e-06
Mexico,Root_Tuber,Root_TuberAEZ06,Root_TuberAEZ06,1975,NH3_AWB,1.42272833517117e-05
Mexico,Root_Tuber,Root_TuberAEZ07,Root_TuberAEZ07,1975,NH3_AWB,2.10093037439262e-05
Mexico,Root_Tuber,Root_TuberAEZ08,Root_TuberAEZ08,1975,NH3_AWB,5.23599661549042e-06
Mexico,Root_Tuber,Root_TuberAEZ09,Root_TuberAEZ09,1975,NH3_AWB,1.89230516142862e-05
Mexico,Root_Tuber,Root_TuberAEZ10,Root_TuberAEZ10,1975,NH3_AWB,1.78155608111969e-05
Mexico,Root_Tuber,Root_TuberAEZ11,Root_TuberAEZ11,1975,NH3_AWB,7.13046994780645e-08
Mexico,Root_Tuber,Root_TuberAEZ12,Root_TuberAEZ12,1975,NH3_AWB,3.67790728529224e-06
Mexico,SugarCrop,SugarCropAEZ01,SugarCropAEZ01,1975,NH3_AWB,6.29286109173014e-05
Mexico,SugarCrop,SugarCropAEZ02,SugarCropAEZ02,1975,NH3_AWB,6.68808617571168e-05
Mexico,SugarCrop,SugarCropAEZ03,SugarCropAEZ03,1975,NH3_AWB,0.000458295058618867
Mexico,SugarCrop,SugarCropAEZ04,SugarCropAEZ04,1975,NH3_AWB,0.00102175125723508
Mexico,SugarCrop,SugarCropAEZ05,SugarCropAEZ05,1975,NH3_AWB,0.00108120105863205
Mexico,SugarCrop,SugarCropAEZ06,SugarCropAEZ06,1975,NH3_AWB,0.000968938958100433
Mexico,SugarCrop,SugarCropAEZ07,SugarCropAEZ07,1975,NH3_AWB,0.000192969200559691
Mexico,SugarCrop,SugarCropAEZ08,SugarCropAEZ08,1975,NH3_AWB,8.14893565626998e-05
Mexico,SugarCrop,SugarCropAEZ09,SugarCropAEZ09,1975,NH3_AWB,0.000259153791842394
Mexico,SugarCrop,SugarCropAEZ10,SugarCropAEZ10,1975,NH3_AWB,0.0004383380048369
Mexico,SugarCrop,SugarCropAEZ11,SugarCropAEZ11,1975,NH3_AWB,2.82802783791205e-06
Mexico,SugarCrop,SugarCropAEZ12,SugarCropAEZ12,1975,NH3_AWB,3.8877377497339e-06
Mexico,Wheat,WheatAEZ01,WheatAEZ01,1975,NH3_AWB,0.000170465671688322
Mexico,Wheat,WheatAEZ02,WheatAEZ02,1975,NH3_AWB,6.96767756187165e-05
Mexico,Wheat,WheatAEZ03,WheatAEZ03,1975,NH3_AWB,5.3522696758153e-06
Mexico,Wheat,WheatAEZ04,WheatAEZ04,1975,NH3_AWB,4.11586715972778e-06
Mexico,Wheat,WheatAEZ05,WheatAEZ05,1975,NH3_AWB,5.1352920219163e-07
Mexico,Wheat,WheatAEZ06,WheatAEZ06,1975,NH3_AWB,4.23719421673206e-06
Mexico,Wheat,WheatAEZ07,WheatAEZ07,1975,NH3_AWB,3.15198209999251e-05
Mexico,Wheat,WheatAEZ08,WheatAEZ08,1975,NH3_AWB,1.06239245196649e-05
Mexico,Wheat,WheatAEZ09,WheatAEZ09,1975,NH3_AWB,7.28328983370512e-05
Mexico,Wheat,WheatAEZ10,WheatAEZ10,1975,NH3_AWB,1.43338260263088e-05
Mexico,Wheat,WheatAEZ11,WheatAEZ11,1975,NH3_AWB,2.50171996473086e-07
Mexico,Wheat,WheatAEZ12,WheatAEZ12,1975,NH3_AWB,2.07030917099779e-07
Mexico,Corn,CornAEZ01,CornAEZ01,1975,NMVOC_AWB,8.72202319624187e-05
Mexico,Corn,CornAEZ02,CornAEZ02,1975,NMVOC_AWB,2.7659043041662e-05
Mexico,Corn,CornAEZ03,CornAEZ03,1975,NMVOC_AWB,0.000311434774091035
Mexico,Corn,CornAEZ04,CornAEZ04,1975,NMVOC_AWB,0.00122578136910533
Mexico,Corn,CornAEZ05,CornAEZ05,1975,NMVOC_AWB,0.000404376744694611
Mexico,Corn,CornAEZ06,CornAEZ06,1975,NMVOC_AWB,0.000658937675069099
Mexico,Corn,CornAEZ07,CornAEZ07,1975,NMVOC_AWB,0.000247377031956816
Mexico,Corn,CornAEZ08,CornAEZ08,1975,NMVOC_AWB,0.000336205254064253
Mexico,Corn,CornAEZ09,CornAEZ09,1975,NMVOC_AWB,0.00211650449608328
Mexico,Corn,CornAEZ10,CornAEZ10,1975,NMVOC_AWB,0.0010947576907573
Mexico,Corn,CornAEZ11,CornAEZ11,1975,NMVOC_AWB,4.80563647286131e-05
Mexico,Corn,CornAEZ12,CornAEZ12,1975,NMVOC_AWB,2.49015870833633e-05
Mexico,FiberCrop,FiberCropAEZ01,FiberCropAEZ01,1975,NMVOC_AWB,3.70814963493994e-05
Mexico,FiberCrop,FiberCropAEZ02,FiberCropAEZ02,1975,NMVOC_AWB,4.87832375491096e-06
Mexico,FiberCrop,FiberCropAEZ03,FiberCropAEZ03,1975,NMVOC_AWB,9.54558925493886e-07
Mexico,FiberCrop,FiberCropAEZ04,FiberCropAEZ04,1975,NMVOC_AWB,2.93083167576263e-06
Mexico,FiberCrop,FiberCropAEZ05,FiberCropAEZ05,1975,NMVOC_AWB,5.02222711051306e-06
Mexico,FiberCrop,FiberCropAEZ06,FiberCropAEZ06,1975,NMVOC_AWB,7.96984751109595e-06
Mexico,FiberCrop,FiberCropAEZ07,FiberCropAEZ07,1975,NMVOC_AWB,0.000566593080401381
Mexico,FiberCrop,FiberCropAEZ08,FiberCropAEZ08,1975,NMVOC_AWB,0.000129623345947846
Mexico,FiberCrop,FiberCropAEZ09,FiberCropAEZ09,1975,NMVOC_AWB,5.86669996897134e-05
Mexico,FiberCrop,FiberCropAEZ10,FiberCropAEZ10,1975,NMVOC_AWB,1.031307381815e-06
Mexico,FiberCrop,FiberCropAEZ11,FiberCropAEZ11,1975,NMVOC_AWB,1.91871140802791e-08
Mexico,FiberCrop,FiberCropAEZ12,FiberCropAEZ12,1975,NMVOC_AWB,1.94269530062825e-07
Mexico,FodderGrass,FodderGrassAEZ01,FodderGrassAEZ01,1975,NMVOC_AWB,2.33453331343211e-05
Mexico,FodderGrass,FodderGrassAEZ02,FodderGrassAEZ02,1975,NMVOC_AWB,2.57831743493447e-05
Mexico,FodderGrass,FodderGrassAEZ03,FodderGrassAEZ03,1975,NMVOC_AWB,0.000110494402195827
Mexico,FodderGrass,FodderGrassAEZ04,FodderGrassAEZ04,1975,NMVOC_AWB,0.000129796585686699
Mexico,FodderGrass,FodderGrassAEZ05,FodderGrassAEZ05,1975,NMVOC_AWB,9.37495742095233e-05
Mexico,FodderGrass,FodderGrassAEZ06,FodderGrassAEZ06,1975,NMVOC_AWB,0.000145194844295506
Mexico,FodderGrass,FodderGrassAEZ07,FodderGrassAEZ07,1975,NMVOC_AWB,0.000149271470454611
Mexico,FodderGrass,FodderGrassAEZ08,FodderGrassAEZ08,1975,NMVOC_AWB,8.5266249704215e-05
Mexico,FodderGrass,FodderGrassAEZ09,FodderGrassAEZ09,1975,NMVOC_AWB,0.000124009215718077
Mexico,FodderGrass,FodderGrassAEZ10,FodderGrassAEZ10,1975,NMVOC_AWB,6.25982684988625e-05
Mexico,FodderGrass,FodderGrassAEZ11,FodderGrassAEZ11,1975,NMVOC_AWB,4.27998817011327e-06
Mexico,FodderGrass,FodderGrassAEZ12,FodderGrassAEZ12,1975,NMVOC_AWB,3.93145696971077e-06
Mexico,FodderHerb,FodderHerbAEZ01,FodderHerbAEZ01,1975,NMVOC_AWB,1.80295871040742e-05
Mexico,FodderHerb,FodderHerbAEZ02,FodderHerbAEZ02,1975,NMVOC_AWB,2.23764398613237e-05
Mexico,FodderHerb,FodderHerbAEZ03,FodderHerbAEZ03,1975,NMVOC_AWB,0.000664003798846479
Mexico,FodderHerb,FodderHerbAEZ04,FodderHerbAEZ04,1975,NMVOC_AWB,0.000699361059670238
Mexico,FodderHerb,FodderHerbAEZ05,FodderHerbAEZ05,1975,NMVOC_AWB,2.86435580613744e-05
Mexico,FodderHerb,FodderHerbAEZ06,FodderHerbAEZ06,1975,NMVOC_AWB,0.000645923627730487
Mexico,FodderHerb,FodderHerbAEZ07,FodderHerbAEZ07,1975,NMVOC_AWB,0.00131906241737637
Mexico,FodderHerb,FodderHerbAEZ08,FodderHerbAEZ08,1975,NMVOC_AWB,0.00116317549997095
Mexico,FodderHerb,FodderHerbAEZ09,FodderHerbAEZ09,1975,NMVOC_AWB,0.00566734164376184
Mexico,FodderHerb,FodderHerbAEZ10,FodderHerbAEZ10,1975,NMVOC_AWB,0.00114524033635578
Mexico,FodderHerb,FodderHerbAEZ11,FodderHerbAEZ11,1975,NMVOC_AWB,0.000118175332141369
Mexico,FodderHerb,FodderHerbAEZ12,FodderHerbAEZ12,1975,NMVOC_AWB,1.17976368361168e-05
Mexico,MiscCrop,MiscCropAEZ01,MiscCropAEZ01,1975,NMVOC_AWB,0.000252579804940949
Mexico,MiscCrop,MiscCropAEZ02,MiscCropAEZ02,1975,NMVOC_AWB,0.000412637256375472
Mexico,MiscCrop,MiscCropAEZ03,MiscCropAEZ03,1975,NMVOC_AWB,0.00125742829272744
Mexico,MiscCrop,MiscCropAEZ04,MiscCropAEZ04,1975,NMVOC_AWB,0.000954137583436603
Mexico,MiscCrop,MiscCropAEZ05,MiscCropAEZ05,1975,NMVOC_AWB,0.000562494992635464
Mexico,MiscCrop,MiscCropAEZ06,MiscCropAEZ06,1975,NMVOC_AWB,0.00184686647777082
Mexico,MiscCrop,MiscCropAEZ07,MiscCropAEZ07,1975,NMVOC_AWB,0.000876653717832549
Mexico,MiscCrop,MiscCropAEZ08,MiscCropAEZ08,1975,NMVOC_AWB,0.000585271155924528
Mexico,MiscCrop,MiscCropAEZ09,MiscCropAEZ09,1975,NMVOC_AWB,0.000625996951116198
Mexico,MiscCrop,MiscCropAEZ10,MiscCropAEZ10,1975,NMVOC_AWB,0.000432815960037522
Mexico,MiscCrop,MiscCropAEZ11,MiscCropAEZ11,1975,NMVOC_AWB,1.75468152623657e-05
Mexico,MiscCrop,MiscCropAEZ12,MiscCropAEZ12,1975,NMVOC_AWB,0.000146756851468158
Mexico,OilCrop,OilCropAEZ01,OilCropAEZ01,1975,NMVOC_AWB,0.000112455889436064
Mexico,OilCrop,OilCropAEZ02,OilCropAEZ02,1975,NMVOC_AWB,0.000129831118012156
Mexico,OilCrop,OilCropAEZ03,OilCropAEZ03,1975,NMVOC_AWB,3.22781407496533e-05
Mexico,OilCrop,OilCropAEZ04,OilCropAEZ04,1975,NMVOC_AWB,0.000166453065905833
Mexico,OilCrop,OilCropAEZ05,OilCropAEZ05,1975,NMVOC_AWB,0.000124358732937257
Mexico,OilCrop,OilCropAEZ06,OilCropAEZ06,1975,NMVOC_AWB,5.79289308800375e-05
Mexico,OilCrop,OilCropAEZ07,OilCropAEZ07,1975,NMVOC_AWB,4.12276013561948e-05
Mexico,OilCrop,OilCropAEZ08,OilCropAEZ08,1975,NMVOC_AWB,2.12298499623081e-05
Mexico,OilCrop,OilCropAEZ09,OilCropAEZ09,1975,NMVOC_AWB,0.000111179134906349
Mexico,OilCrop,OilCropAEZ10,OilCropAEZ10,1975,NMVOC_AWB,4.52669360368518e-05
Mexico,OilCrop,OilCropAEZ11,OilCropAEZ11,1975,NMVOC_AWB,5.98795844620029e-07
Mexico,OilCrop,OilCropAEZ12,OilCropAEZ12,1975,NMVOC_AWB,2.02981642244078e-08
Mexico,OtherGrain,OtherGrainAEZ01,OtherGrainAEZ01,1975,NMVOC_AWB,2.06208048943272e-05
Mexico,OtherGrain,OtherGrainAEZ02,OtherGrainAEZ02,1975,NMVOC_AWB,9.4086231305891e-05
Mexico,OtherGrain,OtherGrainAEZ03,OtherGrainAEZ03,1975,NMVOC_AWB,0.000281023073888359
Mexico,OtherGrain,OtherGrainAEZ04,OtherGrainAEZ04,1975,NMVOC_AWB,0.000194487802181788
Mexico,OtherGrain,OtherGrainAEZ05,OtherGrainAEZ05,1975,NMVOC_AWB,3.01782513861278e-05
Mexico,OtherGrain,OtherGrainAEZ06,OtherGrainAEZ06,1975,NMVOC_AWB,6.71928869329354e-05
Mexico,OtherGrain,OtherGrainAEZ07,OtherGrainAEZ07,1975,NMVOC_AWB,0.000894949910689568
Mexico,OtherGrain,OtherGrainAEZ08,OtherGrainAEZ08,1975,NMVOC_AWB,0.0002116324953069
Mexico,OtherGrain,OtherGrainAEZ09,OtherGrainAEZ09,1975,NMVOC_AWB,0.00130381080968153
Mexico,OtherGrain,OtherGrainAEZ10,OtherGrainAEZ10,1975,NMVOC_AWB,0.00014882243077463
Mexico,OtherGrain,OtherGrainAEZ11,OtherGrainAEZ11,1975,NMVOC_AWB,7.12342390393545e-06
Mexico,OtherGrain,OtherGrainAEZ12,OtherGrainAEZ12,1975,NMVOC_AWB,3.51519011351463e-06
Mexico,PalmFruit,PalmFruitAEZ01,PalmFruitAEZ01,1975,NMVOC_AWB,0
Mexico,PalmFruit,PalmFruitAEZ02,PalmFruitAEZ02,1975,NMVOC_AWB,0
Mexico,PalmFruit,PalmFruitAEZ03,PalmFruitAEZ03,1975,NMVOC_AWB,0.00012727799197195
Mexico,PalmFruit,PalmFruitAEZ04,PalmFruitAEZ04,1975,NMVOC_AWB,9.68744810449552e-05
Mexico,PalmFruit,PalmFruitAEZ05,PalmFruitAEZ05,1975,NMVOC_AWB,0.000172183066962193
Mexico,PalmFruit,PalmFruitAEZ06,PalmFruitAEZ06,1975,NMVOC_AWB,0.000347880161165109
Mexico,PalmFruit,PalmFruitAEZ07,PalmFruitAEZ07,1975,NMVOC_AWB,0
Mexico,PalmFruit,PalmFruitAEZ08,PalmFruitAEZ08,1975,NMVOC_AWB,0
Mexico,PalmFruit,PalmFruitAEZ09,PalmFruitAEZ09,1975,NMVOC_AWB,1.22700207282007e-08
Mexico,PalmFruit,PalmFruitAEZ10,PalmFruitAEZ10,1975,NMVOC_AWB,0
Mexico,PalmFruit,PalmFruitAEZ11,PalmFruitAEZ11,1975,NMVOC_AWB,0
Mexico,PalmFruit,PalmFruitAEZ12,PalmFruitAEZ12,1975,NMVOC_AWB,0
Mexico,Rice,RiceAEZ01,RiceAEZ01,1975,NMVOC_AWB,0
Mexico,Rice,RiceAEZ02,RiceAEZ02,1975,NMVOC_AWB,3.18914974047085e-06
Mexico,Rice,RiceAEZ03,RiceAEZ03,1975,NMVOC_AWB,8.08111295956598e-05
Mexico,Rice,RiceAEZ04,RiceAEZ04,1975,NMVOC_AWB,7.93319125601873e-05
Mexico,Rice,RiceAEZ05,RiceAEZ05,1975,NMVOC_AWB,8.85631760917194e-05
Mexico,Rice,RiceAEZ06,RiceAEZ06,1975,NMVOC_AWB,0.000100535341777216
Mexico,Rice,RiceAEZ07,RiceAEZ07,1975,NMVOC_AWB,0
Mexico,Rice,RiceAEZ08,RiceAEZ08,1975,NMVOC_AWB,3.13773310554801e-07
Mexico,Rice,RiceAEZ09,RiceAEZ09,1975,NMVOC_AWB,1.72878547113659e-05
Mexico,Rice,RiceAEZ10,RiceAEZ10,1975,NMVOC_AWB,4.07892119968696e-05
Mexico,Rice,RiceAEZ11,RiceAEZ11,1975,NMVOC_AWB,0
Mexico,Rice,RiceAEZ12,RiceAEZ12,1975,NMVOC_AWB,3.66508320732078e-07
Mexico,Root_Tuber,Root_TuberAEZ01,Root_TuberAEZ01,1975,NMVOC_AWB,8.24422321389598e-05
Mexico,Root_Tuber,Root_TuberAEZ02,Root_TuberAEZ02,1975,NMVOC_AWB,6.43128160076322e-05
Mexico,Root_Tuber,Root_TuberAEZ03,Root_TuberAEZ03,1975,NMVOC_AWB,3.00821704486996e-05
Mexico,Root_Tuber,Root_TuberAEZ04,Root_TuberAEZ04,1975,NMVOC_AWB,1.15897079227847e-05
Mexico,Root_Tuber,Root_TuberAEZ05,Root_TuberAEZ05,1975,NMVOC_AWB,9.9440600375203e-06
Mexico,Root_Tuber,Root_TuberAEZ06,Root_TuberAEZ06,1975,NMVOC_AWB,7.64244335795487e-05
Mexico,Root_Tuber,Root_TuberAEZ07,Root_TuberAEZ07,1975,NMVOC_AWB,0.00011285528648286
Mexico,Root_Tuber,Root_TuberAEZ08,Root_TuberAEZ08,1975,NMVOC_AWB,2.81261057132981e-05
Mexico,Root_Tuber,Root_TuberAEZ09,Root_TuberAEZ09,1975,NMVOC_AWB,0.00010164860468913
Mexico,Root_Tuber,Root_TuberAEZ10,Root_TuberAEZ10,1975,NMVOC_AWB,9.56995169238629e-05
Mexico,Root_Tuber,Root_TuberAEZ11,Root_TuberAEZ11,1975,NMVOC_AWB,3.83026129054736e-07
Mexico,Root_Tuber,Root_TuberAEZ12,Root_TuberAEZ12,1975,NMVOC_AWB,1.97565462139149e-05
Mexico,SugarCrop,SugarCropAEZ01,SugarCropAEZ01,1975,NMVOC_AWB,0.000338032449794707
Mexico,SugarCrop,SugarCropAEZ02,SugarCropAEZ02,1975,NMVOC_AWB,0.000359262682182034
Mexico,SugarCrop,SugarCropAEZ03,SugarCropAEZ03,1975,NMVOC_AWB,0.00246181504939515
Mexico,SugarCrop,SugarCropAEZ04,SugarCropAEZ04,1975,NMVOC_AWB,0.005488522240192
Mexico,SugarCrop,SugarCropAEZ05,SugarCropAEZ05,1975,NMVOC_AWB,0.00580786763353676
Mexico,SugarCrop,SugarCropAEZ06,SugarCropAEZ06,1975,NMVOC_AWB,0.0052048313943979
Mexico,SugarCrop,SugarCropAEZ07,SugarCropAEZ07,1975,NMVOC_AWB,0.00103656906849321
Mexico,SugarCrop,SugarCropAEZ08,SugarCropAEZ08,1975,NMVOC_AWB,0.000437734862243883
Mexico,SugarCrop,SugarCropAEZ09,SugarCropAEZ09,1975,NMVOC_AWB,0.00139209160750737
Mexico,SugarCrop,SugarCropAEZ10,SugarCropAEZ10,1975,NMVOC_AWB,0.00235461211447786
Mexico,SugarCrop,SugarCropAEZ11,SugarCropAEZ11,1975,NMVOC_AWB,1.51912645806426e-05
Mexico,SugarCrop,SugarCropAEZ12,SugarCropAEZ12,1975,NMVOC_AWB,2.0883688620252e-05
Mexico,Wheat,WheatAEZ01,WheatAEZ01,1975,NMVOC_AWB,0.000915687280662046
Mexico,Wheat,WheatAEZ02,WheatAEZ02,1975,NMVOC_AWB,0.000374281440712929
Mexico,Wheat,WheatAEZ03,WheatAEZ03,1975,NMVOC_AWB,2.87506875506184e-05
Mexico,Wheat,WheatAEZ04,WheatAEZ04,1975,NMVOC_AWB,2.2109127132343e-05
Mexico,Wheat,WheatAEZ05,WheatAEZ05,1975,NMVOC_AWB,2.75851527194973e-06
Mexico,Wheat,WheatAEZ06,WheatAEZ06,1975,NMVOC_AWB,2.27608574297023e-05
Mexico,Wheat,WheatAEZ07,WheatAEZ07,1975,NMVOC_AWB,0.000169314436698713
Mexico,Wheat,WheatAEZ08,WheatAEZ08,1975,NMVOC_AWB,5.70683379065188e-05
Mexico,Wheat,WheatAEZ09,WheatAEZ09,1975,NMVOC_AWB,0.000391235126465399
Mexico,Wheat,WheatAEZ10,WheatAEZ10,1975,NMVOC_AWB,7.69967468846854e-05
Mexico,Wheat,WheatAEZ11,WheatAEZ11,1975,NMVOC_AWB,1.34384426424038e-06
Mexico,Wheat,WheatAEZ12,WheatAEZ12,1975,NMVOC_AWB,1.11210412990766e-06
Mexico,Corn,CornAEZ01,CornAEZ01,1975,NOx_AWB,4.74179185298158e-05
Mexico,Corn,CornAEZ02,CornAEZ02,1975,NOx_AWB,1.50370415218261e-05
Mexico,Corn,CornAEZ03,CornAEZ03,1975,NOx_AWB,0.000169313798105505
Mexico,Corn,CornAEZ04,CornAEZ04,1975,NOx_AWB,0.000666405027684938
Mexico,Corn,CornAEZ05,CornAEZ05,1975,NOx_AWB,0.000219842381794435
Mexico,Corn,CornAEZ06,CornAEZ06,1975,NOx_AWB,0.000358236297813513
Mexico,Corn,CornAEZ07,CornAEZ07,1975,NOx_AWB,0.00013448833697817
Mexico,Corn,CornAEZ08,CornAEZ08,1975,NOx_AWB,0.000182780451138721
Mexico,Corn,CornAEZ09,CornAEZ09,1975,NOx_AWB,0.00115065318567954
Mexico,Corn,CornAEZ10,CornAEZ10,1975,NOx_AWB,0.000595173044398532
Mexico,Corn,CornAEZ11,CornAEZ11,1975,NOx_AWB,2.61261949924915e-05
Mexico,Corn,CornAEZ12,CornAEZ12,1975,NOx_AWB,1.35379303748104e-05
Mexico,FiberCrop,FiberCropAEZ01,FiberCropAEZ01,1975,NOx_AWB,2.01596273398711e-05
Mexico,FiberCrop,FiberCropAEZ02,FiberCropAEZ02,1975,NOx_AWB,2.65213647301585e-06
Mexico,FiberCrop,FiberCropAEZ03,FiberCropAEZ03,1975,NOx_AWB,5.18952957846759e-07
Mexico,FiberCrop,FiberCropAEZ04,FiberCropAEZ04,1975,NOx_AWB,1.59336812685612e-06
Mexico,FiberCrop,FiberCropAEZ05,FiberCropAEZ05,1975,NOx_AWB,2.7303705872641e-06
Mexico,FiberCrop,FiberCropAEZ06,FiberCropAEZ06,1975,NOx_AWB,4.3328660274492e-06
Mexico,FiberCrop,FiberCropAEZ07,FiberCropAEZ07,1975,NOx_AWB,0.000308032481931558
Mexico,FiberCrop,FiberCropAEZ08,FiberCropAEZ08,1975,NOx_AWB,7.04706823110202e-05
Mexico,FiberCrop,FiberCropAEZ09,FiberCropAEZ09,1975,NOx_AWB,3.18947444771094e-05
Mexico,FiberCrop,FiberCropAEZ10,FiberCropAEZ10,1975,NOx_AWB,5.60677818779161e-07
Mexico,FiberCrop,FiberCropAEZ11,FiberCropAEZ11,1975,NOx_AWB,1.04312152331007e-08
Mexico,FiberCrop,FiberCropAEZ12,FiberCropAEZ12,1975,NOx_AWB,1.05616054235144e-07
Mexico,FodderGrass,FodderGrassAEZ01,FodderGrassAEZ01,1975,NOx_AWB,1.26918615063031e-05
Mexico,FodderGrass,FodderGrassAEZ02,FodderGrassAEZ02,1975,NOx_AWB,1.4017211754998e-05
Mexico,FodderGrass,FodderGrassAEZ03,FodderGrassAEZ03,1975,NOx_AWB,6.00710918033326e-05
Mexico,FodderGrass,FodderGrassAEZ04,FodderGrassAEZ04,1975,NOx_AWB,7.05648653650918e-05
Mexico,FodderGrass,FodderGrassAEZ05,FodderGrassAEZ05,1975,NOx_AWB,5.0967643309955e-05
Mexico,FodderGrass,FodderGrassAEZ06,FodderGrassAEZ06,1975,NOx_AWB,7.8936241544509e-05
Mexico,FodderGrass,FodderGrassAEZ07,FodderGrassAEZ07,1975,NOx_AWB,8.11525292422104e-05
Mexico,FodderGrass,FodderGrassAEZ08,FodderGrassAEZ08,1975,NOx_AWB,4.63556217502322e-05
Mexico,FodderGrass,FodderGrassAEZ09,FodderGrassAEZ09,1975,NOx_AWB,6.74185192536496e-05
Mexico,FodderGrass,FodderGrassAEZ10,FodderGrassAEZ10,1975,NOx_AWB,3.40320075858725e-05
Mexico,FodderGrass,FodderGrassAEZ11,FodderGrassAEZ11,1975,NOx_AWB,2.32684694586059e-06
Mexico,FodderGrass,FodderGrassAEZ12,FodderGrassAEZ12,1975,NOx_AWB,2.13736540363189e-06
Mexico,FodderHerb,FodderHerbAEZ01,FodderHerbAEZ01,1975,NOx_AWB,9.80191720649832e-06
Mexico,FodderHerb,FodderHerbAEZ02,FodderHerbAEZ02,1975,NOx_AWB,1.21651155753489e-05
Mexico,FodderHerb,FodderHerbAEZ03,FodderHerbAEZ03,1975,NOx_AWB,0.000360990533145532
Mexico,FodderHerb,FodderHerbAEZ04,FodderHerbAEZ04,1975,NOx_AWB,0.000380212767201282
Mexico,FodderHerb,FodderHerbAEZ05,FodderHerbAEZ05,1975,NOx_AWB,1.5572280329907e-05
Mexico,FodderHerb,FodderHerbAEZ06,FodderHerbAEZ06,1975,NOx_AWB,0.000351161115570116
Mexico,FodderHerb,FodderHerbAEZ07,FodderHerbAEZ07,1975,NOx_AWB,0.000717117953433609
Mexico,FodderHerb,FodderHerbAEZ08,FodderHerbAEZ08,1975,NOx_AWB,0.000632368887957846
Mexico,FodderHerb,FodderHerbAEZ09,FodderHerbAEZ09,1975,NOx_AWB,0.00308109183268766
Mexico,FodderHerb,FodderHerbAEZ10,FodderHerbAEZ10,1975,NOx_AWB,0.000622618304773325
Mexico,FodderHerb,FodderHerbAEZ11,FodderHerbAEZ11,1975,NOx_AWB,6.42468856781742e-05
Mexico,FodderHerb,FodderHerbAEZ12,FodderHerbAEZ12,1975,NOx_AWB,6.41387175604375e-06
Mexico,MiscCrop,MiscCropAEZ01,MiscCropAEZ01,1975,NOx_AWB,0.000137316862653234
Mexico,MiscCrop,MiscCropAEZ02,MiscCropAEZ02,1975,NOx_AWB,0.000224333269528675
Mexico,MiscCrop,MiscCropAEZ03,MiscCropAEZ03,1975,NOx_AWB,0.000683610109720026
Mexico,MiscCrop,MiscCropAEZ04,MiscCropAEZ04,1975,NOx_AWB,0.0005187238921484
Mexico,MiscCrop,MiscCropAEZ05,MiscCropAEZ05,1975,NOx_AWB,0.000305804526473976
Mexico,MiscCrop,MiscCropAEZ06,MiscCropAEZ06,1975,NOx_AWB,0.00100406250027079
Mexico,MiscCrop,MiscCropAEZ07,MiscCropAEZ07,1975,NOx_AWB,0.000476599220567943
Mexico,MiscCrop,MiscCropAEZ08,MiscCropAEZ08,1975,NOx_AWB,0.000318186954621243
Mexico,MiscCrop,MiscCropAEZ09,MiscCropAEZ09,1975,NOx_AWB,0.000340327831743567
Mexico,MiscCrop,MiscCropAEZ10,MiscCropAEZ10,1975,NOx_AWB,0.000235303569707384
Mexico,MiscCrop,MiscCropAEZ11,MiscCropAEZ11,1975,NOx_AWB,9.53945475548711e-06
Mexico,MiscCrop,MiscCropAEZ12,MiscCropAEZ12,1975,NOx_AWB,7.97854381952095e-05
Mexico,OilCrop,OilCropAEZ01,OilCropAEZ01,1975,NOx_AWB,6.11374687214184e-05
Mexico,OilCrop,OilCropAEZ02,OilCropAEZ02,1975,NOx_AWB,7.05836391169878e-05
Mexico,OilCrop,OilCropAEZ03,OilCropAEZ03,1975,NOx_AWB,1.75482478540125e-05
Mexico,OilCrop,OilCropAEZ04,OilCropAEZ04,1975,NOx_AWB,9.04934295698929e-05
Mexico,OilCrop,OilCropAEZ05,OilCropAEZ05,1975,NOx_AWB,6.76085368522153e-05
Mexico,OilCrop,OilCropAEZ06,OilCropAEZ06,1975,NOx_AWB,3.14934879578458e-05
Mexico,OilCrop,OilCropAEZ07,OilCropAEZ07,1975,NOx_AWB,2.24136877224782e-05
Mexico,OilCrop,OilCropAEZ08,OilCropAEZ08,1975,NOx_AWB,1.15417635709418e-05
Mexico,OilCrop,OilCropAEZ09,OilCropAEZ09,1975,NOx_AWB,6.04433517612769e-05
Mexico,OilCrop,OilCropAEZ10,OilCropAEZ10,1975,NOx_AWB,2.46097016345323e-05
Mexico,OilCrop,OilCropAEZ11,OilCropAEZ11,1975,NOx_AWB,3.25539750781894e-07
Mexico,OilCrop,OilCropAEZ12,OilCropAEZ12,1975,NOx_AWB,1.10352457892168e-08
Mexico,OtherGrain,OtherGrainAEZ01,OtherGrainAEZ01,1975,NOx_AWB,1.12106517547413e-05
Mexico,OtherGrain,OtherGrainAEZ02,OtherGrainAEZ02,1975,NOx_AWB,5.11506694084745e-05
Mexico,OtherGrain,OtherGrainAEZ03,OtherGrainAEZ03,1975,NOx_AWB,0.000152780254337988
Mexico,OtherGrain,OtherGrainAEZ04,OtherGrainAEZ04,1975,NOx_AWB,0.000105734719472801
Mexico,OtherGrain,OtherGrainAEZ05,OtherGrainAEZ05,1975,NOx_AWB,1.64066276069558e-05
Mexico,OtherGrain,OtherGrainAEZ06,OtherGrainAEZ06,1975,NOx_AWB,3.65299055813323e-05
Mexico,OtherGrain,OtherGrainAEZ07,OtherGrainAEZ07,1975,NOx_AWB,0.000486546079946553
Mexico,OtherGrain,OtherGrainAEZ08,OtherGrainAEZ08,1975,NOx_AWB,0.000115055557580358
Mexico,OtherGrain,OtherGrainAEZ09,OtherGrainAEZ09,1975,NOx_AWB,0.000708826305098691
Mexico,OtherGrain,OtherGrainAEZ10,OtherGrainAEZ10,1975,NOx_AWB,8.09084055282175e-05
Mexico,OtherGrain,OtherGrainAEZ11,OtherGrainAEZ11,1975,NOx_AWB,3.87270162816919e-06
Mexico,OtherGrain,OtherGrainAEZ12,OtherGrainAEZ12,1975,NOx_AWB,1.91105887555161e-06
Mexico,PalmFruit,PalmFruitAEZ01,PalmFruitAEZ01,1975,NOx_AWB,0
Mexico,PalmFruit,PalmFruitAEZ02,PalmFruitAEZ02,1975,NOx_AWB,0
Mexico,PalmFruit,PalmFruitAEZ03,PalmFruitAEZ03,1975,NOx_AWB,6.91956134279137e-05
Mexico,PalmFruit,PalmFruitAEZ04,PalmFruitAEZ04,1975,NOx_AWB,5.26665218201569e-05
Mexico,PalmFruit,PalmFruitAEZ05,PalmFruitAEZ05,1975,NOx_AWB,9.36085866516041e-05
Mexico,PalmFruit,PalmFruitAEZ06,PalmFruitAEZ06,1975,NOx_AWB,0.000189127599974442
Mexico,PalmFruit,PalmFruitAEZ07,PalmFruitAEZ07,1975,NOx_AWB,0
Mexico,PalmFruit,PalmFruitAEZ08,PalmFruitAEZ08,1975,NOx_AWB,0
Mexico,PalmFruit,PalmFruitAEZ09,PalmFruitAEZ09,1975,NOx_AWB,6.67068672208604e-09
Mexico,PalmFruit,PalmFruitAEZ10,PalmFruitAEZ10,1975,NOx_AWB,0
Mexico,PalmFruit,PalmFruitAEZ11,PalmFruitAEZ11,1975,NOx_AWB,0
Mexico,PalmFruit,PalmFruitAEZ12,PalmFruitAEZ12,1975,NOx_AWB,0
Mexico,Rice,RiceAEZ01,RiceAEZ01,1975,NOx_AWB,0
Mexico,Rice,RiceAEZ02,RiceAEZ02,1975,NOx_AWB,1.7338046364998e-06
Mexico,Rice,RiceAEZ03,RiceAEZ03,1975,NOx_AWB,4.39335630421215e-05
Mexico,Rice,RiceAEZ04,RiceAEZ04,1975,NOx_AWB,4.31293758564445e-05
Mexico,Rice,RiceAEZ05,RiceAEZ05,1975,NOx_AWB,4.81480199510171e-05
Mexico,Rice,RiceAEZ06,RiceAEZ06,1975,NOx_AWB,5.46567755955212e-05
Mexico,Rice,RiceAEZ07,RiceAEZ07,1975,NOx_AWB,0
Mexico,Rice,RiceAEZ08,RiceAEZ08,1975,NOx_AWB,1.70585160598162e-07
Mexico,Rice,RiceAEZ09,RiceAEZ09,1975,NOx_AWB,9.39866895346087e-06
Mexico,Rice,RiceAEZ10,RiceAEZ10,1975,NOx_AWB,2.21753541333887e-05
Mexico,Rice,RiceAEZ11,RiceAEZ11,1975,NOx_AWB,0
Mexico,Rice,RiceAEZ12,RiceAEZ12,1975,NOx_AWB,1.99254935488609e-07
Mexico,Root_Tuber,Root_TuberAEZ01,Root_TuberAEZ01,1975,NOx_AWB,4.48203238976223e-05
Mexico,Root_Tuber,Root_TuberAEZ02,Root_TuberAEZ02,1975,NOx_AWB,3.49641339085974e-05
Mexico,Root_Tuber,Root_TuberAEZ03,Root_TuberAEZ03,1975,NOx_AWB,1.63543925009405e-05
Mexico,Root_Tuber,Root_TuberAEZ04,Root_TuberAEZ04,1975,NOx_AWB,6.30082967795546e-06
Mexico,Root_Tuber,Root_TuberAEZ05,Root_TuberAEZ05,1975,NOx_AWB,5.40616114066178e-06
Mexico,Root_Tuber,Root_TuberAEZ06,Root_TuberAEZ06,1975,NOx_AWB,4.15487035934943e-05
Mexico,Root_Tuber,Root_TuberAEZ07,Root_TuberAEZ07,1975,NOx_AWB,6.13546038539439e-05
Mexico,Root_Tuber,Root_TuberAEZ08,Root_TuberAEZ08,1975,NOx_AWB,1.52909635673614e-05
Mexico,Root_Tuber,Root_TuberAEZ09,Root_TuberAEZ09,1975,NOx_AWB,5.52620091390659e-05
Mexico,Root_Tuber,Root_TuberAEZ10,Root_TuberAEZ10,1975,NOx_AWB,5.20277439619024e-05
Mexico,Root_Tuber,Root_TuberAEZ11,Root_TuberAEZ11,1975,NOx_AWB,2.08234963077534e-07
Mexico,Root_Tuber,Root_TuberAEZ12,Root_TuberAEZ12,1975,NOx_AWB,1.07407911871366e-05
Mexico,SugarCrop,SugarCropAEZ01,SugarCropAEZ01,1975,NOx_AWB,0.000183773819493004
Mexico,SugarCrop,SugarCropAEZ02,SugarCropAEZ02,1975,NOx_AWB,0.000195315790972111
Mexico,SugarCrop,SugarCropAEZ03,SugarCropAEZ03,1975,NOx_AWB,0.00133838379950643
Mexico,SugarCrop,SugarCropAEZ04,SugarCropAEZ04,1975,NOx_AWB,0.00298387535298741
Mexico,SugarCrop,SugarCropAEZ05,SugarCropAEZ05,1975,NOx_AWB,0.00315748981724404
Mexico,SugarCrop,SugarCropAEZ06,SugarCropAEZ06,1975,NOx_AWB,0.00282964474489507
Mexico,SugarCrop,SugarCropAEZ07,SugarCropAEZ07,1975,NOx_AWB,0.000563538373315911
Mexico,SugarCrop,SugarCropAEZ08,SugarCropAEZ08,1975,NOx_AWB,0.000237977766953017
Mexico,SugarCrop,SugarCropAEZ09,SugarCropAEZ09,1975,NOx_AWB,0.00075682080803531
Mexico,SugarCrop,SugarCropAEZ10,SugarCropAEZ10,1975,NOx_AWB,0.00128010213801927
Mexico,SugarCrop,SugarCropAEZ11,SugarCropAEZ11,1975,NOx_AWB,8.25884235850422e-06
Mexico,SugarCrop,SugarCropAEZ12,SugarCropAEZ12,1975,NOx_AWB,1.13535704195769e-05
Mexico,Wheat,WheatAEZ01,WheatAEZ01,1975,NOx_AWB,0.000497820103160585
Mexico,Wheat,WheatAEZ02,WheatAEZ02,1975,NOx_AWB,0.000203480849152004
Mexico,Wheat,WheatAEZ03,WheatAEZ03,1975,NOx_AWB,1.56305220621155e-05
Mexico,Wheat,WheatAEZ04,WheatAEZ04,1975,NOx_AWB,1.20197890505325e-05
Mexico,Wheat,WheatAEZ05,WheatAEZ05,1975,NOx_AWB,1.49968705064812e-06
Mexico,Wheat,WheatAEZ06,WheatAEZ06,1975,NOx_AWB,1.23741070046157e-05
Mexico,Wheat,WheatAEZ07,WheatAEZ07,1975,NOx_AWB,9.20490347785423e-05
Mexico,Wheat,WheatAEZ08,WheatAEZ08,1975,NOx_AWB,3.10256202786675e-05
Mexico,Wheat,WheatAEZ09,WheatAEZ09,1975,NOx_AWB,0.000212697844701123
Mexico,Wheat,WheatAEZ10,WheatAEZ10,1975,NOx_AWB,4.1859845917539e-05
Mexico,Wheat,WheatAEZ11,WheatAEZ11,1975,NOx_AWB,7.30590786160339e-07
Mexico,Wheat,WheatAEZ12,WheatAEZ12,1975,NOx_AWB,6.04603563211743e-07
Mexico,Corn,CornAEZ01,CornAEZ01,1975,SO2_AWB,6.0493768791068e-06
Mexico,Corn,CornAEZ02,CornAEZ02,1975,SO2_AWB,1.91836196384509e-06
Mexico,Corn,CornAEZ03,CornAEZ03,1975,SO2_AWB,2.16003360613387e-05
Mexico,Corn,CornAEZ04,CornAEZ04,1975,SO2_AWB,8.50171262591997e-05
Mexico,Corn,CornAEZ05,CornAEZ05,1975,SO2_AWB,2.80465584046839e-05
Mexico,Corn,CornAEZ06,CornAEZ06,1975,SO2_AWB,4.57022670846937e-05
Mexico,Corn,CornAEZ07,CornAEZ07,1975,SO2_AWB,1.71574514750938e-05
Mexico,Corn,CornAEZ08,CornAEZ08,1975,SO2_AWB,2.3318354524061e-05
Mexico,Corn,CornAEZ09,CornAEZ09,1975,SO2_AWB,0.000146795451870027
Mexico,Corn,CornAEZ10,CornAEZ10,1975,SO2_AWB,7.59296520278128e-05
Mexico,Corn,CornAEZ11,CornAEZ11,1975,SO2_AWB,3.33306911873906e-06
Mexico,Corn,CornAEZ12,CornAEZ12,1975,SO2_AWB,1.72711172357429e-06
Mexico,FiberCrop,FiberCropAEZ01,FiberCropAEZ01,1975,SO2_AWB,2.57187973032902e-06
Mexico,FiberCrop,FiberCropAEZ02,FiberCropAEZ02,1975,SO2_AWB,3.38348319739294e-07
Mexico,FiberCrop,FiberCropAEZ03,FiberCropAEZ03,1975,SO2_AWB,6.62058167434804e-08
Mexico,FiberCrop,FiberCropAEZ04,FiberCropAEZ04,1975,SO2_AWB,2.03275145880736e-07
Mexico,FiberCrop,FiberCropAEZ05,FiberCropAEZ05,1975,SO2_AWB,3.48329096132784e-07
Mexico,FiberCrop,FiberCropAEZ06,FiberCropAEZ06,1975,SO2_AWB,5.52768665926094e-07
Mexico,FiberCrop,FiberCropAEZ07,FiberCropAEZ07,1975,SO2_AWB,3.92974772403594e-05
Mexico,FiberCrop,FiberCropAEZ08,FiberCropAEZ08,1975,SO2_AWB,8.99035068270894e-06
Mexico,FiberCrop,FiberCropAEZ09,FiberCropAEZ09,1975,SO2_AWB,4.06899618935244e-06
Mexico,FiberCrop,FiberCropAEZ10,FiberCropAEZ10,1975,SO2_AWB,7.15288974866747e-08
Mexico,FiberCrop,FiberCropAEZ11,FiberCropAEZ11,1975,SO2_AWB,1.3307701857986e-09
Mexico,FiberCrop,FiberCropAEZ12,FiberCropAEZ12,1975,SO2_AWB,1.34740481312108e-08
Mexico,FodderGrass,FodderGrassAEZ01,FodderGrassAEZ01,1975,SO2_AWB,1.61917384671321e-06
Mexico,FodderGrass,FodderGrassAEZ02,FodderGrassAEZ02,1975,SO2_AWB,1.78825640874368e-06
Mexico,FodderGrass,FodderGrassAEZ03,FodderGrassAEZ03,1975,SO2_AWB,7.66361504521304e-06
Mexico,FodderGrass,FodderGrassAEZ04,FodderGrassAEZ04,1975,SO2_AWB,9.00236615718293e-06
Mexico,FodderGrass,FodderGrassAEZ05,FodderGrassAEZ05,1975,SO2_AWB,6.5022357071185e-06
Mexico,FodderGrass,FodderGrassAEZ06,FodderGrassAEZ06,1975,SO2_AWB,1.00703508152237e-05
Mexico,FodderGrass,FodderGrassAEZ07,FodderGrassAEZ07,1975,SO2_AWB,1.03530953972638e-05
Mexico,FodderGrass,FodderGrassAEZ08,FodderGrassAEZ08,1975,SO2_AWB,5.91385356268114e-06
Mexico,FodderGrass,FodderGrassAEZ09,FodderGrassAEZ09,1975,SO2_AWB,8.60096866842015e-06
Mexico,FodderGrass,FodderGrassAEZ10,FodderGrassAEZ10,1975,SO2_AWB,4.34165914959162e-06
Mexico,FodderGrass,FodderGrassAEZ11,FodderGrassAEZ11,1975,SO2_AWB,2.96849261881003e-07
Mexico,FodderGrass,FodderGrassAEZ12,FodderGrassAEZ12,1975,SO2_AWB,2.72676010584553e-07
Mexico,FodderHerb,FodderHerbAEZ01,FodderHerbAEZ01,1975,SO2_AWB,1.25048701331388e-06
Mexico,FodderHerb,FodderHerbAEZ02,FodderHerbAEZ02,1975,SO2_AWB,1.55197383552179e-06
Mexico,FodderHerb,FodderHerbAEZ03,FodderHerbAEZ03,1975,SO2_AWB,4.60536407437179e-05
Mexico,FodderHerb,FodderHerbAEZ04,FodderHerbAEZ04,1975,SO2_AWB,4.85059318156788e-05
Mexico,FodderHerb,FodderHerbAEZ05,FodderHerbAEZ05,1975,SO2_AWB,1.98664546026996e-06
Mexico,FodderHerb,FodderHerbAEZ06,FodderHerbAEZ06,1975,SO2_AWB,4.47996453500058e-05
Mexico,FodderHerb,FodderHerbAEZ07,FodderHerbAEZ07,1975,SO2_AWB,9.14868661804695e-05
Mexico,FodderHerb,FodderHerbAEZ08,FodderHerbAEZ08,1975,SO2_AWB,8.06749399485615e-05
Mexico,FodderHerb,FodderHerbAEZ09,FodderHerbAEZ09,1975,SO2_AWB,0.000393072624715607
Mexico,FodderHerb,FodderHerbAEZ10,FodderHerbAEZ10,1975,SO2_AWB,7.94310019119908e-05
Mexico,FodderHerb,FodderHerbAEZ11,FodderHerbAEZ11,1975,SO2_AWB,8.19634511227616e-06
Mexico,FodderHerb,FodderHerbAEZ12,FodderHerbAEZ12,1975,SO2_AWB,8.18254548271036e-07
Mexico,MiscCrop,MiscCropAEZ01,MiscCropAEZ01,1975,SO2_AWB,1.75183027809126e-05
Mexico,MiscCrop,MiscCropAEZ02,MiscCropAEZ02,1975,SO2_AWB,2.86194868095673e-05
Mexico,MiscCrop,MiscCropAEZ03,MiscCropAEZ03,1975,SO2_AWB,8.72120776339791e-05
Mexico,MiscCrop,MiscCropAEZ04,MiscCropAEZ04,1975,SO2_AWB,6.61765935134777e-05
Mexico,MiscCrop,MiscCropAEZ05,MiscCropAEZ05,1975,SO2_AWB,3.90132441350133e-05
Mexico,MiscCrop,MiscCropAEZ06,MiscCropAEZ06,1975,SO2_AWB,0.000128094034125456
Mexico,MiscCrop,MiscCropAEZ07,MiscCropAEZ07,1975,SO2_AWB,6.08025066239709e-05
Mexico,MiscCrop,MiscCropAEZ08,MiscCropAEZ08,1975,SO2_AWB,4.05929417865282e-05
Mexico,MiscCrop,MiscCropAEZ09,MiscCropAEZ09,1975,SO2_AWB,4.34175809588006e-05
Mexico,MiscCrop,MiscCropAEZ10,MiscCropAEZ10,1975,SO2_AWB,3.00190311656997e-05
Mexico,MiscCrop,MiscCropAEZ11,MiscCropAEZ11,1975,SO2_AWB,1.21700316729093e-06
Mexico,MiscCrop,MiscCropAEZ12,MiscCropAEZ12,1975,SO2_AWB,1.01786877212676e-05
Mexico,OilCrop,OilCropAEZ01,OilCropAEZ01,1975,SO2_AWB,7.79965888839914e-06
Mexico,OilCrop,OilCropAEZ02,OilCropAEZ02,1975,SO2_AWB,9.0047612328036e-06
Mexico,OilCrop,OilCropAEZ03,OilCropAEZ03,1975,SO2_AWB,2.2387310141028e-06
Mexico,OilCrop,OilCropAEZ04,OilCropAEZ04,1975,SO2_AWB,1.15447678330076e-05
Mexico,OilCrop,OilCropAEZ05,OilCropAEZ05,1975,SO2_AWB,8.62521030750989e-06
Mexico,OilCrop,OilCropAEZ06,OilCropAEZ06,1975,SO2_AWB,4.01780558492517e-06
Mexico,OilCrop,OilCropAEZ07,OilCropAEZ07,1975,SO2_AWB,2.85944319126161e-06
Mexico,OilCrop,OilCropAEZ08,OilCropAEZ08,1975,SO2_AWB,1.47244923132318e-06
Mexico,OilCrop,OilCropAEZ09,OilCropAEZ09,1975,SO2_AWB,7.7111063913629e-06
Mexico,OilCrop,OilCropAEZ10,OilCropAEZ10,1975,SO2_AWB,3.13960132973882e-06
Mexico,OilCrop,OilCropAEZ11,OilCropAEZ11,1975,SO2_AWB,4.15309803270234e-08
Mexico,OilCrop,OilCropAEZ12,OilCropAEZ12,1975,SO2_AWB,1.40782984159402e-09
Mexico,OtherGrain,OtherGrainAEZ01,OtherGrainAEZ01,1975,SO2_AWB,1.43020739052912e-06
Mexico,OtherGrain,OtherGrainAEZ02,OtherGrainAEZ02,1975,SO2_AWB,6.52558540029327e-06
Mexico,OtherGrain,OtherGrainAEZ03,OtherGrainAEZ03,1975,SO2_AWB,1.94910566897857e-05
Mexico,OtherGrain,OtherGrainAEZ04,OtherGrainAEZ04,1975,SO2_AWB,1.34891869388028e-05
Mexico,OtherGrain,OtherGrainAEZ05,OtherGrainAEZ05,1975,SO2_AWB,2.09308794622072e-06
Mexico,OtherGrain,OtherGrainAEZ06,OtherGrainAEZ06,1975,SO2_AWB,4.66033037870936e-06
Mexico,OtherGrain,OtherGrainAEZ07,OtherGrainAEZ07,1975,SO2_AWB,6.20714847446966e-05
Mexico,OtherGrain,OtherGrainAEZ08,OtherGrainAEZ08,1975,SO2_AWB,1.46782999216153e-05
Mexico,OtherGrain,OtherGrainAEZ09,OtherGrainAEZ09,1975,SO2_AWB,9.04290528625906e-05
Mexico,OtherGrain,OtherGrainAEZ10,OtherGrainAEZ10,1975,SO2_AWB,1.0321951129509e-05
Mexico,OtherGrain,OtherGrainAEZ11,OtherGrainAEZ11,1975,SO2_AWB,4.94062844078554e-07
Mexico,OtherGrain,OtherGrainAEZ12,OtherGrainAEZ12,1975,SO2_AWB,2.43804783820372e-07
Mexico,PalmFruit,PalmFruitAEZ01,PalmFruitAEZ01,1975,SO2_AWB,0
Mexico,PalmFruit,PalmFruitAEZ02,PalmFruitAEZ02,1975,SO2_AWB,0
Mexico,PalmFruit,PalmFruitAEZ03,PalmFruitAEZ03,1975,SO2_AWB,8.82768280398536e-06
Mexico,PalmFruit,PalmFruitAEZ04,PalmFruitAEZ04,1975,SO2_AWB,6.71897142008668e-06
Mexico,PalmFruit,PalmFruitAEZ05,PalmFruitAEZ05,1975,SO2_AWB,1.19421863576743e-05
Mexico,PalmFruit,PalmFruitAEZ06,PalmFruitAEZ06,1975,SO2_AWB,2.41280968452242e-05
Mexico,PalmFruit,PalmFruitAEZ07,PalmFruitAEZ07,1975,SO2_AWB,0
Mexico,PalmFruit,PalmFruitAEZ08,PalmFruitAEZ08,1975,SO2_AWB,0
Mexico,PalmFruit,PalmFruitAEZ09,PalmFruitAEZ09,1975,SO2_AWB,8.51017912120674e-10
Mexico,PalmFruit,PalmFruitAEZ10,PalmFruitAEZ10,1975,SO2_AWB,0
Mexico,PalmFruit,PalmFruitAEZ11,PalmFruitAEZ11,1975,SO2_AWB,0
Mexico,PalmFruit,PalmFruitAEZ12,PalmFruitAEZ12,1975,SO2_AWB,0
Mexico,Rice,RiceAEZ01,RiceAEZ01,1975,SO2_AWB,0
Mexico,Rice,RiceAEZ02,RiceAEZ02,1975,SO2_AWB,2.21191439989823e-07
Mexico,Rice,RiceAEZ03,RiceAEZ03,1975,SO2_AWB,5.60485758810095e-06
Mexico,Rice,RiceAEZ04,RiceAEZ04,1975,SO2_AWB,5.50226279865549e-06
Mexico,Rice,RiceAEZ05,RiceAEZ05,1975,SO2_AWB,6.1425201210237e-06
Mexico,Rice,RiceAEZ06,RiceAEZ06,1975,SO2_AWB,6.9728795532468e-06
Mexico,Rice,RiceAEZ07,RiceAEZ07,1975,SO2_AWB,0
Mexico,Rice,RiceAEZ08,RiceAEZ08,1975,SO2_AWB,2.17625310944928e-08
Mexico,Rice,RiceAEZ09,RiceAEZ09,1975,SO2_AWB,1.19904231194152e-06
Mexico,Rice,RiceAEZ10,RiceAEZ10,1975,SO2_AWB,2.82903760307777e-06
Mexico,Rice,RiceAEZ11,RiceAEZ11,1975,SO2_AWB,0
Mexico,Rice,RiceAEZ12,RiceAEZ12,1975,SO2_AWB,2.5420099345668e-08
Mexico,Root_Tuber,Root_TuberAEZ01,Root_TuberAEZ01,1975,SO2_AWB,5.71798677602999e-06
Mexico,Root_Tuber,Root_TuberAEZ02,Root_TuberAEZ02,1975,SO2_AWB,4.46057587136954e-06
Mexico,Root_Tuber,Root_TuberAEZ03,Root_TuberAEZ03,1975,SO2_AWB,2.08642401299877e-06
Mexico,Root_Tuber,Root_TuberAEZ04,Root_TuberAEZ04,1975,SO2_AWB,8.03833119520984e-07
Mexico,Root_Tuber,Root_TuberAEZ05,Root_TuberAEZ05,1975,SO2_AWB,6.89695103096548e-07
Mexico,Root_Tuber,Root_TuberAEZ06,Root_TuberAEZ06,1975,SO2_AWB,5.30060733723064e-06
Mexico,Root_Tuber,Root_TuberAEZ07,Root_TuberAEZ07,1975,SO2_AWB,7.82736006742739e-06
Mexico,Root_Tuber,Root_TuberAEZ08,Root_TuberAEZ08,1975,SO2_AWB,1.95075626116944e-06
Mexico,Root_Tuber,Root_TuberAEZ09,Root_TuberAEZ09,1975,SO2_AWB,7.05009268107478e-06
Mexico,Root_Tuber,Root_TuberAEZ10,Root_TuberAEZ10,1975,SO2_AWB,6.63747885089725e-06
Mexico,Root_Tuber,Root_TuberAEZ11,Root_TuberAEZ11,1975,SO2_AWB,2.65657331683763e-08
Mexico,Root_Tuber,Root_TuberAEZ12,Root_TuberAEZ12,1975,SO2_AWB,1.37026457266198e-06
Mexico,SugarCrop,SugarCropAEZ01,SugarCropAEZ01,1975,SO2_AWB,2.34450842444105e-05
Mexico,SugarCrop,SugarCropAEZ02,SugarCropAEZ02,1975,SO2_AWB,2.49175599997754e-05
Mexico,SugarCrop,SugarCropAEZ03,SugarCropAEZ03,1975,SO2_AWB,0.000170745327149153
Mexico,SugarCrop,SugarCropAEZ04,SugarCropAEZ04,1975,SO2_AWB,0.000380670158669
Mexico,SugarCrop,SugarCropAEZ05,SugarCropAEZ05,1975,SO2_AWB,0.000402819155472648
Mexico,SugarCrop,SugarCropAEZ06,SugarCropAEZ06,1975,SO2_AWB,0.00036099407200025
Mexico,SugarCrop,SugarCropAEZ07,SugarCropAEZ07,1975,SO2_AWB,7.18938348987874e-05
Mexico,SugarCrop,SugarCropAEZ08,SugarCropAEZ08,1975,SO2_AWB,3.03601939052183e-05
Mexico,SugarCrop,SugarCropAEZ09,SugarCropAEZ09,1975,SO2_AWB,9.65519879342016e-05
Mexico,SugarCrop,SugarCropAEZ10,SugarCropAEZ10,1975,SO2_AWB,0.000163310000032155
Mexico,SugarCrop,SugarCropAEZ11,SugarCropAEZ11,1975,SO2_AWB,1.05362807058493e-06
Mexico,SugarCrop,SugarCropAEZ12,SugarCropAEZ12,1975,SO2_AWB,1.44844034746723e-06
Mexico,Wheat,WheatAEZ01,WheatAEZ01,1975,SO2_AWB,6.35097767971535e-05
Mexico,Wheat,WheatAEZ02,WheatAEZ02,1975,SO2_AWB,2.59592234827254e-05
Mexico,Wheat,WheatAEZ03,WheatAEZ03,1975,SO2_AWB,1.99407569337897e-06
Mexico,Wheat,WheatAEZ04,WheatAEZ04,1975,SO2_AWB,1.53343369402247e-06
Mexico,Wheat,WheatAEZ05,WheatAEZ05,1975,SO2_AWB,1.91323711612988e-07
Mexico,Wheat,WheatAEZ06,WheatAEZ06,1975,SO2_AWB,1.57863607543734e-06
Mexico,Wheat,WheatAEZ07,WheatAEZ07,1975,SO2_AWB,1.17432253459898e-05
Mexico,Wheat,WheatAEZ08,WheatAEZ08,1975,SO2_AWB,3.9581170113088e-06
Mexico,Wheat,WheatAEZ09,WheatAEZ09,1975,SO2_AWB,2.71350886724766e-05
Mexico,Wheat,WheatAEZ10,WheatAEZ10,1975,SO2_AWB,5.34030155493452e-06
Mexico,Wheat,WheatAEZ11,WheatAEZ11,1975,SO2_AWB,9.32056730222736e-08
Mexico,Wheat,WheatAEZ12,WheatAEZ12,1975,SO2_AWB,7.71327576097405e-08
Middle East,Corn,CornAEZ01,CornAEZ01,1975,CH4_AWB,6.45889935749484e-07
Middle East,Corn,CornAEZ02,CornAEZ02,1975,CH4_AWB,2.95607922962747e-08
Middle East,Corn,CornAEZ03,CornAEZ03,1975,CH4_AWB,1.02214353452805e-07
Middle East,Corn,CornAEZ07,CornAEZ07,1975,CH4_AWB,5.00258447276613e-06
Middle East,Corn,CornAEZ08,CornAEZ08,1975,CH4_AWB,9.07822855089957e-06
Middle East,Corn,CornAEZ09,CornAEZ09,1975,CH4_AWB,3.23062007210757e-06
Middle East,Corn,CornAEZ10,CornAEZ10,1975,CH4_AWB,6.49289649795625e-07
Middle East,FiberCrop,FiberCropAEZ01,FiberCropAEZ01,1975,CH4_AWB,1.67324508355704e-06
Middle East,FiberCrop,FiberCropAEZ02,FiberCropAEZ02,1975,CH4_AWB,1.92866255737103e-07
Middle East,FiberCrop,FiberCropAEZ03,FiberCropAEZ03,1975,CH4_AWB,1.14848787114609e-06
Middle East,FiberCrop,FiberCropAEZ07,FiberCropAEZ07,1975,CH4_AWB,2.37107386244025e-05
Middle East,FiberCrop,FiberCropAEZ08,FiberCropAEZ08,1975,CH4_AWB,2.99972020234283e-05
Middle East,FiberCrop,FiberCropAEZ09,FiberCropAEZ09,1975,CH4_AWB,3.5800806968987e-05
Middle East,FiberCrop,FiberCropAEZ10,FiberCropAEZ10,1975,CH4_AWB,1.82517592189444e-05
Middle East,FodderGrass,FodderGrassAEZ01,FodderGrassAEZ01,1975,CH4_AWB,4.45779635571476e-05
Middle East,FodderGrass,FodderGrassAEZ02,FodderGrassAEZ02,1975,CH4_AWB,1.58846998121127e-06
Middle East,FodderGrass,FodderGrassAEZ03,FodderGrassAEZ03,1975,CH4_AWB,9.52799570961779e-06
Middle East,FodderGrass,FodderGrassAEZ07,FodderGrassAEZ07,1975,CH4_AWB,4.01138743098842e-05
Middle East,FodderGrass,FodderGrassAEZ08,FodderGrassAEZ08,1975,CH4_AWB,7.15571940361345e-05
Middle East,FodderGrass,FodderGrassAEZ09,FodderGrassAEZ09,1975,CH4_AWB,4.41365775103396e-05
Middle East,FodderGrass,FodderGrassAEZ10,FodderGrassAEZ10,1975,CH4_AWB,2.79995556177688e-06
Middle East,FodderHerb,FodderHerbAEZ01,FodderHerbAEZ01,1975,CH4_AWB,0.00013023464907302
Middle East,FodderHerb,FodderHerbAEZ02,FodderHerbAEZ02,1975,CH4_AWB,2.44290741729136e-08
Middle East,FodderHerb,FodderHerbAEZ03,FodderHerbAEZ03,1975,CH4_AWB,1.61967059171511e-07
Middle East,FodderHerb,FodderHerbAEZ07,FodderHerbAEZ07,1975,CH4_AWB,0.000176343645902441
Middle East,FodderHerb,FodderHerbAEZ08,FodderHerbAEZ08,1975,CH4_AWB,0.000305560774259049
Middle East,FodderHerb,FodderHerbAEZ09,FodderHerbAEZ09,1975,CH4_AWB,5.91368918995475e-05
Middle East,FodderHerb,FodderHerbAEZ10,FodderHerbAEZ10,1975,CH4_AWB,3.87721570795466e-06
Middle East,MiscCrop,MiscCropAEZ01,MiscCropAEZ01,1975,CH4_AWB,0.000216908331777789
Middle East,MiscCrop,MiscCropAEZ02,MiscCropAEZ02,1975,CH4_AWB,2.41326632903898e-06
Middle East,MiscCrop,MiscCropAEZ03,MiscCropAEZ03,1975,CH4_AWB,1.78479774846727e-05
Middle East,MiscCrop,MiscCropAEZ07,MiscCropAEZ07,1975,CH4_AWB,0.000370392975757939
Middle East,MiscCrop,MiscCropAEZ08,MiscCropAEZ08,1975,CH4_AWB,0.000691782727192821
Middle East,MiscCrop,MiscCropAEZ09,MiscCropAEZ09,1975,CH4_AWB,0.000252927122843486
Middle East,MiscCrop,MiscCropAEZ10,MiscCropAEZ10,1975,CH4_AWB,0.000103431047190939
Middle East,OilCrop,OilCropAEZ01,OilCropAEZ01,1975,CH4_AWB,8.44070132662144e-07
Middle East,OilCrop,OilCropAEZ02,OilCropAEZ02,1975,CH4_AWB,1.85505733384387e-07
Middle East,OilCrop,OilCropAEZ03,OilCropAEZ03,1975,CH4_AWB,1.04934536822857e-06
Middle East,OilCrop,OilCropAEZ07,OilCropAEZ07,1975,CH4_AWB,4.18401134716109e-06
Middle East,OilCrop,OilCropAEZ08,OilCropAEZ08,1975,CH4_AWB,1.42591819784624e-05
Middle East,OilCrop,OilCropAEZ09,OilCropAEZ09,1975,CH4_AWB,1.42494305477136e-05
Middle East,OilCrop,OilCropAEZ10,OilCropAEZ10,1975,CH4_AWB,1.03371641496211e-05
Middle East,OtherGrain,OtherGrainAEZ01,OtherGrainAEZ01,1975,CH4_AWB,4.30428411244193e-05
Middle East,OtherGrain,OtherGrainAEZ02,OtherGrainAEZ02,1975,CH4_AWB,7.16846479571254e-08
Middle East,OtherGrain,OtherGrainAEZ03,OtherGrainAEZ03,1975,CH4_AWB,1.32179849354982e-07
Middle East,OtherGrain,OtherGrainAEZ07,OtherGrainAEZ07,1975,CH4_AWB,6.9406693207592e-05
Middle East,OtherGrain,OtherGrainAEZ08,OtherGrainAEZ08,1975,CH4_AWB,0.000139698218973099
Middle East,OtherGrain,OtherGrainAEZ09,OtherGrainAEZ09,1975,CH4_AWB,4.43974860578688e-05
Middle East,OtherGrain,OtherGrainAEZ10,OtherGrainAEZ10,1975,CH4_AWB,1.82266699753383e-05
Middle East,PalmFruit,PalmFruitAEZ01,PalmFruitAEZ01,1975,CH4_AWB,0
Middle East,PalmFruit,PalmFruitAEZ02,PalmFruitAEZ02,1975,CH4_AWB,0
Middle East,PalmFruit,PalmFruitAEZ03,PalmFruitAEZ03,1975,CH4_AWB,0
Middle East,PalmFruit,PalmFruitAEZ07,PalmFruitAEZ07,1975,CH4_AWB,0
Middle East,PalmFruit,PalmFruitAEZ08,PalmFruitAEZ08,1975,CH4_AWB,0
Middle East,PalmFruit,PalmFruitAEZ09,PalmFruitAEZ09,1975,CH4_AWB,0
Middle East,PalmFruit,PalmFruitAEZ10,PalmFruitAEZ10,1975,CH4_AWB,0
Middle East,Rice,RiceAEZ01,RiceAEZ01,1975,CH4_AWB,4.37506346592932e-08
Middle East,Rice,RiceAEZ02,RiceAEZ02,1975,CH4_AWB,0
Middle East,Rice,RiceAEZ03,RiceAEZ03,1975,CH4_AWB,0
Middle East,Rice,RiceAEZ07,RiceAEZ07,1975,CH4_AWB,7.18675965860862e-05
Middle East,Rice,RiceAEZ08,RiceAEZ08,1975,CH4_AWB,7.10053093027237e-05
Middle East,Rice,RiceAEZ09,RiceAEZ09,1975,CH4_AWB,2.78038943222811e-06
Middle East,Rice,RiceAEZ10,RiceAEZ10,1975,CH4_AWB,0
Middle East,Root_Tuber,Root_TuberAEZ01,Root_TuberAEZ01,1975,CH4_AWB,4.56528060868557e-06
Middle East,Root_Tuber,Root_TuberAEZ02,Root_TuberAEZ02,1975,CH4_AWB,1.55618519088472e-07
Middle East,Root_Tuber,Root_TuberAEZ03,Root_TuberAEZ03,1975,CH4_AWB,8.92589415112896e-07
Middle East,Root_Tuber,Root_TuberAEZ07,Root_TuberAEZ07,1975,CH4_AWB,2.93514979045468e-05
Middle East,Root_Tuber,Root_TuberAEZ08,Root_TuberAEZ08,1975,CH4_AWB,4.68794151666545e-05
Middle East,Root_Tuber,Root_TuberAEZ09,Root_TuberAEZ09,1975,CH4_AWB,1.39061386487669e-05
Middle East,Root_Tuber,Root_TuberAEZ10,Root_TuberAEZ10,1975,CH4_AWB,5.2060184434806e-06
Middle East,SugarCrop,SugarCropAEZ01,SugarCropAEZ01,1975,CH4_AWB,1.1379101977646e-06
Middle East,SugarCrop,SugarCropAEZ02,SugarCropAEZ02,1975,CH4_AWB,0
Middle East,SugarCrop,SugarCropAEZ03,SugarCropAEZ03,1975,CH4_AWB,0
Middle East,SugarCrop,SugarCropAEZ07,SugarCropAEZ07,1975,CH4_AWB,0.000169139887355659
Middle East,SugarCrop,SugarCropAEZ08,SugarCropAEZ08,1975,CH4_AWB,0.000317168389589781
Middle East,SugarCrop,SugarCropAEZ09,SugarCropAEZ09,1975,CH4_AWB,6.14261938692198e-05
Middle East,SugarCrop,SugarCropAEZ10,SugarCropAEZ10,1975,CH4_AWB,3.37037526352787e-05
Middle East,Wheat,WheatAEZ01,WheatAEZ01,1975,CH4_AWB,1.98017144291933e-05
Middle East,Wheat,WheatAEZ02,WheatAEZ02,1975,CH4_AWB,5.36605770574848e-08
Middle East,Wheat,WheatAEZ03,WheatAEZ03,1975,CH4_AWB,7.39206498799564e-07
Middle East,Wheat,WheatAEZ07,WheatAEZ07,1975,CH4_AWB,0.000221062072864358
Middle East,Wheat,WheatAEZ08,WheatAEZ08,1975,CH4_AWB,0.000366247540343728
Middle East,Wheat,WheatAEZ09,WheatAEZ09,1975,CH4_AWB,0.000113285353270102
Middle East,Wheat,WheatAEZ10,WheatAEZ10,1975,CH4_AWB,5.91137645227388e-05
Middle East,Corn,CornAEZ01,CornAEZ01,1975,CO_AWB,2.74010103178605e-05
Middle East,Corn,CornAEZ02,CornAEZ02,1975,CO_AWB,1.25407678596887e-06
Middle East,Corn,CornAEZ03,CornAEZ03,1975,CO_AWB,4.3363062320266e-06
Middle East,Corn,CornAEZ07,CornAEZ07,1975,CO_AWB,0.00021222790628433
Middle East,Corn,CornAEZ08,CornAEZ08,1975,CO_AWB,0.000385131615191442
Middle East,Corn,CornAEZ09,CornAEZ09,1975,CO_AWB,0.000137054703950738
Middle East,Corn,CornAEZ10,CornAEZ10,1975,CO_AWB,2.75452386058397e-05
Middle East,FiberCrop,FiberCropAEZ01,FiberCropAEZ01,1975,CO_AWB,7.09851683099126e-05
Middle East,FiberCrop,FiberCropAEZ02,FiberCropAEZ02,1975,CO_AWB,8.18209105129831e-06
Middle East,FiberCrop,FiberCropAEZ03,FiberCropAEZ03,1975,CO_AWB,4.87230505777964e-05
Middle East,FiberCrop,FiberCropAEZ07,FiberCropAEZ07,1975,CO_AWB,0.00100589614070615
Middle East,FiberCrop,FiberCropAEZ08,FiberCropAEZ08,1975,CO_AWB,0.00127259088066935
Middle East,FiberCrop,FiberCropAEZ09,FiberCropAEZ09,1975,CO_AWB,0.00151880100129851
Middle East,FiberCrop,FiberCropAEZ10,FiberCropAEZ10,1975,CO_AWB,0.000774306294302406
Middle East,FodderGrass,FodderGrassAEZ01,FodderGrassAEZ01,1975,CO_AWB,0.00189116004410445
Middle East,FodderGrass,FodderGrassAEZ02,FodderGrassAEZ02,1975,CO_AWB,6.73886988102317e-05
Middle East,FodderGrass,FodderGrassAEZ03,FodderGrassAEZ03,1975,CO_AWB,0.000404212380929604
Middle East,FodderGrass,FodderGrassAEZ07,FodderGrassAEZ07,1975,CO_AWB,0.00170177707224845
Middle East,FodderGrass,FodderGrassAEZ08,FodderGrassAEZ08,1975,CO_AWB,0.00303571754810833
Middle East,FodderGrass,FodderGrassAEZ09,FodderGrassAEZ09,1975,CO_AWB,0.00187243483574722
Middle East,FodderGrass,FodderGrassAEZ10,FodderGrassAEZ10,1975,CO_AWB,0.000118784342333454
Middle East,FodderHerb,FodderHerbAEZ01,FodderHerbAEZ01,1975,CO_AWB,0.00552502952202196
Middle East,FodderHerb,FodderHerbAEZ02,FodderHerbAEZ02,1975,CO_AWB,1.03637055853958e-06
Middle East,FodderHerb,FodderHerbAEZ03,FodderHerbAEZ03,1975,CO_AWB,6.87123426743324e-06
Middle East,FodderHerb,FodderHerbAEZ07,FodderHerbAEZ07,1975,CO_AWB,0.00748114158994431
Middle East,FodderHerb,FodderHerbAEZ08,FodderHerbAEZ08,1975,CO_AWB,0.0129630041664763
Middle East,FodderHerb,FodderHerbAEZ09,FodderHerbAEZ09,1975,CO_AWB,0.00250880296381364
Middle East,FodderHerb,FodderHerbAEZ10,FodderHerbAEZ10,1975,CO_AWB,0.000164485652644451
Middle East,MiscCrop,MiscCropAEZ01,MiscCropAEZ01,1975,CO_AWB,0.00920204373548
Middle East,MiscCrop,MiscCropAEZ02,MiscCropAEZ02,1975,CO_AWB,0.000102379572620234
Middle East,MiscCrop,MiscCropAEZ03,MiscCropAEZ03,1975,CO_AWB,0.000757176398240308
Middle East,MiscCrop,MiscCropAEZ07,MiscCropAEZ07,1975,CO_AWB,0.015713422966762
Middle East,MiscCrop,MiscCropAEZ08,MiscCropAEZ08,1975,CO_AWB,0.0293479501635714
Middle East,MiscCrop,MiscCropAEZ09,MiscCropAEZ09,1975,CO_AWB,0.0107300924183918
Middle East,MiscCrop,MiscCropAEZ10,MiscCropAEZ10,1975,CO_AWB,0.00438792282461773
Middle East,OilCrop,OilCropAEZ01,OilCropAEZ01,1975,CO_AWB,3.58085381640688e-05
Middle East,OilCrop,OilCropAEZ02,OilCropAEZ02,1975,CO_AWB,7.86983080730242e-06
Middle East,OilCrop,OilCropAEZ03,OilCropAEZ03,1975,CO_AWB,4.45170634660305e-05
Middle East,OilCrop,OilCropAEZ07,OilCropAEZ07,1975,CO_AWB,0.000177501044292589
Middle East,OilCrop,OilCropAEZ08,OilCropAEZ08,1975,CO_AWB,0.000604926584066861
Middle East,OilCrop,OilCropAEZ09,OilCropAEZ09,1975,CO_AWB,0.000604512892755429
Middle East,OilCrop,OilCropAEZ10,OilCropAEZ10,1975,CO_AWB,0.000438540261805609
Middle East,OtherGrain,OtherGrainAEZ01,OtherGrainAEZ01,1975,CO_AWB,0.00182603454316355
Middle East,OtherGrain,OtherGrainAEZ02,OtherGrainAEZ02,1975,CO_AWB,3.04112460898794e-06
Middle East,OtherGrain,OtherGrainAEZ03,OtherGrainAEZ03,1975,CO_AWB,5.60755202321946e-06
Middle East,OtherGrain,OtherGrainAEZ07,OtherGrainAEZ07,1975,CO_AWB,0.00294448544782319
Middle East,OtherGrain,OtherGrainAEZ08,OtherGrainAEZ08,1975,CO_AWB,0.00592650872478268
Middle East,OtherGrain,OtherGrainAEZ09,OtherGrainAEZ09,1975,CO_AWB,0.00188350352935455
Middle East,OtherGrain,OtherGrainAEZ10,OtherGrainAEZ10,1975,CO_AWB,0.00077324191694511
Middle East,PalmFruit,PalmFruitAEZ01,PalmFruitAEZ01,1975,CO_AWB,0
Middle East,PalmFruit,PalmFruitAEZ02,PalmFruitAEZ02,1975,CO_AWB,0
Middle East,PalmFruit,PalmFruitAEZ03,PalmFruitAEZ03,1975,CO_AWB,0
Middle East,PalmFruit,PalmFruitAEZ07,PalmFruitAEZ07,1975,CO_AWB,0
Middle East,PalmFruit,PalmFruitAEZ08,PalmFruitAEZ08,1975,CO_AWB,0
Middle East,PalmFruit,PalmFruitAEZ09,PalmFruitAEZ09,1975,CO_AWB,0
Middle East,PalmFruit,PalmFruitAEZ10,PalmFruitAEZ10,1975,CO_AWB,0
Middle East,Rice,RiceAEZ01,RiceAEZ01,1975,CO_AWB,1.85606173027166e-06
Middle East,Rice,RiceAEZ02,RiceAEZ02,1975,CO_AWB,0
Middle East,Rice,RiceAEZ03,RiceAEZ03,1975,CO_AWB,0
Middle East,Rice,RiceAEZ07,RiceAEZ07,1975,CO_AWB,0.00304888595808525
Middle East,Rice,RiceAEZ08,RiceAEZ08,1975,CO_AWB,0.00301230458184665
Middle East,Rice,RiceAEZ09,RiceAEZ09,1975,CO_AWB,0.000117954275648757
Middle East,Rice,RiceAEZ10,RiceAEZ10,1975,CO_AWB,0
Middle East,Root_Tuber,Root_TuberAEZ01,Root_TuberAEZ01,1975,CO_AWB,0.000193675879029397
Middle East,Root_Tuber,Root_TuberAEZ02,Root_TuberAEZ02,1975,CO_AWB,6.60190600778656e-06
Middle East,Root_Tuber,Root_TuberAEZ03,Root_TuberAEZ03,1975,CO_AWB,3.78669033521028e-05
Middle East,Root_Tuber,Root_TuberAEZ07,Root_TuberAEZ07,1975,CO_AWB,0.00124519775338176
Middle East,Root_Tuber,Root_TuberAEZ08,Root_TuberAEZ08,1975,CO_AWB,0.0019887960278963
Middle East,Root_Tuber,Root_TuberAEZ09,Root_TuberAEZ09,1975,CO_AWB,0.00058994919645915
Middle East,Root_Tuber,Root_TuberAEZ10,Root_TuberAEZ10,1975,CO_AWB,0.000220858318405681
Middle East,SugarCrop,SugarCropAEZ01,SugarCropAEZ01,1975,CO_AWB,4.82743070358661e-05
Middle East,SugarCrop,SugarCropAEZ02,SugarCropAEZ02,1975,CO_AWB,0
Middle East,SugarCrop,SugarCropAEZ03,SugarCropAEZ03,1975,CO_AWB,0
Middle East,SugarCrop,SugarCropAEZ07,SugarCropAEZ07,1975,CO_AWB,0.00717553183920759
Middle East,SugarCrop,SugarCropAEZ08,SugarCropAEZ08,1975,CO_AWB,0.013455441607964
Middle East,SugarCrop,SugarCropAEZ09,SugarCropAEZ09,1975,CO_AWB,0.00260592351550469
Middle East,SugarCrop,SugarCropAEZ10,SugarCropAEZ10,1975,CO_AWB,0.00142983629654834
Middle East,Wheat,WheatAEZ01,WheatAEZ01,1975,CO_AWB,0.000840061055845437
Middle East,Wheat,WheatAEZ02,WheatAEZ02,1975,CO_AWB,2.27647768486794e-06
Middle East,Wheat,WheatAEZ03,WheatAEZ03,1975,CO_AWB,3.1359839780028e-05
Middle East,Wheat,WheatAEZ07,WheatAEZ07,1975,CO_AWB,0.00937826060475001
Middle East,Wheat,WheatAEZ08,WheatAEZ08,1975,CO_AWB,0.0155375584544515
Middle East,Wheat,WheatAEZ09,WheatAEZ09,1975,CO_AWB,0.00480597848333795
Middle East,Wheat,WheatAEZ10,WheatAEZ10,1975,CO_AWB,0.002507821816012
Middle East,Corn,CornAEZ01,CornAEZ01,1975,N2O_AWB,1.71056257201417e-08
Middle East,Corn,CornAEZ02,CornAEZ02,1975,N2O_AWB,7.8288237828658e-10
Middle East,Corn,CornAEZ03,CornAEZ03,1975,N2O_AWB,2.70702541813271e-09
Middle East,Corn,CornAEZ07,CornAEZ07,1975,N2O_AWB,1.32487491890135e-07
Middle East,Corn,CornAEZ08,CornAEZ08,1975,N2O_AWB,2.40426071376073e-07
Middle East,Corn,CornAEZ09,CornAEZ09,1975,N2O_AWB,8.55591250749622e-08
Middle East,Corn,CornAEZ10,CornAEZ10,1975,N2O_AWB,1.7195663097735e-08
Middle East,FiberCrop,FiberCropAEZ01,FiberCropAEZ01,1975,N2O_AWB,4.43139032723607e-08
Middle East,FiberCrop,FiberCropAEZ02,FiberCropAEZ02,1975,N2O_AWB,5.10783308746835e-09
Middle East,FiberCrop,FiberCropAEZ03,FiberCropAEZ03,1975,N2O_AWB,3.04163334657798e-08
Middle East,FiberCrop,FiberCropAEZ07,FiberCropAEZ07,1975,N2O_AWB,6.27950673958866e-07
Middle East,FiberCrop,FiberCropAEZ08,FiberCropAEZ08,1975,N2O_AWB,7.94440170164321e-07
Middle East,FiberCrop,FiberCropAEZ09,FiberCropAEZ09,1975,N2O_AWB,9.48141735294135e-07
Middle East,FiberCrop,FiberCropAEZ10,FiberCropAEZ10,1975,N2O_AWB,4.8337610582386e-07
Middle East,FodderGrass,FodderGrassAEZ01,FodderGrassAEZ01,1975,N2O_AWB,1.18059427430131e-06
Middle East,FodderGrass,FodderGrassAEZ02,FodderGrassAEZ02,1975,N2O_AWB,4.20687356503717e-08
Middle East,FodderGrass,FodderGrassAEZ03,FodderGrassAEZ03,1975,N2O_AWB,2.52337618920652e-07
Middle East,FodderGrass,FodderGrassAEZ07,FodderGrassAEZ07,1975,N2O_AWB,1.06236818713309e-06
Middle East,FodderGrass,FodderGrassAEZ08,FodderGrassAEZ08,1975,N2O_AWB,1.89510706239031e-06
Middle East,FodderGrass,FodderGrassAEZ09,FodderGrassAEZ09,1975,N2O_AWB,1.16890469052412e-06
Middle East,FodderGrass,FodderGrassAEZ10,FodderGrassAEZ10,1975,N2O_AWB,7.41534884224626e-08
Middle East,FodderHerb,FodderHerbAEZ01,FodderHerbAEZ01,1975,N2O_AWB,3.44910957662164e-06
Middle East,FodderHerb,FodderHerbAEZ02,FodderHerbAEZ02,1975,N2O_AWB,6.46974935453273e-10
Middle East,FodderHerb,FodderHerbAEZ03,FodderHerbAEZ03,1975,N2O_AWB,4.28950466609299e-09
Middle East,FodderHerb,FodderHerbAEZ07,FodderHerbAEZ07,1975,N2O_AWB,4.67025144374184e-06
Middle East,FodderHerb,FodderHerbAEZ08,FodderHerbAEZ08,1975,N2O_AWB,8.09241319601438e-06
Middle East,FodderHerb,FodderHerbAEZ09,FodderHerbAEZ09,1975,N2O_AWB,1.56617015236864e-06
Middle East,FodderHerb,FodderHerbAEZ10,FodderHerbAEZ10,1975,N2O_AWB,1.02683440421729e-07
Middle East,MiscCrop,MiscCropAEZ01,MiscCropAEZ01,1975,N2O_AWB,5.74455883828834e-06
Middle East,MiscCrop,MiscCropAEZ02,MiscCropAEZ02,1975,N2O_AWB,6.39124846242723e-08
Middle East,MiscCrop,MiscCropAEZ03,MiscCropAEZ03,1975,N2O_AWB,4.72682427479009e-07
Middle East,MiscCrop,MiscCropAEZ07,MiscCropAEZ07,1975,N2O_AWB,9.80941684024357e-06
Middle East,MiscCrop,MiscCropAEZ08,MiscCropAEZ08,1975,N2O_AWB,1.83210416451031e-05
Middle East,MiscCrop,MiscCropAEZ09,MiscCropAEZ09,1975,N2O_AWB,6.69847362277379e-06
Middle East,MiscCrop,MiscCropAEZ10,MiscCropAEZ10,1975,N2O_AWB,2.7392481027553e-06
Middle East,OilCrop,OilCropAEZ01,OilCropAEZ01,1975,N2O_AWB,2.23541922109607e-08
Middle East,OilCrop,OilCropAEZ02,OilCropAEZ02,1975,N2O_AWB,4.91289841903416e-09
Middle East,OilCrop,OilCropAEZ03,OilCropAEZ03,1975,N2O_AWB,2.77906623506271e-08
Middle East,OilCrop,OilCropAEZ07,OilCropAEZ07,1975,N2O_AWB,1.10808557545202e-07
Middle East,OilCrop,OilCropAEZ08,OilCropAEZ08,1975,N2O_AWB,3.77637452603956e-07
Middle East,OilCrop,OilCropAEZ09,OilCropAEZ09,1975,N2O_AWB,3.77379197574125e-07
Middle East,OilCrop,OilCropAEZ10,OilCropAEZ10,1975,N2O_AWB,2.73767481368016e-07
Middle East,OtherGrain,OtherGrainAEZ01,OtherGrainAEZ01,1975,N2O_AWB,1.13993838493779e-06
Middle East,OtherGrain,OtherGrainAEZ02,OtherGrainAEZ02,1975,N2O_AWB,1.89848252769541e-09
Middle East,OtherGrain,OtherGrainAEZ03,OtherGrainAEZ03,1975,N2O_AWB,3.50062588943636e-09
Middle East,OtherGrain,OtherGrainAEZ07,OtherGrainAEZ07,1975,N2O_AWB,1.83815360910385e-06
Middle East,OtherGrain,OtherGrainAEZ08,OtherGrainAEZ08,1975,N2O_AWB,3.69974095470514e-06
Middle East,OtherGrain,OtherGrainAEZ09,OtherGrainAEZ09,1975,N2O_AWB,1.17581454267415e-06
Middle East,OtherGrain,OtherGrainAEZ10,OtherGrainAEZ10,1975,N2O_AWB,4.82711647087205e-07
Middle East,PalmFruit,PalmFruitAEZ01,PalmFruitAEZ01,1975,N2O_AWB,0
Middle East,PalmFruit,PalmFruitAEZ02,PalmFruitAEZ02,1975,N2O_AWB,0
Middle East,PalmFruit,PalmFruitAEZ03,PalmFruitAEZ03,1975,N2O_AWB,0
Middle East,PalmFruit,PalmFruitAEZ07,PalmFruitAEZ07,1975,N2O_AWB,0
Middle East,PalmFruit,PalmFruitAEZ08,PalmFruitAEZ08,1975,N2O_AWB,0
Middle East,PalmFruit,PalmFruitAEZ09,PalmFruitAEZ09,1975,N2O_AWB,0
Middle East,PalmFruit,PalmFruitAEZ10,PalmFruitAEZ10,1975,N2O_AWB,0
Middle East,Rice,RiceAEZ01,RiceAEZ01,1975,N2O_AWB,1.15868345375612e-09
Middle East,Rice,RiceAEZ02,RiceAEZ02,1975,N2O_AWB,0
Middle East,Rice,RiceAEZ03,RiceAEZ03,1975,N2O_AWB,0
Middle East,Rice,RiceAEZ07,RiceAEZ07,1975,N2O_AWB,1.90332770424919e-06
Middle East,Rice,RiceAEZ08,RiceAEZ08,1975,N2O_AWB,1.88049105249781e-06
Middle East,Rice,RiceAEZ09,RiceAEZ09,1975,N2O_AWB,7.36353027838138e-08
Middle East,Rice,RiceAEZ10,RiceAEZ10,1975,N2O_AWB,0
Middle East,Root_Tuber,Root_TuberAEZ01,Root_TuberAEZ01,1975,N2O_AWB,1.20906019860766e-07
Middle East,Root_Tuber,Root_TuberAEZ02,Root_TuberAEZ02,1975,N2O_AWB,4.1213711428422e-09
Middle East,Root_Tuber,Root_TuberAEZ03,Root_TuberAEZ03,1975,N2O_AWB,2.36391676222114e-08
Middle East,Root_Tuber,Root_TuberAEZ07,Root_TuberAEZ07,1975,N2O_AWB,7.77339465582626e-07
Middle East,Root_Tuber,Root_TuberAEZ08,Root_TuberAEZ08,1975,N2O_AWB,1.24154547924548e-06
Middle East,Root_Tuber,Root_TuberAEZ09,Root_TuberAEZ09,1975,N2O_AWB,3.68287520476964e-07
Middle East,Root_Tuber,Root_TuberAEZ10,Root_TuberAEZ10,1975,N2O_AWB,1.37875198323068e-07
Middle East,SugarCrop,SugarCropAEZ01,SugarCropAEZ01,1975,N2O_AWB,3.01361963838421e-08
Middle East,SugarCrop,SugarCropAEZ02,SugarCropAEZ02,1975,N2O_AWB,0
Middle East,SugarCrop,SugarCropAEZ03,SugarCropAEZ03,1975,N2O_AWB,0
Middle East,SugarCrop,SugarCropAEZ07,SugarCropAEZ07,1975,N2O_AWB,4.47946847800862e-06
Middle East,SugarCrop,SugarCropAEZ08,SugarCropAEZ08,1975,N2O_AWB,8.39982706385934e-06
Middle East,SugarCrop,SugarCropAEZ09,SugarCropAEZ09,1975,N2O_AWB,1.62679958857151e-06
Middle East,SugarCrop,SugarCropAEZ10,SugarCropAEZ10,1975,N2O_AWB,8.92603748770794e-07
Middle East,Wheat,WheatAEZ01,WheatAEZ01,1975,N2O_AWB,5.24424823634791e-07
Middle East,Wheat,WheatAEZ02,WheatAEZ02,1975,N2O_AWB,1.42113647584095e-09
Middle East,Wheat,WheatAEZ03,WheatAEZ03,1975,N2O_AWB,1.95770037563584e-08
Middle East,Wheat,WheatAEZ07,WheatAEZ07,1975,N2O_AWB,5.85456572403237e-06
Middle East,Wheat,WheatAEZ08,WheatAEZ08,1975,N2O_AWB,9.69962992034021e-06
Middle East,Wheat,WheatAEZ09,WheatAEZ09,1975,N2O_AWB,3.00022766319122e-06
Middle East,Wheat,WheatAEZ10,WheatAEZ10,1975,N2O_AWB,1.56555765133761e-06
Middle East,Corn,CornAEZ01,CornAEZ01,1975,NH3_AWB,3.1768544395184e-07
Middle East,Corn,CornAEZ02,CornAEZ02,1975,NH3_AWB,1.45396806861728e-08
Middle East,Corn,CornAEZ03,CornAEZ03,1975,NH3_AWB,5.0274838571721e-08
Middle East,Corn,CornAEZ07,CornAEZ07,1975,NH3_AWB,2.46055586435658e-06
Middle East,Corn,CornAEZ08,CornAEZ08,1975,NH3_AWB,4.46518966755877e-06
Middle East,Corn,CornAEZ09,CornAEZ09,1975,NH3_AWB,1.58900288584972e-06
Middle East,Corn,CornAEZ10,CornAEZ10,1975,NH3_AWB,3.19357616881434e-07
Middle East,FiberCrop,FiberCropAEZ01,FiberCropAEZ01,1975,NH3_AWB,8.22997197801552e-07
Middle East,FiberCrop,FiberCropAEZ02,FiberCropAEZ02,1975,NH3_AWB,9.48626053540726e-08
Middle East,FiberCrop,FiberCropAEZ03,FiberCropAEZ03,1975,NH3_AWB,5.64891723842968e-07
Middle East,FiberCrop,FiberCropAEZ07,FiberCropAEZ07,1975,NH3_AWB,1.16622912192905e-05
Middle East,FiberCrop,FiberCropAEZ08,FiberCropAEZ08,1975,NH3_AWB,1.47543318368442e-05
Middle East,FiberCrop,FiberCropAEZ09,FiberCropAEZ09,1975,NH3_AWB,1.76088751755811e-05
Middle East,FiberCrop,FiberCropAEZ10,FiberCropAEZ10,1975,NH3_AWB,8.97725434232711e-06
Middle East,FodderGrass,FodderGrassAEZ01,FodderGrassAEZ01,1975,NH3_AWB,2.19259805104227e-05
Middle East,FodderGrass,FodderGrassAEZ02,FodderGrassAEZ02,1975,NH3_AWB,7.81299975822819e-07
Middle East,FodderGrass,FodderGrassAEZ03,FodderGrassAEZ03,1975,NH3_AWB,4.686410763575e-06
Middle East,FodderGrass,FodderGrassAEZ07,FodderGrassAEZ07,1975,NH3_AWB,1.97302872570329e-05
Middle East,FodderGrass,FodderGrassAEZ08,FodderGrassAEZ08,1975,NH3_AWB,3.51959021144037e-05
Middle East,FodderGrass,FodderGrassAEZ09,FodderGrassAEZ09,1975,NH3_AWB,2.170888172242e-05
Middle East,FodderGrass,FodderGrassAEZ10,FodderGrassAEZ10,1975,NH3_AWB,1.37717755991404e-06
Middle East,FodderHerb,FodderHerbAEZ01,FodderHerbAEZ01,1975,NH3_AWB,6.40568152848903e-05
Middle East,FodderHerb,FodderHerbAEZ02,FodderHerbAEZ02,1975,NH3_AWB,1.20156095402679e-08
Middle East,FodderHerb,FodderHerbAEZ03,FodderHerbAEZ03,1975,NH3_AWB,7.9664621246603e-08
Middle East,FodderHerb,FodderHerbAEZ07,FodderHerbAEZ07,1975,NH3_AWB,8.67358451275382e-05
Middle East,FodderHerb,FodderHerbAEZ08,FodderHerbAEZ08,1975,NH3_AWB,0.00015029218579186
Middle East,FodderHerb,FodderHerbAEZ09,FodderHerbAEZ09,1975,NH3_AWB,2.90868903774442e-05
Middle East,FodderHerb,FodderHerbAEZ10,FodderHerbAEZ10,1975,NH3_AWB,1.90703543328838e-06
Middle East,MiscCrop,MiscCropAEZ01,MiscCropAEZ01,1975,NH3_AWB,0.000106687867179288
Middle East,MiscCrop,MiscCropAEZ02,MiscCropAEZ02,1975,NH3_AWB,1.18698177921777e-06
Middle East,MiscCrop,MiscCropAEZ03,MiscCropAEZ03,1975,NH3_AWB,8.77865149622004e-06
Middle East,MiscCrop,MiscCropAEZ07,MiscCropAEZ07,1975,NH3_AWB,0.000182180353691009
Middle East,MiscCrop,MiscCropAEZ08,MiscCropAEZ08,1975,NH3_AWB,0.000340258131676022
Middle East,MiscCrop,MiscCropAEZ09,MiscCropAEZ09,1975,NH3_AWB,0.00012440395934449
Middle East,MiscCrop,MiscCropAEZ10,MiscCropAEZ10,1975,NH3_AWB,5.08732778242293e-05
Middle East,OilCrop,OilCropAEZ01,OilCropAEZ01,1975,NH3_AWB,4.15161748123702e-07
Middle East,OilCrop,OilCropAEZ02,OilCropAEZ02,1975,NH3_AWB,9.12422813918688e-08
Middle East,OilCrop,OilCropAEZ03,OilCropAEZ03,1975,NH3_AWB,5.16127796259388e-07
Middle East,OilCrop,OilCropAEZ07,OilCropAEZ07,1975,NH3_AWB,2.05793499596803e-06
Middle East,OilCrop,OilCropAEZ08,OilCropAEZ08,1975,NH3_AWB,7.01347753926745e-06
Middle East,OilCrop,OilCropAEZ09,OilCropAEZ09,1975,NH3_AWB,7.00868123043041e-06
Middle East,OilCrop,OilCropAEZ10,OilCropAEZ10,1975,NH3_AWB,5.08440587213168e-06
Middle East,OtherGrain,OtherGrainAEZ01,OtherGrainAEZ01,1975,NH3_AWB,2.11709198962705e-05
Middle East,OtherGrain,OtherGrainAEZ02,OtherGrainAEZ02,1975,NH3_AWB,3.52585912092979e-08
Middle East,OtherGrain,OtherGrainAEZ03,OtherGrainAEZ03,1975,NH3_AWB,6.50135755329552e-08
Middle East,OtherGrain,OtherGrainAEZ07,OtherGrainAEZ07,1975,NH3_AWB,3.41381633688052e-05
Middle East,OtherGrain,OtherGrainAEZ08,OtherGrainAEZ08,1975,NH3_AWB,6.87115377672702e-05
Middle East,OtherGrain,OtherGrainAEZ09,OtherGrainAEZ09,1975,NH3_AWB,2.1837211400845e-05
Middle East,OtherGrain,OtherGrainAEZ10,OtherGrainAEZ10,1975,NH3_AWB,8.96491402387307e-06
Middle East,PalmFruit,PalmFruitAEZ01,PalmFruitAEZ01,1975,NH3_AWB,0
Middle East,PalmFruit,PalmFruitAEZ02,PalmFruitAEZ02,1975,NH3_AWB,0
Middle East,PalmFruit,PalmFruitAEZ03,PalmFruitAEZ03,1975,NH3_AWB,0
Middle East,PalmFruit,PalmFruitAEZ07,PalmFruitAEZ07,1975,NH3_AWB,0
Middle East,PalmFruit,PalmFruitAEZ08,PalmFruitAEZ08,1975,NH3_AWB,0
Middle East,PalmFruit,PalmFruitAEZ09,PalmFruitAEZ09,1975,NH3_AWB,0
Middle East,PalmFruit,PalmFruitAEZ10,PalmFruitAEZ10,1975,NH3_AWB,0
Middle East,Rice,RiceAEZ01,RiceAEZ01,1975,NH3_AWB,2.15190530547346e-08
Middle East,Rice,RiceAEZ02,RiceAEZ02,1975,NH3_AWB,0
Middle East,Rice,RiceAEZ03,RiceAEZ03,1975,NH3_AWB,0
Middle East,Rice,RiceAEZ07,RiceAEZ07,1975,NH3_AWB,3.53485757611462e-05
Middle East,Rice,RiceAEZ08,RiceAEZ08,1975,NH3_AWB,3.49244537811201e-05
Middle East,Rice,RiceAEZ09,RiceAEZ09,1975,NH3_AWB,1.36755382341022e-06
Middle East,Rice,RiceAEZ10,RiceAEZ10,1975,NH3_AWB,0
Middle East,Root_Tuber,Root_TuberAEZ01,Root_TuberAEZ01,1975,NH3_AWB,2.2454649262371e-06
Middle East,Root_Tuber,Root_TuberAEZ02,Root_TuberAEZ02,1975,NH3_AWB,7.65420477815341e-08
Middle East,Root_Tuber,Root_TuberAEZ03,Root_TuberAEZ03,1975,NH3_AWB,4.39026293663812e-07
Middle East,Root_Tuber,Root_TuberAEZ07,Root_TuberAEZ07,1975,NH3_AWB,1.44367377882074e-05
Middle East,Root_Tuber,Root_TuberAEZ08,Root_TuberAEZ08,1975,NH3_AWB,2.3057965444437e-05
Middle East,Root_Tuber,Root_TuberAEZ09,Root_TuberAEZ09,1975,NH3_AWB,6.83983072930684e-06
Middle East,Root_Tuber,Root_TuberAEZ10,Root_TuberAEZ10,1975,NH3_AWB,2.56061627360621e-06
Middle East,SugarCrop,SugarCropAEZ01,SugarCropAEZ01,1975,NH3_AWB,5.59689021837278e-07
Middle East,SugarCrop,SugarCropAEZ02,SugarCropAEZ02,1975,NH3_AWB,0
Middle East,SugarCrop,SugarCropAEZ03,SugarCropAEZ03,1975,NH3_AWB,0
Middle East,SugarCrop,SugarCropAEZ07,SugarCropAEZ07,1975,NH3_AWB,8.31926265303933e-05
Middle East,SugarCrop,SugarCropAEZ08,SugarCropAEZ08,1975,NH3_AWB,0.00015600147188762
Middle East,SugarCrop,SugarCropAEZ09,SugarCropAEZ09,1975,NH3_AWB,3.02128994268517e-05
Middle East,SugarCrop,SugarCropAEZ10,SugarCropAEZ10,1975,NH3_AWB,1.65774244591023e-05
Middle East,Wheat,WheatAEZ01,WheatAEZ01,1975,NH3_AWB,9.73961056096366e-06
Middle East,Wheat,WheatAEZ02,WheatAEZ02,1975,NH3_AWB,2.63933269457707e-08
Middle East,Wheat,WheatAEZ03,WheatAEZ03,1975,NH3_AWB,3.63583842610466e-07
Middle East,Wheat,WheatAEZ07,WheatAEZ07,1975,NH3_AWB,0.000108730913537668
Middle East,Wheat,WheatAEZ08,WheatAEZ08,1975,NH3_AWB,0.000180141392535175
Middle East,Wheat,WheatAEZ09,WheatAEZ09,1975,NH3_AWB,5.57201866059302e-05
Middle East,Wheat,WheatAEZ10,WheatAEZ10,1975,NH3_AWB,2.90755150167794e-05
Middle East,Corn,CornAEZ01,CornAEZ01,1975,NMVOC_AWB,1.71056257201417e-06
Middle East,Corn,CornAEZ02,CornAEZ02,1975,NMVOC_AWB,7.8288237828658e-08
Middle East,Corn,CornAEZ03,CornAEZ03,1975,NMVOC_AWB,2.70702541813271e-07
Middle East,Corn,CornAEZ07,CornAEZ07,1975,NMVOC_AWB,1.32487491890135e-05
Middle East,Corn,CornAEZ08,CornAEZ08,1975,NMVOC_AWB,2.40426071376073e-05
Middle East,Corn,CornAEZ09,CornAEZ09,1975,NMVOC_AWB,8.55591250749622e-06
Middle East,Corn,CornAEZ10,CornAEZ10,1975,NMVOC_AWB,1.7195663097735e-06
Middle East,FiberCrop,FiberCropAEZ01,FiberCropAEZ01,1975,NMVOC_AWB,4.43139032723607e-06
Middle East,FiberCrop,FiberCropAEZ02,FiberCropAEZ02,1975,NMVOC_AWB,5.10783308746835e-07
Middle East,FiberCrop,FiberCropAEZ03,FiberCropAEZ03,1975,NMVOC_AWB,3.04163334657798e-06
Middle East,FiberCrop,FiberCropAEZ07,FiberCropAEZ07,1975,NMVOC_AWB,6.27950673958865e-05
Middle East,FiberCrop,FiberCropAEZ08,FiberCropAEZ08,1975,NMVOC_AWB,7.94440170164321e-05
Middle East,FiberCrop,FiberCropAEZ09,FiberCropAEZ09,1975,NMVOC_AWB,9.48141735294135e-05
Middle East,FiberCrop,FiberCropAEZ10,FiberCropAEZ10,1975,NMVOC_AWB,4.8337610582386e-05
Middle East,FodderGrass,FodderGrassAEZ01,FodderGrassAEZ01,1975,NMVOC_AWB,0.000118059427430131
Middle East,FodderGrass,FodderGrassAEZ02,FodderGrassAEZ02,1975,NMVOC_AWB,4.20687356503717e-06
Middle East,FodderGrass,FodderGrassAEZ03,FodderGrassAEZ03,1975,NMVOC_AWB,2.52337618920652e-05
Middle East,FodderGrass,FodderGrassAEZ07,FodderGrassAEZ07,1975,NMVOC_AWB,0.000106236818713309
Middle East,FodderGrass,FodderGrassAEZ08,FodderGrassAEZ08,1975,NMVOC_AWB,0.000189510706239031
Middle East,FodderGrass,FodderGrassAEZ09,FodderGrassAEZ09,1975,NMVOC_AWB,0.000116890469052412
Middle East,FodderGrass,FodderGrassAEZ10,FodderGrassAEZ10,1975,NMVOC_AWB,7.41534884224626e-06
Middle East,FodderHerb,FodderHerbAEZ01,FodderHerbAEZ01,1975,NMVOC_AWB,0.000344910957662164
Middle East,FodderHerb,FodderHerbAEZ02,FodderHerbAEZ02,1975,NMVOC_AWB,6.46974935453273e-08
Middle East,FodderHerb,FodderHerbAEZ03,FodderHerbAEZ03,1975,NMVOC_AWB,4.28950466609299e-07
Middle East,FodderHerb,FodderHerbAEZ07,FodderHerbAEZ07,1975,NMVOC_AWB,0.000467025144374184
Middle East,FodderHerb,FodderHerbAEZ08,FodderHerbAEZ08,1975,NMVOC_AWB,0.000809241319601438
Middle East,FodderHerb,FodderHerbAEZ09,FodderHerbAEZ09,1975,NMVOC_AWB,0.000156617015236864
Middle East,FodderHerb,FodderHerbAEZ10,FodderHerbAEZ10,1975,NMVOC_AWB,1.02683440421729e-05
Middle East,MiscCrop,MiscCropAEZ01,MiscCropAEZ01,1975,NMVOC_AWB,0.000574455883828834
Middle East,MiscCrop,MiscCropAEZ02,MiscCropAEZ02,1975,NMVOC_AWB,6.39124846242723e-06
Middle East,MiscCrop,MiscCropAEZ03,MiscCropAEZ03,1975,NMVOC_AWB,4.72682427479009e-05
Middle East,MiscCrop,MiscCropAEZ07,MiscCropAEZ07,1975,NMVOC_AWB,0.000980941684024357
Middle East,MiscCrop,MiscCropAEZ08,MiscCropAEZ08,1975,NMVOC_AWB,0.00183210416451031
Middle East,MiscCrop,MiscCropAEZ09,MiscCropAEZ09,1975,NMVOC_AWB,0.000669847362277379
Middle East,MiscCrop,MiscCropAEZ10,MiscCropAEZ10,1975,NMVOC_AWB,0.00027392481027553
Middle East,OilCrop,OilCropAEZ01,OilCropAEZ01,1975,NMVOC_AWB,2.23541922109607e-06
Middle East,OilCrop,OilCropAEZ02,OilCropAEZ02,1975,NMVOC_AWB,4.91289841903416e-07
Middle East,OilCrop,OilCropAEZ03,OilCropAEZ03,1975,NMVOC_AWB,2.77906623506271e-06
Middle East,OilCrop,OilCropAEZ07,OilCropAEZ07,1975,NMVOC_AWB,1.10808557545202e-05
Middle East,OilCrop,OilCropAEZ08,OilCropAEZ08,1975,NMVOC_AWB,3.77637452603956e-05
Middle East,OilCrop,OilCropAEZ09,OilCropAEZ09,1975,NMVOC_AWB,3.77379197574125e-05
Middle East,OilCrop,OilCropAEZ10,OilCropAEZ10,1975,NMVOC_AWB,2.73767481368016e-05
Middle East,OtherGrain,OtherGrainAEZ01,OtherGrainAEZ01,1975,NMVOC_AWB,0.000113993838493779
Middle East,OtherGrain,OtherGrainAEZ02,OtherGrainAEZ02,1975,NMVOC_AWB,1.89848252769541e-07
Middle East,OtherGrain,OtherGrainAEZ03,OtherGrainAEZ03,1975,NMVOC_AWB,3.50062588943636e-07
Middle East,OtherGrain,OtherGrainAEZ07,OtherGrainAEZ07,1975,NMVOC_AWB,0.000183815360910385
Middle East,OtherGrain,OtherGrainAEZ08,OtherGrainAEZ08,1975,NMVOC_AWB,0.000369974095470514
Middle East,OtherGrain,OtherGrainAEZ09,OtherGrainAEZ09,1975,NMVOC_AWB,0.000117581454267415
Middle East,OtherGrain,OtherGrainAEZ10,OtherGrainAEZ10,1975,NMVOC_AWB,4.82711647087205e-05
Middle East,PalmFruit,PalmFruitAEZ01,PalmFruitAEZ01,1975,NMVOC_AWB,0
Middle East,PalmFruit,PalmFruitAEZ02,PalmFruitAEZ02,1975,NMVOC_AWB,0
Middle East,PalmFruit,PalmFruitAEZ03,PalmFruitAEZ03,1975,NMVOC_AWB,0
Middle East,PalmFruit,PalmFruitAEZ07,PalmFruitAEZ07,1975,NMVOC_AWB,0
Middle East,PalmFruit,PalmFruitAEZ08,PalmFruitAEZ08,1975,NMVOC_AWB,0
Middle East,PalmFruit,PalmFruitAEZ09,PalmFruitAEZ09,1975,NMVOC_AWB,0
Middle East,PalmFruit,PalmFruitAEZ10,PalmFruitAEZ10,1975,NMVOC_AWB,0
Middle East,Rice,RiceAEZ01,RiceAEZ01,1975,NMVOC_AWB,1.15868345375612e-07
Middle East,Rice,RiceAEZ02,RiceAEZ02,1975,NMVOC_AWB,0
Middle East,Rice,RiceAEZ03,RiceAEZ03,1975,NMVOC_AWB,0
Middle East,Rice,RiceAEZ07,RiceAEZ07,1975,NMVOC_AWB,0.000190332770424919
Middle East,Rice,RiceAEZ08,RiceAEZ08,1975,NMVOC_AWB,0.000188049105249781
Middle East,Rice,RiceAEZ09,RiceAEZ09,1975,NMVOC_AWB,7.36353027838138e-06
Middle East,Rice,RiceAEZ10,RiceAEZ10,1975,NMVOC_AWB,0
Middle East,Root_Tuber,Root_TuberAEZ01,Root_TuberAEZ01,1975,NMVOC_AWB,1.20906019860766e-05
Middle East,Root_Tuber,Root_TuberAEZ02,Root_TuberAEZ02,1975,NMVOC_AWB,4.1213711428422e-07
Middle East,Root_Tuber,Root_TuberAEZ03,Root_TuberAEZ03,1975,NMVOC_AWB,2.36391676222114e-06
Middle East,Root_Tuber,Root_TuberAEZ07,Root_TuberAEZ07,1975,NMVOC_AWB,7.77339465582626e-05
Middle East,Root_Tuber,Root_TuberAEZ08,Root_TuberAEZ08,1975,NMVOC_AWB,0.000124154547924548
Middle East,Root_Tuber,Root_TuberAEZ09,Root_TuberAEZ09,1975,NMVOC_AWB,3.68287520476964e-05
Middle East,Root_Tuber,Root_TuberAEZ10,Root_TuberAEZ10,1975,NMVOC_AWB,1.37875198323068e-05
Middle East,SugarCrop,SugarCropAEZ01,SugarCropAEZ01,1975,NMVOC_AWB,3.01361963838421e-06
Middle East,SugarCrop,SugarCropAEZ02,SugarCropAEZ02,1975,NMVOC_AWB,0
Middle East,SugarCrop,SugarCropAEZ03,SugarCropAEZ03,1975,NMVOC_AWB,0
Middle East,SugarCrop,SugarCropAEZ07,SugarCropAEZ07,1975,NMVOC_AWB,0.000447946847800862
Middle East,SugarCrop,SugarCropAEZ08,SugarCropAEZ08,1975,NMVOC_AWB,0.000839982706385934
Middle East,SugarCrop,SugarCropAEZ09,SugarCropAEZ09,1975,NMVOC_AWB,0.000162679958857151
Middle East,SugarCrop,SugarCropAEZ10,SugarCropAEZ10,1975,NMVOC_AWB,8.92603748770794e-05
Middle East,Wheat,WheatAEZ01,WheatAEZ01,1975,NMVOC_AWB,5.24424823634791e-05
Middle East,Wheat,WheatAEZ02,WheatAEZ02,1975,NMVOC_AWB,1.42113647584095e-07
Middle East,Wheat,WheatAEZ03,WheatAEZ03,1975,NMVOC_AWB,1.95770037563584e-06
Middle East,Wheat,WheatAEZ07,WheatAEZ07,1975,NMVOC_AWB,0.000585456572403237
Middle East,Wheat,WheatAEZ08,WheatAEZ08,1975,NMVOC_AWB,0.000969962992034021
Middle East,Wheat,WheatAEZ09,WheatAEZ09,1975,NMVOC_AWB,0.000300022766319122
Middle East,Wheat,WheatAEZ10,WheatAEZ10,1975,NMVOC_AWB,0.000156555765133761
Middle East,Corn,CornAEZ01,CornAEZ01,1975,NOx_AWB,9.28212053991019e-07
Middle East,Corn,CornAEZ02,CornAEZ02,1975,NOx_AWB,4.24819806227317e-08
Middle East,Corn,CornAEZ03,CornAEZ03,1975,NOx_AWB,1.46892821384031e-07
Middle East,Corn,CornAEZ07,CornAEZ07,1975,NOx_AWB,7.18924224038513e-06
Middle East,Corn,CornAEZ08,CornAEZ08,1975,NOx_AWB,1.30463732339355e-05
Middle East,Corn,CornAEZ09,CornAEZ09,1975,NOx_AWB,4.64274224882591e-06
Middle East,Corn,CornAEZ10,CornAEZ10,1975,NOx_AWB,9.33097802139562e-07
Middle East,FiberCrop,FiberCropAEZ01,FiberCropAEZ01,1975,NOx_AWB,2.40462990654378e-06
Middle East,FiberCrop,FiberCropAEZ02,FiberCropAEZ02,1975,NOx_AWB,2.77169179258939e-07
Middle East,FiberCrop,FiberCropAEZ03,FiberCropAEZ03,1975,NOx_AWB,1.65049836954537e-06
Middle East,FiberCrop,FiberCropAEZ07,FiberCropAEZ07,1975,NOx_AWB,3.40748356369143e-05
Middle East,FiberCrop,FiberCropAEZ08,FiberCropAEZ08,1975,NOx_AWB,4.31091474925063e-05
Middle East,FiberCrop,FiberCropAEZ09,FiberCropAEZ09,1975,NOx_AWB,5.1449540752882e-05
Middle East,FiberCrop,FiberCropAEZ10,FiberCropAEZ10,1975,NOx_AWB,2.62297056756383e-05
Middle East,FodderGrass,FodderGrassAEZ01,FodderGrassAEZ01,1975,NOx_AWB,6.40632417783416e-05
Middle East,FodderGrass,FodderGrassAEZ02,FodderGrassAEZ02,1975,NOx_AWB,2.28279913086472e-06
Middle East,FodderGrass,FodderGrassAEZ03,FodderGrassAEZ03,1975,NOx_AWB,1.36927361436271e-05
Middle East,FodderGrass,FodderGrassAEZ07,FodderGrassAEZ07,1975,NOx_AWB,5.7647874050722e-05
Middle East,FodderGrass,FodderGrassAEZ08,FodderGrassAEZ08,1975,NOx_AWB,0.000102835245415368
Middle East,FodderGrass,FodderGrassAEZ09,FodderGrassAEZ09,1975,NOx_AWB,6.34289234116447e-05
Middle East,FodderGrass,FodderGrassAEZ10,FodderGrassAEZ10,1975,NOx_AWB,4.02383186241275e-06
Middle East,FodderHerb,FodderHerbAEZ01,FodderHerbAEZ01,1975,NOx_AWB,0.00018716094558215
Middle East,FodderHerb,FodderHerbAEZ02,FodderHerbAEZ02,1975,NOx_AWB,3.51071596878606e-08
Middle East,FodderHerb,FodderHerbAEZ03,FodderHerbAEZ03,1975,NOx_AWB,2.32763770344278e-07
Middle East,FodderHerb,FodderHerbAEZ07,FodderHerbAEZ07,1975,NOx_AWB,0.000253424443874376
Middle East,FodderHerb,FodderHerbAEZ08,FodderHerbAEZ08,1975,NOx_AWB,0.000439123104720563
Middle East,FodderHerb,FodderHerbAEZ09,FodderHerbAEZ09,1975,NOx_AWB,8.49859594623165e-05
Middle East,FodderHerb,FodderHerbAEZ10,FodderHerbAEZ10,1975,NOx_AWB,5.57196846839041e-06
Middle East,MiscCrop,MiscCropAEZ01,MiscCropAEZ01,1975,NOx_AWB,0.00031172018175759
Middle East,MiscCrop,MiscCropAEZ02,MiscCropAEZ02,1975,NOx_AWB,3.46811859439385e-06
Middle East,MiscCrop,MiscCropAEZ03,MiscCropAEZ03,1975,NOx_AWB,2.56494286776735e-05
Middle East,MiscCrop,MiscCropAEZ07,MiscCropAEZ07,1975,NOx_AWB,0.000532293825593019
Middle East,MiscCrop,MiscCropAEZ08,MiscCropAEZ08,1975,NOx_AWB,0.000994164842308692
Middle East,MiscCrop,MiscCropAEZ09,MiscCropAEZ09,1975,NOx_AWB,0.000363482988680054
Middle East,MiscCrop,MiscCropAEZ10,MiscCropAEZ10,1975,NOx_AWB,0.000148641338788069
Middle East,OilCrop,OilCropAEZ01,OilCropAEZ01,1975,NOx_AWB,1.21301792795651e-06
Middle East,OilCrop,OilCropAEZ02,OilCropAEZ02,1975,NOx_AWB,2.66591331249071e-07
Middle East,OilCrop,OilCropAEZ03,OilCropAEZ03,1975,NOx_AWB,1.50802012181714e-06
Middle East,OilCrop,OilCropAEZ07,OilCropAEZ07,1975,NOx_AWB,6.01286620446187e-06
Middle East,OilCrop,OilCropAEZ08,OilCropAEZ08,1975,NOx_AWB,2.04919505009811e-05
Middle East,OilCrop,OilCropAEZ09,OilCropAEZ09,1975,NOx_AWB,2.04779366650879e-05
Middle East,OilCrop,OilCropAEZ10,OilCropAEZ10,1975,NOx_AWB,1.48555966530553e-05
Middle East,OtherGrain,OtherGrainAEZ01,OtherGrainAEZ01,1975,NOx_AWB,6.18571087090023e-05
Middle East,OtherGrain,OtherGrainAEZ02,OtherGrainAEZ02,1975,NOx_AWB,1.03018410161006e-07
Middle East,OtherGrain,OtherGrainAEZ03,OtherGrainAEZ03,1975,NOx_AWB,1.89956403831625e-07
Middle East,OtherGrain,OtherGrainAEZ07,OtherGrainAEZ07,1975,NOx_AWB,9.97447485974315e-05
Middle East,OtherGrain,OtherGrainAEZ08,OtherGrainAEZ08,1975,NOx_AWB,0.000200761095033073
Middle East,OtherGrain,OtherGrainAEZ09,OtherGrainAEZ09,1975,NOx_AWB,6.38038765505644e-05
Middle East,OtherGrain,OtherGrainAEZ10,OtherGrainAEZ10,1975,NOx_AWB,2.61936497827505e-05
Middle East,PalmFruit,PalmFruitAEZ01,PalmFruitAEZ01,1975,NOx_AWB,0
Middle East,PalmFruit,PalmFruitAEZ02,PalmFruitAEZ02,1975,NOx_AWB,0
Middle East,PalmFruit,PalmFruitAEZ03,PalmFruitAEZ03,1975,NOx_AWB,0
Middle East,PalmFruit,PalmFruitAEZ07,PalmFruitAEZ07,1975,NOx_AWB,0
Middle East,PalmFruit,PalmFruitAEZ08,PalmFruitAEZ08,1975,NOx_AWB,0
Middle East,PalmFruit,PalmFruitAEZ09,PalmFruitAEZ09,1975,NOx_AWB,0
Middle East,PalmFruit,PalmFruitAEZ10,PalmFruitAEZ10,1975,NOx_AWB,0
Middle East,Rice,RiceAEZ01,RiceAEZ01,1975,NOx_AWB,6.28742827729463e-08
Middle East,Rice,RiceAEZ02,RiceAEZ02,1975,NOx_AWB,0
Middle East,Rice,RiceAEZ03,RiceAEZ03,1975,NOx_AWB,0
Middle East,Rice,RiceAEZ07,RiceAEZ07,1975,NOx_AWB,0.000103281326663128
Middle East,Rice,RiceAEZ08,RiceAEZ08,1975,NOx_AWB,0.000102042128765592
Middle East,Rice,RiceAEZ09,RiceAEZ09,1975,NOx_AWB,3.99571326775459e-06
Middle East,Rice,RiceAEZ10,RiceAEZ10,1975,NOx_AWB,0
Middle East,Root_Tuber,Root_TuberAEZ01,Root_TuberAEZ01,1975,NOx_AWB,6.56079040141135e-06
Middle East,Root_Tuber,Root_TuberAEZ02,Root_TuberAEZ02,1975,NOx_AWB,2.23640247737467e-07
Middle East,Root_Tuber,Root_TuberAEZ03,Root_TuberAEZ03,1975,NOx_AWB,1.28274526125134e-06
Middle East,Root_Tuber,Root_TuberAEZ07,Root_TuberAEZ07,1975,NOx_AWB,4.21812024769798e-05
Middle East,Root_Tuber,Root_TuberAEZ08,Root_TuberAEZ08,1975,NOx_AWB,6.73706708113432e-05
Middle East,Root_Tuber,Root_TuberAEZ09,Root_TuberAEZ09,1975,NOx_AWB,1.99845899491802e-05
Middle East,Root_Tuber,Root_TuberAEZ10,Root_TuberAEZ10,1975,NOx_AWB,7.48159834218646e-06
Middle East,SugarCrop,SugarCropAEZ01,SugarCropAEZ01,1975,NOx_AWB,1.63529713572448e-06
Middle East,SugarCrop,SugarCropAEZ02,SugarCropAEZ02,1975,NOx_AWB,0
Middle East,SugarCrop,SugarCropAEZ03,SugarCropAEZ03,1975,NOx_AWB,0
Middle East,SugarCrop,SugarCropAEZ07,SugarCropAEZ07,1975,NOx_AWB,0.000243071882010403
Middle East,SugarCrop,SugarCropAEZ08,SugarCropAEZ08,1975,NOx_AWB,0.000455804473900861
Middle East,SugarCrop,SugarCropAEZ09,SugarCropAEZ09,1975,NOx_AWB,8.82759281796792e-05
Middle East,SugarCrop,SugarCropAEZ10,SugarCropAEZ10,1975,NOx_AWB,4.84358521928281e-05
Middle East,Wheat,WheatAEZ01,WheatAEZ01,1975,NOx_AWB,2.84571550128535e-05
Middle East,Wheat,WheatAEZ02,WheatAEZ02,1975,NOx_AWB,7.71159166477399e-08
Middle East,Wheat,WheatAEZ03,WheatAEZ03,1975,NOx_AWB,1.0623178108172e-06
Middle East,Wheat,WheatAEZ07,WheatAEZ07,1975,NOx_AWB,0.000317689546400556
Middle East,Wheat,WheatAEZ08,WheatAEZ08,1975,NOx_AWB,0.000526336397078443
Middle East,Wheat,WheatAEZ09,WheatAEZ09,1975,NOx_AWB,0.000162803017396334
Middle East,Wheat,WheatAEZ10,WheatAEZ10,1975,NOx_AWB,8.4952722979221e-05
Middle East,Corn,CornAEZ01,CornAEZ01,1975,SO2_AWB,1.41130138988608e-07
Middle East,Corn,CornAEZ02,CornAEZ02,1975,SO2_AWB,6.45917902489929e-09
Middle East,Corn,CornAEZ03,CornAEZ03,1975,SO2_AWB,2.23343407459753e-08
Middle East,Corn,CornAEZ07,CornAEZ07,1975,SO2_AWB,1.09308939939509e-06
Middle East,Corn,CornAEZ08,CornAEZ08,1975,SO2_AWB,1.98363774730768e-06
Middle East,Corn,CornAEZ09,CornAEZ09,1975,SO2_AWB,7.05906431669141e-07
Middle East,Corn,CornAEZ10,CornAEZ10,1975,SO2_AWB,1.41872993288229e-07
Middle East,FiberCrop,FiberCropAEZ01,FiberCropAEZ01,1975,SO2_AWB,3.65612309673767e-07
Middle East,FiberCrop,FiberCropAEZ02,FiberCropAEZ02,1975,SO2_AWB,4.21422288409013e-08
Middle East,FiberCrop,FiberCropAEZ03,FiberCropAEZ03,1975,SO2_AWB,2.5095026862974e-07
Middle East,FiberCrop,FiberCropAEZ07,FiberCropAEZ07,1975,SO2_AWB,5.18091342250359e-06
Middle East,FiberCrop,FiberCropAEZ08,FiberCropAEZ08,1975,SO2_AWB,6.55453670434309e-06
Middle East,FiberCrop,FiberCropAEZ09,FiberCropAEZ09,1975,SO2_AWB,7.82265303077453e-06
Middle East,FiberCrop,FiberCropAEZ10,FiberCropAEZ10,1975,SO2_AWB,3.98809947761025e-06
Middle East,FodderGrass,FodderGrassAEZ01,FodderGrassAEZ01,1975,SO2_AWB,9.74050506817232e-06
Middle East,FodderGrass,FodderGrassAEZ02,FodderGrassAEZ02,1975,SO2_AWB,3.47088531372519e-07
Middle East,FodderGrass,FodderGrassAEZ03,FodderGrassAEZ03,1975,SO2_AWB,2.08191409147885e-06
Middle East,FodderGrass,FodderGrassAEZ07,FodderGrassAEZ07,1975,SO2_AWB,8.76507953349083e-06
Middle East,FodderGrass,FodderGrassAEZ08,FodderGrassAEZ08,1975,SO2_AWB,1.56356000937463e-05
Middle East,FodderGrass,FodderGrassAEZ09,FodderGrassAEZ09,1975,SO2_AWB,9.6440600383216e-06
Middle East,FodderGrass,FodderGrassAEZ10,FodderGrassAEZ10,1975,SO2_AWB,6.11804110458789e-07
Middle East,FodderHerb,FodderHerbAEZ01,FodderHerbAEZ01,1975,SO2_AWB,2.84569136434676e-05
Middle East,FodderHerb,FodderHerbAEZ02,FodderHerbAEZ02,1975,SO2_AWB,5.33787328546259e-09
Middle East,FodderHerb,FodderHerbAEZ03,FodderHerbAEZ03,1975,SO2_AWB,3.53906018769696e-08
Middle East,FodderHerb,FodderHerbAEZ07,FodderHerbAEZ07,1975,SO2_AWB,3.85319570386094e-05
Middle East,FodderHerb,FodderHerbAEZ08,FodderHerbAEZ08,1975,SO2_AWB,6.67665373831934e-05
Middle East,FodderHerb,FodderHerbAEZ09,FodderHerbAEZ09,1975,SO2_AWB,1.29217027719325e-05
Middle East,FodderHerb,FodderHerbAEZ10,FodderHerbAEZ10,1975,SO2_AWB,8.47190769612316e-07
Middle East,MiscCrop,MiscCropAEZ01,MiscCropAEZ01,1975,SO2_AWB,4.73955411243005e-05
Middle East,MiscCrop,MiscCropAEZ02,MiscCropAEZ02,1975,SO2_AWB,5.27310604458619e-07
Middle East,MiscCrop,MiscCropAEZ03,MiscCropAEZ03,1975,SO2_AWB,3.89987117565861e-06
Middle East,MiscCrop,MiscCropAEZ07,MiscCropAEZ07,1975,SO2_AWB,8.09326934138776e-05
Middle East,MiscCrop,MiscCropAEZ08,MiscCropAEZ08,1975,SO2_AWB,0.000151157940439729
Middle East,MiscCrop,MiscCropAEZ09,MiscCropAEZ09,1975,SO2_AWB,5.52658247561468e-05
Middle East,MiscCrop,MiscCropAEZ10,MiscCropAEZ10,1975,SO2_AWB,2.26001943331971e-05
Middle East,OilCrop,OilCropAEZ01,OilCropAEZ01,1975,SO2_AWB,1.8443349020528e-07
Middle East,OilCrop,OilCropAEZ02,OilCropAEZ02,1975,SO2_AWB,4.05339183762674e-08
Middle East,OilCrop,OilCropAEZ03,OilCropAEZ03,1975,SO2_AWB,2.29287142387971e-07
Middle East,OilCrop,OilCropAEZ07,OilCropAEZ07,1975,SO2_AWB,9.14227131081643e-07
Middle East,OilCrop,OilCropAEZ08,OilCropAEZ08,1975,SO2_AWB,3.11570164373143e-06
Middle East,OilCrop,OilCropAEZ09,OilCropAEZ09,1975,SO2_AWB,3.11357090798105e-06
Middle East,OilCrop,OilCropAEZ10,OilCropAEZ10,1975,SO2_AWB,2.25872138956804e-06
Middle East,OtherGrain,OtherGrainAEZ01,OtherGrainAEZ01,1975,SO2_AWB,9.40507323945979e-06
Middle East,OtherGrain,OtherGrainAEZ02,OtherGrainAEZ02,1975,SO2_AWB,1.56634494045786e-08
Middle East,OtherGrain,OtherGrainAEZ03,OtherGrainAEZ03,1975,SO2_AWB,2.88819495063277e-08
Middle East,OtherGrain,OtherGrainAEZ07,OtherGrainAEZ07,1975,SO2_AWB,1.5165705048122e-05
Middle East,OtherGrain,OtherGrainAEZ08,OtherGrainAEZ08,1975,SO2_AWB,3.05247503775651e-05
Middle East,OtherGrain,OtherGrainAEZ09,OtherGrainAEZ09,1975,SO2_AWB,9.70106984376684e-06
Middle East,OtherGrain,OtherGrainAEZ10,OtherGrainAEZ10,1975,SO2_AWB,3.98261735404513e-06
Middle East,PalmFruit,PalmFruitAEZ01,PalmFruitAEZ01,1975,SO2_AWB,0
Middle East,PalmFruit,PalmFruitAEZ02,PalmFruitAEZ02,1975,SO2_AWB,0
Middle East,PalmFruit,PalmFruitAEZ03,PalmFruitAEZ03,1975,SO2_AWB,0
Middle East,PalmFruit,PalmFruitAEZ07,PalmFruitAEZ07,1975,SO2_AWB,0
Middle East,PalmFruit,PalmFruitAEZ08,PalmFruitAEZ08,1975,SO2_AWB,0
Middle East,PalmFruit,PalmFruitAEZ09,PalmFruitAEZ09,1975,SO2_AWB,0
Middle East,PalmFruit,PalmFruitAEZ10,PalmFruitAEZ10,1975,SO2_AWB,0
Middle East,Rice,RiceAEZ01,RiceAEZ01,1975,SO2_AWB,9.55972962040505e-09
Middle East,Rice,RiceAEZ02,RiceAEZ02,1975,SO2_AWB,0
Middle East,Rice,RiceAEZ03,RiceAEZ03,1975,SO2_AWB,0
Middle East,Rice,RiceAEZ07,RiceAEZ07,1975,SO2_AWB,1.57034245830168e-05
Middle East,Rice,RiceAEZ08,RiceAEZ08,1975,SO2_AWB,1.5515010555466e-05
Middle East,Rice,RiceAEZ09,RiceAEZ09,1975,SO2_AWB,6.07528814576553e-07
Middle East,Rice,RiceAEZ10,RiceAEZ10,1975,SO2_AWB,0
Middle East,Root_Tuber,Root_TuberAEZ01,Root_TuberAEZ01,1975,SO2_AWB,9.9753634661942e-07
Middle East,Root_Tuber,Root_TuberAEZ02,Root_TuberAEZ02,1975,SO2_AWB,3.40034145332709e-08
Middle East,Root_Tuber,Root_TuberAEZ03,Root_TuberAEZ03,1975,SO2_AWB,1.95035192905534e-07
Middle East,Root_Tuber,Root_TuberAEZ07,Root_TuberAEZ07,1975,SO2_AWB,6.41344716725729e-06
Middle East,Root_Tuber,Root_TuberAEZ08,Root_TuberAEZ08,1975,SO2_AWB,1.02433836045105e-05
Middle East,Root_Tuber,Root_TuberAEZ09,Root_TuberAEZ09,1975,SO2_AWB,3.03855993361775e-06
Middle East,Root_Tuber,Root_TuberAEZ10,Root_TuberAEZ10,1975,SO2_AWB,1.13754072611939e-06
Middle East,SugarCrop,SugarCropAEZ01,SugarCropAEZ01,1975,SO2_AWB,2.48638994785886e-07
Middle East,SugarCrop,SugarCropAEZ02,SugarCropAEZ02,1975,SO2_AWB,0
Middle East,SugarCrop,SugarCropAEZ03,SugarCropAEZ03,1975,SO2_AWB,0
Middle East,SugarCrop,SugarCropAEZ07,SugarCropAEZ07,1975,SO2_AWB,3.69579002393376e-05
Middle East,SugarCrop,SugarCropAEZ08,SugarCropAEZ08,1975,SO2_AWB,6.93028586266132e-05
Middle East,SugarCrop,SugarCropAEZ09,SugarCropAEZ09,1975,SO2_AWB,1.34219265519978e-05
Middle East,SugarCrop,SugarCropAEZ10,SugarCropAEZ10,1975,SO2_AWB,7.36443630807626e-06
Middle East,Wheat,WheatAEZ01,WheatAEZ01,1975,SO2_AWB,4.32677234142366e-06
Middle East,Wheat,WheatAEZ02,WheatAEZ02,1975,SO2_AWB,1.17251009485756e-08
Middle East,Wheat,WheatAEZ03,WheatAEZ03,1975,SO2_AWB,1.61520268613271e-07
Middle East,Wheat,WheatAEZ07,WheatAEZ07,1975,SO2_AWB,4.83031540540327e-05
Middle East,Wheat,WheatAEZ08,WheatAEZ08,1975,SO2_AWB,8.00268953145512e-05
Middle East,Wheat,WheatAEZ09,WheatAEZ09,1975,SO2_AWB,2.47534088510465e-05
Middle East,Wheat,WheatAEZ10,WheatAEZ10,1975,SO2_AWB,1.29166493259461e-05
Pakistan,Corn,CornAEZ01,CornAEZ01,1975,CH4_AWB,1.64446540995831e-08
Pakistan,Corn,CornAEZ07,CornAEZ07,1975,CH4_AWB,3.81062665237452e-05
Pakistan,Corn,CornAEZ08,CornAEZ08,1975,CH4_AWB,7.35265368150538e-06
Pakistan,Corn,CornAEZ09,CornAEZ09,1975,CH4_AWB,1.20725398793703e-05
Pakistan,Corn,CornAEZ10,CornAEZ10,1975,CH4_AWB,1.59563993367449e-05
Pakistan,Corn,CornAEZ11,CornAEZ11,1975,CH4_AWB,5.96583921719282e-06
Pakistan,Corn,CornAEZ12,CornAEZ12,1975,CH4_AWB,1.0220298428634e-05
Pakistan,Corn,CornAEZ13,CornAEZ13,1975,CH4_AWB,1.02129957039516e-07
Pakistan,Corn,CornAEZ14,CornAEZ14,1975,CH4_AWB,1.66864554279553e-06
Pakistan,FiberCrop,FiberCropAEZ01,FiberCropAEZ01,1975,CH4_AWB,2.60174045975977e-05
Pakistan,FiberCrop,FiberCropAEZ07,FiberCropAEZ07,1975,CH4_AWB,0.000117677575552852
Pakistan,FiberCrop,FiberCropAEZ08,FiberCropAEZ08,1975,CH4_AWB,1.91569748873797e-05
Pakistan,FiberCrop,FiberCropAEZ09,FiberCropAEZ09,1975,CH4_AWB,8.81265485047607e-06
Pakistan,FiberCrop,FiberCropAEZ10,FiberCropAEZ10,1975,CH4_AWB,2.14301425941342e-05
Pakistan,FiberCrop,FiberCropAEZ11,FiberCropAEZ11,1975,CH4_AWB,5.08787574550154e-06
Pakistan,FiberCrop,FiberCropAEZ12,FiberCropAEZ12,1975,CH4_AWB,8.00423027286209e-07
Pakistan,FiberCrop,FiberCropAEZ13,FiberCropAEZ13,1975,CH4_AWB,0
Pakistan,FiberCrop,FiberCropAEZ14,FiberCropAEZ14,1975,CH4_AWB,0
Pakistan,FodderGrass,FodderGrassAEZ01,FodderGrassAEZ01,1975,CH4_AWB,0
Pakistan,FodderGrass,FodderGrassAEZ07,FodderGrassAEZ07,1975,CH4_AWB,0
Pakistan,FodderGrass,FodderGrassAEZ08,FodderGrassAEZ08,1975,CH4_AWB,0
Pakistan,FodderGrass,FodderGrassAEZ09,FodderGrassAEZ09,1975,CH4_AWB,0
Pakistan,FodderGrass,FodderGrassAEZ10,FodderGrassAEZ10,1975,CH4_AWB,0
Pakistan,FodderGrass,FodderGrassAEZ11,FodderGrassAEZ11,1975,CH4_AWB,0
Pakistan,FodderGrass,FodderGrassAEZ12,FodderGrassAEZ12,1975,CH4_AWB,0
Pakistan,FodderGrass,FodderGrassAEZ13,FodderGrassAEZ13,1975,CH4_AWB,0
Pakistan,FodderGrass,FodderGrassAEZ14,FodderGrassAEZ14,1975,CH4_AWB,0
Pakistan,FodderHerb,FodderHerbAEZ01,FodderHerbAEZ01,1975,CH4_AWB,0
Pakistan,FodderHerb,FodderHerbAEZ07,FodderHerbAEZ07,1975,CH4_AWB,0
Pakistan,FodderHerb,FodderHerbAEZ08,FodderHerbAEZ08,1975,CH4_AWB,0
Pakistan,FodderHerb,FodderHerbAEZ09,FodderHerbAEZ09,1975,CH4_AWB,0
Pakistan,FodderHerb,FodderHerbAEZ10,FodderHerbAEZ10,1975,CH4_AWB,0
Pakistan,FodderHerb,FodderHerbAEZ11,FodderHerbAEZ11,1975,CH4_AWB,0
Pakistan,FodderHerb,FodderHerbAEZ12,FodderHerbAEZ12,1975,CH4_AWB,0
Pakistan,FodderHerb,FodderHerbAEZ13,FodderHerbAEZ13,1975,CH4_AWB,0
Pakistan,FodderHerb,FodderHerbAEZ14,FodderHerbAEZ14,1975,CH4_AWB,0
Pakistan,MiscCrop,MiscCropAEZ01,MiscCropAEZ01,1975,CH4_AWB,7.58082240925878e-05
Pakistan,MiscCrop,MiscCropAEZ07,MiscCropAEZ07,1975,CH4_AWB,0.000330264929820925
Pakistan,MiscCrop,MiscCropAEZ08,MiscCropAEZ08,1975,CH4_AWB,4.93641336022083e-05
Pakistan,MiscCrop,MiscCropAEZ09,MiscCropAEZ09,1975,CH4_AWB,3.17949914721176e-05
Pakistan,MiscCrop,MiscCropAEZ10,MiscCropAEZ10,1975,CH4_AWB,6.70882082384302e-05
Pakistan,MiscCrop,MiscCropAEZ11,MiscCropAEZ11,1975,CH4_AWB,2.10717626726871e-05
Pakistan,MiscCrop,MiscCropAEZ12,MiscCropAEZ12,1975,CH4_AWB,1.69625978507717e-05
Pakistan,MiscCrop,MiscCropAEZ13,MiscCropAEZ13,1975,CH4_AWB,4.96270636404743e-07
Pakistan,MiscCrop,MiscCropAEZ14,MiscCropAEZ14,1975,CH4_AWB,1.19032745084839e-06
Pakistan,OilCrop,OilCropAEZ01,OilCropAEZ01,1975,CH4_AWB,6.04669986875163e-06
Pakistan,OilCrop,OilCropAEZ07,OilCropAEZ07,1975,CH4_AWB,3.07442817055998e-05
Pakistan,OilCrop,OilCropAEZ08,OilCropAEZ08,1975,CH4_AWB,4.72006351682039e-06
Pakistan,OilCrop,OilCropAEZ09,OilCropAEZ09,1975,CH4_AWB,2.82883835246778e-06
Pakistan,OilCrop,OilCropAEZ10,OilCropAEZ10,1975,CH4_AWB,4.75483982994941e-06
Pakistan,OilCrop,OilCropAEZ11,OilCropAEZ11,1975,CH4_AWB,1.19132028607573e-06
Pakistan,OilCrop,OilCropAEZ12,OilCropAEZ12,1975,CH4_AWB,1.32798361829943e-06
Pakistan,OilCrop,OilCropAEZ13,OilCropAEZ13,1975,CH4_AWB,0
Pakistan,OilCrop,OilCropAEZ14,OilCropAEZ14,1975,CH4_AWB,1.9535362338816e-08
Pakistan,OtherGrain,OtherGrainAEZ01,OtherGrainAEZ01,1975,CH4_AWB,1.03490914762356e-05
Pakistan,OtherGrain,OtherGrainAEZ07,OtherGrainAEZ07,1975,CH4_AWB,4.97956869356749e-05
Pakistan,OtherGrain,OtherGrainAEZ08,OtherGrainAEZ08,1975,CH4_AWB,7.18706706016508e-06
Pakistan,OtherGrain,OtherGrainAEZ09,OtherGrainAEZ09,1975,CH4_AWB,4.60033648263186e-06
Pakistan,OtherGrain,OtherGrainAEZ10,OtherGrainAEZ10,1975,CH4_AWB,9.31455418565824e-06
Pakistan,OtherGrain,OtherGrainAEZ11,OtherGrainAEZ11,1975,CH4_AWB,2.48385012808836e-06
Pakistan,OtherGrain,OtherGrainAEZ12,OtherGrainAEZ12,1975,CH4_AWB,2.0951045743878e-06
Pakistan,OtherGrain,OtherGrainAEZ13,OtherGrainAEZ13,1975,CH4_AWB,0
Pakistan,OtherGrain,OtherGrainAEZ14,OtherGrainAEZ14,1975,CH4_AWB,3.19177297976546e-08
Pakistan,PalmFruit,PalmFruitAEZ01,PalmFruitAEZ01,1975,CH4_AWB,0
Pakistan,PalmFruit,PalmFruitAEZ07,PalmFruitAEZ07,1975,CH4_AWB,0
Pakistan,PalmFruit,PalmFruitAEZ08,PalmFruitAEZ08,1975,CH4_AWB,0
Pakistan,PalmFruit,PalmFruitAEZ09,PalmFruitAEZ09,1975,CH4_AWB,0
Pakistan,PalmFruit,PalmFruitAEZ10,PalmFruitAEZ10,1975,CH4_AWB,0
Pakistan,PalmFruit,PalmFruitAEZ11,PalmFruitAEZ11,1975,CH4_AWB,0
Pakistan,PalmFruit,PalmFruitAEZ12,PalmFruitAEZ12,1975,CH4_AWB,0
Pakistan,PalmFruit,PalmFruitAEZ13,PalmFruitAEZ13,1975,CH4_AWB,0
Pakistan,PalmFruit,PalmFruitAEZ14,PalmFruitAEZ14,1975,CH4_AWB,0
Pakistan,Rice,RiceAEZ01,RiceAEZ01,1975,CH4_AWB,9.25245461853555e-05
Pakistan,Rice,RiceAEZ07,RiceAEZ07,1975,CH4_AWB,0.000247343702896145
Pakistan,Rice,RiceAEZ08,RiceAEZ08,1975,CH4_AWB,4.21933711994448e-05
Pakistan,Rice,RiceAEZ09,RiceAEZ09,1975,CH4_AWB,1.60423785430812e-05
Pakistan,Rice,RiceAEZ10,RiceAEZ10,1975,CH4_AWB,4.63401307985923e-05
Pakistan,Rice,RiceAEZ11,RiceAEZ11,1975,CH4_AWB,9.46717171975664e-06
Pakistan,Rice,RiceAEZ12,RiceAEZ12,1975,CH4_AWB,4.17779007093047e-06
Pakistan,Rice,RiceAEZ13,RiceAEZ13,1975,CH4_AWB,7.80141095022436e-08
Pakistan,Rice,RiceAEZ14,RiceAEZ14,1975,CH4_AWB,1.47282130385069e-06
Pakistan,Root_Tuber,Root_TuberAEZ01,Root_TuberAEZ01,1975,CH4_AWB,1.77347528943307e-08
Pakistan,Root_Tuber,Root_TuberAEZ07,Root_TuberAEZ07,1975,CH4_AWB,2.03732216637474e-05
Pakistan,Root_Tuber,Root_TuberAEZ08,Root_TuberAEZ08,1975,CH4_AWB,4.61052662086396e-06
Pakistan,Root_Tuber,Root_TuberAEZ09,Root_TuberAEZ09,1975,CH4_AWB,2.31707940775511e-06
Pakistan,Root_Tuber,Root_TuberAEZ10,Root_TuberAEZ10,1975,CH4_AWB,5.12044319421442e-06
Pakistan,Root_Tuber,Root_TuberAEZ11,Root_TuberAEZ11,1975,CH4_AWB,1.23929010685874e-06
Pakistan,Root_Tuber,Root_TuberAEZ12,Root_TuberAEZ12,1975,CH4_AWB,7.96960761643798e-07
Pakistan,Root_Tuber,Root_TuberAEZ13,Root_TuberAEZ13,1975,CH4_AWB,0
Pakistan,Root_Tuber,Root_TuberAEZ14,Root_TuberAEZ14,1975,CH4_AWB,0
Pakistan,SugarCrop,SugarCropAEZ01,SugarCropAEZ01,1975,CH4_AWB,0.0004497991075489
Pakistan,SugarCrop,SugarCropAEZ07,SugarCropAEZ07,1975,CH4_AWB,0.00152796726789261
Pakistan,SugarCrop,SugarCropAEZ08,SugarCropAEZ08,1975,CH4_AWB,0.000234617634759129
Pakistan,SugarCrop,SugarCropAEZ09,SugarCropAEZ09,1975,CH4_AWB,0.000161136286009218
Pakistan,SugarCrop,SugarCropAEZ10,SugarCropAEZ10,1975,CH4_AWB,0.000305349220116134
Pakistan,SugarCrop,SugarCropAEZ11,SugarCropAEZ11,1975,CH4_AWB,8.57120362834518e-05
Pakistan,SugarCrop,SugarCropAEZ12,SugarCropAEZ12,1975,CH4_AWB,7.51654908791322e-05
Pakistan,SugarCrop,SugarCropAEZ13,SugarCropAEZ13,1975,CH4_AWB,2.15729285619914e-08
Pakistan,SugarCrop,SugarCropAEZ14,SugarCropAEZ14,1975,CH4_AWB,2.95031603606015e-06
Pakistan,Wheat,WheatAEZ01,WheatAEZ01,1975,CH4_AWB,7.04619647708362e-05
Pakistan,Wheat,WheatAEZ07,WheatAEZ07,1975,CH4_AWB,0.00056226490258597
Pakistan,Wheat,WheatAEZ08,WheatAEZ08,1975,CH4_AWB,0.000105685302483321
Pakistan,Wheat,WheatAEZ09,WheatAEZ09,1975,CH4_AWB,5.27817412586097e-05
Pakistan,Wheat,WheatAEZ10,WheatAEZ10,1975,CH4_AWB,0.000116611692489096
Pakistan,Wheat,WheatAEZ11,WheatAEZ11,1975,CH4_AWB,2.79535753731616e-05
Pakistan,Wheat,WheatAEZ12,WheatAEZ12,1975,CH4_AWB,1.47759405186249e-05
Pakistan,Wheat,WheatAEZ13,WheatAEZ13,1975,CH4_AWB,6.6946553263299e-08
Pakistan,Wheat,WheatAEZ14,WheatAEZ14,1975,CH4_AWB,5.86932753000187e-07
Pakistan,Corn,CornAEZ01,CornAEZ01,1975,CO_AWB,6.90613533748971e-07
Pakistan,Corn,CornAEZ07,CornAEZ07,1975,CO_AWB,0.00160031966756971
Pakistan,Corn,CornAEZ08,CornAEZ08,1975,CO_AWB,0.000308783761012373
Pakistan,Corn,CornAEZ09,CornAEZ09,1975,CO_AWB,0.000507001203973554
Pakistan,Corn,CornAEZ10,CornAEZ10,1975,CO_AWB,0.000670108672710757
Pakistan,Corn,CornAEZ11,CornAEZ11,1975,CO_AWB,0.000250542776917891
Pakistan,Corn,CornAEZ12,CornAEZ12,1975,CO_AWB,0.00042921403946994
Pakistan,Corn,CornAEZ13,CornAEZ13,1975,CO_AWB,4.28907352538834e-06
Pakistan,Corn,CornAEZ14,CornAEZ14,1975,CO_AWB,7.00768278801137e-05
Pakistan,FiberCrop,FiberCropAEZ01,FiberCropAEZ01,1975,CO_AWB,0.00109263299910815
Pakistan,FiberCrop,FiberCropAEZ07,FiberCropAEZ07,1975,CO_AWB,0.00494201494318005
Pakistan,FiberCrop,FiberCropAEZ08,FiberCropAEZ08,1975,CO_AWB,0.000804520790938922
Pakistan,FiberCrop,FiberCropAEZ09,FiberCropAEZ09,1975,CO_AWB,0.000370098311046359
Pakistan,FiberCrop,FiberCropAEZ10,FiberCropAEZ10,1975,CO_AWB,0.000899985272785675
Pakistan,FiberCrop,FiberCropAEZ11,FiberCropAEZ11,1975,CO_AWB,0.000213671617937259
Pakistan,FiberCrop,FiberCropAEZ12,FiberCropAEZ12,1975,CO_AWB,3.36147523700235e-05
Pakistan,FiberCrop,FiberCropAEZ13,FiberCropAEZ13,1975,CO_AWB,0
Pakistan,FiberCrop,FiberCropAEZ14,FiberCropAEZ14,1975,CO_AWB,0
Pakistan,FodderGrass,FodderGrassAEZ01,FodderGrassAEZ01,1975,CO_AWB,0
Pakistan,FodderGrass,FodderGrassAEZ07,FodderGrassAEZ07,1975,CO_AWB,0
Pakistan,FodderGrass,FodderGrassAEZ08,FodderGrassAEZ08,1975,CO_AWB,0
Pakistan,FodderGrass,FodderGrassAEZ09,FodderGrassAEZ09,1975,CO_AWB,0
Pakistan,FodderGrass,FodderGrassAEZ10,FodderGrassAEZ10,1975,CO_AWB,0
Pakistan,FodderGrass,FodderGrassAEZ11,FodderGrassAEZ11,1975,CO_AWB,0
Pakistan,FodderGrass,FodderGrassAEZ12,FodderGrassAEZ12,1975,CO_AWB,0
Pakistan,FodderGrass,FodderGrassAEZ13,FodderGrassAEZ13,1975,CO_AWB,0
Pakistan,FodderGrass,FodderGrassAEZ14,FodderGrassAEZ14,1975,CO_AWB,0
Pakistan,FodderHerb,FodderHerbAEZ01,FodderHerbAEZ01,1975,CO_AWB,0
Pakistan,FodderHerb,FodderHerbAEZ07,FodderHerbAEZ07,1975,CO_AWB,0
Pakistan,FodderHerb,FodderHerbAEZ08,FodderHerbAEZ08,1975,CO_AWB,0
Pakistan,FodderHerb,FodderHerbAEZ09,FodderHerbAEZ09,1975,CO_AWB,0
Pakistan,FodderHerb,FodderHerbAEZ10,FodderHerbAEZ10,1975,CO_AWB,0
Pakistan,FodderHerb,FodderHerbAEZ11,FodderHerbAEZ11,1975,CO_AWB,0
Pakistan,FodderHerb,FodderHerbAEZ12,FodderHerbAEZ12,1975,CO_AWB,0
Pakistan,FodderHerb,FodderHerbAEZ13,FodderHerbAEZ13,1975,CO_AWB,0
Pakistan,FodderHerb,FodderHerbAEZ14,FodderHerbAEZ14,1975,CO_AWB,0
Pakistan,MiscCrop,MiscCropAEZ01,MiscCropAEZ01,1975,CO_AWB,0.00318365988185444
Pakistan,MiscCrop,MiscCropAEZ07,MiscCropAEZ07,1975,CO_AWB,0.0138698831167733
Pakistan,MiscCrop,MiscCropAEZ08,MiscCropAEZ08,1975,CO_AWB,0.00207310768235263
Pakistan,MiscCrop,MiscCropAEZ09,MiscCropAEZ09,1975,CO_AWB,0.00133526988668215
Pakistan,MiscCrop,MiscCropAEZ10,MiscCropAEZ10,1975,CO_AWB,0.00281745205973069
Pakistan,MiscCrop,MiscCropAEZ11,MiscCropAEZ11,1975,CO_AWB,0.000884934665915108
Pakistan,MiscCrop,MiscCropAEZ12,MiscCropAEZ12,1975,CO_AWB,0.00071236522047497
Pakistan,MiscCrop,MiscCropAEZ13,MiscCropAEZ13,1975,CO_AWB,2.08414975363951e-05
Pakistan,MiscCrop,MiscCropAEZ14,MiscCropAEZ14,1975,CO_AWB,4.99892695930679e-05
Pakistan,OilCrop,OilCropAEZ01,OilCropAEZ01,1975,CO_AWB,0.000253938619723468
Pakistan,OilCrop,OilCropAEZ07,OilCropAEZ07,1975,CO_AWB,0.00129114403396398
Pakistan,OilCrop,OilCropAEZ08,OilCropAEZ08,1975,CO_AWB,0.000198224889689444
Pakistan,OilCrop,OilCropAEZ09,OilCropAEZ09,1975,CO_AWB,0.000118800556045257
Pakistan,OilCrop,OilCropAEZ10,OilCropAEZ10,1975,CO_AWB,0.000199685363856633
Pakistan,OilCrop,OilCropAEZ11,OilCropAEZ11,1975,CO_AWB,5.00309649331237e-05
Pakistan,OilCrop,OilCropAEZ12,OilCropAEZ12,1975,CO_AWB,5.5770310147038e-05
Pakistan,OilCrop,OilCropAEZ13,OilCropAEZ13,1975,CO_AWB,0
Pakistan,OilCrop,OilCropAEZ14,OilCropAEZ14,1975,CO_AWB,8.20411638711104e-07
Pakistan,OtherGrain,OtherGrainAEZ01,OtherGrainAEZ01,1975,CO_AWB,0.000434622862372984
Pakistan,OtherGrain,OtherGrainAEZ07,OtherGrainAEZ07,1975,CO_AWB,0.00209123129692194
Pakistan,OtherGrain,OtherGrainAEZ08,OtherGrainAEZ08,1975,CO_AWB,0.000301829746594503
Pakistan,OtherGrain,OtherGrainAEZ09,OtherGrainAEZ09,1975,CO_AWB,0.000193196805202807
Pakistan,OtherGrain,OtherGrainAEZ10,OtherGrainAEZ10,1975,CO_AWB,0.000391176192731033
Pakistan,OtherGrain,OtherGrainAEZ11,OtherGrainAEZ11,1975,CO_AWB,0.000104312350011997
Pakistan,OtherGrain,OtherGrainAEZ12,OtherGrainAEZ12,1975,CO_AWB,8.79865009582823e-05
Pakistan,OtherGrain,OtherGrainAEZ13,OtherGrainAEZ13,1975,CO_AWB,0
Pakistan,OtherGrain,OtherGrainAEZ14,OtherGrainAEZ14,1975,CO_AWB,1.34042443406346e-06
Pakistan,PalmFruit,PalmFruitAEZ01,PalmFruitAEZ01,1975,CO_AWB,0
Pakistan,PalmFruit,PalmFruitAEZ07,PalmFruitAEZ07,1975,CO_AWB,0
Pakistan,PalmFruit,PalmFruitAEZ08,PalmFruitAEZ08,1975,CO_AWB,0
Pakistan,PalmFruit,PalmFruitAEZ09,PalmFruitAEZ09,1975,CO_AWB,0
Pakistan,PalmFruit,PalmFruitAEZ10,PalmFruitAEZ10,1975,CO_AWB,0
Pakistan,PalmFruit,PalmFruitAEZ11,PalmFruitAEZ11,1975,CO_AWB,0
Pakistan,PalmFruit,PalmFruitAEZ12,PalmFruitAEZ12,1975,CO_AWB,0
Pakistan,PalmFruit,PalmFruitAEZ13,PalmFruitAEZ13,1975,CO_AWB,0
Pakistan,PalmFruit,PalmFruitAEZ14,PalmFruitAEZ14,1975,CO_AWB,0
Pakistan,Rice,RiceAEZ01,RiceAEZ01,1975,CO_AWB,0.00388568244808555
Pakistan,Rice,RiceAEZ07,RiceAEZ07,1975,CO_AWB,0.0103875039069379
Pakistan,Rice,RiceAEZ08,RiceAEZ08,1975,CO_AWB,0.00177196266995785
Pakistan,Rice,RiceAEZ09,RiceAEZ09,1975,CO_AWB,0.000673719475538062
Pakistan,Rice,RiceAEZ10,RiceAEZ10,1975,CO_AWB,0.00194611095444183
Pakistan,Rice,RiceAEZ11,RiceAEZ11,1975,CO_AWB,0.000397585554332529
Pakistan,Rice,RiceAEZ12,RiceAEZ12,1975,CO_AWB,0.000175451447423257
Pakistan,Rice,RiceAEZ13,RiceAEZ13,1975,CO_AWB,3.27629876064036e-06
Pakistan,Rice,RiceAEZ14,RiceAEZ14,1975,CO_AWB,6.18529474121854e-05
Pakistan,Root_Tuber,Root_TuberAEZ01,Root_TuberAEZ01,1975,CO_AWB,7.447928239992e-07
Pakistan,Root_Tuber,Root_TuberAEZ07,Root_TuberAEZ07,1975,CO_AWB,0.000855598574579221
Pakistan,Root_Tuber,Root_TuberAEZ08,Root_TuberAEZ08,1975,CO_AWB,0.00019362475262762
Pakistan,Root_Tuber,Root_TuberAEZ09,Root_TuberAEZ09,1975,CO_AWB,9.73086078963068e-05
Pakistan,Root_Tuber,Root_TuberAEZ10,Root_TuberAEZ10,1975,CO_AWB,0.00021503932811861
Pakistan,Root_Tuber,Root_TuberAEZ11,Root_TuberAEZ11,1975,CO_AWB,5.20455167287192e-05
Pakistan,Root_Tuber,Root_TuberAEZ12,Root_TuberAEZ12,1975,CO_AWB,3.34693502535908e-05
Pakistan,Root_Tuber,Root_TuberAEZ13,Root_TuberAEZ13,1975,CO_AWB,0
Pakistan,Root_Tuber,Root_TuberAEZ14,Root_TuberAEZ14,1975,CO_AWB,0
Pakistan,SugarCrop,SugarCropAEZ01,SugarCropAEZ01,1975,CO_AWB,0.0188898683584566
Pakistan,SugarCrop,SugarCropAEZ07,SugarCropAEZ07,1975,CO_AWB,0.0641688701958669
Pakistan,SugarCrop,SugarCropAEZ08,SugarCropAEZ08,1975,CO_AWB,0.00985305697764326
Pakistan,SugarCrop,SugarCropAEZ09,SugarCropAEZ09,1975,CO_AWB,0.00676711709605566
Pakistan,SugarCrop,SugarCropAEZ10,SugarCropAEZ10,1975,CO_AWB,0.0128235171536531
Pakistan,SugarCrop,SugarCropAEZ11,SugarCropAEZ11,1975,CO_AWB,0.0035995826913766
Pakistan,SugarCrop,SugarCropAEZ12,SugarCropAEZ12,1975,CO_AWB,0.00315666750773003
Pakistan,SugarCrop,SugarCropAEZ13,SugarCropAEZ13,1975,CO_AWB,9.05981745635421e-07
Pakistan,SugarCrop,SugarCropAEZ14,SugarCropAEZ14,1975,CO_AWB,0.000123902161213072
Pakistan,Wheat,WheatAEZ01,WheatAEZ01,1975,CO_AWB,0.00295913712691082
Pakistan,Wheat,WheatAEZ07,WheatAEZ07,1975,CO_AWB,0.0236130081500323
Pakistan,Wheat,WheatAEZ08,WheatAEZ08,1975,CO_AWB,0.00443838464289652
Pakistan,Wheat,WheatAEZ09,WheatAEZ09,1975,CO_AWB,0.00221663433157627
Pakistan,Wheat,WheatAEZ10,WheatAEZ10,1975,CO_AWB,0.00489725186912777
Pakistan,Wheat,WheatAEZ11,WheatAEZ11,1975,CO_AWB,0.00117394487913654
Pakistan,Wheat,WheatAEZ12,WheatAEZ12,1975,CO_AWB,0.000620533848522287
Pakistan,Wheat,WheatAEZ13,WheatAEZ13,1975,CO_AWB,2.81150308431557e-06
Pakistan,Wheat,WheatAEZ14,WheatAEZ14,1975,CO_AWB,2.4648964956505e-05
Pakistan,Corn,CornAEZ01,CornAEZ01,1975,N2O_AWB,4.27375191288601e-10
Pakistan,Corn,CornAEZ07,CornAEZ07,1975,N2O_AWB,9.90332350334621e-07
Pakistan,Corn,CornAEZ08,CornAEZ08,1975,N2O_AWB,1.91085914886581e-07
Pakistan,Corn,CornAEZ09,CornAEZ09,1975,N2O_AWB,3.13749623983635e-07
Pakistan,Corn,CornAEZ10,CornAEZ10,1975,N2O_AWB,4.14686084457778e-07
Pakistan,Corn,CornAEZ11,CornAEZ11,1975,N2O_AWB,1.5504440903439e-07
Pakistan,Corn,CornAEZ12,CornAEZ12,1975,N2O_AWB,2.6561227554642e-07
Pakistan,Corn,CornAEZ13,CornAEZ13,1975,N2O_AWB,2.65422487221342e-09
Pakistan,Corn,CornAEZ14,CornAEZ14,1975,N2O_AWB,4.33659293607878e-08
Pakistan,FiberCrop,FiberCropAEZ01,FiberCropAEZ01,1975,N2O_AWB,6.76158537564686e-07
Pakistan,FiberCrop,FiberCropAEZ07,FiberCropAEZ07,1975,N2O_AWB,3.05828727425492e-06
Pakistan,FiberCrop,FiberCropAEZ08,FiberCropAEZ08,1975,N2O_AWB,4.97864884078795e-07
Pakistan,FiberCrop,FiberCropAEZ09,FiberCropAEZ09,1975,N2O_AWB,2.29029448091469e-07
Pakistan,FiberCrop,FiberCropAEZ10,FiberCropAEZ10,1975,N2O_AWB,5.56941558943601e-07
Pakistan,FiberCrop,FiberCropAEZ11,FiberCropAEZ11,1975,N2O_AWB,1.32227279261622e-07
Pakistan,FiberCrop,FiberCropAEZ12,FiberCropAEZ12,1975,N2O_AWB,2.08019543814495e-08
Pakistan,FiberCrop,FiberCropAEZ13,FiberCropAEZ13,1975,N2O_AWB,0
Pakistan,FiberCrop,FiberCropAEZ14,FiberCropAEZ14,1975,N2O_AWB,0
Pakistan,FodderGrass,FodderGrassAEZ01,FodderGrassAEZ01,1975,N2O_AWB,0
Pakistan,FodderGrass,FodderGrassAEZ07,FodderGrassAEZ07,1975,N2O_AWB,0
Pakistan,FodderGrass,FodderGrassAEZ08,FodderGrassAEZ08,1975,N2O_AWB,0
Pakistan,FodderGrass,FodderGrassAEZ09,FodderGrassAEZ09,1975,N2O_AWB,0
Pakistan,FodderGrass,FodderGrassAEZ10,FodderGrassAEZ10,1975,N2O_AWB,0
Pakistan,FodderGrass,FodderGrassAEZ11,FodderGrassAEZ11,1975,N2O_AWB,0
Pakistan,FodderGrass,FodderGrassAEZ12,FodderGrassAEZ12,1975,N2O_AWB,0
Pakistan,FodderGrass,FodderGrassAEZ13,FodderGrassAEZ13,1975,N2O_AWB,0
Pakistan,FodderGrass,FodderGrassAEZ14,FodderGrassAEZ14,1975,N2O_AWB,0
Pakistan,FodderHerb,FodderHerbAEZ01,FodderHerbAEZ01,1975,N2O_AWB,0
Pakistan,FodderHerb,FodderHerbAEZ07,FodderHerbAEZ07,1975,N2O_AWB,0
Pakistan,FodderHerb,FodderHerbAEZ08,FodderHerbAEZ08,1975,N2O_AWB,0
Pakistan,FodderHerb,FodderHerbAEZ09,FodderHerbAEZ09,1975,N2O_AWB,0
Pakistan,FodderHerb,FodderHerbAEZ10,FodderHerbAEZ10,1975,N2O_AWB,0
Pakistan,FodderHerb,FodderHerbAEZ11,FodderHerbAEZ11,1975,N2O_AWB,0
Pakistan,FodderHerb,FodderHerbAEZ12,FodderHerbAEZ12,1975,N2O_AWB,0
Pakistan,FodderHerb,FodderHerbAEZ13,FodderHerbAEZ13,1975,N2O_AWB,0
Pakistan,FodderHerb,FodderHerbAEZ14,FodderHerbAEZ14,1975,N2O_AWB,0
Pakistan,MiscCrop,MiscCropAEZ01,MiscCropAEZ01,1975,N2O_AWB,1.97015723630454e-06
Pakistan,MiscCrop,MiscCropAEZ07,MiscCropAEZ07,1975,N2O_AWB,8.58315636822743e-06
Pakistan,MiscCrop,MiscCropAEZ08,MiscCropAEZ08,1975,N2O_AWB,1.28290968683705e-06
Pakistan,MiscCrop,MiscCropAEZ09,MiscCropAEZ09,1975,N2O_AWB,8.26310512834695e-07
Pakistan,MiscCrop,MiscCropAEZ10,MiscCropAEZ10,1975,N2O_AWB,1.74353535534903e-06
Pakistan,MiscCrop,MiscCropAEZ11,MiscCropAEZ11,1975,N2O_AWB,5.47627730476614e-07
Pakistan,MiscCrop,MiscCropAEZ12,MiscCropAEZ12,1975,N2O_AWB,4.4083587634774e-07
Pakistan,MiscCrop,MiscCropAEZ13,MiscCropAEZ13,1975,N2O_AWB,1.28974289687108e-08
Pakistan,MiscCrop,MiscCropAEZ14,MiscCropAEZ14,1975,N2O_AWB,3.09350636943649e-08
Pakistan,OilCrop,OilCropAEZ01,OilCropAEZ01,1975,N2O_AWB,1.5714587229524e-07
Pakistan,OilCrop,OilCropAEZ07,OilCropAEZ07,1975,N2O_AWB,7.99003931331972e-07
Pakistan,OilCrop,OilCropAEZ08,OilCropAEZ08,1975,N2O_AWB,1.22668317386293e-07
Pakistan,OilCrop,OilCropAEZ09,OilCropAEZ09,1975,N2O_AWB,7.35178328889931e-08
Pakistan,OilCrop,OilCropAEZ10,OilCropAEZ10,1975,N2O_AWB,1.23572108574957e-07
Pakistan,OilCrop,OilCropAEZ11,OilCropAEZ11,1975,N2O_AWB,3.09608661917985e-08
Pakistan,OilCrop,OilCropAEZ12,OilCropAEZ12,1975,N2O_AWB,3.45125686111715e-08
Pakistan,OilCrop,OilCropAEZ13,OilCropAEZ13,1975,N2O_AWB,0
Pakistan,OilCrop,OilCropAEZ14,OilCropAEZ14,1975,N2O_AWB,5.07698682251714e-10
Pakistan,OtherGrain,OtherGrainAEZ01,OtherGrainAEZ01,1975,N2O_AWB,2.68959439495389e-07
Pakistan,OtherGrain,OtherGrainAEZ07,OtherGrainAEZ07,1975,N2O_AWB,1.29412519719833e-06
Pakistan,OtherGrain,OtherGrainAEZ08,OtherGrainAEZ08,1975,N2O_AWB,1.86782533767002e-07
Pakistan,OtherGrain,OtherGrainAEZ09,OtherGrainAEZ09,1975,N2O_AWB,1.19556767345235e-07
Pakistan,OtherGrain,OtherGrainAEZ10,OtherGrainAEZ10,1975,N2O_AWB,2.42073159627276e-07
Pakistan,OtherGrain,OtherGrainAEZ11,OtherGrainAEZ11,1975,N2O_AWB,6.4552037227155e-08
Pakistan,OtherGrain,OtherGrainAEZ12,OtherGrainAEZ12,1975,N2O_AWB,5.44490454360671e-08
Pakistan,OtherGrain,OtherGrainAEZ13,OtherGrainAEZ13,1975,N2O_AWB,0
Pakistan,OtherGrain,OtherGrainAEZ14,OtherGrainAEZ14,1975,N2O_AWB,8.29500322424921e-10
Pakistan,PalmFruit,PalmFruitAEZ01,PalmFruitAEZ01,1975,N2O_AWB,0
Pakistan,PalmFruit,PalmFruitAEZ07,PalmFruitAEZ07,1975,N2O_AWB,0
Pakistan,PalmFruit,PalmFruitAEZ08,PalmFruitAEZ08,1975,N2O_AWB,0
Pakistan,PalmFruit,PalmFruitAEZ09,PalmFruitAEZ09,1975,N2O_AWB,0
Pakistan,PalmFruit,PalmFruitAEZ10,PalmFruitAEZ10,1975,N2O_AWB,0
Pakistan,PalmFruit,PalmFruitAEZ11,PalmFruitAEZ11,1975,N2O_AWB,0
Pakistan,PalmFruit,PalmFruitAEZ12,PalmFruitAEZ12,1975,N2O_AWB,0
Pakistan,PalmFruit,PalmFruitAEZ13,PalmFruitAEZ13,1975,N2O_AWB,0
Pakistan,PalmFruit,PalmFruitAEZ14,PalmFruitAEZ14,1975,N2O_AWB,0
Pakistan,Rice,RiceAEZ01,RiceAEZ01,1975,N2O_AWB,2.4045927257211e-06
Pakistan,Rice,RiceAEZ07,RiceAEZ07,1975,N2O_AWB,6.42814143119926e-06
Pakistan,Rice,RiceAEZ08,RiceAEZ08,1975,N2O_AWB,1.09655088992907e-06
Pakistan,Rice,RiceAEZ09,RiceAEZ09,1975,N2O_AWB,4.16920572306065e-07
Pakistan,Rice,RiceAEZ10,RiceAEZ10,1975,N2O_AWB,1.20431978346624e-06
Pakistan,Rice,RiceAEZ11,RiceAEZ11,1975,N2O_AWB,2.46039491021924e-07
Pakistan,Rice,RiceAEZ12,RiceAEZ12,1975,N2O_AWB,1.08575335176724e-07
Pakistan,Rice,RiceAEZ13,RiceAEZ13,1975,N2O_AWB,2.02748533169673e-09
Pakistan,Rice,RiceAEZ14,RiceAEZ14,1975,N2O_AWB,3.8276711851487e-08
Pakistan,Root_Tuber,Root_TuberAEZ01,Root_TuberAEZ01,1975,N2O_AWB,4.60903182564527e-10
Pakistan,Root_Tuber,Root_TuberAEZ07,Root_TuberAEZ07,1975,N2O_AWB,5.29473557362926e-07
Pakistan,Root_Tuber,Root_TuberAEZ08,Root_TuberAEZ08,1975,N2O_AWB,1.19821595796464e-07
Pakistan,Root_Tuber,Root_TuberAEZ09,Root_TuberAEZ09,1975,N2O_AWB,6.02178829134096e-08
Pakistan,Root_Tuber,Root_TuberAEZ10,Root_TuberAEZ10,1975,N2O_AWB,1.33073664934386e-07
Pakistan,Root_Tuber,Root_TuberAEZ11,Root_TuberAEZ11,1975,N2O_AWB,3.22075395002836e-08
Pakistan,Root_Tuber,Root_TuberAEZ12,Root_TuberAEZ12,1975,N2O_AWB,2.07119745963925e-08
Pakistan,Root_Tuber,Root_TuberAEZ13,Root_TuberAEZ13,1975,N2O_AWB,0
Pakistan,Root_Tuber,Root_TuberAEZ14,Root_TuberAEZ14,1975,N2O_AWB,0
Pakistan,SugarCrop,SugarCropAEZ01,SugarCropAEZ01,1975,N2O_AWB,1.16896943204799e-05
Pakistan,SugarCrop,SugarCropAEZ07,SugarCropAEZ07,1975,N2O_AWB,3.97098837983391e-05
Pakistan,SugarCrop,SugarCropAEZ08,SugarCropAEZ08,1975,N2O_AWB,6.09740745701691e-06
Pakistan,SugarCrop,SugarCropAEZ09,SugarCropAEZ09,1975,N2O_AWB,4.18772268724521e-06
Pakistan,SugarCrop,SugarCropAEZ10,SugarCropAEZ10,1975,N2O_AWB,7.93562944934586e-06
Pakistan,SugarCrop,SugarCropAEZ11,SugarCropAEZ11,1975,N2O_AWB,2.22754444578462e-06
Pakistan,SugarCrop,SugarCropAEZ12,SugarCropAEZ12,1975,N2O_AWB,1.95345343527688e-06
Pakistan,SugarCrop,SugarCropAEZ13,SugarCropAEZ13,1975,N2O_AWB,5.60652380707121e-10
Pakistan,SugarCrop,SugarCropAEZ14,SugarCropAEZ14,1975,N2O_AWB,7.66748800332016e-08
Pakistan,Wheat,WheatAEZ01,WheatAEZ01,1975,N2O_AWB,1.83121490364885e-06
Pakistan,Wheat,WheatAEZ07,WheatAEZ07,1975,N2O_AWB,1.46125341914998e-05
Pakistan,Wheat,WheatAEZ08,WheatAEZ08,1975,N2O_AWB,2.74662368035749e-06
Pakistan,Wheat,WheatAEZ09,WheatAEZ09,1975,N2O_AWB,1.37172886886782e-06
Pakistan,Wheat,WheatAEZ10,WheatAEZ10,1975,N2O_AWB,3.03058635847369e-06
Pakistan,Wheat,WheatAEZ11,WheatAEZ11,1975,N2O_AWB,7.26477100093466e-07
Pakistan,Wheat,WheatAEZ12,WheatAEZ12,1975,N2O_AWB,3.84007493704375e-07
Pakistan,Wheat,WheatAEZ13,WheatAEZ13,1975,N2O_AWB,1.73985392661681e-09
Pakistan,Wheat,WheatAEZ14,WheatAEZ14,1975,N2O_AWB,1.52536195694964e-08
Pakistan,Corn,CornAEZ01,CornAEZ01,1975,NH3_AWB,7.92811949057115e-09
Pakistan,Corn,CornAEZ07,CornAEZ07,1975,NH3_AWB,1.83713827308451e-05
Pakistan,Corn,CornAEZ08,CornAEZ08,1975,NH3_AWB,3.54478218920033e-06
Pakistan,Corn,CornAEZ09,CornAEZ09,1975,NH3_AWB,5.82028287969641e-06
Pakistan,Corn,CornAEZ10,CornAEZ10,1975,NH3_AWB,7.69272736385443e-06
Pakistan,Corn,CornAEZ11,CornAEZ11,1975,NH3_AWB,2.87618613860897e-06
Pakistan,Corn,CornAEZ12,CornAEZ12,1975,NH3_AWB,4.92730018404953e-06
Pakistan,Corn,CornAEZ13,CornAEZ13,1975,NH3_AWB,4.92377947309155e-08
Pakistan,Corn,CornAEZ14,CornAEZ14,1975,NH3_AWB,8.04469414229108e-07
Pakistan,FiberCrop,FiberCropAEZ01,FiberCropAEZ01,1975,NH3_AWB,1.25432308417797e-05
Pakistan,FiberCrop,FiberCropAEZ07,FiberCropAEZ07,1975,NH3_AWB,5.67334450876274e-05
Pakistan,FiberCrop,FiberCropAEZ08,FiberCropAEZ08,1975,NH3_AWB,9.23575437131677e-06
Pakistan,FiberCrop,FiberCropAEZ09,FiberCropAEZ09,1975,NH3_AWB,4.24866222546492e-06
Pakistan,FiberCrop,FiberCropAEZ10,FiberCropAEZ10,1975,NH3_AWB,1.03316694992436e-05
Pakistan,FiberCrop,FiberCropAEZ11,FiberCropAEZ11,1975,NH3_AWB,2.45291184717212e-06
Pakistan,FiberCrop,FiberCropAEZ12,FiberCropAEZ12,1975,NH3_AWB,3.85891327655875e-07
Pakistan,FiberCrop,FiberCropAEZ13,FiberCropAEZ13,1975,NH3_AWB,0
Pakistan,FiberCrop,FiberCropAEZ14,FiberCropAEZ14,1975,NH3_AWB,0
Pakistan,FodderGrass,FodderGrassAEZ01,FodderGrassAEZ01,1975,NH3_AWB,0
Pakistan,FodderGrass,FodderGrassAEZ07,FodderGrassAEZ07,1975,NH3_AWB,0
Pakistan,FodderGrass,FodderGrassAEZ08,FodderGrassAEZ08,1975,NH3_AWB,0
Pakistan,FodderGrass,FodderGrassAEZ09,FodderGrassAEZ09,1975,NH3_AWB,0
Pakistan,FodderGrass,FodderGrassAEZ10,FodderGrassAEZ10,1975,NH3_AWB,0
Pakistan,FodderGrass,FodderGrassAEZ11,FodderGrassAEZ11,1975,NH3_AWB,0
Pakistan,FodderGrass,FodderGrassAEZ12,FodderGrassAEZ12,1975,NH3_AWB,0
Pakistan,FodderGrass,FodderGrassAEZ13,FodderGrassAEZ13,1975,NH3_AWB,0
Pakistan,FodderGrass,FodderGrassAEZ14,FodderGrassAEZ14,1975,NH3_AWB,0
Pakistan,FodderHerb,FodderHerbAEZ01,FodderHerbAEZ01,1975,NH3_AWB,0
Pakistan,FodderHerb,FodderHerbAEZ07,FodderHerbAEZ07,1975,NH3_AWB,0
Pakistan,FodderHerb,FodderHerbAEZ08,FodderHerbAEZ08,1975,NH3_AWB,0
Pakistan,FodderHerb,FodderHerbAEZ09,FodderHerbAEZ09,1975,NH3_AWB,0
Pakistan,FodderHerb,FodderHerbAEZ10,FodderHerbAEZ10,1975,NH3_AWB,0
Pakistan,FodderHerb,FodderHerbAEZ11,FodderHerbAEZ11,1975,NH3_AWB,0
Pakistan,FodderHerb,FodderHerbAEZ12,FodderHerbAEZ12,1975,NH3_AWB,0
Pakistan,FodderHerb,FodderHerbAEZ13,FodderHerbAEZ13,1975,NH3_AWB,0
Pakistan,FodderHerb,FodderHerbAEZ14,FodderHerbAEZ14,1975,NH3_AWB,0
Pakistan,MiscCrop,MiscCropAEZ01,MiscCropAEZ01,1975,NH3_AWB,3.65478443836205e-05
Pakistan,MiscCrop,MiscCropAEZ07,MiscCropAEZ07,1975,NH3_AWB,0.000159223770309147
Pakistan,MiscCrop,MiscCropAEZ08,MiscCropAEZ08,1975,NH3_AWB,2.37989043355279e-05
Pakistan,MiscCrop,MiscCropAEZ09,MiscCropAEZ09,1975,NH3_AWB,1.53286587888175e-05
Pakistan,MiscCrop,MiscCropAEZ10,MiscCropAEZ10,1975,NH3_AWB,3.23438442731415e-05
Pakistan,MiscCrop,MiscCropAEZ11,MiscCropAEZ11,1975,NH3_AWB,1.01588912320299e-05
Pakistan,MiscCrop,MiscCropAEZ12,MiscCropAEZ12,1975,NH3_AWB,8.17782495253778e-06
Pakistan,MiscCrop,MiscCropAEZ13,MiscCropAEZ13,1975,NH3_AWB,2.39256653332607e-07
Pakistan,MiscCrop,MiscCropAEZ14,MiscCropAEZ14,1975,NH3_AWB,5.73867848243291e-07
Pakistan,OilCrop,OilCropAEZ01,OilCropAEZ01,1975,NH3_AWB,2.91516980489721e-06
Pakistan,OilCrop,OilCropAEZ07,OilCropAEZ07,1975,NH3_AWB,1.48221019145641e-05
Pakistan,OilCrop,OilCropAEZ08,OilCropAEZ08,1975,NH3_AWB,2.27558617760079e-06
Pakistan,OilCrop,OilCropAEZ09,OilCropAEZ09,1975,NH3_AWB,1.36380907388277e-06
Pakistan,OilCrop,OilCropAEZ10,OilCropAEZ10,1975,NH3_AWB,2.29235215907166e-06
Pakistan,OilCrop,OilCropAEZ11,OilCropAEZ11,1975,NH3_AWB,5.74346503268147e-07
Pakistan,OilCrop,OilCropAEZ12,OilCropAEZ12,1975,NH3_AWB,6.40233156844921e-07
Pakistan,OilCrop,OilCropAEZ13,OilCropAEZ13,1975,NH3_AWB,0
Pakistan,OilCrop,OilCropAEZ14,OilCropAEZ14,1975,NH3_AWB,9.41817845336514e-09
Pakistan,OtherGrain,OtherGrainAEZ01,OtherGrainAEZ01,1975,NH3_AWB,4.98939250078403e-06
Pakistan,OtherGrain,OtherGrainAEZ07,OtherGrainAEZ07,1975,NH3_AWB,2.40069601799111e-05
Pakistan,OtherGrain,OtherGrainAEZ08,OtherGrainAEZ08,1975,NH3_AWB,3.46495135104004e-06
Pakistan,OtherGrain,OtherGrainAEZ09,OtherGrainAEZ09,1975,NH3_AWB,2.21786466959276e-06
Pakistan,OtherGrain,OtherGrainAEZ10,OtherGrainAEZ10,1975,NH3_AWB,4.49063252641904e-06
Pakistan,OtherGrain,OtherGrainAEZ11,OtherGrainAEZ11,1975,NH3_AWB,1.1974870674023e-06
Pakistan,OtherGrain,OtherGrainAEZ12,OtherGrainAEZ12,1975,NH3_AWB,1.01006924866907e-06
Pakistan,OtherGrain,OtherGrainAEZ13,OtherGrainAEZ13,1975,NH3_AWB,0
Pakistan,OtherGrain,OtherGrainAEZ14,OtherGrainAEZ14,1975,NH3_AWB,1.53878320681724e-08
Pakistan,PalmFruit,PalmFruitAEZ01,PalmFruitAEZ01,1975,NH3_AWB,0
Pakistan,PalmFruit,PalmFruitAEZ07,PalmFruitAEZ07,1975,NH3_AWB,0
Pakistan,PalmFruit,PalmFruitAEZ08,PalmFruitAEZ08,1975,NH3_AWB,0
Pakistan,PalmFruit,PalmFruitAEZ09,PalmFruitAEZ09,1975,NH3_AWB,0
Pakistan,PalmFruit,PalmFruitAEZ10,PalmFruitAEZ10,1975,NH3_AWB,0
Pakistan,PalmFruit,PalmFruitAEZ11,PalmFruitAEZ11,1975,NH3_AWB,0
Pakistan,PalmFruit,PalmFruitAEZ12,PalmFruitAEZ12,1975,NH3_AWB,0
Pakistan,PalmFruit,PalmFruitAEZ13,PalmFruitAEZ13,1975,NH3_AWB,0
Pakistan,PalmFruit,PalmFruitAEZ14,PalmFruitAEZ14,1975,NH3_AWB,0
Pakistan,Rice,RiceAEZ01,RiceAEZ01,1975,NH3_AWB,4.46069375206234e-05
Pakistan,Rice,RiceAEZ07,RiceAEZ07,1975,NH3_AWB,0.000119246681622247
Pakistan,Rice,RiceAEZ08,RiceAEZ08,1975,NH3_AWB,2.03418136102785e-05
Pakistan,Rice,RiceAEZ09,RiceAEZ09,1975,NH3_AWB,7.73417873263425e-06
Pakistan,Rice,RiceAEZ10,RiceAEZ10,1975,NH3_AWB,2.2341004678794e-05
Pakistan,Rice,RiceAEZ11,RiceAEZ11,1975,NH3_AWB,4.56421084794294e-06
Pakistan,Rice,RiceAEZ12,RiceAEZ12,1975,NH3_AWB,2.01415114530735e-06
Pakistan,Rice,RiceAEZ13,RiceAEZ13,1975,NH3_AWB,3.76113220952436e-08
Pakistan,Rice,RiceAEZ14,RiceAEZ14,1975,NH3_AWB,7.10060741592801e-07
Pakistan,Root_Tuber,Root_TuberAEZ01,Root_TuberAEZ01,1975,NH3_AWB,8.55008802438543e-09
Pakistan,Root_Tuber,Root_TuberAEZ07,Root_TuberAEZ07,1975,NH3_AWB,9.82211816557312e-06
Pakistan,Root_Tuber,Root_TuberAEZ08,Root_TuberAEZ08,1975,NH3_AWB,2.22277742926775e-06
Pakistan,Root_Tuber,Root_TuberAEZ09,Root_TuberAEZ09,1975,NH3_AWB,1.11708536419079e-06
Pakistan,Root_Tuber,Root_TuberAEZ10,Root_TuberAEZ10,1975,NH3_AWB,2.46861291472485e-06
Pakistan,Root_Tuber,Root_TuberAEZ11,Root_TuberAEZ11,1975,NH3_AWB,5.97473196527001e-07
Pakistan,Root_Tuber,Root_TuberAEZ12,Root_TuberAEZ12,1975,NH3_AWB,3.84222137440325e-07
Pakistan,Root_Tuber,Root_TuberAEZ13,Root_TuberAEZ13,1975,NH3_AWB,0
Pakistan,Root_Tuber,Root_TuberAEZ14,Root_TuberAEZ14,1975,NH3_AWB,0
Pakistan,SugarCrop,SugarCropAEZ01,SugarCropAEZ01,1975,NH3_AWB,0.000216852300437888
Pakistan,SugarCrop,SugarCropAEZ07,SugarCropAEZ07,1975,NH3_AWB,0.000736647119737306
Pakistan,SugarCrop,SugarCropAEZ08,SugarCropAEZ08,1975,NH3_AWB,0.000113111326738864
Pakistan,SugarCrop,SugarCropAEZ09,SugarCropAEZ09,1975,NH3_AWB,7.7685290430056e-05
Pakistan,SugarCrop,SugarCropAEZ10,SugarCropAEZ10,1975,NH3_AWB,0.000147211676741488
Pakistan,SugarCrop,SugarCropAEZ11,SugarCropAEZ11,1975,NH3_AWB,4.13225636319466e-05
Pakistan,SugarCrop,SugarCropAEZ12,SugarCropAEZ12,1975,NH3_AWB,3.62379767703538e-05
Pakistan,SugarCrop,SugarCropAEZ13,SugarCropAEZ13,1975,NH3_AWB,1.04005079319582e-08
Pakistan,SugarCrop,SugarCropAEZ14,SugarCropAEZ14,1975,NH3_AWB,1.42237458612316e-06
Pakistan,Wheat,WheatAEZ01,WheatAEZ01,1975,NH3_AWB,3.39703634300077e-05
Pakistan,Wheat,WheatAEZ07,WheatAEZ07,1975,NH3_AWB,0.000271073098045214
Pakistan,Wheat,WheatAEZ08,WheatAEZ08,1975,NH3_AWB,5.09518595776461e-05
Pakistan,Wheat,WheatAEZ09,WheatAEZ09,1975,NH3_AWB,2.54465645239248e-05
Pakistan,Wheat,WheatAEZ10,WheatAEZ10,1975,NH3_AWB,5.62195730267583e-05
Pakistan,Wheat,WheatAEZ11,WheatAEZ11,1975,NH3_AWB,1.3476676639415e-05
Pakistan,Wheat,WheatAEZ12,WheatAEZ12,1975,NH3_AWB,7.12361727451594e-06
Pakistan,Wheat,WheatAEZ13,WheatAEZ13,1975,NH3_AWB,3.22755511024568e-08
Pakistan,Wheat,WheatAEZ14,WheatAEZ14,1975,NH3_AWB,2.82965696361672e-07
Pakistan,Corn,CornAEZ01,CornAEZ01,1975,NMVOC_AWB,4.27375191288601e-08
Pakistan,Corn,CornAEZ07,CornAEZ07,1975,NMVOC_AWB,9.90332350334621e-05
Pakistan,Corn,CornAEZ08,CornAEZ08,1975,NMVOC_AWB,1.91085914886581e-05
Pakistan,Corn,CornAEZ09,CornAEZ09,1975,NMVOC_AWB,3.13749623983635e-05
Pakistan,Corn,CornAEZ10,CornAEZ10,1975,NMVOC_AWB,4.14686084457778e-05
Pakistan,Corn,CornAEZ11,CornAEZ11,1975,NMVOC_AWB,1.5504440903439e-05
Pakistan,Corn,CornAEZ12,CornAEZ12,1975,NMVOC_AWB,2.6561227554642e-05
Pakistan,Corn,CornAEZ13,CornAEZ13,1975,NMVOC_AWB,2.65422487221342e-07
Pakistan,Corn,CornAEZ14,CornAEZ14,1975,NMVOC_AWB,4.33659293607878e-06
Pakistan,FiberCrop,FiberCropAEZ01,FiberCropAEZ01,1975,NMVOC_AWB,6.76158537564686e-05
Pakistan,FiberCrop,FiberCropAEZ07,FiberCropAEZ07,1975,NMVOC_AWB,0.000305828727425492
Pakistan,FiberCrop,FiberCropAEZ08,FiberCropAEZ08,1975,NMVOC_AWB,4.97864884078794e-05
Pakistan,FiberCrop,FiberCropAEZ09,FiberCropAEZ09,1975,NMVOC_AWB,2.29029448091469e-05
Pakistan,FiberCrop,FiberCropAEZ10,FiberCropAEZ10,1975,NMVOC_AWB,5.56941558943601e-05
Pakistan,FiberCrop,FiberCropAEZ11,FiberCropAEZ11,1975,NMVOC_AWB,1.32227279261622e-05
Pakistan,FiberCrop,FiberCropAEZ12,FiberCropAEZ12,1975,NMVOC_AWB,2.08019543814495e-06
Pakistan,FiberCrop,FiberCropAEZ13,FiberCropAEZ13,1975,NMVOC_AWB,0
Pakistan,FiberCrop,FiberCropAEZ14,FiberCropAEZ14,1975,NMVOC_AWB,0
Pakistan,FodderGrass,FodderGrassAEZ01,FodderGrassAEZ01,1975,NMVOC_AWB,0
Pakistan,FodderGrass,FodderGrassAEZ07,FodderGrassAEZ07,1975,NMVOC_AWB,0
Pakistan,FodderGrass,FodderGrassAEZ08,FodderGrassAEZ08,1975,NMVOC_AWB,0
Pakistan,FodderGrass,FodderGrassAEZ09,FodderGrassAEZ09,1975,NMVOC_AWB,0
Pakistan,FodderGrass,FodderGrassAEZ10,FodderGrassAEZ10,1975,NMVOC_AWB,0
Pakistan,FodderGrass,FodderGrassAEZ11,FodderGrassAEZ11,1975,NMVOC_AWB,0
Pakistan,FodderGrass,FodderGrassAEZ12,FodderGrassAEZ12,1975,NMVOC_AWB,0
Pakistan,FodderGrass,FodderGrassAEZ13,FodderGrassAEZ13,1975,NMVOC_AWB,0
Pakistan,FodderGrass,FodderGrassAEZ14,FodderGrassAEZ14,1975,NMVOC_AWB,0
Pakistan,FodderHerb,FodderHerbAEZ01,FodderHerbAEZ01,1975,NMVOC_AWB,0
Pakistan,FodderHerb,FodderHerbAEZ07,FodderHerbAEZ07,1975,NMVOC_AWB,0
Pakistan,FodderHerb,FodderHerbAEZ08,FodderHerbAEZ08,1975,NMVOC_AWB,0
Pakistan,FodderHerb,FodderHerbAEZ09,FodderHerbAEZ09,1975,NMVOC_AWB,0
Pakistan,FodderHerb,FodderHerbAEZ10,FodderHerbAEZ10,1975,NMVOC_AWB,0
Pakistan,FodderHerb,FodderHerbAEZ11,FodderHerbAEZ11,1975,NMVOC_AWB,0
Pakistan,FodderHerb,FodderHerbAEZ12,FodderHerbAEZ12,1975,NMVOC_AWB,0
Pakistan,FodderHerb,FodderHerbAEZ13,FodderHerbAEZ13,1975,NMVOC_AWB,0
Pakistan,FodderHerb,FodderHerbAEZ14,FodderHerbAEZ14,1975,NMVOC_AWB,0
Pakistan,MiscCrop,MiscCropAEZ01,MiscCropAEZ01,1975,NMVOC_AWB,0.000197015723630454
Pakistan,MiscCrop,MiscCropAEZ07,MiscCropAEZ07,1975,NMVOC_AWB,0.000858315636822743
Pakistan,MiscCrop,MiscCropAEZ08,MiscCropAEZ08,1975,NMVOC_AWB,0.000128290968683705
Pakistan,MiscCrop,MiscCropAEZ09,MiscCropAEZ09,1975,NMVOC_AWB,8.26310512834695e-05
Pakistan,MiscCrop,MiscCropAEZ10,MiscCropAEZ10,1975,NMVOC_AWB,0.000174353535534903
Pakistan,MiscCrop,MiscCropAEZ11,MiscCropAEZ11,1975,NMVOC_AWB,5.47627730476614e-05
Pakistan,MiscCrop,MiscCropAEZ12,MiscCropAEZ12,1975,NMVOC_AWB,4.4083587634774e-05
Pakistan,MiscCrop,MiscCropAEZ13,MiscCropAEZ13,1975,NMVOC_AWB,1.28974289687108e-06
Pakistan,MiscCrop,MiscCropAEZ14,MiscCropAEZ14,1975,NMVOC_AWB,3.09350636943649e-06
Pakistan,OilCrop,OilCropAEZ01,OilCropAEZ01,1975,NMVOC_AWB,1.5714587229524e-05
Pakistan,OilCrop,OilCropAEZ07,OilCropAEZ07,1975,NMVOC_AWB,7.99003931331972e-05
Pakistan,OilCrop,OilCropAEZ08,OilCropAEZ08,1975,NMVOC_AWB,1.22668317386293e-05
Pakistan,OilCrop,OilCropAEZ09,OilCropAEZ09,1975,NMVOC_AWB,7.35178328889931e-06
Pakistan,OilCrop,OilCropAEZ10,OilCropAEZ10,1975,NMVOC_AWB,1.23572108574957e-05
Pakistan,OilCrop,OilCropAEZ11,OilCropAEZ11,1975,NMVOC_AWB,3.09608661917985e-06
Pakistan,OilCrop,OilCropAEZ12,OilCropAEZ12,1975,NMVOC_AWB,3.45125686111715e-06
Pakistan,OilCrop,OilCropAEZ13,OilCropAEZ13,1975,NMVOC_AWB,0
Pakistan,OilCrop,OilCropAEZ14,OilCropAEZ14,1975,NMVOC_AWB,5.07698682251714e-08
Pakistan,OtherGrain,OtherGrainAEZ01,OtherGrainAEZ01,1975,NMVOC_AWB,2.68959439495389e-05
Pakistan,OtherGrain,OtherGrainAEZ07,OtherGrainAEZ07,1975,NMVOC_AWB,0.000129412519719833
Pakistan,OtherGrain,OtherGrainAEZ08,OtherGrainAEZ08,1975,NMVOC_AWB,1.86782533767002e-05
Pakistan,OtherGrain,OtherGrainAEZ09,OtherGrainAEZ09,1975,NMVOC_AWB,1.19556767345235e-05
Pakistan,OtherGrain,OtherGrainAEZ10,OtherGrainAEZ10,1975,NMVOC_AWB,2.42073159627276e-05
Pakistan,OtherGrain,OtherGrainAEZ11,OtherGrainAEZ11,1975,NMVOC_AWB,6.45520372271551e-06
Pakistan,OtherGrain,OtherGrainAEZ12,OtherGrainAEZ12,1975,NMVOC_AWB,5.44490454360671e-06
Pakistan,OtherGrain,OtherGrainAEZ13,OtherGrainAEZ13,1975,NMVOC_AWB,0
Pakistan,OtherGrain,OtherGrainAEZ14,OtherGrainAEZ14,1975,NMVOC_AWB,8.29500322424921e-08
Pakistan,PalmFruit,PalmFruitAEZ01,PalmFruitAEZ01,1975,NMVOC_AWB,0
Pakistan,PalmFruit,PalmFruitAEZ07,PalmFruitAEZ07,1975,NMVOC_AWB,0
Pakistan,PalmFruit,PalmFruitAEZ08,PalmFruitAEZ08,1975,NMVOC_AWB,0
Pakistan,PalmFruit,PalmFruitAEZ09,PalmFruitAEZ09,1975,NMVOC_AWB,0
Pakistan,PalmFruit,PalmFruitAEZ10,PalmFruitAEZ10,1975,NMVOC_AWB,0
Pakistan,PalmFruit,PalmFruitAEZ11,PalmFruitAEZ11,1975,NMVOC_AWB,0
Pakistan,PalmFruit,PalmFruitAEZ12,PalmFruitAEZ12,1975,NMVOC_AWB,0
Pakistan,PalmFruit,PalmFruitAEZ13,PalmFruitAEZ13,1975,NMVOC_AWB,0
Pakistan,PalmFruit,PalmFruitAEZ14,PalmFruitAEZ14,1975,NMVOC_AWB,0
Pakistan,Rice,RiceAEZ01,RiceAEZ01,1975,NMVOC_AWB,0.00024045927257211
Pakistan,Rice,RiceAEZ07,RiceAEZ07,1975,NMVOC_AWB,0.000642814143119926
Pakistan,Rice,RiceAEZ08,RiceAEZ08,1975,NMVOC_AWB,0.000109655088992907
Pakistan,Rice,RiceAEZ09,RiceAEZ09,1975,NMVOC_AWB,4.16920572306065e-05
Pakistan,Rice,RiceAEZ10,RiceAEZ10,1975,NMVOC_AWB,0.000120431978346624
Pakistan,Rice,RiceAEZ11,RiceAEZ11,1975,NMVOC_AWB,2.46039491021924e-05
Pakistan,Rice,RiceAEZ12,RiceAEZ12,1975,NMVOC_AWB,1.08575335176724e-05
Pakistan,Rice,RiceAEZ13,RiceAEZ13,1975,NMVOC_AWB,2.02748533169673e-07
Pakistan,Rice,RiceAEZ14,RiceAEZ14,1975,NMVOC_AWB,3.82767118514869e-06
Pakistan,Root_Tuber,Root_TuberAEZ01,Root_TuberAEZ01,1975,NMVOC_AWB,4.60903182564527e-08
Pakistan,Root_Tuber,Root_TuberAEZ07,Root_TuberAEZ07,1975,NMVOC_AWB,5.29473557362926e-05
Pakistan,Root_Tuber,Root_TuberAEZ08,Root_TuberAEZ08,1975,NMVOC_AWB,1.19821595796464e-05
Pakistan,Root_Tuber,Root_TuberAEZ09,Root_TuberAEZ09,1975,NMVOC_AWB,6.02178829134096e-06
Pakistan,Root_Tuber,Root_TuberAEZ10,Root_TuberAEZ10,1975,NMVOC_AWB,1.33073664934386e-05
Pakistan,Root_Tuber,Root_TuberAEZ11,Root_TuberAEZ11,1975,NMVOC_AWB,3.22075395002836e-06
Pakistan,Root_Tuber,Root_TuberAEZ12,Root_TuberAEZ12,1975,NMVOC_AWB,2.07119745963925e-06
Pakistan,Root_Tuber,Root_TuberAEZ13,Root_TuberAEZ13,1975,NMVOC_AWB,0
Pakistan,Root_Tuber,Root_TuberAEZ14,Root_TuberAEZ14,1975,NMVOC_AWB,0
Pakistan,SugarCrop,SugarCropAEZ01,SugarCropAEZ01,1975,NMVOC_AWB,0.00116896943204799
Pakistan,SugarCrop,SugarCropAEZ07,SugarCropAEZ07,1975,NMVOC_AWB,0.00397098837983391
Pakistan,SugarCrop,SugarCropAEZ08,SugarCropAEZ08,1975,NMVOC_AWB,0.000609740745701691
Pakistan,SugarCrop,SugarCropAEZ09,SugarCropAEZ09,1975,NMVOC_AWB,0.000418772268724521
Pakistan,SugarCrop,SugarCropAEZ10,SugarCropAEZ10,1975,NMVOC_AWB,0.000793562944934586
Pakistan,SugarCrop,SugarCropAEZ11,SugarCropAEZ11,1975,NMVOC_AWB,0.000222754444578462
Pakistan,SugarCrop,SugarCropAEZ12,SugarCropAEZ12,1975,NMVOC_AWB,0.000195345343527688
Pakistan,SugarCrop,SugarCropAEZ13,SugarCropAEZ13,1975,NMVOC_AWB,5.60652380707121e-08
Pakistan,SugarCrop,SugarCropAEZ14,SugarCropAEZ14,1975,NMVOC_AWB,7.66748800332016e-06
Pakistan,Wheat,WheatAEZ01,WheatAEZ01,1975,NMVOC_AWB,0.000183121490364885
Pakistan,Wheat,WheatAEZ07,WheatAEZ07,1975,NMVOC_AWB,0.00146125341914998
Pakistan,Wheat,WheatAEZ08,WheatAEZ08,1975,NMVOC_AWB,0.000274662368035749
Pakistan,Wheat,WheatAEZ09,WheatAEZ09,1975,NMVOC_AWB,0.000137172886886782
Pakistan,Wheat,WheatAEZ10,WheatAEZ10,1975,NMVOC_AWB,0.000303058635847369
Pakistan,Wheat,WheatAEZ11,WheatAEZ11,1975,NMVOC_AWB,7.26477100093466e-05
Pakistan,Wheat,WheatAEZ12,WheatAEZ12,1975,NMVOC_AWB,3.84007493704375e-05
Pakistan,Wheat,WheatAEZ13,WheatAEZ13,1975,NMVOC_AWB,1.73985392661681e-07
Pakistan,Wheat,WheatAEZ14,WheatAEZ14,1975,NMVOC_AWB,1.52536195694964e-06
Pakistan,Corn,CornAEZ01,CornAEZ01,1975,NOx_AWB,2.31649741365126e-08
Pakistan,Corn,CornAEZ07,CornAEZ07,1975,NOx_AWB,5.36788839166882e-05
Pakistan,Corn,CornAEZ08,CornAEZ08,1975,NOx_AWB,1.03574104590697e-05
Pakistan,Corn,CornAEZ09,CornAEZ09,1975,NOx_AWB,1.70061390391129e-05
Pakistan,Corn,CornAEZ10,CornAEZ10,1975,NOx_AWB,2.24771877662622e-05
Pakistan,Corn,CornAEZ11,CornAEZ11,1975,NOx_AWB,8.40385637374808e-06
Pakistan,Corn,CornAEZ12,CornAEZ12,1975,NOx_AWB,1.43969552252697e-05
Pakistan,Corn,CornAEZ13,CornAEZ13,1975,NOx_AWB,1.43866681479394e-07
Pakistan,Corn,CornAEZ14,CornAEZ14,1975,NOx_AWB,2.35055906970067e-06
Pakistan,FiberCrop,FiberCropAEZ01,FiberCropAEZ01,1975,NOx_AWB,3.6649752615825e-05
Pakistan,FiberCrop,FiberCropAEZ07,FiberCropAEZ07,1975,NOx_AWB,0.000165768034865411
Pakistan,FiberCrop,FiberCropAEZ08,FiberCropAEZ08,1975,NOx_AWB,2.69857198036912e-05
Pakistan,FiberCrop,FiberCropAEZ09,FiberCropAEZ09,1975,NOx_AWB,1.24140599400303e-05
Pakistan,FiberCrop,FiberCropAEZ10,FiberCropAEZ10,1975,NOx_AWB,3.01878468181025e-05
Pakistan,FiberCrop,FiberCropAEZ11,FiberCropAEZ11,1975,NOx_AWB,7.16710180345603e-06
Pakistan,FiberCrop,FiberCropAEZ12,FiberCropAEZ12,1975,NOx_AWB,1.12752622299451e-06
Pakistan,FiberCrop,FiberCropAEZ13,FiberCropAEZ13,1975,NOx_AWB,0
Pakistan,FiberCrop,FiberCropAEZ14,FiberCropAEZ14,1975,NOx_AWB,0
Pakistan,FodderGrass,FodderGrassAEZ01,FodderGrassAEZ01,1975,NOx_AWB,0
Pakistan,FodderGrass,FodderGrassAEZ07,FodderGrassAEZ07,1975,NOx_AWB,0
Pakistan,FodderGrass,FodderGrassAEZ08,FodderGrassAEZ08,1975,NOx_AWB,0
Pakistan,FodderGrass,FodderGrassAEZ09,FodderGrassAEZ09,1975,NOx_AWB,0
Pakistan,FodderGrass,FodderGrassAEZ10,FodderGrassAEZ10,1975,NOx_AWB,0
Pakistan,FodderGrass,FodderGrassAEZ11,FodderGrassAEZ11,1975,NOx_AWB,0
Pakistan,FodderGrass,FodderGrassAEZ12,FodderGrassAEZ12,1975,NOx_AWB,0
Pakistan,FodderGrass,FodderGrassAEZ13,FodderGrassAEZ13,1975,NOx_AWB,0
Pakistan,FodderGrass,FodderGrassAEZ14,FodderGrassAEZ14,1975,NOx_AWB,0
Pakistan,FodderHerb,FodderHerbAEZ01,FodderHerbAEZ01,1975,NOx_AWB,0
Pakistan,FodderHerb,FodderHerbAEZ07,FodderHerbAEZ07,1975,NOx_AWB,0
Pakistan,FodderHerb,FodderHerbAEZ08,FodderHerbAEZ08,1975,NOx_AWB,0
Pakistan,FodderHerb,FodderHerbAEZ09,FodderHerbAEZ09,1975,NOx_AWB,0
Pakistan,FodderHerb,FodderHerbAEZ10,FodderHerbAEZ10,1975,NOx_AWB,0
Pakistan,FodderHerb,FodderHerbAEZ11,FodderHerbAEZ11,1975,NOx_AWB,0
Pakistan,FodderHerb,FodderHerbAEZ12,FodderHerbAEZ12,1975,NOx_AWB,0
Pakistan,FodderHerb,FodderHerbAEZ13,FodderHerbAEZ13,1975,NOx_AWB,0
Pakistan,FodderHerb,FodderHerbAEZ14,FodderHerbAEZ14,1975,NOx_AWB,0
Pakistan,MiscCrop,MiscCropAEZ01,MiscCropAEZ01,1975,NOx_AWB,0.000106788232808391
Pakistan,MiscCrop,MiscCropAEZ07,MiscCropAEZ07,1975,NOx_AWB,0.000465231953872038
Pakistan,MiscCrop,MiscCropAEZ08,MiscCropAEZ08,1975,NOx_AWB,6.95374236053706e-05
Pakistan,MiscCrop,MiscCropAEZ09,MiscCropAEZ09,1975,NOx_AWB,4.47884248985762e-05
Pakistan,MiscCrop,MiscCropAEZ10,MiscCropAEZ10,1975,NOx_AWB,9.45046699855853e-05
Pakistan,MiscCrop,MiscCropAEZ11,MiscCropAEZ11,1975,NOx_AWB,2.96830103185875e-05
Pakistan,MiscCrop,MiscCropAEZ12,MiscCropAEZ12,1975,NOx_AWB,2.38945822831963e-05
Pakistan,MiscCrop,MiscCropAEZ13,MiscCropAEZ13,1975,NOx_AWB,6.99078033956211e-07
Pakistan,MiscCrop,MiscCropAEZ14,MiscCropAEZ14,1975,NOx_AWB,1.67677011908587e-06
Pakistan,OilCrop,OilCropAEZ01,OilCropAEZ01,1975,NOx_AWB,8.51776177368403e-06
Pakistan,OilCrop,OilCropAEZ07,OilCropAEZ07,1975,NOx_AWB,4.3308329031617e-05
Pakistan,OilCrop,OilCropAEZ08,OilCropAEZ08,1975,NOx_AWB,6.64897836267731e-06
Pakistan,OilCrop,OilCropAEZ09,OilCropAEZ09,1975,NOx_AWB,3.98487963775122e-06
Pakistan,OilCrop,OilCropAEZ10,OilCropAEZ10,1975,NOx_AWB,6.6979664647875e-06
Pakistan,OilCrop,OilCropAEZ11,OilCropAEZ11,1975,NOx_AWB,1.67816868923662e-06
Pakistan,OilCrop,OilCropAEZ12,OilCropAEZ12,1975,NOx_AWB,1.87068125515625e-06
Pakistan,OilCrop,OilCropAEZ13,OilCropAEZ13,1975,NOx_AWB,0
Pakistan,OilCrop,OilCropAEZ14,OilCropAEZ14,1975,NOx_AWB,2.75187401684263e-08
Pakistan,OtherGrain,OtherGrainAEZ01,OtherGrainAEZ01,1975,NOx_AWB,1.45783812132283e-05
Pakistan,OtherGrain,OtherGrainAEZ07,OtherGrainAEZ07,1975,NOx_AWB,7.01453367756777e-05
Pakistan,OtherGrain,OtherGrainAEZ08,OtherGrainAEZ08,1975,NOx_AWB,1.01241547288201e-05
Pakistan,OtherGrain,OtherGrainAEZ09,OtherGrainAEZ09,1975,NOx_AWB,6.48032333146635e-06
Pakistan,OtherGrain,OtherGrainAEZ10,OtherGrainAEZ10,1975,NOx_AWB,1.31210669131306e-05
Pakistan,OtherGrain,OtherGrainAEZ11,OtherGrainAEZ11,1975,NOx_AWB,3.49890752506608e-06
Pakistan,OtherGrain,OtherGrainAEZ12,OtherGrainAEZ12,1975,NOx_AWB,2.95129608595494e-06
Pakistan,OtherGrain,OtherGrainAEZ13,OtherGrainAEZ13,1975,NOx_AWB,0
Pakistan,OtherGrain,OtherGrainAEZ14,OtherGrainAEZ14,1975,NOx_AWB,4.49613218241914e-08
Pakistan,PalmFruit,PalmFruitAEZ01,PalmFruitAEZ01,1975,NOx_AWB,0
Pakistan,PalmFruit,PalmFruitAEZ07,PalmFruitAEZ07,1975,NOx_AWB,0
Pakistan,PalmFruit,PalmFruitAEZ08,PalmFruitAEZ08,1975,NOx_AWB,0
Pakistan,PalmFruit,PalmFruitAEZ09,PalmFruitAEZ09,1975,NOx_AWB,0
Pakistan,PalmFruit,PalmFruitAEZ10,PalmFruitAEZ10,1975,NOx_AWB,0
Pakistan,PalmFruit,PalmFruitAEZ11,PalmFruitAEZ11,1975,NOx_AWB,0
Pakistan,PalmFruit,PalmFruitAEZ12,PalmFruitAEZ12,1975,NOx_AWB,0
Pakistan,PalmFruit,PalmFruitAEZ13,PalmFruitAEZ13,1975,NOx_AWB,0
Pakistan,PalmFruit,PalmFruitAEZ14,PalmFruitAEZ14,1975,NOx_AWB,0
Pakistan,Rice,RiceAEZ01,RiceAEZ01,1975,NOx_AWB,0.000130335895568071
Pakistan,Rice,RiceAEZ07,RiceAEZ07,1975,NOx_AWB,0.000348423897865003
Pakistan,Rice,RiceAEZ08,RiceAEZ08,1975,NOx_AWB,5.94362366425325e-05
Pakistan,Rice,RiceAEZ09,RiceAEZ09,1975,NOx_AWB,2.25983034844157e-05
Pakistan,Rice,RiceAEZ10,RiceAEZ10,1975,NOx_AWB,6.52776230458514e-05
Pakistan,Rice,RiceAEZ11,RiceAEZ11,1975,NOx_AWB,1.33360535713333e-05
Pakistan,Rice,RiceAEZ12,RiceAEZ12,1975,NOx_AWB,5.88509787769491e-06
Pakistan,Rice,RiceAEZ13,RiceAEZ13,1975,NOx_AWB,1.0989558174704e-07
Pakistan,Rice,RiceAEZ14,RiceAEZ14,1975,NOx_AWB,2.07470872934147e-06
Pakistan,Root_Tuber,Root_TuberAEZ01,Root_TuberAEZ01,1975,NOx_AWB,2.49822884462512e-08
Pakistan,Root_Tuber,Root_TuberAEZ07,Root_TuberAEZ07,1975,NOx_AWB,2.8699001515034e-05
Pakistan,Root_Tuber,Root_TuberAEZ08,Root_TuberAEZ08,1975,NOx_AWB,6.49467780114169e-06
Pakistan,Root_Tuber,Root_TuberAEZ09,Root_TuberAEZ09,1975,NOx_AWB,3.26398379849496e-06
Pakistan,Root_Tuber,Root_TuberAEZ10,Root_TuberAEZ10,1975,NOx_AWB,7.21297836021166e-06
Pakistan,Root_Tuber,Root_TuberAEZ11,Root_TuberAEZ11,1975,NOx_AWB,1.74574199610233e-06
Pakistan,Root_Tuber,Root_TuberAEZ12,Root_TuberAEZ12,1975,NOx_AWB,1.12264905783345e-06
Pakistan,Root_Tuber,Root_TuberAEZ13,Root_TuberAEZ13,1975,NOx_AWB,0
Pakistan,Root_Tuber,Root_TuberAEZ14,Root_TuberAEZ14,1975,NOx_AWB,0
Pakistan,SugarCrop,SugarCropAEZ01,SugarCropAEZ01,1975,NOx_AWB,0.000633615315341953
Pakistan,SugarCrop,SugarCropAEZ07,SugarCropAEZ07,1975,NOx_AWB,0.00215239080298244
Pakistan,SugarCrop,SugarCropAEZ08,SugarCropAEZ08,1975,NOx_AWB,0.000330497157815119
Pakistan,SugarCrop,SugarCropAEZ09,SugarCropAEZ09,1975,NOx_AWB,0.00022698670797532
Pakistan,SugarCrop,SugarCropAEZ10,SugarCropAEZ10,1975,NOx_AWB,0.000430134117979037
Pakistan,SugarCrop,SugarCropAEZ11,SugarCropAEZ11,1975,NOx_AWB,0.000120739365612094
Pakistan,SugarCrop,SugarCropAEZ12,SugarCropAEZ12,1975,NOx_AWB,0.000105882838375877
Pakistan,SugarCrop,SugarCropAEZ13,SugarCropAEZ13,1975,NOx_AWB,3.03889841136903e-08
Pakistan,SugarCrop,SugarCropAEZ14,SugarCropAEZ14,1975,NOx_AWB,4.15600074382861e-06
Pakistan,Wheat,WheatAEZ01,WheatAEZ01,1975,NOx_AWB,9.92571556470537e-05
Pakistan,Wheat,WheatAEZ07,WheatAEZ07,1975,NOx_AWB,0.000792041708350859
Pakistan,Wheat,WheatAEZ08,WheatAEZ08,1975,NOx_AWB,0.000148874964703435
Pakistan,Wheat,WheatAEZ09,WheatAEZ09,1975,NOx_AWB,7.43516807183429e-05
Pakistan,Wheat,WheatAEZ10,WheatAEZ10,1975,NOx_AWB,0.000164266564937559
Pakistan,Wheat,WheatAEZ11,WheatAEZ11,1975,NOx_AWB,3.93771645557908e-05
Pakistan,Wheat,WheatAEZ12,WheatAEZ12,1975,NOx_AWB,2.08143192239763e-05
Pakistan,Wheat,WheatAEZ13,WheatAEZ13,1975,NOx_AWB,9.43051258774909e-08
Pakistan,Wheat,WheatAEZ14,WheatAEZ14,1975,NOx_AWB,8.2679039405676e-07
Pakistan,Corn,CornAEZ01,CornAEZ01,1975,SO2_AWB,4.14987504584584e-09
Pakistan,Corn,CornAEZ07,CornAEZ07,1975,SO2_AWB,9.61627064817676e-06
Pakistan,Corn,CornAEZ08,CornAEZ08,1975,SO2_AWB,1.85547192715955e-06
Pakistan,Corn,CornAEZ09,CornAEZ09,1975,SO2_AWB,3.04655431984109e-06
Pakistan,Corn,CornAEZ10,CornAEZ10,1975,SO2_AWB,4.02666197951756e-06
Pakistan,Corn,CornAEZ11,CornAEZ11,1975,SO2_AWB,1.50550368192813e-06
Pakistan,Corn,CornAEZ12,CornAEZ12,1975,SO2_AWB,2.57913369008843e-06
Pakistan,Corn,CornAEZ13,CornAEZ13,1975,SO2_AWB,2.57729081794636e-08
Pakistan,Corn,CornAEZ14,CornAEZ14,1975,SO2_AWB,4.21089459010548e-07
Pakistan,FiberCrop,FiberCropAEZ01,FiberCropAEZ01,1975,SO2_AWB,6.56559739374405e-06
Pakistan,FiberCrop,FiberCropAEZ07,FiberCropAEZ07,1975,SO2_AWB,2.9696412663055e-05
Pakistan,FiberCrop,FiberCropAEZ08,FiberCropAEZ08,1975,SO2_AWB,4.83434017873612e-06
Pakistan,FiberCrop,FiberCropAEZ09,FiberCropAEZ09,1975,SO2_AWB,2.2239091336418e-06
Pakistan,FiberCrop,FiberCropAEZ10,FiberCropAEZ10,1975,SO2_AWB,5.40798325351033e-06
Pakistan,FiberCrop,FiberCropAEZ11,FiberCropAEZ11,1975,SO2_AWB,1.28394604500416e-06
Pakistan,FiberCrop,FiberCropAEZ12,FiberCropAEZ12,1975,SO2_AWB,2.01989991819872e-07
Pakistan,FiberCrop,FiberCropAEZ13,FiberCropAEZ13,1975,SO2_AWB,0
Pakistan,FiberCrop,FiberCropAEZ14,FiberCropAEZ14,1975,SO2_AWB,0
Pakistan,FodderGrass,FodderGrassAEZ01,FodderGrassAEZ01,1975,SO2_AWB,0
Pakistan,FodderGrass,FodderGrassAEZ07,FodderGrassAEZ07,1975,SO2_AWB,0
Pakistan,FodderGrass,FodderGrassAEZ08,FodderGrassAEZ08,1975,SO2_AWB,0
Pakistan,FodderGrass,FodderGrassAEZ09,FodderGrassAEZ09,1975,SO2_AWB,0
Pakistan,FodderGrass,FodderGrassAEZ10,FodderGrassAEZ10,1975,SO2_AWB,0
Pakistan,FodderGrass,FodderGrassAEZ11,FodderGrassAEZ11,1975,SO2_AWB,0
Pakistan,FodderGrass,FodderGrassAEZ12,FodderGrassAEZ12,1975,SO2_AWB,0
Pakistan,FodderGrass,FodderGrassAEZ13,FodderGrassAEZ13,1975,SO2_AWB,0
Pakistan,FodderGrass,FodderGrassAEZ14,FodderGrassAEZ14,1975,SO2_AWB,0
Pakistan,FodderHerb,FodderHerbAEZ01,FodderHerbAEZ01,1975,SO2_AWB,0
Pakistan,FodderHerb,FodderHerbAEZ07,FodderHerbAEZ07,1975,SO2_AWB,0
Pakistan,FodderHerb,FodderHerbAEZ08,FodderHerbAEZ08,1975,SO2_AWB,0
Pakistan,FodderHerb,FodderHerbAEZ09,FodderHerbAEZ09,1975,SO2_AWB,0
Pakistan,FodderHerb,FodderHerbAEZ10,FodderHerbAEZ10,1975,SO2_AWB,0
Pakistan,FodderHerb,FodderHerbAEZ11,FodderHerbAEZ11,1975,SO2_AWB,0
Pakistan,FodderHerb,FodderHerbAEZ12,FodderHerbAEZ12,1975,SO2_AWB,0
Pakistan,FodderHerb,FodderHerbAEZ13,FodderHerbAEZ13,1975,SO2_AWB,0
Pakistan,FodderHerb,FodderHerbAEZ14,FodderHerbAEZ14,1975,SO2_AWB,0
Pakistan,MiscCrop,MiscCropAEZ01,MiscCropAEZ01,1975,SO2_AWB,1.91305122945513e-05
Pakistan,MiscCrop,MiscCropAEZ07,MiscCropAEZ07,1975,SO2_AWB,8.33436922711939e-05
Pakistan,MiscCrop,MiscCropAEZ08,MiscCropAEZ08,1975,SO2_AWB,1.24572389881279e-05
Pakistan,MiscCrop,MiscCropAEZ09,MiscCropAEZ09,1975,SO2_AWB,8.02359483477167e-06
Pakistan,MiscCrop,MiscCropAEZ10,MiscCropAEZ10,1975,SO2_AWB,1.69299809867225e-05
Pakistan,MiscCrop,MiscCropAEZ11,MiscCropAEZ11,1975,SO2_AWB,5.31754462926567e-06
Pakistan,MiscCrop,MiscCropAEZ12,MiscCropAEZ12,1975,SO2_AWB,4.28058024859399e-06
Pakistan,MiscCrop,MiscCropAEZ13,MiscCropAEZ13,1975,SO2_AWB,1.25235904478786e-07
Pakistan,MiscCrop,MiscCropAEZ14,MiscCropAEZ14,1975,SO2_AWB,3.00383951814848e-07
Pakistan,OilCrop,OilCropAEZ01,OilCropAEZ01,1975,SO2_AWB,1.52590919475088e-06
Pakistan,OilCrop,OilCropAEZ07,OilCropAEZ07,1975,SO2_AWB,7.75844397090466e-06
Pakistan,OilCrop,OilCropAEZ08,OilCropAEZ08,1975,SO2_AWB,1.19112713983791e-06
Pakistan,OilCrop,OilCropAEZ09,OilCropAEZ09,1975,SO2_AWB,7.13868812110513e-07
Pakistan,OilCrop,OilCropAEZ10,OilCropAEZ10,1975,SO2_AWB,1.19990308326407e-06
Pakistan,OilCrop,OilCropAEZ11,OilCropAEZ11,1975,SO2_AWB,3.0063449780442e-07
Pakistan,OilCrop,OilCropAEZ12,OilCropAEZ12,1975,SO2_AWB,3.35122043036013e-07
Pakistan,OilCrop,OilCropAEZ13,OilCropAEZ13,1975,SO2_AWB,0
Pakistan,OilCrop,OilCropAEZ14,OilCropAEZ14,1975,SO2_AWB,4.92982778418331e-09
Pakistan,OtherGrain,OtherGrainAEZ01,OtherGrainAEZ01,1975,SO2_AWB,2.61163513712914e-06
Pakistan,OtherGrain,OtherGrainAEZ07,OtherGrainAEZ07,1975,SO2_AWB,1.25661432191722e-05
Pakistan,OtherGrain,OtherGrainAEZ08,OtherGrainAEZ08,1975,SO2_AWB,1.81368547281002e-06
Pakistan,OtherGrain,OtherGrainAEZ09,OtherGrainAEZ09,1975,SO2_AWB,1.16091353798996e-06
Pakistan,OtherGrain,OtherGrainAEZ10,OtherGrainAEZ10,1975,SO2_AWB,2.35056546304746e-06
Pakistan,OtherGrain,OtherGrainAEZ11,OtherGrainAEZ11,1975,SO2_AWB,6.2680963684339e-07
Pakistan,OtherGrain,OtherGrainAEZ12,OtherGrainAEZ12,1975,SO2_AWB,5.28708122350217e-07
Pakistan,OtherGrain,OtherGrainAEZ13,OtherGrainAEZ13,1975,SO2_AWB,0
Pakistan,OtherGrain,OtherGrainAEZ14,OtherGrainAEZ14,1975,SO2_AWB,8.05456834818401e-09
Pakistan,PalmFruit,PalmFruitAEZ01,PalmFruitAEZ01,1975,SO2_AWB,0
Pakistan,PalmFruit,PalmFruitAEZ07,PalmFruitAEZ07,1975,SO2_AWB,0
Pakistan,PalmFruit,PalmFruitAEZ08,PalmFruitAEZ08,1975,SO2_AWB,0
Pakistan,PalmFruit,PalmFruitAEZ09,PalmFruitAEZ09,1975,SO2_AWB,0
Pakistan,PalmFruit,PalmFruitAEZ10,PalmFruitAEZ10,1975,SO2_AWB,0
Pakistan,PalmFruit,PalmFruitAEZ11,PalmFruitAEZ11,1975,SO2_AWB,0
Pakistan,PalmFruit,PalmFruitAEZ12,PalmFruitAEZ12,1975,SO2_AWB,0
Pakistan,PalmFruit,PalmFruitAEZ13,PalmFruitAEZ13,1975,SO2_AWB,0
Pakistan,PalmFruit,PalmFruitAEZ14,PalmFruitAEZ14,1975,SO2_AWB,0
Pakistan,Rice,RiceAEZ01,RiceAEZ01,1975,SO2_AWB,2.33489438584513e-05
Pakistan,Rice,RiceAEZ07,RiceAEZ07,1975,SO2_AWB,6.2418184911645e-05
Pakistan,Rice,RiceAEZ08,RiceAEZ08,1975,SO2_AWB,1.06476680616301e-05
Pakistan,Rice,RiceAEZ09,RiceAEZ09,1975,SO2_AWB,4.04835918036324e-06
Pakistan,Rice,RiceAEZ10,RiceAEZ10,1975,SO2_AWB,1.16941196365563e-05
Pakistan,Rice,RiceAEZ11,RiceAEZ11,1975,SO2_AWB,2.38907911572013e-06
Pakistan,Rice,RiceAEZ12,RiceAEZ12,1975,SO2_AWB,1.05428224012181e-06
Pakistan,Rice,RiceAEZ13,RiceAEZ13,1975,SO2_AWB,1.96871764092291e-08
Pakistan,Rice,RiceAEZ14,RiceAEZ14,1975,SO2_AWB,3.71672419427482e-07
Pakistan,Root_Tuber,Root_TuberAEZ01,Root_TuberAEZ01,1975,SO2_AWB,4.47543670026425e-09
Pakistan,Root_Tuber,Root_TuberAEZ07,Root_TuberAEZ07,1975,SO2_AWB,5.14126497729218e-06
Pakistan,Root_Tuber,Root_TuberAEZ08,Root_TuberAEZ08,1975,SO2_AWB,1.16348506063234e-06
Pakistan,Root_Tuber,Root_TuberAEZ09,Root_TuberAEZ09,1975,SO2_AWB,5.84724370318615e-07
Pakistan,Root_Tuber,Root_TuberAEZ10,Root_TuberAEZ10,1975,SO2_AWB,1.29216457255129e-06
Pakistan,Root_Tuber,Root_TuberAEZ11,Root_TuberAEZ11,1975,SO2_AWB,3.12739876307102e-07
Pakistan,Root_Tuber,Root_TuberAEZ12,Root_TuberAEZ12,1975,SO2_AWB,2.0111627506642e-07
Pakistan,Root_Tuber,Root_TuberAEZ13,Root_TuberAEZ13,1975,SO2_AWB,0
Pakistan,Root_Tuber,Root_TuberAEZ14,Root_TuberAEZ14,1975,SO2_AWB,0
Pakistan,SugarCrop,SugarCropAEZ01,SugarCropAEZ01,1975,SO2_AWB,0.000113508626010457
Pakistan,SugarCrop,SugarCropAEZ07,SugarCropAEZ07,1975,SO2_AWB,0.000385588726737496
Pakistan,SugarCrop,SugarCropAEZ08,SugarCropAEZ08,1975,SO2_AWB,5.92067100898743e-05
Pakistan,SugarCrop,SugarCropAEZ09,SugarCropAEZ09,1975,SO2_AWB,4.06633942094825e-05
Pakistan,SugarCrop,SugarCropAEZ10,SugarCropAEZ10,1975,SO2_AWB,7.70561120443729e-05
Pakistan,SugarCrop,SugarCropAEZ11,SugarCropAEZ11,1975,SO2_AWB,2.16297794010971e-05
Pakistan,SugarCrop,SugarCropAEZ12,SugarCropAEZ12,1975,SO2_AWB,1.8968315965732e-05
Pakistan,SugarCrop,SugarCropAEZ13,SugarCropAEZ13,1975,SO2_AWB,5.44401587063437e-09
Pakistan,SugarCrop,SugarCropAEZ14,SugarCropAEZ14,1975,SO2_AWB,7.44524197423842e-07
Pakistan,Wheat,WheatAEZ01,WheatAEZ01,1975,SO2_AWB,1.77813621078946e-05
Pakistan,Wheat,WheatAEZ07,WheatAEZ07,1975,SO2_AWB,0.000141889824758042
Pakistan,Wheat,WheatAEZ08,WheatAEZ08,1975,SO2_AWB,2.66701139976741e-05
Pakistan,Wheat,WheatAEZ09,WheatAEZ09,1975,SO2_AWB,1.33196861179919e-05
Pakistan,Wheat,WheatAEZ10,WheatAEZ10,1975,SO2_AWB,2.94274327561938e-05
Pakistan,Wheat,WheatAEZ11,WheatAEZ11,1975,SO2_AWB,7.0541979284438e-06
Pakistan,Wheat,WheatAEZ12,WheatAEZ12,1975,SO2_AWB,3.72876841712944e-06
Pakistan,Wheat,WheatAEZ13,WheatAEZ13,1975,SO2_AWB,1.68942337801922e-08
Pakistan,Wheat,WheatAEZ14,WheatAEZ14,1975,SO2_AWB,1.48114856689313e-07
Russia,Corn,CornAEZ07,CornAEZ07,1975,CH4_AWB,1.1020933520929e-05
Russia,Corn,CornAEZ08,CornAEZ08,1975,CH4_AWB,0.000103234945262286
Russia,Corn,CornAEZ09,CornAEZ09,1975,CH4_AWB,9.24194972608482e-05
Russia,Corn,CornAEZ10,CornAEZ10,1975,CH4_AWB,8.60855414799877e-05
Russia,Corn,CornAEZ11,CornAEZ11,1975,CH4_AWB,4.87544689282665e-07
Russia,Corn,CornAEZ13,CornAEZ13,1975,CH4_AWB,8.88357472973215e-06
Russia,Corn,CornAEZ14,CornAEZ14,1975,CH4_AWB,2.37935215204337e-05
Russia,Corn,CornAEZ15,CornAEZ15,1975,CH4_AWB,4.60800632900176e-05
Russia,Corn,CornAEZ16,CornAEZ16,1975,CH4_AWB,5.34984257145178e-07
Russia,FiberCrop,FiberCropAEZ07,FiberCropAEZ07,1975,CH4_AWB,1.26756936015513e-05
Russia,FiberCrop,FiberCropAEZ08,FiberCropAEZ08,1975,CH4_AWB,1.45346905237508e-06
Russia,FiberCrop,FiberCropAEZ09,FiberCropAEZ09,1975,CH4_AWB,4.26429526551046e-06
Russia,FiberCrop,FiberCropAEZ10,FiberCropAEZ10,1975,CH4_AWB,6.61135480460878e-06
Russia,FiberCrop,FiberCropAEZ11,FiberCropAEZ11,1975,CH4_AWB,0
Russia,FiberCrop,FiberCropAEZ13,FiberCropAEZ13,1975,CH4_AWB,1.20014811871384e-06
Russia,FiberCrop,FiberCropAEZ14,FiberCropAEZ14,1975,CH4_AWB,1.31734031369394e-06
Russia,FiberCrop,FiberCropAEZ15,FiberCropAEZ15,1975,CH4_AWB,1.19550330610793e-06
Russia,FiberCrop,FiberCropAEZ16,FiberCropAEZ16,1975,CH4_AWB,0
Russia,FodderGrass,FodderGrassAEZ07,FodderGrassAEZ07,1975,CH4_AWB,0
Russia,FodderGrass,FodderGrassAEZ08,FodderGrassAEZ08,1975,CH4_AWB,0
Russia,FodderGrass,FodderGrassAEZ09,FodderGrassAEZ09,1975,CH4_AWB,0
Russia,FodderGrass,FodderGrassAEZ10,FodderGrassAEZ10,1975,CH4_AWB,0
Russia,FodderGrass,FodderGrassAEZ11,FodderGrassAEZ11,1975,CH4_AWB,0
Russia,FodderGrass,FodderGrassAEZ13,FodderGrassAEZ13,1975,CH4_AWB,0
Russia,FodderGrass,FodderGrassAEZ14,FodderGrassAEZ14,1975,CH4_AWB,0
Russia,FodderGrass,FodderGrassAEZ15,FodderGrassAEZ15,1975,CH4_AWB,0
Russia,FodderGrass,FodderGrassAEZ16,FodderGrassAEZ16,1975,CH4_AWB,0
Russia,FodderHerb,FodderHerbAEZ07,FodderHerbAEZ07,1975,CH4_AWB,0.000613148822574459
Russia,FodderHerb,FodderHerbAEZ08,FodderHerbAEZ08,1975,CH4_AWB,0.00507397822848973
Russia,FodderHerb,FodderHerbAEZ09,FodderHerbAEZ09,1975,CH4_AWB,0.00477550092825112
Russia,FodderHerb,FodderHerbAEZ10,FodderHerbAEZ10,1975,CH4_AWB,0.00333193507423952
Russia,FodderHerb,FodderHerbAEZ11,FodderHerbAEZ11,1975,CH4_AWB,2.68962107784844e-05
Russia,FodderHerb,FodderHerbAEZ13,FodderHerbAEZ13,1975,CH4_AWB,0.000451629722882607
Russia,FodderHerb,FodderHerbAEZ14,FodderHerbAEZ14,1975,CH4_AWB,0.00127935546459461
Russia,FodderHerb,FodderHerbAEZ15,FodderHerbAEZ15,1975,CH4_AWB,0.00275212304374477
Russia,FodderHerb,FodderHerbAEZ16,FodderHerbAEZ16,1975,CH4_AWB,1.54707443013705e-05
Russia,MiscCrop,MiscCropAEZ07,MiscCropAEZ07,1975,CH4_AWB,0.000109306185105517
Russia,MiscCrop,MiscCropAEZ08,MiscCropAEZ08,1975,CH4_AWB,0.000354260040862415
Russia,MiscCrop,MiscCropAEZ09,MiscCropAEZ09,1975,CH4_AWB,0.000719121748260415
Russia,MiscCrop,MiscCropAEZ10,MiscCropAEZ10,1975,CH4_AWB,0.000829684012782987
Russia,MiscCrop,MiscCropAEZ11,MiscCropAEZ11,1975,CH4_AWB,1.98028031295309e-05
Russia,MiscCrop,MiscCropAEZ13,MiscCropAEZ13,1975,CH4_AWB,9.3550501586759e-06
Russia,MiscCrop,MiscCropAEZ14,MiscCropAEZ14,1975,CH4_AWB,2.41162794879495e-05
Russia,MiscCrop,MiscCropAEZ15,MiscCropAEZ15,1975,CH4_AWB,7.68702233807731e-05
Russia,MiscCrop,MiscCropAEZ16,MiscCropAEZ16,1975,CH4_AWB,9.9055764354182e-07
Russia,OilCrop,OilCropAEZ07,OilCropAEZ07,1975,CH4_AWB,1.67563160710706e-05
Russia,OilCrop,OilCropAEZ08,OilCropAEZ08,1975,CH4_AWB,0.000253021269278911
Russia,OilCrop,OilCropAEZ09,OilCropAEZ09,1975,CH4_AWB,0.000140045209667759
Russia,OilCrop,OilCropAEZ10,OilCropAEZ10,1975,CH4_AWB,5.92985152275352e-05
Russia,OilCrop,OilCropAEZ11,OilCropAEZ11,1975,CH4_AWB,4.20520546830354e-06
Russia,OilCrop,OilCropAEZ13,OilCropAEZ13,1975,CH4_AWB,5.65770677371061e-06
Russia,OilCrop,OilCropAEZ14,OilCropAEZ14,1975,CH4_AWB,8.5602188130135e-06
Russia,OilCrop,OilCropAEZ15,OilCropAEZ15,1975,CH4_AWB,8.6176264863496e-06
Russia,OilCrop,OilCropAEZ16,OilCropAEZ16,1975,CH4_AWB,9.75058746685316e-08
Russia,OtherGrain,OtherGrainAEZ07,OtherGrainAEZ07,1975,CH4_AWB,0.000155994313174655
Russia,OtherGrain,OtherGrainAEZ08,OtherGrainAEZ08,1975,CH4_AWB,0.00152055723880544
Russia,OtherGrain,OtherGrainAEZ09,OtherGrainAEZ09,1975,CH4_AWB,0.00155190038322909
Russia,OtherGrain,OtherGrainAEZ10,OtherGrainAEZ10,1975,CH4_AWB,0.00110980965048093
Russia,OtherGrain,OtherGrainAEZ11,OtherGrainAEZ11,1975,CH4_AWB,5.72837149406924e-06
Russia,OtherGrain,OtherGrainAEZ13,OtherGrainAEZ13,1975,CH4_AWB,0.000182885565099036
Russia,OtherGrain,OtherGrainAEZ14,OtherGrainAEZ14,1975,CH4_AWB,0.000437380630483936
Russia,OtherGrain,OtherGrainAEZ15,OtherGrainAEZ15,1975,CH4_AWB,0.000732051597369808
Russia,OtherGrain,OtherGrainAEZ16,OtherGrainAEZ16,1975,CH4_AWB,5.6617954653301e-06
Russia,PalmFruit,PalmFruitAEZ07,PalmFruitAEZ07,1975,CH4_AWB,0
Russia,PalmFruit,PalmFruitAEZ08,PalmFruitAEZ08,1975,CH4_AWB,0
Russia,PalmFruit,PalmFruitAEZ09,PalmFruitAEZ09,1975,CH4_AWB,0
Russia,PalmFruit,PalmFruitAEZ10,PalmFruitAEZ10,1975,CH4_AWB,0
Russia,PalmFruit,PalmFruitAEZ11,PalmFruitAEZ11,1975,CH4_AWB,0
Russia,PalmFruit,PalmFruitAEZ13,PalmFruitAEZ13,1975,CH4_AWB,0
Russia,PalmFruit,PalmFruitAEZ14,PalmFruitAEZ14,1975,CH4_AWB,0
Russia,PalmFruit,PalmFruitAEZ15,PalmFruitAEZ15,1975,CH4_AWB,0
Russia,PalmFruit,PalmFruitAEZ16,PalmFruitAEZ16,1975,CH4_AWB,0
Russia,Rice,RiceAEZ07,RiceAEZ07,1975,CH4_AWB,1.28581301624239e-05
Russia,Rice,RiceAEZ08,RiceAEZ08,1975,CH4_AWB,1.27050145455871e-05
Russia,Rice,RiceAEZ09,RiceAEZ09,1975,CH4_AWB,1.2984204307749e-05
Russia,Rice,RiceAEZ10,RiceAEZ10,1975,CH4_AWB,1.53112035184807e-05
Russia,Rice,RiceAEZ11,RiceAEZ11,1975,CH4_AWB,5.97777694737755e-07
Russia,Rice,RiceAEZ13,RiceAEZ13,1975,CH4_AWB,0
Russia,Rice,RiceAEZ14,RiceAEZ14,1975,CH4_AWB,0
Russia,Rice,RiceAEZ15,RiceAEZ15,1975,CH4_AWB,3.2442065262315e-05
Russia,Rice,RiceAEZ16,RiceAEZ16,1975,CH4_AWB,3.00500590704e-07
Russia,Root_Tuber,Root_TuberAEZ07,Root_TuberAEZ07,1975,CH4_AWB,5.83146371359418e-05
Russia,Root_Tuber,Root_TuberAEZ08,Root_TuberAEZ08,1975,CH4_AWB,0.000651550887936115
Russia,Root_Tuber,Root_TuberAEZ09,Root_TuberAEZ09,1975,CH4_AWB,0.00157257028250087
Russia,Root_Tuber,Root_TuberAEZ10,Root_TuberAEZ10,1975,CH4_AWB,0.00189498920569175
Russia,Root_Tuber,Root_TuberAEZ11,Root_TuberAEZ11,1975,CH4_AWB,4.43080891785196e-06
Russia,Root_Tuber,Root_TuberAEZ13,Root_TuberAEZ13,1975,CH4_AWB,7.46225594691439e-05
Russia,Root_Tuber,Root_TuberAEZ14,Root_TuberAEZ14,1975,CH4_AWB,0.000214570334137674
Russia,Root_Tuber,Root_TuberAEZ15,Root_TuberAEZ15,1975,CH4_AWB,0.00107683567111257
Russia,Root_Tuber,Root_TuberAEZ16,Root_TuberAEZ16,1975,CH4_AWB,1.23118323894413e-05
Russia,SugarCrop,SugarCropAEZ07,SugarCropAEZ07,1975,CH4_AWB,1.52227808716181e-05
Russia,SugarCrop,SugarCropAEZ08,SugarCropAEZ08,1975,CH4_AWB,0.000830811413773087
Russia,SugarCrop,SugarCropAEZ09,SugarCropAEZ09,1975,CH4_AWB,0.0020619456699256
Russia,SugarCrop,SugarCropAEZ10,SugarCropAEZ10,1975,CH4_AWB,0.00133041896819931
Russia,SugarCrop,SugarCropAEZ11,SugarCropAEZ11,1975,CH4_AWB,3.37527301709402e-05
Russia,SugarCrop,SugarCropAEZ13,SugarCropAEZ13,1975,CH4_AWB,2.23746596573295e-05
Russia,SugarCrop,SugarCropAEZ14,SugarCropAEZ14,1975,CH4_AWB,4.4678763199224e-05
Russia,SugarCrop,SugarCropAEZ15,SugarCropAEZ15,1975,CH4_AWB,6.44799184427335e-05
Russia,SugarCrop,SugarCropAEZ16,SugarCropAEZ16,1975,CH4_AWB,8.06342792113618e-06
Russia,Wheat,WheatAEZ07,WheatAEZ07,1975,CH4_AWB,0.000201695800855886
Russia,Wheat,WheatAEZ08,WheatAEZ08,1975,CH4_AWB,0.00182353484971971
Russia,Wheat,WheatAEZ09,WheatAEZ09,1975,CH4_AWB,0.0014203765655762
Russia,Wheat,WheatAEZ10,WheatAEZ10,1975,CH4_AWB,0.000846416795057683
Russia,Wheat,WheatAEZ11,WheatAEZ11,1975,CH4_AWB,2.55657870149202e-05
Russia,Wheat,WheatAEZ13,WheatAEZ13,1975,CH4_AWB,0.000107504253806545
Russia,Wheat,WheatAEZ14,WheatAEZ14,1975,CH4_AWB,0.000302126856000603
Russia,Wheat,WheatAEZ15,WheatAEZ15,1975,CH4_AWB,0.000546270098890361
Russia,Wheat,WheatAEZ16,WheatAEZ16,1975,CH4_AWB,4.33287513844173e-06
Russia,Corn,CornAEZ07,CornAEZ07,1975,CO_AWB,0.000486064756701351
Russia,Corn,CornAEZ08,CornAEZ08,1975,CO_AWB,0.00455305065189798
Russia,Corn,CornAEZ09,CornAEZ09,1975,CO_AWB,0.00407604858202326
Russia,Corn,CornAEZ10,CornAEZ10,1975,CO_AWB,0.00379669723036738
Russia,Corn,CornAEZ11,CornAEZ11,1975,CO_AWB,2.15025605886458e-05
Russia,Corn,CornAEZ13,CornAEZ13,1975,CO_AWB,0.000391799168504696
Russia,Corn,CornAEZ14,CornAEZ14,1975,CO_AWB,0.00104938408592479
Russia,Corn,CornAEZ15,CornAEZ15,1975,CO_AWB,0.00203230467812106
Russia,Corn,CornAEZ16,CornAEZ16,1975,CO_AWB,2.35948245486199e-05
Russia,FiberCrop,FiberCropAEZ07,FiberCropAEZ07,1975,CO_AWB,0.000559045920634458
Russia,FiberCrop,FiberCropAEZ08,FiberCropAEZ08,1975,CO_AWB,6.41034699986179e-05
Russia,FiberCrop,FiberCropAEZ09,FiberCropAEZ09,1975,CO_AWB,0.000188071512889259
Russia,FiberCrop,FiberCropAEZ10,FiberCropAEZ10,1975,CO_AWB,0.000291585695391944
Russia,FiberCrop,FiberCropAEZ11,FiberCropAEZ11,1975,CO_AWB,0
Russia,FiberCrop,FiberCropAEZ13,FiberCropAEZ13,1975,CO_AWB,5.29310608961057e-05
Russia,FiberCrop,FiberCropAEZ14,FiberCropAEZ14,1975,CO_AWB,5.80996789294261e-05
Russia,FiberCrop,FiberCropAEZ15,FiberCropAEZ15,1975,CO_AWB,5.27262071325901e-05
Russia,FiberCrop,FiberCropAEZ16,FiberCropAEZ16,1975,CO_AWB,0
Russia,FodderGrass,FodderGrassAEZ07,FodderGrassAEZ07,1975,CO_AWB,0
Russia,FodderGrass,FodderGrassAEZ08,FodderGrassAEZ08,1975,CO_AWB,0
Russia,FodderGrass,FodderGrassAEZ09,FodderGrassAEZ09,1975,CO_AWB,0
Russia,FodderGrass,FodderGrassAEZ10,FodderGrassAEZ10,1975,CO_AWB,0
Russia,FodderGrass,FodderGrassAEZ11,FodderGrassAEZ11,1975,CO_AWB,0
Russia,FodderGrass,FodderGrassAEZ13,FodderGrassAEZ13,1975,CO_AWB,0
Russia,FodderGrass,FodderGrassAEZ14,FodderGrassAEZ14,1975,CO_AWB,0
Russia,FodderGrass,FodderGrassAEZ15,FodderGrassAEZ15,1975,CO_AWB,0
Russia,FodderGrass,FodderGrassAEZ16,FodderGrassAEZ16,1975,CO_AWB,0
Russia,FodderHerb,FodderHerbAEZ07,FodderHerbAEZ07,1975,CO_AWB,0.0270421768446754
Russia,FodderHerb,FodderHerbAEZ08,FodderHerbAEZ08,1975,CO_AWB,0.223781586964052
Russia,FodderHerb,FodderHerbAEZ09,FodderHerbAEZ09,1975,CO_AWB,0.210617611694094
Russia,FodderHerb,FodderHerbAEZ10,FodderHerbAEZ10,1975,CO_AWB,0.146950910113866
Russia,FodderHerb,FodderHerbAEZ11,FodderHerbAEZ11,1975,CO_AWB,0.00118622439046618
Russia,FodderHerb,FodderHerbAEZ13,FodderHerbAEZ13,1975,CO_AWB,0.0199185750422282
Russia,FodderHerb,FodderHerbAEZ14,FodderHerbAEZ14,1975,CO_AWB,0.0564244037450927
Russia,FodderHerb,FodderHerbAEZ15,FodderHerbAEZ15,1975,CO_AWB,0.121379011599121
Russia,FodderHerb,FodderHerbAEZ16,FodderHerbAEZ16,1975,CO_AWB,0.000682318203857613
Russia,MiscCrop,MiscCropAEZ07,MiscCropAEZ07,1975,CO_AWB,0.00482081523932352
Russia,MiscCrop,MiscCropAEZ08,MiscCropAEZ08,1975,CO_AWB,0.0156242046323754
Russia,MiscCrop,MiscCropAEZ09,MiscCropAEZ09,1975,CO_AWB,0.0317159827652589
Russia,MiscCrop,MiscCropAEZ10,MiscCropAEZ10,1975,CO_AWB,0.0365921958467968
Russia,MiscCrop,MiscCropAEZ11,MiscCropAEZ11,1975,CO_AWB,0.00087337834557129
Russia,MiscCrop,MiscCropAEZ13,MiscCropAEZ13,1975,CO_AWB,0.000412593014073678
Russia,MiscCrop,MiscCropAEZ14,MiscCropAEZ14,1975,CO_AWB,0.00106361893024683
Russia,MiscCrop,MiscCropAEZ15,MiscCropAEZ15,1975,CO_AWB,0.00339026692740674
Russia,MiscCrop,MiscCropAEZ16,MiscCropAEZ16,1975,CO_AWB,4.36873300335661e-05
Russia,OilCrop,OilCropAEZ07,OilCropAEZ07,1975,CO_AWB,0.000739016770115616
Russia,OilCrop,OilCropAEZ08,OilCropAEZ08,1975,CO_AWB,0.0111591927724425
Russia,OilCrop,OilCropAEZ09,OilCropAEZ09,1975,CO_AWB,0.00617652221883748
Russia,OilCrop,OilCropAEZ10,OilCropAEZ10,1975,CO_AWB,0.00261528828951629
Russia,OilCrop,OilCropAEZ11,OilCropAEZ11,1975,CO_AWB,0.000185465429852067
Russia,OilCrop,OilCropAEZ13,OilCropAEZ13,1975,CO_AWB,0.00024952621855752
Russia,OilCrop,OilCropAEZ14,OilCropAEZ14,1975,CO_AWB,0.000377537952366397
Russia,OilCrop,OilCropAEZ15,OilCropAEZ15,1975,CO_AWB,0.000380069847393249
Russia,OilCrop,OilCropAEZ16,OilCropAEZ16,1975,CO_AWB,4.30037701957911e-06
Russia,OtherGrain,OtherGrainAEZ07,OtherGrainAEZ07,1975,CO_AWB,0.00687993786878785
Russia,OtherGrain,OtherGrainAEZ08,OtherGrainAEZ08,1975,CO_AWB,0.0670623121831646
Russia,OtherGrain,OtherGrainAEZ09,OtherGrainAEZ09,1975,CO_AWB,0.0684446631282641
Russia,OtherGrain,OtherGrainAEZ10,OtherGrainAEZ10,1975,CO_AWB,0.0489467935471544
Russia,OtherGrain,OtherGrainAEZ11,OtherGrainAEZ11,1975,CO_AWB,0.000252642799384658
Russia,OtherGrain,OtherGrainAEZ13,OtherGrainAEZ13,1975,CO_AWB,0.00806594355507539
Russia,OtherGrain,OtherGrainAEZ14,OtherGrainAEZ14,1975,CO_AWB,0.0192901362972868
Russia,OtherGrain,OtherGrainAEZ15,OtherGrainAEZ15,1975,CO_AWB,0.0322862379028666
Russia,OtherGrain,OtherGrainAEZ16,OtherGrainAEZ16,1975,CO_AWB,0.000249706545286964
Russia,PalmFruit,PalmFruitAEZ07,PalmFruitAEZ07,1975,CO_AWB,0
Russia,PalmFruit,PalmFruitAEZ08,PalmFruitAEZ08,1975,CO_AWB,0
Russia,PalmFruit,PalmFruitAEZ09,PalmFruitAEZ09,1975,CO_AWB,0
Russia,PalmFruit,PalmFruitAEZ10,PalmFruitAEZ10,1975,CO_AWB,0
Russia,PalmFruit,PalmFruitAEZ11,PalmFruitAEZ11,1975,CO_AWB,0
Russia,PalmFruit,PalmFruitAEZ13,PalmFruitAEZ13,1975,CO_AWB,0
Russia,PalmFruit,PalmFruitAEZ14,PalmFruitAEZ14,1975,CO_AWB,0
Russia,PalmFruit,PalmFruitAEZ15,PalmFruitAEZ15,1975,CO_AWB,0
Russia,PalmFruit,PalmFruitAEZ16,PalmFruitAEZ16,1975,CO_AWB,0
Russia,Rice,RiceAEZ07,RiceAEZ07,1975,CO_AWB,0.00056709206140879
Russia,Rice,RiceAEZ08,RiceAEZ08,1975,CO_AWB,0.000560339084911507
Russia,Rice,RiceAEZ09,RiceAEZ09,1975,CO_AWB,0.00057265240696912
Russia,Rice,RiceAEZ10,RiceAEZ10,1975,CO_AWB,0.000675281853291483
Russia,Rice,RiceAEZ11,RiceAEZ11,1975,CO_AWB,2.63642521028208e-05
Russia,Rice,RiceAEZ13,RiceAEZ13,1975,CO_AWB,0
Russia,Rice,RiceAEZ14,RiceAEZ14,1975,CO_AWB,0
Russia,Rice,RiceAEZ15,RiceAEZ15,1975,CO_AWB,0.00143081750095587
Russia,Rice,RiceAEZ16,RiceAEZ16,1975,CO_AWB,1.32532100145396e-05
Russia,Root_Tuber,Root_TuberAEZ07,Root_TuberAEZ07,1975,CO_AWB,0.00257189555292951
Russia,Root_Tuber,Root_TuberAEZ08,Root_TuberAEZ08,1975,CO_AWB,0.0287358528405786
Russia,Root_Tuber,Root_TuberAEZ09,Root_TuberAEZ09,1975,CO_AWB,0.0693562836857694
Russia,Root_Tuber,Root_TuberAEZ10,Root_TuberAEZ10,1975,CO_AWB,0.0835761748736693
Russia,Root_Tuber,Root_TuberAEZ11,Root_TuberAEZ11,1975,CO_AWB,0.000195415393310924
Russia,Root_Tuber,Root_TuberAEZ13,Root_TuberAEZ13,1975,CO_AWB,0.00329113646715328
Russia,Root_Tuber,Root_TuberAEZ14,Root_TuberAEZ14,1975,CO_AWB,0.00946336143484551
Russia,Root_Tuber,Root_TuberAEZ15,Root_TuberAEZ15,1975,CO_AWB,0.0474925166268988
Russia,Root_Tuber,Root_TuberAEZ16,Root_TuberAEZ16,1975,CO_AWB,0.000542998268119229
Russia,SugarCrop,SugarCropAEZ07,SugarCropAEZ07,1975,CO_AWB,0.000671382080894477
Russia,SugarCrop,SugarCropAEZ08,SugarCropAEZ08,1975,CO_AWB,0.0366419184848036
Russia,SugarCrop,SugarCropAEZ09,SugarCropAEZ09,1975,CO_AWB,0.0909395849707753
Russia,SugarCrop,SugarCropAEZ10,SugarCropAEZ10,1975,CO_AWB,0.058676496946526
Russia,SugarCrop,SugarCropAEZ11,SugarCropAEZ11,1975,CO_AWB,0.00148862276933156
Russia,SugarCrop,SugarCropAEZ13,SugarCropAEZ13,1975,CO_AWB,0.000986806923566183
Russia,SugarCrop,SugarCropAEZ14,SugarCropAEZ14,1975,CO_AWB,0.00197050205619219
Russia,SugarCrop,SugarCropAEZ15,SugarCropAEZ15,1975,CO_AWB,0.0028438077237715
Russia,SugarCrop,SugarCropAEZ16,SugarCropAEZ16,1975,CO_AWB,0.000355627599351997
Russia,Wheat,WheatAEZ07,WheatAEZ07,1975,CO_AWB,0.00889554593397422
Russia,Wheat,WheatAEZ08,WheatAEZ08,1975,CO_AWB,0.0804247681362231
Russia,Wheat,WheatAEZ09,WheatAEZ09,1975,CO_AWB,0.0626439664534784
Russia,Wheat,WheatAEZ10,WheatAEZ10,1975,CO_AWB,0.0373301746876856
Russia,Wheat,WheatAEZ11,WheatAEZ11,1975,CO_AWB,0.00112754768202596
Russia,Wheat,WheatAEZ13,WheatAEZ13,1975,CO_AWB,0.00474134326929807
Russia,Wheat,WheatAEZ14,WheatAEZ14,1975,CO_AWB,0.01332493445097
Russia,Wheat,WheatAEZ15,WheatAEZ15,1975,CO_AWB,0.0240925727576645
Russia,Wheat,WheatAEZ16,WheatAEZ16,1975,CO_AWB,0.000191096144077501
Russia,Corn,CornAEZ07,CornAEZ07,1975,N2O_AWB,2.85920445118441e-07
Russia,Corn,CornAEZ08,CornAEZ08,1975,N2O_AWB,2.67826508935175e-06
Russia,Corn,CornAEZ09,CornAEZ09,1975,N2O_AWB,2.39767563648427e-06
Russia,Corn,CornAEZ10,CornAEZ10,1975,N2O_AWB,2.23335131198081e-06
Russia,Corn,CornAEZ11,CornAEZ11,1975,N2O_AWB,1.26485650521446e-08
Russia,Corn,CornAEZ13,CornAEZ13,1975,N2O_AWB,2.3047009912041e-07
Russia,Corn,CornAEZ14,CornAEZ14,1975,N2O_AWB,6.17284756426346e-07
Russia,Corn,CornAEZ15,CornAEZ15,1975,N2O_AWB,1.19547334007121e-06
Russia,Corn,CornAEZ16,CornAEZ16,1975,N2O_AWB,1.38793085580117e-08
Russia,FiberCrop,FiberCropAEZ07,FiberCropAEZ07,1975,N2O_AWB,3.28850541549681e-07
Russia,FiberCrop,FiberCropAEZ08,FiberCropAEZ08,1975,N2O_AWB,3.77079235285987e-08
Russia,FiberCrop,FiberCropAEZ09,FiberCropAEZ09,1975,N2O_AWB,1.10630301699564e-07
Russia,FiberCrop,FiberCropAEZ10,FiberCropAEZ10,1975,N2O_AWB,1.71520997289379e-07
Russia,FiberCrop,FiberCropAEZ11,FiberCropAEZ11,1975,N2O_AWB,0
Russia,FiberCrop,FiberCropAEZ13,FiberCropAEZ13,1975,N2O_AWB,3.11359181741798e-08
Russia,FiberCrop,FiberCropAEZ14,FiberCropAEZ14,1975,N2O_AWB,3.41762817231918e-08
Russia,FiberCrop,FiberCropAEZ15,FiberCropAEZ15,1975,N2O_AWB,3.10154159603471e-08
Russia,FiberCrop,FiberCropAEZ16,FiberCropAEZ16,1975,N2O_AWB,0
Russia,FodderGrass,FodderGrassAEZ07,FodderGrassAEZ07,1975,N2O_AWB,0
Russia,FodderGrass,FodderGrassAEZ08,FodderGrassAEZ08,1975,N2O_AWB,0
Russia,FodderGrass,FodderGrassAEZ09,FodderGrassAEZ09,1975,N2O_AWB,0
Russia,FodderGrass,FodderGrassAEZ10,FodderGrassAEZ10,1975,N2O_AWB,0
Russia,FodderGrass,FodderGrassAEZ11,FodderGrassAEZ11,1975,N2O_AWB,0
Russia,FodderGrass,FodderGrassAEZ13,FodderGrassAEZ13,1975,N2O_AWB,0
Russia,FodderGrass,FodderGrassAEZ14,FodderGrassAEZ14,1975,N2O_AWB,0
Russia,FodderGrass,FodderGrassAEZ15,FodderGrassAEZ15,1975,N2O_AWB,0
Russia,FodderGrass,FodderGrassAEZ16,FodderGrassAEZ16,1975,N2O_AWB,0
Russia,FodderHerb,FodderHerbAEZ07,FodderHerbAEZ07,1975,N2O_AWB,1.59071628498091e-05
Russia,FodderHerb,FodderHerbAEZ08,FodderHerbAEZ08,1975,N2O_AWB,0.000131636227625913
Russia,FodderHerb,FodderHerbAEZ09,FodderHerbAEZ09,1975,N2O_AWB,0.000123892712761232
Russia,FodderHerb,FodderHerbAEZ10,FodderHerbAEZ10,1975,N2O_AWB,8.64417118316857e-05
Russia,FodderHerb,FodderHerbAEZ11,FodderHerbAEZ11,1975,N2O_AWB,6.97779053215398e-07
Russia,FodderHerb,FodderHerbAEZ13,FodderHerbAEZ13,1975,N2O_AWB,1.17168088483695e-05
Russia,FodderHerb,FodderHerbAEZ14,FodderHerbAEZ14,1975,N2O_AWB,3.31908257324074e-05
Russia,FodderHerb,FodderHerbAEZ15,FodderHerbAEZ15,1975,N2O_AWB,7.1399418587718e-05
Russia,FodderHerb,FodderHerbAEZ16,FodderHerbAEZ16,1975,N2O_AWB,4.01363649328008e-07
Russia,MiscCrop,MiscCropAEZ07,MiscCropAEZ07,1975,N2O_AWB,2.8357736701903e-06
Russia,MiscCrop,MiscCropAEZ08,MiscCropAEZ08,1975,N2O_AWB,9.19070860727962e-06
Russia,MiscCrop,MiscCropAEZ09,MiscCropAEZ09,1975,N2O_AWB,1.86564604501523e-05
Russia,MiscCrop,MiscCropAEZ10,MiscCropAEZ10,1975,N2O_AWB,2.15248210863511e-05
Russia,MiscCrop,MiscCropAEZ11,MiscCropAEZ11,1975,N2O_AWB,5.13751967983112e-07
Russia,MiscCrop,MiscCropAEZ13,MiscCropAEZ13,1975,N2O_AWB,2.42701772984516e-07
Russia,MiscCrop,MiscCropAEZ14,MiscCropAEZ14,1975,N2O_AWB,6.2565819426284e-07
Russia,MiscCrop,MiscCropAEZ15,MiscCropAEZ15,1975,N2O_AWB,1.99427466318043e-06
Russia,MiscCrop,MiscCropAEZ16,MiscCropAEZ16,1975,N2O_AWB,2.56984294315095e-08
Russia,OilCrop,OilCropAEZ07,OilCropAEZ07,1975,N2O_AWB,4.34715747126833e-07
Russia,OilCrop,OilCropAEZ08,OilCropAEZ08,1975,N2O_AWB,6.56423104261325e-06
Russia,OilCrop,OilCropAEZ09,OilCropAEZ09,1975,N2O_AWB,3.63324836402205e-06
Russia,OilCrop,OilCropAEZ10,OilCropAEZ10,1975,N2O_AWB,1.53840487618606e-06
Russia,OilCrop,OilCropAEZ11,OilCropAEZ11,1975,N2O_AWB,1.09097311677686e-07
Russia,OilCrop,OilCropAEZ13,OilCropAEZ13,1975,N2O_AWB,1.46780128563247e-07
Russia,OilCrop,OilCropAEZ14,OilCropAEZ14,1975,N2O_AWB,2.22081148450822e-07
Russia,OilCrop,OilCropAEZ15,OilCropAEZ15,1975,N2O_AWB,2.23570498466617e-07
Russia,OilCrop,OilCropAEZ16,OilCropAEZ16,1975,N2O_AWB,2.52963354092889e-09
Russia,OtherGrain,OtherGrainAEZ07,OtherGrainAEZ07,1975,N2O_AWB,4.04702227575756e-06
Russia,OtherGrain,OtherGrainAEZ08,OtherGrainAEZ08,1975,N2O_AWB,3.94484189312733e-05
Russia,OtherGrain,OtherGrainAEZ09,OtherGrainAEZ09,1975,N2O_AWB,4.02615665460377e-05
Russia,OtherGrain,OtherGrainAEZ10,OtherGrainAEZ10,1975,N2O_AWB,2.87922314983261e-05
Russia,OtherGrain,OtherGrainAEZ11,OtherGrainAEZ11,1975,N2O_AWB,1.4861341140274e-07
Russia,OtherGrain,OtherGrainAEZ13,OtherGrainAEZ13,1975,N2O_AWB,4.74467267945611e-06
Russia,OtherGrain,OtherGrainAEZ14,OtherGrainAEZ14,1975,N2O_AWB,1.1347138998404e-05
Russia,OtherGrain,OtherGrainAEZ15,OtherGrainAEZ15,1975,N2O_AWB,1.8991904648745e-05
Russia,OtherGrain,OtherGrainAEZ16,OtherGrainAEZ16,1975,N2O_AWB,1.46886203109979e-07
Russia,PalmFruit,PalmFruitAEZ07,PalmFruitAEZ07,1975,N2O_AWB,0
Russia,PalmFruit,PalmFruitAEZ08,PalmFruitAEZ08,1975,N2O_AWB,0
Russia,PalmFruit,PalmFruitAEZ09,PalmFruitAEZ09,1975,N2O_AWB,0
Russia,PalmFruit,PalmFruitAEZ10,PalmFruitAEZ10,1975,N2O_AWB,0
Russia,PalmFruit,PalmFruitAEZ11,PalmFruitAEZ11,1975,N2O_AWB,0
Russia,PalmFruit,PalmFruitAEZ13,PalmFruitAEZ13,1975,N2O_AWB,0
Russia,PalmFruit,PalmFruitAEZ14,PalmFruitAEZ14,1975,N2O_AWB,0
Russia,PalmFruit,PalmFruitAEZ15,PalmFruitAEZ15,1975,N2O_AWB,0
Russia,PalmFruit,PalmFruitAEZ16,PalmFruitAEZ16,1975,N2O_AWB,0
Russia,Rice,RiceAEZ07,RiceAEZ07,1975,N2O_AWB,3.33583565534583e-07
Russia,Rice,RiceAEZ08,RiceAEZ08,1975,N2O_AWB,3.29611226418534e-07
Russia,Rice,RiceAEZ09,RiceAEZ09,1975,N2O_AWB,3.36854357040659e-07
Russia,Rice,RiceAEZ10,RiceAEZ10,1975,N2O_AWB,3.97224619583225e-07
Russia,Rice,RiceAEZ11,RiceAEZ11,1975,N2O_AWB,1.55083835898946e-08
Russia,Rice,RiceAEZ13,RiceAEZ13,1975,N2O_AWB,0
Russia,Rice,RiceAEZ14,RiceAEZ14,1975,N2O_AWB,0
Russia,Rice,RiceAEZ15,RiceAEZ15,1975,N2O_AWB,8.41657353503455e-07
Russia,Rice,RiceAEZ16,RiceAEZ16,1975,N2O_AWB,7.79600589090565e-09
Russia,Root_Tuber,Root_TuberAEZ07,Root_TuberAEZ07,1975,N2O_AWB,1.51287973701736e-06
Russia,Root_Tuber,Root_TuberAEZ08,Root_TuberAEZ08,1975,N2O_AWB,1.69034428473992e-05
Russia,Root_Tuber,Root_TuberAEZ09,Root_TuberAEZ09,1975,N2O_AWB,4.07978139328056e-05
Russia,Root_Tuber,Root_TuberAEZ10,Root_TuberAEZ10,1975,N2O_AWB,4.91624558080407e-05
Russia,Root_Tuber,Root_TuberAEZ11,Root_TuberAEZ11,1975,N2O_AWB,1.14950231359367e-07
Russia,Root_Tuber,Root_TuberAEZ13,Root_TuberAEZ13,1975,N2O_AWB,1.93596262773723e-06
Russia,Root_Tuber,Root_TuberAEZ14,Root_TuberAEZ14,1975,N2O_AWB,5.56668319696795e-06
Russia,Root_Tuber,Root_TuberAEZ15,Root_TuberAEZ15,1975,N2O_AWB,2.79367744864111e-05
Russia,Root_Tuber,Root_TuberAEZ16,Root_TuberAEZ16,1975,N2O_AWB,3.19410745952488e-07
Russia,SugarCrop,SugarCropAEZ07,SugarCropAEZ07,1975,N2O_AWB,3.94930635820281e-07
Russia,SugarCrop,SugarCropAEZ08,SugarCropAEZ08,1975,N2O_AWB,2.15540696969433e-05
Russia,SugarCrop,SugarCropAEZ09,SugarCropAEZ09,1975,N2O_AWB,5.34938735122208e-05
Russia,SugarCrop,SugarCropAEZ10,SugarCropAEZ10,1975,N2O_AWB,3.45155864391329e-05
Russia,SugarCrop,SugarCropAEZ11,SugarCropAEZ11,1975,N2O_AWB,8.75660452547978e-07
Russia,SugarCrop,SugarCropAEZ13,SugarCropAEZ13,1975,N2O_AWB,5.80474660921284e-07
Russia,SugarCrop,SugarCropAEZ14,SugarCropAEZ14,1975,N2O_AWB,1.15911885658364e-06
Russia,SugarCrop,SugarCropAEZ15,SugarCropAEZ15,1975,N2O_AWB,1.67282807280676e-06
Russia,SugarCrop,SugarCropAEZ16,SugarCropAEZ16,1975,N2O_AWB,2.09192705501175e-07
Russia,Wheat,WheatAEZ07,WheatAEZ07,1975,N2O_AWB,5.23267407880837e-06
Russia,Wheat,WheatAEZ08,WheatAEZ08,1975,N2O_AWB,4.73086871389548e-05
Russia,Wheat,WheatAEZ09,WheatAEZ09,1975,N2O_AWB,3.68493920314579e-05
Russia,Wheat,WheatAEZ10,WheatAEZ10,1975,N2O_AWB,2.19589262868739e-05
Russia,Wheat,WheatAEZ11,WheatAEZ11,1975,N2O_AWB,6.63263342368213e-07
Russia,Wheat,WheatAEZ13,WheatAEZ13,1975,N2O_AWB,2.78902545252828e-06
Russia,Wheat,WheatAEZ14,WheatAEZ14,1975,N2O_AWB,7.83819673586469e-06
Russia,Wheat,WheatAEZ15,WheatAEZ15,1975,N2O_AWB,1.41721016221556e-05
Russia,Wheat,WheatAEZ16,WheatAEZ16,1975,N2O_AWB,1.12409496516177e-07
Russia,Corn,CornAEZ07,CornAEZ07,1975,NH3_AWB,5.30252461856019e-06
Russia,Corn,CornAEZ08,CornAEZ08,1975,NH3_AWB,4.96696434752507e-05
Russia,Corn,CornAEZ09,CornAEZ09,1975,NH3_AWB,4.44659845311628e-05
Russia,Corn,CornAEZ10,CornAEZ10,1975,NH3_AWB,4.14185152403714e-05
Russia,Corn,CornAEZ11,CornAEZ11,1975,NH3_AWB,2.34573388239773e-07
Russia,Corn,CornAEZ13,CornAEZ13,1975,NH3_AWB,4.27417274732396e-06
Russia,Corn,CornAEZ14,CornAEZ14,1975,NH3_AWB,1.14478263919068e-05
Russia,Corn,CornAEZ15,CornAEZ15,1975,NH3_AWB,2.21705964885934e-05
Russia,Corn,CornAEZ16,CornAEZ16,1975,NH3_AWB,2.57398085984944e-07
Russia,FiberCrop,FiberCropAEZ07,FiberCropAEZ07,1975,NH3_AWB,6.09868277055772e-06
Russia,FiberCrop,FiberCropAEZ08,FiberCropAEZ08,1975,NH3_AWB,6.99310581803104e-07
Russia,FiberCrop,FiberCropAEZ09,FiberCropAEZ09,1975,NH3_AWB,2.05168923151919e-06
Russia,FiberCrop,FiberCropAEZ10,FiberCropAEZ10,1975,NH3_AWB,3.1809348588212e-06
Russia,FiberCrop,FiberCropAEZ11,FiberCropAEZ11,1975,NH3_AWB,0
Russia,FiberCrop,FiberCropAEZ13,FiberCropAEZ13,1975,NH3_AWB,5.77429755230244e-07
Russia,FiberCrop,FiberCropAEZ14,FiberCropAEZ14,1975,NH3_AWB,6.33814679230103e-07
Russia,FiberCrop,FiberCropAEZ15,FiberCropAEZ15,1975,NH3_AWB,5.75194986900983e-07
Russia,FiberCrop,FiberCropAEZ16,FiberCropAEZ16,1975,NH3_AWB,0
Russia,FodderGrass,FodderGrassAEZ07,FodderGrassAEZ07,1975,NH3_AWB,0
Russia,FodderGrass,FodderGrassAEZ08,FodderGrassAEZ08,1975,NH3_AWB,0
Russia,FodderGrass,FodderGrassAEZ09,FodderGrassAEZ09,1975,NH3_AWB,0
Russia,FodderGrass,FodderGrassAEZ10,FodderGrassAEZ10,1975,NH3_AWB,0
Russia,FodderGrass,FodderGrassAEZ11,FodderGrassAEZ11,1975,NH3_AWB,0
Russia,FodderGrass,FodderGrassAEZ13,FodderGrassAEZ13,1975,NH3_AWB,0
Russia,FodderGrass,FodderGrassAEZ14,FodderGrassAEZ14,1975,NH3_AWB,0
Russia,FodderGrass,FodderGrassAEZ15,FodderGrassAEZ15,1975,NH3_AWB,0
Russia,FodderGrass,FodderGrassAEZ16,FodderGrassAEZ16,1975,NH3_AWB,0
Russia,FodderHerb,FodderHerbAEZ07,FodderHerbAEZ07,1975,NH3_AWB,0.000295005565578277
Russia,FodderHerb,FodderHerbAEZ08,FodderHerbAEZ08,1975,NH3_AWB,0.00244125367597147
Russia,FodderHerb,FodderHerbAEZ09,FodderHerbAEZ09,1975,NH3_AWB,0.00229764667302648
Russia,FodderHerb,FodderHerbAEZ10,FodderHerbAEZ10,1975,NH3_AWB,0.00160310083760581
Russia,FodderHerb,FodderHerbAEZ11,FodderHerbAEZ11,1975,NH3_AWB,1.29406297141765e-05
Russia,FodderHerb,FodderHerbAEZ13,FodderHerbAEZ13,1975,NH3_AWB,0.000217293545915217
Russia,FodderHerb,FodderHerbAEZ14,FodderHerbAEZ14,1975,NH3_AWB,0.000615538949946465
Russia,FodderHerb,FodderHerbAEZ15,FodderHerbAEZ15,1975,NH3_AWB,0.00132413467199041
Russia,FodderHerb,FodderHerbAEZ16,FodderHerbAEZ16,1975,NH3_AWB,7.44347131481033e-06
Russia,MiscCrop,MiscCropAEZ07,MiscCropAEZ07,1975,NH3_AWB,5.25907117017111e-05
Russia,MiscCrop,MiscCropAEZ08,MiscCropAEZ08,1975,NH3_AWB,0.000170445868716822
Russia,MiscCrop,MiscCropAEZ09,MiscCropAEZ09,1975,NH3_AWB,0.000345992539257369
Russia,MiscCrop,MiscCropAEZ10,MiscCropAEZ10,1975,NH3_AWB,0.000399187591055965
Russia,MiscCrop,MiscCropAEZ11,MiscCropAEZ11,1975,NH3_AWB,9.52776376986862e-06
Russia,MiscCrop,MiscCropAEZ13,MiscCropAEZ13,1975,NH3_AWB,4.50101469898558e-06
Russia,MiscCrop,MiscCropAEZ14,MiscCropAEZ14,1975,NH3_AWB,1.16031156026927e-05
Russia,MiscCrop,MiscCropAEZ15,MiscCropAEZ15,1975,NH3_AWB,3.69847301171644e-05
Russia,MiscCrop,MiscCropAEZ16,MiscCropAEZ16,1975,NH3_AWB,4.7658905491163e-07
Russia,OilCrop,OilCropAEZ07,OilCropAEZ07,1975,NH3_AWB,8.06200112853399e-06
Russia,OilCrop,OilCropAEZ08,OilCropAEZ08,1975,NH3_AWB,0.000121736648426646
Russia,OilCrop,OilCropAEZ09,OilCropAEZ09,1975,NH3_AWB,6.73802423873179e-05
Russia,OilCrop,OilCropAEZ10,OilCropAEZ10,1975,NH3_AWB,2.85304177038141e-05
Russia,OilCrop,OilCropAEZ11,OilCropAEZ11,1975,NH3_AWB,2.02325923474982e-06
Russia,OilCrop,OilCropAEZ13,OilCropAEZ13,1975,NH3_AWB,2.72210420244567e-06
Russia,OilCrop,OilCropAEZ14,OilCropAEZ14,1975,NH3_AWB,4.11859584399706e-06
Russia,OilCrop,OilCropAEZ15,OilCropAEZ15,1975,NH3_AWB,4.14621651701726e-06
Russia,OilCrop,OilCropAEZ16,OilCropAEZ16,1975,NH3_AWB,4.69132038499539e-08
Russia,OtherGrain,OtherGrainAEZ07,OtherGrainAEZ07,1975,NH3_AWB,7.50538676595039e-05
Russia,OtherGrain,OtherGrainAEZ08,OtherGrainAEZ08,1975,NH3_AWB,0.000731588860179978
Russia,OtherGrain,OtherGrainAEZ09,OtherGrainAEZ09,1975,NH3_AWB,0.000746669052308335
Russia,OtherGrain,OtherGrainAEZ10,OtherGrainAEZ10,1975,NH3_AWB,0.000533965020514411
Russia,OtherGrain,OtherGrainAEZ11,OtherGrainAEZ11,1975,NH3_AWB,2.75610326601445e-06
Russia,OtherGrain,OtherGrainAEZ13,OtherGrainAEZ13,1975,NH3_AWB,8.79921115099133e-05
Russia,OtherGrain,OtherGrainAEZ14,OtherGrainAEZ14,1975,NH3_AWB,0.000210437850515856
Russia,OtherGrain,OtherGrainAEZ15,OtherGrainAEZ15,1975,NH3_AWB,0.000352213504394908
Russia,OtherGrain,OtherGrainAEZ16,OtherGrainAEZ16,1975,NH3_AWB,2.72407140313052e-06
Russia,PalmFruit,PalmFruitAEZ07,PalmFruitAEZ07,1975,NH3_AWB,0
Russia,PalmFruit,PalmFruitAEZ08,PalmFruitAEZ08,1975,NH3_AWB,0
Russia,PalmFruit,PalmFruitAEZ09,PalmFruitAEZ09,1975,NH3_AWB,0
Russia,PalmFruit,PalmFruitAEZ10,PalmFruitAEZ10,1975,NH3_AWB,0
Russia,PalmFruit,PalmFruitAEZ11,PalmFruitAEZ11,1975,NH3_AWB,0
Russia,PalmFruit,PalmFruitAEZ13,PalmFruitAEZ13,1975,NH3_AWB,0
Russia,PalmFruit,PalmFruitAEZ14,PalmFruitAEZ14,1975,NH3_AWB,0
Russia,PalmFruit,PalmFruitAEZ15,PalmFruitAEZ15,1975,NH3_AWB,0
Russia,PalmFruit,PalmFruitAEZ16,PalmFruitAEZ16,1975,NH3_AWB,0
Russia,Rice,RiceAEZ07,RiceAEZ07,1975,NH3_AWB,6.18645885173226e-06
Russia,Rice,RiceAEZ08,RiceAEZ08,1975,NH3_AWB,6.11279001721644e-06
Russia,Rice,RiceAEZ09,RiceAEZ09,1975,NH3_AWB,6.24711716693585e-06
Russia,Rice,RiceAEZ10,RiceAEZ10,1975,NH3_AWB,7.36671112681618e-06
Russia,Rice,RiceAEZ11,RiceAEZ11,1975,NH3_AWB,2.87610022939863e-07
Russia,Rice,RiceAEZ13,RiceAEZ13,1975,NH3_AWB,0
Russia,Rice,RiceAEZ14,RiceAEZ14,1975,NH3_AWB,0
Russia,Rice,RiceAEZ15,RiceAEZ15,1975,NH3_AWB,1.56089181922459e-05
Russia,Rice,RiceAEZ16,RiceAEZ16,1975,NH3_AWB,1.44580472885887e-07
Russia,Root_Tuber,Root_TuberAEZ07,Root_TuberAEZ07,1975,NH3_AWB,2.80570423955946e-05
Russia,Root_Tuber,Root_TuberAEZ08,Root_TuberAEZ08,1975,NH3_AWB,0.000313482030988131
Russia,Root_Tuber,Root_TuberAEZ09,Root_TuberAEZ09,1975,NH3_AWB,0.000756614003844757
Russia,Root_Tuber,Root_TuberAEZ10,Root_TuberAEZ10,1975,NH3_AWB,0.000911740089530937
Russia,Root_Tuber,Root_TuberAEZ11,Root_TuberAEZ11,1975,NH3_AWB,2.13180429066462e-06
Russia,Root_Tuber,Root_TuberAEZ13,Root_TuberAEZ13,1975,NH3_AWB,3.59033069143994e-05
Russia,Root_Tuber,Root_TuberAEZ14,Root_TuberAEZ14,1975,NH3_AWB,0.000103236670198315
Russia,Root_Tuber,Root_TuberAEZ15,Root_TuberAEZ15,1975,NH3_AWB,0.00051810018138435
Russia,Root_Tuber,Root_TuberAEZ16,Root_TuberAEZ16,1975,NH3_AWB,5.92361747039159e-06
Russia,SugarCrop,SugarCropAEZ07,SugarCropAEZ07,1975,NH3_AWB,7.32416815521248e-06
Russia,SugarCrop,SugarCropAEZ08,SugarCropAEZ08,1975,NH3_AWB,0.000399730019834221
Russia,SugarCrop,SugarCropAEZ09,SugarCropAEZ09,1975,NH3_AWB,0.000992068199681185
Russia,SugarCrop,SugarCropAEZ10,SugarCropAEZ10,1975,NH3_AWB,0.000640107239416647
Russia,SugarCrop,SugarCropAEZ11,SugarCropAEZ11,1975,NH3_AWB,1.62395211199807e-05
Russia,SugarCrop,SugarCropAEZ13,SugarCropAEZ13,1975,NH3_AWB,1.07651664389038e-05
Russia,SugarCrop,SugarCropAEZ14,SugarCropAEZ14,1975,NH3_AWB,2.14963860675512e-05
Russia,SugarCrop,SugarCropAEZ15,SugarCropAEZ15,1975,NH3_AWB,3.10233569865982e-05
Russia,SugarCrop,SugarCropAEZ16,SugarCropAEZ16,1975,NH3_AWB,3.87957381111269e-06
Russia,Wheat,WheatAEZ07,WheatAEZ07,1975,NH3_AWB,9.70423192797187e-05
Russia,Wheat,WheatAEZ08,WheatAEZ08,1975,NH3_AWB,0.000877361106940616
Russia,Wheat,WheatAEZ09,WheatAEZ09,1975,NH3_AWB,0.000683388724947037
Russia,Wheat,WheatAEZ10,WheatAEZ10,1975,NH3_AWB,0.000407238269320206
Russia,Wheat,WheatAEZ11,WheatAEZ11,1975,NH3_AWB,1.23005201675559e-05
Russia,Wheat,WheatAEZ13,WheatAEZ13,1975,NH3_AWB,5.1723744755979e-05
Russia,Wheat,WheatAEZ14,WheatAEZ14,1975,NH3_AWB,0.000145362921283309
Russia,Wheat,WheatAEZ15,WheatAEZ15,1975,NH3_AWB,0.000262828066447249
Russia,Wheat,WheatAEZ16,WheatAEZ16,1975,NH3_AWB,2.08468520811819e-06
Russia,Corn,CornAEZ07,CornAEZ07,1975,NMVOC_AWB,2.85920445118441e-05
Russia,Corn,CornAEZ08,CornAEZ08,1975,NMVOC_AWB,0.000267826508935175
Russia,Corn,CornAEZ09,CornAEZ09,1975,NMVOC_AWB,0.000239767563648427
Russia,Corn,CornAEZ10,CornAEZ10,1975,NMVOC_AWB,0.000223335131198081
Russia,Corn,CornAEZ11,CornAEZ11,1975,NMVOC_AWB,1.26485650521446e-06
Russia,Corn,CornAEZ13,CornAEZ13,1975,NMVOC_AWB,2.3047009912041e-05
Russia,Corn,CornAEZ14,CornAEZ14,1975,NMVOC_AWB,6.17284756426346e-05
Russia,Corn,CornAEZ15,CornAEZ15,1975,NMVOC_AWB,0.000119547334007121
Russia,Corn,CornAEZ16,CornAEZ16,1975,NMVOC_AWB,1.38793085580117e-06
Russia,FiberCrop,FiberCropAEZ07,FiberCropAEZ07,1975,NMVOC_AWB,3.28850541549681e-05
Russia,FiberCrop,FiberCropAEZ08,FiberCropAEZ08,1975,NMVOC_AWB,3.77079235285987e-06
Russia,FiberCrop,FiberCropAEZ09,FiberCropAEZ09,1975,NMVOC_AWB,1.10630301699564e-05
Russia,FiberCrop,FiberCropAEZ10,FiberCropAEZ10,1975,NMVOC_AWB,1.71520997289379e-05
Russia,FiberCrop,FiberCropAEZ11,FiberCropAEZ11,1975,NMVOC_AWB,0
Russia,FiberCrop,FiberCropAEZ13,FiberCropAEZ13,1975,NMVOC_AWB,3.11359181741798e-06
Russia,FiberCrop,FiberCropAEZ14,FiberCropAEZ14,1975,NMVOC_AWB,3.41762817231918e-06
Russia,FiberCrop,FiberCropAEZ15,FiberCropAEZ15,1975,NMVOC_AWB,3.10154159603471e-06
Russia,FiberCrop,FiberCropAEZ16,FiberCropAEZ16,1975,NMVOC_AWB,0
Russia,FodderGrass,FodderGrassAEZ07,FodderGrassAEZ07,1975,NMVOC_AWB,0
Russia,FodderGrass,FodderGrassAEZ08,FodderGrassAEZ08,1975,NMVOC_AWB,0
Russia,FodderGrass,FodderGrassAEZ09,FodderGrassAEZ09,1975,NMVOC_AWB,0
Russia,FodderGrass,FodderGrassAEZ10,FodderGrassAEZ10,1975,NMVOC_AWB,0
Russia,FodderGrass,FodderGrassAEZ11,FodderGrassAEZ11,1975,NMVOC_AWB,0
Russia,FodderGrass,FodderGrassAEZ13,FodderGrassAEZ13,1975,NMVOC_AWB,0
Russia,FodderGrass,FodderGrassAEZ14,FodderGrassAEZ14,1975,NMVOC_AWB,0
Russia,FodderGrass,FodderGrassAEZ15,FodderGrassAEZ15,1975,NMVOC_AWB,0
Russia,FodderGrass,FodderGrassAEZ16,FodderGrassAEZ16,1975,NMVOC_AWB,0
Russia,FodderHerb,FodderHerbAEZ07,FodderHerbAEZ07,1975,NMVOC_AWB,0.00159071628498091
Russia,FodderHerb,FodderHerbAEZ08,FodderHerbAEZ08,1975,NMVOC_AWB,0.0131636227625913
Russia,FodderHerb,FodderHerbAEZ09,FodderHerbAEZ09,1975,NMVOC_AWB,0.0123892712761232
Russia,FodderHerb,FodderHerbAEZ10,FodderHerbAEZ10,1975,NMVOC_AWB,0.00864417118316857
Russia,FodderHerb,FodderHerbAEZ11,FodderHerbAEZ11,1975,NMVOC_AWB,6.97779053215398e-05
Russia,FodderHerb,FodderHerbAEZ13,FodderHerbAEZ13,1975,NMVOC_AWB,0.00117168088483695
Russia,FodderHerb,FodderHerbAEZ14,FodderHerbAEZ14,1975,NMVOC_AWB,0.00331908257324074
Russia,FodderHerb,FodderHerbAEZ15,FodderHerbAEZ15,1975,NMVOC_AWB,0.0071399418587718
Russia,FodderHerb,FodderHerbAEZ16,FodderHerbAEZ16,1975,NMVOC_AWB,4.01363649328008e-05
Russia,MiscCrop,MiscCropAEZ07,MiscCropAEZ07,1975,NMVOC_AWB,0.00028357736701903
Russia,MiscCrop,MiscCropAEZ08,MiscCropAEZ08,1975,NMVOC_AWB,0.000919070860727962
Russia,MiscCrop,MiscCropAEZ09,MiscCropAEZ09,1975,NMVOC_AWB,0.00186564604501523
Russia,MiscCrop,MiscCropAEZ10,MiscCropAEZ10,1975,NMVOC_AWB,0.00215248210863511
Russia,MiscCrop,MiscCropAEZ11,MiscCropAEZ11,1975,NMVOC_AWB,5.13751967983112e-05
Russia,MiscCrop,MiscCropAEZ13,MiscCropAEZ13,1975,NMVOC_AWB,2.42701772984516e-05
Russia,MiscCrop,MiscCropAEZ14,MiscCropAEZ14,1975,NMVOC_AWB,6.2565819426284e-05
Russia,MiscCrop,MiscCropAEZ15,MiscCropAEZ15,1975,NMVOC_AWB,0.000199427466318043
Russia,MiscCrop,MiscCropAEZ16,MiscCropAEZ16,1975,NMVOC_AWB,2.56984294315095e-06
Russia,OilCrop,OilCropAEZ07,OilCropAEZ07,1975,NMVOC_AWB,4.34715747126833e-05
Russia,OilCrop,OilCropAEZ08,OilCropAEZ08,1975,NMVOC_AWB,0.000656423104261325
Russia,OilCrop,OilCropAEZ09,OilCropAEZ09,1975,NMVOC_AWB,0.000363324836402205
Russia,OilCrop,OilCropAEZ10,OilCropAEZ10,1975,NMVOC_AWB,0.000153840487618606
Russia,OilCrop,OilCropAEZ11,OilCropAEZ11,1975,NMVOC_AWB,1.09097311677686e-05
Russia,OilCrop,OilCropAEZ13,OilCropAEZ13,1975,NMVOC_AWB,1.46780128563247e-05
Russia,OilCrop,OilCropAEZ14,OilCropAEZ14,1975,NMVOC_AWB,2.22081148450822e-05
Russia,OilCrop,OilCropAEZ15,OilCropAEZ15,1975,NMVOC_AWB,2.23570498466617e-05
Russia,OilCrop,OilCropAEZ16,OilCropAEZ16,1975,NMVOC_AWB,2.52963354092889e-07
Russia,OtherGrain,OtherGrainAEZ07,OtherGrainAEZ07,1975,NMVOC_AWB,0.000404702227575756
Russia,OtherGrain,OtherGrainAEZ08,OtherGrainAEZ08,1975,NMVOC_AWB,0.00394484189312733
Russia,OtherGrain,OtherGrainAEZ09,OtherGrainAEZ09,1975,NMVOC_AWB,0.00402615665460377
Russia,OtherGrain,OtherGrainAEZ10,OtherGrainAEZ10,1975,NMVOC_AWB,0.00287922314983261
Russia,OtherGrain,OtherGrainAEZ11,OtherGrainAEZ11,1975,NMVOC_AWB,1.4861341140274e-05
Russia,OtherGrain,OtherGrainAEZ13,OtherGrainAEZ13,1975,NMVOC_AWB,0.000474467267945611
Russia,OtherGrain,OtherGrainAEZ14,OtherGrainAEZ14,1975,NMVOC_AWB,0.0011347138998404
Russia,OtherGrain,OtherGrainAEZ15,OtherGrainAEZ15,1975,NMVOC_AWB,0.0018991904648745
Russia,OtherGrain,OtherGrainAEZ16,OtherGrainAEZ16,1975,NMVOC_AWB,1.46886203109979e-05
Russia,PalmFruit,PalmFruitAEZ07,PalmFruitAEZ07,1975,NMVOC_AWB,0
Russia,PalmFruit,PalmFruitAEZ08,PalmFruitAEZ08,1975,NMVOC_AWB,0
Russia,PalmFruit,PalmFruitAEZ09,PalmFruitAEZ09,1975,NMVOC_AWB,0
Russia,PalmFruit,PalmFruitAEZ10,PalmFruitAEZ10,1975,NMVOC_AWB,0
Russia,PalmFruit,PalmFruitAEZ11,PalmFruitAEZ11,1975,NMVOC_AWB,0
Russia,PalmFruit,PalmFruitAEZ13,PalmFruitAEZ13,1975,NMVOC_AWB,0
Russia,PalmFruit,PalmFruitAEZ14,PalmFruitAEZ14,1975,NMVOC_AWB,0
Russia,PalmFruit,PalmFruitAEZ15,PalmFruitAEZ15,1975,NMVOC_AWB,0
Russia,PalmFruit,PalmFruitAEZ16,PalmFruitAEZ16,1975,NMVOC_AWB,0
Russia,Rice,RiceAEZ07,RiceAEZ07,1975,NMVOC_AWB,3.33583565534583e-05
Russia,Rice,RiceAEZ08,RiceAEZ08,1975,NMVOC_AWB,3.29611226418534e-05
Russia,Rice,RiceAEZ09,RiceAEZ09,1975,NMVOC_AWB,3.36854357040659e-05
Russia,Rice,RiceAEZ10,RiceAEZ10,1975,NMVOC_AWB,3.97224619583225e-05
Russia,Rice,RiceAEZ11,RiceAEZ11,1975,NMVOC_AWB,1.55083835898946e-06
Russia,Rice,RiceAEZ13,RiceAEZ13,1975,NMVOC_AWB,0
Russia,Rice,RiceAEZ14,RiceAEZ14,1975,NMVOC_AWB,0
Russia,Rice,RiceAEZ15,RiceAEZ15,1975,NMVOC_AWB,8.41657353503455e-05
Russia,Rice,RiceAEZ16,RiceAEZ16,1975,NMVOC_AWB,7.79600589090565e-07
Russia,Root_Tuber,Root_TuberAEZ07,Root_TuberAEZ07,1975,NMVOC_AWB,0.000151287973701736
Russia,Root_Tuber,Root_TuberAEZ08,Root_TuberAEZ08,1975,NMVOC_AWB,0.00169034428473992
Russia,Root_Tuber,Root_TuberAEZ09,Root_TuberAEZ09,1975,NMVOC_AWB,0.00407978139328056
Russia,Root_Tuber,Root_TuberAEZ10,Root_TuberAEZ10,1975,NMVOC_AWB,0.00491624558080407
Russia,Root_Tuber,Root_TuberAEZ11,Root_TuberAEZ11,1975,NMVOC_AWB,1.14950231359367e-05
Russia,Root_Tuber,Root_TuberAEZ13,Root_TuberAEZ13,1975,NMVOC_AWB,0.000193596262773722
Russia,Root_Tuber,Root_TuberAEZ14,Root_TuberAEZ14,1975,NMVOC_AWB,0.000556668319696795
Russia,Root_Tuber,Root_TuberAEZ15,Root_TuberAEZ15,1975,NMVOC_AWB,0.00279367744864111
Russia,Root_Tuber,Root_TuberAEZ16,Root_TuberAEZ16,1975,NMVOC_AWB,3.19410745952488e-05
Russia,SugarCrop,SugarCropAEZ07,SugarCropAEZ07,1975,NMVOC_AWB,3.94930635820281e-05
Russia,SugarCrop,SugarCropAEZ08,SugarCropAEZ08,1975,NMVOC_AWB,0.00215540696969433
Russia,SugarCrop,SugarCropAEZ09,SugarCropAEZ09,1975,NMVOC_AWB,0.00534938735122208
Russia,SugarCrop,SugarCropAEZ10,SugarCropAEZ10,1975,NMVOC_AWB,0.00345155864391329
Russia,SugarCrop,SugarCropAEZ11,SugarCropAEZ11,1975,NMVOC_AWB,8.75660452547978e-05
Russia,SugarCrop,SugarCropAEZ13,SugarCropAEZ13,1975,NMVOC_AWB,5.80474660921284e-05
Russia,SugarCrop,SugarCropAEZ14,SugarCropAEZ14,1975,NMVOC_AWB,0.000115911885658364
Russia,SugarCrop,SugarCropAEZ15,SugarCropAEZ15,1975,NMVOC_AWB,0.000167282807280676
Russia,SugarCrop,SugarCropAEZ16,SugarCropAEZ16,1975,NMVOC_AWB,2.09192705501175e-05
Russia,Wheat,WheatAEZ07,WheatAEZ07,1975,NMVOC_AWB,0.000523267407880836
Russia,Wheat,WheatAEZ08,WheatAEZ08,1975,NMVOC_AWB,0.00473086871389548
Russia,Wheat,WheatAEZ09,WheatAEZ09,1975,NMVOC_AWB,0.00368493920314579
Russia,Wheat,WheatAEZ10,WheatAEZ10,1975,NMVOC_AWB,0.00219589262868739
Russia,Wheat,WheatAEZ11,WheatAEZ11,1975,NMVOC_AWB,6.63263342368213e-05
Russia,Wheat,WheatAEZ13,WheatAEZ13,1975,NMVOC_AWB,0.000278902545252828
Russia,Wheat,WheatAEZ14,WheatAEZ14,1975,NMVOC_AWB,0.000783819673586469
Russia,Wheat,WheatAEZ15,WheatAEZ15,1975,NMVOC_AWB,0.00141721016221556
Russia,Wheat,WheatAEZ16,WheatAEZ16,1975,NMVOC_AWB,1.12409496516177e-05
Russia,Corn,CornAEZ07,CornAEZ07,1975,NOx_AWB,1.54916895718719e-05
Russia,Corn,CornAEZ08,CornAEZ08,1975,NOx_AWB,0.000145113272113968
Russia,Corn,CornAEZ09,CornAEZ09,1975,NOx_AWB,0.000129910425394966
Russia,Corn,CornAEZ10,CornAEZ10,1975,NOx_AWB,0.00012100703472187
Russia,Corn,CornAEZ11,CornAEZ11,1975,NOx_AWB,6.85322251916199e-07
Russia,Corn,CornAEZ13,CornAEZ13,1975,NOx_AWB,1.24872890068876e-05
Russia,Corn,CornAEZ14,CornAEZ14,1975,NOx_AWB,3.34456104391002e-05
Russia,Corn,CornAEZ15,CornAEZ15,1975,NOx_AWB,6.47729191529492e-05
Russia,Corn,CornAEZ16,CornAEZ16,1975,NOx_AWB,7.52006172779543e-07
Russia,FiberCrop,FiberCropAEZ07,FiberCropAEZ07,1975,NOx_AWB,1.78177202512373e-05
Russia,FiberCrop,FiberCropAEZ08,FiberCropAEZ08,1975,NOx_AWB,2.04308385664044e-06
Russia,FiberCrop,FiberCropAEZ09,FiberCropAEZ09,1975,NOx_AWB,5.99415089208546e-06
Russia,FiberCrop,FiberCropAEZ10,FiberCropAEZ10,1975,NOx_AWB,9.29331948949724e-06
Russia,FiberCrop,FiberCropAEZ11,FiberCropAEZ11,1975,NOx_AWB,0
Russia,FiberCrop,FiberCropAEZ13,FiberCropAEZ13,1975,NOx_AWB,1.68700065743738e-06
Russia,FiberCrop,FiberCropAEZ14,FiberCropAEZ14,1975,NOx_AWB,1.85173308245657e-06
Russia,FiberCrop,FiberCropAEZ15,FiberCropAEZ15,1975,NOx_AWB,1.68047162839699e-06
Russia,FiberCrop,FiberCropAEZ16,FiberCropAEZ16,1975,NOx_AWB,0
Russia,FodderGrass,FodderGrassAEZ07,FodderGrassAEZ07,1975,NOx_AWB,0
Russia,FodderGrass,FodderGrassAEZ08,FodderGrassAEZ08,1975,NOx_AWB,0
Russia,FodderGrass,FodderGrassAEZ09,FodderGrassAEZ09,1975,NOx_AWB,0
Russia,FodderGrass,FodderGrassAEZ10,FodderGrassAEZ10,1975,NOx_AWB,0
Russia,FodderGrass,FodderGrassAEZ11,FodderGrassAEZ11,1975,NOx_AWB,0
Russia,FodderGrass,FodderGrassAEZ13,FodderGrassAEZ13,1975,NOx_AWB,0
Russia,FodderGrass,FodderGrassAEZ14,FodderGrassAEZ14,1975,NOx_AWB,0
Russia,FodderGrass,FodderGrassAEZ15,FodderGrassAEZ15,1975,NOx_AWB,0
Russia,FodderGrass,FodderGrassAEZ16,FodderGrassAEZ16,1975,NOx_AWB,0
Russia,FodderHerb,FodderHerbAEZ07,FodderHerbAEZ07,1975,NOx_AWB,0.000861879005316928
Russia,FodderHerb,FodderHerbAEZ08,FodderHerbAEZ08,1975,NOx_AWB,0.00713229015136764
Russia,FodderHerb,FodderHerbAEZ09,FodderHerbAEZ09,1975,NOx_AWB,0.00671273243688129
Russia,FodderHerb,FodderHerbAEZ10,FodderHerbAEZ10,1975,NOx_AWB,0.00468356911378951
Russia,FodderHerb,FodderHerbAEZ11,FodderHerbAEZ11,1975,NOx_AWB,3.7806937792398e-05
Russia,FodderHerb,FodderHerbAEZ13,FodderHerbAEZ13,1975,NOx_AWB,0.000634838006693476
Russia,FodderHerb,FodderHerbAEZ14,FodderHerbAEZ14,1975,NOx_AWB,0.00179833928513771
Russia,FodderHerb,FodderHerbAEZ15,FodderHerbAEZ15,1975,NOx_AWB,0.00386855031620727
Russia,FodderHerb,FodderHerbAEZ16,FodderHerbAEZ16,1975,NOx_AWB,2.17466122726812e-05
Russia,MiscCrop,MiscCropAEZ07,MiscCropAEZ07,1975,NOx_AWB,0.000153647373403038
Russia,MiscCrop,MiscCropAEZ08,MiscCropAEZ08,1975,NOx_AWB,0.000497969302721696
Russia,MiscCrop,MiscCropAEZ09,MiscCropAEZ09,1975,NOx_AWB,0.00101084094802643
Russia,MiscCrop,MiscCropAEZ10,MiscCropAEZ10,1975,NOx_AWB,0.00116625394249684
Russia,MiscCrop,MiscCropAEZ11,MiscCropAEZ11,1975,NOx_AWB,2.78360157198122e-05
Russia,MiscCrop,MiscCropAEZ13,MiscCropAEZ13,1975,NOx_AWB,1.3150023336252e-05
Russia,MiscCrop,MiscCropAEZ14,MiscCropAEZ14,1975,NOx_AWB,3.38992985255139e-05
Russia,MiscCrop,MiscCropAEZ15,MiscCropAEZ15,1975,NOx_AWB,0.000108053427205049
Russia,MiscCrop,MiscCropAEZ16,MiscCropAEZ16,1975,NOx_AWB,1.39238763101633e-06
Russia,OilCrop,OilCropAEZ07,OilCropAEZ07,1975,NOx_AWB,2.35536895715993e-05
Russia,OilCrop,OilCropAEZ08,OilCropAEZ08,1975,NOx_AWB,0.000355661972854318
Russia,OilCrop,OilCropAEZ09,OilCropAEZ09,1975,NOx_AWB,0.000196856002268831
Russia,OilCrop,OilCropAEZ10,OilCropAEZ10,1975,NOx_AWB,8.33535732915354e-05
Russia,OilCrop,OilCropAEZ11,OilCropAEZ11,1975,NOx_AWB,5.91109070544555e-06
Russia,OilCrop,OilCropAEZ13,OilCropAEZ13,1975,NOx_AWB,7.95281423851775e-06
Russia,OilCrop,OilCropAEZ14,OilCropAEZ14,1975,NOx_AWB,1.20327604069718e-05
Russia,OilCrop,OilCropAEZ15,OilCropAEZ15,1975,NOx_AWB,1.21134560987367e-05
Russia,OilCrop,OilCropAEZ16,OilCropAEZ16,1975,NOx_AWB,1.37060144581238e-07
Russia,OtherGrain,OtherGrainAEZ07,OtherGrainAEZ07,1975,NOx_AWB,0.000219275025122864
Russia,OtherGrain,OtherGrainAEZ08,OtherGrainAEZ08,1975,NOx_AWB,0.00213738706209444
Russia,OtherGrain,OtherGrainAEZ09,OtherGrainAEZ09,1975,NOx_AWB,0.00218144487831259
Russia,OtherGrain,OtherGrainAEZ10,OtherGrainAEZ10,1975,NOx_AWB,0.00156001545209112
Russia,OtherGrain,OtherGrainAEZ11,OtherGrainAEZ11,1975,NOx_AWB,8.05214483600299e-06
Russia,OtherGrain,OtherGrainAEZ13,OtherGrainAEZ13,1975,NOx_AWB,0.000257074992450531
Russia,OtherGrain,OtherGrainAEZ14,OtherGrainAEZ14,1975,NOx_AWB,0.000614808622095344
Russia,OtherGrain,OtherGrainAEZ15,OtherGrainAEZ15,1975,NOx_AWB,0.00102901592460473
Russia,OtherGrain,OtherGrainAEZ16,OtherGrainAEZ16,1975,NOx_AWB,7.9585615503225e-06
Russia,PalmFruit,PalmFruitAEZ07,PalmFruitAEZ07,1975,NOx_AWB,0
Russia,PalmFruit,PalmFruitAEZ08,PalmFruitAEZ08,1975,NOx_AWB,0
Russia,PalmFruit,PalmFruitAEZ09,PalmFruitAEZ09,1975,NOx_AWB,0
Russia,PalmFruit,PalmFruitAEZ10,PalmFruitAEZ10,1975,NOx_AWB,0
Russia,PalmFruit,PalmFruitAEZ11,PalmFruitAEZ11,1975,NOx_AWB,0
Russia,PalmFruit,PalmFruitAEZ13,PalmFruitAEZ13,1975,NOx_AWB,0
Russia,PalmFruit,PalmFruitAEZ14,PalmFruitAEZ14,1975,NOx_AWB,0
Russia,PalmFruit,PalmFruitAEZ15,PalmFruitAEZ15,1975,NOx_AWB,0
Russia,PalmFruit,PalmFruitAEZ16,PalmFruitAEZ16,1975,NOx_AWB,0
Russia,Rice,RiceAEZ07,RiceAEZ07,1975,NOx_AWB,1.80741640962374e-05
Russia,Rice,RiceAEZ08,RiceAEZ08,1975,NOx_AWB,1.78589355404951e-05
Russia,Rice,RiceAEZ09,RiceAEZ09,1975,NOx_AWB,1.82513815269302e-05
Russia,Rice,RiceAEZ10,RiceAEZ10,1975,NOx_AWB,2.15223521156002e-05
Russia,Rice,RiceAEZ11,RiceAEZ11,1975,NOx_AWB,8.40272419961562e-07
Russia,Rice,RiceAEZ13,RiceAEZ13,1975,NOx_AWB,0
Russia,Rice,RiceAEZ14,RiceAEZ14,1975,NOx_AWB,0
Russia,Rice,RiceAEZ15,RiceAEZ15,1975,NOx_AWB,4.56025256989145e-05
Russia,Rice,RiceAEZ16,RiceAEZ16,1975,NOx_AWB,4.22401773725434e-07
Russia,Root_Tuber,Root_TuberAEZ07,Root_TuberAEZ07,1975,NOx_AWB,8.19705748420313e-05
Russia,Root_Tuber,Root_TuberAEZ08,Root_TuberAEZ08,1975,NOx_AWB,0.000915859267004539
Russia,Root_Tuber,Root_TuberAEZ09,Root_TuberAEZ09,1975,NOx_AWB,0.00221049973672292
Russia,Root_Tuber,Root_TuberAEZ10,Root_TuberAEZ10,1975,NOx_AWB,0.00266371124196293
Russia,Root_Tuber,Root_TuberAEZ11,Root_TuberAEZ11,1975,NOx_AWB,6.22821253547116e-06
Russia,Root_Tuber,Root_TuberAEZ13,Root_TuberAEZ13,1975,NOx_AWB,0.000104893975102853
Russia,Root_Tuber,Root_TuberAEZ14,Root_TuberAEZ14,1975,NOx_AWB,0.0003016130168539
Russia,Root_Tuber,Root_TuberAEZ15,Root_TuberAEZ15,1975,NOx_AWB,0.00151366523580918
Russia,Root_Tuber,Root_TuberAEZ16,Root_TuberAEZ16,1975,NOx_AWB,1.73062549625166e-05
Russia,SugarCrop,SugarCropAEZ07,SugarCropAEZ07,1975,NOx_AWB,2.13980599044443e-05
Russia,SugarCrop,SugarCropAEZ08,SugarCropAEZ08,1975,NOx_AWB,0.00116783868539802
Russia,SugarCrop,SugarCropAEZ09,SugarCropAEZ09,1975,NOx_AWB,0.00289839532848033
Russia,SugarCrop,SugarCropAEZ10,SugarCropAEZ10,1975,NOx_AWB,0.00187011722888393
Russia,SugarCrop,SugarCropAEZ11,SugarCropAEZ11,1975,NOx_AWB,4.74448754289631e-05
Russia,SugarCrop,SugarCropAEZ13,SugarCropAEZ13,1975,NOx_AWB,3.14511725371896e-05
Russia,SugarCrop,SugarCropAEZ14,SugarCropAEZ14,1975,NOx_AWB,6.28031671385319e-05
Russia,SugarCrop,SugarCropAEZ15,SugarCropAEZ15,1975,NOx_AWB,9.06368664902574e-05
Russia,SugarCrop,SugarCropAEZ16,SugarCropAEZ16,1975,NOx_AWB,1.13344411344273e-05
Russia,Wheat,WheatAEZ07,WheatAEZ07,1975,NOx_AWB,0.000283515795542708
Russia,Wheat,WheatAEZ08,WheatAEZ08,1975,NOx_AWB,0.00256327068498337
Russia,Wheat,WheatAEZ09,WheatAEZ09,1975,NOx_AWB,0.00199656705915899
Russia,Wheat,WheatAEZ10,WheatAEZ10,1975,NOx_AWB,0.00118977455154335
Russia,Wheat,WheatAEZ11,WheatAEZ11,1975,NOx_AWB,3.59368138228595e-05
Russia,Wheat,WheatAEZ13,WheatAEZ13,1975,NOx_AWB,0.00015111446997335
Russia,Wheat,WheatAEZ14,WheatAEZ14,1975,NOx_AWB,0.000424687750415941
Russia,Wheat,WheatAEZ15,WheatAEZ15,1975,NOx_AWB,0.000767870233345885
Russia,Wheat,WheatAEZ16,WheatAEZ16,1975,NOx_AWB,6.09055090214922e-06
Russia,Corn,CornAEZ07,CornAEZ07,1975,SO2_AWB,2.38093752480448e-06
Russia,Corn,CornAEZ08,CornAEZ08,1975,SO2_AWB,2.23026438349655e-05
Russia,Corn,CornAEZ09,CornAEZ09,1975,SO2_AWB,1.99660989365417e-05
Russia,Corn,CornAEZ10,CornAEZ10,1975,SO2_AWB,1.85977254706766e-05
Russia,Corn,CornAEZ11,CornAEZ11,1975,SO2_AWB,1.05328050797859e-07
Russia,Corn,CornAEZ13,CornAEZ13,1975,SO2_AWB,1.91918737085723e-06
Russia,Corn,CornAEZ14,CornAEZ14,1975,SO2_AWB,5.1402985171503e-06
Russia,Corn,CornAEZ15,CornAEZ15,1975,SO2_AWB,9.95503254095662e-06
Russia,Corn,CornAEZ16,CornAEZ16,1975,SO2_AWB,1.15576787628534e-07
Russia,FiberCrop,FiberCropAEZ07,FiberCropAEZ07,1975,SO2_AWB,2.73842814599553e-06
Russia,FiberCrop,FiberCropAEZ08,FiberCropAEZ08,1975,SO2_AWB,3.14004163201786e-07
Russia,FiberCrop,FiberCropAEZ09,FiberCropAEZ09,1975,SO2_AWB,9.21248694152732e-07
Russia,FiberCrop,FiberCropAEZ10,FiberCropAEZ10,1975,SO2_AWB,1.42830212288246e-06
Russia,FiberCrop,FiberCropAEZ11,FiberCropAEZ11,1975,SO2_AWB,0
Russia,FiberCrop,FiberCropAEZ13,FiberCropAEZ13,1975,SO2_AWB,2.59277282250443e-07
Russia,FiberCrop,FiberCropAEZ14,FiberCropAEZ14,1975,SO2_AWB,2.84595218713125e-07
Russia,FiberCrop,FiberCropAEZ15,FiberCropAEZ15,1975,SO2_AWB,2.58273827451618e-07
Russia,FiberCrop,FiberCropAEZ16,FiberCropAEZ16,1975,SO2_AWB,0
Russia,FodderGrass,FodderGrassAEZ07,FodderGrassAEZ07,1975,SO2_AWB,0
Russia,FodderGrass,FodderGrassAEZ08,FodderGrassAEZ08,1975,SO2_AWB,0
Russia,FodderGrass,FodderGrassAEZ09,FodderGrassAEZ09,1975,SO2_AWB,0
Russia,FodderGrass,FodderGrassAEZ10,FodderGrassAEZ10,1975,SO2_AWB,0
Russia,FodderGrass,FodderGrassAEZ11,FodderGrassAEZ11,1975,SO2_AWB,0
Russia,FodderGrass,FodderGrassAEZ13,FodderGrassAEZ13,1975,SO2_AWB,0
Russia,FodderGrass,FodderGrassAEZ14,FodderGrassAEZ14,1975,SO2_AWB,0
Russia,FodderGrass,FodderGrassAEZ15,FodderGrassAEZ15,1975,SO2_AWB,0
Russia,FodderGrass,FodderGrassAEZ16,FodderGrassAEZ16,1975,SO2_AWB,0
Russia,FodderHerb,FodderHerbAEZ07,FodderHerbAEZ07,1975,SO2_AWB,0.000132463283367501
Russia,FodderHerb,FodderHerbAEZ08,FodderHerbAEZ08,1975,SO2_AWB,0.00109617076823033
Russia,FodderHerb,FodderHerbAEZ09,FodderHerbAEZ09,1975,SO2_AWB,0.00103168840808444
Russia,FodderHerb,FodderHerbAEZ10,FodderHerbAEZ10,1975,SO2_AWB,0.000719823709434764
Russia,FodderHerb,FodderHerbAEZ11,FodderHerbAEZ11,1975,SO2_AWB,5.81059647950277e-06
Russia,FodderHerb,FodderHerbAEZ13,FodderHerbAEZ13,1975,SO2_AWB,9.75690627736954e-05
Russia,FodderHerb,FodderHerbAEZ14,FodderHerbAEZ14,1975,SO2_AWB,0.000276389057917138
Russia,FodderHerb,FodderHerbAEZ15,FodderHerbAEZ15,1975,SO2_AWB,0.000594562431148634
Russia,FodderHerb,FodderHerbAEZ16,FodderHerbAEZ16,1975,SO2_AWB,3.34226457076777e-06
Russia,MiscCrop,MiscCropAEZ07,MiscCropAEZ07,1975,SO2_AWB,2.36142607444938e-05
Russia,MiscCrop,MiscCropAEZ08,MiscCropAEZ08,1975,SO2_AWB,7.65335371297103e-05
Russia,MiscCrop,MiscCropAEZ09,MiscCropAEZ09,1975,SO2_AWB,0.000155357434293995
Russia,MiscCrop,MiscCropAEZ10,MiscCropAEZ10,1975,SO2_AWB,0.000179243055591796
Russia,MiscCrop,MiscCropAEZ11,MiscCropAEZ11,1975,SO2_AWB,4.27815275156846e-06
Russia,MiscCrop,MiscCropAEZ13,MiscCropAEZ13,1975,SO2_AWB,2.0210438550347e-06
Russia,MiscCrop,MiscCropAEZ14,MiscCropAEZ14,1975,SO2_AWB,5.21002641767965e-06
Russia,MiscCrop,MiscCropAEZ15,MiscCropAEZ15,1975,SO2_AWB,1.66068690133934e-05
Russia,MiscCrop,MiscCropAEZ16,MiscCropAEZ16,1975,SO2_AWB,2.13997830538752e-07
Russia,OilCrop,OilCropAEZ07,OilCropAEZ07,1975,SO2_AWB,3.61999658516526e-06
Russia,OilCrop,OilCropAEZ08,OilCropAEZ08,1975,SO2_AWB,5.46621421366703e-05
Russia,OilCrop,OilCropAEZ09,OilCropAEZ09,1975,SO2_AWB,3.0255050013129e-05
Russia,OilCrop,OilCropAEZ10,OilCropAEZ10,1975,SO2_AWB,1.28107169689675e-05
Russia,OilCrop,OilCropAEZ11,OilCropAEZ11,1975,SO2_AWB,9.08483068152369e-07
Russia,OilCrop,OilCropAEZ13,OilCropAEZ13,1975,SO2_AWB,1.22227816149031e-06
Russia,OilCrop,OilCropAEZ14,OilCropAEZ14,1975,SO2_AWB,1.84933029073593e-06
Russia,OilCrop,OilCropAEZ15,OilCropAEZ15,1975,SO2_AWB,1.86173251450383e-06
Russia,OilCrop,OilCropAEZ16,OilCropAEZ16,1975,SO2_AWB,2.10649483953715e-08
Russia,OtherGrain,OtherGrainAEZ07,OtherGrainAEZ07,1975,SO2_AWB,3.37006582235811e-05
Russia,OtherGrain,OtherGrainAEZ08,OtherGrainAEZ08,1975,SO2_AWB,0.000328497743100421
Russia,OtherGrain,OtherGrainAEZ09,OtherGrainAEZ09,1975,SO2_AWB,0.000335269045056096
Russia,OtherGrain,OtherGrainAEZ10,OtherGrainAEZ10,1975,SO2_AWB,0.000239760764113334
Russia,OtherGrain,OtherGrainAEZ11,OtherGrainAEZ11,1975,SO2_AWB,1.237544407681e-06
Russia,OtherGrain,OtherGrainAEZ13,OtherGrainAEZ13,1975,SO2_AWB,3.95101834034709e-05
Russia,OtherGrain,OtherGrainAEZ14,OtherGrainAEZ14,1975,SO2_AWB,9.44907211139824e-05
Russia,OtherGrain,OtherGrainAEZ15,OtherGrainAEZ15,1975,SO2_AWB,0.000158150769620459
Russia,OtherGrain,OtherGrainAEZ16,OtherGrainAEZ16,1975,SO2_AWB,1.22316147317037e-06
Russia,PalmFruit,PalmFruitAEZ07,PalmFruitAEZ07,1975,SO2_AWB,0
Russia,PalmFruit,PalmFruitAEZ08,PalmFruitAEZ08,1975,SO2_AWB,0
Russia,PalmFruit,PalmFruitAEZ09,PalmFruitAEZ09,1975,SO2_AWB,0
Russia,PalmFruit,PalmFruitAEZ10,PalmFruitAEZ10,1975,SO2_AWB,0
Russia,PalmFruit,PalmFruitAEZ11,PalmFruitAEZ11,1975,SO2_AWB,0
Russia,PalmFruit,PalmFruitAEZ13,PalmFruitAEZ13,1975,SO2_AWB,0
Russia,PalmFruit,PalmFruitAEZ14,PalmFruitAEZ14,1975,SO2_AWB,0
Russia,PalmFruit,PalmFruitAEZ15,PalmFruitAEZ15,1975,SO2_AWB,0
Russia,PalmFruit,PalmFruitAEZ16,PalmFruitAEZ16,1975,SO2_AWB,0
Russia,Rice,RiceAEZ07,RiceAEZ07,1975,SO2_AWB,2.77784132754252e-06
Russia,Rice,RiceAEZ08,RiceAEZ08,1975,SO2_AWB,2.74476257635797e-06
Russia,Rice,RiceAEZ09,RiceAEZ09,1975,SO2_AWB,2.80507810044767e-06
Russia,Rice,RiceAEZ10,RiceAEZ10,1975,SO2_AWB,3.30779774125668e-06
Russia,Rice,RiceAEZ11,RiceAEZ11,1975,SO2_AWB,1.29142539712213e-07
Russia,Rice,RiceAEZ13,RiceAEZ13,1975,SO2_AWB,0
Russia,Rice,RiceAEZ14,RiceAEZ14,1975,SO2_AWB,0
Russia,Rice,RiceAEZ15,RiceAEZ15,1975,SO2_AWB,7.00871032553786e-06
Russia,Rice,RiceAEZ16,RiceAEZ16,1975,SO2_AWB,6.49194672369962e-08
Russia,Root_Tuber,Root_TuberAEZ07,Root_TuberAEZ07,1975,SO2_AWB,1.25981621737082e-05
Russia,Root_Tuber,Root_TuberAEZ08,Root_TuberAEZ08,1975,SO2_AWB,0.000140759578620161
Russia,Root_Tuber,Root_TuberAEZ09,Root_TuberAEZ09,1975,SO2_AWB,0.000339734523294999
Russia,Root_Tuber,Root_TuberAEZ10,Root_TuberAEZ10,1975,SO2_AWB,0.000409389177456048
Russia,Root_Tuber,Root_TuberAEZ11,Root_TuberAEZ11,1975,SO2_AWB,9.57221926592547e-07
Russia,Root_Tuber,Root_TuberAEZ13,Root_TuberAEZ13,1975,SO2_AWB,1.61212887909754e-05
Russia,Root_Tuber,Root_TuberAEZ14,Root_TuberAEZ14,1975,SO2_AWB,4.63552891674785e-05
Russia,Root_Tuber,Root_TuberAEZ15,Root_TuberAEZ15,1975,SO2_AWB,0.000232637140268659
Russia,Root_Tuber,Root_TuberAEZ16,Root_TuberAEZ16,1975,SO2_AWB,2.65982039356799e-06
Russia,SugarCrop,SugarCropAEZ07,SugarCropAEZ07,1975,SO2_AWB,3.2886951128307e-06
Russia,SugarCrop,SugarCropAEZ08,SugarCropAEZ08,1975,SO2_AWB,0.000179486616749091
Russia,SugarCrop,SugarCropAEZ09,SugarCropAEZ09,1975,SO2_AWB,0.000445458073974493
Russia,SugarCrop,SugarCropAEZ10,SugarCropAEZ10,1975,SO2_AWB,0.000287420701620416
Russia,SugarCrop,SugarCropAEZ11,SugarCropAEZ11,1975,SO2_AWB,7.29186340485407e-06
Russia,SugarCrop,SugarCropAEZ13,SugarCropAEZ13,1975,SO2_AWB,4.83377081276269e-06
Russia,SugarCrop,SugarCropAEZ14,SugarCropAEZ14,1975,SO2_AWB,9.65229884209651e-06
Russia,SugarCrop,SugarCropAEZ15,SugarCropAEZ15,1975,SO2_AWB,1.39300955881e-05
Russia,SugarCrop,SugarCropAEZ16,SugarCropAEZ16,1975,SO2_AWB,1.74200471126433e-06
Russia,Wheat,WheatAEZ07,WheatAEZ07,1975,SO2_AWB,4.35739041471678e-05
Russia,Wheat,WheatAEZ08,WheatAEZ08,1975,SO2_AWB,0.000393952340175296
Russia,Wheat,WheatAEZ09,WheatAEZ09,1975,SO2_AWB,0.00030685493728014
Russia,Wheat,WheatAEZ10,WheatAEZ10,1975,SO2_AWB,0.000182857967988877
Russia,Wheat,WheatAEZ11,WheatAEZ11,1975,SO2_AWB,5.52317474190257e-06
Russia,Wheat,WheatAEZ13,WheatAEZ13,1975,SO2_AWB,2.32249755865082e-05
Russia,Wheat,WheatAEZ14,WheatAEZ14,1975,SO2_AWB,6.52708019095641e-05
Russia,Wheat,WheatAEZ15,WheatAEZ15,1975,SO2_AWB,0.000118014955326314
Russia,Wheat,WheatAEZ16,WheatAEZ16,1975,SO2_AWB,9.36064534625619e-07
South Africa,Corn,CornAEZ01,CornAEZ01,1975,CH4_AWB,3.19130958999182e-08
South Africa,Corn,CornAEZ02,CornAEZ02,1975,CH4_AWB,5.61258303038284e-07
South Africa,Corn,CornAEZ03,CornAEZ03,1975,CH4_AWB,2.93481823018563e-06
South Africa,Corn,CornAEZ04,CornAEZ04,1975,CH4_AWB,5.91110474936838e-07
South Africa,Corn,CornAEZ05,CornAEZ05,1975,CH4_AWB,2.98209457773208e-07
South Africa,Corn,CornAEZ06,CornAEZ06,1975,CH4_AWB,6.35514019329874e-07
South Africa,Corn,CornAEZ07,CornAEZ07,1975,CH4_AWB,4.34179855546873e-05
South Africa,Corn,CornAEZ08,CornAEZ08,1975,CH4_AWB,0.000106787339200888
South Africa,Corn,CornAEZ09,CornAEZ09,1975,CH4_AWB,0.000113131113086058
South Africa,Corn,CornAEZ10,CornAEZ10,1975,CH4_AWB,0.000237711595783333
South Africa,Corn,CornAEZ11,CornAEZ11,1975,CH4_AWB,5.05494695740757e-06
South Africa,FiberCrop,FiberCropAEZ01,FiberCropAEZ01,1975,CH4_AWB,5.84543246298286e-08
South Africa,FiberCrop,FiberCropAEZ02,FiberCropAEZ02,1975,CH4_AWB,5.8671358013355e-08
South Africa,FiberCrop,FiberCropAEZ03,FiberCropAEZ03,1975,CH4_AWB,2.74257852316435e-07
South Africa,FiberCrop,FiberCropAEZ04,FiberCropAEZ04,1975,CH4_AWB,1.99670712844462e-08
South Africa,FiberCrop,FiberCropAEZ05,FiberCropAEZ05,1975,CH4_AWB,1.49029590021592e-08
South Africa,FiberCrop,FiberCropAEZ06,FiberCropAEZ06,1975,CH4_AWB,7.95065628319072e-08
South Africa,FiberCrop,FiberCropAEZ07,FiberCropAEZ07,1975,CH4_AWB,1.54187750103407e-06
South Africa,FiberCrop,FiberCropAEZ08,FiberCropAEZ08,1975,CH4_AWB,2.07628603573772e-07
South Africa,FiberCrop,FiberCropAEZ09,FiberCropAEZ09,1975,CH4_AWB,1.44978300195762e-06
South Africa,FiberCrop,FiberCropAEZ10,FiberCropAEZ10,1975,CH4_AWB,1.3676720385234e-06
South Africa,FiberCrop,FiberCropAEZ11,FiberCropAEZ11,1975,CH4_AWB,2.42353944938027e-08
South Africa,FodderGrass,FodderGrassAEZ01,FodderGrassAEZ01,1975,CH4_AWB,0
South Africa,FodderGrass,FodderGrassAEZ02,FodderGrassAEZ02,1975,CH4_AWB,0
South Africa,FodderGrass,FodderGrassAEZ03,FodderGrassAEZ03,1975,CH4_AWB,0
South Africa,FodderGrass,FodderGrassAEZ04,FodderGrassAEZ04,1975,CH4_AWB,0
South Africa,FodderGrass,FodderGrassAEZ05,FodderGrassAEZ05,1975,CH4_AWB,0
South Africa,FodderGrass,FodderGrassAEZ06,FodderGrassAEZ06,1975,CH4_AWB,0
South Africa,FodderGrass,FodderGrassAEZ07,FodderGrassAEZ07,1975,CH4_AWB,0
South Africa,FodderGrass,FodderGrassAEZ08,FodderGrassAEZ08,1975,CH4_AWB,0
South Africa,FodderGrass,FodderGrassAEZ09,FodderGrassAEZ09,1975,CH4_AWB,0
South Africa,FodderGrass,FodderGrassAEZ10,FodderGrassAEZ10,1975,CH4_AWB,0
South Africa,FodderGrass,FodderGrassAEZ11,FodderGrassAEZ11,1975,CH4_AWB,0
South Africa,FodderHerb,FodderHerbAEZ01,FodderHerbAEZ01,1975,CH4_AWB,8.78026138128009e-07
South Africa,FodderHerb,FodderHerbAEZ02,FodderHerbAEZ02,1975,CH4_AWB,4.0745945497637e-08
South Africa,FodderHerb,FodderHerbAEZ03,FodderHerbAEZ03,1975,CH4_AWB,3.97241270907445e-06
South Africa,FodderHerb,FodderHerbAEZ04,FodderHerbAEZ04,1975,CH4_AWB,4.91781085609458e-06
South Africa,FodderHerb,FodderHerbAEZ05,FodderHerbAEZ05,1975,CH4_AWB,4.28460618398349e-06
South Africa,FodderHerb,FodderHerbAEZ06,FodderHerbAEZ06,1975,CH4_AWB,1.31006571439821e-05
South Africa,FodderHerb,FodderHerbAEZ07,FodderHerbAEZ07,1975,CH4_AWB,0.000154744744335108
South Africa,FodderHerb,FodderHerbAEZ08,FodderHerbAEZ08,1975,CH4_AWB,4.32063205460665e-05
South Africa,FodderHerb,FodderHerbAEZ09,FodderHerbAEZ09,1975,CH4_AWB,3.96270168811779e-05
South Africa,FodderHerb,FodderHerbAEZ10,FodderHerbAEZ10,1975,CH4_AWB,3.72506695393053e-05
South Africa,FodderHerb,FodderHerbAEZ11,FodderHerbAEZ11,1975,CH4_AWB,1.34624142866818e-05
South Africa,MiscCrop,MiscCropAEZ01,MiscCropAEZ01,1975,CH4_AWB,1.11194424836652e-06
South Africa,MiscCrop,MiscCropAEZ02,MiscCropAEZ02,1975,CH4_AWB,1.46475827586467e-06
South Africa,MiscCrop,MiscCropAEZ03,MiscCropAEZ03,1975,CH4_AWB,4.88719082771377e-06
South Africa,MiscCrop,MiscCropAEZ04,MiscCropAEZ04,1975,CH4_AWB,2.21576763227031e-06
South Africa,MiscCrop,MiscCropAEZ05,MiscCropAEZ05,1975,CH4_AWB,1.72728739845372e-06
South Africa,MiscCrop,MiscCropAEZ06,MiscCropAEZ06,1975,CH4_AWB,6.58840956881655e-06
South Africa,MiscCrop,MiscCropAEZ07,MiscCropAEZ07,1975,CH4_AWB,0.000113490650445405
South Africa,MiscCrop,MiscCropAEZ08,MiscCropAEZ08,1975,CH4_AWB,1.35991040896947e-05
South Africa,MiscCrop,MiscCropAEZ09,MiscCropAEZ09,1975,CH4_AWB,3.72708780580655e-05
South Africa,MiscCrop,MiscCropAEZ10,MiscCropAEZ10,1975,CH4_AWB,4.45043162899212e-05
South Africa,MiscCrop,MiscCropAEZ11,MiscCropAEZ11,1975,CH4_AWB,6.95835247850081e-06
South Africa,OilCrop,OilCropAEZ01,OilCropAEZ01,1975,CH4_AWB,3.30739771374912e-07
South Africa,OilCrop,OilCropAEZ02,OilCropAEZ02,1975,CH4_AWB,9.15120557382067e-07
South Africa,OilCrop,OilCropAEZ03,OilCropAEZ03,1975,CH4_AWB,2.32820970434418e-06
South Africa,OilCrop,OilCropAEZ04,OilCropAEZ04,1975,CH4_AWB,7.75080974384784e-07
South Africa,OilCrop,OilCropAEZ05,OilCropAEZ05,1975,CH4_AWB,5.91553636731875e-07
South Africa,OilCrop,OilCropAEZ06,OilCropAEZ06,1975,CH4_AWB,1.6411182024621e-06
South Africa,OilCrop,OilCropAEZ07,OilCropAEZ07,1975,CH4_AWB,6.35356846602625e-06
South Africa,OilCrop,OilCropAEZ08,OilCropAEZ08,1975,CH4_AWB,6.2332072797816e-06
South Africa,OilCrop,OilCropAEZ09,OilCropAEZ09,1975,CH4_AWB,8.33950926196676e-06
South Africa,OilCrop,OilCropAEZ10,OilCropAEZ10,1975,CH4_AWB,8.55266685732543e-06
South Africa,OilCrop,OilCropAEZ11,OilCropAEZ11,1975,CH4_AWB,9.5849564946087e-07
South Africa,OtherGrain,OtherGrainAEZ01,OtherGrainAEZ01,1975,CH4_AWB,9.24556845077648e-08
South Africa,OtherGrain,OtherGrainAEZ02,OtherGrainAEZ02,1975,CH4_AWB,8.92448459540672e-08
South Africa,OtherGrain,OtherGrainAEZ03,OtherGrainAEZ03,1975,CH4_AWB,2.47234568634744e-07
South Africa,OtherGrain,OtherGrainAEZ04,OtherGrainAEZ04,1975,CH4_AWB,5.935934864657e-08
South Africa,OtherGrain,OtherGrainAEZ05,OtherGrainAEZ05,1975,CH4_AWB,3.86123918380603e-08
South Africa,OtherGrain,OtherGrainAEZ06,OtherGrainAEZ06,1975,CH4_AWB,1.50580095249067e-07
South Africa,OtherGrain,OtherGrainAEZ07,OtherGrainAEZ07,1975,CH4_AWB,1.1345456864895e-05
South Africa,OtherGrain,OtherGrainAEZ08,OtherGrainAEZ08,1975,CH4_AWB,1.87743493278278e-06
South Africa,OtherGrain,OtherGrainAEZ09,OtherGrainAEZ09,1975,CH4_AWB,1.05377251456557e-05
South Africa,OtherGrain,OtherGrainAEZ10,OtherGrainAEZ10,1975,CH4_AWB,1.18645424310762e-05
South Africa,OtherGrain,OtherGrainAEZ11,OtherGrainAEZ11,1975,CH4_AWB,1.45064039272201e-07
South Africa,PalmFruit,PalmFruitAEZ01,PalmFruitAEZ01,1975,CH4_AWB,0
South Africa,PalmFruit,PalmFruitAEZ02,PalmFruitAEZ02,1975,CH4_AWB,0
South Africa,PalmFruit,PalmFruitAEZ03,PalmFruitAEZ03,1975,CH4_AWB,0
South Africa,PalmFruit,PalmFruitAEZ04,PalmFruitAEZ04,1975,CH4_AWB,0
South Africa,PalmFruit,PalmFruitAEZ05,PalmFruitAEZ05,1975,CH4_AWB,0
South Africa,PalmFruit,PalmFruitAEZ06,PalmFruitAEZ06,1975,CH4_AWB,0
South Africa,PalmFruit,PalmFruitAEZ07,PalmFruitAEZ07,1975,CH4_AWB,0
South Africa,PalmFruit,PalmFruitAEZ08,PalmFruitAEZ08,1975,CH4_AWB,0
South Africa,PalmFruit,PalmFruitAEZ09,PalmFruitAEZ09,1975,CH4_AWB,0
South Africa,PalmFruit,PalmFruitAEZ10,PalmFruitAEZ10,1975,CH4_AWB,0
South Africa,PalmFruit,PalmFruitAEZ11,PalmFruitAEZ11,1975,CH4_AWB,0
South Africa,Rice,RiceAEZ01,RiceAEZ01,1975,CH4_AWB,0
South Africa,Rice,RiceAEZ02,RiceAEZ02,1975,CH4_AWB,0
South Africa,Rice,RiceAEZ03,RiceAEZ03,1975,CH4_AWB,0
South Africa,Rice,RiceAEZ04,RiceAEZ04,1975,CH4_AWB,0
South Africa,Rice,RiceAEZ05,RiceAEZ05,1975,CH4_AWB,0
South Africa,Rice,RiceAEZ06,RiceAEZ06,1975,CH4_AWB,0
South Africa,Rice,RiceAEZ07,RiceAEZ07,1975,CH4_AWB,0
South Africa,Rice,RiceAEZ08,RiceAEZ08,1975,CH4_AWB,0
South Africa,Rice,RiceAEZ09,RiceAEZ09,1975,CH4_AWB,0
South Africa,Rice,RiceAEZ10,RiceAEZ10,1975,CH4_AWB,0
South Africa,Rice,RiceAEZ11,RiceAEZ11,1975,CH4_AWB,0
South Africa,Root_Tuber,Root_TuberAEZ01,Root_TuberAEZ01,1975,CH4_AWB,3.2266318669534e-08
South Africa,Root_Tuber,Root_TuberAEZ02,Root_TuberAEZ02,1975,CH4_AWB,4.83095996793163e-08
South Africa,Root_Tuber,Root_TuberAEZ03,Root_TuberAEZ03,1975,CH4_AWB,5.17968786887255e-07
South Africa,Root_Tuber,Root_TuberAEZ04,Root_TuberAEZ04,1975,CH4_AWB,2.61950378168124e-07
South Africa,Root_Tuber,Root_TuberAEZ05,Root_TuberAEZ05,1975,CH4_AWB,1.87441246755747e-07
South Africa,Root_Tuber,Root_TuberAEZ06,Root_TuberAEZ06,1975,CH4_AWB,1.05301445552161e-06
South Africa,Root_Tuber,Root_TuberAEZ07,Root_TuberAEZ07,1975,CH4_AWB,1.05765217709084e-05
South Africa,Root_Tuber,Root_TuberAEZ08,Root_TuberAEZ08,1975,CH4_AWB,7.89019345460092e-06
South Africa,Root_Tuber,Root_TuberAEZ09,Root_TuberAEZ09,1975,CH4_AWB,9.67068307254923e-06
South Africa,Root_Tuber,Root_TuberAEZ10,Root_TuberAEZ10,1975,CH4_AWB,1.22563926040362e-05
South Africa,Root_Tuber,Root_TuberAEZ11,Root_TuberAEZ11,1975,CH4_AWB,2.08293018152215e-07
South Africa,SugarCrop,SugarCropAEZ01,SugarCropAEZ01,1975,CH4_AWB,0
South Africa,SugarCrop,SugarCropAEZ02,SugarCropAEZ02,1975,CH4_AWB,2.9664762678186e-05
South Africa,SugarCrop,SugarCropAEZ03,SugarCropAEZ03,1975,CH4_AWB,5.77318467200204e-05
South Africa,SugarCrop,SugarCropAEZ04,SugarCropAEZ04,1975,CH4_AWB,1.17263145341115e-05
South Africa,SugarCrop,SugarCropAEZ05,SugarCropAEZ05,1975,CH4_AWB,9.40327533575657e-05
South Africa,SugarCrop,SugarCropAEZ06,SugarCropAEZ06,1975,CH4_AWB,0.000540823563549515
South Africa,SugarCrop,SugarCropAEZ07,SugarCropAEZ07,1975,CH4_AWB,2.71441202868632e-07
South Africa,SugarCrop,SugarCropAEZ08,SugarCropAEZ08,1975,CH4_AWB,0
South Africa,SugarCrop,SugarCropAEZ09,SugarCropAEZ09,1975,CH4_AWB,0
South Africa,SugarCrop,SugarCropAEZ10,SugarCropAEZ10,1975,CH4_AWB,0.00019546408713073
South Africa,SugarCrop,SugarCropAEZ11,SugarCropAEZ11,1975,CH4_AWB,0.00011622353781242
South Africa,Wheat,WheatAEZ01,WheatAEZ01,1975,CH4_AWB,1.12677304048742e-06
South Africa,Wheat,WheatAEZ02,WheatAEZ02,1975,CH4_AWB,1.14523674850544e-05
South Africa,Wheat,WheatAEZ03,WheatAEZ03,1975,CH4_AWB,1.27988518455069e-05
South Africa,Wheat,WheatAEZ04,WheatAEZ04,1975,CH4_AWB,0
South Africa,Wheat,WheatAEZ05,WheatAEZ05,1975,CH4_AWB,5.58570355974762e-08
South Africa,Wheat,WheatAEZ06,WheatAEZ06,1975,CH4_AWB,0
South Africa,Wheat,WheatAEZ07,WheatAEZ07,1975,CH4_AWB,1.83265520355805e-05
South Africa,Wheat,WheatAEZ08,WheatAEZ08,1975,CH4_AWB,1.46795116429195e-05
South Africa,Wheat,WheatAEZ09,WheatAEZ09,1975,CH4_AWB,3.06150998670253e-05
South Africa,Wheat,WheatAEZ10,WheatAEZ10,1975,CH4_AWB,2.29502267826058e-05
South Africa,Wheat,WheatAEZ11,WheatAEZ11,1975,CH4_AWB,3.29593154753243e-07
South Africa,Corn,CornAEZ01,CornAEZ01,1975,CO_AWB,1.15787258200985e-06
South Africa,Corn,CornAEZ02,CornAEZ02,1975,CO_AWB,2.03636025333121e-05
South Africa,Corn,CornAEZ03,CornAEZ03,1975,CO_AWB,0.000106481225531094
South Africa,Corn,CornAEZ04,CornAEZ04,1975,CO_AWB,2.14467005650161e-05
South Africa,Corn,CornAEZ05,CornAEZ05,1975,CO_AWB,1.08196508397202e-05
South Africa,Corn,CornAEZ06,CornAEZ06,1975,CO_AWB,2.3057752239789e-05
South Africa,Corn,CornAEZ07,CornAEZ07,1975,CO_AWB,0.00157529357845853
South Africa,Corn,CornAEZ08,CornAEZ08,1975,CO_AWB,0.00387446371716041
South Africa,Corn,CornAEZ09,CornAEZ09,1975,CO_AWB,0.0041046288465839
South Africa,Corn,CornAEZ10,CornAEZ10,1975,CO_AWB,0.00862466430854913
South Africa,Corn,CornAEZ11,CornAEZ11,1975,CO_AWB,0.000183403844736711
South Africa,FiberCrop,FiberCropAEZ01,FiberCropAEZ01,1975,CO_AWB,2.12084280387712e-06
South Africa,FiberCrop,FiberCropAEZ02,FiberCropAEZ02,1975,CO_AWB,2.12871722022814e-06
South Africa,FiberCrop,FiberCropAEZ03,FiberCropAEZ03,1975,CO_AWB,9.95063746225015e-06
South Africa,FiberCrop,FiberCropAEZ04,FiberCropAEZ04,1975,CO_AWB,7.24446304294652e-07
South Africa,FiberCrop,FiberCropAEZ05,FiberCropAEZ05,1975,CO_AWB,5.40709922770648e-07
South Africa,FiberCrop,FiberCropAEZ06,FiberCropAEZ06,1975,CO_AWB,2.88466118992689e-06
South Africa,FiberCrop,FiberCropAEZ07,FiberCropAEZ07,1975,CO_AWB,5.59424785631594e-05
South Africa,FiberCrop,FiberCropAEZ08,FiberCropAEZ08,1975,CO_AWB,7.5331916424843e-06
South Africa,FiberCrop,FiberCropAEZ09,FiberCropAEZ09,1975,CO_AWB,5.26011012248727e-05
South Africa,FiberCrop,FiberCropAEZ10,FiberCropAEZ10,1975,CO_AWB,4.96219470387336e-05
South Africa,FiberCrop,FiberCropAEZ11,FiberCropAEZ11,1975,CO_AWB,8.79309825864891e-07
South Africa,FodderGrass,FodderGrassAEZ01,FodderGrassAEZ01,1975,CO_AWB,0
South Africa,FodderGrass,FodderGrassAEZ02,FodderGrassAEZ02,1975,CO_AWB,0
South Africa,FodderGrass,FodderGrassAEZ03,FodderGrassAEZ03,1975,CO_AWB,0
South Africa,FodderGrass,FodderGrassAEZ04,FodderGrassAEZ04,1975,CO_AWB,0
South Africa,FodderGrass,FodderGrassAEZ05,FodderGrassAEZ05,1975,CO_AWB,0
South Africa,FodderGrass,FodderGrassAEZ06,FodderGrassAEZ06,1975,CO_AWB,0
South Africa,FodderGrass,FodderGrassAEZ07,FodderGrassAEZ07,1975,CO_AWB,0
South Africa,FodderGrass,FodderGrassAEZ08,FodderGrassAEZ08,1975,CO_AWB,0
South Africa,FodderGrass,FodderGrassAEZ09,FodderGrassAEZ09,1975,CO_AWB,0
South Africa,FodderGrass,FodderGrassAEZ10,FodderGrassAEZ10,1975,CO_AWB,0
South Africa,FodderGrass,FodderGrassAEZ11,FodderGrassAEZ11,1975,CO_AWB,0
South Africa,FodderHerb,FodderHerbAEZ01,FodderHerbAEZ01,1975,CO_AWB,3.18565893705419e-05
South Africa,FodderHerb,FodderHerbAEZ02,FodderHerbAEZ02,1975,CO_AWB,1.47834648408093e-06
South Africa,FodderHerb,FodderHerbAEZ03,FodderHerbAEZ03,1975,CO_AWB,0.000144127281624112
South Africa,FodderHerb,FodderHerbAEZ04,FodderHerbAEZ04,1975,CO_AWB,0.000178428265676252
South Africa,FodderHerb,FodderHerbAEZ05,FodderHerbAEZ05,1975,CO_AWB,0.000155454301290683
South Africa,FodderHerb,FodderHerbAEZ06,FodderHerbAEZ06,1975,CO_AWB,0.000475318714326531
South Africa,FodderHerb,FodderHerbAEZ07,FodderHerbAEZ07,1975,CO_AWB,0.00561445674959429
South Africa,FodderHerb,FodderHerbAEZ08,FodderHerbAEZ08,1975,CO_AWB,0.00156761393776113
South Africa,FodderHerb,FodderHerbAEZ09,FodderHerbAEZ09,1975,CO_AWB,0.00143774945863761
South Africa,FodderHerb,FodderHerbAEZ10,FodderHerbAEZ10,1975,CO_AWB,0.00135153070251582
South Africa,FodderHerb,FodderHerbAEZ11,FodderHerbAEZ11,1975,CO_AWB,0.00048844400552961
South Africa,MiscCrop,MiscCropAEZ01,MiscCropAEZ01,1975,CO_AWB,4.03436182420159e-05
South Africa,MiscCrop,MiscCropAEZ02,MiscCropAEZ02,1975,CO_AWB,5.31444348807309e-05
South Africa,MiscCrop,MiscCropAEZ03,MiscCropAEZ03,1975,CO_AWB,0.000177317308236282
South Africa,MiscCrop,MiscCropAEZ04,MiscCropAEZ04,1975,CO_AWB,8.03925948631407e-05
South Africa,MiscCrop,MiscCropAEZ05,MiscCropAEZ05,1975,CO_AWB,6.2669529969539e-05
South Africa,MiscCrop,MiscCropAEZ06,MiscCropAEZ06,1975,CO_AWB,0.000239041013842959
South Africa,MiscCrop,MiscCropAEZ07,MiscCropAEZ07,1975,CO_AWB,0.00411767359949355
South Africa,MiscCrop,MiscCropAEZ08,MiscCropAEZ08,1975,CO_AWB,0.000493403391972258
South Africa,MiscCrop,MiscCropAEZ09,MiscCropAEZ09,1975,CO_AWB,0.00135226390902981
South Africa,MiscCrop,MiscCropAEZ10,MiscCropAEZ10,1975,CO_AWB,0.00161470788590355
South Africa,MiscCrop,MiscCropAEZ11,MiscCropAEZ11,1975,CO_AWB,0.000252463301463555
South Africa,OilCrop,OilCropAEZ01,OilCropAEZ01,1975,CO_AWB,1.19999173460385e-05
South Africa,OilCrop,OilCropAEZ02,OilCropAEZ02,1975,CO_AWB,3.32024509921955e-05
South Africa,OilCrop,OilCropAEZ03,OilCropAEZ03,1975,CO_AWB,8.44722238883849e-05
South Africa,OilCrop,OilCropAEZ04,OilCropAEZ04,1975,CO_AWB,2.8121527660371e-05
South Africa,OilCrop,OilCropAEZ05,OilCropAEZ05,1975,CO_AWB,2.14627793839898e-05
South Africa,OilCrop,OilCropAEZ06,OilCropAEZ06,1975,CO_AWB,5.95431347816378e-05
South Africa,OilCrop,OilCropAEZ07,OilCropAEZ07,1975,CO_AWB,0.000230520496908388
South Africa,OilCrop,OilCropAEZ08,OilCropAEZ08,1975,CO_AWB,0.000226153546176691
South Africa,OilCrop,OilCropAEZ09,OilCropAEZ09,1975,CO_AWB,0.000302574502709819
South Africa,OilCrop,OilCropAEZ10,OilCropAEZ10,1975,CO_AWB,0.000310308297515782
South Africa,OilCrop,OilCropAEZ11,OilCropAEZ11,1975,CO_AWB,3.47761883073623e-05
South Africa,OtherGrain,OtherGrainAEZ01,OtherGrainAEZ01,1975,CO_AWB,3.35448188662788e-06
South Africa,OtherGrain,OtherGrainAEZ02,OtherGrainAEZ02,1975,CO_AWB,3.23798607756423e-06
South Africa,OtherGrain,OtherGrainAEZ03,OtherGrainAEZ03,1975,CO_AWB,8.97017729790161e-06
South Africa,OtherGrain,OtherGrainAEZ04,OtherGrainAEZ04,1975,CO_AWB,2.15367893166402e-06
South Africa,OtherGrain,OtherGrainAEZ05,OtherGrainAEZ05,1975,CO_AWB,1.40093678079116e-06
South Africa,OtherGrain,OtherGrainAEZ06,OtherGrainAEZ06,1975,CO_AWB,5.4633547378828e-06
South Africa,OtherGrain,OtherGrainAEZ07,OtherGrainAEZ07,1975,CO_AWB,0.000411636447790421
South Africa,OtherGrain,OtherGrainAEZ08,OtherGrainAEZ08,1975,CO_AWB,6.81171905099394e-05
South Africa,OtherGrain,OtherGrainAEZ09,OtherGrainAEZ09,1975,CO_AWB,0.000382330284130841
South Africa,OtherGrain,OtherGrainAEZ10,OtherGrainAEZ10,1975,CO_AWB,0.000430469936922379
South Africa,OtherGrain,OtherGrainAEZ11,OtherGrainAEZ11,1975,CO_AWB,5.26322091205551e-06
South Africa,PalmFruit,PalmFruitAEZ01,PalmFruitAEZ01,1975,CO_AWB,0
South Africa,PalmFruit,PalmFruitAEZ02,PalmFruitAEZ02,1975,CO_AWB,0
South Africa,PalmFruit,PalmFruitAEZ03,PalmFruitAEZ03,1975,CO_AWB,0
South Africa,PalmFruit,PalmFruitAEZ04,PalmFruitAEZ04,1975,CO_AWB,0
South Africa,PalmFruit,PalmFruitAEZ05,PalmFruitAEZ05,1975,CO_AWB,0
South Africa,PalmFruit,PalmFruitAEZ06,PalmFruitAEZ06,1975,CO_AWB,0
South Africa,PalmFruit,PalmFruitAEZ07,PalmFruitAEZ07,1975,CO_AWB,0
South Africa,PalmFruit,PalmFruitAEZ08,PalmFruitAEZ08,1975,CO_AWB,0
South Africa,PalmFruit,PalmFruitAEZ09,PalmFruitAEZ09,1975,CO_AWB,0
South Africa,PalmFruit,PalmFruitAEZ10,PalmFruitAEZ10,1975,CO_AWB,0
South Africa,PalmFruit,PalmFruitAEZ11,PalmFruitAEZ11,1975,CO_AWB,0
South Africa,Rice,RiceAEZ01,RiceAEZ01,1975,CO_AWB,0
South Africa,Rice,RiceAEZ02,RiceAEZ02,1975,CO_AWB,0
South Africa,Rice,RiceAEZ03,RiceAEZ03,1975,CO_AWB,0
South Africa,Rice,RiceAEZ04,RiceAEZ04,1975,CO_AWB,0
South Africa,Rice,RiceAEZ05,RiceAEZ05,1975,CO_AWB,0
South Africa,Rice,RiceAEZ06,RiceAEZ06,1975,CO_AWB,0
South Africa,Rice,RiceAEZ07,RiceAEZ07,1975,CO_AWB,0
South Africa,Rice,RiceAEZ08,RiceAEZ08,1975,CO_AWB,0
South Africa,Rice,RiceAEZ09,RiceAEZ09,1975,CO_AWB,0
South Africa,Rice,RiceAEZ10,RiceAEZ10,1975,CO_AWB,0
South Africa,Rice,RiceAEZ11,RiceAEZ11,1975,CO_AWB,0
South Africa,Root_Tuber,Root_TuberAEZ01,Root_TuberAEZ01,1975,CO_AWB,1.17068822865104e-06
South Africa,Root_Tuber,Root_TuberAEZ02,Root_TuberAEZ02,1975,CO_AWB,1.75277137298032e-06
South Africa,Root_Tuber,Root_TuberAEZ03,Root_TuberAEZ03,1975,CO_AWB,1.87929700883453e-05
South Africa,Root_Tuber,Root_TuberAEZ04,Root_TuberAEZ04,1975,CO_AWB,9.50409705404859e-06
South Africa,Root_Tuber,Root_TuberAEZ05,Root_TuberAEZ05,1975,CO_AWB,6.80075292716363e-06
South Africa,Root_Tuber,Root_TuberAEZ06,Root_TuberAEZ06,1975,CO_AWB,3.82055244759763e-05
South Africa,Root_Tuber,Root_TuberAEZ07,Root_TuberAEZ07,1975,CO_AWB,0.00038373790527783
South Africa,Root_Tuber,Root_TuberAEZ08,Root_TuberAEZ08,1975,CO_AWB,0.000286272403545136
South Africa,Root_Tuber,Root_TuberAEZ09,Root_TuberAEZ09,1975,CO_AWB,0.000350872219170697
South Africa,Root_Tuber,Root_TuberAEZ10,Root_TuberAEZ10,1975,CO_AWB,0.000444687064992597
South Africa,Root_Tuber,Root_TuberAEZ11,Root_TuberAEZ11,1975,CO_AWB,7.55729796629189e-06
South Africa,SugarCrop,SugarCropAEZ01,SugarCropAEZ01,1975,CO_AWB,0
South Africa,SugarCrop,SugarCropAEZ02,SugarCropAEZ02,1975,CO_AWB,0.00107629844075982
South Africa,SugarCrop,SugarCropAEZ03,SugarCropAEZ03,1975,CO_AWB,0.0020946298233033
South Africa,SugarCrop,SugarCropAEZ04,SugarCropAEZ04,1975,CO_AWB,0.000425454745276096
South Africa,SugarCrop,SugarCropAEZ05,SugarCropAEZ05,1975,CO_AWB,0.00341170117951168
South Africa,SugarCrop,SugarCropAEZ06,SugarCropAEZ06,1975,CO_AWB,0.0196221882672452
South Africa,SugarCrop,SugarCropAEZ07,SugarCropAEZ07,1975,CO_AWB,9.84844364254138e-06
South Africa,SugarCrop,SugarCropAEZ08,SugarCropAEZ08,1975,CO_AWB,0
South Africa,SugarCrop,SugarCropAEZ09,SugarCropAEZ09,1975,CO_AWB,0
South Africa,SugarCrop,SugarCropAEZ10,SugarCropAEZ10,1975,CO_AWB,0.00709183803307649
South Africa,SugarCrop,SugarCropAEZ11,SugarCropAEZ11,1975,CO_AWB,0.00421682835909165
South Africa,Wheat,WheatAEZ01,WheatAEZ01,1975,CO_AWB,4.08816372381974e-05
South Africa,Wheat,WheatAEZ02,WheatAEZ02,1975,CO_AWB,0.000415515384393642
South Africa,Wheat,WheatAEZ03,WheatAEZ03,1975,CO_AWB,0.000464368599010057
South Africa,Wheat,WheatAEZ04,WheatAEZ04,1975,CO_AWB,0
South Africa,Wheat,WheatAEZ05,WheatAEZ05,1975,CO_AWB,2.02660783001099e-06
South Africa,Wheat,WheatAEZ06,WheatAEZ06,1975,CO_AWB,0
South Africa,Wheat,WheatAEZ07,WheatAEZ07,1975,CO_AWB,0.000664924900778114
South Africa,Wheat,WheatAEZ08,WheatAEZ08,1975,CO_AWB,0.000532602794223873
South Africa,Wheat,WheatAEZ09,WheatAEZ09,1975,CO_AWB,0.00111077862338053
South Africa,Wheat,WheatAEZ10,WheatAEZ10,1975,CO_AWB,0.000832681305061211
South Africa,Wheat,WheatAEZ11,WheatAEZ11,1975,CO_AWB,1.19583157429702e-05
South Africa,Corn,CornAEZ01,CornAEZ01,1975,N2O_AWB,8.26467355356855e-10
South Africa,Corn,CornAEZ02,CornAEZ02,1975,N2O_AWB,1.45351509248376e-08
South Africa,Corn,CornAEZ03,CornAEZ03,1975,N2O_AWB,7.60042669868586e-08
South Africa,Corn,CornAEZ04,CornAEZ04,1975,N2O_AWB,1.53082456329797e-08
South Africa,Corn,CornAEZ05,CornAEZ05,1975,N2O_AWB,7.72286031669077e-09
South Africa,Corn,CornAEZ06,CornAEZ06,1975,N2O_AWB,1.64581835775173e-08
South Africa,Corn,CornAEZ07,CornAEZ07,1975,N2O_AWB,1.12441449769831e-06
South Africa,Corn,CornAEZ08,CornAEZ08,1975,N2O_AWB,2.76551827161273e-06
South Africa,Corn,CornAEZ09,CornAEZ09,1975,N2O_AWB,2.92980574915176e-06
South Africa,Corn,CornAEZ10,CornAEZ10,1975,N2O_AWB,6.15612081387606e-06
South Africa,Corn,CornAEZ11,CornAEZ11,1975,N2O_AWB,1.30910164794401e-07
South Africa,FiberCrop,FiberCropAEZ01,FiberCropAEZ01,1975,N2O_AWB,1.5138171250289e-09
South Africa,FiberCrop,FiberCropAEZ02,FiberCropAEZ02,1975,N2O_AWB,1.51943773316637e-09
South Africa,FiberCrop,FiberCropAEZ03,FiberCropAEZ03,1975,N2O_AWB,7.10257514973332e-09
South Africa,FiberCrop,FiberCropAEZ04,FiberCropAEZ04,1975,N2O_AWB,5.1709594864848e-10
South Africa,FiberCrop,FiberCropAEZ05,FiberCropAEZ05,1975,N2O_AWB,3.85948425440533e-10
South Africa,FiberCrop,FiberCropAEZ06,FiberCropAEZ06,1975,N2O_AWB,2.05901611436478e-09
South Africa,FiberCrop,FiberCropAEZ07,FiberCropAEZ07,1975,N2O_AWB,3.99306737447286e-08
South Africa,FiberCrop,FiberCropAEZ08,FiberCropAEZ08,1975,N2O_AWB,5.3770484515259e-09
South Africa,FiberCrop,FiberCropAEZ09,FiberCropAEZ09,1975,N2O_AWB,3.75456623583897e-08
South Africa,FiberCrop,FiberCropAEZ10,FiberCropAEZ10,1975,N2O_AWB,3.54191989463752e-08
South Africa,FiberCrop,FiberCropAEZ11,FiberCropAEZ11,1975,N2O_AWB,6.27634575352325e-10
South Africa,FodderGrass,FodderGrassAEZ01,FodderGrassAEZ01,1975,N2O_AWB,0
South Africa,FodderGrass,FodderGrassAEZ02,FodderGrassAEZ02,1975,N2O_AWB,0
South Africa,FodderGrass,FodderGrassAEZ03,FodderGrassAEZ03,1975,N2O_AWB,0
South Africa,FodderGrass,FodderGrassAEZ04,FodderGrassAEZ04,1975,N2O_AWB,0
South Africa,FodderGrass,FodderGrassAEZ05,FodderGrassAEZ05,1975,N2O_AWB,0
South Africa,FodderGrass,FodderGrassAEZ06,FodderGrassAEZ06,1975,N2O_AWB,0
South Africa,FodderGrass,FodderGrassAEZ07,FodderGrassAEZ07,1975,N2O_AWB,0
South Africa,FodderGrass,FodderGrassAEZ08,FodderGrassAEZ08,1975,N2O_AWB,0
South Africa,FodderGrass,FodderGrassAEZ09,FodderGrassAEZ09,1975,N2O_AWB,0
South Africa,FodderGrass,FodderGrassAEZ10,FodderGrassAEZ10,1975,N2O_AWB,0
South Africa,FodderGrass,FodderGrassAEZ11,FodderGrassAEZ11,1975,N2O_AWB,0
South Africa,FodderHerb,FodderHerbAEZ01,FodderHerbAEZ01,1975,N2O_AWB,2.27386256284433e-08
South Africa,FodderHerb,FodderHerbAEZ02,FodderHerbAEZ02,1975,N2O_AWB,1.05521551160547e-09
South Africa,FodderHerb,FodderHerbAEZ03,FodderHerbAEZ03,1975,N2O_AWB,1.02875303491415e-07
South Africa,FodderHerb,FodderHerbAEZ04,FodderHerbAEZ04,1975,N2O_AWB,1.27358691401424e-07
South Africa,FodderHerb,FodderHerbAEZ05,FodderHerbAEZ05,1975,N2O_AWB,1.1096031399547e-07
South Africa,FodderHerb,FodderHerbAEZ06,FodderHerbAEZ06,1975,N2O_AWB,3.39273428600563e-07
South Africa,FodderHerb,FodderHerbAEZ07,FodderHerbAEZ07,1975,N2O_AWB,4.00749209688356e-06
South Africa,FodderHerb,FodderHerbAEZ08,FodderHerbAEZ08,1975,N2O_AWB,1.11893291670583e-06
South Africa,FodderHerb,FodderHerbAEZ09,FodderHerbAEZ09,1975,N2O_AWB,1.02623812948692e-06
South Africa,FodderHerb,FodderHerbAEZ10,FodderHerbAEZ10,1975,N2O_AWB,9.64696826530726e-07
South Africa,FodderHerb,FodderHerbAEZ11,FodderHerbAEZ11,1975,N2O_AWB,3.48642011014068e-07
South Africa,MiscCrop,MiscCropAEZ01,MiscCropAEZ01,1975,N2O_AWB,2.87965048935944e-08
South Africa,MiscCrop,MiscCropAEZ02,MiscCropAEZ02,1975,N2O_AWB,3.7933483554444e-08
South Africa,MiscCrop,MiscCropAEZ03,MiscCropAEZ03,1975,N2O_AWB,1.26565711179254e-07
South Africa,MiscCrop,MiscCropAEZ04,MiscCropAEZ04,1975,N2O_AWB,5.73827002203336e-08
South Africa,MiscCrop,MiscCropAEZ05,MiscCropAEZ05,1975,N2O_AWB,4.47323146779041e-08
South Africa,MiscCrop,MiscCropAEZ06,MiscCropAEZ06,1975,N2O_AWB,1.7062291447448e-07
South Africa,MiscCrop,MiscCropAEZ07,MiscCropAEZ07,1975,N2O_AWB,2.93911684486819e-06
South Africa,MiscCrop,MiscCropAEZ08,MiscCropAEZ08,1975,N2O_AWB,3.52181926425428e-07
South Africa,MiscCrop,MiscCropAEZ09,MiscCropAEZ09,1975,N2O_AWB,9.652201753499e-07
South Africa,MiscCrop,MiscCropAEZ10,MiscCropAEZ10,1975,N2O_AWB,1.15254767827745e-06
South Africa,MiscCrop,MiscCropAEZ11,MiscCropAEZ11,1975,N2O_AWB,1.80203487263739e-07
South Africa,OilCrop,OilCropAEZ01,OilCropAEZ01,1975,N2O_AWB,8.5653120279144e-09
South Africa,OilCrop,OilCropAEZ02,OilCropAEZ02,1975,N2O_AWB,2.36992759732279e-08
South Africa,OilCrop,OilCropAEZ03,OilCropAEZ03,1975,N2O_AWB,6.02946615740415e-08
South Africa,OilCrop,OilCropAEZ04,OilCropAEZ04,1975,N2O_AWB,2.00726098494521e-08
South Africa,OilCrop,OilCropAEZ05,OilCropAEZ05,1975,N2O_AWB,1.53197223871588e-08
South Africa,OilCrop,OilCropAEZ06,OilCropAEZ06,1975,N2O_AWB,4.25007534483775e-08
South Africa,OilCrop,OilCropAEZ07,OilCropAEZ07,1975,N2O_AWB,1.64541132068885e-07
South Africa,OilCrop,OilCropAEZ08,OilCropAEZ08,1975,N2O_AWB,1.61424085963575e-07
South Africa,OilCrop,OilCropAEZ09,OilCropAEZ09,1975,N2O_AWB,2.15971906527857e-07
South Africa,OilCrop,OilCropAEZ10,OilCropAEZ10,1975,N2O_AWB,2.2149214168971e-07
South Africa,OilCrop,OilCropAEZ11,OilCropAEZ11,1975,N2O_AWB,2.48225796398841e-08
South Africa,OtherGrain,OtherGrainAEZ01,OtherGrainAEZ01,1975,N2O_AWB,2.3943651628934e-09
South Africa,OtherGrain,OtherGrainAEZ02,OtherGrainAEZ02,1975,N2O_AWB,2.311212677272e-09
South Africa,OtherGrain,OtherGrainAEZ03,OtherGrainAEZ03,1975,N2O_AWB,6.4027413928485e-09
South Africa,OtherGrain,OtherGrainAEZ04,OtherGrainAEZ04,1975,N2O_AWB,1.5372549264881e-09
South Africa,OtherGrain,OtherGrainAEZ05,OtherGrainAEZ05,1975,N2O_AWB,9.99961942472843e-10
South Africa,OtherGrain,OtherGrainAEZ06,OtherGrainAEZ06,1975,N2O_AWB,3.89963836414249e-09
South Africa,OtherGrain,OtherGrainAEZ07,OtherGrainAEZ07,1975,N2O_AWB,2.93818241885742e-07
South Africa,OtherGrain,OtherGrainAEZ08,OtherGrainAEZ08,1975,N2O_AWB,4.86207508233489e-08
South Africa,OtherGrain,OtherGrainAEZ09,OtherGrainAEZ09,1975,N2O_AWB,2.72900061464416e-07
South Africa,OtherGrain,OtherGrainAEZ10,OtherGrainAEZ10,1975,N2O_AWB,3.07261227061203e-07
South Africa,OtherGrain,OtherGrainAEZ11,OtherGrainAEZ11,1975,N2O_AWB,3.75678665807496e-09
South Africa,PalmFruit,PalmFruitAEZ01,PalmFruitAEZ01,1975,N2O_AWB,0
South Africa,PalmFruit,PalmFruitAEZ02,PalmFruitAEZ02,1975,N2O_AWB,0
South Africa,PalmFruit,PalmFruitAEZ03,PalmFruitAEZ03,1975,N2O_AWB,0
South Africa,PalmFruit,PalmFruitAEZ04,PalmFruitAEZ04,1975,N2O_AWB,0
South Africa,PalmFruit,PalmFruitAEZ05,PalmFruitAEZ05,1975,N2O_AWB,0
South Africa,PalmFruit,PalmFruitAEZ06,PalmFruitAEZ06,1975,N2O_AWB,0
South Africa,PalmFruit,PalmFruitAEZ07,PalmFruitAEZ07,1975,N2O_AWB,0
South Africa,PalmFruit,PalmFruitAEZ08,PalmFruitAEZ08,1975,N2O_AWB,0
South Africa,PalmFruit,PalmFruitAEZ09,PalmFruitAEZ09,1975,N2O_AWB,0
South Africa,PalmFruit,PalmFruitAEZ10,PalmFruitAEZ10,1975,N2O_AWB,0
South Africa,PalmFruit,PalmFruitAEZ11,PalmFruitAEZ11,1975,N2O_AWB,0
South Africa,Rice,RiceAEZ01,RiceAEZ01,1975,N2O_AWB,0
South Africa,Rice,RiceAEZ02,RiceAEZ02,1975,N2O_AWB,0
South Africa,Rice,RiceAEZ03,RiceAEZ03,1975,N2O_AWB,0
South Africa,Rice,RiceAEZ04,RiceAEZ04,1975,N2O_AWB,0
South Africa,Rice,RiceAEZ05,RiceAEZ05,1975,N2O_AWB,0
South Africa,Rice,RiceAEZ06,RiceAEZ06,1975,N2O_AWB,0
South Africa,Rice,RiceAEZ07,RiceAEZ07,1975,N2O_AWB,0
South Africa,Rice,RiceAEZ08,RiceAEZ08,1975,N2O_AWB,0
South Africa,Rice,RiceAEZ09,RiceAEZ09,1975,N2O_AWB,0
South Africa,Rice,RiceAEZ10,RiceAEZ10,1975,N2O_AWB,0
South Africa,Rice,RiceAEZ11,RiceAEZ11,1975,N2O_AWB,0
South Africa,Root_Tuber,Root_TuberAEZ01,Root_TuberAEZ01,1975,N2O_AWB,8.35614919390495e-10
South Africa,Root_Tuber,Root_TuberAEZ02,Root_TuberAEZ02,1975,N2O_AWB,1.25109476092588e-09
South Africa,Root_Tuber,Root_TuberAEZ03,Root_TuberAEZ03,1975,N2O_AWB,1.34140634552853e-08
South Africa,Root_Tuber,Root_TuberAEZ04,Root_TuberAEZ04,1975,N2O_AWB,6.78384312691807e-09
South Africa,Root_Tuber,Root_TuberAEZ05,Root_TuberAEZ05,1975,N2O_AWB,4.85424767239241e-09
South Africa,Root_Tuber,Root_TuberAEZ06,Root_TuberAEZ06,1975,N2O_AWB,2.72703743609442e-08
South Africa,Root_Tuber,Root_TuberAEZ07,Root_TuberAEZ07,1975,N2O_AWB,2.73904794579935e-07
South Africa,Root_Tuber,Root_TuberAEZ08,Root_TuberAEZ08,1975,N2O_AWB,2.04335779208896e-07
South Africa,Root_Tuber,Root_TuberAEZ09,Root_TuberAEZ09,1975,N2O_AWB,2.50445894955762e-07
South Africa,Root_Tuber,Root_TuberAEZ10,Root_TuberAEZ10,1975,N2O_AWB,3.17409141796836e-07
South Africa,Root_Tuber,Root_TuberAEZ11,Root_TuberAEZ11,1975,N2O_AWB,5.39425508548043e-09
South Africa,SugarCrop,SugarCropAEZ01,SugarCropAEZ01,1975,N2O_AWB,0
South Africa,SugarCrop,SugarCropAEZ02,SugarCropAEZ02,1975,N2O_AWB,7.6824128987097e-07
South Africa,SugarCrop,SugarCropAEZ03,SugarCropAEZ03,1975,N2O_AWB,1.49510679967232e-06
South Africa,SugarCrop,SugarCropAEZ04,SugarCropAEZ04,1975,N2O_AWB,3.03681478960323e-07
South Africa,SugarCrop,SugarCropAEZ05,SugarCropAEZ05,1975,N2O_AWB,2.43520720233696e-06
South Africa,SugarCrop,SugarCropAEZ06,SugarCropAEZ06,1975,N2O_AWB,1.40059435688464e-05
South Africa,SugarCrop,SugarCropAEZ07,SugarCropAEZ07,1975,N2O_AWB,7.02963115121328e-09
South Africa,SugarCrop,SugarCropAEZ08,SugarCropAEZ08,1975,N2O_AWB,0
South Africa,SugarCrop,SugarCropAEZ09,SugarCropAEZ09,1975,N2O_AWB,0
South Africa,SugarCrop,SugarCropAEZ10,SugarCropAEZ10,1975,N2O_AWB,5.06201866671891e-06
South Africa,SugarCrop,SugarCropAEZ11,SugarCropAEZ11,1975,N2O_AWB,3.00989162027037e-06
South Africa,Wheat,WheatAEZ01,WheatAEZ01,1975,N2O_AWB,2.91805325869819e-08
South Africa,Wheat,WheatAEZ02,WheatAEZ02,1975,N2O_AWB,2.96586952818076e-07
South Africa,Wheat,WheatAEZ03,WheatAEZ03,1975,N2O_AWB,3.31457445229793e-07
South Africa,Wheat,WheatAEZ04,WheatAEZ04,1975,N2O_AWB,0
South Africa,Wheat,WheatAEZ05,WheatAEZ05,1975,N2O_AWB,1.44655399880643e-09
South Africa,Wheat,WheatAEZ06,WheatAEZ06,1975,N2O_AWB,0
South Africa,Wheat,WheatAEZ07,WheatAEZ07,1975,N2O_AWB,4.7461070656247e-07
South Africa,Wheat,WheatAEZ08,WheatAEZ08,1975,N2O_AWB,3.80161711778171e-07
South Africa,Wheat,WheatAEZ09,WheatAEZ09,1975,N2O_AWB,7.92852586299886e-07
South Africa,Wheat,WheatAEZ10,WheatAEZ10,1975,N2O_AWB,5.94352026934151e-07
South Africa,Wheat,WheatAEZ11,WheatAEZ11,1975,N2O_AWB,8.53561759745577e-09
South Africa,Corn,CornAEZ01,CornAEZ01,1975,NH3_AWB,1.52746441914138e-08
South Africa,Corn,CornAEZ02,CornAEZ02,1975,NH3_AWB,2.68636452736273e-07
South Africa,Corn,CornAEZ03,CornAEZ03,1975,NH3_AWB,1.40469932384953e-06
South Africa,Corn,CornAEZ04,CornAEZ04,1975,NH3_AWB,2.82924671764641e-07
South Africa,Corn,CornAEZ05,CornAEZ05,1975,NH3_AWB,1.42732731925638e-07
South Africa,Corn,CornAEZ06,CornAEZ06,1975,NH3_AWB,3.04177650277547e-07
South Africa,Corn,CornAEZ07,CornAEZ07,1975,NH3_AWB,2.07812580432691e-05
South Africa,Corn,CornAEZ08,CornAEZ08,1975,NH3_AWB,5.11118888482881e-05
South Africa,Corn,CornAEZ09,CornAEZ09,1975,NH3_AWB,5.41482250668312e-05
South Africa,Corn,CornAEZ10,CornAEZ10,1975,NH3_AWB,0.000113776490289458
South Africa,Corn,CornAEZ11,CornAEZ11,1975,NH3_AWB,2.41946179157969e-06
South Africa,FiberCrop,FiberCropAEZ01,FiberCropAEZ01,1975,NH3_AWB,2.79781382843624e-08
South Africa,FiberCrop,FiberCropAEZ02,FiberCropAEZ02,1975,NH3_AWB,2.80820175106656e-08
South Africa,FiberCrop,FiberCropAEZ03,FiberCropAEZ03,1975,NH3_AWB,1.31268715638636e-07
South Africa,FiberCrop,FiberCropAEZ04,FiberCropAEZ04,1975,NH3_AWB,9.5568888199059e-09
South Africa,FiberCrop,FiberCropAEZ05,FiberCropAEZ05,1975,NH3_AWB,7.13304020616167e-09
South Africa,FiberCrop,FiberCropAEZ06,FiberCropAEZ06,1975,NH3_AWB,3.80544232357847e-08
South Africa,FiberCrop,FiberCropAEZ07,FiberCropAEZ07,1975,NH3_AWB,7.37992650067591e-07
South Africa,FiberCrop,FiberCropAEZ08,FiberCropAEZ08,1975,NH3_AWB,9.93777931635149e-08
South Africa,FiberCrop,FiberCropAEZ09,FiberCropAEZ09,1975,NH3_AWB,6.93913231706213e-07
South Africa,FiberCrop,FiberCropAEZ10,FiberCropAEZ10,1975,NH3_AWB,6.54612257754789e-07
South Africa,FiberCrop,FiberCropAEZ11,FiberCropAEZ11,1975,NH3_AWB,1.15998469372047e-08
South Africa,FodderGrass,FodderGrassAEZ01,FodderGrassAEZ01,1975,NH3_AWB,0
South Africa,FodderGrass,FodderGrassAEZ02,FodderGrassAEZ02,1975,NH3_AWB,0
South Africa,FodderGrass,FodderGrassAEZ03,FodderGrassAEZ03,1975,NH3_AWB,0
South Africa,FodderGrass,FodderGrassAEZ04,FodderGrassAEZ04,1975,NH3_AWB,0
South Africa,FodderGrass,FodderGrassAEZ05,FodderGrassAEZ05,1975,NH3_AWB,0
South Africa,FodderGrass,FodderGrassAEZ06,FodderGrassAEZ06,1975,NH3_AWB,0
South Africa,FodderGrass,FodderGrassAEZ07,FodderGrassAEZ07,1975,NH3_AWB,0
South Africa,FodderGrass,FodderGrassAEZ08,FodderGrassAEZ08,1975,NH3_AWB,0
South Africa,FodderGrass,FodderGrassAEZ09,FodderGrassAEZ09,1975,NH3_AWB,0
South Africa,FodderGrass,FodderGrassAEZ10,FodderGrassAEZ10,1975,NH3_AWB,0
South Africa,FodderGrass,FodderGrassAEZ11,FodderGrassAEZ11,1975,NH3_AWB,0
South Africa,FodderHerb,FodderHerbAEZ01,FodderHerbAEZ01,1975,NH3_AWB,4.20251826796312e-07
South Africa,FodderHerb,FodderHerbAEZ02,FodderHerbAEZ02,1975,NH3_AWB,1.95023328877579e-08
South Africa,FodderHerb,FodderHerbAEZ03,FodderHerbAEZ03,1975,NH3_AWB,1.90132574109546e-06
South Africa,FodderHerb,FodderHerbAEZ04,FodderHerbAEZ04,1975,NH3_AWB,2.35382399949826e-06
South Africa,FodderHerb,FodderHerbAEZ05,FodderHerbAEZ05,1975,NH3_AWB,2.05075167780406e-06
South Africa,FodderHerb,FodderHerbAEZ06,FodderHerbAEZ06,1975,NH3_AWB,6.27040000053845e-06
South Africa,FodderHerb,FodderHerbAEZ07,FodderHerbAEZ07,1975,NH3_AWB,7.40658605364618e-05
South Africa,FodderHerb,FodderHerbAEZ08,FodderHerbAEZ08,1975,NH3_AWB,2.06799482955532e-05
South Africa,FodderHerb,FodderHerbAEZ09,FodderHerbAEZ09,1975,NH3_AWB,1.89667773106493e-05
South Africa,FodderHerb,FodderHerbAEZ10,FodderHerbAEZ10,1975,NH3_AWB,1.7829380292317e-05
South Africa,FodderHerb,FodderHerbAEZ11,FodderHerbAEZ11,1975,NH3_AWB,6.44354871841182e-06
South Africa,MiscCrop,MiscCropAEZ01,MiscCropAEZ01,1975,NH3_AWB,5.32212631696794e-07
South Africa,MiscCrop,MiscCropAEZ02,MiscCropAEZ02,1975,NH3_AWB,7.01080884174542e-07
South Africa,MiscCrop,MiscCropAEZ03,MiscCropAEZ03,1975,NH3_AWB,2.33916825941856e-06
South Africa,MiscCrop,MiscCropAEZ04,MiscCropAEZ04,1975,NH3_AWB,1.06053835390716e-06
South Africa,MiscCrop,MiscCropAEZ05,MiscCropAEZ05,1975,NH3_AWB,8.26735848832552e-07
South Africa,MiscCrop,MiscCropAEZ06,MiscCropAEZ06,1975,NH3_AWB,3.1534268021686e-06
South Africa,MiscCrop,MiscCropAEZ07,MiscCropAEZ07,1975,NH3_AWB,5.43203113242966e-05
South Africa,MiscCrop,MiscCropAEZ08,MiscCropAEZ08,1975,NH3_AWB,6.50897289763167e-06
South Africa,MiscCrop,MiscCropAEZ09,MiscCropAEZ09,1975,NH3_AWB,1.78390527457407e-05
South Africa,MiscCrop,MiscCropAEZ10,MiscCropAEZ10,1975,NH3_AWB,2.13012112156888e-05
South Africa,MiscCrop,MiscCropAEZ11,MiscCropAEZ11,1975,NH3_AWB,3.33049349398329e-06
South Africa,OilCrop,OilCropAEZ01,OilCropAEZ01,1975,NH3_AWB,1.58302796555514e-07
South Africa,OilCrop,OilCropAEZ02,OilCropAEZ02,1975,NH3_AWB,4.38006420627314e-07
South Africa,OilCrop,OilCropAEZ03,OilCropAEZ03,1975,NH3_AWB,1.11435678156644e-06
South Africa,OilCrop,OilCropAEZ04,OilCropAEZ04,1975,NH3_AWB,3.70978927910666e-07
South Africa,OilCrop,OilCropAEZ05,OilCropAEZ05,1975,NH3_AWB,2.83136783393034e-07
South Africa,OilCrop,OilCropAEZ06,OilCropAEZ06,1975,NH3_AWB,7.85492472973313e-07
South Africa,OilCrop,OilCropAEZ07,OilCropAEZ07,1975,NH3_AWB,3.0410242230553e-06
South Africa,OilCrop,OilCropAEZ08,OilCropAEZ08,1975,NH3_AWB,2.98341545015188e-06
South Africa,OilCrop,OilCropAEZ09,OilCropAEZ09,1975,NH3_AWB,3.99155998863366e-06
South Africa,OilCrop,OilCropAEZ10,OilCropAEZ10,1975,NH3_AWB,4.09358413683952e-06
South Africa,OilCrop,OilCropAEZ11,OilCropAEZ11,1975,NH3_AWB,4.58767148459903e-07
South Africa,OtherGrain,OtherGrainAEZ01,OtherGrainAEZ01,1975,NH3_AWB,4.42522934396139e-08
South Africa,OtherGrain,OtherGrainAEZ02,OtherGrainAEZ02,1975,NH3_AWB,4.27154818241689e-08
South Africa,OtherGrain,OtherGrainAEZ03,OtherGrainAEZ03,1975,NH3_AWB,1.18334494389279e-07
South Africa,OtherGrain,OtherGrainAEZ04,OtherGrainAEZ04,1975,NH3_AWB,2.84113121727173e-08
South Africa,OtherGrain,OtherGrainAEZ05,OtherGrainAEZ05,1975,NH3_AWB,1.84811448113793e-08
South Africa,OtherGrain,OtherGrainAEZ06,OtherGrainAEZ06,1975,NH3_AWB,7.20725242217755e-08
South Africa,OtherGrain,OtherGrainAEZ07,OtherGrainAEZ07,1975,NH3_AWB,5.43030414046256e-06
South Africa,OtherGrain,OtherGrainAEZ08,OtherGrainAEZ08,1975,NH3_AWB,8.98601335349023e-07
South Africa,OtherGrain,OtherGrainAEZ09,OtherGrainAEZ09,1975,NH3_AWB,5.04369750561297e-06
South Africa,OtherGrain,OtherGrainAEZ10,OtherGrainAEZ10,1975,NH3_AWB,5.6787553516262e-06
South Africa,OtherGrain,OtherGrainAEZ11,OtherGrainAEZ11,1975,NH3_AWB,6.9432360677293e-08
South Africa,PalmFruit,PalmFruitAEZ01,PalmFruitAEZ01,1975,NH3_AWB,0
South Africa,PalmFruit,PalmFruitAEZ02,PalmFruitAEZ02,1975,NH3_AWB,0
South Africa,PalmFruit,PalmFruitAEZ03,PalmFruitAEZ03,1975,NH3_AWB,0
South Africa,PalmFruit,PalmFruitAEZ04,PalmFruitAEZ04,1975,NH3_AWB,0
South Africa,PalmFruit,PalmFruitAEZ05,PalmFruitAEZ05,1975,NH3_AWB,0
South Africa,PalmFruit,PalmFruitAEZ06,PalmFruitAEZ06,1975,NH3_AWB,0
South Africa,PalmFruit,PalmFruitAEZ07,PalmFruitAEZ07,1975,NH3_AWB,0
South Africa,PalmFruit,PalmFruitAEZ08,PalmFruitAEZ08,1975,NH3_AWB,0
South Africa,PalmFruit,PalmFruitAEZ09,PalmFruitAEZ09,1975,NH3_AWB,0
South Africa,PalmFruit,PalmFruitAEZ10,PalmFruitAEZ10,1975,NH3_AWB,0
South Africa,PalmFruit,PalmFruitAEZ11,PalmFruitAEZ11,1975,NH3_AWB,0
South Africa,Rice,RiceAEZ01,RiceAEZ01,1975,NH3_AWB,0
South Africa,Rice,RiceAEZ02,RiceAEZ02,1975,NH3_AWB,0
South Africa,Rice,RiceAEZ03,RiceAEZ03,1975,NH3_AWB,0
South Africa,Rice,RiceAEZ04,RiceAEZ04,1975,NH3_AWB,0
South Africa,Rice,RiceAEZ05,RiceAEZ05,1975,NH3_AWB,0
South Africa,Rice,RiceAEZ06,RiceAEZ06,1975,NH3_AWB,0
South Africa,Rice,RiceAEZ07,RiceAEZ07,1975,NH3_AWB,0
South Africa,Rice,RiceAEZ08,RiceAEZ08,1975,NH3_AWB,0
South Africa,Rice,RiceAEZ09,RiceAEZ09,1975,NH3_AWB,0
South Africa,Rice,RiceAEZ10,RiceAEZ10,1975,NH3_AWB,0
South Africa,Rice,RiceAEZ11,RiceAEZ11,1975,NH3_AWB,0
South Africa,Root_Tuber,Root_TuberAEZ01,Root_TuberAEZ01,1975,NH3_AWB,1.54437080811445e-08
South Africa,Root_Tuber,Root_TuberAEZ02,Root_TuberAEZ02,1975,NH3_AWB,2.3122543436254e-08
South Africa,Root_Tuber,Root_TuberAEZ03,Root_TuberAEZ03,1975,NH3_AWB,2.47916684322105e-07
South Africa,Root_Tuber,Root_TuberAEZ04,Root_TuberAEZ04,1975,NH3_AWB,1.25377958781324e-07
South Africa,Root_Tuber,Root_TuberAEZ05,Root_TuberAEZ05,1975,NH3_AWB,8.97154685326651e-08
South Africa,Root_Tuber,Root_TuberAEZ06,Root_TuberAEZ06,1975,NH3_AWB,5.04006918882138e-07
South Africa,Root_Tuber,Root_TuberAEZ07,Root_TuberAEZ07,1975,NH3_AWB,5.06226683052025e-06
South Africa,Root_Tuber,Root_TuberAEZ08,Root_TuberAEZ08,1975,NH3_AWB,3.7765028500654e-06
South Africa,Root_Tuber,Root_TuberAEZ09,Root_TuberAEZ09,1975,NH3_AWB,4.62870300908339e-06
South Africa,Root_Tuber,Root_TuberAEZ10,Root_TuberAEZ10,1975,NH3_AWB,5.86630757116264e-06
South Africa,Root_Tuber,Root_TuberAEZ11,Root_TuberAEZ11,1975,NH3_AWB,9.96958035600343e-08
South Africa,SugarCrop,SugarCropAEZ01,SugarCropAEZ01,1975,NH3_AWB,0
South Africa,SugarCrop,SugarCropAEZ02,SugarCropAEZ02,1975,NH3_AWB,1.41985188887044e-05
South Africa,SugarCrop,SugarCropAEZ03,SugarCropAEZ03,1975,NH3_AWB,2.76323368916337e-05
South Africa,SugarCrop,SugarCropAEZ04,SugarCropAEZ04,1975,NH3_AWB,5.61259499068584e-06
South Africa,SugarCrop,SugarCropAEZ05,SugarCropAEZ05,1975,NH3_AWB,4.50071298121682e-05
South Africa,SugarCrop,SugarCropAEZ06,SugarCropAEZ06,1975,NH3_AWB,0.000258855722724554
South Africa,SugarCrop,SugarCropAEZ07,SugarCropAEZ07,1975,NH3_AWB,1.29920575731995e-07
South Africa,SugarCrop,SugarCropAEZ08,SugarCropAEZ08,1975,NH3_AWB,0
South Africa,SugarCrop,SugarCropAEZ09,SugarCropAEZ09,1975,NH3_AWB,0
South Africa,SugarCrop,SugarCropAEZ10,SugarCropAEZ10,1975,NH3_AWB,9.35554605070161e-05
South Africa,SugarCrop,SugarCropAEZ11,SugarCropAEZ11,1975,NH3_AWB,5.56283599785942e-05
South Africa,Wheat,WheatAEZ01,WheatAEZ01,1975,NH3_AWB,5.39310173224748e-07
South Africa,Wheat,WheatAEZ02,WheatAEZ02,1975,NH3_AWB,5.48147503558161e-06
South Africa,Wheat,WheatAEZ03,WheatAEZ03,1975,NH3_AWB,6.12594618246482e-06
South Africa,Wheat,WheatAEZ04,WheatAEZ04,1975,NH3_AWB,0
South Africa,Wheat,WheatAEZ05,WheatAEZ05,1975,NH3_AWB,2.67349913970826e-08
South Africa,Wheat,WheatAEZ06,WheatAEZ06,1975,NH3_AWB,0
South Africa,Wheat,WheatAEZ07,WheatAEZ07,1975,NH3_AWB,8.771683025577e-06
South Africa,Wheat,WheatAEZ08,WheatAEZ08,1975,NH3_AWB,7.02609104276488e-06
South Africa,Wheat,WheatAEZ09,WheatAEZ09,1975,NH3_AWB,1.46533811329352e-05
South Africa,Wheat,WheatAEZ10,WheatAEZ10,1975,NH3_AWB,1.09847239301361e-05
South Africa,Wheat,WheatAEZ11,WheatAEZ11,1975,NH3_AWB,1.57753988599843e-07
South Africa,Corn,CornAEZ01,CornAEZ01,1975,NMVOC_AWB,8.26467355356855e-08
South Africa,Corn,CornAEZ02,CornAEZ02,1975,NMVOC_AWB,1.45351509248376e-06
South Africa,Corn,CornAEZ03,CornAEZ03,1975,NMVOC_AWB,7.60042669868586e-06
South Africa,Corn,CornAEZ04,CornAEZ04,1975,NMVOC_AWB,1.53082456329797e-06
South Africa,Corn,CornAEZ05,CornAEZ05,1975,NMVOC_AWB,7.72286031669077e-07
South Africa,Corn,CornAEZ06,CornAEZ06,1975,NMVOC_AWB,1.64581835775172e-06
South Africa,Corn,CornAEZ07,CornAEZ07,1975,NMVOC_AWB,0.000112441449769831
South Africa,Corn,CornAEZ08,CornAEZ08,1975,NMVOC_AWB,0.000276551827161273
South Africa,Corn,CornAEZ09,CornAEZ09,1975,NMVOC_AWB,0.000292980574915176
South Africa,Corn,CornAEZ10,CornAEZ10,1975,NMVOC_AWB,0.000615612081387606
South Africa,Corn,CornAEZ11,CornAEZ11,1975,NMVOC_AWB,1.30910164794401e-05
South Africa,FiberCrop,FiberCropAEZ01,FiberCropAEZ01,1975,NMVOC_AWB,1.5138171250289e-07
South Africa,FiberCrop,FiberCropAEZ02,FiberCropAEZ02,1975,NMVOC_AWB,1.51943773316637e-07
South Africa,FiberCrop,FiberCropAEZ03,FiberCropAEZ03,1975,NMVOC_AWB,7.10257514973332e-07
South Africa,FiberCrop,FiberCropAEZ04,FiberCropAEZ04,1975,NMVOC_AWB,5.1709594864848e-08
South Africa,FiberCrop,FiberCropAEZ05,FiberCropAEZ05,1975,NMVOC_AWB,3.85948425440533e-08
South Africa,FiberCrop,FiberCropAEZ06,FiberCropAEZ06,1975,NMVOC_AWB,2.05901611436478e-07
South Africa,FiberCrop,FiberCropAEZ07,FiberCropAEZ07,1975,NMVOC_AWB,3.99306737447286e-06
South Africa,FiberCrop,FiberCropAEZ08,FiberCropAEZ08,1975,NMVOC_AWB,5.3770484515259e-07
South Africa,FiberCrop,FiberCropAEZ09,FiberCropAEZ09,1975,NMVOC_AWB,3.75456623583897e-06
South Africa,FiberCrop,FiberCropAEZ10,FiberCropAEZ10,1975,NMVOC_AWB,3.54191989463752e-06
South Africa,FiberCrop,FiberCropAEZ11,FiberCropAEZ11,1975,NMVOC_AWB,6.27634575352325e-08
South Africa,FodderGrass,FodderGrassAEZ01,FodderGrassAEZ01,1975,NMVOC_AWB,0
South Africa,FodderGrass,FodderGrassAEZ02,FodderGrassAEZ02,1975,NMVOC_AWB,0
South Africa,FodderGrass,FodderGrassAEZ03,FodderGrassAEZ03,1975,NMVOC_AWB,0
South Africa,FodderGrass,FodderGrassAEZ04,FodderGrassAEZ04,1975,NMVOC_AWB,0
South Africa,FodderGrass,FodderGrassAEZ05,FodderGrassAEZ05,1975,NMVOC_AWB,0
South Africa,FodderGrass,FodderGrassAEZ06,FodderGrassAEZ06,1975,NMVOC_AWB,0
South Africa,FodderGrass,FodderGrassAEZ07,FodderGrassAEZ07,1975,NMVOC_AWB,0
South Africa,FodderGrass,FodderGrassAEZ08,FodderGrassAEZ08,1975,NMVOC_AWB,0
South Africa,FodderGrass,FodderGrassAEZ09,FodderGrassAEZ09,1975,NMVOC_AWB,0
South Africa,FodderGrass,FodderGrassAEZ10,FodderGrassAEZ10,1975,NMVOC_AWB,0
South Africa,FodderGrass,FodderGrassAEZ11,FodderGrassAEZ11,1975,NMVOC_AWB,0
South Africa,FodderHerb,FodderHerbAEZ01,FodderHerbAEZ01,1975,NMVOC_AWB,2.27386256284433e-06
South Africa,FodderHerb,FodderHerbAEZ02,FodderHerbAEZ02,1975,NMVOC_AWB,1.05521551160547e-07
South Africa,FodderHerb,FodderHerbAEZ03,FodderHerbAEZ03,1975,NMVOC_AWB,1.02875303491415e-05
South Africa,FodderHerb,FodderHerbAEZ04,FodderHerbAEZ04,1975,NMVOC_AWB,1.27358691401424e-05
South Africa,FodderHerb,FodderHerbAEZ05,FodderHerbAEZ05,1975,NMVOC_AWB,1.1096031399547e-05
South Africa,FodderHerb,FodderHerbAEZ06,FodderHerbAEZ06,1975,NMVOC_AWB,3.39273428600563e-05
South Africa,FodderHerb,FodderHerbAEZ07,FodderHerbAEZ07,1975,NMVOC_AWB,0.000400749209688356
South Africa,FodderHerb,FodderHerbAEZ08,FodderHerbAEZ08,1975,NMVOC_AWB,0.000111893291670583
South Africa,FodderHerb,FodderHerbAEZ09,FodderHerbAEZ09,1975,NMVOC_AWB,0.000102623812948692
South Africa,FodderHerb,FodderHerbAEZ10,FodderHerbAEZ10,1975,NMVOC_AWB,9.64696826530726e-05
South Africa,FodderHerb,FodderHerbAEZ11,FodderHerbAEZ11,1975,NMVOC_AWB,3.48642011014068e-05
South Africa,MiscCrop,MiscCropAEZ01,MiscCropAEZ01,1975,NMVOC_AWB,2.87965048935944e-06
South Africa,MiscCrop,MiscCropAEZ02,MiscCropAEZ02,1975,NMVOC_AWB,3.7933483554444e-06
South Africa,MiscCrop,MiscCropAEZ03,MiscCropAEZ03,1975,NMVOC_AWB,1.26565711179254e-05
South Africa,MiscCrop,MiscCropAEZ04,MiscCropAEZ04,1975,NMVOC_AWB,5.73827002203336e-06
South Africa,MiscCrop,MiscCropAEZ05,MiscCropAEZ05,1975,NMVOC_AWB,4.47323146779041e-06
South Africa,MiscCrop,MiscCropAEZ06,MiscCropAEZ06,1975,NMVOC_AWB,1.7062291447448e-05
South Africa,MiscCrop,MiscCropAEZ07,MiscCropAEZ07,1975,NMVOC_AWB,0.000293911684486819
South Africa,MiscCrop,MiscCropAEZ08,MiscCropAEZ08,1975,NMVOC_AWB,3.52181926425428e-05
South Africa,MiscCrop,MiscCropAEZ09,MiscCropAEZ09,1975,NMVOC_AWB,9.652201753499e-05
South Africa,MiscCrop,MiscCropAEZ10,MiscCropAEZ10,1975,NMVOC_AWB,0.000115254767827745
South Africa,MiscCrop,MiscCropAEZ11,MiscCropAEZ11,1975,NMVOC_AWB,1.80203487263739e-05
South Africa,OilCrop,OilCropAEZ01,OilCropAEZ01,1975,NMVOC_AWB,8.5653120279144e-07
South Africa,OilCrop,OilCropAEZ02,OilCropAEZ02,1975,NMVOC_AWB,2.36992759732279e-06
South Africa,OilCrop,OilCropAEZ03,OilCropAEZ03,1975,NMVOC_AWB,6.02946615740415e-06
South Africa,OilCrop,OilCropAEZ04,OilCropAEZ04,1975,NMVOC_AWB,2.00726098494521e-06
South Africa,OilCrop,OilCropAEZ05,OilCropAEZ05,1975,NMVOC_AWB,1.53197223871588e-06
South Africa,OilCrop,OilCropAEZ06,OilCropAEZ06,1975,NMVOC_AWB,4.25007534483775e-06
South Africa,OilCrop,OilCropAEZ07,OilCropAEZ07,1975,NMVOC_AWB,1.64541132068885e-05
South Africa,OilCrop,OilCropAEZ08,OilCropAEZ08,1975,NMVOC_AWB,1.61424085963575e-05
South Africa,OilCrop,OilCropAEZ09,OilCropAEZ09,1975,NMVOC_AWB,2.15971906527857e-05
South Africa,OilCrop,OilCropAEZ10,OilCropAEZ10,1975,NMVOC_AWB,2.2149214168971e-05
South Africa,OilCrop,OilCropAEZ11,OilCropAEZ11,1975,NMVOC_AWB,2.48225796398841e-06
South Africa,OtherGrain,OtherGrainAEZ01,OtherGrainAEZ01,1975,NMVOC_AWB,2.3943651628934e-07
South Africa,OtherGrain,OtherGrainAEZ02,OtherGrainAEZ02,1975,NMVOC_AWB,2.311212677272e-07
South Africa,OtherGrain,OtherGrainAEZ03,OtherGrainAEZ03,1975,NMVOC_AWB,6.4027413928485e-07
South Africa,OtherGrain,OtherGrainAEZ04,OtherGrainAEZ04,1975,NMVOC_AWB,1.5372549264881e-07
South Africa,OtherGrain,OtherGrainAEZ05,OtherGrainAEZ05,1975,NMVOC_AWB,9.99961942472843e-08
South Africa,OtherGrain,OtherGrainAEZ06,OtherGrainAEZ06,1975,NMVOC_AWB,3.89963836414249e-07
South Africa,OtherGrain,OtherGrainAEZ07,OtherGrainAEZ07,1975,NMVOC_AWB,2.93818241885742e-05
South Africa,OtherGrain,OtherGrainAEZ08,OtherGrainAEZ08,1975,NMVOC_AWB,4.86207508233489e-06
South Africa,OtherGrain,OtherGrainAEZ09,OtherGrainAEZ09,1975,NMVOC_AWB,2.72900061464416e-05
South Africa,OtherGrain,OtherGrainAEZ10,OtherGrainAEZ10,1975,NMVOC_AWB,3.07261227061203e-05
South Africa,OtherGrain,OtherGrainAEZ11,OtherGrainAEZ11,1975,NMVOC_AWB,3.75678665807496e-07
South Africa,PalmFruit,PalmFruitAEZ01,PalmFruitAEZ01,1975,NMVOC_AWB,0
South Africa,PalmFruit,PalmFruitAEZ02,PalmFruitAEZ02,1975,NMVOC_AWB,0
South Africa,PalmFruit,PalmFruitAEZ03,PalmFruitAEZ03,1975,NMVOC_AWB,0
South Africa,PalmFruit,PalmFruitAEZ04,PalmFruitAEZ04,1975,NMVOC_AWB,0
South Africa,PalmFruit,PalmFruitAEZ05,PalmFruitAEZ05,1975,NMVOC_AWB,0
South Africa,PalmFruit,PalmFruitAEZ06,PalmFruitAEZ06,1975,NMVOC_AWB,0
South Africa,PalmFruit,PalmFruitAEZ07,PalmFruitAEZ07,1975,NMVOC_AWB,0
South Africa,PalmFruit,PalmFruitAEZ08,PalmFruitAEZ08,1975,NMVOC_AWB,0
South Africa,PalmFruit,PalmFruitAEZ09,PalmFruitAEZ09,1975,NMVOC_AWB,0
South Africa,PalmFruit,PalmFruitAEZ10,PalmFruitAEZ10,1975,NMVOC_AWB,0
South Africa,PalmFruit,PalmFruitAEZ11,PalmFruitAEZ11,1975,NMVOC_AWB,0
South Africa,Rice,RiceAEZ01,RiceAEZ01,1975,NMVOC_AWB,0
South Africa,Rice,RiceAEZ02,RiceAEZ02,1975,NMVOC_AWB,0
South Africa,Rice,RiceAEZ03,RiceAEZ03,1975,NMVOC_AWB,0
South Africa,Rice,RiceAEZ04,RiceAEZ04,1975,NMVOC_AWB,0
South Africa,Rice,RiceAEZ05,RiceAEZ05,1975,NMVOC_AWB,0
South Africa,Rice,RiceAEZ06,RiceAEZ06,1975,NMVOC_AWB,0
South Africa,Rice,RiceAEZ07,RiceAEZ07,1975,NMVOC_AWB,0
South Africa,Rice,RiceAEZ08,RiceAEZ08,1975,NMVOC_AWB,0
South Africa,Rice,RiceAEZ09,RiceAEZ09,1975,NMVOC_AWB,0
South Africa,Rice,RiceAEZ10,RiceAEZ10,1975,NMVOC_AWB,0
South Africa,Rice,RiceAEZ11,RiceAEZ11,1975,NMVOC_AWB,0
South Africa,Root_Tuber,Root_TuberAEZ01,Root_TuberAEZ01,1975,NMVOC_AWB,8.35614919390495e-08
South Africa,Root_Tuber,Root_TuberAEZ02,Root_TuberAEZ02,1975,NMVOC_AWB,1.25109476092588e-07
South Africa,Root_Tuber,Root_TuberAEZ03,Root_TuberAEZ03,1975,NMVOC_AWB,1.34140634552853e-06
South Africa,Root_Tuber,Root_TuberAEZ04,Root_TuberAEZ04,1975,NMVOC_AWB,6.78384312691807e-07
South Africa,Root_Tuber,Root_TuberAEZ05,Root_TuberAEZ05,1975,NMVOC_AWB,4.85424767239241e-07
South Africa,Root_Tuber,Root_TuberAEZ06,Root_TuberAEZ06,1975,NMVOC_AWB,2.72703743609442e-06
South Africa,Root_Tuber,Root_TuberAEZ07,Root_TuberAEZ07,1975,NMVOC_AWB,2.73904794579935e-05
South Africa,Root_Tuber,Root_TuberAEZ08,Root_TuberAEZ08,1975,NMVOC_AWB,2.04335779208896e-05
South Africa,Root_Tuber,Root_TuberAEZ09,Root_TuberAEZ09,1975,NMVOC_AWB,2.50445894955762e-05
South Africa,Root_Tuber,Root_TuberAEZ10,Root_TuberAEZ10,1975,NMVOC_AWB,3.17409141796836e-05
South Africa,Root_Tuber,Root_TuberAEZ11,Root_TuberAEZ11,1975,NMVOC_AWB,5.39425508548043e-07
South Africa,SugarCrop,SugarCropAEZ01,SugarCropAEZ01,1975,NMVOC_AWB,0
South Africa,SugarCrop,SugarCropAEZ02,SugarCropAEZ02,1975,NMVOC_AWB,7.6824128987097e-05
South Africa,SugarCrop,SugarCropAEZ03,SugarCropAEZ03,1975,NMVOC_AWB,0.000149510679967232
South Africa,SugarCrop,SugarCropAEZ04,SugarCropAEZ04,1975,NMVOC_AWB,3.03681478960323e-05
South Africa,SugarCrop,SugarCropAEZ05,SugarCropAEZ05,1975,NMVOC_AWB,0.000243520720233696
South Africa,SugarCrop,SugarCropAEZ06,SugarCropAEZ06,1975,NMVOC_AWB,0.00140059435688464
South Africa,SugarCrop,SugarCropAEZ07,SugarCropAEZ07,1975,NMVOC_AWB,7.02963115121328e-07
South Africa,SugarCrop,SugarCropAEZ08,SugarCropAEZ08,1975,NMVOC_AWB,0
South Africa,SugarCrop,SugarCropAEZ09,SugarCropAEZ09,1975,NMVOC_AWB,0
South Africa,SugarCrop,SugarCropAEZ10,SugarCropAEZ10,1975,NMVOC_AWB,0.000506201866671891
South Africa,SugarCrop,SugarCropAEZ11,SugarCropAEZ11,1975,NMVOC_AWB,0.000300989162027036
South Africa,Wheat,WheatAEZ01,WheatAEZ01,1975,NMVOC_AWB,2.91805325869819e-06
South Africa,Wheat,WheatAEZ02,WheatAEZ02,1975,NMVOC_AWB,2.96586952818076e-05
South Africa,Wheat,WheatAEZ03,WheatAEZ03,1975,NMVOC_AWB,3.31457445229793e-05
South Africa,Wheat,WheatAEZ04,WheatAEZ04,1975,NMVOC_AWB,0
South Africa,Wheat,WheatAEZ05,WheatAEZ05,1975,NMVOC_AWB,1.44655399880643e-07
South Africa,Wheat,WheatAEZ06,WheatAEZ06,1975,NMVOC_AWB,0
South Africa,Wheat,WheatAEZ07,WheatAEZ07,1975,NMVOC_AWB,4.7461070656247e-05
South Africa,Wheat,WheatAEZ08,WheatAEZ08,1975,NMVOC_AWB,3.80161711778171e-05
South Africa,Wheat,WheatAEZ09,WheatAEZ09,1975,NMVOC_AWB,7.92852586299886e-05
South Africa,Wheat,WheatAEZ10,WheatAEZ10,1975,NMVOC_AWB,5.9435202693415e-05
South Africa,Wheat,WheatAEZ11,WheatAEZ11,1975,NMVOC_AWB,8.53561759745577e-07
South Africa,Corn,CornAEZ01,CornAEZ01,1975,NOx_AWB,4.48692673122781e-08
South Africa,Corn,CornAEZ02,CornAEZ02,1975,NOx_AWB,7.89119579912801e-07
South Africa,Corn,CornAEZ03,CornAEZ03,1975,NOx_AWB,4.126304263808e-06
South Africa,Corn,CornAEZ04,CornAEZ04,1975,NOx_AWB,8.31091223308632e-07
South Africa,Corn,CornAEZ05,CornAEZ05,1975,NOx_AWB,4.19277400031562e-07
South Africa,Corn,CornAEZ06,CornAEZ06,1975,NOx_AWB,8.93521847690293e-07
South Africa,Corn,CornAEZ07,CornAEZ07,1975,NOx_AWB,6.10449455021031e-05
South Africa,Corn,CornAEZ08,CornAEZ08,1975,NOx_AWB,0.000150141173491846
South Africa,Corn,CornAEZ09,CornAEZ09,1975,NOx_AWB,0.000159060411133817
South Africa,Corn,CornAEZ10,CornAEZ10,1975,NOx_AWB,0.000334218440225284
South Africa,Corn,CornAEZ11,CornAEZ11,1975,NOx_AWB,7.10716901276535e-06
South Africa,FiberCrop,FiberCropAEZ01,FiberCropAEZ01,1975,NOx_AWB,8.21857812103146e-08
South Africa,FiberCrop,FiberCropAEZ02,FiberCropAEZ02,1975,NOx_AWB,8.24909264375803e-08
South Africa,FiberCrop,FiberCropAEZ03,FiberCropAEZ03,1975,NOx_AWB,3.85601852188492e-07
South Africa,FiberCrop,FiberCropAEZ04,FiberCropAEZ04,1975,NOx_AWB,2.80733609084736e-08
South Africa,FiberCrop,FiberCropAEZ05,FiberCropAEZ05,1975,NOx_AWB,2.09533056055999e-08
South Africa,FiberCrop,FiberCropAEZ06,FiberCropAEZ06,1975,NOx_AWB,1.11784868255117e-07
South Africa,FiberCrop,FiberCropAEZ07,FiberCropAEZ07,1975,NOx_AWB,2.16785340957355e-06
South Africa,FiberCrop,FiberCropAEZ08,FiberCropAEZ08,1975,NOx_AWB,2.91922267417825e-07
South Africa,FiberCrop,FiberCropAEZ09,FiberCropAEZ09,1975,NOx_AWB,2.038370118137e-06
South Africa,FiberCrop,FiberCropAEZ10,FiberCropAEZ10,1975,NOx_AWB,1.92292350715469e-06
South Africa,FiberCrop,FiberCropAEZ11,FiberCropAEZ11,1975,NOx_AWB,3.40745503780388e-08
South Africa,FodderGrass,FodderGrassAEZ01,FodderGrassAEZ01,1975,NOx_AWB,0
South Africa,FodderGrass,FodderGrassAEZ02,FodderGrassAEZ02,1975,NOx_AWB,0
South Africa,FodderGrass,FodderGrassAEZ03,FodderGrassAEZ03,1975,NOx_AWB,0
South Africa,FodderGrass,FodderGrassAEZ04,FodderGrassAEZ04,1975,NOx_AWB,0
South Africa,FodderGrass,FodderGrassAEZ05,FodderGrassAEZ05,1975,NOx_AWB,0
South Africa,FodderGrass,FodderGrassAEZ06,FodderGrassAEZ06,1975,NOx_AWB,0
South Africa,FodderGrass,FodderGrassAEZ07,FodderGrassAEZ07,1975,NOx_AWB,0
South Africa,FodderGrass,FodderGrassAEZ08,FodderGrassAEZ08,1975,NOx_AWB,0
South Africa,FodderGrass,FodderGrassAEZ09,FodderGrassAEZ09,1975,NOx_AWB,0
South Africa,FodderGrass,FodderGrassAEZ10,FodderGrassAEZ10,1975,NOx_AWB,0
South Africa,FodderGrass,FodderGrassAEZ11,FodderGrassAEZ11,1975,NOx_AWB,0
South Africa,FodderHerb,FodderHerbAEZ01,FodderHerbAEZ01,1975,NOx_AWB,1.23448974121417e-06
South Africa,FodderHerb,FodderHerbAEZ02,FodderHerbAEZ02,1975,NOx_AWB,5.72881028577888e-08
South Africa,FodderHerb,FodderHerbAEZ03,FodderHerbAEZ03,1975,NOx_AWB,5.58514436446793e-06
South Africa,FodderHerb,FodderHerbAEZ04,FodderHerbAEZ04,1975,NOx_AWB,6.91435799852614e-06
South Africa,FodderHerb,FodderHerbAEZ05,FodderHerbAEZ05,1975,NOx_AWB,6.02408305354944e-06
South Africa,FodderHerb,FodderHerbAEZ06,FodderHerbAEZ06,1975,NOx_AWB,1.84193000015817e-05
South Africa,FodderHerb,FodderHerbAEZ07,FodderHerbAEZ07,1975,NOx_AWB,0.000217568465325856
South Africa,FodderHerb,FodderHerbAEZ08,FodderHerbAEZ08,1975,NOx_AWB,6.07473481181876e-05
South Africa,FodderHerb,FodderHerbAEZ09,FodderHerbAEZ09,1975,NOx_AWB,5.57149083500322e-05
South Africa,FodderHerb,FodderHerbAEZ10,FodderHerbAEZ10,1975,NOx_AWB,5.23738046086813e-05
South Africa,FodderHerb,FodderHerbAEZ11,FodderHerbAEZ11,1975,NOx_AWB,1.89279243603347e-05
South Africa,MiscCrop,MiscCropAEZ01,MiscCropAEZ01,1975,NOx_AWB,1.56337460560933e-06
South Africa,MiscCrop,MiscCropAEZ02,MiscCropAEZ02,1975,NOx_AWB,2.05942509726272e-06
South Africa,MiscCrop,MiscCropAEZ03,MiscCropAEZ03,1975,NOx_AWB,6.87130676204201e-06
South Africa,MiscCrop,MiscCropAEZ04,MiscCropAEZ04,1975,NOx_AWB,3.11533141460227e-06
South Africa,MiscCrop,MiscCropAEZ05,MiscCropAEZ05,1975,NOx_AWB,2.42853655594562e-06
South Africa,MiscCrop,MiscCropAEZ06,MiscCropAEZ06,1975,NOx_AWB,9.26319123137027e-06
South Africa,MiscCrop,MiscCropAEZ07,MiscCropAEZ07,1975,NOx_AWB,0.000159565914515121
South Africa,MiscCrop,MiscCropAEZ08,MiscCropAEZ08,1975,NOx_AWB,1.9120107886793e-05
South Africa,MiscCrop,MiscCropAEZ09,MiscCropAEZ09,1975,NOx_AWB,5.24022174406134e-05
South Africa,MiscCrop,MiscCropAEZ10,MiscCropAEZ10,1975,NOx_AWB,6.25723079460858e-05
South Africa,MiscCrop,MiscCropAEZ11,MiscCropAEZ11,1975,NOx_AWB,9.78332463857592e-06
South Africa,OilCrop,OilCropAEZ01,OilCropAEZ01,1975,NOx_AWB,4.65014464881821e-07
South Africa,OilCrop,OilCropAEZ02,OilCropAEZ02,1975,NOx_AWB,1.28664386059273e-06
South Africa,OilCrop,OilCropAEZ03,OilCropAEZ03,1975,NOx_AWB,3.27342304585143e-06
South Africa,OilCrop,OilCropAEZ04,OilCropAEZ04,1975,NOx_AWB,1.08975060073758e-06
South Africa,OilCrop,OilCropAEZ05,OilCropAEZ05,1975,NOx_AWB,8.31714301217037e-07
South Africa,OilCrop,OilCropAEZ06,OilCropAEZ06,1975,NOx_AWB,2.30738413935911e-06
South Africa,OilCrop,OilCropAEZ07,OilCropAEZ07,1975,NOx_AWB,8.93300865522494e-06
South Africa,OilCrop,OilCropAEZ08,OilCropAEZ08,1975,NOx_AWB,8.76378288482113e-06
South Africa,OilCrop,OilCropAEZ09,OilCropAEZ09,1975,NOx_AWB,1.17252074666114e-05
South Africa,OilCrop,OilCropAEZ10,OilCropAEZ10,1975,NOx_AWB,1.20249034019661e-05
South Africa,OilCrop,OilCropAEZ11,OilCropAEZ11,1975,NOx_AWB,1.34762849860097e-06
South Africa,OtherGrain,OtherGrainAEZ01,OtherGrainAEZ01,1975,NOx_AWB,1.29991111978866e-07
South Africa,OtherGrain,OtherGrainAEZ02,OtherGrainAEZ02,1975,NOx_AWB,1.25476727858496e-07
South Africa,OtherGrain,OtherGrainAEZ03,OtherGrainAEZ03,1975,NOx_AWB,3.47607577268508e-07
South Africa,OtherGrain,OtherGrainAEZ04,OtherGrainAEZ04,1975,NOx_AWB,8.3458229507357e-08
South Africa,OtherGrain,OtherGrainAEZ05,OtherGrainAEZ05,1975,NOx_AWB,5.42883628834266e-08
South Africa,OtherGrain,OtherGrainAEZ06,OtherGrainAEZ06,1975,NOx_AWB,2.11713039901465e-07
South Africa,OtherGrain,OtherGrainAEZ07,OtherGrainAEZ07,1975,NOx_AWB,1.59515184126088e-05
South Africa,OtherGrain,OtherGrainAEZ08,OtherGrainAEZ08,1975,NOx_AWB,2.63964142258776e-06
South Africa,OtherGrain,OtherGrainAEZ09,OtherGrainAEZ09,1975,NOx_AWB,1.48158614227381e-05
South Africa,OtherGrain,OtherGrainAEZ10,OtherGrainAEZ10,1975,NOx_AWB,1.6681343845402e-05
South Africa,OtherGrain,OtherGrainAEZ11,OtherGrainAEZ11,1975,NOx_AWB,2.03957559489548e-07
South Africa,PalmFruit,PalmFruitAEZ01,PalmFruitAEZ01,1975,NOx_AWB,0
South Africa,PalmFruit,PalmFruitAEZ02,PalmFruitAEZ02,1975,NOx_AWB,0
South Africa,PalmFruit,PalmFruitAEZ03,PalmFruitAEZ03,1975,NOx_AWB,0
South Africa,PalmFruit,PalmFruitAEZ04,PalmFruitAEZ04,1975,NOx_AWB,0
South Africa,PalmFruit,PalmFruitAEZ05,PalmFruitAEZ05,1975,NOx_AWB,0
South Africa,PalmFruit,PalmFruitAEZ06,PalmFruitAEZ06,1975,NOx_AWB,0
South Africa,PalmFruit,PalmFruitAEZ07,PalmFruitAEZ07,1975,NOx_AWB,0
South Africa,PalmFruit,PalmFruitAEZ08,PalmFruitAEZ08,1975,NOx_AWB,0
South Africa,PalmFruit,PalmFruitAEZ09,PalmFruitAEZ09,1975,NOx_AWB,0
South Africa,PalmFruit,PalmFruitAEZ10,PalmFruitAEZ10,1975,NOx_AWB,0
South Africa,PalmFruit,PalmFruitAEZ11,PalmFruitAEZ11,1975,NOx_AWB,0
South Africa,Rice,RiceAEZ01,RiceAEZ01,1975,NOx_AWB,0
South Africa,Rice,RiceAEZ02,RiceAEZ02,1975,NOx_AWB,0
South Africa,Rice,RiceAEZ03,RiceAEZ03,1975,NOx_AWB,0
South Africa,Rice,RiceAEZ04,RiceAEZ04,1975,NOx_AWB,0
South Africa,Rice,RiceAEZ05,RiceAEZ05,1975,NOx_AWB,0
South Africa,Rice,RiceAEZ06,RiceAEZ06,1975,NOx_AWB,0
South Africa,Rice,RiceAEZ07,RiceAEZ07,1975,NOx_AWB,0
South Africa,Rice,RiceAEZ08,RiceAEZ08,1975,NOx_AWB,0
South Africa,Rice,RiceAEZ09,RiceAEZ09,1975,NOx_AWB,0
South Africa,Rice,RiceAEZ10,RiceAEZ10,1975,NOx_AWB,0
South Africa,Rice,RiceAEZ11,RiceAEZ11,1975,NOx_AWB,0
South Africa,Root_Tuber,Root_TuberAEZ01,Root_TuberAEZ01,1975,NOx_AWB,4.53658924883619e-08
South Africa,Root_Tuber,Root_TuberAEZ02,Root_TuberAEZ02,1975,NOx_AWB,6.7922471343996e-08
South Africa,Root_Tuber,Root_TuberAEZ03,Root_TuberAEZ03,1975,NOx_AWB,7.28255260196183e-07
South Africa,Root_Tuber,Root_TuberAEZ04,Root_TuberAEZ04,1975,NOx_AWB,3.6829775392014e-07
South Africa,Root_Tuber,Root_TuberAEZ05,Root_TuberAEZ05,1975,NOx_AWB,2.63539188814704e-07
South Africa,Root_Tuber,Root_TuberAEZ06,Root_TuberAEZ06,1975,NOx_AWB,1.48052032421628e-06
South Africa,Root_Tuber,Root_TuberAEZ07,Root_TuberAEZ07,1975,NOx_AWB,1.48704088146532e-05
South Africa,Root_Tuber,Root_TuberAEZ08,Root_TuberAEZ08,1975,NOx_AWB,1.10934771220671e-05
South Africa,Root_Tuber,Root_TuberAEZ09,Root_TuberAEZ09,1975,NOx_AWB,1.35968150891825e-05
South Africa,Root_Tuber,Root_TuberAEZ10,Root_TuberAEZ10,1975,NOx_AWB,1.72322784902903e-05
South Africa,Root_Tuber,Root_TuberAEZ11,Root_TuberAEZ11,1975,NOx_AWB,2.92856422957601e-07
South Africa,SugarCrop,SugarCropAEZ01,SugarCropAEZ01,1975,NOx_AWB,0
South Africa,SugarCrop,SugarCropAEZ02,SugarCropAEZ02,1975,NOx_AWB,4.17081492355692e-05
South Africa,SugarCrop,SugarCropAEZ03,SugarCropAEZ03,1975,NOx_AWB,8.1169989619174e-05
South Africa,SugarCrop,SugarCropAEZ04,SugarCropAEZ04,1975,NOx_AWB,1.64869977851396e-05
South Africa,SugarCrop,SugarCropAEZ05,SugarCropAEZ05,1975,NOx_AWB,0.000132208443823244
South Africa,SugarCrop,SugarCropAEZ06,SugarCropAEZ06,1975,NOx_AWB,0.000760388685503378
South Africa,SugarCrop,SugarCropAEZ07,SugarCropAEZ07,1975,NOx_AWB,3.81641691212734e-07
South Africa,SugarCrop,SugarCropAEZ08,SugarCropAEZ08,1975,NOx_AWB,0
South Africa,SugarCrop,SugarCropAEZ09,SugarCropAEZ09,1975,NOx_AWB,0
South Africa,SugarCrop,SugarCropAEZ10,SugarCropAEZ10,1975,NOx_AWB,0.00027481916523936
South Africa,SugarCrop,SugarCropAEZ11,SugarCropAEZ11,1975,NOx_AWB,0.00016340830743712
South Africa,Wheat,WheatAEZ01,WheatAEZ01,1975,NOx_AWB,1.5842236338477e-06
South Africa,Wheat,WheatAEZ02,WheatAEZ02,1975,NOx_AWB,1.6101832917021e-05
South Africa,Wheat,WheatAEZ03,WheatAEZ03,1975,NOx_AWB,1.79949669109904e-05
South Africa,Wheat,WheatAEZ04,WheatAEZ04,1975,NOx_AWB,0
South Africa,Wheat,WheatAEZ05,WheatAEZ05,1975,NOx_AWB,7.85340372289302e-08
South Africa,Wheat,WheatAEZ06,WheatAEZ06,1975,NOx_AWB,0
South Africa,Wheat,WheatAEZ07,WheatAEZ07,1975,NOx_AWB,2.57668188876324e-05
South Africa,Wheat,WheatAEZ08,WheatAEZ08,1975,NOx_AWB,2.06391424381218e-05
South Africa,Wheat,WheatAEZ09,WheatAEZ09,1975,NOx_AWB,4.30443070779971e-05
South Africa,Wheat,WheatAEZ10,WheatAEZ10,1975,NOx_AWB,3.22676265447748e-05
South Africa,Wheat,WheatAEZ11,WheatAEZ11,1975,NOx_AWB,4.63402341512038e-07
South Africa,Corn,CornAEZ01,CornAEZ01,1975,SO2_AWB,4.39146020503147e-09
South Africa,Corn,CornAEZ02,CornAEZ02,1975,SO2_AWB,7.72329801616784e-08
South Africa,Corn,CornAEZ03,CornAEZ03,1975,SO2_AWB,4.03851055606741e-07
South Africa,Corn,CornAEZ04,CornAEZ04,1975,SO2_AWB,8.13408431323342e-08
South Africa,Corn,CornAEZ05,CornAEZ05,1975,SO2_AWB,4.10356604286209e-08
South Africa,Corn,CornAEZ06,CornAEZ06,1975,SO2_AWB,8.74510744547946e-08
South Africa,Corn,CornAEZ07,CornAEZ07,1975,SO2_AWB,5.97461168743987e-06
South Africa,Corn,CornAEZ08,CornAEZ08,1975,SO2_AWB,1.46946680438828e-05
South Africa,Corn,CornAEZ09,CornAEZ09,1975,SO2_AWB,1.5567614706714e-05
South Africa,Corn,CornAEZ10,CornAEZ10,1975,SO2_AWB,3.27107409582193e-05
South Africa,Corn,CornAEZ11,CornAEZ11,1975,SO2_AWB,6.95595265079162e-07
South Africa,FiberCrop,FiberCropAEZ01,FiberCropAEZ01,1975,SO2_AWB,8.0437147567542e-09
South Africa,FiberCrop,FiberCropAEZ02,FiberCropAEZ02,1975,SO2_AWB,8.07358003431637e-09
South Africa,FiberCrop,FiberCropAEZ03,FiberCropAEZ03,1975,SO2_AWB,3.77397557461078e-08
South Africa,FiberCrop,FiberCropAEZ04,FiberCropAEZ04,1975,SO2_AWB,2.74760553572295e-09
South Africa,FiberCrop,FiberCropAEZ05,FiberCropAEZ05,1975,SO2_AWB,2.05074905927148e-09
South Africa,FiberCrop,FiberCropAEZ06,FiberCropAEZ06,1975,SO2_AWB,1.09406466802881e-08
South Africa,FiberCrop,FiberCropAEZ07,FiberCropAEZ07,1975,SO2_AWB,2.12172886894433e-07
South Africa,FiberCrop,FiberCropAEZ08,FiberCropAEZ08,1975,SO2_AWB,2.85711155345105e-08
South Africa,FiberCrop,FiberCropAEZ09,FiberCropAEZ09,1975,SO2_AWB,1.99500054115536e-07
South Africa,FiberCrop,FiberCropAEZ10,FiberCropAEZ10,1975,SO2_AWB,1.88201024104502e-07
South Africa,FiberCrop,FiberCropAEZ11,FiberCropAEZ11,1975,SO2_AWB,3.33495599444635e-09
South Africa,FodderGrass,FodderGrassAEZ01,FodderGrassAEZ01,1975,SO2_AWB,0
South Africa,FodderGrass,FodderGrassAEZ02,FodderGrassAEZ02,1975,SO2_AWB,0
South Africa,FodderGrass,FodderGrassAEZ03,FodderGrassAEZ03,1975,SO2_AWB,0
South Africa,FodderGrass,FodderGrassAEZ04,FodderGrassAEZ04,1975,SO2_AWB,0
South Africa,FodderGrass,FodderGrassAEZ05,FodderGrassAEZ05,1975,SO2_AWB,0
South Africa,FodderGrass,FodderGrassAEZ06,FodderGrassAEZ06,1975,SO2_AWB,0
South Africa,FodderGrass,FodderGrassAEZ07,FodderGrassAEZ07,1975,SO2_AWB,0
South Africa,FodderGrass,FodderGrassAEZ08,FodderGrassAEZ08,1975,SO2_AWB,0
South Africa,FodderGrass,FodderGrassAEZ09,FodderGrassAEZ09,1975,SO2_AWB,0
South Africa,FodderGrass,FodderGrassAEZ10,FodderGrassAEZ10,1975,SO2_AWB,0
South Africa,FodderGrass,FodderGrassAEZ11,FodderGrassAEZ11,1975,SO2_AWB,0
South Africa,FodderHerb,FodderHerbAEZ01,FodderHerbAEZ01,1975,SO2_AWB,1.2082240020394e-07
South Africa,FodderHerb,FodderHerbAEZ02,FodderHerbAEZ02,1975,SO2_AWB,5.60692070523039e-09
South Africa,FodderHerb,FodderHerbAEZ03,FodderHerbAEZ03,1975,SO2_AWB,5.46631150564946e-07
South Africa,FodderHerb,FodderHerbAEZ04,FodderHerbAEZ04,1975,SO2_AWB,6.7672439985575e-07
South Africa,FodderHerb,FodderHerbAEZ05,FodderHerbAEZ05,1975,SO2_AWB,5.89591107368668e-07
South Africa,FodderHerb,FodderHerbAEZ06,FodderHerbAEZ06,1975,SO2_AWB,1.80274000015481e-06
South Africa,FodderHerb,FodderHerbAEZ07,FodderHerbAEZ07,1975,SO2_AWB,2.12939349042328e-05
South Africa,FodderHerb,FodderHerbAEZ08,FodderHerbAEZ08,1975,SO2_AWB,5.94548513497155e-06
South Africa,FodderHerb,FodderHerbAEZ09,FodderHerbAEZ09,1975,SO2_AWB,5.45294847681167e-06
South Africa,FodderHerb,FodderHerbAEZ10,FodderHerbAEZ10,1975,SO2_AWB,5.12594683404115e-06
South Africa,FodderHerb,FodderHerbAEZ11,FodderHerbAEZ11,1975,SO2_AWB,1.8525202565434e-06
South Africa,MiscCrop,MiscCropAEZ01,MiscCropAEZ01,1975,SO2_AWB,1.53011131612828e-07
South Africa,MiscCrop,MiscCropAEZ02,MiscCropAEZ02,1975,SO2_AWB,2.01560754200181e-07
South Africa,MiscCrop,MiscCropAEZ03,MiscCropAEZ03,1975,SO2_AWB,6.72510874582835e-07
South Africa,MiscCrop,MiscCropAEZ04,MiscCropAEZ04,1975,SO2_AWB,3.04904776748307e-07
South Africa,MiscCrop,MiscCropAEZ05,MiscCropAEZ05,1975,SO2_AWB,2.37686556539359e-07
South Africa,MiscCrop,MiscCropAEZ06,MiscCropAEZ06,1975,SO2_AWB,9.06610205623473e-07
South Africa,MiscCrop,MiscCropAEZ07,MiscCropAEZ07,1975,SO2_AWB,1.56170895057353e-05
South Africa,MiscCrop,MiscCropAEZ08,MiscCropAEZ08,1975,SO2_AWB,1.87132970806911e-06
South Africa,MiscCrop,MiscCropAEZ09,MiscCropAEZ09,1975,SO2_AWB,5.12872766440046e-06
South Africa,MiscCrop,MiscCropAEZ10,MiscCropAEZ10,1975,SO2_AWB,6.12409822451053e-06
South Africa,MiscCrop,MiscCropAEZ11,MiscCropAEZ11,1975,SO2_AWB,9.57516879520196e-07
South Africa,OilCrop,OilCropAEZ01,OilCropAEZ01,1975,SO2_AWB,4.55120540097102e-08
South Africa,OilCrop,OilCropAEZ02,OilCropAEZ02,1975,SO2_AWB,1.25926845930353e-07
South Africa,OilCrop,OilCropAEZ03,OilCropAEZ03,1975,SO2_AWB,3.20377574700353e-07
South Africa,OilCrop,OilCropAEZ04,OilCropAEZ04,1975,SO2_AWB,1.06656441774316e-07
South Africa,OilCrop,OilCropAEZ05,OilCropAEZ05,1975,SO2_AWB,8.14018252254973e-08
South Africa,OilCrop,OilCropAEZ06,OilCropAEZ06,1975,SO2_AWB,2.25829085979828e-07
South Africa,OilCrop,OilCropAEZ07,OilCropAEZ07,1975,SO2_AWB,8.74294464128398e-07
South Africa,OilCrop,OilCropAEZ08,OilCropAEZ08,1975,SO2_AWB,8.57731941918664e-07
South Africa,OilCrop,OilCropAEZ09,OilCropAEZ09,1975,SO2_AWB,1.14757349673218e-06
South Africa,OilCrop,OilCropAEZ10,OilCropAEZ10,1975,SO2_AWB,1.17690543934136e-06
South Africa,OilCrop,OilCropAEZ11,OilCropAEZ11,1975,SO2_AWB,1.31895555182222e-07
South Africa,OtherGrain,OtherGrainAEZ01,OtherGrainAEZ01,1975,SO2_AWB,1.2722534363889e-08
South Africa,OtherGrain,OtherGrainAEZ02,OtherGrainAEZ02,1975,SO2_AWB,1.22807010244486e-08
South Africa,OtherGrain,OtherGrainAEZ03,OtherGrainAEZ03,1975,SO2_AWB,3.40211671369178e-08
South Africa,OtherGrain,OtherGrainAEZ04,OtherGrainAEZ04,1975,SO2_AWB,8.16825224965622e-09
South Africa,OtherGrain,OtherGrainAEZ05,OtherGrainAEZ05,1975,SO2_AWB,5.31332913327154e-09
South Africa,OtherGrain,OtherGrainAEZ06,OtherGrainAEZ06,1975,SO2_AWB,2.07208507137604e-08
South Africa,OtherGrain,OtherGrainAEZ07,OtherGrainAEZ07,1975,SO2_AWB,1.56121244038299e-06
South Africa,OtherGrain,OtherGrainAEZ08,OtherGrainAEZ08,1975,SO2_AWB,2.58347883912844e-07
South Africa,OtherGrain,OtherGrainAEZ09,OtherGrainAEZ09,1975,SO2_AWB,1.45006303286373e-06
South Africa,OtherGrain,OtherGrainAEZ10,OtherGrainAEZ10,1975,SO2_AWB,1.63264216359253e-06
South Africa,OtherGrain,OtherGrainAEZ11,OtherGrainAEZ11,1975,SO2_AWB,1.99618036947217e-08
South Africa,PalmFruit,PalmFruitAEZ01,PalmFruitAEZ01,1975,SO2_AWB,0
South Africa,PalmFruit,PalmFruitAEZ02,PalmFruitAEZ02,1975,SO2_AWB,0
South Africa,PalmFruit,PalmFruitAEZ03,PalmFruitAEZ03,1975,SO2_AWB,0
South Africa,PalmFruit,PalmFruitAEZ04,PalmFruitAEZ04,1975,SO2_AWB,0
South Africa,PalmFruit,PalmFruitAEZ05,PalmFruitAEZ05,1975,SO2_AWB,0
South Africa,PalmFruit,PalmFruitAEZ06,PalmFruitAEZ06,1975,SO2_AWB,0
South Africa,PalmFruit,PalmFruitAEZ07,PalmFruitAEZ07,1975,SO2_AWB,0
South Africa,PalmFruit,PalmFruitAEZ08,PalmFruitAEZ08,1975,SO2_AWB,0
South Africa,PalmFruit,PalmFruitAEZ09,PalmFruitAEZ09,1975,SO2_AWB,0
South Africa,PalmFruit,PalmFruitAEZ10,PalmFruitAEZ10,1975,SO2_AWB,0
South Africa,PalmFruit,PalmFruitAEZ11,PalmFruitAEZ11,1975,SO2_AWB,0
South Africa,Rice,RiceAEZ01,RiceAEZ01,1975,SO2_AWB,0
South Africa,Rice,RiceAEZ02,RiceAEZ02,1975,SO2_AWB,0
South Africa,Rice,RiceAEZ03,RiceAEZ03,1975,SO2_AWB,0
South Africa,Rice,RiceAEZ04,RiceAEZ04,1975,SO2_AWB,0
South Africa,Rice,RiceAEZ05,RiceAEZ05,1975,SO2_AWB,0
South Africa,Rice,RiceAEZ06,RiceAEZ06,1975,SO2_AWB,0
South Africa,Rice,RiceAEZ07,RiceAEZ07,1975,SO2_AWB,0
South Africa,Rice,RiceAEZ08,RiceAEZ08,1975,SO2_AWB,0
South Africa,Rice,RiceAEZ09,RiceAEZ09,1975,SO2_AWB,0
South Africa,Rice,RiceAEZ10,RiceAEZ10,1975,SO2_AWB,0
South Africa,Rice,RiceAEZ11,RiceAEZ11,1975,SO2_AWB,0
South Africa,Root_Tuber,Root_TuberAEZ01,Root_TuberAEZ01,1975,SO2_AWB,4.44006607332903e-09
South Africa,Root_Tuber,Root_TuberAEZ02,Root_TuberAEZ02,1975,SO2_AWB,6.64773123792302e-09
South Africa,Root_Tuber,Root_TuberAEZ03,Root_TuberAEZ03,1975,SO2_AWB,7.12760467426051e-08
South Africa,Root_Tuber,Root_TuberAEZ04,Root_TuberAEZ04,1975,SO2_AWB,3.60461631496307e-08
South Africa,Root_Tuber,Root_TuberAEZ05,Root_TuberAEZ05,1975,SO2_AWB,2.57931972031412e-08
South Africa,Root_Tuber,Root_TuberAEZ06,Root_TuberAEZ06,1975,SO2_AWB,1.44901989178615e-07
South Africa,Root_Tuber,Root_TuberAEZ07,Root_TuberAEZ07,1975,SO2_AWB,1.45540171377457e-06
South Africa,Root_Tuber,Root_TuberAEZ08,Root_TuberAEZ08,1975,SO2_AWB,1.0857445693938e-06
South Africa,Root_Tuber,Root_TuberAEZ09,Root_TuberAEZ09,1975,SO2_AWB,1.33075211511148e-06
South Africa,Root_Tuber,Root_TuberAEZ10,Root_TuberAEZ10,1975,SO2_AWB,1.68656342670926e-06
South Africa,Root_Tuber,Root_TuberAEZ11,Root_TuberAEZ11,1975,SO2_AWB,2.86625435235099e-08
South Africa,SugarCrop,SugarCropAEZ01,SugarCropAEZ01,1975,SO2_AWB,0
South Africa,SugarCrop,SugarCropAEZ02,SugarCropAEZ02,1975,SO2_AWB,4.08207418050251e-06
South Africa,SugarCrop,SugarCropAEZ03,SugarCropAEZ03,1975,SO2_AWB,7.94429685634469e-06
South Africa,SugarCrop,SugarCropAEZ04,SugarCropAEZ04,1975,SO2_AWB,1.61362105982218e-06
South Africa,SugarCrop,SugarCropAEZ05,SugarCropAEZ05,1975,SO2_AWB,1.29395498209984e-05
South Africa,SugarCrop,SugarCropAEZ06,SugarCropAEZ06,1975,SO2_AWB,7.44210202833093e-05
South Africa,SugarCrop,SugarCropAEZ07,SugarCropAEZ07,1975,SO2_AWB,3.73521655229485e-08
South Africa,SugarCrop,SugarCropAEZ08,SugarCropAEZ08,1975,SO2_AWB,0
South Africa,SugarCrop,SugarCropAEZ09,SugarCropAEZ09,1975,SO2_AWB,0
South Africa,SugarCrop,SugarCropAEZ10,SugarCropAEZ10,1975,SO2_AWB,2.68971948957671e-05
South Africa,SugarCrop,SugarCropAEZ11,SugarCropAEZ11,1975,SO2_AWB,1.59931534938458e-05
South Africa,Wheat,WheatAEZ01,WheatAEZ01,1975,SO2_AWB,1.55051674802115e-07
South Africa,Wheat,WheatAEZ02,WheatAEZ02,1975,SO2_AWB,1.57592407272971e-06
South Africa,Wheat,WheatAEZ03,WheatAEZ03,1975,SO2_AWB,1.76120952745864e-06
South Africa,Wheat,WheatAEZ04,WheatAEZ04,1975,SO2_AWB,0
South Africa,Wheat,WheatAEZ05,WheatAEZ05,1975,SO2_AWB,7.68631002666125e-09
South Africa,Wheat,WheatAEZ06,WheatAEZ06,1975,SO2_AWB,0
South Africa,Wheat,WheatAEZ07,WheatAEZ07,1975,SO2_AWB,2.52185886985339e-06
South Africa,Wheat,WheatAEZ08,WheatAEZ08,1975,SO2_AWB,2.0200011747949e-06
South Africa,Wheat,WheatAEZ09,WheatAEZ09,1975,SO2_AWB,4.21284707571887e-06
South Africa,Wheat,WheatAEZ10,WheatAEZ10,1975,SO2_AWB,3.15810812991413e-06
South Africa,Wheat,WheatAEZ11,WheatAEZ11,1975,SO2_AWB,4.53542717224548e-08
South America_Northern,Corn,CornAEZ01,CornAEZ01,1975,CH4_AWB,1.67644857202955e-07
South America_Northern,Corn,CornAEZ02,CornAEZ02,1975,CH4_AWB,1.00025424369419e-06
South America_Northern,Corn,CornAEZ03,CornAEZ03,1975,CH4_AWB,1.53779493073387e-07
South America_Northern,Corn,CornAEZ04,CornAEZ04,1975,CH4_AWB,7.51000832559042e-05
South America_Northern,Corn,CornAEZ05,CornAEZ05,1975,CH4_AWB,7.74377148942767e-05
South America_Northern,Corn,CornAEZ06,CornAEZ06,1975,CH4_AWB,9.95315423909195e-06
South America_Northern,FiberCrop,FiberCropAEZ01,FiberCropAEZ01,1975,CH4_AWB,0
South America_Northern,FiberCrop,FiberCropAEZ02,FiberCropAEZ02,1975,CH4_AWB,0
South America_Northern,FiberCrop,FiberCropAEZ03,FiberCropAEZ03,1975,CH4_AWB,0
South America_Northern,FiberCrop,FiberCropAEZ04,FiberCropAEZ04,1975,CH4_AWB,7.0801867200275e-06
South America_Northern,FiberCrop,FiberCropAEZ05,FiberCropAEZ05,1975,CH4_AWB,1.47379002866035e-05
South America_Northern,FiberCrop,FiberCropAEZ06,FiberCropAEZ06,1975,CH4_AWB,9.94223432032779e-07
South America_Northern,FodderGrass,FodderGrassAEZ01,FodderGrassAEZ01,1975,CH4_AWB,0
South America_Northern,FodderGrass,FodderGrassAEZ02,FodderGrassAEZ02,1975,CH4_AWB,0
South America_Northern,FodderGrass,FodderGrassAEZ03,FodderGrassAEZ03,1975,CH4_AWB,0
South America_Northern,FodderGrass,FodderGrassAEZ04,FodderGrassAEZ04,1975,CH4_AWB,0
South America_Northern,FodderGrass,FodderGrassAEZ05,FodderGrassAEZ05,1975,CH4_AWB,0
South America_Northern,FodderGrass,FodderGrassAEZ06,FodderGrassAEZ06,1975,CH4_AWB,0
South America_Northern,FodderHerb,FodderHerbAEZ01,FodderHerbAEZ01,1975,CH4_AWB,0
South America_Northern,FodderHerb,FodderHerbAEZ02,FodderHerbAEZ02,1975,CH4_AWB,0
South America_Northern,FodderHerb,FodderHerbAEZ03,FodderHerbAEZ03,1975,CH4_AWB,0
South America_Northern,FodderHerb,FodderHerbAEZ04,FodderHerbAEZ04,1975,CH4_AWB,0
South America_Northern,FodderHerb,FodderHerbAEZ05,FodderHerbAEZ05,1975,CH4_AWB,0
South America_Northern,FodderHerb,FodderHerbAEZ06,FodderHerbAEZ06,1975,CH4_AWB,0
South America_Northern,MiscCrop,MiscCropAEZ01,MiscCropAEZ01,1975,CH4_AWB,4.41080002794699e-09
South America_Northern,MiscCrop,MiscCropAEZ02,MiscCropAEZ02,1975,CH4_AWB,4.76917753021767e-07
South America_Northern,MiscCrop,MiscCropAEZ03,MiscCropAEZ03,1975,CH4_AWB,3.90080127471562e-07
South America_Northern,MiscCrop,MiscCropAEZ04,MiscCropAEZ04,1975,CH4_AWB,0.000140356343364303
South America_Northern,MiscCrop,MiscCropAEZ05,MiscCropAEZ05,1975,CH4_AWB,0.000465221689722658
South America_Northern,MiscCrop,MiscCropAEZ06,MiscCropAEZ06,1975,CH4_AWB,6.06498787592797e-05
South America_Northern,OilCrop,OilCropAEZ01,OilCropAEZ01,1975,CH4_AWB,0
South America_Northern,OilCrop,OilCropAEZ02,OilCropAEZ02,1975,CH4_AWB,3.12682070782609e-08
South America_Northern,OilCrop,OilCropAEZ03,OilCropAEZ03,1975,CH4_AWB,0
South America_Northern,OilCrop,OilCropAEZ04,OilCropAEZ04,1975,CH4_AWB,8.99630986508817e-06
South America_Northern,OilCrop,OilCropAEZ05,OilCropAEZ05,1975,CH4_AWB,1.49045120406376e-05
South America_Northern,OilCrop,OilCropAEZ06,OilCropAEZ06,1975,CH4_AWB,2.62206250784844e-06
South America_Northern,OtherGrain,OtherGrainAEZ01,OtherGrainAEZ01,1975,CH4_AWB,3.59532276583768e-09
South America_Northern,OtherGrain,OtherGrainAEZ02,OtherGrainAEZ02,1975,CH4_AWB,6.36971350014249e-08
South America_Northern,OtherGrain,OtherGrainAEZ03,OtherGrainAEZ03,1975,CH4_AWB,6.35173688631325e-09
South America_Northern,OtherGrain,OtherGrainAEZ04,OtherGrainAEZ04,1975,CH4_AWB,1.65128980091699e-05
South America_Northern,OtherGrain,OtherGrainAEZ05,OtherGrainAEZ05,1975,CH4_AWB,1.19784769368953e-05
South America_Northern,OtherGrain,OtherGrainAEZ06,OtherGrainAEZ06,1975,CH4_AWB,9.00328742611853e-07
South America_Northern,PalmFruit,PalmFruitAEZ01,PalmFruitAEZ01,1975,CH4_AWB,0
South America_Northern,PalmFruit,PalmFruitAEZ02,PalmFruitAEZ02,1975,CH4_AWB,0
South America_Northern,PalmFruit,PalmFruitAEZ03,PalmFruitAEZ03,1975,CH4_AWB,0
South America_Northern,PalmFruit,PalmFruitAEZ04,PalmFruitAEZ04,1975,CH4_AWB,1.79175598054344e-05
South America_Northern,PalmFruit,PalmFruitAEZ05,PalmFruitAEZ05,1975,CH4_AWB,3.17499379903549e-05
South America_Northern,PalmFruit,PalmFruitAEZ06,PalmFruitAEZ06,1975,CH4_AWB,9.02534125700907e-06
South America_Northern,Rice,RiceAEZ01,RiceAEZ01,1975,CH4_AWB,0
South America_Northern,Rice,RiceAEZ02,RiceAEZ02,1975,CH4_AWB,0
South America_Northern,Rice,RiceAEZ03,RiceAEZ03,1975,CH4_AWB,0
South America_Northern,Rice,RiceAEZ04,RiceAEZ04,1975,CH4_AWB,2.0703926157763e-05
South America_Northern,Rice,RiceAEZ05,RiceAEZ05,1975,CH4_AWB,8.8691393612261e-05
South America_Northern,Rice,RiceAEZ06,RiceAEZ06,1975,CH4_AWB,0.000107687245076615
South America_Northern,Root_Tuber,Root_TuberAEZ01,Root_TuberAEZ01,1975,CH4_AWB,0
South America_Northern,Root_Tuber,Root_TuberAEZ02,Root_TuberAEZ02,1975,CH4_AWB,4.31508453814418e-07
South America_Northern,Root_Tuber,Root_TuberAEZ03,Root_TuberAEZ03,1975,CH4_AWB,7.69122929611191e-07
South America_Northern,Root_Tuber,Root_TuberAEZ04,Root_TuberAEZ04,1975,CH4_AWB,2.70679175209529e-05
South America_Northern,Root_Tuber,Root_TuberAEZ05,Root_TuberAEZ05,1975,CH4_AWB,9.75616989137996e-05
South America_Northern,Root_Tuber,Root_TuberAEZ06,Root_TuberAEZ06,1975,CH4_AWB,3.84480695792246e-05
South America_Northern,SugarCrop,SugarCropAEZ01,SugarCropAEZ01,1975,CH4_AWB,0
South America_Northern,SugarCrop,SugarCropAEZ02,SugarCropAEZ02,1975,CH4_AWB,8.83751144949776e-06
South America_Northern,SugarCrop,SugarCropAEZ03,SugarCropAEZ03,1975,CH4_AWB,1.02041833035146e-05
South America_Northern,SugarCrop,SugarCropAEZ04,SugarCropAEZ04,1975,CH4_AWB,0.000795897559831165
South America_Northern,SugarCrop,SugarCropAEZ05,SugarCropAEZ05,1975,CH4_AWB,0.00112746204742939
South America_Northern,SugarCrop,SugarCropAEZ06,SugarCropAEZ06,1975,CH4_AWB,0.000739981214236945
South America_Northern,Wheat,WheatAEZ01,WheatAEZ01,1975,CH4_AWB,0
South America_Northern,Wheat,WheatAEZ02,WheatAEZ02,1975,CH4_AWB,0
South America_Northern,Wheat,WheatAEZ03,WheatAEZ03,1975,CH4_AWB,0
South America_Northern,Wheat,WheatAEZ04,WheatAEZ04,1975,CH4_AWB,0
South America_Northern,Wheat,WheatAEZ05,WheatAEZ05,1975,CH4_AWB,0
South America_Northern,Wheat,WheatAEZ06,WheatAEZ06,1975,CH4_AWB,0
South America_Northern,Corn,CornAEZ01,CornAEZ01,1975,CO_AWB,6.13718261996869e-06
South America_Northern,Corn,CornAEZ02,CornAEZ02,1975,CO_AWB,3.66175441488085e-05
South America_Northern,Corn,CornAEZ03,CornAEZ03,1975,CO_AWB,5.62959608749007e-06
South America_Northern,Corn,CornAEZ04,CornAEZ04,1975,CO_AWB,0.00274928162668514
South America_Northern,Corn,CornAEZ05,CornAEZ05,1975,CO_AWB,0.00283485819910298
South America_Northern,Corn,CornAEZ06,CornAEZ06,1975,CO_AWB,0.000364367426649257
South America_Northern,FiberCrop,FiberCropAEZ01,FiberCropAEZ01,1975,CO_AWB,0
South America_Northern,FiberCrop,FiberCropAEZ02,FiberCropAEZ02,1975,CO_AWB,0
South America_Northern,FiberCrop,FiberCropAEZ03,FiberCropAEZ03,1975,CO_AWB,0
South America_Northern,FiberCrop,FiberCropAEZ04,FiberCropAEZ04,1975,CO_AWB,0.000259193151578049
South America_Northern,FiberCrop,FiberCropAEZ05,FiberCropAEZ05,1975,CO_AWB,0.000539528542675631
South America_Northern,FiberCrop,FiberCropAEZ06,FiberCropAEZ06,1975,CO_AWB,3.63967667678007e-05
South America_Northern,FodderGrass,FodderGrassAEZ01,FodderGrassAEZ01,1975,CO_AWB,0
South America_Northern,FodderGrass,FodderGrassAEZ02,FodderGrassAEZ02,1975,CO_AWB,0
South America_Northern,FodderGrass,FodderGrassAEZ03,FodderGrassAEZ03,1975,CO_AWB,0
South America_Northern,FodderGrass,FodderGrassAEZ04,FodderGrassAEZ04,1975,CO_AWB,0
South America_Northern,FodderGrass,FodderGrassAEZ05,FodderGrassAEZ05,1975,CO_AWB,0
South America_Northern,FodderGrass,FodderGrassAEZ06,FodderGrassAEZ06,1975,CO_AWB,0
South America_Northern,FodderHerb,FodderHerbAEZ01,FodderHerbAEZ01,1975,CO_AWB,0
South America_Northern,FodderHerb,FodderHerbAEZ02,FodderHerbAEZ02,1975,CO_AWB,0
South America_Northern,FodderHerb,FodderHerbAEZ03,FodderHerbAEZ03,1975,CO_AWB,0
South America_Northern,FodderHerb,FodderHerbAEZ04,FodderHerbAEZ04,1975,CO_AWB,0
South America_Northern,FodderHerb,FodderHerbAEZ05,FodderHerbAEZ05,1975,CO_AWB,0
South America_Northern,FodderHerb,FodderHerbAEZ06,FodderHerbAEZ06,1975,CO_AWB,0
South America_Northern,MiscCrop,MiscCropAEZ01,MiscCropAEZ01,1975,CO_AWB,1.61471611615871e-07
South America_Northern,MiscCrop,MiscCropAEZ02,MiscCropAEZ02,1975,CO_AWB,1.7459118005966e-05
South America_Northern,MiscCrop,MiscCropAEZ03,MiscCropAEZ03,1975,CO_AWB,1.42801456522786e-05
South America_Northern,MiscCrop,MiscCropAEZ04,MiscCropAEZ04,1975,CO_AWB,0.00513819824520435
South America_Northern,MiscCrop,MiscCropAEZ05,MiscCropAEZ05,1975,CO_AWB,0.0170309457518393
South America_Northern,MiscCrop,MiscCropAEZ06,MiscCropAEZ06,1975,CO_AWB,0.00222028511959685
South America_Northern,OilCrop,OilCropAEZ01,OilCropAEZ01,1975,CO_AWB,0
South America_Northern,OilCrop,OilCropAEZ02,OilCropAEZ02,1975,CO_AWB,1.14467392701446e-06
South America_Northern,OilCrop,OilCropAEZ03,OilCropAEZ03,1975,CO_AWB,0
South America_Northern,OilCrop,OilCropAEZ04,OilCropAEZ04,1975,CO_AWB,0.000329339041286731
South America_Northern,OilCrop,OilCropAEZ05,OilCropAEZ05,1975,CO_AWB,0.000545627905210225
South America_Northern,OilCrop,OilCropAEZ06,OilCropAEZ06,1975,CO_AWB,9.59890850224979e-05
South America_Northern,OtherGrain,OtherGrainAEZ01,OtherGrainAEZ01,1975,CO_AWB,1.31618426952186e-07
South America_Northern,OtherGrain,OtherGrainAEZ02,OtherGrainAEZ02,1975,CO_AWB,2.33183979750292e-06
South America_Northern,OtherGrain,OtherGrainAEZ03,OtherGrainAEZ03,1975,CO_AWB,2.32525887615529e-07
South America_Northern,OtherGrain,OtherGrainAEZ04,OtherGrainAEZ04,1975,CO_AWB,0.000604508079508252
South America_Northern,OtherGrain,OtherGrainAEZ05,OtherGrainAEZ05,1975,CO_AWB,0.000438510919436151
South America_Northern,OtherGrain,OtherGrainAEZ06,OtherGrainAEZ06,1975,CO_AWB,3.29594477492766e-05
South America_Northern,PalmFruit,PalmFruitAEZ01,PalmFruitAEZ01,1975,CO_AWB,0
South America_Northern,PalmFruit,PalmFruitAEZ02,PalmFruitAEZ02,1975,CO_AWB,0
South America_Northern,PalmFruit,PalmFruitAEZ03,PalmFruitAEZ03,1975,CO_AWB,0
South America_Northern,PalmFruit,PalmFruitAEZ04,PalmFruitAEZ04,1975,CO_AWB,0.000655930271079163
South America_Northern,PalmFruit,PalmFruitAEZ05,PalmFruitAEZ05,1975,CO_AWB,0.00116230924628719
South America_Northern,PalmFruit,PalmFruitAEZ06,PalmFruitAEZ06,1975,CO_AWB,0.000330401829354931
South America_Northern,Rice,RiceAEZ01,RiceAEZ01,1975,CO_AWB,0
South America_Northern,Rice,RiceAEZ02,RiceAEZ02,1975,CO_AWB,0
South America_Northern,Rice,RiceAEZ03,RiceAEZ03,1975,CO_AWB,0
South America_Northern,Rice,RiceAEZ04,RiceAEZ04,1975,CO_AWB,0.000757934230136938
South America_Northern,Rice,RiceAEZ05,RiceAEZ05,1975,CO_AWB,0.0032468355337558
South America_Northern,Rice,RiceAEZ06,RiceAEZ06,1975,CO_AWB,0.00394224016115456
South America_Northern,Root_Tuber,Root_TuberAEZ01,Root_TuberAEZ01,1975,CO_AWB,0
South America_Northern,Root_Tuber,Root_TuberAEZ02,Root_TuberAEZ02,1975,CO_AWB,1.57967636305919e-05
South America_Northern,Root_Tuber,Root_TuberAEZ03,Root_TuberAEZ03,1975,CO_AWB,2.81562342858795e-05
South America_Northern,Root_Tuber,Root_TuberAEZ04,Root_TuberAEZ04,1975,CO_AWB,0.000990908732543037
South America_Northern,Root_Tuber,Root_TuberAEZ05,Root_TuberAEZ05,1975,CO_AWB,0.00357156177015036
South America_Northern,Root_Tuber,Root_TuberAEZ06,Root_TuberAEZ06,1975,CO_AWB,0.00140751603317782
South America_Northern,SugarCrop,SugarCropAEZ01,SugarCropAEZ01,1975,CO_AWB,0
South America_Northern,SugarCrop,SugarCropAEZ02,SugarCropAEZ02,1975,CO_AWB,0.000323525711295581
South America_Northern,SugarCrop,SugarCropAEZ03,SugarCropAEZ03,1975,CO_AWB,0.000373557158067122
South America_Northern,SugarCrop,SugarCropAEZ04,SugarCropAEZ04,1975,CO_AWB,0.0291364062874768
South America_Northern,SugarCrop,SugarCropAEZ05,SugarCropAEZ05,1975,CO_AWB,0.041274397542545
South America_Northern,SugarCrop,SugarCropAEZ06,SugarCropAEZ06,1975,CO_AWB,0.0270894074705816
South America_Northern,Wheat,WheatAEZ01,WheatAEZ01,1975,CO_AWB,0
South America_Northern,Wheat,WheatAEZ02,WheatAEZ02,1975,CO_AWB,0
South America_Northern,Wheat,WheatAEZ03,WheatAEZ03,1975,CO_AWB,0
South America_Northern,Wheat,WheatAEZ04,WheatAEZ04,1975,CO_AWB,0
South America_Northern,Wheat,WheatAEZ05,WheatAEZ05,1975,CO_AWB,0
South America_Northern,Wheat,WheatAEZ06,WheatAEZ06,1975,CO_AWB,0
South America_Northern,Corn,CornAEZ01,CornAEZ01,1975,N2O_AWB,4.34985722567703e-09
South America_Northern,Corn,CornAEZ02,CornAEZ02,1975,N2O_AWB,2.59534543560731e-08
South America_Northern,Corn,CornAEZ03,CornAEZ03,1975,N2O_AWB,3.99009459798945e-09
South America_Northern,Corn,CornAEZ04,CornAEZ04,1975,N2O_AWB,1.94861116081934e-06
South America_Northern,Corn,CornAEZ05,CornAEZ05,1975,N2O_AWB,2.00926535590052e-06
South America_Northern,Corn,CornAEZ06,CornAEZ06,1975,N2O_AWB,2.58253075027398e-07
South America_Northern,FiberCrop,FiberCropAEZ01,FiberCropAEZ01,1975,N2O_AWB,0
South America_Northern,FiberCrop,FiberCropAEZ02,FiberCropAEZ02,1975,N2O_AWB,0
South America_Northern,FiberCrop,FiberCropAEZ03,FiberCropAEZ03,1975,N2O_AWB,0
South America_Northern,FiberCrop,FiberCropAEZ04,FiberCropAEZ04,1975,N2O_AWB,1.83708596118577e-07
South America_Northern,FiberCrop,FiberCropAEZ05,FiberCropAEZ05,1975,N2O_AWB,3.82402199044969e-07
South America_Northern,FiberCrop,FiberCropAEZ06,FiberCropAEZ06,1975,N2O_AWB,2.57969737450972e-08
South America_Northern,FodderGrass,FodderGrassAEZ01,FodderGrassAEZ01,1975,N2O_AWB,0
South America_Northern,FodderGrass,FodderGrassAEZ02,FodderGrassAEZ02,1975,N2O_AWB,0
South America_Northern,FodderGrass,FodderGrassAEZ03,FodderGrassAEZ03,1975,N2O_AWB,0
South America_Northern,FodderGrass,FodderGrassAEZ04,FodderGrassAEZ04,1975,N2O_AWB,0
South America_Northern,FodderGrass,FodderGrassAEZ05,FodderGrassAEZ05,1975,N2O_AWB,0
South America_Northern,FodderGrass,FodderGrassAEZ06,FodderGrassAEZ06,1975,N2O_AWB,0
South America_Northern,FodderHerb,FodderHerbAEZ01,FodderHerbAEZ01,1975,N2O_AWB,0
South America_Northern,FodderHerb,FodderHerbAEZ02,FodderHerbAEZ02,1975,N2O_AWB,0
South America_Northern,FodderHerb,FodderHerbAEZ03,FodderHerbAEZ03,1975,N2O_AWB,0
South America_Northern,FodderHerb,FodderHerbAEZ04,FodderHerbAEZ04,1975,N2O_AWB,0
South America_Northern,FodderHerb,FodderHerbAEZ05,FodderHerbAEZ05,1975,N2O_AWB,0
South America_Northern,FodderHerb,FodderHerbAEZ06,FodderHerbAEZ06,1975,N2O_AWB,0
South America_Northern,MiscCrop,MiscCropAEZ01,MiscCropAEZ01,1975,N2O_AWB,1.14446399923585e-10
South America_Northern,MiscCrop,MiscCropAEZ02,MiscCropAEZ02,1975,N2O_AWB,1.23745169917376e-08
South America_Northern,MiscCrop,MiscCropAEZ03,MiscCropAEZ03,1975,N2O_AWB,1.01213534932421e-08
South America_Northern,MiscCrop,MiscCropAEZ04,MiscCropAEZ04,1975,N2O_AWB,3.64180604486839e-06
South America_Northern,MiscCrop,MiscCropAEZ05,MiscCropAEZ05,1975,N2O_AWB,1.20710409036402e-05
South America_Northern,MiscCrop,MiscCropAEZ06,MiscCropAEZ06,1975,N2O_AWB,1.57367376344927e-06
South America_Northern,OilCrop,OilCropAEZ01,OilCropAEZ01,1975,N2O_AWB,0
South America_Northern,OilCrop,OilCropAEZ02,OilCropAEZ02,1975,N2O_AWB,8.113117143145e-10
South America_Northern,OilCrop,OilCropAEZ03,OilCropAEZ03,1975,N2O_AWB,0
South America_Northern,OilCrop,OilCropAEZ04,OilCropAEZ04,1975,N2O_AWB,2.33425970375628e-07
South America_Northern,OilCrop,OilCropAEZ05,OilCropAEZ05,1975,N2O_AWB,3.86725250489911e-07
South America_Northern,OilCrop,OilCropAEZ06,OilCropAEZ06,1975,N2O_AWB,6.80342823289442e-08
South America_Northern,OtherGrain,OtherGrainAEZ01,OtherGrainAEZ01,1975,N2O_AWB,9.32873275837329e-11
South America_Northern,OtherGrain,OtherGrainAEZ02,OtherGrainAEZ02,1975,N2O_AWB,1.65274048702515e-09
South America_Northern,OtherGrain,OtherGrainAEZ03,OtherGrainAEZ03,1975,N2O_AWB,1.64807612064595e-10
South America_Northern,OtherGrain,OtherGrainAEZ04,OtherGrainAEZ04,1975,N2O_AWB,4.28457812070537e-07
South America_Northern,OtherGrain,OtherGrainAEZ05,OtherGrainAEZ05,1975,N2O_AWB,3.10803834521931e-07
South America_Northern,OtherGrain,OtherGrainAEZ06,OtherGrainAEZ06,1975,N2O_AWB,2.33607016157598e-08
South America_Northern,PalmFruit,PalmFruitAEZ01,PalmFruitAEZ01,1975,N2O_AWB,0
South America_Northern,PalmFruit,PalmFruitAEZ02,PalmFruitAEZ02,1975,N2O_AWB,0
South America_Northern,PalmFruit,PalmFruitAEZ03,PalmFruitAEZ03,1975,N2O_AWB,0
South America_Northern,PalmFruit,PalmFruitAEZ04,PalmFruitAEZ04,1975,N2O_AWB,4.64904371577678e-07
South America_Northern,PalmFruit,PalmFruitAEZ05,PalmFruitAEZ05,1975,N2O_AWB,8.2381111765896e-07
South America_Northern,PalmFruit,PalmFruitAEZ06,PalmFruitAEZ06,1975,N2O_AWB,2.34179243765731e-07
South America_Northern,Rice,RiceAEZ01,RiceAEZ01,1975,N2O_AWB,0
South America_Northern,Rice,RiceAEZ02,RiceAEZ02,1975,N2O_AWB,0
South America_Northern,Rice,RiceAEZ03,RiceAEZ03,1975,N2O_AWB,0
South America_Northern,Rice,RiceAEZ04,RiceAEZ04,1975,N2O_AWB,5.37201822351172e-07
South America_Northern,Rice,RiceAEZ05,RiceAEZ05,1975,N2O_AWB,2.30126295429753e-06
South America_Northern,Rice,RiceAEZ06,RiceAEZ06,1975,N2O_AWB,2.79414560592623e-06
South America_Northern,Root_Tuber,Root_TuberAEZ01,Root_TuberAEZ01,1975,N2O_AWB,0
South America_Northern,Root_Tuber,Root_TuberAEZ02,Root_TuberAEZ02,1975,N2O_AWB,1.11962883746146e-08
South America_Northern,Root_Tuber,Root_TuberAEZ03,Root_TuberAEZ03,1975,N2O_AWB,1.99563230785714e-08
South America_Northern,Root_Tuber,Root_TuberAEZ04,Root_TuberAEZ04,1975,N2O_AWB,7.02327399581404e-07
South America_Northern,Root_Tuber,Root_TuberAEZ05,Root_TuberAEZ05,1975,N2O_AWB,2.53141950221446e-06
South America_Northern,Root_Tuber,Root_TuberAEZ06,Root_TuberAEZ06,1975,N2O_AWB,9.97606583720338e-07
South America_Northern,SugarCrop,SugarCropAEZ01,SugarCropAEZ01,1975,N2O_AWB,0
South America_Northern,SugarCrop,SugarCropAEZ02,SugarCropAEZ02,1975,N2O_AWB,2.2930565051013e-07
South America_Northern,SugarCrop,SugarCropAEZ03,SugarCropAEZ03,1975,N2O_AWB,2.64766490398152e-07
South America_Northern,SugarCrop,SugarCropAEZ04,SugarCropAEZ04,1975,N2O_AWB,2.06510405943385e-05
South America_Northern,SugarCrop,SugarCropAEZ05,SugarCropAEZ05,1975,N2O_AWB,2.92540971164423e-05
South America_Northern,SugarCrop,SugarCropAEZ06,SugarCropAEZ06,1975,N2O_AWB,1.92001871415421e-05
South America_Northern,Wheat,WheatAEZ01,WheatAEZ01,1975,N2O_AWB,0
South America_Northern,Wheat,WheatAEZ02,WheatAEZ02,1975,N2O_AWB,0
South America_Northern,Wheat,WheatAEZ03,WheatAEZ03,1975,N2O_AWB,0
South America_Northern,Wheat,WheatAEZ04,WheatAEZ04,1975,N2O_AWB,0
South America_Northern,Wheat,WheatAEZ05,WheatAEZ05,1975,N2O_AWB,0
South America_Northern,Wheat,WheatAEZ06,WheatAEZ06,1975,N2O_AWB,0
South America_Northern,Corn,CornAEZ01,CornAEZ01,1975,NH3_AWB,8.09802433720496e-08
South America_Northern,Corn,CornAEZ02,CornAEZ02,1975,NH3_AWB,4.83169203277254e-07
South America_Northern,Corn,CornAEZ03,CornAEZ03,1975,NH3_AWB,7.42826292585717e-08
South America_Northern,Corn,CornAEZ04,CornAEZ04,1975,NH3_AWB,3.62768242390028e-05
South America_Northern,Corn,CornAEZ05,CornAEZ05,1975,NH3_AWB,3.74060087672251e-05
South America_Northern,Corn,CornAEZ06,CornAEZ06,1975,NH3_AWB,4.80783524200471e-06
South America_Northern,FiberCrop,FiberCropAEZ01,FiberCropAEZ01,1975,NH3_AWB,0
South America_Northern,FiberCrop,FiberCropAEZ02,FiberCropAEZ02,1975,NH3_AWB,0
South America_Northern,FiberCrop,FiberCropAEZ03,FiberCropAEZ03,1975,NH3_AWB,0
South America_Northern,FiberCrop,FiberCropAEZ04,FiberCropAEZ04,1975,NH3_AWB,3.42005864822482e-06
South America_Northern,FiberCrop,FiberCropAEZ05,FiberCropAEZ05,1975,NH3_AWB,7.1190895558299e-06
South America_Northern,FiberCrop,FiberCropAEZ06,FiberCropAEZ06,1975,NH3_AWB,4.80256041464718e-07
South America_Northern,FodderGrass,FodderGrassAEZ01,FodderGrassAEZ01,1975,NH3_AWB,0
South America_Northern,FodderGrass,FodderGrassAEZ02,FodderGrassAEZ02,1975,NH3_AWB,0
South America_Northern,FodderGrass,FodderGrassAEZ03,FodderGrassAEZ03,1975,NH3_AWB,0
South America_Northern,FodderGrass,FodderGrassAEZ04,FodderGrassAEZ04,1975,NH3_AWB,0
South America_Northern,FodderGrass,FodderGrassAEZ05,FodderGrassAEZ05,1975,NH3_AWB,0
South America_Northern,FodderGrass,FodderGrassAEZ06,FodderGrassAEZ06,1975,NH3_AWB,0
South America_Northern,FodderHerb,FodderHerbAEZ01,FodderHerbAEZ01,1975,NH3_AWB,0
South America_Northern,FodderHerb,FodderHerbAEZ02,FodderHerbAEZ02,1975,NH3_AWB,0
South America_Northern,FodderHerb,FodderHerbAEZ03,FodderHerbAEZ03,1975,NH3_AWB,0
South America_Northern,FodderHerb,FodderHerbAEZ04,FodderHerbAEZ04,1975,NH3_AWB,0
South America_Northern,FodderHerb,FodderHerbAEZ05,FodderHerbAEZ05,1975,NH3_AWB,0
South America_Northern,FodderHerb,FodderHerbAEZ06,FodderHerbAEZ06,1975,NH3_AWB,0
South America_Northern,MiscCrop,MiscCropAEZ01,MiscCropAEZ01,1975,NH3_AWB,2.13062103835473e-09
South America_Northern,MiscCrop,MiscCropAEZ02,MiscCropAEZ02,1975,NH3_AWB,2.30373399772105e-07
South America_Northern,MiscCrop,MiscCropAEZ03,MiscCropAEZ03,1975,NH3_AWB,1.88426798079497e-07
South America_Northern,MiscCrop,MiscCropAEZ04,MiscCropAEZ04,1975,NH3_AWB,6.77986252253007e-05
South America_Northern,MiscCrop,MiscCropAEZ05,MiscCropAEZ05,1975,NH3_AWB,0.000224723658597462
South America_Northern,MiscCrop,MiscCropAEZ06,MiscCropAEZ06,1975,NH3_AWB,2.9296705096452e-05
South America_Northern,OilCrop,OilCropAEZ01,OilCropAEZ01,1975,NH3_AWB,0
South America_Northern,OilCrop,OilCropAEZ02,OilCropAEZ02,1975,NH3_AWB,1.51039946065258e-08
South America_Northern,OilCrop,OilCropAEZ03,OilCropAEZ03,1975,NH3_AWB,0
South America_Northern,OilCrop,OilCropAEZ04,OilCropAEZ04,1975,NH3_AWB,4.34563501964897e-06
South America_Northern,OilCrop,OilCropAEZ05,OilCropAEZ05,1975,NH3_AWB,7.19957076244393e-06
South America_Northern,OilCrop,OilCropAEZ06,OilCropAEZ06,1975,NH3_AWB,1.26657783343294e-06
South America_Northern,OtherGrain,OtherGrainAEZ01,OtherGrainAEZ01,1975,NH3_AWB,1.73670768931571e-09
South America_Northern,OtherGrain,OtherGrainAEZ02,OtherGrainAEZ02,1975,NH3_AWB,3.07686712290437e-08
South America_Northern,OtherGrain,OtherGrainAEZ03,OtherGrainAEZ03,1975,NH3_AWB,3.06818358445776e-09
South America_Northern,OtherGrain,OtherGrainAEZ04,OtherGrainAEZ04,1975,NH3_AWB,7.97649580113004e-06
South America_Northern,OtherGrain,OtherGrainAEZ05,OtherGrainAEZ05,1975,NH3_AWB,5.78616006336502e-06
South America_Northern,OtherGrain,OtherGrainAEZ06,OtherGrainAEZ06,1975,NH3_AWB,4.34900550532809e-07
South America_Northern,PalmFruit,PalmFruitAEZ01,PalmFruitAEZ01,1975,NH3_AWB,0
South America_Northern,PalmFruit,PalmFruitAEZ02,PalmFruitAEZ02,1975,NH3_AWB,0
South America_Northern,PalmFruit,PalmFruitAEZ03,PalmFruitAEZ03,1975,NH3_AWB,0
South America_Northern,PalmFruit,PalmFruitAEZ04,PalmFruitAEZ04,1975,NH3_AWB,8.65501261348422e-06
South America_Northern,PalmFruit,PalmFruitAEZ05,PalmFruitAEZ05,1975,NH3_AWB,1.53366929854208e-05
South America_Northern,PalmFruit,PalmFruitAEZ06,PalmFruitAEZ06,1975,NH3_AWB,4.35965852876466e-06
South America_Northern,Rice,RiceAEZ01,RiceAEZ01,1975,NH3_AWB,0
South America_Northern,Rice,RiceAEZ02,RiceAEZ02,1975,NH3_AWB,0
South America_Northern,Rice,RiceAEZ03,RiceAEZ03,1975,NH3_AWB,0
South America_Northern,Rice,RiceAEZ04,RiceAEZ04,1975,NH3_AWB,1.00009568261486e-05
South America_Northern,Rice,RiceAEZ05,RiceAEZ05,1975,NH3_AWB,4.28420576661779e-05
South America_Northern,Rice,RiceAEZ06,RiceAEZ06,1975,NH3_AWB,5.20179351747876e-05
South America_Northern,Root_Tuber,Root_TuberAEZ01,Root_TuberAEZ01,1975,NH3_AWB,0
South America_Northern,Root_Tuber,Root_TuberAEZ02,Root_TuberAEZ02,1975,NH3_AWB,2.08438601636821e-07
South America_Northern,Root_Tuber,Root_TuberAEZ03,Root_TuberAEZ03,1975,NH3_AWB,3.71522055982522e-07
South America_Northern,Root_Tuber,Root_TuberAEZ04,Root_TuberAEZ04,1975,NH3_AWB,1.30750598914447e-05
South America_Northern,Root_Tuber,Root_TuberAEZ05,Root_TuberAEZ05,1975,NH3_AWB,4.71268266360566e-05
South America_Northern,Root_Tuber,Root_TuberAEZ06,Root_TuberAEZ06,1975,NH3_AWB,1.85722012810795e-05
South America_Northern,SugarCrop,SugarCropAEZ01,SugarCropAEZ01,1975,NH3_AWB,0
South America_Northern,SugarCrop,SugarCropAEZ02,SugarCropAEZ02,1975,NH3_AWB,4.26892801797794e-06
South America_Northern,SugarCrop,SugarCropAEZ03,SugarCropAEZ03,1975,NH3_AWB,4.9290939258055e-06
South America_Northern,SugarCrop,SugarCropAEZ04,SugarCropAEZ04,1975,NH3_AWB,0.000384455444501474
South America_Northern,SugarCrop,SugarCropAEZ05,SugarCropAEZ05,1975,NH3_AWB,0.000544616473877565
South America_Northern,SugarCrop,SugarCropAEZ06,SugarCropAEZ06,1975,NH3_AWB,0.000357445255520766
South America_Northern,Wheat,WheatAEZ01,WheatAEZ01,1975,NH3_AWB,0
South America_Northern,Wheat,WheatAEZ02,WheatAEZ02,1975,NH3_AWB,0
South America_Northern,Wheat,WheatAEZ03,WheatAEZ03,1975,NH3_AWB,0
South America_Northern,Wheat,WheatAEZ04,WheatAEZ04,1975,NH3_AWB,0
South America_Northern,Wheat,WheatAEZ05,WheatAEZ05,1975,NH3_AWB,0
South America_Northern,Wheat,WheatAEZ06,WheatAEZ06,1975,NH3_AWB,0
South America_Northern,Corn,CornAEZ01,CornAEZ01,1975,NMVOC_AWB,4.34985722567703e-07
South America_Northern,Corn,CornAEZ02,CornAEZ02,1975,NMVOC_AWB,2.59534543560731e-06
South America_Northern,Corn,CornAEZ03,CornAEZ03,1975,NMVOC_AWB,3.99009459798945e-07
South America_Northern,Corn,CornAEZ04,CornAEZ04,1975,NMVOC_AWB,0.000194861116081934
South America_Northern,Corn,CornAEZ05,CornAEZ05,1975,NMVOC_AWB,0.000200926535590052
South America_Northern,Corn,CornAEZ06,CornAEZ06,1975,NMVOC_AWB,2.58253075027398e-05
South America_Northern,FiberCrop,FiberCropAEZ01,FiberCropAEZ01,1975,NMVOC_AWB,0
South America_Northern,FiberCrop,FiberCropAEZ02,FiberCropAEZ02,1975,NMVOC_AWB,0
South America_Northern,FiberCrop,FiberCropAEZ03,FiberCropAEZ03,1975,NMVOC_AWB,0
South America_Northern,FiberCrop,FiberCropAEZ04,FiberCropAEZ04,1975,NMVOC_AWB,1.83708596118577e-05
South America_Northern,FiberCrop,FiberCropAEZ05,FiberCropAEZ05,1975,NMVOC_AWB,3.82402199044969e-05
South America_Northern,FiberCrop,FiberCropAEZ06,FiberCropAEZ06,1975,NMVOC_AWB,2.57969737450972e-06
South America_Northern,FodderGrass,FodderGrassAEZ01,FodderGrassAEZ01,1975,NMVOC_AWB,0
South America_Northern,FodderGrass,FodderGrassAEZ02,FodderGrassAEZ02,1975,NMVOC_AWB,0
South America_Northern,FodderGrass,FodderGrassAEZ03,FodderGrassAEZ03,1975,NMVOC_AWB,0
South America_Northern,FodderGrass,FodderGrassAEZ04,FodderGrassAEZ04,1975,NMVOC_AWB,0
South America_Northern,FodderGrass,FodderGrassAEZ05,FodderGrassAEZ05,1975,NMVOC_AWB,0
South America_Northern,FodderGrass,FodderGrassAEZ06,FodderGrassAEZ06,1975,NMVOC_AWB,0
South America_Northern,FodderHerb,FodderHerbAEZ01,FodderHerbAEZ01,1975,NMVOC_AWB,0
South America_Northern,FodderHerb,FodderHerbAEZ02,FodderHerbAEZ02,1975,NMVOC_AWB,0
South America_Northern,FodderHerb,FodderHerbAEZ03,FodderHerbAEZ03,1975,NMVOC_AWB,0
South America_Northern,FodderHerb,FodderHerbAEZ04,FodderHerbAEZ04,1975,NMVOC_AWB,0
South America_Northern,FodderHerb,FodderHerbAEZ05,FodderHerbAEZ05,1975,NMVOC_AWB,0
South America_Northern,FodderHerb,FodderHerbAEZ06,FodderHerbAEZ06,1975,NMVOC_AWB,0
South America_Northern,MiscCrop,MiscCropAEZ01,MiscCropAEZ01,1975,NMVOC_AWB,1.14446399923585e-08
South America_Northern,MiscCrop,MiscCropAEZ02,MiscCropAEZ02,1975,NMVOC_AWB,1.23745169917376e-06
South America_Northern,MiscCrop,MiscCropAEZ03,MiscCropAEZ03,1975,NMVOC_AWB,1.01213534932421e-06
South America_Northern,MiscCrop,MiscCropAEZ04,MiscCropAEZ04,1975,NMVOC_AWB,0.000364180604486839
South America_Northern,MiscCrop,MiscCropAEZ05,MiscCropAEZ05,1975,NMVOC_AWB,0.00120710409036402
South America_Northern,MiscCrop,MiscCropAEZ06,MiscCropAEZ06,1975,NMVOC_AWB,0.000157367376344927
South America_Northern,OilCrop,OilCropAEZ01,OilCropAEZ01,1975,NMVOC_AWB,0
South America_Northern,OilCrop,OilCropAEZ02,OilCropAEZ02,1975,NMVOC_AWB,8.113117143145e-08
South America_Northern,OilCrop,OilCropAEZ03,OilCropAEZ03,1975,NMVOC_AWB,0
South America_Northern,OilCrop,OilCropAEZ04,OilCropAEZ04,1975,NMVOC_AWB,2.33425970375628e-05
South America_Northern,OilCrop,OilCropAEZ05,OilCropAEZ05,1975,NMVOC_AWB,3.86725250489911e-05
South America_Northern,OilCrop,OilCropAEZ06,OilCropAEZ06,1975,NMVOC_AWB,6.80342823289442e-06
South America_Northern,OtherGrain,OtherGrainAEZ01,OtherGrainAEZ01,1975,NMVOC_AWB,9.32873275837329e-09
South America_Northern,OtherGrain,OtherGrainAEZ02,OtherGrainAEZ02,1975,NMVOC_AWB,1.65274048702515e-07
South America_Northern,OtherGrain,OtherGrainAEZ03,OtherGrainAEZ03,1975,NMVOC_AWB,1.64807612064595e-08
South America_Northern,OtherGrain,OtherGrainAEZ04,OtherGrainAEZ04,1975,NMVOC_AWB,4.28457812070537e-05
South America_Northern,OtherGrain,OtherGrainAEZ05,OtherGrainAEZ05,1975,NMVOC_AWB,3.10803834521931e-05
South America_Northern,OtherGrain,OtherGrainAEZ06,OtherGrainAEZ06,1975,NMVOC_AWB,2.33607016157598e-06
South America_Northern,PalmFruit,PalmFruitAEZ01,PalmFruitAEZ01,1975,NMVOC_AWB,0
South America_Northern,PalmFruit,PalmFruitAEZ02,PalmFruitAEZ02,1975,NMVOC_AWB,0
South America_Northern,PalmFruit,PalmFruitAEZ03,PalmFruitAEZ03,1975,NMVOC_AWB,0
South America_Northern,PalmFruit,PalmFruitAEZ04,PalmFruitAEZ04,1975,NMVOC_AWB,4.64904371577678e-05
South America_Northern,PalmFruit,PalmFruitAEZ05,PalmFruitAEZ05,1975,NMVOC_AWB,8.2381111765896e-05
South America_Northern,PalmFruit,PalmFruitAEZ06,PalmFruitAEZ06,1975,NMVOC_AWB,2.34179243765731e-05
South America_Northern,Rice,RiceAEZ01,RiceAEZ01,1975,NMVOC_AWB,0
South America_Northern,Rice,RiceAEZ02,RiceAEZ02,1975,NMVOC_AWB,0
South America_Northern,Rice,RiceAEZ03,RiceAEZ03,1975,NMVOC_AWB,0
South America_Northern,Rice,RiceAEZ04,RiceAEZ04,1975,NMVOC_AWB,5.37201822351172e-05
South America_Northern,Rice,RiceAEZ05,RiceAEZ05,1975,NMVOC_AWB,0.000230126295429753
South America_Northern,Rice,RiceAEZ06,RiceAEZ06,1975,NMVOC_AWB,0.000279414560592623
South America_Northern,Root_Tuber,Root_TuberAEZ01,Root_TuberAEZ01,1975,NMVOC_AWB,0
South America_Northern,Root_Tuber,Root_TuberAEZ02,Root_TuberAEZ02,1975,NMVOC_AWB,1.11962883746146e-06
South America_Northern,Root_Tuber,Root_TuberAEZ03,Root_TuberAEZ03,1975,NMVOC_AWB,1.99563230785714e-06
South America_Northern,Root_Tuber,Root_TuberAEZ04,Root_TuberAEZ04,1975,NMVOC_AWB,7.02327399581404e-05
South America_Northern,Root_Tuber,Root_TuberAEZ05,Root_TuberAEZ05,1975,NMVOC_AWB,0.000253141950221446
South America_Northern,Root_Tuber,Root_TuberAEZ06,Root_TuberAEZ06,1975,NMVOC_AWB,9.97606583720338e-05
South America_Northern,SugarCrop,SugarCropAEZ01,SugarCropAEZ01,1975,NMVOC_AWB,0
South America_Northern,SugarCrop,SugarCropAEZ02,SugarCropAEZ02,1975,NMVOC_AWB,2.2930565051013e-05
South America_Northern,SugarCrop,SugarCropAEZ03,SugarCropAEZ03,1975,NMVOC_AWB,2.64766490398152e-05
South America_Northern,SugarCrop,SugarCropAEZ04,SugarCropAEZ04,1975,NMVOC_AWB,0.00206510405943385
South America_Northern,SugarCrop,SugarCropAEZ05,SugarCropAEZ05,1975,NMVOC_AWB,0.00292540971164423
South America_Northern,SugarCrop,SugarCropAEZ06,SugarCropAEZ06,1975,NMVOC_AWB,0.00192001871415421
South America_Northern,Wheat,WheatAEZ01,WheatAEZ01,1975,NMVOC_AWB,0
South America_Northern,Wheat,WheatAEZ02,WheatAEZ02,1975,NMVOC_AWB,0
South America_Northern,Wheat,WheatAEZ03,WheatAEZ03,1975,NMVOC_AWB,0
South America_Northern,Wheat,WheatAEZ04,WheatAEZ04,1975,NMVOC_AWB,0
South America_Northern,Wheat,WheatAEZ05,WheatAEZ05,1975,NMVOC_AWB,0
South America_Northern,Wheat,WheatAEZ06,WheatAEZ06,1975,NMVOC_AWB,0
South America_Northern,Corn,CornAEZ01,CornAEZ01,1975,NOx_AWB,2.36425240834352e-07
South America_Northern,Corn,CornAEZ02,CornAEZ02,1975,NOx_AWB,1.41063289627004e-06
South America_Northern,Corn,CornAEZ03,CornAEZ03,1975,NOx_AWB,2.168712735473e-07
South America_Northern,Corn,CornAEZ04,CornAEZ04,1975,NOx_AWB,0.000105911720566303
South America_Northern,Corn,CornAEZ05,CornAEZ05,1975,NOx_AWB,0.000109208422489077
South America_Northern,Corn,CornAEZ06,CornAEZ06,1975,NOx_AWB,1.403667805443e-05
South America_Northern,FiberCrop,FiberCropAEZ01,FiberCropAEZ01,1975,NOx_AWB,0
South America_Northern,FiberCrop,FiberCropAEZ02,FiberCropAEZ02,1975,NOx_AWB,0
South America_Northern,FiberCrop,FiberCropAEZ03,FiberCropAEZ03,1975,NOx_AWB,0
South America_Northern,FiberCrop,FiberCropAEZ04,FiberCropAEZ04,1975,NOx_AWB,9.98500567427594e-06
South America_Northern,FiberCrop,FiberCropAEZ05,FiberCropAEZ05,1975,NOx_AWB,2.07844826425817e-05
South America_Northern,FiberCrop,FiberCropAEZ06,FiberCropAEZ06,1975,NOx_AWB,1.40212779731702e-06
South America_Northern,FodderGrass,FodderGrassAEZ01,FodderGrassAEZ01,1975,NOx_AWB,0
South America_Northern,FodderGrass,FodderGrassAEZ02,FodderGrassAEZ02,1975,NOx_AWB,0
South America_Northern,FodderGrass,FodderGrassAEZ03,FodderGrassAEZ03,1975,NOx_AWB,0
South America_Northern,FodderGrass,FodderGrassAEZ04,FodderGrassAEZ04,1975,NOx_AWB,0
South America_Northern,FodderGrass,FodderGrassAEZ05,FodderGrassAEZ05,1975,NOx_AWB,0
South America_Northern,FodderGrass,FodderGrassAEZ06,FodderGrassAEZ06,1975,NOx_AWB,0
South America_Northern,FodderHerb,FodderHerbAEZ01,FodderHerbAEZ01,1975,NOx_AWB,0
South America_Northern,FodderHerb,FodderHerbAEZ02,FodderHerbAEZ02,1975,NOx_AWB,0
South America_Northern,FodderHerb,FodderHerbAEZ03,FodderHerbAEZ03,1975,NOx_AWB,0
South America_Northern,FodderHerb,FodderHerbAEZ04,FodderHerbAEZ04,1975,NOx_AWB,0
South America_Northern,FodderHerb,FodderHerbAEZ05,FodderHerbAEZ05,1975,NOx_AWB,0
South America_Northern,FodderHerb,FodderHerbAEZ06,FodderHerbAEZ06,1975,NOx_AWB,0
South America_Northern,MiscCrop,MiscCropAEZ01,MiscCropAEZ01,1975,NOx_AWB,6.22043811112598e-09
South America_Northern,MiscCrop,MiscCropAEZ02,MiscCropAEZ02,1975,NOx_AWB,6.72584870765496e-07
South America_Northern,MiscCrop,MiscCropAEZ03,MiscCropAEZ03,1975,NOx_AWB,5.50119995452705e-07
South America_Northern,MiscCrop,MiscCropAEZ04,MiscCropAEZ04,1975,NOx_AWB,0.000197940949911522
South America_Northern,MiscCrop,MiscCropAEZ05,MiscCropAEZ05,1975,NOx_AWB,0.000656090212781697
South America_Northern,MiscCrop,MiscCropAEZ06,MiscCropAEZ06,1975,NOx_AWB,8.55329679148919e-05
South America_Northern,OilCrop,OilCropAEZ01,OilCropAEZ01,1975,NOx_AWB,0
South America_Northern,OilCrop,OilCropAEZ02,OilCropAEZ02,1975,NOx_AWB,4.40967501913082e-08
South America_Northern,OilCrop,OilCropAEZ03,OilCropAEZ03,1975,NOx_AWB,0
South America_Northern,OilCrop,OilCropAEZ04,OilCropAEZ04,1975,NOx_AWB,1.26872649836135e-05
South America_Northern,OilCrop,OilCropAEZ05,OilCropAEZ05,1975,NOx_AWB,2.10194509245235e-05
South America_Northern,OilCrop,OilCropAEZ06,OilCropAEZ06,1975,NOx_AWB,3.69782748032825e-06
South America_Northern,OtherGrain,OtherGrainAEZ01,OtherGrainAEZ01,1975,NOx_AWB,5.0703914511457e-09
South America_Northern,OtherGrain,OtherGrainAEZ02,OtherGrainAEZ02,1975,NOx_AWB,8.98304352094655e-08
South America_Northern,OtherGrain,OtherGrainAEZ03,OtherGrainAEZ03,1975,NOx_AWB,8.95769156369075e-09
South America_Northern,OtherGrain,OtherGrainAEZ04,OtherGrainAEZ04,1975,NOx_AWB,2.32877163894431e-05
South America_Northern,OtherGrain,OtherGrainAEZ05,OtherGrainAEZ05,1975,NOx_AWB,1.6892938691258e-05
South America_Northern,OtherGrain,OtherGrainAEZ06,OtherGrainAEZ06,1975,NOx_AWB,1.26971052589107e-06
South America_Northern,PalmFruit,PalmFruitAEZ01,PalmFruitAEZ01,1975,NOx_AWB,0
South America_Northern,PalmFruit,PalmFruitAEZ02,PalmFruitAEZ02,1975,NOx_AWB,0
South America_Northern,PalmFruit,PalmFruitAEZ03,PalmFruitAEZ03,1975,NOx_AWB,0
South America_Northern,PalmFruit,PalmFruitAEZ04,PalmFruitAEZ04,1975,NOx_AWB,2.52686748811826e-05
South America_Northern,PalmFruit,PalmFruitAEZ05,PalmFruitAEZ05,1975,NOx_AWB,4.47761229368216e-05
South America_Northern,PalmFruit,PalmFruitAEZ06,PalmFruitAEZ06,1975,NOx_AWB,1.27282072107785e-05
South America_Northern,Rice,RiceAEZ01,RiceAEZ01,1975,NOx_AWB,0
South America_Northern,Rice,RiceAEZ02,RiceAEZ02,1975,NOx_AWB,0
South America_Northern,Rice,RiceAEZ03,RiceAEZ03,1975,NOx_AWB,0
South America_Northern,Rice,RiceAEZ04,RiceAEZ04,1975,NOx_AWB,2.91982158578229e-05
South America_Northern,Rice,RiceAEZ05,RiceAEZ05,1975,NOx_AWB,0.000125079196848417
South America_Northern,Rice,RiceAEZ06,RiceAEZ06,1975,NOx_AWB,0.000151868558790349
South America_Northern,Root_Tuber,Root_TuberAEZ01,Root_TuberAEZ01,1975,NOx_AWB,0
South America_Northern,Root_Tuber,Root_TuberAEZ02,Root_TuberAEZ02,1975,NOx_AWB,6.0854530116379e-07
South America_Northern,Root_Tuber,Root_TuberAEZ03,Root_TuberAEZ03,1975,NOx_AWB,1.08467433417542e-06
South America_Northern,Root_Tuber,Root_TuberAEZ04,Root_TuberAEZ04,1975,NOx_AWB,3.81731895958386e-05
South America_Northern,Root_Tuber,Root_TuberAEZ05,Root_TuberAEZ05,1975,NOx_AWB,0.000137588760828967
South America_Northern,Root_Tuber,Root_TuberAEZ06,Root_TuberAEZ06,1975,NOx_AWB,5.42223260620481e-05
South America_Northern,SugarCrop,SugarCropAEZ01,SugarCropAEZ01,1975,NOx_AWB,0
South America_Northern,SugarCrop,SugarCropAEZ02,SugarCropAEZ02,1975,NOx_AWB,1.24633156524114e-05
South America_Northern,SugarCrop,SugarCropAEZ03,SugarCropAEZ03,1975,NOx_AWB,1.43906979033102e-05
South America_Northern,SugarCrop,SugarCropAEZ04,SugarCropAEZ04,1975,NOx_AWB,0.00112243390821559
South America_Northern,SugarCrop,SugarCropAEZ05,SugarCropAEZ05,1975,NOx_AWB,0.00159003079809588
South America_Northern,SugarCrop,SugarCropAEZ06,SugarCropAEZ06,1975,NOx_AWB,0.0010435765206747
South America_Northern,Wheat,WheatAEZ01,WheatAEZ01,1975,NOx_AWB,0
South America_Northern,Wheat,WheatAEZ02,WheatAEZ02,1975,NOx_AWB,0
South America_Northern,Wheat,WheatAEZ03,WheatAEZ03,1975,NOx_AWB,0
South America_Northern,Wheat,WheatAEZ04,WheatAEZ04,1975,NOx_AWB,0
South America_Northern,Wheat,WheatAEZ05,WheatAEZ05,1975,NOx_AWB,0
South America_Northern,Wheat,WheatAEZ06,WheatAEZ06,1975,NOx_AWB,0
South America_Northern,Corn,CornAEZ01,CornAEZ01,1975,SO2_AWB,3.38267024006251e-08
South America_Northern,Corn,CornAEZ02,CornAEZ02,1975,SO2_AWB,2.01827262648706e-07
South America_Northern,Corn,CornAEZ03,CornAEZ03,1975,SO2_AWB,3.10290052095959e-08
South America_Northern,Corn,CornAEZ04,CornAEZ04,1975,SO2_AWB,1.51533915739758e-05
South America_Northern,Corn,CornAEZ05,CornAEZ05,1975,SO2_AWB,1.56250694475045e-05
South America_Northern,Corn,CornAEZ06,CornAEZ06,1975,SO2_AWB,2.00830727533555e-06
South America_Northern,FiberCrop,FiberCropAEZ01,FiberCropAEZ01,1975,SO2_AWB,0
South America_Northern,FiberCrop,FiberCropAEZ02,FiberCropAEZ02,1975,SO2_AWB,0
South America_Northern,FiberCrop,FiberCropAEZ03,FiberCropAEZ03,1975,SO2_AWB,0
South America_Northern,FiberCrop,FiberCropAEZ04,FiberCropAEZ04,1975,SO2_AWB,1.42861148928228e-06
South America_Northern,FiberCrop,FiberCropAEZ05,FiberCropAEZ05,1975,SO2_AWB,2.97375401382868e-06
South America_Northern,FiberCrop,FiberCropAEZ06,FiberCropAEZ06,1975,SO2_AWB,2.00610389821777e-07
South America_Northern,FodderGrass,FodderGrassAEZ01,FodderGrassAEZ01,1975,SO2_AWB,0
South America_Northern,FodderGrass,FodderGrassAEZ02,FodderGrassAEZ02,1975,SO2_AWB,0
South America_Northern,FodderGrass,FodderGrassAEZ03,FodderGrassAEZ03,1975,SO2_AWB,0
South America_Northern,FodderGrass,FodderGrassAEZ04,FodderGrassAEZ04,1975,SO2_AWB,0
South America_Northern,FodderGrass,FodderGrassAEZ05,FodderGrassAEZ05,1975,SO2_AWB,0
South America_Northern,FodderGrass,FodderGrassAEZ06,FodderGrassAEZ06,1975,SO2_AWB,0
South America_Northern,FodderHerb,FodderHerbAEZ01,FodderHerbAEZ01,1975,SO2_AWB,0
South America_Northern,FodderHerb,FodderHerbAEZ02,FodderHerbAEZ02,1975,SO2_AWB,0
South America_Northern,FodderHerb,FodderHerbAEZ03,FodderHerbAEZ03,1975,SO2_AWB,0
South America_Northern,FodderHerb,FodderHerbAEZ04,FodderHerbAEZ04,1975,SO2_AWB,0
South America_Northern,FodderHerb,FodderHerbAEZ05,FodderHerbAEZ05,1975,SO2_AWB,0
South America_Northern,FodderHerb,FodderHerbAEZ06,FodderHerbAEZ06,1975,SO2_AWB,0
South America_Northern,MiscCrop,MiscCropAEZ01,MiscCropAEZ01,1975,SO2_AWB,8.89993420516342e-10
South America_Northern,MiscCrop,MiscCropAEZ02,MiscCropAEZ02,1975,SO2_AWB,9.62305385933293e-08
South America_Northern,MiscCrop,MiscCropAEZ03,MiscCropAEZ03,1975,SO2_AWB,7.87087931269141e-08
South America_Northern,MiscCrop,MiscCropAEZ04,MiscCropAEZ04,1975,SO2_AWB,2.83205362588393e-05
South America_Northern,MiscCrop,MiscCropAEZ05,MiscCropAEZ05,1975,SO2_AWB,9.38705541650634e-05
South America_Northern,MiscCrop,MiscCropAEZ06,MiscCropAEZ06,1975,SO2_AWB,1.22376876550436e-05
South America_Northern,OilCrop,OilCropAEZ01,OilCropAEZ01,1975,SO2_AWB,0
South America_Northern,OilCrop,OilCropAEZ02,OilCropAEZ02,1975,SO2_AWB,6.30917257519551e-09
South America_Northern,OilCrop,OilCropAEZ03,OilCropAEZ03,1975,SO2_AWB,0
South America_Northern,OilCrop,OilCropAEZ04,OilCropAEZ04,1975,SO2_AWB,1.81523908092053e-06
South America_Northern,OilCrop,OilCropAEZ05,OilCropAEZ05,1975,SO2_AWB,3.00737226084318e-06
South America_Northern,OilCrop,OilCropAEZ06,OilCropAEZ06,1975,SO2_AWB,5.29069185948535e-07
South America_Northern,OtherGrain,OtherGrainAEZ01,OtherGrainAEZ01,1975,SO2_AWB,7.25449711153084e-10
South America_Northern,OtherGrain,OtherGrainAEZ02,OtherGrainAEZ02,1975,SO2_AWB,1.28525507159289e-08
South America_Northern,OtherGrain,OtherGrainAEZ03,OtherGrainAEZ03,1975,SO2_AWB,1.28162782303712e-09
South America_Northern,OtherGrain,OtherGrainAEZ04,OtherGrainAEZ04,1975,SO2_AWB,3.33190588752651e-06
South America_Northern,OtherGrain,OtherGrainAEZ05,OtherGrainAEZ05,1975,SO2_AWB,2.41696871182022e-06
South America_Northern,OtherGrain,OtherGrainAEZ06,OtherGrainAEZ06,1975,SO2_AWB,1.81664698501251e-07
South America_Northern,PalmFruit,PalmFruitAEZ01,PalmFruitAEZ01,1975,SO2_AWB,0
South America_Northern,PalmFruit,PalmFruitAEZ02,PalmFruitAEZ02,1975,SO2_AWB,0
South America_Northern,PalmFruit,PalmFruitAEZ03,PalmFruitAEZ03,1975,SO2_AWB,0
South America_Northern,PalmFruit,PalmFruitAEZ04,PalmFruitAEZ04,1975,SO2_AWB,3.61533287328989e-06
South America_Northern,PalmFruit,PalmFruitAEZ05,PalmFruitAEZ05,1975,SO2_AWB,6.40637429359274e-06
South America_Northern,PalmFruit,PalmFruitAEZ06,PalmFruitAEZ06,1975,SO2_AWB,1.82109691796468e-06
South America_Northern,Rice,RiceAEZ01,RiceAEZ01,1975,SO2_AWB,0
South America_Northern,Rice,RiceAEZ02,RiceAEZ02,1975,SO2_AWB,0
South America_Northern,Rice,RiceAEZ03,RiceAEZ03,1975,SO2_AWB,0
South America_Northern,Rice,RiceAEZ04,RiceAEZ04,1975,SO2_AWB,4.17755462558158e-06
South America_Northern,Rice,RiceAEZ05,RiceAEZ05,1975,SO2_AWB,1.78957913011708e-05
South America_Northern,Rice,RiceAEZ06,RiceAEZ06,1975,SO2_AWB,2.17286975116683e-05
South America_Northern,Root_Tuber,Root_TuberAEZ01,Root_TuberAEZ01,1975,SO2_AWB,0
South America_Northern,Root_Tuber,Root_TuberAEZ02,Root_TuberAEZ02,1975,SO2_AWB,8.70680335446456e-08
South America_Northern,Root_Tuber,Root_TuberAEZ03,Root_TuberAEZ03,1975,SO2_AWB,1.55190519312847e-07
South America_Northern,Root_Tuber,Root_TuberAEZ04,Root_TuberAEZ04,1975,SO2_AWB,5.46165510748397e-06
South America_Northern,Root_Tuber,Root_TuberAEZ05,Root_TuberAEZ05,1975,SO2_AWB,1.96856056900165e-05
South America_Northern,Root_Tuber,Root_TuberAEZ06,Root_TuberAEZ06,1975,SO2_AWB,7.75789624110244e-06
South America_Northern,SugarCrop,SugarCropAEZ01,SugarCropAEZ01,1975,SO2_AWB,0
South America_Northern,SugarCrop,SugarCropAEZ02,SugarCropAEZ02,1975,SO2_AWB,1.78319737778994e-06
South America_Northern,SugarCrop,SugarCropAEZ03,SugarCropAEZ03,1975,SO2_AWB,2.05895890639543e-06
South America_Northern,SugarCrop,SugarCropAEZ04,SugarCropAEZ04,1975,SO2_AWB,0.000160592996092921
South America_Northern,SugarCrop,SugarCropAEZ05,SugarCropAEZ05,1975,SO2_AWB,0.000227494739669957
South America_Northern,SugarCrop,SugarCropAEZ06,SugarCropAEZ06,1975,SO2_AWB,0.000149310421647728
South America_Northern,Wheat,WheatAEZ01,WheatAEZ01,1975,SO2_AWB,0
South America_Northern,Wheat,WheatAEZ02,WheatAEZ02,1975,SO2_AWB,0
South America_Northern,Wheat,WheatAEZ03,WheatAEZ03,1975,SO2_AWB,0
South America_Northern,Wheat,WheatAEZ04,WheatAEZ04,1975,SO2_AWB,0
South America_Northern,Wheat,WheatAEZ05,WheatAEZ05,1975,SO2_AWB,0
South America_Northern,Wheat,WheatAEZ06,WheatAEZ06,1975,SO2_AWB,0
South America_Southern,Corn,CornAEZ01,CornAEZ01,1975,CH4_AWB,1.86500473043533e-05
South America_Southern,Corn,CornAEZ02,CornAEZ02,1975,CH4_AWB,3.45911676121943e-06
South America_Southern,Corn,CornAEZ03,CornAEZ03,1975,CH4_AWB,1.11057527475062e-05
South America_Southern,Corn,CornAEZ04,CornAEZ04,1975,CH4_AWB,1.87333101243924e-05
South America_Southern,Corn,CornAEZ05,CornAEZ05,1975,CH4_AWB,2.54083502615689e-05
South America_Southern,Corn,CornAEZ06,CornAEZ06,1975,CH4_AWB,4.09246770872597e-05
South America_Southern,Corn,CornAEZ07,CornAEZ07,1975,CH4_AWB,1.92931848718674e-05
South America_Southern,Corn,CornAEZ08,CornAEZ08,1975,CH4_AWB,5.24576964699865e-05
South America_Southern,Corn,CornAEZ09,CornAEZ09,1975,CH4_AWB,6.05144047891949e-05
South America_Southern,Corn,CornAEZ10,CornAEZ10,1975,CH4_AWB,8.52600677970737e-05
South America_Southern,Corn,CornAEZ11,CornAEZ11,1975,CH4_AWB,1.75914200210018e-05
South America_Southern,Corn,CornAEZ12,CornAEZ12,1975,CH4_AWB,0.000128286807225032
South America_Southern,Corn,CornAEZ13,CornAEZ13,1975,CH4_AWB,8.15787205670942e-06
South America_Southern,Corn,CornAEZ14,CornAEZ14,1975,CH4_AWB,1.71146903243719e-05
South America_Southern,Corn,CornAEZ15,CornAEZ15,1975,CH4_AWB,1.10472214581719e-05
South America_Southern,Corn,CornAEZ16,CornAEZ16,1975,CH4_AWB,5.82486432690698e-06
South America_Southern,Corn,CornAEZ17,CornAEZ17,1975,CH4_AWB,0
South America_Southern,Corn,CornAEZ18,CornAEZ18,1975,CH4_AWB,0
South America_Southern,FiberCrop,FiberCropAEZ01,FiberCropAEZ01,1975,CH4_AWB,3.9474109119619e-06
South America_Southern,FiberCrop,FiberCropAEZ02,FiberCropAEZ02,1975,CH4_AWB,3.10626024236969e-07
South America_Southern,FiberCrop,FiberCropAEZ03,FiberCropAEZ03,1975,CH4_AWB,2.69286108635134e-06
South America_Southern,FiberCrop,FiberCropAEZ04,FiberCropAEZ04,1975,CH4_AWB,5.29755769057607e-06
South America_Southern,FiberCrop,FiberCropAEZ05,FiberCropAEZ05,1975,CH4_AWB,6.27044249915983e-06
South America_Southern,FiberCrop,FiberCropAEZ06,FiberCropAEZ06,1975,CH4_AWB,6.50648752252805e-06
South America_Southern,FiberCrop,FiberCropAEZ07,FiberCropAEZ07,1975,CH4_AWB,2.67953389719268e-06
South America_Southern,FiberCrop,FiberCropAEZ08,FiberCropAEZ08,1975,CH4_AWB,4.98078065595812e-06
South America_Southern,FiberCrop,FiberCropAEZ09,FiberCropAEZ09,1975,CH4_AWB,4.95207594084715e-06
South America_Southern,FiberCrop,FiberCropAEZ10,FiberCropAEZ10,1975,CH4_AWB,3.88000608987088e-06
South America_Southern,FiberCrop,FiberCropAEZ11,FiberCropAEZ11,1975,CH4_AWB,2.87585364518403e-06
South America_Southern,FiberCrop,FiberCropAEZ12,FiberCropAEZ12,1975,CH4_AWB,4.95099951403047e-05
South America_Southern,FiberCrop,FiberCropAEZ13,FiberCropAEZ13,1975,CH4_AWB,5.19504085089391e-07
South America_Southern,FiberCrop,FiberCropAEZ14,FiberCropAEZ14,1975,CH4_AWB,1.97037365869127e-06
South America_Southern,FiberCrop,FiberCropAEZ15,FiberCropAEZ15,1975,CH4_AWB,2.38146618581677e-06
South America_Southern,FiberCrop,FiberCropAEZ16,FiberCropAEZ16,1975,CH4_AWB,2.39915034066196e-06
South America_Southern,FiberCrop,FiberCropAEZ17,FiberCropAEZ17,1975,CH4_AWB,0
South America_Southern,FiberCrop,FiberCropAEZ18,FiberCropAEZ18,1975,CH4_AWB,0
South America_Southern,FodderGrass,FodderGrassAEZ01,FodderGrassAEZ01,1975,CH4_AWB,1.21045858031958e-07
South America_Southern,FodderGrass,FodderGrassAEZ02,FodderGrassAEZ02,1975,CH4_AWB,2.75264519187656e-10
South America_Southern,FodderGrass,FodderGrassAEZ03,FodderGrassAEZ03,1975,CH4_AWB,6.24086379107699e-08
South America_Southern,FodderGrass,FodderGrassAEZ04,FodderGrassAEZ04,1975,CH4_AWB,8.98358574601636e-07
South America_Southern,FodderGrass,FodderGrassAEZ05,FodderGrassAEZ05,1975,CH4_AWB,3.26527393043916e-07
South America_Southern,FodderGrass,FodderGrassAEZ06,FodderGrassAEZ06,1975,CH4_AWB,9.46804150389622e-07
South America_Southern,FodderGrass,FodderGrassAEZ07,FodderGrassAEZ07,1975,CH4_AWB,4.16305748627653e-07
South America_Southern,FodderGrass,FodderGrassAEZ08,FodderGrassAEZ08,1975,CH4_AWB,6.21314142135099e-07
South America_Southern,FodderGrass,FodderGrassAEZ09,FodderGrassAEZ09,1975,CH4_AWB,1.20645695910648e-06
South America_Southern,FodderGrass,FodderGrassAEZ10,FodderGrassAEZ10,1975,CH4_AWB,4.29719849054513e-06
South America_Southern,FodderGrass,FodderGrassAEZ11,FodderGrassAEZ11,1975,CH4_AWB,1.45635502020032e-06
South America_Southern,FodderGrass,FodderGrassAEZ12,FodderGrassAEZ12,1975,CH4_AWB,3.29670747322904e-05
South America_Southern,FodderGrass,FodderGrassAEZ13,FodderGrassAEZ13,1975,CH4_AWB,1.73142362158072e-07
South America_Southern,FodderGrass,FodderGrassAEZ14,FodderGrassAEZ14,1975,CH4_AWB,1.03689499487592e-07
South America_Southern,FodderGrass,FodderGrassAEZ15,FodderGrassAEZ15,1975,CH4_AWB,2.23003444103452e-08
South America_Southern,FodderGrass,FodderGrassAEZ16,FodderGrassAEZ16,1975,CH4_AWB,3.4822431060793e-08
South America_Southern,FodderGrass,FodderGrassAEZ17,FodderGrassAEZ17,1975,CH4_AWB,2.29419752290921e-09
South America_Southern,FodderGrass,FodderGrassAEZ18,FodderGrassAEZ18,1975,CH4_AWB,8.0424259876536e-10
South America_Southern,FodderHerb,FodderHerbAEZ01,FodderHerbAEZ01,1975,CH4_AWB,0.000113411176390016
South America_Southern,FodderHerb,FodderHerbAEZ02,FodderHerbAEZ02,1975,CH4_AWB,5.81454348328359e-06
South America_Southern,FodderHerb,FodderHerbAEZ03,FodderHerbAEZ03,1975,CH4_AWB,5.1760602101393e-06
South America_Southern,FodderHerb,FodderHerbAEZ04,FodderHerbAEZ04,1975,CH4_AWB,1.16317612420568e-05
South America_Southern,FodderHerb,FodderHerbAEZ05,FodderHerbAEZ05,1975,CH4_AWB,3.00521708144874e-05
South America_Southern,FodderHerb,FodderHerbAEZ06,FodderHerbAEZ06,1975,CH4_AWB,6.15875616723997e-05
South America_Southern,FodderHerb,FodderHerbAEZ07,FodderHerbAEZ07,1975,CH4_AWB,9.34097685765724e-05
South America_Southern,FodderHerb,FodderHerbAEZ08,FodderHerbAEZ08,1975,CH4_AWB,0.000164400417154876
South America_Southern,FodderHerb,FodderHerbAEZ09,FodderHerbAEZ09,1975,CH4_AWB,0.000168905902785995
South America_Southern,FodderHerb,FodderHerbAEZ10,FodderHerbAEZ10,1975,CH4_AWB,0.000300975833551454
South America_Southern,FodderHerb,FodderHerbAEZ11,FodderHerbAEZ11,1975,CH4_AWB,0.000105941590663101
South America_Southern,FodderHerb,FodderHerbAEZ12,FodderHerbAEZ12,1975,CH4_AWB,0.000101253084303161
South America_Southern,FodderHerb,FodderHerbAEZ13,FodderHerbAEZ13,1975,CH4_AWB,2.65448585098645e-05
South America_Southern,FodderHerb,FodderHerbAEZ14,FodderHerbAEZ14,1975,CH4_AWB,6.37020778735903e-05
South America_Southern,FodderHerb,FodderHerbAEZ15,FodderHerbAEZ15,1975,CH4_AWB,6.6747074802947e-05
South America_Southern,FodderHerb,FodderHerbAEZ16,FodderHerbAEZ16,1975,CH4_AWB,6.69663653930949e-05
South America_Southern,FodderHerb,FodderHerbAEZ17,FodderHerbAEZ17,1975,CH4_AWB,0
South America_Southern,FodderHerb,FodderHerbAEZ18,FodderHerbAEZ18,1975,CH4_AWB,0
South America_Southern,MiscCrop,MiscCropAEZ01,MiscCropAEZ01,1975,CH4_AWB,0.000119035735527683
South America_Southern,MiscCrop,MiscCropAEZ02,MiscCropAEZ02,1975,CH4_AWB,0.000120884282412064
South America_Southern,MiscCrop,MiscCropAEZ03,MiscCropAEZ03,1975,CH4_AWB,0.000235843173833968
South America_Southern,MiscCrop,MiscCropAEZ04,MiscCropAEZ04,1975,CH4_AWB,0.000187178191104789
South America_Southern,MiscCrop,MiscCropAEZ05,MiscCropAEZ05,1975,CH4_AWB,0.000119667122121876
South America_Southern,MiscCrop,MiscCropAEZ06,MiscCropAEZ06,1975,CH4_AWB,0.000347941156932945
South America_Southern,MiscCrop,MiscCropAEZ07,MiscCropAEZ07,1975,CH4_AWB,5.21802371588131e-05
South America_Southern,MiscCrop,MiscCropAEZ08,MiscCropAEZ08,1975,CH4_AWB,0.000105545338226875
South America_Southern,MiscCrop,MiscCropAEZ09,MiscCropAEZ09,1975,CH4_AWB,0.000202425297239915
South America_Southern,MiscCrop,MiscCropAEZ10,MiscCropAEZ10,1975,CH4_AWB,0.000453397106124425
South America_Southern,MiscCrop,MiscCropAEZ11,MiscCropAEZ11,1975,CH4_AWB,0.000154943494722401
South America_Southern,MiscCrop,MiscCropAEZ12,MiscCropAEZ12,1975,CH4_AWB,0.000258570795273679
South America_Southern,MiscCrop,MiscCropAEZ13,MiscCropAEZ13,1975,CH4_AWB,2.12055588233095e-05
South America_Southern,MiscCrop,MiscCropAEZ14,MiscCropAEZ14,1975,CH4_AWB,3.31803221712194e-05
South America_Southern,MiscCrop,MiscCropAEZ15,MiscCropAEZ15,1975,CH4_AWB,2.28554293927182e-05
South America_Southern,MiscCrop,MiscCropAEZ16,MiscCropAEZ16,1975,CH4_AWB,2.92038876668434e-05
South America_Southern,MiscCrop,MiscCropAEZ17,MiscCropAEZ17,1975,CH4_AWB,2.80106052696718e-08
South America_Southern,MiscCrop,MiscCropAEZ18,MiscCropAEZ18,1975,CH4_AWB,0
South America_Southern,OilCrop,OilCropAEZ01,OilCropAEZ01,1975,CH4_AWB,4.92949058388362e-07
South America_Southern,OilCrop,OilCropAEZ02,OilCropAEZ02,1975,CH4_AWB,2.6757526302319e-07
South America_Southern,OilCrop,OilCropAEZ03,OilCropAEZ03,1975,CH4_AWB,5.96034801498897e-06
South America_Southern,OilCrop,OilCropAEZ04,OilCropAEZ04,1975,CH4_AWB,1.22820701477882e-05
South America_Southern,OilCrop,OilCropAEZ05,OilCropAEZ05,1975,CH4_AWB,1.17551610937692e-05
South America_Southern,OilCrop,OilCropAEZ06,OilCropAEZ06,1975,CH4_AWB,1.99706580537298e-06
South America_Southern,OilCrop,OilCropAEZ07,OilCropAEZ07,1975,CH4_AWB,1.68356918848484e-08
South America_Southern,OilCrop,OilCropAEZ08,OilCropAEZ08,1975,CH4_AWB,4.63125832763774e-07
South America_Southern,OilCrop,OilCropAEZ09,OilCropAEZ09,1975,CH4_AWB,2.66135410517228e-06
South America_Southern,OilCrop,OilCropAEZ10,OilCropAEZ10,1975,CH4_AWB,6.24899194385666e-06
South America_Southern,OilCrop,OilCropAEZ11,OilCropAEZ11,1975,CH4_AWB,3.73729912254453e-06
South America_Southern,OilCrop,OilCropAEZ12,OilCropAEZ12,1975,CH4_AWB,0.000104202574808204
South America_Southern,OilCrop,OilCropAEZ13,OilCropAEZ13,1975,CH4_AWB,6.73427675393933e-10
South America_Southern,OilCrop,OilCropAEZ14,OilCropAEZ14,1975,CH4_AWB,1.25065139716016e-09
South America_Southern,OilCrop,OilCropAEZ15,OilCropAEZ15,1975,CH4_AWB,0
South America_Southern,OilCrop,OilCropAEZ16,OilCropAEZ16,1975,CH4_AWB,1.47512728895814e-09
South America_Southern,OilCrop,OilCropAEZ17,OilCropAEZ17,1975,CH4_AWB,0
South America_Southern,OilCrop,OilCropAEZ18,OilCropAEZ18,1975,CH4_AWB,0
South America_Southern,OtherGrain,OtherGrainAEZ01,OtherGrainAEZ01,1975,CH4_AWB,6.76587740669258e-07
South America_Southern,OtherGrain,OtherGrainAEZ02,OtherGrainAEZ02,1975,CH4_AWB,6.26130914328428e-08
South America_Southern,OtherGrain,OtherGrainAEZ03,OtherGrainAEZ03,1975,CH4_AWB,3.8193985774034e-06
South America_Southern,OtherGrain,OtherGrainAEZ04,OtherGrainAEZ04,1975,CH4_AWB,7.96918112662267e-06
South America_Southern,OtherGrain,OtherGrainAEZ05,OtherGrainAEZ05,1975,CH4_AWB,8.49473143662814e-06
South America_Southern,OtherGrain,OtherGrainAEZ06,OtherGrainAEZ06,1975,CH4_AWB,2.48853733609681e-06
South America_Southern,OtherGrain,OtherGrainAEZ07,OtherGrainAEZ07,1975,CH4_AWB,1.45358956148214e-06
South America_Southern,OtherGrain,OtherGrainAEZ08,OtherGrainAEZ08,1975,CH4_AWB,6.36438761029738e-06
South America_Southern,OtherGrain,OtherGrainAEZ09,OtherGrainAEZ09,1975,CH4_AWB,9.87088725471593e-06
South America_Southern,OtherGrain,OtherGrainAEZ10,OtherGrainAEZ10,1975,CH4_AWB,2.53468118619268e-05
South America_Southern,OtherGrain,OtherGrainAEZ11,OtherGrainAEZ11,1975,CH4_AWB,2.79122833688799e-05
South America_Southern,OtherGrain,OtherGrainAEZ12,OtherGrainAEZ12,1975,CH4_AWB,7.67513273073938e-05
South America_Southern,OtherGrain,OtherGrainAEZ13,OtherGrainAEZ13,1975,CH4_AWB,1.38764598646244e-06
South America_Southern,OtherGrain,OtherGrainAEZ14,OtherGrainAEZ14,1975,CH4_AWB,3.48818198469084e-06
South America_Southern,OtherGrain,OtherGrainAEZ15,OtherGrainAEZ15,1975,CH4_AWB,6.00669367306934e-06
South America_Southern,OtherGrain,OtherGrainAEZ16,OtherGrainAEZ16,1975,CH4_AWB,3.85120469565786e-06
South America_Southern,OtherGrain,OtherGrainAEZ17,OtherGrainAEZ17,1975,CH4_AWB,0
South America_Southern,OtherGrain,OtherGrainAEZ18,OtherGrainAEZ18,1975,CH4_AWB,0
South America_Southern,PalmFruit,PalmFruitAEZ01,PalmFruitAEZ01,1975,CH4_AWB,5.85194110074968e-07
South America_Southern,PalmFruit,PalmFruitAEZ02,PalmFruitAEZ02,1975,CH4_AWB,3.3492471968474e-06
South America_Southern,PalmFruit,PalmFruitAEZ03,PalmFruitAEZ03,1975,CH4_AWB,7.21648185674601e-06
South America_Southern,PalmFruit,PalmFruitAEZ04,PalmFruitAEZ04,1975,CH4_AWB,7.76832774100312e-06
South America_Southern,PalmFruit,PalmFruitAEZ05,PalmFruitAEZ05,1975,CH4_AWB,7.86758393467519e-06
South America_Southern,PalmFruit,PalmFruitAEZ06,PalmFruitAEZ06,1975,CH4_AWB,2.14859511390726e-05
South America_Southern,PalmFruit,PalmFruitAEZ07,PalmFruitAEZ07,1975,CH4_AWB,3.042619768639e-08
South America_Southern,PalmFruit,PalmFruitAEZ08,PalmFruitAEZ08,1975,CH4_AWB,1.19561970115816e-06
South America_Southern,PalmFruit,PalmFruitAEZ09,PalmFruitAEZ09,1975,CH4_AWB,1.70103780510418e-06
South America_Southern,PalmFruit,PalmFruitAEZ10,PalmFruitAEZ10,1975,CH4_AWB,3.80707798550951e-06
South America_Southern,PalmFruit,PalmFruitAEZ11,PalmFruitAEZ11,1975,CH4_AWB,6.62924696511891e-06
South America_Southern,PalmFruit,PalmFruitAEZ12,PalmFruitAEZ12,1975,CH4_AWB,6.08834709100507e-06
South America_Southern,PalmFruit,PalmFruitAEZ13,PalmFruitAEZ13,1975,CH4_AWB,8.90522859113847e-09
South America_Southern,PalmFruit,PalmFruitAEZ14,PalmFruitAEZ14,1975,CH4_AWB,8.73361741516343e-08
South America_Southern,PalmFruit,PalmFruitAEZ15,PalmFruitAEZ15,1975,CH4_AWB,9.83285656938206e-09
South America_Southern,PalmFruit,PalmFruitAEZ16,PalmFruitAEZ16,1975,CH4_AWB,0
South America_Southern,PalmFruit,PalmFruitAEZ17,PalmFruitAEZ17,1975,CH4_AWB,0
South America_Southern,PalmFruit,PalmFruitAEZ18,PalmFruitAEZ18,1975,CH4_AWB,0
South America_Southern,Rice,RiceAEZ01,RiceAEZ01,1975,CH4_AWB,1.75337529785259e-05
South America_Southern,Rice,RiceAEZ02,RiceAEZ02,1975,CH4_AWB,8.22805780970027e-06
South America_Southern,Rice,RiceAEZ03,RiceAEZ03,1975,CH4_AWB,1.42783216791338e-05
South America_Southern,Rice,RiceAEZ04,RiceAEZ04,1975,CH4_AWB,2.08732281648583e-05
South America_Southern,Rice,RiceAEZ05,RiceAEZ05,1975,CH4_AWB,2.70226482903833e-05
South America_Southern,Rice,RiceAEZ06,RiceAEZ06,1975,CH4_AWB,1.08953013658793e-05
South America_Southern,Rice,RiceAEZ07,RiceAEZ07,1975,CH4_AWB,1.09525252775273e-05
South America_Southern,Rice,RiceAEZ08,RiceAEZ08,1975,CH4_AWB,2.58981805066943e-05
South America_Southern,Rice,RiceAEZ09,RiceAEZ09,1975,CH4_AWB,2.19298993517619e-05
South America_Southern,Rice,RiceAEZ10,RiceAEZ10,1975,CH4_AWB,1.31115034222104e-05
South America_Southern,Rice,RiceAEZ11,RiceAEZ11,1975,CH4_AWB,7.53916076060139e-06
South America_Southern,Rice,RiceAEZ12,RiceAEZ12,1975,CH4_AWB,7.00986944419928e-05
South America_Southern,Rice,RiceAEZ13,RiceAEZ13,1975,CH4_AWB,4.02705811637462e-06
South America_Southern,Rice,RiceAEZ14,RiceAEZ14,1975,CH4_AWB,1.05370844575774e-05
South America_Southern,Rice,RiceAEZ15,RiceAEZ15,1975,CH4_AWB,7.40589714172168e-06
South America_Southern,Rice,RiceAEZ16,RiceAEZ16,1975,CH4_AWB,5.43089566496756e-06
South America_Southern,Rice,RiceAEZ17,RiceAEZ17,1975,CH4_AWB,0
South America_Southern,Rice,RiceAEZ18,RiceAEZ18,1975,CH4_AWB,0
South America_Southern,Root_Tuber,Root_TuberAEZ01,Root_TuberAEZ01,1975,CH4_AWB,3.89268502495627e-05
South America_Southern,Root_Tuber,Root_TuberAEZ02,Root_TuberAEZ02,1975,CH4_AWB,2.20154724751046e-06
South America_Southern,Root_Tuber,Root_TuberAEZ03,Root_TuberAEZ03,1975,CH4_AWB,7.13663835640889e-06
South America_Southern,Root_Tuber,Root_TuberAEZ04,Root_TuberAEZ04,1975,CH4_AWB,2.52994807441424e-05
South America_Southern,Root_Tuber,Root_TuberAEZ05,Root_TuberAEZ05,1975,CH4_AWB,3.93958390964526e-05
South America_Southern,Root_Tuber,Root_TuberAEZ06,Root_TuberAEZ06,1975,CH4_AWB,0.000126143411808152
South America_Southern,Root_Tuber,Root_TuberAEZ07,Root_TuberAEZ07,1975,CH4_AWB,5.48395704364185e-05
South America_Southern,Root_Tuber,Root_TuberAEZ08,Root_TuberAEZ08,1975,CH4_AWB,0.000144559992370825
South America_Southern,Root_Tuber,Root_TuberAEZ09,Root_TuberAEZ09,1975,CH4_AWB,0.000168168816431309
South America_Southern,Root_Tuber,Root_TuberAEZ10,Root_TuberAEZ10,1975,CH4_AWB,6.69727557532705e-05
South America_Southern,Root_Tuber,Root_TuberAEZ11,Root_TuberAEZ11,1975,CH4_AWB,5.80677097495063e-05
South America_Southern,Root_Tuber,Root_TuberAEZ12,Root_TuberAEZ12,1975,CH4_AWB,0.000599536594725184
South America_Southern,Root_Tuber,Root_TuberAEZ13,Root_TuberAEZ13,1975,CH4_AWB,2.08222046909437e-05
South America_Southern,Root_Tuber,Root_TuberAEZ14,Root_TuberAEZ14,1975,CH4_AWB,4.67002395122551e-05
South America_Southern,Root_Tuber,Root_TuberAEZ15,Root_TuberAEZ15,1975,CH4_AWB,6.52107109592318e-05
South America_Southern,Root_Tuber,Root_TuberAEZ16,Root_TuberAEZ16,1975,CH4_AWB,4.52670456005986e-05
South America_Southern,Root_Tuber,Root_TuberAEZ17,Root_TuberAEZ17,1975,CH4_AWB,0
South America_Southern,Root_Tuber,Root_TuberAEZ18,Root_TuberAEZ18,1975,CH4_AWB,0
South America_Southern,SugarCrop,SugarCropAEZ01,SugarCropAEZ01,1975,CH4_AWB,0.000239939157307326
South America_Southern,SugarCrop,SugarCropAEZ02,SugarCropAEZ02,1975,CH4_AWB,5.73454479869607e-05
South America_Southern,SugarCrop,SugarCropAEZ03,SugarCropAEZ03,1975,CH4_AWB,0.000258229918492026
South America_Southern,SugarCrop,SugarCropAEZ04,SugarCropAEZ04,1975,CH4_AWB,0.00030198184178031
South America_Southern,SugarCrop,SugarCropAEZ05,SugarCropAEZ05,1975,CH4_AWB,0.000502670036715817
South America_Southern,SugarCrop,SugarCropAEZ06,SugarCropAEZ06,1975,CH4_AWB,0.000199477790483056
South America_Southern,SugarCrop,SugarCropAEZ07,SugarCropAEZ07,1975,CH4_AWB,0.000174267796529
South America_Southern,SugarCrop,SugarCropAEZ08,SugarCropAEZ08,1975,CH4_AWB,0.000416019331539711
South America_Southern,SugarCrop,SugarCropAEZ09,SugarCropAEZ09,1975,CH4_AWB,0.000449694776145982
South America_Southern,SugarCrop,SugarCropAEZ10,SugarCropAEZ10,1975,CH4_AWB,0.000885815170803949
South America_Southern,SugarCrop,SugarCropAEZ11,SugarCropAEZ11,1975,CH4_AWB,0.00031064841146502
South America_Southern,SugarCrop,SugarCropAEZ12,SugarCropAEZ12,1975,CH4_AWB,0.000736104653937764
South America_Southern,SugarCrop,SugarCropAEZ13,SugarCropAEZ13,1975,CH4_AWB,2.77223673726094e-05
South America_Southern,SugarCrop,SugarCropAEZ14,SugarCropAEZ14,1975,CH4_AWB,0.000114418970126086
South America_Southern,SugarCrop,SugarCropAEZ15,SugarCropAEZ15,1975,CH4_AWB,8.49863990539835e-05
South America_Southern,SugarCrop,SugarCropAEZ16,SugarCropAEZ16,1975,CH4_AWB,7.15206495204478e-05
South America_Southern,SugarCrop,SugarCropAEZ17,SugarCropAEZ17,1975,CH4_AWB,0
South America_Southern,SugarCrop,SugarCropAEZ18,SugarCropAEZ18,1975,CH4_AWB,0
South America_Southern,Wheat,WheatAEZ01,WheatAEZ01,1975,CH4_AWB,3.06275623552283e-06
South America_Southern,Wheat,WheatAEZ02,WheatAEZ02,1975,CH4_AWB,1.08362543439002e-07
South America_Southern,Wheat,WheatAEZ03,WheatAEZ03,1975,CH4_AWB,1.79740479660778e-06
South America_Southern,Wheat,WheatAEZ04,WheatAEZ04,1975,CH4_AWB,3.65723584106629e-06
South America_Southern,Wheat,WheatAEZ05,WheatAEZ05,1975,CH4_AWB,4.43781633642892e-06
South America_Southern,Wheat,WheatAEZ06,WheatAEZ06,1975,CH4_AWB,4.5953122070173e-06
South America_Southern,Wheat,WheatAEZ07,WheatAEZ07,1975,CH4_AWB,6.13459877127191e-06
South America_Southern,Wheat,WheatAEZ08,WheatAEZ08,1975,CH4_AWB,1.17379855089461e-05
South America_Southern,Wheat,WheatAEZ09,WheatAEZ09,1975,CH4_AWB,2.34009249086163e-05
South America_Southern,Wheat,WheatAEZ10,WheatAEZ10,1975,CH4_AWB,8.60930311733724e-05
South America_Southern,Wheat,WheatAEZ11,WheatAEZ11,1975,CH4_AWB,3.9344857833403e-05
South America_Southern,Wheat,WheatAEZ12,WheatAEZ12,1975,CH4_AWB,0.000146888288133489
South America_Southern,Wheat,WheatAEZ13,WheatAEZ13,1975,CH4_AWB,4.30909374989035e-06
South America_Southern,Wheat,WheatAEZ14,WheatAEZ14,1975,CH4_AWB,8.23218800498405e-06
South America_Southern,Wheat,WheatAEZ15,WheatAEZ15,1975,CH4_AWB,3.63536141459568e-06
South America_Southern,Wheat,WheatAEZ16,WheatAEZ16,1975,CH4_AWB,3.39070436776292e-06
South America_Southern,Wheat,WheatAEZ17,WheatAEZ17,1975,CH4_AWB,1.90139245475267e-07
South America_Southern,Wheat,WheatAEZ18,WheatAEZ18,1975,CH4_AWB,0
South America_Southern,Corn,CornAEZ01,CornAEZ01,1975,CO_AWB,0.000707886152098795
South America_Southern,Corn,CornAEZ02,CornAEZ02,1975,CO_AWB,0.000131295155116764
South America_Southern,Corn,CornAEZ03,CornAEZ03,1975,CO_AWB,0.000421532902855303
South America_Southern,Corn,CornAEZ04,CornAEZ04,1975,CO_AWB,0.000711046497824918
South America_Southern,Corn,CornAEZ05,CornAEZ05,1975,CO_AWB,0.000964406095294034
South America_Southern,Corn,CornAEZ06,CornAEZ06,1975,CO_AWB,0.00155334792005721
South America_Southern,Corn,CornAEZ07,CornAEZ07,1975,CO_AWB,0.000732297252537741
South America_Southern,Corn,CornAEZ08,CornAEZ08,1975,CO_AWB,0.00199109826887342
South America_Southern,Corn,CornAEZ09,CornAEZ09,1975,CO_AWB,0.00229690083106507
South America_Southern,Corn,CornAEZ10,CornAEZ10,1975,CO_AWB,0.00323615379283594
South America_Southern,Corn,CornAEZ11,CornAEZ11,1975,CO_AWB,0.000667704613581003
South America_Southern,Corn,CornAEZ12,CornAEZ12,1975,CO_AWB,0.00486928814976088
South America_Southern,Corn,CornAEZ13,CornAEZ13,1975,CO_AWB,0.000309642359898483
South America_Southern,Corn,CornAEZ14,CornAEZ14,1975,CO_AWB,0.000649609734515479
South America_Southern,Corn,CornAEZ15,CornAEZ15,1975,CO_AWB,0.000419311273681495
South America_Southern,Corn,CornAEZ16,CornAEZ16,1975,CO_AWB,0.000221090098463677
South America_Southern,Corn,CornAEZ17,CornAEZ17,1975,CO_AWB,0
South America_Southern,Corn,CornAEZ18,CornAEZ18,1975,CO_AWB,0
South America_Southern,FiberCrop,FiberCropAEZ01,FiberCropAEZ01,1975,CO_AWB,0.000149828977676064
South America_Southern,FiberCrop,FiberCropAEZ02,FiberCropAEZ02,1975,CO_AWB,1.17902039308784e-05
South America_Southern,FiberCrop,FiberCropAEZ03,FiberCropAEZ03,1975,CO_AWB,0.000102210951074042
South America_Southern,FiberCrop,FiberCropAEZ04,FiberCropAEZ04,1975,CO_AWB,0.000201075507633051
South America_Southern,FiberCrop,FiberCropAEZ05,FiberCropAEZ05,1975,CO_AWB,0.000238002581990818
South America_Southern,FiberCrop,FiberCropAEZ06,FiberCropAEZ06,1975,CO_AWB,0.000246961969631363
South America_Southern,FiberCrop,FiberCropAEZ07,FiberCropAEZ07,1975,CO_AWB,0.000101705100740375
South America_Southern,FiberCrop,FiberCropAEZ08,FiberCropAEZ08,1975,CO_AWB,0.000189051834317401
South America_Southern,FiberCrop,FiberCropAEZ09,FiberCropAEZ09,1975,CO_AWB,0.00018796231052181
South America_Southern,FiberCrop,FiberCropAEZ10,FiberCropAEZ10,1975,CO_AWB,0.000147270542334628
South America_Southern,FiberCrop,FiberCropAEZ11,FiberCropAEZ11,1975,CO_AWB,0.000109156665270946
South America_Southern,FiberCrop,FiberCropAEZ12,FiberCropAEZ12,1975,CO_AWB,0.00187921453379475
South America_Southern,FiberCrop,FiberCropAEZ13,FiberCropAEZ13,1975,CO_AWB,1.9718435122022e-05
South America_Southern,FiberCrop,FiberCropAEZ14,FiberCropAEZ14,1975,CO_AWB,7.47880262546149e-05
South America_Southern,FiberCrop,FiberCropAEZ15,FiberCropAEZ15,1975,CO_AWB,9.0391563470068e-05
South America_Southern,FiberCrop,FiberCropAEZ16,FiberCropAEZ16,1975,CO_AWB,9.10627879512818e-05
South America_Southern,FiberCrop,FiberCropAEZ17,FiberCropAEZ17,1975,CO_AWB,0
South America_Southern,FiberCrop,FiberCropAEZ18,FiberCropAEZ18,1975,CO_AWB,0
South America_Southern,FodderGrass,FodderGrassAEZ01,FodderGrassAEZ01,1975,CO_AWB,4.59444875776474e-06
South America_Southern,FodderGrass,FodderGrassAEZ02,FodderGrassAEZ02,1975,CO_AWB,1.04480132472152e-08
South America_Southern,FodderGrass,FodderGrassAEZ03,FodderGrassAEZ03,1975,CO_AWB,2.36879884685706e-06
South America_Southern,FodderGrass,FodderGrassAEZ04,FodderGrassAEZ04,1975,CO_AWB,3.40983368139376e-05
South America_Southern,FodderGrass,FodderGrassAEZ05,FodderGrassAEZ05,1975,CO_AWB,1.23937605114146e-05
South America_Southern,FodderGrass,FodderGrassAEZ06,FodderGrassAEZ06,1975,CO_AWB,3.59371499639055e-05
South America_Southern,FodderGrass,FodderGrassAEZ07,FodderGrassAEZ07,1975,CO_AWB,1.58014116363045e-05
South America_Southern,FodderGrass,FodderGrassAEZ08,FodderGrassAEZ08,1975,CO_AWB,2.35827647052624e-05
South America_Southern,FodderGrass,FodderGrassAEZ09,FodderGrassAEZ09,1975,CO_AWB,4.5792600979374e-05
South America_Southern,FodderGrass,FodderGrassAEZ10,FodderGrassAEZ10,1975,CO_AWB,0.000163105607971658
South America_Southern,FodderGrass,FodderGrassAEZ11,FodderGrassAEZ11,1975,CO_AWB,5.52777982015479e-05
South America_Southern,FodderGrass,FodderGrassAEZ12,FodderGrassAEZ12,1975,CO_AWB,0.00125130705018357
South America_Southern,FodderGrass,FodderGrassAEZ13,FodderGrassAEZ13,1975,CO_AWB,6.57183751404018e-06
South America_Southern,FodderGrass,FodderGrassAEZ14,FodderGrassAEZ14,1975,CO_AWB,3.93566620006311e-06
South America_Southern,FodderGrass,FodderGrassAEZ15,FodderGrassAEZ15,1975,CO_AWB,8.46437799191656e-07
South America_Southern,FodderGrass,FodderGrassAEZ16,FodderGrassAEZ16,1975,CO_AWB,1.32172944808544e-06
South America_Southern,FodderGrass,FodderGrassAEZ17,FodderGrassAEZ17,1975,CO_AWB,8.7079170907395e-08
South America_Southern,FodderGrass,FodderGrassAEZ18,FodderGrassAEZ18,1975,CO_AWB,3.0526045821935e-08
South America_Southern,FodderHerb,FodderHerbAEZ01,FodderHerbAEZ01,1975,CO_AWB,0.00430466475229726
South America_Southern,FodderHerb,FodderHerbAEZ02,FodderHerbAEZ02,1975,CO_AWB,0.000220698357780141
South America_Southern,FodderHerb,FodderHerbAEZ03,FodderHerbAEZ03,1975,CO_AWB,0.000196463916975262
South America_Southern,FodderHerb,FodderHerbAEZ04,FodderHerbAEZ04,1975,CO_AWB,0.000441498221071509
South America_Southern,FodderHerb,FodderHerbAEZ05,FodderHerbAEZ05,1975,CO_AWB,0.00114066818238673
South America_Southern,FodderHerb,FodderHerbAEZ06,FodderHerbAEZ06,1975,CO_AWB,0.00233763385893642
South America_Southern,FodderHerb,FodderHerbAEZ07,FodderHerbAEZ07,1975,CO_AWB,0.00354548600156494
South America_Southern,FodderHerb,FodderHerbAEZ08,FodderHerbAEZ08,1975,CO_AWB,0.00624002592615605
South America_Southern,FodderHerb,FodderHerbAEZ09,FodderHerbAEZ09,1975,CO_AWB,0.00641103733619172
South America_Southern,FodderHerb,FodderHerbAEZ10,FodderHerbAEZ10,1975,CO_AWB,0.0114239187284921
South America_Southern,FodderHerb,FodderHerbAEZ11,FodderHerbAEZ11,1975,CO_AWB,0.00402114717125799
South America_Southern,FodderHerb,FodderHerbAEZ12,FodderHerbAEZ12,1975,CO_AWB,0.00384318897779788
South America_Southern,FodderHerb,FodderHerbAEZ13,FodderHerbAEZ13,1975,CO_AWB,0.00100754370441563
South America_Southern,FodderHerb,FodderHerbAEZ14,FodderHerbAEZ14,1975,CO_AWB,0.00241789299784283
South America_Southern,FodderHerb,FodderHerbAEZ15,FodderHerbAEZ15,1975,CO_AWB,0.00253346971056097
South America_Southern,FodderHerb,FodderHerbAEZ16,FodderHerbAEZ16,1975,CO_AWB,0.00254179316248139
South America_Southern,FodderHerb,FodderHerbAEZ17,FodderHerbAEZ17,1975,CO_AWB,0
South America_Southern,FodderHerb,FodderHerbAEZ18,FodderHerbAEZ18,1975,CO_AWB,0
South America_Southern,MiscCrop,MiscCropAEZ01,MiscCropAEZ01,1975,CO_AWB,0.0045181520137631
South America_Southern,MiscCrop,MiscCropAEZ02,MiscCropAEZ02,1975,CO_AWB,0.00458831595059417
South America_Southern,MiscCrop,MiscCropAEZ03,MiscCropAEZ03,1975,CO_AWB,0.00895172618597726
South America_Southern,MiscCrop,MiscCropAEZ04,MiscCropAEZ04,1975,CO_AWB,0.00710458516783779
South America_Southern,MiscCrop,MiscCropAEZ05,MiscCropAEZ05,1975,CO_AWB,0.00454211709113564
South America_Southern,MiscCrop,MiscCropAEZ06,MiscCropAEZ06,1975,CO_AWB,0.013206547024713
South America_Southern,MiscCrop,MiscCropAEZ07,MiscCropAEZ07,1975,CO_AWB,0.00198056694951828
South America_Southern,MiscCrop,MiscCropAEZ08,MiscCropAEZ08,1975,CO_AWB,0.00400610690847677
South America_Southern,MiscCrop,MiscCropAEZ09,MiscCropAEZ09,1975,CO_AWB,0.00768330838051922
South America_Southern,MiscCrop,MiscCropAEZ10,MiscCropAEZ10,1975,CO_AWB,0.0172092610592055
South America_Southern,MiscCrop,MiscCropAEZ11,MiscCropAEZ11,1975,CO_AWB,0.00588107646494697
South America_Southern,MiscCrop,MiscCropAEZ12,MiscCropAEZ12,1975,CO_AWB,0.00981438182565277
South America_Southern,MiscCrop,MiscCropAEZ13,MiscCropAEZ13,1975,CO_AWB,0.00080488382648945
South America_Southern,MiscCrop,MiscCropAEZ14,MiscCropAEZ14,1975,CO_AWB,0.00125940112665024
South America_Southern,MiscCrop,MiscCropAEZ15,MiscCropAEZ15,1975,CO_AWB,0.000867506752307294
South America_Southern,MiscCrop,MiscCropAEZ16,MiscCropAEZ16,1975,CO_AWB,0.00110847052178691
South America_Southern,MiscCrop,MiscCropAEZ17,MiscCropAEZ17,1975,CO_AWB,1.06317797798174e-06
South America_Southern,MiscCrop,MiscCropAEZ18,MiscCropAEZ18,1975,CO_AWB,0
South America_Southern,OilCrop,OilCropAEZ01,OilCropAEZ01,1975,CO_AWB,1.87105054710402e-05
South America_Southern,OilCrop,OilCropAEZ02,OilCropAEZ02,1975,CO_AWB,1.01561577966666e-05
South America_Southern,OilCrop,OilCropAEZ03,OilCropAEZ03,1975,CO_AWB,0.000226232553335957
South America_Southern,OilCrop,OilCropAEZ04,OilCropAEZ04,1975,CO_AWB,0.000466181518729756
South America_Southern,OilCrop,OilCropAEZ05,OilCropAEZ05,1975,CO_AWB,0.000446182018639028
South America_Southern,OilCrop,OilCropAEZ06,OilCropAEZ06,1975,CO_AWB,7.58011604680255e-05
South America_Southern,OilCrop,OilCropAEZ07,OilCropAEZ07,1975,CO_AWB,6.39019995595633e-07
South America_Southern,OilCrop,OilCropAEZ08,OilCropAEZ08,1975,CO_AWB,1.75785271931279e-05
South America_Southern,OilCrop,OilCropAEZ09,OilCropAEZ09,1975,CO_AWB,0.000101015063722813
South America_Southern,OilCrop,OilCropAEZ10,OilCropAEZ10,1975,CO_AWB,0.000237188399012827
South America_Southern,OilCrop,OilCropAEZ11,OilCropAEZ11,1975,CO_AWB,0.000141853918755622
South America_Southern,OilCrop,OilCropAEZ12,OilCropAEZ12,1975,CO_AWB,0.00395514062329206
South America_Southern,OilCrop,OilCropAEZ13,OilCropAEZ13,1975,CO_AWB,2.55607998238252e-08
South America_Southern,OilCrop,OilCropAEZ14,OilCropAEZ14,1975,CO_AWB,4.74700568156754e-08
South America_Southern,OilCrop,OilCropAEZ15,OilCropAEZ15,1975,CO_AWB,0
South America_Southern,OilCrop,OilCropAEZ16,OilCropAEZ16,1975,CO_AWB,5.59903234236171e-08
South America_Southern,OilCrop,OilCropAEZ17,OilCropAEZ17,1975,CO_AWB,0
South America_Southern,OilCrop,OilCropAEZ18,OilCropAEZ18,1975,CO_AWB,0
South America_Southern,OtherGrain,OtherGrainAEZ01,OtherGrainAEZ01,1975,CO_AWB,2.56807441012646e-05
South America_Southern,OtherGrain,OtherGrainAEZ02,OtherGrainAEZ02,1975,CO_AWB,2.37655913907838e-06
South America_Southern,OtherGrain,OtherGrainAEZ03,OtherGrainAEZ03,1975,CO_AWB,0.000144970107483781
South America_Southern,OtherGrain,OtherGrainAEZ04,OtherGrainAEZ04,1975,CO_AWB,0.000302480356807806
South America_Southern,OtherGrain,OtherGrainAEZ05,OtherGrainAEZ05,1975,CO_AWB,0.000322428284049645
South America_Southern,OtherGrain,OtherGrainAEZ06,OtherGrainAEZ06,1975,CO_AWB,9.44555845063492e-05
South America_Southern,OtherGrain,OtherGrainAEZ07,OtherGrainAEZ07,1975,CO_AWB,5.5172831715466e-05
South America_Southern,OtherGrain,OtherGrainAEZ08,OtherGrainAEZ08,1975,CO_AWB,0.000241568387596906
South America_Southern,OtherGrain,OtherGrainAEZ09,OtherGrainAEZ09,1975,CO_AWB,0.000374662020021304
South America_Southern,OtherGrain,OtherGrainAEZ10,OtherGrainAEZ10,1975,CO_AWB,0.000962070327442183
South America_Southern,OtherGrain,OtherGrainAEZ11,OtherGrainAEZ11,1975,CO_AWB,0.00105944604578431
South America_Southern,OtherGrain,OtherGrainAEZ12,OtherGrainAEZ12,1975,CO_AWB,0.00291319377744549
South America_Southern,OtherGrain,OtherGrainAEZ13,OtherGrainAEZ13,1975,CO_AWB,5.26698598562238e-05
South America_Southern,OtherGrain,OtherGrainAEZ14,OtherGrainAEZ14,1975,CO_AWB,0.000132398362463497
South America_Southern,OtherGrain,OtherGrainAEZ15,OtherGrainAEZ15,1975,CO_AWB,0.00022799166145132
South America_Southern,OtherGrain,OtherGrainAEZ16,OtherGrainAEZ16,1975,CO_AWB,0.000146177348961345
South America_Southern,OtherGrain,OtherGrainAEZ17,OtherGrainAEZ17,1975,CO_AWB,0
South America_Southern,OtherGrain,OtherGrainAEZ18,OtherGrainAEZ18,1975,CO_AWB,0
South America_Southern,PalmFruit,PalmFruitAEZ01,PalmFruitAEZ01,1975,CO_AWB,2.22117831687833e-05
South America_Southern,PalmFruit,PalmFruitAEZ02,PalmFruitAEZ02,1975,CO_AWB,0.000127124916731475
South America_Southern,PalmFruit,PalmFruitAEZ03,PalmFruitAEZ03,1975,CO_AWB,0.000273910703275818
South America_Southern,PalmFruit,PalmFruitAEZ04,PalmFruitAEZ04,1975,CO_AWB,0.000294856712322515
South America_Southern,PalmFruit,PalmFruitAEZ05,PalmFruitAEZ05,1975,CO_AWB,0.000298624106788807
South America_Southern,PalmFruit,PalmFruitAEZ06,PalmFruitAEZ06,1975,CO_AWB,0.000815526471746298
South America_Southern,PalmFruit,PalmFruitAEZ07,PalmFruitAEZ07,1975,CO_AWB,1.15486484574162e-06
South America_Southern,PalmFruit,PalmFruitAEZ08,PalmFruitAEZ08,1975,CO_AWB,4.53812591364743e-05
South America_Southern,PalmFruit,PalmFruitAEZ09,PalmFruitAEZ09,1975,CO_AWB,6.45650430145937e-05
South America_Southern,PalmFruit,PalmFruitAEZ10,PalmFruitAEZ10,1975,CO_AWB,0.000144502463823418
South America_Southern,PalmFruit,PalmFruitAEZ11,PalmFruitAEZ11,1975,CO_AWB,0.000251621459660064
South America_Southern,PalmFruit,PalmFruitAEZ12,PalmFruitAEZ12,1975,CO_AWB,0.000231090920283481
South America_Southern,PalmFruit,PalmFruitAEZ13,PalmFruitAEZ13,1975,CO_AWB,3.38009223143885e-07
South America_Southern,PalmFruit,PalmFruitAEZ14,PalmFruitAEZ14,1975,CO_AWB,3.3149550373955e-06
South America_Southern,PalmFruit,PalmFruitAEZ15,PalmFruitAEZ15,1975,CO_AWB,3.73218517221373e-07
South America_Southern,PalmFruit,PalmFruitAEZ16,PalmFruitAEZ16,1975,CO_AWB,0
South America_Southern,PalmFruit,PalmFruitAEZ17,PalmFruitAEZ17,1975,CO_AWB,0
South America_Southern,PalmFruit,PalmFruitAEZ18,PalmFruitAEZ18,1975,CO_AWB,0
South America_Southern,Rice,RiceAEZ01,RiceAEZ01,1975,CO_AWB,0.000665515787990644
South America_Southern,Rice,RiceAEZ02,RiceAEZ02,1975,CO_AWB,0.00031230634899224
South America_Southern,Rice,RiceAEZ03,RiceAEZ03,1975,CO_AWB,0.000541951772396391
South America_Southern,Rice,RiceAEZ04,RiceAEZ04,1975,CO_AWB,0.000792269795693907
South America_Southern,Rice,RiceAEZ05,RiceAEZ05,1975,CO_AWB,0.00102567882030698
South America_Southern,Rice,RiceAEZ06,RiceAEZ06,1975,CO_AWB,0.000413544954282702
South America_Southern,Rice,RiceAEZ07,RiceAEZ07,1975,CO_AWB,0.000415716960281587
South America_Southern,Rice,RiceAEZ08,RiceAEZ08,1975,CO_AWB,0.000982998222259979
South America_Southern,Rice,RiceAEZ09,RiceAEZ09,1975,CO_AWB,0.000832377088095051
South America_Southern,Rice,RiceAEZ10,RiceAEZ10,1975,CO_AWB,0.000497663708531839
South America_Southern,Rice,RiceAEZ11,RiceAEZ11,1975,CO_AWB,0.000286158389508781
South America_Southern,Rice,RiceAEZ12,RiceAEZ12,1975,CO_AWB,0.00266068467633905
South America_Southern,Rice,RiceAEZ13,RiceAEZ13,1975,CO_AWB,0.000152852088134556
South America_Southern,Rice,RiceAEZ14,RiceAEZ14,1975,CO_AWB,0.000399948378108045
South America_Southern,Rice,RiceAEZ15,RiceAEZ15,1975,CO_AWB,0.00028110020017317
South America_Southern,Rice,RiceAEZ16,RiceAEZ16,1975,CO_AWB,0.000206136519226229
South America_Southern,Rice,RiceAEZ17,RiceAEZ17,1975,CO_AWB,0
South America_Southern,Rice,RiceAEZ18,RiceAEZ18,1975,CO_AWB,0
South America_Southern,Root_Tuber,Root_TuberAEZ01,Root_TuberAEZ01,1975,CO_AWB,0.00147751787364404
South America_Southern,Root_Tuber,Root_TuberAEZ02,Root_TuberAEZ02,1975,CO_AWB,8.35625124307378e-05
South America_Southern,Root_Tuber,Root_TuberAEZ03,Root_TuberAEZ03,1975,CO_AWB,0.00027088014215705
South America_Southern,Root_Tuber,Root_TuberAEZ04,Root_TuberAEZ04,1975,CO_AWB,0.000960273814956387
South America_Southern,Root_Tuber,Root_TuberAEZ05,Root_TuberAEZ05,1975,CO_AWB,0.00149531893895955
South America_Southern,Root_Tuber,Root_TuberAEZ06,Root_TuberAEZ06,1975,CO_AWB,0.00478793286366856
South America_Southern,Root_Tuber,Root_TuberAEZ07,Root_TuberAEZ07,1975,CO_AWB,0.00208150531017289
South America_Southern,Root_Tuber,Root_TuberAEZ08,Root_TuberAEZ08,1975,CO_AWB,0.00548695749007175
South America_Southern,Root_Tuber,Root_TuberAEZ09,Root_TuberAEZ09,1975,CO_AWB,0.00638306029061815
South America_Southern,Root_Tuber,Root_TuberAEZ10,Root_TuberAEZ10,1975,CO_AWB,0.00254203571669058
South America_Southern,Root_Tuber,Root_TuberAEZ11,Root_TuberAEZ11,1975,CO_AWB,0.0022040334238816
South America_Southern,Root_Tuber,Root_TuberAEZ12,Root_TuberAEZ12,1975,CO_AWB,0.0227561703279626
South America_Southern,Root_Tuber,Root_TuberAEZ13,Root_TuberAEZ13,1975,CO_AWB,0.00079033313515752
South America_Southern,Root_Tuber,Root_TuberAEZ14,Root_TuberAEZ14,1975,CO_AWB,0.00177256670242899
South America_Southern,Root_Tuber,Root_TuberAEZ15,Root_TuberAEZ15,1975,CO_AWB,0.00247515507619018
South America_Southern,Root_Tuber,Root_TuberAEZ16,Root_TuberAEZ16,1975,CO_AWB,0.00171816801341885
South America_Southern,Root_Tuber,Root_TuberAEZ17,Root_TuberAEZ17,1975,CO_AWB,0
South America_Southern,Root_Tuber,Root_TuberAEZ18,Root_TuberAEZ18,1975,CO_AWB,0
South America_Southern,SugarCrop,SugarCropAEZ01,SugarCropAEZ01,1975,CO_AWB,0.00910719442327976
South America_Southern,SugarCrop,SugarCropAEZ02,SugarCropAEZ02,1975,CO_AWB,0.00217661906446723
South America_Southern,SugarCrop,SugarCropAEZ03,SugarCropAEZ03,1975,CO_AWB,0.00980144341593365
South America_Southern,SugarCrop,SugarCropAEZ04,SugarCropAEZ04,1975,CO_AWB,0.0114621030441929
South America_Southern,SugarCrop,SugarCropAEZ05,SugarCropAEZ05,1975,CO_AWB,0.0190794775079772
South America_Southern,SugarCrop,SugarCropAEZ06,SugarCropAEZ06,1975,CO_AWB,0.00757143203069831
South America_Southern,SugarCrop,SugarCropAEZ07,SugarCropAEZ07,1975,CO_AWB,0.00661455480012931
South America_Southern,SugarCrop,SugarCropAEZ08,SugarCropAEZ08,1975,CO_AWB,0.0157905403131936
South America_Southern,SugarCrop,SugarCropAEZ09,SugarCropAEZ09,1975,CO_AWB,0.0170687344385771
South America_Southern,SugarCrop,SugarCropAEZ10,SugarCropAEZ10,1975,CO_AWB,0.0336222360457378
South America_Southern,SugarCrop,SugarCropAEZ11,SugarCropAEZ11,1975,CO_AWB,0.0117910536664561
South America_Southern,SugarCrop,SugarCropAEZ12,SugarCropAEZ12,1975,CO_AWB,0.0279397838790675
South America_Southern,SugarCrop,SugarCropAEZ13,SugarCropAEZ13,1975,CO_AWB,0.00105223754375598
South America_Southern,SugarCrop,SugarCropAEZ14,SugarCropAEZ14,1975,CO_AWB,0.00434291683918441
South America_Southern,SugarCrop,SugarCropAEZ15,SugarCropAEZ15,1975,CO_AWB,0.00322576634929039
South America_Southern,SugarCrop,SugarCropAEZ16,SugarCropAEZ16,1975,CO_AWB,0.00271465678120926
South America_Southern,SugarCrop,SugarCropAEZ17,SugarCropAEZ17,1975,CO_AWB,0
South America_Southern,SugarCrop,SugarCropAEZ18,SugarCropAEZ18,1975,CO_AWB,0
South America_Southern,Wheat,WheatAEZ01,WheatAEZ01,1975,CO_AWB,0.000116250789662864
South America_Southern,Wheat,WheatAEZ02,WheatAEZ02,1975,CO_AWB,4.11303749823561e-06
South America_Southern,Wheat,WheatAEZ03,WheatAEZ03,1975,CO_AWB,6.82227741555165e-05
South America_Southern,Wheat,WheatAEZ04,WheatAEZ04,1975,CO_AWB,0.000138815015565451
South America_Southern,Wheat,WheatAEZ05,WheatAEZ05,1975,CO_AWB,0.000168442936301966
South America_Southern,Wheat,WheatAEZ06,WheatAEZ06,1975,CO_AWB,0.000174420891423625
South America_Southern,Wheat,WheatAEZ07,WheatAEZ07,1975,CO_AWB,0.000232846461351977
South America_Southern,Wheat,WheatAEZ08,WheatAEZ08,1975,CO_AWB,0.000445530097576736
South America_Southern,Wheat,WheatAEZ09,WheatAEZ09,1975,CO_AWB,0.000888211725084823
South America_Southern,Wheat,WheatAEZ10,WheatAEZ10,1975,CO_AWB,0.00326776997212304
South America_Southern,Wheat,WheatAEZ11,WheatAEZ11,1975,CO_AWB,0.00149338388058997
South America_Southern,Wheat,WheatAEZ12,WheatAEZ12,1975,CO_AWB,0.00557533090282959
South America_Southern,Wheat,WheatAEZ13,WheatAEZ13,1975,CO_AWB,0.000163557107596763
South America_Southern,Wheat,WheatAEZ14,WheatAEZ14,1975,CO_AWB,0.000312463115782111
South America_Southern,Wheat,WheatAEZ15,WheatAEZ15,1975,CO_AWB,0.000137984744020776
South America_Southern,Wheat,WheatAEZ16,WheatAEZ16,1975,CO_AWB,0.000128698476128798
South America_Southern,Wheat,WheatAEZ17,WheatAEZ17,1975,CO_AWB,7.21697573448174e-06
South America_Southern,Wheat,WheatAEZ18,WheatAEZ18,1975,CO_AWB,0
South America_Southern,Corn,CornAEZ01,CornAEZ01,1975,N2O_AWB,4.84524778159357e-07
South America_Southern,Corn,CornAEZ02,CornAEZ02,1975,N2O_AWB,8.98672134180556e-08
South America_Southern,Corn,CornAEZ03,CornAEZ03,1975,N2O_AWB,2.88525401489039e-07
South America_Southern,Corn,CornAEZ04,CornAEZ04,1975,N2O_AWB,4.86687930817897e-07
South America_Southern,Corn,CornAEZ05,CornAEZ05,1975,N2O_AWB,6.6010423850283e-07
South America_Southern,Corn,CornAEZ06,CornAEZ06,1975,N2O_AWB,1.06321553845707e-06
South America_Southern,Corn,CornAEZ07,CornAEZ07,1975,N2O_AWB,5.01233373163989e-07
South America_Southern,Corn,CornAEZ08,CornAEZ08,1975,N2O_AWB,1.36284124807223e-06
South America_Southern,Corn,CornAEZ09,CornAEZ09,1975,N2O_AWB,1.57215303947706e-06
South America_Southern,Corn,CornAEZ10,CornAEZ10,1975,N2O_AWB,2.21504078574567e-06
South America_Southern,Corn,CornAEZ11,CornAEZ11,1975,N2O_AWB,4.57021837215094e-07
South America_Southern,Corn,CornAEZ12,CornAEZ12,1975,N2O_AWB,3.33286751487068e-06
South America_Southern,Corn,CornAEZ13,CornAEZ13,1975,N2O_AWB,2.11940006586841e-07
South America_Southern,Corn,CornAEZ14,CornAEZ14,1975,N2O_AWB,4.44636487905676e-07
South America_Southern,Corn,CornAEZ15,CornAEZ15,1975,N2O_AWB,2.87004769422145e-07
South America_Southern,Corn,CornAEZ16,CornAEZ16,1975,N2O_AWB,1.51328897441679e-07
South America_Southern,Corn,CornAEZ17,CornAEZ17,1975,N2O_AWB,0
South America_Southern,Corn,CornAEZ18,CornAEZ18,1975,N2O_AWB,0
South America_Southern,FiberCrop,FiberCropAEZ01,FiberCropAEZ01,1975,N2O_AWB,1.02553005105553e-07
South America_Southern,FiberCrop,FiberCropAEZ02,FiberCropAEZ02,1975,N2O_AWB,8.07000663471822e-09
South America_Southern,FiberCrop,FiberCropAEZ03,FiberCropAEZ03,1975,N2O_AWB,6.99600327648383e-08
South America_Southern,FiberCrop,FiberCropAEZ04,FiberCropAEZ04,1975,N2O_AWB,1.37629568597052e-07
South America_Southern,FiberCrop,FiberCropAEZ05,FiberCropAEZ05,1975,N2O_AWB,1.6290493591173e-07
South America_Southern,FiberCrop,FiberCropAEZ06,FiberCropAEZ06,1975,N2O_AWB,1.69037341943559e-07
South America_Southern,FiberCrop,FiberCropAEZ07,FiberCropAEZ07,1975,N2O_AWB,6.96137948564187e-08
South America_Southern,FiberCrop,FiberCropAEZ08,FiberCropAEZ08,1975,N2O_AWB,1.29399759850754e-07
South America_Southern,FiberCrop,FiberCropAEZ09,FiberCropAEZ09,1975,N2O_AWB,1.28654016663388e-07
South America_Southern,FiberCrop,FiberCropAEZ10,FiberCropAEZ10,1975,N2O_AWB,1.00801840299505e-07
South America_Southern,FiberCrop,FiberCropAEZ11,FiberCropAEZ11,1975,N2O_AWB,7.47141455843016e-08
South America_Southern,FiberCrop,FiberCropAEZ12,FiberCropAEZ12,1975,N2O_AWB,1.28626051293861e-06
South America_Southern,FiberCrop,FiberCropAEZ13,FiberCropAEZ13,1975,N2O_AWB,1.34966200070742e-08
South America_Southern,FiberCrop,FiberCropAEZ14,FiberCropAEZ14,1975,N2O_AWB,5.11899430756715e-08
South America_Southern,FiberCrop,FiberCropAEZ15,FiberCropAEZ15,1975,N2O_AWB,6.18700508661733e-08
South America_Southern,FiberCrop,FiberCropAEZ16,FiberCropAEZ16,1975,N2O_AWB,6.2329481936962e-08
South America_Southern,FiberCrop,FiberCropAEZ17,FiberCropAEZ17,1975,N2O_AWB,0
South America_Southern,FiberCrop,FiberCropAEZ18,FiberCropAEZ18,1975,N2O_AWB,0
South America_Southern,FodderGrass,FodderGrassAEZ01,FodderGrassAEZ01,1975,N2O_AWB,3.14474899462337e-09
South America_Southern,FodderGrass,FodderGrassAEZ02,FodderGrassAEZ02,1975,N2O_AWB,7.15132127645642e-12
South America_Southern,FodderGrass,FodderGrassAEZ03,FodderGrassAEZ03,1975,N2O_AWB,1.6213648654867e-09
South America_Southern,FodderGrass,FodderGrassAEZ04,FodderGrassAEZ04,1975,N2O_AWB,2.33391895453697e-08
South America_Southern,FodderGrass,FodderGrassAEZ05,FodderGrassAEZ05,1975,N2O_AWB,8.48312125410141e-09
South America_Southern,FodderGrass,FodderGrassAEZ06,FodderGrassAEZ06,1975,N2O_AWB,2.4597796640484e-08
South America_Southern,FodderGrass,FodderGrassAEZ07,FodderGrassAEZ07,1975,N2O_AWB,1.08155463205284e-08
South America_Southern,FodderGrass,FodderGrassAEZ08,FodderGrassAEZ08,1975,N2O_AWB,1.61416264512643e-08
South America_Southern,FodderGrass,FodderGrassAEZ09,FodderGrassAEZ09,1975,N2O_AWB,3.13435285675352e-08
South America_Southern,FodderGrass,FodderGrassAEZ10,FodderGrassAEZ10,1975,N2O_AWB,1.11640421676147e-07
South America_Southern,FodderGrass,FodderGrassAEZ11,FodderGrassAEZ11,1975,N2O_AWB,3.78358339562556e-08
South America_Southern,FodderGrass,FodderGrassAEZ12,FodderGrassAEZ12,1975,N2O_AWB,8.56478501665645e-07
South America_Southern,FodderGrass,FodderGrassAEZ13,FodderGrassAEZ13,1975,N2O_AWB,4.498206532433e-09
South America_Southern,FodderGrass,FodderGrassAEZ14,FodderGrassAEZ14,1975,N2O_AWB,2.69383401107798e-09
South America_Southern,FodderGrass,FodderGrassAEZ15,FodderGrassAEZ15,1975,N2O_AWB,5.79358821560608e-10
South America_Southern,FodderGrass,FodderGrassAEZ16,FodderGrassAEZ16,1975,N2O_AWB,9.04680315784605e-10
South America_Southern,FodderGrass,FodderGrassAEZ17,FodderGrassAEZ17,1975,N2O_AWB,5.96028271511064e-11
South America_Southern,FodderGrass,FodderGrassAEZ18,FodderGrassAEZ18,1975,N2O_AWB,2.08940739073692e-11
South America_Southern,FodderHerb,FodderHerbAEZ01,FodderHerbAEZ01,1975,N2O_AWB,2.94640137820657e-06
South America_Southern,FodderHerb,FodderHerbAEZ02,FodderHerbAEZ02,1975,N2O_AWB,1.51060763834003e-07
South America_Southern,FodderHerb,FodderHerbAEZ03,FodderHerbAEZ03,1975,N2O_AWB,1.34473086535915e-07
South America_Southern,FodderHerb,FodderHerbAEZ04,FodderHerbAEZ04,1975,N2O_AWB,3.02191004850408e-07
South America_Southern,FodderHerb,FodderHerbAEZ05,FodderHerbAEZ05,1975,N2O_AWB,7.80749837224151e-07
South America_Southern,FodderHerb,FodderHerbAEZ06,FodderHerbAEZ06,1975,N2O_AWB,1.60003345673711e-06
South America_Southern,FodderHerb,FodderHerbAEZ07,FodderHerbAEZ07,1975,N2O_AWB,2.42676850406251e-06
South America_Southern,FodderHerb,FodderHerbAEZ08,FodderHerbAEZ08,1975,N2O_AWB,4.27109241876713e-06
South America_Southern,FodderHerb,FodderHerbAEZ09,FodderHerbAEZ09,1975,N2O_AWB,4.38814410181614e-06
South America_Southern,FodderHerb,FodderHerbAEZ10,FodderHerbAEZ10,1975,N2O_AWB,7.81929646627788e-06
South America_Southern,FodderHerb,FodderHerbAEZ11,FodderHerbAEZ11,1975,N2O_AWB,2.75234292311454e-06
South America_Southern,FodderHerb,FodderHerbAEZ12,FodderHerbAEZ12,1975,N2O_AWB,2.630536395395e-06
South America_Southern,FodderHerb,FodderHerbAEZ13,FodderHerbAEZ13,1975,N2O_AWB,6.89630512506068e-07
South America_Southern,FodderHerb,FodderHerbAEZ14,FodderHerbAEZ14,1975,N2O_AWB,1.6549681963963e-06
South America_Southern,FodderHerb,FodderHerbAEZ15,FodderHerbAEZ15,1975,N2O_AWB,1.73407665320692e-06
South America_Southern,FodderHerb,FodderHerbAEZ16,FodderHerbAEZ16,1975,N2O_AWB,1.73977378216375e-06
South America_Southern,FodderHerb,FodderHerbAEZ17,FodderHerbAEZ17,1975,N2O_AWB,0
South America_Southern,FodderHerb,FodderHerbAEZ18,FodderHerbAEZ18,1975,N2O_AWB,0
South America_Southern,MiscCrop,MiscCropAEZ01,MiscCropAEZ01,1975,N2O_AWB,3.09252638389413e-06
South America_Southern,MiscCrop,MiscCropAEZ02,MiscCropAEZ02,1975,N2O_AWB,3.14055128991478e-06
South America_Southern,MiscCrop,MiscCropAEZ03,MiscCropAEZ03,1975,N2O_AWB,6.12716201827692e-06
South America_Southern,MiscCrop,MiscCropAEZ04,MiscCropAEZ04,1975,N2O_AWB,4.8628547714272e-06
South America_Southern,MiscCrop,MiscCropAEZ05,MiscCropAEZ05,1975,N2O_AWB,3.10892969078617e-06
South America_Southern,MiscCrop,MiscCropAEZ06,MiscCropAEZ06,1975,N2O_AWB,9.0394468777617e-06
South America_Southern,MiscCrop,MiscCropAEZ07,MiscCropAEZ07,1975,N2O_AWB,1.35563290650609e-06
South America_Southern,MiscCrop,MiscCropAEZ08,MiscCropAEZ08,1975,N2O_AWB,2.74204835813976e-06
South America_Southern,MiscCrop,MiscCropAEZ09,MiscCropAEZ09,1975,N2O_AWB,5.2589717676543e-06
South America_Southern,MiscCrop,MiscCropAEZ10,MiscCropAEZ10,1975,N2O_AWB,1.17791729253015e-05
South America_Southern,MiscCrop,MiscCropAEZ11,MiscCropAEZ11,1975,N2O_AWB,4.02540332378046e-06
South America_Southern,MiscCrop,MiscCropAEZ12,MiscCropAEZ12,1975,N2O_AWB,6.71762141800164e-06
South America_Southern,MiscCrop,MiscCropAEZ13,MiscCropAEZ13,1975,N2O_AWB,5.5091649457698e-07
South America_Southern,MiscCrop,MiscCropAEZ14,MiscCropAEZ14,1975,N2O_AWB,8.62018630671967e-07
South America_Southern,MiscCrop,MiscCropAEZ15,MiscCropAEZ15,1975,N2O_AWB,5.93779826695598e-07
South America_Southern,MiscCrop,MiscCropAEZ16,MiscCropAEZ16,1975,N2O_AWB,7.58711598005712e-07
South America_Southern,MiscCrop,MiscCropAEZ17,MiscCropAEZ17,1975,N2O_AWB,7.27710342119565e-10
South America_Southern,MiscCrop,MiscCropAEZ18,MiscCropAEZ18,1975,N2O_AWB,0
South America_Southern,OilCrop,OilCropAEZ01,OilCropAEZ01,1975,N2O_AWB,1.28067253268431e-08
South America_Southern,OilCrop,OilCropAEZ02,OilCropAEZ02,1975,N2O_AWB,6.95155582404234e-09
South America_Southern,OilCrop,OilCropAEZ03,OilCropAEZ03,1975,N2O_AWB,1.54848738589579e-07
South America_Southern,OilCrop,OilCropAEZ04,OilCropAEZ04,1975,N2O_AWB,3.19085909895018e-07
South America_Southern,OilCrop,OilCropAEZ05,OilCropAEZ05,1975,N2O_AWB,3.05396910165291e-07
South America_Southern,OilCrop,OilCropAEZ06,OilCropAEZ06,1975,N2O_AWB,5.18834001076293e-08
South America_Southern,OilCrop,OilCropAEZ07,OilCropAEZ07,1975,N2O_AWB,4.37388160069778e-10
South America_Southern,OilCrop,OilCropAEZ08,OilCropAEZ08,1975,N2O_AWB,1.2031923443291e-08
South America_Southern,OilCrop,OilCropAEZ09,OilCropAEZ09,1975,N2O_AWB,6.91414872235255e-08
South America_Southern,OilCrop,OilCropAEZ10,OilCropAEZ10,1975,N2O_AWB,1.62347654453938e-07
South America_Southern,OilCrop,OilCropAEZ11,OilCropAEZ11,1975,N2O_AWB,9.70943396933563e-08
South America_Southern,OilCrop,OilCropAEZ12,OilCropAEZ12,1975,N2O_AWB,2.70716361297345e-06
South America_Southern,OilCrop,OilCropAEZ13,OilCropAEZ13,1975,N2O_AWB,1.74955264027911e-11
South America_Southern,OilCrop,OilCropAEZ14,OilCropAEZ14,1975,N2O_AWB,3.24916918908977e-11
South America_Southern,OilCrop,OilCropAEZ15,OilCropAEZ15,1975,N2O_AWB,0
South America_Southern,OilCrop,OilCropAEZ16,OilCropAEZ16,1975,N2O_AWB,3.83235340251614e-11
South America_Southern,OilCrop,OilCropAEZ17,OilCropAEZ17,1975,N2O_AWB,0
South America_Southern,OilCrop,OilCropAEZ18,OilCropAEZ18,1975,N2O_AWB,0
South America_Southern,OtherGrain,OtherGrainAEZ01,OtherGrainAEZ01,1975,N2O_AWB,1.75776243139389e-08
South America_Southern,OtherGrain,OtherGrainAEZ02,OtherGrainAEZ02,1975,N2O_AWB,1.62667653016023e-09
South America_Southern,OtherGrain,OtherGrainAEZ03,OtherGrainAEZ03,1975,N2O_AWB,9.92272683397739e-08
South America_Southern,OtherGrain,OtherGrainAEZ04,OtherGrainAEZ04,1975,N2O_AWB,2.07037851136564e-07
South America_Southern,OtherGrain,OtherGrainAEZ05,OtherGrainAEZ05,1975,N2O_AWB,2.20691550948228e-07
South America_Southern,OtherGrain,OtherGrainAEZ06,OtherGrainAEZ06,1975,N2O_AWB,6.46517395391342e-08
South America_Southern,OtherGrain,OtherGrainAEZ07,OtherGrainAEZ07,1975,N2O_AWB,3.77639878504486e-08
South America_Southern,OtherGrain,OtherGrainAEZ08,OtherGrainAEZ08,1975,N2O_AWB,1.65345612516473e-07
South America_Southern,OtherGrain,OtherGrainAEZ09,OtherGrainAEZ09,1975,N2O_AWB,2.56443824472813e-07
South America_Southern,OtherGrain,OtherGrainAEZ10,OtherGrainAEZ10,1975,N2O_AWB,6.58505482266542e-07
South America_Southern,OtherGrain,OtherGrainAEZ11,OtherGrainAEZ11,1975,N2O_AWB,7.25155957329436e-07
South America_Southern,OtherGrain,OtherGrainAEZ12,OtherGrainAEZ12,1975,N2O_AWB,1.99398528219125e-06
South America_Southern,OtherGrain,OtherGrainAEZ13,OtherGrainAEZ13,1975,N2O_AWB,3.60507859729393e-08
South America_Southern,OtherGrain,OtherGrainAEZ14,OtherGrainAEZ14,1975,N2O_AWB,9.0622322545921e-08
South America_Southern,OtherGrain,OtherGrainAEZ15,OtherGrainAEZ15,1975,N2O_AWB,1.56052790211196e-07
South America_Southern,OtherGrain,OtherGrainAEZ16,OtherGrainAEZ16,1975,N2O_AWB,1.00053585406956e-07
South America_Southern,OtherGrain,OtherGrainAEZ17,OtherGrainAEZ17,1975,N2O_AWB,0
South America_Southern,OtherGrain,OtherGrainAEZ18,OtherGrainAEZ18,1975,N2O_AWB,0
South America_Southern,PalmFruit,PalmFruitAEZ01,PalmFruitAEZ01,1975,N2O_AWB,1.52032347016113e-08
South America_Southern,PalmFruit,PalmFruitAEZ02,PalmFruitAEZ02,1975,N2O_AWB,8.7012822464774e-08
South America_Southern,PalmFruit,PalmFruitAEZ03,PalmFruitAEZ03,1975,N2O_AWB,1.8748286337669e-07
South America_Southern,PalmFruit,PalmFruitAEZ04,PalmFruitAEZ04,1975,N2O_AWB,2.01819717341956e-07
South America_Southern,PalmFruit,PalmFruitAEZ05,PalmFruitAEZ05,1975,N2O_AWB,2.04398374888239e-07
South America_Southern,PalmFruit,PalmFruitAEZ06,PalmFruitAEZ06,1975,N2O_AWB,5.58201035059675e-07
South America_Southern,PalmFruit,PalmFruitAEZ07,PalmFruitAEZ07,1975,N2O_AWB,7.90466986150199e-10
South America_Southern,PalmFruit,PalmFruitAEZ08,PalmFruitAEZ08,1975,N2O_AWB,3.10619786112495e-08
South America_Southern,PalmFruit,PalmFruitAEZ09,PalmFruitAEZ09,1975,N2O_AWB,4.41926474345402e-08
South America_Southern,PalmFruit,PalmFruitAEZ10,PalmFruitAEZ10,1975,N2O_AWB,9.89071816420427e-08
South America_Southern,PalmFruit,PalmFruitAEZ11,PalmFruitAEZ11,1975,N2O_AWB,1.72226609547959e-07
South America_Southern,PalmFruit,PalmFruitAEZ12,PalmFruitAEZ12,1975,N2O_AWB,1.5817413090088e-07
South America_Southern,PalmFruit,PalmFruitAEZ13,PalmFruitAEZ13,1975,N2O_AWB,2.31356191068349e-10
South America_Southern,PalmFruit,PalmFruitAEZ14,PalmFruitAEZ14,1975,N2O_AWB,2.26897764469637e-09
South America_Southern,PalmFruit,PalmFruitAEZ15,PalmFruitAEZ15,1975,N2O_AWB,2.55455794304636e-10
South America_Southern,PalmFruit,PalmFruitAEZ16,PalmFruitAEZ16,1975,N2O_AWB,0
South America_Southern,PalmFruit,PalmFruitAEZ17,PalmFruitAEZ17,1975,N2O_AWB,0
South America_Southern,PalmFruit,PalmFruitAEZ18,PalmFruitAEZ18,1975,N2O_AWB,0
South America_Southern,Rice,RiceAEZ01,RiceAEZ01,1975,N2O_AWB,4.55523658121671e-07
South America_Southern,Rice,RiceAEZ02,RiceAEZ02,1975,N2O_AWB,2.13763419463113e-07
South America_Southern,Rice,RiceAEZ03,RiceAEZ03,1975,N2O_AWB,3.70948155314082e-07
South America_Southern,Rice,RiceAEZ04,RiceAEZ04,1975,N2O_AWB,5.42282605561374e-07
South America_Southern,Rice,RiceAEZ05,RiceAEZ05,1975,N2O_AWB,7.02043402598773e-07
South America_Southern,Rice,RiceAEZ06,RiceAEZ06,1975,N2O_AWB,2.83057913534072e-07
South America_Southern,Rice,RiceAEZ07,RiceAEZ07,1975,N2O_AWB,2.84544580170579e-07
South America_Southern,Rice,RiceAEZ08,RiceAEZ08,1975,N2O_AWB,6.72829937638173e-07
South America_Southern,Rice,RiceAEZ09,RiceAEZ09,1975,N2O_AWB,5.69734727481855e-07
South America_Southern,Rice,RiceAEZ10,RiceAEZ10,1975,N2O_AWB,3.40634432894937e-07
South America_Southern,Rice,RiceAEZ11,RiceAEZ11,1975,N2O_AWB,1.95866001593757e-07
South America_Southern,Rice,RiceAEZ12,RiceAEZ12,1975,N2O_AWB,1.82115111128104e-06
South America_Southern,Rice,RiceAEZ13,RiceAEZ13,1975,N2O_AWB,1.04622224739119e-07
South America_Southern,Rice,RiceAEZ14,RiceAEZ14,1975,N2O_AWB,2.7375150453706e-07
South America_Southern,Rice,RiceAEZ15,RiceAEZ15,1975,N2O_AWB,1.92403837432954e-07
South America_Southern,Rice,RiceAEZ16,RiceAEZ16,1975,N2O_AWB,1.41093664500292e-07
South America_Southern,Rice,RiceAEZ17,RiceAEZ17,1975,N2O_AWB,0
South America_Southern,Rice,RiceAEZ18,RiceAEZ18,1975,N2O_AWB,0
South America_Southern,Root_Tuber,Root_TuberAEZ01,Root_TuberAEZ01,1975,N2O_AWB,1.01131236687047e-06
South America_Southern,Root_Tuber,Root_TuberAEZ02,Root_TuberAEZ02,1975,N2O_AWB,5.71957901392752e-08
South America_Southern,Root_Tuber,Root_TuberAEZ03,Root_TuberAEZ03,1975,N2O_AWB,1.85408544011329e-07
South America_Southern,Root_Tuber,Root_TuberAEZ04,Root_TuberAEZ04,1975,N2O_AWB,6.57275828584152e-07
South America_Southern,Root_Tuber,Root_TuberAEZ05,Root_TuberAEZ05,1975,N2O_AWB,1.02349661033593e-06
South America_Southern,Root_Tuber,Root_TuberAEZ06,Root_TuberAEZ06,1975,N2O_AWB,3.27718249853139e-06
South America_Southern,Root_Tuber,Root_TuberAEZ07,Root_TuberAEZ07,1975,N2O_AWB,1.42472189300334e-06
South America_Southern,Root_Tuber,Root_TuberAEZ08,Root_TuberAEZ08,1975,N2O_AWB,3.75564185394009e-06
South America_Southern,Root_Tuber,Root_TuberAEZ09,Root_TuberAEZ09,1975,N2O_AWB,4.36899473470407e-06
South America_Southern,Root_Tuber,Root_TuberAEZ10,Root_TuberAEZ10,1975,N2O_AWB,1.73993980253871e-06
South America_Southern,Root_Tuber,Root_TuberAEZ11,Root_TuberAEZ11,1975,N2O_AWB,1.50858835505656e-06
South America_Southern,Root_Tuber,Root_TuberAEZ12,Root_TuberAEZ12,1975,N2O_AWB,1.5575849799042e-05
South America_Southern,Root_Tuber,Root_TuberAEZ13,Root_TuberAEZ13,1975,N2O_AWB,5.40957025149918e-07
South America_Southern,Root_Tuber,Root_TuberAEZ14,Root_TuberAEZ14,1975,N2O_AWB,1.21326358160939e-06
South America_Southern,Root_Tuber,Root_TuberAEZ15,Root_TuberAEZ15,1975,N2O_AWB,1.69416220481974e-06
South America_Southern,Root_Tuber,Root_TuberAEZ16,Root_TuberAEZ16,1975,N2O_AWB,1.17602946896761e-06
South America_Southern,Root_Tuber,Root_TuberAEZ17,Root_TuberAEZ17,1975,N2O_AWB,0
South America_Southern,Root_Tuber,Root_TuberAEZ18,Root_TuberAEZ18,1975,N2O_AWB,0
South America_Southern,SugarCrop,SugarCropAEZ01,SugarCropAEZ01,1975,N2O_AWB,6.23357491103727e-06
South America_Southern,SugarCrop,SugarCropAEZ02,SugarCropAEZ02,1975,N2O_AWB,1.48982412810531e-06
South America_Southern,SugarCrop,SugarCropAEZ03,SugarCropAEZ03,1975,N2O_AWB,6.70876550228652e-06
South America_Southern,SugarCrop,SugarCropAEZ04,SugarCropAEZ04,1975,N2O_AWB,7.84543237392244e-06
South America_Southern,SugarCrop,SugarCropAEZ05,SugarCropAEZ05,1975,N2O_AWB,1.30592745451233e-05
South America_Southern,SugarCrop,SugarCropAEZ06,SugarCropAEZ06,1975,N2O_AWB,5.18239608748661e-06
South America_Southern,SugarCrop,SugarCropAEZ07,SugarCropAEZ07,1975,N2O_AWB,4.52744510915122e-06
South America_Southern,SugarCrop,SugarCropAEZ08,SugarCropAEZ08,1975,N2O_AWB,1.08081052575792e-05
South America_Southern,SugarCrop,SugarCropAEZ09,SugarCropAEZ09,1975,N2O_AWB,1.16829870775016e-05
South America_Southern,SugarCrop,SugarCropAEZ10,SugarCropAEZ10,1975,N2O_AWB,2.30133142356047e-05
South America_Southern,SugarCrop,SugarCropAEZ11,SugarCropAEZ11,1975,N2O_AWB,8.07058825076069e-06
South America_Southern,SugarCrop,SugarCropAEZ12,SugarCropAEZ12,1975,N2O_AWB,1.91238627082738e-05
South America_Southern,SugarCrop,SugarCropAEZ13,SugarCropAEZ13,1975,N2O_AWB,7.20221974886379e-07
South America_Southern,SugarCrop,SugarCropAEZ14,SugarCropAEZ14,1975,N2O_AWB,2.97258367299815e-06
South America_Southern,SugarCrop,SugarCropAEZ15,SugarCropAEZ15,1975,N2O_AWB,2.20793092243696e-06
South America_Southern,SugarCrop,SugarCropAEZ16,SugarCropAEZ16,1975,N2O_AWB,1.85809324111576e-06
South America_Southern,SugarCrop,SugarCropAEZ17,SugarCropAEZ17,1975,N2O_AWB,0
South America_Southern,SugarCrop,SugarCropAEZ18,SugarCropAEZ18,1975,N2O_AWB,0
South America_Southern,Wheat,WheatAEZ01,WheatAEZ01,1975,N2O_AWB,7.95698402988227e-08
South America_Southern,Wheat,WheatAEZ02,WheatAEZ02,1975,N2O_AWB,2.81523882828491e-09
South America_Southern,Wheat,WheatAEZ03,WheatAEZ03,1975,N2O_AWB,4.66962440430735e-08
South America_Southern,Wheat,WheatAEZ04,WheatAEZ04,1975,N2O_AWB,9.50143104546153e-08
South America_Southern,Wheat,WheatAEZ05,WheatAEZ05,1975,N2O_AWB,1.15293647293767e-07
South America_Southern,Wheat,WheatAEZ06,WheatAEZ06,1975,N2O_AWB,1.19385360870281e-07
South America_Southern,Wheat,WheatAEZ07,WheatAEZ07,1975,N2O_AWB,1.5937574099629e-07
South America_Southern,Wheat,WheatAEZ08,WheatAEZ08,1975,N2O_AWB,3.04950691649576e-07
South America_Southern,Wheat,WheatAEZ09,WheatAEZ09,1975,N2O_AWB,6.07951699265903e-07
South America_Southern,Wheat,WheatAEZ10,WheatAEZ10,1975,N2O_AWB,2.23668102013917e-06
South America_Southern,Wheat,WheatAEZ11,WheatAEZ11,1975,N2O_AWB,1.02217212655494e-06
South America_Southern,Wheat,WheatAEZ12,WheatAEZ12,1975,N2O_AWB,3.81613054705087e-06
South America_Southern,Wheat,WheatAEZ13,WheatAEZ13,1975,N2O_AWB,1.11949458312963e-07
South America_Southern,Wheat,WheatAEZ14,WheatAEZ14,1975,N2O_AWB,2.13870721172378e-07
South America_Southern,Wheat,WheatAEZ15,WheatAEZ15,1975,N2O_AWB,9.44460169023218e-08
South America_Southern,Wheat,WheatAEZ16,WheatAEZ16,1975,N2O_AWB,8.80898720943622e-08
South America_Southern,Wheat,WheatAEZ17,WheatAEZ17,1975,N2O_AWB,4.93978241608998e-09
South America_Southern,Wheat,WheatAEZ18,WheatAEZ18,1975,N2O_AWB,0
South America_Southern,Corn,CornAEZ01,CornAEZ01,1975,NH3_AWB,8.98621707372921e-06
South America_Southern,Corn,CornAEZ02,CornAEZ02,1975,NH3_AWB,1.66671824432516e-06
South America_Southern,Corn,CornAEZ03,CornAEZ03,1975,NH3_AWB,5.35112342224248e-06
South America_Southern,Corn,CornAEZ04,CornAEZ04,1975,NH3_AWB,9.02633588752261e-06
South America_Southern,Corn,CornAEZ05,CornAEZ05,1975,NH3_AWB,1.2242593662618e-05
South America_Southern,Corn,CornAEZ06,CornAEZ06,1975,NH3_AWB,1.97188793131127e-05
South America_Southern,Corn,CornAEZ07,CornAEZ07,1975,NH3_AWB,9.29610228182743e-06
South America_Southern,Corn,CornAEZ08,CornAEZ08,1975,NH3_AWB,2.52758741023173e-05
South America_Southern,Corn,CornAEZ09,CornAEZ09,1975,NH3_AWB,2.91578658567954e-05
South America_Southern,Corn,CornAEZ10,CornAEZ10,1975,NH3_AWB,4.1081154618119e-05
South America_Southern,Corn,CornAEZ11,CornAEZ11,1975,NH3_AWB,8.47613501264252e-06
South America_Southern,Corn,CornAEZ12,CornAEZ12,1975,NH3_AWB,6.18128779303791e-05
South America_Southern,Corn,CornAEZ13,CornAEZ13,1975,NH3_AWB,3.93073582951121e-06
South America_Southern,Corn,CornAEZ14,CornAEZ14,1975,NH3_AWB,8.24643068699131e-06
South America_Southern,Corn,CornAEZ15,CornAEZ15,1975,NH3_AWB,5.32292108779368e-06
South America_Southern,Corn,CornAEZ16,CornAEZ16,1975,NH3_AWB,2.80661461134147e-06
South America_Southern,Corn,CornAEZ17,CornAEZ17,1975,NH3_AWB,0
South America_Southern,Corn,CornAEZ18,CornAEZ18,1975,NH3_AWB,0
South America_Southern,FiberCrop,FiberCropAEZ01,FiberCropAEZ01,1975,NH3_AWB,1.90199471107062e-06
South America_Southern,FiberCrop,FiberCropAEZ02,FiberCropAEZ02,1975,NH3_AWB,1.49670016219814e-07
South America_Southern,FiberCrop,FiberCropAEZ03,FiberCropAEZ03,1975,NH3_AWB,1.2975106109089e-06
South America_Southern,FiberCrop,FiberCropAEZ04,FiberCropAEZ04,1975,NH3_AWB,2.55254062315478e-06
South America_Southern,FiberCrop,FiberCropAEZ05,FiberCropAEZ05,1975,NH3_AWB,3.02130908979703e-06
South America_Southern,FiberCrop,FiberCropAEZ06,FiberCropAEZ06,1975,NH3_AWB,3.13504348331061e-06
South America_Southern,FiberCrop,FiberCropAEZ07,FiberCropAEZ07,1975,NH3_AWB,1.2910891250645e-06
South America_Southern,FiberCrop,FiberCropAEZ08,FiberCropAEZ08,1975,NH3_AWB,2.39990684423752e-06
South America_Southern,FiberCrop,FiberCropAEZ09,FiberCropAEZ09,1975,NH3_AWB,2.38607595164956e-06
South America_Southern,FiberCrop,FiberCropAEZ10,FiberCropAEZ10,1975,NH3_AWB,1.86951681151138e-06
South America_Southern,FiberCrop,FiberCropAEZ11,FiberCropAEZ11,1975,NH3_AWB,1.38568255115722e-06
South America_Southern,FiberCrop,FiberCropAEZ12,FiberCropAEZ12,1975,NH3_AWB,2.38555729317751e-05
South America_Southern,FiberCrop,FiberCropAEZ13,FiberCropAEZ13,1975,NH3_AWB,2.50314457819775e-07
South America_Southern,FiberCrop,FiberCropAEZ14,FiberCropAEZ14,1975,NH3_AWB,9.49391984074205e-07
South America_Southern,FiberCrop,FiberCropAEZ15,FiberCropAEZ15,1975,NH3_AWB,1.14747012435192e-06
South America_Southern,FiberCrop,FiberCropAEZ16,FiberCropAEZ16,1975,NH3_AWB,1.15599094210701e-06
South America_Southern,FiberCrop,FiberCropAEZ17,FiberCropAEZ17,1975,NH3_AWB,0
South America_Southern,FiberCrop,FiberCropAEZ18,FiberCropAEZ18,1975,NH3_AWB,0
South America_Southern,FodderGrass,FodderGrassAEZ01,FodderGrassAEZ01,1975,NH3_AWB,5.83239462291916e-08
South America_Southern,FodderGrass,FodderGrassAEZ02,FodderGrassAEZ02,1975,NH3_AWB,1.32631659413463e-10
South America_Southern,FodderGrass,FodderGrassAEZ03,FodderGrassAEZ03,1975,NH3_AWB,3.00705707813962e-08
South America_Southern,FodderGrass,FodderGrassAEZ04,FodderGrassAEZ04,1975,NH3_AWB,4.32859232455237e-07
South America_Southern,FodderGrass,FodderGrassAEZ05,FodderGrassAEZ05,1975,NH3_AWB,1.57331827985584e-07
South America_Southern,FodderGrass,FodderGrassAEZ06,FodderGrassAEZ06,1975,NH3_AWB,4.56201932513217e-07
South America_Southern,FodderGrass,FodderGrassAEZ07,FodderGrassAEZ07,1975,NH3_AWB,2.00590044902256e-07
South America_Southern,FodderGrass,FodderGrassAEZ08,FodderGrassAEZ08,1975,NH3_AWB,2.99369951244069e-07
South America_Southern,FodderGrass,FodderGrassAEZ09,FodderGrassAEZ09,1975,NH3_AWB,5.8131134724315e-07
South America_Southern,FodderGrass,FodderGrassAEZ10,FodderGrassAEZ10,1975,NH3_AWB,2.07053407504904e-06
South America_Southern,FodderGrass,FodderGrassAEZ11,FodderGrassAEZ11,1975,NH3_AWB,7.01720598042695e-07
South America_Southern,FodderGrass,FodderGrassAEZ12,FodderGrassAEZ12,1975,NH3_AWB,1.58846401296293e-05
South America_Southern,FodderGrass,FodderGrassAEZ13,FodderGrassAEZ13,1975,NH3_AWB,8.34257857698564e-08
South America_Southern,FodderGrass,FodderGrassAEZ14,FodderGrassAEZ14,1975,NH3_AWB,4.99610717043243e-08
South America_Southern,FodderGrass,FodderGrassAEZ15,FodderGrassAEZ15,1975,NH3_AWB,1.07450524076424e-08
South America_Southern,FodderGrass,FodderGrassAEZ16,FodderGrassAEZ16,1975,NH3_AWB,1.67786129139851e-08
South America_Southern,FodderGrass,FodderGrassAEZ17,FodderGrassAEZ17,1975,NH3_AWB,1.10542116137484e-09
South America_Southern,FodderGrass,FodderGrassAEZ18,FodderGrassAEZ18,1975,NH3_AWB,3.8751100490553e-10
South America_Southern,FodderHerb,FodderHerbAEZ01,FodderHerbAEZ01,1975,NH3_AWB,5.46453010545336e-05
South America_Southern,FodderHerb,FodderHerbAEZ02,FodderHerbAEZ02,1975,NH3_AWB,2.80164168340889e-06
South America_Southern,FodderHerb,FodderHerbAEZ03,FodderHerbAEZ03,1975,NH3_AWB,2.49399907013356e-06
South America_Southern,FodderHerb,FodderHerbAEZ04,FodderHerbAEZ04,1975,NH3_AWB,5.60457192226606e-06
South America_Southern,FodderHerb,FodderHerbAEZ05,FodderHerbAEZ05,1975,NH3_AWB,1.44801418499746e-05
South America_Southern,FodderHerb,FodderHerbAEZ06,FodderHerbAEZ06,1975,NH3_AWB,2.96749487654481e-05
South America_Southern,FodderHerb,FodderHerbAEZ07,FodderHerbAEZ07,1975,NH3_AWB,4.50079532527488e-05
South America_Southern,FodderHerb,FodderHerbAEZ08,FodderHerbAEZ08,1975,NH3_AWB,7.92136240437581e-05
South America_Southern,FodderHerb,FodderHerbAEZ09,FodderHerbAEZ09,1975,NH3_AWB,8.13845178352368e-05
South America_Southern,FodderHerb,FodderHerbAEZ10,FodderHerbAEZ10,1975,NH3_AWB,0.000145020231321806
South America_Southern,FodderHerb,FodderHerbAEZ11,FodderHerbAEZ11,1975,NH3_AWB,5.10462046180745e-05
South America_Southern,FodderHerb,FodderHerbAEZ12,FodderHerbAEZ12,1975,NH3_AWB,4.87871253131044e-05
South America_Southern,FodderHerb,FodderHerbAEZ13,FodderHerbAEZ13,1975,NH3_AWB,1.27902013795638e-05
South America_Southern,FodderHerb,FodderHerbAEZ14,FodderHerbAEZ14,1975,NH3_AWB,3.06937934514549e-05
South America_Southern,FodderHerb,FodderHerbAEZ15,FodderHerbAEZ15,1975,NH3_AWB,3.21609748987454e-05
South America_Southern,FodderHerb,FodderHerbAEZ16,FodderHerbAEZ16,1975,NH3_AWB,3.22666364455038e-05
South America_Southern,FodderHerb,FodderHerbAEZ17,FodderHerbAEZ17,1975,NH3_AWB,0
South America_Southern,FodderHerb,FodderHerbAEZ18,FodderHerbAEZ18,1975,NH3_AWB,0
South America_Southern,MiscCrop,MiscCropAEZ01,MiscCropAEZ01,1975,NH3_AWB,5.73554019207817e-05
South America_Southern,MiscCrop,MiscCropAEZ02,MiscCropAEZ02,1975,NH3_AWB,5.82460936870241e-05
South America_Southern,MiscCrop,MiscCropAEZ03,MiscCropAEZ03,1975,NH3_AWB,0.000113637135651371
South America_Southern,MiscCrop,MiscCropAEZ04,MiscCropAEZ04,1975,NH3_AWB,9.01887179848054e-05
South America_Southern,MiscCrop,MiscCropAEZ05,MiscCropAEZ05,1975,NH3_AWB,5.76596251165878e-05
South America_Southern,MiscCrop,MiscCropAEZ06,MiscCropAEZ06,1975,NH3_AWB,0.000167649696221097
South America_Southern,MiscCrop,MiscCropAEZ07,MiscCropAEZ07,1975,NH3_AWB,2.51421849186577e-05
South America_Southern,MiscCrop,MiscCropAEZ08,MiscCropAEZ08,1975,NH3_AWB,5.08552769303421e-05
South America_Southern,MiscCrop,MiscCropAEZ09,MiscCropAEZ09,1975,NH3_AWB,9.75352840948251e-05
South America_Southern,MiscCrop,MiscCropAEZ10,MiscCropAEZ10,1975,NH3_AWB,0.000218461902522021
South America_Southern,MiscCrop,MiscCropAEZ11,MiscCropAEZ11,1975,NH3_AWB,7.4656962259431e-05
South America_Southern,MiscCrop,MiscCropAEZ12,MiscCropAEZ12,1975,NH3_AWB,0.000124588064434223
South America_Southern,MiscCrop,MiscCropAEZ13,MiscCropAEZ13,1975,NH3_AWB,1.02175480654954e-05
South America_Southern,MiscCrop,MiscCropAEZ14,MiscCropAEZ14,1975,NH3_AWB,1.59873898838449e-05
South America_Southern,MiscCrop,MiscCropAEZ15,MiscCropAEZ15,1975,NH3_AWB,1.10125109327908e-05
South America_Southern,MiscCrop,MiscCropAEZ16,MiscCropAEZ16,1975,NH3_AWB,1.40714106344277e-05
South America_Southern,MiscCrop,MiscCropAEZ17,MiscCropAEZ17,1975,NH3_AWB,1.34964472321236e-08
South America_Southern,MiscCrop,MiscCropAEZ18,MiscCropAEZ18,1975,NH3_AWB,0
South America_Southern,OilCrop,OilCropAEZ01,OilCropAEZ01,1975,NH3_AWB,2.37519357065343e-07
South America_Southern,OilCrop,OilCropAEZ02,OilCropAEZ02,1975,NH3_AWB,1.28926718407053e-07
South America_Southern,OilCrop,OilCropAEZ03,OilCropAEZ03,1975,NH3_AWB,2.87189518737358e-06
South America_Southern,OilCrop,OilCropAEZ04,OilCropAEZ04,1975,NH3_AWB,5.91791252116723e-06
South America_Southern,OilCrop,OilCropAEZ05,OilCropAEZ05,1975,NH3_AWB,5.66403010144691e-06
South America_Southern,OilCrop,OilCropAEZ06,OilCropAEZ06,1975,NH3_AWB,9.62253153825212e-07
South America_Southern,OilCrop,OilCropAEZ07,OilCropAEZ07,1975,NH3_AWB,8.11199989977261e-09
South America_Southern,OilCrop,OilCropAEZ08,OilCropAEZ08,1975,NH3_AWB,2.2314952867146e-07
South America_Southern,OilCrop,OilCropAEZ09,OilCropAEZ09,1975,NH3_AWB,1.28232949272767e-06
South America_Southern,OilCrop,OilCropAEZ10,OilCropAEZ10,1975,NH3_AWB,3.01097349422664e-06
South America_Southern,OilCrop,OilCropAEZ11,OilCropAEZ11,1975,NH3_AWB,1.80075581775085e-06
South America_Southern,OilCrop,OilCropAEZ12,OilCropAEZ12,1975,NH3_AWB,5.02082885682256e-05
South America_Southern,OilCrop,OilCropAEZ13,OilCropAEZ13,1975,NH3_AWB,3.24479995990903e-10
South America_Southern,OilCrop,OilCropAEZ14,OilCropAEZ14,1975,NH3_AWB,6.02605706840249e-10
South America_Southern,OilCrop,OilCropAEZ15,OilCropAEZ15,1975,NH3_AWB,0
South America_Southern,OilCrop,OilCropAEZ16,OilCropAEZ16,1975,NH3_AWB,7.10765705503883e-10
South America_Southern,OilCrop,OilCropAEZ17,OilCropAEZ17,1975,NH3_AWB,0
South America_Southern,OilCrop,OilCropAEZ18,OilCropAEZ18,1975,NH3_AWB,0
South America_Southern,OtherGrain,OtherGrainAEZ01,OtherGrainAEZ01,1975,NH3_AWB,3.26002621219023e-07
South America_Southern,OtherGrain,OtherGrainAEZ02,OtherGrainAEZ02,1975,NH3_AWB,3.01690833321074e-08
South America_Southern,OtherGrain,OtherGrainAEZ03,OtherGrainAEZ03,1975,NH3_AWB,1.84031408325854e-06
South America_Southern,OtherGrain,OtherGrainAEZ04,OtherGrainAEZ04,1975,NH3_AWB,3.83981822324821e-06
South America_Southern,OtherGrain,OtherGrainAEZ05,OtherGrainAEZ05,1975,NH3_AWB,4.09304595462091e-06
South America_Southern,OtherGrain,OtherGrainAEZ06,OtherGrainAEZ06,1975,NH3_AWB,1.19906058860375e-06
South America_Southern,OtherGrain,OtherGrainAEZ07,OtherGrainAEZ07,1975,NH3_AWB,7.00388107462674e-07
South America_Southern,OtherGrain,OtherGrainAEZ08,OtherGrainAEZ08,1975,NH3_AWB,3.06657498901545e-06
South America_Southern,OtherGrain,OtherGrainAEZ09,OtherGrainAEZ09,1975,NH3_AWB,4.75612389253722e-06
South America_Southern,OtherGrain,OtherGrainAEZ10,OtherGrainAEZ10,1975,NH3_AWB,1.22129424017644e-05
South America_Southern,OtherGrain,OtherGrainAEZ11,OtherGrainAEZ11,1975,NH3_AWB,1.34490724491432e-05
South America_Southern,OtherGrain,OtherGrainAEZ12,OtherGrainAEZ12,1975,NH3_AWB,3.69813586328056e-05
South America_Southern,OtherGrain,OtherGrainAEZ13,OtherGrainAEZ13,1975,NH3_AWB,6.68614285655453e-07
South America_Southern,OtherGrain,OtherGrainAEZ14,OtherGrainAEZ14,1975,NH3_AWB,1.68072284190865e-06
South America_Southern,OtherGrain,OtherGrainAEZ15,OtherGrainAEZ15,1975,NH3_AWB,2.89422607678841e-06
South America_Southern,OtherGrain,OtherGrainAEZ16,OtherGrainAEZ16,1975,NH3_AWB,1.85563933569587e-06
South America_Southern,OtherGrain,OtherGrainAEZ17,OtherGrainAEZ17,1975,NH3_AWB,0
South America_Southern,OtherGrain,OtherGrainAEZ18,OtherGrainAEZ18,1975,NH3_AWB,0
South America_Southern,PalmFruit,PalmFruitAEZ01,PalmFruitAEZ01,1975,NH3_AWB,2.81966110733347e-07
South America_Southern,PalmFruit,PalmFruitAEZ02,PalmFruitAEZ02,1975,NH3_AWB,1.61377941049107e-06
South America_Southern,PalmFruit,PalmFruitAEZ03,PalmFruitAEZ03,1975,NH3_AWB,3.47714251953725e-06
South America_Southern,PalmFruit,PalmFruitAEZ04,PalmFruitAEZ04,1975,NH3_AWB,3.74304033878947e-06
South America_Southern,PalmFruit,PalmFruitAEZ05,PalmFruitAEZ05,1975,NH3_AWB,3.79086529535359e-06
South America_Southern,PalmFruit,PalmFruitAEZ06,PalmFruitAEZ06,1975,NH3_AWB,1.03526504689443e-05
South America_Southern,PalmFruit,PalmFruitAEZ07,PalmFruitAEZ07,1975,NH3_AWB,1.46603605168485e-08
South America_Southern,PalmFruit,PalmFruitAEZ08,PalmFruitAEZ08,1975,NH3_AWB,5.76089593602617e-07
South America_Southern,PalmFruit,PalmFruitAEZ09,PalmFruitAEZ09,1975,NH3_AWB,8.19616954200326e-07
South America_Southern,PalmFruit,PalmFruitAEZ10,PalmFruitAEZ10,1975,NH3_AWB,1.83437760967065e-06
South America_Southern,PalmFruit,PalmFruitAEZ11,PalmFruitAEZ11,1975,NH3_AWB,3.19419309193997e-06
South America_Southern,PalmFruit,PalmFruitAEZ12,PalmFruitAEZ12,1975,NH3_AWB,2.93356942677612e-06
South America_Southern,PalmFruit,PalmFruitAEZ13,PalmFruitAEZ13,1975,NH3_AWB,4.29083722444342e-09
South America_Southern,PalmFruit,PalmFruitAEZ14,PalmFruitAEZ14,1975,NH3_AWB,4.20814921543072e-08
South America_Southern,PalmFruit,PalmFruitAEZ15,PalmFruitAEZ15,1975,NH3_AWB,4.73779943532294e-09
South America_Southern,PalmFruit,PalmFruitAEZ16,PalmFruitAEZ16,1975,NH3_AWB,0
South America_Southern,PalmFruit,PalmFruitAEZ17,PalmFruitAEZ17,1975,NH3_AWB,0
South America_Southern,PalmFruit,PalmFruitAEZ18,PalmFruitAEZ18,1975,NH3_AWB,0
South America_Southern,Rice,RiceAEZ01,RiceAEZ01,1975,NH3_AWB,8.44834910125947e-06
South America_Southern,Rice,RiceAEZ02,RiceAEZ02,1975,NH3_AWB,3.9645536746655e-06
South America_Southern,Rice,RiceAEZ03,RiceAEZ03,1975,NH3_AWB,6.87977333050948e-06
South America_Southern,Rice,RiceAEZ04,RiceAEZ04,1975,NH3_AWB,1.00574200299809e-05
South America_Southern,Rice,RiceAEZ05,RiceAEZ05,1975,NH3_AWB,1.30204164891174e-05
South America_Southern,Rice,RiceAEZ06,RiceAEZ06,1975,NH3_AWB,5.24972090202881e-06
South America_Southern,Rice,RiceAEZ07,RiceAEZ07,1975,NH3_AWB,5.27729329814583e-06
South America_Southern,Rice,RiceAEZ08,RiceAEZ08,1975,NH3_AWB,1.24786102710557e-05
South America_Southern,Rice,RiceAEZ09,RiceAEZ09,1975,NH3_AWB,1.05665595783216e-05
South America_Southern,Rice,RiceAEZ10,RiceAEZ10,1975,NH3_AWB,6.31756123682451e-06
South America_Southern,Rice,RiceAEZ11,RiceAEZ11,1975,NH3_AWB,3.63262001660937e-06
South America_Southern,Rice,RiceAEZ12,RiceAEZ12,1975,NH3_AWB,3.37758974313017e-05
South America_Southern,Rice,RiceAEZ13,RiceAEZ13,1975,NH3_AWB,1.94037140022794e-06
South America_Southern,Rice,RiceAEZ14,RiceAEZ14,1975,NH3_AWB,5.07712000483269e-06
South America_Southern,Rice,RiceAEZ15,RiceAEZ15,1975,NH3_AWB,3.56840914423242e-06
South America_Southern,Rice,RiceAEZ16,RiceAEZ16,1975,NH3_AWB,2.61678732250623e-06
South America_Southern,Rice,RiceAEZ17,RiceAEZ17,1975,NH3_AWB,0
South America_Southern,Rice,RiceAEZ18,RiceAEZ18,1975,NH3_AWB,0
South America_Southern,Root_Tuber,Root_TuberAEZ01,Root_TuberAEZ01,1975,NH3_AWB,1.87562594684394e-05
South America_Southern,Root_Tuber,Root_TuberAEZ02,Root_TuberAEZ02,1975,NH3_AWB,1.06077915735807e-06
South America_Southern,Root_Tuber,Root_TuberAEZ03,Root_TuberAEZ03,1975,NH3_AWB,3.43867124843284e-06
South America_Southern,Root_Tuber,Root_TuberAEZ04,Root_TuberAEZ04,1975,NH3_AWB,1.21901366848773e-05
South America_Southern,Root_Tuber,Root_TuberAEZ05,Root_TuberAEZ05,1975,NH3_AWB,1.89822339935725e-05
South America_Southern,Root_Tuber,Root_TuberAEZ06,Root_TuberAEZ06,1975,NH3_AWB,6.07801182715648e-05
South America_Southern,Root_Tuber,Root_TuberAEZ07,Root_TuberAEZ07,1975,NH3_AWB,2.64235407090195e-05
South America_Southern,Root_Tuber,Root_TuberAEZ08,Root_TuberAEZ08,1975,NH3_AWB,6.96538432542013e-05
South America_Southern,Root_Tuber,Root_TuberAEZ09,Root_TuberAEZ09,1975,NH3_AWB,8.10293649566837e-05
South America_Southern,Root_Tuber,Root_TuberAEZ10,Root_TuberAEZ10,1975,NH3_AWB,3.22697155349442e-05
South America_Southern,Root_Tuber,Root_TuberAEZ11,Root_TuberAEZ11,1975,NH3_AWB,2.79789662872096e-05
South America_Southern,Root_Tuber,Root_TuberAEZ12,Root_TuberAEZ12,1975,NH3_AWB,0.000288876799931083
South America_Southern,Root_Tuber,Root_TuberAEZ13,Root_TuberAEZ13,1975,NH3_AWB,1.00328352123143e-05
South America_Southern,Root_Tuber,Root_TuberAEZ14,Root_TuberAEZ14,1975,NH3_AWB,2.25017386178057e-05
South America_Southern,Root_Tuber,Root_TuberAEZ15,Root_TuberAEZ15,1975,NH3_AWB,3.14207033713573e-05
South America_Southern,Root_Tuber,Root_TuberAEZ16,Root_TuberAEZ16,1975,NH3_AWB,2.18111778171429e-05
South America_Southern,Root_Tuber,Root_TuberAEZ17,Root_TuberAEZ17,1975,NH3_AWB,0
South America_Southern,Root_Tuber,Root_TuberAEZ18,Root_TuberAEZ18,1975,NH3_AWB,0
South America_Southern,SugarCrop,SugarCropAEZ01,SugarCropAEZ01,1975,NH3_AWB,0.000115610717595767
South America_Southern,SugarCrop,SugarCropAEZ02,SugarCropAEZ02,1975,NH3_AWB,2.76309563933808e-05
South America_Southern,SugarCrop,SugarCropAEZ03,SugarCropAEZ03,1975,NH3_AWB,0.000124423818590481
South America_Southern,SugarCrop,SugarCropAEZ04,SugarCropAEZ04,1975,NH3_AWB,0.000145504959761093
South America_Southern,SugarCrop,SugarCropAEZ05,SugarCropAEZ05,1975,NH3_AWB,0.000242203249818748
South America_Southern,SugarCrop,SugarCropAEZ06,SugarCropAEZ06,1975,NH3_AWB,9.61150766759819e-05
South America_Southern,SugarCrop,SugarCropAEZ07,SugarCropAEZ07,1975,NH3_AWB,8.39680577220049e-05
South America_Southern,SugarCrop,SugarCropAEZ08,SugarCropAEZ08,1975,NH3_AWB,0.000200452039561901
South America_Southern,SugarCrop,SugarCropAEZ09,SugarCropAEZ09,1975,NH3_AWB,0.000216677996008438
South America_Southern,SugarCrop,SugarCropAEZ10,SugarCropAEZ10,1975,NH3_AWB,0.000426815400633795
South America_Southern,SugarCrop,SugarCropAEZ11,SugarCropAEZ11,1975,NH3_AWB,0.000149680803135668
South America_Southern,SugarCrop,SugarCropAEZ12,SugarCropAEZ12,1975,NH3_AWB,0.000354679862271611
South America_Southern,SugarCrop,SugarCropAEZ13,SugarCropAEZ13,1975,NH3_AWB,1.33575645649856e-05
South America_Southern,SugarCrop,SugarCropAEZ14,SugarCropAEZ14,1975,NH3_AWB,5.51308898109627e-05
South America_Southern,SugarCrop,SugarCropAEZ15,SugarCropAEZ15,1975,NH3_AWB,4.09492918570455e-05
South America_Southern,SugarCrop,SugarCropAEZ16,SugarCropAEZ16,1975,NH3_AWB,3.44610429859248e-05
South America_Southern,SugarCrop,SugarCropAEZ17,SugarCropAEZ17,1975,NH3_AWB,0
South America_Southern,SugarCrop,SugarCropAEZ18,SugarCropAEZ18,1975,NH3_AWB,0
South America_Southern,Wheat,WheatAEZ01,WheatAEZ01,1975,NH3_AWB,1.47573847546764e-06
South America_Southern,Wheat,WheatAEZ02,WheatAEZ02,1975,NH3_AWB,5.22127007032834e-08
South America_Southern,Wheat,WheatAEZ03,WheatAEZ03,1975,NH3_AWB,8.66049796447937e-07
South America_Southern,Wheat,WheatAEZ04,WheatAEZ04,1975,NH3_AWB,1.76217864873581e-06
South America_Southern,Wheat,WheatAEZ05,WheatAEZ05,1975,NH3_AWB,2.13828846016832e-06
South America_Southern,Wheat,WheatAEZ06,WheatAEZ06,1975,NH3_AWB,2.21417524255695e-06
South America_Southern,Wheat,WheatAEZ07,WheatAEZ07,1975,NH3_AWB,2.95585503453463e-06
South America_Southern,Wheat,WheatAEZ08,WheatAEZ08,1975,NH3_AWB,5.65575432975209e-06
South America_Southern,Wheat,WheatAEZ09,WheatAEZ09,1975,NH3_AWB,1.12753489319986e-05
South America_Southern,Wheat,WheatAEZ10,WheatAEZ10,1975,NH3_AWB,4.14825042550253e-05
South America_Southern,Wheat,WheatAEZ11,WheatAEZ11,1975,NH3_AWB,1.89576695145135e-05
South America_Southern,Wheat,WheatAEZ12,WheatAEZ12,1975,NH3_AWB,7.07756940888781e-05
South America_Southern,Wheat,WheatAEZ13,WheatAEZ13,1975,NH3_AWB,2.07626560917761e-06
South America_Southern,Wheat,WheatAEZ14,WheatAEZ14,1975,NH3_AWB,3.96654374100535e-06
South America_Southern,Wheat,WheatAEZ15,WheatAEZ15,1975,NH3_AWB,1.7516388178485e-06
South America_Southern,Wheat,WheatAEZ16,WheatAEZ16,1975,NH3_AWB,1.63375486315507e-06
South America_Southern,Wheat,WheatAEZ17,WheatAEZ17,1975,NH3_AWB,9.16154530973762e-08
South America_Southern,Wheat,WheatAEZ18,WheatAEZ18,1975,NH3_AWB,0
South America_Southern,Corn,CornAEZ01,CornAEZ01,1975,NMVOC_AWB,4.84524778159357e-05
South America_Southern,Corn,CornAEZ02,CornAEZ02,1975,NMVOC_AWB,8.98672134180556e-06
South America_Southern,Corn,CornAEZ03,CornAEZ03,1975,NMVOC_AWB,2.88525401489039e-05
South America_Southern,Corn,CornAEZ04,CornAEZ04,1975,NMVOC_AWB,4.86687930817897e-05
South America_Southern,Corn,CornAEZ05,CornAEZ05,1975,NMVOC_AWB,6.6010423850283e-05
South America_Southern,Corn,CornAEZ06,CornAEZ06,1975,NMVOC_AWB,0.000106321553845707
South America_Southern,Corn,CornAEZ07,CornAEZ07,1975,NMVOC_AWB,5.01233373163989e-05
South America_Southern,Corn,CornAEZ08,CornAEZ08,1975,NMVOC_AWB,0.000136284124807223
South America_Southern,Corn,CornAEZ09,CornAEZ09,1975,NMVOC_AWB,0.000157215303947706
South America_Southern,Corn,CornAEZ10,CornAEZ10,1975,NMVOC_AWB,0.000221504078574567
South America_Southern,Corn,CornAEZ11,CornAEZ11,1975,NMVOC_AWB,4.57021837215094e-05
South America_Southern,Corn,CornAEZ12,CornAEZ12,1975,NMVOC_AWB,0.000333286751487068
South America_Southern,Corn,CornAEZ13,CornAEZ13,1975,NMVOC_AWB,2.11940006586841e-05
South America_Southern,Corn,CornAEZ14,CornAEZ14,1975,NMVOC_AWB,4.44636487905675e-05
South America_Southern,Corn,CornAEZ15,CornAEZ15,1975,NMVOC_AWB,2.87004769422145e-05
South America_Southern,Corn,CornAEZ16,CornAEZ16,1975,NMVOC_AWB,1.51328897441679e-05
South America_Southern,Corn,CornAEZ17,CornAEZ17,1975,NMVOC_AWB,0
South America_Southern,Corn,CornAEZ18,CornAEZ18,1975,NMVOC_AWB,0
South America_Southern,FiberCrop,FiberCropAEZ01,FiberCropAEZ01,1975,NMVOC_AWB,1.02553005105553e-05
South America_Southern,FiberCrop,FiberCropAEZ02,FiberCropAEZ02,1975,NMVOC_AWB,8.07000663471822e-07
South America_Southern,FiberCrop,FiberCropAEZ03,FiberCropAEZ03,1975,NMVOC_AWB,6.99600327648383e-06
South America_Southern,FiberCrop,FiberCropAEZ04,FiberCropAEZ04,1975,NMVOC_AWB,1.37629568597052e-05
South America_Southern,FiberCrop,FiberCropAEZ05,FiberCropAEZ05,1975,NMVOC_AWB,1.6290493591173e-05
South America_Southern,FiberCrop,FiberCropAEZ06,FiberCropAEZ06,1975,NMVOC_AWB,1.69037341943559e-05
South America_Southern,FiberCrop,FiberCropAEZ07,FiberCropAEZ07,1975,NMVOC_AWB,6.96137948564187e-06
South America_Southern,FiberCrop,FiberCropAEZ08,FiberCropAEZ08,1975,NMVOC_AWB,1.29399759850754e-05
South America_Southern,FiberCrop,FiberCropAEZ09,FiberCropAEZ09,1975,NMVOC_AWB,1.28654016663388e-05
South America_Southern,FiberCrop,FiberCropAEZ10,FiberCropAEZ10,1975,NMVOC_AWB,1.00801840299505e-05
South America_Southern,FiberCrop,FiberCropAEZ11,FiberCropAEZ11,1975,NMVOC_AWB,7.47141455843016e-06
South America_Southern,FiberCrop,FiberCropAEZ12,FiberCropAEZ12,1975,NMVOC_AWB,0.000128626051293861
South America_Southern,FiberCrop,FiberCropAEZ13,FiberCropAEZ13,1975,NMVOC_AWB,1.34966200070742e-06
South America_Southern,FiberCrop,FiberCropAEZ14,FiberCropAEZ14,1975,NMVOC_AWB,5.11899430756715e-06
South America_Southern,FiberCrop,FiberCropAEZ15,FiberCropAEZ15,1975,NMVOC_AWB,6.18700508661733e-06
South America_Southern,FiberCrop,FiberCropAEZ16,FiberCropAEZ16,1975,NMVOC_AWB,6.2329481936962e-06
South America_Southern,FiberCrop,FiberCropAEZ17,FiberCropAEZ17,1975,NMVOC_AWB,0
South America_Southern,FiberCrop,FiberCropAEZ18,FiberCropAEZ18,1975,NMVOC_AWB,0
South America_Southern,FodderGrass,FodderGrassAEZ01,FodderGrassAEZ01,1975,NMVOC_AWB,3.14474899462337e-07
South America_Southern,FodderGrass,FodderGrassAEZ02,FodderGrassAEZ02,1975,NMVOC_AWB,7.15132127645642e-10
South America_Southern,FodderGrass,FodderGrassAEZ03,FodderGrassAEZ03,1975,NMVOC_AWB,1.6213648654867e-07
South America_Southern,FodderGrass,FodderGrassAEZ04,FodderGrassAEZ04,1975,NMVOC_AWB,2.33391895453697e-06
South America_Southern,FodderGrass,FodderGrassAEZ05,FodderGrassAEZ05,1975,NMVOC_AWB,8.4831212541014e-07
South America_Southern,FodderGrass,FodderGrassAEZ06,FodderGrassAEZ06,1975,NMVOC_AWB,2.4597796640484e-06
South America_Southern,FodderGrass,FodderGrassAEZ07,FodderGrassAEZ07,1975,NMVOC_AWB,1.08155463205284e-06
South America_Southern,FodderGrass,FodderGrassAEZ08,FodderGrassAEZ08,1975,NMVOC_AWB,1.61416264512643e-06
South America_Southern,FodderGrass,FodderGrassAEZ09,FodderGrassAEZ09,1975,NMVOC_AWB,3.13435285675352e-06
South America_Southern,FodderGrass,FodderGrassAEZ10,FodderGrassAEZ10,1975,NMVOC_AWB,1.11640421676147e-05
South America_Southern,FodderGrass,FodderGrassAEZ11,FodderGrassAEZ11,1975,NMVOC_AWB,3.78358339562556e-06
South America_Southern,FodderGrass,FodderGrassAEZ12,FodderGrassAEZ12,1975,NMVOC_AWB,8.56478501665645e-05
South America_Southern,FodderGrass,FodderGrassAEZ13,FodderGrassAEZ13,1975,NMVOC_AWB,4.498206532433e-07
South America_Southern,FodderGrass,FodderGrassAEZ14,FodderGrassAEZ14,1975,NMVOC_AWB,2.69383401107798e-07
South America_Southern,FodderGrass,FodderGrassAEZ15,FodderGrassAEZ15,1975,NMVOC_AWB,5.79358821560608e-08
South America_Southern,FodderGrass,FodderGrassAEZ16,FodderGrassAEZ16,1975,NMVOC_AWB,9.04680315784605e-08
South America_Southern,FodderGrass,FodderGrassAEZ17,FodderGrassAEZ17,1975,NMVOC_AWB,5.96028271511064e-09
South America_Southern,FodderGrass,FodderGrassAEZ18,FodderGrassAEZ18,1975,NMVOC_AWB,2.08940739073692e-09
South America_Southern,FodderHerb,FodderHerbAEZ01,FodderHerbAEZ01,1975,NMVOC_AWB,0.000294640137820657
South America_Southern,FodderHerb,FodderHerbAEZ02,FodderHerbAEZ02,1975,NMVOC_AWB,1.51060763834003e-05
South America_Southern,FodderHerb,FodderHerbAEZ03,FodderHerbAEZ03,1975,NMVOC_AWB,1.34473086535915e-05
South America_Southern,FodderHerb,FodderHerbAEZ04,FodderHerbAEZ04,1975,NMVOC_AWB,3.02191004850408e-05
South America_Southern,FodderHerb,FodderHerbAEZ05,FodderHerbAEZ05,1975,NMVOC_AWB,7.80749837224151e-05
South America_Southern,FodderHerb,FodderHerbAEZ06,FodderHerbAEZ06,1975,NMVOC_AWB,0.000160003345673711
South America_Southern,FodderHerb,FodderHerbAEZ07,FodderHerbAEZ07,1975,NMVOC_AWB,0.000242676850406251
South America_Southern,FodderHerb,FodderHerbAEZ08,FodderHerbAEZ08,1975,NMVOC_AWB,0.000427109241876713
South America_Southern,FodderHerb,FodderHerbAEZ09,FodderHerbAEZ09,1975,NMVOC_AWB,0.000438814410181613
South America_Southern,FodderHerb,FodderHerbAEZ10,FodderHerbAEZ10,1975,NMVOC_AWB,0.000781929646627788
South America_Southern,FodderHerb,FodderHerbAEZ11,FodderHerbAEZ11,1975,NMVOC_AWB,0.000275234292311454
South America_Southern,FodderHerb,FodderHerbAEZ12,FodderHerbAEZ12,1975,NMVOC_AWB,0.0002630536395395
South America_Southern,FodderHerb,FodderHerbAEZ13,FodderHerbAEZ13,1975,NMVOC_AWB,6.89630512506068e-05
South America_Southern,FodderHerb,FodderHerbAEZ14,FodderHerbAEZ14,1975,NMVOC_AWB,0.00016549681963963
South America_Southern,FodderHerb,FodderHerbAEZ15,FodderHerbAEZ15,1975,NMVOC_AWB,0.000173407665320692
South America_Southern,FodderHerb,FodderHerbAEZ16,FodderHerbAEZ16,1975,NMVOC_AWB,0.000173977378216375
South America_Southern,FodderHerb,FodderHerbAEZ17,FodderHerbAEZ17,1975,NMVOC_AWB,0
South America_Southern,FodderHerb,FodderHerbAEZ18,FodderHerbAEZ18,1975,NMVOC_AWB,0
South America_Southern,MiscCrop,MiscCropAEZ01,MiscCropAEZ01,1975,NMVOC_AWB,0.000309252638389413
South America_Southern,MiscCrop,MiscCropAEZ02,MiscCropAEZ02,1975,NMVOC_AWB,0.000314055128991478
South America_Southern,MiscCrop,MiscCropAEZ03,MiscCropAEZ03,1975,NMVOC_AWB,0.000612716201827692
South America_Southern,MiscCrop,MiscCropAEZ04,MiscCropAEZ04,1975,NMVOC_AWB,0.00048628547714272
South America_Southern,MiscCrop,MiscCropAEZ05,MiscCropAEZ05,1975,NMVOC_AWB,0.000310892969078617
South America_Southern,MiscCrop,MiscCropAEZ06,MiscCropAEZ06,1975,NMVOC_AWB,0.00090394468777617
South America_Southern,MiscCrop,MiscCropAEZ07,MiscCropAEZ07,1975,NMVOC_AWB,0.000135563290650609
South America_Southern,MiscCrop,MiscCropAEZ08,MiscCropAEZ08,1975,NMVOC_AWB,0.000274204835813976
South America_Southern,MiscCrop,MiscCropAEZ09,MiscCropAEZ09,1975,NMVOC_AWB,0.00052589717676543
South America_Southern,MiscCrop,MiscCropAEZ10,MiscCropAEZ10,1975,NMVOC_AWB,0.00117791729253015
South America_Southern,MiscCrop,MiscCropAEZ11,MiscCropAEZ11,1975,NMVOC_AWB,0.000402540332378046
South America_Southern,MiscCrop,MiscCropAEZ12,MiscCropAEZ12,1975,NMVOC_AWB,0.000671762141800164
South America_Southern,MiscCrop,MiscCropAEZ13,MiscCropAEZ13,1975,NMVOC_AWB,5.5091649457698e-05
South America_Southern,MiscCrop,MiscCropAEZ14,MiscCropAEZ14,1975,NMVOC_AWB,8.62018630671967e-05
South America_Southern,MiscCrop,MiscCropAEZ15,MiscCropAEZ15,1975,NMVOC_AWB,5.93779826695598e-05
South America_Southern,MiscCrop,MiscCropAEZ16,MiscCropAEZ16,1975,NMVOC_AWB,7.58711598005712e-05
South America_Southern,MiscCrop,MiscCropAEZ17,MiscCropAEZ17,1975,NMVOC_AWB,7.27710342119565e-08
South America_Southern,MiscCrop,MiscCropAEZ18,MiscCropAEZ18,1975,NMVOC_AWB,0
South America_Southern,OilCrop,OilCropAEZ01,OilCropAEZ01,1975,NMVOC_AWB,1.28067253268431e-06
South America_Southern,OilCrop,OilCropAEZ02,OilCropAEZ02,1975,NMVOC_AWB,6.95155582404234e-07
South America_Southern,OilCrop,OilCropAEZ03,OilCropAEZ03,1975,NMVOC_AWB,1.54848738589579e-05
South America_Southern,OilCrop,OilCropAEZ04,OilCropAEZ04,1975,NMVOC_AWB,3.19085909895018e-05
South America_Southern,OilCrop,OilCropAEZ05,OilCropAEZ05,1975,NMVOC_AWB,3.05396910165291e-05
South America_Southern,OilCrop,OilCropAEZ06,OilCropAEZ06,1975,NMVOC_AWB,5.18834001076293e-06
South America_Southern,OilCrop,OilCropAEZ07,OilCropAEZ07,1975,NMVOC_AWB,4.37388160069778e-08
South America_Southern,OilCrop,OilCropAEZ08,OilCropAEZ08,1975,NMVOC_AWB,1.2031923443291e-06
South America_Southern,OilCrop,OilCropAEZ09,OilCropAEZ09,1975,NMVOC_AWB,6.91414872235255e-06
South America_Southern,OilCrop,OilCropAEZ10,OilCropAEZ10,1975,NMVOC_AWB,1.62347654453938e-05
South America_Southern,OilCrop,OilCropAEZ11,OilCropAEZ11,1975,NMVOC_AWB,9.70943396933563e-06
South America_Southern,OilCrop,OilCropAEZ12,OilCropAEZ12,1975,NMVOC_AWB,0.000270716361297345
South America_Southern,OilCrop,OilCropAEZ13,OilCropAEZ13,1975,NMVOC_AWB,1.74955264027911e-09
South America_Southern,OilCrop,OilCropAEZ14,OilCropAEZ14,1975,NMVOC_AWB,3.24916918908977e-09
South America_Southern,OilCrop,OilCropAEZ15,OilCropAEZ15,1975,NMVOC_AWB,0
South America_Southern,OilCrop,OilCropAEZ16,OilCropAEZ16,1975,NMVOC_AWB,3.83235340251614e-09
South America_Southern,OilCrop,OilCropAEZ17,OilCropAEZ17,1975,NMVOC_AWB,0
South America_Southern,OilCrop,OilCropAEZ18,OilCropAEZ18,1975,NMVOC_AWB,0
South America_Southern,OtherGrain,OtherGrainAEZ01,OtherGrainAEZ01,1975,NMVOC_AWB,1.75776243139389e-06
South America_Southern,OtherGrain,OtherGrainAEZ02,OtherGrainAEZ02,1975,NMVOC_AWB,1.62667653016023e-07
South America_Southern,OtherGrain,OtherGrainAEZ03,OtherGrainAEZ03,1975,NMVOC_AWB,9.92272683397739e-06
South America_Southern,OtherGrain,OtherGrainAEZ04,OtherGrainAEZ04,1975,NMVOC_AWB,2.07037851136564e-05
South America_Southern,OtherGrain,OtherGrainAEZ05,OtherGrainAEZ05,1975,NMVOC_AWB,2.20691550948228e-05
South America_Southern,OtherGrain,OtherGrainAEZ06,OtherGrainAEZ06,1975,NMVOC_AWB,6.46517395391342e-06
South America_Southern,OtherGrain,OtherGrainAEZ07,OtherGrainAEZ07,1975,NMVOC_AWB,3.77639878504486e-06
South America_Southern,OtherGrain,OtherGrainAEZ08,OtherGrainAEZ08,1975,NMVOC_AWB,1.65345612516473e-05
South America_Southern,OtherGrain,OtherGrainAEZ09,OtherGrainAEZ09,1975,NMVOC_AWB,2.56443824472813e-05
South America_Southern,OtherGrain,OtherGrainAEZ10,OtherGrainAEZ10,1975,NMVOC_AWB,6.58505482266542e-05
South America_Southern,OtherGrain,OtherGrainAEZ11,OtherGrainAEZ11,1975,NMVOC_AWB,7.25155957329436e-05
South America_Southern,OtherGrain,OtherGrainAEZ12,OtherGrainAEZ12,1975,NMVOC_AWB,0.000199398528219125
South America_Southern,OtherGrain,OtherGrainAEZ13,OtherGrainAEZ13,1975,NMVOC_AWB,3.60507859729393e-06
South America_Southern,OtherGrain,OtherGrainAEZ14,OtherGrainAEZ14,1975,NMVOC_AWB,9.0622322545921e-06
South America_Southern,OtherGrain,OtherGrainAEZ15,OtherGrainAEZ15,1975,NMVOC_AWB,1.56052790211196e-05
South America_Southern,OtherGrain,OtherGrainAEZ16,OtherGrainAEZ16,1975,NMVOC_AWB,1.00053585406956e-05
South America_Southern,OtherGrain,OtherGrainAEZ17,OtherGrainAEZ17,1975,NMVOC_AWB,0
South America_Southern,OtherGrain,OtherGrainAEZ18,OtherGrainAEZ18,1975,NMVOC_AWB,0
South America_Southern,PalmFruit,PalmFruitAEZ01,PalmFruitAEZ01,1975,NMVOC_AWB,1.52032347016113e-06
South America_Southern,PalmFruit,PalmFruitAEZ02,PalmFruitAEZ02,1975,NMVOC_AWB,8.7012822464774e-06
South America_Southern,PalmFruit,PalmFruitAEZ03,PalmFruitAEZ03,1975,NMVOC_AWB,1.8748286337669e-05
South America_Southern,PalmFruit,PalmFruitAEZ04,PalmFruitAEZ04,1975,NMVOC_AWB,2.01819717341956e-05
South America_Southern,PalmFruit,PalmFruitAEZ05,PalmFruitAEZ05,1975,NMVOC_AWB,2.04398374888239e-05
South America_Southern,PalmFruit,PalmFruitAEZ06,PalmFruitAEZ06,1975,NMVOC_AWB,5.58201035059675e-05
South America_Southern,PalmFruit,PalmFruitAEZ07,PalmFruitAEZ07,1975,NMVOC_AWB,7.90466986150199e-08
South America_Southern,PalmFruit,PalmFruitAEZ08,PalmFruitAEZ08,1975,NMVOC_AWB,3.10619786112495e-06
South America_Southern,PalmFruit,PalmFruitAEZ09,PalmFruitAEZ09,1975,NMVOC_AWB,4.41926474345402e-06
South America_Southern,PalmFruit,PalmFruitAEZ10,PalmFruitAEZ10,1975,NMVOC_AWB,9.89071816420427e-06
South America_Southern,PalmFruit,PalmFruitAEZ11,PalmFruitAEZ11,1975,NMVOC_AWB,1.72226609547959e-05
South America_Southern,PalmFruit,PalmFruitAEZ12,PalmFruitAEZ12,1975,NMVOC_AWB,1.5817413090088e-05
South America_Southern,PalmFruit,PalmFruitAEZ13,PalmFruitAEZ13,1975,NMVOC_AWB,2.31356191068349e-08
South America_Southern,PalmFruit,PalmFruitAEZ14,PalmFruitAEZ14,1975,NMVOC_AWB,2.26897764469637e-07
South America_Southern,PalmFruit,PalmFruitAEZ15,PalmFruitAEZ15,1975,NMVOC_AWB,2.55455794304636e-08
South America_Southern,PalmFruit,PalmFruitAEZ16,PalmFruitAEZ16,1975,NMVOC_AWB,0
South America_Southern,PalmFruit,PalmFruitAEZ17,PalmFruitAEZ17,1975,NMVOC_AWB,0
South America_Southern,PalmFruit,PalmFruitAEZ18,PalmFruitAEZ18,1975,NMVOC_AWB,0
South America_Southern,Rice,RiceAEZ01,RiceAEZ01,1975,NMVOC_AWB,4.55523658121671e-05
South America_Southern,Rice,RiceAEZ02,RiceAEZ02,1975,NMVOC_AWB,2.13763419463113e-05
South America_Southern,Rice,RiceAEZ03,RiceAEZ03,1975,NMVOC_AWB,3.70948155314082e-05
South America_Southern,Rice,RiceAEZ04,RiceAEZ04,1975,NMVOC_AWB,5.42282605561374e-05
South America_Southern,Rice,RiceAEZ05,RiceAEZ05,1975,NMVOC_AWB,7.02043402598773e-05
South America_Southern,Rice,RiceAEZ06,RiceAEZ06,1975,NMVOC_AWB,2.83057913534072e-05
South America_Southern,Rice,RiceAEZ07,RiceAEZ07,1975,NMVOC_AWB,2.84544580170579e-05
South America_Southern,Rice,RiceAEZ08,RiceAEZ08,1975,NMVOC_AWB,6.72829937638173e-05
South America_Southern,Rice,RiceAEZ09,RiceAEZ09,1975,NMVOC_AWB,5.69734727481855e-05
South America_Southern,Rice,RiceAEZ10,RiceAEZ10,1975,NMVOC_AWB,3.40634432894937e-05
South America_Southern,Rice,RiceAEZ11,RiceAEZ11,1975,NMVOC_AWB,1.95866001593757e-05
South America_Southern,Rice,RiceAEZ12,RiceAEZ12,1975,NMVOC_AWB,0.000182115111128104
South America_Southern,Rice,RiceAEZ13,RiceAEZ13,1975,NMVOC_AWB,1.04622224739119e-05
South America_Southern,Rice,RiceAEZ14,RiceAEZ14,1975,NMVOC_AWB,2.7375150453706e-05
South America_Southern,Rice,RiceAEZ15,RiceAEZ15,1975,NMVOC_AWB,1.92403837432954e-05
South America_Southern,Rice,RiceAEZ16,RiceAEZ16,1975,NMVOC_AWB,1.41093664500292e-05
South America_Southern,Rice,RiceAEZ17,RiceAEZ17,1975,NMVOC_AWB,0
South America_Southern,Rice,RiceAEZ18,RiceAEZ18,1975,NMVOC_AWB,0
South America_Southern,Root_Tuber,Root_TuberAEZ01,Root_TuberAEZ01,1975,NMVOC_AWB,0.000101131236687047
South America_Southern,Root_Tuber,Root_TuberAEZ02,Root_TuberAEZ02,1975,NMVOC_AWB,5.71957901392752e-06
South America_Southern,Root_Tuber,Root_TuberAEZ03,Root_TuberAEZ03,1975,NMVOC_AWB,1.85408544011329e-05
South America_Southern,Root_Tuber,Root_TuberAEZ04,Root_TuberAEZ04,1975,NMVOC_AWB,6.57275828584152e-05
South America_Southern,Root_Tuber,Root_TuberAEZ05,Root_TuberAEZ05,1975,NMVOC_AWB,0.000102349661033593
South America_Southern,Root_Tuber,Root_TuberAEZ06,Root_TuberAEZ06,1975,NMVOC_AWB,0.000327718249853139
South America_Southern,Root_Tuber,Root_TuberAEZ07,Root_TuberAEZ07,1975,NMVOC_AWB,0.000142472189300334
South America_Southern,Root_Tuber,Root_TuberAEZ08,Root_TuberAEZ08,1975,NMVOC_AWB,0.000375564185394009
South America_Southern,Root_Tuber,Root_TuberAEZ09,Root_TuberAEZ09,1975,NMVOC_AWB,0.000436899473470407
South America_Southern,Root_Tuber,Root_TuberAEZ10,Root_TuberAEZ10,1975,NMVOC_AWB,0.000173993980253871
South America_Southern,Root_Tuber,Root_TuberAEZ11,Root_TuberAEZ11,1975,NMVOC_AWB,0.000150858835505656
South America_Southern,Root_Tuber,Root_TuberAEZ12,Root_TuberAEZ12,1975,NMVOC_AWB,0.0015575849799042
South America_Southern,Root_Tuber,Root_TuberAEZ13,Root_TuberAEZ13,1975,NMVOC_AWB,5.40957025149918e-05
South America_Southern,Root_Tuber,Root_TuberAEZ14,Root_TuberAEZ14,1975,NMVOC_AWB,0.000121326358160939
South America_Southern,Root_Tuber,Root_TuberAEZ15,Root_TuberAEZ15,1975,NMVOC_AWB,0.000169416220481974
South America_Southern,Root_Tuber,Root_TuberAEZ16,Root_TuberAEZ16,1975,NMVOC_AWB,0.000117602946896761
South America_Southern,Root_Tuber,Root_TuberAEZ17,Root_TuberAEZ17,1975,NMVOC_AWB,0
South America_Southern,Root_Tuber,Root_TuberAEZ18,Root_TuberAEZ18,1975,NMVOC_AWB,0
South America_Southern,SugarCrop,SugarCropAEZ01,SugarCropAEZ01,1975,NMVOC_AWB,0.000623357491103727
South America_Southern,SugarCrop,SugarCropAEZ02,SugarCropAEZ02,1975,NMVOC_AWB,0.000148982412810531
South America_Southern,SugarCrop,SugarCropAEZ03,SugarCropAEZ03,1975,NMVOC_AWB,0.000670876550228652
South America_Southern,SugarCrop,SugarCropAEZ04,SugarCropAEZ04,1975,NMVOC_AWB,0.000784543237392244
South America_Southern,SugarCrop,SugarCropAEZ05,SugarCropAEZ05,1975,NMVOC_AWB,0.00130592745451233
South America_Southern,SugarCrop,SugarCropAEZ06,SugarCropAEZ06,1975,NMVOC_AWB,0.000518239608748661
South America_Southern,SugarCrop,SugarCropAEZ07,SugarCropAEZ07,1975,NMVOC_AWB,0.000452744510915122
South America_Southern,SugarCrop,SugarCropAEZ08,SugarCropAEZ08,1975,NMVOC_AWB,0.00108081052575792
South America_Southern,SugarCrop,SugarCropAEZ09,SugarCropAEZ09,1975,NMVOC_AWB,0.00116829870775016
South America_Southern,SugarCrop,SugarCropAEZ10,SugarCropAEZ10,1975,NMVOC_AWB,0.00230133142356047
South America_Southern,SugarCrop,SugarCropAEZ11,SugarCropAEZ11,1975,NMVOC_AWB,0.000807058825076069
South America_Southern,SugarCrop,SugarCropAEZ12,SugarCropAEZ12,1975,NMVOC_AWB,0.00191238627082738
South America_Southern,SugarCrop,SugarCropAEZ13,SugarCropAEZ13,1975,NMVOC_AWB,7.20221974886379e-05
South America_Southern,SugarCrop,SugarCropAEZ14,SugarCropAEZ14,1975,NMVOC_AWB,0.000297258367299815
South America_Southern,SugarCrop,SugarCropAEZ15,SugarCropAEZ15,1975,NMVOC_AWB,0.000220793092243696
South America_Southern,SugarCrop,SugarCropAEZ16,SugarCropAEZ16,1975,NMVOC_AWB,0.000185809324111576
South America_Southern,SugarCrop,SugarCropAEZ17,SugarCropAEZ17,1975,NMVOC_AWB,0
South America_Southern,SugarCrop,SugarCropAEZ18,SugarCropAEZ18,1975,NMVOC_AWB,0
South America_Southern,Wheat,WheatAEZ01,WheatAEZ01,1975,NMVOC_AWB,7.95698402988227e-06
South America_Southern,Wheat,WheatAEZ02,WheatAEZ02,1975,NMVOC_AWB,2.81523882828491e-07
South America_Southern,Wheat,WheatAEZ03,WheatAEZ03,1975,NMVOC_AWB,4.66962440430735e-06
South America_Southern,Wheat,WheatAEZ04,WheatAEZ04,1975,NMVOC_AWB,9.50143104546153e-06
South America_Southern,Wheat,WheatAEZ05,WheatAEZ05,1975,NMVOC_AWB,1.15293647293767e-05
South America_Southern,Wheat,WheatAEZ06,WheatAEZ06,1975,NMVOC_AWB,1.19385360870281e-05
South America_Southern,Wheat,WheatAEZ07,WheatAEZ07,1975,NMVOC_AWB,1.5937574099629e-05
South America_Southern,Wheat,WheatAEZ08,WheatAEZ08,1975,NMVOC_AWB,3.04950691649576e-05
South America_Southern,Wheat,WheatAEZ09,WheatAEZ09,1975,NMVOC_AWB,6.07951699265903e-05
South America_Southern,Wheat,WheatAEZ10,WheatAEZ10,1975,NMVOC_AWB,0.000223668102013917
South America_Southern,Wheat,WheatAEZ11,WheatAEZ11,1975,NMVOC_AWB,0.000102217212655494
South America_Southern,Wheat,WheatAEZ12,WheatAEZ12,1975,NMVOC_AWB,0.000381613054705087
South America_Southern,Wheat,WheatAEZ13,WheatAEZ13,1975,NMVOC_AWB,1.11949458312963e-05
South America_Southern,Wheat,WheatAEZ14,WheatAEZ14,1975,NMVOC_AWB,2.13870721172378e-05
South America_Southern,Wheat,WheatAEZ15,WheatAEZ15,1975,NMVOC_AWB,9.44460169023218e-06
South America_Southern,Wheat,WheatAEZ16,WheatAEZ16,1975,NMVOC_AWB,8.80898720943622e-06
South America_Southern,Wheat,WheatAEZ17,WheatAEZ17,1975,NMVOC_AWB,4.93978241608998e-07
South America_Southern,Wheat,WheatAEZ18,WheatAEZ18,1975,NMVOC_AWB,0
South America_Southern,Corn,CornAEZ01,CornAEZ01,1975,NOx_AWB,2.62575098296783e-05
South America_Southern,Corn,CornAEZ02,CornAEZ02,1975,NOx_AWB,4.87011056205326e-06
South America_Southern,Corn,CornAEZ03,CornAEZ03,1975,NOx_AWB,1.56358537420735e-05
South America_Southern,Corn,CornAEZ04,CornAEZ04,1975,NOx_AWB,2.63747360372017e-05
South America_Southern,Corn,CornAEZ05,CornAEZ05,1975,NOx_AWB,3.57725637828986e-05
South America_Southern,Corn,CornAEZ06,CornAEZ06,1975,NOx_AWB,5.76180903650737e-05
South America_Southern,Corn,CornAEZ07,CornAEZ07,1975,NOx_AWB,2.71629869432346e-05
South America_Southern,Corn,CornAEZ08,CornAEZ08,1975,NOx_AWB,7.38554952823864e-05
South America_Southern,Corn,CornAEZ09,CornAEZ09,1975,NOx_AWB,8.5198581679657e-05
South America_Southern,Corn,CornAEZ10,CornAEZ10,1975,NOx_AWB,0.000120038144232381
South America_Southern,Corn,CornAEZ11,CornAEZ11,1975,NOx_AWB,2.47670623340261e-05
South America_Southern,Corn,CornAEZ12,CornAEZ12,1975,NOx_AWB,0.000180615740365604
South America_Southern,Corn,CornAEZ13,CornAEZ13,1975,NOx_AWB,1.14855154103714e-05
South America_Southern,Corn,CornAEZ14,CornAEZ14,1975,NOx_AWB,2.4095871827585e-05
South America_Southern,Corn,CornAEZ15,CornAEZ15,1975,NOx_AWB,1.55534472001512e-05
South America_Southern,Corn,CornAEZ16,CornAEZ16,1975,NOx_AWB,8.20086028868149e-06
South America_Southern,Corn,CornAEZ17,CornAEZ17,1975,NOx_AWB,0
South America_Southern,Corn,CornAEZ18,CornAEZ18,1975,NOx_AWB,0
South America_Southern,FiberCrop,FiberCropAEZ01,FiberCropAEZ01,1975,NOx_AWB,5.55758273055023e-06
South America_Southern,FiberCrop,FiberCropAEZ02,FiberCropAEZ02,1975,NOx_AWB,4.37332182146918e-07
South America_Southern,FiberCrop,FiberCropAEZ03,FiberCropAEZ03,1975,NOx_AWB,3.79129475067463e-06
South America_Southern,FiberCrop,FiberCropAEZ04,FiberCropAEZ04,1975,NOx_AWB,7.45846221532745e-06
South America_Southern,FiberCrop,FiberCropAEZ05,FiberCropAEZ05,1975,NOx_AWB,8.82819238317372e-06
South America_Southern,FiberCrop,FiberCropAEZ06,FiberCropAEZ06,1975,NOx_AWB,9.16052154138937e-06
South America_Southern,FiberCrop,FiberCropAEZ07,FiberCropAEZ07,1975,NOx_AWB,3.77253132371787e-06
South America_Southern,FiberCrop,FiberCropAEZ08,FiberCropAEZ08,1975,NOx_AWB,7.01246998996964e-06
South America_Southern,FiberCrop,FiberCropAEZ09,FiberCropAEZ09,1975,NOx_AWB,6.97205645498581e-06
South America_Southern,FiberCrop,FiberCropAEZ10,FiberCropAEZ10,1975,NOx_AWB,5.46268309036489e-06
South America_Southern,FiberCrop,FiberCropAEZ11,FiberCropAEZ11,1975,NOx_AWB,4.04893103619686e-06
South America_Southern,FiberCrop,FiberCropAEZ12,FiberCropAEZ12,1975,NOx_AWB,6.97054094742389e-05
South America_Southern,FiberCrop,FiberCropAEZ13,FiberCropAEZ13,1975,NOx_AWB,7.31412816181363e-07
South America_Southern,FiberCrop,FiberCropAEZ14,FiberCropAEZ14,1975,NOx_AWB,2.77410050853591e-06
South America_Southern,FiberCrop,FiberCropAEZ15,FiberCropAEZ15,1975,NOx_AWB,3.35288006312639e-06
South America_Southern,FiberCrop,FiberCropAEZ16,FiberCropAEZ16,1975,NOx_AWB,3.37777768735754e-06
South America_Southern,FiberCrop,FiberCropAEZ17,FiberCropAEZ17,1975,NOx_AWB,0
South America_Southern,FiberCrop,FiberCropAEZ18,FiberCropAEZ18,1975,NOx_AWB,0
South America_Southern,FodderGrass,FodderGrassAEZ01,FodderGrassAEZ01,1975,NOx_AWB,1.70421165976029e-07
South America_Southern,FodderGrass,FodderGrassAEZ02,FodderGrassAEZ02,1975,NOx_AWB,3.87546513978247e-10
South America_Southern,FodderGrass,FodderGrassAEZ03,FodderGrassAEZ03,1975,NOx_AWB,8.78654834841285e-08
South America_Southern,FodderGrass,FodderGrassAEZ04,FodderGrassAEZ04,1975,NOx_AWB,1.2648042505325e-06
South America_Southern,FodderGrass,FodderGrassAEZ05,FodderGrassAEZ05,1975,NOx_AWB,4.59719811568979e-07
South America_Southern,FodderGrass,FodderGrassAEZ06,FodderGrassAEZ06,1975,NOx_AWB,1.33301105782357e-06
South America_Southern,FodderGrass,FodderGrassAEZ07,FodderGrassAEZ07,1975,NOx_AWB,5.86119279396713e-07
South America_Southern,FodderGrass,FodderGrassAEZ08,FodderGrassAEZ08,1975,NOx_AWB,8.74751786319727e-07
South America_Southern,FodderGrass,FodderGrassAEZ09,FodderGrassAEZ09,1975,NOx_AWB,1.69857775403217e-06
South America_Southern,FodderGrass,FodderGrassAEZ10,FodderGrassAEZ10,1975,NOx_AWB,6.05005069232342e-06
South America_Southern,FodderGrass,FodderGrassAEZ11,FodderGrassAEZ11,1975,NOx_AWB,2.05041068445361e-06
South America_Southern,FodderGrass,FodderGrassAEZ12,FodderGrassAEZ12,1975,NOx_AWB,4.64145358299867e-05
South America_Southern,FodderGrass,FodderGrassAEZ13,FodderGrassAEZ13,1975,NOx_AWB,2.43768136461406e-07
South America_Southern,FodderGrass,FodderGrassAEZ14,FodderGrassAEZ14,1975,NOx_AWB,1.45985048059066e-07
South America_Southern,FodderGrass,FodderGrassAEZ15,FodderGrassAEZ15,1975,NOx_AWB,3.13967843085937e-08
South America_Southern,FodderGrass,FodderGrassAEZ16,FodderGrassAEZ16,1975,NOx_AWB,4.90267027718818e-08
South America_Southern,FodderGrass,FodderGrassAEZ17,FodderGrassAEZ17,1975,NOx_AWB,3.23001400618168e-09
South America_Southern,FodderGrass,FodderGrassAEZ18,FodderGrassAEZ18,1975,NOx_AWB,1.13229782197915e-09
South America_Southern,FodderHerb,FodderHerbAEZ01,FodderHerbAEZ01,1975,NOx_AWB,0.000159672253386785
South America_Southern,FodderHerb,FodderHerbAEZ02,FodderHerbAEZ02,1975,NOx_AWB,8.18632951305023e-06
South America_Southern,FodderHerb,FodderHerbAEZ03,FodderHerbAEZ03,1975,NOx_AWB,7.28740520754684e-06
South America_Southern,FodderHerb,FodderHerbAEZ04,FodderHerbAEZ04,1975,NOx_AWB,1.63764241540817e-05
South America_Southern,FodderHerb,FodderHerbAEZ05,FodderHerbAEZ05,1975,NOx_AWB,4.23106256883532e-05
South America_Southern,FodderHerb,FodderHerbAEZ06,FodderHerbAEZ06,1975,NOx_AWB,8.67094854832608e-05
South America_Southern,FodderHerb,FodderHerbAEZ07,FodderHerbAEZ07,1975,NOx_AWB,0.000131512155254148
South America_Southern,FodderHerb,FodderHerbAEZ08,FodderHerbAEZ08,1975,NOx_AWB,0.000231460301360187
South America_Southern,FodderHerb,FodderHerbAEZ09,FodderHerbAEZ09,1975,NOx_AWB,0.000237803600726456
South America_Southern,FodderHerb,FodderHerbAEZ10,FodderHerbAEZ10,1975,NOx_AWB,0.000423745622678834
South America_Southern,FodderHerb,FodderHerbAEZ11,FodderHerbAEZ11,1975,NOx_AWB,0.000149155780294391
South America_Southern,FodderHerb,FodderHerbAEZ12,FodderHerbAEZ12,1975,NOx_AWB,0.000142554804981911
South America_Southern,FodderHerb,FodderHerbAEZ13,FodderHerbAEZ13,1975,NOx_AWB,3.7372660341054e-05
South America_Southern,FodderHerb,FodderHerbAEZ14,FodderHerbAEZ14,1975,NOx_AWB,8.96865251138689e-05
South America_Southern,FodderHerb,FodderHerbAEZ15,FodderHerbAEZ15,1975,NOx_AWB,9.39735939614241e-05
South America_Southern,FodderHerb,FodderHerbAEZ16,FodderHerbAEZ16,1975,NOx_AWB,9.42823344558796e-05
South America_Southern,FodderHerb,FodderHerbAEZ17,FodderHerbAEZ17,1975,NOx_AWB,0
South America_Southern,FodderHerb,FodderHerbAEZ18,FodderHerbAEZ18,1975,NOx_AWB,0
South America_Southern,MiscCrop,MiscCropAEZ01,MiscCropAEZ01,1975,NOx_AWB,0.000167591102837125
South America_Southern,MiscCrop,MiscCropAEZ02,MiscCropAEZ02,1975,NOx_AWB,0.000170193682723125
South America_Southern,MiscCrop,MiscCropAEZ03,MiscCropAEZ03,1975,NOx_AWB,0.000332044973084997
South America_Southern,MiscCrop,MiscCropAEZ04,MiscCropAEZ04,1975,NOx_AWB,0.000263529261488156
South America_Southern,MiscCrop,MiscCropAEZ05,MiscCropAEZ05,1975,NOx_AWB,0.000168480035687149
South America_Southern,MiscCrop,MiscCropAEZ06,MiscCropAEZ06,1975,NOx_AWB,0.00048986837401661
South America_Southern,MiscCrop,MiscCropAEZ07,MiscCropAEZ07,1975,NOx_AWB,7.34648587080345e-05
South America_Southern,MiscCrop,MiscCropAEZ08,MiscCropAEZ08,1975,NOx_AWB,0.000148597894189898
South America_Southern,MiscCrop,MiscCropAEZ09,MiscCropAEZ09,1975,NOx_AWB,0.000284995750697744
South America_Southern,MiscCrop,MiscCropAEZ10,MiscCropAEZ10,1975,NOx_AWB,0.000638340416864833
South America_Southern,MiscCrop,MiscCropAEZ11,MiscCropAEZ11,1975,NOx_AWB,0.000218145845387131
South America_Southern,MiscCrop,MiscCropAEZ12,MiscCropAEZ12,1975,NOx_AWB,0.000364043323202808
South America_Southern,MiscCrop,MiscCropAEZ13,MiscCropAEZ13,1975,NOx_AWB,2.98554293273507e-05
South America_Southern,MiscCrop,MiscCropAEZ14,MiscCropAEZ14,1975,NOx_AWB,4.67147681367715e-05
South America_Southern,MiscCrop,MiscCropAEZ15,MiscCropAEZ15,1975,NOx_AWB,3.21782916765436e-05
South America_Southern,MiscCrop,MiscCropAEZ16,MiscCropAEZ16,1975,NOx_AWB,4.11163229220318e-05
South America_Southern,MiscCrop,MiscCropAEZ17,MiscCropAEZ17,1975,NOx_AWB,3.94362937102024e-08
South America_Southern,MiscCrop,MiscCropAEZ18,MiscCropAEZ18,1975,NOx_AWB,0
South America_Southern,OilCrop,OilCropAEZ01,OilCropAEZ01,1975,NOx_AWB,6.94025839984961e-07
South America_Southern,OilCrop,OilCropAEZ02,OilCropAEZ02,1975,NOx_AWB,3.76720765602035e-07
South America_Southern,OilCrop,OilCropAEZ03,OilCropAEZ03,1975,NOx_AWB,8.39160855937051e-06
South America_Southern,OilCrop,OilCropAEZ04,OilCropAEZ04,1975,NOx_AWB,1.72919978363308e-05
South America_Southern,OilCrop,OilCropAEZ05,OilCropAEZ05,1975,NOx_AWB,1.65501595214211e-05
South America_Southern,OilCrop,OilCropAEZ06,OilCropAEZ06,1975,NOx_AWB,2.81168053674883e-06
South America_Southern,OilCrop,OilCropAEZ07,OilCropAEZ07,1975,NOx_AWB,2.37030683054972e-08
South America_Southern,OilCrop,OilCropAEZ08,OilCropAEZ08,1975,NOx_AWB,6.5203754755808e-07
South America_Southern,OilCrop,OilCropAEZ09,OilCropAEZ09,1975,NOx_AWB,3.74693588903146e-06
South America_Southern,OilCrop,OilCropAEZ10,OilCropAEZ10,1975,NOx_AWB,8.79799202188061e-06
South America_Southern,OilCrop,OilCropAEZ11,OilCropAEZ11,1975,NOx_AWB,5.26176512290963e-06
South America_Southern,OilCrop,OilCropAEZ12,OilCropAEZ12,1975,NOx_AWB,0.000146707409780432
South America_Southern,OilCrop,OilCropAEZ13,OilCropAEZ13,1975,NOx_AWB,9.48122732219885e-10
South America_Southern,OilCrop,OilCropAEZ14,OilCropAEZ14,1975,NOx_AWB,1.76079935983693e-09
South America_Southern,OilCrop,OilCropAEZ15,OilCropAEZ15,1975,NOx_AWB,0
South America_Southern,OilCrop,OilCropAEZ16,OilCropAEZ16,1975,NOx_AWB,2.07684027057689e-09
South America_Southern,OilCrop,OilCropAEZ17,OilCropAEZ17,1975,NOx_AWB,0
South America_Southern,OilCrop,OilCropAEZ18,OilCropAEZ18,1975,NOx_AWB,0
South America_Southern,OtherGrain,OtherGrainAEZ01,OtherGrainAEZ01,1975,NOx_AWB,9.52571806459494e-07
South America_Southern,OtherGrain,OtherGrainAEZ02,OtherGrainAEZ02,1975,NOx_AWB,8.81533347843389e-08
South America_Southern,OtherGrain,OtherGrainAEZ03,OtherGrainAEZ03,1975,NOx_AWB,5.37735342184466e-06
South America_Southern,OtherGrain,OtherGrainAEZ04,OtherGrainAEZ04,1975,NOx_AWB,1.12198563548918e-05
South America_Southern,OtherGrain,OtherGrainAEZ05,OtherGrainAEZ05,1975,NOx_AWB,1.19597816862199e-05
South America_Southern,OtherGrain,OtherGrainAEZ06,OtherGrainAEZ06,1975,NOx_AWB,3.50362615696053e-06
South America_Southern,OtherGrain,OtherGrainAEZ07,OtherGrainAEZ07,1975,NOx_AWB,2.04651717907578e-06
South America_Southern,OtherGrain,OtherGrainAEZ08,OtherGrainAEZ08,1975,NOx_AWB,8.96045825032617e-06
South America_Southern,OtherGrain,OtherGrainAEZ09,OtherGrainAEZ09,1975,NOx_AWB,1.38972794486076e-05
South America_Southern,OtherGrain,OtherGrainAEZ10,OtherGrainAEZ10,1975,NOx_AWB,3.5685923512923e-05
South America_Southern,OtherGrain,OtherGrainAEZ11,OtherGrainAEZ11,1975,NOx_AWB,3.92978657354961e-05
South America_Southern,OtherGrain,OtherGrainAEZ12,OtherGrainAEZ12,1975,NOx_AWB,0.000108058639119073
South America_Southern,OtherGrain,OtherGrainAEZ13,OtherGrainAEZ13,1975,NOx_AWB,1.95367483712206e-06
South America_Southern,OtherGrain,OtherGrainAEZ14,OtherGrainAEZ14,1975,NOx_AWB,4.91103165884985e-06
South America_Southern,OtherGrain,OtherGrainAEZ15,OtherGrainAEZ15,1975,NOx_AWB,8.4568588803348e-06
South America_Southern,OtherGrain,OtherGrainAEZ16,OtherGrainAEZ16,1975,NOx_AWB,5.42213344031224e-06
South America_Southern,OtherGrain,OtherGrainAEZ17,OtherGrainAEZ17,1975,NOx_AWB,0
South America_Southern,OtherGrain,OtherGrainAEZ18,OtherGrainAEZ18,1975,NOx_AWB,0
South America_Southern,PalmFruit,PalmFruitAEZ01,PalmFruitAEZ01,1975,NOx_AWB,8.23898183570645e-07
South America_Southern,PalmFruit,PalmFruitAEZ02,PalmFruitAEZ02,1975,NOx_AWB,4.71542456477927e-06
South America_Southern,PalmFruit,PalmFruitAEZ03,PalmFruitAEZ03,1975,NOx_AWB,1.01601266847711e-05
South America_Southern,PalmFruit,PalmFruitAEZ04,PalmFruitAEZ04,1975,NOx_AWB,1.09370737076865e-05
South America_Southern,PalmFruit,PalmFruitAEZ05,PalmFruitAEZ05,1975,NOx_AWB,1.10768170787605e-05
South America_Southern,PalmFruit,PalmFruitAEZ06,PalmFruitAEZ06,1975,NOx_AWB,3.02501952958853e-05
South America_Southern,PalmFruit,PalmFruitAEZ07,PalmFruitAEZ07,1975,NOx_AWB,4.28372202918561e-08
South America_Southern,PalmFruit,PalmFruitAEZ08,PalmFruitAEZ08,1975,NOx_AWB,1.683319915676e-06
South America_Southern,PalmFruit,PalmFruitAEZ09,PalmFruitAEZ09,1975,NOx_AWB,2.3949009972619e-06
South America_Southern,PalmFruit,PalmFruitAEZ10,PalmFruitAEZ10,1975,NOx_AWB,5.36000718901844e-06
South America_Southern,PalmFruit,PalmFruitAEZ11,PalmFruitAEZ11,1975,NOx_AWB,9.33335527301013e-06
South America_Southern,PalmFruit,PalmFruitAEZ12,PalmFruitAEZ12,1975,NOx_AWB,8.57181920129729e-06
South America_Southern,PalmFruit,PalmFruitAEZ13,PalmFruitAEZ13,1975,NOx_AWB,1.25377230122505e-08
South America_Southern,PalmFruit,PalmFruitAEZ14,PalmFruitAEZ14,1975,NOx_AWB,1.22961106417019e-07
South America_Southern,PalmFruit,PalmFruitAEZ15,PalmFruitAEZ15,1975,NOx_AWB,1.38437358260265e-08
South America_Southern,PalmFruit,PalmFruitAEZ16,PalmFruitAEZ16,1975,NOx_AWB,0
South America_Southern,PalmFruit,PalmFruitAEZ17,PalmFruitAEZ17,1975,NOx_AWB,0
South America_Southern,PalmFruit,PalmFruitAEZ18,PalmFruitAEZ18,1975,NOx_AWB,0
South America_Southern,Rice,RiceAEZ01,RiceAEZ01,1975,NOx_AWB,2.46858725702712e-05
South America_Southern,Rice,RiceAEZ02,RiceAEZ02,1975,NOx_AWB,1.15843303393089e-05
South America_Southern,Rice,RiceAEZ03,RiceAEZ03,1975,NOx_AWB,2.01025319519512e-05
South America_Southern,Rice,RiceAEZ04,RiceAEZ04,1975,NOx_AWB,2.93875390647375e-05
South America_Southern,Rice,RiceAEZ05,RiceAEZ05,1975,NOx_AWB,3.80453433457542e-05
South America_Southern,Rice,RiceAEZ06,RiceAEZ06,1975,NOx_AWB,1.53395580205904e-05
South America_Southern,Rice,RiceAEZ07,RiceAEZ07,1975,NOx_AWB,1.54201238978812e-05
South America_Southern,Rice,RiceAEZ08,RiceAEZ08,1975,NOx_AWB,3.64621986275915e-05
South America_Southern,Rice,RiceAEZ09,RiceAEZ09,1975,NOx_AWB,3.0875232560849e-05
South America_Southern,Rice,RiceAEZ10,RiceAEZ10,1975,NOx_AWB,1.84597617567538e-05
South America_Southern,Rice,RiceAEZ11,RiceAEZ11,1975,NOx_AWB,1.0614428186078e-05
South America_Southern,Rice,RiceAEZ12,RiceAEZ12,1975,NOx_AWB,9.86923587013423e-05
South America_Southern,Rice,RiceAEZ13,RiceAEZ13,1975,NOx_AWB,5.66971849185123e-06
South America_Southern,Rice,RiceAEZ14,RiceAEZ14,1975,NOx_AWB,1.48352223565891e-05
South America_Southern,Rice,RiceAEZ15,RiceAEZ15,1975,NOx_AWB,1.04268055637023e-05
South America_Southern,Rice,RiceAEZ16,RiceAEZ16,1975,NOx_AWB,7.64618952325962e-06
South America_Southern,Rice,RiceAEZ17,RiceAEZ17,1975,NOx_AWB,0
South America_Southern,Rice,RiceAEZ18,RiceAEZ18,1975,NOx_AWB,0
South America_Southern,Root_Tuber,Root_TuberAEZ01,Root_TuberAEZ01,1975,NOx_AWB,5.48053383664996e-05
South America_Southern,Root_Tuber,Root_TuberAEZ02,Root_TuberAEZ02,1975,NOx_AWB,3.09957114578008e-06
South America_Southern,Root_Tuber,Root_TuberAEZ03,Root_TuberAEZ03,1975,NOx_AWB,1.0047714557299e-05
South America_Southern,Root_Tuber,Root_TuberAEZ04,Root_TuberAEZ04,1975,NOx_AWB,3.56192857575225e-05
South America_Southern,Root_Tuber,Root_TuberAEZ05,Root_TuberAEZ05,1975,NOx_AWB,5.54656304856701e-05
South America_Southern,Root_Tuber,Root_TuberAEZ06,Root_TuberAEZ06,1975,NOx_AWB,0.000177598041519636
South America_Southern,Root_Tuber,Root_TuberAEZ07,Root_TuberAEZ07,1975,NOx_AWB,7.72089494622074e-05
South America_Southern,Root_Tuber,Root_TuberAEZ08,Root_TuberAEZ08,1975,NOx_AWB,0.000203526852168848
South America_Southern,Root_Tuber,Root_TuberAEZ09,Root_TuberAEZ09,1975,NOx_AWB,0.000236765852570237
South America_Southern,Root_Tuber,Root_TuberAEZ10,Root_TuberAEZ10,1975,NOx_AWB,9.42913314810554e-05
South America_Southern,Root_Tuber,Root_TuberAEZ11,Root_TuberAEZ11,1975,NOx_AWB,8.17538655346287e-05
South America_Southern,Root_Tuber,Root_TuberAEZ12,Root_TuberAEZ12,1975,NOx_AWB,0.000844091050941932
South America_Southern,Root_Tuber,Root_TuberAEZ13,Root_TuberAEZ13,1975,NOx_AWB,2.93157028197139e-05
South America_Southern,Root_Tuber,Root_TuberAEZ14,Root_TuberAEZ14,1975,NOx_AWB,6.57495382199454e-05
South America_Southern,Root_Tuber,Root_TuberAEZ15,Root_TuberAEZ15,1975,NOx_AWB,9.1810538390037e-05
South America_Southern,Root_Tuber,Root_TuberAEZ16,Root_TuberAEZ16,1975,NOx_AWB,6.3731736194619e-05
South America_Southern,Root_Tuber,Root_TuberAEZ17,Root_TuberAEZ17,1975,NOx_AWB,0
South America_Southern,Root_Tuber,Root_TuberAEZ18,Root_TuberAEZ18,1975,NOx_AWB,0
South America_Southern,SugarCrop,SugarCropAEZ01,SugarCropAEZ01,1975,NOx_AWB,0.000337811731986934
South America_Southern,SugarCrop,SugarCropAEZ02,SugarCropAEZ02,1975,NOx_AWB,8.07369890077143e-05
South America_Southern,SugarCrop,SugarCropAEZ03,SugarCropAEZ03,1975,NOx_AWB,0.000363563400803743
South America_Southern,SugarCrop,SugarCropAEZ04,SugarCropAEZ04,1975,NOx_AWB,0.000425161987502304
South America_Southern,SugarCrop,SugarCropAEZ05,SugarCropAEZ05,1975,NOx_AWB,0.000707712061784927
South America_Southern,SugarCrop,SugarCropAEZ06,SugarCropAEZ06,1975,NOx_AWB,0.000280845938829802
South America_Southern,SugarCrop,SugarCropAEZ07,SugarCropAEZ07,1975,NOx_AWB,0.000245352642043352
South America_Southern,SugarCrop,SugarCropAEZ08,SugarCropAEZ08,1975,NOx_AWB,0.000585716031116465
South America_Southern,SugarCrop,SugarCropAEZ09,SugarCropAEZ09,1975,NOx_AWB,0.000633127885002838
South America_Southern,SugarCrop,SugarCropAEZ10,SugarCropAEZ10,1975,NOx_AWB,0.0012471443195339
South America_Southern,SugarCrop,SugarCropAEZ11,SugarCropAEZ11,1975,NOx_AWB,0.000437363701255208
South America_Southern,SugarCrop,SugarCropAEZ12,SugarCropAEZ12,1975,NOx_AWB,0.00103636601403853
South America_Southern,SugarCrop,SugarCropAEZ13,SugarCropAEZ13,1975,NOx_AWB,3.90304819022272e-05
South America_Southern,SugarCrop,SugarCropAEZ14,SugarCropAEZ14,1975,NOx_AWB,0.000161091132036222
South America_Southern,SugarCrop,SugarCropAEZ15,SugarCropAEZ15,1975,NOx_AWB,0.000119652844420831
South America_Southern,SugarCrop,SugarCropAEZ16,SugarCropAEZ16,1975,NOx_AWB,0.000100694337508183
South America_Southern,SugarCrop,SugarCropAEZ17,SugarCropAEZ17,1975,NOx_AWB,0
South America_Southern,SugarCrop,SugarCropAEZ18,SugarCropAEZ18,1975,NOx_AWB,0
South America_Southern,Wheat,WheatAEZ01,WheatAEZ01,1975,NOx_AWB,4.31207227776721e-06
South America_Southern,Wheat,WheatAEZ02,WheatAEZ02,1975,NOx_AWB,1.52564253756845e-07
South America_Southern,Wheat,WheatAEZ03,WheatAEZ03,1975,NOx_AWB,2.53057664383635e-06
South America_Southern,Wheat,WheatAEZ04,WheatAEZ04,1975,NOx_AWB,5.1490435642935e-06
South America_Southern,Wheat,WheatAEZ05,WheatAEZ05,1975,NOx_AWB,6.24802737357612e-06
South America_Southern,Wheat,WheatAEZ06,WheatAEZ06,1975,NOx_AWB,6.4697667237569e-06
South America_Southern,Wheat,WheatAEZ07,WheatAEZ07,1975,NOx_AWB,8.63693721035254e-06
South America_Southern,Wheat,WheatAEZ08,WheatAEZ08,1975,NOx_AWB,1.65259779158754e-05
South America_Southern,Wheat,WheatAEZ09,WheatAEZ09,1975,NOx_AWB,3.29462979789939e-05
South America_Southern,Wheat,WheatAEZ10,WheatAEZ10,1975,NOx_AWB,0.000121210878203722
South America_Southern,Wheat,WheatAEZ11,WheatAEZ11,1975,NOx_AWB,5.53938536695682e-05
South America_Southern,Wheat,WheatAEZ12,WheatAEZ12,1975,NOx_AWB,0.00020680487328466
South America_Southern,Wheat,WheatAEZ13,WheatAEZ13,1975,NOx_AWB,6.06679809698608e-06
South America_Southern,Wheat,WheatAEZ14,WheatAEZ14,1975,NOx_AWB,1.15901452652172e-05
South America_Southern,Wheat,WheatAEZ15,WheatAEZ15,1975,NOx_AWB,5.11824643232395e-06
South America_Southern,Wheat,WheatAEZ16,WheatAEZ16,1975,NOx_AWB,4.77379235629532e-06
South America_Southern,Wheat,WheatAEZ17,WheatAEZ17,1975,NOx_AWB,2.6769814711993e-07
South America_Southern,Wheat,WheatAEZ18,WheatAEZ18,1975,NOx_AWB,0
South America_Southern,Corn,CornAEZ01,CornAEZ01,1975,SO2_AWB,3.78490867497095e-06
South America_Southern,Corn,CornAEZ02,CornAEZ02,1975,SO2_AWB,7.02005781734439e-07
South America_Southern,Corn,CornAEZ03,CornAEZ03,1975,SO2_AWB,2.2538419999775e-06
South America_Southern,Corn,CornAEZ04,CornAEZ04,1975,SO2_AWB,3.80180633558947e-06
South America_Southern,Corn,CornAEZ05,CornAEZ05,1975,SO2_AWB,5.15646334576668e-06
South America_Southern,Corn,CornAEZ06,CornAEZ06,1975,SO2_AWB,8.30540334832275e-06
South America_Southern,Corn,CornAEZ07,CornAEZ07,1975,SO2_AWB,3.9154293604555e-06
South America_Southern,Corn,CornAEZ08,CornAEZ08,1975,SO2_AWB,1.06459563988291e-05
South America_Southern,Corn,CornAEZ09,CornAEZ09,1975,SO2_AWB,1.2281014193131e-05
South America_Southern,Corn,CornAEZ10,CornAEZ10,1975,SO2_AWB,1.73029893687417e-05
South America_Southern,Corn,CornAEZ11,CornAEZ11,1975,SO2_AWB,3.57006698996446e-06
South America_Southern,Corn,CornAEZ12,CornAEZ12,1975,SO2_AWB,2.60349929212786e-05
South America_Southern,Corn,CornAEZ13,CornAEZ13,1975,SO2_AWB,1.65558833245078e-06
South America_Southern,Corn,CornAEZ14,CornAEZ14,1975,SO2_AWB,3.47331772520685e-06
South America_Southern,Corn,CornAEZ15,CornAEZ15,1975,SO2_AWB,2.24196344647341e-06
South America_Southern,Corn,CornAEZ16,CornAEZ16,1975,SO2_AWB,1.18211922799214e-06
South America_Southern,Corn,CornAEZ17,CornAEZ17,1975,SO2_AWB,0
South America_Southern,Corn,CornAEZ18,CornAEZ18,1975,SO2_AWB,0
South America_Southern,FiberCrop,FiberCropAEZ01,FiberCropAEZ01,1975,SO2_AWB,8.01101979021368e-07
South America_Southern,FiberCrop,FiberCropAEZ02,FiberCropAEZ02,1975,SO2_AWB,6.30395791828264e-08
South America_Southern,FiberCrop,FiberCropAEZ03,FiberCropAEZ03,1975,SO2_AWB,5.46499058146827e-07
South America_Southern,FiberCrop,FiberCropAEZ04,FiberCropAEZ04,1975,SO2_AWB,1.0751056944794e-06
South America_Southern,FiberCrop,FiberCropAEZ05,FiberCropAEZ05,1975,SO2_AWB,1.27254648868567e-06
South America_Southern,FiberCrop,FiberCropAEZ06,FiberCropAEZ06,1975,SO2_AWB,1.32045032732213e-06
South America_Southern,FiberCrop,FiberCropAEZ07,FiberCropAEZ07,1975,SO2_AWB,5.43794389733047e-07
South America_Southern,FiberCrop,FiberCropAEZ08,FiberCropAEZ08,1975,SO2_AWB,1.01081780679789e-06
South America_Southern,FiberCrop,FiberCropAEZ09,FiberCropAEZ09,1975,SO2_AWB,1.00499236713744e-06
South America_Southern,FiberCrop,FiberCropAEZ10,FiberCropAEZ10,1975,SO2_AWB,7.87422598390112e-07
South America_Southern,FiberCrop,FiberCropAEZ11,FiberCropAEZ11,1975,SO2_AWB,5.83636235982259e-07
South America_Southern,FiberCrop,FiberCropAEZ12,FiberCropAEZ12,1975,SO2_AWB,1.00477391315017e-05
South America_Southern,FiberCrop,FiberCropAEZ13,FiberCropAEZ13,1975,SO2_AWB,1.0543005528349e-07
South America_Southern,FiberCrop,FiberCropAEZ14,FiberCropAEZ14,1975,SO2_AWB,3.99874822407236e-07
South America_Southern,FiberCrop,FiberCropAEZ15,FiberCropAEZ15,1975,SO2_AWB,4.83303440401671e-07
South America_Southern,FiberCrop,FiberCropAEZ16,FiberCropAEZ16,1975,SO2_AWB,4.86892327335349e-07
South America_Southern,FiberCrop,FiberCropAEZ17,FiberCropAEZ17,1975,SO2_AWB,0
South America_Southern,FiberCrop,FiberCropAEZ18,FiberCropAEZ18,1975,SO2_AWB,0
South America_Southern,FodderGrass,FodderGrassAEZ01,FodderGrassAEZ01,1975,SO2_AWB,2.45654882616581e-08
South America_Southern,FodderGrass,FodderGrassAEZ02,FodderGrassAEZ02,1975,SO2_AWB,5.58631862741643e-11
South America_Southern,FodderGrass,FodderGrassAEZ03,FodderGrassAEZ03,1975,SO2_AWB,1.26654367770133e-08
South America_Southern,FodderGrass,FodderGrassAEZ04,FodderGrassAEZ04,1975,SO2_AWB,1.82316168251787e-07
South America_Southern,FodderGrass,FodderGrassAEZ05,FodderGrassAEZ05,1975,SO2_AWB,6.62666610105105e-08
South America_Southern,FodderGrass,FodderGrassAEZ06,FodderGrassAEZ06,1975,SO2_AWB,1.92147890234664e-07
South America_Southern,FodderGrass,FodderGrassAEZ07,FodderGrassAEZ07,1975,SO2_AWB,8.44866081949981e-08
South America_Southern,FodderGrass,FodderGrassAEZ08,FodderGrassAEZ08,1975,SO2_AWB,1.26091759879899e-07
South America_Southern,FodderGrass,FodderGrassAEZ09,FodderGrassAEZ09,1975,SO2_AWB,2.44842779001173e-07
South America_Southern,FodderGrass,FodderGrassAEZ10,FodderGrassAEZ10,1975,SO2_AWB,8.72089146987839e-07
South America_Southern,FodderGrass,FodderGrassAEZ11,FodderGrassAEZ11,1975,SO2_AWB,2.95558003679006e-07
South America_Southern,FodderGrass,FodderGrassAEZ12,FodderGrassAEZ12,1975,SO2_AWB,6.6904584801528e-06
South America_Southern,FodderGrass,FodderGrassAEZ13,FodderGrassAEZ13,1975,SO2_AWB,3.5138142967824e-08
South America_Southern,FodderGrass,FodderGrassAEZ14,FodderGrassAEZ14,1975,SO2_AWB,2.10431255057662e-08
South America_Southern,FodderGrass,FodderGrassAEZ15,FodderGrassAEZ15,1975,SO2_AWB,4.52571329370588e-09
South America_Southern,FodderGrass,FodderGrassAEZ16,FodderGrassAEZ16,1975,SO2_AWB,7.06699126574378e-09
South America_Southern,FodderGrass,FodderGrassAEZ17,FodderGrassAEZ17,1975,SO2_AWB,4.65592819409582e-10
South America_Southern,FodderGrass,FodderGrassAEZ18,FodderGrassAEZ18,1975,SO2_AWB,1.63215928580388e-10
South America_Southern,FodderHerb,FodderHerbAEZ01,FodderHerbAEZ01,1975,SO2_AWB,2.30160781016913e-05
South America_Southern,FodderHerb,FodderHerbAEZ02,FodderHerbAEZ02,1975,SO2_AWB,1.18002467831483e-06
South America_Southern,FodderHerb,FodderHerbAEZ03,FodderHerbAEZ03,1975,SO2_AWB,1.05044855231843e-06
South America_Southern,FodderHerb,FodderHerbAEZ04,FodderHerbAEZ04,1975,SO2_AWB,2.36059208385896e-06
South America_Southern,FodderHerb,FodderHerbAEZ05,FodderHerbAEZ05,1975,SO2_AWB,6.09889723930682e-06
South America_Southern,FodderHerb,FodderHerbAEZ06,FodderHerbAEZ06,1975,SO2_AWB,1.24988045681666e-05
South America_Southern,FodderHerb,FodderHerbAEZ07,FodderHerbAEZ07,1975,SO2_AWB,1.89569193923691e-05
South America_Southern,FodderHerb,FodderHerbAEZ08,FodderHerbAEZ08,1975,SO2_AWB,3.33640207396733e-05
South America_Southern,FodderHerb,FodderHerbAEZ09,FodderHerbAEZ09,1975,SO2_AWB,3.42783804392436e-05
South America_Southern,FodderHerb,FodderHerbAEZ10,FodderHerbAEZ10,1975,SO2_AWB,6.10811342606945e-05
South America_Southern,FodderHerb,FodderHerbAEZ11,FodderHerbAEZ11,1975,SO2_AWB,2.15001731093408e-05
South America_Southern,FodderHerb,FodderHerbAEZ12,FodderHerbAEZ12,1975,SO2_AWB,2.0548670515015e-05
South America_Southern,FodderHerb,FodderHerbAEZ13,FodderHerbAEZ13,1975,SO2_AWB,5.38711047807427e-06
South America_Southern,FodderHerb,FodderHerbAEZ14,FodderHerbAEZ14,1975,SO2_AWB,1.29279322042871e-05
South America_Southern,FodderHerb,FodderHerbAEZ15,FodderHerbAEZ15,1975,SO2_AWB,1.35458949957537e-05
South America_Southern,FodderHerb,FodderHerbAEZ16,FodderHerbAEZ16,1975,SO2_AWB,1.35903986285566e-05
South America_Southern,FodderHerb,FodderHerbAEZ17,FodderHerbAEZ17,1975,SO2_AWB,0
South America_Southern,FodderHerb,FodderHerbAEZ18,FodderHerbAEZ18,1975,SO2_AWB,0
South America_Southern,MiscCrop,MiscCropAEZ01,MiscCropAEZ01,1975,SO2_AWB,2.41575466634397e-05
South America_Southern,MiscCrop,MiscCropAEZ02,MiscCropAEZ02,1975,SO2_AWB,2.45326975155855e-05
South America_Southern,MiscCrop,MiscCropAEZ03,MiscCropAEZ03,1975,SO2_AWB,4.7862874555203e-05
South America_Southern,MiscCrop,MiscCropAEZ04,MiscCropAEZ04,1975,SO2_AWB,3.79866253268172e-05
South America_Southern,MiscCrop,MiscCropAEZ05,MiscCropAEZ05,1975,SO2_AWB,2.42856825635061e-05
South America_Southern,MiscCrop,MiscCropAEZ06,MiscCropAEZ06,1975,SO2_AWB,7.06124484170896e-05
South America_Southern,MiscCrop,MiscCropAEZ07,MiscCropAEZ07,1975,SO2_AWB,1.0589647793458e-05
South America_Southern,MiscCrop,MiscCropAEZ08,MiscCropAEZ08,1975,SO2_AWB,2.14197561935618e-05
South America_Southern,MiscCrop,MiscCropAEZ09,MiscCropAEZ09,1975,SO2_AWB,4.10809286997404e-05
South America_Southern,MiscCrop,MiscCropAEZ10,MiscCropAEZ10,1975,SO2_AWB,9.2014063673527e-05
South America_Southern,MiscCrop,MiscCropAEZ11,MiscCropAEZ11,1975,SO2_AWB,3.14447983822669e-05
South America_Southern,MiscCrop,MiscCropAEZ12,MiscCropAEZ12,1975,SO2_AWB,5.24753010088635e-05
South America_Southern,MiscCrop,MiscCropAEZ13,MiscCropAEZ13,1975,SO2_AWB,4.30353351056734e-06
South America_Southern,MiscCrop,MiscCropAEZ14,MiscCropAEZ14,1975,SO2_AWB,6.73373569378911e-06
South America_Southern,MiscCrop,MiscCropAEZ15,MiscCropAEZ15,1975,SO2_AWB,4.63836426615888e-06
South America_Southern,MiscCrop,MiscCropAEZ16,MiscCropAEZ16,1975,SO2_AWB,5.92674356098344e-06
South America_Southern,MiscCrop,MiscCropAEZ17,MiscCropAEZ17,1975,SO2_AWB,5.68457447567015e-09
South America_Southern,MiscCrop,MiscCropAEZ18,MiscCropAEZ18,1975,SO2_AWB,0
South America_Southern,OilCrop,OilCropAEZ01,OilCropAEZ01,1975,SO2_AWB,1.00040881235586e-07
South America_Southern,OilCrop,OilCropAEZ02,OilCropAEZ02,1975,SO2_AWB,5.43027005613926e-08
South America_Southern,OilCrop,OilCropAEZ03,OilCropAEZ03,1975,SO2_AWB,1.20961478218405e-06
South America_Southern,OilCrop,OilCropAEZ04,OilCropAEZ04,1975,SO2_AWB,2.49256814689763e-06
South America_Southern,OilCrop,OilCropAEZ05,OilCropAEZ05,1975,SO2_AWB,2.3856353001905e-06
South America_Southern,OilCrop,OilCropAEZ06,OilCropAEZ06,1975,SO2_AWB,4.05291824084524e-07
South America_Southern,OilCrop,OilCropAEZ07,OilCropAEZ07,1975,SO2_AWB,3.41669676351044e-09
South America_Southern,OilCrop,OilCropAEZ08,OilCropAEZ08,1975,SO2_AWB,9.39884469687961e-08
South America_Southern,OilCrop,OilCropAEZ09,OilCropAEZ09,1975,SO2_AWB,5.40104916381894e-07
South America_Southern,OilCrop,OilCropAEZ10,OilCropAEZ10,1975,SO2_AWB,1.26819323469522e-06
South America_Southern,OilCrop,OilCropAEZ11,OilCropAEZ11,1975,SO2_AWB,7.58461125542469e-07
South America_Southern,OilCrop,OilCropAEZ12,OilCropAEZ12,1975,SO2_AWB,2.11472508841209e-05
South America_Southern,OilCrop,OilCropAEZ13,OilCropAEZ13,1975,SO2_AWB,1.36667870540417e-10
South America_Southern,OilCrop,OilCropAEZ14,OilCropAEZ14,1975,SO2_AWB,2.5381175957506e-10
South America_Southern,OilCrop,OilCropAEZ15,OilCropAEZ15,1975,SO2_AWB,0
South America_Southern,OilCrop,OilCropAEZ16,OilCropAEZ16,1975,SO2_AWB,2.99367716421866e-10
South America_Southern,OilCrop,OilCropAEZ17,OilCropAEZ17,1975,SO2_AWB,0
South America_Southern,OilCrop,OilCropAEZ18,OilCropAEZ18,1975,SO2_AWB,0
South America_Southern,OtherGrain,OtherGrainAEZ01,OtherGrainAEZ01,1975,SO2_AWB,1.37309185722029e-07
South America_Southern,OtherGrain,OtherGrainAEZ02,OtherGrainAEZ02,1975,SO2_AWB,1.27069293210639e-08
South America_Southern,OtherGrain,OtherGrainAEZ03,OtherGrainAEZ03,1975,SO2_AWB,7.75122688584896e-07
South America_Southern,OtherGrain,OtherGrainAEZ04,OtherGrainAEZ04,1975,SO2_AWB,1.61729470635328e-06
South America_Southern,OtherGrain,OtherGrainAEZ05,OtherGrainAEZ05,1975,SO2_AWB,1.72395180459072e-06
South America_Southern,OtherGrain,OtherGrainAEZ06,OtherGrainAEZ06,1975,SO2_AWB,5.05032850462709e-07
South America_Southern,OtherGrain,OtherGrainAEZ07,OtherGrainAEZ07,1975,SO2_AWB,2.94996771392465e-07
South America_Southern,OtherGrain,OtherGrainAEZ08,OtherGrainAEZ08,1975,SO2_AWB,1.29161205245144e-06
South America_Southern,OtherGrain,OtherGrainAEZ09,OtherGrainAEZ09,1975,SO2_AWB,2.00323388945581e-06
South America_Southern,OtherGrain,OtherGrainAEZ10,OtherGrainAEZ10,1975,SO2_AWB,5.14397451832038e-06
South America_Southern,OtherGrain,OtherGrainAEZ11,OtherGrainAEZ11,1975,SO2_AWB,5.66462067023609e-06
South America_Southern,OtherGrain,OtherGrainAEZ12,OtherGrainAEZ12,1975,SO2_AWB,1.55761945157898e-05
South America_Southern,OtherGrain,OtherGrainAEZ13,OtherGrainAEZ13,1975,SO2_AWB,2.81613941575599e-07
South America_Southern,OtherGrain,OtherGrainAEZ14,OtherGrainAEZ14,1975,SO2_AWB,7.0790438427746e-07
South America_Southern,OtherGrain,OtherGrainAEZ15,OtherGrainAEZ15,1975,SO2_AWB,1.21902033920238e-06
South America_Southern,OtherGrain,OtherGrainAEZ16,OtherGrainAEZ16,1975,SO2_AWB,7.81577538319799e-07
South America_Southern,OtherGrain,OtherGrainAEZ17,OtherGrainAEZ17,1975,SO2_AWB,0
South America_Southern,OtherGrain,OtherGrainAEZ18,OtherGrainAEZ18,1975,SO2_AWB,0
South America_Southern,PalmFruit,PalmFruitAEZ01,PalmFruitAEZ01,1975,SO2_AWB,1.18761428730942e-07
South America_Southern,PalmFruit,PalmFruitAEZ02,PalmFruitAEZ02,1975,SO2_AWB,6.7970845130301e-07
South America_Southern,PalmFruit,PalmFruitAEZ03,PalmFruitAEZ03,1975,SO2_AWB,1.46453916907722e-06
South America_Southern,PalmFruit,PalmFruitAEZ04,PalmFruitAEZ04,1975,SO2_AWB,1.57653278713545e-06
South America_Southern,PalmFruit,PalmFruitAEZ05,PalmFruitAEZ05,1975,SO2_AWB,1.59667620137689e-06
South America_Southern,PalmFruit,PalmFruitAEZ06,PalmFruitAEZ06,1975,SO2_AWB,4.36043735059565e-06
South America_Southern,PalmFruit,PalmFruitAEZ07,PalmFruitAEZ07,1975,SO2_AWB,6.174803617936e-09
South America_Southern,PalmFruit,PalmFruitAEZ08,PalmFruitAEZ08,1975,SO2_AWB,2.42643426315782e-07
South America_Southern,PalmFruit,PalmFruitAEZ09,PalmFruitAEZ09,1975,SO2_AWB,3.45214821170429e-07
South America_Southern,PalmFruit,PalmFruitAEZ10,PalmFruitAEZ10,1975,SO2_AWB,7.72622302694235e-07
South America_Southern,PalmFruit,PalmFruitAEZ11,PalmFruitAEZ11,1975,SO2_AWB,1.34536357668898e-06
South America_Southern,PalmFruit,PalmFruitAEZ12,PalmFruitAEZ12,1975,SO2_AWB,1.23559138188353e-06
South America_Southern,PalmFruit,PalmFruitAEZ13,PalmFruitAEZ13,1975,SO2_AWB,1.80725959549345e-09
South America_Southern,PalmFruit,PalmFruitAEZ14,PalmFruitAEZ14,1975,SO2_AWB,1.77243219703863e-08
South America_Southern,PalmFruit,PalmFruitAEZ15,PalmFruitAEZ15,1975,SO2_AWB,1.99551580335735e-09
South America_Southern,PalmFruit,PalmFruitAEZ16,PalmFruitAEZ16,1975,SO2_AWB,0
South America_Southern,PalmFruit,PalmFruitAEZ17,PalmFruitAEZ17,1975,SO2_AWB,0
South America_Southern,PalmFruit,PalmFruitAEZ18,PalmFruitAEZ18,1975,SO2_AWB,0
South America_Southern,Rice,RiceAEZ01,RiceAEZ01,1975,SO2_AWB,3.55836382987242e-06
South America_Southern,Rice,RiceAEZ02,RiceAEZ02,1975,SO2_AWB,1.6698320853496e-06
South America_Southern,Rice,RiceAEZ03,RiceAEZ03,1975,SO2_AWB,2.89769471923885e-06
South America_Southern,Rice,RiceAEZ04,RiceAEZ04,1975,SO2_AWB,4.23608911369244e-06
South America_Southern,Rice,RiceAEZ05,RiceAEZ05,1975,SO2_AWB,5.48407488012573e-06
South America_Southern,Rice,RiceAEZ06,RiceAEZ06,1975,SO2_AWB,2.21113222841604e-06
South America_Southern,Rice,RiceAEZ07,RiceAEZ07,1975,SO2_AWB,2.22274545792038e-06
South America_Southern,Rice,RiceAEZ08,RiceAEZ08,1975,SO2_AWB,5.25587128365462e-06
South America_Southern,Rice,RiceAEZ09,RiceAEZ09,1975,SO2_AWB,4.4505338213458e-06
South America_Southern,Rice,RiceAEZ10,RiceAEZ10,1975,SO2_AWB,2.66089636314497e-06
South America_Southern,Rice,RiceAEZ11,RiceAEZ11,1975,SO2_AWB,1.53002480364434e-06
South America_Southern,Rice,RiceAEZ12,RiceAEZ12,1975,SO2_AWB,1.42260849191361e-05
South America_Southern,Rice,RiceAEZ13,RiceAEZ13,1975,SO2_AWB,8.1726587340723e-07
South America_Southern,Rice,RiceAEZ14,RiceAEZ14,1975,SO2_AWB,2.13843438150834e-06
South America_Southern,Rice,RiceAEZ15,RiceAEZ15,1975,SO2_AWB,1.50297979839987e-06
South America_Southern,Rice,RiceAEZ16,RiceAEZ16,1975,SO2_AWB,1.10216578970284e-06
South America_Southern,Rice,RiceAEZ17,RiceAEZ17,1975,SO2_AWB,0
South America_Southern,Rice,RiceAEZ18,RiceAEZ18,1975,SO2_AWB,0
South America_Southern,Root_Tuber,Root_TuberAEZ01,Root_TuberAEZ01,1975,SO2_AWB,7.89995707756054e-06
South America_Southern,Root_Tuber,Root_TuberAEZ02,Root_TuberAEZ02,1975,SO2_AWB,4.46790034334966e-07
South America_Southern,Root_Tuber,Root_TuberAEZ03,Root_TuberAEZ03,1975,SO2_AWB,1.44833543767995e-06
South America_Southern,Root_Tuber,Root_TuberAEZ04,Root_TuberAEZ04,1975,SO2_AWB,5.13436896851266e-06
South America_Southern,Root_Tuber,Root_TuberAEZ05,Root_TuberAEZ05,1975,SO2_AWB,7.99513538601684e-06
South America_Southern,Root_Tuber,Root_TuberAEZ06,Root_TuberAEZ06,1975,SO2_AWB,2.56000044317133e-05
South America_Southern,Root_Tuber,Root_TuberAEZ07,Root_TuberAEZ07,1975,SO2_AWB,1.11293425957172e-05
South America_Southern,Root_Tuber,Root_TuberAEZ08,Root_TuberAEZ08,1975,SO2_AWB,2.93375325139444e-05
South America_Southern,Root_Tuber,Root_TuberAEZ09,Root_TuberAEZ09,1975,SO2_AWB,3.41287934439654e-05
South America_Southern,Root_Tuber,Root_TuberAEZ10,Root_TuberAEZ10,1975,SO2_AWB,1.35916955115763e-05
South America_Southern,Root_Tuber,Root_TuberAEZ11,Root_TuberAEZ11,1975,SO2_AWB,1.1784472971031e-05
South America_Southern,Root_Tuber,Root_TuberAEZ12,Root_TuberAEZ12,1975,SO2_AWB,0.000121672144917735
South America_Southern,Root_Tuber,Root_TuberAEZ13,Root_TuberAEZ13,1975,SO2_AWB,4.2257342236541e-06
South America_Southern,Root_Tuber,Root_TuberAEZ14,Root_TuberAEZ14,1975,SO2_AWB,9.4775170683828e-06
South America_Southern,Root_Tuber,Root_TuberAEZ15,Root_TuberAEZ15,1975,SO2_AWB,1.32340997093882e-05
South America_Southern,Root_Tuber,Root_TuberAEZ16,Root_TuberAEZ16,1975,SO2_AWB,9.18665946461265e-06
South America_Southern,Root_Tuber,Root_TuberAEZ17,Root_TuberAEZ17,1975,SO2_AWB,0
South America_Southern,Root_Tuber,Root_TuberAEZ18,Root_TuberAEZ18,1975,SO2_AWB,0
South America_Southern,SugarCrop,SugarCropAEZ01,SugarCropAEZ01,1975,SO2_AWB,4.86941283921428e-05
South America_Southern,SugarCrop,SugarCropAEZ02,SugarCropAEZ02,1975,SO2_AWB,1.16378945325935e-05
South America_Southern,SugarCrop,SugarCropAEZ03,SugarCropAEZ03,1975,SO2_AWB,5.24061222305515e-05
South America_Southern,SugarCrop,SugarCropAEZ04,SugarCropAEZ04,1975,SO2_AWB,6.12852972427156e-05
South America_Southern,SugarCrop,SugarCropAEZ05,SugarCropAEZ05,1975,SO2_AWB,0.000102013692060157
South America_Southern,SugarCrop,SugarCropAEZ06,SugarCropAEZ06,1975,SO2_AWB,4.0482750919732e-05
South America_Southern,SugarCrop,SugarCropAEZ07,SugarCropAEZ07,1975,SO2_AWB,3.53665427270375e-05
South America_Southern,SugarCrop,SugarCropAEZ08,SugarCropAEZ08,1975,SO2_AWB,8.44284816657127e-05
South America_Southern,SugarCrop,SugarCropAEZ09,SugarCropAEZ09,1975,SO2_AWB,9.12626993137304e-05
South America_Southern,SugarCrop,SugarCropAEZ10,SugarCropAEZ10,1975,SO2_AWB,0.000179770564100078
South America_Southern,SugarCrop,SugarCropAEZ11,SugarCropAEZ11,1975,SO2_AWB,6.30441225286032e-05
South America_Southern,SugarCrop,SugarCropAEZ12,SugarCropAEZ12,1975,SO2_AWB,0.000149387765344981
South America_Southern,SugarCrop,SugarCropAEZ13,SugarCropAEZ13,1975,SO2_AWB,5.62607842473561e-06
South America_Southern,SugarCrop,SugarCropAEZ14,SugarCropAEZ14,1975,SO2_AWB,2.32206034410635e-05
South America_Southern,SugarCrop,SugarCropAEZ15,SugarCropAEZ15,1975,SO2_AWB,1.72474500350935e-05
South America_Southern,SugarCrop,SugarCropAEZ16,SugarCropAEZ16,1975,SO2_AWB,1.45146616730732e-05
South America_Southern,SugarCrop,SugarCropAEZ17,SugarCropAEZ17,1975,SO2_AWB,0
South America_Southern,SugarCrop,SugarCropAEZ18,SugarCropAEZ18,1975,SO2_AWB,0
South America_Southern,Wheat,WheatAEZ01,WheatAEZ01,1975,SO2_AWB,6.21566929883649e-07
South America_Southern,Wheat,WheatAEZ02,WheatAEZ02,1975,SO2_AWB,2.19914901024652e-08
South America_Southern,Wheat,WheatAEZ03,WheatAEZ03,1975,SO2_AWB,3.64771890177845e-07
South America_Southern,Wheat,WheatAEZ04,WheatAEZ04,1975,SO2_AWB,7.42212790958196e-07
South America_Southern,Wheat,WheatAEZ05,WheatAEZ05,1975,SO2_AWB,9.00626645904372e-07
South America_Southern,Wheat,WheatAEZ06,WheatAEZ06,1975,SO2_AWB,9.32589432761374e-07
South America_Southern,Wheat,WheatAEZ07,WheatAEZ07,1975,SO2_AWB,1.24497786670135e-06
South America_Southern,Wheat,WheatAEZ08,WheatAEZ08,1975,SO2_AWB,2.38214962431346e-06
South America_Southern,Wheat,WheatAEZ09,WheatAEZ09,1975,SO2_AWB,4.74906911728269e-06
South America_Southern,Wheat,WheatAEZ10,WheatAEZ10,1975,SO2_AWB,1.74720339967492e-05
South America_Southern,Wheat,WheatAEZ11,WheatAEZ11,1975,SO2_AWB,7.9847890624055e-06
South America_Southern,Wheat,WheatAEZ12,WheatAEZ12,1975,SO2_AWB,2.98100453545929e-05
South America_Southern,Wheat,WheatAEZ13,WheatAEZ13,1975,SO2_AWB,8.74503214338555e-07
South America_Southern,Wheat,WheatAEZ14,WheatAEZ14,1975,SO2_AWB,1.67067028225622e-06
South America_Southern,Wheat,WheatAEZ15,WheatAEZ15,1975,SO2_AWB,7.37773515005835e-07
South America_Southern,Wheat,WheatAEZ16,WheatAEZ16,1975,SO2_AWB,6.88121920892509e-07
South America_Southern,Wheat,WheatAEZ17,WheatAEZ17,1975,SO2_AWB,3.85875525089839e-08
South America_Southern,Wheat,WheatAEZ18,WheatAEZ18,1975,SO2_AWB,0
South Asia,Corn,CornAEZ03,CornAEZ03,1975,CH4_AWB,1.1282242768052e-05
South Asia,Corn,CornAEZ04,CornAEZ04,1975,CH4_AWB,0.000131769767970345
South Asia,Corn,CornAEZ05,CornAEZ05,1975,CH4_AWB,6.30667954891851e-05
South Asia,Corn,CornAEZ06,CornAEZ06,1975,CH4_AWB,9.69831752292022e-06
South Asia,Corn,CornAEZ07,CornAEZ07,1975,CH4_AWB,8.95622876800777e-06
South Asia,Corn,CornAEZ08,CornAEZ08,1975,CH4_AWB,3.40707307614617e-05
South Asia,Corn,CornAEZ09,CornAEZ09,1975,CH4_AWB,7.65735847334349e-07
South Asia,Corn,CornAEZ10,CornAEZ10,1975,CH4_AWB,9.48893326820277e-05
South Asia,Corn,CornAEZ11,CornAEZ11,1975,CH4_AWB,0.00025319586776822
South Asia,Corn,CornAEZ12,CornAEZ12,1975,CH4_AWB,0.000151679329948173
South Asia,Corn,CornAEZ13,CornAEZ13,1975,CH4_AWB,5.98357427700857e-06
South Asia,Corn,CornAEZ14,CornAEZ14,1975,CH4_AWB,6.66461053875901e-06
South Asia,Corn,CornAEZ15,CornAEZ15,1975,CH4_AWB,7.63371138092159e-06
South Asia,Corn,CornAEZ16,CornAEZ16,1975,CH4_AWB,2.22024700484816e-06
South Asia,FiberCrop,FiberCropAEZ03,FiberCropAEZ03,1975,CH4_AWB,3.18741800190763e-07
South Asia,FiberCrop,FiberCropAEZ04,FiberCropAEZ04,1975,CH4_AWB,0.000207621902217608
South Asia,FiberCrop,FiberCropAEZ05,FiberCropAEZ05,1975,CH4_AWB,0.000268339656446836
South Asia,FiberCrop,FiberCropAEZ06,FiberCropAEZ06,1975,CH4_AWB,5.11741422324618e-08
South Asia,FiberCrop,FiberCropAEZ07,FiberCropAEZ07,1975,CH4_AWB,1.52718261605161e-06
South Asia,FiberCrop,FiberCropAEZ08,FiberCropAEZ08,1975,CH4_AWB,3.24886352554532e-05
South Asia,FiberCrop,FiberCropAEZ09,FiberCropAEZ09,1975,CH4_AWB,0
South Asia,FiberCrop,FiberCropAEZ10,FiberCropAEZ10,1975,CH4_AWB,6.49911606352266e-07
South Asia,FiberCrop,FiberCropAEZ11,FiberCropAEZ11,1975,CH4_AWB,5.50560664503816e-06
South Asia,FiberCrop,FiberCropAEZ12,FiberCropAEZ12,1975,CH4_AWB,2.8840284443866e-07
South Asia,FiberCrop,FiberCropAEZ13,FiberCropAEZ13,1975,CH4_AWB,6.62339612323007e-07
South Asia,FiberCrop,FiberCropAEZ14,FiberCropAEZ14,1975,CH4_AWB,7.53722009166689e-07
South Asia,FiberCrop,FiberCropAEZ15,FiberCropAEZ15,1975,CH4_AWB,0
South Asia,FiberCrop,FiberCropAEZ16,FiberCropAEZ16,1975,CH4_AWB,0
South Asia,FodderGrass,FodderGrassAEZ03,FodderGrassAEZ03,1975,CH4_AWB,1.68546982728072e-06
South Asia,FodderGrass,FodderGrassAEZ04,FodderGrassAEZ04,1975,CH4_AWB,3.04427546704823e-05
South Asia,FodderGrass,FodderGrassAEZ05,FodderGrassAEZ05,1975,CH4_AWB,6.90120413003419e-06
South Asia,FodderGrass,FodderGrassAEZ06,FodderGrassAEZ06,1975,CH4_AWB,0
South Asia,FodderGrass,FodderGrassAEZ07,FodderGrassAEZ07,1975,CH4_AWB,1.47731706100171e-06
South Asia,FodderGrass,FodderGrassAEZ08,FodderGrassAEZ08,1975,CH4_AWB,9.30025432626249e-06
South Asia,FodderGrass,FodderGrassAEZ09,FodderGrassAEZ09,1975,CH4_AWB,0
South Asia,FodderGrass,FodderGrassAEZ10,FodderGrassAEZ10,1975,CH4_AWB,8.95890150126807e-07
South Asia,FodderGrass,FodderGrassAEZ11,FodderGrassAEZ11,1975,CH4_AWB,3.91106609392167e-06
South Asia,FodderGrass,FodderGrassAEZ12,FodderGrassAEZ12,1975,CH4_AWB,1.16394067626334e-06
South Asia,FodderGrass,FodderGrassAEZ13,FodderGrassAEZ13,1975,CH4_AWB,7.4308645629677e-08
South Asia,FodderGrass,FodderGrassAEZ14,FodderGrassAEZ14,1975,CH4_AWB,1.186684113306e-07
South Asia,FodderGrass,FodderGrassAEZ15,FodderGrassAEZ15,1975,CH4_AWB,0
South Asia,FodderGrass,FodderGrassAEZ16,FodderGrassAEZ16,1975,CH4_AWB,0
South Asia,FodderHerb,FodderHerbAEZ03,FodderHerbAEZ03,1975,CH4_AWB,0
South Asia,FodderHerb,FodderHerbAEZ04,FodderHerbAEZ04,1975,CH4_AWB,0
South Asia,FodderHerb,FodderHerbAEZ05,FodderHerbAEZ05,1975,CH4_AWB,0
South Asia,FodderHerb,FodderHerbAEZ06,FodderHerbAEZ06,1975,CH4_AWB,0
South Asia,FodderHerb,FodderHerbAEZ07,FodderHerbAEZ07,1975,CH4_AWB,0
South Asia,FodderHerb,FodderHerbAEZ08,FodderHerbAEZ08,1975,CH4_AWB,0
South Asia,FodderHerb,FodderHerbAEZ09,FodderHerbAEZ09,1975,CH4_AWB,0
South Asia,FodderHerb,FodderHerbAEZ10,FodderHerbAEZ10,1975,CH4_AWB,0
South Asia,FodderHerb,FodderHerbAEZ11,FodderHerbAEZ11,1975,CH4_AWB,0
South Asia,FodderHerb,FodderHerbAEZ12,FodderHerbAEZ12,1975,CH4_AWB,0
South Asia,FodderHerb,FodderHerbAEZ13,FodderHerbAEZ13,1975,CH4_AWB,0
South Asia,FodderHerb,FodderHerbAEZ14,FodderHerbAEZ14,1975,CH4_AWB,0
South Asia,FodderHerb,FodderHerbAEZ15,FodderHerbAEZ15,1975,CH4_AWB,0
South Asia,FodderHerb,FodderHerbAEZ16,FodderHerbAEZ16,1975,CH4_AWB,0
South Asia,MiscCrop,MiscCropAEZ03,MiscCropAEZ03,1975,CH4_AWB,2.36629485155248e-05
South Asia,MiscCrop,MiscCropAEZ04,MiscCropAEZ04,1975,CH4_AWB,0.00104945380814556
South Asia,MiscCrop,MiscCropAEZ05,MiscCropAEZ05,1975,CH4_AWB,0.0010298078012922
South Asia,MiscCrop,MiscCropAEZ06,MiscCropAEZ06,1975,CH4_AWB,0.000386682757929089
South Asia,MiscCrop,MiscCropAEZ07,MiscCropAEZ07,1975,CH4_AWB,2.95603702205212e-05
South Asia,MiscCrop,MiscCropAEZ08,MiscCropAEZ08,1975,CH4_AWB,3.09390221274979e-05
South Asia,MiscCrop,MiscCropAEZ09,MiscCropAEZ09,1975,CH4_AWB,3.9795868846e-06
South Asia,MiscCrop,MiscCropAEZ10,MiscCropAEZ10,1975,CH4_AWB,0.000126456636227796
South Asia,MiscCrop,MiscCropAEZ11,MiscCropAEZ11,1975,CH4_AWB,0.000294047253139891
South Asia,MiscCrop,MiscCropAEZ12,MiscCropAEZ12,1975,CH4_AWB,0.000142765326713182
South Asia,MiscCrop,MiscCropAEZ13,MiscCropAEZ13,1975,CH4_AWB,4.41307604753724e-07
South Asia,MiscCrop,MiscCropAEZ14,MiscCropAEZ14,1975,CH4_AWB,2.46425703179408e-06
South Asia,MiscCrop,MiscCropAEZ15,MiscCropAEZ15,1975,CH4_AWB,5.76248119068184e-06
South Asia,MiscCrop,MiscCropAEZ16,MiscCropAEZ16,1975,CH4_AWB,3.50005578652116e-06
South Asia,OilCrop,OilCropAEZ03,OilCropAEZ03,1975,CH4_AWB,9.45789843219206e-07
South Asia,OilCrop,OilCropAEZ04,OilCropAEZ04,1975,CH4_AWB,5.90848852772921e-05
South Asia,OilCrop,OilCropAEZ05,OilCropAEZ05,1975,CH4_AWB,7.72114906653119e-05
South Asia,OilCrop,OilCropAEZ06,OilCropAEZ06,1975,CH4_AWB,1.97722659382388e-06
South Asia,OilCrop,OilCropAEZ07,OilCropAEZ07,1975,CH4_AWB,2.35127166656098e-07
South Asia,OilCrop,OilCropAEZ08,OilCropAEZ08,1975,CH4_AWB,3.07456324367691e-07
South Asia,OilCrop,OilCropAEZ09,OilCropAEZ09,1975,CH4_AWB,3.35469521957577e-07
South Asia,OilCrop,OilCropAEZ10,OilCropAEZ10,1975,CH4_AWB,6.07289385128955e-06
South Asia,OilCrop,OilCropAEZ11,OilCropAEZ11,1975,CH4_AWB,1.44098051471388e-05
South Asia,OilCrop,OilCropAEZ12,OilCropAEZ12,1975,CH4_AWB,7.06828083122523e-06
South Asia,OilCrop,OilCropAEZ13,OilCropAEZ13,1975,CH4_AWB,2.02062408845084e-08
South Asia,OilCrop,OilCropAEZ14,OilCropAEZ14,1975,CH4_AWB,9.5979644201415e-08
South Asia,OilCrop,OilCropAEZ15,OilCropAEZ15,1975,CH4_AWB,4.10094843406044e-07
South Asia,OilCrop,OilCropAEZ16,OilCropAEZ16,1975,CH4_AWB,1.23763225417614e-07
South Asia,OtherGrain,OtherGrainAEZ03,OtherGrainAEZ03,1975,CH4_AWB,2.41481091939091e-06
South Asia,OtherGrain,OtherGrainAEZ04,OtherGrainAEZ04,1975,CH4_AWB,3.83166207594437e-05
South Asia,OtherGrain,OtherGrainAEZ05,OtherGrainAEZ05,1975,CH4_AWB,4.24297366636003e-05
South Asia,OtherGrain,OtherGrainAEZ06,OtherGrainAEZ06,1975,CH4_AWB,1.86849302113367e-06
South Asia,OtherGrain,OtherGrainAEZ07,OtherGrainAEZ07,1975,CH4_AWB,9.81513019827052e-06
South Asia,OtherGrain,OtherGrainAEZ08,OtherGrainAEZ08,1975,CH4_AWB,4.30761651714859e-05
South Asia,OtherGrain,OtherGrainAEZ09,OtherGrainAEZ09,1975,CH4_AWB,3.61828346227952e-07
South Asia,OtherGrain,OtherGrainAEZ10,OtherGrainAEZ10,1975,CH4_AWB,3.07647054145559e-05
South Asia,OtherGrain,OtherGrainAEZ11,OtherGrainAEZ11,1975,CH4_AWB,7.02225871237618e-05
South Asia,OtherGrain,OtherGrainAEZ12,OtherGrainAEZ12,1975,CH4_AWB,5.16356222947043e-05
South Asia,OtherGrain,OtherGrainAEZ13,OtherGrainAEZ13,1975,CH4_AWB,5.03842396743507e-06
South Asia,OtherGrain,OtherGrainAEZ14,OtherGrainAEZ14,1975,CH4_AWB,5.54255239449179e-06
South Asia,OtherGrain,OtherGrainAEZ15,OtherGrainAEZ15,1975,CH4_AWB,3.31223102713019e-06
South Asia,OtherGrain,OtherGrainAEZ16,OtherGrainAEZ16,1975,CH4_AWB,2.51849690793447e-06
South Asia,PalmFruit,PalmFruitAEZ03,PalmFruitAEZ03,1975,CH4_AWB,1.7661621498882e-05
South Asia,PalmFruit,PalmFruitAEZ04,PalmFruitAEZ04,1975,CH4_AWB,0.000141760068140651
South Asia,PalmFruit,PalmFruitAEZ05,PalmFruitAEZ05,1975,CH4_AWB,0.000179568906471736
South Asia,PalmFruit,PalmFruitAEZ06,PalmFruitAEZ06,1975,CH4_AWB,0.000447449533699236
South Asia,PalmFruit,PalmFruitAEZ07,PalmFruitAEZ07,1975,CH4_AWB,0
South Asia,PalmFruit,PalmFruitAEZ08,PalmFruitAEZ08,1975,CH4_AWB,0
South Asia,PalmFruit,PalmFruitAEZ09,PalmFruitAEZ09,1975,CH4_AWB,0
South Asia,PalmFruit,PalmFruitAEZ10,PalmFruitAEZ10,1975,CH4_AWB,1.24164799259362e-07
South Asia,PalmFruit,PalmFruitAEZ11,PalmFruitAEZ11,1975,CH4_AWB,1.82601089704443e-06
South Asia,PalmFruit,PalmFruitAEZ12,PalmFruitAEZ12,1975,CH4_AWB,4.01466184271938e-06
South Asia,PalmFruit,PalmFruitAEZ13,PalmFruitAEZ13,1975,CH4_AWB,0
South Asia,PalmFruit,PalmFruitAEZ14,PalmFruitAEZ14,1975,CH4_AWB,0
South Asia,PalmFruit,PalmFruitAEZ15,PalmFruitAEZ15,1975,CH4_AWB,0
South Asia,PalmFruit,PalmFruitAEZ16,PalmFruitAEZ16,1975,CH4_AWB,0
South Asia,Rice,RiceAEZ03,RiceAEZ03,1975,CH4_AWB,5.84567895537581e-05
South Asia,Rice,RiceAEZ04,RiceAEZ04,1975,CH4_AWB,0.00264322018092504
South Asia,Rice,RiceAEZ05,RiceAEZ05,1975,CH4_AWB,0.00697629699760413
South Asia,Rice,RiceAEZ06,RiceAEZ06,1975,CH4_AWB,0.000363094455170289
South Asia,Rice,RiceAEZ07,RiceAEZ07,1975,CH4_AWB,5.70978127998468e-06
South Asia,Rice,RiceAEZ08,RiceAEZ08,1975,CH4_AWB,2.53993523600141e-05
South Asia,Rice,RiceAEZ09,RiceAEZ09,1975,CH4_AWB,2.61445976766751e-07
South Asia,Rice,RiceAEZ10,RiceAEZ10,1975,CH4_AWB,0.000162608325074535
South Asia,Rice,RiceAEZ11,RiceAEZ11,1975,CH4_AWB,0.000416638003693073
South Asia,Rice,RiceAEZ12,RiceAEZ12,1975,CH4_AWB,0.000155058479327126
South Asia,Rice,RiceAEZ13,RiceAEZ13,1975,CH4_AWB,3.44579922188089e-06
South Asia,Rice,RiceAEZ14,RiceAEZ14,1975,CH4_AWB,3.00538590406031e-06
South Asia,Rice,RiceAEZ15,RiceAEZ15,1975,CH4_AWB,1.05771506313726e-05
South Asia,Rice,RiceAEZ16,RiceAEZ16,1975,CH4_AWB,2.71320816165806e-06
South Asia,Root_Tuber,Root_TuberAEZ03,Root_TuberAEZ03,1975,CH4_AWB,1.0794893804227e-05
South Asia,Root_Tuber,Root_TuberAEZ04,Root_TuberAEZ04,1975,CH4_AWB,0.000296966972026813
South Asia,Root_Tuber,Root_TuberAEZ05,Root_TuberAEZ05,1975,CH4_AWB,0.000378739698405415
South Asia,Root_Tuber,Root_TuberAEZ06,Root_TuberAEZ06,1975,CH4_AWB,3.51950002161523e-05
South Asia,Root_Tuber,Root_TuberAEZ07,Root_TuberAEZ07,1975,CH4_AWB,7.61533931329209e-05
South Asia,Root_Tuber,Root_TuberAEZ08,Root_TuberAEZ08,1975,CH4_AWB,0.000391171565593439
South Asia,Root_Tuber,Root_TuberAEZ09,Root_TuberAEZ09,1975,CH4_AWB,4.45685750318979e-06
South Asia,Root_Tuber,Root_TuberAEZ10,Root_TuberAEZ10,1975,CH4_AWB,3.98673671856289e-05
South Asia,Root_Tuber,Root_TuberAEZ11,Root_TuberAEZ11,1975,CH4_AWB,7.30713323998685e-05
South Asia,Root_Tuber,Root_TuberAEZ12,Root_TuberAEZ12,1975,CH4_AWB,3.79856086716648e-05
South Asia,Root_Tuber,Root_TuberAEZ13,Root_TuberAEZ13,1975,CH4_AWB,6.13157040616718e-05
South Asia,Root_Tuber,Root_TuberAEZ14,Root_TuberAEZ14,1975,CH4_AWB,2.78473882983351e-05
South Asia,Root_Tuber,Root_TuberAEZ15,Root_TuberAEZ15,1975,CH4_AWB,2.29915411780056e-06
South Asia,Root_Tuber,Root_TuberAEZ16,Root_TuberAEZ16,1975,CH4_AWB,1.23247646355119e-06
South Asia,SugarCrop,SugarCropAEZ03,SugarCropAEZ03,1975,CH4_AWB,0.000220407811444597
South Asia,SugarCrop,SugarCropAEZ04,SugarCropAEZ04,1975,CH4_AWB,0.00104514303202827
South Asia,SugarCrop,SugarCropAEZ05,SugarCropAEZ05,1975,CH4_AWB,0.00153913633716005
South Asia,SugarCrop,SugarCropAEZ06,SugarCropAEZ06,1975,CH4_AWB,0.000217993702609683
South Asia,SugarCrop,SugarCropAEZ07,SugarCropAEZ07,1975,CH4_AWB,3.83440828208416e-06
South Asia,SugarCrop,SugarCropAEZ08,SugarCropAEZ08,1975,CH4_AWB,3.65330634482609e-06
South Asia,SugarCrop,SugarCropAEZ09,SugarCropAEZ09,1975,CH4_AWB,1.58063969825102e-06
South Asia,SugarCrop,SugarCropAEZ10,SugarCropAEZ10,1975,CH4_AWB,0.000104705435786058
South Asia,SugarCrop,SugarCropAEZ11,SugarCropAEZ11,1975,CH4_AWB,0.000190988001849661
South Asia,SugarCrop,SugarCropAEZ12,SugarCropAEZ12,1975,CH4_AWB,9.01179749088773e-05
South Asia,SugarCrop,SugarCropAEZ13,SugarCropAEZ13,1975,CH4_AWB,1.89106442772238e-07
South Asia,SugarCrop,SugarCropAEZ14,SugarCropAEZ14,1975,CH4_AWB,1.00531586442013e-06
South Asia,SugarCrop,SugarCropAEZ15,SugarCropAEZ15,1975,CH4_AWB,3.06822701989983e-06
South Asia,SugarCrop,SugarCropAEZ16,SugarCropAEZ16,1975,CH4_AWB,2.02113764232761e-07
South Asia,Wheat,WheatAEZ03,WheatAEZ03,1975,CH4_AWB,3.35120030689925e-05
South Asia,Wheat,WheatAEZ04,WheatAEZ04,1975,CH4_AWB,0.000358268214306915
South Asia,Wheat,WheatAEZ05,WheatAEZ05,1975,CH4_AWB,0.000431292374858841
South Asia,Wheat,WheatAEZ06,WheatAEZ06,1975,CH4_AWB,0
South Asia,Wheat,WheatAEZ07,WheatAEZ07,1975,CH4_AWB,7.523742274325e-05
South Asia,Wheat,WheatAEZ08,WheatAEZ08,1975,CH4_AWB,0.000347758131892144
South Asia,Wheat,WheatAEZ09,WheatAEZ09,1975,CH4_AWB,3.23648966880361e-06
South Asia,Wheat,WheatAEZ10,WheatAEZ10,1975,CH4_AWB,6.4873603291247e-05
South Asia,Wheat,WheatAEZ11,WheatAEZ11,1975,CH4_AWB,0.000108454753470061
South Asia,Wheat,WheatAEZ12,WheatAEZ12,1975,CH4_AWB,3.72412486731602e-05
South Asia,Wheat,WheatAEZ13,WheatAEZ13,1975,CH4_AWB,3.97402909091383e-05
South Asia,Wheat,WheatAEZ14,WheatAEZ14,1975,CH4_AWB,1.9497742166766e-05
South Asia,Wheat,WheatAEZ15,WheatAEZ15,1975,CH4_AWB,3.87857487642796e-06
South Asia,Wheat,WheatAEZ16,WheatAEZ16,1975,CH4_AWB,1.99187464600172e-06
South Asia,Corn,CornAEZ03,CornAEZ03,1975,CO_AWB,0.000521606822236772
South Asia,Corn,CornAEZ04,CornAEZ04,1975,CO_AWB,0.00609205202821173
South Asia,Corn,CornAEZ05,CornAEZ05,1975,CO_AWB,0.00291573860446632
South Asia,Corn,CornAEZ06,CornAEZ06,1975,CO_AWB,0.000448377923447844
South Asia,Corn,CornAEZ07,CornAEZ07,1975,CO_AWB,0.000414069269997874
South Asia,Corn,CornAEZ08,CornAEZ08,1975,CO_AWB,0.0015751766709093
South Asia,Corn,CornAEZ09,CornAEZ09,1975,CO_AWB,3.54019187684803e-05
South Asia,Corn,CornAEZ10,CornAEZ10,1975,CO_AWB,0.0043869755599122
South Asia,Corn,CornAEZ11,CornAEZ11,1975,CO_AWB,0.0117058899285559
South Asia,Corn,CornAEZ12,CornAEZ12,1975,CO_AWB,0.00701252179374346
South Asia,Corn,CornAEZ13,CornAEZ13,1975,CO_AWB,0.00027663588068554
South Asia,Corn,CornAEZ14,CornAEZ14,1975,CO_AWB,0.000308121921858627
South Asia,Corn,CornAEZ15,CornAEZ15,1975,CO_AWB,0.000352925922366292
South Asia,Corn,CornAEZ16,CornAEZ16,1975,CO_AWB,0.000102647674632472
South Asia,FiberCrop,FiberCropAEZ03,FiberCropAEZ03,1975,CO_AWB,1.47362453485158e-05
South Asia,FiberCrop,FiberCropAEZ04,FiberCropAEZ04,1975,CO_AWB,0.00959888941134516
South Asia,FiberCrop,FiberCropAEZ05,FiberCropAEZ05,1975,CO_AWB,0.0124060258546899
South Asia,FiberCrop,FiberCropAEZ06,FiberCropAEZ06,1975,CO_AWB,2.36591095044977e-06
South Asia,FiberCrop,FiberCropAEZ07,FiberCropAEZ07,1975,CO_AWB,7.06055425069938e-05
South Asia,FiberCrop,FiberCropAEZ08,FiberCropAEZ08,1975,CO_AWB,0.0015020323656209
South Asia,FiberCrop,FiberCropAEZ09,FiberCropAEZ09,1975,CO_AWB,0
South Asia,FiberCrop,FiberCropAEZ10,FiberCropAEZ10,1975,CO_AWB,3.00470690707121e-05
South Asia,FiberCrop,FiberCropAEZ11,FiberCropAEZ11,1975,CO_AWB,0.000254538219540532
South Asia,FiberCrop,FiberCropAEZ12,FiberCropAEZ12,1975,CO_AWB,1.33335981421777e-05
South Asia,FiberCrop,FiberCropAEZ13,FiberCropAEZ13,1975,CO_AWB,3.06216474443928e-05
South Asia,FiberCrop,FiberCropAEZ14,FiberCropAEZ14,1975,CO_AWB,3.48464884273388e-05
South Asia,FiberCrop,FiberCropAEZ15,FiberCropAEZ15,1975,CO_AWB,0
South Asia,FiberCrop,FiberCropAEZ16,FiberCropAEZ16,1975,CO_AWB,0
South Asia,FodderGrass,FodderGrassAEZ03,FodderGrassAEZ03,1975,CO_AWB,7.79235634845014e-05
South Asia,FodderGrass,FodderGrassAEZ04,FodderGrassAEZ04,1975,CO_AWB,0.00140744609474004
South Asia,FodderGrass,FodderGrassAEZ05,FodderGrassAEZ05,1975,CO_AWB,0.000319060246254207
South Asia,FodderGrass,FodderGrassAEZ06,FodderGrassAEZ06,1975,CO_AWB,0
South Asia,FodderGrass,FodderGrassAEZ07,FodderGrassAEZ07,1975,CO_AWB,6.83001308753361e-05
South Asia,FodderGrass,FodderGrassAEZ08,FodderGrassAEZ08,1975,CO_AWB,0.000429974447886583
South Asia,FodderGrass,FodderGrassAEZ09,FodderGrassAEZ09,1975,CO_AWB,0
South Asia,FodderGrass,FodderGrassAEZ10,FodderGrassAEZ10,1975,CO_AWB,4.14192837264707e-05
South Asia,FodderGrass,FodderGrassAEZ11,FodderGrassAEZ11,1975,CO_AWB,0.000180818548115739
South Asia,FodderGrass,FodderGrassAEZ12,FodderGrassAEZ12,1975,CO_AWB,5.38119423504183e-05
South Asia,FodderGrass,FodderGrassAEZ13,FodderGrassAEZ13,1975,CO_AWB,3.43547797263951e-06
South Asia,FodderGrass,FodderGrassAEZ14,FodderGrassAEZ14,1975,CO_AWB,5.48634293788803e-06
South Asia,FodderGrass,FodderGrassAEZ15,FodderGrassAEZ15,1975,CO_AWB,0
South Asia,FodderGrass,FodderGrassAEZ16,FodderGrassAEZ16,1975,CO_AWB,0
South Asia,FodderHerb,FodderHerbAEZ03,FodderHerbAEZ03,1975,CO_AWB,0
South Asia,FodderHerb,FodderHerbAEZ04,FodderHerbAEZ04,1975,CO_AWB,0
South Asia,FodderHerb,FodderHerbAEZ05,FodderHerbAEZ05,1975,CO_AWB,0
South Asia,FodderHerb,FodderHerbAEZ06,FodderHerbAEZ06,1975,CO_AWB,0
South Asia,FodderHerb,FodderHerbAEZ07,FodderHerbAEZ07,1975,CO_AWB,0
South Asia,FodderHerb,FodderHerbAEZ08,FodderHerbAEZ08,1975,CO_AWB,0
South Asia,FodderHerb,FodderHerbAEZ09,FodderHerbAEZ09,1975,CO_AWB,0
South Asia,FodderHerb,FodderHerbAEZ10,FodderHerbAEZ10,1975,CO_AWB,0
South Asia,FodderHerb,FodderHerbAEZ11,FodderHerbAEZ11,1975,CO_AWB,0
South Asia,FodderHerb,FodderHerbAEZ12,FodderHerbAEZ12,1975,CO_AWB,0
South Asia,FodderHerb,FodderHerbAEZ13,FodderHerbAEZ13,1975,CO_AWB,0
South Asia,FodderHerb,FodderHerbAEZ14,FodderHerbAEZ14,1975,CO_AWB,0
South Asia,FodderHerb,FodderHerbAEZ15,FodderHerbAEZ15,1975,CO_AWB,0
South Asia,FodderHerb,FodderHerbAEZ16,FodderHerbAEZ16,1975,CO_AWB,0
South Asia,MiscCrop,MiscCropAEZ03,MiscCropAEZ03,1975,CO_AWB,0.00109399838610868
South Asia,MiscCrop,MiscCropAEZ04,MiscCropAEZ04,1975,CO_AWB,0.0485189228068347
South Asia,MiscCrop,MiscCropAEZ05,MiscCropAEZ05,1975,CO_AWB,0.0476106378660567
South Asia,MiscCrop,MiscCropAEZ06,MiscCropAEZ06,1975,CO_AWB,0.0178773288896325
South Asia,MiscCrop,MiscCropAEZ07,MiscCropAEZ07,1975,CO_AWB,0.00136665121393508
South Asia,MiscCrop,MiscCropAEZ08,MiscCropAEZ08,1975,CO_AWB,0.00143038980341173
South Asia,MiscCrop,MiscCropAEZ09,MiscCropAEZ09,1975,CO_AWB,0.000183986438810671
South Asia,MiscCrop,MiscCropAEZ10,MiscCropAEZ10,1975,CO_AWB,0.00584641241370137
South Asia,MiscCrop,MiscCropAEZ11,MiscCropAEZ11,1975,CO_AWB,0.0135945535343441
South Asia,MiscCrop,MiscCropAEZ12,MiscCropAEZ12,1975,CO_AWB,0.00660040471769737
South Asia,MiscCrop,MiscCropAEZ13,MiscCropAEZ13,1975,CO_AWB,2.04027747033009e-05
South Asia,MiscCrop,MiscCropAEZ14,MiscCropAEZ14,1975,CO_AWB,0.000113928879740873
South Asia,MiscCrop,MiscCropAEZ15,MiscCropAEZ15,1975,CO_AWB,0.000266414184117906
South Asia,MiscCrop,MiscCropAEZ16,MiscCropAEZ16,1975,CO_AWB,0.00016181649464488
South Asia,OilCrop,OilCropAEZ03,OilCropAEZ03,1975,CO_AWB,4.37262736467922e-05
South Asia,OilCrop,OilCropAEZ04,OilCropAEZ04,1975,CO_AWB,0.00273164475231672
South Asia,OilCrop,OilCropAEZ05,OilCropAEZ05,1975,CO_AWB,0.00356968389300589
South Asia,OilCrop,OilCropAEZ06,OilCropAEZ06,1975,CO_AWB,9.14122219889603e-05
South Asia,OilCrop,OilCropAEZ07,OilCropAEZ07,1975,CO_AWB,1.08705278500401e-05
South Asia,OilCrop,OilCropAEZ08,OilCropAEZ08,1975,CO_AWB,1.42144890539099e-05
South Asia,OilCrop,OilCropAEZ09,OilCropAEZ09,1975,CO_AWB,1.55096105360436e-05
South Asia,OilCrop,OilCropAEZ10,OilCropAEZ10,1975,CO_AWB,0.000280765352126818
South Asia,OilCrop,OilCropAEZ11,OilCropAEZ11,1975,CO_AWB,0.000666201997809686
South Asia,OilCrop,OilCropAEZ12,OilCropAEZ12,1975,CO_AWB,0.000326784627741976
South Asia,OilCrop,OilCropAEZ13,OilCropAEZ13,1975,CO_AWB,9.34185987112823e-07
South Asia,OilCrop,OilCropAEZ14,OilCropAEZ14,1975,CO_AWB,4.4373834387859e-06
South Asia,OilCrop,OilCropAEZ15,OilCropAEZ15,1975,CO_AWB,1.89597292384488e-05
South Asia,OilCrop,OilCropAEZ16,OilCropAEZ16,1975,CO_AWB,5.72188917106604e-06
South Asia,OtherGrain,OtherGrainAEZ03,OtherGrainAEZ03,1975,CO_AWB,0.000111642860011213
South Asia,OtherGrain,OtherGrainAEZ04,OtherGrainAEZ04,1975,CO_AWB,0.00177147498100112
South Asia,OtherGrain,OtherGrainAEZ05,OtherGrainAEZ05,1975,CO_AWB,0.00196163480652215
South Asia,OtherGrain,OtherGrainAEZ06,OtherGrainAEZ06,1975,CO_AWB,8.6385191948267e-05
South Asia,OtherGrain,OtherGrainAEZ07,OtherGrainAEZ07,1975,CO_AWB,0.000453778470984277
South Asia,OtherGrain,OtherGrainAEZ08,OtherGrainAEZ08,1975,CO_AWB,0.0019915208430783
South Asia,OtherGrain,OtherGrainAEZ09,OtherGrainAEZ09,1975,CO_AWB,1.67282461254585e-05
South Asia,OtherGrain,OtherGrainAEZ10,OtherGrainAEZ10,1975,CO_AWB,0.00142233069773835
South Asia,OtherGrain,OtherGrainAEZ11,OtherGrainAEZ11,1975,CO_AWB,0.00324656907956205
South Asia,OtherGrain,OtherGrainAEZ12,OtherGrainAEZ12,1975,CO_AWB,0.00238724634924774
South Asia,OtherGrain,OtherGrainAEZ13,OtherGrainAEZ13,1975,CO_AWB,0.000232939174308262
South Asia,OtherGrain,OtherGrainAEZ14,OtherGrainAEZ14,1975,CO_AWB,0.000256246315649068
South Asia,OtherGrain,OtherGrainAEZ15,OtherGrainAEZ15,1975,CO_AWB,0.000153132877575344
South Asia,OtherGrain,OtherGrainAEZ16,OtherGrainAEZ16,1975,CO_AWB,0.000116436527379179
South Asia,PalmFruit,PalmFruitAEZ03,PalmFruitAEZ03,1975,CO_AWB,0.00081654175104859
South Asia,PalmFruit,PalmFruitAEZ04,PalmFruitAEZ04,1975,CO_AWB,0.00655392905321075
South Asia,PalmFruit,PalmFruitAEZ05,PalmFruitAEZ05,1975,CO_AWB,0.00830192795908313
South Asia,PalmFruit,PalmFruitAEZ06,PalmFruitAEZ06,1975,CO_AWB,0.0206867317236856
South Asia,PalmFruit,PalmFruitAEZ07,PalmFruitAEZ07,1975,CO_AWB,0
South Asia,PalmFruit,PalmFruitAEZ08,PalmFruitAEZ08,1975,CO_AWB,0
South Asia,PalmFruit,PalmFruitAEZ09,PalmFruitAEZ09,1975,CO_AWB,0
South Asia,PalmFruit,PalmFruitAEZ10,PalmFruitAEZ10,1975,CO_AWB,5.74045495269244e-06
South Asia,PalmFruit,PalmFruitAEZ11,PalmFruitAEZ11,1975,CO_AWB,8.44211351376117e-05
South Asia,PalmFruit,PalmFruitAEZ12,PalmFruitAEZ12,1975,CO_AWB,0.000185608043470389
South Asia,PalmFruit,PalmFruitAEZ13,PalmFruitAEZ13,1975,CO_AWB,0
South Asia,PalmFruit,PalmFruitAEZ14,PalmFruitAEZ14,1975,CO_AWB,0
South Asia,PalmFruit,PalmFruitAEZ15,PalmFruitAEZ15,1975,CO_AWB,0
South Asia,PalmFruit,PalmFruitAEZ16,PalmFruitAEZ16,1975,CO_AWB,0
South Asia,Rice,RiceAEZ03,RiceAEZ03,1975,CO_AWB,0.00270260628707993
South Asia,Rice,RiceAEZ04,RiceAEZ04,1975,CO_AWB,0.122202801995056
South Asia,Rice,RiceAEZ05,RiceAEZ05,1975,CO_AWB,0.32253198080478
South Asia,Rice,RiceAEZ06,RiceAEZ06,1975,CO_AWB,0.016786781567001
South Asia,Rice,RiceAEZ07,RiceAEZ07,1975,CO_AWB,0.000263977733004769
South Asia,Rice,RiceAEZ08,RiceAEZ08,1975,CO_AWB,0.00117427675895211
South Asia,Rice,RiceAEZ09,RiceAEZ09,1975,CO_AWB,1.20873134829237e-05
South Asia,Rice,RiceAEZ10,RiceAEZ10,1975,CO_AWB,0.00751779707768305
South Asia,Rice,RiceAEZ11,RiceAEZ11,1975,CO_AWB,0.0192622362058017
South Asia,Rice,RiceAEZ12,RiceAEZ12,1975,CO_AWB,0.00716874847718356
South Asia,Rice,RiceAEZ13,RiceAEZ13,1975,CO_AWB,0.000159308075454714
South Asia,Rice,RiceAEZ14,RiceAEZ14,1975,CO_AWB,0.000138946645914335
South Asia,Rice,RiceAEZ15,RiceAEZ15,1975,CO_AWB,0.000489008616688587
South Asia,Rice,RiceAEZ16,RiceAEZ16,1975,CO_AWB,0.000125438524623565
South Asia,Root_Tuber,Root_TuberAEZ03,Root_TuberAEZ03,1975,CO_AWB,0.000499075438223215
South Asia,Root_Tuber,Root_TuberAEZ04,Root_TuberAEZ04,1975,CO_AWB,0.013729539575838
South Asia,Root_Tuber,Root_TuberAEZ05,Root_TuberAEZ05,1975,CO_AWB,0.0175101010146293
South Asia,Root_Tuber,Root_TuberAEZ06,Root_TuberAEZ06,1975,CO_AWB,0.00162715451163256
South Asia,Root_Tuber,Root_TuberAEZ07,Root_TuberAEZ07,1975,CO_AWB,0.00352076534880918
South Asia,Root_Tuber,Root_TuberAEZ08,Root_TuberAEZ08,1975,CO_AWB,0.0180848579022206
South Asia,Root_Tuber,Root_TuberAEZ09,Root_TuberAEZ09,1975,CO_AWB,0.000206051875251602
South Asia,Root_Tuber,Root_TuberAEZ10,Root_TuberAEZ10,1975,CO_AWB,0.00184316993847429
South Asia,Root_Tuber,Root_TuberAEZ11,Root_TuberAEZ11,1975,CO_AWB,0.00337827383023802
South Asia,Root_Tuber,Root_TuberAEZ12,Root_TuberAEZ12,1975,CO_AWB,0.0017561714490015
South Asia,Root_Tuber,Root_TuberAEZ13,Root_TuberAEZ13,1975,CO_AWB,0.00283478118724625
South Asia,Root_Tuber,Root_TuberAEZ14,Root_TuberAEZ14,1975,CO_AWB,0.001287455696222
South Asia,Root_Tuber,Root_TuberAEZ15,Root_TuberAEZ15,1975,CO_AWB,0.00010629575146304
South Asia,Root_Tuber,Root_TuberAEZ16,Root_TuberAEZ16,1975,CO_AWB,5.69805263768089e-05
South Asia,SugarCrop,SugarCropAEZ03,SugarCropAEZ03,1975,CO_AWB,0.0101900145642432
South Asia,SugarCrop,SugarCropAEZ04,SugarCropAEZ04,1975,CO_AWB,0.0483196246461641
South Asia,SugarCrop,SugarCropAEZ05,SugarCropAEZ05,1975,CO_AWB,0.0711581934833524
South Asia,SugarCrop,SugarCropAEZ06,SugarCropAEZ06,1975,CO_AWB,0.0100784041633858
South Asia,SugarCrop,SugarCropAEZ07,SugarCropAEZ07,1975,CO_AWB,0.00017727446220532
South Asia,SugarCrop,SugarCropAEZ08,SugarCropAEZ08,1975,CO_AWB,0.000168901658327921
South Asia,SugarCrop,SugarCropAEZ09,SugarCropAEZ09,1975,CO_AWB,7.30769995874107e-05
South Asia,SugarCrop,SugarCropAEZ10,SugarCropAEZ10,1975,CO_AWB,0.004840799010808
South Asia,SugarCrop,SugarCropAEZ11,SugarCropAEZ11,1975,CO_AWB,0.00882986182607672
South Asia,SugarCrop,SugarCropAEZ12,SugarCropAEZ12,1975,CO_AWB,0.004166383536059
South Asia,SugarCrop,SugarCropAEZ13,SugarCropAEZ13,1975,CO_AWB,8.7428725570632e-06
South Asia,SugarCrop,SugarCropAEZ14,SugarCropAEZ14,1975,CO_AWB,4.64783132365567e-05
South Asia,SugarCrop,SugarCropAEZ15,SugarCropAEZ15,1975,CO_AWB,0.000141851950773727
South Asia,SugarCrop,SugarCropAEZ16,SugarCropAEZ16,1975,CO_AWB,9.34423416151725e-06
South Asia,Wheat,WheatAEZ03,WheatAEZ03,1975,CO_AWB,0.00154934526644867
South Asia,Wheat,WheatAEZ04,WheatAEZ04,1975,CO_AWB,0.016563652158084
South Asia,Wheat,WheatAEZ05,WheatAEZ05,1975,CO_AWB,0.0199397451136316
South Asia,Wheat,WheatAEZ06,WheatAEZ06,1975,CO_AWB,0
South Asia,Wheat,WheatAEZ07,WheatAEZ07,1975,CO_AWB,0.00347841770445852
South Asia,Wheat,WheatAEZ08,WheatAEZ08,1975,CO_AWB,0.0160777442758907
South Asia,Wheat,WheatAEZ09,WheatAEZ09,1975,CO_AWB,0.000149631161645201
South Asia,Wheat,WheatAEZ10,WheatAEZ10,1975,CO_AWB,0.00299927193160716
South Asia,Wheat,WheatAEZ11,WheatAEZ11,1975,CO_AWB,0.00501413951791419
South Asia,Wheat,WheatAEZ12,WheatAEZ12,1975,CO_AWB,0.00172175779017477
South Asia,Wheat,WheatAEZ13,WheatAEZ13,1975,CO_AWB,0.00183729487851284
South Asia,Wheat,WheatAEZ14,WheatAEZ14,1975,CO_AWB,0.000901430286644567
South Asia,Wheat,WheatAEZ15,WheatAEZ15,1975,CO_AWB,0.000179316396366666
South Asia,Wheat,WheatAEZ16,WheatAEZ16,1975,CO_AWB,9.20894387538819e-05
South Asia,Corn,CornAEZ03,CornAEZ03,1975,N2O_AWB,2.92227518426711e-07
South Asia,Corn,CornAEZ04,CornAEZ04,1975,N2O_AWB,3.41304057085858e-06
South Asia,Corn,CornAEZ05,CornAEZ05,1975,N2O_AWB,1.63352743951915e-06
South Asia,Corn,CornAEZ06,CornAEZ06,1975,N2O_AWB,2.51201407459751e-07
South Asia,Corn,CornAEZ07,CornAEZ07,1975,N2O_AWB,2.31980162202158e-07
South Asia,Corn,CornAEZ08,CornAEZ08,1975,N2O_AWB,8.82484565001575e-07
South Asia,Corn,CornAEZ09,CornAEZ09,1975,N2O_AWB,1.98337414853844e-08
South Asia,Corn,CornAEZ10,CornAEZ10,1975,N2O_AWB,2.45778031770037e-06
South Asia,Corn,CornAEZ11,CornAEZ11,1975,N2O_AWB,6.55816415538626e-06
South Asia,Corn,CornAEZ12,CornAEZ12,1975,N2O_AWB,3.92872898577363e-06
South Asia,Corn,CornAEZ13,CornAEZ13,1975,N2O_AWB,1.54983818221279e-07
South Asia,Corn,CornAEZ14,CornAEZ14,1975,N2O_AWB,1.72623709581665e-07
South Asia,Corn,CornAEZ15,CornAEZ15,1975,N2O_AWB,1.97724918626053e-07
South Asia,Corn,CornAEZ16,CornAEZ16,1975,N2O_AWB,5.7507827642069e-08
South Asia,FiberCrop,FiberCropAEZ03,FiberCropAEZ03,1975,N2O_AWB,8.25590507167323e-09
South Asia,FiberCrop,FiberCropAEZ04,FiberCropAEZ04,1975,N2O_AWB,5.37772803718532e-06
South Asia,FiberCrop,FiberCropAEZ05,FiberCropAEZ05,1975,N2O_AWB,6.95041167887175e-06
South Asia,FiberCrop,FiberCropAEZ06,FiberCropAEZ06,1975,N2O_AWB,1.32548934636955e-09
South Asia,FiberCrop,FiberCropAEZ07,FiberCropAEZ07,1975,N2O_AWB,3.95563892080855e-08
South Asia,FiberCrop,FiberCropAEZ08,FiberCropAEZ08,1975,N2O_AWB,8.41505847104803e-07
South Asia,FiberCrop,FiberCropAEZ09,FiberCropAEZ09,1975,N2O_AWB,0
South Asia,FiberCrop,FiberCropAEZ10,FiberCropAEZ10,1975,N2O_AWB,1.68337146988933e-08
South Asia,FiberCrop,FiberCropAEZ11,FiberCropAEZ11,1975,N2O_AWB,1.42603718107273e-07
South Asia,FiberCrop,FiberCropAEZ12,FiberCropAEZ12,1975,N2O_AWB,7.47007924489698e-09
South Asia,FiberCrop,FiberCropAEZ13,FiberCropAEZ13,1975,N2O_AWB,1.71556192544402e-08
South Asia,FiberCrop,FiberCropAEZ14,FiberCropAEZ14,1975,N2O_AWB,1.95225645158144e-08
South Asia,FiberCrop,FiberCropAEZ15,FiberCropAEZ15,1975,N2O_AWB,0
South Asia,FiberCrop,FiberCropAEZ16,FiberCropAEZ16,1975,N2O_AWB,0
South Asia,FodderGrass,FodderGrassAEZ03,FodderGrassAEZ03,1975,N2O_AWB,4.36562725280183e-08
South Asia,FodderGrass,FodderGrassAEZ04,FodderGrassAEZ04,1975,N2O_AWB,7.88514379128557e-07
South Asia,FodderGrass,FodderGrassAEZ05,FodderGrassAEZ05,1975,N2O_AWB,1.78751849125851e-07
South Asia,FodderGrass,FodderGrassAEZ06,FodderGrassAEZ06,1975,N2O_AWB,0
South Asia,FodderGrass,FodderGrassAEZ07,FodderGrassAEZ07,1975,N2O_AWB,3.82647942914731e-08
South Asia,FodderGrass,FodderGrassAEZ08,FodderGrassAEZ08,1975,N2O_AWB,2.40890955670352e-07
South Asia,FodderGrass,FodderGrassAEZ09,FodderGrassAEZ09,1975,N2O_AWB,0
South Asia,FodderGrass,FodderGrassAEZ10,FodderGrassAEZ10,1975,N2O_AWB,2.32049390122894e-08
South Asia,FodderGrass,FodderGrassAEZ11,FodderGrassAEZ11,1975,N2O_AWB,1.01302654314973e-07
South Asia,FodderGrass,FodderGrassAEZ12,FodderGrassAEZ12,1975,N2O_AWB,3.01478617694264e-08
South Asia,FodderGrass,FodderGrassAEZ13,FodderGrassAEZ13,1975,N2O_AWB,1.92470872648663e-09
South Asia,FodderGrass,FodderGrassAEZ14,FodderGrassAEZ14,1975,N2O_AWB,3.07369519267745e-09
South Asia,FodderGrass,FodderGrassAEZ15,FodderGrassAEZ15,1975,N2O_AWB,0
South Asia,FodderGrass,FodderGrassAEZ16,FodderGrassAEZ16,1975,N2O_AWB,0
South Asia,FodderHerb,FodderHerbAEZ03,FodderHerbAEZ03,1975,N2O_AWB,0
South Asia,FodderHerb,FodderHerbAEZ04,FodderHerbAEZ04,1975,N2O_AWB,0
South Asia,FodderHerb,FodderHerbAEZ05,FodderHerbAEZ05,1975,N2O_AWB,0
South Asia,FodderHerb,FodderHerbAEZ06,FodderHerbAEZ06,1975,N2O_AWB,0
South Asia,FodderHerb,FodderHerbAEZ07,FodderHerbAEZ07,1975,N2O_AWB,0
South Asia,FodderHerb,FodderHerbAEZ08,FodderHerbAEZ08,1975,N2O_AWB,0
South Asia,FodderHerb,FodderHerbAEZ09,FodderHerbAEZ09,1975,N2O_AWB,0
South Asia,FodderHerb,FodderHerbAEZ10,FodderHerbAEZ10,1975,N2O_AWB,0
South Asia,FodderHerb,FodderHerbAEZ11,FodderHerbAEZ11,1975,N2O_AWB,0
South Asia,FodderHerb,FodderHerbAEZ12,FodderHerbAEZ12,1975,N2O_AWB,0
South Asia,FodderHerb,FodderHerbAEZ13,FodderHerbAEZ13,1975,N2O_AWB,0
South Asia,FodderHerb,FodderHerbAEZ14,FodderHerbAEZ14,1975,N2O_AWB,0
South Asia,FodderHerb,FodderHerbAEZ15,FodderHerbAEZ15,1975,N2O_AWB,0
South Asia,FodderHerb,FodderHerbAEZ16,FodderHerbAEZ16,1975,N2O_AWB,0
South Asia,MiscCrop,MiscCropAEZ03,MiscCropAEZ03,1975,N2O_AWB,6.12906925113505e-07
South Asia,MiscCrop,MiscCropAEZ04,MiscCropAEZ04,1975,N2O_AWB,2.71824750063227e-05
South Asia,MiscCrop,MiscCropAEZ05,MiscCropAEZ05,1975,N2O_AWB,2.66736130763163e-05
South Asia,MiscCrop,MiscCropAEZ06,MiscCropAEZ06,1975,N2O_AWB,1.00156808438828e-05
South Asia,MiscCrop,MiscCropAEZ07,MiscCropAEZ07,1975,N2O_AWB,7.65659258616471e-07
South Asia,MiscCrop,MiscCropAEZ08,MiscCropAEZ08,1975,N2O_AWB,8.01368472983927e-07
South Asia,MiscCrop,MiscCropAEZ09,MiscCropAEZ09,1975,N2O_AWB,1.03077448656154e-07
South Asia,MiscCrop,MiscCropAEZ10,MiscCropAEZ10,1975,N2O_AWB,3.27542225009385e-06
South Asia,MiscCrop,MiscCropAEZ11,MiscCropAEZ11,1975,N2O_AWB,7.61627815070473e-06
South Asia,MiscCrop,MiscCropAEZ12,MiscCropAEZ12,1975,N2O_AWB,3.69784253011383e-06
South Asia,MiscCrop,MiscCropAEZ13,MiscCropAEZ13,1975,N2O_AWB,1.1430548770427e-08
South Asia,MiscCrop,MiscCropAEZ14,MiscCropAEZ14,1975,N2O_AWB,6.3828064328303e-08
South Asia,MiscCrop,MiscCropAEZ15,MiscCropAEZ15,1975,N2O_AWB,1.49257165703083e-07
South Asia,MiscCrop,MiscCropAEZ16,MiscCropAEZ16,1975,N2O_AWB,9.06568523544301e-08
South Asia,OilCrop,OilCropAEZ03,OilCropAEZ03,1975,N2O_AWB,2.44974181569448e-08
South Asia,OilCrop,OilCropAEZ04,OilCropAEZ04,1975,N2O_AWB,1.53038981309663e-06
South Asia,OilCrop,OilCropAEZ05,OilCropAEZ05,1975,N2O_AWB,1.99989689772001e-06
South Asia,OilCrop,OilCropAEZ06,OilCropAEZ06,1975,N2O_AWB,5.12132235371331e-08
South Asia,OilCrop,OilCropAEZ07,OilCropAEZ07,1975,N2O_AWB,6.09015688096903e-09
South Asia,OilCrop,OilCropAEZ08,OilCropAEZ08,1975,N2O_AWB,7.96359381212651e-09
South Asia,OilCrop,OilCropAEZ09,OilCropAEZ09,1975,N2O_AWB,8.68917890927321e-09
South Asia,OilCrop,OilCropAEZ10,OilCropAEZ10,1975,N2O_AWB,1.57297333191279e-07
South Asia,OilCrop,OilCropAEZ11,OilCropAEZ11,1975,N2O_AWB,3.73236216037201e-07
South Asia,OilCrop,OilCropAEZ12,OilCropAEZ12,1975,N2O_AWB,1.83079393815302e-07
South Asia,OilCrop,OilCropAEZ13,OilCropAEZ13,1975,N2O_AWB,5.23372856958277e-10
South Asia,OilCrop,OilCropAEZ14,OilCropAEZ14,1975,N2O_AWB,2.48602107055181e-09
South Asia,OilCrop,OilCropAEZ15,OilCropAEZ15,1975,N2O_AWB,1.06220900287214e-08
South Asia,OilCrop,OilCropAEZ16,OilCropAEZ16,1975,N2O_AWB,3.20565874886945e-09
South Asia,OtherGrain,OtherGrainAEZ03,OtherGrainAEZ03,1975,N2O_AWB,6.25473336242675e-08
South Asia,OtherGrain,OtherGrainAEZ04,OtherGrainAEZ04,1975,N2O_AWB,9.92459675724822e-07
South Asia,OtherGrain,OtherGrainAEZ05,OtherGrainAEZ05,1975,N2O_AWB,1.09899573228591e-06
South Asia,OtherGrain,OtherGrainAEZ06,OtherGrainAEZ06,1975,N2O_AWB,4.83968560142761e-08
South Asia,OtherGrain,OtherGrainAEZ07,OtherGrainAEZ07,1975,N2O_AWB,2.54227036223481e-07
South Asia,OtherGrain,OtherGrainAEZ08,OtherGrainAEZ08,1975,N2O_AWB,1.11573922935323e-06
South Asia,OtherGrain,OtherGrainAEZ09,OtherGrainAEZ09,1975,N2O_AWB,9.37191318148628e-09
South Asia,OtherGrain,OtherGrainAEZ10,OtherGrainAEZ10,1975,N2O_AWB,7.9685340080452e-07
South Asia,OtherGrain,OtherGrainAEZ11,OtherGrainAEZ11,1975,N2O_AWB,1.81887349834288e-06
South Asia,OtherGrain,OtherGrainAEZ12,OtherGrainAEZ12,1975,N2O_AWB,1.33744239295479e-06
South Asia,OtherGrain,OtherGrainAEZ13,OtherGrainAEZ13,1975,N2O_AWB,1.30502964973819e-07
South Asia,OtherGrain,OtherGrainAEZ14,OtherGrainAEZ14,1975,N2O_AWB,1.43560670098221e-07
South Asia,OtherGrain,OtherGrainAEZ15,OtherGrainAEZ15,1975,N2O_AWB,8.57919009024597e-08
South Asia,OtherGrain,OtherGrainAEZ16,OtherGrainAEZ16,1975,N2O_AWB,6.5232960919357e-08
South Asia,PalmFruit,PalmFruitAEZ03,PalmFruitAEZ03,1975,N2O_AWB,4.57463283508236e-07
South Asia,PalmFruit,PalmFruitAEZ04,PalmFruitAEZ04,1975,N2O_AWB,3.67180477999024e-06
South Asia,PalmFruit,PalmFruitAEZ05,PalmFruitAEZ05,1975,N2O_AWB,4.65111210631163e-06
South Asia,PalmFruit,PalmFruitAEZ06,PalmFruitAEZ06,1975,N2O_AWB,1.15896342192159e-05
South Asia,PalmFruit,PalmFruitAEZ07,PalmFruitAEZ07,1975,N2O_AWB,0
South Asia,PalmFruit,PalmFruitAEZ08,PalmFruitAEZ08,1975,N2O_AWB,0
South Asia,PalmFruit,PalmFruitAEZ09,PalmFruitAEZ09,1975,N2O_AWB,0
South Asia,PalmFruit,PalmFruitAEZ10,PalmFruitAEZ10,1975,N2O_AWB,3.21606013179053e-09
South Asia,PalmFruit,PalmFruitAEZ11,PalmFruitAEZ11,1975,N2O_AWB,4.7296503366729e-08
South Asia,PalmFruit,PalmFruitAEZ12,PalmFruitAEZ12,1975,N2O_AWB,1.03985944261227e-07
South Asia,PalmFruit,PalmFruitAEZ13,PalmFruitAEZ13,1975,N2O_AWB,0
South Asia,PalmFruit,PalmFruitAEZ14,PalmFruitAEZ14,1975,N2O_AWB,0
South Asia,PalmFruit,PalmFruitAEZ15,PalmFruitAEZ15,1975,N2O_AWB,0
South Asia,PalmFruit,PalmFruitAEZ16,PalmFruitAEZ16,1975,N2O_AWB,0
South Asia,Rice,RiceAEZ03,RiceAEZ03,1975,N2O_AWB,1.51412116346763e-06
South Asia,Rice,RiceAEZ04,RiceAEZ04,1975,N2O_AWB,6.84634863836113e-05
South Asia,Rice,RiceAEZ05,RiceAEZ05,1975,N2O_AWB,0.00018069687041219
South Asia,Rice,RiceAEZ06,RiceAEZ06,1975,N2O_AWB,9.404707359194e-06
South Asia,Rice,RiceAEZ07,RiceAEZ07,1975,N2O_AWB,1.4789215659621e-07
South Asia,Rice,RiceAEZ08,RiceAEZ08,1975,N2O_AWB,6.57882467378787e-07
South Asia,Rice,RiceAEZ09,RiceAEZ09,1975,N2O_AWB,6.77185472462463e-09
South Asia,Rice,RiceAEZ10,RiceAEZ10,1975,N2O_AWB,4.21180684452332e-06
South Asia,Rice,RiceAEZ11,RiceAEZ11,1975,N2O_AWB,1.07915679891461e-05
South Asia,Rice,RiceAEZ12,RiceAEZ12,1975,N2O_AWB,4.01625417537518e-06
South Asia,Rice,RiceAEZ13,RiceAEZ13,1975,N2O_AWB,8.92515235054461e-08
South Asia,Rice,RiceAEZ14,RiceAEZ14,1975,N2O_AWB,7.78441381482346e-08
South Asia,Rice,RiceAEZ15,RiceAEZ15,1975,N2O_AWB,2.73964542740044e-07
South Asia,Rice,RiceAEZ16,RiceAEZ16,1975,N2O_AWB,7.02762832139739e-08
South Asia,Root_Tuber,Root_TuberAEZ03,Root_TuberAEZ03,1975,N2O_AWB,2.79604427323788e-07
South Asia,Root_Tuber,Root_TuberAEZ04,Root_TuberAEZ04,1975,N2O_AWB,7.69190338075606e-06
South Asia,Root_Tuber,Root_TuberAEZ05,Root_TuberAEZ05,1975,N2O_AWB,9.80994333042568e-06
South Asia,Root_Tuber,Root_TuberAEZ06,Root_TuberAEZ06,1975,N2O_AWB,9.11604880841394e-07
South Asia,Root_Tuber,Root_TuberAEZ07,Root_TuberAEZ07,1975,N2O_AWB,1.97249053690143e-06
South Asia,Root_Tuber,Root_TuberAEZ08,Root_TuberAEZ08,1975,N2O_AWB,1.01319478974657e-05
South Asia,Root_Tuber,Root_TuberAEZ09,Root_TuberAEZ09,1975,N2O_AWB,1.15439495046736e-07
South Asia,Root_Tuber,Root_TuberAEZ10,Root_TuberAEZ10,1975,N2O_AWB,1.03262640402076e-06
South Asia,Root_Tuber,Root_TuberAEZ11,Root_TuberAEZ11,1975,N2O_AWB,1.89266040222194e-06
South Asia,Root_Tuber,Root_TuberAEZ12,Root_TuberAEZ12,1975,N2O_AWB,9.8388595124738e-07
South Asia,Root_Tuber,Root_TuberAEZ13,Root_TuberAEZ13,1975,N2O_AWB,1.58817146616166e-06
South Asia,Root_Tuber,Root_TuberAEZ14,Root_TuberAEZ14,1975,N2O_AWB,7.21290380325024e-07
South Asia,Root_Tuber,Root_TuberAEZ15,Root_TuberAEZ15,1975,N2O_AWB,5.95516437767113e-08
South Asia,Root_Tuber,Root_TuberAEZ16,Root_TuberAEZ16,1975,N2O_AWB,3.19230445459628e-08
South Asia,SugarCrop,SugarCropAEZ03,SugarCropAEZ03,1975,N2O_AWB,5.70890284001909e-06
South Asia,SugarCrop,SugarCropAEZ04,SugarCropAEZ04,1975,N2O_AWB,2.70708192448623e-05
South Asia,SugarCrop,SugarCropAEZ05,SugarCropAEZ05,1975,N2O_AWB,3.98660090529427e-05
South Asia,SugarCrop,SugarCropAEZ06,SugarCropAEZ06,1975,N2O_AWB,5.64637369146748e-06
South Asia,SugarCrop,SugarCropAEZ07,SugarCropAEZ07,1975,N2O_AWB,9.93170985543107e-08
South Asia,SugarCrop,SugarCropAEZ08,SugarCropAEZ08,1975,N2O_AWB,9.46262785821455e-08
South Asia,SugarCrop,SugarCropAEZ09,SugarCropAEZ09,1975,N2O_AWB,4.09410102266743e-08
South Asia,SugarCrop,SugarCropAEZ10,SugarCropAEZ10,1975,N2O_AWB,2.71203255368612e-06
South Asia,SugarCrop,SugarCropAEZ11,SugarCropAEZ11,1975,N2O_AWB,4.94688431876733e-06
South Asia,SugarCrop,SugarCropAEZ12,SugarCropAEZ12,1975,N2O_AWB,2.33419477976796e-06
South Asia,SugarCrop,SugarCropAEZ13,SugarCropAEZ13,1975,N2O_AWB,4.89814903170846e-09
South Asia,SugarCrop,SugarCropAEZ14,SugarCropAEZ14,1975,N2O_AWB,2.60392340720056e-08
South Asia,SugarCrop,SugarCropAEZ15,SugarCropAEZ15,1975,N2O_AWB,7.94718201361589e-08
South Asia,SugarCrop,SugarCropAEZ16,SugarCropAEZ16,1975,N2O_AWB,5.23505875346617e-09
South Asia,Wheat,WheatAEZ03,WheatAEZ03,1975,N2O_AWB,8.68012654548725e-07
South Asia,Wheat,WheatAEZ04,WheatAEZ04,1975,N2O_AWB,9.27970026443204e-06
South Asia,Wheat,WheatAEZ05,WheatAEZ05,1975,N2O_AWB,1.11711388429131e-05
South Asia,Wheat,WheatAEZ06,WheatAEZ06,1975,N2O_AWB,0
South Asia,Wheat,WheatAEZ07,WheatAEZ07,1975,N2O_AWB,1.94876548866157e-06
South Asia,Wheat,WheatAEZ08,WheatAEZ08,1975,N2O_AWB,9.00747289212039e-06
South Asia,Wheat,WheatAEZ09,WheatAEZ09,1975,N2O_AWB,8.38300827036241e-08
South Asia,Wheat,WheatAEZ10,WheatAEZ10,1975,N2O_AWB,1.68032655305761e-06
South Asia,Wheat,WheatAEZ11,WheatAEZ11,1975,N2O_AWB,2.80914567428767e-06
South Asia,Wheat,WheatAEZ12,WheatAEZ12,1975,N2O_AWB,9.64605877271746e-07
South Asia,Wheat,WheatAEZ13,WheatAEZ13,1975,N2O_AWB,1.02933493213054e-06
South Asia,Wheat,WheatAEZ14,WheatAEZ14,1975,N2O_AWB,5.0502164555901e-07
South Asia,Wheat,WheatAEZ15,WheatAEZ15,1975,N2O_AWB,1.00461081583908e-07
South Asia,Wheat,WheatAEZ16,WheatAEZ16,1975,N2O_AWB,5.15926307193501e-08
South Asia,Corn,CornAEZ03,CornAEZ03,1975,NH3_AWB,5.42315000172653e-06
South Asia,Corn,CornAEZ04,CornAEZ04,1975,NH3_AWB,6.33391101474467e-05
South Asia,Corn,CornAEZ05,CornAEZ05,1975,NH3_AWB,3.03149559088165e-05
South Asia,Corn,CornAEZ06,CornAEZ06,1975,NH3_AWB,4.66178859757424e-06
South Asia,Corn,CornAEZ07,CornAEZ07,1975,NH3_AWB,4.30508127304469e-06
South Asia,Corn,CornAEZ08,CornAEZ08,1975,NH3_AWB,1.63771235370915e-05
South Asia,Corn,CornAEZ09,CornAEZ09,1975,NH3_AWB,3.68074012159405e-07
South Asia,Corn,CornAEZ10,CornAEZ10,1975,NH3_AWB,4.5611417452881e-05
South Asia,Corn,CornAEZ11,CornAEZ11,1975,NH3_AWB,0.000121706224458549
South Asia,Corn,CornAEZ12,CornAEZ12,1975,NH3_AWB,7.29092411306391e-05
South Asia,Corn,CornAEZ13,CornAEZ13,1975,NH3_AWB,2.87618530444835e-06
South Asia,Corn,CornAEZ14,CornAEZ14,1975,NH3_AWB,3.20354590818808e-06
South Asia,Corn,CornAEZ15,CornAEZ15,1975,NH3_AWB,3.6693734339642e-06
South Asia,Corn,CornAEZ16,CornAEZ16,1975,NH3_AWB,1.06722863491924e-06
South Asia,FiberCrop,FiberCropAEZ03,FiberCropAEZ03,1975,NH3_AWB,1.53212852248641e-07
South Asia,FiberCrop,FiberCropAEZ04,FiberCropAEZ04,1975,NH3_AWB,9.97997244447074e-05
South Asia,FiberCrop,FiberCropAEZ05,FiberCropAEZ05,1975,NH3_AWB,0.000128985542878388
South Asia,FiberCrop,FiberCropAEZ06,FiberCropAEZ06,1975,NH3_AWB,2.45983937096442e-08
South Asia,FiberCrop,FiberCropAEZ07,FiberCropAEZ07,1975,NH3_AWB,7.34086349420666e-07
South Asia,FiberCrop,FiberCropAEZ08,FiberCropAEZ08,1975,NH3_AWB,1.56166416521921e-05
South Asia,FiberCrop,FiberCropAEZ09,FiberCropAEZ09,1975,NH3_AWB,0
South Asia,FiberCrop,FiberCropAEZ10,FiberCropAEZ10,1975,NH3_AWB,3.12399600112481e-07
South Asia,FiberCrop,FiberCropAEZ11,FiberCropAEZ11,1975,NH3_AWB,2.6464357575333e-06
South Asia,FiberCrop,FiberCropAEZ12,FiberCropAEZ12,1975,NH3_AWB,1.38629518835066e-07
South Asia,FiberCrop,FiberCropAEZ13,FiberCropAEZ13,1975,NH3_AWB,3.18373495727681e-07
South Asia,FiberCrop,FiberCropAEZ14,FiberCropAEZ14,1975,NH3_AWB,3.62299198780617e-07
South Asia,FiberCrop,FiberCropAEZ15,FiberCropAEZ15,1975,NH3_AWB,0
South Asia,FiberCrop,FiberCropAEZ16,FiberCropAEZ16,1975,NH3_AWB,0
South Asia,FodderGrass,FodderGrassAEZ03,FodderGrassAEZ03,1975,NH3_AWB,8.10171867832061e-07
South Asia,FodderGrass,FodderGrassAEZ04,FodderGrassAEZ04,1975,NH3_AWB,1.46332274919033e-05
South Asia,FodderGrass,FodderGrassAEZ05,FodderGrassAEZ05,1975,NH3_AWB,3.31727174810404e-06
South Asia,FodderGrass,FodderGrassAEZ06,FodderGrassAEZ06,1975,NH3_AWB,0
South Asia,FodderGrass,FodderGrassAEZ07,FodderGrassAEZ07,1975,NH3_AWB,7.10116967577479e-07
South Asia,FodderGrass,FodderGrassAEZ08,FodderGrassAEZ08,1975,NH3_AWB,4.47044752558856e-06
South Asia,FodderGrass,FodderGrassAEZ09,FodderGrassAEZ09,1975,NH3_AWB,0
South Asia,FodderGrass,FodderGrassAEZ10,FodderGrassAEZ10,1975,NH3_AWB,4.30636600283496e-07
South Asia,FodderGrass,FodderGrassAEZ11,FodderGrassAEZ11,1975,NH3_AWB,1.8799717866438e-06
South Asia,FodderGrass,FodderGrassAEZ12,FodderGrassAEZ12,1975,NH3_AWB,5.59483163964656e-07
South Asia,FodderGrass,FodderGrassAEZ13,FodderGrassAEZ13,1975,NH3_AWB,3.57186899767854e-08
South Asia,FodderGrass,FodderGrassAEZ14,FodderGrassAEZ14,1975,NH3_AWB,5.70415482402835e-08
South Asia,FodderGrass,FodderGrassAEZ15,FodderGrassAEZ15,1975,NH3_AWB,0
South Asia,FodderGrass,FodderGrassAEZ16,FodderGrassAEZ16,1975,NH3_AWB,0
South Asia,FodderHerb,FodderHerbAEZ03,FodderHerbAEZ03,1975,NH3_AWB,0
South Asia,FodderHerb,FodderHerbAEZ04,FodderHerbAEZ04,1975,NH3_AWB,0
South Asia,FodderHerb,FodderHerbAEZ05,FodderHerbAEZ05,1975,NH3_AWB,0
South Asia,FodderHerb,FodderHerbAEZ06,FodderHerbAEZ06,1975,NH3_AWB,0
South Asia,FodderHerb,FodderHerbAEZ07,FodderHerbAEZ07,1975,NH3_AWB,0
South Asia,FodderHerb,FodderHerbAEZ08,FodderHerbAEZ08,1975,NH3_AWB,0
South Asia,FodderHerb,FodderHerbAEZ09,FodderHerbAEZ09,1975,NH3_AWB,0
South Asia,FodderHerb,FodderHerbAEZ10,FodderHerbAEZ10,1975,NH3_AWB,0
South Asia,FodderHerb,FodderHerbAEZ11,FodderHerbAEZ11,1975,NH3_AWB,0
South Asia,FodderHerb,FodderHerbAEZ12,FodderHerbAEZ12,1975,NH3_AWB,0
South Asia,FodderHerb,FodderHerbAEZ13,FodderHerbAEZ13,1975,NH3_AWB,0
South Asia,FodderHerb,FodderHerbAEZ14,FodderHerbAEZ14,1975,NH3_AWB,0
South Asia,FodderHerb,FodderHerbAEZ15,FodderHerbAEZ15,1975,NH3_AWB,0
South Asia,FodderHerb,FodderHerbAEZ16,FodderHerbAEZ16,1975,NH3_AWB,0
South Asia,MiscCrop,MiscCropAEZ03,MiscCropAEZ03,1975,NH3_AWB,1.13743093391156e-05
South Asia,MiscCrop,MiscCropAEZ04,MiscCropAEZ04,1975,NH3_AWB,0.000504451600489641
South Asia,MiscCrop,MiscCropAEZ05,MiscCropAEZ05,1975,NH3_AWB,0.000495008155219839
South Asia,MiscCrop,MiscCropAEZ06,MiscCropAEZ06,1975,NH3_AWB,0.000185870721136134
South Asia,MiscCrop,MiscCropAEZ07,MiscCropAEZ07,1975,NH3_AWB,1.42090828134286e-05
South Asia,MiscCrop,MiscCropAEZ08,MiscCropAEZ08,1975,NH3_AWB,1.48717734012319e-05
South Asia,MiscCrop,MiscCropAEZ09,MiscCropAEZ09,1975,NH3_AWB,1.91290836970846e-06
South Asia,MiscCrop,MiscCropAEZ10,MiscCropAEZ10,1975,NH3_AWB,6.07851932524502e-05
South Asia,MiscCrop,MiscCropAEZ11,MiscCropAEZ11,1975,NH3_AWB,0.000141342673984014
South Asia,MiscCrop,MiscCropAEZ12,MiscCropAEZ12,1975,NH3_AWB,6.86244568325987e-05
South Asia,MiscCrop,MiscCropAEZ13,MiscCropAEZ13,1975,NH3_AWB,2.12127800002597e-07
South Asia,MiscCrop,MiscCropAEZ14,MiscCropAEZ14,1975,NH3_AWB,1.18451940815098e-06
South Asia,MiscCrop,MiscCropAEZ15,MiscCropAEZ15,1975,NH3_AWB,2.76991024937775e-06
South Asia,MiscCrop,MiscCropAEZ16,MiscCropAEZ16,1975,NH3_AWB,1.68240729568989e-06
South Asia,OilCrop,OilCropAEZ03,OilCropAEZ03,1975,NH3_AWB,4.54622391605634e-07
South Asia,OilCrop,OilCropAEZ04,OilCropAEZ04,1975,NH3_AWB,2.84009307618261e-05
South Asia,OilCrop,OilCropAEZ05,OilCropAEZ05,1975,NH3_AWB,3.7114029926799e-05
South Asia,OilCrop,OilCropAEZ06,OilCropAEZ06,1975,NH3_AWB,9.50413550404494e-07
South Asia,OilCrop,OilCropAEZ07,OilCropAEZ07,1975,NH3_AWB,1.13020958728859e-07
South Asia,OilCrop,OilCropAEZ08,OilCropAEZ08,1975,NH3_AWB,1.47788148181584e-07
South Asia,OilCrop,OilCropAEZ09,OilCropAEZ09,1975,NH3_AWB,1.61253535842639e-07
South Asia,OilCrop,OilCropAEZ10,OilCropAEZ10,1975,NH3_AWB,2.91911944966882e-06
South Asia,OilCrop,OilCropAEZ11,OilCropAEZ11,1975,NH3_AWB,6.92650711522292e-06
South Asia,OilCrop,OilCropAEZ12,OilCropAEZ12,1975,NH3_AWB,3.39758219975629e-06
South Asia,OilCrop,OilCropAEZ13,OilCropAEZ13,1975,NH3_AWB,9.71273864076131e-09
South Asia,OilCrop,OilCropAEZ14,OilCropAEZ14,1975,NH3_AWB,4.61355085436162e-08
South Asia,OilCrop,OilCropAEZ15,OilCropAEZ15,1975,NH3_AWB,1.9712444559545e-07
South Asia,OilCrop,OilCropAEZ16,OilCropAEZ16,1975,NH3_AWB,5.9490524174663e-08
South Asia,OtherGrain,OtherGrainAEZ03,OtherGrainAEZ03,1975,NH3_AWB,1.16075164405678e-06
South Asia,OtherGrain,OtherGrainAEZ04,OtherGrainAEZ04,1975,NH3_AWB,1.84180385238785e-05
South Asia,OtherGrain,OtherGrainAEZ05,OtherGrainAEZ05,1975,NH3_AWB,2.03951316410283e-05
South Asia,OtherGrain,OtherGrainAEZ06,OtherGrainAEZ06,1975,NH3_AWB,8.98147481764982e-07
South Asia,OtherGrain,OtherGrainAEZ07,OtherGrainAEZ07,1975,NH3_AWB,4.71793813038889e-06
South Asia,OtherGrain,OtherGrainAEZ08,OtherGrainAEZ08,1975,NH3_AWB,2.07058569848919e-05
South Asia,OtherGrain,OtherGrainAEZ09,OtherGrainAEZ09,1975,NH3_AWB,1.73923699109483e-07
South Asia,OtherGrain,OtherGrainAEZ10,OtherGrainAEZ10,1975,NH3_AWB,1.47879828197379e-05
South Asia,OtherGrain,OtherGrainAEZ11,OtherGrainAEZ11,1975,NH3_AWB,3.37546028135347e-05
South Asia,OtherGrain,OtherGrainAEZ12,OtherGrainAEZ12,1975,NH3_AWB,2.48202180092802e-05
South Asia,OtherGrain,OtherGrainAEZ13,OtherGrainAEZ13,1975,NH3_AWB,2.42187032396328e-06
South Asia,OtherGrain,OtherGrainAEZ14,OtherGrainAEZ14,1975,NH3_AWB,2.66419484544981e-06
South Asia,OtherGrain,OtherGrainAEZ15,OtherGrainAEZ15,1975,NH3_AWB,1.59212366457536e-06
South Asia,OtherGrain,OtherGrainAEZ16,OtherGrainAEZ16,1975,NH3_AWB,1.21059143925613e-06
South Asia,PalmFruit,PalmFruitAEZ03,PalmFruitAEZ03,1975,NH3_AWB,8.48959064534408e-06
South Asia,PalmFruit,PalmFruitAEZ04,PalmFruitAEZ04,1975,NH3_AWB,6.81412490040277e-05
South Asia,PalmFruit,PalmFruitAEZ05,PalmFruitAEZ05,1975,NH3_AWB,8.63152066005728e-05
South Asia,PalmFruit,PalmFruitAEZ06,PalmFruitAEZ06,1975,NH3_AWB,0.000215080103250829
South Asia,PalmFruit,PalmFruitAEZ07,PalmFruitAEZ07,1975,NH3_AWB,0
South Asia,PalmFruit,PalmFruitAEZ08,PalmFruitAEZ08,1975,NH3_AWB,0
South Asia,PalmFruit,PalmFruitAEZ09,PalmFruitAEZ09,1975,NH3_AWB,0
South Asia,PalmFruit,PalmFruitAEZ10,PalmFruitAEZ10,1975,NH3_AWB,5.96835527440124e-08
South Asia,PalmFruit,PalmFruitAEZ11,PalmFruitAEZ11,1975,NH3_AWB,8.77727168529008e-07
South Asia,PalmFruit,PalmFruitAEZ12,PalmFruitAEZ12,1975,NH3_AWB,1.92976820538973e-06
South Asia,PalmFruit,PalmFruitAEZ13,PalmFruitAEZ13,1975,NH3_AWB,0
South Asia,PalmFruit,PalmFruitAEZ14,PalmFruitAEZ14,1975,NH3_AWB,0
South Asia,PalmFruit,PalmFruitAEZ15,PalmFruitAEZ15,1975,NH3_AWB,0
South Asia,PalmFruit,PalmFruitAEZ16,PalmFruitAEZ16,1975,NH3_AWB,0
South Asia,Rice,RiceAEZ03,RiceAEZ03,1975,NH3_AWB,2.809901762326e-05
South Asia,Rice,RiceAEZ04,RiceAEZ04,1975,NH3_AWB,0.00127054343922988
South Asia,Rice,RiceAEZ05,RiceAEZ05,1975,NH3_AWB,0.00335336739799067
South Asia,Rice,RiceAEZ06,RiceAEZ06,1975,NH3_AWB,0.000174532292529603
South Asia,Rice,RiceAEZ07,RiceAEZ07,1975,NH3_AWB,2.74457844907316e-06
South Asia,Rice,RiceAEZ08,RiceAEZ08,1975,NH3_AWB,1.22089641773278e-05
South Asia,Rice,RiceAEZ09,RiceAEZ09,1975,NH3_AWB,1.25671887983918e-07
South Asia,Rice,RiceAEZ10,RiceAEZ10,1975,NH3_AWB,7.81625920074907e-05
South Asia,Rice,RiceAEZ11,RiceAEZ11,1975,NH3_AWB,0.000200269612779973
South Asia,Rice,RiceAEZ12,RiceAEZ12,1975,NH3_AWB,7.453353111775e-05
South Asia,Rice,RiceAEZ13,RiceAEZ13,1975,NH3_AWB,1.65632724275434e-06
South Asia,Rice,RiceAEZ14,RiceAEZ14,1975,NH3_AWB,1.44462930871746e-06
South Asia,Rice,RiceAEZ15,RiceAEZ15,1975,NH3_AWB,5.08422621672536e-06
South Asia,Rice,RiceAEZ16,RiceAEZ16,1975,NH3_AWB,1.30418527141132e-06
South Asia,Root_Tuber,Root_TuberAEZ03,Root_TuberAEZ03,1975,NH3_AWB,5.18889103492845e-06
South Asia,Root_Tuber,Root_TuberAEZ04,Root_TuberAEZ04,1975,NH3_AWB,0.00014274612485918
South Asia,Root_Tuber,Root_TuberAEZ05,Root_TuberAEZ05,1975,NH3_AWB,0.000182052650194467
South Asia,Root_Tuber,Root_TuberAEZ06,Root_TuberAEZ06,1975,NH3_AWB,1.69175375328275e-05
South Asia,Root_Tuber,Root_TuberAEZ07,Root_TuberAEZ07,1975,NH3_AWB,3.66054234597531e-05
South Asia,Root_Tuber,Root_TuberAEZ08,Root_TuberAEZ08,1975,NH3_AWB,0.00018802840182012
South Asia,Root_Tuber,Root_TuberAEZ09,Root_TuberAEZ09,1975,NH3_AWB,2.14232287613607e-06
South Asia,Root_Tuber,Root_TuberAEZ10,Root_TuberAEZ10,1975,NH3_AWB,1.91634515287873e-05
South Asia,Root_Tuber,Root_TuberAEZ11,Root_TuberAEZ11,1975,NH3_AWB,3.51239380837156e-05
South Asia,Root_Tuber,Root_TuberAEZ12,Root_TuberAEZ12,1975,NH3_AWB,1.82589275881085e-05
South Asia,Root_Tuber,Root_TuberAEZ13,Root_TuberAEZ13,1975,NH3_AWB,2.94732410411811e-05
South Asia,Root_Tuber,Root_TuberAEZ14,Root_TuberAEZ14,1975,NH3_AWB,1.33856864280426e-05
South Asia,Root_Tuber,Root_TuberAEZ15,Root_TuberAEZ15,1975,NH3_AWB,1.10515771679965e-06
South Asia,Root_Tuber,Root_TuberAEZ16,Root_TuberAEZ16,1975,NH3_AWB,5.92426955601627e-07
South Asia,SugarCrop,SugarCropAEZ03,SugarCropAEZ03,1975,NH3_AWB,0.000105945657046227
South Asia,SugarCrop,SugarCropAEZ04,SugarCropAEZ04,1975,NH3_AWB,0.000502379496034124
South Asia,SugarCrop,SugarCropAEZ05,SugarCropAEZ05,1975,NH3_AWB,0.000739832265723182
South Asia,SugarCrop,SugarCropAEZ06,SugarCropAEZ06,1975,NH3_AWB,0.000104785242880233
South Asia,SugarCrop,SugarCropAEZ07,SugarCropAEZ07,1975,NH3_AWB,1.84312389913192e-06
South Asia,SugarCrop,SugarCropAEZ08,SugarCropAEZ08,1975,NH3_AWB,1.75607179508263e-06
South Asia,SugarCrop,SugarCropAEZ09,SugarCropAEZ09,1975,NH3_AWB,7.59782107026854e-07
South Asia,SugarCrop,SugarCropAEZ10,SugarCropAEZ10,1975,NH3_AWB,5.03298232397438e-05
South Asia,SugarCrop,SugarCropAEZ11,SugarCropAEZ11,1975,NH3_AWB,9.180413893359e-05
South Asia,SugarCrop,SugarCropAEZ12,SugarCropAEZ12,1975,NH3_AWB,4.33179205438293e-05
South Asia,SugarCrop,SugarCropAEZ13,SugarCropAEZ13,1975,NH3_AWB,9.08997108580947e-08
South Asia,SugarCrop,SugarCropAEZ14,SugarCropAEZ14,1975,NH3_AWB,4.83235367643758e-07
South Asia,SugarCrop,SugarCropAEZ15,SugarCropAEZ15,1975,NH3_AWB,1.47483578490131e-06
South Asia,SugarCrop,SugarCropAEZ16,SugarCropAEZ16,1975,NH3_AWB,9.71520719224078e-08
South Asia,Wheat,WheatAEZ03,WheatAEZ03,1975,NH3_AWB,1.61085542332152e-05
South Asia,Wheat,WheatAEZ04,WheatAEZ04,1975,NH3_AWB,0.000172212414409212
South Asia,Wheat,WheatAEZ05,WheatAEZ05,1975,NH3_AWB,0.000207313677922586
South Asia,Wheat,WheatAEZ06,WheatAEZ06,1975,NH3_AWB,0
South Asia,Wheat,WheatAEZ07,WheatAEZ07,1975,NH3_AWB,3.61651346871705e-05
South Asia,Wheat,WheatAEZ08,WheatAEZ08,1975,NH3_AWB,0.000167160426552045
South Asia,Wheat,WheatAEZ09,WheatAEZ09,1975,NH3_AWB,1.55571629806285e-06
South Asia,Wheat,WheatAEZ10,WheatAEZ10,1975,NH3_AWB,3.11834525310146e-05
South Asia,Wheat,WheatAEZ11,WheatAEZ11,1975,NH3_AWB,5.21320457785155e-05
South Asia,Wheat,WheatAEZ12,WheatAEZ12,1975,NH3_AWB,1.79011285218974e-05
South Asia,Wheat,WheatAEZ13,WheatAEZ13,1975,NH3_AWB,1.91023684867683e-05
South Asia,Wheat,WheatAEZ14,WheatAEZ14,1975,NH3_AWB,9.37217737990737e-06
South Asia,Wheat,WheatAEZ15,WheatAEZ15,1975,NH3_AWB,1.86435390376097e-06
South Asia,Wheat,WheatAEZ16,WheatAEZ16,1975,NH3_AWB,9.57454578135123e-07
South Asia,Corn,CornAEZ03,CornAEZ03,1975,NMVOC_AWB,2.92227518426711e-05
South Asia,Corn,CornAEZ04,CornAEZ04,1975,NMVOC_AWB,0.000341304057085858
South Asia,Corn,CornAEZ05,CornAEZ05,1975,NMVOC_AWB,0.000163352743951915
South Asia,Corn,CornAEZ06,CornAEZ06,1975,NMVOC_AWB,2.51201407459751e-05
South Asia,Corn,CornAEZ07,CornAEZ07,1975,NMVOC_AWB,2.31980162202158e-05
South Asia,Corn,CornAEZ08,CornAEZ08,1975,NMVOC_AWB,8.82484565001575e-05
South Asia,Corn,CornAEZ09,CornAEZ09,1975,NMVOC_AWB,1.98337414853844e-06
South Asia,Corn,CornAEZ10,CornAEZ10,1975,NMVOC_AWB,0.000245778031770036
South Asia,Corn,CornAEZ11,CornAEZ11,1975,NMVOC_AWB,0.000655816415538626
South Asia,Corn,CornAEZ12,CornAEZ12,1975,NMVOC_AWB,0.000392872898577363
South Asia,Corn,CornAEZ13,CornAEZ13,1975,NMVOC_AWB,1.54983818221279e-05
South Asia,Corn,CornAEZ14,CornAEZ14,1975,NMVOC_AWB,1.72623709581665e-05
South Asia,Corn,CornAEZ15,CornAEZ15,1975,NMVOC_AWB,1.97724918626053e-05
South Asia,Corn,CornAEZ16,CornAEZ16,1975,NMVOC_AWB,5.7507827642069e-06
South Asia,FiberCrop,FiberCropAEZ03,FiberCropAEZ03,1975,NMVOC_AWB,8.25590507167323e-07
South Asia,FiberCrop,FiberCropAEZ04,FiberCropAEZ04,1975,NMVOC_AWB,0.000537772803718532
South Asia,FiberCrop,FiberCropAEZ05,FiberCropAEZ05,1975,NMVOC_AWB,0.000695041167887175
South Asia,FiberCrop,FiberCropAEZ06,FiberCropAEZ06,1975,NMVOC_AWB,1.32548934636955e-07
South Asia,FiberCrop,FiberCropAEZ07,FiberCropAEZ07,1975,NMVOC_AWB,3.95563892080855e-06
South Asia,FiberCrop,FiberCropAEZ08,FiberCropAEZ08,1975,NMVOC_AWB,8.41505847104802e-05
South Asia,FiberCrop,FiberCropAEZ09,FiberCropAEZ09,1975,NMVOC_AWB,0
South Asia,FiberCrop,FiberCropAEZ10,FiberCropAEZ10,1975,NMVOC_AWB,1.68337146988933e-06
South Asia,FiberCrop,FiberCropAEZ11,FiberCropAEZ11,1975,NMVOC_AWB,1.42603718107273e-05
South Asia,FiberCrop,FiberCropAEZ12,FiberCropAEZ12,1975,NMVOC_AWB,7.47007924489698e-07
South Asia,FiberCrop,FiberCropAEZ13,FiberCropAEZ13,1975,NMVOC_AWB,1.71556192544402e-06
South Asia,FiberCrop,FiberCropAEZ14,FiberCropAEZ14,1975,NMVOC_AWB,1.95225645158144e-06
South Asia,FiberCrop,FiberCropAEZ15,FiberCropAEZ15,1975,NMVOC_AWB,0
South Asia,FiberCrop,FiberCropAEZ16,FiberCropAEZ16,1975,NMVOC_AWB,0
South Asia,FodderGrass,FodderGrassAEZ03,FodderGrassAEZ03,1975,NMVOC_AWB,4.36562725280183e-06
South Asia,FodderGrass,FodderGrassAEZ04,FodderGrassAEZ04,1975,NMVOC_AWB,7.88514379128557e-05
South Asia,FodderGrass,FodderGrassAEZ05,FodderGrassAEZ05,1975,NMVOC_AWB,1.78751849125851e-05
South Asia,FodderGrass,FodderGrassAEZ06,FodderGrassAEZ06,1975,NMVOC_AWB,0
South Asia,FodderGrass,FodderGrassAEZ07,FodderGrassAEZ07,1975,NMVOC_AWB,3.82647942914731e-06
South Asia,FodderGrass,FodderGrassAEZ08,FodderGrassAEZ08,1975,NMVOC_AWB,2.40890955670352e-05
South Asia,FodderGrass,FodderGrassAEZ09,FodderGrassAEZ09,1975,NMVOC_AWB,0
South Asia,FodderGrass,FodderGrassAEZ10,FodderGrassAEZ10,1975,NMVOC_AWB,2.32049390122894e-06
South Asia,FodderGrass,FodderGrassAEZ11,FodderGrassAEZ11,1975,NMVOC_AWB,1.01302654314973e-05
South Asia,FodderGrass,FodderGrassAEZ12,FodderGrassAEZ12,1975,NMVOC_AWB,3.01478617694264e-06
South Asia,FodderGrass,FodderGrassAEZ13,FodderGrassAEZ13,1975,NMVOC_AWB,1.92470872648663e-07
South Asia,FodderGrass,FodderGrassAEZ14,FodderGrassAEZ14,1975,NMVOC_AWB,3.07369519267745e-07
South Asia,FodderGrass,FodderGrassAEZ15,FodderGrassAEZ15,1975,NMVOC_AWB,0
South Asia,FodderGrass,FodderGrassAEZ16,FodderGrassAEZ16,1975,NMVOC_AWB,0
South Asia,FodderHerb,FodderHerbAEZ03,FodderHerbAEZ03,1975,NMVOC_AWB,0
South Asia,FodderHerb,FodderHerbAEZ04,FodderHerbAEZ04,1975,NMVOC_AWB,0
South Asia,FodderHerb,FodderHerbAEZ05,FodderHerbAEZ05,1975,NMVOC_AWB,0
South Asia,FodderHerb,FodderHerbAEZ06,FodderHerbAEZ06,1975,NMVOC_AWB,0
South Asia,FodderHerb,FodderHerbAEZ07,FodderHerbAEZ07,1975,NMVOC_AWB,0
South Asia,FodderHerb,FodderHerbAEZ08,FodderHerbAEZ08,1975,NMVOC_AWB,0
South Asia,FodderHerb,FodderHerbAEZ09,FodderHerbAEZ09,1975,NMVOC_AWB,0
South Asia,FodderHerb,FodderHerbAEZ10,FodderHerbAEZ10,1975,NMVOC_AWB,0
South Asia,FodderHerb,FodderHerbAEZ11,FodderHerbAEZ11,1975,NMVOC_AWB,0
South Asia,FodderHerb,FodderHerbAEZ12,FodderHerbAEZ12,1975,NMVOC_AWB,0
South Asia,FodderHerb,FodderHerbAEZ13,FodderHerbAEZ13,1975,NMVOC_AWB,0
South Asia,FodderHerb,FodderHerbAEZ14,FodderHerbAEZ14,1975,NMVOC_AWB,0
South Asia,FodderHerb,FodderHerbAEZ15,FodderHerbAEZ15,1975,NMVOC_AWB,0
South Asia,FodderHerb,FodderHerbAEZ16,FodderHerbAEZ16,1975,NMVOC_AWB,0
South Asia,MiscCrop,MiscCropAEZ03,MiscCropAEZ03,1975,NMVOC_AWB,6.12906925113505e-05
South Asia,MiscCrop,MiscCropAEZ04,MiscCropAEZ04,1975,NMVOC_AWB,0.00271824750063226
South Asia,MiscCrop,MiscCropAEZ05,MiscCropAEZ05,1975,NMVOC_AWB,0.00266736130763163
South Asia,MiscCrop,MiscCropAEZ06,MiscCropAEZ06,1975,NMVOC_AWB,0.00100156808438828
South Asia,MiscCrop,MiscCropAEZ07,MiscCropAEZ07,1975,NMVOC_AWB,7.65659258616471e-05
South Asia,MiscCrop,MiscCropAEZ08,MiscCropAEZ08,1975,NMVOC_AWB,8.01368472983927e-05
South Asia,MiscCrop,MiscCropAEZ09,MiscCropAEZ09,1975,NMVOC_AWB,1.03077448656154e-05
South Asia,MiscCrop,MiscCropAEZ10,MiscCropAEZ10,1975,NMVOC_AWB,0.000327542225009385
South Asia,MiscCrop,MiscCropAEZ11,MiscCropAEZ11,1975,NMVOC_AWB,0.000761627815070473
South Asia,MiscCrop,MiscCropAEZ12,MiscCropAEZ12,1975,NMVOC_AWB,0.000369784253011383
South Asia,MiscCrop,MiscCropAEZ13,MiscCropAEZ13,1975,NMVOC_AWB,1.1430548770427e-06
South Asia,MiscCrop,MiscCropAEZ14,MiscCropAEZ14,1975,NMVOC_AWB,6.3828064328303e-06
South Asia,MiscCrop,MiscCropAEZ15,MiscCropAEZ15,1975,NMVOC_AWB,1.49257165703083e-05
South Asia,MiscCrop,MiscCropAEZ16,MiscCropAEZ16,1975,NMVOC_AWB,9.06568523544301e-06
South Asia,OilCrop,OilCropAEZ03,OilCropAEZ03,1975,NMVOC_AWB,2.44974181569448e-06
South Asia,OilCrop,OilCropAEZ04,OilCropAEZ04,1975,NMVOC_AWB,0.000153038981309663
South Asia,OilCrop,OilCropAEZ05,OilCropAEZ05,1975,NMVOC_AWB,0.000199989689772001
South Asia,OilCrop,OilCropAEZ06,OilCropAEZ06,1975,NMVOC_AWB,5.12132235371331e-06
South Asia,OilCrop,OilCropAEZ07,OilCropAEZ07,1975,NMVOC_AWB,6.09015688096903e-07
South Asia,OilCrop,OilCropAEZ08,OilCropAEZ08,1975,NMVOC_AWB,7.96359381212651e-07
South Asia,OilCrop,OilCropAEZ09,OilCropAEZ09,1975,NMVOC_AWB,8.68917890927321e-07
South Asia,OilCrop,OilCropAEZ10,OilCropAEZ10,1975,NMVOC_AWB,1.57297333191279e-05
South Asia,OilCrop,OilCropAEZ11,OilCropAEZ11,1975,NMVOC_AWB,3.73236216037201e-05
South Asia,OilCrop,OilCropAEZ12,OilCropAEZ12,1975,NMVOC_AWB,1.83079393815302e-05
South Asia,OilCrop,OilCropAEZ13,OilCropAEZ13,1975,NMVOC_AWB,5.23372856958277e-08
South Asia,OilCrop,OilCropAEZ14,OilCropAEZ14,1975,NMVOC_AWB,2.48602107055181e-07
South Asia,OilCrop,OilCropAEZ15,OilCropAEZ15,1975,NMVOC_AWB,1.06220900287213e-06
South Asia,OilCrop,OilCropAEZ16,OilCropAEZ16,1975,NMVOC_AWB,3.20565874886945e-07
South Asia,OtherGrain,OtherGrainAEZ03,OtherGrainAEZ03,1975,NMVOC_AWB,6.25473336242675e-06
South Asia,OtherGrain,OtherGrainAEZ04,OtherGrainAEZ04,1975,NMVOC_AWB,9.92459675724822e-05
South Asia,OtherGrain,OtherGrainAEZ05,OtherGrainAEZ05,1975,NMVOC_AWB,0.000109899573228591
South Asia,OtherGrain,OtherGrainAEZ06,OtherGrainAEZ06,1975,NMVOC_AWB,4.8396856014276e-06
South Asia,OtherGrain,OtherGrainAEZ07,OtherGrainAEZ07,1975,NMVOC_AWB,2.54227036223481e-05
South Asia,OtherGrain,OtherGrainAEZ08,OtherGrainAEZ08,1975,NMVOC_AWB,0.000111573922935323
South Asia,OtherGrain,OtherGrainAEZ09,OtherGrainAEZ09,1975,NMVOC_AWB,9.37191318148628e-07
South Asia,OtherGrain,OtherGrainAEZ10,OtherGrainAEZ10,1975,NMVOC_AWB,7.9685340080452e-05
South Asia,OtherGrain,OtherGrainAEZ11,OtherGrainAEZ11,1975,NMVOC_AWB,0.000181887349834288
South Asia,OtherGrain,OtherGrainAEZ12,OtherGrainAEZ12,1975,NMVOC_AWB,0.000133744239295479
South Asia,OtherGrain,OtherGrainAEZ13,OtherGrainAEZ13,1975,NMVOC_AWB,1.30502964973819e-05
South Asia,OtherGrain,OtherGrainAEZ14,OtherGrainAEZ14,1975,NMVOC_AWB,1.43560670098221e-05
South Asia,OtherGrain,OtherGrainAEZ15,OtherGrainAEZ15,1975,NMVOC_AWB,8.57919009024597e-06
South Asia,OtherGrain,OtherGrainAEZ16,OtherGrainAEZ16,1975,NMVOC_AWB,6.5232960919357e-06
South Asia,PalmFruit,PalmFruitAEZ03,PalmFruitAEZ03,1975,NMVOC_AWB,4.57463283508236e-05
South Asia,PalmFruit,PalmFruitAEZ04,PalmFruitAEZ04,1975,NMVOC_AWB,0.000367180477999024
South Asia,PalmFruit,PalmFruitAEZ05,PalmFruitAEZ05,1975,NMVOC_AWB,0.000465111210631163
South Asia,PalmFruit,PalmFruitAEZ06,PalmFruitAEZ06,1975,NMVOC_AWB,0.00115896342192159
South Asia,PalmFruit,PalmFruitAEZ07,PalmFruitAEZ07,1975,NMVOC_AWB,0
South Asia,PalmFruit,PalmFruitAEZ08,PalmFruitAEZ08,1975,NMVOC_AWB,0
South Asia,PalmFruit,PalmFruitAEZ09,PalmFruitAEZ09,1975,NMVOC_AWB,0
South Asia,PalmFruit,PalmFruitAEZ10,PalmFruitAEZ10,1975,NMVOC_AWB,3.21606013179053e-07
South Asia,PalmFruit,PalmFruitAEZ11,PalmFruitAEZ11,1975,NMVOC_AWB,4.7296503366729e-06
South Asia,PalmFruit,PalmFruitAEZ12,PalmFruitAEZ12,1975,NMVOC_AWB,1.03985944261227e-05
South Asia,PalmFruit,PalmFruitAEZ13,PalmFruitAEZ13,1975,NMVOC_AWB,0
South Asia,PalmFruit,PalmFruitAEZ14,PalmFruitAEZ14,1975,NMVOC_AWB,0
South Asia,PalmFruit,PalmFruitAEZ15,PalmFruitAEZ15,1975,NMVOC_AWB,0
South Asia,PalmFruit,PalmFruitAEZ16,PalmFruitAEZ16,1975,NMVOC_AWB,0
South Asia,Rice,RiceAEZ03,RiceAEZ03,1975,NMVOC_AWB,0.000151412116346763
South Asia,Rice,RiceAEZ04,RiceAEZ04,1975,NMVOC_AWB,0.00684634863836112
South Asia,Rice,RiceAEZ05,RiceAEZ05,1975,NMVOC_AWB,0.018069687041219
South Asia,Rice,RiceAEZ06,RiceAEZ06,1975,NMVOC_AWB,0.0009404707359194
South Asia,Rice,RiceAEZ07,RiceAEZ07,1975,NMVOC_AWB,1.4789215659621e-05
South Asia,Rice,RiceAEZ08,RiceAEZ08,1975,NMVOC_AWB,6.57882467378787e-05
South Asia,Rice,RiceAEZ09,RiceAEZ09,1975,NMVOC_AWB,6.77185472462463e-07
South Asia,Rice,RiceAEZ10,RiceAEZ10,1975,NMVOC_AWB,0.000421180684452332
South Asia,Rice,RiceAEZ11,RiceAEZ11,1975,NMVOC_AWB,0.00107915679891461
South Asia,Rice,RiceAEZ12,RiceAEZ12,1975,NMVOC_AWB,0.000401625417537518
South Asia,Rice,RiceAEZ13,RiceAEZ13,1975,NMVOC_AWB,8.92515235054461e-06
South Asia,Rice,RiceAEZ14,RiceAEZ14,1975,NMVOC_AWB,7.78441381482346e-06
South Asia,Rice,RiceAEZ15,RiceAEZ15,1975,NMVOC_AWB,2.73964542740044e-05
South Asia,Rice,RiceAEZ16,RiceAEZ16,1975,NMVOC_AWB,7.02762832139739e-06
South Asia,Root_Tuber,Root_TuberAEZ03,Root_TuberAEZ03,1975,NMVOC_AWB,2.79604427323788e-05
South Asia,Root_Tuber,Root_TuberAEZ04,Root_TuberAEZ04,1975,NMVOC_AWB,0.000769190338075606
South Asia,Root_Tuber,Root_TuberAEZ05,Root_TuberAEZ05,1975,NMVOC_AWB,0.000980994333042567
South Asia,Root_Tuber,Root_TuberAEZ06,Root_TuberAEZ06,1975,NMVOC_AWB,9.11604880841394e-05
South Asia,Root_Tuber,Root_TuberAEZ07,Root_TuberAEZ07,1975,NMVOC_AWB,0.000197249053690143
South Asia,Root_Tuber,Root_TuberAEZ08,Root_TuberAEZ08,1975,NMVOC_AWB,0.00101319478974657
South Asia,Root_Tuber,Root_TuberAEZ09,Root_TuberAEZ09,1975,NMVOC_AWB,1.15439495046736e-05
South Asia,Root_Tuber,Root_TuberAEZ10,Root_TuberAEZ10,1975,NMVOC_AWB,0.000103262640402076
South Asia,Root_Tuber,Root_TuberAEZ11,Root_TuberAEZ11,1975,NMVOC_AWB,0.000189266040222194
South Asia,Root_Tuber,Root_TuberAEZ12,Root_TuberAEZ12,1975,NMVOC_AWB,9.8388595124738e-05
South Asia,Root_Tuber,Root_TuberAEZ13,Root_TuberAEZ13,1975,NMVOC_AWB,0.000158817146616166
South Asia,Root_Tuber,Root_TuberAEZ14,Root_TuberAEZ14,1975,NMVOC_AWB,7.21290380325024e-05
South Asia,Root_Tuber,Root_TuberAEZ15,Root_TuberAEZ15,1975,NMVOC_AWB,5.95516437767113e-06
South Asia,Root_Tuber,Root_TuberAEZ16,Root_TuberAEZ16,1975,NMVOC_AWB,3.19230445459628e-06
South Asia,SugarCrop,SugarCropAEZ03,SugarCropAEZ03,1975,NMVOC_AWB,0.000570890284001909
South Asia,SugarCrop,SugarCropAEZ04,SugarCropAEZ04,1975,NMVOC_AWB,0.00270708192448623
South Asia,SugarCrop,SugarCropAEZ05,SugarCropAEZ05,1975,NMVOC_AWB,0.00398660090529427
South Asia,SugarCrop,SugarCropAEZ06,SugarCropAEZ06,1975,NMVOC_AWB,0.000564637369146748
South Asia,SugarCrop,SugarCropAEZ07,SugarCropAEZ07,1975,NMVOC_AWB,9.93170985543107e-06
South Asia,SugarCrop,SugarCropAEZ08,SugarCropAEZ08,1975,NMVOC_AWB,9.46262785821454e-06
South Asia,SugarCrop,SugarCropAEZ09,SugarCropAEZ09,1975,NMVOC_AWB,4.09410102266743e-06
South Asia,SugarCrop,SugarCropAEZ10,SugarCropAEZ10,1975,NMVOC_AWB,0.000271203255368612
South Asia,SugarCrop,SugarCropAEZ11,SugarCropAEZ11,1975,NMVOC_AWB,0.000494688431876733
South Asia,SugarCrop,SugarCropAEZ12,SugarCropAEZ12,1975,NMVOC_AWB,0.000233419477976796
South Asia,SugarCrop,SugarCropAEZ13,SugarCropAEZ13,1975,NMVOC_AWB,4.89814903170846e-07
South Asia,SugarCrop,SugarCropAEZ14,SugarCropAEZ14,1975,NMVOC_AWB,2.60392340720056e-06
South Asia,SugarCrop,SugarCropAEZ15,SugarCropAEZ15,1975,NMVOC_AWB,7.94718201361589e-06
South Asia,SugarCrop,SugarCropAEZ16,SugarCropAEZ16,1975,NMVOC_AWB,5.23505875346617e-07
South Asia,Wheat,WheatAEZ03,WheatAEZ03,1975,NMVOC_AWB,8.68012654548725e-05
South Asia,Wheat,WheatAEZ04,WheatAEZ04,1975,NMVOC_AWB,0.000927970026443204
South Asia,Wheat,WheatAEZ05,WheatAEZ05,1975,NMVOC_AWB,0.00111711388429131
South Asia,Wheat,WheatAEZ06,WheatAEZ06,1975,NMVOC_AWB,0
South Asia,Wheat,WheatAEZ07,WheatAEZ07,1975,NMVOC_AWB,0.000194876548866157
South Asia,Wheat,WheatAEZ08,WheatAEZ08,1975,NMVOC_AWB,0.000900747289212039
South Asia,Wheat,WheatAEZ09,WheatAEZ09,1975,NMVOC_AWB,8.38300827036241e-06
South Asia,Wheat,WheatAEZ10,WheatAEZ10,1975,NMVOC_AWB,0.000168032655305761
South Asia,Wheat,WheatAEZ11,WheatAEZ11,1975,NMVOC_AWB,0.000280914567428767
South Asia,Wheat,WheatAEZ12,WheatAEZ12,1975,NMVOC_AWB,9.64605877271746e-05
South Asia,Wheat,WheatAEZ13,WheatAEZ13,1975,NMVOC_AWB,0.000102933493213054
South Asia,Wheat,WheatAEZ14,WheatAEZ14,1975,NMVOC_AWB,5.0502164555901e-05
South Asia,Wheat,WheatAEZ15,WheatAEZ15,1975,NMVOC_AWB,1.00461081583908e-05
South Asia,Wheat,WheatAEZ16,WheatAEZ16,1975,NMVOC_AWB,5.15926307193501e-06
South Asia,Corn,CornAEZ03,CornAEZ03,1975,NOx_AWB,1.5849199273873e-05
South Asia,Corn,CornAEZ04,CornAEZ04,1975,NOx_AWB,0.000185109056219554
South Asia,Corn,CornAEZ05,CornAEZ05,1975,NOx_AWB,8.85957012113888e-05
South Asia,Corn,CornAEZ06,CornAEZ06,1975,NOx_AWB,1.36241144781355e-05
South Asia,Corn,CornAEZ07,CornAEZ07,1975,NOx_AWB,1.25816344679718e-05
South Asia,Corn,CornAEZ08,CornAEZ08,1975,NOx_AWB,4.78622745801911e-05
South Asia,Corn,CornAEZ09,CornAEZ09,1975,NOx_AWB,1.07569924571349e-06
South Asia,Corn,CornAEZ10,CornAEZ10,1975,NOx_AWB,0.000133299732469943
South Asia,Corn,CornAEZ11,CornAEZ11,1975,NOx_AWB,0.000355687414823515
South Asia,Corn,CornAEZ12,CornAEZ12,1975,NOx_AWB,0.000213077840594206
South Asia,Corn,CornAEZ13,CornAEZ13,1975,NOx_AWB,8.40567456630819e-06
South Asia,Corn,CornAEZ14,CornAEZ14,1975,NOx_AWB,9.36238855014315e-06
South Asia,Corn,CornAEZ15,CornAEZ15,1975,NOx_AWB,1.07237732215851e-05
South Asia,Corn,CornAEZ16,CornAEZ16,1975,NOx_AWB,3.11898422507832e-06
South Asia,FiberCrop,FiberCropAEZ03,FiberCropAEZ03,1975,NOx_AWB,4.47765786643204e-07
South Asia,FiberCrop,FiberCropAEZ04,FiberCropAEZ04,1975,NOx_AWB,0.000291665493246215
South Asia,FiberCrop,FiberCropAEZ05,FiberCropAEZ05,1975,NOx_AWB,0.000376961281151623
South Asia,FiberCrop,FiberCropAEZ06,FiberCropAEZ06,1975,NOx_AWB,7.1889002442716e-08
South Asia,FiberCrop,FiberCropAEZ07,FiberCropAEZ07,1975,NOx_AWB,2.14537323004048e-06
South Asia,FiberCrop,FiberCropAEZ08,FiberCropAEZ08,1975,NOx_AWB,4.56397601865076e-05
South Asia,FiberCrop,FiberCropAEZ09,FiberCropAEZ09,1975,NOx_AWB,0
South Asia,FiberCrop,FiberCropAEZ10,FiberCropAEZ10,1975,NOx_AWB,9.12990331022495e-07
South Asia,FiberCrop,FiberCropAEZ11,FiberCropAEZ11,1975,NOx_AWB,7.73422967708709e-06
South Asia,FiberCrop,FiberCropAEZ12,FiberCropAEZ12,1975,NOx_AWB,4.05145878052165e-07
South Asia,FiberCrop,FiberCropAEZ13,FiberCropAEZ13,1975,NOx_AWB,9.30449088758583e-07
South Asia,FiberCrop,FiberCropAEZ14,FiberCropAEZ14,1975,NOx_AWB,1.05882230740629e-06
South Asia,FiberCrop,FiberCropAEZ15,FiberCropAEZ15,1975,NOx_AWB,0
South Asia,FiberCrop,FiberCropAEZ16,FiberCropAEZ16,1975,NOx_AWB,0
South Asia,FodderGrass,FodderGrassAEZ03,FodderGrassAEZ03,1975,NOx_AWB,2.36773376640297e-06
South Asia,FodderGrass,FodderGrassAEZ04,FodderGrassAEZ04,1975,NOx_AWB,4.2765724434186e-05
South Asia,FodderGrass,FodderGrassAEZ05,FodderGrassAEZ05,1975,NOx_AWB,9.69475322728518e-06
South Asia,FodderGrass,FodderGrassAEZ06,FodderGrassAEZ06,1975,NOx_AWB,0
South Asia,FodderGrass,FodderGrassAEZ07,FodderGrassAEZ07,1975,NOx_AWB,2.07532251981058e-06
South Asia,FodderGrass,FodderGrassAEZ08,FodderGrassAEZ08,1975,NOx_AWB,1.30649186642244e-05
South Asia,FodderGrass,FodderGrassAEZ09,FodderGrassAEZ09,1975,NOx_AWB,0
South Asia,FodderGrass,FodderGrassAEZ10,FodderGrassAEZ10,1975,NOx_AWB,1.25853891010638e-06
South Asia,FodderGrass,FodderGrassAEZ11,FodderGrassAEZ11,1975,NOx_AWB,5.49423258923148e-06
South Asia,FodderGrass,FodderGrassAEZ12,FodderGrassAEZ12,1975,NOx_AWB,1.63509402344205e-06
South Asia,FodderGrass,FodderGrassAEZ13,FodderGrassAEZ13,1975,NOx_AWB,1.04388157263497e-07
South Asia,FodderGrass,FodderGrassAEZ14,FodderGrassAEZ14,1975,NOx_AWB,1.66704381155357e-07
South Asia,FodderGrass,FodderGrassAEZ15,FodderGrassAEZ15,1975,NOx_AWB,0
South Asia,FodderGrass,FodderGrassAEZ16,FodderGrassAEZ16,1975,NOx_AWB,0
South Asia,FodderHerb,FodderHerbAEZ03,FodderHerbAEZ03,1975,NOx_AWB,0
South Asia,FodderHerb,FodderHerbAEZ04,FodderHerbAEZ04,1975,NOx_AWB,0
South Asia,FodderHerb,FodderHerbAEZ05,FodderHerbAEZ05,1975,NOx_AWB,0
South Asia,FodderHerb,FodderHerbAEZ06,FodderHerbAEZ06,1975,NOx_AWB,0
South Asia,FodderHerb,FodderHerbAEZ07,FodderHerbAEZ07,1975,NOx_AWB,0
South Asia,FodderHerb,FodderHerbAEZ08,FodderHerbAEZ08,1975,NOx_AWB,0
South Asia,FodderHerb,FodderHerbAEZ09,FodderHerbAEZ09,1975,NOx_AWB,0
South Asia,FodderHerb,FodderHerbAEZ10,FodderHerbAEZ10,1975,NOx_AWB,0
South Asia,FodderHerb,FodderHerbAEZ11,FodderHerbAEZ11,1975,NOx_AWB,0
South Asia,FodderHerb,FodderHerbAEZ12,FodderHerbAEZ12,1975,NOx_AWB,0
South Asia,FodderHerb,FodderHerbAEZ13,FodderHerbAEZ13,1975,NOx_AWB,0
South Asia,FodderHerb,FodderHerbAEZ14,FodderHerbAEZ14,1975,NOx_AWB,0
South Asia,FodderHerb,FodderHerbAEZ15,FodderHerbAEZ15,1975,NOx_AWB,0
South Asia,FodderHerb,FodderHerbAEZ16,FodderHerbAEZ16,1975,NOx_AWB,0
South Asia,MiscCrop,MiscCropAEZ03,MiscCropAEZ03,1975,NOx_AWB,3.32415100561344e-05
South Asia,MiscCrop,MiscCropAEZ04,MiscCropAEZ04,1975,NOx_AWB,0.00147426383884626
South Asia,MiscCrop,MiscCropAEZ05,MiscCropAEZ05,1975,NOx_AWB,0.00144666529448268
South Asia,MiscCrop,MiscCropAEZ06,MiscCropAEZ06,1975,NOx_AWB,0.000543208669781805
South Asia,MiscCrop,MiscCropAEZ07,MiscCropAEZ07,1975,NOx_AWB,4.15261582175113e-05
South Asia,MiscCrop,MiscCropAEZ08,MiscCropAEZ08,1975,NOx_AWB,4.34628767629456e-05
South Asia,MiscCrop,MiscCropAEZ09,MiscCropAEZ09,1975,NOx_AWB,5.59049001678299e-06
South Asia,MiscCrop,MiscCropAEZ10,MiscCropAEZ10,1975,NOx_AWB,0.000177645213658529
South Asia,MiscCrop,MiscCropAEZ11,MiscCropAEZ11,1975,NOx_AWB,0.000413075095684522
South Asia,MiscCrop,MiscCropAEZ12,MiscCropAEZ12,1975,NOx_AWB,0.000200555524198093
South Asia,MiscCrop,MiscCropAEZ13,MiscCropAEZ13,1975,NOx_AWB,6.19945192867445e-07
South Asia,MiscCrop,MiscCropAEZ14,MiscCropAEZ14,1975,NOx_AWB,3.46176744836085e-06
South Asia,MiscCrop,MiscCropAEZ15,MiscCropAEZ15,1975,NOx_AWB,8.09508486749487e-06
South Asia,MiscCrop,MiscCropAEZ16,MiscCropAEZ16,1975,NOx_AWB,4.91684878358845e-06
South Asia,OilCrop,OilCropAEZ03,OilCropAEZ03,1975,NOx_AWB,1.32863757716981e-06
South Asia,OilCrop,OilCropAEZ04,OilCropAEZ04,1975,NOx_AWB,8.30019474040633e-05
South Asia,OilCrop,OilCropAEZ05,OilCropAEZ05,1975,NOx_AWB,0.000108466049432351
South Asia,OilCrop,OilCropAEZ06,OilCropAEZ06,1975,NOx_AWB,2.77759120587746e-06
South Asia,OilCrop,OilCropAEZ07,OilCropAEZ07,1975,NOx_AWB,3.30304656232554e-07
South Asia,OilCrop,OilCropAEZ08,OilCropAEZ08,1975,NOx_AWB,4.31912045600967e-07
South Asia,OilCrop,OilCropAEZ09,OilCropAEZ09,1975,NOx_AWB,4.71264748784923e-07
South Asia,OilCrop,OilCropAEZ10,OilCropAEZ10,1975,NOx_AWB,8.53114994925647e-06
South Asia,OilCrop,OilCropAEZ11,OilCropAEZ11,1975,NOx_AWB,2.02427724673146e-05
South Asia,OilCrop,OilCropAEZ12,OilCropAEZ12,1975,NOx_AWB,9.92946116485026e-06
South Asia,OilCrop,OilCropAEZ13,OilCropAEZ13,1975,NOx_AWB,2.83855563949851e-08
South Asia,OilCrop,OilCropAEZ14,OilCropAEZ14,1975,NOx_AWB,1.34831392876179e-07
South Asia,OilCrop,OilCropAEZ15,OilCropAEZ15,1975,NOx_AWB,5.76097769561855e-07
South Asia,OilCrop,OilCropAEZ16,OilCropAEZ16,1975,NOx_AWB,1.73861532919284e-07
South Asia,OtherGrain,OtherGrainAEZ03,OtherGrainAEZ03,1975,NOx_AWB,3.39230596761561e-06
South Asia,OtherGrain,OtherGrainAEZ04,OtherGrainAEZ04,1975,NOx_AWB,5.38268649596428e-05
South Asia,OtherGrain,OtherGrainAEZ05,OtherGrainAEZ05,1975,NOx_AWB,5.96049354144031e-05
South Asia,OtherGrain,OtherGrainAEZ06,OtherGrainAEZ06,1975,NOx_AWB,2.62484320206679e-06
South Asia,OtherGrain,OtherGrainAEZ07,OtherGrainAEZ07,1975,NOx_AWB,1.37882119370719e-05
South Asia,OtherGrain,OtherGrainAEZ08,OtherGrainAEZ08,1975,NOx_AWB,6.05130327181415e-05
South Asia,OtherGrain,OtherGrainAEZ09,OtherGrainAEZ09,1975,NOx_AWB,5.08293402313737e-07
South Asia,OtherGrain,OtherGrainAEZ10,OtherGrainAEZ10,1975,NOx_AWB,4.32179981180712e-05
South Asia,OtherGrain,OtherGrainAEZ11,OtherGrainAEZ11,1975,NOx_AWB,9.86480968130748e-05
South Asia,OtherGrain,OtherGrainAEZ12,OtherGrainAEZ12,1975,NOx_AWB,7.25372857333496e-05
South Asia,OtherGrain,OtherGrainAEZ13,OtherGrainAEZ13,1975,NOx_AWB,7.077935400598e-06
South Asia,OtherGrain,OtherGrainAEZ14,OtherGrainAEZ14,1975,NOx_AWB,7.78613075362404e-06
South Asia,OtherGrain,OtherGrainAEZ15,OtherGrainAEZ15,1975,NOx_AWB,4.65299414924355e-06
South Asia,OtherGrain,OtherGrainAEZ16,OtherGrainAEZ16,1975,NOx_AWB,3.53796316788336e-06
South Asia,PalmFruit,PalmFruitAEZ03,PalmFruitAEZ03,1975,NOx_AWB,2.48108965912485e-05
South Asia,PalmFruit,PalmFruitAEZ04,PalmFruitAEZ04,1975,NOx_AWB,0.000199143345452662
South Asia,PalmFruit,PalmFruitAEZ05,PalmFruitAEZ05,1975,NOx_AWB,0.000252256881949138
South Asia,PalmFruit,PalmFruitAEZ06,PalmFruitAEZ06,1975,NOx_AWB,0.000628573322733525
South Asia,PalmFruit,PalmFruitAEZ07,PalmFruitAEZ07,1975,NOx_AWB,0
South Asia,PalmFruit,PalmFruitAEZ08,PalmFruitAEZ08,1975,NOx_AWB,0
South Asia,PalmFruit,PalmFruitAEZ09,PalmFruitAEZ09,1975,NOx_AWB,0
South Asia,PalmFruit,PalmFruitAEZ10,PalmFruitAEZ10,1975,NOx_AWB,1.74425660457743e-07
South Asia,PalmFruit,PalmFruitAEZ11,PalmFruitAEZ11,1975,NOx_AWB,2.56516467323967e-06
South Asia,PalmFruit,PalmFruitAEZ12,PalmFruitAEZ12,1975,NOx_AWB,5.63976302146702e-06
South Asia,PalmFruit,PalmFruitAEZ13,PalmFruitAEZ13,1975,NOx_AWB,0
South Asia,PalmFruit,PalmFruitAEZ14,PalmFruitAEZ14,1975,NOx_AWB,0
South Asia,PalmFruit,PalmFruitAEZ15,PalmFruitAEZ15,1975,NOx_AWB,0
South Asia,PalmFruit,PalmFruitAEZ16,PalmFruitAEZ16,1975,NOx_AWB,0
South Asia,Rice,RiceAEZ03,RiceAEZ03,1975,NOx_AWB,8.21196038408183e-05
South Asia,Rice,RiceAEZ04,RiceAEZ04,1975,NOx_AWB,0.00371317336751802
South Asia,Rice,RiceAEZ05,RiceAEZ05,1975,NOx_AWB,0.00980024305290148
South Asia,Rice,RiceAEZ06,RiceAEZ06,1975,NOx_AWB,0.000510072021453751
South Asia,Rice,RiceAEZ07,RiceAEZ07,1975,NOx_AWB,8.02105247840999e-06
South Asia,Rice,RiceAEZ08,RiceAEZ08,1975,NOx_AWB,3.56807954993761e-05
South Asia,Rice,RiceAEZ09,RiceAEZ09,1975,NOx_AWB,3.67277098208023e-07
South Asia,Rice,RiceAEZ10,RiceAEZ10,1975,NOx_AWB,0.000228430800566969
South Asia,Rice,RiceAEZ11,RiceAEZ11,1975,NOx_AWB,0.000585289545824963
South Asia,Rice,RiceAEZ12,RiceAEZ12,1975,NOx_AWB,0.000217824841078442
South Asia,Rice,RiceAEZ13,RiceAEZ13,1975,NOx_AWB,4.84062962020239e-06
South Asia,Rice,RiceAEZ14,RiceAEZ14,1975,NOx_AWB,4.22194071405938e-06
South Asia,Rice,RiceAEZ15,RiceAEZ15,1975,NOx_AWB,1.48586918002776e-05
South Asia,Rice,RiceAEZ16,RiceAEZ16,1975,NOx_AWB,3.81149189125646e-06
South Asia,Root_Tuber,Root_TuberAEZ03,Root_TuberAEZ03,1975,NOx_AWB,1.51645755689612e-05
South Asia,Root_Tuber,Root_TuberAEZ04,Root_TuberAEZ04,1975,NOx_AWB,0.000417176692097034
South Asia,Root_Tuber,Root_TuberAEZ05,Root_TuberAEZ05,1975,NOx_AWB,0.000532050326904143
South Asia,Root_Tuber,Root_TuberAEZ06,Root_TuberAEZ06,1975,NOx_AWB,4.94416388069012e-05
South Asia,Root_Tuber,Root_TuberAEZ07,Root_TuberAEZ07,1975,NOx_AWB,0.000106979642962748
South Asia,Root_Tuber,Root_TuberAEZ08,Root_TuberAEZ08,1975,NOx_AWB,0.000549514508845632
South Asia,Root_Tuber,Root_TuberAEZ09,Root_TuberAEZ09,1975,NOx_AWB,6.26095574749871e-06
South Asia,Root_Tuber,Root_TuberAEZ10,Root_TuberAEZ10,1975,NOx_AWB,5.60053404309783e-05
South Asia,Root_Tuber,Root_TuberAEZ11,Root_TuberAEZ11,1975,NOx_AWB,0.000102649990097039
South Asia,Root_Tuber,Root_TuberAEZ12,Root_TuberAEZ12,1975,NOx_AWB,5.33618619767141e-05
South Asia,Root_Tuber,Root_TuberAEZ13,Root_TuberAEZ13,1975,NOx_AWB,8.61357827756663e-05
South Asia,Root_Tuber,Root_TuberAEZ14,Root_TuberAEZ14,1975,NOx_AWB,3.91197756927399e-05
South Asia,Root_Tuber,Root_TuberAEZ15,Root_TuberAEZ15,1975,NOx_AWB,3.22983227036679e-06
South Asia,Root_Tuber,Root_TuberAEZ16,Root_TuberAEZ16,1975,NOx_AWB,1.73137251810384e-06
South Asia,SugarCrop,SugarCropAEZ03,SugarCropAEZ03,1975,NOx_AWB,0.000309627030451393
South Asia,SugarCrop,SugarCropAEZ04,SugarCropAEZ04,1975,NOx_AWB,0.00146820809699488
South Asia,SugarCrop,SugarCropAEZ05,SugarCropAEZ05,1975,NOx_AWB,0.00216216571641105
South Asia,SugarCrop,SugarCropAEZ06,SugarCropAEZ06,1975,NOx_AWB,0.000306235710766116
South Asia,SugarCrop,SugarCropAEZ07,SugarCropAEZ07,1975,NOx_AWB,5.38654434313629e-06
South Asia,SugarCrop,SugarCropAEZ08,SugarCropAEZ08,1975,NOx_AWB,5.13213387249693e-06
South Asia,SugarCrop,SugarCropAEZ09,SugarCropAEZ09,1975,NOx_AWB,2.2204692872515e-06
South Asia,SugarCrop,SugarCropAEZ10,SugarCropAEZ10,1975,NOx_AWB,0.000147089311136802
South Asia,SugarCrop,SugarCropAEZ11,SugarCropAEZ11,1975,NOx_AWB,0.000268298330612571
South Asia,SugarCrop,SugarCropAEZ12,SugarCropAEZ12,1975,NOx_AWB,0.000126596969401616
South Asia,SugarCrop,SugarCropAEZ13,SugarCropAEZ13,1975,NOx_AWB,2.65655132325072e-07
South Asia,SugarCrop,SugarCropAEZ14,SugarCropAEZ14,1975,NOx_AWB,1.41225922859056e-06
South Asia,SugarCrop,SugarCropAEZ15,SugarCropAEZ15,1975,NOx_AWB,4.31021938240655e-06
South Asia,SugarCrop,SugarCropAEZ16,SugarCropAEZ16,1975,NOx_AWB,2.83927707564362e-07
South Asia,Wheat,WheatAEZ03,WheatAEZ03,1975,NOx_AWB,4.7077378640631e-05
South Asia,Wheat,WheatAEZ04,WheatAEZ04,1975,NOx_AWB,0.000503292159084194
South Asia,Wheat,WheatAEZ05,WheatAEZ05,1975,NOx_AWB,0.000605875882567977
South Asia,Wheat,WheatAEZ06,WheatAEZ06,1975,NOx_AWB,0
South Asia,Wheat,WheatAEZ07,WheatAEZ07,1975,NOx_AWB,0.000105692895501865
South Asia,Wheat,WheatAEZ08,WheatAEZ08,1975,NOx_AWB,0.000488527684147682
South Asia,Wheat,WheatAEZ09,WheatAEZ09,1975,NOx_AWB,4.5465933292939e-06
South Asia,Wheat,WheatAEZ10,WheatAEZ10,1975,NOx_AWB,9.11338895391172e-05
South Asia,Wheat,WheatAEZ11,WheatAEZ11,1975,NOx_AWB,0.00015235632092701
South Asia,Wheat,WheatAEZ12,WheatAEZ12,1975,NOx_AWB,5.23161913427506e-05
South Asia,Wheat,WheatAEZ13,WheatAEZ13,1975,NOx_AWB,5.58268247519164e-05
South Asia,Wheat,WheatAEZ14,WheatAEZ14,1975,NOx_AWB,2.73902633851076e-05
South Asia,Wheat,WheatAEZ15,WheatAEZ15,1975,NOx_AWB,5.4485892015385e-06
South Asia,Wheat,WheatAEZ16,WheatAEZ16,1975,NOx_AWB,2.79816866575965e-06
South Asia,Corn,CornAEZ03,CornAEZ03,1975,SO2_AWB,3.28460197301997e-06
South Asia,Corn,CornAEZ04,CornAEZ04,1975,SO2_AWB,3.8362163335589e-05
South Asia,Corn,CornAEZ05,CornAEZ05,1975,SO2_AWB,1.8360650905546e-05
South Asia,Corn,CornAEZ06,CornAEZ06,1975,SO2_AWB,2.82347344634014e-06
South Asia,Corn,CornAEZ07,CornAEZ07,1975,SO2_AWB,2.60742897374258e-06
South Asia,Corn,CornAEZ08,CornAEZ08,1975,SO2_AWB,9.91901980679072e-06
South Asia,Corn,CornAEZ09,CornAEZ09,1975,SO2_AWB,2.22928856139193e-07
South Asia,Corn,CornAEZ10,CornAEZ10,1975,SO2_AWB,2.7625153593442e-05
South Asia,Corn,CornAEZ11,CornAEZ11,1975,SO2_AWB,7.37129721394563e-05
South Asia,Corn,CornAEZ12,CornAEZ12,1975,SO2_AWB,4.41584387658179e-05
South Asia,Corn,CornAEZ13,CornAEZ13,1975,SO2_AWB,1.7419993772539e-06
South Asia,Corn,CornAEZ14,CornAEZ14,1975,SO2_AWB,1.94026962325303e-06
South Asia,Corn,CornAEZ15,CornAEZ15,1975,SO2_AWB,2.2224041778503e-06
South Asia,Corn,CornAEZ16,CornAEZ16,1975,SO2_AWB,6.46381029254797e-07
South Asia,FiberCrop,FiberCropAEZ03,FiberCropAEZ03,1975,SO2_AWB,9.27953747596306e-08
South Asia,FiberCrop,FiberCropAEZ04,FiberCropAEZ04,1975,SO2_AWB,6.0445012900911e-05
South Asia,FiberCrop,FiberCropAEZ05,FiberCropAEZ05,1975,SO2_AWB,7.81217868756213e-05
South Asia,FiberCrop,FiberCropAEZ06,FiberCropAEZ06,1975,SO2_AWB,1.48983399843443e-08
South Asia,FiberCrop,FiberCropAEZ07,FiberCropAEZ07,1975,SO2_AWB,4.44609031818503e-07
South Asia,FiberCrop,FiberCropAEZ08,FiberCropAEZ08,1975,SO2_AWB,9.45842397248936e-06
South Asia,FiberCrop,FiberCropAEZ09,FiberCropAEZ09,1975,SO2_AWB,0
South Asia,FiberCrop,FiberCropAEZ10,FiberCropAEZ10,1975,SO2_AWB,1.89208917801173e-07
South Asia,FiberCrop,FiberCropAEZ11,FiberCropAEZ11,1975,SO2_AWB,1.6028485488871e-06
South Asia,FiberCrop,FiberCropAEZ12,FiberCropAEZ12,1975,SO2_AWB,8.39627874831977e-08
South Asia,FiberCrop,FiberCropAEZ13,FiberCropAEZ13,1975,SO2_AWB,1.92827086083085e-07
South Asia,FiberCrop,FiberCropAEZ14,FiberCropAEZ14,1975,SO2_AWB,2.19431264626557e-07
South Asia,FiberCrop,FiberCropAEZ15,FiberCropAEZ15,1975,SO2_AWB,0
South Asia,FiberCrop,FiberCropAEZ16,FiberCropAEZ16,1975,SO2_AWB,0
South Asia,FodderGrass,FodderGrassAEZ03,FodderGrassAEZ03,1975,SO2_AWB,4.90691224605491e-07
South Asia,FodderGrass,FodderGrassAEZ04,FodderGrassAEZ04,1975,SO2_AWB,8.86280627979197e-06
South Asia,FodderGrass,FodderGrassAEZ05,FodderGrassAEZ05,1975,SO2_AWB,2.00914917075815e-06
South Asia,FodderGrass,FodderGrassAEZ06,FodderGrassAEZ06,1975,SO2_AWB,0
South Asia,FodderGrass,FodderGrassAEZ07,FodderGrassAEZ07,1975,SO2_AWB,4.30091661126353e-07
South Asia,FodderGrass,FodderGrassAEZ08,FodderGrassAEZ08,1975,SO2_AWB,2.70758521489461e-06
South Asia,FodderGrass,FodderGrassAEZ09,FodderGrassAEZ09,1975,SO2_AWB,0
South Asia,FodderGrass,FodderGrassAEZ10,FodderGrassAEZ10,1975,SO2_AWB,2.60820708720111e-07
South Asia,FodderGrass,FodderGrassAEZ11,FodderGrassAEZ11,1975,SO2_AWB,1.13862958569581e-06
South Asia,FodderGrass,FodderGrassAEZ12,FodderGrassAEZ12,1975,SO2_AWB,3.38858321020941e-07
South Asia,FodderGrass,FodderGrassAEZ13,FodderGrassAEZ13,1975,SO2_AWB,2.16334933634672e-08
South Asia,FodderGrass,FodderGrassAEZ14,FodderGrassAEZ14,1975,SO2_AWB,3.45479623160895e-08
South Asia,FodderGrass,FodderGrassAEZ15,FodderGrassAEZ15,1975,SO2_AWB,0
South Asia,FodderGrass,FodderGrassAEZ16,FodderGrassAEZ16,1975,SO2_AWB,0
South Asia,FodderHerb,FodderHerbAEZ03,FodderHerbAEZ03,1975,SO2_AWB,0
South Asia,FodderHerb,FodderHerbAEZ04,FodderHerbAEZ04,1975,SO2_AWB,0
South Asia,FodderHerb,FodderHerbAEZ05,FodderHerbAEZ05,1975,SO2_AWB,0
South Asia,FodderHerb,FodderHerbAEZ06,FodderHerbAEZ06,1975,SO2_AWB,0
South Asia,FodderHerb,FodderHerbAEZ07,FodderHerbAEZ07,1975,SO2_AWB,0
South Asia,FodderHerb,FodderHerbAEZ08,FodderHerbAEZ08,1975,SO2_AWB,0
South Asia,FodderHerb,FodderHerbAEZ09,FodderHerbAEZ09,1975,SO2_AWB,0
South Asia,FodderHerb,FodderHerbAEZ10,FodderHerbAEZ10,1975,SO2_AWB,0
South Asia,FodderHerb,FodderHerbAEZ11,FodderHerbAEZ11,1975,SO2_AWB,0
South Asia,FodderHerb,FodderHerbAEZ12,FodderHerbAEZ12,1975,SO2_AWB,0
South Asia,FodderHerb,FodderHerbAEZ13,FodderHerbAEZ13,1975,SO2_AWB,0
South Asia,FodderHerb,FodderHerbAEZ14,FodderHerbAEZ14,1975,SO2_AWB,0
South Asia,FodderHerb,FodderHerbAEZ15,FodderHerbAEZ15,1975,SO2_AWB,0
South Asia,FodderHerb,FodderHerbAEZ16,FodderHerbAEZ16,1975,SO2_AWB,0
South Asia,MiscCrop,MiscCropAEZ03,MiscCropAEZ03,1975,SO2_AWB,6.88899972988106e-06
South Asia,MiscCrop,MiscCropAEZ04,MiscCropAEZ04,1975,SO2_AWB,0.000305527732357367
South Asia,MiscCrop,MiscCropAEZ05,MiscCropAEZ05,1975,SO2_AWB,0.000299808185792101
South Asia,MiscCrop,MiscCropAEZ06,MiscCropAEZ06,1975,SO2_AWB,0.000112575041659557
South Asia,MiscCrop,MiscCropAEZ07,MiscCropAEZ07,1975,SO2_AWB,8.60591748871656e-06
South Asia,MiscCrop,MiscCropAEZ08,MiscCropAEZ08,1975,SO2_AWB,9.00728474049971e-06
South Asia,MiscCrop,MiscCropAEZ09,MiscCropAEZ09,1975,SO2_AWB,1.15857805949503e-06
South Asia,MiscCrop,MiscCropAEZ10,MiscCropAEZ10,1975,SO2_AWB,3.68153500500328e-05
South Asia,MiscCrop,MiscCropAEZ11,MiscCropAEZ11,1975,SO2_AWB,8.56060455071334e-05
South Asia,MiscCrop,MiscCropAEZ12,MiscCropAEZ12,1975,SO2_AWB,4.15633029213681e-05
South Asia,MiscCrop,MiscCropAEZ13,MiscCropAEZ13,1975,SO2_AWB,1.28477986078035e-07
South Asia,MiscCrop,MiscCropAEZ14,MiscCropAEZ14,1975,SO2_AWB,7.17419725409498e-07
South Asia,MiscCrop,MiscCropAEZ15,MiscCropAEZ15,1975,SO2_AWB,1.67763249537592e-06
South Asia,MiscCrop,MiscCropAEZ16,MiscCropAEZ16,1975,SO2_AWB,1.01897205887481e-06
South Asia,OilCrop,OilCropAEZ03,OilCropAEZ03,1975,SO2_AWB,2.75348018028549e-07
South Asia,OilCrop,OilCropAEZ04,OilCropAEZ04,1975,SO2_AWB,1.72013964552334e-05
South Asia,OilCrop,OilCropAEZ05,OilCropAEZ05,1975,SO2_AWB,2.24785993169056e-05
South Asia,OilCrop,OilCropAEZ06,OilCropAEZ06,1975,SO2_AWB,5.75630440214575e-07
South Asia,OilCrop,OilCropAEZ07,OilCropAEZ07,1975,SO2_AWB,6.84526269631547e-08
South Asia,OilCrop,OilCropAEZ08,OilCropAEZ08,1975,SO2_AWB,8.95098315465471e-08
South Asia,OilCrop,OilCropAEZ09,OilCropAEZ09,1975,SO2_AWB,9.76653203058292e-08
South Asia,OilCrop,OilCropAEZ10,OilCropAEZ10,1975,SO2_AWB,1.76800300578274e-06
South Asia,OilCrop,OilCropAEZ11,OilCropAEZ11,1975,SO2_AWB,4.19512993915991e-06
South Asia,OilCrop,OilCropAEZ12,OilCropAEZ12,1975,SO2_AWB,2.05779024981131e-06
South Asia,OilCrop,OilCropAEZ13,OilCropAEZ13,1975,SO2_AWB,5.88264762964611e-09
South Asia,OilCrop,OilCropAEZ14,OilCropAEZ14,1975,SO2_AWB,2.7942576240819e-08
South Asia,OilCrop,OilCropAEZ15,OilCropAEZ15,1975,SO2_AWB,1.19391007574408e-07
South Asia,OilCrop,OilCropAEZ16,OilCropAEZ16,1975,SO2_AWB,3.60312167315825e-08
South Asia,OtherGrain,OtherGrainAEZ03,OtherGrainAEZ03,1975,SO2_AWB,7.03024467153088e-07
South Asia,OtherGrain,OtherGrainAEZ04,OtherGrainAEZ04,1975,SO2_AWB,1.11551267539031e-05
South Asia,OtherGrain,OtherGrainAEZ05,OtherGrainAEZ05,1975,SO2_AWB,1.23525791480591e-05
South Asia,OtherGrain,OtherGrainAEZ06,OtherGrainAEZ06,1975,SO2_AWB,5.43974809793015e-07
South Asia,OtherGrain,OtherGrainAEZ07,OtherGrainAEZ07,1975,SO2_AWB,2.85748114780671e-06
South Asia,OtherGrain,OtherGrainAEZ08,OtherGrainAEZ08,1975,SO2_AWB,1.25407740305898e-05
South Asia,OtherGrain,OtherGrainAEZ09,OtherGrainAEZ09,1975,SO2_AWB,1.05339170974078e-07
South Asia,OtherGrain,OtherGrainAEZ10,OtherGrainAEZ10,1975,SO2_AWB,8.95653587513395e-06
South Asia,OtherGrain,OtherGrainAEZ11,OtherGrainAEZ11,1975,SO2_AWB,2.04439181959829e-05
South Asia,OtherGrain,OtherGrainAEZ12,OtherGrainAEZ12,1975,SO2_AWB,1.50326907826841e-05
South Asia,OtherGrain,OtherGrainAEZ13,OtherGrainAEZ13,1975,SO2_AWB,1.46683754680504e-06
South Asia,OtherGrain,OtherGrainAEZ14,OtherGrainAEZ14,1975,SO2_AWB,1.61360457355746e-06
South Asia,OtherGrain,OtherGrainAEZ15,OtherGrainAEZ15,1975,SO2_AWB,9.64290592790375e-07
South Asia,OtherGrain,OtherGrainAEZ16,OtherGrainAEZ16,1975,SO2_AWB,7.33210593222729e-07
South Asia,PalmFruit,PalmFruitAEZ03,PalmFruitAEZ03,1975,SO2_AWB,5.14183199338973e-06
South Asia,PalmFruit,PalmFruitAEZ04,PalmFruitAEZ04,1975,SO2_AWB,4.12706417582806e-05
South Asia,PalmFruit,PalmFruitAEZ05,PalmFruitAEZ05,1975,SO2_AWB,5.22779376951787e-05
South Asia,PalmFruit,PalmFruitAEZ06,PalmFruitAEZ06,1975,SO2_AWB,0.000130266087286928
South Asia,PalmFruit,PalmFruitAEZ07,PalmFruitAEZ07,1975,SO2_AWB,0
South Asia,PalmFruit,PalmFruitAEZ08,PalmFruitAEZ08,1975,SO2_AWB,0
South Asia,PalmFruit,PalmFruitAEZ09,PalmFruitAEZ09,1975,SO2_AWB,0
South Asia,PalmFruit,PalmFruitAEZ10,PalmFruitAEZ10,1975,SO2_AWB,3.61481270179534e-08
South Asia,PalmFruit,PalmFruitAEZ11,PalmFruitAEZ11,1975,SO2_AWB,5.31606979081489e-07
South Asia,PalmFruit,PalmFruitAEZ12,PalmFruitAEZ12,1975,SO2_AWB,1.16878944024716e-06
South Asia,PalmFruit,PalmFruitAEZ13,PalmFruitAEZ13,1975,SO2_AWB,0
South Asia,PalmFruit,PalmFruitAEZ14,PalmFruitAEZ14,1975,SO2_AWB,0
South Asia,PalmFruit,PalmFruitAEZ15,PalmFruitAEZ15,1975,SO2_AWB,0
South Asia,PalmFruit,PalmFruitAEZ16,PalmFruitAEZ16,1975,SO2_AWB,0
South Asia,Rice,RiceAEZ03,RiceAEZ03,1975,SO2_AWB,1.70185388004941e-05
South Asia,Rice,RiceAEZ04,RiceAEZ04,1975,SO2_AWB,0.000769521308828529
South Asia,Rice,RiceAEZ05,RiceAEZ05,1975,SO2_AWB,0.00203101097483831
South Asia,Rice,RiceAEZ06,RiceAEZ06,1975,SO2_AWB,0.000105707773566271
South Asia,Rice,RiceAEZ07,RiceAEZ07,1975,SO2_AWB,1.66228995806197e-06
South Asia,Rice,RiceAEZ08,RiceAEZ08,1975,SO2_AWB,7.39451938681658e-06
South Asia,Rice,RiceAEZ09,RiceAEZ09,1975,SO2_AWB,7.61148282997348e-08
South Asia,Rice,RiceAEZ10,RiceAEZ10,1975,SO2_AWB,4.73401996703807e-05
South Asia,Rice,RiceAEZ11,RiceAEZ11,1975,SO2_AWB,0.000121295919357499
South Asia,Rice,RiceAEZ12,RiceAEZ12,1975,SO2_AWB,4.51422113140089e-05
South Asia,Rice,RiceAEZ13,RiceAEZ13,1975,SO2_AWB,1.00317633253471e-06
South Asia,Rice,RiceAEZ14,RiceAEZ14,1975,SO2_AWB,8.7495870042046e-07
South Asia,Rice,RiceAEZ15,RiceAEZ15,1975,SO2_AWB,3.07932833453241e-06
South Asia,Rice,RiceAEZ16,RiceAEZ16,1975,SO2_AWB,7.89896926011162e-07
South Asia,Root_Tuber,Root_TuberAEZ03,Root_TuberAEZ03,1975,SO2_AWB,3.14271995531852e-06
South Asia,Root_Tuber,Root_TuberAEZ04,Root_TuberAEZ04,1975,SO2_AWB,8.64560639488394e-05
South Asia,Root_Tuber,Root_TuberAEZ05,Root_TuberAEZ05,1975,SO2_AWB,0.000110262576884632
South Asia,Root_Tuber,Root_TuberAEZ06,Root_TuberAEZ06,1975,SO2_AWB,1.02463286358065e-05
South Asia,Root_Tuber,Root_TuberAEZ07,Root_TuberAEZ07,1975,SO2_AWB,2.21705551350891e-05
South Asia,Root_Tuber,Root_TuberAEZ08,Root_TuberAEZ08,1975,SO2_AWB,0.000113881869283634
South Asia,Root_Tuber,Root_TuberAEZ09,Root_TuberAEZ09,1975,SO2_AWB,1.29752596619348e-06
South Asia,Root_Tuber,Root_TuberAEZ10,Root_TuberAEZ10,1975,SO2_AWB,1.16065959232712e-05
South Asia,Root_Tuber,Root_TuberAEZ11,Root_TuberAEZ11,1975,SO2_AWB,2.127327407379e-05
South Asia,Root_Tuber,Root_TuberAEZ12,Root_TuberAEZ12,1975,SO2_AWB,1.10587591274511e-05
South Asia,Root_Tuber,Root_TuberAEZ13,Root_TuberAEZ13,1975,SO2_AWB,1.78508552491332e-05
South Asia,Root_Tuber,Root_TuberAEZ14,Root_TuberAEZ14,1975,SO2_AWB,8.10721666149341e-06
South Asia,Root_Tuber,Root_TuberAEZ15,Root_TuberAEZ15,1975,SO2_AWB,6.69353275484304e-07
South Asia,Root_Tuber,Root_TuberAEZ16,Root_TuberAEZ16,1975,SO2_AWB,3.58811160786595e-07
South Asia,SugarCrop,SugarCropAEZ03,SugarCropAEZ03,1975,SO2_AWB,6.41673776414346e-05
South Asia,SugarCrop,SugarCropAEZ04,SugarCropAEZ04,1975,SO2_AWB,0.000304272735099181
South Asia,SugarCrop,SugarCropAEZ05,SugarCropAEZ05,1975,SO2_AWB,0.000448089121437644
South Asia,SugarCrop,SugarCropAEZ06,SugarCropAEZ06,1975,SO2_AWB,6.34645575722994e-05
South Asia,SugarCrop,SugarCropAEZ07,SugarCropAEZ07,1975,SO2_AWB,1.1163121790254e-06
South Asia,SugarCrop,SugarCropAEZ08,SugarCropAEZ08,1975,SO2_AWB,1.06358792971923e-06
South Asia,SugarCrop,SugarCropAEZ09,SugarCropAEZ09,1975,SO2_AWB,4.60172004648806e-07
South Asia,SugarCrop,SugarCropAEZ10,SugarCropAEZ10,1975,SO2_AWB,3.04829179835297e-05
South Asia,SugarCrop,SugarCropAEZ11,SugarCropAEZ11,1975,SO2_AWB,5.5602381600485e-05
South Asia,SugarCrop,SugarCropAEZ12,SugarCropAEZ12,1975,SO2_AWB,2.62360670901757e-05
South Asia,SugarCrop,SugarCropAEZ13,SugarCropAEZ13,1975,SO2_AWB,5.50546028666715e-08
South Asia,SugarCrop,SugarCropAEZ14,SugarCropAEZ14,1975,SO2_AWB,2.92677842488296e-07
South Asia,SugarCrop,SugarCropAEZ15,SugarCropAEZ15,1975,SO2_AWB,8.9325364915687e-07
South Asia,SugarCrop,SugarCropAEZ16,SugarCropAEZ16,1975,SO2_AWB,5.88414274024741e-08
South Asia,Wheat,WheatAEZ03,WheatAEZ03,1975,SO2_AWB,9.75635728314232e-06
South Asia,Wheat,WheatAEZ04,WheatAEZ04,1975,SO2_AWB,0.000104302708936125
South Asia,Wheat,WheatAEZ05,WheatAEZ05,1975,SO2_AWB,0.000125562249858803
South Asia,Wheat,WheatAEZ06,WheatAEZ06,1975,SO2_AWB,0
South Asia,Wheat,WheatAEZ07,WheatAEZ07,1975,SO2_AWB,2.1903888461539e-05
South Asia,Wheat,WheatAEZ08,WheatAEZ08,1975,SO2_AWB,0.000101242906187162
South Asia,Wheat,WheatAEZ09,WheatAEZ09,1975,SO2_AWB,9.42239993444722e-07
South Asia,Wheat,WheatAEZ10,WheatAEZ10,1975,SO2_AWB,1.88866672830987e-05
South Asia,Wheat,WheatAEZ11,WheatAEZ11,1975,SO2_AWB,3.15744577168556e-05
South Asia,Wheat,WheatAEZ12,WheatAEZ12,1975,SO2_AWB,1.08420534271759e-05
South Asia,Wheat,WheatAEZ13,WheatAEZ13,1975,SO2_AWB,1.15696001772067e-05
South Asia,Wheat,WheatAEZ14,WheatAEZ14,1975,SO2_AWB,5.67638223241777e-06
South Asia,Wheat,WheatAEZ15,WheatAEZ15,1975,SO2_AWB,1.12917040995569e-06
South Asia,Wheat,WheatAEZ16,WheatAEZ16,1975,SO2_AWB,5.79894931067446e-07
South Korea,Corn,CornAEZ10,CornAEZ10,1975,CH4_AWB,8.77864546927336e-07
South Korea,Corn,CornAEZ11,CornAEZ11,1975,CH4_AWB,2.31862689044545e-06
South Korea,FiberCrop,FiberCropAEZ10,FiberCropAEZ10,1975,CH4_AWB,5.60562622325429e-07
South Korea,FiberCrop,FiberCropAEZ11,FiberCropAEZ11,1975,CH4_AWB,0
South Korea,FodderGrass,FodderGrassAEZ10,FodderGrassAEZ10,1975,CH4_AWB,0
South Korea,FodderGrass,FodderGrassAEZ11,FodderGrassAEZ11,1975,CH4_AWB,0
South Korea,FodderHerb,FodderHerbAEZ10,FodderHerbAEZ10,1975,CH4_AWB,0
South Korea,FodderHerb,FodderHerbAEZ11,FodderHerbAEZ11,1975,CH4_AWB,0
South Korea,MiscCrop,MiscCropAEZ10,MiscCropAEZ10,1975,CH4_AWB,9.16786624736765e-05
South Korea,MiscCrop,MiscCropAEZ11,MiscCropAEZ11,1975,CH4_AWB,0.000242869980060013
South Korea,OilCrop,OilCropAEZ10,OilCropAEZ10,1975,CH4_AWB,5.29372415362394e-06
South Korea,OilCrop,OilCropAEZ11,OilCropAEZ11,1975,CH4_AWB,1.32347276562904e-05
South Korea,OtherGrain,OtherGrainAEZ10,OtherGrainAEZ10,1975,CH4_AWB,2.93040625591525e-05
South Korea,OtherGrain,OtherGrainAEZ11,OtherGrainAEZ11,1975,CH4_AWB,7.09535327706508e-05
South Korea,PalmFruit,PalmFruitAEZ10,PalmFruitAEZ10,1975,CH4_AWB,0
South Korea,PalmFruit,PalmFruitAEZ11,PalmFruitAEZ11,1975,CH4_AWB,0
South Korea,Rice,RiceAEZ10,RiceAEZ10,1975,CH4_AWB,0.00010120348926345
South Korea,Rice,RiceAEZ11,RiceAEZ11,1975,CH4_AWB,0.000237874064599899
South Korea,Root_Tuber,Root_TuberAEZ10,Root_TuberAEZ10,1975,CH4_AWB,3.03097427024589e-05
South Korea,Root_Tuber,Root_TuberAEZ11,Root_TuberAEZ11,1975,CH4_AWB,8.05724549742114e-05
South Korea,SugarCrop,SugarCropAEZ10,SugarCropAEZ10,1975,CH4_AWB,0
South Korea,SugarCrop,SugarCropAEZ11,SugarCropAEZ11,1975,CH4_AWB,0
South Korea,Wheat,WheatAEZ10,WheatAEZ10,1975,CH4_AWB,3.94850472687545e-06
South Korea,Wheat,WheatAEZ11,WheatAEZ11,1975,CH4_AWB,0
South Korea,Corn,CornAEZ10,CornAEZ10,1975,CO_AWB,5.14577023116572e-05
South Korea,Corn,CornAEZ11,CornAEZ11,1975,CO_AWB,0.000135910731009646
South Korea,FiberCrop,FiberCropAEZ10,FiberCropAEZ10,1975,CO_AWB,3.28584456994269e-05
South Korea,FiberCrop,FiberCropAEZ11,FiberCropAEZ11,1975,CO_AWB,0
South Korea,FodderGrass,FodderGrassAEZ10,FodderGrassAEZ10,1975,CO_AWB,0
South Korea,FodderGrass,FodderGrassAEZ11,FodderGrassAEZ11,1975,CO_AWB,0
South Korea,FodderHerb,FodderHerbAEZ10,FodderHerbAEZ10,1975,CO_AWB,0
South Korea,FodderHerb,FodderHerbAEZ11,FodderHerbAEZ11,1975,CO_AWB,0
South Korea,MiscCrop,MiscCropAEZ10,MiscCropAEZ10,1975,CO_AWB,0.00537391940295754
South Korea,MiscCrop,MiscCropAEZ11,MiscCropAEZ11,1975,CO_AWB,0.014236286427228
South Korea,OilCrop,OilCropAEZ10,OilCropAEZ10,1975,CO_AWB,0.000310301723165223
South Korea,OilCrop,OilCropAEZ11,OilCropAEZ11,1975,CO_AWB,0.000775778767119548
South Korea,OtherGrain,OtherGrainAEZ10,OtherGrainAEZ10,1975,CO_AWB,0.00171771343650795
South Korea,OtherGrain,OtherGrainAEZ11,OtherGrainAEZ11,1975,CO_AWB,0.0041590764543938
South Korea,PalmFruit,PalmFruitAEZ10,PalmFruitAEZ10,1975,CO_AWB,0
South Korea,PalmFruit,PalmFruitAEZ11,PalmFruitAEZ11,1975,CO_AWB,0
South Korea,Rice,RiceAEZ10,RiceAEZ10,1975,CO_AWB,0.00593223526527796
South Korea,Rice,RiceAEZ11,RiceAEZ11,1975,CO_AWB,0.0139434413278097
South Korea,Root_Tuber,Root_TuberAEZ10,Root_TuberAEZ10,1975,CO_AWB,0.00177666329342624
South Korea,Root_Tuber,Root_TuberAEZ11,Root_TuberAEZ11,1975,CO_AWB,0.00472290789859812
South Korea,SugarCrop,SugarCropAEZ10,SugarCropAEZ10,1975,CO_AWB,0
South Korea,SugarCrop,SugarCropAEZ11,SugarCropAEZ11,1975,CO_AWB,0
South Korea,Wheat,WheatAEZ10,WheatAEZ10,1975,CO_AWB,0.000231449124495224
South Korea,Wheat,WheatAEZ11,WheatAEZ11,1975,CO_AWB,0
South Korea,Corn,CornAEZ10,CornAEZ10,1975,N2O_AWB,2.2741606265077e-08
South Korea,Corn,CornAEZ11,CornAEZ11,1975,N2O_AWB,6.00654167008921e-08
South Korea,FiberCrop,FiberCropAEZ10,FiberCropAEZ10,1975,N2O_AWB,1.45217100843909e-08
South Korea,FiberCrop,FiberCropAEZ11,FiberCropAEZ11,1975,N2O_AWB,0
South Korea,FodderGrass,FodderGrassAEZ10,FodderGrassAEZ10,1975,N2O_AWB,0
South Korea,FodderGrass,FodderGrassAEZ11,FodderGrassAEZ11,1975,N2O_AWB,0
South Korea,FodderHerb,FodderHerbAEZ10,FodderHerbAEZ10,1975,N2O_AWB,0
South Korea,FodderHerb,FodderHerbAEZ11,FodderHerbAEZ11,1975,N2O_AWB,0
South Korea,MiscCrop,MiscCropAEZ10,MiscCropAEZ10,1975,N2O_AWB,2.37499059756176e-06
South Korea,MiscCrop,MiscCropAEZ11,MiscCropAEZ11,1975,N2O_AWB,6.29169212888727e-06
South Korea,OilCrop,OilCropAEZ10,OilCropAEZ10,1975,N2O_AWB,1.3713709113669e-07
South Korea,OilCrop,OilCropAEZ11,OilCropAEZ11,1975,N2O_AWB,3.42853537528489e-07
South Korea,OtherGrain,OtherGrainAEZ10,OtherGrainAEZ10,1975,N2O_AWB,7.59139271565312e-07
South Korea,OtherGrain,OtherGrainAEZ11,OtherGrainAEZ11,1975,N2O_AWB,1.83809371392685e-06
South Korea,PalmFruit,PalmFruitAEZ10,PalmFruitAEZ10,1975,N2O_AWB,0
South Korea,PalmFruit,PalmFruitAEZ11,PalmFruitAEZ11,1975,N2O_AWB,0
South Korea,Rice,RiceAEZ10,RiceAEZ10,1975,N2O_AWB,2.62173693371835e-06
South Korea,Rice,RiceAEZ11,RiceAEZ11,1975,N2O_AWB,6.16226995011814e-06
South Korea,Root_Tuber,Root_TuberAEZ10,Root_TuberAEZ10,1975,N2O_AWB,7.85192017319462e-07
South Korea,Root_Tuber,Root_TuberAEZ11,Root_TuberAEZ11,1975,N2O_AWB,2.08727764806958e-06
South Korea,SugarCrop,SugarCropAEZ10,SugarCropAEZ10,1975,N2O_AWB,0
South Korea,SugarCrop,SugarCropAEZ11,SugarCropAEZ11,1975,N2O_AWB,0
South Korea,Wheat,WheatAEZ10,WheatAEZ10,1975,N2O_AWB,1.02288377117739e-07
South Korea,Wheat,WheatAEZ11,WheatAEZ11,1975,N2O_AWB,0
South Korea,Corn,CornAEZ10,CornAEZ10,1975,NH3_AWB,4.23032421625796e-07
South Korea,Corn,CornAEZ11,CornAEZ11,1975,NH3_AWB,1.11731855642761e-06
South Korea,FiberCrop,FiberCropAEZ10,FiberCropAEZ10,1975,NH3_AWB,2.70128420637611e-07
South Korea,FiberCrop,FiberCropAEZ11,FiberCropAEZ11,1975,NH3_AWB,0
South Korea,FodderGrass,FodderGrassAEZ10,FodderGrassAEZ10,1975,NH3_AWB,0
South Korea,FodderGrass,FodderGrassAEZ11,FodderGrassAEZ11,1975,NH3_AWB,0
South Korea,FodderHerb,FodderHerbAEZ10,FodderHerbAEZ10,1975,NH3_AWB,0
South Korea,FodderHerb,FodderHerbAEZ11,FodderHerbAEZ11,1975,NH3_AWB,0
South Korea,MiscCrop,MiscCropAEZ10,MiscCropAEZ10,1975,NH3_AWB,4.41788505224412e-05
South Korea,MiscCrop,MiscCropAEZ11,MiscCropAEZ11,1975,NH3_AWB,0.000117036137482267
South Korea,OilCrop,OilCropAEZ10,OilCropAEZ10,1975,NH3_AWB,2.55098233089013e-06
South Korea,OilCrop,OilCropAEZ11,OilCropAEZ11,1975,NH3_AWB,6.37765690572063e-06
South Korea,OtherGrain,OtherGrainAEZ10,OtherGrainAEZ10,1975,NH3_AWB,1.41212771278463e-05
South Korea,OtherGrain,OtherGrainAEZ11,OtherGrainAEZ11,1975,NH3_AWB,3.41916584921138e-05
South Korea,PalmFruit,PalmFruitAEZ10,PalmFruitAEZ10,1975,NH3_AWB,0
South Korea,PalmFruit,PalmFruitAEZ11,PalmFruitAEZ11,1975,NH3_AWB,0
South Korea,Rice,RiceAEZ10,RiceAEZ10,1975,NH3_AWB,4.87687505890828e-05
South Korea,Rice,RiceAEZ11,RiceAEZ11,1975,NH3_AWB,0.000114628665597537
South Korea,Root_Tuber,Root_TuberAEZ10,Root_TuberAEZ10,1975,NH3_AWB,1.46059023560696e-05
South Korea,Root_Tuber,Root_TuberAEZ11,Root_TuberAEZ11,1975,NH3_AWB,3.88269020128197e-05
South Korea,SugarCrop,SugarCropAEZ10,SugarCropAEZ10,1975,NH3_AWB,0
South Korea,SugarCrop,SugarCropAEZ11,SugarCropAEZ11,1975,NH3_AWB,0
South Korea,Wheat,WheatAEZ10,WheatAEZ10,1975,NH3_AWB,1.90273718452066e-06
South Korea,Wheat,WheatAEZ11,WheatAEZ11,1975,NH3_AWB,0
South Korea,Corn,CornAEZ10,CornAEZ10,1975,NMVOC_AWB,2.2741606265077e-06
South Korea,Corn,CornAEZ11,CornAEZ11,1975,NMVOC_AWB,6.00654167008921e-06
South Korea,FiberCrop,FiberCropAEZ10,FiberCropAEZ10,1975,NMVOC_AWB,1.45217100843909e-06
South Korea,FiberCrop,FiberCropAEZ11,FiberCropAEZ11,1975,NMVOC_AWB,0
South Korea,FodderGrass,FodderGrassAEZ10,FodderGrassAEZ10,1975,NMVOC_AWB,0
South Korea,FodderGrass,FodderGrassAEZ11,FodderGrassAEZ11,1975,NMVOC_AWB,0
South Korea,FodderHerb,FodderHerbAEZ10,FodderHerbAEZ10,1975,NMVOC_AWB,0
South Korea,FodderHerb,FodderHerbAEZ11,FodderHerbAEZ11,1975,NMVOC_AWB,0
South Korea,MiscCrop,MiscCropAEZ10,MiscCropAEZ10,1975,NMVOC_AWB,0.000237499059756176
South Korea,MiscCrop,MiscCropAEZ11,MiscCropAEZ11,1975,NMVOC_AWB,0.000629169212888726
South Korea,OilCrop,OilCropAEZ10,OilCropAEZ10,1975,NMVOC_AWB,1.3713709113669e-05
South Korea,OilCrop,OilCropAEZ11,OilCropAEZ11,1975,NMVOC_AWB,3.42853537528489e-05
South Korea,OtherGrain,OtherGrainAEZ10,OtherGrainAEZ10,1975,NMVOC_AWB,7.59139271565312e-05
South Korea,OtherGrain,OtherGrainAEZ11,OtherGrainAEZ11,1975,NMVOC_AWB,0.000183809371392685
South Korea,PalmFruit,PalmFruitAEZ10,PalmFruitAEZ10,1975,NMVOC_AWB,0
South Korea,PalmFruit,PalmFruitAEZ11,PalmFruitAEZ11,1975,NMVOC_AWB,0
South Korea,Rice,RiceAEZ10,RiceAEZ10,1975,NMVOC_AWB,0.000262173693371835
South Korea,Rice,RiceAEZ11,RiceAEZ11,1975,NMVOC_AWB,0.000616226995011814
South Korea,Root_Tuber,Root_TuberAEZ10,Root_TuberAEZ10,1975,NMVOC_AWB,7.85192017319461e-05
South Korea,Root_Tuber,Root_TuberAEZ11,Root_TuberAEZ11,1975,NMVOC_AWB,0.000208727764806958
South Korea,SugarCrop,SugarCropAEZ10,SugarCropAEZ10,1975,NMVOC_AWB,0
South Korea,SugarCrop,SugarCropAEZ11,SugarCropAEZ11,1975,NMVOC_AWB,0
South Korea,Wheat,WheatAEZ10,WheatAEZ10,1975,NMVOC_AWB,1.02288377117739e-05
South Korea,Wheat,WheatAEZ11,WheatAEZ11,1975,NMVOC_AWB,0
South Korea,Corn,CornAEZ10,CornAEZ10,1975,NOx_AWB,1.23344305166519e-06
South Korea,Corn,CornAEZ11,CornAEZ11,1975,NOx_AWB,3.25778531259076e-06
South Korea,FiberCrop,FiberCropAEZ10,FiberCropAEZ10,1975,NOx_AWB,7.8761817406866e-07
South Korea,FiberCrop,FiberCropAEZ11,FiberCropAEZ11,1975,NOx_AWB,0
South Korea,FodderGrass,FodderGrassAEZ10,FodderGrassAEZ10,1975,NOx_AWB,0
South Korea,FodderGrass,FodderGrassAEZ11,FodderGrassAEZ11,1975,NOx_AWB,0
South Korea,FodderHerb,FodderHerbAEZ10,FodderHerbAEZ10,1975,NOx_AWB,0
South Korea,FodderHerb,FodderHerbAEZ11,FodderHerbAEZ11,1975,NOx_AWB,0
South Korea,MiscCrop,MiscCropAEZ10,MiscCropAEZ10,1975,NOx_AWB,0.000128813049359282
South Korea,MiscCrop,MiscCropAEZ11,MiscCropAEZ11,1975,NOx_AWB,0.000341244318854903
South Korea,OilCrop,OilCropAEZ10,OilCropAEZ10,1975,NOx_AWB,7.43794392605778e-06
South Korea,OilCrop,OilCropAEZ11,OilCropAEZ11,1975,NOx_AWB,1.85954461032401e-05
South Korea,OtherGrain,OtherGrainAEZ10,OtherGrainAEZ10,1975,NOx_AWB,4.11736554069322e-05
South Korea,OtherGrain,OtherGrainAEZ11,OtherGrainAEZ11,1975,NOx_AWB,9.96932183824732e-05
South Korea,PalmFruit,PalmFruitAEZ10,PalmFruitAEZ10,1975,NOx_AWB,0
South Korea,PalmFruit,PalmFruitAEZ11,PalmFruitAEZ11,1975,NOx_AWB,0
South Korea,Rice,RiceAEZ10,RiceAEZ10,1975,NOx_AWB,0.000142195901489809
South Korea,Rice,RiceAEZ11,RiceAEZ11,1975,NOx_AWB,0.000334224810853865
South Korea,Root_Tuber,Root_TuberAEZ10,Root_TuberAEZ10,1975,NOx_AWB,4.25866856851233e-05
South Korea,Root_Tuber,Root_TuberAEZ11,Root_TuberAEZ11,1975,NOx_AWB,0.000113208279217333
South Korea,SugarCrop,SugarCropAEZ10,SugarCropAEZ10,1975,NOx_AWB,0
South Korea,SugarCrop,SugarCropAEZ11,SugarCropAEZ11,1975,NOx_AWB,0
South Korea,Wheat,WheatAEZ10,WheatAEZ10,1975,NOx_AWB,5.54784418265706e-06
South Korea,Wheat,WheatAEZ11,WheatAEZ11,1975,NOx_AWB,0
South Korea,Corn,CornAEZ10,CornAEZ10,1975,SO2_AWB,2.29343317418997e-07
South Korea,Corn,CornAEZ11,CornAEZ11,1975,SO2_AWB,6.05744456559844e-07
South Korea,FiberCrop,FiberCropAEZ10,FiberCropAEZ10,1975,SO2_AWB,1.46447754240891e-07
South Korea,FiberCrop,FiberCropAEZ11,FiberCropAEZ11,1975,SO2_AWB,0
South Korea,FodderGrass,FodderGrassAEZ10,FodderGrassAEZ10,1975,SO2_AWB,0
South Korea,FodderGrass,FodderGrassAEZ11,FodderGrassAEZ11,1975,SO2_AWB,0
South Korea,FodderHerb,FodderHerbAEZ10,FodderHerbAEZ10,1975,SO2_AWB,0
South Korea,FodderHerb,FodderHerbAEZ11,FodderHerbAEZ11,1975,SO2_AWB,0
South Korea,MiscCrop,MiscCropAEZ10,MiscCropAEZ10,1975,SO2_AWB,2.39511763652415e-05
South Korea,MiscCrop,MiscCropAEZ11,MiscCropAEZ11,1975,SO2_AWB,6.34501155370834e-05
South Korea,OilCrop,OilCropAEZ10,OilCropAEZ10,1975,SO2_AWB,1.38299269875137e-06
South Korea,OilCrop,OilCropAEZ11,OilCropAEZ11,1975,SO2_AWB,3.45759075982121e-06
South Korea,OtherGrain,OtherGrainAEZ10,OtherGrainAEZ10,1975,SO2_AWB,7.65572655222645e-06
South Korea,OtherGrain,OtherGrainAEZ11,OtherGrainAEZ11,1975,SO2_AWB,1.85367077929911e-05
South Korea,PalmFruit,PalmFruitAEZ10,PalmFruitAEZ10,1975,SO2_AWB,0
South Korea,PalmFruit,PalmFruitAEZ11,PalmFruitAEZ11,1975,SO2_AWB,0
South Korea,Rice,RiceAEZ10,RiceAEZ10,1975,SO2_AWB,2.64395504332613e-05
South Korea,Rice,RiceAEZ11,RiceAEZ11,1975,SO2_AWB,6.21449257681406e-05
South Korea,Root_Tuber,Root_TuberAEZ10,Root_TuberAEZ10,1975,SO2_AWB,7.91846186957762e-06
South Korea,Root_Tuber,Root_TuberAEZ11,Root_TuberAEZ11,1975,SO2_AWB,2.10496644169729e-05
South Korea,SugarCrop,SugarCropAEZ10,SugarCropAEZ10,1975,SO2_AWB,0
South Korea,SugarCrop,SugarCropAEZ11,SugarCropAEZ11,1975,SO2_AWB,0
South Korea,Wheat,WheatAEZ10,WheatAEZ10,1975,SO2_AWB,1.0315522777128e-06
South Korea,Wheat,WheatAEZ11,WheatAEZ11,1975,SO2_AWB,0
Southeast Asia,Corn,CornAEZ04,CornAEZ04,1975,CH4_AWB,0.00218716053534691
Southeast Asia,Corn,CornAEZ05,CornAEZ05,1975,CH4_AWB,0.0017359002994264
Southeast Asia,Corn,CornAEZ06,CornAEZ06,1975,CH4_AWB,0.00326247992672497
Southeast Asia,Corn,CornAEZ09,CornAEZ09,1975,CH4_AWB,3.23424183527668e-05
Southeast Asia,Corn,CornAEZ10,CornAEZ10,1975,CH4_AWB,0.000756800439506498
Southeast Asia,Corn,CornAEZ11,CornAEZ11,1975,CH4_AWB,0.000120657044708109
Southeast Asia,Corn,CornAEZ12,CornAEZ12,1975,CH4_AWB,8.55467937577819e-05
Southeast Asia,Corn,CornAEZ15,CornAEZ15,1975,CH4_AWB,7.71366739703021e-05
Southeast Asia,Corn,CornAEZ16,CornAEZ16,1975,CH4_AWB,2.04565455138825e-06
Southeast Asia,FiberCrop,FiberCropAEZ04,FiberCropAEZ04,1975,CH4_AWB,0.00022068264742426
Southeast Asia,FiberCrop,FiberCropAEZ05,FiberCropAEZ05,1975,CH4_AWB,0.000289972667033362
Southeast Asia,FiberCrop,FiberCropAEZ06,FiberCropAEZ06,1975,CH4_AWB,0.000165838889035166
Southeast Asia,FiberCrop,FiberCropAEZ09,FiberCropAEZ09,1975,CH4_AWB,1.32788695110827e-06
Southeast Asia,FiberCrop,FiberCropAEZ10,FiberCropAEZ10,1975,CH4_AWB,5.75366996105523e-05
Southeast Asia,FiberCrop,FiberCropAEZ11,FiberCropAEZ11,1975,CH4_AWB,1.90482511116357e-05
Southeast Asia,FiberCrop,FiberCropAEZ12,FiberCropAEZ12,1975,CH4_AWB,7.90312360977666e-06
Southeast Asia,FiberCrop,FiberCropAEZ15,FiberCropAEZ15,1975,CH4_AWB,4.61381585684055e-06
Southeast Asia,FiberCrop,FiberCropAEZ16,FiberCropAEZ16,1975,CH4_AWB,1.11501957726649e-07
Southeast Asia,FodderGrass,FodderGrassAEZ04,FodderGrassAEZ04,1975,CH4_AWB,0.000223402537491804
Southeast Asia,FodderGrass,FodderGrassAEZ05,FodderGrassAEZ05,1975,CH4_AWB,0.000628727801571693
Southeast Asia,FodderGrass,FodderGrassAEZ06,FodderGrassAEZ06,1975,CH4_AWB,0.000235701679043424
Southeast Asia,FodderGrass,FodderGrassAEZ09,FodderGrassAEZ09,1975,CH4_AWB,0
Southeast Asia,FodderGrass,FodderGrassAEZ10,FodderGrassAEZ10,1975,CH4_AWB,1.83578999233013e-06
Southeast Asia,FodderGrass,FodderGrassAEZ11,FodderGrassAEZ11,1975,CH4_AWB,7.51177599648081e-05
Southeast Asia,FodderGrass,FodderGrassAEZ12,FodderGrassAEZ12,1975,CH4_AWB,2.47563426673891e-05
Southeast Asia,FodderGrass,FodderGrassAEZ15,FodderGrassAEZ15,1975,CH4_AWB,5.4410807537232e-08
Southeast Asia,FodderGrass,FodderGrassAEZ16,FodderGrassAEZ16,1975,CH4_AWB,7.99110838865473e-07
Southeast Asia,FodderHerb,FodderHerbAEZ04,FodderHerbAEZ04,1975,CH4_AWB,1.30112893113292e-06
Southeast Asia,FodderHerb,FodderHerbAEZ05,FodderHerbAEZ05,1975,CH4_AWB,0.000200584062636865
Southeast Asia,FodderHerb,FodderHerbAEZ06,FodderHerbAEZ06,1975,CH4_AWB,0.000158896193519408
Southeast Asia,FodderHerb,FodderHerbAEZ09,FodderHerbAEZ09,1975,CH4_AWB,0
Southeast Asia,FodderHerb,FodderHerbAEZ10,FodderHerbAEZ10,1975,CH4_AWB,0
Southeast Asia,FodderHerb,FodderHerbAEZ11,FodderHerbAEZ11,1975,CH4_AWB,0
Southeast Asia,FodderHerb,FodderHerbAEZ12,FodderHerbAEZ12,1975,CH4_AWB,7.30012023333241e-06
Southeast Asia,FodderHerb,FodderHerbAEZ15,FodderHerbAEZ15,1975,CH4_AWB,0
Southeast Asia,FodderHerb,FodderHerbAEZ16,FodderHerbAEZ16,1975,CH4_AWB,0
Southeast Asia,MiscCrop,MiscCropAEZ04,MiscCropAEZ04,1975,CH4_AWB,0.00451999988922326
Southeast Asia,MiscCrop,MiscCropAEZ05,MiscCropAEZ05,1975,CH4_AWB,0.00888573574560195
Southeast Asia,MiscCrop,MiscCropAEZ06,MiscCropAEZ06,1975,CH4_AWB,0.0121721763550678
Southeast Asia,MiscCrop,MiscCropAEZ09,MiscCropAEZ09,1975,CH4_AWB,6.244721402521e-05
Southeast Asia,MiscCrop,MiscCropAEZ10,MiscCropAEZ10,1975,CH4_AWB,0.00251326786677067
Southeast Asia,MiscCrop,MiscCropAEZ11,MiscCropAEZ11,1975,CH4_AWB,0.000882586494258461
Southeast Asia,MiscCrop,MiscCropAEZ12,MiscCropAEZ12,1975,CH4_AWB,0.000305747204736108
Southeast Asia,MiscCrop,MiscCropAEZ15,MiscCropAEZ15,1975,CH4_AWB,0.000151074841499691
Southeast Asia,MiscCrop,MiscCropAEZ16,MiscCropAEZ16,1975,CH4_AWB,9.81815335462428e-07
Southeast Asia,OilCrop,OilCropAEZ04,OilCropAEZ04,1975,CH4_AWB,0.000366023057028212
Southeast Asia,OilCrop,OilCropAEZ05,OilCropAEZ05,1975,CH4_AWB,0.00074708489312504
Southeast Asia,OilCrop,OilCropAEZ06,OilCropAEZ06,1975,CH4_AWB,0.00024337198186041
Southeast Asia,OilCrop,OilCropAEZ09,OilCropAEZ09,1975,CH4_AWB,6.77017940249092e-06
Southeast Asia,OilCrop,OilCropAEZ10,OilCropAEZ10,1975,CH4_AWB,0.000159336164132213
Southeast Asia,OilCrop,OilCropAEZ11,OilCropAEZ11,1975,CH4_AWB,7.87483881285986e-05
Southeast Asia,OilCrop,OilCropAEZ12,OilCropAEZ12,1975,CH4_AWB,2.55601425569978e-05
Southeast Asia,OilCrop,OilCropAEZ15,OilCropAEZ15,1975,CH4_AWB,1.62351376923809e-05
Southeast Asia,OilCrop,OilCropAEZ16,OilCropAEZ16,1975,CH4_AWB,5.21988451018136e-07
Southeast Asia,OtherGrain,OtherGrainAEZ04,OtherGrainAEZ04,1975,CH4_AWB,0.000168779252729816
Southeast Asia,OtherGrain,OtherGrainAEZ05,OtherGrainAEZ05,1975,CH4_AWB,0.000178894211949154
Southeast Asia,OtherGrain,OtherGrainAEZ06,OtherGrainAEZ06,1975,CH4_AWB,1.95302446457537e-05
Southeast Asia,OtherGrain,OtherGrainAEZ09,OtherGrainAEZ09,1975,CH4_AWB,4.93686797208037e-06
Southeast Asia,OtherGrain,OtherGrainAEZ10,OtherGrainAEZ10,1975,CH4_AWB,0.000194697493845966
Southeast Asia,OtherGrain,OtherGrainAEZ11,OtherGrainAEZ11,1975,CH4_AWB,4.87207868403542e-05
Southeast Asia,OtherGrain,OtherGrainAEZ12,OtherGrainAEZ12,1975,CH4_AWB,7.87575049217019e-06
Southeast Asia,OtherGrain,OtherGrainAEZ15,OtherGrainAEZ15,1975,CH4_AWB,1.33733678578561e-05
Southeast Asia,OtherGrain,OtherGrainAEZ16,OtherGrainAEZ16,1975,CH4_AWB,1.64183381010603e-07
Southeast Asia,PalmFruit,PalmFruitAEZ04,PalmFruitAEZ04,1975,CH4_AWB,0.000954271698414009
Southeast Asia,PalmFruit,PalmFruitAEZ05,PalmFruitAEZ05,1975,CH4_AWB,0.000971439243841162
Southeast Asia,PalmFruit,PalmFruitAEZ06,PalmFruitAEZ06,1975,CH4_AWB,0.0187539825968634
Southeast Asia,PalmFruit,PalmFruitAEZ09,PalmFruitAEZ09,1975,CH4_AWB,0
Southeast Asia,PalmFruit,PalmFruitAEZ10,PalmFruitAEZ10,1975,CH4_AWB,3.16867189802736e-06
Southeast Asia,PalmFruit,PalmFruitAEZ11,PalmFruitAEZ11,1975,CH4_AWB,1.41156996096618e-06
Southeast Asia,PalmFruit,PalmFruitAEZ12,PalmFruitAEZ12,1975,CH4_AWB,8.09044161342019e-06
Southeast Asia,PalmFruit,PalmFruitAEZ15,PalmFruitAEZ15,1975,CH4_AWB,0
Southeast Asia,PalmFruit,PalmFruitAEZ16,PalmFruitAEZ16,1975,CH4_AWB,0
Southeast Asia,Rice,RiceAEZ04,RiceAEZ04,1975,CH4_AWB,0.0152889153665387
Southeast Asia,Rice,RiceAEZ05,RiceAEZ05,1975,CH4_AWB,0.0204388171677755
Southeast Asia,Rice,RiceAEZ06,RiceAEZ06,1975,CH4_AWB,0.0119501547114963
Southeast Asia,Rice,RiceAEZ09,RiceAEZ09,1975,CH4_AWB,3.46685512405555e-05
Southeast Asia,Rice,RiceAEZ10,RiceAEZ10,1975,CH4_AWB,0.000898004205026119
Southeast Asia,Rice,RiceAEZ11,RiceAEZ11,1975,CH4_AWB,0.000662300583268136
Southeast Asia,Rice,RiceAEZ12,RiceAEZ12,1975,CH4_AWB,0.000448213056261975
Southeast Asia,Rice,RiceAEZ15,RiceAEZ15,1975,CH4_AWB,8.68979747428827e-05
Southeast Asia,Rice,RiceAEZ16,RiceAEZ16,1975,CH4_AWB,2.75002583503962e-06
Southeast Asia,Root_Tuber,Root_TuberAEZ04,Root_TuberAEZ04,1975,CH4_AWB,0.00851509033175004
Southeast Asia,Root_Tuber,Root_TuberAEZ05,Root_TuberAEZ05,1975,CH4_AWB,0.0041131906645959
Southeast Asia,Root_Tuber,Root_TuberAEZ06,Root_TuberAEZ06,1975,CH4_AWB,0.00335154444358347
Southeast Asia,Root_Tuber,Root_TuberAEZ09,Root_TuberAEZ09,1975,CH4_AWB,3.96721911999603e-05
Southeast Asia,Root_Tuber,Root_TuberAEZ10,Root_TuberAEZ10,1975,CH4_AWB,0.00103210521438101
Southeast Asia,Root_Tuber,Root_TuberAEZ11,Root_TuberAEZ11,1975,CH4_AWB,0.000129823570327506
Southeast Asia,Root_Tuber,Root_TuberAEZ12,Root_TuberAEZ12,1975,CH4_AWB,0.000154896846772573
Southeast Asia,Root_Tuber,Root_TuberAEZ15,Root_TuberAEZ15,1975,CH4_AWB,7.39469540185436e-05
Southeast Asia,Root_Tuber,Root_TuberAEZ16,Root_TuberAEZ16,1975,CH4_AWB,1.10170181198825e-06
Southeast Asia,SugarCrop,SugarCropAEZ04,SugarCropAEZ04,1975,CH4_AWB,0.021701794096475
Southeast Asia,SugarCrop,SugarCropAEZ05,SugarCropAEZ05,1975,CH4_AWB,0.0209133183273965
Southeast Asia,SugarCrop,SugarCropAEZ06,SugarCropAEZ06,1975,CH4_AWB,0.0184766876015952
Southeast Asia,SugarCrop,SugarCropAEZ09,SugarCropAEZ09,1975,CH4_AWB,0
Southeast Asia,SugarCrop,SugarCropAEZ10,SugarCropAEZ10,1975,CH4_AWB,5.87270721538867e-05
Southeast Asia,SugarCrop,SugarCropAEZ11,SugarCropAEZ11,1975,CH4_AWB,0.00100785202461115
Southeast Asia,SugarCrop,SugarCropAEZ12,SugarCropAEZ12,1975,CH4_AWB,0.00025585443154513
Southeast Asia,SugarCrop,SugarCropAEZ15,SugarCropAEZ15,1975,CH4_AWB,0
Southeast Asia,SugarCrop,SugarCropAEZ16,SugarCropAEZ16,1975,CH4_AWB,0
Southeast Asia,Wheat,WheatAEZ04,WheatAEZ04,1975,CH4_AWB,1.30577841928782e-05
Southeast Asia,Wheat,WheatAEZ05,WheatAEZ05,1975,CH4_AWB,4.79544578841255e-05
Southeast Asia,Wheat,WheatAEZ06,WheatAEZ06,1975,CH4_AWB,1.06489459755003e-07
Southeast Asia,Wheat,WheatAEZ09,WheatAEZ09,1975,CH4_AWB,1.22657202549924e-06
Southeast Asia,Wheat,WheatAEZ10,WheatAEZ10,1975,CH4_AWB,7.80388962079039e-05
Southeast Asia,Wheat,WheatAEZ11,WheatAEZ11,1975,CH4_AWB,1.60519257912451e-05
Southeast Asia,Wheat,WheatAEZ12,WheatAEZ12,1975,CH4_AWB,3.96187428008213e-06
Southeast Asia,Wheat,WheatAEZ15,WheatAEZ15,1975,CH4_AWB,5.32835946438356e-06
Southeast Asia,Wheat,WheatAEZ16,WheatAEZ16,1975,CH4_AWB,8.22378455626231e-07
Southeast Asia,Corn,CornAEZ04,CornAEZ04,1975,CO_AWB,0.099703902344201
Southeast Asia,Corn,CornAEZ05,CornAEZ05,1975,CO_AWB,0.0791327527797713
Southeast Asia,Corn,CornAEZ06,CornAEZ06,1975,CO_AWB,0.1487234131913
Southeast Asia,Corn,CornAEZ09,CornAEZ09,1975,CO_AWB,0.00147436151526394
Southeast Asia,Corn,CornAEZ10,CornAEZ10,1975,CO_AWB,0.0344995055896233
Southeast Asia,Corn,CornAEZ11,CornAEZ11,1975,CO_AWB,0.00550027216031909
Southeast Asia,Corn,CornAEZ12,CornAEZ12,1975,CO_AWB,0.00389973622550415
Southeast Asia,Corn,CornAEZ15,CornAEZ15,1975,CO_AWB,0.00351635249648998
Southeast Asia,Corn,CornAEZ16,CornAEZ16,1975,CO_AWB,9.32532104184266e-05
Southeast Asia,FiberCrop,FiberCropAEZ04,FiberCropAEZ04,1975,CO_AWB,0.01006003938543
Southeast Asia,FiberCrop,FiberCropAEZ05,FiberCropAEZ05,1975,CO_AWB,0.0132186942883898
Southeast Asia,FiberCrop,FiberCropAEZ06,FiberCropAEZ06,1975,CO_AWB,0.0075599317608437
Southeast Asia,FiberCrop,FiberCropAEZ09,FiberCropAEZ09,1975,CO_AWB,6.05330558766862e-05
Southeast Asia,FiberCrop,FiberCropAEZ10,FiberCropAEZ10,1975,CO_AWB,0.00262286804579172
Southeast Asia,FiberCrop,FiberCropAEZ11,FiberCropAEZ11,1975,CO_AWB,0.00086833359415984
Southeast Asia,FiberCrop,FiberCropAEZ12,FiberCropAEZ12,1975,CO_AWB,0.000360271800752083
Southeast Asia,FiberCrop,FiberCropAEZ15,FiberCropAEZ15,1975,CO_AWB,0.000210325414248384
Southeast Asia,FiberCrop,FiberCropAEZ16,FiberCropAEZ16,1975,CO_AWB,5.08292835605763e-06
Southeast Asia,FodderGrass,FodderGrassAEZ04,FodderGrassAEZ04,1975,CO_AWB,0.0101840282967599
Southeast Asia,FodderGrass,FodderGrassAEZ05,FodderGrassAEZ05,1975,CO_AWB,0.0286611861890812
Southeast Asia,FodderGrass,FodderGrassAEZ06,FodderGrassAEZ06,1975,CO_AWB,0.0107446969757902
Southeast Asia,FodderGrass,FodderGrassAEZ09,FodderGrassAEZ09,1975,CO_AWB,0
Southeast Asia,FodderGrass,FodderGrassAEZ10,FodderGrassAEZ10,1975,CO_AWB,8.36863244200375e-05
Southeast Asia,FodderGrass,FodderGrassAEZ11,FodderGrassAEZ11,1975,CO_AWB,0.00342431828062334
Southeast Asia,FodderGrass,FodderGrassAEZ12,FodderGrassAEZ12,1975,CO_AWB,0.0011285426615095
Southeast Asia,FodderGrass,FodderGrassAEZ15,FodderGrassAEZ15,1975,CO_AWB,2.48037112662186e-06
Southeast Asia,FodderGrass,FodderGrassAEZ16,FodderGrassAEZ16,1975,CO_AWB,3.6428267496971e-05
Southeast Asia,FodderHerb,FodderHerbAEZ04,FodderHerbAEZ04,1975,CO_AWB,5.9313264751421e-05
Southeast Asia,FodderHerb,FodderHerbAEZ05,FodderHerbAEZ05,1975,CO_AWB,0.00914382527928021
Southeast Asia,FodderHerb,FodderHerbAEZ06,FodderHerbAEZ06,1975,CO_AWB,0.00724344203614274
Southeast Asia,FodderHerb,FodderHerbAEZ09,FodderHerbAEZ09,1975,CO_AWB,0
Southeast Asia,FodderHerb,FodderHerbAEZ10,FodderHerbAEZ10,1975,CO_AWB,0
Southeast Asia,FodderHerb,FodderHerbAEZ11,FodderHerbAEZ11,1975,CO_AWB,0
Southeast Asia,FodderHerb,FodderHerbAEZ12,FodderHerbAEZ12,1975,CO_AWB,0.0003327832882325
Southeast Asia,FodderHerb,FodderHerbAEZ15,FodderHerbAEZ15,1975,CO_AWB,0
Southeast Asia,FodderHerb,FodderHerbAEZ16,FodderHerbAEZ16,1975,CO_AWB,0
Southeast Asia,MiscCrop,MiscCropAEZ04,MiscCropAEZ04,1975,CO_AWB,0.206048719455078
Southeast Asia,MiscCrop,MiscCropAEZ05,MiscCropAEZ05,1975,CO_AWB,0.405065158555154
Southeast Asia,MiscCrop,MiscCropAEZ06,MiscCropAEZ06,1975,CO_AWB,0.554880843453761
Southeast Asia,MiscCrop,MiscCropAEZ09,MiscCropAEZ09,1975,CO_AWB,0.00284671876079247
Southeast Asia,MiscCrop,MiscCropAEZ10,MiscCropAEZ10,1975,CO_AWB,0.114569831479506
Southeast Asia,MiscCrop,MiscCropAEZ11,MiscCropAEZ11,1975,CO_AWB,0.0402335888069134
Southeast Asia,MiscCrop,MiscCropAEZ12,MiscCropAEZ12,1975,CO_AWB,0.0139377923798292
Southeast Asia,MiscCrop,MiscCropAEZ15,MiscCropAEZ15,1975,CO_AWB,0.00688689787517663
Southeast Asia,MiscCrop,MiscCropAEZ16,MiscCropAEZ16,1975,CO_AWB,4.47570348609359e-05
Southeast Asia,OilCrop,OilCropAEZ04,OilCropAEZ04,1975,CO_AWB,0.0166855274424922
Southeast Asia,OilCrop,OilCropAEZ05,OilCropAEZ05,1975,CO_AWB,0.034056612682595
Southeast Asia,OilCrop,OilCropAEZ06,OilCropAEZ06,1975,CO_AWB,0.0110943554076501
Southeast Asia,OilCrop,OilCropAEZ09,OilCropAEZ09,1975,CO_AWB,0.000308625404989584
Southeast Asia,OilCrop,OilCropAEZ10,OilCropAEZ10,1975,CO_AWB,0.0072634985369366
Southeast Asia,OilCrop,OilCropAEZ11,OilCropAEZ11,1975,CO_AWB,0.00358982409971643
Southeast Asia,OilCrop,OilCropAEZ12,OilCropAEZ12,1975,CO_AWB,0.00116518468407832
Southeast Asia,OilCrop,OilCropAEZ15,OilCropAEZ15,1975,CO_AWB,0.000740095003025946
Southeast Asia,OilCrop,OilCropAEZ16,OilCropAEZ16,1975,CO_AWB,2.37953660483628e-05
Southeast Asia,OtherGrain,OtherGrainAEZ04,OtherGrainAEZ04,1975,CO_AWB,0.00769397118315856
Southeast Asia,OtherGrain,OtherGrainAEZ05,OtherGrainAEZ05,1975,CO_AWB,0.00815507172421258
Southeast Asia,OtherGrain,OtherGrainAEZ06,OtherGrainAEZ06,1975,CO_AWB,0.000890305751886531
Southeast Asia,OtherGrain,OtherGrainAEZ09,OtherGrainAEZ09,1975,CO_AWB,0.000225052068295683
Southeast Asia,OtherGrain,OtherGrainAEZ10,OtherGrainAEZ10,1975,CO_AWB,0.00887548014851129
Southeast Asia,OtherGrain,OtherGrainAEZ11,OtherGrainAEZ11,1975,CO_AWB,0.00222098583746292
Southeast Asia,OtherGrain,OtherGrainAEZ12,OtherGrainAEZ12,1975,CO_AWB,0.000359023969785592
Southeast Asia,OtherGrain,OtherGrainAEZ15,OtherGrainAEZ15,1975,CO_AWB,0.000609638360497057
Southeast Asia,OtherGrain,OtherGrainAEZ16,OtherGrainAEZ16,1975,CO_AWB,7.48446377038596e-06
Southeast Asia,PalmFruit,PalmFruitAEZ04,PalmFruitAEZ04,1975,CO_AWB,0.0435014305949947
Southeast Asia,PalmFruit,PalmFruitAEZ05,PalmFruitAEZ05,1975,CO_AWB,0.0442840303379473
Southeast Asia,PalmFruit,PalmFruitAEZ06,PalmFruitAEZ06,1975,CO_AWB,0.854919069352142
Southeast Asia,PalmFruit,PalmFruitAEZ09,PalmFruitAEZ09,1975,CO_AWB,0
Southeast Asia,PalmFruit,PalmFruitAEZ10,PalmFruitAEZ10,1975,CO_AWB,0.000144447080301594
Southeast Asia,PalmFruit,PalmFruitAEZ11,PalmFruitAEZ11,1975,CO_AWB,6.43478296474731e-05
Southeast Asia,PalmFruit,PalmFruitAEZ12,PalmFruitAEZ12,1975,CO_AWB,0.000368810879452871
Southeast Asia,PalmFruit,PalmFruitAEZ15,PalmFruitAEZ15,1975,CO_AWB,0
Southeast Asia,PalmFruit,PalmFruitAEZ16,PalmFruitAEZ16,1975,CO_AWB,0
Southeast Asia,Rice,RiceAEZ04,RiceAEZ04,1975,CO_AWB,0.696960511137032
Southeast Asia,Rice,RiceAEZ05,RiceAEZ05,1975,CO_AWB,0.931723939780965
Southeast Asia,Rice,RiceAEZ06,RiceAEZ06,1975,CO_AWB,0.544759764588628
Southeast Asia,Rice,RiceAEZ09,RiceAEZ09,1975,CO_AWB,0.00158040061140506
Southeast Asia,Rice,RiceAEZ10,RiceAEZ10,1975,CO_AWB,0.0409364205853343
Southeast Asia,Rice,RiceAEZ11,RiceAEZ11,1975,CO_AWB,0.0301916350489562
Southeast Asia,Rice,RiceAEZ12,RiceAEZ12,1975,CO_AWB,0.0204322408294788
Southeast Asia,Rice,RiceAEZ15,RiceAEZ15,1975,CO_AWB,0.00396133116323763
Southeast Asia,Rice,RiceAEZ16,RiceAEZ16,1975,CO_AWB,0.000125362680456984
Southeast Asia,Root_Tuber,Root_TuberAEZ04,Root_TuberAEZ04,1975,CO_AWB,0.38816891634989
Southeast Asia,Root_Tuber,Root_TuberAEZ05,Root_TuberAEZ05,1975,CO_AWB,0.187503913735761
Southeast Asia,Root_Tuber,Root_TuberAEZ06,Root_TuberAEZ06,1975,CO_AWB,0.152783508345579
Southeast Asia,Root_Tuber,Root_TuberAEZ09,Root_TuberAEZ09,1975,CO_AWB,0.00180849654758146
Southeast Asia,Root_Tuber,Root_TuberAEZ10,Root_TuberAEZ10,1975,CO_AWB,0.0470495493314408
Southeast Asia,Root_Tuber,Root_TuberAEZ11,Root_TuberAEZ11,1975,CO_AWB,0.00591813740634091
Southeast Asia,Root_Tuber,Root_TuberAEZ12,Root_TuberAEZ12,1975,CO_AWB,0.00706112781135553
Southeast Asia,Root_Tuber,Root_TuberAEZ15,Root_TuberAEZ15,1975,CO_AWB,0.00337094591959002
Southeast Asia,Root_Tuber,Root_TuberAEZ16,Root_TuberAEZ16,1975,CO_AWB,5.02221798993292e-05
Southeast Asia,SugarCrop,SugarCropAEZ04,SugarCropAEZ04,1975,CO_AWB,0.989298007311432
Southeast Asia,SugarCrop,SugarCropAEZ05,SugarCropAEZ05,1975,CO_AWB,0.95335455011637
Southeast Asia,SugarCrop,SugarCropAEZ06,SugarCropAEZ06,1975,CO_AWB,0.842278299421474
Southeast Asia,SugarCrop,SugarCropAEZ09,SugarCropAEZ09,1975,CO_AWB,0
Southeast Asia,SugarCrop,SugarCropAEZ10,SugarCropAEZ10,1975,CO_AWB,0.00267713236973857
Southeast Asia,SugarCrop,SugarCropAEZ11,SugarCropAEZ11,1975,CO_AWB,0.0459439433984196
Southeast Asia,SugarCrop,SugarCropAEZ12,SugarCropAEZ12,1975,CO_AWB,0.0116633803714186
Southeast Asia,SugarCrop,SugarCropAEZ15,SugarCropAEZ15,1975,CO_AWB,0
Southeast Asia,SugarCrop,SugarCropAEZ16,SugarCropAEZ16,1975,CO_AWB,0
Southeast Asia,Wheat,WheatAEZ04,WheatAEZ04,1975,CO_AWB,0.000595252163230841
Southeast Asia,Wheat,WheatAEZ05,WheatAEZ05,1975,CO_AWB,0.0021860519649005
Southeast Asia,Wheat,WheatAEZ06,WheatAEZ06,1975,CO_AWB,4.8544286185264e-06
Southeast Asia,Wheat,WheatAEZ09,WheatAEZ09,1975,CO_AWB,5.59145135768954e-05
Southeast Asia,Wheat,WheatAEZ10,WheatAEZ10,1975,CO_AWB,0.00355748120031251
Southeast Asia,Wheat,WheatAEZ11,WheatAEZ11,1975,CO_AWB,0.000731743105118167
Southeast Asia,Wheat,WheatAEZ12,WheatAEZ12,1975,CO_AWB,0.000180606004880504
Southeast Asia,Wheat,WheatAEZ15,WheatAEZ15,1975,CO_AWB,0.000242898599854003
Southeast Asia,Wheat,WheatAEZ16,WheatAEZ16,1975,CO_AWB,3.74889450978171e-05
Southeast Asia,Corn,CornAEZ04,CornAEZ04,1975,N2O_AWB,5.68581180042604e-05
Southeast Asia,Corn,CornAEZ05,CornAEZ05,1975,N2O_AWB,4.51270139860869e-05
Southeast Asia,Corn,CornAEZ06,CornAEZ06,1975,N2O_AWB,8.48124614825481e-05
Southeast Asia,Corn,CornAEZ09,CornAEZ09,1975,N2O_AWB,8.40783751135622e-07
Southeast Asia,Corn,CornAEZ10,CornAEZ10,1975,N2O_AWB,1.96740239226708e-05
Southeast Asia,Corn,CornAEZ11,CornAEZ11,1975,N2O_AWB,3.1366387492772e-06
Southeast Asia,Corn,CornAEZ12,CornAEZ12,1975,N2O_AWB,2.22390154529493e-06
Southeast Asia,Corn,CornAEZ15,CornAEZ15,1975,N2O_AWB,2.00526940760841e-06
Southeast Asia,Corn,CornAEZ16,CornAEZ16,1975,N2O_AWB,5.31794836268553e-08
Southeast Asia,FiberCrop,FiberCropAEZ04,FiberCropAEZ04,1975,N2O_AWB,5.73693599804779e-06
Southeast Asia,FiberCrop,FiberCropAEZ05,FiberCropAEZ05,1975,N2O_AWB,7.53822129365455e-06
Southeast Asia,FiberCrop,FiberCropAEZ06,FiberCropAEZ06,1975,N2O_AWB,4.31120028460157e-06
Southeast Asia,FiberCrop,FiberCropAEZ09,FiberCropAEZ09,1975,N2O_AWB,3.45201697553746e-08
Southeast Asia,FiberCrop,FiberCropAEZ10,FiberCropAEZ10,1975,N2O_AWB,1.49574226635978e-06
Southeast Asia,FiberCrop,FiberCropAEZ11,FiberCropAEZ11,1975,N2O_AWB,4.9518436894637e-07
Southeast Asia,FiberCrop,FiberCropAEZ12,FiberCropAEZ12,1975,N2O_AWB,2.05452104472827e-07
Southeast Asia,FiberCrop,FiberCropAEZ15,FiberCropAEZ15,1975,N2O_AWB,1.19942218323063e-07
Southeast Asia,FiberCrop,FiberCropAEZ16,FiberCropAEZ16,1975,N2O_AWB,2.89864020846658e-09
Southeast Asia,FodderGrass,FodderGrassAEZ04,FodderGrassAEZ04,1975,N2O_AWB,5.80764312169954e-06
Southeast Asia,FodderGrass,FodderGrassAEZ05,FodderGrassAEZ05,1975,N2O_AWB,1.63446070631722e-05
Southeast Asia,FodderGrass,FodderGrassAEZ06,FodderGrassAEZ06,1975,N2O_AWB,6.12737550091522e-06
Southeast Asia,FodderGrass,FodderGrassAEZ09,FodderGrassAEZ09,1975,N2O_AWB,0
Southeast Asia,FodderGrass,FodderGrassAEZ10,FodderGrassAEZ10,1975,N2O_AWB,4.77237780803277e-08
Southeast Asia,FodderGrass,FodderGrassAEZ11,FodderGrassAEZ11,1975,N2O_AWB,1.95278507968201e-06
Southeast Asia,FodderGrass,FodderGrassAEZ12,FodderGrassAEZ12,1975,N2O_AWB,6.43573724922324e-07
Southeast Asia,FodderGrass,FodderGrassAEZ15,FodderGrassAEZ15,1975,N2O_AWB,1.41448058597506e-09
Southeast Asia,FodderGrass,FodderGrassAEZ16,FodderGrassAEZ16,1975,N2O_AWB,2.07739384651478e-08
Southeast Asia,FodderHerb,FodderHerbAEZ04,FodderHerbAEZ04,1975,N2O_AWB,3.38245597931743e-08
Southeast Asia,FodderHerb,FodderHerbAEZ05,FodderHerbAEZ05,1975,N2O_AWB,5.21444682219995e-06
Southeast Asia,FodderHerb,FodderHerbAEZ06,FodderHerbAEZ06,1975,N2O_AWB,4.13071577305197e-06
Southeast Asia,FodderHerb,FodderHerbAEZ09,FodderHerbAEZ09,1975,N2O_AWB,0
Southeast Asia,FodderHerb,FodderHerbAEZ10,FodderHerbAEZ10,1975,N2O_AWB,0
Southeast Asia,FodderHerb,FodderHerbAEZ11,FodderHerbAEZ11,1975,N2O_AWB,0
Southeast Asia,FodderHerb,FodderHerbAEZ12,FodderHerbAEZ12,1975,N2O_AWB,1.89776237712824e-07
Southeast Asia,FodderHerb,FodderHerbAEZ15,FodderHerbAEZ15,1975,N2O_AWB,0
Southeast Asia,FodderHerb,FodderHerbAEZ16,FodderHerbAEZ16,1975,N2O_AWB,0
Southeast Asia,MiscCrop,MiscCropAEZ04,MiscCropAEZ04,1975,N2O_AWB,0.000117503348715067
Southeast Asia,MiscCrop,MiscCropAEZ05,MiscCropAEZ05,1975,N2O_AWB,0.000230996400773103
Southeast Asia,MiscCrop,MiscCropAEZ06,MiscCropAEZ06,1975,N2O_AWB,0.00031643175175312
Southeast Asia,MiscCrop,MiscCropAEZ09,MiscCropAEZ09,1975,N2O_AWB,1.62339755436357e-06
Southeast Asia,MiscCrop,MiscCropAEZ10,MiscCropAEZ10,1975,N2O_AWB,6.53357074781421e-05
Southeast Asia,MiscCrop,MiscCropAEZ11,MiscCropAEZ11,1975,N2O_AWB,2.29439980415313e-05
Southeast Asia,MiscCrop,MiscCropAEZ12,MiscCropAEZ12,1975,N2O_AWB,7.94830117195809e-06
Southeast Asia,MiscCrop,MiscCropAEZ15,MiscCropAEZ15,1975,N2O_AWB,3.9273894287334e-06
Southeast Asia,MiscCrop,MiscCropAEZ16,MiscCropAEZ16,1975,N2O_AWB,2.55235824256772e-08
Southeast Asia,OilCrop,OilCropAEZ04,OilCropAEZ04,1975,N2O_AWB,9.51525131898434e-06
Southeast Asia,OilCrop,OilCropAEZ05,OilCropAEZ05,1975,N2O_AWB,1.94214555017866e-05
Southeast Asia,OilCrop,OilCropAEZ06,OilCropAEZ06,1975,N2O_AWB,6.32677512231861e-06
Southeast Asia,OilCrop,OilCropAEZ09,OilCropAEZ09,1975,N2O_AWB,1.7599972802901e-07
Southeast Asia,OilCrop,OilCropAEZ10,OilCropAEZ10,1975,N2O_AWB,4.14215338845195e-06
Southeast Asia,OilCrop,OilCropAEZ11,OilCropAEZ11,1975,N2O_AWB,2.04716803933689e-06
Southeast Asia,OilCrop,OilCropAEZ12,OilCropAEZ12,1975,N2O_AWB,6.6446956143573e-07
Southeast Asia,OilCrop,OilCropAEZ15,OilCropAEZ15,1975,N2O_AWB,4.22053781517411e-07
Southeast Asia,OilCrop,OilCropAEZ16,OilCropAEZ16,1975,N2O_AWB,1.35697770992118e-08
Southeast Asia,OtherGrain,OtherGrainAEZ04,OtherGrainAEZ04,1975,N2O_AWB,4.38763891049297e-06
Southeast Asia,OtherGrain,OtherGrainAEZ05,OtherGrainAEZ05,1975,N2O_AWB,4.65059059401454e-06
Southeast Asia,OtherGrain,OtherGrainAEZ06,OtherGrainAEZ06,1975,N2O_AWB,5.07714425518475e-07
Southeast Asia,OtherGrain,OtherGrainAEZ09,OtherGrainAEZ09,1975,N2O_AWB,1.28340383429366e-07
Southeast Asia,OtherGrain,OtherGrainAEZ10,OtherGrainAEZ10,1975,N2O_AWB,5.06141771549102e-06
Southeast Asia,OtherGrain,OtherGrainAEZ11,OtherGrainAEZ11,1975,N2O_AWB,1.26656100576993e-06
Southeast Asia,OtherGrain,OtherGrainAEZ12,OtherGrainAEZ12,1975,N2O_AWB,2.04740504237791e-07
Southeast Asia,OtherGrain,OtherGrainAEZ15,OtherGrainAEZ15,1975,N2O_AWB,3.47658306506411e-07
Southeast Asia,OtherGrain,OtherGrainAEZ16,OtherGrainAEZ16,1975,N2O_AWB,4.26816317365503e-09
Southeast Asia,PalmFruit,PalmFruitAEZ04,PalmFruitAEZ04,1975,N2O_AWB,2.48075493132211e-05
Southeast Asia,PalmFruit,PalmFruitAEZ05,PalmFruitAEZ05,1975,N2O_AWB,2.52538422615281e-05
Southeast Asia,PalmFruit,PalmFruitAEZ06,PalmFruitAEZ06,1975,N2O_AWB,0.000487534471434295
Southeast Asia,PalmFruit,PalmFruitAEZ09,PalmFruitAEZ09,1975,N2O_AWB,0
Southeast Asia,PalmFruit,PalmFruitAEZ10,PalmFruitAEZ10,1975,N2O_AWB,8.23737982572215e-08
Southeast Asia,PalmFruit,PalmFruitAEZ11,PalmFruitAEZ11,1975,N2O_AWB,3.66956197841023e-08
Southeast Asia,PalmFruit,PalmFruitAEZ12,PalmFruitAEZ12,1975,N2O_AWB,2.1032168262375e-07
Southeast Asia,PalmFruit,PalmFruitAEZ15,PalmFruitAEZ15,1975,N2O_AWB,0
Southeast Asia,PalmFruit,PalmFruitAEZ16,PalmFruitAEZ16,1975,N2O_AWB,0
Southeast Asia,Rice,RiceAEZ04,RiceAEZ04,1975,N2O_AWB,0.000397455486243
Southeast Asia,Rice,RiceAEZ05,RiceAEZ05,1975,N2O_AWB,0.000531333964568155
Southeast Asia,Rice,RiceAEZ06,RiceAEZ06,1975,N2O_AWB,0.000310660006787135
Southeast Asia,Rice,RiceAEZ09,RiceAEZ09,1975,N2O_AWB,9.01254638429911e-07
Southeast Asia,Rice,RiceAEZ10,RiceAEZ10,1975,N2O_AWB,2.33448017338144e-05
Southeast Asia,Rice,RiceAEZ11,RiceAEZ11,1975,N2O_AWB,1.72173757294762e-05
Southeast Asia,Rice,RiceAEZ12,RiceAEZ12,1975,N2O_AWB,1.16518885706537e-05
Southeast Asia,Rice,RiceAEZ15,RiceAEZ15,1975,N2O_AWB,2.25902727413577e-06
Southeast Asia,Rice,RiceAEZ16,RiceAEZ16,1975,N2O_AWB,7.14905426083169e-08
Southeast Asia,Root_Tuber,Root_TuberAEZ04,Root_TuberAEZ04,1975,N2O_AWB,0.000221360985202116
Southeast Asia,Root_Tuber,Root_TuberAEZ05,Root_TuberAEZ05,1975,N2O_AWB,0.000106927807265195
Southeast Asia,Root_Tuber,Root_TuberAEZ06,Root_TuberAEZ06,1975,N2O_AWB,8.71278108717184e-05
Southeast Asia,Root_Tuber,Root_TuberAEZ09,Root_TuberAEZ09,1975,N2O_AWB,1.03133084759009e-06
Southeast Asia,Root_Tuber,Root_TuberAEZ10,Root_TuberAEZ10,1975,N2O_AWB,2.68309340460827e-05
Southeast Asia,Root_Tuber,Root_TuberAEZ11,Root_TuberAEZ11,1975,N2O_AWB,3.37493465254252e-06
Southeast Asia,Root_Tuber,Root_TuberAEZ12,Root_TuberAEZ12,1975,N2O_AWB,4.02674748833006e-06
Southeast Asia,Root_Tuber,Root_TuberAEZ15,Root_TuberAEZ15,1975,N2O_AWB,1.92234843747996e-06
Southeast Asia,Root_Tuber,Root_TuberAEZ16,Root_TuberAEZ16,1975,N2O_AWB,2.86401892404298e-08
Southeast Asia,SugarCrop,SugarCropAEZ04,SugarCropAEZ04,1975,N2O_AWB,0.000564166712822396
Southeast Asia,SugarCrop,SugarCropAEZ05,SugarCropAEZ05,1975,N2O_AWB,0.000543669246999818
Southeast Asia,SugarCrop,SugarCropAEZ06,SugarCropAEZ06,1975,N2O_AWB,0.000480325822911177
Southeast Asia,SugarCrop,SugarCropAEZ09,SugarCropAEZ09,1975,N2O_AWB,0
Southeast Asia,SugarCrop,SugarCropAEZ10,SugarCropAEZ10,1975,N2O_AWB,1.52668756801648e-06
Southeast Asia,SugarCrop,SugarCropAEZ11,SugarCropAEZ11,1975,N2O_AWB,2.62004404432455e-05
Southeast Asia,SugarCrop,SugarCropAEZ12,SugarCropAEZ12,1975,N2O_AWB,6.65127283782053e-06
Southeast Asia,SugarCrop,SugarCropAEZ15,SugarCropAEZ15,1975,N2O_AWB,0
Southeast Asia,SugarCrop,SugarCropAEZ16,SugarCropAEZ16,1975,N2O_AWB,0
Southeast Asia,Wheat,WheatAEZ04,WheatAEZ04,1975,N2O_AWB,3.39454293598559e-07
Southeast Asia,Wheat,WheatAEZ05,WheatAEZ05,1975,N2O_AWB,1.24663927550863e-06
Southeast Asia,Wheat,WheatAEZ06,WheatAEZ06,1975,N2O_AWB,2.76833372361464e-09
Southeast Asia,Wheat,WheatAEZ09,WheatAEZ09,1975,N2O_AWB,3.18863548603205e-08
Southeast Asia,Wheat,WheatAEZ10,WheatAEZ10,1975,N2O_AWB,2.02872386265302e-06
Southeast Asia,Wheat,WheatAEZ11,WheatAEZ11,1975,N2O_AWB,4.17290946907782e-07
Southeast Asia,Wheat,WheatAEZ12,WheatAEZ12,1975,N2O_AWB,1.02994138607765e-07
Southeast Asia,Wheat,WheatAEZ15,WheatAEZ15,1975,N2O_AWB,1.38517720258236e-07
Southeast Asia,Wheat,WheatAEZ16,WheatAEZ16,1975,N2O_AWB,2.13788107998854e-08
Southeast Asia,Corn,CornAEZ04,CornAEZ04,1975,NH3_AWB,0.00105387254354501
Southeast Asia,Corn,CornAEZ05,CornAEZ05,1975,NH3_AWB,0.000836435018980845
Southeast Asia,Corn,CornAEZ06,CornAEZ06,1975,NH3_AWB,0.0015720099019146
Southeast Asia,Corn,CornAEZ09,CornAEZ09,1975,NH3_AWB,1.55840351647626e-05
Southeast Asia,Corn,CornAEZ10,CornAEZ10,1975,NH3_AWB,0.000364660568462657
Southeast Asia,Corn,CornAEZ11,CornAEZ11,1975,NH3_AWB,5.81380033829983e-05
Southeast Asia,Corn,CornAEZ12,CornAEZ12,1975,NH3_AWB,4.12203016983087e-05
Southeast Asia,Corn,CornAEZ15,CornAEZ15,1975,NH3_AWB,3.71679268548938e-05
Southeast Asia,Corn,CornAEZ16,CornAEZ16,1975,NH3_AWB,9.85688581356929e-07
Southeast Asia,FiberCrop,FiberCropAEZ04,FiberCropAEZ04,1975,NH3_AWB,0.000106334847944924
Southeast Asia,FiberCrop,FiberCropAEZ05,FiberCropAEZ05,1975,NH3_AWB,0.000139721902999913
Southeast Asia,FiberCrop,FiberCropAEZ06,FiberCropAEZ06,1975,NH3_AWB,7.99086527859504e-05
Southeast Asia,FiberCrop,FiberCropAEZ09,FiberCropAEZ09,1975,NH3_AWB,6.3983579444146e-07
Southeast Asia,FiberCrop,FiberCropAEZ10,FiberCropAEZ10,1975,NH3_AWB,2.7723775637777e-05
Southeast Asia,FiberCrop,FiberCropAEZ11,FiberCropAEZ11,1975,NH3_AWB,9.17830608438604e-06
Southeast Asia,FiberCrop,FiberCropAEZ12,FiberCropAEZ12,1975,NH3_AWB,3.80808122951289e-06
Southeast Asia,FiberCrop,FiberCropAEZ15,FiberCropAEZ15,1975,NH3_AWB,2.22314447152624e-06
Southeast Asia,FiberCrop,FiberCropAEZ16,FiberCropAEZ16,1975,NH3_AWB,5.37266697622601e-08
Southeast Asia,FodderGrass,FodderGrassAEZ04,FodderGrassAEZ04,1975,NH3_AWB,0.00010764541359263
Southeast Asia,FodderGrass,FodderGrassAEZ05,FodderGrassAEZ05,1975,NH3_AWB,0.000302949397966678
Southeast Asia,FodderGrass,FodderGrassAEZ06,FodderGrassAEZ06,1975,NH3_AWB,0.000113571694439852
Southeast Asia,FodderGrass,FodderGrassAEZ09,FodderGrassAEZ09,1975,NH3_AWB,0
Southeast Asia,FodderGrass,FodderGrassAEZ10,FodderGrassAEZ10,1975,NH3_AWB,8.84566376068303e-07
Southeast Asia,FodderGrass,FodderGrassAEZ11,FodderGrassAEZ11,1975,NH3_AWB,3.61951230740177e-05
Southeast Asia,FodderGrass,FodderGrassAEZ12,FodderGrassAEZ12,1975,NH3_AWB,1.19287219178061e-05
Southeast Asia,FodderGrass,FodderGrassAEZ15,FodderGrassAEZ15,1975,NH3_AWB,2.62175799210393e-08
Southeast Asia,FodderGrass,FodderGrassAEZ16,FodderGrassAEZ16,1975,NH3_AWB,3.850476262347e-07
Southeast Asia,FodderHerb,FodderHerbAEZ04,FodderHerbAEZ04,1975,NH3_AWB,6.26942574160683e-07
Southeast Asia,FodderHerb,FodderHerbAEZ05,FodderHerbAEZ05,1975,NH3_AWB,9.66504437463142e-05
Southeast Asia,FodderHerb,FodderHerbAEZ06,FodderHerbAEZ06,1975,NH3_AWB,7.65633491084173e-05
Southeast Asia,FodderHerb,FodderHerbAEZ09,FodderHerbAEZ09,1975,NH3_AWB,0
Southeast Asia,FodderHerb,FodderHerbAEZ10,FodderHerbAEZ10,1975,NH3_AWB,0
Southeast Asia,FodderHerb,FodderHerbAEZ11,FodderHerbAEZ11,1975,NH3_AWB,0
Southeast Asia,FodderHerb,FodderHerbAEZ12,FodderHerbAEZ12,1975,NH3_AWB,3.51752701923462e-06
Southeast Asia,FodderHerb,FodderHerbAEZ15,FodderHerbAEZ15,1975,NH3_AWB,0
Southeast Asia,FodderHerb,FodderHerbAEZ16,FodderHerbAEZ16,1975,NH3_AWB,0
Southeast Asia,MiscCrop,MiscCropAEZ04,MiscCropAEZ04,1975,NH3_AWB,0.00217793970908648
Southeast Asia,MiscCrop,MiscCropAEZ05,MiscCropAEZ05,1975,NH3_AWB,0.00428154805289637
Southeast Asia,MiscCrop,MiscCropAEZ06,MiscCropAEZ06,1975,NH3_AWB,0.00586510329190769
Southeast Asia,MiscCrop,MiscCropAEZ09,MiscCropAEZ09,1975,NH3_AWB,3.00898828496872e-05
Southeast Asia,MiscCrop,MiscCropAEZ10,MiscCropAEZ10,1975,NH3_AWB,0.00121100575680579
Southeast Asia,MiscCrop,MiscCropAEZ11,MiscCropAEZ11,1975,NH3_AWB,0.000425269960101537
Southeast Asia,MiscCrop,MiscCropAEZ12,MiscCropAEZ12,1975,NH3_AWB,0.00014732278638427
Southeast Asia,MiscCrop,MiscCropAEZ15,MiscCropAEZ15,1975,NH3_AWB,7.27946691172741e-05
Southeast Asia,MiscCrop,MiscCropAEZ16,MiscCropAEZ16,1975,NH3_AWB,4.73082889048732e-07
Southeast Asia,OilCrop,OilCropAEZ04,OilCropAEZ04,1975,NH3_AWB,0.000176366409265545
Southeast Asia,OilCrop,OilCropAEZ05,OilCropAEZ05,1975,NH3_AWB,0.000359979180237384
Southeast Asia,OilCrop,OilCropAEZ06,OilCropAEZ06,1975,NH3_AWB,0.000117267592115793
Southeast Asia,OilCrop,OilCropAEZ09,OilCropAEZ09,1975,NH3_AWB,3.26217763710127e-06
Southeast Asia,OilCrop,OilCropAEZ10,OilCropAEZ10,1975,NH3_AWB,7.67753467836263e-05
Southeast Asia,OilCrop,OilCropAEZ11,OilCropAEZ11,1975,NH3_AWB,3.79445233927433e-05
Southeast Asia,OilCrop,OilCropAEZ12,OilCropAEZ12,1975,NH3_AWB,1.23160289400722e-05
Southeast Asia,OilCrop,OilCropAEZ15,OilCropAEZ15,1975,NH3_AWB,7.8228212232986e-06
Southeast Asia,OilCrop,OilCropAEZ16,OilCropAEZ16,1975,NH3_AWB,2.51517567039655e-07
Southeast Asia,OtherGrain,OtherGrainAEZ04,OtherGrainAEZ04,1975,NH3_AWB,8.13254525661896e-05
Southeast Asia,OtherGrain,OtherGrainAEZ05,OtherGrainAEZ05,1975,NH3_AWB,8.61992959023611e-05
Southeast Asia,OtherGrain,OtherGrainAEZ06,OtherGrainAEZ06,1975,NH3_AWB,9.4105522974847e-06
Southeast Asia,OtherGrain,OtherGrainAEZ09,OtherGrainAEZ09,1975,NH3_AWB,2.37880554389987e-06
Southeast Asia,OtherGrain,OtherGrainAEZ10,OtherGrainAEZ10,1975,NH3_AWB,9.38140295352127e-05
Southeast Asia,OtherGrain,OtherGrainAEZ11,OtherGrainAEZ11,1975,NH3_AWB,2.34758714420633e-05
Southeast Asia,OtherGrain,OtherGrainAEZ12,OtherGrainAEZ12,1975,NH3_AWB,3.79489162746473e-06
Southeast Asia,OtherGrain,OtherGrainAEZ15,OtherGrainAEZ15,1975,NH3_AWB,6.44389150789355e-06
Southeast Asia,OtherGrain,OtherGrainAEZ16,OtherGrainAEZ16,1975,NH3_AWB,7.91109543890977e-08
Southeast Asia,PalmFruit,PalmFruitAEZ04,PalmFruitAEZ04,1975,NH3_AWB,0.000459811123046382
Southeast Asia,PalmFruit,PalmFruitAEZ05,PalmFruitAEZ05,1975,NH3_AWB,0.000468083220349413
Southeast Asia,PalmFruit,PalmFruitAEZ06,PalmFruitAEZ06,1975,NH3_AWB,0.00903651424828788
Southeast Asia,PalmFruit,PalmFruitAEZ09,PalmFruitAEZ09,1975,NH3_AWB,0
Southeast Asia,PalmFruit,PalmFruitAEZ10,PalmFruitAEZ10,1975,NH3_AWB,1.52680896480423e-06
Southeast Asia,PalmFruit,PalmFruitAEZ11,PalmFruitAEZ11,1975,NH3_AWB,6.80158041037075e-07
Southeast Asia,PalmFruit,PalmFruitAEZ12,PalmFruitAEZ12,1975,NH3_AWB,3.89833948799975e-06
Southeast Asia,PalmFruit,PalmFruitAEZ15,PalmFruitAEZ15,1975,NH3_AWB,0
Southeast Asia,PalmFruit,PalmFruitAEZ16,PalmFruitAEZ16,1975,NH3_AWB,0
Southeast Asia,Rice,RiceAEZ04,RiceAEZ04,1975,NH3_AWB,0.00736688865082456
Southeast Asia,Rice,RiceAEZ05,RiceAEZ05,1975,NH3_AWB,0.00984834349721774
Southeast Asia,Rice,RiceAEZ06,RiceAEZ06,1975,NH3_AWB,0.00575812325525681
Southeast Asia,Rice,RiceAEZ09,RiceAEZ09,1975,NH3_AWB,1.67048708526142e-05
Southeast Asia,Rice,RiceAEZ10,RiceAEZ10,1975,NH3_AWB,0.000432698908182742
Southeast Asia,Rice,RiceAEZ11,RiceAEZ11,1975,NH3_AWB,0.000319126277655438
Southeast Asia,Rice,RiceAEZ12,RiceAEZ12,1975,NH3_AWB,0.000215969256037243
Southeast Asia,Rice,RiceAEZ15,RiceAEZ15,1975,NH3_AWB,4.18713616084273e-05
Southeast Asia,Rice,RiceAEZ16,RiceAEZ16,1975,NH3_AWB,1.32508641901222e-06
Southeast Asia,Root_Tuber,Root_TuberAEZ04,Root_TuberAEZ04,1975,NH3_AWB,0.00410295438373644
Southeast Asia,Root_Tuber,Root_TuberAEZ05,Root_TuberAEZ05,1975,NH3_AWB,0.00198192068562344
Southeast Asia,Root_Tuber,Root_TuberAEZ06,Root_TuberAEZ06,1975,NH3_AWB,0.00161492520118247
Southeast Asia,Root_Tuber,Root_TuberAEZ09,Root_TuberAEZ09,1975,NH3_AWB,1.9115850150101e-05
Southeast Asia,Root_Tuber,Root_TuberAEZ10,Root_TuberAEZ10,1975,NH3_AWB,0.000497314819789056
Southeast Asia,Root_Tuber,Root_TuberAEZ11,Root_TuberAEZ11,1975,NH3_AWB,6.25548486551502e-05
Southeast Asia,Root_Tuber,Root_TuberAEZ12,Root_TuberAEZ12,1975,NH3_AWB,7.4636283554477e-05
Southeast Asia,Root_Tuber,Root_TuberAEZ15,Root_TuberAEZ15,1975,NH3_AWB,3.56309759889517e-05
Southeast Asia,Root_Tuber,Root_TuberAEZ16,Root_TuberAEZ16,1975,NH3_AWB,5.30849597944142e-07
Southeast Asia,SugarCrop,SugarCropAEZ04,SugarCropAEZ04,1975,NH3_AWB,0.0104569027167064
Southeast Asia,SugarCrop,SugarCropAEZ05,SugarCropAEZ05,1975,NH3_AWB,0.0100769795465261
Southeast Asia,SugarCrop,SugarCropAEZ06,SugarCropAEZ06,1975,NH3_AWB,0.00890290101905628
Southeast Asia,SugarCrop,SugarCropAEZ09,SugarCropAEZ09,1975,NH3_AWB,0
Southeast Asia,SugarCrop,SugarCropAEZ10,SugarCropAEZ10,1975,NH3_AWB,2.82973507913772e-05
Southeast Asia,SugarCrop,SugarCropAEZ11,SugarCropAEZ11,1975,NH3_AWB,0.000485628539619509
Southeast Asia,SugarCrop,SugarCropAEZ12,SugarCropAEZ12,1975,NH3_AWB,0.000123282199085108
Southeast Asia,SugarCrop,SugarCropAEZ15,SugarCropAEZ15,1975,NH3_AWB,0
Southeast Asia,SugarCrop,SugarCropAEZ16,SugarCropAEZ16,1975,NH3_AWB,0
Southeast Asia,Wheat,WheatAEZ04,WheatAEZ04,1975,NH3_AWB,6.29182907153526e-06
Southeast Asia,Wheat,WheatAEZ05,WheatAEZ05,1975,NH3_AWB,2.31066196046965e-05
Southeast Asia,Wheat,WheatAEZ06,WheatAEZ06,1975,NH3_AWB,5.13114222751549e-08
Southeast Asia,Wheat,WheatAEZ09,WheatAEZ09,1975,NH3_AWB,5.91017695986822e-07
Southeast Asia,Wheat,WheatAEZ10,WheatAEZ10,1975,NH3_AWB,3.76026582013213e-05
Southeast Asia,Wheat,WheatAEZ11,WheatAEZ11,1975,NH3_AWB,7.73454147010385e-06
Southeast Asia,Wheat,WheatAEZ12,WheatAEZ12,1975,NH3_AWB,1.90900963019318e-06
Southeast Asia,Wheat,WheatAEZ15,WheatAEZ15,1975,NH3_AWB,2.56744379340283e-06
Southeast Asia,Wheat,WheatAEZ16,WheatAEZ16,1975,NH3_AWB,3.96259012898643e-07
Southeast Asia,Corn,CornAEZ04,CornAEZ04,1975,NMVOC_AWB,0.00568581180042604
Southeast Asia,Corn,CornAEZ05,CornAEZ05,1975,NMVOC_AWB,0.00451270139860869
Southeast Asia,Corn,CornAEZ06,CornAEZ06,1975,NMVOC_AWB,0.00848124614825482
Southeast Asia,Corn,CornAEZ09,CornAEZ09,1975,NMVOC_AWB,8.40783751135622e-05
Southeast Asia,Corn,CornAEZ10,CornAEZ10,1975,NMVOC_AWB,0.00196740239226708
Southeast Asia,Corn,CornAEZ11,CornAEZ11,1975,NMVOC_AWB,0.00031366387492772
Southeast Asia,Corn,CornAEZ12,CornAEZ12,1975,NMVOC_AWB,0.000222390154529493
Southeast Asia,Corn,CornAEZ15,CornAEZ15,1975,NMVOC_AWB,0.000200526940760841
Southeast Asia,Corn,CornAEZ16,CornAEZ16,1975,NMVOC_AWB,5.31794836268554e-06
Southeast Asia,FiberCrop,FiberCropAEZ04,FiberCropAEZ04,1975,NMVOC_AWB,0.000573693599804779
Southeast Asia,FiberCrop,FiberCropAEZ05,FiberCropAEZ05,1975,NMVOC_AWB,0.000753822129365456
Southeast Asia,FiberCrop,FiberCropAEZ06,FiberCropAEZ06,1975,NMVOC_AWB,0.000431120028460157
Southeast Asia,FiberCrop,FiberCropAEZ09,FiberCropAEZ09,1975,NMVOC_AWB,3.45201697553746e-06
Southeast Asia,FiberCrop,FiberCropAEZ10,FiberCropAEZ10,1975,NMVOC_AWB,0.000149574226635978
Southeast Asia,FiberCrop,FiberCropAEZ11,FiberCropAEZ11,1975,NMVOC_AWB,4.9518436894637e-05
Southeast Asia,FiberCrop,FiberCropAEZ12,FiberCropAEZ12,1975,NMVOC_AWB,2.05452104472827e-05
Southeast Asia,FiberCrop,FiberCropAEZ15,FiberCropAEZ15,1975,NMVOC_AWB,1.19942218323063e-05
Southeast Asia,FiberCrop,FiberCropAEZ16,FiberCropAEZ16,1975,NMVOC_AWB,2.89864020846658e-07
Southeast Asia,FodderGrass,FodderGrassAEZ04,FodderGrassAEZ04,1975,NMVOC_AWB,0.000580764312169954
Southeast Asia,FodderGrass,FodderGrassAEZ05,FodderGrassAEZ05,1975,NMVOC_AWB,0.00163446070631722
Southeast Asia,FodderGrass,FodderGrassAEZ06,FodderGrassAEZ06,1975,NMVOC_AWB,0.000612737550091522
Southeast Asia,FodderGrass,FodderGrassAEZ09,FodderGrassAEZ09,1975,NMVOC_AWB,0
Southeast Asia,FodderGrass,FodderGrassAEZ10,FodderGrassAEZ10,1975,NMVOC_AWB,4.77237780803277e-06
Southeast Asia,FodderGrass,FodderGrassAEZ11,FodderGrassAEZ11,1975,NMVOC_AWB,0.000195278507968201
Southeast Asia,FodderGrass,FodderGrassAEZ12,FodderGrassAEZ12,1975,NMVOC_AWB,6.43573724922324e-05
Southeast Asia,FodderGrass,FodderGrassAEZ15,FodderGrassAEZ15,1975,NMVOC_AWB,1.41448058597507e-07
Southeast Asia,FodderGrass,FodderGrassAEZ16,FodderGrassAEZ16,1975,NMVOC_AWB,2.07739384651478e-06
Southeast Asia,FodderHerb,FodderHerbAEZ04,FodderHerbAEZ04,1975,NMVOC_AWB,3.38245597931743e-06
Southeast Asia,FodderHerb,FodderHerbAEZ05,FodderHerbAEZ05,1975,NMVOC_AWB,0.000521444682219995
Southeast Asia,FodderHerb,FodderHerbAEZ06,FodderHerbAEZ06,1975,NMVOC_AWB,0.000413071577305197
Southeast Asia,FodderHerb,FodderHerbAEZ09,FodderHerbAEZ09,1975,NMVOC_AWB,0
Southeast Asia,FodderHerb,FodderHerbAEZ10,FodderHerbAEZ10,1975,NMVOC_AWB,0
Southeast Asia,FodderHerb,FodderHerbAEZ11,FodderHerbAEZ11,1975,NMVOC_AWB,0
Southeast Asia,FodderHerb,FodderHerbAEZ12,FodderHerbAEZ12,1975,NMVOC_AWB,1.89776237712824e-05
Southeast Asia,FodderHerb,FodderHerbAEZ15,FodderHerbAEZ15,1975,NMVOC_AWB,0
Southeast Asia,FodderHerb,FodderHerbAEZ16,FodderHerbAEZ16,1975,NMVOC_AWB,0
Southeast Asia,MiscCrop,MiscCropAEZ04,MiscCropAEZ04,1975,NMVOC_AWB,0.0117503348715067
Southeast Asia,MiscCrop,MiscCropAEZ05,MiscCropAEZ05,1975,NMVOC_AWB,0.0230996400773103
Southeast Asia,MiscCrop,MiscCropAEZ06,MiscCropAEZ06,1975,NMVOC_AWB,0.031643175175312
Southeast Asia,MiscCrop,MiscCropAEZ09,MiscCropAEZ09,1975,NMVOC_AWB,0.000162339755436357
Southeast Asia,MiscCrop,MiscCropAEZ10,MiscCropAEZ10,1975,NMVOC_AWB,0.00653357074781421
Southeast Asia,MiscCrop,MiscCropAEZ11,MiscCropAEZ11,1975,NMVOC_AWB,0.00229439980415313
Southeast Asia,MiscCrop,MiscCropAEZ12,MiscCropAEZ12,1975,NMVOC_AWB,0.00079483011719581
Southeast Asia,MiscCrop,MiscCropAEZ15,MiscCropAEZ15,1975,NMVOC_AWB,0.000392738942873341
Southeast Asia,MiscCrop,MiscCropAEZ16,MiscCropAEZ16,1975,NMVOC_AWB,2.55235824256772e-06
Southeast Asia,OilCrop,OilCropAEZ04,OilCropAEZ04,1975,NMVOC_AWB,0.000951525131898434
Southeast Asia,OilCrop,OilCropAEZ05,OilCropAEZ05,1975,NMVOC_AWB,0.00194214555017866
Southeast Asia,OilCrop,OilCropAEZ06,OilCropAEZ06,1975,NMVOC_AWB,0.000632677512231861
Southeast Asia,OilCrop,OilCropAEZ09,OilCropAEZ09,1975,NMVOC_AWB,1.75999728029011e-05
Southeast Asia,OilCrop,OilCropAEZ10,OilCropAEZ10,1975,NMVOC_AWB,0.000414215338845195
Southeast Asia,OilCrop,OilCropAEZ11,OilCropAEZ11,1975,NMVOC_AWB,0.000204716803933689
Southeast Asia,OilCrop,OilCropAEZ12,OilCropAEZ12,1975,NMVOC_AWB,6.6446956143573e-05
Southeast Asia,OilCrop,OilCropAEZ15,OilCropAEZ15,1975,NMVOC_AWB,4.22053781517411e-05
Southeast Asia,OilCrop,OilCropAEZ16,OilCropAEZ16,1975,NMVOC_AWB,1.35697770992118e-06
Southeast Asia,OtherGrain,OtherGrainAEZ04,OtherGrainAEZ04,1975,NMVOC_AWB,0.000438763891049297
Southeast Asia,OtherGrain,OtherGrainAEZ05,OtherGrainAEZ05,1975,NMVOC_AWB,0.000465059059401454
Southeast Asia,OtherGrain,OtherGrainAEZ06,OtherGrainAEZ06,1975,NMVOC_AWB,5.07714425518475e-05
Southeast Asia,OtherGrain,OtherGrainAEZ09,OtherGrainAEZ09,1975,NMVOC_AWB,1.28340383429366e-05
Southeast Asia,OtherGrain,OtherGrainAEZ10,OtherGrainAEZ10,1975,NMVOC_AWB,0.000506141771549102
Southeast Asia,OtherGrain,OtherGrainAEZ11,OtherGrainAEZ11,1975,NMVOC_AWB,0.000126656100576993
Southeast Asia,OtherGrain,OtherGrainAEZ12,OtherGrainAEZ12,1975,NMVOC_AWB,2.04740504237791e-05
Southeast Asia,OtherGrain,OtherGrainAEZ15,OtherGrainAEZ15,1975,NMVOC_AWB,3.47658306506411e-05
Southeast Asia,OtherGrain,OtherGrainAEZ16,OtherGrainAEZ16,1975,NMVOC_AWB,4.26816317365504e-07
Southeast Asia,PalmFruit,PalmFruitAEZ04,PalmFruitAEZ04,1975,NMVOC_AWB,0.00248075493132211
Southeast Asia,PalmFruit,PalmFruitAEZ05,PalmFruitAEZ05,1975,NMVOC_AWB,0.00252538422615281
Southeast Asia,PalmFruit,PalmFruitAEZ06,PalmFruitAEZ06,1975,NMVOC_AWB,0.0487534471434295
Southeast Asia,PalmFruit,PalmFruitAEZ09,PalmFruitAEZ09,1975,NMVOC_AWB,0
Southeast Asia,PalmFruit,PalmFruitAEZ10,PalmFruitAEZ10,1975,NMVOC_AWB,8.23737982572215e-06
Southeast Asia,PalmFruit,PalmFruitAEZ11,PalmFruitAEZ11,1975,NMVOC_AWB,3.66956197841024e-06
Southeast Asia,PalmFruit,PalmFruitAEZ12,PalmFruitAEZ12,1975,NMVOC_AWB,2.1032168262375e-05
Southeast Asia,PalmFruit,PalmFruitAEZ15,PalmFruitAEZ15,1975,NMVOC_AWB,0
Southeast Asia,PalmFruit,PalmFruitAEZ16,PalmFruitAEZ16,1975,NMVOC_AWB,0
Southeast Asia,Rice,RiceAEZ04,RiceAEZ04,1975,NMVOC_AWB,0.0397455486243
Southeast Asia,Rice,RiceAEZ05,RiceAEZ05,1975,NMVOC_AWB,0.0531333964568155
Southeast Asia,Rice,RiceAEZ06,RiceAEZ06,1975,NMVOC_AWB,0.0310660006787135
Southeast Asia,Rice,RiceAEZ09,RiceAEZ09,1975,NMVOC_AWB,9.01254638429911e-05
Southeast Asia,Rice,RiceAEZ10,RiceAEZ10,1975,NMVOC_AWB,0.00233448017338144
Southeast Asia,Rice,RiceAEZ11,RiceAEZ11,1975,NMVOC_AWB,0.00172173757294762
Southeast Asia,Rice,RiceAEZ12,RiceAEZ12,1975,NMVOC_AWB,0.00116518885706537
Southeast Asia,Rice,RiceAEZ15,RiceAEZ15,1975,NMVOC_AWB,0.000225902727413577
Southeast Asia,Rice,RiceAEZ16,RiceAEZ16,1975,NMVOC_AWB,7.14905426083169e-06
Southeast Asia,Root_Tuber,Root_TuberAEZ04,Root_TuberAEZ04,1975,NMVOC_AWB,0.0221360985202116
Southeast Asia,Root_Tuber,Root_TuberAEZ05,Root_TuberAEZ05,1975,NMVOC_AWB,0.0106927807265195
Southeast Asia,Root_Tuber,Root_TuberAEZ06,Root_TuberAEZ06,1975,NMVOC_AWB,0.00871278108717185
Southeast Asia,Root_Tuber,Root_TuberAEZ09,Root_TuberAEZ09,1975,NMVOC_AWB,0.000103133084759009
Southeast Asia,Root_Tuber,Root_TuberAEZ10,Root_TuberAEZ10,1975,NMVOC_AWB,0.00268309340460827
Southeast Asia,Root_Tuber,Root_TuberAEZ11,Root_TuberAEZ11,1975,NMVOC_AWB,0.000337493465254252
Southeast Asia,Root_Tuber,Root_TuberAEZ12,Root_TuberAEZ12,1975,NMVOC_AWB,0.000402674748833007
Southeast Asia,Root_Tuber,Root_TuberAEZ15,Root_TuberAEZ15,1975,NMVOC_AWB,0.000192234843747996
Southeast Asia,Root_Tuber,Root_TuberAEZ16,Root_TuberAEZ16,1975,NMVOC_AWB,2.86401892404298e-06
Southeast Asia,SugarCrop,SugarCropAEZ04,SugarCropAEZ04,1975,NMVOC_AWB,0.0564166712822396
Southeast Asia,SugarCrop,SugarCropAEZ05,SugarCropAEZ05,1975,NMVOC_AWB,0.0543669246999818
Southeast Asia,SugarCrop,SugarCropAEZ06,SugarCropAEZ06,1975,NMVOC_AWB,0.0480325822911177
Southeast Asia,SugarCrop,SugarCropAEZ09,SugarCropAEZ09,1975,NMVOC_AWB,0
Southeast Asia,SugarCrop,SugarCropAEZ10,SugarCropAEZ10,1975,NMVOC_AWB,0.000152668756801648
Southeast Asia,SugarCrop,SugarCropAEZ11,SugarCropAEZ11,1975,NMVOC_AWB,0.00262004404432455
Southeast Asia,SugarCrop,SugarCropAEZ12,SugarCropAEZ12,1975,NMVOC_AWB,0.000665127283782053
Southeast Asia,SugarCrop,SugarCropAEZ15,SugarCropAEZ15,1975,NMVOC_AWB,0
Southeast Asia,SugarCrop,SugarCropAEZ16,SugarCropAEZ16,1975,NMVOC_AWB,0
Southeast Asia,Wheat,WheatAEZ04,WheatAEZ04,1975,NMVOC_AWB,3.39454293598559e-05
Southeast Asia,Wheat,WheatAEZ05,WheatAEZ05,1975,NMVOC_AWB,0.000124663927550863
Southeast Asia,Wheat,WheatAEZ06,WheatAEZ06,1975,NMVOC_AWB,2.76833372361464e-07
Southeast Asia,Wheat,WheatAEZ09,WheatAEZ09,1975,NMVOC_AWB,3.18863548603205e-06
Southeast Asia,Wheat,WheatAEZ10,WheatAEZ10,1975,NMVOC_AWB,0.000202872386265302
Southeast Asia,Wheat,WheatAEZ11,WheatAEZ11,1975,NMVOC_AWB,4.17290946907782e-05
Southeast Asia,Wheat,WheatAEZ12,WheatAEZ12,1975,NMVOC_AWB,1.02994138607765e-05
Southeast Asia,Wheat,WheatAEZ15,WheatAEZ15,1975,NMVOC_AWB,1.38517720258236e-05
Southeast Asia,Wheat,WheatAEZ16,WheatAEZ16,1975,NMVOC_AWB,2.13788107998854e-06
Southeast Asia,Corn,CornAEZ04,CornAEZ04,1975,NOx_AWB,0.00307907241324922
Southeast Asia,Corn,CornAEZ05,CornAEZ05,1975,NOx_AWB,0.00244379076786292
Southeast Asia,Corn,CornAEZ06,CornAEZ06,1975,NOx_AWB,0.00459290105998775
Southeast Asia,Corn,CornAEZ09,CornAEZ09,1975,NOx_AWB,4.55314763220955e-05
Southeast Asia,Corn,CornAEZ10,CornAEZ10,1975,NOx_AWB,0.0010654194413076
Southeast Asia,Corn,CornAEZ11,CornAEZ11,1975,NOx_AWB,0.000169860315153314
Southeast Asia,Corn,CornAEZ12,CornAEZ12,1975,NOx_AWB,0.000120432299524702
Southeast Asia,Corn,CornAEZ15,CornAEZ15,1975,NOx_AWB,0.00010859257975505
Southeast Asia,Corn,CornAEZ16,CornAEZ16,1975,NOx_AWB,2.87986107760407e-06
Southeast Asia,FiberCrop,FiberCropAEZ04,FiberCropAEZ04,1975,NOx_AWB,0.000310675801243399
Southeast Asia,FiberCrop,FiberCropAEZ05,FiberCropAEZ05,1975,NOx_AWB,0.000408221904715883
Southeast Asia,FiberCrop,FiberCropAEZ06,FiberCropAEZ06,1975,NOx_AWB,0.000233467063811613
Southeast Asia,FiberCrop,FiberCropAEZ09,FiberCropAEZ09,1975,NOx_AWB,1.86939184984086e-06
Southeast Asia,FiberCrop,FiberCropAEZ10,FiberCropAEZ10,1975,NOx_AWB,8.09998450763738e-05
Southeast Asia,FiberCrop,FiberCropAEZ11,FiberCropAEZ11,1975,NOx_AWB,2.68160217645745e-05
Southeast Asia,FiberCrop,FiberCropAEZ12,FiberCropAEZ12,1975,NOx_AWB,1.11259733760248e-05
Southeast Asia,FiberCrop,FiberCropAEZ15,FiberCropAEZ15,1975,NOx_AWB,6.49530425180072e-06
Southeast Asia,FiberCrop,FiberCropAEZ16,FiberCropAEZ16,1975,NOx_AWB,1.56971834719462e-07
Southeast Asia,FodderGrass,FodderGrassAEZ04,FodderGrassAEZ04,1975,NOx_AWB,0.000314504847323327
Southeast Asia,FodderGrass,FodderGrassAEZ05,FodderGrassAEZ05,1975,NOx_AWB,0.0008851194953347
Southeast Asia,FodderGrass,FodderGrassAEZ06,FodderGrassAEZ06,1975,NOx_AWB,0.000331819510260145
Southeast Asia,FodderGrass,FodderGrassAEZ09,FodderGrassAEZ09,1975,NOx_AWB,0
Southeast Asia,FodderGrass,FodderGrassAEZ10,FodderGrassAEZ10,1975,NOx_AWB,2.58441492087646e-06
Southeast Asia,FodderGrass,FodderGrassAEZ11,FodderGrassAEZ11,1975,NOx_AWB,0.000105750363868938
Southeast Asia,FodderGrass,FodderGrassAEZ12,FodderGrassAEZ12,1975,NOx_AWB,3.48518412472233e-05
Southeast Asia,FodderGrass,FodderGrassAEZ15,FodderGrassAEZ15,1975,NOx_AWB,7.65992316352447e-08
Southeast Asia,FodderGrass,FodderGrassAEZ16,FodderGrassAEZ16,1975,NOx_AWB,1.12498378574157e-06
Southeast Asia,FodderHerb,FodderHerbAEZ04,FodderHerbAEZ04,1975,NOx_AWB,1.83172205843426e-06
Southeast Asia,FodderHerb,FodderHerbAEZ05,FodderHerbAEZ05,1975,NOx_AWB,0.000282381125583296
Southeast Asia,FodderHerb,FodderHerbAEZ06,FodderHerbAEZ06,1975,NOx_AWB,0.000223693175754159
Southeast Asia,FodderHerb,FodderHerbAEZ09,FodderHerbAEZ09,1975,NOx_AWB,0
Southeast Asia,FodderHerb,FodderHerbAEZ10,FodderHerbAEZ10,1975,NOx_AWB,0
Southeast Asia,FodderHerb,FodderHerbAEZ11,FodderHerbAEZ11,1975,NOx_AWB,0
Southeast Asia,FodderHerb,FodderHerbAEZ12,FodderHerbAEZ12,1975,NOx_AWB,1.02770685830298e-05
Southeast Asia,FodderHerb,FodderHerbAEZ15,FodderHerbAEZ15,1975,NOx_AWB,0
Southeast Asia,FodderHerb,FodderHerbAEZ16,FodderHerbAEZ16,1975,NOx_AWB,0
Southeast Asia,MiscCrop,MiscCropAEZ04,MiscCropAEZ04,1975,NOx_AWB,0.00636323065539832
Southeast Asia,MiscCrop,MiscCropAEZ05,MiscCropAEZ05,1975,NOx_AWB,0.0125092892650268
Southeast Asia,MiscCrop,MiscCropAEZ06,MiscCropAEZ06,1975,NOx_AWB,0.0171359220406513
Southeast Asia,MiscCrop,MiscCropAEZ09,MiscCropAEZ09,1975,NOx_AWB,8.79128399044544e-05
Southeast Asia,MiscCrop,MiscCropAEZ10,MiscCropAEZ10,1975,NOx_AWB,0.00353816449712588
Southeast Asia,MiscCrop,MiscCropAEZ11,MiscCropAEZ11,1975,NOx_AWB,0.00124250034821817
Southeast Asia,MiscCrop,MiscCropAEZ12,MiscCropAEZ12,1975,NOx_AWB,0.000430429210986879
Southeast Asia,MiscCrop,MiscCropAEZ15,MiscCropAEZ15,1975,NOx_AWB,0.000212682319966931
Southeast Asia,MiscCrop,MiscCropAEZ16,MiscCropAEZ16,1975,NOx_AWB,1.38219415789152e-06
Southeast Asia,OilCrop,OilCropAEZ04,OilCropAEZ04,1975,NOx_AWB,0.000515285219943837
Southeast Asia,OilCrop,OilCropAEZ05,OilCropAEZ05,1975,NOx_AWB,0.00105174194925371
Southeast Asia,OilCrop,OilCropAEZ06,OilCropAEZ06,1975,NOx_AWB,0.000342617719821522
Southeast Asia,OilCrop,OilCropAEZ09,OilCropAEZ09,1975,NOx_AWB,9.53102083457786e-06
Southeast Asia,OilCrop,OilCropAEZ10,OilCropAEZ10,1975,NOx_AWB,0.000224312563931038
Southeast Asia,OilCrop,OilCropAEZ11,OilCropAEZ11,1975,NOx_AWB,0.000110861541965483
Southeast Asia,OilCrop,OilCropAEZ12,OilCropAEZ12,1975,NOx_AWB,3.59834262524704e-05
Southeast Asia,OilCrop,OilCropAEZ15,OilCropAEZ15,1975,NOx_AWB,2.28557363696139e-05
Southeast Asia,OilCrop,OilCropAEZ16,OilCropAEZ16,1975,NOx_AWB,7.34852432452887e-07
Southeast Asia,OtherGrain,OtherGrainAEZ04,OtherGrainAEZ04,1975,NOx_AWB,0.000237606491435146
Southeast Asia,OtherGrain,OtherGrainAEZ05,OtherGrainAEZ05,1975,NOx_AWB,0.000251846274656392
Southeast Asia,OtherGrain,OtherGrainAEZ06,OtherGrainAEZ06,1975,NOx_AWB,2.74945695758955e-05
Southeast Asia,OtherGrain,OtherGrainAEZ09,OtherGrainAEZ09,1975,NOx_AWB,6.95009521935948e-06
Southeast Asia,OtherGrain,OtherGrainAEZ10,OtherGrainAEZ10,1975,NOx_AWB,0.000274094046843611
Southeast Asia,OtherGrain,OtherGrainAEZ11,OtherGrainAEZ11,1975,NOx_AWB,6.85888522070173e-05
Southeast Asia,OtherGrain,OtherGrainAEZ12,OtherGrainAEZ12,1975,NOx_AWB,1.10874376536009e-05
Southeast Asia,OtherGrain,OtherGrainAEZ15,OtherGrainAEZ15,1975,NOx_AWB,1.88269527443842e-05
Southeast Asia,OtherGrain,OtherGrainAEZ16,OtherGrainAEZ16,1975,NOx_AWB,2.311364488403e-07
Southeast Asia,PalmFruit,PalmFruitAEZ04,PalmFruitAEZ04,1975,NOx_AWB,0.00134341837914747
Southeast Asia,PalmFruit,PalmFruitAEZ05,PalmFruitAEZ05,1975,NOx_AWB,0.00136758675393006
Southeast Asia,PalmFruit,PalmFruitAEZ06,PalmFruitAEZ06,1975,NOx_AWB,0.0264017521893513
Southeast Asia,PalmFruit,PalmFruitAEZ09,PalmFruitAEZ09,1975,NOx_AWB,0
Southeast Asia,PalmFruit,PalmFruitAEZ10,PalmFruitAEZ10,1975,NOx_AWB,4.46083863995222e-06
Southeast Asia,PalmFruit,PalmFruitAEZ11,PalmFruitAEZ11,1975,NOx_AWB,1.98720032477765e-06
Southeast Asia,PalmFruit,PalmFruitAEZ12,PalmFruitAEZ12,1975,NOx_AWB,1.13896786176852e-05
Southeast Asia,PalmFruit,PalmFruitAEZ15,PalmFruitAEZ15,1975,NOx_AWB,0
Southeast Asia,PalmFruit,PalmFruitAEZ16,PalmFruitAEZ16,1975,NOx_AWB,0
Southeast Asia,Rice,RiceAEZ04,RiceAEZ04,1975,NOx_AWB,0.0215236498523162
Southeast Asia,Rice,RiceAEZ05,RiceAEZ05,1975,NOx_AWB,0.0287736529091863
Southeast Asia,Rice,RiceAEZ06,RiceAEZ06,1975,NOx_AWB,0.0168233612080936
Southeast Asia,Rice,RiceAEZ09,RiceAEZ09,1975,NOx_AWB,4.88061932386596e-05
Southeast Asia,Rice,RiceAEZ10,RiceAEZ10,1975,NOx_AWB,0.00126420531551844
Southeast Asia,Rice,RiceAEZ11,RiceAEZ11,1975,NOx_AWB,0.000932383070315564
Southeast Asia,Rice,RiceAEZ12,RiceAEZ12,1975,NOx_AWB,0.000630991842844069
Southeast Asia,Rice,RiceAEZ15,RiceAEZ15,1975,NOx_AWB,0.000122334484585787
Southeast Asia,Rice,RiceAEZ16,RiceAEZ16,1975,NOx_AWB,3.87147104547134e-06
Southeast Asia,Root_Tuber,Root_TuberAEZ04,Root_TuberAEZ04,1975,NOx_AWB,0.0119874967169056
Southeast Asia,Root_Tuber,Root_TuberAEZ05,Root_TuberAEZ05,1975,NOx_AWB,0.00579052689599791
Southeast Asia,Root_Tuber,Root_TuberAEZ06,Root_TuberAEZ06,1975,NOx_AWB,0.00471828559049039
Southeast Asia,Root_Tuber,Root_TuberAEZ09,Root_TuberAEZ09,1975,NOx_AWB,5.58502896896735e-05
Southeast Asia,Root_Tuber,Root_TuberAEZ10,Root_TuberAEZ10,1975,NOx_AWB,0.00145299196918217
Southeast Asia,Root_Tuber,Root_TuberAEZ11,Root_TuberAEZ11,1975,NOx_AWB,0.000182764898837909
Southeast Asia,Root_Tuber,Root_TuberAEZ12,Root_TuberAEZ12,1975,NOx_AWB,0.000218062917691167
Southeast Asia,Root_Tuber,Root_TuberAEZ15,Root_TuberAEZ15,1975,NOx_AWB,0.000104102109782349
Southeast Asia,Root_Tuber,Root_TuberAEZ16,Root_TuberAEZ16,1975,NOx_AWB,1.55096967145196e-06
Southeast Asia,SugarCrop,SugarCropAEZ04,SugarCropAEZ04,1975,NOx_AWB,0.0305516647912049
Southeast Asia,SugarCrop,SugarCropAEZ05,SugarCropAEZ05,1975,NOx_AWB,0.0294416529974433
Southeast Asia,SugarCrop,SugarCropAEZ06,SugarCropAEZ06,1975,NOx_AWB,0.0260113778402974
Southeast Asia,SugarCrop,SugarCropAEZ09,SugarCropAEZ09,1975,NOx_AWB,0
Southeast Asia,SugarCrop,SugarCropAEZ10,SugarCropAEZ10,1975,NOx_AWB,8.26756449092787e-05
Southeast Asia,SugarCrop,SugarCropAEZ11,SugarCropAEZ11,1975,NOx_AWB,0.00141884846378017
Southeast Asia,SugarCrop,SugarCropAEZ12,SugarCropAEZ12,1975,NOx_AWB,0.000360190442926594
Southeast Asia,SugarCrop,SugarCropAEZ15,SugarCropAEZ15,1975,NOx_AWB,0
Southeast Asia,SugarCrop,SugarCropAEZ16,SugarCropAEZ16,1975,NOx_AWB,0
Southeast Asia,Wheat,WheatAEZ04,WheatAEZ04,1975,NOx_AWB,1.83826758194847e-05
Southeast Asia,Wheat,WheatAEZ05,WheatAEZ05,1975,NOx_AWB,6.75100185729679e-05
Southeast Asia,Wheat,WheatAEZ06,WheatAEZ06,1975,NOx_AWB,1.49915268008179e-07
Southeast Asia,Wheat,WheatAEZ09,WheatAEZ09,1975,NOx_AWB,1.7267612621672e-06
Southeast Asia,Wheat,WheatAEZ10,WheatAEZ10,1975,NOx_AWB,0.000109862723193322
Southeast Asia,Wheat,WheatAEZ11,WheatAEZ11,1975,NOx_AWB,2.25978116761818e-05
Southeast Asia,Wheat,WheatAEZ12,WheatAEZ12,1975,NOx_AWB,5.57750453312181e-06
Southeast Asia,Wheat,WheatAEZ15,WheatAEZ15,1975,NOx_AWB,7.50123476055522e-06
Southeast Asia,Wheat,WheatAEZ16,WheatAEZ16,1975,NOx_AWB,1.15773980695367e-06
Southeast Asia,Corn,CornAEZ04,CornAEZ04,1975,SO2_AWB,0.000620905462000587
Southeast Asia,Corn,CornAEZ05,CornAEZ05,1975,SO2_AWB,0.000492798749786948
Southeast Asia,Corn,CornAEZ06,CornAEZ06,1975,SO2_AWB,0.000926174175801646
Southeast Asia,Corn,CornAEZ09,CornAEZ09,1975,SO2_AWB,9.18157761398879e-06
Southeast Asia,Corn,CornAEZ10,CornAEZ10,1975,SO2_AWB,0.000214845466960429
Southeast Asia,Corn,CornAEZ11,CornAEZ11,1975,SO2_AWB,3.4252912338797e-05
Southeast Asia,Corn,CornAEZ12,CornAEZ12,1975,SO2_AWB,2.42855842735017e-05
Southeast Asia,Corn,CornAEZ15,CornAEZ15,1975,SO2_AWB,2.18980643691627e-05
Southeast Asia,Corn,CornAEZ16,CornAEZ16,1975,SO2_AWB,5.80733816195097e-07
Southeast Asia,FiberCrop,FiberCropAEZ04,FiberCropAEZ04,1975,SO2_AWB,6.26488357576091e-05
Southeast Asia,FiberCrop,FiberCropAEZ05,FiberCropAEZ05,1975,SO2_AWB,8.23193404792001e-05
Southeast Asia,FiberCrop,FiberCropAEZ06,FiberCropAEZ06,1975,SO2_AWB,4.70794303161253e-05
Southeast Asia,FiberCrop,FiberCropAEZ09,FiberCropAEZ09,1975,SO2_AWB,3.76969247358725e-07
Southeast Asia,FiberCrop,FiberCropAEZ10,FiberCropAEZ10,1975,SO2_AWB,1.63338952382901e-05
Southeast Asia,FiberCrop,FiberCropAEZ11,FiberCropAEZ11,1975,SO2_AWB,5.40754232057201e-06
Southeast Asia,FiberCrop,FiberCropAEZ12,FiberCropAEZ12,1975,SO2_AWB,2.24359050781693e-06
Southeast Asia,FiberCrop,FiberCropAEZ15,FiberCropAEZ15,1975,SO2_AWB,1.30980027294742e-06
Southeast Asia,FiberCrop,FiberCropAEZ16,FiberCropAEZ16,1975,SO2_AWB,3.16539062667632e-08
Southeast Asia,FodderGrass,FodderGrassAEZ04,FodderGrassAEZ04,1975,SO2_AWB,6.34209759693979e-05
Southeast Asia,FodderGrass,FodderGrassAEZ05,FodderGrassAEZ05,1975,SO2_AWB,0.00017848736743303
Southeast Asia,FodderGrass,FodderGrassAEZ06,FodderGrassAEZ06,1975,SO2_AWB,6.69125368511454e-05
Southeast Asia,FodderGrass,FodderGrassAEZ09,FodderGrassAEZ09,1975,SO2_AWB,0
Southeast Asia,FodderGrass,FodderGrassAEZ10,FodderGrassAEZ10,1975,SO2_AWB,5.21156090237792e-07
Southeast Asia,FodderGrass,FodderGrassAEZ11,FodderGrassAEZ11,1975,SO2_AWB,2.13249218343273e-05
Southeast Asia,FodderGrass,FodderGrassAEZ12,FodderGrassAEZ12,1975,SO2_AWB,7.02799274809611e-06
Southeast Asia,FodderGrass,FodderGrassAEZ15,FodderGrassAEZ15,1975,SO2_AWB,1.54464965171711e-08
Southeast Asia,FodderGrass,FodderGrassAEZ16,FodderGrassAEZ16,1975,SO2_AWB,2.26856820327889e-07
Southeast Asia,FodderHerb,FodderHerbAEZ04,FodderHerbAEZ04,1975,SO2_AWB,3.69373005342415e-07
Southeast Asia,FodderHerb,FodderHerbAEZ05,FodderHerbAEZ05,1975,SO2_AWB,5.69431178318803e-05
Southeast Asia,FodderHerb,FodderHerbAEZ06,FodderHerbAEZ06,1975,SO2_AWB,4.51084924279021e-05
Southeast Asia,FodderHerb,FodderHerbAEZ09,FodderHerbAEZ09,1975,SO2_AWB,0
Southeast Asia,FodderHerb,FodderHerbAEZ10,FodderHerbAEZ10,1975,SO2_AWB,0
Southeast Asia,FodderHerb,FodderHerbAEZ11,FodderHerbAEZ11,1975,SO2_AWB,0
Southeast Asia,FodderHerb,FodderHerbAEZ12,FodderHerbAEZ12,1975,SO2_AWB,2.07240595872317e-06
Southeast Asia,FodderHerb,FodderHerbAEZ15,FodderHerbAEZ15,1975,SO2_AWB,0
Southeast Asia,FodderHerb,FodderHerbAEZ16,FodderHerbAEZ16,1975,SO2_AWB,0
Southeast Asia,MiscCrop,MiscCropAEZ04,MiscCropAEZ04,1975,SO2_AWB,0.00128316718142302
Southeast Asia,MiscCrop,MiscCropAEZ05,MiscCropAEZ05,1975,SO2_AWB,0.00252254087853821
Southeast Asia,MiscCrop,MiscCropAEZ06,MiscCropAEZ06,1975,SO2_AWB,0.00345551716993524
Southeast Asia,MiscCrop,MiscCropAEZ09,MiscCropAEZ09,1975,SO2_AWB,1.77279242416572e-05
Southeast Asia,MiscCrop,MiscCropAEZ10,MiscCropAEZ10,1975,SO2_AWB,0.000713482947743915
Southeast Asia,MiscCrop,MiscCropAEZ11,MiscCropAEZ11,1975,SO2_AWB,0.000250554436273288
Southeast Asia,MiscCrop,MiscCropAEZ12,MiscCropAEZ12,1975,SO2_AWB,8.67975195894571e-05
Southeast Asia,MiscCrop,MiscCropAEZ15,MiscCropAEZ15,1975,SO2_AWB,4.28881157747996e-05
Southeast Asia,MiscCrop,MiscCropAEZ16,MiscCropAEZ16,1975,SO2_AWB,2.78724169814022e-07
Southeast Asia,OilCrop,OilCropAEZ04,OilCropAEZ04,1975,SO2_AWB,0.0001039090234366
Southeast Asia,OilCrop,OilCropAEZ05,OilCropAEZ05,1975,SO2_AWB,0.000212087354002063
Southeast Asia,OilCrop,OilCropAEZ06,OilCropAEZ06,1975,SO2_AWB,6.90900326669748e-05
Southeast Asia,OilCrop,OilCropAEZ09,OilCropAEZ09,1975,SO2_AWB,1.92196288374586e-06
Southeast Asia,OilCrop,OilCropAEZ10,OilCropAEZ10,1975,SO2_AWB,4.52333941679417e-05
Southeast Asia,OilCrop,OilCropAEZ11,OilCropAEZ11,1975,SO2_AWB,2.23556083435977e-05
Southeast Asia,OilCrop,OilCropAEZ12,OilCropAEZ12,1975,SO2_AWB,7.25618072686939e-06
Southeast Asia,OilCrop,OilCropAEZ15,OilCropAEZ15,1975,SO2_AWB,4.60893725294473e-06
Southeast Asia,OilCrop,OilCropAEZ16,OilCropAEZ16,1975,SO2_AWB,1.4818550129288e-07
Southeast Asia,OtherGrain,OtherGrainAEZ04,OtherGrainAEZ04,1975,SO2_AWB,4.79141600256143e-05
Southeast Asia,OtherGrain,OtherGrainAEZ05,OtherGrainAEZ05,1975,SO2_AWB,5.07856609171591e-05
Southeast Asia,OtherGrain,OtherGrainAEZ06,OtherGrainAEZ06,1975,SO2_AWB,5.54437380282777e-06
Southeast Asia,OtherGrain,OtherGrainAEZ09,OtherGrainAEZ09,1975,SO2_AWB,1.40151042390414e-06
Southeast Asia,OtherGrain,OtherGrainAEZ10,OtherGrainAEZ10,1975,SO2_AWB,5.52720001175457e-05
Southeast Asia,OtherGrain,OtherGrainAEZ11,OtherGrainAEZ11,1975,SO2_AWB,1.38311761634562e-05
Southeast Asia,OtherGrain,OtherGrainAEZ12,OtherGrainAEZ12,1975,SO2_AWB,2.23581964785527e-06
Southeast Asia,OtherGrain,OtherGrainAEZ15,OtherGrainAEZ15,1975,SO2_AWB,3.7965192833771e-06
Southeast Asia,OtherGrain,OtherGrainAEZ16,OtherGrainAEZ16,1975,SO2_AWB,4.66094538520181e-08
Southeast Asia,PalmFruit,PalmFruitAEZ04,PalmFruitAEZ04,1975,SO2_AWB,0.000270904901676024
Southeast Asia,PalmFruit,PalmFruitAEZ05,PalmFruitAEZ05,1975,SO2_AWB,0.000275778536945404
Southeast Asia,PalmFruit,PalmFruitAEZ06,PalmFruitAEZ06,1975,SO2_AWB,0.00532400344669235
Southeast Asia,PalmFruit,PalmFruitAEZ09,PalmFruitAEZ09,1975,SO2_AWB,0
Southeast Asia,PalmFruit,PalmFruitAEZ10,PalmFruitAEZ10,1975,SO2_AWB,8.99543338029776e-07
Southeast Asia,PalmFruit,PalmFruitAEZ11,PalmFruitAEZ11,1975,SO2_AWB,4.00725728448112e-07
Southeast Asia,PalmFruit,PalmFruitAEZ12,PalmFruitAEZ12,1975,SO2_AWB,2.29676756990893e-06
Southeast Asia,PalmFruit,PalmFruitAEZ15,PalmFruitAEZ15,1975,SO2_AWB,0
Southeast Asia,PalmFruit,PalmFruitAEZ16,PalmFruitAEZ16,1975,SO2_AWB,0
Southeast Asia,Rice,RiceAEZ04,RiceAEZ04,1975,SO2_AWB,0.00434031745989001
Southeast Asia,Rice,RiceAEZ05,RiceAEZ05,1975,SO2_AWB,0.00580230532291051
Southeast Asia,Rice,RiceAEZ06,RiceAEZ06,1975,SO2_AWB,0.00339248821117889
Southeast Asia,Rice,RiceAEZ09,RiceAEZ09,1975,SO2_AWB,9.84193545788072e-06
Southeast Asia,Rice,RiceAEZ10,RiceAEZ10,1975,SO2_AWB,0.000254931317015454
Southeast Asia,Rice,RiceAEZ11,RiceAEZ11,1975,SO2_AWB,0.000188018228653771
Southeast Asia,Rice,RiceAEZ12,RiceAEZ12,1975,SO2_AWB,0.000127241658888516
Southeast Asia,Rice,RiceAEZ15,RiceAEZ15,1975,SO2_AWB,2.46691663838416e-05
Southeast Asia,Rice,RiceAEZ16,RiceAEZ16,1975,SO2_AWB,7.80695350900704e-07
Southeast Asia,Root_Tuber,Root_TuberAEZ04,Root_TuberAEZ04,1975,SO2_AWB,0.00241731963016304
Southeast Asia,Root_Tuber,Root_TuberAEZ05,Root_TuberAEZ05,1975,SO2_AWB,0.00116767951351698
Southeast Asia,Root_Tuber,Root_TuberAEZ06,Root_TuberAEZ06,1975,SO2_AWB,0.000951458394355412
Southeast Asia,Root_Tuber,Root_TuberAEZ09,Root_TuberAEZ09,1975,SO2_AWB,1.12624015510045e-05
Southeast Asia,Root_Tuber,Root_TuberAEZ10,Root_TuberAEZ10,1975,SO2_AWB,0.000293000790116584
Southeast Asia,Root_Tuber,Root_TuberAEZ11,Root_TuberAEZ11,1975,SO2_AWB,3.68551656863086e-05
Southeast Asia,Root_Tuber,Root_TuberAEZ12,Root_TuberAEZ12,1975,SO2_AWB,4.39731316716101e-05
Southeast Asia,Root_Tuber,Root_TuberAEZ15,Root_TuberAEZ15,1975,SO2_AWB,2.0992545771743e-05
Southeast Asia,Root_Tuber,Root_TuberAEZ16,Root_TuberAEZ16,1975,SO2_AWB,3.12758328208838e-07
Southeast Asia,SugarCrop,SugarCropAEZ04,SugarCropAEZ04,1975,SO2_AWB,0.00616084748784853
Southeast Asia,SugarCrop,SugarCropAEZ05,SugarCropAEZ05,1975,SO2_AWB,0.00593700982080763
Southeast Asia,SugarCrop,SugarCropAEZ06,SugarCropAEZ06,1975,SO2_AWB,0.00524528312673187
Southeast Asia,SugarCrop,SugarCropAEZ09,SugarCropAEZ09,1975,SO2_AWB,0
Southeast Asia,SugarCrop,SugarCropAEZ10,SugarCropAEZ10,1975,SO2_AWB,1.66718259946416e-05
Southeast Asia,SugarCrop,SugarCropAEZ11,SugarCropAEZ11,1975,SO2_AWB,0.000286115635709455
Southeast Asia,SugarCrop,SugarCropAEZ12,SugarCropAEZ12,1975,SO2_AWB,7.26336322624936e-05
Southeast Asia,SugarCrop,SugarCropAEZ15,SugarCropAEZ15,1975,SO2_AWB,0
Southeast Asia,SugarCrop,SugarCropAEZ16,SugarCropAEZ16,1975,SO2_AWB,0
Southeast Asia,Wheat,WheatAEZ04,WheatAEZ04,1975,SO2_AWB,3.70692932501043e-06
Southeast Asia,Wheat,WheatAEZ05,WheatAEZ05,1975,SO2_AWB,1.36136256787424e-05
Southeast Asia,Wheat,WheatAEZ06,WheatAEZ06,1975,SO2_AWB,3.02309255030911e-08
Southeast Asia,Wheat,WheatAEZ09,WheatAEZ09,1975,SO2_AWB,3.48207302510057e-07
Southeast Asia,Wheat,WheatAEZ10,WheatAEZ10,1975,SO2_AWB,2.21541931289003e-05
Southeast Asia,Wheat,WheatAEZ11,WheatAEZ11,1975,SO2_AWB,4.55692585813383e-06
Southeast Asia,Wheat,WheatAEZ12,WheatAEZ12,1975,SO2_AWB,1.12472282692887e-06
Southeast Asia,Wheat,WheatAEZ15,WheatAEZ15,1975,SO2_AWB,1.51264959360357e-06
Southeast Asia,Wheat,WheatAEZ16,WheatAEZ16,1975,SO2_AWB,2.33462183812193e-07
Argentina,Corn,CornAEZ07,CornAEZ07,1975,CH4_AWB,5.53998394970169e-06
Argentina,Corn,CornAEZ08,CornAEZ08,1975,CH4_AWB,4.93031908771977e-05
Argentina,Corn,CornAEZ09,CornAEZ09,1975,CH4_AWB,0.00011253078045872
Argentina,Corn,CornAEZ10,CornAEZ10,1975,CH4_AWB,0.000229410651158984
Argentina,Corn,CornAEZ11,CornAEZ11,1975,CH4_AWB,0.00019449348179093
Argentina,Corn,CornAEZ12,CornAEZ12,1975,CH4_AWB,0.000441992768657097
Argentina,Corn,CornAEZ13,CornAEZ13,1975,CH4_AWB,2.75111117476435e-07
Argentina,Corn,CornAEZ14,CornAEZ14,1975,CH4_AWB,4.97534596873683e-09
Argentina,Corn,CornAEZ15,CornAEZ15,1975,CH4_AWB,0
Argentina,Corn,CornAEZ16,CornAEZ16,1975,CH4_AWB,0
Argentina,FiberCrop,FiberCropAEZ07,FiberCropAEZ07,1975,CH4_AWB,1.04736294626052e-07
Argentina,FiberCrop,FiberCropAEZ08,FiberCropAEZ08,1975,CH4_AWB,2.30549552566943e-06
Argentina,FiberCrop,FiberCropAEZ09,FiberCropAEZ09,1975,CH4_AWB,1.13689140120247e-05
Argentina,FiberCrop,FiberCropAEZ10,FiberCropAEZ10,1975,CH4_AWB,1.30959279599453e-05
Argentina,FiberCrop,FiberCropAEZ11,FiberCropAEZ11,1975,CH4_AWB,2.44757587580972e-05
Argentina,FiberCrop,FiberCropAEZ12,FiberCropAEZ12,1975,CH4_AWB,7.88483793258596e-06
Argentina,FiberCrop,FiberCropAEZ13,FiberCropAEZ13,1975,CH4_AWB,0
Argentina,FiberCrop,FiberCropAEZ14,FiberCropAEZ14,1975,CH4_AWB,0
Argentina,FiberCrop,FiberCropAEZ15,FiberCropAEZ15,1975,CH4_AWB,0
Argentina,FiberCrop,FiberCropAEZ16,FiberCropAEZ16,1975,CH4_AWB,0
Argentina,FodderGrass,FodderGrassAEZ07,FodderGrassAEZ07,1975,CH4_AWB,0.00012180904815845
Argentina,FodderGrass,FodderGrassAEZ08,FodderGrassAEZ08,1975,CH4_AWB,0.000226189401127265
Argentina,FodderGrass,FodderGrassAEZ09,FodderGrassAEZ09,1975,CH4_AWB,0.000274494991186886
Argentina,FodderGrass,FodderGrassAEZ10,FodderGrassAEZ10,1975,CH4_AWB,0.000189423249659128
Argentina,FodderGrass,FodderGrassAEZ11,FodderGrassAEZ11,1975,CH4_AWB,0.000310575586789769
Argentina,FodderGrass,FodderGrassAEZ12,FodderGrassAEZ12,1975,CH4_AWB,0.000530387793276118
Argentina,FodderGrass,FodderGrassAEZ13,FodderGrassAEZ13,1975,CH4_AWB,1.86086024710841e-06
Argentina,FodderGrass,FodderGrassAEZ14,FodderGrassAEZ14,1975,CH4_AWB,9.86432068591851e-07
Argentina,FodderGrass,FodderGrassAEZ15,FodderGrassAEZ15,1975,CH4_AWB,1.48151994872191e-07
Argentina,FodderGrass,FodderGrassAEZ16,FodderGrassAEZ16,1975,CH4_AWB,0
Argentina,FodderHerb,FodderHerbAEZ07,FodderHerbAEZ07,1975,CH4_AWB,0.00033473851271271
Argentina,FodderHerb,FodderHerbAEZ08,FodderHerbAEZ08,1975,CH4_AWB,0.00189272569324424
Argentina,FodderHerb,FodderHerbAEZ09,FodderHerbAEZ09,1975,CH4_AWB,0.00210028246545066
Argentina,FodderHerb,FodderHerbAEZ10,FodderHerbAEZ10,1975,CH4_AWB,0.00391277507069875
Argentina,FodderHerb,FodderHerbAEZ11,FodderHerbAEZ11,1975,CH4_AWB,0.00277960994774118
Argentina,FodderHerb,FodderHerbAEZ12,FodderHerbAEZ12,1975,CH4_AWB,0.00186656188820377
Argentina,FodderHerb,FodderHerbAEZ13,FodderHerbAEZ13,1975,CH4_AWB,4.09001423075288e-06
Argentina,FodderHerb,FodderHerbAEZ14,FodderHerbAEZ14,1975,CH4_AWB,2.9312010981862e-06
Argentina,FodderHerb,FodderHerbAEZ15,FodderHerbAEZ15,1975,CH4_AWB,3.53677910284621e-07
Argentina,FodderHerb,FodderHerbAEZ16,FodderHerbAEZ16,1975,CH4_AWB,0
Argentina,MiscCrop,MiscCropAEZ07,MiscCropAEZ07,1975,CH4_AWB,0.00052158049249451
Argentina,MiscCrop,MiscCropAEZ08,MiscCropAEZ08,1975,CH4_AWB,8.85585410633235e-05
Argentina,MiscCrop,MiscCropAEZ09,MiscCropAEZ09,1975,CH4_AWB,9.2931406080857e-05
Argentina,MiscCrop,MiscCropAEZ10,MiscCropAEZ10,1975,CH4_AWB,0.000110889833853587
Argentina,MiscCrop,MiscCropAEZ11,MiscCropAEZ11,1975,CH4_AWB,8.38360699181299e-06
Argentina,MiscCrop,MiscCropAEZ12,MiscCropAEZ12,1975,CH4_AWB,0.000271302286574584
Argentina,MiscCrop,MiscCropAEZ13,MiscCropAEZ13,1975,CH4_AWB,2.3483096884722e-05
Argentina,MiscCrop,MiscCropAEZ14,MiscCropAEZ14,1975,CH4_AWB,1.39668949263442e-07
Argentina,MiscCrop,MiscCropAEZ15,MiscCropAEZ15,1975,CH4_AWB,1.93330577507514e-08
Argentina,MiscCrop,MiscCropAEZ16,MiscCropAEZ16,1975,CH4_AWB,0
Argentina,OilCrop,OilCropAEZ07,OilCropAEZ07,1975,CH4_AWB,8.88465566221678e-07
Argentina,OilCrop,OilCropAEZ08,OilCropAEZ08,1975,CH4_AWB,1.60284538076613e-05
Argentina,OilCrop,OilCropAEZ09,OilCropAEZ09,1975,CH4_AWB,3.76219408862094e-05
Argentina,OilCrop,OilCropAEZ10,OilCropAEZ10,1975,CH4_AWB,7.82355357476351e-05
Argentina,OilCrop,OilCropAEZ11,OilCropAEZ11,1975,CH4_AWB,7.04814660795075e-05
Argentina,OilCrop,OilCropAEZ12,OilCropAEZ12,1975,CH4_AWB,0.00012423026875882
Argentina,OilCrop,OilCropAEZ13,OilCropAEZ13,1975,CH4_AWB,0
Argentina,OilCrop,OilCropAEZ14,OilCropAEZ14,1975,CH4_AWB,1.51325267417155e-10
Argentina,OilCrop,OilCropAEZ15,OilCropAEZ15,1975,CH4_AWB,0
Argentina,OilCrop,OilCropAEZ16,OilCropAEZ16,1975,CH4_AWB,0
Argentina,OtherGrain,OtherGrainAEZ07,OtherGrainAEZ07,1975,CH4_AWB,6.78047881030454e-06
Argentina,OtherGrain,OtherGrainAEZ08,OtherGrainAEZ08,1975,CH4_AWB,3.88550167794945e-05
Argentina,OtherGrain,OtherGrainAEZ09,OtherGrainAEZ09,1975,CH4_AWB,0.000125315500324326
Argentina,OtherGrain,OtherGrainAEZ10,OtherGrainAEZ10,1975,CH4_AWB,0.0002807146032593
Argentina,OtherGrain,OtherGrainAEZ11,OtherGrainAEZ11,1975,CH4_AWB,0.000217139063232787
Argentina,OtherGrain,OtherGrainAEZ12,OtherGrainAEZ12,1975,CH4_AWB,0.000242749350541615
Argentina,OtherGrain,OtherGrainAEZ13,OtherGrainAEZ13,1975,CH4_AWB,0
Argentina,OtherGrain,OtherGrainAEZ14,OtherGrainAEZ14,1975,CH4_AWB,4.01629611233294e-08
Argentina,OtherGrain,OtherGrainAEZ15,OtherGrainAEZ15,1975,CH4_AWB,0
Argentina,OtherGrain,OtherGrainAEZ16,OtherGrainAEZ16,1975,CH4_AWB,0
Argentina,PalmFruit,PalmFruitAEZ07,PalmFruitAEZ07,1975,CH4_AWB,0
Argentina,PalmFruit,PalmFruitAEZ08,PalmFruitAEZ08,1975,CH4_AWB,0
Argentina,PalmFruit,PalmFruitAEZ09,PalmFruitAEZ09,1975,CH4_AWB,0
Argentina,PalmFruit,PalmFruitAEZ10,PalmFruitAEZ10,1975,CH4_AWB,0
Argentina,PalmFruit,PalmFruitAEZ11,PalmFruitAEZ11,1975,CH4_AWB,0
Argentina,PalmFruit,PalmFruitAEZ12,PalmFruitAEZ12,1975,CH4_AWB,0
Argentina,PalmFruit,PalmFruitAEZ13,PalmFruitAEZ13,1975,CH4_AWB,0
Argentina,PalmFruit,PalmFruitAEZ14,PalmFruitAEZ14,1975,CH4_AWB,0
Argentina,PalmFruit,PalmFruitAEZ15,PalmFruitAEZ15,1975,CH4_AWB,0
Argentina,PalmFruit,PalmFruitAEZ16,PalmFruitAEZ16,1975,CH4_AWB,0
Argentina,Rice,RiceAEZ07,RiceAEZ07,1975,CH4_AWB,0
Argentina,Rice,RiceAEZ08,RiceAEZ08,1975,CH4_AWB,0
Argentina,Rice,RiceAEZ09,RiceAEZ09,1975,CH4_AWB,0
Argentina,Rice,RiceAEZ10,RiceAEZ10,1975,CH4_AWB,3.78499562144287e-09
Argentina,Rice,RiceAEZ11,RiceAEZ11,1975,CH4_AWB,3.35087308016607e-06
Argentina,Rice,RiceAEZ12,RiceAEZ12,1975,CH4_AWB,3.54341416177859e-05
Argentina,Rice,RiceAEZ13,RiceAEZ13,1975,CH4_AWB,5.20025485380845e-09
Argentina,Rice,RiceAEZ14,RiceAEZ14,1975,CH4_AWB,0
Argentina,Rice,RiceAEZ15,RiceAEZ15,1975,CH4_AWB,0
Argentina,Rice,RiceAEZ16,RiceAEZ16,1975,CH4_AWB,0
Argentina,Root_Tuber,Root_TuberAEZ07,Root_TuberAEZ07,1975,CH4_AWB,9.08131427764031e-06
Argentina,Root_Tuber,Root_TuberAEZ08,Root_TuberAEZ08,1975,CH4_AWB,3.02740725895921e-05
Argentina,Root_Tuber,Root_TuberAEZ09,Root_TuberAEZ09,1975,CH4_AWB,2.78619600101321e-05
Argentina,Root_Tuber,Root_TuberAEZ10,Root_TuberAEZ10,1975,CH4_AWB,6.91809101147106e-05
Argentina,Root_Tuber,Root_TuberAEZ11,Root_TuberAEZ11,1975,CH4_AWB,9.02953583801191e-05
Argentina,Root_Tuber,Root_TuberAEZ12,Root_TuberAEZ12,1975,CH4_AWB,5.67243104716118e-05
Argentina,Root_Tuber,Root_TuberAEZ13,Root_TuberAEZ13,1975,CH4_AWB,7.71272385485067e-07
Argentina,Root_Tuber,Root_TuberAEZ14,Root_TuberAEZ14,1975,CH4_AWB,2.67151460863416e-08
Argentina,Root_Tuber,Root_TuberAEZ15,Root_TuberAEZ15,1975,CH4_AWB,0
Argentina,Root_Tuber,Root_TuberAEZ16,Root_TuberAEZ16,1975,CH4_AWB,0
Argentina,SugarCrop,SugarCropAEZ07,SugarCropAEZ07,1975,CH4_AWB,0
Argentina,SugarCrop,SugarCropAEZ08,SugarCropAEZ08,1975,CH4_AWB,8.41151362046012e-06
Argentina,SugarCrop,SugarCropAEZ09,SugarCropAEZ09,1975,CH4_AWB,0.000473769284296322
Argentina,SugarCrop,SugarCropAEZ10,SugarCropAEZ10,1975,CH4_AWB,0.0014006129706404
Argentina,SugarCrop,SugarCropAEZ11,SugarCropAEZ11,1975,CH4_AWB,3.57333508028347e-08
Argentina,SugarCrop,SugarCropAEZ12,SugarCropAEZ12,1975,CH4_AWB,0.000139025580535836
Argentina,SugarCrop,SugarCropAEZ13,SugarCropAEZ13,1975,CH4_AWB,2.69698929665986e-07
Argentina,SugarCrop,SugarCropAEZ14,SugarCropAEZ14,1975,CH4_AWB,0
Argentina,SugarCrop,SugarCropAEZ15,SugarCropAEZ15,1975,CH4_AWB,0
Argentina,SugarCrop,SugarCropAEZ16,SugarCropAEZ16,1975,CH4_AWB,0
Argentina,Wheat,WheatAEZ07,WheatAEZ07,1975,CH4_AWB,2.23255071568057e-05
Argentina,Wheat,WheatAEZ08,WheatAEZ08,1975,CH4_AWB,5.92293761483423e-05
Argentina,Wheat,WheatAEZ09,WheatAEZ09,1975,CH4_AWB,0.000130092992850802
Argentina,Wheat,WheatAEZ10,WheatAEZ10,1975,CH4_AWB,0.0001947657189743
Argentina,Wheat,WheatAEZ11,WheatAEZ11,1975,CH4_AWB,0.000271167601221731
Argentina,Wheat,WheatAEZ12,WheatAEZ12,1975,CH4_AWB,0.000277712847554226
Argentina,Wheat,WheatAEZ13,WheatAEZ13,1975,CH4_AWB,3.20098573651684e-07
Argentina,Wheat,WheatAEZ14,WheatAEZ14,1975,CH4_AWB,1.20028915969974e-07
Argentina,Wheat,WheatAEZ15,WheatAEZ15,1975,CH4_AWB,3.18102384598537e-08
Argentina,Wheat,WheatAEZ16,WheatAEZ16,1975,CH4_AWB,0
Argentina,Corn,CornAEZ07,CornAEZ07,1975,CO_AWB,0.00021613740198132
Argentina,Corn,CornAEZ08,CornAEZ08,1975,CO_AWB,0.00192351885534983
Argentina,Corn,CornAEZ09,CornAEZ09,1975,CO_AWB,0.00439028537845993
Argentina,Corn,CornAEZ10,CornAEZ10,1975,CO_AWB,0.00895024653113221
Argentina,Corn,CornAEZ11,CornAEZ11,1975,CO_AWB,0.00758798513466021
Argentina,Corn,CornAEZ12,CornAEZ12,1975,CO_AWB,0.0172439432278896
Argentina,Corn,CornAEZ13,CornAEZ13,1975,CO_AWB,1.07332083860525e-05
Argentina,Corn,CornAEZ14,CornAEZ14,1975,CO_AWB,1.94108568076071e-07
Argentina,Corn,CornAEZ15,CornAEZ15,1975,CO_AWB,0
Argentina,Corn,CornAEZ16,CornAEZ16,1975,CO_AWB,0
Argentina,FiberCrop,FiberCropAEZ07,FiberCropAEZ07,1975,CO_AWB,4.08619064949525e-06
Argentina,FiberCrop,FiberCropAEZ08,FiberCropAEZ08,1975,CO_AWB,8.99467972690751e-05
Argentina,FiberCrop,FiberCropAEZ09,FiberCropAEZ09,1975,CO_AWB,0.000443547772018428
Argentina,FiberCrop,FiberCropAEZ10,FiberCropAEZ10,1975,CO_AWB,0.000510925640127444
Argentina,FiberCrop,FiberCropAEZ11,FiberCropAEZ11,1975,CO_AWB,0.000954899320562385
Argentina,FiberCrop,FiberCropAEZ12,FiberCropAEZ12,1975,CO_AWB,0.000307619733426241
Argentina,FiberCrop,FiberCropAEZ13,FiberCropAEZ13,1975,CO_AWB,0
Argentina,FiberCrop,FiberCropAEZ14,FiberCropAEZ14,1975,CO_AWB,0
Argentina,FiberCrop,FiberCropAEZ15,FiberCropAEZ15,1975,CO_AWB,0
Argentina,FiberCrop,FiberCropAEZ16,FiberCropAEZ16,1975,CO_AWB,0
Argentina,FodderGrass,FodderGrassAEZ07,FodderGrassAEZ07,1975,CO_AWB,0.00475226849857616
Argentina,FodderGrass,FodderGrassAEZ08,FodderGrassAEZ08,1975,CO_AWB,0.0088245724101764
Argentina,FodderGrass,FodderGrassAEZ09,FodderGrassAEZ09,1975,CO_AWB,0.010709170782925
Argentina,FodderGrass,FodderGrassAEZ10,FodderGrassAEZ10,1975,CO_AWB,0.00739017466979979
Argentina,FodderGrass,FodderGrassAEZ11,FodderGrassAEZ11,1975,CO_AWB,0.0121168221888403
Argentina,FodderGrass,FodderGrassAEZ12,FodderGrassAEZ12,1975,CO_AWB,0.0206925941883781
Argentina,FodderGrass,FodderGrassAEZ13,FodderGrassAEZ13,1975,CO_AWB,7.25997589364832e-05
Argentina,FodderGrass,FodderGrassAEZ14,FodderGrassAEZ14,1975,CO_AWB,3.8484744084499e-05
Argentina,FodderGrass,FodderGrassAEZ15,FodderGrassAEZ15,1975,CO_AWB,5.78001444783054e-06
Argentina,FodderGrass,FodderGrassAEZ16,FodderGrassAEZ16,1975,CO_AWB,0
Argentina,FodderHerb,FodderHerbAEZ07,FodderHerbAEZ07,1975,CO_AWB,0.0130595166227353
Argentina,FodderHerb,FodderHerbAEZ08,FodderHerbAEZ08,1975,CO_AWB,0.0738429601448808
Argentina,FodderHerb,FodderHerbAEZ09,FodderHerbAEZ09,1975,CO_AWB,0.0819405975957509
Argentina,FodderHerb,FodderHerbAEZ10,FodderHerbAEZ10,1975,CO_AWB,0.152653337265289
Argentina,FodderHerb,FodderHerbAEZ11,FodderHerbAEZ11,1975,CO_AWB,0.10844393739779
Argentina,FodderHerb,FodderHerbAEZ12,FodderHerbAEZ12,1975,CO_AWB,0.0728222032440061
Argentina,FodderHerb,FodderHerbAEZ13,FodderHerbAEZ13,1975,CO_AWB,0.000159568160833598
Argentina,FodderHerb,FodderHerbAEZ14,FodderHerbAEZ14,1975,CO_AWB,0.000114358127351772
Argentina,FodderHerb,FodderHerbAEZ15,FodderHerbAEZ15,1975,CO_AWB,1.37984198801183e-05
Argentina,FodderHerb,FodderHerbAEZ16,FodderHerbAEZ16,1975,CO_AWB,0
Argentina,MiscCrop,MiscCropAEZ07,MiscCropAEZ07,1975,CO_AWB,0.0203489854114055
Argentina,MiscCrop,MiscCropAEZ08,MiscCropAEZ08,1975,CO_AWB,0.00345503040486487
Argentina,MiscCrop,MiscCropAEZ09,MiscCropAEZ09,1975,CO_AWB,0.00362563373019681
Argentina,MiscCrop,MiscCropAEZ10,MiscCropAEZ10,1975,CO_AWB,0.00432626534893573
Argentina,MiscCrop,MiscCropAEZ11,MiscCropAEZ11,1975,CO_AWB,0.000327078751652422
Argentina,MiscCrop,MiscCropAEZ12,MiscCropAEZ12,1975,CO_AWB,0.0105846103353746
Argentina,MiscCrop,MiscCropAEZ13,MiscCropAEZ13,1975,CO_AWB,0.000916171526347605
Argentina,MiscCrop,MiscCropAEZ14,MiscCropAEZ14,1975,CO_AWB,5.44905618957371e-06
Argentina,MiscCrop,MiscCropAEZ15,MiscCropAEZ15,1975,CO_AWB,7.54261548867344e-07
Argentina,MiscCrop,MiscCropAEZ16,MiscCropAEZ16,1975,CO_AWB,0
Argentina,OilCrop,OilCropAEZ07,OilCropAEZ07,1975,CO_AWB,3.46626706821697e-05
Argentina,OilCrop,OilCropAEZ08,OilCropAEZ08,1975,CO_AWB,0.000625335451369323
Argentina,OilCrop,OilCropAEZ09,OilCropAEZ09,1975,CO_AWB,0.00146778558105352
Argentina,OilCrop,OilCropAEZ10,OilCropAEZ10,1975,CO_AWB,0.00305228780311196
Argentina,OilCrop,OilCropAEZ11,OilCropAEZ11,1975,CO_AWB,0.00274976987380614
Argentina,OilCrop,OilCropAEZ12,OilCropAEZ12,1975,CO_AWB,0.00484673020368917
Argentina,OilCrop,OilCropAEZ13,OilCropAEZ13,1975,CO_AWB,0
Argentina,OilCrop,OilCropAEZ14,OilCropAEZ14,1975,CO_AWB,5.90381677106367e-09
Argentina,OilCrop,OilCropAEZ15,OilCropAEZ15,1975,CO_AWB,0
Argentina,OilCrop,OilCropAEZ16,OilCropAEZ16,1975,CO_AWB,0
Argentina,OtherGrain,OtherGrainAEZ07,OtherGrainAEZ07,1975,CO_AWB,0.000264534173303431
Argentina,OtherGrain,OtherGrainAEZ08,OtherGrainAEZ08,1975,CO_AWB,0.00151589290815774
Argentina,OtherGrain,OtherGrainAEZ09,OtherGrainAEZ09,1975,CO_AWB,0.00488906951969552
Argentina,OtherGrain,OtherGrainAEZ10,OtherGrainAEZ10,1975,CO_AWB,0.0109518232539192
Argentina,OtherGrain,OtherGrainAEZ11,OtherGrainAEZ11,1975,CO_AWB,0.00847148176274393
Argentina,OtherGrain,OtherGrainAEZ12,OtherGrainAEZ12,1975,CO_AWB,0.00947064367606019
Argentina,OtherGrain,OtherGrainAEZ13,OtherGrainAEZ13,1975,CO_AWB,0
Argentina,OtherGrain,OtherGrainAEZ14,OtherGrainAEZ14,1975,CO_AWB,1.56692115931863e-06
Argentina,OtherGrain,OtherGrainAEZ15,OtherGrainAEZ15,1975,CO_AWB,0
Argentina,OtherGrain,OtherGrainAEZ16,OtherGrainAEZ16,1975,CO_AWB,0
Argentina,PalmFruit,PalmFruitAEZ07,PalmFruitAEZ07,1975,CO_AWB,0
Argentina,PalmFruit,PalmFruitAEZ08,PalmFruitAEZ08,1975,CO_AWB,0
Argentina,PalmFruit,PalmFruitAEZ09,PalmFruitAEZ09,1975,CO_AWB,0
Argentina,PalmFruit,PalmFruitAEZ10,PalmFruitAEZ10,1975,CO_AWB,0
Argentina,PalmFruit,PalmFruitAEZ11,PalmFruitAEZ11,1975,CO_AWB,0
Argentina,PalmFruit,PalmFruitAEZ12,PalmFruitAEZ12,1975,CO_AWB,0
Argentina,PalmFruit,PalmFruitAEZ13,PalmFruitAEZ13,1975,CO_AWB,0
Argentina,PalmFruit,PalmFruitAEZ14,PalmFruitAEZ14,1975,CO_AWB,0
Argentina,PalmFruit,PalmFruitAEZ15,PalmFruitAEZ15,1975,CO_AWB,0
Argentina,PalmFruit,PalmFruitAEZ16,PalmFruitAEZ16,1975,CO_AWB,0
Argentina,Rice,RiceAEZ07,RiceAEZ07,1975,CO_AWB,0
Argentina,Rice,RiceAEZ08,RiceAEZ08,1975,CO_AWB,0
Argentina,Rice,RiceAEZ09,RiceAEZ09,1975,CO_AWB,0
Argentina,Rice,RiceAEZ10,RiceAEZ10,1975,CO_AWB,1.47668139033757e-07
Argentina,Rice,RiceAEZ11,RiceAEZ11,1975,CO_AWB,0.000130731245521972
Argentina,Rice,RiceAEZ12,RiceAEZ12,1975,CO_AWB,0.0013824305955108
Argentina,Rice,RiceAEZ13,RiceAEZ13,1975,CO_AWB,2.0288318232464e-07
Argentina,Rice,RiceAEZ14,RiceAEZ14,1975,CO_AWB,0
Argentina,Rice,RiceAEZ15,RiceAEZ15,1975,CO_AWB,0
Argentina,Rice,RiceAEZ16,RiceAEZ16,1975,CO_AWB,0
Argentina,Root_Tuber,Root_TuberAEZ07,Root_TuberAEZ07,1975,CO_AWB,0.000354299162662868
Argentina,Root_Tuber,Root_TuberAEZ08,Root_TuberAEZ08,1975,CO_AWB,0.00118111522638268
Argentina,Root_Tuber,Root_TuberAEZ09,Root_TuberAEZ09,1975,CO_AWB,0.00108700886236713
Argentina,Root_Tuber,Root_TuberAEZ10,Root_TuberAEZ10,1975,CO_AWB,0.00269902987348941
Argentina,Root_Tuber,Root_TuberAEZ11,Root_TuberAEZ11,1975,CO_AWB,0.00352279074243563
Argentina,Root_Tuber,Root_TuberAEZ12,Root_TuberAEZ12,1975,CO_AWB,0.00221304704234316
Argentina,Root_Tuber,Root_TuberAEZ13,Root_TuberAEZ13,1975,CO_AWB,3.00904860252625e-05
Argentina,Root_Tuber,Root_TuberAEZ14,Root_TuberAEZ14,1975,CO_AWB,1.04226696703051e-06
Argentina,Root_Tuber,Root_TuberAEZ15,Root_TuberAEZ15,1975,CO_AWB,0
Argentina,Root_Tuber,Root_TuberAEZ16,Root_TuberAEZ16,1975,CO_AWB,0
Argentina,SugarCrop,SugarCropAEZ07,SugarCropAEZ07,1975,CO_AWB,0
Argentina,SugarCrop,SugarCropAEZ08,SugarCropAEZ08,1975,CO_AWB,0.000328167503220768
Argentina,SugarCrop,SugarCropAEZ09,SugarCropAEZ09,1975,CO_AWB,0.0184836748943776
Argentina,SugarCrop,SugarCropAEZ10,SugarCropAEZ10,1975,CO_AWB,0.0546436327982242
Argentina,SugarCrop,SugarCropAEZ11,SugarCropAEZ11,1975,CO_AWB,1.39410396794158e-06
Argentina,SugarCrop,SugarCropAEZ12,SugarCropAEZ12,1975,CO_AWB,0.00542395574766571
Argentina,SugarCrop,SugarCropAEZ13,SugarCropAEZ13,1975,CO_AWB,1.05220568334476e-05
Argentina,SugarCrop,SugarCropAEZ14,SugarCropAEZ14,1975,CO_AWB,0
Argentina,SugarCrop,SugarCropAEZ15,SugarCropAEZ15,1975,CO_AWB,0
Argentina,SugarCrop,SugarCropAEZ16,SugarCropAEZ16,1975,CO_AWB,0
Argentina,Wheat,WheatAEZ07,WheatAEZ07,1975,CO_AWB,0.000871009222878194
Argentina,Wheat,WheatAEZ08,WheatAEZ08,1975,CO_AWB,0.00231077988635082
Argentina,Wheat,WheatAEZ09,WheatAEZ09,1975,CO_AWB,0.00507545901685523
Argentina,Wheat,WheatAEZ10,WheatAEZ10,1975,CO_AWB,0.00759860621913818
Argentina,Wheat,WheatAEZ11,WheatAEZ11,1975,CO_AWB,0.0105793557096365
Argentina,Wheat,WheatAEZ12,WheatAEZ12,1975,CO_AWB,0.0108347125031719
Argentina,Wheat,WheatAEZ13,WheatAEZ13,1975,CO_AWB,1.24883528030305e-05
Argentina,Wheat,WheatAEZ14,WheatAEZ14,1975,CO_AWB,4.68281827094124e-06
Argentina,Wheat,WheatAEZ15,WheatAEZ15,1975,CO_AWB,1.2410473314619e-06
Argentina,Wheat,WheatAEZ16,WheatAEZ16,1975,CO_AWB,0
Argentina,Corn,CornAEZ07,CornAEZ07,1975,N2O_AWB,1.43571415034523e-07
Argentina,Corn,CornAEZ08,CornAEZ08,1975,N2O_AWB,1.27771649597245e-06
Argentina,Corn,CornAEZ09,CornAEZ09,1975,N2O_AWB,2.91629064850768e-06
Argentina,Corn,CornAEZ10,CornAEZ10,1975,N2O_AWB,5.94529011454269e-06
Argentina,Corn,CornAEZ11,CornAEZ11,1975,N2O_AWB,5.04039445768043e-06
Argentina,Corn,CornAEZ12,CornAEZ12,1975,N2O_AWB,1.14544604835079e-05
Argentina,Corn,CornAEZ13,CornAEZ13,1975,N2O_AWB,7.12964022755832e-09
Argentina,Corn,CornAEZ14,CornAEZ14,1975,N2O_AWB,1.28938543415152e-10
Argentina,Corn,CornAEZ15,CornAEZ15,1975,N2O_AWB,0
Argentina,Corn,CornAEZ16,CornAEZ16,1975,N2O_AWB,0
Argentina,FiberCrop,FiberCropAEZ07,FiberCropAEZ07,1975,N2O_AWB,2.7142927058019e-09
Argentina,FiberCrop,FiberCropAEZ08,FiberCropAEZ08,1975,N2O_AWB,5.97480530596023e-08
Argentina,FiberCrop,FiberCropAEZ09,FiberCropAEZ09,1975,N2O_AWB,2.94631011015851e-07
Argentina,FiberCrop,FiberCropAEZ10,FiberCropAEZ10,1975,N2O_AWB,3.39387428821118e-07
Argentina,FiberCrop,FiberCropAEZ11,FiberCropAEZ11,1975,N2O_AWB,6.34301353730971e-07
Argentina,FiberCrop,FiberCropAEZ12,FiberCropAEZ12,1975,N2O_AWB,2.04339461914904e-07
Argentina,FiberCrop,FiberCropAEZ13,FiberCropAEZ13,1975,N2O_AWB,0
Argentina,FiberCrop,FiberCropAEZ14,FiberCropAEZ14,1975,N2O_AWB,0
Argentina,FiberCrop,FiberCropAEZ15,FiberCropAEZ15,1975,N2O_AWB,0
Argentina,FiberCrop,FiberCropAEZ16,FiberCropAEZ16,1975,N2O_AWB,0
Argentina,FodderGrass,FodderGrassAEZ07,FodderGrassAEZ07,1975,N2O_AWB,3.15674152974012e-06
Argentina,FodderGrass,FodderGrassAEZ08,FodderGrassAEZ08,1975,N2O_AWB,5.86180983203053e-06
Argentina,FodderGrass,FodderGrassAEZ09,FodderGrassAEZ09,1975,N2O_AWB,7.11367301104043e-06
Argentina,FodderGrass,FodderGrassAEZ10,FodderGrassAEZ10,1975,N2O_AWB,4.90899689257459e-06
Argentina,FodderGrass,FodderGrassAEZ11,FodderGrassAEZ11,1975,N2O_AWB,8.04871943229824e-06
Argentina,FodderGrass,FodderGrassAEZ12,FodderGrassAEZ12,1975,N2O_AWB,1.37452611215219e-05
Argentina,FodderGrass,FodderGrassAEZ13,FodderGrassAEZ13,1975,N2O_AWB,4.82251106292885e-08
Argentina,FodderGrass,FodderGrassAEZ14,FodderGrassAEZ14,1975,N2O_AWB,2.55638733268874e-08
Argentina,FodderGrass,FodderGrassAEZ15,FodderGrassAEZ15,1975,N2O_AWB,3.83943197978636e-09
Argentina,FodderGrass,FodderGrassAEZ16,FodderGrassAEZ16,1975,N2O_AWB,0
Argentina,FodderHerb,FodderHerbAEZ07,FodderHerbAEZ07,1975,N2O_AWB,8.67491356889277e-06
Argentina,FodderHerb,FodderHerbAEZ08,FodderHerbAEZ08,1975,N2O_AWB,4.90509193742168e-05
Argentina,FodderHerb,FodderHerbAEZ09,FodderHerbAEZ09,1975,N2O_AWB,5.44298554426649e-05
Argentina,FodderHerb,FodderHerbAEZ10,FodderHerbAEZ10,1975,N2O_AWB,0.000101401494789939
Argentina,FodderHerb,FodderHerbAEZ11,FodderHerbAEZ11,1975,N2O_AWB,7.20349620259686e-05
Argentina,FodderHerb,FodderHerbAEZ12,FodderHerbAEZ12,1975,N2O_AWB,4.83728714689427e-05
Argentina,FodderHerb,FodderHerbAEZ13,FodderHerbAEZ13,1975,N2O_AWB,1.05994734994159e-07
Argentina,FodderHerb,FodderHerbAEZ14,FodderHerbAEZ14,1975,N2O_AWB,7.59635214177833e-08
Argentina,FodderHerb,FodderHerbAEZ15,FodderHerbAEZ15,1975,N2O_AWB,9.16573739329159e-09
Argentina,FodderHerb,FodderHerbAEZ16,FodderHerbAEZ16,1975,N2O_AWB,0
Argentina,MiscCrop,MiscCropAEZ07,MiscCropAEZ07,1975,N2O_AWB,1.35170155801394e-05
Argentina,MiscCrop,MiscCropAEZ08,MiscCropAEZ08,1975,N2O_AWB,2.29503824727486e-06
Argentina,MiscCrop,MiscCropAEZ09,MiscCropAEZ09,1975,N2O_AWB,2.40836319984193e-06
Argentina,MiscCrop,MiscCropAEZ10,MiscCropAEZ10,1975,N2O_AWB,2.87376470831832e-06
Argentina,MiscCrop,MiscCropAEZ11,MiscCropAEZ11,1975,N2O_AWB,2.17265307956844e-07
Argentina,MiscCrop,MiscCropAEZ12,MiscCropAEZ12,1975,N2O_AWB,7.03093249714414e-06
Argentina,MiscCrop,MiscCropAEZ13,MiscCropAEZ13,1975,N2O_AWB,6.08576031942091e-07
Argentina,MiscCrop,MiscCropAEZ14,MiscCropAEZ14,1975,N2O_AWB,3.61958967105257e-09
Argentina,MiscCrop,MiscCropAEZ15,MiscCropAEZ15,1975,N2O_AWB,5.01025721991304e-10
Argentina,MiscCrop,MiscCropAEZ16,MiscCropAEZ16,1975,N2O_AWB,0
Argentina,OilCrop,OilCropAEZ07,OilCropAEZ07,1975,N2O_AWB,2.30250231246181e-08
Argentina,OilCrop,OilCropAEZ08,OilCropAEZ08,1975,N2O_AWB,4.15385281776012e-07
Argentina,OilCrop,OilCropAEZ09,OilCropAEZ09,1975,N2O_AWB,9.74991144093314e-07
Argentina,OilCrop,OilCropAEZ10,OilCropAEZ10,1975,N2O_AWB,2.02751247571336e-06
Argentina,OilCrop,OilCropAEZ11,OilCropAEZ11,1975,N2O_AWB,1.82656193783512e-06
Argentina,OilCrop,OilCropAEZ12,OilCropAEZ12,1975,N2O_AWB,3.21948865515815e-06
Argentina,OilCrop,OilCropAEZ13,OilCropAEZ13,1975,N2O_AWB,0
Argentina,OilCrop,OilCropAEZ14,OilCropAEZ14,1975,N2O_AWB,3.92166890207839e-12
Argentina,OilCrop,OilCropAEZ15,OilCropAEZ15,1975,N2O_AWB,0
Argentina,OilCrop,OilCropAEZ16,OilCropAEZ16,1975,N2O_AWB,0
Argentina,OtherGrain,OtherGrainAEZ07,OtherGrainAEZ07,1975,N2O_AWB,1.75719450858597e-07
Argentina,OtherGrain,OtherGrainAEZ08,OtherGrainAEZ08,1975,N2O_AWB,1.00694691372211e-06
Argentina,OtherGrain,OtherGrainAEZ09,OtherGrainAEZ09,1975,N2O_AWB,3.24761296615154e-06
Argentina,OtherGrain,OtherGrainAEZ10,OtherGrainAEZ10,1975,N2O_AWB,7.27485732390298e-06
Argentina,OtherGrain,OtherGrainAEZ11,OtherGrainAEZ11,1975,N2O_AWB,5.62726586406095e-06
Argentina,OtherGrain,OtherGrainAEZ12,OtherGrainAEZ12,1975,N2O_AWB,6.29096908445876e-06
Argentina,OtherGrain,OtherGrainAEZ13,OtherGrainAEZ13,1975,N2O_AWB,0
Argentina,OtherGrain,OtherGrainAEZ14,OtherGrainAEZ14,1975,N2O_AWB,1.04084293615389e-09
Argentina,OtherGrain,OtherGrainAEZ15,OtherGrainAEZ15,1975,N2O_AWB,0
Argentina,OtherGrain,OtherGrainAEZ16,OtherGrainAEZ16,1975,N2O_AWB,0
Argentina,PalmFruit,PalmFruitAEZ07,PalmFruitAEZ07,1975,N2O_AWB,0
Argentina,PalmFruit,PalmFruitAEZ08,PalmFruitAEZ08,1975,N2O_AWB,0
Argentina,PalmFruit,PalmFruitAEZ09,PalmFruitAEZ09,1975,N2O_AWB,0
Argentina,PalmFruit,PalmFruitAEZ10,PalmFruitAEZ10,1975,N2O_AWB,0
Argentina,PalmFruit,PalmFruitAEZ11,PalmFruitAEZ11,1975,N2O_AWB,0
Argentina,PalmFruit,PalmFruitAEZ12,PalmFruitAEZ12,1975,N2O_AWB,0
Argentina,PalmFruit,PalmFruitAEZ13,PalmFruitAEZ13,1975,N2O_AWB,0
Argentina,PalmFruit,PalmFruitAEZ14,PalmFruitAEZ14,1975,N2O_AWB,0
Argentina,PalmFruit,PalmFruitAEZ15,PalmFruitAEZ15,1975,N2O_AWB,0
Argentina,PalmFruit,PalmFruitAEZ16,PalmFruitAEZ16,1975,N2O_AWB,0
Argentina,Rice,RiceAEZ07,RiceAEZ07,1975,N2O_AWB,0
Argentina,Rice,RiceAEZ08,RiceAEZ08,1975,N2O_AWB,0
Argentina,Rice,RiceAEZ09,RiceAEZ09,1975,N2O_AWB,0
Argentina,Rice,RiceAEZ10,RiceAEZ10,1975,N2O_AWB,9.80900273726039e-11
Argentina,Rice,RiceAEZ11,RiceAEZ11,1975,N2O_AWB,8.6839527711346e-08
Argentina,Rice,RiceAEZ12,RiceAEZ12,1975,N2O_AWB,9.18293247559523e-07
Argentina,Rice,RiceAEZ13,RiceAEZ13,1975,N2O_AWB,1.3476716804236e-10
Argentina,Rice,RiceAEZ14,RiceAEZ14,1975,N2O_AWB,0
Argentina,Rice,RiceAEZ15,RiceAEZ15,1975,N2O_AWB,0
Argentina,Rice,RiceAEZ16,RiceAEZ16,1975,N2O_AWB,0
Argentina,Root_Tuber,Root_TuberAEZ07,Root_TuberAEZ07,1975,N2O_AWB,2.3534673620927e-07
Argentina,Root_Tuber,Root_TuberAEZ08,Root_TuberAEZ08,1975,N2O_AWB,7.84567514997879e-07
Argentina,Root_Tuber,Root_TuberAEZ09,Root_TuberAEZ09,1975,N2O_AWB,7.22056428431593e-07
Argentina,Root_Tuber,Root_TuberAEZ10,Root_TuberAEZ10,1975,N2O_AWB,1.79285738888828e-06
Argentina,Root_Tuber,Root_TuberAEZ11,Root_TuberAEZ11,1975,N2O_AWB,2.34004872421717e-06
Argentina,Root_Tuber,Root_TuberAEZ12,Root_TuberAEZ12,1975,N2O_AWB,1.47003846856008e-06
Argentina,Root_Tuber,Root_TuberAEZ13,Root_TuberAEZ13,1975,N2O_AWB,1.99879040745426e-08
Argentina,Root_Tuber,Root_TuberAEZ14,Root_TuberAEZ14,1975,N2O_AWB,6.92336180265753e-10
Argentina,Root_Tuber,Root_TuberAEZ15,Root_TuberAEZ15,1975,N2O_AWB,0
Argentina,Root_Tuber,Root_TuberAEZ16,Root_TuberAEZ16,1975,N2O_AWB,0
Argentina,SugarCrop,SugarCropAEZ07,SugarCropAEZ07,1975,N2O_AWB,0
Argentina,SugarCrop,SugarCropAEZ08,SugarCropAEZ08,1975,N2O_AWB,2.17988521995023e-07
Argentina,SugarCrop,SugarCropAEZ09,SugarCropAEZ09,1975,N2O_AWB,1.22779645507779e-05
Argentina,SugarCrop,SugarCropAEZ10,SugarCropAEZ10,1975,N2O_AWB,3.62975755771598e-05
Argentina,SugarCrop,SugarCropAEZ11,SugarCropAEZ11,1975,N2O_AWB,9.26047401087548e-10
Argentina,SugarCrop,SugarCropAEZ12,SugarCropAEZ12,1975,N2O_AWB,3.60291645332307e-06
Argentina,SugarCrop,SugarCropAEZ13,SugarCropAEZ13,1975,N2O_AWB,6.98938071247063e-09
Argentina,SugarCrop,SugarCropAEZ14,SugarCropAEZ14,1975,N2O_AWB,0
Argentina,SugarCrop,SugarCropAEZ15,SugarCropAEZ15,1975,N2O_AWB,0
Argentina,SugarCrop,SugarCropAEZ16,SugarCropAEZ16,1975,N2O_AWB,0
Argentina,Wheat,WheatAEZ07,WheatAEZ07,1975,N2O_AWB,5.78576523500317e-07
Argentina,Wheat,WheatAEZ08,WheatAEZ08,1975,N2O_AWB,1.53495848046408e-06
Argentina,Wheat,WheatAEZ09,WheatAEZ09,1975,N2O_AWB,3.37142404007712e-06
Argentina,Wheat,WheatAEZ10,WheatAEZ10,1975,N2O_AWB,5.0474496184889e-06
Argentina,Wheat,WheatAEZ11,WheatAEZ11,1975,N2O_AWB,7.02744205983077e-06
Argentina,Wheat,WheatAEZ12,WheatAEZ12,1975,N2O_AWB,7.19706534506727e-06
Argentina,Wheat,WheatAEZ13,WheatAEZ13,1975,N2O_AWB,8.29551233125491e-09
Argentina,Wheat,WheatAEZ14,WheatAEZ14,1975,N2O_AWB,3.11060852654581e-09
Argentina,Wheat,WheatAEZ15,WheatAEZ15,1975,N2O_AWB,8.24378010790576e-10
Argentina,Wheat,WheatAEZ16,WheatAEZ16,1975,N2O_AWB,0
Argentina,Corn,CornAEZ07,CornAEZ07,1975,NH3_AWB,2.67895937473838e-06
Argentina,Corn,CornAEZ08,CornAEZ08,1975,NH3_AWB,2.38414491096308e-05
Argentina,Corn,CornAEZ09,CornAEZ09,1975,NH3_AWB,5.44162928978788e-05
Argentina,Corn,CornAEZ10,CornAEZ10,1975,NH3_AWB,0.000110935666992373
Argentina,Corn,CornAEZ11,CornAEZ11,1975,NH3_AWB,9.40508386125152e-05
Argentina,Corn,CornAEZ12,CornAEZ12,1975,NH3_AWB,0.00021373359235531
Argentina,Corn,CornAEZ13,CornAEZ13,1975,NH3_AWB,1.33034953521469e-07
Argentina,Corn,CornAEZ14,CornAEZ14,1975,NH3_AWB,2.40591847314504e-09
Argentina,Corn,CornAEZ15,CornAEZ15,1975,NH3_AWB,0
Argentina,Corn,CornAEZ16,CornAEZ16,1975,NH3_AWB,0
Argentina,FiberCrop,FiberCropAEZ07,FiberCropAEZ07,1975,NH3_AWB,5.06471283872456e-08
Argentina,FiberCrop,FiberCropAEZ08,FiberCropAEZ08,1975,NH3_AWB,1.11486403353968e-06
Argentina,FiberCrop,FiberCropAEZ09,FiberCropAEZ09,1975,NH3_AWB,5.49764386496969e-06
Argentina,FiberCrop,FiberCropAEZ10,FiberCropAEZ10,1975,NH3_AWB,6.33277267546651e-06
Argentina,FiberCrop,FiberCropAEZ11,FiberCropAEZ11,1975,NH3_AWB,1.18356955496902e-05
Argentina,FiberCrop,FiberCropAEZ12,FiberCropAEZ12,1975,NH3_AWB,3.81285590167302e-06
Argentina,FiberCrop,FiberCropAEZ13,FiberCropAEZ13,1975,NH3_AWB,0
Argentina,FiberCrop,FiberCropAEZ14,FiberCropAEZ14,1975,NH3_AWB,0
Argentina,FiberCrop,FiberCropAEZ15,FiberCropAEZ15,1975,NH3_AWB,0
Argentina,FiberCrop,FiberCropAEZ16,FiberCropAEZ16,1975,NH3_AWB,0
Argentina,FodderGrass,FodderGrassAEZ07,FodderGrassAEZ07,1975,NH3_AWB,5.8902966949861e-05
Argentina,FodderGrass,FodderGrassAEZ08,FodderGrassAEZ08,1975,NH3_AWB,0.000109377973315062
Argentina,FodderGrass,FodderGrassAEZ09,FodderGrassAEZ09,1975,NH3_AWB,0.000132737014517602
Argentina,FodderGrass,FodderGrassAEZ10,FodderGrassAEZ10,1975,NH3_AWB,9.15990362201419e-05
Argentina,FodderGrass,FodderGrassAEZ11,FodderGrassAEZ11,1975,NH3_AWB,0.000150184438682377
Argentina,FodderGrass,FodderGrassAEZ12,FodderGrassAEZ12,1975,NH3_AWB,0.000256478604260283
Argentina,FodderGrass,FodderGrassAEZ13,FodderGrassAEZ13,1975,NH3_AWB,8.99852607756651e-07
Argentina,FodderGrass,FodderGrassAEZ14,FodderGrassAEZ14,1975,NH3_AWB,4.77007056643008e-07
Argentina,FodderGrass,FodderGrassAEZ15,FodderGrassAEZ15,1975,NH3_AWB,7.16415749851439e-08
Argentina,FodderGrass,FodderGrassAEZ16,FodderGrassAEZ16,1975,NH3_AWB,0
Argentina,FodderHerb,FodderHerbAEZ07,FodderHerbAEZ07,1975,NH3_AWB,0.000161868858260137
Argentina,FodderHerb,FodderHerbAEZ08,FodderHerbAEZ08,1975,NH3_AWB,0.000915261720207307
Argentina,FodderHerb,FodderHerbAEZ09,FodderHerbAEZ09,1975,NH3_AWB,0.00101562954902074
Argentina,FodderHerb,FodderHerbAEZ10,FodderHerbAEZ10,1975,NH3_AWB,0.00189209310930503
Argentina,FodderHerb,FodderHerbAEZ11,FodderHerbAEZ11,1975,NH3_AWB,0.0013441306320063
Argentina,FodderHerb,FodderHerbAEZ12,FodderHerbAEZ12,1975,NH3_AWB,0.00090260973936614
Argentina,FodderHerb,FodderHerbAEZ13,FodderHerbAEZ13,1975,NH3_AWB,1.97780030876783e-06
Argentina,FodderHerb,FodderHerbAEZ14,FodderHerbAEZ14,1975,NH3_AWB,1.41743527283183e-06
Argentina,FodderHerb,FodderHerbAEZ15,FodderHerbAEZ15,1975,NH3_AWB,1.71027346287868e-07
Argentina,FodderHerb,FodderHerbAEZ16,FodderHerbAEZ16,1975,NH3_AWB,0
Argentina,MiscCrop,MiscCropAEZ07,MiscCropAEZ07,1975,NH3_AWB,0.00025221967477434
Argentina,MiscCrop,MiscCropAEZ08,MiscCropAEZ08,1975,NH3_AWB,4.2824083237194e-05
Argentina,MiscCrop,MiscCropAEZ09,MiscCropAEZ09,1975,NH3_AWB,4.49386611564707e-05
Argentina,MiscCrop,MiscCropAEZ10,MiscCropAEZ10,1975,NH3_AWB,5.36227835066642e-05
Argentina,MiscCrop,MiscCropAEZ11,MiscCropAEZ11,1975,NH3_AWB,4.05404469557154e-06
Argentina,MiscCrop,MiscCropAEZ12,MiscCropAEZ12,1975,NH3_AWB,0.000131193124493813
Argentina,MiscCrop,MiscCropAEZ13,MiscCropAEZ13,1975,NH3_AWB,1.13556759583397e-05
Argentina,MiscCrop,MiscCropAEZ14,MiscCropAEZ14,1975,NH3_AWB,6.75394449489882e-08
Argentina,MiscCrop,MiscCropAEZ15,MiscCropAEZ15,1975,NH3_AWB,9.34884952266383e-09
Argentina,MiscCrop,MiscCropAEZ16,MiscCropAEZ16,1975,NH3_AWB,0
Argentina,OilCrop,OilCropAEZ07,OilCropAEZ07,1975,NH3_AWB,4.29633583665882e-07
Argentina,OilCrop,OilCropAEZ08,OilCropAEZ08,1975,NH3_AWB,7.75084855487849e-06
Argentina,OilCrop,OilCropAEZ09,OilCropAEZ09,1975,NH3_AWB,1.81927695365238e-05
Argentina,OilCrop,OilCropAEZ10,OilCropAEZ10,1975,NH3_AWB,3.78322074272602e-05
Argentina,OilCrop,OilCropAEZ11,OilCropAEZ11,1975,NH3_AWB,3.40825868835177e-05
Argentina,OilCrop,OilCropAEZ12,OilCropAEZ12,1975,NH3_AWB,6.00737919350162e-05
Argentina,OilCrop,OilCropAEZ13,OilCropAEZ13,1975,NH3_AWB,0
Argentina,OilCrop,OilCropAEZ14,OilCropAEZ14,1975,NH3_AWB,7.31760682815352e-11
Argentina,OilCrop,OilCropAEZ15,OilCropAEZ15,1975,NH3_AWB,0
Argentina,OilCrop,OilCropAEZ16,OilCropAEZ16,1975,NH3_AWB,0
Argentina,OtherGrain,OtherGrainAEZ07,OtherGrainAEZ07,1975,NH3_AWB,3.27882308667309e-06
Argentina,OtherGrain,OtherGrainAEZ08,OtherGrainAEZ08,1975,NH3_AWB,1.87890456727133e-05
Argentina,OtherGrain,OtherGrainAEZ09,OtherGrainAEZ09,1975,NH3_AWB,6.05985752742045e-05
Argentina,OtherGrain,OtherGrainAEZ10,OtherGrainAEZ10,1975,NH3_AWB,0.000135744620355436
Argentina,OtherGrain,OtherGrainAEZ11,OtherGrainAEZ11,1975,NH3_AWB,0.000105001518840268
Argentina,OtherGrain,OtherGrainAEZ12,OtherGrainAEZ12,1975,NH3_AWB,0.000117385836177401
Argentina,OtherGrain,OtherGrainAEZ13,OtherGrainAEZ13,1975,NH3_AWB,0
Argentina,OtherGrain,OtherGrainAEZ14,OtherGrainAEZ14,1975,NH3_AWB,1.94215258014222e-08
Argentina,OtherGrain,OtherGrainAEZ15,OtherGrainAEZ15,1975,NH3_AWB,0
Argentina,OtherGrain,OtherGrainAEZ16,OtherGrainAEZ16,1975,NH3_AWB,0
Argentina,PalmFruit,PalmFruitAEZ07,PalmFruitAEZ07,1975,NH3_AWB,0
Argentina,PalmFruit,PalmFruitAEZ08,PalmFruitAEZ08,1975,NH3_AWB,0
Argentina,PalmFruit,PalmFruitAEZ09,PalmFruitAEZ09,1975,NH3_AWB,0
Argentina,PalmFruit,PalmFruitAEZ10,PalmFruitAEZ10,1975,NH3_AWB,0
Argentina,PalmFruit,PalmFruitAEZ11,PalmFruitAEZ11,1975,NH3_AWB,0
Argentina,PalmFruit,PalmFruitAEZ12,PalmFruitAEZ12,1975,NH3_AWB,0
Argentina,PalmFruit,PalmFruitAEZ13,PalmFruitAEZ13,1975,NH3_AWB,0
Argentina,PalmFruit,PalmFruitAEZ14,PalmFruitAEZ14,1975,NH3_AWB,0
Argentina,PalmFruit,PalmFruitAEZ15,PalmFruitAEZ15,1975,NH3_AWB,0
Argentina,PalmFruit,PalmFruitAEZ16,PalmFruitAEZ16,1975,NH3_AWB,0
Argentina,Rice,RiceAEZ07,RiceAEZ07,1975,NH3_AWB,0
Argentina,Rice,RiceAEZ08,RiceAEZ08,1975,NH3_AWB,0
Argentina,Rice,RiceAEZ09,RiceAEZ09,1975,NH3_AWB,0
Argentina,Rice,RiceAEZ10,RiceAEZ10,1975,NH3_AWB,1.8303030469888e-09
Argentina,Rice,RiceAEZ11,RiceAEZ11,1975,NH3_AWB,1.62037524533852e-06
Argentina,Rice,RiceAEZ12,RiceAEZ12,1975,NH3_AWB,1.71348196555491e-05
Argentina,Rice,RiceAEZ13,RiceAEZ13,1975,NH3_AWB,2.51467722977592e-09
Argentina,Rice,RiceAEZ14,RiceAEZ14,1975,NH3_AWB,0
Argentina,Rice,RiceAEZ15,RiceAEZ15,1975,NH3_AWB,0
Argentina,Rice,RiceAEZ16,RiceAEZ16,1975,NH3_AWB,0
Argentina,Root_Tuber,Root_TuberAEZ07,Root_TuberAEZ07,1975,NH3_AWB,4.39143366477442e-06
Argentina,Root_Tuber,Root_TuberAEZ08,Root_TuberAEZ08,1975,NH3_AWB,1.46395750081126e-05
Argentina,Root_Tuber,Root_TuberAEZ09,Root_TuberAEZ09,1975,NH3_AWB,1.34731543710968e-05
Argentina,Root_Tuber,Root_TuberAEZ10,Root_TuberAEZ10,1975,NH3_AWB,3.34536795390385e-05
Argentina,Root_Tuber,Root_TuberAEZ11,Root_TuberAEZ11,1975,NH3_AWB,4.36639526439074e-05
Argentina,Root_Tuber,Root_TuberAEZ12,Root_TuberAEZ12,1975,NH3_AWB,2.74300656271174e-05
Argentina,Root_Tuber,Root_TuberAEZ13,Root_TuberAEZ13,1975,NH3_AWB,3.72962702840197e-07
Argentina,Root_Tuber,Root_TuberAEZ14,Root_TuberAEZ14,1975,NH3_AWB,1.29185917694516e-08
Argentina,Root_Tuber,Root_TuberAEZ15,Root_TuberAEZ15,1975,NH3_AWB,0
Argentina,Root_Tuber,Root_TuberAEZ16,Root_TuberAEZ16,1975,NH3_AWB,0
Argentina,SugarCrop,SugarCropAEZ07,SugarCropAEZ07,1975,NH3_AWB,0
Argentina,SugarCrop,SugarCropAEZ08,SugarCropAEZ08,1975,NH3_AWB,4.06753945026945e-06
Argentina,SugarCrop,SugarCropAEZ09,SugarCropAEZ09,1975,NH3_AWB,0.000229099700856907
Argentina,SugarCrop,SugarCropAEZ10,SugarCropAEZ10,1975,NH3_AWB,0.000677291718197003
Argentina,SugarCrop,SugarCropAEZ11,SugarCropAEZ11,1975,NH3_AWB,1.72795076652205e-08
Argentina,SugarCrop,SugarCropAEZ12,SugarCropAEZ12,1975,NH3_AWB,6.72283323717892e-05
Argentina,SugarCrop,SugarCropAEZ13,SugarCropAEZ13,1975,NH3_AWB,1.30417792279796e-07
Argentina,SugarCrop,SugarCropAEZ14,SugarCropAEZ14,1975,NH3_AWB,0
Argentina,SugarCrop,SugarCropAEZ15,SugarCropAEZ15,1975,NH3_AWB,0
Argentina,SugarCrop,SugarCropAEZ16,SugarCropAEZ16,1975,NH3_AWB,0
Argentina,Wheat,WheatAEZ07,WheatAEZ07,1975,NH3_AWB,1.07959025218356e-05
Argentina,Wheat,WheatAEZ08,WheatAEZ08,1975,NH3_AWB,2.86414354144566e-05
Argentina,Wheat,WheatAEZ09,WheatAEZ09,1975,NH3_AWB,6.29088181391202e-05
Argentina,Wheat,WheatAEZ10,WheatAEZ10,1975,NH3_AWB,9.4182483823253e-05
Argentina,Wheat,WheatAEZ11,WheatAEZ11,1975,NH3_AWB,0.000131127994956987
Argentina,Wheat,WheatAEZ12,WheatAEZ12,1975,NH3_AWB,0.000134293067127161
Argentina,Wheat,WheatAEZ13,WheatAEZ13,1975,NH3_AWB,1.54789451108561e-07
Argentina,Wheat,WheatAEZ14,WheatAEZ14,1975,NH3_AWB,5.8042151854025e-08
Argentina,Wheat,WheatAEZ15,WheatAEZ15,1975,NH3_AWB,1.5382415781056e-08
Argentina,Wheat,WheatAEZ16,WheatAEZ16,1975,NH3_AWB,0
Argentina,Corn,CornAEZ07,CornAEZ07,1975,NMVOC_AWB,1.43571415034523e-05
Argentina,Corn,CornAEZ08,CornAEZ08,1975,NMVOC_AWB,0.000127771649597245
Argentina,Corn,CornAEZ09,CornAEZ09,1975,NMVOC_AWB,0.000291629064850768
Argentina,Corn,CornAEZ10,CornAEZ10,1975,NMVOC_AWB,0.000594529011454269
Argentina,Corn,CornAEZ11,CornAEZ11,1975,NMVOC_AWB,0.000504039445768043
Argentina,Corn,CornAEZ12,CornAEZ12,1975,NMVOC_AWB,0.00114544604835079
Argentina,Corn,CornAEZ13,CornAEZ13,1975,NMVOC_AWB,7.12964022755832e-07
Argentina,Corn,CornAEZ14,CornAEZ14,1975,NMVOC_AWB,1.28938543415152e-08
Argentina,Corn,CornAEZ15,CornAEZ15,1975,NMVOC_AWB,0
Argentina,Corn,CornAEZ16,CornAEZ16,1975,NMVOC_AWB,0
Argentina,FiberCrop,FiberCropAEZ07,FiberCropAEZ07,1975,NMVOC_AWB,2.7142927058019e-07
Argentina,FiberCrop,FiberCropAEZ08,FiberCropAEZ08,1975,NMVOC_AWB,5.97480530596023e-06
Argentina,FiberCrop,FiberCropAEZ09,FiberCropAEZ09,1975,NMVOC_AWB,2.94631011015851e-05
Argentina,FiberCrop,FiberCropAEZ10,FiberCropAEZ10,1975,NMVOC_AWB,3.39387428821118e-05
Argentina,FiberCrop,FiberCropAEZ11,FiberCropAEZ11,1975,NMVOC_AWB,6.34301353730971e-05
Argentina,FiberCrop,FiberCropAEZ12,FiberCropAEZ12,1975,NMVOC_AWB,2.04339461914904e-05
Argentina,FiberCrop,FiberCropAEZ13,FiberCropAEZ13,1975,NMVOC_AWB,0
Argentina,FiberCrop,FiberCropAEZ14,FiberCropAEZ14,1975,NMVOC_AWB,0
Argentina,FiberCrop,FiberCropAEZ15,FiberCropAEZ15,1975,NMVOC_AWB,0
Argentina,FiberCrop,FiberCropAEZ16,FiberCropAEZ16,1975,NMVOC_AWB,0
Argentina,FodderGrass,FodderGrassAEZ07,FodderGrassAEZ07,1975,NMVOC_AWB,0.000315674152974012
Argentina,FodderGrass,FodderGrassAEZ08,FodderGrassAEZ08,1975,NMVOC_AWB,0.000586180983203053
Argentina,FodderGrass,FodderGrassAEZ09,FodderGrassAEZ09,1975,NMVOC_AWB,0.000711367301104043
Argentina,FodderGrass,FodderGrassAEZ10,FodderGrassAEZ10,1975,NMVOC_AWB,0.000490899689257459
Argentina,FodderGrass,FodderGrassAEZ11,FodderGrassAEZ11,1975,NMVOC_AWB,0.000804871943229824
Argentina,FodderGrass,FodderGrassAEZ12,FodderGrassAEZ12,1975,NMVOC_AWB,0.00137452611215219
Argentina,FodderGrass,FodderGrassAEZ13,FodderGrassAEZ13,1975,NMVOC_AWB,4.82251106292885e-06
Argentina,FodderGrass,FodderGrassAEZ14,FodderGrassAEZ14,1975,NMVOC_AWB,2.55638733268874e-06
Argentina,FodderGrass,FodderGrassAEZ15,FodderGrassAEZ15,1975,NMVOC_AWB,3.83943197978636e-07
Argentina,FodderGrass,FodderGrassAEZ16,FodderGrassAEZ16,1975,NMVOC_AWB,0
Argentina,FodderHerb,FodderHerbAEZ07,FodderHerbAEZ07,1975,NMVOC_AWB,0.000867491356889277
Argentina,FodderHerb,FodderHerbAEZ08,FodderHerbAEZ08,1975,NMVOC_AWB,0.00490509193742168
Argentina,FodderHerb,FodderHerbAEZ09,FodderHerbAEZ09,1975,NMVOC_AWB,0.00544298554426649
Argentina,FodderHerb,FodderHerbAEZ10,FodderHerbAEZ10,1975,NMVOC_AWB,0.0101401494789939
Argentina,FodderHerb,FodderHerbAEZ11,FodderHerbAEZ11,1975,NMVOC_AWB,0.00720349620259686
Argentina,FodderHerb,FodderHerbAEZ12,FodderHerbAEZ12,1975,NMVOC_AWB,0.00483728714689427
Argentina,FodderHerb,FodderHerbAEZ13,FodderHerbAEZ13,1975,NMVOC_AWB,1.05994734994159e-05
Argentina,FodderHerb,FodderHerbAEZ14,FodderHerbAEZ14,1975,NMVOC_AWB,7.59635214177833e-06
Argentina,FodderHerb,FodderHerbAEZ15,FodderHerbAEZ15,1975,NMVOC_AWB,9.16573739329159e-07
Argentina,FodderHerb,FodderHerbAEZ16,FodderHerbAEZ16,1975,NMVOC_AWB,0
Argentina,MiscCrop,MiscCropAEZ07,MiscCropAEZ07,1975,NMVOC_AWB,0.00135170155801394
Argentina,MiscCrop,MiscCropAEZ08,MiscCropAEZ08,1975,NMVOC_AWB,0.000229503824727486
Argentina,MiscCrop,MiscCropAEZ09,MiscCropAEZ09,1975,NMVOC_AWB,0.000240836319984193
Argentina,MiscCrop,MiscCropAEZ10,MiscCropAEZ10,1975,NMVOC_AWB,0.000287376470831832
Argentina,MiscCrop,MiscCropAEZ11,MiscCropAEZ11,1975,NMVOC_AWB,2.17265307956844e-05
Argentina,MiscCrop,MiscCropAEZ12,MiscCropAEZ12,1975,NMVOC_AWB,0.000703093249714414
Argentina,MiscCrop,MiscCropAEZ13,MiscCropAEZ13,1975,NMVOC_AWB,6.08576031942091e-05
Argentina,MiscCrop,MiscCropAEZ14,MiscCropAEZ14,1975,NMVOC_AWB,3.61958967105257e-07
Argentina,MiscCrop,MiscCropAEZ15,MiscCropAEZ15,1975,NMVOC_AWB,5.01025721991304e-08
Argentina,MiscCrop,MiscCropAEZ16,MiscCropAEZ16,1975,NMVOC_AWB,0
Argentina,OilCrop,OilCropAEZ07,OilCropAEZ07,1975,NMVOC_AWB,2.30250231246181e-06
Argentina,OilCrop,OilCropAEZ08,OilCropAEZ08,1975,NMVOC_AWB,4.15385281776012e-05
Argentina,OilCrop,OilCropAEZ09,OilCropAEZ09,1975,NMVOC_AWB,9.74991144093314e-05
Argentina,OilCrop,OilCropAEZ10,OilCropAEZ10,1975,NMVOC_AWB,0.000202751247571336
Argentina,OilCrop,OilCropAEZ11,OilCropAEZ11,1975,NMVOC_AWB,0.000182656193783512
Argentina,OilCrop,OilCropAEZ12,OilCropAEZ12,1975,NMVOC_AWB,0.000321948865515815
Argentina,OilCrop,OilCropAEZ13,OilCropAEZ13,1975,NMVOC_AWB,0
Argentina,OilCrop,OilCropAEZ14,OilCropAEZ14,1975,NMVOC_AWB,3.92166890207839e-10
Argentina,OilCrop,OilCropAEZ15,OilCropAEZ15,1975,NMVOC_AWB,0
Argentina,OilCrop,OilCropAEZ16,OilCropAEZ16,1975,NMVOC_AWB,0
Argentina,OtherGrain,OtherGrainAEZ07,OtherGrainAEZ07,1975,NMVOC_AWB,1.75719450858597e-05
Argentina,OtherGrain,OtherGrainAEZ08,OtherGrainAEZ08,1975,NMVOC_AWB,0.000100694691372211
Argentina,OtherGrain,OtherGrainAEZ09,OtherGrainAEZ09,1975,NMVOC_AWB,0.000324761296615154
Argentina,OtherGrain,OtherGrainAEZ10,OtherGrainAEZ10,1975,NMVOC_AWB,0.000727485732390298
Argentina,OtherGrain,OtherGrainAEZ11,OtherGrainAEZ11,1975,NMVOC_AWB,0.000562726586406095
Argentina,OtherGrain,OtherGrainAEZ12,OtherGrainAEZ12,1975,NMVOC_AWB,0.000629096908445876
Argentina,OtherGrain,OtherGrainAEZ13,OtherGrainAEZ13,1975,NMVOC_AWB,0
Argentina,OtherGrain,OtherGrainAEZ14,OtherGrainAEZ14,1975,NMVOC_AWB,1.04084293615389e-07
Argentina,OtherGrain,OtherGrainAEZ15,OtherGrainAEZ15,1975,NMVOC_AWB,0
Argentina,OtherGrain,OtherGrainAEZ16,OtherGrainAEZ16,1975,NMVOC_AWB,0
Argentina,PalmFruit,PalmFruitAEZ07,PalmFruitAEZ07,1975,NMVOC_AWB,0
Argentina,PalmFruit,PalmFruitAEZ08,PalmFruitAEZ08,1975,NMVOC_AWB,0
Argentina,PalmFruit,PalmFruitAEZ09,PalmFruitAEZ09,1975,NMVOC_AWB,0
Argentina,PalmFruit,PalmFruitAEZ10,PalmFruitAEZ10,1975,NMVOC_AWB,0
Argentina,PalmFruit,PalmFruitAEZ11,PalmFruitAEZ11,1975,NMVOC_AWB,0
Argentina,PalmFruit,PalmFruitAEZ12,PalmFruitAEZ12,1975,NMVOC_AWB,0
Argentina,PalmFruit,PalmFruitAEZ13,PalmFruitAEZ13,1975,NMVOC_AWB,0
Argentina,PalmFruit,PalmFruitAEZ14,PalmFruitAEZ14,1975,NMVOC_AWB,0
Argentina,PalmFruit,PalmFruitAEZ15,PalmFruitAEZ15,1975,NMVOC_AWB,0
Argentina,PalmFruit,PalmFruitAEZ16,PalmFruitAEZ16,1975,NMVOC_AWB,0
Argentina,Rice,RiceAEZ07,RiceAEZ07,1975,NMVOC_AWB,0
Argentina,Rice,RiceAEZ08,RiceAEZ08,1975,NMVOC_AWB,0
Argentina,Rice,RiceAEZ09,RiceAEZ09,1975,NMVOC_AWB,0
Argentina,Rice,RiceAEZ10,RiceAEZ10,1975,NMVOC_AWB,9.80900273726039e-09
Argentina,Rice,RiceAEZ11,RiceAEZ11,1975,NMVOC_AWB,8.6839527711346e-06
Argentina,Rice,RiceAEZ12,RiceAEZ12,1975,NMVOC_AWB,9.18293247559523e-05
Argentina,Rice,RiceAEZ13,RiceAEZ13,1975,NMVOC_AWB,1.3476716804236e-08
Argentina,Rice,RiceAEZ14,RiceAEZ14,1975,NMVOC_AWB,0
Argentina,Rice,RiceAEZ15,RiceAEZ15,1975,NMVOC_AWB,0
Argentina,Rice,RiceAEZ16,RiceAEZ16,1975,NMVOC_AWB,0
Argentina,Root_Tuber,Root_TuberAEZ07,Root_TuberAEZ07,1975,NMVOC_AWB,2.3534673620927e-05
Argentina,Root_Tuber,Root_TuberAEZ08,Root_TuberAEZ08,1975,NMVOC_AWB,7.84567514997879e-05
Argentina,Root_Tuber,Root_TuberAEZ09,Root_TuberAEZ09,1975,NMVOC_AWB,7.22056428431593e-05
Argentina,Root_Tuber,Root_TuberAEZ10,Root_TuberAEZ10,1975,NMVOC_AWB,0.000179285738888828
Argentina,Root_Tuber,Root_TuberAEZ11,Root_TuberAEZ11,1975,NMVOC_AWB,0.000234004872421717
Argentina,Root_Tuber,Root_TuberAEZ12,Root_TuberAEZ12,1975,NMVOC_AWB,0.000147003846856008
Argentina,Root_Tuber,Root_TuberAEZ13,Root_TuberAEZ13,1975,NMVOC_AWB,1.99879040745426e-06
Argentina,Root_Tuber,Root_TuberAEZ14,Root_TuberAEZ14,1975,NMVOC_AWB,6.92336180265753e-08
Argentina,Root_Tuber,Root_TuberAEZ15,Root_TuberAEZ15,1975,NMVOC_AWB,0
Argentina,Root_Tuber,Root_TuberAEZ16,Root_TuberAEZ16,1975,NMVOC_AWB,0
Argentina,SugarCrop,SugarCropAEZ07,SugarCropAEZ07,1975,NMVOC_AWB,0
Argentina,SugarCrop,SugarCropAEZ08,SugarCropAEZ08,1975,NMVOC_AWB,2.17988521995023e-05
Argentina,SugarCrop,SugarCropAEZ09,SugarCropAEZ09,1975,NMVOC_AWB,0.00122779645507779
Argentina,SugarCrop,SugarCropAEZ10,SugarCropAEZ10,1975,NMVOC_AWB,0.00362975755771598
Argentina,SugarCrop,SugarCropAEZ11,SugarCropAEZ11,1975,NMVOC_AWB,9.26047401087548e-08
Argentina,SugarCrop,SugarCropAEZ12,SugarCropAEZ12,1975,NMVOC_AWB,0.000360291645332307
Argentina,SugarCrop,SugarCropAEZ13,SugarCropAEZ13,1975,NMVOC_AWB,6.98938071247063e-07
Argentina,SugarCrop,SugarCropAEZ14,SugarCropAEZ14,1975,NMVOC_AWB,0
Argentina,SugarCrop,SugarCropAEZ15,SugarCropAEZ15,1975,NMVOC_AWB,0
Argentina,SugarCrop,SugarCropAEZ16,SugarCropAEZ16,1975,NMVOC_AWB,0
Argentina,Wheat,WheatAEZ07,WheatAEZ07,1975,NMVOC_AWB,5.78576523500317e-05
Argentina,Wheat,WheatAEZ08,WheatAEZ08,1975,NMVOC_AWB,0.000153495848046408
Argentina,Wheat,WheatAEZ09,WheatAEZ09,1975,NMVOC_AWB,0.000337142404007712
Argentina,Wheat,WheatAEZ10,WheatAEZ10,1975,NMVOC_AWB,0.00050474496184889
Argentina,Wheat,WheatAEZ11,WheatAEZ11,1975,NMVOC_AWB,0.000702744205983077
Argentina,Wheat,WheatAEZ12,WheatAEZ12,1975,NMVOC_AWB,0.000719706534506727
Argentina,Wheat,WheatAEZ13,WheatAEZ13,1975,NMVOC_AWB,8.29551233125491e-07
Argentina,Wheat,WheatAEZ14,WheatAEZ14,1975,NMVOC_AWB,3.11060852654581e-07
Argentina,Wheat,WheatAEZ15,WheatAEZ15,1975,NMVOC_AWB,8.24378010790576e-08
Argentina,Wheat,WheatAEZ16,WheatAEZ16,1975,NMVOC_AWB,0
Argentina,Corn,CornAEZ07,CornAEZ07,1975,NOx_AWB,7.8027942953545e-06
Argentina,Corn,CornAEZ08,CornAEZ08,1975,NOx_AWB,6.94411139115461e-05
Argentina,Corn,CornAEZ09,CornAEZ09,1975,NOx_AWB,0.000158494056984113
Argentina,Corn,CornAEZ10,CornAEZ10,1975,NOx_AWB,0.000323113593181668
Argentina,Corn,CornAEZ11,CornAEZ11,1975,NOx_AWB,0.000273934481395675
Argentina,Corn,CornAEZ12,CornAEZ12,1975,NOx_AWB,0.000622525026277601
Argentina,Corn,CornAEZ13,CornAEZ13,1975,NOx_AWB,3.87480447149909e-07
Argentina,Corn,CornAEZ14,CornAEZ14,1975,NOx_AWB,7.00752953343215e-09
Argentina,Corn,CornAEZ15,CornAEZ15,1975,NOx_AWB,0
Argentina,Corn,CornAEZ16,CornAEZ16,1975,NOx_AWB,0
Argentina,FiberCrop,FiberCropAEZ07,FiberCropAEZ07,1975,NOx_AWB,1.47515907924016e-07
Argentina,FiberCrop,FiberCropAEZ08,FiberCropAEZ08,1975,NOx_AWB,3.24717679671751e-06
Argentina,FiberCrop,FiberCropAEZ09,FiberCropAEZ09,1975,NOx_AWB,1.60125549465137e-05
Argentina,FiberCrop,FiberCropAEZ10,FiberCropAEZ10,1975,NOx_AWB,1.84449689576694e-05
Argentina,FiberCrop,FiberCropAEZ11,FiberCropAEZ11,1975,NOx_AWB,3.44728996592919e-05
Argentina,FiberCrop,FiberCropAEZ12,FiberCropAEZ12,1975,NOx_AWB,1.11054055388535e-05
Argentina,FiberCrop,FiberCropAEZ13,FiberCropAEZ13,1975,NOx_AWB,0
Argentina,FiberCrop,FiberCropAEZ14,FiberCropAEZ14,1975,NOx_AWB,0
Argentina,FiberCrop,FiberCropAEZ15,FiberCropAEZ15,1975,NOx_AWB,0
Argentina,FiberCrop,FiberCropAEZ16,FiberCropAEZ16,1975,NOx_AWB,0
Argentina,FodderGrass,FodderGrassAEZ07,FodderGrassAEZ07,1975,NOx_AWB,0.000171562039659789
Argentina,FodderGrass,FodderGrassAEZ08,FodderGrassAEZ08,1975,NOx_AWB,0.000318576621306007
Argentina,FodderGrass,FodderGrassAEZ09,FodderGrassAEZ09,1975,NOx_AWB,0.000386612663643501
Argentina,FodderGrass,FodderGrassAEZ10,FodderGrassAEZ10,1975,NOx_AWB,0.000266793309379054
Argentina,FodderGrass,FodderGrassAEZ11,FodderGrassAEZ11,1975,NOx_AWB,0.000437430403929252
Argentina,FodderGrass,FodderGrassAEZ12,FodderGrassAEZ12,1975,NOx_AWB,0.000747025060952279
Argentina,FodderGrass,FodderGrassAEZ13,FodderGrassAEZ13,1975,NOx_AWB,2.62092992550481e-06
Argentina,FodderGrass,FodderGrassAEZ14,FodderGrassAEZ14,1975,NOx_AWB,1.38934094167866e-06
Argentina,FodderGrass,FodderGrassAEZ15,FodderGrassAEZ15,1975,NOx_AWB,2.08664781510128e-07
Argentina,FodderGrass,FodderGrassAEZ16,FodderGrassAEZ16,1975,NOx_AWB,0
Argentina,FodderHerb,FodderHerbAEZ07,FodderHerbAEZ07,1975,NOx_AWB,0.000471462693961563
Argentina,FodderHerb,FodderHerbAEZ08,FodderHerbAEZ08,1975,NOx_AWB,0.00266581083555526
Argentina,FodderHerb,FodderHerbAEZ09,FodderHerbAEZ09,1975,NOx_AWB,0.00295814431753613
Argentina,FodderHerb,FodderHerbAEZ10,FodderHerbAEZ10,1975,NOx_AWB,0.00551095080380105
Argentina,FodderHerb,FodderHerbAEZ11,FodderHerbAEZ11,1975,NOx_AWB,0.00391494358836786
Argentina,FodderHerb,FodderHerbAEZ12,FodderHerbAEZ12,1975,NOx_AWB,0.0026289604059208
Argentina,FodderHerb,FodderHerbAEZ13,FodderHerbAEZ13,1975,NOx_AWB,5.76058342359561e-06
Argentina,FodderHerb,FodderHerbAEZ14,FodderHerbAEZ14,1975,NOx_AWB,4.12845225096648e-06
Argentina,FodderHerb,FodderHerbAEZ15,FodderHerbAEZ15,1975,NOx_AWB,4.98137901809326e-07
Argentina,FodderHerb,FodderHerbAEZ16,FodderHerbAEZ16,1975,NOx_AWB,0
Argentina,MiscCrop,MiscCropAEZ07,MiscCropAEZ07,1975,NOx_AWB,0.000734620411964098
Argentina,MiscCrop,MiscCropAEZ08,MiscCropAEZ08,1975,NOx_AWB,0.000124730339525808
Argentina,MiscCrop,MiscCropAEZ09,MiscCropAEZ09,1975,NOx_AWB,0.000130889304339235
Argentina,MiscCrop,MiscCropAEZ10,MiscCropAEZ10,1975,NOx_AWB,0.000156182864582517
Argentina,MiscCrop,MiscCropAEZ11,MiscCropAEZ11,1975,NOx_AWB,1.18078971715676e-05
Argentina,MiscCrop,MiscCropAEZ12,MiscCropAEZ12,1975,NOx_AWB,0.00038211589658392
Argentina,MiscCrop,MiscCropAEZ13,MiscCropAEZ13,1975,NOx_AWB,3.30747843446789e-05
Argentina,MiscCrop,MiscCropAEZ14,MiscCropAEZ14,1975,NOx_AWB,1.96716829948509e-07
Argentina,MiscCrop,MiscCropAEZ15,MiscCropAEZ15,1975,NOx_AWB,2.72296588038752e-08
Argentina,MiscCrop,MiscCropAEZ16,MiscCropAEZ16,1975,NOx_AWB,0
Argentina,OilCrop,OilCropAEZ07,OilCropAEZ07,1975,NOx_AWB,1.2513599524249e-06
Argentina,OilCrop,OilCropAEZ08,OilCropAEZ08,1975,NOx_AWB,2.25752870530441e-05
Argentina,OilCrop,OilCropAEZ09,OilCropAEZ09,1975,NOx_AWB,5.29886491355062e-05
Argentina,OilCrop,OilCropAEZ10,OilCropAEZ10,1975,NOx_AWB,0.000110190895419204
Argentina,OilCrop,OilCropAEZ11,OilCropAEZ11,1975,NOx_AWB,9.92696705345176e-05
Argentina,OilCrop,OilCropAEZ12,OilCropAEZ12,1975,NOx_AWB,0.000174972209519465
Argentina,OilCrop,OilCropAEZ13,OilCropAEZ13,1975,NOx_AWB,0
Argentina,OilCrop,OilCropAEZ14,OilCropAEZ14,1975,NOx_AWB,2.13134179460782e-10
Argentina,OilCrop,OilCropAEZ15,OilCropAEZ15,1975,NOx_AWB,0
Argentina,OilCrop,OilCropAEZ16,OilCropAEZ16,1975,NOx_AWB,0
Argentina,OtherGrain,OtherGrainAEZ07,OtherGrainAEZ07,1975,NOx_AWB,9.54997015535851e-06
Argentina,OtherGrain,OtherGrainAEZ08,OtherGrainAEZ08,1975,NOx_AWB,5.47253757457669e-05
Argentina,OtherGrain,OtherGrainAEZ09,OtherGrainAEZ09,1975,NOx_AWB,0.000176500704682149
Argentina,OtherGrain,OtherGrainAEZ10,OtherGrainAEZ10,1975,NOx_AWB,0.000395372680646901
Argentina,OtherGrain,OtherGrainAEZ11,OtherGrainAEZ11,1975,NOx_AWB,0.000305829666525052
Argentina,OtherGrain,OtherGrainAEZ12,OtherGrainAEZ12,1975,NOx_AWB,0.000341900493720585
Argentina,OtherGrain,OtherGrainAEZ13,OtherGrainAEZ13,1975,NOx_AWB,0
Argentina,OtherGrain,OtherGrainAEZ14,OtherGrainAEZ14,1975,NOx_AWB,5.65675508779287e-08
Argentina,OtherGrain,OtherGrainAEZ15,OtherGrainAEZ15,1975,NOx_AWB,0
Argentina,OtherGrain,OtherGrainAEZ16,OtherGrainAEZ16,1975,NOx_AWB,0
Argentina,PalmFruit,PalmFruitAEZ07,PalmFruitAEZ07,1975,NOx_AWB,0
Argentina,PalmFruit,PalmFruitAEZ08,PalmFruitAEZ08,1975,NOx_AWB,0
Argentina,PalmFruit,PalmFruitAEZ09,PalmFruitAEZ09,1975,NOx_AWB,0
Argentina,PalmFruit,PalmFruitAEZ10,PalmFruitAEZ10,1975,NOx_AWB,0
Argentina,PalmFruit,PalmFruitAEZ11,PalmFruitAEZ11,1975,NOx_AWB,0
Argentina,PalmFruit,PalmFruitAEZ12,PalmFruitAEZ12,1975,NOx_AWB,0
Argentina,PalmFruit,PalmFruitAEZ13,PalmFruitAEZ13,1975,NOx_AWB,0
Argentina,PalmFruit,PalmFruitAEZ14,PalmFruitAEZ14,1975,NOx_AWB,0
Argentina,PalmFruit,PalmFruitAEZ15,PalmFruitAEZ15,1975,NOx_AWB,0
Argentina,PalmFruit,PalmFruitAEZ16,PalmFruitAEZ16,1975,NOx_AWB,0
Argentina,Rice,RiceAEZ07,RiceAEZ07,1975,NOx_AWB,0
Argentina,Rice,RiceAEZ08,RiceAEZ08,1975,NOx_AWB,0
Argentina,Rice,RiceAEZ09,RiceAEZ09,1975,NOx_AWB,0
Argentina,Rice,RiceAEZ10,RiceAEZ10,1975,NOx_AWB,5.33097974851108e-09
Argentina,Rice,RiceAEZ11,RiceAEZ11,1975,NOx_AWB,4.71953954952967e-06
Argentina,Rice,RiceAEZ12,RiceAEZ12,1975,NOx_AWB,4.99072417151914e-05
Argentina,Rice,RiceAEZ13,RiceAEZ13,1975,NOx_AWB,7.32430261099782e-09
Argentina,Rice,RiceAEZ14,RiceAEZ14,1975,NOx_AWB,0
Argentina,Rice,RiceAEZ15,RiceAEZ15,1975,NOx_AWB,0
Argentina,Rice,RiceAEZ16,RiceAEZ16,1975,NOx_AWB,0
Argentina,Root_Tuber,Root_TuberAEZ07,Root_TuberAEZ07,1975,NOx_AWB,1.27905834896342e-05
Argentina,Root_Tuber,Root_TuberAEZ08,Root_TuberAEZ08,1975,NOx_AWB,4.26395388585804e-05
Argentina,Root_Tuber,Root_TuberAEZ09,Root_TuberAEZ09,1975,NOx_AWB,3.92421971973692e-05
Argentina,Root_Tuber,Root_TuberAEZ10,Root_TuberAEZ10,1975,NOx_AWB,9.74379015700149e-05
Argentina,Root_Tuber,Root_TuberAEZ11,Root_TuberAEZ11,1975,NOx_AWB,0.000127176561098759
Argentina,Root_Tuber,Root_TuberAEZ12,Root_TuberAEZ12,1975,NOx_AWB,7.98933950304392e-05
Argentina,Root_Tuber,Root_TuberAEZ13,Root_TuberAEZ13,1975,NOx_AWB,1.08629913448601e-06
Argentina,Root_Tuber,Root_TuberAEZ14,Root_TuberAEZ14,1975,NOx_AWB,3.76269663187909e-08
Argentina,Root_Tuber,Root_TuberAEZ15,Root_TuberAEZ15,1975,NOx_AWB,0
Argentina,Root_Tuber,Root_TuberAEZ16,Root_TuberAEZ16,1975,NOx_AWB,0
Argentina,SugarCrop,SugarCropAEZ07,SugarCropAEZ07,1975,NOx_AWB,0
Argentina,SugarCrop,SugarCropAEZ08,SugarCropAEZ08,1975,NOx_AWB,1.18472022823382e-05
Argentina,SugarCrop,SugarCropAEZ09,SugarCropAEZ09,1975,NOx_AWB,0.000667280682107496
Argentina,SugarCrop,SugarCropAEZ10,SugarCropAEZ10,1975,NOx_AWB,0.00197269432484564
Argentina,SugarCrop,SugarCropAEZ11,SugarCropAEZ11,1975,NOx_AWB,5.03286631025841e-08
Argentina,SugarCrop,SugarCropAEZ12,SugarCropAEZ12,1975,NOx_AWB,0.000195810676811036
Argentina,SugarCrop,SugarCropAEZ13,SugarCropAEZ13,1975,NOx_AWB,3.79857647416882e-07
Argentina,SugarCrop,SugarCropAEZ14,SugarCropAEZ14,1975,NOx_AWB,0
Argentina,SugarCrop,SugarCropAEZ15,SugarCropAEZ15,1975,NOx_AWB,0
Argentina,SugarCrop,SugarCropAEZ16,SugarCropAEZ16,1975,NOx_AWB,0
Argentina,Wheat,WheatAEZ07,WheatAEZ07,1975,NOx_AWB,3.14443762771911e-05
Argentina,Wheat,WheatAEZ08,WheatAEZ08,1975,NOx_AWB,8.3421656546961e-05
Argentina,Wheat,WheatAEZ09,WheatAEZ09,1975,NOx_AWB,0.000183229567395496
Argentina,Wheat,WheatAEZ10,WheatAEZ10,1975,NOx_AWB,0.00027431791404831
Argentina,Wheat,WheatAEZ11,WheatAEZ11,1975,NOx_AWB,0.000381926198903846
Argentina,Wheat,WheatAEZ12,WheatAEZ12,1975,NOx_AWB,0.000391144855710178
Argentina,Wheat,WheatAEZ13,WheatAEZ13,1975,NOx_AWB,4.50843061481245e-07
Argentina,Wheat,WheatAEZ14,WheatAEZ14,1975,NOx_AWB,1.69054811225316e-07
Argentina,Wheat,WheatAEZ15,WheatAEZ15,1975,NOx_AWB,4.48031527603574e-08
Argentina,Wheat,WheatAEZ16,WheatAEZ16,1975,NOx_AWB,0
Argentina,Corn,CornAEZ07,CornAEZ07,1975,SO2_AWB,1.12360237853105e-06
Argentina,Corn,CornAEZ08,CornAEZ08,1975,SO2_AWB,9.99952040326264e-06
Argentina,Corn,CornAEZ09,CornAEZ09,1975,SO2_AWB,2.28231442057123e-05
Argentina,Corn,CornAEZ10,CornAEZ10,1975,SO2_AWB,4.65283574181602e-05
Argentina,Corn,CornAEZ11,CornAEZ11,1975,SO2_AWB,3.94465653209773e-05
Argentina,Corn,CornAEZ12,CornAEZ12,1975,SO2_AWB,8.96436037839746e-05
Argentina,Corn,CornAEZ13,CornAEZ13,1975,SO2_AWB,5.57971843895868e-08
Argentina,Corn,CornAEZ14,CornAEZ14,1975,SO2_AWB,1.00908425281423e-09
Argentina,Corn,CornAEZ15,CornAEZ15,1975,SO2_AWB,0
Argentina,Corn,CornAEZ16,CornAEZ16,1975,SO2_AWB,0
Argentina,FiberCrop,FiberCropAEZ07,FiberCropAEZ07,1975,SO2_AWB,2.12422907410584e-08
Argentina,FiberCrop,FiberCropAEZ08,FiberCropAEZ08,1975,SO2_AWB,4.67593458727322e-07
Argentina,FiberCrop,FiberCropAEZ09,FiberCropAEZ09,1975,SO2_AWB,2.30580791229797e-06
Argentina,FiberCrop,FiberCropAEZ10,FiberCropAEZ10,1975,SO2_AWB,2.6560755299044e-06
Argentina,FiberCrop,FiberCropAEZ11,FiberCropAEZ11,1975,SO2_AWB,4.96409755093803e-06
Argentina,FiberCrop,FiberCropAEZ12,FiberCropAEZ12,1975,SO2_AWB,1.5991783975949e-06
Argentina,FiberCrop,FiberCropAEZ13,FiberCropAEZ13,1975,SO2_AWB,0
Argentina,FiberCrop,FiberCropAEZ14,FiberCropAEZ14,1975,SO2_AWB,0
Argentina,FiberCrop,FiberCropAEZ15,FiberCropAEZ15,1975,SO2_AWB,0
Argentina,FiberCrop,FiberCropAEZ16,FiberCropAEZ16,1975,SO2_AWB,0
Argentina,FodderGrass,FodderGrassAEZ07,FodderGrassAEZ07,1975,SO2_AWB,2.47049337110097e-05
Argentina,FodderGrass,FodderGrassAEZ08,FodderGrassAEZ08,1975,SO2_AWB,4.5875033468065e-05
Argentina,FodderGrass,FodderGrassAEZ09,FodderGrassAEZ09,1975,SO2_AWB,5.56722235646642e-05
Argentina,FodderGrass,FodderGrassAEZ10,FodderGrassAEZ10,1975,SO2_AWB,3.84182365505838e-05
Argentina,FodderGrass,FodderGrassAEZ11,FodderGrassAEZ11,1975,SO2_AWB,6.29899781658123e-05
Argentina,FodderGrass,FodderGrassAEZ12,FodderGrassAEZ12,1975,SO2_AWB,0.000107571608777128
Argentina,FodderGrass,FodderGrassAEZ13,FodderGrassAEZ13,1975,SO2_AWB,3.77413909272692e-07
Argentina,FodderGrass,FodderGrassAEZ14,FodderGrassAEZ14,1975,SO2_AWB,2.00065095601728e-07
Argentina,FodderGrass,FodderGrassAEZ15,FodderGrassAEZ15,1975,SO2_AWB,3.00477285374584e-08
Argentina,FodderGrass,FodderGrassAEZ16,FodderGrassAEZ16,1975,SO2_AWB,0
Argentina,FodderHerb,FodderHerbAEZ07,FodderHerbAEZ07,1975,SO2_AWB,6.78906279304651e-05
Argentina,FodderHerb,FodderHerbAEZ08,FodderHerbAEZ08,1975,SO2_AWB,0.000383876760319958
Argentina,FodderHerb,FodderHerbAEZ09,FodderHerbAEZ09,1975,SO2_AWB,0.000425972781725203
Argentina,FodderHerb,FodderHerbAEZ10,FodderHerbAEZ10,1975,SO2_AWB,0.000793576915747352
Argentina,FodderHerb,FodderHerbAEZ11,FodderHerbAEZ11,1975,SO2_AWB,0.000563751876724972
Argentina,FodderHerb,FodderHerbAEZ12,FodderHerbAEZ12,1975,SO2_AWB,0.000378570298452595
Argentina,FodderHerb,FodderHerbAEZ13,FodderHerbAEZ13,1975,SO2_AWB,8.29524012997768e-07
Argentina,FodderHerb,FodderHerbAEZ14,FodderHerbAEZ14,1975,SO2_AWB,5.94497124139174e-07
Argentina,FodderHerb,FodderHerbAEZ15,FodderHerbAEZ15,1975,SO2_AWB,7.17318578605429e-08
Argentina,FodderHerb,FodderHerbAEZ16,FodderHerbAEZ16,1975,SO2_AWB,0
Argentina,MiscCrop,MiscCropAEZ07,MiscCropAEZ07,1975,SO2_AWB,0.00010578533932283
Argentina,MiscCrop,MiscCropAEZ08,MiscCropAEZ08,1975,SO2_AWB,1.79611688917163e-05
Argentina,MiscCrop,MiscCropAEZ09,MiscCropAEZ09,1975,SO2_AWB,1.88480598248499e-05
Argentina,MiscCrop,MiscCropAEZ10,MiscCropAEZ10,1975,SO2_AWB,2.24903324998825e-05
Argentina,MiscCrop,MiscCropAEZ11,MiscCropAEZ11,1975,SO2_AWB,1.70033719270573e-06
Argentina,MiscCrop,MiscCropAEZ12,MiscCropAEZ12,1975,SO2_AWB,5.50246891080846e-05
Argentina,MiscCrop,MiscCropAEZ13,MiscCropAEZ13,1975,SO2_AWB,4.76276894563376e-06
Argentina,MiscCrop,MiscCropAEZ14,MiscCropAEZ14,1975,SO2_AWB,2.83272235125854e-08
Argentina,MiscCrop,MiscCropAEZ15,MiscCropAEZ15,1975,SO2_AWB,3.92107086775803e-09
Argentina,MiscCrop,MiscCropAEZ16,MiscCropAEZ16,1975,SO2_AWB,0
Argentina,OilCrop,OilCropAEZ07,OilCropAEZ07,1975,SO2_AWB,1.80195833149185e-07
Argentina,OilCrop,OilCropAEZ08,OilCropAEZ08,1975,SO2_AWB,3.25084133563836e-06
Argentina,OilCrop,OilCropAEZ09,OilCropAEZ09,1975,SO2_AWB,7.63036547551289e-06
Argentina,OilCrop,OilCropAEZ10,OilCropAEZ10,1975,SO2_AWB,1.58674889403654e-05
Argentina,OilCrop,OilCropAEZ11,OilCropAEZ11,1975,SO2_AWB,1.42948325569705e-05
Argentina,OilCrop,OilCropAEZ12,OilCropAEZ12,1975,SO2_AWB,2.51959981708029e-05
Argentina,OilCrop,OilCropAEZ13,OilCropAEZ13,1975,SO2_AWB,0
Argentina,OilCrop,OilCropAEZ14,OilCropAEZ14,1975,SO2_AWB,3.06913218423526e-11
Argentina,OilCrop,OilCropAEZ15,OilCropAEZ15,1975,SO2_AWB,0
Argentina,OilCrop,OilCropAEZ16,OilCropAEZ16,1975,SO2_AWB,0
Argentina,OtherGrain,OtherGrainAEZ07,OtherGrainAEZ07,1975,SO2_AWB,1.37519570237163e-06
Argentina,OtherGrain,OtherGrainAEZ08,OtherGrainAEZ08,1975,SO2_AWB,7.88045410739043e-06
Argentina,OtherGrain,OtherGrainAEZ09,OtherGrainAEZ09,1975,SO2_AWB,2.54161014742294e-05
Argentina,OtherGrain,OtherGrainAEZ10,OtherGrainAEZ10,1975,SO2_AWB,5.69336660131537e-05
Argentina,OtherGrain,OtherGrainAEZ11,OtherGrainAEZ11,1975,SO2_AWB,4.40394719796074e-05
Argentina,OtherGrain,OtherGrainAEZ12,OtherGrainAEZ12,1975,SO2_AWB,4.92336710957642e-05
Argentina,OtherGrain,OtherGrainAEZ13,OtherGrainAEZ13,1975,SO2_AWB,0
Argentina,OtherGrain,OtherGrainAEZ14,OtherGrainAEZ14,1975,SO2_AWB,8.14572732642174e-09
Argentina,OtherGrain,OtherGrainAEZ15,OtherGrainAEZ15,1975,SO2_AWB,0
Argentina,OtherGrain,OtherGrainAEZ16,OtherGrainAEZ16,1975,SO2_AWB,0
Argentina,PalmFruit,PalmFruitAEZ07,PalmFruitAEZ07,1975,SO2_AWB,0
Argentina,PalmFruit,PalmFruitAEZ08,PalmFruitAEZ08,1975,SO2_AWB,0
Argentina,PalmFruit,PalmFruitAEZ09,PalmFruitAEZ09,1975,SO2_AWB,0
Argentina,PalmFruit,PalmFruitAEZ10,PalmFruitAEZ10,1975,SO2_AWB,0
Argentina,PalmFruit,PalmFruitAEZ11,PalmFruitAEZ11,1975,SO2_AWB,0
Argentina,PalmFruit,PalmFruitAEZ12,PalmFruitAEZ12,1975,SO2_AWB,0
Argentina,PalmFruit,PalmFruitAEZ13,PalmFruitAEZ13,1975,SO2_AWB,0
Argentina,PalmFruit,PalmFruitAEZ14,PalmFruitAEZ14,1975,SO2_AWB,0
Argentina,PalmFruit,PalmFruitAEZ15,PalmFruitAEZ15,1975,SO2_AWB,0
Argentina,PalmFruit,PalmFruitAEZ16,PalmFruitAEZ16,1975,SO2_AWB,0
Argentina,Rice,RiceAEZ07,RiceAEZ07,1975,SO2_AWB,0
Argentina,Rice,RiceAEZ08,RiceAEZ08,1975,SO2_AWB,0
Argentina,Rice,RiceAEZ09,RiceAEZ09,1975,SO2_AWB,0
Argentina,Rice,RiceAEZ10,RiceAEZ10,1975,SO2_AWB,7.67661083785595e-10
Argentina,Rice,RiceAEZ11,RiceAEZ11,1975,SO2_AWB,6.79613695132273e-07
Argentina,Rice,RiceAEZ12,RiceAEZ12,1975,SO2_AWB,7.18664280698757e-06
Argentina,Rice,RiceAEZ13,RiceAEZ13,1975,SO2_AWB,1.05469957598369e-09
Argentina,Rice,RiceAEZ14,RiceAEZ14,1975,SO2_AWB,0
Argentina,Rice,RiceAEZ15,RiceAEZ15,1975,SO2_AWB,0
Argentina,Rice,RiceAEZ16,RiceAEZ16,1975,SO2_AWB,0
Argentina,Root_Tuber,Root_TuberAEZ07,Root_TuberAEZ07,1975,SO2_AWB,1.84184402250733e-06
Argentina,Root_Tuber,Root_TuberAEZ08,Root_TuberAEZ08,1975,SO2_AWB,6.14009359563557e-06
Argentina,Root_Tuber,Root_TuberAEZ09,Root_TuberAEZ09,1975,SO2_AWB,5.65087639642117e-06
Argentina,Root_Tuber,Root_TuberAEZ10,Root_TuberAEZ10,1975,SO2_AWB,1.40310578260822e-05
Argentina,Root_Tuber,Root_TuberAEZ11,Root_TuberAEZ11,1975,SO2_AWB,1.83134247982213e-05
Argentina,Root_Tuber,Root_TuberAEZ12,Root_TuberAEZ12,1975,SO2_AWB,1.15046488843832e-05
Argentina,Root_Tuber,Root_TuberAEZ13,Root_TuberAEZ13,1975,SO2_AWB,1.56427075365985e-07
Argentina,Root_Tuber,Root_TuberAEZ14,Root_TuberAEZ14,1975,SO2_AWB,5.4182831499059e-09
Argentina,Root_Tuber,Root_TuberAEZ15,Root_TuberAEZ15,1975,SO2_AWB,0
Argentina,Root_Tuber,Root_TuberAEZ16,Root_TuberAEZ16,1975,SO2_AWB,0
Argentina,SugarCrop,SugarCropAEZ07,SugarCropAEZ07,1975,SO2_AWB,0
Argentina,SugarCrop,SugarCropAEZ08,SugarCropAEZ08,1975,SO2_AWB,1.7059971286567e-06
Argentina,SugarCrop,SugarCropAEZ09,SugarCropAEZ09,1975,SO2_AWB,9.60884182234794e-05
Argentina,SugarCrop,SugarCropAEZ10,SugarCropAEZ10,1975,SO2_AWB,0.000284067982777772
Argentina,SugarCrop,SugarCropAEZ11,SugarCropAEZ11,1975,SO2_AWB,7.24732748677211e-09
Argentina,SugarCrop,SugarCropAEZ12,SugarCropAEZ12,1975,SO2_AWB,2.81967374607892e-05
Argentina,SugarCrop,SugarCropAEZ13,SugarCropAEZ13,1975,SO2_AWB,5.4699501228031e-08
Argentina,SugarCrop,SugarCropAEZ14,SugarCropAEZ14,1975,SO2_AWB,0
Argentina,SugarCrop,SugarCropAEZ15,SugarCropAEZ15,1975,SO2_AWB,0
Argentina,SugarCrop,SugarCropAEZ16,SugarCropAEZ16,1975,SO2_AWB,0
Argentina,Wheat,WheatAEZ07,WheatAEZ07,1975,SO2_AWB,4.52799018391552e-06
Argentina,Wheat,WheatAEZ08,WheatAEZ08,1975,SO2_AWB,1.20127185427624e-05
Argentina,Wheat,WheatAEZ09,WheatAEZ09,1975,SO2_AWB,2.63850577049514e-05
Argentina,Wheat,WheatAEZ10,WheatAEZ10,1975,SO2_AWB,3.95017796229566e-05
Argentina,Wheat,WheatAEZ11,WheatAEZ11,1975,SO2_AWB,5.49973726421539e-05
Argentina,Wheat,WheatAEZ12,WheatAEZ12,1975,SO2_AWB,5.63248592222656e-05
Argentina,Wheat,WheatAEZ13,WheatAEZ13,1975,SO2_AWB,6.49214008532993e-08
Argentina,Wheat,WheatAEZ14,WheatAEZ14,1975,SO2_AWB,2.43438928164455e-08
Argentina,Wheat,WheatAEZ15,WheatAEZ15,1975,SO2_AWB,6.45165399749146e-09
Argentina,Wheat,WheatAEZ16,WheatAEZ16,1975,SO2_AWB,0
Colombia,Corn,CornAEZ02,CornAEZ02,1975,CH4_AWB,0
Colombia,Corn,CornAEZ03,CornAEZ03,1975,CH4_AWB,0
Colombia,Corn,CornAEZ04,CornAEZ04,1975,CH4_AWB,4.70855450886097e-06
Colombia,Corn,CornAEZ05,CornAEZ05,1975,CH4_AWB,6.46403707377619e-05
Colombia,Corn,CornAEZ06,CornAEZ06,1975,CH4_AWB,0.000132147378093616
Colombia,Corn,CornAEZ11,CornAEZ11,1975,CH4_AWB,2.43518703433967e-06
Colombia,Corn,CornAEZ12,CornAEZ12,1975,CH4_AWB,9.40111401630216e-06
Colombia,FiberCrop,FiberCropAEZ02,FiberCropAEZ02,1975,CH4_AWB,0
Colombia,FiberCrop,FiberCropAEZ03,FiberCropAEZ03,1975,CH4_AWB,0
Colombia,FiberCrop,FiberCropAEZ04,FiberCropAEZ04,1975,CH4_AWB,1.41680946535301e-06
Colombia,FiberCrop,FiberCropAEZ05,FiberCropAEZ05,1975,CH4_AWB,2.0163490589638e-05
Colombia,FiberCrop,FiberCropAEZ06,FiberCropAEZ06,1975,CH4_AWB,9.37733402019437e-05
Colombia,FiberCrop,FiberCropAEZ11,FiberCropAEZ11,1975,CH4_AWB,8.95923632502648e-07
Colombia,FiberCrop,FiberCropAEZ12,FiberCropAEZ12,1975,CH4_AWB,6.54406234671018e-06
Colombia,FodderGrass,FodderGrassAEZ02,FodderGrassAEZ02,1975,CH4_AWB,0
Colombia,FodderGrass,FodderGrassAEZ03,FodderGrassAEZ03,1975,CH4_AWB,0
Colombia,FodderGrass,FodderGrassAEZ04,FodderGrassAEZ04,1975,CH4_AWB,0
Colombia,FodderGrass,FodderGrassAEZ05,FodderGrassAEZ05,1975,CH4_AWB,0
Colombia,FodderGrass,FodderGrassAEZ06,FodderGrassAEZ06,1975,CH4_AWB,0
Colombia,FodderGrass,FodderGrassAEZ11,FodderGrassAEZ11,1975,CH4_AWB,0
Colombia,FodderGrass,FodderGrassAEZ12,FodderGrassAEZ12,1975,CH4_AWB,0
Colombia,FodderHerb,FodderHerbAEZ02,FodderHerbAEZ02,1975,CH4_AWB,0
Colombia,FodderHerb,FodderHerbAEZ03,FodderHerbAEZ03,1975,CH4_AWB,0
Colombia,FodderHerb,FodderHerbAEZ04,FodderHerbAEZ04,1975,CH4_AWB,0
Colombia,FodderHerb,FodderHerbAEZ05,FodderHerbAEZ05,1975,CH4_AWB,0
Colombia,FodderHerb,FodderHerbAEZ06,FodderHerbAEZ06,1975,CH4_AWB,0
Colombia,FodderHerb,FodderHerbAEZ11,FodderHerbAEZ11,1975,CH4_AWB,0
Colombia,FodderHerb,FodderHerbAEZ12,FodderHerbAEZ12,1975,CH4_AWB,0
Colombia,MiscCrop,MiscCropAEZ02,MiscCropAEZ02,1975,CH4_AWB,0
Colombia,MiscCrop,MiscCropAEZ03,MiscCropAEZ03,1975,CH4_AWB,0
Colombia,MiscCrop,MiscCropAEZ04,MiscCropAEZ04,1975,CH4_AWB,1.15331134738724e-05
Colombia,MiscCrop,MiscCropAEZ05,MiscCropAEZ05,1975,CH4_AWB,0.000176861502410427
Colombia,MiscCrop,MiscCropAEZ06,MiscCropAEZ06,1975,CH4_AWB,0.00111459048862003
Colombia,MiscCrop,MiscCropAEZ11,MiscCropAEZ11,1975,CH4_AWB,1.07779735345285e-05
Colombia,MiscCrop,MiscCropAEZ12,MiscCropAEZ12,1975,CH4_AWB,5.57545808996532e-05
Colombia,OilCrop,OilCropAEZ02,OilCropAEZ02,1975,CH4_AWB,0
Colombia,OilCrop,OilCropAEZ03,OilCropAEZ03,1975,CH4_AWB,0
Colombia,OilCrop,OilCropAEZ04,OilCropAEZ04,1975,CH4_AWB,3.80851382782101e-08
Colombia,OilCrop,OilCropAEZ05,OilCropAEZ05,1975,CH4_AWB,3.03853168437026e-07
Colombia,OilCrop,OilCropAEZ06,OilCropAEZ06,1975,CH4_AWB,3.54862415596165e-05
Colombia,OilCrop,OilCropAEZ11,OilCropAEZ11,1975,CH4_AWB,0
Colombia,OilCrop,OilCropAEZ12,OilCropAEZ12,1975,CH4_AWB,1.61447868788064e-07
Colombia,OtherGrain,OtherGrainAEZ02,OtherGrainAEZ02,1975,CH4_AWB,0
Colombia,OtherGrain,OtherGrainAEZ03,OtherGrainAEZ03,1975,CH4_AWB,0
Colombia,OtherGrain,OtherGrainAEZ04,OtherGrainAEZ04,1975,CH4_AWB,8.26518343063641e-07
Colombia,OtherGrain,OtherGrainAEZ05,OtherGrainAEZ05,1975,CH4_AWB,4.5721023016297e-05
Colombia,OtherGrain,OtherGrainAEZ06,OtherGrainAEZ06,1975,CH4_AWB,7.06082813074368e-05
Colombia,OtherGrain,OtherGrainAEZ11,OtherGrainAEZ11,1975,CH4_AWB,1.77684248508827e-08
Colombia,OtherGrain,OtherGrainAEZ12,OtherGrainAEZ12,1975,CH4_AWB,5.81199445122419e-06
Colombia,PalmFruit,PalmFruitAEZ02,PalmFruitAEZ02,1975,CH4_AWB,0
Colombia,PalmFruit,PalmFruitAEZ03,PalmFruitAEZ03,1975,CH4_AWB,0
Colombia,PalmFruit,PalmFruitAEZ04,PalmFruitAEZ04,1975,CH4_AWB,7.42053289080871e-07
Colombia,PalmFruit,PalmFruitAEZ05,PalmFruitAEZ05,1975,CH4_AWB,1.38615380744425e-05
Colombia,PalmFruit,PalmFruitAEZ06,PalmFruitAEZ06,1975,CH4_AWB,6.26686813052407e-05
Colombia,PalmFruit,PalmFruitAEZ11,PalmFruitAEZ11,1975,CH4_AWB,1.05094368848473e-06
Colombia,PalmFruit,PalmFruitAEZ12,PalmFruitAEZ12,1975,CH4_AWB,4.2974403950793e-06
Colombia,Rice,RiceAEZ02,RiceAEZ02,1975,CH4_AWB,0
Colombia,Rice,RiceAEZ03,RiceAEZ03,1975,CH4_AWB,0
Colombia,Rice,RiceAEZ04,RiceAEZ04,1975,CH4_AWB,8.44237178581289e-07
Colombia,Rice,RiceAEZ05,RiceAEZ05,1975,CH4_AWB,2.44478914449296e-05
Colombia,Rice,RiceAEZ06,RiceAEZ06,1975,CH4_AWB,0.000351307262046455
Colombia,Rice,RiceAEZ11,RiceAEZ11,1975,CH4_AWB,9.05281740382441e-07
Colombia,Rice,RiceAEZ12,RiceAEZ12,1975,CH4_AWB,2.01467098426777e-05
Colombia,Root_Tuber,Root_TuberAEZ02,Root_TuberAEZ02,1975,CH4_AWB,0
Colombia,Root_Tuber,Root_TuberAEZ03,Root_TuberAEZ03,1975,CH4_AWB,0
Colombia,Root_Tuber,Root_TuberAEZ04,Root_TuberAEZ04,1975,CH4_AWB,8.02918715532563e-06
Colombia,Root_Tuber,Root_TuberAEZ05,Root_TuberAEZ05,1975,CH4_AWB,0.000157370824007835
Colombia,Root_Tuber,Root_TuberAEZ06,Root_TuberAEZ06,1975,CH4_AWB,0.000649562914149478
Colombia,Root_Tuber,Root_TuberAEZ11,Root_TuberAEZ11,1975,CH4_AWB,2.05605799008196e-05
Colombia,Root_Tuber,Root_TuberAEZ12,Root_TuberAEZ12,1975,CH4_AWB,9.32578889962148e-05
Colombia,SugarCrop,SugarCropAEZ02,SugarCropAEZ02,1975,CH4_AWB,0
Colombia,SugarCrop,SugarCropAEZ03,SugarCropAEZ03,1975,CH4_AWB,0
Colombia,SugarCrop,SugarCropAEZ04,SugarCropAEZ04,1975,CH4_AWB,1.00189342787492e-05
Colombia,SugarCrop,SugarCropAEZ05,SugarCropAEZ05,1975,CH4_AWB,0.000429767587055993
Colombia,SugarCrop,SugarCropAEZ06,SugarCropAEZ06,1975,CH4_AWB,0.0043445873014065
Colombia,SugarCrop,SugarCropAEZ11,SugarCropAEZ11,1975,CH4_AWB,4.1366455964206e-05
Colombia,SugarCrop,SugarCropAEZ12,SugarCropAEZ12,1975,CH4_AWB,0.00035716100286849
Colombia,Wheat,WheatAEZ02,WheatAEZ02,1975,CH4_AWB,0
Colombia,Wheat,WheatAEZ03,WheatAEZ03,1975,CH4_AWB,0
Colombia,Wheat,WheatAEZ04,WheatAEZ04,1975,CH4_AWB,0
Colombia,Wheat,WheatAEZ05,WheatAEZ05,1975,CH4_AWB,0
Colombia,Wheat,WheatAEZ06,WheatAEZ06,1975,CH4_AWB,1.11206090869108e-05
Colombia,Wheat,WheatAEZ11,WheatAEZ11,1975,CH4_AWB,2.92799377562578e-07
Colombia,Wheat,WheatAEZ12,WheatAEZ12,1975,CH4_AWB,2.01277390303245e-06
Colombia,Corn,CornAEZ02,CornAEZ02,1975,CO_AWB,0
Colombia,Corn,CornAEZ03,CornAEZ03,1975,CO_AWB,0
Colombia,Corn,CornAEZ04,CornAEZ04,1975,CO_AWB,0.000173443802451549
Colombia,Corn,CornAEZ05,CornAEZ05,1975,CO_AWB,0.00238108567534613
Colombia,Corn,CornAEZ06,CornAEZ06,1975,CO_AWB,0.00486776646578609
Colombia,Corn,CornAEZ11,CornAEZ11,1975,CO_AWB,8.9702285090198e-05
Colombia,Corn,CornAEZ12,CornAEZ12,1975,CO_AWB,0.000346298414768155
Colombia,FiberCrop,FiberCropAEZ02,FiberCropAEZ02,1975,CO_AWB,0
Colombia,FiberCrop,FiberCropAEZ03,FiberCropAEZ03,1975,CO_AWB,0
Colombia,FiberCrop,FiberCropAEZ04,FiberCropAEZ04,1975,CO_AWB,5.21894395738064e-05
Colombia,FiberCrop,FiberCropAEZ05,FiberCropAEZ05,1975,CO_AWB,0.000742740149228696
Colombia,FiberCrop,FiberCropAEZ06,FiberCropAEZ06,1975,CO_AWB,0.0034542245741448
Colombia,FiberCrop,FiberCropAEZ11,FiberCropAEZ11,1975,CO_AWB,3.30021456128484e-05
Colombia,FiberCrop,FiberCropAEZ12,FiberCropAEZ12,1975,CO_AWB,0.000241056369796172
Colombia,FodderGrass,FodderGrassAEZ02,FodderGrassAEZ02,1975,CO_AWB,0
Colombia,FodderGrass,FodderGrassAEZ03,FodderGrassAEZ03,1975,CO_AWB,0
Colombia,FodderGrass,FodderGrassAEZ04,FodderGrassAEZ04,1975,CO_AWB,0
Colombia,FodderGrass,FodderGrassAEZ05,FodderGrassAEZ05,1975,CO_AWB,0
Colombia,FodderGrass,FodderGrassAEZ06,FodderGrassAEZ06,1975,CO_AWB,0
Colombia,FodderGrass,FodderGrassAEZ11,FodderGrassAEZ11,1975,CO_AWB,0
Colombia,FodderGrass,FodderGrassAEZ12,FodderGrassAEZ12,1975,CO_AWB,0
Colombia,FodderHerb,FodderHerbAEZ02,FodderHerbAEZ02,1975,CO_AWB,0
Colombia,FodderHerb,FodderHerbAEZ03,FodderHerbAEZ03,1975,CO_AWB,0
Colombia,FodderHerb,FodderHerbAEZ04,FodderHerbAEZ04,1975,CO_AWB,0
Colombia,FodderHerb,FodderHerbAEZ05,FodderHerbAEZ05,1975,CO_AWB,0
Colombia,FodderHerb,FodderHerbAEZ06,FodderHerbAEZ06,1975,CO_AWB,0
Colombia,FodderHerb,FodderHerbAEZ11,FodderHerbAEZ11,1975,CO_AWB,0
Colombia,FodderHerb,FodderHerbAEZ12,FodderHerbAEZ12,1975,CO_AWB,0
Colombia,MiscCrop,MiscCropAEZ02,MiscCropAEZ02,1975,CO_AWB,0
Colombia,MiscCrop,MiscCropAEZ03,MiscCropAEZ03,1975,CO_AWB,0
Colombia,MiscCrop,MiscCropAEZ04,MiscCropAEZ04,1975,CO_AWB,0.000424832515212302
Colombia,MiscCrop,MiscCropAEZ05,MiscCropAEZ05,1975,CO_AWB,0.00651485109233213
Colombia,MiscCrop,MiscCropAEZ06,MiscCropAEZ06,1975,CO_AWB,0.0410569341734886
Colombia,MiscCrop,MiscCropAEZ11,MiscCropAEZ11,1975,CO_AWB,0.000397016262428913
Colombia,MiscCrop,MiscCropAEZ12,MiscCropAEZ12,1975,CO_AWB,0.00205376968603209
Colombia,OilCrop,OilCropAEZ02,OilCropAEZ02,1975,CO_AWB,0
Colombia,OilCrop,OilCropAEZ03,OilCropAEZ03,1975,CO_AWB,0
Colombia,OilCrop,OilCropAEZ04,OilCropAEZ04,1975,CO_AWB,1.40290001685969e-06
Colombia,OilCrop,OilCropAEZ05,OilCropAEZ05,1975,CO_AWB,1.11927023084241e-05
Colombia,OilCrop,OilCropAEZ06,OilCropAEZ06,1975,CO_AWB,0.00130716733962224
Colombia,OilCrop,OilCropAEZ11,OilCropAEZ11,1975,CO_AWB,0
Colombia,OilCrop,OilCropAEZ12,OilCropAEZ12,1975,CO_AWB,5.94707615842691e-06
Colombia,OtherGrain,OtherGrainAEZ02,OtherGrainAEZ02,1975,CO_AWB,0
Colombia,OtherGrain,OtherGrainAEZ03,OtherGrainAEZ03,1975,CO_AWB,0
Colombia,OtherGrain,OtherGrainAEZ04,OtherGrainAEZ04,1975,CO_AWB,3.04455399097823e-05
Colombia,OtherGrain,OtherGrainAEZ05,OtherGrainAEZ05,1975,CO_AWB,0.00168417463767233
Colombia,OtherGrain,OtherGrainAEZ06,OtherGrainAEZ06,1975,CO_AWB,0.00260091898086426
Colombia,OtherGrain,OtherGrainAEZ11,OtherGrainAEZ11,1975,CO_AWB,6.54515767824724e-07
Colombia,OtherGrain,OtherGrainAEZ12,OtherGrainAEZ12,1975,CO_AWB,0.000214089996314279
Colombia,PalmFruit,PalmFruitAEZ02,PalmFruitAEZ02,1975,CO_AWB,0
Colombia,PalmFruit,PalmFruitAEZ03,PalmFruitAEZ03,1975,CO_AWB,0
Colombia,PalmFruit,PalmFruitAEZ04,PalmFruitAEZ04,1975,CO_AWB,2.73341943557534e-05
Colombia,PalmFruit,PalmFruitAEZ05,PalmFruitAEZ05,1975,CO_AWB,0.000510602110888554
Colombia,PalmFruit,PalmFruitAEZ06,PalmFruitAEZ06,1975,CO_AWB,0.00230845673757203
Colombia,PalmFruit,PalmFruitAEZ11,PalmFruitAEZ11,1975,CO_AWB,3.87124475569344e-05
Colombia,PalmFruit,PalmFruitAEZ12,PalmFruitAEZ12,1975,CO_AWB,0.000158300047610949
Colombia,Rice,RiceAEZ02,RiceAEZ02,1975,CO_AWB,0
Colombia,Rice,RiceAEZ03,RiceAEZ03,1975,CO_AWB,0
Colombia,Rice,RiceAEZ04,RiceAEZ04,1975,CO_AWB,3.10982290103143e-05
Colombia,Rice,RiceAEZ05,RiceAEZ05,1975,CO_AWB,0.000900559873768362
Colombia,Rice,RiceAEZ06,RiceAEZ06,1975,CO_AWB,0.0129407161462213
Colombia,Rice,RiceAEZ11,RiceAEZ11,1975,CO_AWB,3.33468598582434e-05
Colombia,Rice,RiceAEZ12,RiceAEZ12,1975,CO_AWB,0.00074212201545637
Colombia,Root_Tuber,Root_TuberAEZ02,Root_TuberAEZ02,1975,CO_AWB,0
Colombia,Root_Tuber,Root_TuberAEZ03,Root_TuberAEZ03,1975,CO_AWB,0
Colombia,Root_Tuber,Root_TuberAEZ04,Root_TuberAEZ04,1975,CO_AWB,0.000295762265934073
Colombia,Root_Tuber,Root_TuberAEZ05,Root_TuberAEZ05,1975,CO_AWB,0.00579689457974551
Colombia,Root_Tuber,Root_TuberAEZ06,Root_TuberAEZ06,1975,CO_AWB,0.0239272289509607
Colombia,Root_Tuber,Root_TuberAEZ11,Root_TuberAEZ11,1975,CO_AWB,0.000757367287964075
Colombia,Root_Tuber,Root_TuberAEZ12,Root_TuberAEZ12,1975,CO_AWB,0.00343523746951819
Colombia,SugarCrop,SugarCropAEZ02,SugarCropAEZ02,1975,CO_AWB,0
Colombia,SugarCrop,SugarCropAEZ03,SugarCropAEZ03,1975,CO_AWB,0
Colombia,SugarCrop,SugarCropAEZ04,SugarCropAEZ04,1975,CO_AWB,0.00036905637484885
Colombia,SugarCrop,SugarCropAEZ05,SugarCropAEZ05,1975,CO_AWB,0.0158308721560177
Colombia,SugarCrop,SugarCropAEZ06,SugarCropAEZ06,1975,CO_AWB,0.160036745931385
Colombia,SugarCrop,SugarCropAEZ11,SugarCropAEZ11,1975,CO_AWB,0.00152377027872872
Colombia,SugarCrop,SugarCropAEZ12,SugarCropAEZ12,1975,CO_AWB,0.0131563439073163
Colombia,Wheat,WheatAEZ02,WheatAEZ02,1975,CO_AWB,0
Colombia,Wheat,WheatAEZ03,WheatAEZ03,1975,CO_AWB,0
Colombia,Wheat,WheatAEZ04,WheatAEZ04,1975,CO_AWB,0
Colombia,Wheat,WheatAEZ05,WheatAEZ05,1975,CO_AWB,0
Colombia,Wheat,WheatAEZ06,WheatAEZ06,1975,CO_AWB,0.000409637548419854
Colombia,Wheat,WheatAEZ11,WheatAEZ11,1975,CO_AWB,1.07855260684208e-05
Colombia,Wheat,WheatAEZ12,WheatAEZ12,1975,CO_AWB,7.41423208673111e-05
Colombia,Corn,CornAEZ02,CornAEZ02,1975,N2O_AWB,0
Colombia,Corn,CornAEZ03,CornAEZ03,1975,N2O_AWB,0
Colombia,Corn,CornAEZ04,CornAEZ04,1975,N2O_AWB,1.22300117113272e-07
Colombia,Corn,CornAEZ05,CornAEZ05,1975,N2O_AWB,1.6789706685133e-06
Colombia,Corn,CornAEZ06,CornAEZ06,1975,N2O_AWB,3.43239943100301e-06
Colombia,Corn,CornAEZ11,CornAEZ11,1975,N2O_AWB,6.32516112815499e-08
Colombia,Corn,CornAEZ12,CornAEZ12,1975,N2O_AWB,2.44184779644212e-07
Colombia,FiberCrop,FiberCropAEZ02,FiberCropAEZ02,1975,N2O_AWB,0
Colombia,FiberCrop,FiberCropAEZ03,FiberCropAEZ03,1975,N2O_AWB,0
Colombia,FiberCrop,FiberCropAEZ04,FiberCropAEZ04,1975,N2O_AWB,3.6800245853325e-08
Colombia,FiberCrop,FiberCropAEZ05,FiberCropAEZ05,1975,N2O_AWB,5.23727028302286e-07
Colombia,FiberCrop,FiberCropAEZ06,FiberCropAEZ06,1975,N2O_AWB,2.43567117407646e-06
Colombia,FiberCrop,FiberCropAEZ11,FiberCropAEZ11,1975,N2O_AWB,2.32707437013675e-08
Colombia,FiberCrop,FiberCropAEZ12,FiberCropAEZ12,1975,N2O_AWB,1.69975645369096e-07
Colombia,FodderGrass,FodderGrassAEZ02,FodderGrassAEZ02,1975,N2O_AWB,0
Colombia,FodderGrass,FodderGrassAEZ03,FodderGrassAEZ03,1975,N2O_AWB,0
Colombia,FodderGrass,FodderGrassAEZ04,FodderGrassAEZ04,1975,N2O_AWB,0
Colombia,FodderGrass,FodderGrassAEZ05,FodderGrassAEZ05,1975,N2O_AWB,0
Colombia,FodderGrass,FodderGrassAEZ06,FodderGrassAEZ06,1975,N2O_AWB,0
Colombia,FodderGrass,FodderGrassAEZ11,FodderGrassAEZ11,1975,N2O_AWB,0
Colombia,FodderGrass,FodderGrassAEZ12,FodderGrassAEZ12,1975,N2O_AWB,0
Colombia,FodderHerb,FodderHerbAEZ02,FodderHerbAEZ02,1975,N2O_AWB,0
Colombia,FodderHerb,FodderHerbAEZ03,FodderHerbAEZ03,1975,N2O_AWB,0
Colombia,FodderHerb,FodderHerbAEZ04,FodderHerbAEZ04,1975,N2O_AWB,0
Colombia,FodderHerb,FodderHerbAEZ05,FodderHerbAEZ05,1975,N2O_AWB,0
Colombia,FodderHerb,FodderHerbAEZ06,FodderHerbAEZ06,1975,N2O_AWB,0
Colombia,FodderHerb,FodderHerbAEZ11,FodderHerbAEZ11,1975,N2O_AWB,0
Colombia,FodderHerb,FodderHerbAEZ12,FodderHerbAEZ12,1975,N2O_AWB,0
Colombia,MiscCrop,MiscCropAEZ02,MiscCropAEZ02,1975,N2O_AWB,0
Colombia,MiscCrop,MiscCropAEZ03,MiscCropAEZ03,1975,N2O_AWB,0
Colombia,MiscCrop,MiscCropAEZ04,MiscCropAEZ04,1975,N2O_AWB,2.99561388931751e-07
Colombia,MiscCrop,MiscCropAEZ05,MiscCropAEZ05,1975,N2O_AWB,4.59380525741368e-06
Colombia,MiscCrop,MiscCropAEZ06,MiscCropAEZ06,1975,N2O_AWB,2.89504023018189e-05
Colombia,MiscCrop,MiscCropAEZ11,MiscCropAEZ11,1975,N2O_AWB,2.79947364533208e-07
Colombia,MiscCrop,MiscCropAEZ12,MiscCropAEZ12,1975,N2O_AWB,1.44817093245852e-06
Colombia,OilCrop,OilCropAEZ02,OilCropAEZ02,1975,N2O_AWB,0
Colombia,OilCrop,OilCropAEZ03,OilCropAEZ03,1975,N2O_AWB,0
Colombia,OilCrop,OilCropAEZ04,OilCropAEZ04,1975,N2O_AWB,9.892243708626e-10
Colombia,OilCrop,OilCropAEZ05,OilCropAEZ05,1975,N2O_AWB,7.8922900892734e-09
Colombia,OilCrop,OilCropAEZ06,OilCropAEZ06,1975,N2O_AWB,9.21720559990038e-07
Colombia,OilCrop,OilCropAEZ11,OilCropAEZ11,1975,N2O_AWB,0
Colombia,OilCrop,OilCropAEZ12,OilCropAEZ12,1975,N2O_AWB,4.19345113735231e-09
Colombia,OtherGrain,OtherGrainAEZ02,OtherGrainAEZ02,1975,N2O_AWB,0
Colombia,OtherGrain,OtherGrainAEZ03,OtherGrainAEZ03,1975,N2O_AWB,0
Colombia,OtherGrain,OtherGrainAEZ04,OtherGrainAEZ04,1975,N2O_AWB,2.14680089107439e-08
Colombia,OtherGrain,OtherGrainAEZ05,OtherGrainAEZ05,1975,N2O_AWB,1.18755903938434e-06
Colombia,OtherGrain,OtherGrainAEZ06,OtherGrainAEZ06,1975,N2O_AWB,1.8339813326607e-06
Colombia,OtherGrain,OtherGrainAEZ11,OtherGrainAEZ11,1975,N2O_AWB,4.61517528594357e-10
Colombia,OtherGrain,OtherGrainAEZ12,OtherGrainAEZ12,1975,N2O_AWB,1.50960894836992e-07
Colombia,PalmFruit,PalmFruitAEZ02,PalmFruitAEZ02,1975,N2O_AWB,0
Colombia,PalmFruit,PalmFruitAEZ03,PalmFruitAEZ03,1975,N2O_AWB,0
Colombia,PalmFruit,PalmFruitAEZ04,PalmFruitAEZ04,1975,N2O_AWB,1.92741114046979e-08
Colombia,PalmFruit,PalmFruitAEZ05,PalmFruitAEZ05,1975,N2O_AWB,3.60039949985519e-07
Colombia,PalmFruit,PalmFruitAEZ06,PalmFruitAEZ06,1975,N2O_AWB,1.62775795598028e-06
Colombia,PalmFruit,PalmFruitAEZ11,PalmFruitAEZ11,1975,N2O_AWB,2.7297238661941e-08
Colombia,PalmFruit,PalmFruitAEZ12,PalmFruitAEZ12,1975,N2O_AWB,1.11621828443618e-07
Colombia,Rice,RiceAEZ02,RiceAEZ02,1975,N2O_AWB,0
Colombia,Rice,RiceAEZ03,RiceAEZ03,1975,N2O_AWB,0
Colombia,Rice,RiceAEZ04,RiceAEZ04,1975,N2O_AWB,2.19282384047088e-08
Colombia,Rice,RiceAEZ05,RiceAEZ05,1975,N2O_AWB,6.35010167400768e-07
Colombia,Rice,RiceAEZ06,RiceAEZ06,1975,N2O_AWB,9.12486394925858e-06
Colombia,Rice,RiceAEZ11,RiceAEZ11,1975,N2O_AWB,2.3513811438505e-08
Colombia,Rice,RiceAEZ12,RiceAEZ12,1975,N2O_AWB,5.23291164744876e-07
Colombia,Root_Tuber,Root_TuberAEZ02,Root_TuberAEZ02,1975,N2O_AWB,0
Colombia,Root_Tuber,Root_TuberAEZ03,Root_TuberAEZ03,1975,N2O_AWB,0
Colombia,Root_Tuber,Root_TuberAEZ04,Root_TuberAEZ04,1975,N2O_AWB,2.08550315722744e-07
Colombia,Root_Tuber,Root_TuberAEZ05,Root_TuberAEZ05,1975,N2O_AWB,4.08755387033337e-06
Colombia,Root_Tuber,Root_TuberAEZ06,Root_TuberAEZ06,1975,N2O_AWB,1.68717640038826e-05
Colombia,Root_Tuber,Root_TuberAEZ11,Root_TuberAEZ11,1975,N2O_AWB,5.34041036384925e-07
Colombia,Root_Tuber,Root_TuberAEZ12,Root_TuberAEZ12,1975,N2O_AWB,2.42228283107052e-06
Colombia,SugarCrop,SugarCropAEZ02,SugarCropAEZ02,1975,N2O_AWB,0
Colombia,SugarCrop,SugarCropAEZ03,SugarCropAEZ03,1975,N2O_AWB,0
Colombia,SugarCrop,SugarCropAEZ04,SugarCropAEZ04,1975,N2O_AWB,2.60232059188292e-07
Colombia,SugarCrop,SugarCropAEZ05,SugarCropAEZ05,1975,N2O_AWB,1.11627944689868e-05
Colombia,SugarCrop,SugarCropAEZ06,SugarCropAEZ06,1975,N2O_AWB,0.000112846423413156
Colombia,SugarCrop,SugarCropAEZ11,SugarCropAEZ11,1975,N2O_AWB,1.07445340166769e-06
Colombia,SugarCrop,SugarCropAEZ12,SugarCropAEZ12,1975,N2O_AWB,9.27690916541532e-06
Colombia,Wheat,WheatAEZ02,WheatAEZ02,1975,N2O_AWB,0
Colombia,Wheat,WheatAEZ03,WheatAEZ03,1975,N2O_AWB,0
Colombia,Wheat,WheatAEZ04,WheatAEZ04,1975,N2O_AWB,0
Colombia,Wheat,WheatAEZ05,WheatAEZ05,1975,N2O_AWB,0
Colombia,Wheat,WheatAEZ06,WheatAEZ06,1975,N2O_AWB,2.8884698927041e-07
Colombia,Wheat,WheatAEZ11,WheatAEZ11,1975,N2O_AWB,7.60517863798903e-09
Colombia,Wheat,WheatAEZ12,WheatAEZ12,1975,N2O_AWB,5.22798416372065e-08
Colombia,Corn,CornAEZ02,CornAEZ02,1975,NH3_AWB,0
Colombia,Corn,CornAEZ03,CornAEZ03,1975,NH3_AWB,0
Colombia,Corn,CornAEZ04,CornAEZ04,1975,NH3_AWB,2.26811126282795e-06
Colombia,Corn,CornAEZ05,CornAEZ05,1975,NH3_AWB,3.11372742160648e-05
Colombia,Corn,CornAEZ06,CornAEZ06,1975,NH3_AWB,6.36554076295104e-05
Colombia,Corn,CornAEZ11,CornAEZ11,1975,NH3_AWB,1.17302988194874e-06
Colombia,Corn,CornAEZ12,CornAEZ12,1975,NH3_AWB,4.52851773158357e-06
Colombia,FiberCrop,FiberCropAEZ02,FiberCropAEZ02,1975,NH3_AWB,0
Colombia,FiberCrop,FiberCropAEZ03,FiberCropAEZ03,1975,NH3_AWB,0
Colombia,FiberCrop,FiberCropAEZ04,FiberCropAEZ04,1975,NH3_AWB,6.82477286734391e-07
Colombia,FiberCrop,FiberCropAEZ05,FiberCropAEZ05,1975,NH3_AWB,9.71275579760603e-06
Colombia,FiberCrop,FiberCropAEZ06,FiberCropAEZ06,1975,NH3_AWB,4.51706290465089e-05
Colombia,FiberCrop,FiberCropAEZ11,FiberCropAEZ11,1975,NH3_AWB,4.31566519552633e-07
Colombia,FiberCrop,FiberCropAEZ12,FiberCropAEZ12,1975,NH3_AWB,3.15227560502686e-06
Colombia,FodderGrass,FodderGrassAEZ02,FodderGrassAEZ02,1975,NH3_AWB,0
Colombia,FodderGrass,FodderGrassAEZ03,FodderGrassAEZ03,1975,NH3_AWB,0
Colombia,FodderGrass,FodderGrassAEZ04,FodderGrassAEZ04,1975,NH3_AWB,0
Colombia,FodderGrass,FodderGrassAEZ05,FodderGrassAEZ05,1975,NH3_AWB,0
Colombia,FodderGrass,FodderGrassAEZ06,FodderGrassAEZ06,1975,NH3_AWB,0
Colombia,FodderGrass,FodderGrassAEZ11,FodderGrassAEZ11,1975,NH3_AWB,0
Colombia,FodderGrass,FodderGrassAEZ12,FodderGrassAEZ12,1975,NH3_AWB,0
Colombia,FodderHerb,FodderHerbAEZ02,FodderHerbAEZ02,1975,NH3_AWB,0
Colombia,FodderHerb,FodderHerbAEZ03,FodderHerbAEZ03,1975,NH3_AWB,0
Colombia,FodderHerb,FodderHerbAEZ04,FodderHerbAEZ04,1975,NH3_AWB,0
Colombia,FodderHerb,FodderHerbAEZ05,FodderHerbAEZ05,1975,NH3_AWB,0
Colombia,FodderHerb,FodderHerbAEZ06,FodderHerbAEZ06,1975,NH3_AWB,0
Colombia,FodderHerb,FodderHerbAEZ11,FodderHerbAEZ11,1975,NH3_AWB,0
Colombia,FodderHerb,FodderHerbAEZ12,FodderHerbAEZ12,1975,NH3_AWB,0
Colombia,MiscCrop,MiscCropAEZ02,MiscCropAEZ02,1975,NH3_AWB,0
Colombia,MiscCrop,MiscCropAEZ03,MiscCropAEZ03,1975,NH3_AWB,0
Colombia,MiscCrop,MiscCropAEZ04,MiscCropAEZ04,1975,NH3_AWB,5.55550212200703e-06
Colombia,MiscCrop,MiscCropAEZ05,MiscCropAEZ05,1975,NH3_AWB,8.51942065920356e-05
Colombia,MiscCrop,MiscCropAEZ06,MiscCropAEZ06,1975,NH3_AWB,0.000536898369961004
Colombia,MiscCrop,MiscCropAEZ11,MiscCropAEZ11,1975,NH3_AWB,5.1917511240704e-06
Colombia,MiscCrop,MiscCropAEZ12,MiscCropAEZ12,1975,NH3_AWB,2.68569882019581e-05
Colombia,OilCrop,OilCropAEZ02,OilCropAEZ02,1975,NH3_AWB,0
Colombia,OilCrop,OilCropAEZ03,OilCropAEZ03,1975,NH3_AWB,0
Colombia,OilCrop,OilCropAEZ04,OilCropAEZ04,1975,NH3_AWB,1.83456156050882e-08
Colombia,OilCrop,OilCropAEZ05,OilCropAEZ05,1975,NH3_AWB,1.46366107110161e-07
Colombia,OilCrop,OilCropAEZ06,OilCropAEZ06,1975,NH3_AWB,1.70937267489062e-05
Colombia,OilCrop,OilCropAEZ11,OilCropAEZ11,1975,NH3_AWB,0
Colombia,OilCrop,OilCropAEZ12,OilCropAEZ12,1975,NH3_AWB,7.77694574563519e-08
Colombia,OtherGrain,OtherGrainAEZ02,OtherGrainAEZ02,1975,NH3_AWB,0
Colombia,OtherGrain,OtherGrainAEZ03,OtherGrainAEZ03,1975,NH3_AWB,0
Colombia,OtherGrain,OtherGrainAEZ04,OtherGrainAEZ04,1975,NH3_AWB,3.98133983435615e-07
Colombia,OtherGrain,OtherGrainAEZ05,OtherGrainAEZ05,1975,NH3_AWB,2.20238221849459e-05
Colombia,OtherGrain,OtherGrainAEZ06,OtherGrainAEZ06,1975,NH3_AWB,3.40120174420711e-05
Colombia,OtherGrain,OtherGrainAEZ11,OtherGrainAEZ11,1975,NH3_AWB,8.55905234847716e-09
Colombia,OtherGrain,OtherGrainAEZ12,OtherGrainAEZ12,1975,NH3_AWB,2.79963841334058e-06
Colombia,PalmFruit,PalmFruitAEZ02,PalmFruitAEZ02,1975,NH3_AWB,0
Colombia,PalmFruit,PalmFruitAEZ03,PalmFruitAEZ03,1975,NH3_AWB,0
Colombia,PalmFruit,PalmFruitAEZ04,PalmFruitAEZ04,1975,NH3_AWB,3.57447156959853e-07
Colombia,PalmFruit,PalmFruitAEZ05,PalmFruitAEZ05,1975,NH3_AWB,6.67710452700417e-06
Colombia,PalmFruit,PalmFruitAEZ06,PalmFruitAEZ06,1975,NH3_AWB,3.01875111836342e-05
Colombia,PalmFruit,PalmFruitAEZ11,PalmFruitAEZ11,1975,NH3_AWB,5.0623969882145e-07
Colombia,PalmFruit,PalmFruitAEZ12,PalmFruitAEZ12,1975,NH3_AWB,2.07007754568165e-06
Colombia,Rice,RiceAEZ02,RiceAEZ02,1975,NH3_AWB,0
Colombia,Rice,RiceAEZ03,RiceAEZ03,1975,NH3_AWB,0
Colombia,Rice,RiceAEZ04,RiceAEZ04,1975,NH3_AWB,4.06669148596418e-07
Colombia,Rice,RiceAEZ05,RiceAEZ05,1975,NH3_AWB,1.17765521954324e-05
Colombia,Rice,RiceAEZ06,RiceAEZ06,1975,NH3_AWB,0.000169224749604432
Colombia,Rice,RiceAEZ11,RiceAEZ11,1975,NH3_AWB,4.36074321223183e-07
Colombia,Rice,RiceAEZ12,RiceAEZ12,1975,NH3_AWB,9.70467250981407e-06
Colombia,Root_Tuber,Root_TuberAEZ02,Root_TuberAEZ02,1975,NH3_AWB,0
Colombia,Root_Tuber,Root_TuberAEZ03,Root_TuberAEZ03,1975,NH3_AWB,0
Colombia,Root_Tuber,Root_TuberAEZ04,Root_TuberAEZ04,1975,NH3_AWB,3.86766040067634e-06
Colombia,Root_Tuber,Root_TuberAEZ05,Root_TuberAEZ05,1975,NH3_AWB,7.58055445043644e-05
Colombia,Root_Tuber,Root_TuberAEZ06,Root_TuberAEZ06,1975,NH3_AWB,0.00031289453243564
Colombia,Root_Tuber,Root_TuberAEZ11,Root_TuberAEZ11,1975,NH3_AWB,9.90403376568406e-06
Colombia,Root_Tuber,Root_TuberAEZ12,Root_TuberAEZ12,1975,NH3_AWB,4.49223361398532e-05
Colombia,SugarCrop,SugarCropAEZ02,SugarCropAEZ02,1975,NH3_AWB,0
Colombia,SugarCrop,SugarCropAEZ03,SugarCropAEZ03,1975,NH3_AWB,0
Colombia,SugarCrop,SugarCropAEZ04,SugarCropAEZ04,1975,NH3_AWB,4.8261218249465e-06
Colombia,SugarCrop,SugarCropAEZ05,SugarCropAEZ05,1975,NH3_AWB,0.000207019097424847
Colombia,SugarCrop,SugarCropAEZ06,SugarCropAEZ06,1975,NH3_AWB,0.0020927882160258
Colombia,SugarCrop,SugarCropAEZ11,SugarCropAEZ11,1975,NH3_AWB,1.99262267218371e-05
Colombia,SugarCrop,SugarCropAEZ12,SugarCropAEZ12,1975,NH3_AWB,0.00017204449724952
Colombia,Wheat,WheatAEZ02,WheatAEZ02,1975,NH3_AWB,0
Colombia,Wheat,WheatAEZ03,WheatAEZ03,1975,NH3_AWB,0
Colombia,Wheat,WheatAEZ04,WheatAEZ04,1975,NH3_AWB,0
Colombia,Wheat,WheatAEZ05,WheatAEZ05,1975,NH3_AWB,0
Colombia,Wheat,WheatAEZ06,WheatAEZ06,1975,NH3_AWB,5.35679871010578e-06
Colombia,Wheat,WheatAEZ11,WheatAEZ11,1975,NH3_AWB,1.41041494740888e-07
Colombia,Wheat,WheatAEZ12,WheatAEZ12,1975,NH3_AWB,9.69553426726376e-07
Colombia,Corn,CornAEZ02,CornAEZ02,1975,NMVOC_AWB,0
Colombia,Corn,CornAEZ03,CornAEZ03,1975,NMVOC_AWB,0
Colombia,Corn,CornAEZ04,CornAEZ04,1975,NMVOC_AWB,1.22300117113272e-05
Colombia,Corn,CornAEZ05,CornAEZ05,1975,NMVOC_AWB,0.00016789706685133
Colombia,Corn,CornAEZ06,CornAEZ06,1975,NMVOC_AWB,0.000343239943100301
Colombia,Corn,CornAEZ11,CornAEZ11,1975,NMVOC_AWB,6.32516112815499e-06
Colombia,Corn,CornAEZ12,CornAEZ12,1975,NMVOC_AWB,2.44184779644212e-05
Colombia,FiberCrop,FiberCropAEZ02,FiberCropAEZ02,1975,NMVOC_AWB,0
Colombia,FiberCrop,FiberCropAEZ03,FiberCropAEZ03,1975,NMVOC_AWB,0
Colombia,FiberCrop,FiberCropAEZ04,FiberCropAEZ04,1975,NMVOC_AWB,3.6800245853325e-06
Colombia,FiberCrop,FiberCropAEZ05,FiberCropAEZ05,1975,NMVOC_AWB,5.23727028302286e-05
Colombia,FiberCrop,FiberCropAEZ06,FiberCropAEZ06,1975,NMVOC_AWB,0.000243567117407646
Colombia,FiberCrop,FiberCropAEZ11,FiberCropAEZ11,1975,NMVOC_AWB,2.32707437013675e-06
Colombia,FiberCrop,FiberCropAEZ12,FiberCropAEZ12,1975,NMVOC_AWB,1.69975645369096e-05
Colombia,FodderGrass,FodderGrassAEZ02,FodderGrassAEZ02,1975,NMVOC_AWB,0
Colombia,FodderGrass,FodderGrassAEZ03,FodderGrassAEZ03,1975,NMVOC_AWB,0
Colombia,FodderGrass,FodderGrassAEZ04,FodderGrassAEZ04,1975,NMVOC_AWB,0
Colombia,FodderGrass,FodderGrassAEZ05,FodderGrassAEZ05,1975,NMVOC_AWB,0
Colombia,FodderGrass,FodderGrassAEZ06,FodderGrassAEZ06,1975,NMVOC_AWB,0
Colombia,FodderGrass,FodderGrassAEZ11,FodderGrassAEZ11,1975,NMVOC_AWB,0
Colombia,FodderGrass,FodderGrassAEZ12,FodderGrassAEZ12,1975,NMVOC_AWB,0
Colombia,FodderHerb,FodderHerbAEZ02,FodderHerbAEZ02,1975,NMVOC_AWB,0
Colombia,FodderHerb,FodderHerbAEZ03,FodderHerbAEZ03,1975,NMVOC_AWB,0
Colombia,FodderHerb,FodderHerbAEZ04,FodderHerbAEZ04,1975,NMVOC_AWB,0
Colombia,FodderHerb,FodderHerbAEZ05,FodderHerbAEZ05,1975,NMVOC_AWB,0
Colombia,FodderHerb,FodderHerbAEZ06,FodderHerbAEZ06,1975,NMVOC_AWB,0
Colombia,FodderHerb,FodderHerbAEZ11,FodderHerbAEZ11,1975,NMVOC_AWB,0
Colombia,FodderHerb,FodderHerbAEZ12,FodderHerbAEZ12,1975,NMVOC_AWB,0
Colombia,MiscCrop,MiscCropAEZ02,MiscCropAEZ02,1975,NMVOC_AWB,0
Colombia,MiscCrop,MiscCropAEZ03,MiscCropAEZ03,1975,NMVOC_AWB,0
Colombia,MiscCrop,MiscCropAEZ04,MiscCropAEZ04,1975,NMVOC_AWB,2.99561388931751e-05
Colombia,MiscCrop,MiscCropAEZ05,MiscCropAEZ05,1975,NMVOC_AWB,0.000459380525741368
Colombia,MiscCrop,MiscCropAEZ06,MiscCropAEZ06,1975,NMVOC_AWB,0.00289504023018189
Colombia,MiscCrop,MiscCropAEZ11,MiscCropAEZ11,1975,NMVOC_AWB,2.79947364533208e-05
Colombia,MiscCrop,MiscCropAEZ12,MiscCropAEZ12,1975,NMVOC_AWB,0.000144817093245852
Colombia,OilCrop,OilCropAEZ02,OilCropAEZ02,1975,NMVOC_AWB,0
Colombia,OilCrop,OilCropAEZ03,OilCropAEZ03,1975,NMVOC_AWB,0
Colombia,OilCrop,OilCropAEZ04,OilCropAEZ04,1975,NMVOC_AWB,9.892243708626e-08
Colombia,OilCrop,OilCropAEZ05,OilCropAEZ05,1975,NMVOC_AWB,7.8922900892734e-07
Colombia,OilCrop,OilCropAEZ06,OilCropAEZ06,1975,NMVOC_AWB,9.21720559990038e-05
Colombia,OilCrop,OilCropAEZ11,OilCropAEZ11,1975,NMVOC_AWB,0
Colombia,OilCrop,OilCropAEZ12,OilCropAEZ12,1975,NMVOC_AWB,4.19345113735231e-07
Colombia,OtherGrain,OtherGrainAEZ02,OtherGrainAEZ02,1975,NMVOC_AWB,0
Colombia,OtherGrain,OtherGrainAEZ03,OtherGrainAEZ03,1975,NMVOC_AWB,0
Colombia,OtherGrain,OtherGrainAEZ04,OtherGrainAEZ04,1975,NMVOC_AWB,2.14680089107439e-06
Colombia,OtherGrain,OtherGrainAEZ05,OtherGrainAEZ05,1975,NMVOC_AWB,0.000118755903938434
Colombia,OtherGrain,OtherGrainAEZ06,OtherGrainAEZ06,1975,NMVOC_AWB,0.00018339813326607
Colombia,OtherGrain,OtherGrainAEZ11,OtherGrainAEZ11,1975,NMVOC_AWB,4.61517528594357e-08
Colombia,OtherGrain,OtherGrainAEZ12,OtherGrainAEZ12,1975,NMVOC_AWB,1.50960894836992e-05
Colombia,PalmFruit,PalmFruitAEZ02,PalmFruitAEZ02,1975,NMVOC_AWB,0
Colombia,PalmFruit,PalmFruitAEZ03,PalmFruitAEZ03,1975,NMVOC_AWB,0
Colombia,PalmFruit,PalmFruitAEZ04,PalmFruitAEZ04,1975,NMVOC_AWB,1.92741114046979e-06
Colombia,PalmFruit,PalmFruitAEZ05,PalmFruitAEZ05,1975,NMVOC_AWB,3.60039949985519e-05
Colombia,PalmFruit,PalmFruitAEZ06,PalmFruitAEZ06,1975,NMVOC_AWB,0.000162775795598028
Colombia,PalmFruit,PalmFruitAEZ11,PalmFruitAEZ11,1975,NMVOC_AWB,2.72972386619409e-06
Colombia,PalmFruit,PalmFruitAEZ12,PalmFruitAEZ12,1975,NMVOC_AWB,1.11621828443618e-05
Colombia,Rice,RiceAEZ02,RiceAEZ02,1975,NMVOC_AWB,0
Colombia,Rice,RiceAEZ03,RiceAEZ03,1975,NMVOC_AWB,0
Colombia,Rice,RiceAEZ04,RiceAEZ04,1975,NMVOC_AWB,2.19282384047088e-06
Colombia,Rice,RiceAEZ05,RiceAEZ05,1975,NMVOC_AWB,6.35010167400768e-05
Colombia,Rice,RiceAEZ06,RiceAEZ06,1975,NMVOC_AWB,0.000912486394925858
Colombia,Rice,RiceAEZ11,RiceAEZ11,1975,NMVOC_AWB,2.3513811438505e-06
Colombia,Rice,RiceAEZ12,RiceAEZ12,1975,NMVOC_AWB,5.23291164744876e-05
Colombia,Root_Tuber,Root_TuberAEZ02,Root_TuberAEZ02,1975,NMVOC_AWB,0
Colombia,Root_Tuber,Root_TuberAEZ03,Root_TuberAEZ03,1975,NMVOC_AWB,0
Colombia,Root_Tuber,Root_TuberAEZ04,Root_TuberAEZ04,1975,NMVOC_AWB,2.08550315722744e-05
Colombia,Root_Tuber,Root_TuberAEZ05,Root_TuberAEZ05,1975,NMVOC_AWB,0.000408755387033337
Colombia,Root_Tuber,Root_TuberAEZ06,Root_TuberAEZ06,1975,NMVOC_AWB,0.00168717640038826
Colombia,Root_Tuber,Root_TuberAEZ11,Root_TuberAEZ11,1975,NMVOC_AWB,5.34041036384925e-05
Colombia,Root_Tuber,Root_TuberAEZ12,Root_TuberAEZ12,1975,NMVOC_AWB,0.000242228283107051
Colombia,SugarCrop,SugarCropAEZ02,SugarCropAEZ02,1975,NMVOC_AWB,0
Colombia,SugarCrop,SugarCropAEZ03,SugarCropAEZ03,1975,NMVOC_AWB,0
Colombia,SugarCrop,SugarCropAEZ04,SugarCropAEZ04,1975,NMVOC_AWB,2.60232059188291e-05
Colombia,SugarCrop,SugarCropAEZ05,SugarCropAEZ05,1975,NMVOC_AWB,0.00111627944689868
Colombia,SugarCrop,SugarCropAEZ06,SugarCropAEZ06,1975,NMVOC_AWB,0.0112846423413156
Colombia,SugarCrop,SugarCropAEZ11,SugarCropAEZ11,1975,NMVOC_AWB,0.000107445340166769
Colombia,SugarCrop,SugarCropAEZ12,SugarCropAEZ12,1975,NMVOC_AWB,0.000927690916541532
Colombia,Wheat,WheatAEZ02,WheatAEZ02,1975,NMVOC_AWB,0
Colombia,Wheat,WheatAEZ03,WheatAEZ03,1975,NMVOC_AWB,0
Colombia,Wheat,WheatAEZ04,WheatAEZ04,1975,NMVOC_AWB,0
Colombia,Wheat,WheatAEZ05,WheatAEZ05,1975,NMVOC_AWB,0
Colombia,Wheat,WheatAEZ06,WheatAEZ06,1975,NMVOC_AWB,2.8884698927041e-05
Colombia,Wheat,WheatAEZ11,WheatAEZ11,1975,NMVOC_AWB,7.60517863798903e-07
Colombia,Wheat,WheatAEZ12,WheatAEZ12,1975,NMVOC_AWB,5.22798416372065e-06
Colombia,Corn,CornAEZ02,CornAEZ02,1975,NOx_AWB,0
Colombia,Corn,CornAEZ03,CornAEZ03,1975,NOx_AWB,0
Colombia,Corn,CornAEZ04,CornAEZ04,1975,NOx_AWB,6.61532451658153e-06
Colombia,Corn,CornAEZ05,CornAEZ05,1975,NOx_AWB,9.08170497968556e-05
Colombia,Corn,CornAEZ06,CornAEZ06,1975,NOx_AWB,0.000185661605586072
Colombia,Corn,CornAEZ11,CornAEZ11,1975,NOx_AWB,3.42133715568383e-06
Colombia,Corn,CornAEZ12,CornAEZ12,1975,NOx_AWB,1.32081767171187e-05
Colombia,FiberCrop,FiberCropAEZ02,FiberCropAEZ02,1975,NOx_AWB,0
Colombia,FiberCrop,FiberCropAEZ03,FiberCropAEZ03,1975,NOx_AWB,0
Colombia,FiberCrop,FiberCropAEZ04,FiberCropAEZ04,1975,NOx_AWB,1.99055875297531e-06
Colombia,FiberCrop,FiberCropAEZ05,FiberCropAEZ05,1975,NOx_AWB,2.83288710763509e-05
Colombia,FiberCrop,FiberCropAEZ06,FiberCropAEZ06,1975,NOx_AWB,0.000131747668052318
Colombia,FiberCrop,FiberCropAEZ11,FiberCropAEZ11,1975,NOx_AWB,1.25873568202851e-06
Colombia,FiberCrop,FiberCropAEZ12,FiberCropAEZ12,1975,NOx_AWB,9.19413718132835e-06
Colombia,FodderGrass,FodderGrassAEZ02,FodderGrassAEZ02,1975,NOx_AWB,0
Colombia,FodderGrass,FodderGrassAEZ03,FodderGrassAEZ03,1975,NOx_AWB,0
Colombia,FodderGrass,FodderGrassAEZ04,FodderGrassAEZ04,1975,NOx_AWB,0
Colombia,FodderGrass,FodderGrassAEZ05,FodderGrassAEZ05,1975,NOx_AWB,0
Colombia,FodderGrass,FodderGrassAEZ06,FodderGrassAEZ06,1975,NOx_AWB,0
Colombia,FodderGrass,FodderGrassAEZ11,FodderGrassAEZ11,1975,NOx_AWB,0
Colombia,FodderGrass,FodderGrassAEZ12,FodderGrassAEZ12,1975,NOx_AWB,0
Colombia,FodderHerb,FodderHerbAEZ02,FodderHerbAEZ02,1975,NOx_AWB,0
Colombia,FodderHerb,FodderHerbAEZ03,FodderHerbAEZ03,1975,NOx_AWB,0
Colombia,FodderHerb,FodderHerbAEZ04,FodderHerbAEZ04,1975,NOx_AWB,0
Colombia,FodderHerb,FodderHerbAEZ05,FodderHerbAEZ05,1975,NOx_AWB,0
Colombia,FodderHerb,FodderHerbAEZ06,FodderHerbAEZ06,1975,NOx_AWB,0
Colombia,FodderHerb,FodderHerbAEZ11,FodderHerbAEZ11,1975,NOx_AWB,0
Colombia,FodderHerb,FodderHerbAEZ12,FodderHerbAEZ12,1975,NOx_AWB,0
Colombia,MiscCrop,MiscCropAEZ02,MiscCropAEZ02,1975,NOx_AWB,0
Colombia,MiscCrop,MiscCropAEZ03,MiscCropAEZ03,1975,NOx_AWB,0
Colombia,MiscCrop,MiscCropAEZ04,MiscCropAEZ04,1975,NOx_AWB,1.62035478558538e-05
Colombia,MiscCrop,MiscCropAEZ05,MiscCropAEZ05,1975,NOx_AWB,0.000248483102560104
Colombia,MiscCrop,MiscCropAEZ06,MiscCropAEZ06,1975,NOx_AWB,0.00156595357905293
Colombia,MiscCrop,MiscCropAEZ11,MiscCropAEZ11,1975,NOx_AWB,1.51426074452053e-05
Colombia,MiscCrop,MiscCropAEZ12,MiscCropAEZ12,1975,NOx_AWB,7.83328822557111e-05
Colombia,OilCrop,OilCropAEZ02,OilCropAEZ02,1975,NOx_AWB,0
Colombia,OilCrop,OilCropAEZ03,OilCropAEZ03,1975,NOx_AWB,0
Colombia,OilCrop,OilCropAEZ04,OilCropAEZ04,1975,NOx_AWB,5.35080455148406e-08
Colombia,OilCrop,OilCropAEZ05,OilCropAEZ05,1975,NOx_AWB,4.2690114573797e-07
Colombia,OilCrop,OilCropAEZ06,OilCropAEZ06,1975,NOx_AWB,4.9856703017643e-05
Colombia,OilCrop,OilCropAEZ11,OilCropAEZ11,1975,NOx_AWB,0
Colombia,OilCrop,OilCropAEZ12,OilCropAEZ12,1975,NOx_AWB,2.26827584247693e-07
Colombia,OtherGrain,OtherGrainAEZ02,OtherGrainAEZ02,1975,NOx_AWB,0
Colombia,OtherGrain,OtherGrainAEZ03,OtherGrainAEZ03,1975,NOx_AWB,0
Colombia,OtherGrain,OtherGrainAEZ04,OtherGrainAEZ04,1975,NOx_AWB,1.16122411835388e-06
Colombia,OtherGrain,OtherGrainAEZ05,OtherGrainAEZ05,1975,NOx_AWB,6.42361480394256e-05
Colombia,OtherGrain,OtherGrainAEZ06,OtherGrainAEZ06,1975,NOx_AWB,9.9201717539374e-05
Colombia,OtherGrain,OtherGrainAEZ11,OtherGrainAEZ11,1975,NOx_AWB,2.49639026830584e-08
Colombia,OtherGrain,OtherGrainAEZ12,OtherGrainAEZ12,1975,NOx_AWB,8.16561203891002e-06
Colombia,PalmFruit,PalmFruitAEZ02,PalmFruitAEZ02,1975,NOx_AWB,0
Colombia,PalmFruit,PalmFruitAEZ03,PalmFruitAEZ03,1975,NOx_AWB,0
Colombia,PalmFruit,PalmFruitAEZ04,PalmFruitAEZ04,1975,NOx_AWB,1.04255420779957e-06
Colombia,PalmFruit,PalmFruitAEZ05,PalmFruitAEZ05,1975,NOx_AWB,1.94748882037622e-05
Colombia,PalmFruit,PalmFruitAEZ06,PalmFruitAEZ06,1975,NOx_AWB,8.80469076189332e-05
Colombia,PalmFruit,PalmFruitAEZ11,PalmFruitAEZ11,1975,NOx_AWB,1.4765324548959e-06
Colombia,PalmFruit,PalmFruitAEZ12,PalmFruitAEZ12,1975,NOx_AWB,6.0377261749048e-06
Colombia,Rice,RiceAEZ02,RiceAEZ02,1975,NOx_AWB,0
Colombia,Rice,RiceAEZ03,RiceAEZ03,1975,NOx_AWB,0
Colombia,Rice,RiceAEZ04,RiceAEZ04,1975,NOx_AWB,1.18611835007288e-06
Colombia,Rice,RiceAEZ05,RiceAEZ05,1975,NOx_AWB,3.43482772366779e-05
Colombia,Rice,RiceAEZ06,RiceAEZ06,1975,NOx_AWB,0.000493572186346259
Colombia,Rice,RiceAEZ11,RiceAEZ11,1975,NOx_AWB,1.27188343690095e-06
Colombia,Rice,RiceAEZ12,RiceAEZ12,1975,NOx_AWB,2.8305294820291e-05
Colombia,Root_Tuber,Root_TuberAEZ02,Root_TuberAEZ02,1975,NOx_AWB,0
Colombia,Root_Tuber,Root_TuberAEZ03,Root_TuberAEZ03,1975,NOx_AWB,0
Colombia,Root_Tuber,Root_TuberAEZ04,Root_TuberAEZ04,1975,NOx_AWB,1.12806761686393e-05
Colombia,Root_Tuber,Root_TuberAEZ05,Root_TuberAEZ05,1975,NOx_AWB,0.000221099504804396
Colombia,Root_Tuber,Root_TuberAEZ06,Root_TuberAEZ06,1975,NOx_AWB,0.000912609052937284
Colombia,Root_Tuber,Root_TuberAEZ11,Root_TuberAEZ11,1975,NOx_AWB,2.88867651499118e-05
Colombia,Root_Tuber,Root_TuberAEZ12,Root_TuberAEZ12,1975,NOx_AWB,0.000131023480407905
Colombia,SugarCrop,SugarCropAEZ02,SugarCropAEZ02,1975,NOx_AWB,0
Colombia,SugarCrop,SugarCropAEZ03,SugarCropAEZ03,1975,NOx_AWB,0
Colombia,SugarCrop,SugarCropAEZ04,SugarCropAEZ04,1975,NOx_AWB,1.40761886560939e-05
Colombia,SugarCrop,SugarCropAEZ05,SugarCropAEZ05,1975,NOx_AWB,0.000603805700822469
Colombia,SugarCrop,SugarCropAEZ06,SugarCropAEZ06,1975,NOx_AWB,0.00610396563007525
Colombia,SugarCrop,SugarCropAEZ11,SugarCropAEZ11,1975,NOx_AWB,5.81181612720249e-05
Colombia,SugarCrop,SugarCropAEZ12,SugarCropAEZ12,1975,NOx_AWB,0.000501796450311101
Colombia,Wheat,WheatAEZ02,WheatAEZ02,1975,NOx_AWB,0
Colombia,Wheat,WheatAEZ03,WheatAEZ03,1975,NOx_AWB,0
Colombia,Wheat,WheatAEZ04,WheatAEZ04,1975,NOx_AWB,0
Colombia,Wheat,WheatAEZ05,WheatAEZ05,1975,NOx_AWB,0
Colombia,Wheat,WheatAEZ06,WheatAEZ06,1975,NOx_AWB,1.56239962378085e-05
Colombia,Wheat,WheatAEZ11,WheatAEZ11,1975,NOx_AWB,4.11371026327589e-07
Colombia,Wheat,WheatAEZ12,WheatAEZ12,1975,NOx_AWB,2.82786416128526e-06
Colombia,Corn,CornAEZ02,CornAEZ02,1975,SO2_AWB,0
Colombia,Corn,CornAEZ03,CornAEZ03,1975,SO2_AWB,0
Colombia,Corn,CornAEZ04,CornAEZ04,1975,SO2_AWB,9.5616455197649e-07
Colombia,Corn,CornAEZ05,CornAEZ05,1975,SO2_AWB,1.31264979538312e-05
Colombia,Corn,CornAEZ06,CornAEZ06,1975,SO2_AWB,2.68351228242054e-05
Colombia,Corn,CornAEZ11,CornAEZ11,1975,SO2_AWB,4.94512597292117e-07
Colombia,Corn,CornAEZ12,CornAEZ12,1975,SO2_AWB,1.90908100449111e-06
Colombia,FiberCrop,FiberCropAEZ02,FiberCropAEZ02,1975,SO2_AWB,0
Colombia,FiberCrop,FiberCropAEZ03,FiberCropAEZ03,1975,SO2_AWB,0
Colombia,FiberCrop,FiberCropAEZ04,FiberCropAEZ04,1975,SO2_AWB,2.87711013035086e-07
Colombia,FiberCrop,FiberCropAEZ05,FiberCropAEZ05,1975,SO2_AWB,4.09459313036332e-06
Colombia,FiberCrop,FiberCropAEZ06,FiberCropAEZ06,1975,SO2_AWB,1.90425200882341e-05
Colombia,FiberCrop,FiberCropAEZ11,FiberCropAEZ11,1975,SO2_AWB,1.819349053016e-07
Colombia,FiberCrop,FiberCropAEZ12,FiberCropAEZ12,1975,SO2_AWB,1.32890050015838e-06
Colombia,FodderGrass,FodderGrassAEZ02,FodderGrassAEZ02,1975,SO2_AWB,0
Colombia,FodderGrass,FodderGrassAEZ03,FodderGrassAEZ03,1975,SO2_AWB,0
Colombia,FodderGrass,FodderGrassAEZ04,FodderGrassAEZ04,1975,SO2_AWB,0
Colombia,FodderGrass,FodderGrassAEZ05,FodderGrassAEZ05,1975,SO2_AWB,0
Colombia,FodderGrass,FodderGrassAEZ06,FodderGrassAEZ06,1975,SO2_AWB,0
Colombia,FodderGrass,FodderGrassAEZ11,FodderGrassAEZ11,1975,SO2_AWB,0
Colombia,FodderGrass,FodderGrassAEZ12,FodderGrassAEZ12,1975,SO2_AWB,0
Colombia,FodderHerb,FodderHerbAEZ02,FodderHerbAEZ02,1975,SO2_AWB,0
Colombia,FodderHerb,FodderHerbAEZ03,FodderHerbAEZ03,1975,SO2_AWB,0
Colombia,FodderHerb,FodderHerbAEZ04,FodderHerbAEZ04,1975,SO2_AWB,0
Colombia,FodderHerb,FodderHerbAEZ05,FodderHerbAEZ05,1975,SO2_AWB,0
Colombia,FodderHerb,FodderHerbAEZ06,FodderHerbAEZ06,1975,SO2_AWB,0
Colombia,FodderHerb,FodderHerbAEZ11,FodderHerbAEZ11,1975,SO2_AWB,0
Colombia,FodderHerb,FodderHerbAEZ12,FodderHerbAEZ12,1975,SO2_AWB,0
Colombia,MiscCrop,MiscCropAEZ02,MiscCropAEZ02,1975,SO2_AWB,0
Colombia,MiscCrop,MiscCropAEZ03,MiscCropAEZ03,1975,SO2_AWB,0
Colombia,MiscCrop,MiscCropAEZ04,MiscCropAEZ04,1975,SO2_AWB,2.34202540437551e-06
Colombia,MiscCrop,MiscCropAEZ05,MiscCropAEZ05,1975,SO2_AWB,3.59152047397797e-05
Colombia,MiscCrop,MiscCropAEZ06,MiscCropAEZ06,1975,SO2_AWB,0.000226339508905129
Colombia,MiscCrop,MiscCropAEZ11,MiscCropAEZ11,1975,SO2_AWB,2.18867939544144e-06
Colombia,MiscCrop,MiscCropAEZ12,MiscCropAEZ12,1975,SO2_AWB,1.13220636537666e-05
Colombia,OilCrop,OilCropAEZ02,OilCropAEZ02,1975,SO2_AWB,0
Colombia,OilCrop,OilCropAEZ03,OilCropAEZ03,1975,SO2_AWB,0
Colombia,OilCrop,OilCropAEZ04,OilCropAEZ04,1975,SO2_AWB,7.73393599038033e-09
Colombia,OilCrop,OilCropAEZ05,OilCropAEZ05,1975,SO2_AWB,6.17033588797738e-08
Colombia,OilCrop,OilCropAEZ06,OilCropAEZ06,1975,SO2_AWB,7.20617892355848e-06
Colombia,OilCrop,OilCropAEZ11,OilCropAEZ11,1975,SO2_AWB,0
Colombia,OilCrop,OilCropAEZ12,OilCropAEZ12,1975,SO2_AWB,3.27851634374817e-08
Colombia,OtherGrain,OtherGrainAEZ02,OtherGrainAEZ02,1975,SO2_AWB,0
Colombia,OtherGrain,OtherGrainAEZ03,OtherGrainAEZ03,1975,SO2_AWB,0
Colombia,OtherGrain,OtherGrainAEZ04,OtherGrainAEZ04,1975,SO2_AWB,1.67840796938543e-07
Colombia,OtherGrain,OtherGrainAEZ05,OtherGrainAEZ05,1975,SO2_AWB,9.2845524897321e-06
Colombia,OtherGrain,OtherGrainAEZ06,OtherGrainAEZ06,1975,SO2_AWB,1.43383995098927e-05
Colombia,OtherGrain,OtherGrainAEZ11,OtherGrainAEZ11,1975,SO2_AWB,3.60822795082861e-09
Colombia,OtherGrain,OtherGrainAEZ12,OtherGrainAEZ12,1975,SO2_AWB,1.18023972327103e-06
Colombia,PalmFruit,PalmFruitAEZ02,PalmFruitAEZ02,1975,SO2_AWB,0
Colombia,PalmFruit,PalmFruitAEZ03,PalmFruitAEZ03,1975,SO2_AWB,0
Colombia,PalmFruit,PalmFruitAEZ04,PalmFruitAEZ04,1975,SO2_AWB,1.5068850734582e-07
Colombia,PalmFruit,PalmFruitAEZ05,PalmFruitAEZ05,1975,SO2_AWB,2.81485779079588e-06
Colombia,PalmFruit,PalmFruitAEZ06,PalmFruitAEZ06,1975,SO2_AWB,1.27261076558458e-05
Colombia,PalmFruit,PalmFruitAEZ11,PalmFruitAEZ11,1975,SO2_AWB,2.13414774993357e-07
Colombia,PalmFruit,PalmFruitAEZ12,PalmFruitAEZ12,1975,SO2_AWB,8.72679749650106e-07
Colombia,Rice,RiceAEZ02,RiceAEZ02,1975,SO2_AWB,0
Colombia,Rice,RiceAEZ03,RiceAEZ03,1975,SO2_AWB,0
Colombia,Rice,RiceAEZ04,RiceAEZ04,1975,SO2_AWB,1.71438954800451e-07
Colombia,Rice,RiceAEZ05,RiceAEZ05,1975,SO2_AWB,4.96462494513328e-06
Colombia,Rice,RiceAEZ06,RiceAEZ06,1975,SO2_AWB,7.13398454214761e-05
Colombia,Rice,RiceAEZ11,RiceAEZ11,1975,SO2_AWB,1.83835253064675e-07
Colombia,Rice,RiceAEZ12,RiceAEZ12,1975,SO2_AWB,4.09118546982358e-06
Colombia,Root_Tuber,Root_TuberAEZ02,Root_TuberAEZ02,1975,SO2_AWB,0
Colombia,Root_Tuber,Root_TuberAEZ03,Root_TuberAEZ03,1975,SO2_AWB,0
Colombia,Root_Tuber,Root_TuberAEZ04,Root_TuberAEZ04,1975,SO2_AWB,1.63048428655963e-06
Colombia,Root_Tuber,Root_TuberAEZ05,Root_TuberAEZ05,1975,SO2_AWB,3.19572393498791e-05
Colombia,Root_Tuber,Root_TuberAEZ06,Root_TuberAEZ06,1975,SO2_AWB,0.000131906518575809
Colombia,Root_Tuber,Root_TuberAEZ11,Root_TuberAEZ11,1975,SO2_AWB,4.17522992082759e-06
Colombia,Root_Tuber,Root_TuberAEZ12,Root_TuberAEZ12,1975,SO2_AWB,1.89378475883695e-05
Colombia,SugarCrop,SugarCropAEZ02,SugarCropAEZ02,1975,SO2_AWB,0
Colombia,SugarCrop,SugarCropAEZ03,SugarCropAEZ03,1975,SO2_AWB,0
Colombia,SugarCrop,SugarCropAEZ04,SugarCropAEZ04,1975,SO2_AWB,2.03454155365392e-06
Colombia,SugarCrop,SugarCropAEZ05,SugarCropAEZ05,1975,SO2_AWB,8.72727567575333e-05
Colombia,SugarCrop,SugarCropAEZ06,SugarCropAEZ06,1975,SO2_AWB,0.000882253855775582
Colombia,SugarCrop,SugarCropAEZ11,SugarCropAEZ11,1975,SO2_AWB,8.40027204940192e-06
Colombia,SugarCrop,SugarCropAEZ12,SugarCropAEZ12,1975,SO2_AWB,7.25285625659743e-05
Colombia,Wheat,WheatAEZ02,WheatAEZ02,1975,SO2_AWB,0
Colombia,Wheat,WheatAEZ03,WheatAEZ03,1975,SO2_AWB,0
Colombia,Wheat,WheatAEZ04,WheatAEZ04,1975,SO2_AWB,0
Colombia,Wheat,WheatAEZ05,WheatAEZ05,1975,SO2_AWB,0
Colombia,Wheat,WheatAEZ06,WheatAEZ06,1975,SO2_AWB,2.25825827975048e-06
Colombia,Wheat,WheatAEZ11,WheatAEZ11,1975,SO2_AWB,5.94586693515506e-08
Colombia,Wheat,WheatAEZ12,WheatAEZ12,1975,SO2_AWB,4.08733307345433e-07
USA,Corn,CornAEZ07,CornAEZ07,1990,CH4_AWB,0.000711216539805126
USA,Corn,CornAEZ08,CornAEZ08,1990,CH4_AWB,0.000653156373012428
USA,Corn,CornAEZ09,CornAEZ09,1990,CH4_AWB,0.000941605779793588
USA,Corn,CornAEZ10,CornAEZ10,1990,CH4_AWB,0.00461609890769446
USA,Corn,CornAEZ11,CornAEZ11,1990,CH4_AWB,0.00214287205301467
USA,Corn,CornAEZ12,CornAEZ12,1990,CH4_AWB,0.000289724202107761
USA,Corn,CornAEZ13,CornAEZ13,1990,CH4_AWB,4.36462452065442e-07
USA,Corn,CornAEZ14,CornAEZ14,1990,CH4_AWB,1.46676087234997e-08
USA,Corn,CornAEZ15,CornAEZ15,1990,CH4_AWB,0
USA,Corn,CornAEZ16,CornAEZ16,1990,CH4_AWB,0
USA,FiberCrop,FiberCropAEZ07,FiberCropAEZ07,1990,CH4_AWB,0.000129575115961125
USA,FiberCrop,FiberCropAEZ08,FiberCropAEZ08,1990,CH4_AWB,3.08442602850782e-05
USA,FiberCrop,FiberCropAEZ09,FiberCropAEZ09,1990,CH4_AWB,2.70527253863347e-05
USA,FiberCrop,FiberCropAEZ10,FiberCropAEZ10,1990,CH4_AWB,7.51633657321678e-06
USA,FiberCrop,FiberCropAEZ11,FiberCropAEZ11,1990,CH4_AWB,7.16506341293895e-05
USA,FiberCrop,FiberCropAEZ12,FiberCropAEZ12,1990,CH4_AWB,0.000157715860526606
USA,FiberCrop,FiberCropAEZ13,FiberCropAEZ13,1990,CH4_AWB,1.96228484820787e-07
USA,FiberCrop,FiberCropAEZ14,FiberCropAEZ14,1990,CH4_AWB,0
USA,FiberCrop,FiberCropAEZ15,FiberCropAEZ15,1990,CH4_AWB,0
USA,FiberCrop,FiberCropAEZ16,FiberCropAEZ16,1990,CH4_AWB,0
USA,FodderGrass,FodderGrassAEZ07,FodderGrassAEZ07,1990,CH4_AWB,0.000637334744957529
USA,FodderGrass,FodderGrassAEZ08,FodderGrassAEZ08,1990,CH4_AWB,0.000660989807984351
USA,FodderGrass,FodderGrassAEZ09,FodderGrassAEZ09,1990,CH4_AWB,0.000271428483431338
USA,FodderGrass,FodderGrassAEZ10,FodderGrassAEZ10,1990,CH4_AWB,0.00281492186146498
USA,FodderGrass,FodderGrassAEZ11,FodderGrassAEZ11,1990,CH4_AWB,0.00216703539050192
USA,FodderGrass,FodderGrassAEZ12,FodderGrassAEZ12,1990,CH4_AWB,0.000776461823739696
USA,FodderGrass,FodderGrassAEZ13,FodderGrassAEZ13,1990,CH4_AWB,4.45772774006683e-05
USA,FodderGrass,FodderGrassAEZ14,FodderGrassAEZ14,1990,CH4_AWB,1.13950641767045e-05
USA,FodderGrass,FodderGrassAEZ15,FodderGrassAEZ15,1990,CH4_AWB,4.47760490913195e-06
USA,FodderGrass,FodderGrassAEZ16,FodderGrassAEZ16,1990,CH4_AWB,6.06536717438139e-07
USA,FodderHerb,FodderHerbAEZ07,FodderHerbAEZ07,1990,CH4_AWB,0.00190014770449203
USA,FodderHerb,FodderHerbAEZ08,FodderHerbAEZ08,1990,CH4_AWB,0.00224355348337314
USA,FodderHerb,FodderHerbAEZ09,FodderHerbAEZ09,1990,CH4_AWB,0.000534544787455634
USA,FodderHerb,FodderHerbAEZ10,FodderHerbAEZ10,1990,CH4_AWB,0.00226397935687654
USA,FodderHerb,FodderHerbAEZ11,FodderHerbAEZ11,1990,CH4_AWB,0.000618747412716252
USA,FodderHerb,FodderHerbAEZ12,FodderHerbAEZ12,1990,CH4_AWB,4.82239401487311e-05
USA,FodderHerb,FodderHerbAEZ13,FodderHerbAEZ13,1990,CH4_AWB,8.28238373128945e-05
USA,FodderHerb,FodderHerbAEZ14,FodderHerbAEZ14,1990,CH4_AWB,2.28327783930018e-05
USA,FodderHerb,FodderHerbAEZ15,FodderHerbAEZ15,1990,CH4_AWB,1.80065910713457e-06
USA,FodderHerb,FodderHerbAEZ16,FodderHerbAEZ16,1990,CH4_AWB,1.66803979176194e-07
USA,MiscCrop,MiscCropAEZ07,MiscCropAEZ07,1990,CH4_AWB,0.000325662548582965
USA,MiscCrop,MiscCropAEZ08,MiscCropAEZ08,1990,CH4_AWB,0.000374607229723139
USA,MiscCrop,MiscCropAEZ09,MiscCropAEZ09,1990,CH4_AWB,0.00055964663789461
USA,MiscCrop,MiscCropAEZ10,MiscCropAEZ10,1990,CH4_AWB,0.000761309238057808
USA,MiscCrop,MiscCropAEZ11,MiscCropAEZ11,1990,CH4_AWB,0.000178582626923682
USA,MiscCrop,MiscCropAEZ12,MiscCropAEZ12,1990,CH4_AWB,0.000511214935422143
USA,MiscCrop,MiscCropAEZ13,MiscCropAEZ13,1990,CH4_AWB,4.87264291445913e-06
USA,MiscCrop,MiscCropAEZ14,MiscCropAEZ14,1990,CH4_AWB,1.6142888017722e-06
USA,MiscCrop,MiscCropAEZ15,MiscCropAEZ15,1990,CH4_AWB,8.89321956730058e-07
USA,MiscCrop,MiscCropAEZ16,MiscCropAEZ16,1990,CH4_AWB,8.8114159707551e-08
USA,OilCrop,OilCropAEZ07,OilCropAEZ07,1990,CH4_AWB,3.89328415004741e-05
USA,OilCrop,OilCropAEZ08,OilCropAEZ08,1990,CH4_AWB,0.000200318567318579
USA,OilCrop,OilCropAEZ09,OilCropAEZ09,1990,CH4_AWB,0.000266162915653766
USA,OilCrop,OilCropAEZ10,OilCropAEZ10,1990,CH4_AWB,0.00117031300071989
USA,OilCrop,OilCropAEZ11,OilCropAEZ11,1990,CH4_AWB,0.000820682672901526
USA,OilCrop,OilCropAEZ12,OilCropAEZ12,1990,CH4_AWB,0.000189847435504772
USA,OilCrop,OilCropAEZ13,OilCropAEZ13,1990,CH4_AWB,4.52797046367863e-07
USA,OilCrop,OilCropAEZ14,OilCropAEZ14,1990,CH4_AWB,1.771031464506e-08
USA,OilCrop,OilCropAEZ15,OilCropAEZ15,1990,CH4_AWB,9.47218335065352e-09
USA,OilCrop,OilCropAEZ16,OilCropAEZ16,1990,CH4_AWB,0
USA,OtherGrain,OtherGrainAEZ07,OtherGrainAEZ07,1990,CH4_AWB,0.000439782379602854
USA,OtherGrain,OtherGrainAEZ08,OtherGrainAEZ08,1990,CH4_AWB,0.000298205173809569
USA,OtherGrain,OtherGrainAEZ09,OtherGrainAEZ09,1990,CH4_AWB,0.00017285330083069
USA,OtherGrain,OtherGrainAEZ10,OtherGrainAEZ10,1990,CH4_AWB,0.000324298572292704
USA,OtherGrain,OtherGrainAEZ11,OtherGrainAEZ11,1990,CH4_AWB,0.000166074178511057
USA,OtherGrain,OtherGrainAEZ12,OtherGrainAEZ12,1990,CH4_AWB,4.21914053029261e-05
USA,OtherGrain,OtherGrainAEZ13,OtherGrainAEZ13,1990,CH4_AWB,8.02561905092702e-06
USA,OtherGrain,OtherGrainAEZ14,OtherGrainAEZ14,1990,CH4_AWB,7.80810102229375e-06
USA,OtherGrain,OtherGrainAEZ15,OtherGrainAEZ15,1990,CH4_AWB,5.52459662388535e-07
USA,OtherGrain,OtherGrainAEZ16,OtherGrainAEZ16,1990,CH4_AWB,0
USA,PalmFruit,PalmFruitAEZ07,PalmFruitAEZ07,1990,CH4_AWB,0
USA,PalmFruit,PalmFruitAEZ08,PalmFruitAEZ08,1990,CH4_AWB,0
USA,PalmFruit,PalmFruitAEZ09,PalmFruitAEZ09,1990,CH4_AWB,0
USA,PalmFruit,PalmFruitAEZ10,PalmFruitAEZ10,1990,CH4_AWB,0
USA,PalmFruit,PalmFruitAEZ11,PalmFruitAEZ11,1990,CH4_AWB,0
USA,PalmFruit,PalmFruitAEZ12,PalmFruitAEZ12,1990,CH4_AWB,0
USA,PalmFruit,PalmFruitAEZ13,PalmFruitAEZ13,1990,CH4_AWB,0
USA,PalmFruit,PalmFruitAEZ14,PalmFruitAEZ14,1990,CH4_AWB,0
USA,PalmFruit,PalmFruitAEZ15,PalmFruitAEZ15,1990,CH4_AWB,0
USA,PalmFruit,PalmFruitAEZ16,PalmFruitAEZ16,1990,CH4_AWB,0
USA,Rice,RiceAEZ07,RiceAEZ07,1990,CH4_AWB,0
USA,Rice,RiceAEZ08,RiceAEZ08,1990,CH4_AWB,1.31529719529896e-07
USA,Rice,RiceAEZ09,RiceAEZ09,1990,CH4_AWB,1.18038297274018e-05
USA,Rice,RiceAEZ10,RiceAEZ10,1990,CH4_AWB,7.91697634962993e-05
USA,Rice,RiceAEZ11,RiceAEZ11,1990,CH4_AWB,0.000156107603186314
USA,Rice,RiceAEZ12,RiceAEZ12,1990,CH4_AWB,0.000108352958521011
USA,Rice,RiceAEZ13,RiceAEZ13,1990,CH4_AWB,0
USA,Rice,RiceAEZ14,RiceAEZ14,1990,CH4_AWB,2.56051708101232e-08
USA,Rice,RiceAEZ15,RiceAEZ15,1990,CH4_AWB,0
USA,Rice,RiceAEZ16,RiceAEZ16,1990,CH4_AWB,0
USA,Root_Tuber,Root_TuberAEZ07,Root_TuberAEZ07,1990,CH4_AWB,0.000449869415520749
USA,Root_Tuber,Root_TuberAEZ08,Root_TuberAEZ08,1990,CH4_AWB,0.000151308918073144
USA,Root_Tuber,Root_TuberAEZ09,Root_TuberAEZ09,1990,CH4_AWB,6.92851415469304e-05
USA,Root_Tuber,Root_TuberAEZ10,Root_TuberAEZ10,1990,CH4_AWB,0.000144483598054151
USA,Root_Tuber,Root_TuberAEZ11,Root_TuberAEZ11,1990,CH4_AWB,2.59633409058816e-05
USA,Root_Tuber,Root_TuberAEZ12,Root_TuberAEZ12,1990,CH4_AWB,4.48714838877024e-05
USA,Root_Tuber,Root_TuberAEZ13,Root_TuberAEZ13,1990,CH4_AWB,4.3722769109473e-06
USA,Root_Tuber,Root_TuberAEZ14,Root_TuberAEZ14,1990,CH4_AWB,2.18512633481293e-06
USA,Root_Tuber,Root_TuberAEZ15,Root_TuberAEZ15,1990,CH4_AWB,5.84077964627212e-07
USA,Root_Tuber,Root_TuberAEZ16,Root_TuberAEZ16,1990,CH4_AWB,2.67326369514217e-07
USA,SugarCrop,SugarCropAEZ07,SugarCropAEZ07,1990,CH4_AWB,0.000399852578294571
USA,SugarCrop,SugarCropAEZ08,SugarCropAEZ08,1990,CH4_AWB,0.000129345259022547
USA,SugarCrop,SugarCropAEZ09,SugarCropAEZ09,1990,CH4_AWB,0.000404042684294581
USA,SugarCrop,SugarCropAEZ10,SugarCropAEZ10,1990,CH4_AWB,0.000615174670127238
USA,SugarCrop,SugarCropAEZ11,SugarCropAEZ11,1990,CH4_AWB,8.61777299735228e-05
USA,SugarCrop,SugarCropAEZ12,SugarCropAEZ12,1990,CH4_AWB,0.000878013513414915
USA,SugarCrop,SugarCropAEZ13,SugarCropAEZ13,1990,CH4_AWB,1.57041593066117e-05
USA,SugarCrop,SugarCropAEZ14,SugarCropAEZ14,1990,CH4_AWB,2.4414106019699e-06
USA,SugarCrop,SugarCropAEZ15,SugarCropAEZ15,1990,CH4_AWB,0
USA,SugarCrop,SugarCropAEZ16,SugarCropAEZ16,1990,CH4_AWB,0
USA,Wheat,WheatAEZ07,WheatAEZ07,1990,CH4_AWB,0.000915112787656602
USA,Wheat,WheatAEZ08,WheatAEZ08,1990,CH4_AWB,0.000751950040119486
USA,Wheat,WheatAEZ09,WheatAEZ09,1990,CH4_AWB,0.000304742439712168
USA,Wheat,WheatAEZ10,WheatAEZ10,1990,CH4_AWB,0.000449855536390799
USA,Wheat,WheatAEZ11,WheatAEZ11,1990,CH4_AWB,0.000326638120724646
USA,Wheat,WheatAEZ12,WheatAEZ12,1990,CH4_AWB,0.000101607688156097
USA,Wheat,WheatAEZ13,WheatAEZ13,1990,CH4_AWB,4.72469025736963e-05
USA,Wheat,WheatAEZ14,WheatAEZ14,1990,CH4_AWB,7.37512967930202e-06
USA,Wheat,WheatAEZ15,WheatAEZ15,1990,CH4_AWB,1.16800611584888e-06
USA,Wheat,WheatAEZ16,WheatAEZ16,1990,CH4_AWB,2.76548060761463e-08
USA,Corn,CornAEZ07,CornAEZ07,1990,CO_AWB,0.0314205756430454
USA,Corn,CornAEZ08,CornAEZ08,1990,CO_AWB,0.0288555567487188
USA,Corn,CornAEZ09,CornAEZ09,1990,CO_AWB,0.0415988576953508
USA,Corn,CornAEZ10,CornAEZ10,1990,CO_AWB,0.203932946982271
USA,Corn,CornAEZ11,CornAEZ11,1990,CO_AWB,0.0946691614533658
USA,Corn,CornAEZ12,CornAEZ12,1990,CO_AWB,0.0127996196635728
USA,Corn,CornAEZ13,CornAEZ13,1990,CO_AWB,1.92823151922605e-05
USA,Corn,CornAEZ14,CornAEZ14,1990,CO_AWB,6.47994926447566e-07
USA,Corn,CornAEZ15,CornAEZ15,1990,CO_AWB,0
USA,Corn,CornAEZ16,CornAEZ16,1990,CO_AWB,0
USA,FiberCrop,FiberCropAEZ07,FiberCropAEZ07,1990,CO_AWB,0.00572445170303332
USA,FiberCrop,FiberCropAEZ08,FiberCropAEZ08,1990,CO_AWB,0.00136265730505456
USA,FiberCrop,FiberCropAEZ09,FiberCropAEZ09,1990,CO_AWB,0.00119515247013908
USA,FiberCrop,FiberCropAEZ10,FiberCropAEZ10,1990,CO_AWB,0.000332061487099354
USA,FiberCrop,FiberCropAEZ11,FiberCropAEZ11,1990,CO_AWB,0.00316542718501951
USA,FiberCrop,FiberCropAEZ12,FiberCropAEZ12,1990,CO_AWB,0.00696767137494023
USA,FiberCrop,FiberCropAEZ13,FiberCropAEZ13,1990,CO_AWB,8.6691065316354e-06
USA,FiberCrop,FiberCropAEZ14,FiberCropAEZ14,1990,CO_AWB,0
USA,FiberCrop,FiberCropAEZ15,FiberCropAEZ15,1990,CO_AWB,0
USA,FiberCrop,FiberCropAEZ16,FiberCropAEZ16,1990,CO_AWB,0
USA,FodderGrass,FodderGrassAEZ07,FodderGrassAEZ07,1990,CO_AWB,0.0281565788238925
USA,FodderGrass,FodderGrassAEZ08,FodderGrassAEZ08,1990,CO_AWB,0.029201627210111
USA,FodderGrass,FodderGrassAEZ09,FodderGrassAEZ09,1990,CO_AWB,0.0119913397931778
USA,FodderGrass,FodderGrassAEZ10,FodderGrassAEZ10,1990,CO_AWB,0.124359404382886
USA,FodderGrass,FodderGrassAEZ11,FodderGrassAEZ11,1990,CO_AWB,0.0957366647112549
USA,FodderGrass,FodderGrassAEZ12,FodderGrassAEZ12,1990,CO_AWB,0.0343030232022373
USA,FodderGrass,FodderGrassAEZ13,FodderGrassAEZ13,1990,CO_AWB,0.00196936325034355
USA,FodderGrass,FodderGrassAEZ14,FodderGrassAEZ14,1990,CO_AWB,0.000503418376658682
USA,FodderGrass,FodderGrassAEZ15,FodderGrassAEZ15,1990,CO_AWB,0.000197814471223631
USA,FodderGrass,FodderGrassAEZ16,FodderGrassAEZ16,1990,CO_AWB,2.67959640193004e-05
USA,FodderHerb,FodderHerbAEZ07,FodderHerbAEZ07,1990,CO_AWB,0.0839459311482125
USA,FodderHerb,FodderHerbAEZ08,FodderHerbAEZ08,1990,CO_AWB,0.0991171295775253
USA,FodderHerb,FodderHerbAEZ09,FodderHerbAEZ09,1990,CO_AWB,0.0236154588494911
USA,FodderHerb,FodderHerbAEZ10,FodderHerbAEZ10,1990,CO_AWB,0.100019516779691
USA,FodderHerb,FodderHerbAEZ11,FodderHerbAEZ11,1990,CO_AWB,0.0273354158643676
USA,FodderHerb,FodderHerbAEZ12,FodderHerbAEZ12,1990,CO_AWB,0.00213046783144846
USA,FodderHerb,FodderHerbAEZ13,FodderHerbAEZ13,1990,CO_AWB,0.00365904404592467
USA,FodderHerb,FodderHerbAEZ14,FodderHerbAEZ14,1990,CO_AWB,0.00100872097383278
USA,FodderHerb,FodderHerbAEZ15,FodderHerbAEZ15,1990,CO_AWB,7.95506607573592e-05
USA,FodderHerb,FodderHerbAEZ16,FodderHerbAEZ16,1990,CO_AWB,7.36917204808345e-06
USA,MiscCrop,MiscCropAEZ07,MiscCropAEZ07,1990,CO_AWB,0.01438732674111
USA,MiscCrop,MiscCropAEZ08,MiscCropAEZ08,1990,CO_AWB,0.0165496359254703
USA,MiscCrop,MiscCropAEZ09,MiscCropAEZ09,1990,CO_AWB,0.0247244243281544
USA,MiscCrop,MiscCropAEZ10,MiscCropAEZ10,1990,CO_AWB,0.0336336026559492
USA,MiscCrop,MiscCropAEZ11,MiscCropAEZ11,1990,CO_AWB,0.0078895366231595
USA,MiscCrop,MiscCropAEZ12,MiscCropAEZ12,1990,CO_AWB,0.0225847778409192
USA,MiscCrop,MiscCropAEZ13,MiscCropAEZ13,1990,CO_AWB,0.000215266710919381
USA,MiscCrop,MiscCropAEZ14,MiscCropAEZ14,1990,CO_AWB,7.13170751339702e-05
USA,MiscCrop,MiscCropAEZ15,MiscCropAEZ15,1990,CO_AWB,3.92890297800363e-05
USA,MiscCrop,MiscCropAEZ16,MiscCropAEZ16,1990,CO_AWB,3.8927632659852e-06
USA,OilCrop,OilCropAEZ07,OilCropAEZ07,1990,CO_AWB,0.00171999977911021
USA,OilCrop,OilCropAEZ08,OilCropAEZ08,1990,CO_AWB,0.00884980079184392
USA,OilCrop,OilCropAEZ09,OilCropAEZ09,1990,CO_AWB,0.0117587141983005
USA,OilCrop,OilCropAEZ10,OilCropAEZ10,1990,CO_AWB,0.0517028304420963
USA,OilCrop,OilCropAEZ11,OilCropAEZ11,1990,CO_AWB,0.0362566399396513
USA,OilCrop,OilCropAEZ12,OilCropAEZ12,1990,CO_AWB,0.00838720048545317
USA,OilCrop,OilCropAEZ13,OilCropAEZ13,1990,CO_AWB,2.0003955265505e-05
USA,OilCrop,OilCropAEZ14,OilCropAEZ14,1990,CO_AWB,7.82417519592155e-07
USA,OilCrop,OilCropAEZ15,OilCropAEZ15,1990,CO_AWB,4.18468127239495e-07
USA,OilCrop,OilCropAEZ16,OilCropAEZ16,1990,CO_AWB,0
USA,OtherGrain,OtherGrainAEZ07,OtherGrainAEZ07,1990,CO_AWB,0.0194289850578787
USA,OtherGrain,OtherGrainAEZ08,OtherGrainAEZ08,1990,CO_AWB,0.0131742974135534
USA,OtherGrain,OtherGrainAEZ09,OtherGrainAEZ09,1990,CO_AWB,0.00763642281911626
USA,OtherGrain,OtherGrainAEZ10,OtherGrainAEZ10,1990,CO_AWB,0.0143270681309613
USA,OtherGrain,OtherGrainAEZ11,OtherGrainAEZ11,1990,CO_AWB,0.00733693045115779
USA,OtherGrain,OtherGrainAEZ12,OtherGrainAEZ12,1990,CO_AWB,0.00186395867870313
USA,OtherGrain,OtherGrainAEZ13,OtherGrainAEZ13,1990,CO_AWB,0.000354560891597113
USA,OtherGrain,OtherGrainAEZ14,OtherGrainAEZ14,1990,CO_AWB,0.0003449512420883
USA,OtherGrain,OtherGrainAEZ15,OtherGrainAEZ15,1990,CO_AWB,2.44069135632962e-05
USA,OtherGrain,OtherGrainAEZ16,OtherGrainAEZ16,1990,CO_AWB,0
USA,PalmFruit,PalmFruitAEZ07,PalmFruitAEZ07,1990,CO_AWB,0
USA,PalmFruit,PalmFruitAEZ08,PalmFruitAEZ08,1990,CO_AWB,0
USA,PalmFruit,PalmFruitAEZ09,PalmFruitAEZ09,1990,CO_AWB,0
USA,PalmFruit,PalmFruitAEZ10,PalmFruitAEZ10,1990,CO_AWB,0
USA,PalmFruit,PalmFruitAEZ11,PalmFruitAEZ11,1990,CO_AWB,0
USA,PalmFruit,PalmFruitAEZ12,PalmFruitAEZ12,1990,CO_AWB,0
USA,PalmFruit,PalmFruitAEZ13,PalmFruitAEZ13,1990,CO_AWB,0
USA,PalmFruit,PalmFruitAEZ14,PalmFruitAEZ14,1990,CO_AWB,0
USA,PalmFruit,PalmFruitAEZ15,PalmFruitAEZ15,1990,CO_AWB,0
USA,PalmFruit,PalmFruitAEZ16,PalmFruitAEZ16,1990,CO_AWB,0
USA,Rice,RiceAEZ07,RiceAEZ07,1990,CO_AWB,0
USA,Rice,RiceAEZ08,RiceAEZ08,1990,CO_AWB,5.81080341991205e-06
USA,Rice,RiceAEZ09,RiceAEZ09,1990,CO_AWB,0.000521477080565474
USA,Rice,RiceAEZ10,RiceAEZ10,1990,CO_AWB,0.00349761205393098
USA,Rice,RiceAEZ11,RiceAEZ11,1990,CO_AWB,0.00689662076153921
USA,Rice,RiceAEZ12,RiceAEZ12,1990,CO_AWB,0.00478688576377884
USA,Rice,RiceAEZ13,RiceAEZ13,1990,CO_AWB,0
USA,Rice,RiceAEZ14,RiceAEZ14,1990,CO_AWB,1.1312014854337e-06
USA,Rice,RiceAEZ15,RiceAEZ15,1990,CO_AWB,0
USA,Rice,RiceAEZ16,RiceAEZ16,1990,CO_AWB,0
USA,Root_Tuber,Root_TuberAEZ07,Root_TuberAEZ07,1990,CO_AWB,0.0198746165320275
USA,Root_Tuber,Root_TuberAEZ08,Root_TuberAEZ08,1990,CO_AWB,0.00668462140529979
USA,Root_Tuber,Root_TuberAEZ09,Root_TuberAEZ09,1990,CO_AWB,0.00306092295253838
USA,Root_Tuber,Root_TuberAEZ10,Root_TuberAEZ10,1990,CO_AWB,0.00638308808606127
USA,Root_Tuber,Root_TuberAEZ11,Root_TuberAEZ11,1990,CO_AWB,0.00114702495122365
USA,Root_Tuber,Root_TuberAEZ12,Root_TuberAEZ12,1990,CO_AWB,0.00198236089123512
USA,Root_Tuber,Root_TuberAEZ13,Root_TuberAEZ13,1990,CO_AWB,0.000193161224077273
USA,Root_Tuber,Root_TuberAEZ14,Root_TuberAEZ14,1990,CO_AWB,9.65358979297818e-05
USA,Root_Tuber,Root_TuberAEZ15,Root_TuberAEZ15,1990,CO_AWB,2.58037669849942e-05
USA,Root_Tuber,Root_TuberAEZ16,Root_TuberAEZ16,1990,CO_AWB,1.18101140012909e-05
USA,SugarCrop,SugarCropAEZ07,SugarCropAEZ07,1990,CO_AWB,0.0176649409556951
USA,SugarCrop,SugarCropAEZ08,SugarCropAEZ08,1990,CO_AWB,0.00571429693733054
USA,SugarCrop,SugarCropAEZ09,SugarCropAEZ09,1990,CO_AWB,0.0178500541176609
USA,SugarCrop,SugarCropAEZ10,SugarCropAEZ10,1990,CO_AWB,0.0271775769749599
USA,SugarCrop,SugarCropAEZ11,SugarCropAEZ11,1990,CO_AWB,0.00380721444431107
USA,SugarCrop,SugarCropAEZ12,SugarCropAEZ12,1990,CO_AWB,0.0387894381947704
USA,SugarCrop,SugarCropAEZ13,SugarCropAEZ13,1990,CO_AWB,0.00069378831591716
USA,SugarCrop,SugarCropAEZ14,SugarCropAEZ14,1990,CO_AWB,0.000107858186925668
USA,SugarCrop,SugarCropAEZ15,SugarCropAEZ15,1990,CO_AWB,0
USA,SugarCrop,SugarCropAEZ16,SugarCropAEZ16,1990,CO_AWB,0
USA,Wheat,WheatAEZ07,WheatAEZ07,1990,CO_AWB,0.0404284334759156
USA,Wheat,WheatAEZ08,WheatAEZ08,1990,CO_AWB,0.0332201260699577
USA,Wheat,WheatAEZ09,WheatAEZ09,1990,CO_AWB,0.0134631048952349
USA,Wheat,WheatAEZ10,WheatAEZ10,1990,CO_AWB,0.0198740033710167
USA,Wheat,WheatAEZ11,WheatAEZ11,1990,CO_AWB,0.0144304261862963
USA,Wheat,WheatAEZ12,WheatAEZ12,1990,CO_AWB,0.00448888892895881
USA,Wheat,WheatAEZ13,WheatAEZ13,1990,CO_AWB,0.00208730364541745
USA,Wheat,WheatAEZ14,WheatAEZ14,1990,CO_AWB,0.000325823159328203
USA,Wheat,WheatAEZ15,WheatAEZ15,1990,CO_AWB,5.16009154182847e-05
USA,Wheat,WheatAEZ16,WheatAEZ16,1990,CO_AWB,1.22175157294204e-06
USA,Corn,CornAEZ07,CornAEZ07,1990,N2O_AWB,1.84321214390332e-05
USA,Corn,CornAEZ08,CornAEZ08,1990,N2O_AWB,1.69274150870314e-05
USA,Corn,CornAEZ09,CornAEZ09,1990,N2O_AWB,2.44029646520967e-05
USA,Corn,CornAEZ10,CornAEZ10,1990,N2O_AWB,0.000119632335412962
USA,Corn,CornAEZ11,CornAEZ11,1990,N2O_AWB,5.55353759352945e-05
USA,Corn,CornAEZ12,CornAEZ12,1990,N2O_AWB,7.50858757944592e-06
USA,Corn,CornAEZ13,CornAEZ13,1990,N2O_AWB,1.1311504260366e-08
USA,Corn,CornAEZ14,CornAEZ14,1990,N2O_AWB,3.80130565138217e-10
USA,Corn,CornAEZ15,CornAEZ15,1990,N2O_AWB,0
USA,Corn,CornAEZ16,CornAEZ16,1990,N2O_AWB,0
USA,FiberCrop,FiberCropAEZ07,FiberCropAEZ07,1990,N2O_AWB,3.35811126316984e-06
USA,FiberCrop,FiberCropAEZ08,FiberCropAEZ08,1990,N2O_AWB,7.99369980101263e-07
USA,FiberCrop,FiberCropAEZ09,FiberCropAEZ09,1990,N2O_AWB,7.01107316365796e-07
USA,FiberCrop,FiberCropAEZ10,FiberCropAEZ10,1990,N2O_AWB,1.94795847312746e-07
USA,FiberCrop,FiberCropAEZ11,FiberCropAEZ11,1990,N2O_AWB,1.85692136718096e-06
USA,FiberCrop,FiberCropAEZ12,FiberCropAEZ12,1990,N2O_AWB,4.08741604193367e-06
USA,FiberCrop,FiberCropAEZ13,FiberCropAEZ13,1990,N2O_AWB,5.08552186230832e-09
USA,FiberCrop,FiberCropAEZ14,FiberCropAEZ14,1990,N2O_AWB,0
USA,FiberCrop,FiberCropAEZ15,FiberCropAEZ15,1990,N2O_AWB,0
USA,FiberCrop,FiberCropAEZ16,FiberCropAEZ16,1990,N2O_AWB,0
USA,FodderGrass,FodderGrassAEZ07,FodderGrassAEZ07,1990,N2O_AWB,1.65173765778721e-05
USA,FodderGrass,FodderGrassAEZ08,FodderGrassAEZ08,1990,N2O_AWB,1.71304289605935e-05
USA,FodderGrass,FodderGrassAEZ09,FodderGrassAEZ09,1990,N2O_AWB,7.03442972514372e-06
USA,FodderGrass,FodderGrassAEZ10,FodderGrassAEZ10,1990,N2O_AWB,7.29524395005333e-05
USA,FodderGrass,FodderGrassAEZ11,FodderGrassAEZ11,1990,N2O_AWB,5.6161600925871e-05
USA,FodderGrass,FodderGrassAEZ12,FodderGrassAEZ12,1990,N2O_AWB,2.01230396467787e-05
USA,FodderGrass,FodderGrassAEZ13,FodderGrassAEZ13,1990,N2O_AWB,1.15527936216968e-06
USA,FodderGrass,FodderGrassAEZ14,FodderGrassAEZ14,1990,N2O_AWB,2.95318225822118e-07
USA,FodderGrass,FodderGrassAEZ15,FodderGrassAEZ15,1990,N2O_AWB,1.16043079458958e-07
USA,FodderGrass,FodderGrassAEZ16,FodderGrassAEZ16,1990,N2O_AWB,1.57192047813112e-08
USA,FodderHerb,FodderHerbAEZ07,FodderHerbAEZ07,1990,N2O_AWB,4.92448519980904e-05
USA,FodderHerb,FodderHerbAEZ08,FodderHerbAEZ08,1990,N2O_AWB,5.81446689524835e-05
USA,FodderHerb,FodderHerbAEZ09,FodderHerbAEZ09,1990,N2O_AWB,1.3853438278705e-05
USA,FodderHerb,FodderHerbAEZ10,FodderHerbAEZ10,1990,N2O_AWB,5.86740325989141e-05
USA,FodderHerb,FodderHerbAEZ11,FodderHerbAEZ11,1990,N2O_AWB,1.6035661170645e-05
USA,FodderHerb,FodderHerbAEZ12,FodderHerbAEZ12,1990,N2O_AWB,1.24978747166599e-06
USA,FodderHerb,FodderHerbAEZ13,FodderHerbAEZ13,1990,N2O_AWB,2.14648977063484e-06
USA,FodderHerb,FodderHerbAEZ14,FodderHerbAEZ14,1990,N2O_AWB,5.91741784078389e-07
USA,FodderHerb,FodderHerbAEZ15,FodderHerbAEZ15,1990,N2O_AWB,4.66664728327321e-08
USA,FodderHerb,FodderHerbAEZ16,FodderHerbAEZ16,1990,N2O_AWB,4.32294670977703e-09
USA,MiscCrop,MiscCropAEZ07,MiscCropAEZ07,1990,N2O_AWB,8.43997757036277e-06
USA,MiscCrop,MiscCropAEZ08,MiscCropAEZ08,1990,N2O_AWB,9.70844400228467e-06
USA,MiscCrop,MiscCropAEZ09,MiscCropAEZ09,1990,N2O_AWB,1.45039860791856e-05
USA,MiscCrop,MiscCropAEZ10,MiscCropAEZ10,1990,N2O_AWB,1.97303402595001e-05
USA,MiscCrop,MiscCropAEZ11,MiscCropAEZ11,1990,N2O_AWB,4.62820601340458e-06
USA,MiscCrop,MiscCropAEZ12,MiscCropAEZ12,1990,N2O_AWB,1.32488141708998e-05
USA,MiscCrop,MiscCropAEZ13,MiscCropAEZ13,1990,N2O_AWB,1.26281014152124e-07
USA,MiscCrop,MiscCropAEZ14,MiscCropAEZ14,1990,N2O_AWB,4.1836438787109e-08
USA,MiscCrop,MiscCropAEZ15,MiscCropAEZ15,1990,N2O_AWB,2.30479599213744e-08
USA,MiscCrop,MiscCropAEZ16,MiscCropAEZ16,1990,N2O_AWB,2.28359550337927e-09
USA,OilCrop,OilCropAEZ07,OilCropAEZ07,1990,N2O_AWB,1.00899630750995e-06
USA,OilCrop,OilCropAEZ08,OilCropAEZ08,1990,N2O_AWB,5.19152178367631e-06
USA,OilCrop,OilCropAEZ09,OilCropAEZ09,1990,N2O_AWB,6.89796554118611e-06
USA,OilCrop,OilCropAEZ10,OilCropAEZ10,1990,N2O_AWB,3.03302161066994e-05
USA,OilCrop,OilCropAEZ11,OilCropAEZ11,1990,N2O_AWB,2.12690816976446e-05
USA,OilCrop,OilCropAEZ12,OilCropAEZ12,1990,N2O_AWB,4.92014849242932e-06
USA,OilCrop,OilCropAEZ13,OilCropAEZ13,1990,N2O_AWB,1.17348369712758e-08
USA,OilCrop,OilCropAEZ14,OilCropAEZ14,1990,N2O_AWB,4.58986331154052e-10
USA,OilCrop,OilCropAEZ15,OilCropAEZ15,1990,N2O_AWB,2.45484214779191e-10
USA,OilCrop,OilCropAEZ16,OilCropAEZ16,1990,N2O_AWB,0
USA,OtherGrain,OtherGrainAEZ07,OtherGrainAEZ07,1990,N2O_AWB,1.13975445928295e-05
USA,OtherGrain,OtherGrainAEZ08,OtherGrainAEZ08,1990,N2O_AWB,7.72838322757799e-06
USA,OtherGrain,OtherGrainAEZ09,OtherGrainAEZ09,1990,N2O_AWB,4.47972291662677e-06
USA,OtherGrain,OtherGrainAEZ10,OtherGrainAEZ10,1990,N2O_AWB,8.40462831283715e-06
USA,OtherGrain,OtherGrainAEZ11,OtherGrainAEZ11,1990,N2O_AWB,4.30403295604211e-06
USA,OtherGrain,OtherGrainAEZ12,OtherGrainAEZ12,1990,N2O_AWB,1.09344631726378e-06
USA,OtherGrain,OtherGrainAEZ13,OtherGrainAEZ13,1990,N2O_AWB,2.07994579274884e-07
USA,OtherGrain,OtherGrainAEZ14,OtherGrainAEZ14,1990,N2O_AWB,2.02357310602749e-07
USA,OtherGrain,OtherGrainAEZ15,OtherGrainAEZ15,1990,N2O_AWB,1.4317726061465e-08
USA,OtherGrain,OtherGrainAEZ16,OtherGrainAEZ16,1990,N2O_AWB,0
USA,PalmFruit,PalmFruitAEZ07,PalmFruitAEZ07,1990,N2O_AWB,0
USA,PalmFruit,PalmFruitAEZ08,PalmFruitAEZ08,1990,N2O_AWB,0
USA,PalmFruit,PalmFruitAEZ09,PalmFruitAEZ09,1990,N2O_AWB,0
USA,PalmFruit,PalmFruitAEZ10,PalmFruitAEZ10,1990,N2O_AWB,0
USA,PalmFruit,PalmFruitAEZ11,PalmFruitAEZ11,1990,N2O_AWB,0
USA,PalmFruit,PalmFruitAEZ12,PalmFruitAEZ12,1990,N2O_AWB,0
USA,PalmFruit,PalmFruitAEZ13,PalmFruitAEZ13,1990,N2O_AWB,0
USA,PalmFruit,PalmFruitAEZ14,PalmFruitAEZ14,1990,N2O_AWB,0
USA,PalmFruit,PalmFruitAEZ15,PalmFruitAEZ15,1990,N2O_AWB,0
USA,PalmFruit,PalmFruitAEZ16,PalmFruitAEZ16,1990,N2O_AWB,0
USA,Rice,RiceAEZ07,RiceAEZ07,1990,N2O_AWB,0
USA,Rice,RiceAEZ08,RiceAEZ08,1990,N2O_AWB,3.40876741123218e-09
USA,Rice,RiceAEZ09,RiceAEZ09,1990,N2O_AWB,3.05911928089797e-07
USA,Rice,RiceAEZ10,RiceAEZ10,1990,N2O_AWB,2.05178959345233e-06
USA,Rice,RiceAEZ11,RiceAEZ11,1990,N2O_AWB,4.04573591648328e-06
USA,Rice,RiceAEZ12,RiceAEZ12,1990,N2O_AWB,2.80811086070221e-06
USA,Rice,RiceAEZ13,RiceAEZ13,1990,N2O_AWB,0
USA,Rice,RiceAEZ14,RiceAEZ14,1990,N2O_AWB,6.63592016530854e-10
USA,Rice,RiceAEZ15,RiceAEZ15,1990,N2O_AWB,0
USA,Rice,RiceAEZ16,RiceAEZ16,1990,N2O_AWB,0
USA,Root_Tuber,Root_TuberAEZ07,Root_TuberAEZ07,1990,N2O_AWB,1.16589635286848e-05
USA,Root_Tuber,Root_TuberAEZ08,Root_TuberAEZ08,1990,N2O_AWB,3.92137161700022e-06
USA,Root_Tuber,Root_TuberAEZ09,Root_TuberAEZ09,1990,N2O_AWB,1.79561648448663e-06
USA,Root_Tuber,Root_TuberAEZ10,Root_TuberAEZ10,1990,N2O_AWB,3.74448438166565e-06
USA,Root_Tuber,Root_TuberAEZ11,Root_TuberAEZ11,1990,N2O_AWB,6.72874470370663e-07
USA,Root_Tuber,Root_TuberAEZ12,Root_TuberAEZ12,1990,N2O_AWB,1.16290411411745e-06
USA,Root_Tuber,Root_TuberAEZ13,Root_TuberAEZ13,1990,N2O_AWB,1.13313364463857e-07
USA,Root_Tuber,Root_TuberAEZ14,Root_TuberAEZ14,1990,N2O_AWB,5.66304517804625e-08
USA,Root_Tuber,Root_TuberAEZ15,Root_TuberAEZ15,1990,N2O_AWB,1.51371563670636e-08
USA,Root_Tuber,Root_TuberAEZ16,Root_TuberAEZ16,1990,N2O_AWB,6.92811799356076e-09
USA,SugarCrop,SugarCropAEZ07,SugarCropAEZ07,1990,N2O_AWB,1.03627107474968e-05
USA,SugarCrop,SugarCropAEZ08,SugarCropAEZ08,1990,N2O_AWB,3.35215421525497e-06
USA,SugarCrop,SugarCropAEZ09,SugarCropAEZ09,1990,N2O_AWB,1.04713029108002e-05
USA,SugarCrop,SugarCropAEZ10,SugarCropAEZ10,1990,N2O_AWB,1.59430688002691e-05
USA,SugarCrop,SugarCropAEZ11,SugarCropAEZ11,1990,N2O_AWB,2.23341035438718e-06
USA,SugarCrop,SugarCropAEZ12,SugarCropAEZ12,1990,N2O_AWB,2.27548865902504e-05
USA,SugarCrop,SugarCropAEZ13,SugarCropAEZ13,1990,N2O_AWB,4.06994150496983e-07
USA,SugarCrop,SugarCropAEZ14,SugarCropAEZ14,1990,N2O_AWB,6.32723990226418e-08
USA,SugarCrop,SugarCropAEZ15,SugarCropAEZ15,1990,N2O_AWB,0
USA,SugarCrop,SugarCropAEZ16,SugarCropAEZ16,1990,N2O_AWB,0
USA,Wheat,WheatAEZ07,WheatAEZ07,1990,N2O_AWB,2.3716363566461e-05
USA,Wheat,WheatAEZ08,WheatAEZ08,1990,N2O_AWB,1.9487784211776e-05
USA,Wheat,WheatAEZ09,WheatAEZ09,1990,N2O_AWB,7.897805157823e-06
USA,Wheat,WheatAEZ10,WheatAEZ10,1990,N2O_AWB,1.16586038325945e-05
USA,Wheat,WheatAEZ11,WheatAEZ11,1990,N2O_AWB,8.46526081840552e-06
USA,Wheat,WheatAEZ12,WheatAEZ12,1990,N2O_AWB,2.63329821849442e-06
USA,Wheat,WheatAEZ13,WheatAEZ13,1990,N2O_AWB,1.22446624497113e-06
USA,Wheat,WheatAEZ14,WheatAEZ14,1990,N2O_AWB,1.91136283071764e-07
USA,Wheat,WheatAEZ15,WheatAEZ15,1990,N2O_AWB,3.02704301207042e-08
USA,Wheat,WheatAEZ16,WheatAEZ16,1990,N2O_AWB,7.1671103727159e-10
USA,Corn,CornAEZ07,CornAEZ07,1990,NH3_AWB,0.000342581512591115
USA,Corn,CornAEZ08,CornAEZ08,1990,NH3_AWB,0.000314614868611513
USA,Corn,CornAEZ09,CornAEZ09,1990,NH3_AWB,0.000453556285958437
USA,Corn,CornAEZ10,CornAEZ10,1990,NH3_AWB,0.00222350023876197
USA,Corn,CornAEZ11,CornAEZ11,1990,NH3_AWB,0.00103218683498579
USA,Corn,CornAEZ12,CornAEZ12,1990,NH3_AWB,0.000139555465652594
USA,Corn,CornAEZ13,CornAEZ13,1990,NH3_AWB,2.10236909083661e-07
USA,Corn,CornAEZ14,CornAEZ14,1990,NH3_AWB,7.06515006522201e-09
USA,Corn,CornAEZ15,CornAEZ15,1990,NH3_AWB,0
USA,Corn,CornAEZ16,CornAEZ16,1990,NH3_AWB,0
USA,FiberCrop,FiberCropAEZ07,FiberCropAEZ07,1990,NH3_AWB,6.24142391743229e-05
USA,FiberCrop,FiberCropAEZ08,FiberCropAEZ08,1990,NH3_AWB,1.48571816764996e-05
USA,FiberCrop,FiberCropAEZ09,FiberCropAEZ09,1990,NH3_AWB,1.30308605943022e-05
USA,FiberCrop,FiberCropAEZ10,FiberCropAEZ10,1990,NH3_AWB,3.62049784880153e-06
USA,FiberCrop,FiberCropAEZ11,FiberCropAEZ11,1990,NH3_AWB,3.45129524474846e-05
USA,FiberCrop,FiberCropAEZ12,FiberCropAEZ12,1990,NH3_AWB,7.5969181022728e-05
USA,FiberCrop,FiberCropAEZ13,FiberCropAEZ13,1990,NH3_AWB,9.45200897068388e-08
USA,FiberCrop,FiberCropAEZ14,FiberCropAEZ14,1990,NH3_AWB,0
USA,FiberCrop,FiberCropAEZ15,FiberCropAEZ15,1990,NH3_AWB,0
USA,FiberCrop,FiberCropAEZ16,FiberCropAEZ16,1990,NH3_AWB,0
USA,FodderGrass,FodderGrassAEZ07,FodderGrassAEZ07,1990,NH3_AWB,0.000306993846085537
USA,FodderGrass,FodderGrassAEZ08,FodderGrassAEZ08,1990,NH3_AWB,0.000318388107634048
USA,FodderGrass,FodderGrassAEZ09,FodderGrassAEZ09,1990,NH3_AWB,0.000130742713660313
USA,FodderGrass,FodderGrassAEZ10,FodderGrassAEZ10,1990,NH3_AWB,0.00135590236609331
USA,FodderGrass,FodderGrassAEZ11,FodderGrassAEZ11,1990,NH3_AWB,0.00104382592412719
USA,FodderGrass,FodderGrassAEZ12,FodderGrassAEZ12,1990,NH3_AWB,0.000374009111372587
USA,FodderGrass,FodderGrassAEZ13,FodderGrassAEZ13,1990,NH3_AWB,2.14721540689971e-05
USA,FodderGrass,FodderGrassAEZ14,FodderGrassAEZ14,1990,NH3_AWB,5.48881824767165e-06
USA,FodderGrass,FodderGrassAEZ15,FodderGrassAEZ15,1990,NH3_AWB,2.15678991798493e-06
USA,FodderGrass,FodderGrassAEZ16,FodderGrassAEZ16,1990,NH3_AWB,2.92158933985058e-07
USA,FodderHerb,FodderHerbAEZ07,FodderHerbAEZ07,1990,NH3_AWB,0.000915270439196729
USA,FodderHerb,FodderHerbAEZ08,FodderHerbAEZ08,1990,NH3_AWB,0.00108068345278308
USA,FodderHerb,FodderHerbAEZ09,FodderHerbAEZ09,1990,NH3_AWB,0.000257481584841128
USA,FodderHerb,FodderHerbAEZ10,FodderHerbAEZ10,1990,NH3_AWB,0.0010905222659281
USA,FodderHerb,FodderHerbAEZ11,FodderHerbAEZ11,1990,NH3_AWB,0.000298040628552104
USA,FodderHerb,FodderHerbAEZ12,FodderHerbAEZ12,1990,NH3_AWB,2.32286925776253e-05
USA,FodderHerb,FodderHerbAEZ13,FodderHerbAEZ13,1990,NH3_AWB,3.98949038404342e-05
USA,FodderHerb,FodderHerbAEZ14,FodderHerbAEZ14,1990,NH3_AWB,1.09981803301081e-05
USA,FodderHerb,FodderHerbAEZ15,FodderHerbAEZ15,1990,NH3_AWB,8.67348389777538e-07
USA,FodderHerb,FodderHerbAEZ16,FodderHerbAEZ16,1990,NH3_AWB,8.03467808946833e-08
USA,MiscCrop,MiscCropAEZ07,MiscCropAEZ07,1990,NH3_AWB,0.000156866386316605
USA,MiscCrop,MiscCropAEZ08,MiscCropAEZ08,1990,NH3_AWB,0.000180442248181242
USA,MiscCrop,MiscCropAEZ09,MiscCropAEZ09,1990,NH3_AWB,0.000269572740503195
USA,MiscCrop,MiscCropAEZ10,MiscCropAEZ10,1990,NH3_AWB,0.000366710355744673
USA,MiscCrop,MiscCropAEZ11,MiscCropAEZ11,1990,NH3_AWB,8.60203651489503e-05
USA,MiscCrop,MiscCropAEZ12,MiscCropAEZ12,1990,NH3_AWB,0.000246243972172067
USA,MiscCrop,MiscCropAEZ13,MiscCropAEZ13,1990,NH3_AWB,2.34707334057385e-06
USA,MiscCrop,MiscCropAEZ14,MiscCropAEZ14,1990,NH3_AWB,7.77576825788595e-07
USA,MiscCrop,MiscCropAEZ15,MiscCropAEZ15,1990,NH3_AWB,4.28372013396303e-07
USA,MiscCrop,MiscCropAEZ16,MiscCropAEZ16,1990,NH3_AWB,4.2443166636112e-08
USA,OilCrop,OilCropAEZ07,OilCropAEZ07,1990,NH3_AWB,1.87533205208601e-05
USA,OilCrop,OilCropAEZ08,OilCropAEZ08,1990,NH3_AWB,9.64902163423917e-05
USA,OilCrop,OilCropAEZ09,OilCropAEZ09,1990,NH3_AWB,0.000128206374763602
USA,OilCrop,OilCropAEZ10,OilCropAEZ10,1990,NH3_AWB,0.000563720857928194
USA,OilCrop,OilCropAEZ11,OilCropAEZ11,1990,NH3_AWB,0.000395309579719504
USA,OilCrop,OilCropAEZ12,OilCropAEZ12,1990,NH3_AWB,9.14464413813963e-05
USA,OilCrop,OilCropAEZ13,OilCropAEZ13,1990,NH3_AWB,2.18105019160542e-07
USA,OilCrop,OilCropAEZ14,OilCropAEZ14,1990,NH3_AWB,8.53077233163285e-09
USA,OilCrop,OilCropAEZ15,OilCropAEZ15,1990,NH3_AWB,4.56259763123112e-09
USA,OilCrop,OilCropAEZ16,OilCropAEZ16,1990,NH3_AWB,0
USA,OtherGrain,OtherGrainAEZ07,OtherGrainAEZ07,1990,NH3_AWB,0.000211836064521991
USA,OtherGrain,OtherGrainAEZ08,OtherGrainAEZ08,1990,NH3_AWB,0.00014364061265247
USA,OtherGrain,OtherGrainAEZ09,OtherGrainAEZ09,1990,NH3_AWB,8.32606413669317e-05
USA,OtherGrain,OtherGrainAEZ10,OtherGrainAEZ10,1990,NH3_AWB,0.000156209380982077
USA,OtherGrain,OtherGrainAEZ11,OtherGrainAEZ11,1990,NH3_AWB,7.99952477092756e-05
USA,OtherGrain,OtherGrainAEZ12,OtherGrainAEZ12,1990,NH3_AWB,2.03229180398162e-05
USA,OtherGrain,OtherGrainAEZ13,OtherGrainAEZ13,1990,NH3_AWB,3.86581098732602e-06
USA,OtherGrain,OtherGrainAEZ14,OtherGrainAEZ14,1990,NH3_AWB,3.76103606844486e-06
USA,OtherGrain,OtherGrainAEZ15,OtherGrainAEZ15,1990,NH3_AWB,2.66110890557325e-07
USA,OtherGrain,OtherGrainAEZ16,OtherGrainAEZ16,1990,NH3_AWB,0
USA,PalmFruit,PalmFruitAEZ07,PalmFruitAEZ07,1990,NH3_AWB,0
USA,PalmFruit,PalmFruitAEZ08,PalmFruitAEZ08,1990,NH3_AWB,0
USA,PalmFruit,PalmFruitAEZ09,PalmFruitAEZ09,1990,NH3_AWB,0
USA,PalmFruit,PalmFruitAEZ10,PalmFruitAEZ10,1990,NH3_AWB,0
USA,PalmFruit,PalmFruitAEZ11,PalmFruitAEZ11,1990,NH3_AWB,0
USA,PalmFruit,PalmFruitAEZ12,PalmFruitAEZ12,1990,NH3_AWB,0
USA,PalmFruit,PalmFruitAEZ13,PalmFruitAEZ13,1990,NH3_AWB,0
USA,PalmFruit,PalmFruitAEZ14,PalmFruitAEZ14,1990,NH3_AWB,0
USA,PalmFruit,PalmFruitAEZ15,PalmFruitAEZ15,1990,NH3_AWB,0
USA,PalmFruit,PalmFruitAEZ16,PalmFruitAEZ16,1990,NH3_AWB,0
USA,Rice,RiceAEZ07,RiceAEZ07,1990,NH3_AWB,0
USA,Rice,RiceAEZ08,RiceAEZ08,1990,NH3_AWB,6.33557401232306e-08
USA,Rice,RiceAEZ09,RiceAEZ09,1990,NH3_AWB,5.68571400700167e-06
USA,Rice,RiceAEZ10,RiceAEZ10,1990,NH3_AWB,3.81347955398711e-05
USA,Rice,RiceAEZ11,RiceAEZ11,1990,NH3_AWB,7.51945094544548e-05
USA,Rice,RiceAEZ12,RiceAEZ12,1990,NH3_AWB,5.21918689264754e-05
USA,Rice,RiceAEZ13,RiceAEZ13,1990,NH3_AWB,0
USA,Rice,RiceAEZ14,RiceAEZ14,1990,NH3_AWB,1.23335969502191e-08
USA,Rice,RiceAEZ15,RiceAEZ15,1990,NH3_AWB,0
USA,Rice,RiceAEZ16,RiceAEZ16,1990,NH3_AWB,0
USA,Root_Tuber,Root_TuberAEZ07,Root_TuberAEZ07,1990,NH3_AWB,0.000216694826697657
USA,Root_Tuber,Root_TuberAEZ08,Root_TuberAEZ08,1990,NH3_AWB,7.2883060391461e-05
USA,Root_Tuber,Root_TuberAEZ09,Root_TuberAEZ09,1990,NH3_AWB,3.33735329014431e-05
USA,Root_Tuber,Root_TuberAEZ10,Root_TuberAEZ10,1990,NH3_AWB,6.95954140486667e-05
USA,Root_Tuber,Root_TuberAEZ11,Root_TuberAEZ11,1990,NH3_AWB,1.25061216966254e-05
USA,Root_Tuber,Root_TuberAEZ12,Root_TuberAEZ12,1990,NH3_AWB,2.16138685788563e-05
USA,Root_Tuber,Root_TuberAEZ13,Root_TuberAEZ13,1990,NH3_AWB,2.10605512356328e-06
USA,Root_Tuber,Root_TuberAEZ14,Root_TuberAEZ14,1990,NH3_AWB,1.0525400396172e-06
USA,Root_Tuber,Root_TuberAEZ15,Root_TuberAEZ15,1990,NH3_AWB,2.8134091573286e-07
USA,Root_Tuber,Root_TuberAEZ16,Root_TuberAEZ16,1990,NH3_AWB,1.2876679168452e-07
USA,SugarCrop,SugarCropAEZ07,SugarCropAEZ07,1990,NH3_AWB,0.000192602524574505
USA,SugarCrop,SugarCropAEZ08,SugarCropAEZ08,1990,NH3_AWB,6.2303520801942e-05
USA,SugarCrop,SugarCropAEZ09,SugarCropAEZ09,1990,NH3_AWB,0.000194620830914504
USA,SugarCrop,SugarCropAEZ10,SugarCropAEZ10,1990,NH3_AWB,0.000296319696189398
USA,SugarCrop,SugarCropAEZ11,SugarCropAEZ11,1990,NH3_AWB,4.15104197296753e-05
USA,SugarCrop,SugarCropAEZ12,SugarCropAEZ12,1990,NH3_AWB,0.000422924919017685
USA,SugarCrop,SugarCropAEZ13,SugarCropAEZ13,1990,NH3_AWB,7.56443972844751e-06
USA,SugarCrop,SugarCropAEZ14,SugarCropAEZ14,1990,NH3_AWB,1.17598802905793e-06
USA,SugarCrop,SugarCropAEZ15,SugarCropAEZ15,1990,NH3_AWB,0
USA,SugarCrop,SugarCropAEZ16,SugarCropAEZ16,1990,NH3_AWB,0
USA,Wheat,WheatAEZ07,WheatAEZ07,1990,NH3_AWB,0.000440795039823976
USA,Wheat,WheatAEZ08,WheatAEZ08,1990,NH3_AWB,0.000362202181360499
USA,Wheat,WheatAEZ09,WheatAEZ09,1990,NH3_AWB,0.000146789507982909
USA,Wheat,WheatAEZ10,WheatAEZ10,1990,NH3_AWB,0.000216688141345074
USA,Wheat,WheatAEZ11,WheatAEZ11,1990,NH3_AWB,0.000157336303650122
USA,Wheat,WheatAEZ12,WheatAEZ12,1990,NH3_AWB,4.89427812082938e-05
USA,Wheat,WheatAEZ13,WheatAEZ13,1990,NH3_AWB,2.27580693685455e-05
USA,Wheat,WheatAEZ14,WheatAEZ14,1990,NH3_AWB,3.55248077017894e-06
USA,Wheat,WheatAEZ15,WheatAEZ15,1990,NH3_AWB,5.62609668769543e-07
USA,Wheat,WheatAEZ16,WheatAEZ16,1990,NH3_AWB,1.33208731317976e-08
USA,Corn,CornAEZ07,CornAEZ07,1990,NMVOC_AWB,0.00184321214390332
USA,Corn,CornAEZ08,CornAEZ08,1990,NMVOC_AWB,0.00169274150870314
USA,Corn,CornAEZ09,CornAEZ09,1990,NMVOC_AWB,0.00244029646520967
USA,Corn,CornAEZ10,CornAEZ10,1990,NMVOC_AWB,0.0119632335412962
USA,Corn,CornAEZ11,CornAEZ11,1990,NMVOC_AWB,0.00555353759352944
USA,Corn,CornAEZ12,CornAEZ12,1990,NMVOC_AWB,0.000750858757944592
USA,Corn,CornAEZ13,CornAEZ13,1990,NMVOC_AWB,1.1311504260366e-06
USA,Corn,CornAEZ14,CornAEZ14,1990,NMVOC_AWB,3.80130565138217e-08
USA,Corn,CornAEZ15,CornAEZ15,1990,NMVOC_AWB,0
USA,Corn,CornAEZ16,CornAEZ16,1990,NMVOC_AWB,0
USA,FiberCrop,FiberCropAEZ07,FiberCropAEZ07,1990,NMVOC_AWB,0.000335811126316984
USA,FiberCrop,FiberCropAEZ08,FiberCropAEZ08,1990,NMVOC_AWB,7.99369980101263e-05
USA,FiberCrop,FiberCropAEZ09,FiberCropAEZ09,1990,NMVOC_AWB,7.01107316365795e-05
USA,FiberCrop,FiberCropAEZ10,FiberCropAEZ10,1990,NMVOC_AWB,1.94795847312746e-05
USA,FiberCrop,FiberCropAEZ11,FiberCropAEZ11,1990,NMVOC_AWB,0.000185692136718096
USA,FiberCrop,FiberCropAEZ12,FiberCropAEZ12,1990,NMVOC_AWB,0.000408741604193366
USA,FiberCrop,FiberCropAEZ13,FiberCropAEZ13,1990,NMVOC_AWB,5.08552186230832e-07
USA,FiberCrop,FiberCropAEZ14,FiberCropAEZ14,1990,NMVOC_AWB,0
USA,FiberCrop,FiberCropAEZ15,FiberCropAEZ15,1990,NMVOC_AWB,0
USA,FiberCrop,FiberCropAEZ16,FiberCropAEZ16,1990,NMVOC_AWB,0
USA,FodderGrass,FodderGrassAEZ07,FodderGrassAEZ07,1990,NMVOC_AWB,0.00165173765778721
USA,FodderGrass,FodderGrassAEZ08,FodderGrassAEZ08,1990,NMVOC_AWB,0.00171304289605935
USA,FodderGrass,FodderGrassAEZ09,FodderGrassAEZ09,1990,NMVOC_AWB,0.000703442972514372
USA,FodderGrass,FodderGrassAEZ10,FodderGrassAEZ10,1990,NMVOC_AWB,0.00729524395005333
USA,FodderGrass,FodderGrassAEZ11,FodderGrassAEZ11,1990,NMVOC_AWB,0.0056161600925871
USA,FodderGrass,FodderGrassAEZ12,FodderGrassAEZ12,1990,NMVOC_AWB,0.00201230396467787
USA,FodderGrass,FodderGrassAEZ13,FodderGrassAEZ13,1990,NMVOC_AWB,0.000115527936216968
USA,FodderGrass,FodderGrassAEZ14,FodderGrassAEZ14,1990,NMVOC_AWB,2.95318225822118e-05
USA,FodderGrass,FodderGrassAEZ15,FodderGrassAEZ15,1990,NMVOC_AWB,1.16043079458958e-05
USA,FodderGrass,FodderGrassAEZ16,FodderGrassAEZ16,1990,NMVOC_AWB,1.57192047813112e-06
USA,FodderHerb,FodderHerbAEZ07,FodderHerbAEZ07,1990,NMVOC_AWB,0.00492448519980904
USA,FodderHerb,FodderHerbAEZ08,FodderHerbAEZ08,1990,NMVOC_AWB,0.00581446689524834
USA,FodderHerb,FodderHerbAEZ09,FodderHerbAEZ09,1990,NMVOC_AWB,0.0013853438278705
USA,FodderHerb,FodderHerbAEZ10,FodderHerbAEZ10,1990,NMVOC_AWB,0.00586740325989141
USA,FodderHerb,FodderHerbAEZ11,FodderHerbAEZ11,1990,NMVOC_AWB,0.0016035661170645
USA,FodderHerb,FodderHerbAEZ12,FodderHerbAEZ12,1990,NMVOC_AWB,0.000124978747166599
USA,FodderHerb,FodderHerbAEZ13,FodderHerbAEZ13,1990,NMVOC_AWB,0.000214648977063483
USA,FodderHerb,FodderHerbAEZ14,FodderHerbAEZ14,1990,NMVOC_AWB,5.91741784078389e-05
USA,FodderHerb,FodderHerbAEZ15,FodderHerbAEZ15,1990,NMVOC_AWB,4.6666472832732e-06
USA,FodderHerb,FodderHerbAEZ16,FodderHerbAEZ16,1990,NMVOC_AWB,4.32294670977703e-07
USA,MiscCrop,MiscCropAEZ07,MiscCropAEZ07,1990,NMVOC_AWB,0.000843997757036277
USA,MiscCrop,MiscCropAEZ08,MiscCropAEZ08,1990,NMVOC_AWB,0.000970844400228467
USA,MiscCrop,MiscCropAEZ09,MiscCropAEZ09,1990,NMVOC_AWB,0.00145039860791856
USA,MiscCrop,MiscCropAEZ10,MiscCropAEZ10,1990,NMVOC_AWB,0.00197303402595001
USA,MiscCrop,MiscCropAEZ11,MiscCropAEZ11,1990,NMVOC_AWB,0.000462820601340458
USA,MiscCrop,MiscCropAEZ12,MiscCropAEZ12,1990,NMVOC_AWB,0.00132488141708998
USA,MiscCrop,MiscCropAEZ13,MiscCropAEZ13,1990,NMVOC_AWB,1.26281014152124e-05
USA,MiscCrop,MiscCropAEZ14,MiscCropAEZ14,1990,NMVOC_AWB,4.1836438787109e-06
USA,MiscCrop,MiscCropAEZ15,MiscCropAEZ15,1990,NMVOC_AWB,2.30479599213744e-06
USA,MiscCrop,MiscCropAEZ16,MiscCropAEZ16,1990,NMVOC_AWB,2.28359550337927e-07
USA,OilCrop,OilCropAEZ07,OilCropAEZ07,1990,NMVOC_AWB,0.000100899630750995
USA,OilCrop,OilCropAEZ08,OilCropAEZ08,1990,NMVOC_AWB,0.000519152178367631
USA,OilCrop,OilCropAEZ09,OilCropAEZ09,1990,NMVOC_AWB,0.000689796554118611
USA,OilCrop,OilCropAEZ10,OilCropAEZ10,1990,NMVOC_AWB,0.00303302161066994
USA,OilCrop,OilCropAEZ11,OilCropAEZ11,1990,NMVOC_AWB,0.00212690816976446
USA,OilCrop,OilCropAEZ12,OilCropAEZ12,1990,NMVOC_AWB,0.000492014849242932
USA,OilCrop,OilCropAEZ13,OilCropAEZ13,1990,NMVOC_AWB,1.17348369712758e-06
USA,OilCrop,OilCropAEZ14,OilCropAEZ14,1990,NMVOC_AWB,4.58986331154052e-08
USA,OilCrop,OilCropAEZ15,OilCropAEZ15,1990,NMVOC_AWB,2.45484214779191e-08
USA,OilCrop,OilCropAEZ16,OilCropAEZ16,1990,NMVOC_AWB,0
USA,OtherGrain,OtherGrainAEZ07,OtherGrainAEZ07,1990,NMVOC_AWB,0.00113975445928295
USA,OtherGrain,OtherGrainAEZ08,OtherGrainAEZ08,1990,NMVOC_AWB,0.000772838322757799
USA,OtherGrain,OtherGrainAEZ09,OtherGrainAEZ09,1990,NMVOC_AWB,0.000447972291662677
USA,OtherGrain,OtherGrainAEZ10,OtherGrainAEZ10,1990,NMVOC_AWB,0.000840462831283715
USA,OtherGrain,OtherGrainAEZ11,OtherGrainAEZ11,1990,NMVOC_AWB,0.000430403295604211
USA,OtherGrain,OtherGrainAEZ12,OtherGrainAEZ12,1990,NMVOC_AWB,0.000109344631726378
USA,OtherGrain,OtherGrainAEZ13,OtherGrainAEZ13,1990,NMVOC_AWB,2.07994579274884e-05
USA,OtherGrain,OtherGrainAEZ14,OtherGrainAEZ14,1990,NMVOC_AWB,2.02357310602749e-05
USA,OtherGrain,OtherGrainAEZ15,OtherGrainAEZ15,1990,NMVOC_AWB,1.4317726061465e-06
USA,OtherGrain,OtherGrainAEZ16,OtherGrainAEZ16,1990,NMVOC_AWB,0
USA,PalmFruit,PalmFruitAEZ07,PalmFruitAEZ07,1990,NMVOC_AWB,0
USA,PalmFruit,PalmFruitAEZ08,PalmFruitAEZ08,1990,NMVOC_AWB,0
USA,PalmFruit,PalmFruitAEZ09,PalmFruitAEZ09,1990,NMVOC_AWB,0
USA,PalmFruit,PalmFruitAEZ10,PalmFruitAEZ10,1990,NMVOC_AWB,0
USA,PalmFruit,PalmFruitAEZ11,PalmFruitAEZ11,1990,NMVOC_AWB,0
USA,PalmFruit,PalmFruitAEZ12,PalmFruitAEZ12,1990,NMVOC_AWB,0
USA,PalmFruit,PalmFruitAEZ13,PalmFruitAEZ13,1990,NMVOC_AWB,0
USA,PalmFruit,PalmFruitAEZ14,PalmFruitAEZ14,1990,NMVOC_AWB,0
USA,PalmFruit,PalmFruitAEZ15,PalmFruitAEZ15,1990,NMVOC_AWB,0
USA,PalmFruit,PalmFruitAEZ16,PalmFruitAEZ16,1990,NMVOC_AWB,0
USA,Rice,RiceAEZ07,RiceAEZ07,1990,NMVOC_AWB,0
USA,Rice,RiceAEZ08,RiceAEZ08,1990,NMVOC_AWB,3.40876741123217e-07
USA,Rice,RiceAEZ09,RiceAEZ09,1990,NMVOC_AWB,3.05911928089797e-05
USA,Rice,RiceAEZ10,RiceAEZ10,1990,NMVOC_AWB,0.000205178959345233
USA,Rice,RiceAEZ11,RiceAEZ11,1990,NMVOC_AWB,0.000404573591648328
USA,Rice,RiceAEZ12,RiceAEZ12,1990,NMVOC_AWB,0.000280811086070221
USA,Rice,RiceAEZ13,RiceAEZ13,1990,NMVOC_AWB,0
USA,Rice,RiceAEZ14,RiceAEZ14,1990,NMVOC_AWB,6.63592016530854e-08
USA,Rice,RiceAEZ15,RiceAEZ15,1990,NMVOC_AWB,0
USA,Rice,RiceAEZ16,RiceAEZ16,1990,NMVOC_AWB,0
USA,Root_Tuber,Root_TuberAEZ07,Root_TuberAEZ07,1990,NMVOC_AWB,0.00116589635286848
USA,Root_Tuber,Root_TuberAEZ08,Root_TuberAEZ08,1990,NMVOC_AWB,0.000392137161700022
USA,Root_Tuber,Root_TuberAEZ09,Root_TuberAEZ09,1990,NMVOC_AWB,0.000179561648448663
USA,Root_Tuber,Root_TuberAEZ10,Root_TuberAEZ10,1990,NMVOC_AWB,0.000374448438166565
USA,Root_Tuber,Root_TuberAEZ11,Root_TuberAEZ11,1990,NMVOC_AWB,6.72874470370663e-05
USA,Root_Tuber,Root_TuberAEZ12,Root_TuberAEZ12,1990,NMVOC_AWB,0.000116290411411745
USA,Root_Tuber,Root_TuberAEZ13,Root_TuberAEZ13,1990,NMVOC_AWB,1.13313364463857e-05
USA,Root_Tuber,Root_TuberAEZ14,Root_TuberAEZ14,1990,NMVOC_AWB,5.66304517804624e-06
USA,Root_Tuber,Root_TuberAEZ15,Root_TuberAEZ15,1990,NMVOC_AWB,1.51371563670636e-06
USA,Root_Tuber,Root_TuberAEZ16,Root_TuberAEZ16,1990,NMVOC_AWB,6.92811799356076e-07
USA,SugarCrop,SugarCropAEZ07,SugarCropAEZ07,1990,NMVOC_AWB,0.00103627107474968
USA,SugarCrop,SugarCropAEZ08,SugarCropAEZ08,1990,NMVOC_AWB,0.000335215421525497
USA,SugarCrop,SugarCropAEZ09,SugarCropAEZ09,1990,NMVOC_AWB,0.00104713029108002
USA,SugarCrop,SugarCropAEZ10,SugarCropAEZ10,1990,NMVOC_AWB,0.00159430688002691
USA,SugarCrop,SugarCropAEZ11,SugarCropAEZ11,1990,NMVOC_AWB,0.000223341035438718
USA,SugarCrop,SugarCropAEZ12,SugarCropAEZ12,1990,NMVOC_AWB,0.00227548865902504
USA,SugarCrop,SugarCropAEZ13,SugarCropAEZ13,1990,NMVOC_AWB,4.06994150496982e-05
USA,SugarCrop,SugarCropAEZ14,SugarCropAEZ14,1990,NMVOC_AWB,6.32723990226418e-06
USA,SugarCrop,SugarCropAEZ15,SugarCropAEZ15,1990,NMVOC_AWB,0
USA,SugarCrop,SugarCropAEZ16,SugarCropAEZ16,1990,NMVOC_AWB,0
USA,Wheat,WheatAEZ07,WheatAEZ07,1990,NMVOC_AWB,0.0023716363566461
USA,Wheat,WheatAEZ08,WheatAEZ08,1990,NMVOC_AWB,0.0019487784211776
USA,Wheat,WheatAEZ09,WheatAEZ09,1990,NMVOC_AWB,0.0007897805157823
USA,Wheat,WheatAEZ10,WheatAEZ10,1990,NMVOC_AWB,0.00116586038325945
USA,Wheat,WheatAEZ11,WheatAEZ11,1990,NMVOC_AWB,0.000846526081840552
USA,Wheat,WheatAEZ12,WheatAEZ12,1990,NMVOC_AWB,0.000263329821849442
USA,Wheat,WheatAEZ13,WheatAEZ13,1990,NMVOC_AWB,0.000122446624497113
USA,Wheat,WheatAEZ14,WheatAEZ14,1990,NMVOC_AWB,1.91136283071764e-05
USA,Wheat,WheatAEZ15,WheatAEZ15,1990,NMVOC_AWB,3.02704301207042e-06
USA,Wheat,WheatAEZ16,WheatAEZ16,1990,NMVOC_AWB,7.1671103727159e-08
USA,Corn,CornAEZ07,CornAEZ07,1990,NOx_AWB,0.00100165401531718
USA,Corn,CornAEZ08,CornAEZ08,1990,NOx_AWB,0.00091988398334657
USA,Corn,CornAEZ09,CornAEZ09,1990,NOx_AWB,0.00132612665396468
USA,Corn,CornAEZ10,CornAEZ10,1990,NOx_AWB,0.00650116208948164
USA,Corn,CornAEZ11,CornAEZ11,1990,NOx_AWB,0.00301795061852925
USA,Corn,CornAEZ12,CornAEZ12,1990,NOx_AWB,0.000408038050486454
USA,Corn,CornAEZ13,CornAEZ13,1990,NOx_AWB,6.14699382225167e-07
USA,Corn,CornAEZ14,CornAEZ14,1990,NOx_AWB,2.0657378380177e-08
USA,Corn,CornAEZ15,CornAEZ15,1990,NOx_AWB,0
USA,Corn,CornAEZ16,CornAEZ16,1990,NOx_AWB,0
USA,FiberCrop,FiberCropAEZ07,FiberCropAEZ07,1990,NOx_AWB,0.000182489337527517
USA,FiberCrop,FiberCropAEZ08,FiberCropAEZ08,1990,NOx_AWB,4.34400431301867e-05
USA,FiberCrop,FiberCropAEZ09,FiberCropAEZ09,1990,NOx_AWB,3.81001699087592e-05
USA,FiberCrop,FiberCropAEZ10,FiberCropAEZ10,1990,NOx_AWB,1.05857615615925e-05
USA,FiberCrop,FiberCropAEZ11,FiberCropAEZ11,1990,NOx_AWB,0.000100910399799462
USA,FiberCrop,FiberCropAEZ12,FiberCropAEZ12,1990,NOx_AWB,0.000222121837913056
USA,FiberCrop,FiberCropAEZ13,FiberCropAEZ13,1990,NOx_AWB,2.76361753052317e-07
USA,FiberCrop,FiberCropAEZ14,FiberCropAEZ14,1990,NOx_AWB,0
USA,FiberCrop,FiberCropAEZ15,FiberCropAEZ15,1990,NOx_AWB,0
USA,FiberCrop,FiberCropAEZ16,FiberCropAEZ16,1990,NOx_AWB,0
USA,FodderGrass,FodderGrassAEZ07,FodderGrassAEZ07,1990,NOx_AWB,0.000897601322042901
USA,FodderGrass,FodderGrassAEZ08,FodderGrassAEZ08,1990,NOx_AWB,0.000930916335878054
USA,FodderGrass,FodderGrassAEZ09,FodderGrassAEZ09,1990,NOx_AWB,0.000382270961210978
USA,FodderGrass,FodderGrassAEZ10,FodderGrassAEZ10,1990,NOx_AWB,0.0039644434958066
USA,FodderGrass,FodderGrassAEZ11,FodderGrassAEZ11,1990,NOx_AWB,0.0030519814694206
USA,FodderGrass,FodderGrassAEZ12,FodderGrassAEZ12,1990,NOx_AWB,0.00109354333028091
USA,FodderGrass,FodderGrassAEZ13,FodderGrassAEZ13,1990,NOx_AWB,6.27811733857055e-05
USA,FodderGrass,FodderGrassAEZ14,FodderGrassAEZ14,1990,NOx_AWB,1.60484341246063e-05
USA,FodderGrass,FodderGrassAEZ15,FodderGrassAEZ15,1990,NOx_AWB,6.30611169063197e-06
USA,FodderGrass,FodderGrassAEZ16,FodderGrassAEZ16,1990,NOx_AWB,8.54226391621431e-07
USA,FodderHerb,FodderHerbAEZ07,FodderHerbAEZ07,1990,NOx_AWB,0.00267610561815909
USA,FodderHerb,FodderHerbAEZ08,FodderHerbAEZ08,1990,NOx_AWB,0.00315974703824422
USA,FodderHerb,FodderHerbAEZ09,FodderHerbAEZ09,1990,NOx_AWB,0.000752835321952034
USA,FodderHerb,FodderHerbAEZ10,FodderHerbAEZ10,1990,NOx_AWB,0.00318851416761476
USA,FodderHerb,FodderHerbAEZ11,FodderHerbAEZ11,1990,NOx_AWB,0.000871423533800503
USA,FodderHerb,FodderHerbAEZ12,FodderHerbAEZ12,1990,NOx_AWB,6.79170134283253e-05
USA,FodderHerb,FodderHerbAEZ13,FodderHerbAEZ13,1990,NOx_AWB,0.000116646372188095
USA,FodderHerb,FodderHerbAEZ14,FodderHerbAEZ14,1990,NOx_AWB,3.21569351641684e-05
USA,FodderHerb,FodderHerbAEZ15,FodderHerbAEZ15,1990,NOx_AWB,2.53598914526508e-06
USA,FodderHerb,FodderHerbAEZ16,FodderHerbAEZ16,1990,NOx_AWB,2.34921245727071e-07
USA,MiscCrop,MiscCropAEZ07,MiscCropAEZ07,1990,NOx_AWB,0.000458652437295584
USA,MiscCrop,MiscCropAEZ08,MiscCropAEZ08,1990,NOx_AWB,0.00052758451866409
USA,MiscCrop,MiscCropAEZ09,MiscCropAEZ09,1990,NOx_AWB,0.000788187943659876
USA,MiscCrop,MiscCropAEZ10,MiscCropAEZ10,1990,NOx_AWB,0.00107220292628123
USA,MiscCrop,MiscCropAEZ11,MiscCropAEZ11,1990,NOx_AWB,0.000251509906354271
USA,MiscCrop,MiscCropAEZ12,MiscCropAEZ12,1990,NOx_AWB,0.000719978324598591
USA,MiscCrop,MiscCropAEZ13,MiscCropAEZ13,1990,NOx_AWB,6.86247024262414e-06
USA,MiscCrop,MiscCropAEZ14,MiscCropAEZ14,1990,NOx_AWB,2.27351132837789e-06
USA,MiscCrop,MiscCropAEZ15,MiscCropAEZ15,1990,NOx_AWB,1.25249183478279e-06
USA,MiscCrop,MiscCropAEZ16,MiscCropAEZ16,1990,NOx_AWB,1.24097088492277e-07
USA,OilCrop,OilCropAEZ07,OilCropAEZ07,1990,NOx_AWB,5.48317352509019e-05
USA,OilCrop,OilCropAEZ08,OilCropAEZ08,1990,NOx_AWB,0.000282122090906684
USA,OilCrop,OilCropAEZ09,OilCropAEZ09,1990,NOx_AWB,0.000374855108496453
USA,OilCrop,OilCropAEZ10,OilCropAEZ10,1990,NOx_AWB,0.00164823039220963
USA,OilCrop,OilCropAEZ11,OilCropAEZ11,1990,NOx_AWB,0.00115582252184164
USA,OilCrop,OilCropAEZ12,OilCropAEZ12,1990,NOx_AWB,0.000267374892776156
USA,OilCrop,OilCropAEZ13,OilCropAEZ13,1990,NOx_AWB,6.37704488343874e-07
USA,OilCrop,OilCropAEZ14,OilCropAEZ14,1990,NOx_AWB,2.49426254648347e-08
USA,OilCrop,OilCropAEZ15,OilCropAEZ15,1990,NOx_AWB,1.3340311924695e-08
USA,OilCrop,OilCropAEZ16,OilCropAEZ16,1990,NOx_AWB,0
USA,OtherGrain,OtherGrainAEZ07,OtherGrainAEZ07,1990,NOx_AWB,0.000619375059128465
USA,OtherGrain,OtherGrainAEZ08,OtherGrainAEZ08,1990,NOx_AWB,0.000419982372480476
USA,OtherGrain,OtherGrainAEZ09,OtherGrainAEZ09,1990,NOx_AWB,0.000243440911660082
USA,OtherGrain,OtherGrainAEZ10,OtherGrainAEZ10,1990,NOx_AWB,0.000456731457887103
USA,OtherGrain,OtherGrainAEZ11,OtherGrainAEZ11,1990,NOx_AWB,0.000233893418440019
USA,OtherGrain,OtherGrainAEZ12,OtherGrainAEZ12,1990,NOx_AWB,5.94209894853262e-05
USA,OtherGrain,OtherGrainAEZ13,OtherGrainAEZ13,1990,NOx_AWB,1.13030182762197e-05
USA,OtherGrain,OtherGrainAEZ14,OtherGrainAEZ14,1990,NOx_AWB,1.09966730289001e-05
USA,OtherGrain,OtherGrainAEZ15,OtherGrainAEZ15,1990,NOx_AWB,7.78066043407643e-07
USA,OtherGrain,OtherGrainAEZ16,OtherGrainAEZ16,1990,NOx_AWB,0
USA,PalmFruit,PalmFruitAEZ07,PalmFruitAEZ07,1990,NOx_AWB,0
USA,PalmFruit,PalmFruitAEZ08,PalmFruitAEZ08,1990,NOx_AWB,0
USA,PalmFruit,PalmFruitAEZ09,PalmFruitAEZ09,1990,NOx_AWB,0
USA,PalmFruit,PalmFruitAEZ10,PalmFruitAEZ10,1990,NOx_AWB,0
USA,PalmFruit,PalmFruitAEZ11,PalmFruitAEZ11,1990,NOx_AWB,0
USA,PalmFruit,PalmFruitAEZ12,PalmFruitAEZ12,1990,NOx_AWB,0
USA,PalmFruit,PalmFruitAEZ13,PalmFruitAEZ13,1990,NOx_AWB,0
USA,PalmFruit,PalmFruitAEZ14,PalmFruitAEZ14,1990,NOx_AWB,0
USA,PalmFruit,PalmFruitAEZ15,PalmFruitAEZ15,1990,NOx_AWB,0
USA,PalmFruit,PalmFruitAEZ16,PalmFruitAEZ16,1990,NOx_AWB,0
USA,Rice,RiceAEZ07,RiceAEZ07,1990,NOx_AWB,0
USA,Rice,RiceAEZ08,RiceAEZ08,1990,NOx_AWB,1.85242136996366e-07
USA,Rice,RiceAEZ09,RiceAEZ09,1990,NOx_AWB,1.66241261006273e-05
USA,Rice,RiceAEZ10,RiceAEZ10,1990,NOx_AWB,0.000111500094639964
USA,Rice,RiceAEZ11,RiceAEZ11,1990,NOx_AWB,0.000219856821096929
USA,Rice,RiceAEZ12,RiceAEZ12,1990,NOx_AWB,0.000152600748013825
USA,Rice,RiceAEZ13,RiceAEZ13,1990,NOx_AWB,0
USA,Rice,RiceAEZ14,RiceAEZ14,1990,NOx_AWB,3.60614815874073e-08
USA,Rice,RiceAEZ15,RiceAEZ15,1990,NOx_AWB,0
USA,Rice,RiceAEZ16,RiceAEZ16,1990,NOx_AWB,0
USA,Root_Tuber,Root_TuberAEZ07,Root_TuberAEZ07,1990,NOx_AWB,0.000633581309214517
USA,Root_Tuber,Root_TuberAEZ08,Root_TuberAEZ08,1990,NOx_AWB,0.000213098510592555
USA,Root_Tuber,Root_TuberAEZ09,Root_TuberAEZ09,1990,NOx_AWB,9.7578917739058e-05
USA,Root_Tuber,Root_TuberAEZ10,Root_TuberAEZ10,1990,NOx_AWB,0.000203485954050039
USA,Root_Tuber,Root_TuberAEZ11,Root_TuberAEZ11,1990,NOx_AWB,3.65659165864602e-05
USA,Root_Tuber,Root_TuberAEZ12,Root_TuberAEZ12,1990,NOx_AWB,6.31955241390651e-05
USA,Root_Tuber,Root_TuberAEZ13,Root_TuberAEZ13,1990,NOx_AWB,6.15777119740345e-06
USA,Root_Tuber,Root_TuberAEZ14,Root_TuberAEZ14,1990,NOx_AWB,3.07746016120547e-06
USA,Root_Tuber,Root_TuberAEZ15,Root_TuberAEZ15,1990,NOx_AWB,8.22596221802483e-07
USA,Root_Tuber,Root_TuberAEZ16,Root_TuberAEZ16,1990,NOx_AWB,3.7649367870079e-07
USA,SugarCrop,SugarCropAEZ07,SugarCropAEZ07,1990,NOx_AWB,0.000563139238428601
USA,SugarCrop,SugarCropAEZ08,SugarCropAEZ08,1990,NOx_AWB,0.000182165614564693
USA,SugarCrop,SugarCropAEZ09,SugarCropAEZ09,1990,NOx_AWB,0.0005690404460983
USA,SugarCrop,SugarCropAEZ10,SugarCropAEZ10,1990,NOx_AWB,0.000866391800482039
USA,SugarCrop,SugarCropAEZ11,SugarCropAEZ11,1990,NOx_AWB,0.000121369884455374
USA,SugarCrop,SugarCropAEZ12,SugarCropAEZ12,1990,NOx_AWB,0.00123656539463462
USA,SugarCrop,SugarCropAEZ13,SugarCropAEZ13,1990,NOx_AWB,2.21172221767484e-05
USA,SugarCrop,SugarCropAEZ14,SugarCropAEZ14,1990,NOx_AWB,3.43840250561543e-06
USA,SugarCrop,SugarCropAEZ15,SugarCropAEZ15,1990,NOx_AWB,0
USA,SugarCrop,SugarCropAEZ16,SugarCropAEZ16,1990,NOx_AWB,0
USA,Wheat,WheatAEZ07,WheatAEZ07,1990,NOx_AWB,0.00128881479398031
USA,Wheat,WheatAEZ08,WheatAEZ08,1990,NOx_AWB,0.00105902173930034
USA,Wheat,WheatAEZ09,WheatAEZ09,1990,NOx_AWB,0.000429189243066372
USA,Wheat,WheatAEZ10,WheatAEZ10,1990,NOx_AWB,0.000633561762303745
USA,Wheat,WheatAEZ11,WheatAEZ11,1990,NOx_AWB,0.000460026401058033
USA,Wheat,WheatAEZ12,WheatAEZ12,1990,NOx_AWB,0.000143100930774947
USA,Wheat,WheatAEZ13,WheatAEZ13,1990,NOx_AWB,6.65409857976722e-05
USA,Wheat,WheatAEZ14,WheatAEZ14,1990,NOx_AWB,1.03868904100317e-05
USA,Wheat,WheatAEZ15,WheatAEZ15,1990,NOx_AWB,1.6449814513251e-06
USA,Wheat,WheatAEZ16,WheatAEZ16,1990,NOx_AWB,3.89481205774261e-08
USA,Corn,CornAEZ07,CornAEZ07,1990,SO2_AWB,0.000139249374249388
USA,Corn,CornAEZ08,CornAEZ08,1990,SO2_AWB,0.000127881750688618
USA,Corn,CornAEZ09,CornAEZ09,1990,SO2_AWB,0.000184357376814931
USA,Corn,CornAEZ10,CornAEZ10,1990,SO2_AWB,0.000903787873867308
USA,Corn,CornAEZ11,CornAEZ11,1990,SO2_AWB,0.000419553786756078
USA,Corn,CornAEZ12,CornAEZ12,1990,SO2_AWB,5.67252188193815e-05
USA,Corn,CornAEZ13,CornAEZ13,1990,SO2_AWB,8.54551601824664e-08
USA,Corn,CornAEZ14,CornAEZ14,1990,SO2_AWB,2.87177704984453e-09
USA,Corn,CornAEZ15,CornAEZ15,1990,SO2_AWB,0
USA,Corn,CornAEZ16,CornAEZ16,1990,SO2_AWB,0
USA,FiberCrop,FiberCropAEZ07,FiberCropAEZ07,1990,SO2_AWB,2.53695644097682e-05
USA,FiberCrop,FiberCropAEZ08,FiberCropAEZ08,1990,SO2_AWB,6.03901020786054e-06
USA,FiberCrop,FiberCropAEZ09,FiberCropAEZ09,1990,SO2_AWB,5.296664055113e-06
USA,FiberCrop,FiberCropAEZ10,FiberCropAEZ10,1990,SO2_AWB,1.47162658049968e-06
USA,FiberCrop,FiberCropAEZ11,FiberCropAEZ11,1990,SO2_AWB,1.40285066624339e-05
USA,FiberCrop,FiberCropAEZ12,FiberCropAEZ12,1990,SO2_AWB,3.08792521804277e-05
USA,FiberCrop,FiberCropAEZ13,FiberCropAEZ13,1990,SO2_AWB,3.84196544820052e-08
USA,FiberCrop,FiberCropAEZ14,FiberCropAEZ14,1990,SO2_AWB,0
USA,FiberCrop,FiberCropAEZ15,FiberCropAEZ15,1990,SO2_AWB,0
USA,FiberCrop,FiberCropAEZ16,FiberCropAEZ16,1990,SO2_AWB,0
USA,FodderGrass,FodderGrassAEZ07,FodderGrassAEZ07,1990,SO2_AWB,0.000124784027726699
USA,FodderGrass,FodderGrassAEZ08,FodderGrassAEZ08,1990,SO2_AWB,0.000129415462092971
USA,FodderGrass,FodderGrassAEZ09,FodderGrassAEZ09,1990,SO2_AWB,5.31430926530905e-05
USA,FodderGrass,FodderGrassAEZ10,FodderGrassAEZ10,1990,SO2_AWB,0.000551134690817686
USA,FodderGrass,FodderGrassAEZ11,FodderGrassAEZ11,1990,SO2_AWB,0.000424284736384722
USA,FodderGrass,FodderGrassAEZ12,FodderGrassAEZ12,1990,SO2_AWB,0.000152023774804108
USA,FodderGrass,FodderGrassAEZ13,FodderGrassAEZ13,1990,SO2_AWB,8.72780318844284e-06
USA,FodderGrass,FodderGrassAEZ14,FodderGrassAEZ14,1990,SO2_AWB,2.23104422820721e-06
USA,FodderGrass,FodderGrassAEZ15,FodderGrassAEZ15,1990,SO2_AWB,8.76672077822394e-07
USA,FodderGrass,FodderGrassAEZ16,FodderGrassAEZ16,1990,SO2_AWB,1.18754069450748e-07
USA,FodderHerb,FodderHerbAEZ07,FodderHerbAEZ07,1990,SO2_AWB,0.000372030688297022
USA,FodderHerb,FodderHerbAEZ08,FodderHerbAEZ08,1990,SO2_AWB,0.000439266244764706
USA,FodderHerb,FodderHerbAEZ09,FodderHerbAEZ09,1990,SO2_AWB,0.000104658740335067
USA,FodderHerb,FodderHerbAEZ10,FodderHerbAEZ10,1990,SO2_AWB,0.000443265434806919
USA,FodderHerb,FodderHerbAEZ11,FodderHerbAEZ11,1990,SO2_AWB,0.000121144806422491
USA,FodderHerb,FodderHerbAEZ12,FodderHerbAEZ12,1990,SO2_AWB,9.44178476416019e-06
USA,FodderHerb,FodderHerbAEZ13,FodderHerbAEZ13,1990,SO2_AWB,1.62161126369668e-05
USA,FodderHerb,FodderHerbAEZ14,FodderHerbAEZ14,1990,SO2_AWB,4.47043892493225e-06
USA,FodderHerb,FodderHerbAEZ15,FodderHerbAEZ15,1990,SO2_AWB,3.52551775544555e-07
USA,FodderHerb,FodderHerbAEZ16,FodderHerbAEZ16,1990,SO2_AWB,3.26586186099627e-08
USA,MiscCrop,MiscCropAEZ07,MiscCropAEZ07,1990,SO2_AWB,6.37616022246396e-05
USA,MiscCrop,MiscCropAEZ08,MiscCropAEZ08,1990,SO2_AWB,7.33445011592911e-05
USA,MiscCrop,MiscCropAEZ09,MiscCropAEZ09,1990,SO2_AWB,0.000109573441794466
USA,MiscCrop,MiscCropAEZ10,MiscCropAEZ10,1990,SO2_AWB,0.000149057043919248
USA,MiscCrop,MiscCropAEZ11,MiscCropAEZ11,1990,SO2_AWB,3.49647648207794e-05
USA,MiscCrop,MiscCropAEZ12,MiscCropAEZ12,1990,SO2_AWB,0.000100090979160833
USA,MiscCrop,MiscCropAEZ13,MiscCropAEZ13,1990,SO2_AWB,9.54016728808168e-07
USA,MiscCrop,MiscCropAEZ14,MiscCropAEZ14,1990,SO2_AWB,3.16062258009587e-07
USA,MiscCrop,MiscCropAEZ15,MiscCropAEZ15,1990,SO2_AWB,1.74120705931324e-07
USA,MiscCrop,MiscCropAEZ16,MiscCropAEZ16,1990,SO2_AWB,1.72519070002915e-08
USA,OilCrop,OilCropAEZ07,OilCropAEZ07,1990,SO2_AWB,7.62267679851358e-06
USA,OilCrop,OilCropAEZ08,OilCropAEZ08,1990,SO2_AWB,3.92204533900311e-05
USA,OilCrop,OilCropAEZ09,OilCropAEZ09,1990,SO2_AWB,5.21121450062663e-05
USA,OilCrop,OilCropAEZ10,OilCropAEZ10,1990,SO2_AWB,0.000229136056187363
USA,OilCrop,OilCropAEZ11,OilCropAEZ11,1990,SO2_AWB,0.000160681792763377
USA,OilCrop,OilCropAEZ12,OilCropAEZ12,1990,SO2_AWB,3.717030625319e-05
USA,OilCrop,OilCropAEZ13,OilCropAEZ13,1990,SO2_AWB,8.86533170136516e-08
USA,OilCrop,OilCropAEZ14,OilCropAEZ14,1990,SO2_AWB,3.46750967400183e-09
USA,OilCrop,OilCropAEZ15,OilCropAEZ15,1990,SO2_AWB,1.85456261283713e-09
USA,OilCrop,OilCropAEZ16,OilCropAEZ16,1990,SO2_AWB,0
USA,OtherGrain,OtherGrainAEZ07,OtherGrainAEZ07,1990,SO2_AWB,8.61051701390186e-05
USA,OtherGrain,OtherGrainAEZ08,OtherGrainAEZ08,1990,SO2_AWB,5.838571170222e-05
USA,OtherGrain,OtherGrainAEZ09,OtherGrainAEZ09,1990,SO2_AWB,3.38430177456362e-05
USA,OtherGrain,OtherGrainAEZ10,OtherGrainAEZ10,1990,SO2_AWB,6.34945487545925e-05
USA,OtherGrain,OtherGrainAEZ11,OtherGrainAEZ11,1990,SO2_AWB,3.25157306422914e-05
USA,OtherGrain,OtherGrainAEZ12,OtherGrainAEZ12,1990,SO2_AWB,8.26067232455615e-06
USA,OtherGrain,OtherGrainAEZ13,OtherGrainAEZ13,1990,SO2_AWB,1.57133920298278e-06
USA,OtherGrain,OtherGrainAEZ14,OtherGrainAEZ14,1990,SO2_AWB,1.52875126009911e-06
USA,OtherGrain,OtherGrainAEZ15,OtherGrainAEZ15,1990,SO2_AWB,1.08166300950637e-07
USA,OtherGrain,OtherGrainAEZ16,OtherGrainAEZ16,1990,SO2_AWB,0
USA,PalmFruit,PalmFruitAEZ07,PalmFruitAEZ07,1990,SO2_AWB,0
USA,PalmFruit,PalmFruitAEZ08,PalmFruitAEZ08,1990,SO2_AWB,0
USA,PalmFruit,PalmFruitAEZ09,PalmFruitAEZ09,1990,SO2_AWB,0
USA,PalmFruit,PalmFruitAEZ10,PalmFruitAEZ10,1990,SO2_AWB,0
USA,PalmFruit,PalmFruitAEZ11,PalmFruitAEZ11,1990,SO2_AWB,0
USA,PalmFruit,PalmFruitAEZ12,PalmFruitAEZ12,1990,SO2_AWB,0
USA,PalmFruit,PalmFruitAEZ13,PalmFruitAEZ13,1990,SO2_AWB,0
USA,PalmFruit,PalmFruitAEZ14,PalmFruitAEZ14,1990,SO2_AWB,0
USA,PalmFruit,PalmFruitAEZ15,PalmFruitAEZ15,1990,SO2_AWB,0
USA,PalmFruit,PalmFruitAEZ16,PalmFruitAEZ16,1990,SO2_AWB,0
USA,Rice,RiceAEZ07,RiceAEZ07,1990,SO2_AWB,0
USA,Rice,RiceAEZ08,RiceAEZ08,1990,SO2_AWB,2.57522570337777e-08
USA,Rice,RiceAEZ09,RiceAEZ09,1990,SO2_AWB,2.31107660085829e-06
USA,Rice,RiceAEZ10,RiceAEZ10,1990,SO2_AWB,1.55006800451413e-05
USA,Rice,RiceAEZ11,RiceAEZ11,1990,SO2_AWB,3.05643708247032e-05
USA,Rice,RiceAEZ12,RiceAEZ12,1990,SO2_AWB,2.12144696132277e-05
USA,Rice,RiceAEZ13,RiceAEZ13,1990,SO2_AWB,0
USA,Rice,RiceAEZ14,RiceAEZ14,1990,SO2_AWB,5.01324675862476e-09
USA,Rice,RiceAEZ15,RiceAEZ15,1990,SO2_AWB,0
USA,Rice,RiceAEZ16,RiceAEZ16,1990,SO2_AWB,0
USA,Root_Tuber,Root_TuberAEZ07,Root_TuberAEZ07,1990,SO2_AWB,8.80801149849059e-05
USA,Root_Tuber,Root_TuberAEZ08,Root_TuberAEZ08,1990,SO2_AWB,2.96248343237496e-05
USA,Root_Tuber,Root_TuberAEZ09,Root_TuberAEZ09,1990,SO2_AWB,1.35653659120946e-05
USA,Root_Tuber,Root_TuberAEZ10,Root_TuberAEZ10,1990,SO2_AWB,2.82885021541448e-05
USA,Root_Tuber,Root_TuberAEZ11,Root_TuberAEZ11,1990,SO2_AWB,5.08337302667087e-06
USA,Root_Tuber,Root_TuberAEZ12,Root_TuberAEZ12,1990,SO2_AWB,8.78540599564252e-06
USA,Root_Tuber,Root_TuberAEZ13,Root_TuberAEZ13,1990,SO2_AWB,8.56049866418014e-07
USA,Root_Tuber,Root_TuberAEZ14,Root_TuberAEZ14,1990,SO2_AWB,4.27826769695109e-07
USA,Root_Tuber,Root_TuberAEZ15,Root_TuberAEZ15,1990,SO2_AWB,1.14356861145947e-07
USA,Root_Tuber,Root_TuberAEZ16,Root_TuberAEZ16,1990,SO2_AWB,5.23399381086035e-08
USA,SugarCrop,SugarCropAEZ07,SugarCropAEZ07,1990,SO2_AWB,7.8287298176136e-05
USA,SugarCrop,SugarCropAEZ08,SugarCropAEZ08,1990,SO2_AWB,2.53245606267114e-05
USA,SugarCrop,SugarCropAEZ09,SugarCropAEZ09,1990,SO2_AWB,7.91076807261536e-05
USA,SugarCrop,SugarCropAEZ10,SugarCropAEZ10,1990,SO2_AWB,0.000120445297704639
USA,SugarCrop,SugarCropAEZ11,SugarCropAEZ11,1990,SO2_AWB,1.68727726387436e-05
USA,SugarCrop,SugarCropAEZ12,SugarCropAEZ12,1990,SO2_AWB,0.000171906621236669
USA,SugarCrop,SugarCropAEZ13,SugarCropAEZ13,1990,SO2_AWB,3.07472370813757e-06
USA,SugarCrop,SugarCropAEZ14,SugarCropAEZ14,1990,SO2_AWB,4.78004770113027e-07
USA,SugarCrop,SugarCropAEZ15,SugarCropAEZ15,1990,SO2_AWB,0
USA,SugarCrop,SugarCropAEZ16,SugarCropAEZ16,1990,SO2_AWB,0
USA,Wheat,WheatAEZ07,WheatAEZ07,1990,SO2_AWB,0.000179170303159304
USA,Wheat,WheatAEZ08,WheatAEZ08,1990,SO2_AWB,0.000147224602766031
USA,Wheat,WheatAEZ09,WheatAEZ09,1990,SO2_AWB,5.96656456397635e-05
USA,Wheat,WheatAEZ10,WheatAEZ10,1990,SO2_AWB,8.80773975844344e-05
USA,Wheat,WheatAEZ11,WheatAEZ11,1990,SO2_AWB,6.3952609889199e-05
USA,Wheat,WheatAEZ12,WheatAEZ12,1990,SO2_AWB,1.98938103978014e-05
USA,Wheat,WheatAEZ13,WheatAEZ13,1990,SO2_AWB,9.25049018181118e-06
USA,Wheat,WheatAEZ14,WheatAEZ14,1990,SO2_AWB,1.44397962557549e-06
USA,Wheat,WheatAEZ15,WheatAEZ15,1990,SO2_AWB,2.28684390264574e-07
USA,Wheat,WheatAEZ16,WheatAEZ16,1990,SO2_AWB,5.41454567711081e-09
Africa_Eastern,Corn,CornAEZ01,CornAEZ01,1990,CH4_AWB,6.45023506409362e-05
Africa_Eastern,Corn,CornAEZ02,CornAEZ02,1990,CH4_AWB,0.00014720586751162
Africa_Eastern,Corn,CornAEZ03,CornAEZ03,1990,CH4_AWB,8.54572345104609e-05
Africa_Eastern,Corn,CornAEZ04,CornAEZ04,1990,CH4_AWB,7.5220563783157e-05
Africa_Eastern,Corn,CornAEZ05,CornAEZ05,1990,CH4_AWB,0.000142036933240143
Africa_Eastern,Corn,CornAEZ06,CornAEZ06,1990,CH4_AWB,9.42391582114495e-05
Africa_Eastern,Corn,CornAEZ07,CornAEZ07,1990,CH4_AWB,4.96892645380538e-08
Africa_Eastern,Corn,CornAEZ08,CornAEZ08,1990,CH4_AWB,3.3864882511141e-06
Africa_Eastern,Corn,CornAEZ09,CornAEZ09,1990,CH4_AWB,2.35359966956437e-05
Africa_Eastern,Corn,CornAEZ10,CornAEZ10,1990,CH4_AWB,3.53393005735321e-05
Africa_Eastern,Corn,CornAEZ11,CornAEZ11,1990,CH4_AWB,3.35310434249081e-05
Africa_Eastern,Corn,CornAEZ12,CornAEZ12,1990,CH4_AWB,7.68762282704306e-07
Africa_Eastern,FiberCrop,FiberCropAEZ01,FiberCropAEZ01,1990,CH4_AWB,6.77578782354577e-06
Africa_Eastern,FiberCrop,FiberCropAEZ02,FiberCropAEZ02,1990,CH4_AWB,2.1972522382965e-05
Africa_Eastern,FiberCrop,FiberCropAEZ03,FiberCropAEZ03,1990,CH4_AWB,1.08874994896975e-05
Africa_Eastern,FiberCrop,FiberCropAEZ04,FiberCropAEZ04,1990,CH4_AWB,1.15044933625536e-05
Africa_Eastern,FiberCrop,FiberCropAEZ05,FiberCropAEZ05,1990,CH4_AWB,1.0141273618107e-05
Africa_Eastern,FiberCrop,FiberCropAEZ06,FiberCropAEZ06,1990,CH4_AWB,9.26486725604833e-06
Africa_Eastern,FiberCrop,FiberCropAEZ07,FiberCropAEZ07,1990,CH4_AWB,8.0147551508608e-07
Africa_Eastern,FiberCrop,FiberCropAEZ08,FiberCropAEZ08,1990,CH4_AWB,9.07232343408089e-07
Africa_Eastern,FiberCrop,FiberCropAEZ09,FiberCropAEZ09,1990,CH4_AWB,4.78039833850158e-07
Africa_Eastern,FiberCrop,FiberCropAEZ10,FiberCropAEZ10,1990,CH4_AWB,1.1711501683462e-06
Africa_Eastern,FiberCrop,FiberCropAEZ11,FiberCropAEZ11,1990,CH4_AWB,1.67811900007817e-06
Africa_Eastern,FiberCrop,FiberCropAEZ12,FiberCropAEZ12,1990,CH4_AWB,1.14293253926477e-07
Africa_Eastern,FodderGrass,FodderGrassAEZ01,FodderGrassAEZ01,1990,CH4_AWB,1.4948939851521e-05
Africa_Eastern,FodderGrass,FodderGrassAEZ02,FodderGrassAEZ02,1990,CH4_AWB,4.9238325684284e-05
Africa_Eastern,FodderGrass,FodderGrassAEZ03,FodderGrassAEZ03,1990,CH4_AWB,1.95246857499903e-05
Africa_Eastern,FodderGrass,FodderGrassAEZ04,FodderGrassAEZ04,1990,CH4_AWB,2.18365373676353e-05
Africa_Eastern,FodderGrass,FodderGrassAEZ05,FodderGrassAEZ05,1990,CH4_AWB,3.37758243519949e-06
Africa_Eastern,FodderGrass,FodderGrassAEZ06,FodderGrassAEZ06,1990,CH4_AWB,0
Africa_Eastern,FodderGrass,FodderGrassAEZ07,FodderGrassAEZ07,1990,CH4_AWB,2.16214993091856e-06
Africa_Eastern,FodderGrass,FodderGrassAEZ08,FodderGrassAEZ08,1990,CH4_AWB,1.92258323459966e-06
Africa_Eastern,FodderGrass,FodderGrassAEZ09,FodderGrassAEZ09,1990,CH4_AWB,0
Africa_Eastern,FodderGrass,FodderGrassAEZ10,FodderGrassAEZ10,1990,CH4_AWB,0
Africa_Eastern,FodderGrass,FodderGrassAEZ11,FodderGrassAEZ11,1990,CH4_AWB,0
Africa_Eastern,FodderGrass,FodderGrassAEZ12,FodderGrassAEZ12,1990,CH4_AWB,0
Africa_Eastern,FodderHerb,FodderHerbAEZ01,FodderHerbAEZ01,1990,CH4_AWB,1.53232904668802e-07
Africa_Eastern,FodderHerb,FodderHerbAEZ02,FodderHerbAEZ02,1990,CH4_AWB,1.00922947473213e-06
Africa_Eastern,FodderHerb,FodderHerbAEZ03,FodderHerbAEZ03,1990,CH4_AWB,4.25788603655408e-07
Africa_Eastern,FodderHerb,FodderHerbAEZ04,FodderHerbAEZ04,1990,CH4_AWB,1.35207003903271e-06
Africa_Eastern,FodderHerb,FodderHerbAEZ05,FodderHerbAEZ05,1990,CH4_AWB,2.82941201455007e-06
Africa_Eastern,FodderHerb,FodderHerbAEZ06,FodderHerbAEZ06,1990,CH4_AWB,2.90658088722855e-08
Africa_Eastern,FodderHerb,FodderHerbAEZ07,FodderHerbAEZ07,1990,CH4_AWB,0
Africa_Eastern,FodderHerb,FodderHerbAEZ08,FodderHerbAEZ08,1990,CH4_AWB,1.274816178609e-07
Africa_Eastern,FodderHerb,FodderHerbAEZ09,FodderHerbAEZ09,1990,CH4_AWB,7.83587011118335e-08
Africa_Eastern,FodderHerb,FodderHerbAEZ10,FodderHerbAEZ10,1990,CH4_AWB,5.36017709232468e-07
Africa_Eastern,FodderHerb,FodderHerbAEZ11,FodderHerbAEZ11,1990,CH4_AWB,4.12190564416913e-07
Africa_Eastern,FodderHerb,FodderHerbAEZ12,FodderHerbAEZ12,1990,CH4_AWB,3.89243873201951e-08
Africa_Eastern,MiscCrop,MiscCropAEZ01,MiscCropAEZ01,1990,CH4_AWB,0.000111561846388959
Africa_Eastern,MiscCrop,MiscCropAEZ02,MiscCropAEZ02,1990,CH4_AWB,0.000217182195720595
Africa_Eastern,MiscCrop,MiscCropAEZ03,MiscCropAEZ03,1990,CH4_AWB,0.000249533601559576
Africa_Eastern,MiscCrop,MiscCropAEZ04,MiscCropAEZ04,1990,CH4_AWB,0.00028593046053395
Africa_Eastern,MiscCrop,MiscCropAEZ05,MiscCropAEZ05,1990,CH4_AWB,0.00122079685935418
Africa_Eastern,MiscCrop,MiscCropAEZ06,MiscCropAEZ06,1990,CH4_AWB,0.000967826264130392
Africa_Eastern,MiscCrop,MiscCropAEZ07,MiscCropAEZ07,1990,CH4_AWB,2.10170999530052e-06
Africa_Eastern,MiscCrop,MiscCropAEZ08,MiscCropAEZ08,1990,CH4_AWB,4.05251968623125e-06
Africa_Eastern,MiscCrop,MiscCropAEZ09,MiscCropAEZ09,1990,CH4_AWB,9.54823516147422e-06
Africa_Eastern,MiscCrop,MiscCropAEZ10,MiscCropAEZ10,1990,CH4_AWB,1.99323843992523e-05
Africa_Eastern,MiscCrop,MiscCropAEZ11,MiscCropAEZ11,1990,CH4_AWB,2.81867046581841e-05
Africa_Eastern,MiscCrop,MiscCropAEZ12,MiscCropAEZ12,1990,CH4_AWB,3.5184062186668e-06
Africa_Eastern,OilCrop,OilCropAEZ01,OilCropAEZ01,1990,CH4_AWB,1.6341817622738e-05
Africa_Eastern,OilCrop,OilCropAEZ02,OilCropAEZ02,1990,CH4_AWB,5.05054889928654e-05
Africa_Eastern,OilCrop,OilCropAEZ03,OilCropAEZ03,1990,CH4_AWB,2.51446832413194e-05
Africa_Eastern,OilCrop,OilCropAEZ04,OilCropAEZ04,1990,CH4_AWB,3.60565667483288e-05
Africa_Eastern,OilCrop,OilCropAEZ05,OilCropAEZ05,1990,CH4_AWB,3.40061860063255e-05
Africa_Eastern,OilCrop,OilCropAEZ06,OilCropAEZ06,1990,CH4_AWB,1.17306922358074e-05
Africa_Eastern,OilCrop,OilCropAEZ07,OilCropAEZ07,1990,CH4_AWB,1.81055385343475e-06
Africa_Eastern,OilCrop,OilCropAEZ08,OilCropAEZ08,1990,CH4_AWB,2.08233846665045e-06
Africa_Eastern,OilCrop,OilCropAEZ09,OilCropAEZ09,1990,CH4_AWB,2.53838383458863e-07
Africa_Eastern,OilCrop,OilCropAEZ10,OilCropAEZ10,1990,CH4_AWB,1.91496828111083e-06
Africa_Eastern,OilCrop,OilCropAEZ11,OilCropAEZ11,1990,CH4_AWB,1.44683080114398e-06
Africa_Eastern,OilCrop,OilCropAEZ12,OilCropAEZ12,1990,CH4_AWB,2.71208798357183e-07
Africa_Eastern,OtherGrain,OtherGrainAEZ01,OtherGrainAEZ01,1990,CH4_AWB,4.82418380798717e-05
Africa_Eastern,OtherGrain,OtherGrainAEZ02,OtherGrainAEZ02,1990,CH4_AWB,0.000198749091859598
Africa_Eastern,OtherGrain,OtherGrainAEZ03,OtherGrainAEZ03,1990,CH4_AWB,0.000103219493563813
Africa_Eastern,OtherGrain,OtherGrainAEZ04,OtherGrainAEZ04,1990,CH4_AWB,0.000169752841855965
Africa_Eastern,OtherGrain,OtherGrainAEZ05,OtherGrainAEZ05,1990,CH4_AWB,0.000267891879445613
Africa_Eastern,OtherGrain,OtherGrainAEZ06,OtherGrainAEZ06,1990,CH4_AWB,7.92934908665958e-05
Africa_Eastern,OtherGrain,OtherGrainAEZ07,OtherGrainAEZ07,1990,CH4_AWB,0
Africa_Eastern,OtherGrain,OtherGrainAEZ08,OtherGrainAEZ08,1990,CH4_AWB,1.50012046879718e-05
Africa_Eastern,OtherGrain,OtherGrainAEZ09,OtherGrainAEZ09,1990,CH4_AWB,3.27712077036665e-05
Africa_Eastern,OtherGrain,OtherGrainAEZ10,OtherGrainAEZ10,1990,CH4_AWB,4.86467242245331e-05
Africa_Eastern,OtherGrain,OtherGrainAEZ11,OtherGrainAEZ11,1990,CH4_AWB,5.86368572733857e-05
Africa_Eastern,OtherGrain,OtherGrainAEZ12,OtherGrainAEZ12,1990,CH4_AWB,1.30018630633724e-05
Africa_Eastern,PalmFruit,PalmFruitAEZ01,PalmFruitAEZ01,1990,CH4_AWB,1.49454736685973e-07
Africa_Eastern,PalmFruit,PalmFruitAEZ02,PalmFruitAEZ02,1990,CH4_AWB,7.98392666473891e-07
Africa_Eastern,PalmFruit,PalmFruitAEZ03,PalmFruitAEZ03,1990,CH4_AWB,4.18863483965336e-06
Africa_Eastern,PalmFruit,PalmFruitAEZ04,PalmFruitAEZ04,1990,CH4_AWB,3.71802801865262e-06
Africa_Eastern,PalmFruit,PalmFruitAEZ05,PalmFruitAEZ05,1990,CH4_AWB,7.68813896132388e-06
Africa_Eastern,PalmFruit,PalmFruitAEZ06,PalmFruitAEZ06,1990,CH4_AWB,1.31207991287968e-05
Africa_Eastern,PalmFruit,PalmFruitAEZ07,PalmFruitAEZ07,1990,CH4_AWB,0
Africa_Eastern,PalmFruit,PalmFruitAEZ08,PalmFruitAEZ08,1990,CH4_AWB,0
Africa_Eastern,PalmFruit,PalmFruitAEZ09,PalmFruitAEZ09,1990,CH4_AWB,0
Africa_Eastern,PalmFruit,PalmFruitAEZ10,PalmFruitAEZ10,1990,CH4_AWB,0
Africa_Eastern,PalmFruit,PalmFruitAEZ11,PalmFruitAEZ11,1990,CH4_AWB,0
Africa_Eastern,PalmFruit,PalmFruitAEZ12,PalmFruitAEZ12,1990,CH4_AWB,0
Africa_Eastern,Rice,RiceAEZ01,RiceAEZ01,1990,CH4_AWB,9.83233522506897e-09
Africa_Eastern,Rice,RiceAEZ02,RiceAEZ02,1990,CH4_AWB,2.27517543317623e-06
Africa_Eastern,Rice,RiceAEZ03,RiceAEZ03,1990,CH4_AWB,3.33077763673011e-05
Africa_Eastern,Rice,RiceAEZ04,RiceAEZ04,1990,CH4_AWB,5.98888885454185e-05
Africa_Eastern,Rice,RiceAEZ05,RiceAEZ05,1990,CH4_AWB,5.83958551759681e-05
Africa_Eastern,Rice,RiceAEZ06,RiceAEZ06,1990,CH4_AWB,0.000160862661242121
Africa_Eastern,Rice,RiceAEZ07,RiceAEZ07,1990,CH4_AWB,0
Africa_Eastern,Rice,RiceAEZ08,RiceAEZ08,1990,CH4_AWB,0
Africa_Eastern,Rice,RiceAEZ09,RiceAEZ09,1990,CH4_AWB,0
Africa_Eastern,Rice,RiceAEZ10,RiceAEZ10,1990,CH4_AWB,6.05779601483152e-06
Africa_Eastern,Rice,RiceAEZ11,RiceAEZ11,1990,CH4_AWB,1.64859976924444e-06
Africa_Eastern,Rice,RiceAEZ12,RiceAEZ12,1990,CH4_AWB,0
Africa_Eastern,Root_Tuber,Root_TuberAEZ01,Root_TuberAEZ01,1990,CH4_AWB,6.2228949507154e-05
Africa_Eastern,Root_Tuber,Root_TuberAEZ02,Root_TuberAEZ02,1990,CH4_AWB,0.000185263978596805
Africa_Eastern,Root_Tuber,Root_TuberAEZ03,Root_TuberAEZ03,1990,CH4_AWB,0.000109907094085474
Africa_Eastern,Root_Tuber,Root_TuberAEZ04,Root_TuberAEZ04,1990,CH4_AWB,0.000163367414051957
Africa_Eastern,Root_Tuber,Root_TuberAEZ05,Root_TuberAEZ05,1990,CH4_AWB,0.000748061831223926
Africa_Eastern,Root_Tuber,Root_TuberAEZ06,Root_TuberAEZ06,1990,CH4_AWB,0.00068531744167675
Africa_Eastern,Root_Tuber,Root_TuberAEZ07,Root_TuberAEZ07,1990,CH4_AWB,1.40241313940202e-07
Africa_Eastern,Root_Tuber,Root_TuberAEZ08,Root_TuberAEZ08,1990,CH4_AWB,7.24879681885521e-06
Africa_Eastern,Root_Tuber,Root_TuberAEZ09,Root_TuberAEZ09,1990,CH4_AWB,2.24654523706215e-05
Africa_Eastern,Root_Tuber,Root_TuberAEZ10,Root_TuberAEZ10,1990,CH4_AWB,5.62699943851451e-05
Africa_Eastern,Root_Tuber,Root_TuberAEZ11,Root_TuberAEZ11,1990,CH4_AWB,7.1338959042214e-05
Africa_Eastern,Root_Tuber,Root_TuberAEZ12,Root_TuberAEZ12,1990,CH4_AWB,5.971016347997e-06
Africa_Eastern,SugarCrop,SugarCropAEZ01,SugarCropAEZ01,1990,CH4_AWB,0.000255267288654845
Africa_Eastern,SugarCrop,SugarCropAEZ02,SugarCropAEZ02,1990,CH4_AWB,0.000614141245873357
Africa_Eastern,SugarCrop,SugarCropAEZ03,SugarCropAEZ03,1990,CH4_AWB,0.000390524444873354
Africa_Eastern,SugarCrop,SugarCropAEZ04,SugarCropAEZ04,1990,CH4_AWB,0.000288120276602946
Africa_Eastern,SugarCrop,SugarCropAEZ05,SugarCropAEZ05,1990,CH4_AWB,0.000472484737319032
Africa_Eastern,SugarCrop,SugarCropAEZ06,SugarCropAEZ06,1990,CH4_AWB,0.000582546962632589
Africa_Eastern,SugarCrop,SugarCropAEZ07,SugarCropAEZ07,1990,CH4_AWB,1.66800992570551e-05
Africa_Eastern,SugarCrop,SugarCropAEZ08,SugarCropAEZ08,1990,CH4_AWB,1.04419576308651e-05
Africa_Eastern,SugarCrop,SugarCropAEZ09,SugarCropAEZ09,1990,CH4_AWB,4.75407092682878e-07
Africa_Eastern,SugarCrop,SugarCropAEZ10,SugarCropAEZ10,1990,CH4_AWB,1.00279641418506e-05
Africa_Eastern,SugarCrop,SugarCropAEZ11,SugarCropAEZ11,1990,CH4_AWB,1.93669444175467e-05
Africa_Eastern,SugarCrop,SugarCropAEZ12,SugarCropAEZ12,1990,CH4_AWB,1.04978878770631e-06
Africa_Eastern,Wheat,WheatAEZ01,WheatAEZ01,1990,CH4_AWB,1.01687958779676e-05
Africa_Eastern,Wheat,WheatAEZ02,WheatAEZ02,1990,CH4_AWB,3.49259848973784e-05
Africa_Eastern,Wheat,WheatAEZ03,WheatAEZ03,1990,CH4_AWB,2.07010596246994e-05
Africa_Eastern,Wheat,WheatAEZ04,WheatAEZ04,1990,CH4_AWB,3.31657386296384e-05
Africa_Eastern,Wheat,WheatAEZ05,WheatAEZ05,1990,CH4_AWB,4.88304474754842e-05
Africa_Eastern,Wheat,WheatAEZ06,WheatAEZ06,1990,CH4_AWB,8.51917671349065e-06
Africa_Eastern,Wheat,WheatAEZ07,WheatAEZ07,1990,CH4_AWB,0
Africa_Eastern,Wheat,WheatAEZ08,WheatAEZ08,1990,CH4_AWB,1.36089132258222e-06
Africa_Eastern,Wheat,WheatAEZ09,WheatAEZ09,1990,CH4_AWB,4.95404777307445e-06
Africa_Eastern,Wheat,WheatAEZ10,WheatAEZ10,1990,CH4_AWB,1.06003305569165e-05
Africa_Eastern,Wheat,WheatAEZ11,WheatAEZ11,1990,CH4_AWB,2.06496017093744e-05
Africa_Eastern,Wheat,WheatAEZ12,WheatAEZ12,1990,CH4_AWB,5.09003309973981e-06
Africa_Eastern,Corn,CornAEZ01,CornAEZ01,1990,CO_AWB,0.00255174221599797
Africa_Eastern,Corn,CornAEZ02,CornAEZ02,1990,CO_AWB,0.00582353081460587
Africa_Eastern,Corn,CornAEZ03,CornAEZ03,1990,CO_AWB,0.00338072691608835
Africa_Eastern,Corn,CornAEZ04,CornAEZ04,1990,CO_AWB,0.00297575958409852
Africa_Eastern,Corn,CornAEZ05,CornAEZ05,1990,CO_AWB,0.00561904543289209
Africa_Eastern,Corn,CornAEZ06,CornAEZ06,1990,CO_AWB,0.00372814379660221
Africa_Eastern,Corn,CornAEZ07,CornAEZ07,1990,CO_AWB,1.96572981827383e-06
Africa_Eastern,Corn,CornAEZ08,CornAEZ08,1990,CO_AWB,0.000133971009559839
Africa_Eastern,Corn,CornAEZ09,CornAEZ09,1990,CO_AWB,0.000931094692938946
Africa_Eastern,Corn,CornAEZ10,CornAEZ10,1990,CO_AWB,0.00139803874217404
Africa_Eastern,Corn,CornAEZ11,CornAEZ11,1990,CO_AWB,0.00132650327009163
Africa_Eastern,Corn,CornAEZ12,CornAEZ12,1990,CO_AWB,3.04125842136141e-05
Africa_Eastern,FiberCrop,FiberCropAEZ01,FiberCropAEZ01,1990,CO_AWB,0.000268053236264752
Africa_Eastern,FiberCrop,FiberCropAEZ02,FiberCropAEZ02,1990,CO_AWB,0.000869242940752433
Africa_Eastern,FiberCrop,FiberCropAEZ03,FiberCropAEZ03,1990,CO_AWB,0.000430714412706775
Africa_Eastern,FiberCrop,FiberCropAEZ04,FiberCropAEZ04,1990,CO_AWB,0.000455122969863761
Africa_Eastern,FiberCrop,FiberCropAEZ05,FiberCropAEZ05,1990,CO_AWB,0.000401193379127591
Africa_Eastern,FiberCrop,FiberCropAEZ06,FiberCropAEZ06,1990,CO_AWB,0.000366522346363479
Africa_Eastern,FiberCrop,FiberCropAEZ07,FiberCropAEZ07,1990,CO_AWB,3.17067345083066e-05
Africa_Eastern,FiberCrop,FiberCropAEZ08,FiberCropAEZ08,1990,CO_AWB,3.58905225528938e-05
Africa_Eastern,FiberCrop,FiberCropAEZ09,FiberCropAEZ09,1990,CO_AWB,1.89114724167887e-05
Africa_Eastern,FiberCrop,FiberCropAEZ10,FiberCropAEZ10,1990,CO_AWB,4.63312312829961e-05
Africa_Eastern,FiberCrop,FiberCropAEZ11,FiberCropAEZ11,1990,CO_AWB,6.63871479631026e-05
Africa_Eastern,FiberCrop,FiberCropAEZ12,FiberCropAEZ12,1990,CO_AWB,4.52149290917272e-06
Africa_Eastern,FodderGrass,FodderGrassAEZ01,FodderGrassAEZ01,1990,CO_AWB,0.000591386833572721
Africa_Eastern,FodderGrass,FodderGrassAEZ02,FodderGrassAEZ02,1990,CO_AWB,0.0019478904729079
Africa_Eastern,FodderGrass,FodderGrassAEZ03,FodderGrassAEZ03,1990,CO_AWB,0.000772405414489266
Africa_Eastern,FodderGrass,FodderGrassAEZ04,FodderGrassAEZ04,1990,CO_AWB,0.000863863311934074
Africa_Eastern,FodderGrass,FodderGrassAEZ05,FodderGrassAEZ05,1990,CO_AWB,0.000133618691447222
Africa_Eastern,FodderGrass,FodderGrassAEZ06,FodderGrassAEZ06,1990,CO_AWB,0
Africa_Eastern,FodderGrass,FodderGrassAEZ07,FodderGrassAEZ07,1990,CO_AWB,8.55356308912635e-05
Africa_Eastern,FodderGrass,FodderGrassAEZ08,FodderGrassAEZ08,1990,CO_AWB,7.60582638423155e-05
Africa_Eastern,FodderGrass,FodderGrassAEZ09,FodderGrassAEZ09,1990,CO_AWB,0
Africa_Eastern,FodderGrass,FodderGrassAEZ10,FodderGrassAEZ10,1990,CO_AWB,0
Africa_Eastern,FodderGrass,FodderGrassAEZ11,FodderGrassAEZ11,1990,CO_AWB,0
Africa_Eastern,FodderGrass,FodderGrassAEZ12,FodderGrassAEZ12,1990,CO_AWB,0
Africa_Eastern,FodderHerb,FodderHerbAEZ01,FodderHerbAEZ01,1990,CO_AWB,6.06196313526628e-06
Africa_Eastern,FodderHerb,FodderHerbAEZ02,FodderHerbAEZ02,1990,CO_AWB,3.99255752808027e-05
Africa_Eastern,FodderHerb,FodderHerbAEZ03,FodderHerbAEZ03,1990,CO_AWB,1.68443900763639e-05
Africa_Eastern,FodderHerb,FodderHerbAEZ04,FodderHerbAEZ04,1990,CO_AWB,5.3488503338298e-05
Africa_Eastern,FodderHerb,FodderHerbAEZ05,FodderHerbAEZ05,1990,CO_AWB,0.000111932821241978
Africa_Eastern,FodderHerb,FodderHerbAEZ06,FodderHerbAEZ06,1990,CO_AWB,1.14985656808712e-06
Africa_Eastern,FodderHerb,FodderHerbAEZ07,FodderHerbAEZ07,1990,CO_AWB,0
Africa_Eastern,FodderHerb,FodderHerbAEZ08,FodderHerbAEZ08,1990,CO_AWB,5.04323056178559e-06
Africa_Eastern,FodderHerb,FodderHerbAEZ09,FodderHerbAEZ09,1990,CO_AWB,3.09990571864421e-06
Africa_Eastern,FodderHerb,FodderHerbAEZ10,FodderHerbAEZ10,1990,CO_AWB,2.12051034354546e-05
Africa_Eastern,FodderHerb,FodderHerbAEZ11,FodderHerbAEZ11,1990,CO_AWB,1.63064454831068e-05
Africa_Eastern,FodderHerb,FodderHerbAEZ12,FodderHerbAEZ12,1990,CO_AWB,1.53986639819854e-06
Africa_Eastern,MiscCrop,MiscCropAEZ01,MiscCropAEZ01,1990,CO_AWB,0.00441343718944588
Africa_Eastern,MiscCrop,MiscCropAEZ02,MiscCropAEZ02,1990,CO_AWB,0.00859182606333821
Africa_Eastern,MiscCrop,MiscCropAEZ03,MiscCropAEZ03,1990,CO_AWB,0.00987166233606188
Africa_Eastern,MiscCrop,MiscCropAEZ04,MiscCropAEZ04,1990,CO_AWB,0.0113115385677304
Africa_Eastern,MiscCrop,MiscCropAEZ05,MiscCropAEZ05,1990,CO_AWB,0.0482952768731311
Africa_Eastern,MiscCrop,MiscCropAEZ06,MiscCropAEZ06,1990,CO_AWB,0.0382876455104842
Africa_Eastern,MiscCrop,MiscCropAEZ07,MiscCropAEZ07,1990,CO_AWB,8.31445996541653e-05
Africa_Eastern,MiscCrop,MiscCropAEZ08,MiscCropAEZ08,1990,CO_AWB,0.000160319514897745
Africa_Eastern,MiscCrop,MiscCropAEZ09,MiscCropAEZ09,1990,CO_AWB,0.000377732509090095
Africa_Eastern,MiscCrop,MiscCropAEZ10,MiscCropAEZ10,1990,CO_AWB,0.000788534157773653
Africa_Eastern,MiscCrop,MiscCropAEZ11,MiscCropAEZ11,1990,CO_AWB,0.00111507880707386
Africa_Eastern,MiscCrop,MiscCropAEZ12,MiscCropAEZ12,1990,CO_AWB,0.000139189744125448
Africa_Eastern,OilCrop,OilCropAEZ01,OilCropAEZ01,1990,CO_AWB,0.000646489709285344
Africa_Eastern,OilCrop,OilCropAEZ02,OilCropAEZ02,1990,CO_AWB,0.00199802002752011
Africa_Eastern,OilCrop,OilCropAEZ03,OilCropAEZ03,1990,CO_AWB,0.00099473506154752
Africa_Eastern,OilCrop,OilCropAEZ04,OilCropAEZ04,1990,CO_AWB,0.00142641411702703
Africa_Eastern,OilCrop,OilCropAEZ05,OilCropAEZ05,1990,CO_AWB,0.0013453001258895
Africa_Eastern,OilCrop,OilCropAEZ06,OilCropAEZ06,1990,CO_AWB,0.000464071499775576
Africa_Eastern,OilCrop,OilCropAEZ07,OilCropAEZ07,1990,CO_AWB,7.16263307653029e-05
Africa_Eastern,OilCrop,OilCropAEZ08,OilCropAEZ08,1990,CO_AWB,8.23782532039408e-05
Africa_Eastern,OilCrop,OilCropAEZ09,OilCropAEZ09,1990,CO_AWB,1.00419614584027e-05
Africa_Eastern,OilCrop,OilCropAEZ10,OilCropAEZ10,1990,CO_AWB,7.57570128321239e-05
Africa_Eastern,OilCrop,OilCropAEZ11,OilCropAEZ11,1990,CO_AWB,5.72372820215048e-05
Africa_Eastern,OilCrop,OilCropAEZ12,OilCropAEZ12,1990,CO_AWB,1.07291429419456e-05
Africa_Eastern,OtherGrain,OtherGrainAEZ01,OtherGrainAEZ01,1990,CO_AWB,0.00190846897179002
Africa_Eastern,OtherGrain,OtherGrainAEZ02,OtherGrainAEZ02,1990,CO_AWB,0.00786260412295003
Africa_Eastern,OtherGrain,OtherGrainAEZ03,OtherGrainAEZ03,1990,CO_AWB,0.00408340993194058
Africa_Eastern,OtherGrain,OtherGrainAEZ04,OtherGrainAEZ04,1990,CO_AWB,0.00671549933522244
Africa_Eastern,OtherGrain,OtherGrainAEZ05,OtherGrainAEZ05,1990,CO_AWB,0.0105979241269786
Africa_Eastern,OtherGrain,OtherGrainAEZ06,OtherGrainAEZ06,1990,CO_AWB,0.00313688642487595
Africa_Eastern,OtherGrain,OtherGrainAEZ07,OtherGrainAEZ07,1990,CO_AWB,0
Africa_Eastern,OtherGrain,OtherGrainAEZ08,OtherGrainAEZ08,1990,CO_AWB,0.000593454454182797
Africa_Eastern,OtherGrain,OtherGrainAEZ09,OtherGrainAEZ09,1990,CO_AWB,0.00129644382469392
Africa_Eastern,OtherGrain,OtherGrainAEZ10,OtherGrainAEZ10,1990,CO_AWB,0.00192448645111812
Africa_Eastern,OtherGrain,OtherGrainAEZ11,OtherGrainAEZ11,1990,CO_AWB,0.00231970064084744
Africa_Eastern,OtherGrain,OtherGrainAEZ12,OtherGrainAEZ12,1990,CO_AWB,0.000514359593654498
Africa_Eastern,PalmFruit,PalmFruitAEZ01,PalmFruitAEZ01,1990,CO_AWB,5.91249709805804e-06
Africa_Eastern,PalmFruit,PalmFruitAEZ02,PalmFruitAEZ02,1990,CO_AWB,3.15847756204353e-05
Africa_Eastern,PalmFruit,PalmFruitAEZ03,PalmFruitAEZ03,1990,CO_AWB,0.000165704292038003
Africa_Eastern,PalmFruit,PalmFruitAEZ04,PalmFruitAEZ04,1990,CO_AWB,0.000147086872977277
Africa_Eastern,PalmFruit,PalmFruitAEZ05,PalmFruitAEZ05,1990,CO_AWB,0.00030414626064214
Africa_Eastern,PalmFruit,PalmFruitAEZ06,PalmFruitAEZ06,1990,CO_AWB,0.000519064758290089
Africa_Eastern,PalmFruit,PalmFruitAEZ07,PalmFruitAEZ07,1990,CO_AWB,0
Africa_Eastern,PalmFruit,PalmFruitAEZ08,PalmFruitAEZ08,1990,CO_AWB,0
Africa_Eastern,PalmFruit,PalmFruitAEZ09,PalmFruitAEZ09,1990,CO_AWB,0
Africa_Eastern,PalmFruit,PalmFruitAEZ10,PalmFruitAEZ10,1990,CO_AWB,0
Africa_Eastern,PalmFruit,PalmFruitAEZ11,PalmFruitAEZ11,1990,CO_AWB,0
Africa_Eastern,PalmFruit,PalmFruitAEZ12,PalmFruitAEZ12,1990,CO_AWB,0
Africa_Eastern,Rice,RiceAEZ01,RiceAEZ01,1990,CO_AWB,3.88971636325597e-07
Africa_Eastern,Rice,RiceAEZ02,RiceAEZ02,1990,CO_AWB,9.00069709700268e-05
Africa_Eastern,Rice,RiceAEZ03,RiceAEZ03,1990,CO_AWB,0.00131767072413515
Africa_Eastern,Rice,RiceAEZ04,RiceAEZ04,1990,CO_AWB,0.00236923156523778
Africa_Eastern,Rice,RiceAEZ05,RiceAEZ05,1990,CO_AWB,0.00231016648868067
Africa_Eastern,Rice,RiceAEZ06,RiceAEZ06,1990,CO_AWB,0.00636379976218711
Africa_Eastern,Rice,RiceAEZ07,RiceAEZ07,1990,CO_AWB,0
Africa_Eastern,Rice,RiceAEZ08,RiceAEZ08,1990,CO_AWB,0
Africa_Eastern,Rice,RiceAEZ09,RiceAEZ09,1990,CO_AWB,0
Africa_Eastern,Rice,RiceAEZ10,RiceAEZ10,1990,CO_AWB,0.000239649155005205
Africa_Eastern,Rice,RiceAEZ11,RiceAEZ11,1990,CO_AWB,6.52193538167848e-05
Africa_Eastern,Rice,RiceAEZ12,RiceAEZ12,1990,CO_AWB,0
Africa_Eastern,Root_Tuber,Root_TuberAEZ01,Root_TuberAEZ01,1990,CO_AWB,0.00246180543711586
Africa_Eastern,Root_Tuber,Root_TuberAEZ02,Root_TuberAEZ02,1990,CO_AWB,0.00732912693245609
Africa_Eastern,Root_Tuber,Root_TuberAEZ03,Root_TuberAEZ03,1990,CO_AWB,0.00434797443858697
Africa_Eastern,Root_Tuber,Root_TuberAEZ04,Root_TuberAEZ04,1990,CO_AWB,0.00646288891819443
Africa_Eastern,Root_Tuber,Root_TuberAEZ05,Root_TuberAEZ05,1990,CO_AWB,0.0295936649741162
Africa_Eastern,Root_Tuber,Root_TuberAEZ06,Root_TuberAEZ06,1990,CO_AWB,0.0271114684954822
Africa_Eastern,Root_Tuber,Root_TuberAEZ07,Root_TuberAEZ07,1990,CO_AWB,5.54800991982954e-06
Africa_Eastern,Root_Tuber,Root_TuberAEZ08,Root_TuberAEZ08,1990,CO_AWB,0.000286765686429504
Africa_Eastern,Root_Tuber,Root_TuberAEZ09,Root_TuberAEZ09,1990,CO_AWB,0.000888743474400214
Africa_Eastern,Root_Tuber,Root_TuberAEZ10,Root_TuberAEZ10,1990,CO_AWB,0.00222606647261343
Africa_Eastern,Root_Tuber,Root_TuberAEZ11,Root_TuberAEZ11,1990,CO_AWB,0.00282220154187431
Africa_Eastern,Root_Tuber,Root_TuberAEZ12,Root_TuberAEZ12,1990,CO_AWB,0.000236216112067211
Africa_Eastern,SugarCrop,SugarCropAEZ01,SugarCropAEZ01,1990,CO_AWB,0.0100984895953623
Africa_Eastern,SugarCrop,SugarCropAEZ02,SugarCropAEZ02,1990,CO_AWB,0.0242957059410802
Africa_Eastern,SugarCrop,SugarCropAEZ03,SugarCropAEZ03,1990,CO_AWB,0.0154493239775059
Africa_Eastern,SugarCrop,SugarCropAEZ04,SugarCropAEZ04,1990,CO_AWB,0.011398168683579
Africa_Eastern,SugarCrop,SugarCropAEZ05,SugarCropAEZ05,1990,CO_AWB,0.0186917102811214
Africa_Eastern,SugarCrop,SugarCropAEZ06,SugarCropAEZ06,1990,CO_AWB,0.023045821781378
Africa_Eastern,SugarCrop,SugarCropAEZ07,SugarCropAEZ07,1990,CO_AWB,0.000659872284007138
Africa_Eastern,SugarCrop,SugarCropAEZ08,SugarCropAEZ08,1990,CO_AWB,0.000413088574905831
Africa_Eastern,SugarCrop,SugarCropAEZ09,SugarCropAEZ09,1990,CO_AWB,1.88073199833722e-05
Africa_Eastern,SugarCrop,SugarCropAEZ10,SugarCropAEZ10,1990,CO_AWB,0.000396710804908777
Africa_Eastern,SugarCrop,SugarCropAEZ11,SugarCropAEZ11,1990,CO_AWB,0.000766165095908552
Africa_Eastern,SugarCrop,SugarCropAEZ12,SugarCropAEZ12,1990,CO_AWB,4.15301200786228e-05
Africa_Eastern,Wheat,WheatAEZ01,WheatAEZ01,1990,CO_AWB,0.000402282172197428
Africa_Eastern,Wheat,WheatAEZ02,WheatAEZ02,1990,CO_AWB,0.00138168778676086
Africa_Eastern,Wheat,WheatAEZ03,WheatAEZ03,1990,CO_AWB,0.000818943297962725
Africa_Eastern,Wheat,WheatAEZ04,WheatAEZ04,1990,CO_AWB,0.00131205164687893
Africa_Eastern,Wheat,WheatAEZ05,WheatAEZ05,1990,CO_AWB,0.00193175462616684
Africa_Eastern,Wheat,WheatAEZ06,WheatAEZ06,1990,CO_AWB,0.000337022490643379
Africa_Eastern,Wheat,WheatAEZ07,WheatAEZ07,1990,CO_AWB,0
Africa_Eastern,Wheat,WheatAEZ08,WheatAEZ08,1990,CO_AWB,5.38374773122525e-05
Africa_Eastern,Wheat,WheatAEZ09,WheatAEZ09,1990,CO_AWB,0.000195984374476454
Africa_Eastern,Wheat,WheatAEZ10,WheatAEZ10,1990,CO_AWB,0.000419353879615826
Africa_Eastern,Wheat,WheatAEZ11,WheatAEZ11,1990,CO_AWB,0.000816907599517983
Africa_Eastern,Wheat,WheatAEZ12,WheatAEZ12,1990,CO_AWB,0.000201364015611393
Africa_Eastern,Corn,CornAEZ01,CornAEZ01,1990,N2O_AWB,1.6732328593972e-06
Africa_Eastern,Corn,CornAEZ02,CornAEZ02,1990,N2O_AWB,3.81861578948711e-06
Africa_Eastern,Corn,CornAEZ03,CornAEZ03,1990,N2O_AWB,2.21681615375684e-06
Africa_Eastern,Corn,CornAEZ04,CornAEZ04,1990,N2O_AWB,1.95127026804018e-06
Africa_Eastern,Corn,CornAEZ05,CornAEZ05,1990,N2O_AWB,3.68453027810404e-06
Africa_Eastern,Corn,CornAEZ06,CornAEZ06,1990,N2O_AWB,2.44462495698963e-06
Africa_Eastern,Corn,CornAEZ07,CornAEZ07,1990,N2O_AWB,1.2889717872016e-09
Africa_Eastern,Corn,CornAEZ08,CornAEZ08,1990,N2O_AWB,8.7847704206465e-08
Africa_Eastern,Corn,CornAEZ09,CornAEZ09,1990,N2O_AWB,6.10539037081569e-07
Africa_Eastern,Corn,CornAEZ10,CornAEZ10,1990,N2O_AWB,9.16724403997472e-07
Africa_Eastern,Corn,CornAEZ11,CornAEZ11,1990,N2O_AWB,8.69817039393655e-07
Africa_Eastern,Corn,CornAEZ12,CornAEZ12,1990,N2O_AWB,1.99421927992448e-08
Africa_Eastern,FiberCrop,FiberCropAEZ01,FiberCropAEZ01,1990,N2O_AWB,1.75768335913403e-07
Africa_Eastern,FiberCrop,FiberCropAEZ02,FiberCropAEZ02,1990,N2O_AWB,5.69981498188758e-07
Africa_Eastern,FiberCrop,FiberCropAEZ03,FiberCropAEZ03,1990,N2O_AWB,2.82428806420435e-07
Africa_Eastern,FiberCrop,FiberCropAEZ04,FiberCropAEZ04,1990,N2O_AWB,2.98434028119356e-07
Africa_Eastern,FiberCrop,FiberCropAEZ05,FiberCropAEZ05,1990,N2O_AWB,2.63071222759211e-07
Africa_Eastern,FiberCrop,FiberCropAEZ06,FiberCropAEZ06,1990,N2O_AWB,2.40336672644218e-07
Africa_Eastern,FiberCrop,FiberCropAEZ07,FiberCropAEZ07,1990,N2O_AWB,2.07907952891445e-08
Africa_Eastern,FiberCrop,FiberCropAEZ08,FiberCropAEZ08,1990,N2O_AWB,2.35341960876529e-08
Africa_Eastern,FiberCrop,FiberCropAEZ09,FiberCropAEZ09,1990,N2O_AWB,1.24006636990873e-08
Africa_Eastern,FiberCrop,FiberCropAEZ10,FiberCropAEZ10,1990,N2O_AWB,3.03803958381908e-08
Africa_Eastern,FiberCrop,FiberCropAEZ11,FiberCropAEZ11,1990,N2O_AWB,4.35314965270048e-08
Africa_Eastern,FiberCrop,FiberCropAEZ12,FiberCropAEZ12,1990,N2O_AWB,2.96484122170641e-09
Africa_Eastern,FodderGrass,FodderGrassAEZ01,FodderGrassAEZ01,1990,N2O_AWB,3.87785206650171e-07
Africa_Eastern,FodderGrass,FodderGrassAEZ02,FodderGrassAEZ02,1990,N2O_AWB,1.27727414052347e-06
Africa_Eastern,FodderGrass,FodderGrassAEZ03,FodderGrassAEZ03,1990,N2O_AWB,5.0648302645818e-07
Africa_Eastern,FodderGrass,FodderGrassAEZ04,FodderGrassAEZ04,1990,N2O_AWB,5.66453958590986e-07
Africa_Eastern,FodderGrass,FodderGrassAEZ05,FodderGrassAEZ05,1990,N2O_AWB,8.76166815587633e-08
Africa_Eastern,FodderGrass,FodderGrassAEZ06,FodderGrassAEZ06,1990,N2O_AWB,0
Africa_Eastern,FodderGrass,FodderGrassAEZ07,FodderGrassAEZ07,1990,N2O_AWB,5.60875731722605e-08
Africa_Eastern,FodderGrass,FodderGrassAEZ08,FodderGrassAEZ08,1990,N2O_AWB,4.98730575101969e-08
Africa_Eastern,FodderGrass,FodderGrassAEZ09,FodderGrassAEZ09,1990,N2O_AWB,0
Africa_Eastern,FodderGrass,FodderGrassAEZ10,FodderGrassAEZ10,1990,N2O_AWB,0
Africa_Eastern,FodderGrass,FodderGrassAEZ11,FodderGrassAEZ11,1990,N2O_AWB,0
Africa_Eastern,FodderGrass,FodderGrassAEZ12,FodderGrassAEZ12,1990,N2O_AWB,0
Africa_Eastern,FodderHerb,FodderHerbAEZ01,FodderHerbAEZ01,1990,N2O_AWB,3.97496104692344e-09
Africa_Eastern,FodderHerb,FodderHerbAEZ02,FodderHerbAEZ02,1990,N2O_AWB,2.61800679047232e-08
Africa_Eastern,FodderHerb,FodderHerbAEZ03,FodderHerbAEZ03,1990,N2O_AWB,1.10452328591716e-08
Africa_Eastern,FodderHerb,FodderHerbAEZ04,FodderHerbAEZ04,1990,N2O_AWB,3.50735747617887e-08
Africa_Eastern,FodderHerb,FodderHerbAEZ05,FodderHerbAEZ05,1990,N2O_AWB,7.33967848997091e-08
Africa_Eastern,FodderHerb,FodderHerbAEZ06,FodderHerbAEZ06,1990,N2O_AWB,7.53985955656032e-10
Africa_Eastern,FodderHerb,FodderHerbAEZ07,FodderHerbAEZ07,1990,N2O_AWB,0
Africa_Eastern,FodderHerb,FodderHerbAEZ08,FodderHerbAEZ08,1990,N2O_AWB,3.30695594585976e-09
Africa_Eastern,FodderHerb,FodderHerbAEZ09,FodderHerbAEZ09,1990,N2O_AWB,2.03267558805514e-09
Africa_Eastern,FodderHerb,FodderHerbAEZ10,FodderHerbAEZ10,1990,N2O_AWB,1.39046474336917e-08
Africa_Eastern,FodderHerb,FodderHerbAEZ11,FodderHerbAEZ11,1990,N2O_AWB,1.06924908916133e-08
Africa_Eastern,FodderHerb,FodderHerbAEZ12,FodderHerbAEZ12,1990,N2O_AWB,1.00972388213585e-09
Africa_Eastern,MiscCrop,MiscCropAEZ01,MiscCropAEZ01,1990,N2O_AWB,2.89398673657886e-06
Africa_Eastern,MiscCrop,MiscCropAEZ02,MiscCropAEZ02,1990,N2O_AWB,5.63384718145613e-06
Africa_Eastern,MiscCrop,MiscCropAEZ03,MiscCropAEZ03,1990,N2O_AWB,6.47306365588835e-06
Africa_Eastern,MiscCrop,MiscCropAEZ04,MiscCropAEZ04,1990,N2O_AWB,7.41722181151559e-06
Africa_Eastern,MiscCrop,MiscCropAEZ05,MiscCropAEZ05,1990,N2O_AWB,3.16682632403778e-05
Africa_Eastern,MiscCrop,MiscCropAEZ06,MiscCropAEZ06,1990,N2O_AWB,2.51060417370721e-05
Africa_Eastern,MiscCrop,MiscCropAEZ07,MiscCropAEZ07,1990,N2O_AWB,5.45197219964343e-08
Africa_Eastern,MiscCrop,MiscCropAEZ08,MiscCropAEZ08,1990,N2O_AWB,1.05124992112345e-07
Africa_Eastern,MiscCrop,MiscCropAEZ09,MiscCropAEZ09,1990,N2O_AWB,2.47687420112268e-07
Africa_Eastern,MiscCrop,MiscCropAEZ10,MiscCropAEZ10,1990,N2O_AWB,5.17058994153907e-07
Africa_Eastern,MiscCrop,MiscCropAEZ11,MiscCropAEZ11,1990,N2O_AWB,7.31181421507234e-07
Africa_Eastern,MiscCrop,MiscCropAEZ12,MiscCropAEZ12,1990,N2O_AWB,9.12697419440167e-08
Africa_Eastern,OilCrop,OilCropAEZ01,OilCropAEZ01,1990,N2O_AWB,4.23917360482796e-07
Africa_Eastern,OilCrop,OilCropAEZ02,OilCropAEZ02,1990,N2O_AWB,1.31014517956426e-06
Africa_Eastern,OilCrop,OilCropAEZ03,OilCropAEZ03,1990,N2O_AWB,6.52269410656304e-07
Africa_Eastern,OilCrop,OilCropAEZ04,OilCropAEZ04,1990,N2O_AWB,9.35330754319257e-07
Africa_Eastern,OilCrop,OilCropAEZ05,OilCropAEZ05,1990,N2O_AWB,8.82142546483343e-07
Africa_Eastern,OilCrop,OilCropAEZ06,OilCropAEZ06,1990,N2O_AWB,3.04301773770886e-07
Africa_Eastern,OilCrop,OilCropAEZ07,OilCropAEZ07,1990,N2O_AWB,4.69669426179422e-08
Africa_Eastern,OilCrop,OilCropAEZ08,OilCropAEZ08,1990,N2O_AWB,5.40172119645984e-08
Africa_Eastern,OilCrop,OilCropAEZ09,OilCropAEZ09,1990,N2O_AWB,6.58473249361058e-09
Africa_Eastern,OilCrop,OilCropAEZ10,OilCropAEZ10,1990,N2O_AWB,4.96755206720246e-08
Africa_Eastern,OilCrop,OilCropAEZ11,OilCropAEZ11,1990,N2O_AWB,3.75317304626364e-08
Africa_Eastern,OilCrop,OilCropAEZ12,OilCropAEZ12,1990,N2O_AWB,7.03533233532837e-09
Africa_Eastern,OtherGrain,OtherGrainAEZ01,OtherGrainAEZ01,1990,N2O_AWB,1.25142460500861e-06
Africa_Eastern,OtherGrain,OtherGrainAEZ02,OtherGrainAEZ02,1990,N2O_AWB,5.15568049800308e-06
Africa_Eastern,OtherGrain,OtherGrainAEZ03,OtherGrainAEZ03,1990,N2O_AWB,2.67758068729514e-06
Africa_Eastern,OtherGrain,OtherGrainAEZ04,OtherGrainAEZ04,1990,N2O_AWB,4.40349894456705e-06
Africa_Eastern,OtherGrain,OtherGrainAEZ05,OtherGrainAEZ05,1990,N2O_AWB,6.94928930496365e-06
Africa_Eastern,OtherGrain,OtherGrainAEZ06,OtherGrainAEZ06,1990,N2O_AWB,2.05692464128737e-06
Africa_Eastern,OtherGrain,OtherGrainAEZ07,OtherGrainAEZ07,1990,N2O_AWB,0
Africa_Eastern,OtherGrain,OtherGrainAEZ08,OtherGrainAEZ08,1990,N2O_AWB,3.89140990445203e-07
Africa_Eastern,OtherGrain,OtherGrainAEZ09,OtherGrainAEZ09,1990,N2O_AWB,8.50106407395101e-07
Africa_Eastern,OtherGrain,OtherGrainAEZ10,OtherGrainAEZ10,1990,N2O_AWB,1.26192761450873e-06
Africa_Eastern,OtherGrain,OtherGrainAEZ11,OtherGrainAEZ11,1990,N2O_AWB,1.5210781527603e-06
Africa_Eastern,OtherGrain,OtherGrainAEZ12,OtherGrainAEZ12,1990,N2O_AWB,3.37276770456339e-07
Africa_Eastern,PalmFruit,PalmFruitAEZ01,PalmFruitAEZ01,1990,N2O_AWB,3.87695291614409e-09
Africa_Eastern,PalmFruit,PalmFruitAEZ02,PalmFruitAEZ02,1990,N2O_AWB,2.07108241943363e-08
Africa_Eastern,PalmFruit,PalmFruitAEZ03,PalmFruitAEZ03,1990,N2O_AWB,1.08655907576738e-07
Africa_Eastern,PalmFruit,PalmFruitAEZ04,PalmFruitAEZ04,1990,N2O_AWB,9.64480610574957e-08
Africa_Eastern,PalmFruit,PalmFruitAEZ05,PalmFruitAEZ05,1990,N2O_AWB,1.99435316850838e-07
Africa_Eastern,PalmFruit,PalmFruitAEZ06,PalmFruitAEZ06,1990,N2O_AWB,3.40362049223052e-07
Africa_Eastern,PalmFruit,PalmFruitAEZ07,PalmFruitAEZ07,1990,N2O_AWB,0
Africa_Eastern,PalmFruit,PalmFruitAEZ08,PalmFruitAEZ08,1990,N2O_AWB,0
Africa_Eastern,PalmFruit,PalmFruitAEZ09,PalmFruitAEZ09,1990,N2O_AWB,0
Africa_Eastern,PalmFruit,PalmFruitAEZ10,PalmFruitAEZ10,1990,N2O_AWB,0
Africa_Eastern,PalmFruit,PalmFruitAEZ11,PalmFruitAEZ11,1990,N2O_AWB,0
Africa_Eastern,PalmFruit,PalmFruitAEZ12,PalmFruitAEZ12,1990,N2O_AWB,0
Africa_Eastern,Rice,RiceAEZ01,RiceAEZ01,1990,N2O_AWB,2.55057160238636e-10
Africa_Eastern,Rice,RiceAEZ02,RiceAEZ02,1990,N2O_AWB,5.90195280924797e-08
Africa_Eastern,Rice,RiceAEZ03,RiceAEZ03,1990,N2O_AWB,8.6402534694374e-07
Africa_Eastern,Rice,RiceAEZ04,RiceAEZ04,1990,N2O_AWB,1.55355665694723e-06
Africa_Eastern,Rice,RiceAEZ05,RiceAEZ05,1990,N2O_AWB,1.51482640186168e-06
Africa_Eastern,Rice,RiceAEZ06,RiceAEZ06,1990,N2O_AWB,4.17288188671956e-06
Africa_Eastern,Rice,RiceAEZ07,RiceAEZ07,1990,N2O_AWB,0
Africa_Eastern,Rice,RiceAEZ08,RiceAEZ08,1990,N2O_AWB,0
Africa_Eastern,Rice,RiceAEZ09,RiceAEZ09,1990,N2O_AWB,0
Africa_Eastern,Rice,RiceAEZ10,RiceAEZ10,1990,N2O_AWB,1.57143162176614e-07
Africa_Eastern,Rice,RiceAEZ11,RiceAEZ11,1990,N2O_AWB,4.27657485112451e-08
Africa_Eastern,Rice,RiceAEZ12,RiceAEZ12,1990,N2O_AWB,0
Africa_Eastern,Root_Tuber,Root_TuberAEZ01,Root_TuberAEZ01,1990,N2O_AWB,1.61425935778312e-06
Africa_Eastern,Root_Tuber,Root_TuberAEZ02,Root_TuberAEZ02,1990,N2O_AWB,4.80586790358148e-06
Africa_Eastern,Root_Tuber,Root_TuberAEZ03,Root_TuberAEZ03,1990,N2O_AWB,2.85106138733436e-06
Africa_Eastern,Root_Tuber,Root_TuberAEZ04,Root_TuberAEZ04,1990,N2O_AWB,4.23785680103572e-06
Africa_Eastern,Root_Tuber,Root_TuberAEZ05,Root_TuberAEZ05,1990,N2O_AWB,1.9405209646272e-05
Africa_Eastern,Root_Tuber,Root_TuberAEZ06,Root_TuberAEZ06,1990,N2O_AWB,1.77775794391563e-05
Africa_Eastern,Root_Tuber,Root_TuberAEZ07,Root_TuberAEZ07,1990,N2O_AWB,3.63795074750129e-09
Africa_Eastern,Root_Tuber,Root_TuberAEZ08,Root_TuberAEZ08,1990,N2O_AWB,1.88038496394034e-07
Africa_Eastern,Root_Tuber,Root_TuberAEZ09,Root_TuberAEZ09,1990,N2O_AWB,5.82768422146313e-07
Africa_Eastern,Root_Tuber,Root_TuberAEZ10,Root_TuberAEZ10,1990,N2O_AWB,1.45968019254738e-06
Africa_Eastern,Root_Tuber,Root_TuberAEZ11,Root_TuberAEZ11,1990,N2O_AWB,1.85057892059003e-06
Africa_Eastern,Root_Tuber,Root_TuberAEZ12,Root_TuberAEZ12,1990,N2O_AWB,1.54892041269667e-07
Africa_Eastern,SugarCrop,SugarCropAEZ01,SugarCropAEZ01,1990,N2O_AWB,6.62179922223554e-06
Africa_Eastern,SugarCrop,SugarCropAEZ02,SugarCropAEZ02,1990,N2O_AWB,1.59312227026696e-05
Africa_Eastern,SugarCrop,SugarCropAEZ03,SugarCropAEZ03,1990,N2O_AWB,1.01304576820374e-05
Africa_Eastern,SugarCrop,SugarCropAEZ04,SugarCropAEZ04,1990,N2O_AWB,7.47402706227424e-06
Africa_Eastern,SugarCrop,SugarCropAEZ05,SugarCropAEZ05,1990,N2O_AWB,1.22565608879395e-05
Africa_Eastern,SugarCrop,SugarCropAEZ06,SugarCropAEZ06,1990,N2O_AWB,1.51116464800628e-05
Africa_Eastern,SugarCrop,SugarCropAEZ07,SugarCropAEZ07,1990,N2O_AWB,4.32692605735807e-07
Africa_Eastern,SugarCrop,SugarCropAEZ08,SugarCropAEZ08,1990,N2O_AWB,2.70871161295451e-07
Africa_Eastern,SugarCrop,SugarCropAEZ09,SugarCropAEZ09,1990,N2O_AWB,1.23323686836715e-08
Africa_Eastern,SugarCrop,SugarCropAEZ10,SugarCropAEZ10,1990,N2O_AWB,2.6013190136907e-07
Africa_Eastern,SugarCrop,SugarCropAEZ11,SugarCropAEZ11,1990,N2O_AWB,5.02391113867286e-07
Africa_Eastern,SugarCrop,SugarCropAEZ12,SugarCropAEZ12,1990,N2O_AWB,2.72322028199413e-08
Africa_Eastern,Wheat,WheatAEZ01,WheatAEZ01,1990,N2O_AWB,2.63785168051221e-07
Africa_Eastern,Wheat,WheatAEZ02,WheatAEZ02,1990,N2O_AWB,9.06002726976829e-07
Africa_Eastern,Wheat,WheatAEZ03,WheatAEZ03,1990,N2O_AWB,5.36998928631368e-07
Africa_Eastern,Wheat,WheatAEZ04,WheatAEZ04,1990,N2O_AWB,8.60340795798391e-07
Africa_Eastern,Wheat,WheatAEZ05,WheatAEZ05,1990,N2O_AWB,1.26669351493673e-06
Africa_Eastern,Wheat,WheatAEZ06,WheatAEZ06,1990,N2O_AWB,2.20992975765714e-07
Africa_Eastern,Wheat,WheatAEZ07,WheatAEZ07,1990,N2O_AWB,0
Africa_Eastern,Wheat,WheatAEZ08,WheatAEZ08,1990,N2O_AWB,3.53024045850499e-08
Africa_Eastern,Wheat,WheatAEZ09,WheatAEZ09,1990,N2O_AWB,1.28511216080719e-07
Africa_Eastern,Wheat,WheatAEZ10,WheatAEZ10,1990,N2O_AWB,2.74979457834645e-07
Africa_Eastern,Wheat,WheatAEZ11,WheatAEZ11,1990,N2O_AWB,5.35664076894304e-07
Africa_Eastern,Wheat,WheatAEZ12,WheatAEZ12,1990,N2O_AWB,1.32038763754741e-07
Africa_Eastern,Corn,CornAEZ01,CornAEZ01,1990,NH3_AWB,3.1036961005811e-05
Africa_Eastern,Corn,CornAEZ02,CornAEZ02,1990,NH3_AWB,7.08318801467857e-05
Africa_Eastern,Corn,CornAEZ03,CornAEZ03,1990,NH3_AWB,4.11199410379679e-05
Africa_Eastern,Corn,CornAEZ04,CornAEZ04,1990,NH3_AWB,3.61943042660419e-05
Africa_Eastern,Corn,CornAEZ05,CornAEZ05,1990,NH3_AWB,6.83447147980607e-05
Africa_Eastern,Corn,CornAEZ06,CornAEZ06,1990,NH3_AWB,4.53455889524271e-05
Africa_Eastern,Corn,CornAEZ07,CornAEZ07,1990,NH3_AWB,2.3909264554713e-08
Africa_Eastern,Corn,CornAEZ08,CornAEZ08,1990,NH3_AWB,1.6294957122037e-06
Africa_Eastern,Corn,CornAEZ09,CornAEZ09,1990,NH3_AWB,1.13249486943812e-05
Africa_Eastern,Corn,CornAEZ10,CornAEZ10,1990,NH3_AWB,1.70044112032292e-05
Africa_Eastern,Corn,CornAEZ11,CornAEZ11,1990,NH3_AWB,1.61343218800859e-05
Africa_Eastern,Corn,CornAEZ12,CornAEZ12,1990,NH3_AWB,3.6990969714969e-07
Africa_Eastern,FiberCrop,FiberCropAEZ01,FiberCropAEZ01,1990,NH3_AWB,3.26034416379197e-06
Africa_Eastern,FiberCrop,FiberCropAEZ02,FiberCropAEZ02,1990,NH3_AWB,1.05726429133668e-05
Africa_Eastern,FiberCrop,FiberCropAEZ03,FiberCropAEZ03,1990,NH3_AWB,5.23879972985156e-06
Africa_Eastern,FiberCrop,FiberCropAEZ04,FiberCropAEZ04,1990,NH3_AWB,5.535682162544e-06
Africa_Eastern,FiberCrop,FiberCropAEZ05,FiberCropAEZ05,1990,NH3_AWB,4.87973400514629e-06
Africa_Eastern,FiberCrop,FiberCropAEZ06,FiberCropAEZ06,1990,NH3_AWB,4.45802859729414e-06
Africa_Eastern,FiberCrop,FiberCropAEZ07,FiberCropAEZ07,1990,NH3_AWB,3.85650508263057e-07
Africa_Eastern,FiberCrop,FiberCropAEZ08,FiberCropAEZ08,1990,NH3_AWB,4.36538119708419e-07
Africa_Eastern,FiberCrop,FiberCropAEZ09,FiberCropAEZ09,1990,NH3_AWB,2.30021131555716e-07
Africa_Eastern,FiberCrop,FiberCropAEZ10,FiberCropAEZ10,1990,NH3_AWB,5.63528952754807e-07
Africa_Eastern,FiberCrop,FiberCropAEZ11,FiberCropAEZ11,1990,NH3_AWB,8.07470013898718e-07
Africa_Eastern,FiberCrop,FiberCropAEZ12,FiberCropAEZ12,1990,NH3_AWB,5.49951316517141e-08
Africa_Eastern,FodderGrass,FodderGrassAEZ01,FodderGrassAEZ01,1990,NH3_AWB,7.19306596797755e-06
Africa_Eastern,FodderGrass,FodderGrassAEZ02,FodderGrassAEZ02,1990,NH3_AWB,2.36922837550772e-05
Africa_Eastern,FodderGrass,FodderGrassAEZ03,FodderGrassAEZ03,1990,NH3_AWB,9.39480351106115e-06
Africa_Eastern,FodderGrass,FodderGrassAEZ04,FodderGrassAEZ04,1990,NH3_AWB,1.05072102341509e-05
Africa_Eastern,FodderGrass,FodderGrassAEZ05,FodderGrassAEZ05,1990,NH3_AWB,1.62521045037185e-06
Africa_Eastern,FodderGrass,FodderGrassAEZ06,FodderGrassAEZ06,1990,NH3_AWB,0
Africa_Eastern,FodderGrass,FodderGrassAEZ07,FodderGrassAEZ07,1990,NH3_AWB,1.04037391549026e-06
Africa_Eastern,FodderGrass,FodderGrassAEZ08,FodderGrassAEZ08,1990,NH3_AWB,9.25100252777851e-07
Africa_Eastern,FodderGrass,FodderGrassAEZ09,FodderGrassAEZ09,1990,NH3_AWB,0
Africa_Eastern,FodderGrass,FodderGrassAEZ10,FodderGrassAEZ10,1990,NH3_AWB,0
Africa_Eastern,FodderGrass,FodderGrassAEZ11,FodderGrassAEZ11,1990,NH3_AWB,0
Africa_Eastern,FodderGrass,FodderGrassAEZ12,FodderGrassAEZ12,1990,NH3_AWB,0
Africa_Eastern,FodderHerb,FodderHerbAEZ01,FodderHerbAEZ01,1990,NH3_AWB,7.37319437160864e-08
Africa_Eastern,FodderHerb,FodderHerbAEZ02,FodderHerbAEZ02,1990,NH3_AWB,4.85616656477275e-07
Africa_Eastern,FodderHerb,FodderHerbAEZ03,FodderHerbAEZ03,1990,NH3_AWB,2.04879111490623e-07
Africa_Eastern,FodderHerb,FodderHerbAEZ04,FodderHerbAEZ04,1990,NH3_AWB,6.50583190559744e-07
Africa_Eastern,FodderHerb,FodderHerbAEZ05,FodderHerbAEZ05,1990,NH3_AWB,1.36144418757402e-06
Africa_Eastern,FodderHerb,FodderHerbAEZ06,FodderHerbAEZ06,1990,NH3_AWB,1.39857597065456e-08
Africa_Eastern,FodderHerb,FodderHerbAEZ07,FodderHerbAEZ07,1990,NH3_AWB,0
Africa_Eastern,FodderHerb,FodderHerbAEZ08,FodderHerbAEZ08,1990,NH3_AWB,6.13410513444978e-08
Africa_Eastern,FodderHerb,FodderHerbAEZ09,FodderHerbAEZ09,1990,NH3_AWB,3.77042995597514e-08
Africa_Eastern,FodderHerb,FodderHerbAEZ10,FodderHerbAEZ10,1990,NH3_AWB,2.57918673886499e-07
Africa_Eastern,FodderHerb,FodderHerbAEZ11,FodderHerbAEZ11,1990,NH3_AWB,1.98336066013877e-07
Africa_Eastern,FodderHerb,FodderHerbAEZ12,FodderHerbAEZ12,1990,NH3_AWB,1.87294676771868e-08
Africa_Eastern,MiscCrop,MiscCropAEZ01,MiscCropAEZ01,1990,NH3_AWB,5.36808448328533e-05
Africa_Eastern,MiscCrop,MiscCropAEZ02,MiscCropAEZ02,1990,NH3_AWB,0.000104502785910233
Africa_Eastern,MiscCrop,MiscCropAEZ03,MiscCropAEZ03,1990,NH3_AWB,0.000120069494898826
Africa_Eastern,MiscCrop,MiscCropAEZ04,MiscCropAEZ04,1990,NH3_AWB,0.000137582777461348
Africa_Eastern,MiscCrop,MiscCropAEZ05,MiscCropAEZ05,1990,NH3_AWB,0.000587417731963178
Africa_Eastern,MiscCrop,MiscCropAEZ06,MiscCropAEZ06,1990,NH3_AWB,0.000465694439376772
Africa_Eastern,MiscCrop,MiscCropAEZ07,MiscCropAEZ07,1990,NH3_AWB,1.01129168970576e-06
Africa_Eastern,MiscCrop,MiscCropAEZ08,MiscCropAEZ08,1990,NH3_AWB,1.94997382617893e-06
Africa_Eastern,MiscCrop,MiscCropAEZ09,MiscCropAEZ09,1990,NH3_AWB,4.59437833561546e-06
Africa_Eastern,MiscCrop,MiscCropAEZ10,MiscCropAEZ10,1990,NH3_AWB,9.59097817684512e-06
Africa_Eastern,MiscCrop,MiscCropAEZ11,MiscCropAEZ11,1990,NH3_AWB,1.35627561579619e-05
Africa_Eastern,MiscCrop,MiscCropAEZ12,MiscCropAEZ12,1990,NH3_AWB,1.69297142702983e-06
Africa_Eastern,OilCrop,OilCropAEZ01,OilCropAEZ01,1990,NH3_AWB,7.86328484591852e-06
Africa_Eastern,OilCrop,OilCropAEZ02,OilCropAEZ02,1990,NH3_AWB,2.43020118937518e-05
Africa_Eastern,OilCrop,OilCropAEZ03,OilCropAEZ03,1990,NH3_AWB,1.20990095013532e-05
Africa_Eastern,OilCrop,OilCropAEZ04,OilCropAEZ04,1990,NH3_AWB,1.73495422267771e-05
Africa_Eastern,OilCrop,OilCropAEZ05,OilCropAEZ05,1990,NH3_AWB,1.63629489242962e-05
Africa_Eastern,OilCrop,OilCropAEZ06,OilCropAEZ06,1990,NH3_AWB,5.64452355419834e-06
Africa_Eastern,OilCrop,OilCropAEZ07,OilCropAEZ07,1990,NH3_AWB,8.71194441591588e-07
Africa_Eastern,OilCrop,OilCropAEZ08,OilCropAEZ08,1990,NH3_AWB,1.00197058166301e-06
Africa_Eastern,OilCrop,OilCropAEZ09,OilCropAEZ09,1990,NH3_AWB,1.22140851161335e-07
Africa_Eastern,OilCrop,OilCropAEZ10,OilCropAEZ10,1990,NH3_AWB,9.21436122522977e-07
Africa_Eastern,OilCrop,OilCropAEZ11,OilCropAEZ11,1990,NH3_AWB,6.96179762611832e-07
Africa_Eastern,OilCrop,OilCropAEZ12,OilCropAEZ12,1990,NH3_AWB,1.30499071978047e-07
Africa_Eastern,OtherGrain,OtherGrainAEZ01,OtherGrainAEZ01,1990,NH3_AWB,2.3212798176434e-05
Africa_Eastern,OtherGrain,OtherGrainAEZ02,OtherGrainAEZ02,1990,NH3_AWB,9.56332250327608e-05
Africa_Eastern,OtherGrain,OtherGrainAEZ03,OtherGrainAEZ03,1990,NH3_AWB,4.9666707723772e-05
Africa_Eastern,OtherGrain,OtherGrainAEZ04,OtherGrainAEZ04,1990,NH3_AWB,8.16809353606019e-05
Africa_Eastern,OtherGrain,OtherGrainAEZ05,OtherGrainAEZ05,1990,NH3_AWB,0.000128903051338568
Africa_Eastern,OtherGrain,OtherGrainAEZ06,OtherGrainAEZ06,1990,NH3_AWB,3.81540976349982e-05
Africa_Eastern,OtherGrain,OtherGrainAEZ07,OtherGrainAEZ07,1990,NH3_AWB,0
Africa_Eastern,OtherGrain,OtherGrainAEZ08,OtherGrainAEZ08,1990,NH3_AWB,7.21821453504182e-06
Africa_Eastern,OtherGrain,OtherGrainAEZ09,OtherGrainAEZ09,1990,NH3_AWB,1.57687074270208e-05
Africa_Eastern,OtherGrain,OtherGrainAEZ10,OtherGrainAEZ10,1990,NH3_AWB,2.34076195334664e-05
Africa_Eastern,OtherGrain,OtherGrainAEZ11,OtherGrainAEZ11,1990,NH3_AWB,2.82146283757662e-05
Africa_Eastern,OtherGrain,OtherGrainAEZ12,OtherGrainAEZ12,1990,NH3_AWB,6.25618001345642e-06
Africa_Eastern,PalmFruit,PalmFruitAEZ01,PalmFruitAEZ01,1990,NH3_AWB,7.19139812512882e-08
Africa_Eastern,PalmFruit,PalmFruitAEZ02,PalmFruitAEZ02,1990,NH3_AWB,3.84167116553878e-07
Africa_Eastern,PalmFruit,PalmFruitAEZ03,PalmFruitAEZ03,1990,NH3_AWB,2.0154691246771e-06
Africa_Eastern,PalmFruit,PalmFruitAEZ04,PalmFruitAEZ04,1990,NH3_AWB,1.78902457796938e-06
Africa_Eastern,PalmFruit,PalmFruitAEZ05,PalmFruitAEZ05,1990,NH3_AWB,3.69934532274904e-06
Africa_Eastern,PalmFruit,PalmFruitAEZ06,PalmFruitAEZ06,1990,NH3_AWB,6.31340915298517e-06
Africa_Eastern,PalmFruit,PalmFruitAEZ07,PalmFruitAEZ07,1990,NH3_AWB,0
Africa_Eastern,PalmFruit,PalmFruitAEZ08,PalmFruitAEZ08,1990,NH3_AWB,0
Africa_Eastern,PalmFruit,PalmFruitAEZ09,PalmFruitAEZ09,1990,NH3_AWB,0
Africa_Eastern,PalmFruit,PalmFruitAEZ10,PalmFruitAEZ10,1990,NH3_AWB,0
Africa_Eastern,PalmFruit,PalmFruitAEZ11,PalmFruitAEZ11,1990,NH3_AWB,0
Africa_Eastern,PalmFruit,PalmFruitAEZ12,PalmFruitAEZ12,1990,NH3_AWB,0
Africa_Eastern,Rice,RiceAEZ01,RiceAEZ01,1990,NH3_AWB,4.73108037062537e-09
Africa_Eastern,Rice,RiceAEZ02,RiceAEZ02,1990,NH3_AWB,1.09475903589868e-06
Africa_Eastern,Rice,RiceAEZ03,RiceAEZ03,1990,NH3_AWB,1.60268912067542e-05
Africa_Eastern,Rice,RiceAEZ04,RiceAEZ04,1990,NH3_AWB,2.88170753467992e-05
Africa_Eastern,Rice,RiceAEZ05,RiceAEZ05,1990,NH3_AWB,2.80986640329858e-05
Africa_Eastern,Rice,RiceAEZ06,RiceAEZ06,1990,NH3_AWB,7.74031968548771e-05
Africa_Eastern,Rice,RiceAEZ07,RiceAEZ07,1990,NH3_AWB,0
Africa_Eastern,Rice,RiceAEZ08,RiceAEZ08,1990,NH3_AWB,0
Africa_Eastern,Rice,RiceAEZ09,RiceAEZ09,1990,NH3_AWB,0
Africa_Eastern,Rice,RiceAEZ10,RiceAEZ10,1990,NH3_AWB,2.91486398286638e-06
Africa_Eastern,Rice,RiceAEZ11,RiceAEZ11,1990,NH3_AWB,7.93266078581567e-07
Africa_Eastern,Rice,RiceAEZ12,RiceAEZ12,1990,NH3_AWB,0
Africa_Eastern,Root_Tuber,Root_TuberAEZ01,Root_TuberAEZ01,1990,NH3_AWB,2.99430557195906e-05
Africa_Eastern,Root_Tuber,Root_TuberAEZ02,Root_TuberAEZ02,1990,NH3_AWB,8.91445167866676e-05
Africa_Eastern,Root_Tuber,Root_TuberAEZ03,Root_TuberAEZ03,1990,NH3_AWB,5.2884618304561e-05
Africa_Eastern,Root_Tuber,Root_TuberAEZ04,Root_TuberAEZ04,1990,NH3_AWB,7.86084229360293e-05
Africa_Eastern,Root_Tuber,Root_TuberAEZ05,Root_TuberAEZ05,1990,NH3_AWB,0.000359949143789771
Africa_Eastern,Root_Tuber,Root_TuberAEZ06,Root_TuberAEZ06,1990,NH3_AWB,0.000329758070869815
Africa_Eastern,Root_Tuber,Root_TuberAEZ07,Root_TuberAEZ07,1990,NH3_AWB,6.7480706500072e-08
Africa_Eastern,Root_Tuber,Root_TuberAEZ08,Root_TuberAEZ08,1990,NH3_AWB,3.48794457830306e-06
Africa_Eastern,Root_Tuber,Root_TuberAEZ09,Root_TuberAEZ09,1990,NH3_AWB,1.08098288244765e-05
Africa_Eastern,Root_Tuber,Root_TuberAEZ10,Root_TuberAEZ10,1990,NH3_AWB,2.70757515683556e-05
Africa_Eastern,Root_Tuber,Root_TuberAEZ11,Root_TuberAEZ11,1990,NH3_AWB,3.43265705511071e-05
Africa_Eastern,Root_Tuber,Root_TuberAEZ12,Root_TuberAEZ12,1990,NH3_AWB,2.87310771958486e-06
Africa_Eastern,SugarCrop,SugarCropAEZ01,SugarCropAEZ01,1990,NH3_AWB,0.00012282840555909
Africa_Eastern,SugarCrop,SugarCropAEZ02,SugarCropAEZ02,1990,NH3_AWB,0.000295509818027229
Africa_Eastern,SugarCrop,SugarCropAEZ03,SugarCropAEZ03,1990,NH3_AWB,0.000187910856688344
Africa_Eastern,SugarCrop,SugarCropAEZ04,SugarCropAEZ04,1990,NH3_AWB,0.00013863646364903
Africa_Eastern,SugarCrop,SugarCropAEZ05,SugarCropAEZ05,1990,NH3_AWB,0.000227348154327649
Africa_Eastern,SugarCrop,SugarCropAEZ06,SugarCropAEZ06,1990,NH3_AWB,0.000280307418002943
Africa_Eastern,SugarCrop,SugarCropAEZ07,SugarCropAEZ07,1990,NH3_AWB,8.02605773386685e-06
Africa_Eastern,SugarCrop,SugarCropAEZ08,SugarCropAEZ08,1990,NH3_AWB,5.02441583280549e-06
Africa_Eastern,SugarCrop,SugarCropAEZ09,SugarCropAEZ09,1990,NH3_AWB,2.28754320592468e-07
Africa_Eastern,SugarCrop,SugarCropAEZ10,SugarCropAEZ10,1990,NH3_AWB,4.82521224336221e-06
Africa_Eastern,SugarCrop,SugarCropAEZ11,SugarCropAEZ11,1990,NH3_AWB,9.31890222164438e-06
Africa_Eastern,SugarCrop,SugarCropAEZ12,SugarCropAEZ12,1990,NH3_AWB,5.05132810581637e-07
Africa_Eastern,Wheat,WheatAEZ01,WheatAEZ01,1990,NH3_AWB,4.89297704664164e-06
Africa_Eastern,Wheat,WheatAEZ02,WheatAEZ02,1990,NH3_AWB,1.68055337608351e-05
Africa_Eastern,Wheat,WheatAEZ03,WheatAEZ03,1990,NH3_AWB,9.96084598416176e-06
Africa_Eastern,Wheat,WheatAEZ04,WheatAEZ04,1990,NH3_AWB,1.59585461048876e-05
Africa_Eastern,Wheat,WheatAEZ05,WheatAEZ05,1990,NH3_AWB,2.34960226896145e-05
Africa_Eastern,Wheat,WheatAEZ06,WheatAEZ06,1990,NH3_AWB,4.09922045988842e-06
Africa_Eastern,Wheat,WheatAEZ07,WheatAEZ07,1990,NH3_AWB,0
Africa_Eastern,Wheat,WheatAEZ08,WheatAEZ08,1990,NH3_AWB,6.54827777475211e-07
Africa_Eastern,Wheat,WheatAEZ09,WheatAEZ09,1990,NH3_AWB,2.3837671964819e-06
Africa_Eastern,Wheat,WheatAEZ10,WheatAEZ10,1990,NH3_AWB,5.10062102969196e-06
Africa_Eastern,Wheat,WheatAEZ11,WheatAEZ11,1990,NH3_AWB,9.93608568790107e-06
Africa_Eastern,Wheat,WheatAEZ12,WheatAEZ12,1990,NH3_AWB,2.44920002550498e-06
Africa_Eastern,Corn,CornAEZ01,CornAEZ01,1990,NMVOC_AWB,0.00016732328593972
Africa_Eastern,Corn,CornAEZ02,CornAEZ02,1990,NMVOC_AWB,0.000381861578948711
Africa_Eastern,Corn,CornAEZ03,CornAEZ03,1990,NMVOC_AWB,0.000221681615375684
Africa_Eastern,Corn,CornAEZ04,CornAEZ04,1990,NMVOC_AWB,0.000195127026804018
Africa_Eastern,Corn,CornAEZ05,CornAEZ05,1990,NMVOC_AWB,0.000368453027810404
Africa_Eastern,Corn,CornAEZ06,CornAEZ06,1990,NMVOC_AWB,0.000244462495698963
Africa_Eastern,Corn,CornAEZ07,CornAEZ07,1990,NMVOC_AWB,1.2889717872016e-07
Africa_Eastern,Corn,CornAEZ08,CornAEZ08,1990,NMVOC_AWB,8.7847704206465e-06
Africa_Eastern,Corn,CornAEZ09,CornAEZ09,1990,NMVOC_AWB,6.10539037081569e-05
Africa_Eastern,Corn,CornAEZ10,CornAEZ10,1990,NMVOC_AWB,9.16724403997472e-05
Africa_Eastern,Corn,CornAEZ11,CornAEZ11,1990,NMVOC_AWB,8.69817039393655e-05
Africa_Eastern,Corn,CornAEZ12,CornAEZ12,1990,NMVOC_AWB,1.99421927992448e-06
Africa_Eastern,FiberCrop,FiberCropAEZ01,FiberCropAEZ01,1990,NMVOC_AWB,1.75768335913403e-05
Africa_Eastern,FiberCrop,FiberCropAEZ02,FiberCropAEZ02,1990,NMVOC_AWB,5.69981498188758e-05
Africa_Eastern,FiberCrop,FiberCropAEZ03,FiberCropAEZ03,1990,NMVOC_AWB,2.82428806420435e-05
Africa_Eastern,FiberCrop,FiberCropAEZ04,FiberCropAEZ04,1990,NMVOC_AWB,2.98434028119356e-05
Africa_Eastern,FiberCrop,FiberCropAEZ05,FiberCropAEZ05,1990,NMVOC_AWB,2.63071222759211e-05
Africa_Eastern,FiberCrop,FiberCropAEZ06,FiberCropAEZ06,1990,NMVOC_AWB,2.40336672644217e-05
Africa_Eastern,FiberCrop,FiberCropAEZ07,FiberCropAEZ07,1990,NMVOC_AWB,2.07907952891445e-06
Africa_Eastern,FiberCrop,FiberCropAEZ08,FiberCropAEZ08,1990,NMVOC_AWB,2.35341960876529e-06
Africa_Eastern,FiberCrop,FiberCropAEZ09,FiberCropAEZ09,1990,NMVOC_AWB,1.24006636990873e-06
Africa_Eastern,FiberCrop,FiberCropAEZ10,FiberCropAEZ10,1990,NMVOC_AWB,3.03803958381908e-06
Africa_Eastern,FiberCrop,FiberCropAEZ11,FiberCropAEZ11,1990,NMVOC_AWB,4.35314965270048e-06
Africa_Eastern,FiberCrop,FiberCropAEZ12,FiberCropAEZ12,1990,NMVOC_AWB,2.96484122170641e-07
Africa_Eastern,FodderGrass,FodderGrassAEZ01,FodderGrassAEZ01,1990,NMVOC_AWB,3.87785206650171e-05
Africa_Eastern,FodderGrass,FodderGrassAEZ02,FodderGrassAEZ02,1990,NMVOC_AWB,0.000127727414052347
Africa_Eastern,FodderGrass,FodderGrassAEZ03,FodderGrassAEZ03,1990,NMVOC_AWB,5.06483026458179e-05
Africa_Eastern,FodderGrass,FodderGrassAEZ04,FodderGrassAEZ04,1990,NMVOC_AWB,5.66453958590986e-05
Africa_Eastern,FodderGrass,FodderGrassAEZ05,FodderGrassAEZ05,1990,NMVOC_AWB,8.76166815587633e-06
Africa_Eastern,FodderGrass,FodderGrassAEZ06,FodderGrassAEZ06,1990,NMVOC_AWB,0
Africa_Eastern,FodderGrass,FodderGrassAEZ07,FodderGrassAEZ07,1990,NMVOC_AWB,5.60875731722605e-06
Africa_Eastern,FodderGrass,FodderGrassAEZ08,FodderGrassAEZ08,1990,NMVOC_AWB,4.98730575101969e-06
Africa_Eastern,FodderGrass,FodderGrassAEZ09,FodderGrassAEZ09,1990,NMVOC_AWB,0
Africa_Eastern,FodderGrass,FodderGrassAEZ10,FodderGrassAEZ10,1990,NMVOC_AWB,0
Africa_Eastern,FodderGrass,FodderGrassAEZ11,FodderGrassAEZ11,1990,NMVOC_AWB,0
Africa_Eastern,FodderGrass,FodderGrassAEZ12,FodderGrassAEZ12,1990,NMVOC_AWB,0
Africa_Eastern,FodderHerb,FodderHerbAEZ01,FodderHerbAEZ01,1990,NMVOC_AWB,3.97496104692344e-07
Africa_Eastern,FodderHerb,FodderHerbAEZ02,FodderHerbAEZ02,1990,NMVOC_AWB,2.61800679047231e-06
Africa_Eastern,FodderHerb,FodderHerbAEZ03,FodderHerbAEZ03,1990,NMVOC_AWB,1.10452328591716e-06
Africa_Eastern,FodderHerb,FodderHerbAEZ04,FodderHerbAEZ04,1990,NMVOC_AWB,3.50735747617886e-06
Africa_Eastern,FodderHerb,FodderHerbAEZ05,FodderHerbAEZ05,1990,NMVOC_AWB,7.33967848997091e-06
Africa_Eastern,FodderHerb,FodderHerbAEZ06,FodderHerbAEZ06,1990,NMVOC_AWB,7.53985955656032e-08
Africa_Eastern,FodderHerb,FodderHerbAEZ07,FodderHerbAEZ07,1990,NMVOC_AWB,0
Africa_Eastern,FodderHerb,FodderHerbAEZ08,FodderHerbAEZ08,1990,NMVOC_AWB,3.30695594585976e-07
Africa_Eastern,FodderHerb,FodderHerbAEZ09,FodderHerbAEZ09,1990,NMVOC_AWB,2.03267558805514e-07
Africa_Eastern,FodderHerb,FodderHerbAEZ10,FodderHerbAEZ10,1990,NMVOC_AWB,1.39046474336917e-06
Africa_Eastern,FodderHerb,FodderHerbAEZ11,FodderHerbAEZ11,1990,NMVOC_AWB,1.06924908916133e-06
Africa_Eastern,FodderHerb,FodderHerbAEZ12,FodderHerbAEZ12,1990,NMVOC_AWB,1.00972388213585e-07
Africa_Eastern,MiscCrop,MiscCropAEZ01,MiscCropAEZ01,1990,NMVOC_AWB,0.000289398673657886
Africa_Eastern,MiscCrop,MiscCropAEZ02,MiscCropAEZ02,1990,NMVOC_AWB,0.000563384718145613
Africa_Eastern,MiscCrop,MiscCropAEZ03,MiscCropAEZ03,1990,NMVOC_AWB,0.000647306365588835
Africa_Eastern,MiscCrop,MiscCropAEZ04,MiscCropAEZ04,1990,NMVOC_AWB,0.000741722181151559
Africa_Eastern,MiscCrop,MiscCropAEZ05,MiscCropAEZ05,1990,NMVOC_AWB,0.00316682632403778
Africa_Eastern,MiscCrop,MiscCropAEZ06,MiscCropAEZ06,1990,NMVOC_AWB,0.00251060417370721
Africa_Eastern,MiscCrop,MiscCropAEZ07,MiscCropAEZ07,1990,NMVOC_AWB,5.45197219964342e-06
Africa_Eastern,MiscCrop,MiscCropAEZ08,MiscCropAEZ08,1990,NMVOC_AWB,1.05124992112345e-05
Africa_Eastern,MiscCrop,MiscCropAEZ09,MiscCropAEZ09,1990,NMVOC_AWB,2.47687420112268e-05
Africa_Eastern,MiscCrop,MiscCropAEZ10,MiscCropAEZ10,1990,NMVOC_AWB,5.17058994153907e-05
Africa_Eastern,MiscCrop,MiscCropAEZ11,MiscCropAEZ11,1990,NMVOC_AWB,7.31181421507233e-05
Africa_Eastern,MiscCrop,MiscCropAEZ12,MiscCropAEZ12,1990,NMVOC_AWB,9.12697419440167e-06
Africa_Eastern,OilCrop,OilCropAEZ01,OilCropAEZ01,1990,NMVOC_AWB,4.23917360482796e-05
Africa_Eastern,OilCrop,OilCropAEZ02,OilCropAEZ02,1990,NMVOC_AWB,0.000131014517956426
Africa_Eastern,OilCrop,OilCropAEZ03,OilCropAEZ03,1990,NMVOC_AWB,6.52269410656304e-05
Africa_Eastern,OilCrop,OilCropAEZ04,OilCropAEZ04,1990,NMVOC_AWB,9.35330754319257e-05
Africa_Eastern,OilCrop,OilCropAEZ05,OilCropAEZ05,1990,NMVOC_AWB,8.82142546483343e-05
Africa_Eastern,OilCrop,OilCropAEZ06,OilCropAEZ06,1990,NMVOC_AWB,3.04301773770886e-05
Africa_Eastern,OilCrop,OilCropAEZ07,OilCropAEZ07,1990,NMVOC_AWB,4.69669426179422e-06
Africa_Eastern,OilCrop,OilCropAEZ08,OilCropAEZ08,1990,NMVOC_AWB,5.40172119645984e-06
Africa_Eastern,OilCrop,OilCropAEZ09,OilCropAEZ09,1990,NMVOC_AWB,6.58473249361058e-07
Africa_Eastern,OilCrop,OilCropAEZ10,OilCropAEZ10,1990,NMVOC_AWB,4.96755206720246e-06
Africa_Eastern,OilCrop,OilCropAEZ11,OilCropAEZ11,1990,NMVOC_AWB,3.75317304626364e-06
Africa_Eastern,OilCrop,OilCropAEZ12,OilCropAEZ12,1990,NMVOC_AWB,7.03533233532837e-07
Africa_Eastern,OtherGrain,OtherGrainAEZ01,OtherGrainAEZ01,1990,NMVOC_AWB,0.000125142460500861
Africa_Eastern,OtherGrain,OtherGrainAEZ02,OtherGrainAEZ02,1990,NMVOC_AWB,0.000515568049800308
Africa_Eastern,OtherGrain,OtherGrainAEZ03,OtherGrainAEZ03,1990,NMVOC_AWB,0.000267758068729514
Africa_Eastern,OtherGrain,OtherGrainAEZ04,OtherGrainAEZ04,1990,NMVOC_AWB,0.000440349894456705
Africa_Eastern,OtherGrain,OtherGrainAEZ05,OtherGrainAEZ05,1990,NMVOC_AWB,0.000694928930496365
Africa_Eastern,OtherGrain,OtherGrainAEZ06,OtherGrainAEZ06,1990,NMVOC_AWB,0.000205692464128737
Africa_Eastern,OtherGrain,OtherGrainAEZ07,OtherGrainAEZ07,1990,NMVOC_AWB,0
Africa_Eastern,OtherGrain,OtherGrainAEZ08,OtherGrainAEZ08,1990,NMVOC_AWB,3.89140990445202e-05
Africa_Eastern,OtherGrain,OtherGrainAEZ09,OtherGrainAEZ09,1990,NMVOC_AWB,8.501064073951e-05
Africa_Eastern,OtherGrain,OtherGrainAEZ10,OtherGrainAEZ10,1990,NMVOC_AWB,0.000126192761450873
Africa_Eastern,OtherGrain,OtherGrainAEZ11,OtherGrainAEZ11,1990,NMVOC_AWB,0.00015210781527603
Africa_Eastern,OtherGrain,OtherGrainAEZ12,OtherGrainAEZ12,1990,NMVOC_AWB,3.37276770456339e-05
Africa_Eastern,PalmFruit,PalmFruitAEZ01,PalmFruitAEZ01,1990,NMVOC_AWB,3.87695291614409e-07
Africa_Eastern,PalmFruit,PalmFruitAEZ02,PalmFruitAEZ02,1990,NMVOC_AWB,2.07108241943363e-06
Africa_Eastern,PalmFruit,PalmFruitAEZ03,PalmFruitAEZ03,1990,NMVOC_AWB,1.08655907576738e-05
Africa_Eastern,PalmFruit,PalmFruitAEZ04,PalmFruitAEZ04,1990,NMVOC_AWB,9.64480610574957e-06
Africa_Eastern,PalmFruit,PalmFruitAEZ05,PalmFruitAEZ05,1990,NMVOC_AWB,1.99435316850838e-05
Africa_Eastern,PalmFruit,PalmFruitAEZ06,PalmFruitAEZ06,1990,NMVOC_AWB,3.40362049223052e-05
Africa_Eastern,PalmFruit,PalmFruitAEZ07,PalmFruitAEZ07,1990,NMVOC_AWB,0
Africa_Eastern,PalmFruit,PalmFruitAEZ08,PalmFruitAEZ08,1990,NMVOC_AWB,0
Africa_Eastern,PalmFruit,PalmFruitAEZ09,PalmFruitAEZ09,1990,NMVOC_AWB,0
Africa_Eastern,PalmFruit,PalmFruitAEZ10,PalmFruitAEZ10,1990,NMVOC_AWB,0
Africa_Eastern,PalmFruit,PalmFruitAEZ11,PalmFruitAEZ11,1990,NMVOC_AWB,0
Africa_Eastern,PalmFruit,PalmFruitAEZ12,PalmFruitAEZ12,1990,NMVOC_AWB,0
Africa_Eastern,Rice,RiceAEZ01,RiceAEZ01,1990,NMVOC_AWB,2.55057160238636e-08
Africa_Eastern,Rice,RiceAEZ02,RiceAEZ02,1990,NMVOC_AWB,5.90195280924797e-06
Africa_Eastern,Rice,RiceAEZ03,RiceAEZ03,1990,NMVOC_AWB,8.6402534694374e-05
Africa_Eastern,Rice,RiceAEZ04,RiceAEZ04,1990,NMVOC_AWB,0.000155355665694723
Africa_Eastern,Rice,RiceAEZ05,RiceAEZ05,1990,NMVOC_AWB,0.000151482640186168
Africa_Eastern,Rice,RiceAEZ06,RiceAEZ06,1990,NMVOC_AWB,0.000417288188671956
Africa_Eastern,Rice,RiceAEZ07,RiceAEZ07,1990,NMVOC_AWB,0
Africa_Eastern,Rice,RiceAEZ08,RiceAEZ08,1990,NMVOC_AWB,0
Africa_Eastern,Rice,RiceAEZ09,RiceAEZ09,1990,NMVOC_AWB,0
Africa_Eastern,Rice,RiceAEZ10,RiceAEZ10,1990,NMVOC_AWB,1.57143162176614e-05
Africa_Eastern,Rice,RiceAEZ11,RiceAEZ11,1990,NMVOC_AWB,4.27657485112451e-06
Africa_Eastern,Rice,RiceAEZ12,RiceAEZ12,1990,NMVOC_AWB,0
Africa_Eastern,Root_Tuber,Root_TuberAEZ01,Root_TuberAEZ01,1990,NMVOC_AWB,0.000161425935778312
Africa_Eastern,Root_Tuber,Root_TuberAEZ02,Root_TuberAEZ02,1990,NMVOC_AWB,0.000480586790358148
Africa_Eastern,Root_Tuber,Root_TuberAEZ03,Root_TuberAEZ03,1990,NMVOC_AWB,0.000285106138733436
Africa_Eastern,Root_Tuber,Root_TuberAEZ04,Root_TuberAEZ04,1990,NMVOC_AWB,0.000423785680103571
Africa_Eastern,Root_Tuber,Root_TuberAEZ05,Root_TuberAEZ05,1990,NMVOC_AWB,0.0019405209646272
Africa_Eastern,Root_Tuber,Root_TuberAEZ06,Root_TuberAEZ06,1990,NMVOC_AWB,0.00177775794391563
Africa_Eastern,Root_Tuber,Root_TuberAEZ07,Root_TuberAEZ07,1990,NMVOC_AWB,3.63795074750129e-07
Africa_Eastern,Root_Tuber,Root_TuberAEZ08,Root_TuberAEZ08,1990,NMVOC_AWB,1.88038496394034e-05
Africa_Eastern,Root_Tuber,Root_TuberAEZ09,Root_TuberAEZ09,1990,NMVOC_AWB,5.82768422146313e-05
Africa_Eastern,Root_Tuber,Root_TuberAEZ10,Root_TuberAEZ10,1990,NMVOC_AWB,0.000145968019254738
Africa_Eastern,Root_Tuber,Root_TuberAEZ11,Root_TuberAEZ11,1990,NMVOC_AWB,0.000185057892059003
Africa_Eastern,Root_Tuber,Root_TuberAEZ12,Root_TuberAEZ12,1990,NMVOC_AWB,1.54892041269667e-05
Africa_Eastern,SugarCrop,SugarCropAEZ01,SugarCropAEZ01,1990,NMVOC_AWB,0.000662179922223554
Africa_Eastern,SugarCrop,SugarCropAEZ02,SugarCropAEZ02,1990,NMVOC_AWB,0.00159312227026695
Africa_Eastern,SugarCrop,SugarCropAEZ03,SugarCropAEZ03,1990,NMVOC_AWB,0.00101304576820374
Africa_Eastern,SugarCrop,SugarCropAEZ04,SugarCropAEZ04,1990,NMVOC_AWB,0.000747402706227424
Africa_Eastern,SugarCrop,SugarCropAEZ05,SugarCropAEZ05,1990,NMVOC_AWB,0.00122565608879395
Africa_Eastern,SugarCrop,SugarCropAEZ06,SugarCropAEZ06,1990,NMVOC_AWB,0.00151116464800628
Africa_Eastern,SugarCrop,SugarCropAEZ07,SugarCropAEZ07,1990,NMVOC_AWB,4.32692605735807e-05
Africa_Eastern,SugarCrop,SugarCropAEZ08,SugarCropAEZ08,1990,NMVOC_AWB,2.70871161295451e-05
Africa_Eastern,SugarCrop,SugarCropAEZ09,SugarCropAEZ09,1990,NMVOC_AWB,1.23323686836715e-06
Africa_Eastern,SugarCrop,SugarCropAEZ10,SugarCropAEZ10,1990,NMVOC_AWB,2.6013190136907e-05
Africa_Eastern,SugarCrop,SugarCropAEZ11,SugarCropAEZ11,1990,NMVOC_AWB,5.02391113867286e-05
Africa_Eastern,SugarCrop,SugarCropAEZ12,SugarCropAEZ12,1990,NMVOC_AWB,2.72322028199413e-06
Africa_Eastern,Wheat,WheatAEZ01,WheatAEZ01,1990,NMVOC_AWB,2.63785168051221e-05
Africa_Eastern,Wheat,WheatAEZ02,WheatAEZ02,1990,NMVOC_AWB,9.06002726976829e-05
Africa_Eastern,Wheat,WheatAEZ03,WheatAEZ03,1990,NMVOC_AWB,5.36998928631368e-05
Africa_Eastern,Wheat,WheatAEZ04,WheatAEZ04,1990,NMVOC_AWB,8.60340795798391e-05
Africa_Eastern,Wheat,WheatAEZ05,WheatAEZ05,1990,NMVOC_AWB,0.000126669351493673
Africa_Eastern,Wheat,WheatAEZ06,WheatAEZ06,1990,NMVOC_AWB,2.20992975765714e-05
Africa_Eastern,Wheat,WheatAEZ07,WheatAEZ07,1990,NMVOC_AWB,0
Africa_Eastern,Wheat,WheatAEZ08,WheatAEZ08,1990,NMVOC_AWB,3.53024045850499e-06
Africa_Eastern,Wheat,WheatAEZ09,WheatAEZ09,1990,NMVOC_AWB,1.28511216080719e-05
Africa_Eastern,Wheat,WheatAEZ10,WheatAEZ10,1990,NMVOC_AWB,2.74979457834645e-05
Africa_Eastern,Wheat,WheatAEZ11,WheatAEZ11,1990,NMVOC_AWB,5.35664076894304e-05
Africa_Eastern,Wheat,WheatAEZ12,WheatAEZ12,1990,NMVOC_AWB,1.32038763754741e-05
Africa_Eastern,Corn,CornAEZ01,CornAEZ01,1990,NOx_AWB,9.0842372022684e-05
Africa_Eastern,Corn,CornAEZ02,CornAEZ02,1990,NOx_AWB,0.000207318493784096
Africa_Eastern,Corn,CornAEZ03,CornAEZ03,1990,NOx_AWB,0.000120354340768818
Africa_Eastern,Corn,CornAEZ04,CornAEZ04,1990,NOx_AWB,0.000105937448341749
Africa_Eastern,Corn,CornAEZ05,CornAEZ05,1990,NOx_AWB,0.000200038786217092
Africa_Eastern,Corn,CornAEZ06,CornAEZ06,1990,NOx_AWB,0.000132722429249205
Africa_Eastern,Corn,CornAEZ07,CornAEZ07,1990,NOx_AWB,6.99802504846191e-08
Africa_Eastern,Corn,CornAEZ08,CornAEZ08,1990,NOx_AWB,4.76938627044259e-06
Africa_Eastern,Corn,CornAEZ09,CornAEZ09,1990,NOx_AWB,3.3147098462384e-05
Africa_Eastern,Corn,CornAEZ10,CornAEZ10,1990,NOx_AWB,4.97703705031309e-05
Africa_Eastern,Corn,CornAEZ11,CornAEZ11,1990,NOx_AWB,4.72236979094079e-05
Africa_Eastern,Corn,CornAEZ12,CornAEZ12,1990,NOx_AWB,1.08269215909956e-06
Africa_Eastern,FiberCrop,FiberCropAEZ01,FiberCropAEZ01,1990,NOx_AWB,9.5427318864667e-06
Africa_Eastern,FiberCrop,FiberCropAEZ02,FiberCropAEZ02,1990,NOx_AWB,3.09451676218956e-05
Africa_Eastern,FiberCrop,FiberCropAEZ03,FiberCropAEZ03,1990,NOx_AWB,1.53334920233462e-05
Africa_Eastern,FiberCrop,FiberCropAEZ04,FiberCropAEZ04,1990,NOx_AWB,1.62024399977499e-05
Africa_Eastern,FiberCrop,FiberCropAEZ05,FiberCropAEZ05,1990,NOx_AWB,1.42825391888157e-05
Africa_Eastern,FiberCrop,FiberCropAEZ06,FiberCropAEZ06,1990,NOx_AWB,1.30482456786711e-05
Africa_Eastern,FiberCrop,FiberCropAEZ07,FiberCropAEZ07,1990,NOx_AWB,1.12876408665818e-06
Africa_Eastern,FiberCrop,FiberCropAEZ08,FiberCropAEZ08,1990,NOx_AWB,1.27770751347757e-06
Africa_Eastern,FiberCrop,FiberCropAEZ09,FiberCropAEZ09,1990,NOx_AWB,6.73251005533397e-07
Africa_Eastern,FiberCrop,FiberCropAEZ10,FiberCropAEZ10,1990,NOx_AWB,1.64939817278247e-06
Africa_Eastern,FiberCrop,FiberCropAEZ11,FiberCropAEZ11,1990,NOx_AWB,2.36339155067455e-06
Africa_Eastern,FiberCrop,FiberCropAEZ12,FiberCropAEZ12,1990,NOx_AWB,1.60965766203918e-07
Africa_Eastern,FodderGrass,FodderGrassAEZ01,FodderGrassAEZ01,1990,NOx_AWB,2.10534521896129e-05
Africa_Eastern,FodderGrass,FodderGrassAEZ02,FodderGrassAEZ02,1990,NOx_AWB,6.93451673487861e-05
Africa_Eastern,FodderGrass,FodderGrassAEZ03,FodderGrassAEZ03,1990,NOx_AWB,2.74977384374728e-05
Africa_Eastern,FodderGrass,FodderGrassAEZ04,FodderGrassAEZ04,1990,NOx_AWB,3.07536520999132e-05
Africa_Eastern,FodderGrass,FodderGrassAEZ05,FodderGrassAEZ05,1990,NOx_AWB,4.75684369742873e-06
Africa_Eastern,FodderGrass,FodderGrassAEZ06,FodderGrassAEZ06,1990,NOx_AWB,0
Africa_Eastern,FodderGrass,FodderGrassAEZ07,FodderGrassAEZ07,1990,NOx_AWB,3.04508016284092e-06
Africa_Eastern,FodderGrass,FodderGrassAEZ08,FodderGrassAEZ08,1990,NOx_AWB,2.70768459919095e-06
Africa_Eastern,FodderGrass,FodderGrassAEZ09,FodderGrassAEZ09,1990,NOx_AWB,0
Africa_Eastern,FodderGrass,FodderGrassAEZ10,FodderGrassAEZ10,1990,NOx_AWB,0
Africa_Eastern,FodderGrass,FodderGrassAEZ11,FodderGrassAEZ11,1990,NOx_AWB,0
Africa_Eastern,FodderGrass,FodderGrassAEZ12,FodderGrassAEZ12,1990,NOx_AWB,0
Africa_Eastern,FodderHerb,FodderHerbAEZ01,FodderHerbAEZ01,1990,NOx_AWB,2.15806717022271e-07
Africa_Eastern,FodderHerb,FodderHerbAEZ02,FodderHerbAEZ02,1990,NOx_AWB,1.42135594267303e-06
Africa_Eastern,FodderHerb,FodderHerbAEZ03,FodderHerbAEZ03,1990,NOx_AWB,5.99662591393e-07
Africa_Eastern,FodderHerb,FodderHerbAEZ04,FodderHerbAEZ04,1990,NOx_AWB,1.9041980372198e-06
Africa_Eastern,FodderHerb,FodderHerbAEZ05,FodderHerbAEZ05,1990,NOx_AWB,3.9848237510291e-06
Africa_Eastern,FodderHerb,FodderHerbAEZ06,FodderHerbAEZ06,1990,NOx_AWB,4.09350511489835e-08
Africa_Eastern,FodderHerb,FodderHerbAEZ07,FodderHerbAEZ07,1990,NOx_AWB,0
Africa_Eastern,FodderHerb,FodderHerbAEZ08,FodderHerbAEZ08,1990,NOx_AWB,1.79539698021856e-07
Africa_Eastern,FodderHerb,FodderHerbAEZ09,FodderHerbAEZ09,1990,NOx_AWB,1.10357067717434e-07
Africa_Eastern,FodderHerb,FodderHerbAEZ10,FodderHerbAEZ10,1990,NOx_AWB,7.54904583615899e-07
Africa_Eastern,FodderHerb,FodderHerbAEZ11,FodderHerbAEZ11,1990,NOx_AWB,5.8051169027067e-07
Africa_Eastern,FodderHerb,FodderHerbAEZ12,FodderHerbAEZ12,1990,NOx_AWB,5.48194544626737e-08
Africa_Eastern,MiscCrop,MiscCropAEZ01,MiscCropAEZ01,1990,NOx_AWB,0.000157118967797298
Africa_Eastern,MiscCrop,MiscCropAEZ02,MiscCropAEZ02,1990,NOx_AWB,0.000305870183401231
Africa_Eastern,MiscCrop,MiscCropAEZ03,MiscCropAEZ03,1990,NOx_AWB,0.000351432529819292
Africa_Eastern,MiscCrop,MiscCropAEZ04,MiscCropAEZ04,1990,NOx_AWB,0.000402692320672694
Africa_Eastern,MiscCrop,MiscCropAEZ05,MiscCropAEZ05,1990,NOx_AWB,0.00171931846451491
Africa_Eastern,MiscCrop,MiscCropAEZ06,MiscCropAEZ06,1990,NOx_AWB,0.00136304541874571
Africa_Eastern,MiscCrop,MiscCropAEZ07,MiscCropAEZ07,1990,NOx_AWB,2.95995912365578e-06
Africa_Eastern,MiscCrop,MiscCropAEZ08,MiscCropAEZ08,1990,NOx_AWB,5.70739666551363e-06
Africa_Eastern,MiscCrop,MiscCropAEZ09,MiscCropAEZ09,1990,NOx_AWB,1.34473290055298e-05
Africa_Eastern,MiscCrop,MiscCropAEZ10,MiscCropAEZ10,1990,NOx_AWB,2.80719239051556e-05
Africa_Eastern,MiscCrop,MiscCropAEZ11,MiscCropAEZ11,1990,NOx_AWB,3.96969580985664e-05
Africa_Eastern,MiscCrop,MiscCropAEZ12,MiscCropAEZ12,1990,NOx_AWB,4.95517393501328e-06
Africa_Eastern,OilCrop,OilCropAEZ01,OilCropAEZ01,1990,NOx_AWB,2.30151221042396e-05
Africa_Eastern,OilCrop,OilCropAEZ02,OilCropAEZ02,1990,NOx_AWB,7.11297863517809e-05
Africa_Eastern,OilCrop,OilCropAEZ03,OilCropAEZ03,1990,NOx_AWB,3.54127042922189e-05
Africa_Eastern,OilCrop,OilCropAEZ04,OilCropAEZ04,1990,NOx_AWB,5.07805377302584e-05
Africa_Eastern,OilCrop,OilCropAEZ05,OilCropAEZ05,1990,NOx_AWB,4.78928685476256e-05
Africa_Eastern,OilCrop,OilCropAEZ06,OilCropAEZ06,1990,NOx_AWB,1.65210088869617e-05
Africa_Eastern,OilCrop,OilCropAEZ07,OilCropAEZ07,1990,NOx_AWB,2.54990717526564e-06
Africa_Eastern,OilCrop,OilCropAEZ08,OilCropAEZ08,1990,NOx_AWB,2.93267708517513e-06
Africa_Eastern,OilCrop,OilCropAEZ09,OilCropAEZ09,1990,NOx_AWB,3.57495201875205e-07
Africa_Eastern,OilCrop,OilCropAEZ10,OilCropAEZ10,1990,NOx_AWB,2.69696002201052e-06
Africa_Eastern,OilCrop,OilCropAEZ11,OilCropAEZ11,1990,NOx_AWB,2.03765507125543e-06
Africa_Eastern,OilCrop,OilCropAEZ12,OilCropAEZ12,1990,NOx_AWB,3.81958956710522e-07
Africa_Eastern,OtherGrain,OtherGrainAEZ01,OtherGrainAEZ01,1990,NOx_AWB,6.79417565152813e-05
Africa_Eastern,OtherGrain,OtherGrainAEZ02,OtherGrainAEZ02,1990,NOx_AWB,0.000279909782550184
Africa_Eastern,OtherGrain,OtherGrainAEZ03,OtherGrainAEZ03,1990,NOx_AWB,0.000145369952275291
Africa_Eastern,OtherGrain,OtherGrainAEZ04,OtherGrainAEZ04,1990,NOx_AWB,0.000239072695158503
Africa_Eastern,OtherGrain,OtherGrainAEZ05,OtherGrainAEZ05,1990,NOx_AWB,0.000377287548944142
Africa_Eastern,OtherGrain,OtherGrainAEZ06,OtherGrainAEZ06,1990,NOx_AWB,0.000111673585919039
Africa_Eastern,OtherGrain,OtherGrainAEZ07,OtherGrainAEZ07,1990,NOx_AWB,0
Africa_Eastern,OtherGrain,OtherGrainAEZ08,OtherGrainAEZ08,1990,NOx_AWB,2.11270597662266e-05
Africa_Eastern,OtherGrain,OtherGrainAEZ09,OtherGrainAEZ09,1990,NOx_AWB,4.61535775404713e-05
Africa_Eastern,OtherGrain,OtherGrainAEZ10,OtherGrainAEZ10,1990,NOx_AWB,6.85119809708971e-05
Africa_Eastern,OtherGrain,OtherGrainAEZ11,OtherGrainAEZ11,1990,NOx_AWB,8.25816601990525e-05
Africa_Eastern,OtherGrain,OtherGrainAEZ12,OtherGrainAEZ12,1990,NOx_AWB,1.8311271909543e-05
Africa_Eastern,PalmFruit,PalmFruitAEZ01,PalmFruitAEZ01,1990,NOx_AWB,2.10485705647492e-07
Africa_Eastern,PalmFruit,PalmFruitAEZ02,PalmFruitAEZ02,1990,NOx_AWB,1.12442233356337e-06
Africa_Eastern,PalmFruit,PalmFruitAEZ03,PalmFruitAEZ03,1990,NOx_AWB,5.89909546846001e-06
Africa_Eastern,PalmFruit,PalmFruitAEZ04,PalmFruitAEZ04,1990,NOx_AWB,5.23631280263527e-06
Africa_Eastern,PalmFruit,PalmFruitAEZ05,PalmFruitAEZ05,1990,NOx_AWB,1.08276484926029e-05
Africa_Eastern,PalmFruit,PalmFruitAEZ06,PalmFruitAEZ06,1990,NOx_AWB,1.84787764143376e-05
Africa_Eastern,PalmFruit,PalmFruitAEZ07,PalmFruitAEZ07,1990,NOx_AWB,0
Africa_Eastern,PalmFruit,PalmFruitAEZ08,PalmFruitAEZ08,1990,NOx_AWB,0
Africa_Eastern,PalmFruit,PalmFruitAEZ09,PalmFruitAEZ09,1990,NOx_AWB,0
Africa_Eastern,PalmFruit,PalmFruitAEZ10,PalmFruitAEZ10,1990,NOx_AWB,0
Africa_Eastern,PalmFruit,PalmFruitAEZ11,PalmFruitAEZ11,1990,NOx_AWB,0
Africa_Eastern,PalmFruit,PalmFruitAEZ12,PalmFruitAEZ12,1990,NOx_AWB,0
Africa_Eastern,Rice,RiceAEZ01,RiceAEZ01,1990,NOx_AWB,1.38474434728677e-08
Africa_Eastern,Rice,RiceAEZ02,RiceAEZ02,1990,NOx_AWB,3.20426048142028e-06
Africa_Eastern,Rice,RiceAEZ03,RiceAEZ03,1990,NOx_AWB,4.6909258064875e-05
Africa_Eastern,Rice,RiceAEZ04,RiceAEZ04,1990,NOx_AWB,8.43449678842433e-05
Africa_Eastern,Rice,RiceAEZ05,RiceAEZ05,1990,NOx_AWB,8.22422430774388e-05
Africa_Eastern,Rice,RiceAEZ06,RiceAEZ06,1990,NOx_AWB,0.000226552142238387
Africa_Eastern,Rice,RiceAEZ07,RiceAEZ07,1990,NOx_AWB,0
Africa_Eastern,Rice,RiceAEZ08,RiceAEZ08,1990,NOx_AWB,0
Africa_Eastern,Rice,RiceAEZ09,RiceAEZ09,1990,NOx_AWB,0
Africa_Eastern,Rice,RiceAEZ10,RiceAEZ10,1990,NOx_AWB,8.5315427073383e-06
Africa_Eastern,Rice,RiceAEZ11,RiceAEZ11,1990,NOx_AWB,2.3218179192863e-06
Africa_Eastern,Rice,RiceAEZ12,RiceAEZ12,1990,NOx_AWB,0
Africa_Eastern,Root_Tuber,Root_TuberAEZ01,Root_TuberAEZ01,1990,NOx_AWB,8.76406103891976e-05
Africa_Eastern,Root_Tuber,Root_TuberAEZ02,Root_TuberAEZ02,1990,NOx_AWB,0.000260917921577459
Africa_Eastern,Root_Tuber,Root_TuberAEZ03,Root_TuberAEZ03,1990,NOx_AWB,0.000154788484910011
Africa_Eastern,Root_Tuber,Root_TuberAEZ04,Root_TuberAEZ04,1990,NOx_AWB,0.000230079729749773
Africa_Eastern,Root_Tuber,Root_TuberAEZ05,Root_TuberAEZ05,1990,NOx_AWB,0.00105353852212769
Africa_Eastern,Root_Tuber,Root_TuberAEZ06,Root_TuberAEZ06,1990,NOx_AWB,0.000965171987870515
Africa_Eastern,Root_Tuber,Root_TuberAEZ07,Root_TuberAEZ07,1990,NOx_AWB,1.97509912232881e-07
Africa_Eastern,Root_Tuber,Root_TuberAEZ08,Root_TuberAEZ08,1990,NOx_AWB,1.02088976725971e-05
Africa_Eastern,Root_Tuber,Root_TuberAEZ09,Root_TuberAEZ09,1990,NOx_AWB,3.16393892878486e-05
Africa_Eastern,Root_Tuber,Root_TuberAEZ10,Root_TuberAEZ10,1990,NOx_AWB,7.92482709987559e-05
Africa_Eastern,Root_Tuber,Root_TuberAEZ11,Root_TuberAEZ11,1990,NOx_AWB,0.000100470761028528
Africa_Eastern,Root_Tuber,Root_TuberAEZ12,Root_TuberAEZ12,1990,NOx_AWB,8.40932590903168e-06
Africa_Eastern,SugarCrop,SugarCropAEZ01,SugarCropAEZ01,1990,NOx_AWB,0.000359507611285229
Africa_Eastern,SugarCrop,SugarCropAEZ02,SugarCropAEZ02,1990,NOx_AWB,0.000864930455676993
Africa_Eastern,SugarCrop,SugarCropAEZ03,SugarCropAEZ03,1990,NOx_AWB,0.00054999804739864
Africa_Eastern,SugarCrop,SugarCropAEZ04,SugarCropAEZ04,1990,NOx_AWB,0.000405776364649764
Africa_Eastern,SugarCrop,SugarCropAEZ05,SugarCropAEZ05,1990,NOx_AWB,0.000665427443435458
Africa_Eastern,SugarCrop,SugarCropAEZ06,SugarCropAEZ06,1990,NOx_AWB,0.000820434408580589
Africa_Eastern,SugarCrop,SugarCropAEZ07,SugarCropAEZ07,1990,NOx_AWB,2.34915435953592e-05
Africa_Eastern,SugarCrop,SugarCropAEZ08,SugarCropAEZ08,1990,NOx_AWB,1.47060097860394e-05
Africa_Eastern,SugarCrop,SugarCropAEZ09,SugarCropAEZ09,1990,NOx_AWB,6.69543164653477e-07
Africa_Eastern,SugarCrop,SugarCropAEZ10,SugarCropAEZ10,1990,NOx_AWB,1.41229589333134e-05
Africa_Eastern,SugarCrop,SugarCropAEZ11,SugarCropAEZ11,1990,NOx_AWB,2.72755822421897e-05
Africa_Eastern,SugarCrop,SugarCropAEZ12,SugarCropAEZ12,1990,NOx_AWB,1.47847795701163e-06
Africa_Eastern,Wheat,WheatAEZ01,WheatAEZ01,1990,NOx_AWB,1.43213003710722e-05
Africa_Eastern,Wheat,WheatAEZ02,WheatAEZ02,1990,NOx_AWB,4.91882742532597e-05
Africa_Eastern,Wheat,WheatAEZ03,WheatAEZ03,1990,NOx_AWB,2.91544934565102e-05
Africa_Eastern,Wheat,WheatAEZ04,WheatAEZ04,1990,NOx_AWB,4.67092181457433e-05
Africa_Eastern,Wheat,WheatAEZ05,WheatAEZ05,1990,NOx_AWB,6.8770728997074e-05
Africa_Eastern,Wheat,WheatAEZ06,WheatAEZ06,1990,NOx_AWB,1.19980467788216e-05
Africa_Eastern,Wheat,WheatAEZ07,WheatAEZ07,1990,NOx_AWB,0
Africa_Eastern,Wheat,WheatAEZ08,WheatAEZ08,1990,NOx_AWB,1.91662155843972e-06
Africa_Eastern,Wheat,WheatAEZ09,WheatAEZ09,1990,NOx_AWB,6.97707054623469e-06
Africa_Eastern,Wheat,WheatAEZ10,WheatAEZ10,1990,NOx_AWB,1.49290554909435e-05
Africa_Eastern,Wheat,WheatAEZ11,WheatAEZ11,1990,NOx_AWB,2.90820223133501e-05
Africa_Eastern,Wheat,WheatAEZ12,WheatAEZ12,1990,NOx_AWB,7.16858650668902e-06
Africa_Eastern,Corn,CornAEZ01,CornAEZ01,1990,SO2_AWB,1.29535115115601e-05
Africa_Eastern,Corn,CornAEZ02,CornAEZ02,1990,SO2_AWB,2.95622233985811e-05
Africa_Eastern,Corn,CornAEZ03,CornAEZ03,1990,SO2_AWB,1.71617198439713e-05
Africa_Eastern,Corn,CornAEZ04,CornAEZ04,1990,SO2_AWB,1.5105967909529e-05
Africa_Eastern,Corn,CornAEZ05,CornAEZ05,1990,SO2_AWB,2.85241860414497e-05
Africa_Eastern,Corn,CornAEZ06,CornAEZ06,1990,SO2_AWB,1.89253261098521e-05
Africa_Eastern,Corn,CornAEZ07,CornAEZ07,1990,SO2_AWB,9.97871323756295e-09
Africa_Eastern,Corn,CornAEZ08,CornAEZ08,1990,SO2_AWB,6.80082417286814e-07
Africa_Eastern,Corn,CornAEZ09,CornAEZ09,1990,SO2_AWB,4.7265533907469e-06
Africa_Eastern,Corn,CornAEZ10,CornAEZ10,1990,SO2_AWB,7.09692022447336e-06
Africa_Eastern,Corn,CornAEZ11,CornAEZ11,1990,SO2_AWB,6.73378183404551e-06
Africa_Eastern,Corn,CornAEZ12,CornAEZ12,1990,SO2_AWB,1.5438462288138e-07
Africa_Eastern,FiberCrop,FiberCropAEZ01,FiberCropAEZ01,1990,SO2_AWB,1.36072941063463e-06
Africa_Eastern,FiberCrop,FiberCropAEZ02,FiberCropAEZ02,1990,SO2_AWB,4.41257285661022e-06
Africa_Eastern,FiberCrop,FiberCropAEZ03,FiberCropAEZ03,1990,SO2_AWB,2.1864528745158e-06
Africa_Eastern,FiberCrop,FiberCropAEZ04,FiberCropAEZ04,1990,SO2_AWB,2.3103590136749e-06
Africa_Eastern,FiberCrop,FiberCropAEZ05,FiberCropAEZ05,1990,SO2_AWB,2.03659406593252e-06
Africa_Eastern,FiberCrop,FiberCropAEZ06,FiberCropAEZ06,1990,SO2_AWB,1.86059210961737e-06
Africa_Eastern,FiberCrop,FiberCropAEZ07,FiberCropAEZ07,1990,SO2_AWB,1.60954170006826e-07
Africa_Eastern,FiberCrop,FiberCropAEZ08,FiberCropAEZ08,1990,SO2_AWB,1.82192501315419e-07
Africa_Eastern,FiberCrop,FiberCropAEZ09,FiberCropAEZ09,1990,SO2_AWB,9.6001067080994e-08
Africa_Eastern,FiberCrop,FiberCropAEZ10,FiberCropAEZ10,1990,SO2_AWB,2.35193090433052e-07
Africa_Eastern,FiberCrop,FiberCropAEZ11,FiberCropAEZ11,1990,SO2_AWB,3.37003745898908e-07
Africa_Eastern,FiberCrop,FiberCropAEZ12,FiberCropAEZ12,1990,SO2_AWB,2.29526360778964e-08
Africa_Eastern,FodderGrass,FodderGrassAEZ01,FodderGrassAEZ01,1990,SO2_AWB,3.00208073858015e-06
Africa_Eastern,FodderGrass,FodderGrassAEZ02,FodderGrassAEZ02,1990,SO2_AWB,9.8881546520963e-06
Africa_Eastern,FodderGrass,FodderGrassAEZ03,FodderGrassAEZ03,1990,SO2_AWB,3.92099263219073e-06
Africa_Eastern,FodderGrass,FodderGrassAEZ04,FodderGrassAEZ04,1990,SO2_AWB,4.3852640307462e-06
Africa_Eastern,FodderGrass,FodderGrassAEZ05,FodderGrassAEZ05,1990,SO2_AWB,6.7829393069953e-07
Africa_Eastern,FodderGrass,FodderGrassAEZ06,FodderGrassAEZ06,1990,SO2_AWB,0
Africa_Eastern,FodderGrass,FodderGrassAEZ07,FodderGrassAEZ07,1990,SO2_AWB,4.34207958959215e-07
Africa_Eastern,FodderGrass,FodderGrassAEZ08,FodderGrassAEZ08,1990,SO2_AWB,3.8609761991393e-07
Africa_Eastern,FodderGrass,FodderGrassAEZ09,FodderGrassAEZ09,1990,SO2_AWB,0
Africa_Eastern,FodderGrass,FodderGrassAEZ10,FodderGrassAEZ10,1990,SO2_AWB,0
Africa_Eastern,FodderGrass,FodderGrassAEZ11,FodderGrassAEZ11,1990,SO2_AWB,0
Africa_Eastern,FodderGrass,FodderGrassAEZ12,FodderGrassAEZ12,1990,SO2_AWB,0
Africa_Eastern,FodderHerb,FodderHerbAEZ01,FodderHerbAEZ01,1990,SO2_AWB,3.0772586965496e-08
Africa_Eastern,FodderHerb,FodderHerbAEZ02,FodderHerbAEZ02,1990,SO2_AWB,2.02675801561434e-07
Africa_Eastern,FodderHerb,FodderHerbAEZ03,FodderHerbAEZ03,1990,SO2_AWB,8.55078539640241e-08
Africa_Eastern,FodderHerb,FodderHerbAEZ04,FodderHerbAEZ04,1990,SO2_AWB,2.71525838066598e-07
Africa_Eastern,FodderHerb,FodderHerbAEZ05,FodderHerbAEZ05,1990,SO2_AWB,5.68209076680697e-07
Africa_Eastern,FodderHerb,FodderHerbAEZ06,FodderHerbAEZ06,1990,SO2_AWB,5.83706308496934e-09
Africa_Eastern,FodderHerb,FodderHerbAEZ07,FodderHerbAEZ07,1990,SO2_AWB,0
Africa_Eastern,FodderHerb,FodderHerbAEZ08,FodderHerbAEZ08,1990,SO2_AWB,2.56011538814443e-08
Africa_Eastern,FodderHerb,FodderHerbAEZ09,FodderHerbAEZ09,1990,SO2_AWB,1.57361759191278e-08
Africa_Eastern,FodderHerb,FodderHerbAEZ10,FodderHerbAEZ10,1990,SO2_AWB,1.07644318353513e-07
Africa_Eastern,FodderHerb,FodderHerbAEZ11,FodderHerbAEZ11,1990,SO2_AWB,8.27770642166701e-08
Africa_Eastern,FodderHerb,FodderHerbAEZ12,FodderHerbAEZ12,1990,SO2_AWB,7.81688565180103e-09
Africa_Eastern,MiscCrop,MiscCropAEZ01,MiscCropAEZ01,1990,SO2_AWB,2.24041084873756e-05
Africa_Eastern,MiscCrop,MiscCropAEZ02,MiscCropAEZ02,1990,SO2_AWB,4.36150317688919e-05
Africa_Eastern,MiscCrop,MiscCropAEZ03,MiscCropAEZ03,1990,SO2_AWB,5.01119160496399e-05
Africa_Eastern,MiscCrop,MiscCropAEZ04,MiscCropAEZ04,1990,SO2_AWB,5.7421217602597e-05
Africa_Eastern,MiscCrop,MiscCropAEZ05,MiscCropAEZ05,1990,SO2_AWB,0.00024516325395566
Africa_Eastern,MiscCrop,MiscCropAEZ06,MiscCropAEZ06,1990,SO2_AWB,0.00019436111287465
Africa_Eastern,MiscCrop,MiscCropAEZ07,MiscCropAEZ07,1990,SO2_AWB,4.22070271045415e-07
Africa_Eastern,MiscCrop,MiscCropAEZ08,MiscCropAEZ08,1990,SO2_AWB,8.13836393322157e-07
Africa_Eastern,MiscCrop,MiscCropAEZ09,MiscCropAEZ09,1990,SO2_AWB,1.91749870896557e-06
Africa_Eastern,MiscCrop,MiscCropAEZ10,MiscCropAEZ10,1990,SO2_AWB,4.00286761959795e-06
Africa_Eastern,MiscCrop,MiscCropAEZ11,MiscCropAEZ11,1990,SO2_AWB,5.66051933975587e-06
Africa_Eastern,MiscCrop,MiscCropAEZ12,MiscCropAEZ12,1990,SO2_AWB,7.06574489192657e-07
Africa_Eastern,OilCrop,OilCropAEZ01,OilCropAEZ01,1990,SO2_AWB,3.28180167997799e-06
Africa_Eastern,OilCrop,OilCropAEZ02,OilCropAEZ02,1990,SO2_AWB,1.01426293238196e-05
Africa_Eastern,OilCrop,OilCropAEZ03,OilCropAEZ03,1990,SO2_AWB,5.04961355027351e-06
Africa_Eastern,OilCrop,OilCropAEZ04,OilCropAEZ04,1990,SO2_AWB,7.24096327964512e-06
Africa_Eastern,OilCrop,OilCropAEZ05,OilCropAEZ05,1990,SO2_AWB,6.82920106817984e-06
Africa_Eastern,OilCrop,OilCropAEZ06,OilCropAEZ06,1990,SO2_AWB,2.35578479551819e-06
Africa_Eastern,OilCrop,OilCropAEZ07,OilCropAEZ07,1990,SO2_AWB,3.63599620009541e-07
Africa_Eastern,OilCrop,OilCropAEZ08,OilCropAEZ08,1990,SO2_AWB,4.18180035776903e-07
Africa_Eastern,OilCrop,OilCropAEZ09,OilCropAEZ09,1990,SO2_AWB,5.09764123250947e-08
Africa_Eastern,OilCrop,OilCropAEZ10,OilCropAEZ10,1990,SO2_AWB,3.84568367309995e-07
Africa_Eastern,OilCrop,OilCropAEZ11,OilCropAEZ11,1990,SO2_AWB,2.905559138802e-07
Africa_Eastern,OilCrop,OilCropAEZ12,OilCropAEZ12,1990,SO2_AWB,5.44647792932771e-08
Africa_Eastern,OtherGrain,OtherGrainAEZ01,OtherGrainAEZ01,1990,SO2_AWB,9.68803770245617e-06
Africa_Eastern,OtherGrain,OtherGrainAEZ02,OtherGrainAEZ02,1990,SO2_AWB,3.991325314091e-05
Africa_Eastern,OtherGrain,OtherGrainAEZ03,OtherGrainAEZ03,1990,SO2_AWB,2.0728777863294e-05
Africa_Eastern,OtherGrain,OtherGrainAEZ04,OtherGrainAEZ04,1990,SO2_AWB,3.40901590291155e-05
Africa_Eastern,OtherGrain,OtherGrainAEZ05,OtherGrainAEZ05,1990,SO2_AWB,5.3798667951954e-05
Africa_Eastern,OtherGrain,OtherGrainAEZ06,OtherGrainAEZ06,1990,SO2_AWB,1.59239025636435e-05
Africa_Eastern,OtherGrain,OtherGrainAEZ07,OtherGrainAEZ07,1990,SO2_AWB,0
Africa_Eastern,OtherGrain,OtherGrainAEZ08,OtherGrainAEZ08,1990,SO2_AWB,3.01257668413698e-06
Africa_Eastern,OtherGrain,OtherGrainAEZ09,OtherGrainAEZ09,1990,SO2_AWB,6.58118986392045e-06
Africa_Eastern,OtherGrain,OtherGrainAEZ10,OtherGrainAEZ10,1990,SO2_AWB,9.76934787617277e-06
Africa_Eastern,OtherGrain,OtherGrainAEZ11,OtherGrainAEZ11,1990,SO2_AWB,1.17755895427858e-05
Africa_Eastern,OtherGrain,OtherGrainAEZ12,OtherGrainAEZ12,1990,SO2_AWB,2.61106426648947e-06
Africa_Eastern,PalmFruit,PalmFruitAEZ01,PalmFruitAEZ01,1990,SO2_AWB,3.00138465169405e-08
Africa_Eastern,PalmFruit,PalmFruitAEZ02,PalmFruitAEZ02,1990,SO2_AWB,1.60335065205379e-07
Africa_Eastern,PalmFruit,PalmFruitAEZ03,PalmFruitAEZ03,1990,SO2_AWB,8.41171353819426e-07
Africa_Eastern,PalmFruit,PalmFruitAEZ04,PalmFruitAEZ04,1990,SO2_AWB,7.46663001601592e-07
Africa_Eastern,PalmFruit,PalmFruitAEZ05,PalmFruitAEZ05,1990,SO2_AWB,1.54394988009599e-06
Africa_Eastern,PalmFruit,PalmFruitAEZ06,PalmFruitAEZ06,1990,SO2_AWB,2.63494928273006e-06
Africa_Eastern,PalmFruit,PalmFruitAEZ07,PalmFruitAEZ07,1990,SO2_AWB,0
Africa_Eastern,PalmFruit,PalmFruitAEZ08,PalmFruitAEZ08,1990,SO2_AWB,0
Africa_Eastern,PalmFruit,PalmFruitAEZ09,PalmFruitAEZ09,1990,SO2_AWB,0
Africa_Eastern,PalmFruit,PalmFruitAEZ10,PalmFruitAEZ10,1990,SO2_AWB,0
Africa_Eastern,PalmFruit,PalmFruitAEZ11,PalmFruitAEZ11,1990,SO2_AWB,0
Africa_Eastern,PalmFruit,PalmFruitAEZ12,PalmFruitAEZ12,1990,SO2_AWB,0
Africa_Eastern,Rice,RiceAEZ01,RiceAEZ01,1990,SO2_AWB,1.97455234201369e-09
Africa_Eastern,Rice,RiceAEZ02,RiceAEZ02,1990,SO2_AWB,4.56906002209523e-07
Africa_Eastern,Rice,RiceAEZ03,RiceAEZ03,1990,SO2_AWB,6.6889448262136e-06
Africa_Eastern,Rice,RiceAEZ04,RiceAEZ04,1990,SO2_AWB,1.20270253638676e-05
Africa_Eastern,Rice,RiceAEZ05,RiceAEZ05,1990,SO2_AWB,1.17271909431659e-05
Africa_Eastern,Rice,RiceAEZ06,RiceAEZ06,1990,SO2_AWB,3.23048123591572e-05
Africa_Eastern,Rice,RiceAEZ07,RiceAEZ07,1990,SO2_AWB,0
Africa_Eastern,Rice,RiceAEZ08,RiceAEZ08,1990,SO2_AWB,0
Africa_Eastern,Rice,RiceAEZ09,RiceAEZ09,1990,SO2_AWB,0
Africa_Eastern,Rice,RiceAEZ10,RiceAEZ10,1990,SO2_AWB,1.21654063197819e-06
Africa_Eastern,Rice,RiceAEZ11,RiceAEZ11,1990,SO2_AWB,3.31075625565035e-07
Africa_Eastern,Rice,RiceAEZ12,RiceAEZ12,1990,SO2_AWB,0
Africa_Eastern,Root_Tuber,Root_TuberAEZ01,Root_TuberAEZ01,1990,SO2_AWB,1.24969618282661e-05
Africa_Eastern,Root_Tuber,Root_TuberAEZ02,Root_TuberAEZ02,1990,SO2_AWB,3.7205141449653e-05
Africa_Eastern,Root_Tuber,Root_TuberAEZ03,Root_TuberAEZ03,1990,SO2_AWB,2.20717972956287e-05
Africa_Eastern,Root_Tuber,Root_TuberAEZ04,Root_TuberAEZ04,1990,SO2_AWB,3.28078226220923e-05
Africa_Eastern,Root_Tuber,Root_TuberAEZ05,Root_TuberAEZ05,1990,SO2_AWB,0.000150227510250892
Africa_Eastern,Root_Tuber,Root_TuberAEZ06,Root_TuberAEZ06,1990,SO2_AWB,0.000137627036559483
Africa_Eastern,Root_Tuber,Root_TuberAEZ07,Root_TuberAEZ07,1990,SO2_AWB,2.81635856130771e-08
Africa_Eastern,Root_Tuber,Root_TuberAEZ08,Root_TuberAEZ08,1990,SO2_AWB,1.45572017306312e-06
Africa_Eastern,Root_Tuber,Root_TuberAEZ09,Root_TuberAEZ09,1990,SO2_AWB,4.51156419887999e-06
Africa_Eastern,Root_Tuber,Root_TuberAEZ10,Root_TuberAEZ10,1990,SO2_AWB,1.13002706534048e-05
Africa_Eastern,Root_Tuber,Root_TuberAEZ11,Root_TuberAEZ11,1990,SO2_AWB,1.43264550515399e-05
Africa_Eastern,Root_Tuber,Root_TuberAEZ12,Root_TuberAEZ12,1990,SO2_AWB,1.19911333821074e-06
Africa_Eastern,SugarCrop,SugarCropAEZ01,SugarCropAEZ01,1990,SO2_AWB,5.12633683774115e-05
Africa_Eastern,SugarCrop,SugarCropAEZ02,SugarCropAEZ02,1990,SO2_AWB,0.000123333267998696
Africa_Eastern,SugarCrop,SugarCropAEZ03,SugarCropAEZ03,1990,SO2_AWB,7.84260238882233e-05
Africa_Eastern,SugarCrop,SugarCropAEZ04,SugarCropAEZ04,1990,SO2_AWB,5.78609815395092e-05
Africa_Eastern,SugarCrop,SugarCropAEZ05,SugarCropAEZ05,1990,SO2_AWB,9.48854797241187e-05
Africa_Eastern,SugarCrop,SugarCropAEZ06,SugarCropAEZ06,1990,SO2_AWB,0.000116988430832419
Africa_Eastern,SugarCrop,SugarCropAEZ07,SugarCropAEZ07,1990,SO2_AWB,3.34973618160055e-06
Africa_Eastern,SugarCrop,SugarCropAEZ08,SugarCropAEZ08,1990,SO2_AWB,2.09697812607766e-06
Africa_Eastern,SugarCrop,SugarCropAEZ09,SugarCropAEZ09,1990,SO2_AWB,9.54723538995604e-08
Africa_Eastern,SugarCrop,SugarCropAEZ10,SugarCropAEZ10,1990,SO2_AWB,2.01383899436581e-06
Africa_Eastern,SugarCrop,SugarCropAEZ11,SugarCropAEZ11,1990,SO2_AWB,3.88931465231318e-06
Africa_Eastern,SugarCrop,SugarCropAEZ12,SugarCropAEZ12,1990,SO2_AWB,2.1082101677129e-07
Africa_Eastern,Wheat,WheatAEZ01,WheatAEZ01,1990,SO2_AWB,2.04212114992847e-06
Africa_Eastern,Wheat,WheatAEZ02,WheatAEZ02,1990,SO2_AWB,7.01391721271075e-06
Africa_Eastern,Wheat,WheatAEZ03,WheatAEZ03,1990,SO2_AWB,4.15723475943921e-06
Africa_Eastern,Wheat,WheatAEZ04,WheatAEZ04,1990,SO2_AWB,6.66042047862614e-06
Africa_Eastern,Wheat,WheatAEZ05,WheatAEZ05,1990,SO2_AWB,9.80624360512665e-06
Africa_Eastern,Wheat,WheatAEZ06,WheatAEZ06,1990,SO2_AWB,1.71084080705085e-06
Africa_Eastern,Wheat,WheatAEZ07,WheatAEZ07,1990,SO2_AWB,0
Africa_Eastern,Wheat,WheatAEZ08,WheatAEZ08,1990,SO2_AWB,2.73297348668458e-07
Africa_Eastern,Wheat,WheatAEZ09,WheatAEZ09,1990,SO2_AWB,9.94883352617106e-07
Africa_Eastern,Wheat,WheatAEZ10,WheatAEZ10,1990,SO2_AWB,2.12878294404694e-06
Africa_Eastern,Wheat,WheatAEZ11,WheatAEZ11,1990,SO2_AWB,4.14690086165255e-06
Africa_Eastern,Wheat,WheatAEZ12,WheatAEZ12,1990,SO2_AWB,1.02219224100427e-06
Africa_Northern,Corn,CornAEZ01,CornAEZ01,1990,CH4_AWB,2.14261112659635e-05
Africa_Northern,Corn,CornAEZ02,CornAEZ02,1990,CH4_AWB,1.26692772301818e-06
Africa_Northern,Corn,CornAEZ03,CornAEZ03,1990,CH4_AWB,7.4047766666491e-08
Africa_Northern,Corn,CornAEZ04,CornAEZ04,1990,CH4_AWB,1.55943779681794e-08
Africa_Northern,Corn,CornAEZ07,CornAEZ07,1990,CH4_AWB,7.68711416835357e-06
Africa_Northern,Corn,CornAEZ08,CornAEZ08,1990,CH4_AWB,1.47546058836442e-07
Africa_Northern,Corn,CornAEZ09,CornAEZ09,1990,CH4_AWB,4.45881534820761e-07
Africa_Northern,Corn,CornAEZ10,CornAEZ10,1990,CH4_AWB,6.28345968521407e-08
Africa_Northern,FiberCrop,FiberCropAEZ01,FiberCropAEZ01,1990,CH4_AWB,4.15088380390381e-06
Africa_Northern,FiberCrop,FiberCropAEZ02,FiberCropAEZ02,1990,CH4_AWB,3.72220460698703e-07
Africa_Northern,FiberCrop,FiberCropAEZ03,FiberCropAEZ03,1990,CH4_AWB,0
Africa_Northern,FiberCrop,FiberCropAEZ04,FiberCropAEZ04,1990,CH4_AWB,0
Africa_Northern,FiberCrop,FiberCropAEZ07,FiberCropAEZ07,1990,CH4_AWB,1.06162097717687e-06
Africa_Northern,FiberCrop,FiberCropAEZ08,FiberCropAEZ08,1990,CH4_AWB,0
Africa_Northern,FiberCrop,FiberCropAEZ09,FiberCropAEZ09,1990,CH4_AWB,0
Africa_Northern,FiberCrop,FiberCropAEZ10,FiberCropAEZ10,1990,CH4_AWB,0
Africa_Northern,FodderGrass,FodderGrassAEZ01,FodderGrassAEZ01,1990,CH4_AWB,5.09539954403405e-09
Africa_Northern,FodderGrass,FodderGrassAEZ02,FodderGrassAEZ02,1990,CH4_AWB,5.17629004408884e-07
Africa_Northern,FodderGrass,FodderGrassAEZ03,FodderGrassAEZ03,1990,CH4_AWB,2.55546261735154e-07
Africa_Northern,FodderGrass,FodderGrassAEZ04,FodderGrassAEZ04,1990,CH4_AWB,5.88555809893384e-07
Africa_Northern,FodderGrass,FodderGrassAEZ07,FodderGrassAEZ07,1990,CH4_AWB,4.90033740913925e-07
Africa_Northern,FodderGrass,FodderGrassAEZ08,FodderGrassAEZ08,1990,CH4_AWB,4.05201532265334e-06
Africa_Northern,FodderGrass,FodderGrassAEZ09,FodderGrassAEZ09,1990,CH4_AWB,1.56336726734554e-05
Africa_Northern,FodderGrass,FodderGrassAEZ10,FodderGrassAEZ10,1990,CH4_AWB,2.16069426663231e-05
Africa_Northern,FodderHerb,FodderHerbAEZ01,FodderHerbAEZ01,1990,CH4_AWB,0.00022756108013681
Africa_Northern,FodderHerb,FodderHerbAEZ02,FodderHerbAEZ02,1990,CH4_AWB,2.03907417684385e-05
Africa_Northern,FodderHerb,FodderHerbAEZ03,FodderHerbAEZ03,1990,CH4_AWB,1.12894063973243e-09
Africa_Northern,FodderHerb,FodderHerbAEZ04,FodderHerbAEZ04,1990,CH4_AWB,2.42967659420675e-09
Africa_Northern,FodderHerb,FodderHerbAEZ07,FodderHerbAEZ07,1990,CH4_AWB,5.82474162073816e-05
Africa_Northern,FodderHerb,FodderHerbAEZ08,FodderHerbAEZ08,1990,CH4_AWB,6.50367977237161e-09
Africa_Northern,FodderHerb,FodderHerbAEZ09,FodderHerbAEZ09,1990,CH4_AWB,1.86520627434054e-08
Africa_Northern,FodderHerb,FodderHerbAEZ10,FodderHerbAEZ10,1990,CH4_AWB,1.45228396426449e-08
Africa_Northern,MiscCrop,MiscCropAEZ01,MiscCropAEZ01,1990,CH4_AWB,7.08532709639853e-05
Africa_Northern,MiscCrop,MiscCropAEZ02,MiscCropAEZ02,1990,CH4_AWB,7.81308623368628e-06
Africa_Northern,MiscCrop,MiscCropAEZ03,MiscCropAEZ03,1990,CH4_AWB,6.48715056397391e-07
Africa_Northern,MiscCrop,MiscCropAEZ04,MiscCropAEZ04,1990,CH4_AWB,1.48985575048996e-06
Africa_Northern,MiscCrop,MiscCropAEZ07,MiscCropAEZ07,1990,CH4_AWB,2.14574326522147e-05
Africa_Northern,MiscCrop,MiscCropAEZ08,MiscCropAEZ08,1990,CH4_AWB,7.5105816927243e-06
Africa_Northern,MiscCrop,MiscCropAEZ09,MiscCropAEZ09,1990,CH4_AWB,2.26528662445699e-05
Africa_Northern,MiscCrop,MiscCropAEZ10,MiscCropAEZ10,1990,CH4_AWB,2.71664879725488e-05
Africa_Northern,OilCrop,OilCropAEZ01,OilCropAEZ01,1990,CH4_AWB,2.23017384110996e-06
Africa_Northern,OilCrop,OilCropAEZ02,OilCropAEZ02,1990,CH4_AWB,3.50595586354459e-07
Africa_Northern,OilCrop,OilCropAEZ03,OilCropAEZ03,1990,CH4_AWB,5.11863792288165e-08
Africa_Northern,OilCrop,OilCropAEZ04,OilCropAEZ04,1990,CH4_AWB,2.19960610830626e-07
Africa_Northern,OilCrop,OilCropAEZ07,OilCropAEZ07,1990,CH4_AWB,7.51801173003355e-07
Africa_Northern,OilCrop,OilCropAEZ08,OilCropAEZ08,1990,CH4_AWB,1.30131953908377e-06
Africa_Northern,OilCrop,OilCropAEZ09,OilCropAEZ09,1990,CH4_AWB,3.45380011974431e-06
Africa_Northern,OilCrop,OilCropAEZ10,OilCropAEZ10,1990,CH4_AWB,3.70439396098482e-06
Africa_Northern,OtherGrain,OtherGrainAEZ01,OtherGrainAEZ01,1990,CH4_AWB,2.90459596503424e-06
Africa_Northern,OtherGrain,OtherGrainAEZ02,OtherGrainAEZ02,1990,CH4_AWB,4.50099309247816e-07
Africa_Northern,OtherGrain,OtherGrainAEZ03,OtherGrainAEZ03,1990,CH4_AWB,4.75867255766487e-07
Africa_Northern,OtherGrain,OtherGrainAEZ04,OtherGrainAEZ04,1990,CH4_AWB,2.87957034322623e-07
Africa_Northern,OtherGrain,OtherGrainAEZ07,OtherGrainAEZ07,1990,CH4_AWB,7.15465546813381e-06
Africa_Northern,OtherGrain,OtherGrainAEZ08,OtherGrainAEZ08,1990,CH4_AWB,3.35449113498663e-06
Africa_Northern,OtherGrain,OtherGrainAEZ09,OtherGrainAEZ09,1990,CH4_AWB,1.1095202683125e-05
Africa_Northern,OtherGrain,OtherGrainAEZ10,OtherGrainAEZ10,1990,CH4_AWB,6.10491553667634e-06
Africa_Northern,PalmFruit,PalmFruitAEZ01,PalmFruitAEZ01,1990,CH4_AWB,0
Africa_Northern,PalmFruit,PalmFruitAEZ02,PalmFruitAEZ02,1990,CH4_AWB,0
Africa_Northern,PalmFruit,PalmFruitAEZ03,PalmFruitAEZ03,1990,CH4_AWB,0
Africa_Northern,PalmFruit,PalmFruitAEZ04,PalmFruitAEZ04,1990,CH4_AWB,0
Africa_Northern,PalmFruit,PalmFruitAEZ07,PalmFruitAEZ07,1990,CH4_AWB,0
Africa_Northern,PalmFruit,PalmFruitAEZ08,PalmFruitAEZ08,1990,CH4_AWB,0
Africa_Northern,PalmFruit,PalmFruitAEZ09,PalmFruitAEZ09,1990,CH4_AWB,0
Africa_Northern,PalmFruit,PalmFruitAEZ10,PalmFruitAEZ10,1990,CH4_AWB,0
Africa_Northern,Rice,RiceAEZ01,RiceAEZ01,1990,CH4_AWB,1.75925721306943e-05
Africa_Northern,Rice,RiceAEZ02,RiceAEZ02,1990,CH4_AWB,1.16221737418659e-06
Africa_Northern,Rice,RiceAEZ03,RiceAEZ03,1990,CH4_AWB,0
Africa_Northern,Rice,RiceAEZ04,RiceAEZ04,1990,CH4_AWB,1.38067914672139e-08
Africa_Northern,Rice,RiceAEZ07,RiceAEZ07,1990,CH4_AWB,9.96402522574381e-08
Africa_Northern,Rice,RiceAEZ08,RiceAEZ08,1990,CH4_AWB,0
Africa_Northern,Rice,RiceAEZ09,RiceAEZ09,1990,CH4_AWB,1.03364860647404e-08
Africa_Northern,Rice,RiceAEZ10,RiceAEZ10,1990,CH4_AWB,5.94634814897485e-08
Africa_Northern,Root_Tuber,Root_TuberAEZ01,Root_TuberAEZ01,1990,CH4_AWB,8.32832034581158e-06
Africa_Northern,Root_Tuber,Root_TuberAEZ02,Root_TuberAEZ02,1990,CH4_AWB,9.19314081802933e-07
Africa_Northern,Root_Tuber,Root_TuberAEZ03,Root_TuberAEZ03,1990,CH4_AWB,1.71935730082498e-07
Africa_Northern,Root_Tuber,Root_TuberAEZ04,Root_TuberAEZ04,1990,CH4_AWB,3.91113160694648e-07
Africa_Northern,Root_Tuber,Root_TuberAEZ07,Root_TuberAEZ07,1990,CH4_AWB,1.97568196859249e-06
Africa_Northern,Root_Tuber,Root_TuberAEZ08,Root_TuberAEZ08,1990,CH4_AWB,1.38962585062445e-06
Africa_Northern,Root_Tuber,Root_TuberAEZ09,Root_TuberAEZ09,1990,CH4_AWB,5.62482320223509e-06
Africa_Northern,Root_Tuber,Root_TuberAEZ10,Root_TuberAEZ10,1990,CH4_AWB,6.98954517253107e-06
Africa_Northern,SugarCrop,SugarCropAEZ01,SugarCropAEZ01,1990,CH4_AWB,6.28908320079196e-05
Africa_Northern,SugarCrop,SugarCropAEZ02,SugarCropAEZ02,1990,CH4_AWB,4.84826919344712e-06
Africa_Northern,SugarCrop,SugarCropAEZ03,SugarCropAEZ03,1990,CH4_AWB,0
Africa_Northern,SugarCrop,SugarCropAEZ04,SugarCropAEZ04,1990,CH4_AWB,2.76059165489309e-06
Africa_Northern,SugarCrop,SugarCropAEZ07,SugarCropAEZ07,1990,CH4_AWB,1.35929907440563e-05
Africa_Northern,SugarCrop,SugarCropAEZ08,SugarCropAEZ08,1990,CH4_AWB,5.54581565554702e-07
Africa_Northern,SugarCrop,SugarCropAEZ09,SugarCropAEZ09,1990,CH4_AWB,7.81422031693923e-06
Africa_Northern,SugarCrop,SugarCropAEZ10,SugarCropAEZ10,1990,CH4_AWB,7.33849321408865e-06
Africa_Northern,Wheat,WheatAEZ01,WheatAEZ01,1990,CH4_AWB,2.21613668953609e-05
Africa_Northern,Wheat,WheatAEZ02,WheatAEZ02,1990,CH4_AWB,1.541960247107e-06
Africa_Northern,Wheat,WheatAEZ03,WheatAEZ03,1990,CH4_AWB,2.47414093799664e-07
Africa_Northern,Wheat,WheatAEZ04,WheatAEZ04,1990,CH4_AWB,1.77524073481122e-06
Africa_Northern,Wheat,WheatAEZ07,WheatAEZ07,1990,CH4_AWB,8.57865278194294e-06
Africa_Northern,Wheat,WheatAEZ08,WheatAEZ08,1990,CH4_AWB,1.97129733382914e-06
Africa_Northern,Wheat,WheatAEZ09,WheatAEZ09,1990,CH4_AWB,1.0888676227308e-05
Africa_Northern,Wheat,WheatAEZ10,WheatAEZ10,1990,CH4_AWB,1.37993558709494e-05
Africa_Northern,Corn,CornAEZ01,CornAEZ01,1990,CO_AWB,0.000896660630745056
Africa_Northern,Corn,CornAEZ02,CornAEZ02,1990,CO_AWB,5.30196169117482e-05
Africa_Northern,Corn,CornAEZ03,CornAEZ03,1990,CO_AWB,3.0988225693531e-06
Africa_Northern,Corn,CornAEZ04,CornAEZ04,1990,CO_AWB,6.52608614388981e-07
Africa_Northern,Corn,CornAEZ07,CornAEZ07,1990,CO_AWB,0.000321697789825008
Africa_Northern,Corn,CornAEZ08,CornAEZ08,1990,CO_AWB,6.17465019844241e-06
Africa_Northern,Corn,CornAEZ09,CornAEZ09,1990,CO_AWB,1.86596817913975e-05
Africa_Northern,Corn,CornAEZ10,CornAEZ10,1990,CO_AWB,2.62956299193465e-06
Africa_Northern,FiberCrop,FiberCropAEZ01,FiberCropAEZ01,1990,CO_AWB,0.000173710200771258
Africa_Northern,FiberCrop,FiberCropAEZ02,FiberCropAEZ02,1990,CO_AWB,1.55770419057098e-05
Africa_Northern,FiberCrop,FiberCropAEZ03,FiberCropAEZ03,1990,CO_AWB,0
Africa_Northern,FiberCrop,FiberCropAEZ04,FiberCropAEZ04,1990,CO_AWB,0
Africa_Northern,FiberCrop,FiberCropAEZ07,FiberCropAEZ07,1990,CO_AWB,4.44277416088918e-05
Africa_Northern,FiberCrop,FiberCropAEZ08,FiberCropAEZ08,1990,CO_AWB,0
Africa_Northern,FiberCrop,FiberCropAEZ09,FiberCropAEZ09,1990,CO_AWB,0
Africa_Northern,FiberCrop,FiberCropAEZ10,FiberCropAEZ10,1990,CO_AWB,0
Africa_Northern,FodderGrass,FodderGrassAEZ01,FodderGrassAEZ01,1990,CO_AWB,2.13237209138808e-07
Africa_Northern,FodderGrass,FodderGrassAEZ02,FodderGrassAEZ02,1990,CO_AWB,2.16622393034294e-05
Africa_Northern,FodderGrass,FodderGrassAEZ03,FodderGrassAEZ03,1990,CO_AWB,1.06943471630329e-05
Africa_Northern,FodderGrass,FodderGrassAEZ04,FodderGrassAEZ04,1990,CO_AWB,2.46304528701857e-05
Africa_Northern,FodderGrass,FodderGrassAEZ07,FodderGrassAEZ07,1990,CO_AWB,2.05074060224937e-05
Africa_Northern,FodderGrass,FodderGrassAEZ08,FodderGrassAEZ08,1990,CO_AWB,0.000169572656927747
Africa_Northern,FodderGrass,FodderGrassAEZ09,FodderGrassAEZ09,1990,CO_AWB,0.000654253057226991
Africa_Northern,FodderGrass,FodderGrassAEZ10,FodderGrassAEZ10,1990,CO_AWB,0.000904228238114039
Africa_Northern,FodderHerb,FodderHerbAEZ01,FodderHerbAEZ01,1990,CO_AWB,0.0095231962121206
Africa_Northern,FodderHerb,FodderHerbAEZ02,FodderHerbAEZ02,1990,CO_AWB,0.000853331486450928
Africa_Northern,FodderHerb,FodderHerbAEZ03,FodderHerbAEZ03,1990,CO_AWB,4.72449999689986e-08
Africa_Northern,FodderHerb,FodderHerbAEZ04,FodderHerbAEZ04,1990,CO_AWB,1.01679456455019e-07
Africa_Northern,FodderHerb,FodderHerbAEZ07,FodderHerbAEZ07,1990,CO_AWB,0.00243759421891679
Africa_Northern,FodderHerb,FodderHerbAEZ08,FodderHerbAEZ08,1990,CO_AWB,2.72172282430101e-07
Africa_Northern,FodderHerb,FodderHerbAEZ09,FodderHerbAEZ09,1990,CO_AWB,7.80569564705196e-07
Africa_Northern,FodderHerb,FodderHerbAEZ10,FodderHerbAEZ10,1990,CO_AWB,6.07765841992499e-07
Africa_Northern,MiscCrop,MiscCropAEZ01,MiscCropAEZ01,1990,CO_AWB,0.00296513622300843
Africa_Northern,MiscCrop,MiscCropAEZ02,MiscCropAEZ02,1990,CO_AWB,0.000326969590673766
Africa_Northern,MiscCrop,MiscCropAEZ03,MiscCropAEZ03,1990,CO_AWB,2.71480552127592e-05
Africa_Northern,MiscCrop,MiscCropAEZ04,MiscCropAEZ04,1990,CO_AWB,6.23489246541725e-05
Africa_Northern,MiscCrop,MiscCropAEZ07,MiscCropAEZ07,1990,CO_AWB,0.000897971398415549
Africa_Northern,MiscCrop,MiscCropAEZ08,MiscCropAEZ08,1990,CO_AWB,0.000314310088016693
Africa_Northern,MiscCrop,MiscCropAEZ09,MiscCropAEZ09,1990,CO_AWB,0.00094799905978767
Africa_Northern,MiscCrop,MiscCropAEZ10,MiscCropAEZ10,1990,CO_AWB,0.00113688946809911
Africa_Northern,OilCrop,OilCropAEZ01,OilCropAEZ01,1990,CO_AWB,9.33304722550107e-05
Africa_Northern,OilCrop,OilCropAEZ02,OilCropAEZ02,1990,CO_AWB,1.4672063245392e-05
Africa_Northern,OilCrop,OilCropAEZ03,OilCropAEZ03,1990,CO_AWB,2.14209711296402e-06
Africa_Northern,OilCrop,OilCropAEZ04,OilCropAEZ04,1990,CO_AWB,9.20512442030333e-06
Africa_Northern,OilCrop,OilCropAEZ07,OilCropAEZ07,1990,CO_AWB,3.14621027405435e-05
Africa_Northern,OilCrop,OilCropAEZ08,OilCropAEZ08,1990,CO_AWB,5.44588788992854e-05
Africa_Northern,OilCrop,OilCropAEZ09,OilCropAEZ09,1990,CO_AWB,0.000144537968434657
Africa_Northern,OilCrop,OilCropAEZ10,OilCropAEZ10,1990,CO_AWB,0.00015502506191412
Africa_Northern,OtherGrain,OtherGrainAEZ01,OtherGrainAEZ01,1990,CO_AWB,0.000121554341697293
Africa_Northern,OtherGrain,OtherGrainAEZ02,OtherGrainAEZ02,1990,CO_AWB,1.88361912956729e-05
Africa_Northern,OtherGrain,OtherGrainAEZ03,OtherGrainAEZ03,1990,CO_AWB,1.9914553248135e-05
Africa_Northern,OtherGrain,OtherGrainAEZ04,OtherGrainAEZ04,1990,CO_AWB,1.20507045267408e-05
Africa_Northern,OtherGrain,OtherGrainAEZ07,OtherGrainAEZ07,1990,CO_AWB,0.000299414943065822
Africa_Northern,OtherGrain,OtherGrainAEZ08,OtherGrainAEZ08,1990,CO_AWB,0.000140381989974257
Africa_Northern,OtherGrain,OtherGrainAEZ09,OtherGrainAEZ09,1990,CO_AWB,0.000464322774795772
Africa_Northern,OtherGrain,OtherGrainAEZ10,OtherGrainAEZ10,1990,CO_AWB,0.00025548441095129
Africa_Northern,PalmFruit,PalmFruitAEZ01,PalmFruitAEZ01,1990,CO_AWB,0
Africa_Northern,PalmFruit,PalmFruitAEZ02,PalmFruitAEZ02,1990,CO_AWB,0
Africa_Northern,PalmFruit,PalmFruitAEZ03,PalmFruitAEZ03,1990,CO_AWB,0
Africa_Northern,PalmFruit,PalmFruitAEZ04,PalmFruitAEZ04,1990,CO_AWB,0
Africa_Northern,PalmFruit,PalmFruitAEZ07,PalmFruitAEZ07,1990,CO_AWB,0
Africa_Northern,PalmFruit,PalmFruitAEZ08,PalmFruitAEZ08,1990,CO_AWB,0
Africa_Northern,PalmFruit,PalmFruitAEZ09,PalmFruitAEZ09,1990,CO_AWB,0
Africa_Northern,PalmFruit,PalmFruitAEZ10,PalmFruitAEZ10,1990,CO_AWB,0
Africa_Northern,Rice,RiceAEZ01,RiceAEZ01,1990,CO_AWB,0.00073623097664927
Africa_Northern,Rice,RiceAEZ02,RiceAEZ02,1990,CO_AWB,4.86375969425895e-05
Africa_Northern,Rice,RiceAEZ03,RiceAEZ03,1990,CO_AWB,0
Africa_Northern,Rice,RiceAEZ04,RiceAEZ04,1990,CO_AWB,5.77799965279923e-07
Africa_Northern,Rice,RiceAEZ07,RiceAEZ07,1990,CO_AWB,4.16984166318027e-06
Africa_Northern,Rice,RiceAEZ08,RiceAEZ08,1990,CO_AWB,0
Africa_Northern,Rice,RiceAEZ09,RiceAEZ09,1990,CO_AWB,4.32571267807275e-07
Africa_Northern,Rice,RiceAEZ10,RiceAEZ10,1990,CO_AWB,2.48848529521053e-06
Africa_Northern,Root_Tuber,Root_TuberAEZ01,Root_TuberAEZ01,1990,CO_AWB,0.00034853160620822
Africa_Northern,Root_Tuber,Root_TuberAEZ02,Root_TuberAEZ02,1990,CO_AWB,3.84723449911181e-05
Africa_Northern,Root_Tuber,Root_TuberAEZ03,Root_TuberAEZ03,1990,CO_AWB,7.19533275402559e-06
Africa_Northern,Root_Tuber,Root_TuberAEZ04,Root_TuberAEZ04,1990,CO_AWB,1.6367681890939e-05
Africa_Northern,Root_Tuber,Root_TuberAEZ07,Root_TuberAEZ07,1990,CO_AWB,8.268025019192e-05
Africa_Northern,Root_Tuber,Root_TuberAEZ08,Root_TuberAEZ08,1990,CO_AWB,5.81544068474956e-05
Africa_Northern,Root_Tuber,Root_TuberAEZ09,Root_TuberAEZ09,1990,CO_AWB,0.000235393042523656
Africa_Northern,Root_Tuber,Root_TuberAEZ10,Root_TuberAEZ10,1990,CO_AWB,0.000292505247696469
Africa_Northern,SugarCrop,SugarCropAEZ01,SugarCropAEZ01,1990,CO_AWB,0.0026319163751326
Africa_Northern,SugarCrop,SugarCropAEZ02,SugarCropAEZ02,1990,CO_AWB,0.000202895059166614
Africa_Northern,SugarCrop,SugarCropAEZ03,SugarCropAEZ03,1990,CO_AWB,0
Africa_Northern,SugarCrop,SugarCropAEZ04,SugarCropAEZ04,1990,CO_AWB,0.000115527910024352
Africa_Northern,SugarCrop,SugarCropAEZ07,SugarCropAEZ07,1990,CO_AWB,0.000568852625797708
Africa_Northern,SugarCrop,SugarCropAEZ08,SugarCropAEZ08,1990,CO_AWB,2.32086658282131e-05
Africa_Northern,SugarCrop,SugarCropAEZ09,SugarCropAEZ09,1990,CO_AWB,0.000327017050886787
Africa_Northern,SugarCrop,SugarCropAEZ10,SugarCropAEZ10,1990,CO_AWB,0.000307108362893454
Africa_Northern,Wheat,WheatAEZ01,WheatAEZ01,1990,CO_AWB,0.000927430319571491
Africa_Northern,Wheat,WheatAEZ02,WheatAEZ02,1990,CO_AWB,6.45294440317372e-05
Africa_Northern,Wheat,WheatAEZ03,WheatAEZ03,1990,CO_AWB,1.03540243326393e-05
Africa_Northern,Wheat,WheatAEZ04,WheatAEZ04,1990,CO_AWB,7.42919915443913e-05
Africa_Northern,Wheat,WheatAEZ07,WheatAEZ07,1990,CO_AWB,0.000359007760153806
Africa_Northern,Wheat,WheatAEZ08,WheatAEZ08,1990,CO_AWB,8.24967577548794e-05
Africa_Northern,Wheat,WheatAEZ09,WheatAEZ09,1990,CO_AWB,0.000455679855889968
Africa_Northern,Wheat,WheatAEZ10,WheatAEZ10,1990,CO_AWB,0.000577488793254643
Africa_Northern,Corn,CornAEZ01,CornAEZ01,1990,N2O_AWB,5.54383823968478e-07
Africa_Northern,Corn,CornAEZ02,CornAEZ02,1990,N2O_AWB,3.27807611497957e-08
Africa_Northern,Corn,CornAEZ03,CornAEZ03,1990,N2O_AWB,1.91592788496839e-09
Africa_Northern,Corn,CornAEZ04,CornAEZ04,1990,N2O_AWB,4.03492298863517e-10
Africa_Northern,Corn,CornAEZ07,CornAEZ07,1990,N2O_AWB,1.98898049909034e-07
Africa_Northern,Corn,CornAEZ08,CornAEZ08,1990,N2O_AWB,3.81763854830548e-09
Africa_Northern,Corn,CornAEZ09,CornAEZ09,1990,N2O_AWB,1.15368349973773e-08
Africa_Northern,Corn,CornAEZ10,CornAEZ10,1990,N2O_AWB,1.62579591079338e-09
Africa_Northern,FiberCrop,FiberCropAEZ01,FiberCropAEZ01,1990,N2O_AWB,1.07400862783372e-07
Africa_Northern,FiberCrop,FiberCropAEZ02,FiberCropAEZ02,1990,N2O_AWB,9.6309124787034e-09
Africa_Northern,FiberCrop,FiberCropAEZ03,FiberCropAEZ03,1990,N2O_AWB,0
Africa_Northern,FiberCrop,FiberCropAEZ04,FiberCropAEZ04,1990,N2O_AWB,0
Africa_Northern,FiberCrop,FiberCropAEZ07,FiberCropAEZ07,1990,N2O_AWB,2.74686101283997e-08
Africa_Northern,FiberCrop,FiberCropAEZ08,FiberCropAEZ08,1990,N2O_AWB,0
Africa_Northern,FiberCrop,FiberCropAEZ09,FiberCropAEZ09,1990,N2O_AWB,0
Africa_Northern,FiberCrop,FiberCropAEZ10,FiberCropAEZ10,1990,N2O_AWB,0
Africa_Northern,FodderGrass,FodderGrassAEZ01,FodderGrassAEZ01,1990,N2O_AWB,1.31839466751775e-10
Africa_Northern,FodderGrass,FodderGrassAEZ02,FodderGrassAEZ02,1990,N2O_AWB,1.33932444996238e-08
Africa_Northern,FodderGrass,FodderGrassAEZ03,FodderGrassAEZ03,1990,N2O_AWB,6.61205909103234e-09
Africa_Northern,FodderGrass,FodderGrassAEZ04,FodderGrassAEZ04,1990,N2O_AWB,1.52284199618566e-08
Africa_Northern,FodderGrass,FodderGrassAEZ07,FodderGrassAEZ07,1990,N2O_AWB,1.26792387003514e-08
Africa_Northern,FodderGrass,FodderGrassAEZ08,FodderGrassAEZ08,1990,N2O_AWB,1.04842718376055e-07
Africa_Northern,FodderGrass,FodderGrassAEZ09,FodderGrassAEZ09,1990,N2O_AWB,4.04509018542707e-07
Africa_Northern,FodderGrass,FodderGrassAEZ10,FodderGrassAEZ10,1990,N2O_AWB,5.59062694622165e-07
Africa_Northern,FodderHerb,FodderHerbAEZ01,FodderHerbAEZ01,1990,N2O_AWB,5.88796446665745e-06
Africa_Northern,FodderHerb,FodderHerbAEZ02,FodderHerbAEZ02,1990,N2O_AWB,5.27594450286374e-07
Africa_Northern,FodderHerb,FodderHerbAEZ03,FodderHerbAEZ03,1990,N2O_AWB,2.92104535965192e-11
Africa_Northern,FodderHerb,FodderHerbAEZ04,FodderHerbAEZ04,1990,N2O_AWB,6.28659762185957e-11
Africa_Northern,FodderHerb,FodderHerbAEZ07,FodderHerbAEZ07,1990,N2O_AWB,1.50710620945147e-06
Africa_Northern,FodderHerb,FodderHerbAEZ08,FodderHerbAEZ08,1990,N2O_AWB,1.68277613110382e-10
Africa_Northern,FodderHerb,FodderHerbAEZ09,FodderHerbAEZ09,1990,N2O_AWB,4.82607494203362e-10
Africa_Northern,FodderHerb,FodderHerbAEZ10,FodderHerbAEZ10,1990,N2O_AWB,3.75767085124788e-10
Africa_Northern,MiscCrop,MiscCropAEZ01,MiscCropAEZ01,1990,N2O_AWB,1.83327281418944e-06
Africa_Northern,MiscCrop,MiscCropAEZ02,MiscCropAEZ02,1990,N2O_AWB,2.02157478296456e-07
Africa_Northern,MiscCrop,MiscCropAEZ03,MiscCropAEZ03,1990,N2O_AWB,1.67849932807366e-08
Africa_Northern,MiscCrop,MiscCropAEZ04,MiscCropAEZ04,1990,N2O_AWB,3.85488490125652e-08
Africa_Northern,MiscCrop,MiscCropAEZ07,MiscCropAEZ07,1990,N2O_AWB,5.55194240271577e-07
Africa_Northern,MiscCrop,MiscCropAEZ08,MiscCropAEZ08,1990,N2O_AWB,1.9433041056099e-07
Africa_Northern,MiscCrop,MiscCropAEZ09,MiscCropAEZ09,1990,N2O_AWB,5.86125146865113e-07
Africa_Northern,MiscCrop,MiscCropAEZ10,MiscCropAEZ10,1990,N2O_AWB,7.02911568929446e-07
Africa_Northern,OilCrop,OilCropAEZ01,OilCropAEZ01,1990,N2O_AWB,5.77039989572466e-08
Africa_Northern,OilCrop,OilCropAEZ02,OilCropAEZ02,1990,N2O_AWB,9.07138581597931e-09
Africa_Northern,OilCrop,OilCropAEZ03,OilCropAEZ03,1990,N2O_AWB,1.32440741578012e-09
Africa_Northern,OilCrop,OilCropAEZ04,OilCropAEZ04,1990,N2O_AWB,5.69130828459931e-09
Africa_Northern,OilCrop,OilCropAEZ07,OilCropAEZ07,1990,N2O_AWB,1.94522656948802e-08
Africa_Northern,OilCrop,OilCropAEZ08,OilCropAEZ08,1990,N2O_AWB,3.36706224161259e-08
Africa_Northern,OilCrop,OilCropAEZ09,OilCropAEZ09,1990,N2O_AWB,8.93643691960234e-08
Africa_Northern,OilCrop,OilCropAEZ10,OilCropAEZ10,1990,N2O_AWB,9.58482882910648e-08
Africa_Northern,OtherGrain,OtherGrainAEZ01,OtherGrainAEZ01,1990,N2O_AWB,7.51541424475414e-08
Africa_Northern,OtherGrain,OtherGrainAEZ02,OtherGrainAEZ02,1990,N2O_AWB,1.16459666025707e-08
Africa_Northern,OtherGrain,OtherGrainAEZ03,OtherGrainAEZ03,1990,N2O_AWB,1.23126920082923e-08
Africa_Northern,OtherGrain,OtherGrainAEZ04,OtherGrainAEZ04,1990,N2O_AWB,7.45066241114842e-09
Africa_Northern,OtherGrain,OtherGrainAEZ07,OtherGrainAEZ07,1990,N2O_AWB,1.85121098661607e-07
Africa_Northern,OtherGrain,OtherGrainAEZ08,OtherGrainAEZ08,1990,N2O_AWB,8.67948271059546e-08
Africa_Northern,OtherGrain,OtherGrainAEZ09,OtherGrainAEZ09,1990,N2O_AWB,2.87079667179147e-07
Africa_Northern,OtherGrain,OtherGrainAEZ10,OtherGrainAEZ10,1990,N2O_AWB,1.57959901272594e-07
Africa_Northern,PalmFruit,PalmFruitAEZ01,PalmFruitAEZ01,1990,N2O_AWB,0
Africa_Northern,PalmFruit,PalmFruitAEZ02,PalmFruitAEZ02,1990,N2O_AWB,0
Africa_Northern,PalmFruit,PalmFruitAEZ03,PalmFruitAEZ03,1990,N2O_AWB,0
Africa_Northern,PalmFruit,PalmFruitAEZ04,PalmFruitAEZ04,1990,N2O_AWB,0
Africa_Northern,PalmFruit,PalmFruitAEZ07,PalmFruitAEZ07,1990,N2O_AWB,0
Africa_Northern,PalmFruit,PalmFruitAEZ08,PalmFruitAEZ08,1990,N2O_AWB,0
Africa_Northern,PalmFruit,PalmFruitAEZ09,PalmFruitAEZ09,1990,N2O_AWB,0
Africa_Northern,PalmFruit,PalmFruitAEZ10,PalmFruitAEZ10,1990,N2O_AWB,0
Africa_Northern,Rice,RiceAEZ01,RiceAEZ01,1990,N2O_AWB,4.55194005584616e-07
Africa_Northern,Rice,RiceAEZ02,RiceAEZ02,1990,N2O_AWB,3.00714630007402e-08
Africa_Northern,Rice,RiceAEZ03,RiceAEZ03,1990,N2O_AWB,0
Africa_Northern,Rice,RiceAEZ04,RiceAEZ04,1990,N2O_AWB,3.57239900200117e-10
Africa_Northern,Rice,RiceAEZ07,RiceAEZ07,1990,N2O_AWB,2.57811337680358e-09
Africa_Northern,Rice,RiceAEZ08,RiceAEZ08,1990,N2O_AWB,0
Africa_Northern,Rice,RiceAEZ09,RiceAEZ09,1990,N2O_AWB,2.67448469758983e-10
Africa_Northern,Rice,RiceAEZ10,RiceAEZ10,1990,N2O_AWB,1.53857094484211e-09
Africa_Northern,Root_Tuber,Root_TuberAEZ01,Root_TuberAEZ01,1990,N2O_AWB,2.15488756836617e-07
Africa_Northern,Root_Tuber,Root_TuberAEZ02,Root_TuberAEZ02,1990,N2O_AWB,2.37865308254788e-08
Africa_Northern,Root_Tuber,Root_TuberAEZ03,Root_TuberAEZ03,1990,N2O_AWB,4.44870216236417e-09
Africa_Northern,Root_Tuber,Root_TuberAEZ04,Root_TuberAEZ04,1990,N2O_AWB,1.01197462730784e-08
Africa_Northern,Root_Tuber,Root_TuberAEZ07,Root_TuberAEZ07,1990,N2O_AWB,5.1119221360238e-08
Africa_Northern,Root_Tuber,Root_TuberAEZ08,Root_TuberAEZ08,1990,N2O_AWB,3.59554789663782e-08
Africa_Northern,Root_Tuber,Root_TuberAEZ09,Root_TuberAEZ09,1990,N2O_AWB,1.45537888667427e-07
Africa_Northern,Root_Tuber,Root_TuberAEZ10,Root_TuberAEZ10,1990,N2O_AWB,1.80848999263047e-07
Africa_Northern,SugarCrop,SugarCropAEZ01,SugarCropAEZ01,1990,N2O_AWB,1.62725095134251e-06
Africa_Northern,SugarCrop,SugarCropAEZ02,SugarCropAEZ02,1990,N2O_AWB,1.25445162760893e-07
Africa_Northern,SugarCrop,SugarCropAEZ03,SugarCropAEZ03,1990,N2O_AWB,0
Africa_Northern,SugarCrop,SugarCropAEZ04,SugarCropAEZ04,1990,N2O_AWB,7.14281438688441e-08
Africa_Northern,SugarCrop,SugarCropAEZ07,SugarCropAEZ07,1990,N2O_AWB,3.51707974177701e-07
Africa_Northern,SugarCrop,SugarCropAEZ08,SugarCropAEZ08,1990,N2O_AWB,1.43493630364481e-08
Africa_Northern,SugarCrop,SugarCropAEZ09,SugarCropAEZ09,1990,N2O_AWB,2.02186821811136e-07
Africa_Northern,SugarCrop,SugarCropAEZ10,SugarCropAEZ10,1990,N2O_AWB,1.89877756149618e-07
Africa_Northern,Wheat,WheatAEZ01,WheatAEZ01,1990,N2O_AWB,5.73407986699639e-07
Africa_Northern,Wheat,WheatAEZ02,WheatAEZ02,1990,N2O_AWB,3.98970119956631e-08
Africa_Northern,Wheat,WheatAEZ03,WheatAEZ03,1990,N2O_AWB,6.40164562396552e-09
Africa_Northern,Wheat,WheatAEZ04,WheatAEZ04,1990,N2O_AWB,4.59329616472521e-08
Africa_Northern,Wheat,WheatAEZ07,WheatAEZ07,1990,N2O_AWB,2.21965912279485e-07
Africa_Northern,Wheat,WheatAEZ08,WheatAEZ08,1990,N2O_AWB,5.10057723747156e-08
Africa_Northern,Wheat,WheatAEZ09,WheatAEZ09,1990,N2O_AWB,2.81735957118778e-07
Africa_Northern,Wheat,WheatAEZ10,WheatAEZ10,1990,N2O_AWB,3.57047509978698e-07
Africa_Northern,Corn,CornAEZ01,CornAEZ01,1990,NH3_AWB,1.03155286246657e-05
Africa_Northern,Corn,CornAEZ02,CornAEZ02,1990,NH3_AWB,6.09958056781744e-07
Africa_Northern,Corn,CornAEZ03,CornAEZ03,1990,NH3_AWB,3.56500462057319e-08
Africa_Northern,Corn,CornAEZ04,CornAEZ04,1990,NH3_AWB,7.50786040069492e-09
Africa_Northern,Corn,CornAEZ07,CornAEZ07,1990,NH3_AWB,3.70093505351534e-06
Africa_Northern,Corn,CornAEZ08,CornAEZ08,1990,NH3_AWB,7.10355497780748e-08
Africa_Northern,Corn,CornAEZ09,CornAEZ09,1990,NH3_AWB,2.14668153196795e-07
Africa_Northern,Corn,CornAEZ10,CornAEZ10,1990,NH3_AWB,3.02515036163954e-08
Africa_Northern,FiberCrop,FiberCropAEZ01,FiberCropAEZ01,1990,NH3_AWB,1.99842893399188e-06
Africa_Northern,FiberCrop,FiberCropAEZ02,FiberCropAEZ02,1990,NH3_AWB,1.79204278805515e-07
Africa_Northern,FiberCrop,FiberCropAEZ03,FiberCropAEZ03,1990,NH3_AWB,0
Africa_Northern,FiberCrop,FiberCropAEZ04,FiberCropAEZ04,1990,NH3_AWB,0
Africa_Northern,FiberCrop,FiberCropAEZ07,FiberCropAEZ07,1990,NH3_AWB,5.11113820080363e-07
Africa_Northern,FiberCrop,FiberCropAEZ08,FiberCropAEZ08,1990,NH3_AWB,0
Africa_Northern,FiberCrop,FiberCropAEZ09,FiberCropAEZ09,1990,NH3_AWB,0
Africa_Northern,FiberCrop,FiberCropAEZ10,FiberCropAEZ10,1990,NH3_AWB,0
Africa_Northern,FodderGrass,FodderGrassAEZ01,FodderGrassAEZ01,1990,NH3_AWB,2.45316283473654e-09
Africa_Northern,FodderGrass,FodderGrassAEZ02,FodderGrassAEZ02,1990,NH3_AWB,2.49210729173207e-07
Africa_Northern,FodderGrass,FodderGrassAEZ03,FodderGrassAEZ03,1990,NH3_AWB,1.23031881293498e-07
Africa_Northern,FodderGrass,FodderGrassAEZ04,FodderGrassAEZ04,1990,NH3_AWB,2.83358199199358e-07
Africa_Northern,FodderGrass,FodderGrassAEZ07,FodderGrassAEZ07,1990,NH3_AWB,2.35925083124144e-07
Africa_Northern,FodderGrass,FodderGrassAEZ08,FodderGrassAEZ08,1990,NH3_AWB,1.95082903890328e-06
Africa_Northern,FodderGrass,FodderGrassAEZ09,FodderGrassAEZ09,1990,NH3_AWB,7.526778703323e-06
Africa_Northern,FodderGrass,FodderGrassAEZ10,FodderGrassAEZ10,1990,NH3_AWB,1.04025892892675e-05
Africa_Northern,FodderHerb,FodderHerbAEZ01,FodderHerbAEZ01,1990,NH3_AWB,0.00010955851049556
Africa_Northern,FodderHerb,FodderHerbAEZ02,FodderHerbAEZ02,1990,NH3_AWB,9.81705349045916e-06
Africa_Northern,FodderHerb,FodderHerbAEZ03,FodderHerbAEZ03,1990,NH3_AWB,5.43524643373244e-10
Africa_Northern,FodderHerb,FodderHerbAEZ04,FodderHerbAEZ04,1990,NH3_AWB,1.16975955856416e-09
Africa_Northern,FodderHerb,FodderHerbAEZ07,FodderHerbAEZ07,1990,NH3_AWB,2.80430210476199e-05
Africa_Northern,FodderHerb,FodderHerbAEZ08,FodderHerbAEZ08,1990,NH3_AWB,3.13117457595456e-09
Africa_Northern,FodderHerb,FodderHerbAEZ09,FodderHerbAEZ09,1990,NH3_AWB,8.97997236877535e-09
Africa_Northern,FodderHerb,FodderHerbAEZ10,FodderHerbAEZ10,1990,NH3_AWB,6.99197190687212e-09
Africa_Northern,MiscCrop,MiscCropAEZ01,MiscCropAEZ01,1990,NH3_AWB,3.41120670805644e-05
Africa_Northern,MiscCrop,MiscCropAEZ02,MiscCropAEZ02,1990,NH3_AWB,3.76158387726676e-06
Africa_Northern,MiscCrop,MiscCropAEZ03,MiscCropAEZ03,1990,NH3_AWB,3.12321664461307e-07
Africa_Northern,MiscCrop,MiscCropAEZ04,MiscCropAEZ04,1990,NH3_AWB,7.17285999779896e-07
Africa_Northern,MiscCrop,MiscCropAEZ07,MiscCropAEZ07,1990,NH3_AWB,1.03306081998825e-05
Africa_Northern,MiscCrop,MiscCropAEZ08,MiscCropAEZ08,1990,NH3_AWB,3.61594409164959e-06
Africa_Northern,MiscCrop,MiscCropAEZ09,MiscCropAEZ09,1990,NH3_AWB,1.09061456498544e-05
Africa_Northern,MiscCrop,MiscCropAEZ10,MiscCropAEZ10,1990,NH3_AWB,1.30792135275445e-05
Africa_Northern,OilCrop,OilCropAEZ01,OilCropAEZ01,1990,NH3_AWB,1.07370963449143e-06
Africa_Northern,OilCrop,OilCropAEZ02,OilCropAEZ02,1990,NH3_AWB,1.68793056370709e-07
Africa_Northern,OilCrop,OilCropAEZ03,OilCropAEZ03,1990,NH3_AWB,2.46435087344397e-08
Africa_Northern,OilCrop,OilCropAEZ04,OilCropAEZ04,1990,NH3_AWB,1.05899290317171e-07
Africa_Northern,OilCrop,OilCropAEZ07,OilCropAEZ07,1990,NH3_AWB,3.6195212579209e-07
Africa_Northern,OilCrop,OilCropAEZ08,OilCropAEZ08,1990,NH3_AWB,6.26515880022513e-07
Africa_Northern,OilCrop,OilCropAEZ09,OilCropAEZ09,1990,NH3_AWB,1.66282035768631e-06
Africa_Northern,OilCrop,OilCropAEZ10,OilCropAEZ10,1990,NH3_AWB,1.78346791292364e-06
Africa_Northern,OtherGrain,OtherGrainAEZ01,OtherGrainAEZ01,1990,NH3_AWB,1.39840787945482e-06
Africa_Northern,OtherGrain,OtherGrainAEZ02,OtherGrainAEZ02,1990,NH3_AWB,2.16698786394513e-07
Africa_Northern,OtherGrain,OtherGrainAEZ03,OtherGrainAEZ03,1990,NH3_AWB,2.29104676880784e-07
Africa_Northern,OtherGrain,OtherGrainAEZ04,OtherGrainAEZ04,1990,NH3_AWB,1.38635937868368e-07
Africa_Northern,OtherGrain,OtherGrainAEZ07,OtherGrainAEZ07,1990,NH3_AWB,3.44458461757345e-06
Africa_Northern,OtherGrain,OtherGrainAEZ08,OtherGrainAEZ08,1990,NH3_AWB,1.61500838367768e-06
Africa_Northern,OtherGrain,OtherGrainAEZ09,OtherGrainAEZ09,1990,NH3_AWB,5.34174771397076e-06
Africa_Northern,OtherGrain,OtherGrainAEZ10,OtherGrainAEZ10,1990,NH3_AWB,2.9391908866725e-06
Africa_Northern,PalmFruit,PalmFruitAEZ01,PalmFruitAEZ01,1990,NH3_AWB,0
Africa_Northern,PalmFruit,PalmFruitAEZ02,PalmFruitAEZ02,1990,NH3_AWB,0
Africa_Northern,PalmFruit,PalmFruitAEZ03,PalmFruitAEZ03,1990,NH3_AWB,0
Africa_Northern,PalmFruit,PalmFruitAEZ04,PalmFruitAEZ04,1990,NH3_AWB,0
Africa_Northern,PalmFruit,PalmFruitAEZ07,PalmFruitAEZ07,1990,NH3_AWB,0
Africa_Northern,PalmFruit,PalmFruitAEZ08,PalmFruitAEZ08,1990,NH3_AWB,0
Africa_Northern,PalmFruit,PalmFruitAEZ09,PalmFruitAEZ09,1990,NH3_AWB,0
Africa_Northern,PalmFruit,PalmFruitAEZ10,PalmFruitAEZ10,1990,NH3_AWB,0
Africa_Northern,Rice,RiceAEZ01,RiceAEZ01,1990,NH3_AWB,8.46988420544413e-06
Africa_Northern,Rice,RiceAEZ02,RiceAEZ02,1990,NH3_AWB,5.59545614352825e-07
Africa_Northern,Rice,RiceAEZ03,RiceAEZ03,1990,NH3_AWB,0
Africa_Northern,Rice,RiceAEZ04,RiceAEZ04,1990,NH3_AWB,6.6472329405422e-09
Africa_Northern,Rice,RiceAEZ07,RiceAEZ07,1990,NH3_AWB,4.79714616232434e-08
Africa_Northern,Rice,RiceAEZ08,RiceAEZ08,1990,NH3_AWB,0
Africa_Northern,Rice,RiceAEZ09,RiceAEZ09,1990,NH3_AWB,4.97646617044637e-09
Africa_Northern,Rice,RiceAEZ10,RiceAEZ10,1990,NH3_AWB,2.8628491554797e-08
Africa_Northern,Root_Tuber,Root_TuberAEZ01,Root_TuberAEZ01,1990,NH3_AWB,4.00964159366983e-06
Africa_Northern,Root_Tuber,Root_TuberAEZ02,Root_TuberAEZ02,1990,NH3_AWB,4.42600647788149e-07
Africa_Northern,Root_Tuber,Root_TuberAEZ03,Root_TuberAEZ03,1990,NH3_AWB,8.27778743073301e-08
Africa_Northern,Root_Tuber,Root_TuberAEZ04,Root_TuberAEZ04,1990,NH3_AWB,1.88300105163655e-07
Africa_Northern,Root_Tuber,Root_TuberAEZ07,Root_TuberAEZ07,1990,NH3_AWB,9.51185385311926e-07
Africa_Northern,Root_Tuber,Root_TuberAEZ08,Root_TuberAEZ08,1990,NH3_AWB,6.69030654314922e-07
Africa_Northern,Root_Tuber,Root_TuberAEZ09,Root_TuberAEZ09,1990,NH3_AWB,2.70805205998871e-06
Africa_Northern,Root_Tuber,Root_TuberAEZ10,Root_TuberAEZ10,1990,NH3_AWB,3.36509282555505e-06
Africa_Northern,SugarCrop,SugarCropAEZ01,SugarCropAEZ01,1990,NH3_AWB,3.02785778414822e-05
Africa_Northern,SugarCrop,SugarCropAEZ02,SugarCropAEZ02,1990,NH3_AWB,2.33418276533157e-06
Africa_Northern,SugarCrop,SugarCropAEZ03,SugarCropAEZ03,1990,NH3_AWB,0
Africa_Northern,SugarCrop,SugarCropAEZ04,SugarCropAEZ04,1990,NH3_AWB,1.32907749257795e-06
Africa_Northern,SugarCrop,SugarCropAEZ07,SugarCropAEZ07,1990,NH3_AWB,6.54429930726034e-06
Africa_Northern,SugarCrop,SugarCropAEZ08,SugarCropAEZ08,1990,NH3_AWB,2.67001414450751e-07
Africa_Northern,SugarCrop,SugarCropAEZ09,SugarCropAEZ09,1990,NH3_AWB,3.76212987780384e-06
Africa_Northern,SugarCrop,SugarCropAEZ10,SugarCropAEZ10,1990,NH3_AWB,3.53309267706924e-06
Africa_Northern,Wheat,WheatAEZ01,WheatAEZ01,1990,NH3_AWB,1.06695149545856e-05
Africa_Northern,Wheat,WheatAEZ02,WheatAEZ02,1990,NH3_AWB,7.42371533018059e-07
Africa_Northern,Wheat,WheatAEZ03,WheatAEZ03,1990,NH3_AWB,1.1911667661273e-07
Africa_Northern,Wheat,WheatAEZ04,WheatAEZ04,1990,NH3_AWB,8.54683632895538e-07
Africa_Northern,Wheat,WheatAEZ07,WheatAEZ07,1990,NH3_AWB,4.13016329630363e-06
Africa_Northern,Wheat,WheatAEZ08,WheatAEZ08,1990,NH3_AWB,9.4907441777103e-07
Africa_Northern,Wheat,WheatAEZ09,WheatAEZ09,1990,NH3_AWB,5.24231625203694e-06
Africa_Northern,Wheat,WheatAEZ10,WheatAEZ10,1990,NH3_AWB,6.64365309793073e-06
Africa_Northern,Corn,CornAEZ01,CornAEZ01,1990,NMVOC_AWB,5.54383823968478e-05
Africa_Northern,Corn,CornAEZ02,CornAEZ02,1990,NMVOC_AWB,3.27807611497957e-06
Africa_Northern,Corn,CornAEZ03,CornAEZ03,1990,NMVOC_AWB,1.91592788496839e-07
Africa_Northern,Corn,CornAEZ04,CornAEZ04,1990,NMVOC_AWB,4.03492298863517e-08
Africa_Northern,Corn,CornAEZ07,CornAEZ07,1990,NMVOC_AWB,1.98898049909034e-05
Africa_Northern,Corn,CornAEZ08,CornAEZ08,1990,NMVOC_AWB,3.81763854830548e-07
Africa_Northern,Corn,CornAEZ09,CornAEZ09,1990,NMVOC_AWB,1.15368349973773e-06
Africa_Northern,Corn,CornAEZ10,CornAEZ10,1990,NMVOC_AWB,1.62579591079338e-07
Africa_Northern,FiberCrop,FiberCropAEZ01,FiberCropAEZ01,1990,NMVOC_AWB,1.07400862783372e-05
Africa_Northern,FiberCrop,FiberCropAEZ02,FiberCropAEZ02,1990,NMVOC_AWB,9.63091247870341e-07
Africa_Northern,FiberCrop,FiberCropAEZ03,FiberCropAEZ03,1990,NMVOC_AWB,0
Africa_Northern,FiberCrop,FiberCropAEZ04,FiberCropAEZ04,1990,NMVOC_AWB,0
Africa_Northern,FiberCrop,FiberCropAEZ07,FiberCropAEZ07,1990,NMVOC_AWB,2.74686101283997e-06
Africa_Northern,FiberCrop,FiberCropAEZ08,FiberCropAEZ08,1990,NMVOC_AWB,0
Africa_Northern,FiberCrop,FiberCropAEZ09,FiberCropAEZ09,1990,NMVOC_AWB,0
Africa_Northern,FiberCrop,FiberCropAEZ10,FiberCropAEZ10,1990,NMVOC_AWB,0
Africa_Northern,FodderGrass,FodderGrassAEZ01,FodderGrassAEZ01,1990,NMVOC_AWB,1.31839466751775e-08
Africa_Northern,FodderGrass,FodderGrassAEZ02,FodderGrassAEZ02,1990,NMVOC_AWB,1.33932444996238e-06
Africa_Northern,FodderGrass,FodderGrassAEZ03,FodderGrassAEZ03,1990,NMVOC_AWB,6.61205909103234e-07
Africa_Northern,FodderGrass,FodderGrassAEZ04,FodderGrassAEZ04,1990,NMVOC_AWB,1.52284199618566e-06
Africa_Northern,FodderGrass,FodderGrassAEZ07,FodderGrassAEZ07,1990,NMVOC_AWB,1.26792387003514e-06
Africa_Northern,FodderGrass,FodderGrassAEZ08,FodderGrassAEZ08,1990,NMVOC_AWB,1.04842718376055e-05
Africa_Northern,FodderGrass,FodderGrassAEZ09,FodderGrassAEZ09,1990,NMVOC_AWB,4.04509018542707e-05
Africa_Northern,FodderGrass,FodderGrassAEZ10,FodderGrassAEZ10,1990,NMVOC_AWB,5.59062694622165e-05
Africa_Northern,FodderHerb,FodderHerbAEZ01,FodderHerbAEZ01,1990,NMVOC_AWB,0.000588796446665745
Africa_Northern,FodderHerb,FodderHerbAEZ02,FodderHerbAEZ02,1990,NMVOC_AWB,5.27594450286374e-05
Africa_Northern,FodderHerb,FodderHerbAEZ03,FodderHerbAEZ03,1990,NMVOC_AWB,2.92104535965192e-09
Africa_Northern,FodderHerb,FodderHerbAEZ04,FodderHerbAEZ04,1990,NMVOC_AWB,6.28659762185957e-09
Africa_Northern,FodderHerb,FodderHerbAEZ07,FodderHerbAEZ07,1990,NMVOC_AWB,0.000150710620945147
Africa_Northern,FodderHerb,FodderHerbAEZ08,FodderHerbAEZ08,1990,NMVOC_AWB,1.68277613110383e-08
Africa_Northern,FodderHerb,FodderHerbAEZ09,FodderHerbAEZ09,1990,NMVOC_AWB,4.82607494203362e-08
Africa_Northern,FodderHerb,FodderHerbAEZ10,FodderHerbAEZ10,1990,NMVOC_AWB,3.75767085124788e-08
Africa_Northern,MiscCrop,MiscCropAEZ01,MiscCropAEZ01,1990,NMVOC_AWB,0.000183327281418944
Africa_Northern,MiscCrop,MiscCropAEZ02,MiscCropAEZ02,1990,NMVOC_AWB,2.02157478296456e-05
Africa_Northern,MiscCrop,MiscCropAEZ03,MiscCropAEZ03,1990,NMVOC_AWB,1.67849932807366e-06
Africa_Northern,MiscCrop,MiscCropAEZ04,MiscCropAEZ04,1990,NMVOC_AWB,3.85488490125652e-06
Africa_Northern,MiscCrop,MiscCropAEZ07,MiscCropAEZ07,1990,NMVOC_AWB,5.55194240271577e-05
Africa_Northern,MiscCrop,MiscCropAEZ08,MiscCropAEZ08,1990,NMVOC_AWB,1.9433041056099e-05
Africa_Northern,MiscCrop,MiscCropAEZ09,MiscCropAEZ09,1990,NMVOC_AWB,5.86125146865113e-05
Africa_Northern,MiscCrop,MiscCropAEZ10,MiscCropAEZ10,1990,NMVOC_AWB,7.02911568929446e-05
Africa_Northern,OilCrop,OilCropAEZ01,OilCropAEZ01,1990,NMVOC_AWB,5.77039989572467e-06
Africa_Northern,OilCrop,OilCropAEZ02,OilCropAEZ02,1990,NMVOC_AWB,9.07138581597931e-07
Africa_Northern,OilCrop,OilCropAEZ03,OilCropAEZ03,1990,NMVOC_AWB,1.32440741578012e-07
Africa_Northern,OilCrop,OilCropAEZ04,OilCropAEZ04,1990,NMVOC_AWB,5.69130828459931e-07
Africa_Northern,OilCrop,OilCropAEZ07,OilCropAEZ07,1990,NMVOC_AWB,1.94522656948802e-06
Africa_Northern,OilCrop,OilCropAEZ08,OilCropAEZ08,1990,NMVOC_AWB,3.36706224161259e-06
Africa_Northern,OilCrop,OilCropAEZ09,OilCropAEZ09,1990,NMVOC_AWB,8.93643691960235e-06
Africa_Northern,OilCrop,OilCropAEZ10,OilCropAEZ10,1990,NMVOC_AWB,9.58482882910648e-06
Africa_Northern,OtherGrain,OtherGrainAEZ01,OtherGrainAEZ01,1990,NMVOC_AWB,7.51541424475414e-06
Africa_Northern,OtherGrain,OtherGrainAEZ02,OtherGrainAEZ02,1990,NMVOC_AWB,1.16459666025707e-06
Africa_Northern,OtherGrain,OtherGrainAEZ03,OtherGrainAEZ03,1990,NMVOC_AWB,1.23126920082923e-06
Africa_Northern,OtherGrain,OtherGrainAEZ04,OtherGrainAEZ04,1990,NMVOC_AWB,7.45066241114842e-07
Africa_Northern,OtherGrain,OtherGrainAEZ07,OtherGrainAEZ07,1990,NMVOC_AWB,1.85121098661607e-05
Africa_Northern,OtherGrain,OtherGrainAEZ08,OtherGrainAEZ08,1990,NMVOC_AWB,8.67948271059546e-06
Africa_Northern,OtherGrain,OtherGrainAEZ09,OtherGrainAEZ09,1990,NMVOC_AWB,2.87079667179147e-05
Africa_Northern,OtherGrain,OtherGrainAEZ10,OtherGrainAEZ10,1990,NMVOC_AWB,1.57959901272594e-05
Africa_Northern,PalmFruit,PalmFruitAEZ01,PalmFruitAEZ01,1990,NMVOC_AWB,0
Africa_Northern,PalmFruit,PalmFruitAEZ02,PalmFruitAEZ02,1990,NMVOC_AWB,0
Africa_Northern,PalmFruit,PalmFruitAEZ03,PalmFruitAEZ03,1990,NMVOC_AWB,0
Africa_Northern,PalmFruit,PalmFruitAEZ04,PalmFruitAEZ04,1990,NMVOC_AWB,0
Africa_Northern,PalmFruit,PalmFruitAEZ07,PalmFruitAEZ07,1990,NMVOC_AWB,0
Africa_Northern,PalmFruit,PalmFruitAEZ08,PalmFruitAEZ08,1990,NMVOC_AWB,0
Africa_Northern,PalmFruit,PalmFruitAEZ09,PalmFruitAEZ09,1990,NMVOC_AWB,0
Africa_Northern,PalmFruit,PalmFruitAEZ10,PalmFruitAEZ10,1990,NMVOC_AWB,0
Africa_Northern,Rice,RiceAEZ01,RiceAEZ01,1990,NMVOC_AWB,4.55194005584616e-05
Africa_Northern,Rice,RiceAEZ02,RiceAEZ02,1990,NMVOC_AWB,3.00714630007402e-06
Africa_Northern,Rice,RiceAEZ03,RiceAEZ03,1990,NMVOC_AWB,0
Africa_Northern,Rice,RiceAEZ04,RiceAEZ04,1990,NMVOC_AWB,3.57239900200117e-08
Africa_Northern,Rice,RiceAEZ07,RiceAEZ07,1990,NMVOC_AWB,2.57811337680358e-07
Africa_Northern,Rice,RiceAEZ08,RiceAEZ08,1990,NMVOC_AWB,0
Africa_Northern,Rice,RiceAEZ09,RiceAEZ09,1990,NMVOC_AWB,2.67448469758983e-08
Africa_Northern,Rice,RiceAEZ10,RiceAEZ10,1990,NMVOC_AWB,1.53857094484211e-07
Africa_Northern,Root_Tuber,Root_TuberAEZ01,Root_TuberAEZ01,1990,NMVOC_AWB,2.15488756836617e-05
Africa_Northern,Root_Tuber,Root_TuberAEZ02,Root_TuberAEZ02,1990,NMVOC_AWB,2.37865308254788e-06
Africa_Northern,Root_Tuber,Root_TuberAEZ03,Root_TuberAEZ03,1990,NMVOC_AWB,4.44870216236417e-07
Africa_Northern,Root_Tuber,Root_TuberAEZ04,Root_TuberAEZ04,1990,NMVOC_AWB,1.01197462730784e-06
Africa_Northern,Root_Tuber,Root_TuberAEZ07,Root_TuberAEZ07,1990,NMVOC_AWB,5.1119221360238e-06
Africa_Northern,Root_Tuber,Root_TuberAEZ08,Root_TuberAEZ08,1990,NMVOC_AWB,3.59554789663782e-06
Africa_Northern,Root_Tuber,Root_TuberAEZ09,Root_TuberAEZ09,1990,NMVOC_AWB,1.45537888667428e-05
Africa_Northern,Root_Tuber,Root_TuberAEZ10,Root_TuberAEZ10,1990,NMVOC_AWB,1.80848999263047e-05
Africa_Northern,SugarCrop,SugarCropAEZ01,SugarCropAEZ01,1990,NMVOC_AWB,0.000162725095134251
Africa_Northern,SugarCrop,SugarCropAEZ02,SugarCropAEZ02,1990,NMVOC_AWB,1.25445162760893e-05
Africa_Northern,SugarCrop,SugarCropAEZ03,SugarCropAEZ03,1990,NMVOC_AWB,0
Africa_Northern,SugarCrop,SugarCropAEZ04,SugarCropAEZ04,1990,NMVOC_AWB,7.14281438688441e-06
Africa_Northern,SugarCrop,SugarCropAEZ07,SugarCropAEZ07,1990,NMVOC_AWB,3.51707974177701e-05
Africa_Northern,SugarCrop,SugarCropAEZ08,SugarCropAEZ08,1990,NMVOC_AWB,1.43493630364481e-06
Africa_Northern,SugarCrop,SugarCropAEZ09,SugarCropAEZ09,1990,NMVOC_AWB,2.02186821811136e-05
Africa_Northern,SugarCrop,SugarCropAEZ10,SugarCropAEZ10,1990,NMVOC_AWB,1.89877756149618e-05
Africa_Northern,Wheat,WheatAEZ01,WheatAEZ01,1990,NMVOC_AWB,5.73407986699639e-05
Africa_Northern,Wheat,WheatAEZ02,WheatAEZ02,1990,NMVOC_AWB,3.98970119956631e-06
Africa_Northern,Wheat,WheatAEZ03,WheatAEZ03,1990,NMVOC_AWB,6.40164562396552e-07
Africa_Northern,Wheat,WheatAEZ04,WheatAEZ04,1990,NMVOC_AWB,4.59329616472521e-06
Africa_Northern,Wheat,WheatAEZ07,WheatAEZ07,1990,NMVOC_AWB,2.21965912279485e-05
Africa_Northern,Wheat,WheatAEZ08,WheatAEZ08,1990,NMVOC_AWB,5.10057723747156e-06
Africa_Northern,Wheat,WheatAEZ09,WheatAEZ09,1990,NMVOC_AWB,2.81735957118778e-05
Africa_Northern,Wheat,WheatAEZ10,WheatAEZ10,1990,NMVOC_AWB,3.57047509978698e-05
Africa_Northern,Corn,CornAEZ01,CornAEZ01,1990,NOx_AWB,3.01420837392801e-05
Africa_Northern,Corn,CornAEZ02,CornAEZ02,1990,NOx_AWB,1.78230389289039e-06
Africa_Northern,Corn,CornAEZ03,CornAEZ03,1990,NOx_AWB,1.04169812051411e-07
Africa_Northern,Corn,CornAEZ04,CornAEZ04,1990,NOx_AWB,2.19380474946727e-08
Africa_Northern,Corn,CornAEZ07,CornAEZ07,1990,NOx_AWB,1.08141713678112e-05
Africa_Northern,Corn,CornAEZ08,CornAEZ08,1990,NOx_AWB,2.07566627730232e-07
Africa_Northern,Corn,CornAEZ09,CornAEZ09,1990,NOx_AWB,6.27262613991739e-07
Africa_Northern,Corn,CornAEZ10,CornAEZ10,1990,NOx_AWB,8.83952135098726e-08
Africa_Northern,FiberCrop,FiberCropAEZ01,FiberCropAEZ01,1990,NOx_AWB,5.83943048069782e-06
Africa_Northern,FiberCrop,FiberCropAEZ02,FiberCropAEZ02,1990,NOx_AWB,5.23636797951128e-07
Africa_Northern,FiberCrop,FiberCropAEZ03,FiberCropAEZ03,1990,NOx_AWB,0
Africa_Northern,FiberCrop,FiberCropAEZ04,FiberCropAEZ04,1990,NOx_AWB,0
Africa_Northern,FiberCrop,FiberCropAEZ07,FiberCropAEZ07,1990,NOx_AWB,1.49347998786295e-06
Africa_Northern,FiberCrop,FiberCropAEZ08,FiberCropAEZ08,1990,NOx_AWB,0
Africa_Northern,FiberCrop,FiberCropAEZ09,FiberCropAEZ09,1990,NOx_AWB,0
Africa_Northern,FiberCrop,FiberCropAEZ10,FiberCropAEZ10,1990,NOx_AWB,0
Africa_Northern,FodderGrass,FodderGrassAEZ01,FodderGrassAEZ01,1990,NOx_AWB,7.16816774798249e-09
Africa_Northern,FodderGrass,FodderGrassAEZ02,FodderGrassAEZ02,1990,NOx_AWB,7.28196386320369e-07
Africa_Northern,FodderGrass,FodderGrassAEZ03,FodderGrassAEZ03,1990,NOx_AWB,3.5950045833642e-07
Africa_Northern,FodderGrass,FodderGrassAEZ04,FodderGrassAEZ04,1990,NOx_AWB,8.27975654883655e-07
Africa_Northern,FodderGrass,FodderGrassAEZ07,FodderGrassAEZ07,1990,NOx_AWB,6.89375588054756e-07
Africa_Northern,FodderGrass,FodderGrassAEZ08,FodderGrassAEZ08,1990,NOx_AWB,5.70034308382794e-06
Africa_Northern,FodderGrass,FodderGrassAEZ09,FodderGrassAEZ09,1990,NOx_AWB,2.19933269750337e-05
Africa_Northern,FodderGrass,FodderGrassAEZ10,FodderGrassAEZ10,1990,NOx_AWB,3.03964759220086e-05
Africa_Northern,FodderHerb,FodderHerbAEZ01,FodderHerbAEZ01,1990,NOx_AWB,0.000320131126369203
Africa_Northern,FodderHerb,FodderHerbAEZ02,FodderHerbAEZ02,1990,NOx_AWB,2.86855341252085e-05
Africa_Northern,FodderHerb,FodderHerbAEZ03,FodderHerbAEZ03,1990,NOx_AWB,1.58818475630469e-09
Africa_Northern,FodderHerb,FodderHerbAEZ04,FodderHerbAEZ04,1990,NOx_AWB,3.41804980161226e-09
Africa_Northern,FodderHerb,FodderHerbAEZ07,FodderHerbAEZ07,1990,NOx_AWB,8.194200408679e-05
Africa_Northern,FodderHerb,FodderHerbAEZ08,FodderHerbAEZ08,1990,NOx_AWB,9.14932522653787e-09
Africa_Northern,FodderHerb,FodderHerbAEZ09,FodderHerbAEZ09,1990,NOx_AWB,2.62395742345992e-08
Africa_Northern,FodderHerb,FodderHerbAEZ10,FodderHerbAEZ10,1990,NOx_AWB,2.04306158596369e-08
Africa_Northern,MiscCrop,MiscCropAEZ01,MiscCropAEZ01,1990,NOx_AWB,9.9675820781859e-05
Africa_Northern,MiscCrop,MiscCropAEZ02,MiscCropAEZ02,1990,NOx_AWB,1.09913878722406e-05
Africa_Northern,MiscCrop,MiscCropAEZ03,MiscCropAEZ03,1990,NOx_AWB,9.12607206699422e-07
Africa_Northern,MiscCrop,MiscCropAEZ04,MiscCropAEZ04,1990,NOx_AWB,2.09591727744148e-06
Africa_Northern,MiscCrop,MiscCropAEZ07,MiscCropAEZ07,1990,NOx_AWB,3.01861464175466e-05
Africa_Northern,MiscCrop,MiscCropAEZ08,MiscCropAEZ08,1990,NOx_AWB,1.0565826878367e-05
Africa_Northern,MiscCrop,MiscCropAEZ09,MiscCropAEZ09,1990,NOx_AWB,3.1867872933303e-05
Africa_Northern,MiscCrop,MiscCropAEZ10,MiscCropAEZ10,1990,NOx_AWB,3.82176002544851e-05
Africa_Northern,OilCrop,OilCropAEZ01,OilCropAEZ01,1990,NOx_AWB,3.13739090763867e-06
Africa_Northern,OilCrop,OilCropAEZ02,OilCropAEZ02,1990,NOx_AWB,4.93215095886552e-07
Africa_Northern,OilCrop,OilCropAEZ03,OilCropAEZ03,1990,NOx_AWB,7.20085931541136e-08
Africa_Northern,OilCrop,OilCropAEZ04,OilCropAEZ04,1990,NOx_AWB,3.09438846307689e-07
Africa_Northern,OilCrop,OilCropAEZ07,OilCropAEZ07,1990,NOx_AWB,1.05762793960442e-06
Africa_Northern,OilCrop,OilCropAEZ08,OilCropAEZ08,1990,NOx_AWB,1.83068602751702e-06
Africa_Northern,OilCrop,OilCropAEZ09,OilCropAEZ09,1990,NOx_AWB,4.85877867130488e-06
Africa_Northern,OilCrop,OilCropAEZ10,OilCropAEZ10,1990,NOx_AWB,5.2113121036883e-06
Africa_Northern,OtherGrain,OtherGrainAEZ01,OtherGrainAEZ01,1990,NOx_AWB,4.08616261346107e-06
Africa_Northern,OtherGrain,OtherGrainAEZ02,OtherGrainAEZ02,1990,NOx_AWB,6.3319614567164e-07
Africa_Northern,OtherGrain,OtherGrainAEZ03,OtherGrainAEZ03,1990,NOx_AWB,6.69446288878396e-07
Africa_Northern,OtherGrain,OtherGrainAEZ04,OtherGrainAEZ04,1990,NOx_AWB,4.0509567667817e-07
Africa_Northern,OtherGrain,OtherGrainAEZ07,OtherGrainAEZ07,1990,NOx_AWB,1.00651126828025e-05
Africa_Northern,OtherGrain,OtherGrainAEZ08,OtherGrainAEZ08,1990,NOx_AWB,4.71907157758769e-06
Africa_Northern,OtherGrain,OtherGrainAEZ09,OtherGrainAEZ09,1990,NOx_AWB,1.56086433150519e-05
Africa_Northern,OtherGrain,OtherGrainAEZ10,OtherGrainAEZ10,1990,NOx_AWB,8.58834685601803e-06
Africa_Northern,PalmFruit,PalmFruitAEZ01,PalmFruitAEZ01,1990,NOx_AWB,0
Africa_Northern,PalmFruit,PalmFruitAEZ02,PalmFruitAEZ02,1990,NOx_AWB,0
Africa_Northern,PalmFruit,PalmFruitAEZ03,PalmFruitAEZ03,1990,NOx_AWB,0
Africa_Northern,PalmFruit,PalmFruitAEZ04,PalmFruitAEZ04,1990,NOx_AWB,0
Africa_Northern,PalmFruit,PalmFruitAEZ07,PalmFruitAEZ07,1990,NOx_AWB,0
Africa_Northern,PalmFruit,PalmFruitAEZ08,PalmFruitAEZ08,1990,NOx_AWB,0
Africa_Northern,PalmFruit,PalmFruitAEZ09,PalmFruitAEZ09,1990,NOx_AWB,0
Africa_Northern,PalmFruit,PalmFruitAEZ10,PalmFruitAEZ10,1990,NOx_AWB,0
Africa_Northern,Rice,RiceAEZ01,RiceAEZ01,1990,NOx_AWB,2.47490912266047e-05
Africa_Northern,Rice,RiceAEZ02,RiceAEZ02,1990,NOx_AWB,1.63499820294633e-06
Africa_Northern,Rice,RiceAEZ03,RiceAEZ03,1990,NOx_AWB,0
Africa_Northern,Rice,RiceAEZ04,RiceAEZ04,1990,NOx_AWB,1.9423284954029e-08
Africa_Northern,Rice,RiceAEZ07,RiceAEZ07,1990,NOx_AWB,1.40173118213835e-07
Africa_Northern,Rice,RiceAEZ08,RiceAEZ08,1990,NOx_AWB,0
Africa_Northern,Rice,RiceAEZ09,RiceAEZ09,1990,NOx_AWB,1.45412867816215e-08
Africa_Northern,Rice,RiceAEZ10,RiceAEZ10,1990,NOx_AWB,8.3652755100753e-08
Africa_Northern,Root_Tuber,Root_TuberAEZ01,Root_TuberAEZ01,1990,NOx_AWB,1.17162151430522e-05
Africa_Northern,Root_Tuber,Root_TuberAEZ02,Root_TuberAEZ02,1990,NOx_AWB,1.29328377382331e-06
Africa_Northern,Root_Tuber,Root_TuberAEZ03,Root_TuberAEZ03,1990,NOx_AWB,2.41877824192651e-07
Africa_Northern,Root_Tuber,Root_TuberAEZ04,Root_TuberAEZ04,1990,NOx_AWB,5.50214898767933e-07
Africa_Northern,Root_Tuber,Root_TuberAEZ07,Root_TuberAEZ07,1990,NOx_AWB,2.7793737557081e-06
Africa_Northern,Root_Tuber,Root_TuberAEZ08,Root_TuberAEZ08,1990,NOx_AWB,1.95491464763972e-06
Africa_Northern,Root_Tuber,Root_TuberAEZ09,Root_TuberAEZ09,1990,NOx_AWB,7.91295675990188e-06
Africa_Northern,Root_Tuber,Root_TuberAEZ10,Root_TuberAEZ10,1990,NOx_AWB,9.83283682581206e-06
Africa_Northern,SugarCrop,SugarCropAEZ01,SugarCropAEZ01,1990,NOx_AWB,8.84743246819159e-05
Africa_Northern,SugarCrop,SugarCropAEZ02,SugarCropAEZ02,1990,NOx_AWB,6.82050672683668e-06
Africa_Northern,SugarCrop,SugarCropAEZ03,SugarCropAEZ03,1990,NOx_AWB,0
Africa_Northern,SugarCrop,SugarCropAEZ04,SugarCropAEZ04,1990,NOx_AWB,3.88357848976211e-06
Africa_Northern,SugarCrop,SugarCropAEZ07,SugarCropAEZ07,1990,NOx_AWB,1.91225117889435e-05
Africa_Northern,SugarCrop,SugarCropAEZ08,SugarCropAEZ08,1990,NOx_AWB,7.80180956857324e-07
Africa_Northern,SugarCrop,SugarCropAEZ09,SugarCropAEZ09,1990,NOx_AWB,1.09929832915845e-05
Africa_Northern,SugarCrop,SugarCropAEZ10,SugarCropAEZ10,1990,NOx_AWB,1.03237341687188e-05
Africa_Northern,Wheat,WheatAEZ01,WheatAEZ01,1990,NOx_AWB,3.11764355390991e-05
Africa_Northern,Wheat,WheatAEZ02,WheatAEZ02,1990,NOx_AWB,2.16921747087036e-06
Africa_Northern,Wheat,WheatAEZ03,WheatAEZ03,1990,NOx_AWB,3.48060188851643e-07
Africa_Northern,Wheat,WheatAEZ04,WheatAEZ04,1990,NOx_AWB,2.49739461453575e-06
Africa_Northern,Wheat,WheatAEZ07,WheatAEZ07,1990,NOx_AWB,1.20683808327971e-05
Africa_Northern,Wheat,WheatAEZ08,WheatAEZ08,1990,NOx_AWB,2.77320548622781e-06
Africa_Northern,Wheat,WheatAEZ09,WheatAEZ09,1990,NOx_AWB,1.53181035316847e-05
Africa_Northern,Wheat,WheatAEZ10,WheatAEZ10,1990,NOx_AWB,1.94128246160575e-05
Africa_Northern,Corn,CornAEZ01,CornAEZ01,1990,SO2_AWB,4.51233819613278e-06
Africa_Northern,Corn,CornAEZ02,CornAEZ02,1990,SO2_AWB,2.66814929006548e-07
Africa_Northern,Corn,CornAEZ03,CornAEZ03,1990,SO2_AWB,1.55944567691252e-08
Africa_Northern,Corn,CornAEZ04,CornAEZ04,1990,SO2_AWB,3.28417539129134e-09
Africa_Northern,Corn,CornAEZ07,CornAEZ07,1990,SO2_AWB,1.61890594374898e-06
Africa_Northern,Corn,CornAEZ08,CornAEZ08,1990,SO2_AWB,3.10731942307306e-08
Africa_Northern,Corn,CornAEZ09,CornAEZ09,1990,SO2_AWB,9.39026338259591e-08
Africa_Northern,Corn,CornAEZ10,CornAEZ10,1990,SO2_AWB,1.32329636439872e-08
Africa_Northern,FiberCrop,FiberCropAEZ01,FiberCropAEZ01,1990,SO2_AWB,8.74175967050912e-07
Africa_Northern,FiberCrop,FiberCropAEZ02,FiberCropAEZ02,1990,SO2_AWB,7.83896144915949e-08
Africa_Northern,FiberCrop,FiberCropAEZ03,FiberCropAEZ03,1990,SO2_AWB,0
Africa_Northern,FiberCrop,FiberCropAEZ04,FiberCropAEZ04,1990,SO2_AWB,0
Africa_Northern,FiberCrop,FiberCropAEZ07,FiberCropAEZ07,1990,SO2_AWB,2.23577336347579e-07
Africa_Northern,FiberCrop,FiberCropAEZ08,FiberCropAEZ08,1990,SO2_AWB,0
Africa_Northern,FiberCrop,FiberCropAEZ09,FiberCropAEZ09,1990,SO2_AWB,0
Africa_Northern,FiberCrop,FiberCropAEZ10,FiberCropAEZ10,1990,SO2_AWB,0
Africa_Northern,FodderGrass,FodderGrassAEZ01,FodderGrassAEZ01,1990,SO2_AWB,1.07309094504828e-09
Africa_Northern,FodderGrass,FodderGrassAEZ02,FodderGrassAEZ02,1990,SO2_AWB,1.09012648120184e-07
Africa_Northern,FodderGrass,FodderGrassAEZ03,FodderGrassAEZ03,1990,SO2_AWB,5.38180327448527e-08
Africa_Northern,FodderGrass,FodderGrassAEZ04,FodderGrassAEZ04,1990,SO2_AWB,1.23949830586225e-07
Africa_Northern,FodderGrass,FodderGrassAEZ07,FodderGrassAEZ07,1990,SO2_AWB,1.0320108670547e-07
Africa_Northern,FodderGrass,FodderGrassAEZ08,FodderGrassAEZ08,1990,SO2_AWB,8.53354268759405e-07
Africa_Northern,FodderGrass,FodderGrassAEZ09,FodderGrassAEZ09,1990,SO2_AWB,3.2924508546884e-06
Africa_Northern,FodderGrass,FodderGrassAEZ10,FodderGrassAEZ10,1990,SO2_AWB,4.55042128198882e-06
Africa_Northern,FodderHerb,FodderHerbAEZ01,FodderHerbAEZ01,1990,SO2_AWB,4.79243545927878e-05
Africa_Northern,FodderHerb,FodderHerbAEZ02,FodderHerbAEZ02,1990,SO2_AWB,4.29428942037502e-06
Africa_Northern,FodderHerb,FodderHerbAEZ03,FodderHerbAEZ03,1990,SO2_AWB,2.37754854653609e-10
Africa_Northern,FodderHerb,FodderHerbAEZ04,FodderHerbAEZ04,1990,SO2_AWB,5.11689795884942e-10
Africa_Northern,FodderHerb,FodderHerbAEZ07,FodderHerbAEZ07,1990,SO2_AWB,1.22669035792852e-05
Africa_Northern,FodderHerb,FodderHerbAEZ08,FodderHerbAEZ08,1990,SO2_AWB,1.36967470615666e-09
Africa_Northern,FodderHerb,FodderHerbAEZ09,FodderHerbAEZ09,1990,SO2_AWB,3.92812368558138e-09
Africa_Northern,FodderHerb,FodderHerbAEZ10,FodderHerbAEZ10,1990,SO2_AWB,3.05850946176682e-09
Africa_Northern,MiscCrop,MiscCropAEZ01,MiscCropAEZ01,1990,SO2_AWB,1.49216960988912e-05
Africa_Northern,MiscCrop,MiscCropAEZ02,MiscCropAEZ02,1990,SO2_AWB,1.64543565579007e-06
Africa_Northern,MiscCrop,MiscCropAEZ03,MiscCropAEZ03,1990,SO2_AWB,1.36619365551341e-07
Africa_Northern,MiscCrop,MiscCropAEZ04,MiscCropAEZ04,1990,SO2_AWB,3.13763562888956e-07
Africa_Northern,MiscCrop,MiscCropAEZ07,MiscCropAEZ07,1990,SO2_AWB,4.51893447885449e-06
Africa_Northern,MiscCrop,MiscCropAEZ08,MiscCropAEZ08,1990,SO2_AWB,1.58172821127331e-06
Africa_Northern,MiscCrop,MiscCropAEZ09,MiscCropAEZ09,1990,SO2_AWB,4.77069274673455e-06
Africa_Northern,MiscCrop,MiscCropAEZ10,MiscCropAEZ10,1990,SO2_AWB,5.72126130643433e-06
Africa_Northern,OilCrop,OilCropAEZ01,OilCropAEZ01,1990,SO2_AWB,4.6967452387138e-07
Africa_Northern,OilCrop,OilCropAEZ02,OilCropAEZ02,1990,SO2_AWB,7.3835416798936e-08
Africa_Northern,OilCrop,OilCropAEZ03,OilCropAEZ03,1990,SO2_AWB,1.07798494672636e-08
Africa_Northern,OilCrop,OilCropAEZ04,OilCropAEZ04,1990,SO2_AWB,4.63236960536291e-08
Africa_Northern,OilCrop,OilCropAEZ07,OilCropAEZ07,1990,SO2_AWB,1.58329297684057e-07
Africa_Northern,OilCrop,OilCropAEZ08,OilCropAEZ08,1990,SO2_AWB,2.740578441273e-07
Africa_Northern,OilCrop,OilCropAEZ09,OilCropAEZ09,1990,SO2_AWB,7.27370170381191e-07
Africa_Northern,OilCrop,OilCropAEZ10,OilCropAEZ10,1990,SO2_AWB,7.80145223563214e-07
Africa_Northern,OtherGrain,OtherGrainAEZ01,OtherGrainAEZ01,1990,SO2_AWB,6.11707796840275e-07
Africa_Northern,OtherGrain,OtherGrainAEZ02,OtherGrainAEZ02,1990,SO2_AWB,9.47908969556342e-08
Africa_Northern,OtherGrain,OtherGrainAEZ03,OtherGrainAEZ03,1990,SO2_AWB,1.00217625486481e-07
Africa_Northern,OtherGrain,OtherGrainAEZ04,OtherGrainAEZ04,1990,SO2_AWB,6.06437401864513e-08
Africa_Northern,OtherGrain,OtherGrainAEZ07,OtherGrainAEZ07,1990,SO2_AWB,1.50677016226998e-06
Africa_Northern,OtherGrain,OtherGrainAEZ08,OtherGrainAEZ08,1990,SO2_AWB,7.06455702068263e-07
Africa_Northern,OtherGrain,OtherGrainAEZ09,OtherGrainAEZ09,1990,SO2_AWB,2.33664925190748e-06
Africa_Northern,OtherGrain,OtherGrainAEZ10,OtherGrainAEZ10,1990,SO2_AWB,1.28569497368706e-06
Africa_Northern,PalmFruit,PalmFruitAEZ01,PalmFruitAEZ01,1990,SO2_AWB,0
Africa_Northern,PalmFruit,PalmFruitAEZ02,PalmFruitAEZ02,1990,SO2_AWB,0
Africa_Northern,PalmFruit,PalmFruitAEZ03,PalmFruitAEZ03,1990,SO2_AWB,0
Africa_Northern,PalmFruit,PalmFruitAEZ04,PalmFruitAEZ04,1990,SO2_AWB,0
Africa_Northern,PalmFruit,PalmFruitAEZ07,PalmFruitAEZ07,1990,SO2_AWB,0
Africa_Northern,PalmFruit,PalmFruitAEZ08,PalmFruitAEZ08,1990,SO2_AWB,0
Africa_Northern,PalmFruit,PalmFruitAEZ09,PalmFruitAEZ09,1990,SO2_AWB,0
Africa_Northern,PalmFruit,PalmFruitAEZ10,PalmFruitAEZ10,1990,SO2_AWB,0
Africa_Northern,Rice,RiceAEZ01,RiceAEZ01,1990,SO2_AWB,3.70499500390712e-06
Africa_Northern,Rice,RiceAEZ02,RiceAEZ02,1990,SO2_AWB,2.44762933630526e-07
Africa_Northern,Rice,RiceAEZ03,RiceAEZ03,1990,SO2_AWB,0
Africa_Northern,Rice,RiceAEZ04,RiceAEZ04,1990,SO2_AWB,2.90770974397569e-09
Africa_Northern,Rice,RiceAEZ07,RiceAEZ07,1990,SO2_AWB,2.09842332354436e-08
Africa_Northern,Rice,RiceAEZ08,RiceAEZ08,1990,SO2_AWB,0
Africa_Northern,Rice,RiceAEZ09,RiceAEZ09,1990,SO2_AWB,2.1768635616961e-09
Africa_Northern,Rice,RiceAEZ10,RiceAEZ10,1990,SO2_AWB,1.25230068802763e-08
Africa_Northern,Root_Tuber,Root_TuberAEZ01,Root_TuberAEZ01,1990,SO2_AWB,1.75394393968883e-06
Africa_Northern,Root_Tuber,Root_TuberAEZ02,Root_TuberAEZ02,1990,SO2_AWB,1.93607509737515e-07
Africa_Northern,Root_Tuber,Root_TuberAEZ03,Root_TuberAEZ03,1990,SO2_AWB,3.6209658042973e-08
Africa_Northern,Root_Tuber,Root_TuberAEZ04,Root_TuberAEZ04,1990,SO2_AWB,8.23684163731665e-08
Africa_Northern,Root_Tuber,Root_TuberAEZ07,Root_TuberAEZ07,1990,SO2_AWB,4.16078545454609e-07
Africa_Northern,Root_Tuber,Root_TuberAEZ08,Root_TuberAEZ08,1990,SO2_AWB,2.92655149890272e-07
Africa_Northern,Root_Tuber,Root_TuberAEZ09,Root_TuberAEZ09,1990,SO2_AWB,1.18458754679663e-06
Africa_Northern,Root_Tuber,Root_TuberAEZ10,Root_TuberAEZ10,1990,SO2_AWB,1.47199794046198e-06
Africa_Northern,SugarCrop,SugarCropAEZ01,SugarCropAEZ01,1990,SO2_AWB,1.32448067655988e-05
Africa_Northern,SugarCrop,SugarCropAEZ02,SugarCropAEZ02,1990,SO2_AWB,1.02104530286269e-06
Africa_Northern,SugarCrop,SugarCropAEZ03,SugarCropAEZ03,1990,SO2_AWB,0
Africa_Northern,SugarCrop,SugarCropAEZ04,SugarCropAEZ04,1990,SO2_AWB,5.81380494746504e-07
Africa_Northern,SugarCrop,SugarCropAEZ07,SugarCropAEZ07,1990,SO2_AWB,2.86268332002551e-06
Africa_Northern,SugarCrop,SugarCropAEZ08,SugarCropAEZ08,1990,SO2_AWB,1.16794856054859e-07
Africa_Northern,SugarCrop,SugarCropAEZ09,SugarCropAEZ09,1990,SO2_AWB,1.64567449367887e-06
Africa_Northern,SugarCrop,SugarCropAEZ10,SugarCropAEZ10,1990,SO2_AWB,1.54548638439101e-06
Africa_Northern,Wheat,WheatAEZ01,WheatAEZ01,1990,SO2_AWB,4.66718300297935e-06
Africa_Northern,Wheat,WheatAEZ02,WheatAEZ02,1990,SO2_AWB,3.24736767842336e-07
Africa_Northern,Wheat,WheatAEZ03,WheatAEZ03,1990,SO2_AWB,5.21053984951197e-08
Africa_Northern,Wheat,WheatAEZ04,WheatAEZ04,1990,SO2_AWB,3.73865629445534e-07
Africa_Northern,Wheat,WheatAEZ07,WheatAEZ07,1990,SO2_AWB,1.80666394096508e-06
Africa_Northern,Wheat,WheatAEZ08,WheatAEZ08,1990,SO2_AWB,4.15155141544624e-07
Africa_Northern,Wheat,WheatAEZ09,WheatAEZ09,1990,SO2_AWB,2.29315478837523e-06
Africa_Northern,Wheat,WheatAEZ10,WheatAEZ10,1990,SO2_AWB,2.90614380769268e-06
Africa_Southern,Corn,CornAEZ01,CornAEZ01,1990,CH4_AWB,5.81676615177282e-06
Africa_Southern,Corn,CornAEZ02,CornAEZ02,1990,CH4_AWB,2.82465555285902e-05
Africa_Southern,Corn,CornAEZ03,CornAEZ03,1990,CH4_AWB,0.000275536796824488
Africa_Southern,Corn,CornAEZ04,CornAEZ04,1990,CH4_AWB,0.000485081017826036
Africa_Southern,Corn,CornAEZ05,CornAEZ05,1990,CH4_AWB,7.62055246495765e-05
Africa_Southern,Corn,CornAEZ06,CornAEZ06,1990,CH4_AWB,5.40052277845093e-06
Africa_Southern,Corn,CornAEZ07,CornAEZ07,1990,CH4_AWB,4.01931127805438e-06
Africa_Southern,Corn,CornAEZ08,CornAEZ08,1990,CH4_AWB,8.43039145754379e-06
Africa_Southern,Corn,CornAEZ09,CornAEZ09,1990,CH4_AWB,0.000170374070205376
Africa_Southern,Corn,CornAEZ10,CornAEZ10,1990,CH4_AWB,6.3090045338158e-05
Africa_Southern,Corn,CornAEZ11,CornAEZ11,1990,CH4_AWB,1.84198777147776e-05
Africa_Southern,FiberCrop,FiberCropAEZ01,FiberCropAEZ01,1990,CH4_AWB,4.98248721354912e-07
Africa_Southern,FiberCrop,FiberCropAEZ02,FiberCropAEZ02,1990,CH4_AWB,2.62509873919294e-06
Africa_Southern,FiberCrop,FiberCropAEZ03,FiberCropAEZ03,1990,CH4_AWB,2.43934956501344e-05
Africa_Southern,FiberCrop,FiberCropAEZ04,FiberCropAEZ04,1990,CH4_AWB,2.87598097849041e-05
Africa_Southern,FiberCrop,FiberCropAEZ05,FiberCropAEZ05,1990,CH4_AWB,3.76424070742115e-06
Africa_Southern,FiberCrop,FiberCropAEZ06,FiberCropAEZ06,1990,CH4_AWB,1.27427888714032e-06
Africa_Southern,FiberCrop,FiberCropAEZ07,FiberCropAEZ07,1990,CH4_AWB,1.17558132712184e-07
Africa_Southern,FiberCrop,FiberCropAEZ08,FiberCropAEZ08,1990,CH4_AWB,5.53731765298513e-07
Africa_Southern,FiberCrop,FiberCropAEZ09,FiberCropAEZ09,1990,CH4_AWB,2.82796891868178e-05
Africa_Southern,FiberCrop,FiberCropAEZ10,FiberCropAEZ10,1990,CH4_AWB,1.26750372995909e-06
Africa_Southern,FiberCrop,FiberCropAEZ11,FiberCropAEZ11,1990,CH4_AWB,4.71880542054982e-07
Africa_Southern,FodderGrass,FodderGrassAEZ01,FodderGrassAEZ01,1990,CH4_AWB,0
Africa_Southern,FodderGrass,FodderGrassAEZ02,FodderGrassAEZ02,1990,CH4_AWB,0
Africa_Southern,FodderGrass,FodderGrassAEZ03,FodderGrassAEZ03,1990,CH4_AWB,0
Africa_Southern,FodderGrass,FodderGrassAEZ04,FodderGrassAEZ04,1990,CH4_AWB,0
Africa_Southern,FodderGrass,FodderGrassAEZ05,FodderGrassAEZ05,1990,CH4_AWB,0
Africa_Southern,FodderGrass,FodderGrassAEZ06,FodderGrassAEZ06,1990,CH4_AWB,0
Africa_Southern,FodderGrass,FodderGrassAEZ07,FodderGrassAEZ07,1990,CH4_AWB,0
Africa_Southern,FodderGrass,FodderGrassAEZ08,FodderGrassAEZ08,1990,CH4_AWB,0
Africa_Southern,FodderGrass,FodderGrassAEZ09,FodderGrassAEZ09,1990,CH4_AWB,0
Africa_Southern,FodderGrass,FodderGrassAEZ10,FodderGrassAEZ10,1990,CH4_AWB,0
Africa_Southern,FodderGrass,FodderGrassAEZ11,FodderGrassAEZ11,1990,CH4_AWB,0
Africa_Southern,FodderHerb,FodderHerbAEZ01,FodderHerbAEZ01,1990,CH4_AWB,0
Africa_Southern,FodderHerb,FodderHerbAEZ02,FodderHerbAEZ02,1990,CH4_AWB,0
Africa_Southern,FodderHerb,FodderHerbAEZ03,FodderHerbAEZ03,1990,CH4_AWB,0
Africa_Southern,FodderHerb,FodderHerbAEZ04,FodderHerbAEZ04,1990,CH4_AWB,0
Africa_Southern,FodderHerb,FodderHerbAEZ05,FodderHerbAEZ05,1990,CH4_AWB,0
Africa_Southern,FodderHerb,FodderHerbAEZ06,FodderHerbAEZ06,1990,CH4_AWB,0
Africa_Southern,FodderHerb,FodderHerbAEZ07,FodderHerbAEZ07,1990,CH4_AWB,0
Africa_Southern,FodderHerb,FodderHerbAEZ08,FodderHerbAEZ08,1990,CH4_AWB,0
Africa_Southern,FodderHerb,FodderHerbAEZ09,FodderHerbAEZ09,1990,CH4_AWB,0
Africa_Southern,FodderHerb,FodderHerbAEZ10,FodderHerbAEZ10,1990,CH4_AWB,0
Africa_Southern,FodderHerb,FodderHerbAEZ11,FodderHerbAEZ11,1990,CH4_AWB,0
Africa_Southern,MiscCrop,MiscCropAEZ01,MiscCropAEZ01,1990,CH4_AWB,2.53287063089288e-05
Africa_Southern,MiscCrop,MiscCropAEZ02,MiscCropAEZ02,1990,CH4_AWB,3.96748412398539e-05
Africa_Southern,MiscCrop,MiscCropAEZ03,MiscCropAEZ03,1990,CH4_AWB,0.000195956025345397
Africa_Southern,MiscCrop,MiscCropAEZ04,MiscCropAEZ04,1990,CH4_AWB,0.000505642051078569
Africa_Southern,MiscCrop,MiscCropAEZ05,MiscCropAEZ05,1990,CH4_AWB,0.000112745781226224
Africa_Southern,MiscCrop,MiscCropAEZ06,MiscCropAEZ06,1990,CH4_AWB,2.61353097608608e-05
Africa_Southern,MiscCrop,MiscCropAEZ07,MiscCropAEZ07,1990,CH4_AWB,1.64202192953707e-05
Africa_Southern,MiscCrop,MiscCropAEZ08,MiscCropAEZ08,1990,CH4_AWB,1.46780101559286e-05
Africa_Southern,MiscCrop,MiscCropAEZ09,MiscCropAEZ09,1990,CH4_AWB,5.60325962948392e-05
Africa_Southern,MiscCrop,MiscCropAEZ10,MiscCropAEZ10,1990,CH4_AWB,2.35482038742943e-05
Africa_Southern,MiscCrop,MiscCropAEZ11,MiscCropAEZ11,1990,CH4_AWB,8.33897609143673e-06
Africa_Southern,OilCrop,OilCropAEZ01,OilCropAEZ01,1990,CH4_AWB,3.88150078251206e-06
Africa_Southern,OilCrop,OilCropAEZ02,OilCropAEZ02,1990,CH4_AWB,8.2015301152161e-06
Africa_Southern,OilCrop,OilCropAEZ03,OilCropAEZ03,1990,CH4_AWB,2.83580613613837e-05
Africa_Southern,OilCrop,OilCropAEZ04,OilCropAEZ04,1990,CH4_AWB,3.456697307041e-05
Africa_Southern,OilCrop,OilCropAEZ05,OilCropAEZ05,1990,CH4_AWB,8.27618459141132e-06
Africa_Southern,OilCrop,OilCropAEZ06,OilCropAEZ06,1990,CH4_AWB,8.53472669661955e-07
Africa_Southern,OilCrop,OilCropAEZ07,OilCropAEZ07,1990,CH4_AWB,3.09222032278521e-06
Africa_Southern,OilCrop,OilCropAEZ08,OilCropAEZ08,1990,CH4_AWB,3.13123216307725e-06
Africa_Southern,OilCrop,OilCropAEZ09,OilCropAEZ09,1990,CH4_AWB,1.62714839327199e-05
Africa_Southern,OilCrop,OilCropAEZ10,OilCropAEZ10,1990,CH4_AWB,4.62733623827731e-06
Africa_Southern,OilCrop,OilCropAEZ11,OilCropAEZ11,1990,CH4_AWB,1.23791662308542e-06
Africa_Southern,OtherGrain,OtherGrainAEZ01,OtherGrainAEZ01,1990,CH4_AWB,2.28889362803417e-06
Africa_Southern,OtherGrain,OtherGrainAEZ02,OtherGrainAEZ02,1990,CH4_AWB,2.28461839568296e-06
Africa_Southern,OtherGrain,OtherGrainAEZ03,OtherGrainAEZ03,1990,CH4_AWB,4.11012616644967e-05
Africa_Southern,OtherGrain,OtherGrainAEZ04,OtherGrainAEZ04,1990,CH4_AWB,0.000116106595762236
Africa_Southern,OtherGrain,OtherGrainAEZ05,OtherGrainAEZ05,1990,CH4_AWB,2.24283622105052e-05
Africa_Southern,OtherGrain,OtherGrainAEZ06,OtherGrainAEZ06,1990,CH4_AWB,1.2671130960942e-06
Africa_Southern,OtherGrain,OtherGrainAEZ07,OtherGrainAEZ07,1990,CH4_AWB,5.37084285721839e-06
Africa_Southern,OtherGrain,OtherGrainAEZ08,OtherGrainAEZ08,1990,CH4_AWB,9.52209347024648e-06
Africa_Southern,OtherGrain,OtherGrainAEZ09,OtherGrainAEZ09,1990,CH4_AWB,1.13139091214453e-05
Africa_Southern,OtherGrain,OtherGrainAEZ10,OtherGrainAEZ10,1990,CH4_AWB,6.04139660830485e-06
Africa_Southern,OtherGrain,OtherGrainAEZ11,OtherGrainAEZ11,1990,CH4_AWB,7.13963802652613e-07
Africa_Southern,PalmFruit,PalmFruitAEZ01,PalmFruitAEZ01,1990,CH4_AWB,9.28444358905496e-07
Africa_Southern,PalmFruit,PalmFruitAEZ02,PalmFruitAEZ02,1990,CH4_AWB,5.27536216337227e-06
Africa_Southern,PalmFruit,PalmFruitAEZ03,PalmFruitAEZ03,1990,CH4_AWB,3.14623923849805e-05
Africa_Southern,PalmFruit,PalmFruitAEZ04,PalmFruitAEZ04,1990,CH4_AWB,9.86573751443059e-05
Africa_Southern,PalmFruit,PalmFruitAEZ05,PalmFruitAEZ05,1990,CH4_AWB,2.28991150578878e-05
Africa_Southern,PalmFruit,PalmFruitAEZ06,PalmFruitAEZ06,1990,CH4_AWB,2.50537304967626e-06
Africa_Southern,PalmFruit,PalmFruitAEZ07,PalmFruitAEZ07,1990,CH4_AWB,0
Africa_Southern,PalmFruit,PalmFruitAEZ08,PalmFruitAEZ08,1990,CH4_AWB,0
Africa_Southern,PalmFruit,PalmFruitAEZ09,PalmFruitAEZ09,1990,CH4_AWB,2.59662925079803e-06
Africa_Southern,PalmFruit,PalmFruitAEZ10,PalmFruitAEZ10,1990,CH4_AWB,3.64647935219885e-06
Africa_Southern,PalmFruit,PalmFruitAEZ11,PalmFruitAEZ11,1990,CH4_AWB,3.28414647104872e-08
Africa_Southern,Rice,RiceAEZ01,RiceAEZ01,1990,CH4_AWB,1.19632897337254e-08
Africa_Southern,Rice,RiceAEZ02,RiceAEZ02,1990,CH4_AWB,1.72830945395126e-06
Africa_Southern,Rice,RiceAEZ03,RiceAEZ03,1990,CH4_AWB,1.83705961675655e-05
Africa_Southern,Rice,RiceAEZ04,RiceAEZ04,1990,CH4_AWB,7.8462779368926e-05
Africa_Southern,Rice,RiceAEZ05,RiceAEZ05,1990,CH4_AWB,1.37234369748713e-05
Africa_Southern,Rice,RiceAEZ06,RiceAEZ06,1990,CH4_AWB,4.69655600191735e-07
Africa_Southern,Rice,RiceAEZ07,RiceAEZ07,1990,CH4_AWB,0
Africa_Southern,Rice,RiceAEZ08,RiceAEZ08,1990,CH4_AWB,0
Africa_Southern,Rice,RiceAEZ09,RiceAEZ09,1990,CH4_AWB,1.74625438855185e-07
Africa_Southern,Rice,RiceAEZ10,RiceAEZ10,1990,CH4_AWB,1.9102672316755e-08
Africa_Southern,Rice,RiceAEZ11,RiceAEZ11,1990,CH4_AWB,0
Africa_Southern,Root_Tuber,Root_TuberAEZ01,Root_TuberAEZ01,1990,CH4_AWB,1.10448063922148e-05
Africa_Southern,Root_Tuber,Root_TuberAEZ02,Root_TuberAEZ02,1990,CH4_AWB,2.98706494337438e-05
Africa_Southern,Root_Tuber,Root_TuberAEZ03,Root_TuberAEZ03,1990,CH4_AWB,0.000284542968057115
Africa_Southern,Root_Tuber,Root_TuberAEZ04,Root_TuberAEZ04,1990,CH4_AWB,0.00117526023203872
Africa_Southern,Root_Tuber,Root_TuberAEZ05,Root_TuberAEZ05,1990,CH4_AWB,0.000568239762624585
Africa_Southern,Root_Tuber,Root_TuberAEZ06,Root_TuberAEZ06,1990,CH4_AWB,1.53749885879565e-05
Africa_Southern,Root_Tuber,Root_TuberAEZ07,Root_TuberAEZ07,1990,CH4_AWB,1.57299167020318e-05
Africa_Southern,Root_Tuber,Root_TuberAEZ08,Root_TuberAEZ08,1990,CH4_AWB,3.05488315099294e-05
Africa_Southern,Root_Tuber,Root_TuberAEZ09,Root_TuberAEZ09,1990,CH4_AWB,7.96109088233031e-05
Africa_Southern,Root_Tuber,Root_TuberAEZ10,Root_TuberAEZ10,1990,CH4_AWB,8.1515650232826e-05
Africa_Southern,Root_Tuber,Root_TuberAEZ11,Root_TuberAEZ11,1990,CH4_AWB,1.65085976061814e-05
Africa_Southern,SugarCrop,SugarCropAEZ01,SugarCropAEZ01,1990,CH4_AWB,6.16993995449524e-05
Africa_Southern,SugarCrop,SugarCropAEZ02,SugarCropAEZ02,1990,CH4_AWB,0.000216385926598829
Africa_Southern,SugarCrop,SugarCropAEZ03,SugarCropAEZ03,1990,CH4_AWB,0.000327666529178155
Africa_Southern,SugarCrop,SugarCropAEZ04,SugarCropAEZ04,1990,CH4_AWB,0.000140385847421337
Africa_Southern,SugarCrop,SugarCropAEZ05,SugarCropAEZ05,1990,CH4_AWB,1.90380354778256e-05
Africa_Southern,SugarCrop,SugarCropAEZ06,SugarCropAEZ06,1990,CH4_AWB,1.78186892684326e-06
Africa_Southern,SugarCrop,SugarCropAEZ07,SugarCropAEZ07,1990,CH4_AWB,6.55403510443055e-05
Africa_Southern,SugarCrop,SugarCropAEZ08,SugarCropAEZ08,1990,CH4_AWB,0.00012409084862522
Africa_Southern,SugarCrop,SugarCropAEZ09,SugarCropAEZ09,1990,CH4_AWB,0.000313777184710458
Africa_Southern,SugarCrop,SugarCropAEZ10,SugarCropAEZ10,1990,CH4_AWB,0.000232534332543647
Africa_Southern,SugarCrop,SugarCropAEZ11,SugarCropAEZ11,1990,CH4_AWB,0.000207858817354493
Africa_Southern,Wheat,WheatAEZ01,WheatAEZ01,1990,CH4_AWB,2.3633999369678e-06
Africa_Southern,Wheat,WheatAEZ02,WheatAEZ02,1990,CH4_AWB,5.11531537935737e-06
Africa_Southern,Wheat,WheatAEZ03,WheatAEZ03,1990,CH4_AWB,1.67464670984653e-05
Africa_Southern,Wheat,WheatAEZ04,WheatAEZ04,1990,CH4_AWB,7.87805530003777e-06
Africa_Southern,Wheat,WheatAEZ05,WheatAEZ05,1990,CH4_AWB,8.07672610928257e-07
Africa_Southern,Wheat,WheatAEZ06,WheatAEZ06,1990,CH4_AWB,1.42383522132713e-07
Africa_Southern,Wheat,WheatAEZ07,WheatAEZ07,1990,CH4_AWB,2.32393222381524e-06
Africa_Southern,Wheat,WheatAEZ08,WheatAEZ08,1990,CH4_AWB,6.18827097362765e-06
Africa_Southern,Wheat,WheatAEZ09,WheatAEZ09,1990,CH4_AWB,1.30738048796175e-05
Africa_Southern,Wheat,WheatAEZ10,WheatAEZ10,1990,CH4_AWB,5.16460838818932e-06
Africa_Southern,Wheat,WheatAEZ11,WheatAEZ11,1990,CH4_AWB,1.56105629996731e-06
Africa_Southern,Corn,CornAEZ01,CornAEZ01,1990,CO_AWB,0.000215230559223367
Africa_Southern,Corn,CornAEZ02,CornAEZ02,1990,CO_AWB,0.00104517214272048
Africa_Southern,Corn,CornAEZ03,CornAEZ03,1990,CO_AWB,0.0101953452003697
Africa_Southern,Corn,CornAEZ04,CornAEZ04,1990,CO_AWB,0.0179488492422061
Africa_Southern,Corn,CornAEZ05,CornAEZ05,1990,CO_AWB,0.00281973819443292
Africa_Southern,Corn,CornAEZ06,CornAEZ06,1990,CO_AWB,0.000199828823675551
Africa_Southern,Corn,CornAEZ07,CornAEZ07,1990,CO_AWB,0.000148721573378839
Africa_Southern,Corn,CornAEZ08,CornAEZ08,1990,CO_AWB,0.000311939283879588
Africa_Southern,Corn,CornAEZ09,CornAEZ09,1990,CO_AWB,0.00630413969732786
Africa_Southern,Corn,CornAEZ10,CornAEZ10,1990,CO_AWB,0.0023344424350669
Africa_Southern,Corn,CornAEZ11,CornAEZ11,1990,CO_AWB,0.000681567812412283
Africa_Southern,FiberCrop,FiberCropAEZ01,FiberCropAEZ01,1990,CO_AWB,1.84360773893001e-05
Africa_Southern,FiberCrop,FiberCropAEZ02,FiberCropAEZ02,1990,CO_AWB,9.71332618349891e-05
Africa_Southern,FiberCrop,FiberCropAEZ03,FiberCropAEZ03,1990,CO_AWB,0.00090260216298897
Africa_Southern,FiberCrop,FiberCropAEZ04,FiberCropAEZ04,1990,CO_AWB,0.00106416345124618
Africa_Southern,FiberCrop,FiberCropAEZ05,FiberCropAEZ05,1990,CO_AWB,0.000139283514476973
Africa_Southern,FiberCrop,FiberCropAEZ06,FiberCropAEZ06,1990,CO_AWB,4.71505558809771e-05
Africa_Southern,FiberCrop,FiberCropAEZ07,FiberCropAEZ07,1990,CO_AWB,4.3498572892064e-06
Africa_Southern,FiberCrop,FiberCropAEZ08,FiberCropAEZ08,1990,CO_AWB,2.04890474183181e-05
Africa_Southern,FiberCrop,FiberCropAEZ09,FiberCropAEZ09,1990,CO_AWB,0.0010463981462426
Africa_Southern,FiberCrop,FiberCropAEZ10,FiberCropAEZ10,1990,CO_AWB,4.68998631711631e-05
Africa_Southern,FiberCrop,FiberCropAEZ11,FiberCropAEZ11,1990,CO_AWB,1.74604084646183e-05
Africa_Southern,FodderGrass,FodderGrassAEZ01,FodderGrassAEZ01,1990,CO_AWB,0
Africa_Southern,FodderGrass,FodderGrassAEZ02,FodderGrassAEZ02,1990,CO_AWB,0
Africa_Southern,FodderGrass,FodderGrassAEZ03,FodderGrassAEZ03,1990,CO_AWB,0
Africa_Southern,FodderGrass,FodderGrassAEZ04,FodderGrassAEZ04,1990,CO_AWB,0
Africa_Southern,FodderGrass,FodderGrassAEZ05,FodderGrassAEZ05,1990,CO_AWB,0
Africa_Southern,FodderGrass,FodderGrassAEZ06,FodderGrassAEZ06,1990,CO_AWB,0
Africa_Southern,FodderGrass,FodderGrassAEZ07,FodderGrassAEZ07,1990,CO_AWB,0
Africa_Southern,FodderGrass,FodderGrassAEZ08,FodderGrassAEZ08,1990,CO_AWB,0
Africa_Southern,FodderGrass,FodderGrassAEZ09,FodderGrassAEZ09,1990,CO_AWB,0
Africa_Southern,FodderGrass,FodderGrassAEZ10,FodderGrassAEZ10,1990,CO_AWB,0
Africa_Southern,FodderGrass,FodderGrassAEZ11,FodderGrassAEZ11,1990,CO_AWB,0
Africa_Southern,FodderHerb,FodderHerbAEZ01,FodderHerbAEZ01,1990,CO_AWB,0
Africa_Southern,FodderHerb,FodderHerbAEZ02,FodderHerbAEZ02,1990,CO_AWB,0
Africa_Southern,FodderHerb,FodderHerbAEZ03,FodderHerbAEZ03,1990,CO_AWB,0
Africa_Southern,FodderHerb,FodderHerbAEZ04,FodderHerbAEZ04,1990,CO_AWB,0
Africa_Southern,FodderHerb,FodderHerbAEZ05,FodderHerbAEZ05,1990,CO_AWB,0
Africa_Southern,FodderHerb,FodderHerbAEZ06,FodderHerbAEZ06,1990,CO_AWB,0
Africa_Southern,FodderHerb,FodderHerbAEZ07,FodderHerbAEZ07,1990,CO_AWB,0
Africa_Southern,FodderHerb,FodderHerbAEZ08,FodderHerbAEZ08,1990,CO_AWB,0
Africa_Southern,FodderHerb,FodderHerbAEZ09,FodderHerbAEZ09,1990,CO_AWB,0
Africa_Southern,FodderHerb,FodderHerbAEZ10,FodderHerbAEZ10,1990,CO_AWB,0
Africa_Southern,FodderHerb,FodderHerbAEZ11,FodderHerbAEZ11,1990,CO_AWB,0
Africa_Southern,MiscCrop,MiscCropAEZ01,MiscCropAEZ01,1990,CO_AWB,0.000937206599170856
Africa_Southern,MiscCrop,MiscCropAEZ02,MiscCropAEZ02,1990,CO_AWB,0.00146803877693269
Africa_Southern,MiscCrop,MiscCropAEZ03,MiscCropAEZ03,1990,CO_AWB,0.00725071694783944
Africa_Southern,MiscCrop,MiscCropAEZ04,MiscCropAEZ04,1990,CO_AWB,0.018709643568415
Africa_Southern,MiscCrop,MiscCropAEZ05,MiscCropAEZ05,1990,CO_AWB,0.00417179183591552
Africa_Southern,MiscCrop,MiscCropAEZ06,MiscCropAEZ06,1990,CO_AWB,0.000967052342922804
Africa_Southern,MiscCrop,MiscCropAEZ07,MiscCropAEZ07,1990,CO_AWB,0.000607576940399403
Africa_Southern,MiscCrop,MiscCropAEZ08,MiscCropAEZ08,1990,CO_AWB,0.000543112143709599
Africa_Southern,MiscCrop,MiscCropAEZ09,MiscCropAEZ09,1990,CO_AWB,0.00207330443077891
Africa_Southern,MiscCrop,MiscCropAEZ10,MiscCropAEZ10,1990,CO_AWB,0.000871324883333243
Africa_Southern,MiscCrop,MiscCropAEZ11,MiscCropAEZ11,1990,CO_AWB,0.000308556754849633
Africa_Southern,OilCrop,OilCropAEZ01,OilCropAEZ01,1990,CO_AWB,0.000143622343110938
Africa_Southern,OilCrop,OilCropAEZ02,OilCropAEZ02,1990,CO_AWB,0.000303471012436565
Africa_Southern,OilCrop,OilCropAEZ03,OilCropAEZ03,1990,CO_AWB,0.00104929805428759
Africa_Southern,OilCrop,OilCropAEZ04,OilCropAEZ04,1990,CO_AWB,0.00127903868755939
Africa_Southern,OilCrop,OilCropAEZ05,OilCropAEZ05,1990,CO_AWB,0.000306233359115248
Africa_Southern,OilCrop,OilCropAEZ06,OilCropAEZ06,1990,CO_AWB,3.15799870890832e-05
Africa_Southern,OilCrop,OilCropAEZ07,OilCropAEZ07,1990,CO_AWB,0.00011441758048191
Africa_Southern,OilCrop,OilCropAEZ08,OilCropAEZ08,1990,CO_AWB,0.000115861087059845
Africa_Southern,OilCrop,OilCropAEZ09,OilCropAEZ09,1990,CO_AWB,0.000602073470869368
Africa_Southern,OilCrop,OilCropAEZ10,OilCropAEZ10,1990,CO_AWB,0.000171219564323629
Africa_Southern,OilCrop,OilCropAEZ11,OilCropAEZ11,1990,CO_AWB,4.58050882752734e-05
Africa_Southern,OtherGrain,OtherGrainAEZ01,OtherGrainAEZ01,1990,CO_AWB,8.4693082498159e-05
Africa_Southern,OtherGrain,OtherGrainAEZ02,OtherGrainAEZ02,1990,CO_AWB,8.45348913957919e-05
Africa_Southern,OtherGrain,OtherGrainAEZ03,OtherGrainAEZ03,1990,CO_AWB,0.00152081883679292
Africa_Southern,OtherGrain,OtherGrainAEZ04,OtherGrainAEZ04,1990,CO_AWB,0.00429614787381664
Africa_Southern,OtherGrain,OtherGrainAEZ05,OtherGrainAEZ05,1990,CO_AWB,0.000829888775838102
Africa_Southern,OtherGrain,OtherGrainAEZ06,OtherGrainAEZ06,1990,CO_AWB,4.6885409032386e-05
Africa_Southern,OtherGrain,OtherGrainAEZ07,OtherGrainAEZ07,1990,CO_AWB,0.000198730614485443
Africa_Southern,OtherGrain,OtherGrainAEZ08,OtherGrainAEZ08,1990,CO_AWB,0.000352334174884045
Africa_Southern,OtherGrain,OtherGrainAEZ09,OtherGrainAEZ09,1990,CO_AWB,0.000418634499595425
Africa_Southern,OtherGrain,OtherGrainAEZ10,OtherGrainAEZ10,1990,CO_AWB,0.00022354228046443
Africa_Southern,OtherGrain,OtherGrainAEZ11,OtherGrainAEZ11,1990,CO_AWB,2.64179140953309e-05
Africa_Southern,PalmFruit,PalmFruitAEZ01,PalmFruitAEZ01,1990,CO_AWB,3.43540712074365e-05
Africa_Southern,PalmFruit,PalmFruitAEZ02,PalmFruitAEZ02,1990,CO_AWB,0.000195197661192268
Africa_Southern,PalmFruit,PalmFruitAEZ03,PalmFruitAEZ03,1990,CO_AWB,0.00116416375196044
Africa_Southern,PalmFruit,PalmFruitAEZ04,PalmFruitAEZ04,1990,CO_AWB,0.0036504960780221
Africa_Southern,PalmFruit,PalmFruitAEZ05,PalmFruitAEZ05,1990,CO_AWB,0.000847307457620119
Africa_Southern,PalmFruit,PalmFruitAEZ06,PalmFruitAEZ06,1990,CO_AWB,9.2703201138768e-05
Africa_Southern,PalmFruit,PalmFruitAEZ07,PalmFruitAEZ07,1990,CO_AWB,0
Africa_Southern,PalmFruit,PalmFruitAEZ08,PalmFruitAEZ08,1990,CO_AWB,0
Africa_Southern,PalmFruit,PalmFruitAEZ09,PalmFruitAEZ09,1990,CO_AWB,9.60798407848455e-05
Africa_Southern,PalmFruit,PalmFruitAEZ10,PalmFruitAEZ10,1990,CO_AWB,0.000134926137598125
Africa_Southern,PalmFruit,PalmFruitAEZ11,PalmFruitAEZ11,1990,CO_AWB,1.21519184903081e-06
Africa_Southern,Rice,RiceAEZ01,RiceAEZ01,1990,CO_AWB,4.4266272226813e-07
Africa_Southern,Rice,RiceAEZ02,RiceAEZ02,1990,CO_AWB,6.39504839250908e-05
Africa_Southern,Rice,RiceAEZ03,RiceAEZ03,1990,CO_AWB,0.000679744308649349
Africa_Southern,Rice,RiceAEZ04,RiceAEZ04,1990,CO_AWB,0.00290326058176614
Africa_Southern,Rice,RiceAEZ05,RiceAEZ05,1990,CO_AWB,0.000507791260212162
Africa_Southern,Rice,RiceAEZ06,RiceAEZ06,1990,CO_AWB,1.73780817096876e-05
Africa_Southern,Rice,RiceAEZ07,RiceAEZ07,1990,CO_AWB,0
Africa_Southern,Rice,RiceAEZ08,RiceAEZ08,1990,CO_AWB,0
Africa_Southern,Rice,RiceAEZ09,RiceAEZ09,1990,CO_AWB,6.46144780084931e-06
Africa_Southern,Rice,RiceAEZ10,RiceAEZ10,1990,CO_AWB,7.06832411363627e-07
Africa_Southern,Rice,RiceAEZ11,RiceAEZ11,1990,CO_AWB,0
Africa_Southern,Root_Tuber,Root_TuberAEZ01,Root_TuberAEZ01,1990,CO_AWB,0.000408677226191344
Africa_Southern,Root_Tuber,Root_TuberAEZ02,Root_TuberAEZ02,1990,CO_AWB,0.00110526646838473
Africa_Southern,Root_Tuber,Root_TuberAEZ03,Root_TuberAEZ03,1990,CO_AWB,0.0105285893467359
Africa_Southern,Root_Tuber,Root_TuberAEZ04,Root_TuberAEZ04,1990,CO_AWB,0.043486691810291
Africa_Southern,Root_Tuber,Root_TuberAEZ05,Root_TuberAEZ05,1990,CO_AWB,0.0210258687888574
Africa_Southern,Root_Tuber,Root_TuberAEZ06,Root_TuberAEZ06,1990,CO_AWB,0.000568901569273195
Africa_Southern,Root_Tuber,Root_TuberAEZ07,Root_TuberAEZ07,1990,CO_AWB,0.000582034532587052
Africa_Southern,Root_Tuber,Root_TuberAEZ08,Root_TuberAEZ08,1990,CO_AWB,0.00113036039578428
Africa_Southern,Root_Tuber,Root_TuberAEZ09,Root_TuberAEZ09,1990,CO_AWB,0.00294574338717359
Africa_Southern,Root_Tuber,Root_TuberAEZ10,Root_TuberAEZ10,1990,CO_AWB,0.00301622216318947
Africa_Southern,Root_Tuber,Root_TuberAEZ11,Root_TuberAEZ11,1990,CO_AWB,0.000610847093051699
Africa_Southern,SugarCrop,SugarCropAEZ01,SugarCropAEZ01,1990,CO_AWB,0.00228298609937391
Africa_Southern,SugarCrop,SugarCropAEZ02,SugarCropAEZ02,1990,CO_AWB,0.0080066591598732
Africa_Southern,SugarCrop,SugarCropAEZ03,SugarCropAEZ03,1990,CO_AWB,0.0121242368136632
Africa_Southern,SugarCrop,SugarCropAEZ04,SugarCropAEZ04,1990,CO_AWB,0.00519452280857664
Africa_Southern,SugarCrop,SugarCropAEZ05,SugarCropAEZ05,1990,CO_AWB,0.000704440734850215
Africa_Southern,SugarCrop,SugarCropAEZ06,SugarCropAEZ06,1990,CO_AWB,6.59322784482799e-05
Africa_Southern,SugarCrop,SugarCropAEZ07,SugarCropAEZ07,1990,CO_AWB,0.00242510804782179
Africa_Southern,SugarCrop,SugarCropAEZ08,SugarCropAEZ08,1990,CO_AWB,0.00459157924648012
Africa_Southern,SugarCrop,SugarCropAEZ09,SugarCropAEZ09,1990,CO_AWB,0.011610306684958
Africa_Southern,SugarCrop,SugarCropAEZ10,SugarCropAEZ10,1990,CO_AWB,0.00860417852912099
Africa_Southern,SugarCrop,SugarCropAEZ11,SugarCropAEZ11,1990,CO_AWB,0.00769114114808968
Africa_Southern,Wheat,WheatAEZ01,WheatAEZ01,1990,CO_AWB,8.74499467280484e-05
Africa_Southern,Wheat,WheatAEZ02,WheatAEZ02,1990,CO_AWB,0.000189275649214026
Africa_Southern,Wheat,WheatAEZ03,WheatAEZ03,1990,CO_AWB,0.000619648681857335
Africa_Southern,Wheat,WheatAEZ04,WheatAEZ04,1990,CO_AWB,0.000291501876399648
Africa_Southern,Wheat,WheatAEZ05,WheatAEZ05,1990,CO_AWB,2.98853045117697e-05
Africa_Southern,Wheat,WheatAEZ06,WheatAEZ06,1990,CO_AWB,5.26844027990991e-06
Africa_Southern,Wheat,WheatAEZ07,WheatAEZ07,1990,CO_AWB,8.59895720539687e-05
Africa_Southern,Wheat,WheatAEZ08,WheatAEZ08,1990,CO_AWB,0.00022897688982626
Africa_Southern,Wheat,WheatAEZ09,WheatAEZ09,1990,CO_AWB,0.000483753732227938
Africa_Southern,Wheat,WheatAEZ10,WheatAEZ10,1990,CO_AWB,0.000191099577077014
Africa_Southern,Wheat,WheatAEZ11,WheatAEZ11,1990,CO_AWB,5.77618236068718e-05
Africa_Southern,Corn,CornAEZ01,CornAEZ01,1990,N2O_AWB,1.50612844468587e-07
Africa_Southern,Corn,CornAEZ02,CornAEZ02,1990,N2O_AWB,7.31384752901621e-07
Africa_Southern,Corn,CornAEZ03,CornAEZ03,1990,N2O_AWB,7.13444199795643e-06
Africa_Southern,Corn,CornAEZ04,CornAEZ04,1990,N2O_AWB,1.25601459618984e-05
Africa_Southern,Corn,CornAEZ05,CornAEZ05,1990,N2O_AWB,1.97318072142125e-06
Africa_Southern,Corn,CornAEZ06,CornAEZ06,1990,N2O_AWB,1.39835103570734e-07
Africa_Southern,Corn,CornAEZ07,CornAEZ07,1990,N2O_AWB,1.04071556015355e-07
Africa_Southern,Corn,CornAEZ08,CornAEZ08,1990,N2O_AWB,2.18287138295454e-07
Africa_Southern,Corn,CornAEZ09,CornAEZ09,1990,N2O_AWB,4.41147583859834e-06
Africa_Southern,Corn,CornAEZ10,CornAEZ10,1990,N2O_AWB,1.6335831522359e-06
Africa_Southern,Corn,CornAEZ11,CornAEZ11,1990,N2O_AWB,4.76943735573875e-07
Africa_Southern,FiberCrop,FiberCropAEZ01,FiberCropAEZ01,1990,N2O_AWB,1.29010957666277e-08
Africa_Southern,FiberCrop,FiberCropAEZ02,FiberCropAEZ02,1990,N2O_AWB,6.79713740942208e-08
Africa_Southern,FiberCrop,FiberCropAEZ03,FiberCropAEZ03,1990,N2O_AWB,6.31617924897858e-07
Africa_Southern,FiberCrop,FiberCropAEZ04,FiberCropAEZ04,1990,N2O_AWB,7.44674385226874e-07
Africa_Southern,FiberCrop,FiberCropAEZ05,FiberCropAEZ05,1990,N2O_AWB,9.74670436143208e-08
Africa_Southern,FiberCrop,FiberCropAEZ06,FiberCropAEZ06,1990,N2O_AWB,3.29947539286888e-08
Africa_Southern,FiberCrop,FiberCropAEZ07,FiberCropAEZ07,1990,N2O_AWB,3.04391895706541e-09
Africa_Southern,FiberCrop,FiberCropAEZ08,FiberCropAEZ08,1990,N2O_AWB,1.43377117229997e-08
Africa_Southern,FiberCrop,FiberCropAEZ09,FiberCropAEZ09,1990,N2O_AWB,7.32242678832129e-07
Africa_Southern,FiberCrop,FiberCropAEZ10,FiberCropAEZ10,1990,N2O_AWB,3.28193255775807e-08
Africa_Southern,FiberCrop,FiberCropAEZ11,FiberCropAEZ11,1990,N2O_AWB,1.2218347589342e-08
Africa_Southern,FodderGrass,FodderGrassAEZ01,FodderGrassAEZ01,1990,N2O_AWB,0
Africa_Southern,FodderGrass,FodderGrassAEZ02,FodderGrassAEZ02,1990,N2O_AWB,0
Africa_Southern,FodderGrass,FodderGrassAEZ03,FodderGrassAEZ03,1990,N2O_AWB,0
Africa_Southern,FodderGrass,FodderGrassAEZ04,FodderGrassAEZ04,1990,N2O_AWB,0
Africa_Southern,FodderGrass,FodderGrassAEZ05,FodderGrassAEZ05,1990,N2O_AWB,0
Africa_Southern,FodderGrass,FodderGrassAEZ06,FodderGrassAEZ06,1990,N2O_AWB,0
Africa_Southern,FodderGrass,FodderGrassAEZ07,FodderGrassAEZ07,1990,N2O_AWB,0
Africa_Southern,FodderGrass,FodderGrassAEZ08,FodderGrassAEZ08,1990,N2O_AWB,0
Africa_Southern,FodderGrass,FodderGrassAEZ09,FodderGrassAEZ09,1990,N2O_AWB,0
Africa_Southern,FodderGrass,FodderGrassAEZ10,FodderGrassAEZ10,1990,N2O_AWB,0
Africa_Southern,FodderGrass,FodderGrassAEZ11,FodderGrassAEZ11,1990,N2O_AWB,0
Africa_Southern,FodderHerb,FodderHerbAEZ01,FodderHerbAEZ01,1990,N2O_AWB,0
Africa_Southern,FodderHerb,FodderHerbAEZ02,FodderHerbAEZ02,1990,N2O_AWB,0
Africa_Southern,FodderHerb,FodderHerbAEZ03,FodderHerbAEZ03,1990,N2O_AWB,0
Africa_Southern,FodderHerb,FodderHerbAEZ04,FodderHerbAEZ04,1990,N2O_AWB,0
Africa_Southern,FodderHerb,FodderHerbAEZ05,FodderHerbAEZ05,1990,N2O_AWB,0
Africa_Southern,FodderHerb,FodderHerbAEZ06,FodderHerbAEZ06,1990,N2O_AWB,0
Africa_Southern,FodderHerb,FodderHerbAEZ07,FodderHerbAEZ07,1990,N2O_AWB,0
Africa_Southern,FodderHerb,FodderHerbAEZ08,FodderHerbAEZ08,1990,N2O_AWB,0
Africa_Southern,FodderHerb,FodderHerbAEZ09,FodderHerbAEZ09,1990,N2O_AWB,0
Africa_Southern,FodderHerb,FodderHerbAEZ10,FodderHerbAEZ10,1990,N2O_AWB,0
Africa_Southern,FodderHerb,FodderHerbAEZ11,FodderHerbAEZ11,1990,N2O_AWB,0
Africa_Southern,MiscCrop,MiscCropAEZ01,MiscCropAEZ01,1990,N2O_AWB,6.55833224915625e-07
Africa_Southern,MiscCrop,MiscCropAEZ02,MiscCropAEZ02,1990,N2O_AWB,1.02729601587178e-06
Africa_Southern,MiscCrop,MiscCropAEZ03,MiscCropAEZ03,1990,N2O_AWB,5.07386640582651e-06
Africa_Southern,MiscCrop,MiscCropAEZ04,MiscCropAEZ04,1990,N2O_AWB,1.30925303869511e-05
Africa_Southern,MiscCrop,MiscCropAEZ05,MiscCropAEZ05,1990,N2O_AWB,2.9193133038603e-06
Africa_Southern,MiscCrop,MiscCropAEZ06,MiscCropAEZ06,1990,N2O_AWB,6.76718513593877e-07
Africa_Southern,MiscCrop,MiscCropAEZ07,MiscCropAEZ07,1990,N2O_AWB,4.25166814402538e-07
Africa_Southern,MiscCrop,MiscCropAEZ08,MiscCropAEZ08,1990,N2O_AWB,3.80055997274268e-07
Africa_Southern,MiscCrop,MiscCropAEZ09,MiscCropAEZ09,1990,N2O_AWB,1.4508454510164e-06
Africa_Southern,MiscCrop,MiscCropAEZ10,MiscCropAEZ10,1990,N2O_AWB,6.09730883981425e-07
Africa_Southern,MiscCrop,MiscCropAEZ11,MiscCropAEZ11,1990,N2O_AWB,2.15920130931178e-07
Africa_Southern,OilCrop,OilCropAEZ01,OilCropAEZ01,1990,N2O_AWB,1.00503245000319e-07
Africa_Southern,OilCrop,OilCropAEZ02,OilCropAEZ02,1990,N2O_AWB,2.12361258372231e-07
Africa_Southern,OilCrop,OilCropAEZ03,OilCropAEZ03,1990,N2O_AWB,7.34271960365986e-07
Africa_Southern,OilCrop,OilCropAEZ04,OilCropAEZ04,1990,N2O_AWB,8.95038583804296e-07
Africa_Southern,OilCrop,OilCropAEZ05,OilCropAEZ05,1990,N2O_AWB,2.14294277977747e-07
Africa_Southern,OilCrop,OilCropAEZ06,OilCropAEZ06,1990,N2O_AWB,2.20988678416802e-08
Africa_Southern,OilCrop,OilCropAEZ07,OilCropAEZ07,1990,N2O_AWB,8.0066498529653e-08
Africa_Southern,OilCrop,OilCropAEZ08,OilCropAEZ08,1990,N2O_AWB,8.1076627539661e-08
Africa_Southern,OilCrop,OilCropAEZ09,OilCropAEZ09,1990,N2O_AWB,4.21315627083433e-07
Africa_Southern,OilCrop,OilCropAEZ10,OilCropAEZ10,1990,N2O_AWB,1.19815075073477e-07
Africa_Southern,OilCrop,OilCropAEZ11,OilCropAEZ11,1990,N2O_AWB,3.20532300857614e-08
Africa_Southern,OtherGrain,OtherGrainAEZ01,OtherGrainAEZ01,1990,N2O_AWB,5.92660545411789e-08
Africa_Southern,OtherGrain,OtherGrainAEZ02,OtherGrainAEZ02,1990,N2O_AWB,5.91553564508003e-08
Africa_Southern,OtherGrain,OtherGrainAEZ03,OtherGrainAEZ03,1990,N2O_AWB,1.06423015280593e-06
Africa_Southern,OtherGrain,OtherGrainAEZ04,OtherGrainAEZ04,1990,N2O_AWB,3.00633448088421e-06
Africa_Southern,OtherGrain,OtherGrainAEZ05,OtherGrainAEZ05,1990,N2O_AWB,5.8073495498292e-07
Africa_Southern,OtherGrain,OtherGrainAEZ06,OtherGrainAEZ06,1990,N2O_AWB,3.28092109406842e-08
Africa_Southern,OtherGrain,OtherGrainAEZ07,OtherGrainAEZ07,1990,N2O_AWB,1.39066604847595e-07
Africa_Southern,OtherGrain,OtherGrainAEZ08,OtherGrainAEZ08,1990,N2O_AWB,2.46554450605254e-07
Africa_Southern,OtherGrain,OtherGrainAEZ09,OtherGrainAEZ09,1990,N2O_AWB,2.92949723330485e-07
Africa_Southern,OtherGrain,OtherGrainAEZ10,OtherGrainAEZ10,1990,N2O_AWB,1.56429174561599e-07
Africa_Southern,OtherGrain,OtherGrainAEZ11,OtherGrainAEZ11,1990,N2O_AWB,1.84865810932327e-08
Africa_Southern,PalmFruit,PalmFruitAEZ01,PalmFruitAEZ01,1990,N2O_AWB,2.40401010074906e-08
Africa_Southern,PalmFruit,PalmFruitAEZ02,PalmFruitAEZ02,1990,N2O_AWB,1.3659433442847e-07
Africa_Southern,PalmFruit,PalmFruitAEZ03,PalmFruitAEZ03,1990,N2O_AWB,8.1465203985285e-07
Africa_Southern,PalmFruit,PalmFruitAEZ04,PalmFruitAEZ04,1990,N2O_AWB,2.55452385579567e-06
Africa_Southern,PalmFruit,PalmFruitAEZ05,PalmFruitAEZ05,1990,N2O_AWB,5.92924103306231e-07
Africa_Southern,PalmFruit,PalmFruitAEZ06,PalmFruitAEZ06,1990,N2O_AWB,6.48713308427701e-08
Africa_Southern,PalmFruit,PalmFruitAEZ07,PalmFruitAEZ07,1990,N2O_AWB,0
Africa_Southern,PalmFruit,PalmFruitAEZ08,PalmFruitAEZ08,1990,N2O_AWB,0
Africa_Southern,PalmFruit,PalmFruitAEZ09,PalmFruitAEZ09,1990,N2O_AWB,6.72342169667306e-08
Africa_Southern,PalmFruit,PalmFruitAEZ10,PalmFruitAEZ10,1990,N2O_AWB,9.44178626406108e-08
Africa_Southern,PalmFruit,PalmFruitAEZ11,PalmFruitAEZ11,1990,N2O_AWB,8.50360198003435e-10
Africa_Southern,Rice,RiceAEZ01,RiceAEZ01,1990,N2O_AWB,3.09764059442045e-10
Africa_Southern,Rice,RiceAEZ02,RiceAEZ02,1990,N2O_AWB,4.47509142003611e-08
Africa_Southern,Rice,RiceAEZ03,RiceAEZ03,1990,N2O_AWB,4.75667694245795e-07
Africa_Southern,Rice,RiceAEZ04,RiceAEZ04,1990,N2O_AWB,2.0316275534067e-06
Africa_Southern,Rice,RiceAEZ05,RiceAEZ05,1990,N2O_AWB,3.55339345736083e-07
Africa_Southern,Rice,RiceAEZ06,RiceAEZ06,1990,N2O_AWB,1.21607374303538e-08
Africa_Southern,Rice,RiceAEZ07,RiceAEZ07,1990,N2O_AWB,0
Africa_Southern,Rice,RiceAEZ08,RiceAEZ08,1990,N2O_AWB,0
Africa_Southern,Rice,RiceAEZ09,RiceAEZ09,1990,N2O_AWB,4.52155602895242e-09
Africa_Southern,Rice,RiceAEZ10,RiceAEZ10,1990,N2O_AWB,4.94623256205845e-10
Africa_Southern,Rice,RiceAEZ11,RiceAEZ11,1990,N2O_AWB,0
Africa_Southern,Root_Tuber,Root_TuberAEZ01,Root_TuberAEZ01,1990,N2O_AWB,2.85981877890917e-07
Africa_Southern,Root_Tuber,Root_TuberAEZ02,Root_TuberAEZ02,1990,N2O_AWB,7.73437226106981e-07
Africa_Southern,Root_Tuber,Root_TuberAEZ03,Root_TuberAEZ03,1990,N2O_AWB,7.36763773450906e-06
Africa_Southern,Root_Tuber,Root_TuberAEZ04,Root_TuberAEZ04,1990,N2O_AWB,3.04308754932868e-05
Africa_Southern,Root_Tuber,Root_TuberAEZ05,Root_TuberAEZ05,1990,N2O_AWB,1.47133655979895e-05
Africa_Southern,Root_Tuber,Root_TuberAEZ06,Root_TuberAEZ06,1990,N2O_AWB,3.98102778155941e-07
Africa_Southern,Root_Tuber,Root_TuberAEZ07,Root_TuberAEZ07,1990,N2O_AWB,4.07292890229891e-07
Africa_Southern,Root_Tuber,Root_TuberAEZ08,Root_TuberAEZ08,1990,N2O_AWB,7.90997315149035e-07
Africa_Southern,Root_Tuber,Root_TuberAEZ09,Root_TuberAEZ09,1990,N2O_AWB,2.06135593485267e-06
Africa_Southern,Root_Tuber,Root_TuberAEZ10,Root_TuberAEZ10,1990,N2O_AWB,2.11067518100767e-06
Africa_Southern,Root_Tuber,Root_TuberAEZ11,Root_TuberAEZ11,1990,N2O_AWB,4.27455183649851e-07
Africa_Southern,SugarCrop,SugarCropAEZ01,SugarCropAEZ01,1990,N2O_AWB,1.59757532364215e-06
Africa_Southern,SugarCrop,SugarCropAEZ02,SugarCropAEZ02,1990,N2O_AWB,5.60285544539e-06
Africa_Southern,SugarCrop,SugarCropAEZ03,SugarCropAEZ03,1990,N2O_AWB,8.48423105020826e-06
Africa_Southern,SugarCrop,SugarCropAEZ04,SugarCropAEZ04,1990,N2O_AWB,3.6349942995072e-06
Africa_Southern,SugarCrop,SugarCropAEZ05,SugarCropAEZ05,1990,N2O_AWB,4.92949622108376e-07
Africa_Southern,SugarCrop,SugarCropAEZ06,SugarCropAEZ06,1990,N2O_AWB,4.6137723356862e-08
Africa_Southern,SugarCrop,SugarCropAEZ07,SugarCropAEZ07,1990,N2O_AWB,1.69702863080443e-06
Africa_Southern,SugarCrop,SugarCropAEZ08,SugarCropAEZ08,1990,N2O_AWB,3.21306980482085e-06
Africa_Southern,SugarCrop,SugarCropAEZ09,SugarCropAEZ09,1990,N2O_AWB,8.12459588119834e-06
Africa_Southern,SugarCrop,SugarCropAEZ10,SugarCropAEZ10,1990,N2O_AWB,6.02098422855266e-06
Africa_Southern,SugarCrop,SugarCropAEZ11,SugarCropAEZ11,1990,N2O_AWB,5.38206400477272e-06
Africa_Southern,Wheat,WheatAEZ01,WheatAEZ01,1990,N2O_AWB,6.11952376691492e-08
Africa_Southern,Wheat,WheatAEZ02,WheatAEZ02,1990,N2O_AWB,1.32450261801244e-07
Africa_Southern,Wheat,WheatAEZ03,WheatAEZ03,1990,N2O_AWB,4.33614310544485e-07
Africa_Southern,Wheat,WheatAEZ04,WheatAEZ04,1990,N2O_AWB,2.03985562881514e-07
Africa_Southern,Wheat,WheatAEZ05,WheatAEZ05,1990,N2O_AWB,2.09129722868781e-08
Africa_Southern,Wheat,WheatAEZ06,WheatAEZ06,1990,N2O_AWB,3.68671985675892e-09
Africa_Southern,Wheat,WheatAEZ07,WheatAEZ07,1990,N2O_AWB,6.01733047965744e-08
Africa_Southern,Wheat,WheatAEZ08,WheatAEZ08,1990,N2O_AWB,1.60232175294926e-07
Africa_Southern,Wheat,WheatAEZ09,WheatAEZ09,1990,N2O_AWB,3.38518498005348e-07
Africa_Southern,Wheat,WheatAEZ10,WheatAEZ10,1990,N2O_AWB,1.33726599903702e-07
Africa_Southern,Wheat,WheatAEZ11,WheatAEZ11,1990,N2O_AWB,4.0420247879834e-08
Africa_Southern,Corn,CornAEZ01,CornAEZ01,1990,NH3_AWB,2.80065898406076e-06
Africa_Southern,Corn,CornAEZ02,CornAEZ02,1990,NH3_AWB,1.36001632944805e-05
Africa_Southern,Corn,CornAEZ03,CornAEZ03,1990,NH3_AWB,0.000132665571441382
Africa_Southern,Corn,CornAEZ04,CornAEZ04,1990,NH3_AWB,0.00023355701005064
Africa_Southern,Corn,CornAEZ05,CornAEZ05,1990,NH3_AWB,3.6691467677423e-05
Africa_Southern,Corn,CornAEZ06,CornAEZ06,1990,NH3_AWB,2.60024595169321e-06
Africa_Southern,Corn,CornAEZ07,CornAEZ07,1990,NH3_AWB,1.9352196644847e-06
Africa_Southern,Corn,CornAEZ08,CornAEZ08,1990,NH3_AWB,4.05906838244187e-06
Africa_Southern,Corn,CornAEZ09,CornAEZ09,1990,NH3_AWB,8.20317781257643e-05
Africa_Southern,Corn,CornAEZ10,CornAEZ10,1990,NH3_AWB,3.037662124809e-05
Africa_Southern,Corn,CornAEZ11,CornAEZ11,1990,NH3_AWB,8.86881037696002e-06
Africa_Southern,FiberCrop,FiberCropAEZ01,FiberCropAEZ01,1990,NH3_AWB,2.39897001417897e-07
Africa_Southern,FiberCrop,FiberCropAEZ02,FiberCropAEZ02,1990,NH3_AWB,1.2639336318732e-06
Africa_Southern,FiberCrop,FiberCropAEZ03,FiberCropAEZ03,1990,NH3_AWB,1.17449904229645e-05
Africa_Southern,FiberCrop,FiberCropAEZ04,FiberCropAEZ04,1990,NH3_AWB,1.38472851671064e-05
Africa_Southern,FiberCrop,FiberCropAEZ05,FiberCropAEZ05,1990,NH3_AWB,1.81240818013514e-06
Africa_Southern,FiberCrop,FiberCropAEZ06,FiberCropAEZ06,1990,NH3_AWB,6.13540328139339e-07
Africa_Southern,FiberCrop,FiberCropAEZ07,FiberCropAEZ07,1990,NH3_AWB,5.66019385925356e-08
Africa_Southern,FiberCrop,FiberCropAEZ08,FiberCropAEZ08,1990,NH3_AWB,2.66611000473253e-07
Africa_Southern,FiberCrop,FiberCropAEZ09,FiberCropAEZ09,1990,NH3_AWB,1.36161165020135e-05
Africa_Southern,FiberCrop,FiberCropAEZ10,FiberCropAEZ10,1990,NH3_AWB,6.10278222644131e-07
Africa_Southern,FiberCrop,FiberCropAEZ11,FiberCropAEZ11,1990,NH3_AWB,2.27201239490599e-07
Africa_Southern,FodderGrass,FodderGrassAEZ01,FodderGrassAEZ01,1990,NH3_AWB,0
Africa_Southern,FodderGrass,FodderGrassAEZ02,FodderGrassAEZ02,1990,NH3_AWB,0
Africa_Southern,FodderGrass,FodderGrassAEZ03,FodderGrassAEZ03,1990,NH3_AWB,0
Africa_Southern,FodderGrass,FodderGrassAEZ04,FodderGrassAEZ04,1990,NH3_AWB,0
Africa_Southern,FodderGrass,FodderGrassAEZ05,FodderGrassAEZ05,1990,NH3_AWB,0
Africa_Southern,FodderGrass,FodderGrassAEZ06,FodderGrassAEZ06,1990,NH3_AWB,0
Africa_Southern,FodderGrass,FodderGrassAEZ07,FodderGrassAEZ07,1990,NH3_AWB,0
Africa_Southern,FodderGrass,FodderGrassAEZ08,FodderGrassAEZ08,1990,NH3_AWB,0
Africa_Southern,FodderGrass,FodderGrassAEZ09,FodderGrassAEZ09,1990,NH3_AWB,0
Africa_Southern,FodderGrass,FodderGrassAEZ10,FodderGrassAEZ10,1990,NH3_AWB,0
Africa_Southern,FodderGrass,FodderGrassAEZ11,FodderGrassAEZ11,1990,NH3_AWB,0
Africa_Southern,FodderHerb,FodderHerbAEZ01,FodderHerbAEZ01,1990,NH3_AWB,0
Africa_Southern,FodderHerb,FodderHerbAEZ02,FodderHerbAEZ02,1990,NH3_AWB,0
Africa_Southern,FodderHerb,FodderHerbAEZ03,FodderHerbAEZ03,1990,NH3_AWB,0
Africa_Southern,FodderHerb,FodderHerbAEZ04,FodderHerbAEZ04,1990,NH3_AWB,0
Africa_Southern,FodderHerb,FodderHerbAEZ05,FodderHerbAEZ05,1990,NH3_AWB,0
Africa_Southern,FodderHerb,FodderHerbAEZ06,FodderHerbAEZ06,1990,NH3_AWB,0
Africa_Southern,FodderHerb,FodderHerbAEZ07,FodderHerbAEZ07,1990,NH3_AWB,0
Africa_Southern,FodderHerb,FodderHerbAEZ08,FodderHerbAEZ08,1990,NH3_AWB,0
Africa_Southern,FodderHerb,FodderHerbAEZ09,FodderHerbAEZ09,1990,NH3_AWB,0
Africa_Southern,FodderHerb,FodderHerbAEZ10,FodderHerbAEZ10,1990,NH3_AWB,0
Africa_Southern,FodderHerb,FodderHerbAEZ11,FodderHerbAEZ11,1990,NH3_AWB,0
Africa_Southern,MiscCrop,MiscCropAEZ01,MiscCropAEZ01,1990,NH3_AWB,1.21952760396114e-05
Africa_Southern,MiscCrop,MiscCropAEZ02,MiscCropAEZ02,1990,NH3_AWB,1.91026590480547e-05
Africa_Southern,MiscCrop,MiscCropAEZ03,MiscCropAEZ03,1990,NH3_AWB,9.43489885178143e-05
Africa_Southern,MiscCrop,MiscCropAEZ04,MiscCropAEZ04,1990,NH3_AWB,0.00024345674488573
Africa_Southern,MiscCrop,MiscCropAEZ05,MiscCropAEZ05,1990,NH3_AWB,5.42848855991807e-05
Africa_Southern,MiscCrop,MiscCropAEZ06,MiscCropAEZ06,1990,NH3_AWB,1.25836398048522e-05
Africa_Southern,MiscCrop,MiscCropAEZ07,MiscCropAEZ07,1990,NH3_AWB,7.90601401017501e-06
Africa_Southern,MiscCrop,MiscCropAEZ08,MiscCropAEZ08,1990,NH3_AWB,7.06717442969713e-06
Africa_Southern,MiscCrop,MiscCropAEZ09,MiscCropAEZ09,1990,NH3_AWB,2.69785977498103e-05
Africa_Southern,MiscCrop,MiscCropAEZ10,MiscCropAEZ10,1990,NH3_AWB,1.13379989874505e-05
Africa_Southern,MiscCrop,MiscCropAEZ11,MiscCropAEZ11,1990,NH3_AWB,4.01505367397866e-06
Africa_Southern,OilCrop,OilCropAEZ01,OilCropAEZ01,1990,NH3_AWB,1.86886660982032e-06
Africa_Southern,OilCrop,OilCropAEZ02,OilCropAEZ02,1990,NH3_AWB,3.94887612822878e-06
Africa_Southern,OilCrop,OilCropAEZ03,OilCropAEZ03,1990,NH3_AWB,1.3653851169193e-05
Africa_Southern,OilCrop,OilCropAEZ04,OilCropAEZ04,1990,NH3_AWB,1.66433205591262e-05
Africa_Southern,OilCrop,OilCropAEZ05,OilCropAEZ05,1990,NH3_AWB,3.98482079645182e-06
Africa_Southern,OilCrop,OilCropAEZ06,OilCropAEZ06,1990,NH3_AWB,4.10930375671123e-07
Africa_Southern,OilCrop,OilCropAEZ07,OilCropAEZ07,1990,NH3_AWB,1.48884352606546e-06
Africa_Southern,OilCrop,OilCropAEZ08,OilCropAEZ08,1990,NH3_AWB,1.50762696314163e-06
Africa_Southern,OilCrop,OilCropAEZ09,OilCropAEZ09,1990,NH3_AWB,7.83440084595514e-06
Africa_Southern,OilCrop,OilCropAEZ10,OilCropAEZ10,1990,NH3_AWB,2.22797177501308e-06
Africa_Southern,OilCrop,OilCropAEZ11,OilCropAEZ11,1990,NH3_AWB,5.9603261013092e-07
Africa_Southern,OtherGrain,OtherGrainAEZ01,OtherGrainAEZ01,1990,NH3_AWB,1.10205745523388e-06
Africa_Southern,OtherGrain,OtherGrainAEZ02,OtherGrainAEZ02,1990,NH3_AWB,1.09999901458474e-06
Africa_Southern,OtherGrain,OtherGrainAEZ03,OtherGrainAEZ03,1990,NH3_AWB,1.9789452546897e-05
Africa_Southern,OtherGrain,OtherGrainAEZ04,OtherGrainAEZ04,1990,NH3_AWB,5.59030519786516e-05
Africa_Southern,OtherGrain,OtherGrainAEZ05,OtherGrainAEZ05,1990,NH3_AWB,1.07988171577907e-05
Africa_Southern,OtherGrain,OtherGrainAEZ06,OtherGrainAEZ06,1990,NH3_AWB,6.10090140088526e-07
Africa_Southern,OtherGrain,OtherGrainAEZ07,OtherGrainAEZ07,1990,NH3_AWB,2.58595565088392e-06
Africa_Southern,OtherGrain,OtherGrainAEZ08,OtherGrainAEZ08,1990,NH3_AWB,4.58470152120251e-06
Africa_Southern,OtherGrain,OtherGrainAEZ09,OtherGrainAEZ09,1990,NH3_AWB,5.44742566557632e-06
Africa_Southern,OtherGrain,OtherGrainAEZ10,OtherGrainAEZ10,1990,NH3_AWB,2.90881414962271e-06
Africa_Southern,OtherGrain,OtherGrainAEZ11,OtherGrainAEZ11,1990,NH3_AWB,3.43759588407005e-07
Africa_Southern,PalmFruit,PalmFruitAEZ01,PalmFruitAEZ01,1990,NH3_AWB,4.47027775764496e-07
Africa_Southern,PalmFruit,PalmFruitAEZ02,PalmFruitAEZ02,1990,NH3_AWB,2.53998356673146e-06
Africa_Southern,PalmFruit,PalmFruitAEZ03,PalmFruitAEZ03,1990,NH3_AWB,1.51485257605182e-05
Africa_Southern,PalmFruit,PalmFruitAEZ04,PalmFruitAEZ04,1990,NH3_AWB,4.7501593984063e-05
Africa_Southern,PalmFruit,PalmFruitAEZ05,PalmFruitAEZ05,1990,NH3_AWB,1.10254754343817e-05
Africa_Southern,PalmFruit,PalmFruitAEZ06,PalmFruitAEZ06,1990,NH3_AWB,1.20628805712965e-06
Africa_Southern,PalmFruit,PalmFruitAEZ07,PalmFruitAEZ07,1990,NH3_AWB,0
Africa_Southern,PalmFruit,PalmFruitAEZ08,PalmFruitAEZ08,1990,NH3_AWB,0
Africa_Southern,PalmFruit,PalmFruitAEZ09,PalmFruitAEZ09,1990,NH3_AWB,1.25022613076959e-06
Africa_Southern,PalmFruit,PalmFruitAEZ10,PalmFruitAEZ10,1990,NH3_AWB,1.75570839388398e-06
Africa_Southern,PalmFruit,PalmFruitAEZ11,PalmFruitAEZ11,1990,NH3_AWB,1.58125220769117e-08
Africa_Southern,Rice,RiceAEZ01,RiceAEZ01,1990,NH3_AWB,5.76008971264355e-09
Africa_Southern,Rice,RiceAEZ02,RiceAEZ02,1990,NH3_AWB,8.32147154131423e-07
Africa_Southern,Rice,RiceAEZ03,RiceAEZ03,1990,NH3_AWB,8.8450822771281e-06
Africa_Southern,Rice,RiceAEZ04,RiceAEZ04,1990,NH3_AWB,3.7778291617755e-05
Africa_Southern,Rice,RiceAEZ05,RiceAEZ05,1990,NH3_AWB,6.60756613778445e-06
Africa_Southern,Rice,RiceAEZ06,RiceAEZ06,1990,NH3_AWB,2.26129973557652e-07
Africa_Southern,Rice,RiceAEZ07,RiceAEZ07,1990,NH3_AWB,0
Africa_Southern,Rice,RiceAEZ08,RiceAEZ08,1990,NH3_AWB,0
Africa_Southern,Rice,RiceAEZ09,RiceAEZ09,1990,NH3_AWB,8.40787288700388e-08
Africa_Southern,Rice,RiceAEZ10,RiceAEZ10,1990,NH3_AWB,9.19756260567277e-09
Africa_Southern,Rice,RiceAEZ11,RiceAEZ11,1990,NH3_AWB,0
Africa_Southern,Root_Tuber,Root_TuberAEZ01,Root_TuberAEZ01,1990,NH3_AWB,5.31785797167394e-06
Africa_Southern,Root_Tuber,Root_TuberAEZ02,Root_TuberAEZ02,1990,NH3_AWB,1.43821327028674e-05
Africa_Southern,Root_Tuber,Root_TuberAEZ03,Root_TuberAEZ03,1990,NH3_AWB,0.00013700186650921
Africa_Southern,Root_Tuber,Root_TuberAEZ04,Root_TuberAEZ04,1990,NH3_AWB,0.000565864784931297
Africa_Southern,Root_Tuber,Root_TuberAEZ05,Root_TuberAEZ05,1990,NH3_AWB,0.000273596317054978
Africa_Southern,Root_Tuber,Root_TuberAEZ06,Root_TuberAEZ06,1990,NH3_AWB,7.40275589479704e-06
Africa_Southern,Root_Tuber,Root_TuberAEZ07,Root_TuberAEZ07,1990,NH3_AWB,7.57364683066142e-06
Africa_Southern,Root_Tuber,Root_TuberAEZ08,Root_TuberAEZ08,1990,NH3_AWB,1.47086640907451e-05
Africa_Southern,Root_Tuber,Root_TuberAEZ09,Root_TuberAEZ09,1990,NH3_AWB,3.83310934645829e-05
Africa_Southern,Root_Tuber,Root_TuberAEZ10,Root_TuberAEZ10,1990,NH3_AWB,3.92481891500037e-05
Africa_Southern,Root_Tuber,Root_TuberAEZ11,Root_TuberAEZ11,1990,NH3_AWB,7.94856643599201e-06
Africa_Southern,SugarCrop,SugarCropAEZ01,SugarCropAEZ01,1990,NH3_AWB,2.97070525336591e-05
Africa_Southern,SugarCrop,SugarCropAEZ02,SugarCropAEZ02,1990,NH3_AWB,0.000104185585863482
Africa_Southern,SugarCrop,SugarCropAEZ03,SugarCropAEZ03,1990,NH3_AWB,0.000157765016638862
Africa_Southern,SugarCrop,SugarCropAEZ04,SugarCropAEZ04,1990,NH3_AWB,6.75930361573362e-05
Africa_Southern,SugarCrop,SugarCropAEZ05,SugarCropAEZ05,1990,NH3_AWB,9.16644123360357e-06
Africa_Southern,SugarCrop,SugarCropAEZ06,SugarCropAEZ06,1990,NH3_AWB,8.57934991397467e-07
Africa_Southern,SugarCrop,SugarCropAEZ07,SugarCropAEZ07,1990,NH3_AWB,3.15563954577728e-05
Africa_Southern,SugarCrop,SugarCropAEZ08,SugarCropAEZ08,1990,NH3_AWB,5.97473133651804e-05
Africa_Southern,SugarCrop,SugarCropAEZ09,SugarCropAEZ09,1990,NH3_AWB,0.000151077569292484
Africa_Southern,SugarCrop,SugarCropAEZ10,SugarCropAEZ10,1990,NH3_AWB,0.000111960727068674
Africa_Southern,SugarCrop,SugarCropAEZ11,SugarCropAEZ11,1990,NH3_AWB,0.000100079949760862
Africa_Southern,Wheat,WheatAEZ01,WheatAEZ01,1990,NH3_AWB,1.13793078382224e-06
Africa_Southern,Wheat,WheatAEZ02,WheatAEZ02,1990,NH3_AWB,2.46292417465245e-06
Africa_Southern,Wheat,WheatAEZ03,WheatAEZ03,1990,NH3_AWB,8.06309593798959e-06
Africa_Southern,Wheat,WheatAEZ04,WheatAEZ04,1990,NH3_AWB,3.79312933978853e-06
Africa_Southern,Wheat,WheatAEZ05,WheatAEZ05,1990,NH3_AWB,3.88878544358642e-07
Africa_Southern,Wheat,WheatAEZ06,WheatAEZ06,1990,NH3_AWB,6.85548774075545e-08
Africa_Southern,Wheat,WheatAEZ07,WheatAEZ07,1990,NH3_AWB,1.11892785289173e-06
Africa_Southern,Wheat,WheatAEZ08,WheatAEZ08,1990,NH3_AWB,2.97953128007571e-06
Africa_Southern,Wheat,WheatAEZ09,WheatAEZ09,1990,NH3_AWB,6.2947810065905e-06
Africa_Southern,Wheat,WheatAEZ10,WheatAEZ10,1990,NH3_AWB,2.48665779302982e-06
Africa_Southern,Wheat,WheatAEZ11,WheatAEZ11,1990,NH3_AWB,7.51618036044929e-07
Africa_Southern,Corn,CornAEZ01,CornAEZ01,1990,NMVOC_AWB,1.50612844468587e-05
Africa_Southern,Corn,CornAEZ02,CornAEZ02,1990,NMVOC_AWB,7.31384752901621e-05
Africa_Southern,Corn,CornAEZ03,CornAEZ03,1990,NMVOC_AWB,0.000713444199795643
Africa_Southern,Corn,CornAEZ04,CornAEZ04,1990,NMVOC_AWB,0.00125601459618984
Africa_Southern,Corn,CornAEZ05,CornAEZ05,1990,NMVOC_AWB,0.000197318072142125
Africa_Southern,Corn,CornAEZ06,CornAEZ06,1990,NMVOC_AWB,1.39835103570734e-05
Africa_Southern,Corn,CornAEZ07,CornAEZ07,1990,NMVOC_AWB,1.04071556015355e-05
Africa_Southern,Corn,CornAEZ08,CornAEZ08,1990,NMVOC_AWB,2.18287138295454e-05
Africa_Southern,Corn,CornAEZ09,CornAEZ09,1990,NMVOC_AWB,0.000441147583859833
Africa_Southern,Corn,CornAEZ10,CornAEZ10,1990,NMVOC_AWB,0.00016335831522359
Africa_Southern,Corn,CornAEZ11,CornAEZ11,1990,NMVOC_AWB,4.76943735573875e-05
Africa_Southern,FiberCrop,FiberCropAEZ01,FiberCropAEZ01,1990,NMVOC_AWB,1.29010957666277e-06
Africa_Southern,FiberCrop,FiberCropAEZ02,FiberCropAEZ02,1990,NMVOC_AWB,6.79713740942208e-06
Africa_Southern,FiberCrop,FiberCropAEZ03,FiberCropAEZ03,1990,NMVOC_AWB,6.31617924897858e-05
Africa_Southern,FiberCrop,FiberCropAEZ04,FiberCropAEZ04,1990,NMVOC_AWB,7.44674385226874e-05
Africa_Southern,FiberCrop,FiberCropAEZ05,FiberCropAEZ05,1990,NMVOC_AWB,9.74670436143208e-06
Africa_Southern,FiberCrop,FiberCropAEZ06,FiberCropAEZ06,1990,NMVOC_AWB,3.29947539286888e-06
Africa_Southern,FiberCrop,FiberCropAEZ07,FiberCropAEZ07,1990,NMVOC_AWB,3.04391895706541e-07
Africa_Southern,FiberCrop,FiberCropAEZ08,FiberCropAEZ08,1990,NMVOC_AWB,1.43377117229997e-06
Africa_Southern,FiberCrop,FiberCropAEZ09,FiberCropAEZ09,1990,NMVOC_AWB,7.32242678832129e-05
Africa_Southern,FiberCrop,FiberCropAEZ10,FiberCropAEZ10,1990,NMVOC_AWB,3.28193255775807e-06
Africa_Southern,FiberCrop,FiberCropAEZ11,FiberCropAEZ11,1990,NMVOC_AWB,1.2218347589342e-06
Africa_Southern,FodderGrass,FodderGrassAEZ01,FodderGrassAEZ01,1990,NMVOC_AWB,0
Africa_Southern,FodderGrass,FodderGrassAEZ02,FodderGrassAEZ02,1990,NMVOC_AWB,0
Africa_Southern,FodderGrass,FodderGrassAEZ03,FodderGrassAEZ03,1990,NMVOC_AWB,0
Africa_Southern,FodderGrass,FodderGrassAEZ04,FodderGrassAEZ04,1990,NMVOC_AWB,0
Africa_Southern,FodderGrass,FodderGrassAEZ05,FodderGrassAEZ05,1990,NMVOC_AWB,0
Africa_Southern,FodderGrass,FodderGrassAEZ06,FodderGrassAEZ06,1990,NMVOC_AWB,0
Africa_Southern,FodderGrass,FodderGrassAEZ07,FodderGrassAEZ07,1990,NMVOC_AWB,0
Africa_Southern,FodderGrass,FodderGrassAEZ08,FodderGrassAEZ08,1990,NMVOC_AWB,0
Africa_Southern,FodderGrass,FodderGrassAEZ09,FodderGrassAEZ09,1990,NMVOC_AWB,0
Africa_Southern,FodderGrass,FodderGrassAEZ10,FodderGrassAEZ10,1990,NMVOC_AWB,0
Africa_Southern,FodderGrass,FodderGrassAEZ11,FodderGrassAEZ11,1990,NMVOC_AWB,0
Africa_Southern,FodderHerb,FodderHerbAEZ01,FodderHerbAEZ01,1990,NMVOC_AWB,0
Africa_Southern,FodderHerb,FodderHerbAEZ02,FodderHerbAEZ02,1990,NMVOC_AWB,0
Africa_Southern,FodderHerb,FodderHerbAEZ03,FodderHerbAEZ03,1990,NMVOC_AWB,0
Africa_Southern,FodderHerb,FodderHerbAEZ04,FodderHerbAEZ04,1990,NMVOC_AWB,0
Africa_Southern,FodderHerb,FodderHerbAEZ05,FodderHerbAEZ05,1990,NMVOC_AWB,0
Africa_Southern,FodderHerb,FodderHerbAEZ06,FodderHerbAEZ06,1990,NMVOC_AWB,0
Africa_Southern,FodderHerb,FodderHerbAEZ07,FodderHerbAEZ07,1990,NMVOC_AWB,0
Africa_Southern,FodderHerb,FodderHerbAEZ08,FodderHerbAEZ08,1990,NMVOC_AWB,0
Africa_Southern,FodderHerb,FodderHerbAEZ09,FodderHerbAEZ09,1990,NMVOC_AWB,0
Africa_Southern,FodderHerb,FodderHerbAEZ10,FodderHerbAEZ10,1990,NMVOC_AWB,0
Africa_Southern,FodderHerb,FodderHerbAEZ11,FodderHerbAEZ11,1990,NMVOC_AWB,0
Africa_Southern,MiscCrop,MiscCropAEZ01,MiscCropAEZ01,1990,NMVOC_AWB,6.55833224915625e-05
Africa_Southern,MiscCrop,MiscCropAEZ02,MiscCropAEZ02,1990,NMVOC_AWB,0.000102729601587178
Africa_Southern,MiscCrop,MiscCropAEZ03,MiscCropAEZ03,1990,NMVOC_AWB,0.000507386640582651
Africa_Southern,MiscCrop,MiscCropAEZ04,MiscCropAEZ04,1990,NMVOC_AWB,0.00130925303869511
Africa_Southern,MiscCrop,MiscCropAEZ05,MiscCropAEZ05,1990,NMVOC_AWB,0.00029193133038603
Africa_Southern,MiscCrop,MiscCropAEZ06,MiscCropAEZ06,1990,NMVOC_AWB,6.76718513593877e-05
Africa_Southern,MiscCrop,MiscCropAEZ07,MiscCropAEZ07,1990,NMVOC_AWB,4.25166814402538e-05
Africa_Southern,MiscCrop,MiscCropAEZ08,MiscCropAEZ08,1990,NMVOC_AWB,3.80055997274268e-05
Africa_Southern,MiscCrop,MiscCropAEZ09,MiscCropAEZ09,1990,NMVOC_AWB,0.00014508454510164
Africa_Southern,MiscCrop,MiscCropAEZ10,MiscCropAEZ10,1990,NMVOC_AWB,6.09730883981425e-05
Africa_Southern,MiscCrop,MiscCropAEZ11,MiscCropAEZ11,1990,NMVOC_AWB,2.15920130931178e-05
Africa_Southern,OilCrop,OilCropAEZ01,OilCropAEZ01,1990,NMVOC_AWB,1.00503245000319e-05
Africa_Southern,OilCrop,OilCropAEZ02,OilCropAEZ02,1990,NMVOC_AWB,2.12361258372231e-05
Africa_Southern,OilCrop,OilCropAEZ03,OilCropAEZ03,1990,NMVOC_AWB,7.34271960365986e-05
Africa_Southern,OilCrop,OilCropAEZ04,OilCropAEZ04,1990,NMVOC_AWB,8.95038583804296e-05
Africa_Southern,OilCrop,OilCropAEZ05,OilCropAEZ05,1990,NMVOC_AWB,2.14294277977747e-05
Africa_Southern,OilCrop,OilCropAEZ06,OilCropAEZ06,1990,NMVOC_AWB,2.20988678416802e-06
Africa_Southern,OilCrop,OilCropAEZ07,OilCropAEZ07,1990,NMVOC_AWB,8.0066498529653e-06
Africa_Southern,OilCrop,OilCropAEZ08,OilCropAEZ08,1990,NMVOC_AWB,8.1076627539661e-06
Africa_Southern,OilCrop,OilCropAEZ09,OilCropAEZ09,1990,NMVOC_AWB,4.21315627083433e-05
Africa_Southern,OilCrop,OilCropAEZ10,OilCropAEZ10,1990,NMVOC_AWB,1.19815075073477e-05
Africa_Southern,OilCrop,OilCropAEZ11,OilCropAEZ11,1990,NMVOC_AWB,3.20532300857614e-06
Africa_Southern,OtherGrain,OtherGrainAEZ01,OtherGrainAEZ01,1990,NMVOC_AWB,5.92660545411789e-06
Africa_Southern,OtherGrain,OtherGrainAEZ02,OtherGrainAEZ02,1990,NMVOC_AWB,5.91553564508003e-06
Africa_Southern,OtherGrain,OtherGrainAEZ03,OtherGrainAEZ03,1990,NMVOC_AWB,0.000106423015280593
Africa_Southern,OtherGrain,OtherGrainAEZ04,OtherGrainAEZ04,1990,NMVOC_AWB,0.000300633448088421
Africa_Southern,OtherGrain,OtherGrainAEZ05,OtherGrainAEZ05,1990,NMVOC_AWB,5.8073495498292e-05
Africa_Southern,OtherGrain,OtherGrainAEZ06,OtherGrainAEZ06,1990,NMVOC_AWB,3.28092109406842e-06
Africa_Southern,OtherGrain,OtherGrainAEZ07,OtherGrainAEZ07,1990,NMVOC_AWB,1.39066604847595e-05
Africa_Southern,OtherGrain,OtherGrainAEZ08,OtherGrainAEZ08,1990,NMVOC_AWB,2.46554450605254e-05
Africa_Southern,OtherGrain,OtherGrainAEZ09,OtherGrainAEZ09,1990,NMVOC_AWB,2.92949723330485e-05
Africa_Southern,OtherGrain,OtherGrainAEZ10,OtherGrainAEZ10,1990,NMVOC_AWB,1.56429174561599e-05
Africa_Southern,OtherGrain,OtherGrainAEZ11,OtherGrainAEZ11,1990,NMVOC_AWB,1.84865810932327e-06
Africa_Southern,PalmFruit,PalmFruitAEZ01,PalmFruitAEZ01,1990,NMVOC_AWB,2.40401010074906e-06
Africa_Southern,PalmFruit,PalmFruitAEZ02,PalmFruitAEZ02,1990,NMVOC_AWB,1.3659433442847e-05
Africa_Southern,PalmFruit,PalmFruitAEZ03,PalmFruitAEZ03,1990,NMVOC_AWB,8.1465203985285e-05
Africa_Southern,PalmFruit,PalmFruitAEZ04,PalmFruitAEZ04,1990,NMVOC_AWB,0.000255452385579567
Africa_Southern,PalmFruit,PalmFruitAEZ05,PalmFruitAEZ05,1990,NMVOC_AWB,5.92924103306231e-05
Africa_Southern,PalmFruit,PalmFruitAEZ06,PalmFruitAEZ06,1990,NMVOC_AWB,6.48713308427701e-06
Africa_Southern,PalmFruit,PalmFruitAEZ07,PalmFruitAEZ07,1990,NMVOC_AWB,0
Africa_Southern,PalmFruit,PalmFruitAEZ08,PalmFruitAEZ08,1990,NMVOC_AWB,0
Africa_Southern,PalmFruit,PalmFruitAEZ09,PalmFruitAEZ09,1990,NMVOC_AWB,6.72342169667306e-06
Africa_Southern,PalmFruit,PalmFruitAEZ10,PalmFruitAEZ10,1990,NMVOC_AWB,9.44178626406108e-06
Africa_Southern,PalmFruit,PalmFruitAEZ11,PalmFruitAEZ11,1990,NMVOC_AWB,8.50360198003435e-08
Africa_Southern,Rice,RiceAEZ01,RiceAEZ01,1990,NMVOC_AWB,3.09764059442045e-08
Africa_Southern,Rice,RiceAEZ02,RiceAEZ02,1990,NMVOC_AWB,4.47509142003611e-06
Africa_Southern,Rice,RiceAEZ03,RiceAEZ03,1990,NMVOC_AWB,4.75667694245795e-05
Africa_Southern,Rice,RiceAEZ04,RiceAEZ04,1990,NMVOC_AWB,0.00020316275534067
Africa_Southern,Rice,RiceAEZ05,RiceAEZ05,1990,NMVOC_AWB,3.55339345736083e-05
Africa_Southern,Rice,RiceAEZ06,RiceAEZ06,1990,NMVOC_AWB,1.21607374303538e-06
Africa_Southern,Rice,RiceAEZ07,RiceAEZ07,1990,NMVOC_AWB,0
Africa_Southern,Rice,RiceAEZ08,RiceAEZ08,1990,NMVOC_AWB,0
Africa_Southern,Rice,RiceAEZ09,RiceAEZ09,1990,NMVOC_AWB,4.52155602895242e-07
Africa_Southern,Rice,RiceAEZ10,RiceAEZ10,1990,NMVOC_AWB,4.94623256205845e-08
Africa_Southern,Rice,RiceAEZ11,RiceAEZ11,1990,NMVOC_AWB,0
Africa_Southern,Root_Tuber,Root_TuberAEZ01,Root_TuberAEZ01,1990,NMVOC_AWB,2.85981877890917e-05
Africa_Southern,Root_Tuber,Root_TuberAEZ02,Root_TuberAEZ02,1990,NMVOC_AWB,7.73437226106981e-05
Africa_Southern,Root_Tuber,Root_TuberAEZ03,Root_TuberAEZ03,1990,NMVOC_AWB,0.000736763773450906
Africa_Southern,Root_Tuber,Root_TuberAEZ04,Root_TuberAEZ04,1990,NMVOC_AWB,0.00304308754932868
Africa_Southern,Root_Tuber,Root_TuberAEZ05,Root_TuberAEZ05,1990,NMVOC_AWB,0.00147133655979895
Africa_Southern,Root_Tuber,Root_TuberAEZ06,Root_TuberAEZ06,1990,NMVOC_AWB,3.98102778155941e-05
Africa_Southern,Root_Tuber,Root_TuberAEZ07,Root_TuberAEZ07,1990,NMVOC_AWB,4.07292890229891e-05
Africa_Southern,Root_Tuber,Root_TuberAEZ08,Root_TuberAEZ08,1990,NMVOC_AWB,7.90997315149035e-05
Africa_Southern,Root_Tuber,Root_TuberAEZ09,Root_TuberAEZ09,1990,NMVOC_AWB,0.000206135593485267
Africa_Southern,Root_Tuber,Root_TuberAEZ10,Root_TuberAEZ10,1990,NMVOC_AWB,0.000211067518100767
Africa_Southern,Root_Tuber,Root_TuberAEZ11,Root_TuberAEZ11,1990,NMVOC_AWB,4.27455183649851e-05
Africa_Southern,SugarCrop,SugarCropAEZ01,SugarCropAEZ01,1990,NMVOC_AWB,0.000159757532364215
Africa_Southern,SugarCrop,SugarCropAEZ02,SugarCropAEZ02,1990,NMVOC_AWB,0.000560285544539
Africa_Southern,SugarCrop,SugarCropAEZ03,SugarCropAEZ03,1990,NMVOC_AWB,0.000848423105020826
Africa_Southern,SugarCrop,SugarCropAEZ04,SugarCropAEZ04,1990,NMVOC_AWB,0.00036349942995072
Africa_Southern,SugarCrop,SugarCropAEZ05,SugarCropAEZ05,1990,NMVOC_AWB,4.92949622108376e-05
Africa_Southern,SugarCrop,SugarCropAEZ06,SugarCropAEZ06,1990,NMVOC_AWB,4.6137723356862e-06
Africa_Southern,SugarCrop,SugarCropAEZ07,SugarCropAEZ07,1990,NMVOC_AWB,0.000169702863080443
Africa_Southern,SugarCrop,SugarCropAEZ08,SugarCropAEZ08,1990,NMVOC_AWB,0.000321306980482085
Africa_Southern,SugarCrop,SugarCropAEZ09,SugarCropAEZ09,1990,NMVOC_AWB,0.000812459588119834
Africa_Southern,SugarCrop,SugarCropAEZ10,SugarCropAEZ10,1990,NMVOC_AWB,0.000602098422855266
Africa_Southern,SugarCrop,SugarCropAEZ11,SugarCropAEZ11,1990,NMVOC_AWB,0.000538206400477272
Africa_Southern,Wheat,WheatAEZ01,WheatAEZ01,1990,NMVOC_AWB,6.11952376691492e-06
Africa_Southern,Wheat,WheatAEZ02,WheatAEZ02,1990,NMVOC_AWB,1.32450261801244e-05
Africa_Southern,Wheat,WheatAEZ03,WheatAEZ03,1990,NMVOC_AWB,4.33614310544485e-05
Africa_Southern,Wheat,WheatAEZ04,WheatAEZ04,1990,NMVOC_AWB,2.03985562881514e-05
Africa_Southern,Wheat,WheatAEZ05,WheatAEZ05,1990,NMVOC_AWB,2.09129722868781e-06
Africa_Southern,Wheat,WheatAEZ06,WheatAEZ06,1990,NMVOC_AWB,3.68671985675892e-07
Africa_Southern,Wheat,WheatAEZ07,WheatAEZ07,1990,NMVOC_AWB,6.01733047965744e-06
Africa_Southern,Wheat,WheatAEZ08,WheatAEZ08,1990,NMVOC_AWB,1.60232175294926e-05
Africa_Southern,Wheat,WheatAEZ09,WheatAEZ09,1990,NMVOC_AWB,3.38518498005348e-05
Africa_Southern,Wheat,WheatAEZ10,WheatAEZ10,1990,NMVOC_AWB,1.33726599903702e-05
Africa_Southern,Wheat,WheatAEZ11,WheatAEZ11,1990,NMVOC_AWB,4.0420247879834e-06
Africa_Southern,Corn,CornAEZ01,CornAEZ01,1990,NOx_AWB,8.17598235394666e-06
Africa_Southern,Corn,CornAEZ02,CornAEZ02,1990,NOx_AWB,3.97030469397746e-05
Africa_Southern,Corn,CornAEZ03,CornAEZ03,1990,NOx_AWB,0.000387291482916741
Africa_Southern,Corn,CornAEZ04,CornAEZ04,1990,NOx_AWB,0.000681824529042035
Africa_Southern,Corn,CornAEZ05,CornAEZ05,1990,NOx_AWB,0.000107113645030803
Africa_Southern,Corn,CornAEZ06,CornAEZ06,1990,NOx_AWB,7.59091525885813e-06
Africa_Southern,Corn,CornAEZ07,CornAEZ07,1990,NOx_AWB,5.64949960630201e-06
Africa_Southern,Corn,CornAEZ08,CornAEZ08,1990,NOx_AWB,1.184966525992e-05
Africa_Southern,Corn,CornAEZ09,CornAEZ09,1990,NOx_AWB,0.000239475914145985
Africa_Southern,Corn,CornAEZ10,CornAEZ10,1990,NOx_AWB,8.86786719519854e-05
Africa_Southern,Corn,CornAEZ11,CornAEZ11,1990,NOx_AWB,2.58907769761343e-05
Africa_Southern,FiberCrop,FiberCropAEZ01,FiberCropAEZ01,1990,NOx_AWB,7.00332907904967e-07
Africa_Southern,FiberCrop,FiberCropAEZ02,FiberCropAEZ02,1990,NOx_AWB,3.68980983745887e-06
Africa_Southern,FiberCrop,FiberCropAEZ03,FiberCropAEZ03,1990,NOx_AWB,3.42872284672796e-05
Africa_Southern,FiberCrop,FiberCropAEZ04,FiberCropAEZ04,1990,NOx_AWB,4.04244714621324e-05
Africa_Southern,FiberCrop,FiberCropAEZ05,FiberCropAEZ05,1990,NOx_AWB,5.29097522521221e-06
Africa_Southern,FiberCrop,FiberCropAEZ06,FiberCropAEZ06,1990,NOx_AWB,1.79111235064706e-06
Africa_Southern,FiberCrop,FiberCropAEZ07,FiberCropAEZ07,1990,NOx_AWB,1.65238414875041e-07
Africa_Southern,FiberCrop,FiberCropAEZ08,FiberCropAEZ08,1990,NOx_AWB,7.78319262588983e-07
Africa_Southern,FiberCrop,FiberCropAEZ09,FiberCropAEZ09,1990,NOx_AWB,3.97496192443716e-05
Africa_Southern,FiberCrop,FiberCropAEZ10,FiberCropAEZ10,1990,NOx_AWB,1.78158926443152e-06
Africa_Southern,FiberCrop,FiberCropAEZ11,FiberCropAEZ11,1990,NOx_AWB,6.6327008587692e-07
Africa_Southern,FodderGrass,FodderGrassAEZ01,FodderGrassAEZ01,1990,NOx_AWB,0
Africa_Southern,FodderGrass,FodderGrassAEZ02,FodderGrassAEZ02,1990,NOx_AWB,0
Africa_Southern,FodderGrass,FodderGrassAEZ03,FodderGrassAEZ03,1990,NOx_AWB,0
Africa_Southern,FodderGrass,FodderGrassAEZ04,FodderGrassAEZ04,1990,NOx_AWB,0
Africa_Southern,FodderGrass,FodderGrassAEZ05,FodderGrassAEZ05,1990,NOx_AWB,0
Africa_Southern,FodderGrass,FodderGrassAEZ06,FodderGrassAEZ06,1990,NOx_AWB,0
Africa_Southern,FodderGrass,FodderGrassAEZ07,FodderGrassAEZ07,1990,NOx_AWB,0
Africa_Southern,FodderGrass,FodderGrassAEZ08,FodderGrassAEZ08,1990,NOx_AWB,0
Africa_Southern,FodderGrass,FodderGrassAEZ09,FodderGrassAEZ09,1990,NOx_AWB,0
Africa_Southern,FodderGrass,FodderGrassAEZ10,FodderGrassAEZ10,1990,NOx_AWB,0
Africa_Southern,FodderGrass,FodderGrassAEZ11,FodderGrassAEZ11,1990,NOx_AWB,0
Africa_Southern,FodderHerb,FodderHerbAEZ01,FodderHerbAEZ01,1990,NOx_AWB,0
Africa_Southern,FodderHerb,FodderHerbAEZ02,FodderHerbAEZ02,1990,NOx_AWB,0
Africa_Southern,FodderHerb,FodderHerbAEZ03,FodderHerbAEZ03,1990,NOx_AWB,0
Africa_Southern,FodderHerb,FodderHerbAEZ04,FodderHerbAEZ04,1990,NOx_AWB,0
Africa_Southern,FodderHerb,FodderHerbAEZ05,FodderHerbAEZ05,1990,NOx_AWB,0
Africa_Southern,FodderHerb,FodderHerbAEZ06,FodderHerbAEZ06,1990,NOx_AWB,0
Africa_Southern,FodderHerb,FodderHerbAEZ07,FodderHerbAEZ07,1990,NOx_AWB,0
Africa_Southern,FodderHerb,FodderHerbAEZ08,FodderHerbAEZ08,1990,NOx_AWB,0
Africa_Southern,FodderHerb,FodderHerbAEZ09,FodderHerbAEZ09,1990,NOx_AWB,0
Africa_Southern,FodderHerb,FodderHerbAEZ10,FodderHerbAEZ10,1990,NOx_AWB,0
Africa_Southern,FodderHerb,FodderHerbAEZ11,FodderHerbAEZ11,1990,NOx_AWB,0
Africa_Southern,MiscCrop,MiscCropAEZ01,MiscCropAEZ01,1990,NOx_AWB,3.56017502555064e-05
Africa_Southern,MiscCrop,MiscCropAEZ02,MiscCropAEZ02,1990,NOx_AWB,5.57665193010754e-05
Africa_Southern,MiscCrop,MiscCropAEZ03,MiscCropAEZ03,1990,NOx_AWB,0.000275433628165574
Africa_Southern,MiscCrop,MiscCropAEZ04,MiscCropAEZ04,1990,NOx_AWB,0.000710724890628754
Africa_Southern,MiscCrop,MiscCropAEZ05,MiscCropAEZ05,1990,NOx_AWB,0.000158474226698385
Africa_Southern,MiscCrop,MiscCropAEZ06,MiscCropAEZ06,1990,NOx_AWB,3.67355031720851e-05
Africa_Southern,MiscCrop,MiscCropAEZ07,MiscCropAEZ07,1990,NOx_AWB,2.30800791546293e-05
Africa_Southern,MiscCrop,MiscCropAEZ08,MiscCropAEZ08,1990,NOx_AWB,2.06312492018176e-05
Africa_Southern,MiscCrop,MiscCropAEZ09,MiscCropAEZ09,1990,NOx_AWB,7.87587994082927e-05
Africa_Southern,MiscCrop,MiscCropAEZ10,MiscCropAEZ10,1990,NOx_AWB,3.30990956692818e-05
Africa_Southern,MiscCrop,MiscCropAEZ11,MiscCropAEZ11,1990,NOx_AWB,1.17211728294751e-05
Africa_Southern,OilCrop,OilCropAEZ01,OilCropAEZ01,1990,NOx_AWB,5.45579469358186e-06
Africa_Southern,OilCrop,OilCropAEZ02,OilCropAEZ02,1990,NOx_AWB,1.15279802810935e-05
Africa_Southern,OilCrop,OilCropAEZ03,OilCropAEZ03,1990,NOx_AWB,3.98597783086304e-05
Africa_Southern,OilCrop,OilCropAEZ04,OilCropAEZ04,1990,NOx_AWB,4.85869561331575e-05
Africa_Southern,OilCrop,OilCropAEZ05,OilCropAEZ05,1990,NOx_AWB,1.16329137895222e-05
Africa_Southern,OilCrop,OilCropAEZ06,OilCropAEZ06,1990,NOx_AWB,1.19963177213255e-06
Africa_Southern,OilCrop,OilCropAEZ07,OilCropAEZ07,1990,NOx_AWB,4.34639078380377e-06
Africa_Southern,OilCrop,OilCropAEZ08,OilCropAEZ08,1990,NOx_AWB,4.40122539628437e-06
Africa_Southern,OilCrop,OilCropAEZ09,OilCropAEZ09,1990,NOx_AWB,2.2871018369184e-05
Africa_Southern,OilCrop,OilCropAEZ10,OilCropAEZ10,1990,NOx_AWB,6.50413278491565e-06
Africa_Southern,OilCrop,OilCropAEZ11,OilCropAEZ11,1990,NOx_AWB,1.74000195330509e-06
Africa_Southern,OtherGrain,OtherGrainAEZ01,OtherGrainAEZ01,1990,NOx_AWB,3.21724364098164e-06
Africa_Southern,OtherGrain,OtherGrainAEZ02,OtherGrainAEZ02,1990,NOx_AWB,3.21123442153728e-06
Africa_Southern,OtherGrain,OtherGrainAEZ03,OtherGrainAEZ03,1990,NOx_AWB,5.77714801189749e-05
Africa_Southern,OtherGrain,OtherGrainAEZ04,OtherGrainAEZ04,1990,NOx_AWB,0.000163198150546165
Africa_Southern,OtherGrain,OtherGrainAEZ05,OtherGrainAEZ05,1990,NOx_AWB,3.15250585765987e-05
Africa_Southern,OtherGrain,OtherGrainAEZ06,OtherGrainAEZ06,1990,NOx_AWB,1.78104019377906e-06
Africa_Southern,OtherGrain,OtherGrainAEZ07,OtherGrainAEZ07,1990,NOx_AWB,7.54919748889246e-06
Africa_Southern,OtherGrain,OtherGrainAEZ08,OtherGrainAEZ08,1990,NOx_AWB,1.33841495693682e-05
Africa_Southern,OtherGrain,OtherGrainAEZ09,OtherGrainAEZ09,1990,NOx_AWB,1.59027058880303e-05
Africa_Southern,OtherGrain,OtherGrainAEZ10,OtherGrainAEZ10,1990,NOx_AWB,8.49172044635822e-06
Africa_Southern,OtherGrain,OtherGrainAEZ11,OtherGrainAEZ11,1990,NOx_AWB,1.0035396472085e-06
Africa_Southern,PalmFruit,PalmFruitAEZ01,PalmFruitAEZ01,1990,NOx_AWB,1.30501115172373e-06
Africa_Southern,PalmFruit,PalmFruitAEZ02,PalmFruitAEZ02,1990,NOx_AWB,7.41499087861115e-06
Africa_Southern,PalmFruit,PalmFruitAEZ03,PalmFruitAEZ03,1990,NOx_AWB,4.42231917599347e-05
Africa_Southern,PalmFruit,PalmFruitAEZ04,PalmFruitAEZ04,1990,NOx_AWB,0.000138671718480672
Africa_Southern,PalmFruit,PalmFruitAEZ05,PalmFruitAEZ05,1990,NOx_AWB,3.21867435872806e-05
Africa_Southern,PalmFruit,PalmFruitAEZ06,PalmFruitAEZ06,1990,NOx_AWB,3.52152472864387e-06
Africa_Southern,PalmFruit,PalmFruitAEZ07,PalmFruitAEZ07,1990,NOx_AWB,0
Africa_Southern,PalmFruit,PalmFruitAEZ08,PalmFruitAEZ08,1990,NOx_AWB,0
Africa_Southern,PalmFruit,PalmFruitAEZ09,PalmFruitAEZ09,1990,NOx_AWB,3.64979343854076e-06
Africa_Southern,PalmFruit,PalmFruitAEZ10,PalmFruitAEZ10,1990,NOx_AWB,5.12545116301815e-06
Africa_Southern,PalmFruit,PalmFruitAEZ11,PalmFruitAEZ11,1990,NOx_AWB,4.61616006118571e-08
Africa_Southern,Rice,RiceAEZ01,RiceAEZ01,1990,NOx_AWB,1.68154681150933e-08
Africa_Southern,Rice,RiceAEZ02,RiceAEZ02,1990,NOx_AWB,2.42929270817565e-06
Africa_Southern,Rice,RiceAEZ03,RiceAEZ03,1990,NOx_AWB,2.58215073768641e-05
Africa_Southern,Rice,RiceAEZ04,RiceAEZ04,1990,NOx_AWB,0.000110286417370661
Africa_Southern,Rice,RiceAEZ05,RiceAEZ05,1990,NOx_AWB,1.92895116658334e-05
Africa_Southern,Rice,RiceAEZ06,RiceAEZ06,1990,NOx_AWB,6.60142732131245e-07
Africa_Southern,Rice,RiceAEZ07,RiceAEZ07,1990,NOx_AWB,0
Africa_Southern,Rice,RiceAEZ08,RiceAEZ08,1990,NOx_AWB,0
Africa_Southern,Rice,RiceAEZ09,RiceAEZ09,1990,NOx_AWB,2.45451591034829e-07
Africa_Southern,Rice,RiceAEZ10,RiceAEZ10,1990,NOx_AWB,2.68505055386167e-08
Africa_Southern,Rice,RiceAEZ11,RiceAEZ11,1990,NOx_AWB,0
Africa_Southern,Root_Tuber,Root_TuberAEZ01,Root_TuberAEZ01,1990,NOx_AWB,1.5524458059567e-05
Africa_Southern,Root_Tuber,Root_TuberAEZ02,Root_TuberAEZ02,1990,NOx_AWB,4.19858554218795e-05
Africa_Southern,Root_Tuber,Root_TuberAEZ03,Root_TuberAEZ03,1990,NOx_AWB,0.000399950457878651
Africa_Southern,Root_Tuber,Root_TuberAEZ04,Root_TuberAEZ04,1990,NOx_AWB,0.00165193282104271
Africa_Southern,Root_Tuber,Root_TuberAEZ05,Root_TuberAEZ05,1990,NOx_AWB,0.000798711543632105
Africa_Southern,Root_Tuber,Root_TuberAEZ06,Root_TuberAEZ06,1990,NOx_AWB,2.16109143993956e-05
Africa_Southern,Root_Tuber,Root_TuberAEZ07,Root_TuberAEZ07,1990,NOx_AWB,2.21097974422895e-05
Africa_Southern,Root_Tuber,Root_TuberAEZ08,Root_TuberAEZ08,1990,NOx_AWB,4.29391006689773e-05
Africa_Southern,Root_Tuber,Root_TuberAEZ09,Root_TuberAEZ09,1990,NOx_AWB,0.000111900215469828
Africa_Southern,Root_Tuber,Root_TuberAEZ10,Root_TuberAEZ10,1990,NOx_AWB,0.000114577498989013
Africa_Southern,Root_Tuber,Root_TuberAEZ11,Root_TuberAEZ11,1990,NOx_AWB,2.32043027336431e-05
Africa_Southern,SugarCrop,SugarCropAEZ01,SugarCropAEZ01,1990,NOx_AWB,8.6723995561501e-05
Africa_Southern,SugarCrop,SugarCropAEZ02,SugarCropAEZ02,1990,NOx_AWB,0.000304149672060517
Africa_Southern,SugarCrop,SugarCropAEZ03,SugarCropAEZ03,1990,NOx_AWB,0.000460564459811239
Africa_Southern,SugarCrop,SugarCropAEZ04,SugarCropAEZ04,1990,NOx_AWB,0.000197324798919564
Africa_Southern,SugarCrop,SugarCropAEZ05,SugarCropAEZ05,1990,NOx_AWB,2.67596527106514e-05
Africa_Southern,SugarCrop,SugarCropAEZ06,SugarCropAEZ06,1990,NOx_AWB,2.50457531260324e-06
Africa_Southern,SugarCrop,SugarCropAEZ07,SugarCropAEZ07,1990,NOx_AWB,9.21227946298639e-05
Africa_Southern,SugarCrop,SugarCropAEZ08,SugarCropAEZ08,1990,NOx_AWB,0.000174420728317717
Africa_Southern,SugarCrop,SugarCropAEZ09,SugarCropAEZ09,1990,NOx_AWB,0.000441041750403164
Africa_Southern,SugarCrop,SugarCropAEZ10,SugarCropAEZ10,1990,NOx_AWB,0.000326847693367247
Africa_Southern,SugarCrop,SugarCropAEZ11,SugarCropAEZ11,1990,NOx_AWB,0.000292164061346115
Africa_Southern,Wheat,WheatAEZ01,WheatAEZ01,1990,NOx_AWB,3.32196888714155e-06
Africa_Southern,Wheat,WheatAEZ02,WheatAEZ02,1990,NOx_AWB,7.19003088404219e-06
Africa_Southern,Wheat,WheatAEZ03,WheatAEZ03,1990,NOx_AWB,2.35386494687036e-05
Africa_Southern,Wheat,WheatAEZ04,WheatAEZ04,1990,NOx_AWB,1.10733076482529e-05
Africa_Southern,Wheat,WheatAEZ05,WheatAEZ05,1990,NOx_AWB,1.13525571467281e-06
Africa_Southern,Wheat,WheatAEZ06,WheatAEZ06,1990,NOx_AWB,2.00132708462938e-07
Africa_Southern,Wheat,WheatAEZ07,WheatAEZ07,1990,NOx_AWB,3.2664935047957e-06
Africa_Southern,Wheat,WheatAEZ08,WheatAEZ08,1990,NOx_AWB,8.69816543448281e-06
Africa_Southern,Wheat,WheatAEZ09,WheatAEZ09,1990,NOx_AWB,1.83763959570759e-05
Africa_Southern,Wheat,WheatAEZ10,WheatAEZ10,1990,NOx_AWB,7.25931659363877e-06
Africa_Southern,Wheat,WheatAEZ11,WheatAEZ11,1990,NOx_AWB,2.19420351945214e-06
Africa_Southern,Corn,CornAEZ01,CornAEZ01,1990,SO2_AWB,9.0010300409128e-07
Africa_Southern,Corn,CornAEZ02,CornAEZ02,1990,SO2_AWB,4.37095266048581e-06
Africa_Southern,Corn,CornAEZ03,CornAEZ03,1990,SO2_AWB,4.26373507354808e-05
Africa_Southern,Corn,CornAEZ04,CornAEZ04,1990,SO2_AWB,7.50628218464306e-05
Africa_Southern,Corn,CornAEZ05,CornAEZ05,1990,SO2_AWB,1.17922604890228e-05
Africa_Southern,Corn,CornAEZ06,CornAEZ06,1990,SO2_AWB,8.35692315921198e-07
Africa_Southern,Corn,CornAEZ07,CornAEZ07,1990,SO2_AWB,6.21959704302723e-07
Africa_Southern,Corn,CornAEZ08,CornAEZ08,1990,SO2_AWB,1.30454284710894e-06
Africa_Southern,Corn,CornAEZ09,CornAEZ09,1990,SO2_AWB,2.63641701264504e-05
Africa_Southern,Corn,CornAEZ10,CornAEZ10,1990,SO2_AWB,9.76273376914481e-06
Africa_Southern,Corn,CornAEZ11,CornAEZ11,1990,SO2_AWB,2.8503444755145e-06
Africa_Southern,FiberCrop,FiberCropAEZ01,FiberCropAEZ01,1990,SO2_AWB,7.7100429890844e-08
Africa_Southern,FiberCrop,FiberCropAEZ02,FiberCropAEZ02,1990,SO2_AWB,4.06215274867746e-07
Africa_Southern,FiberCrop,FiberCropAEZ03,FiberCropAEZ03,1990,SO2_AWB,3.77471917248755e-06
Africa_Southern,FiberCrop,FiberCropAEZ04,FiberCropAEZ04,1990,SO2_AWB,4.45037508970448e-06
Africa_Southern,FiberCrop,FiberCropAEZ05,FiberCropAEZ05,1990,SO2_AWB,5.82489355849351e-07
Africa_Southern,FiberCrop,FiberCropAEZ06,FiberCropAEZ06,1990,SO2_AWB,1.9718555369731e-07
Africa_Southern,FiberCrop,FiberCropAEZ07,FiberCropAEZ07,1990,SO2_AWB,1.81912811429334e-08
Africa_Southern,FiberCrop,FiberCropAEZ08,FiberCropAEZ08,1990,SO2_AWB,8.56860345424155e-08
Africa_Southern,FiberCrop,FiberCropAEZ09,FiberCropAEZ09,1990,SO2_AWB,4.37607985737305e-06
Africa_Southern,FiberCrop,FiberCropAEZ10,FiberCropAEZ10,1990,SO2_AWB,1.96137146528637e-07
Africa_Southern,FiberCrop,FiberCropAEZ11,FiberCropAEZ11,1990,SO2_AWB,7.30201425316813e-08
Africa_Southern,FodderGrass,FodderGrassAEZ01,FodderGrassAEZ01,1990,SO2_AWB,0
Africa_Southern,FodderGrass,FodderGrassAEZ02,FodderGrassAEZ02,1990,SO2_AWB,0
Africa_Southern,FodderGrass,FodderGrassAEZ03,FodderGrassAEZ03,1990,SO2_AWB,0
Africa_Southern,FodderGrass,FodderGrassAEZ04,FodderGrassAEZ04,1990,SO2_AWB,0
Africa_Southern,FodderGrass,FodderGrassAEZ05,FodderGrassAEZ05,1990,SO2_AWB,0
Africa_Southern,FodderGrass,FodderGrassAEZ06,FodderGrassAEZ06,1990,SO2_AWB,0
Africa_Southern,FodderGrass,FodderGrassAEZ07,FodderGrassAEZ07,1990,SO2_AWB,0
Africa_Southern,FodderGrass,FodderGrassAEZ08,FodderGrassAEZ08,1990,SO2_AWB,0
Africa_Southern,FodderGrass,FodderGrassAEZ09,FodderGrassAEZ09,1990,SO2_AWB,0
Africa_Southern,FodderGrass,FodderGrassAEZ10,FodderGrassAEZ10,1990,SO2_AWB,0
Africa_Southern,FodderGrass,FodderGrassAEZ11,FodderGrassAEZ11,1990,SO2_AWB,0
Africa_Southern,FodderHerb,FodderHerbAEZ01,FodderHerbAEZ01,1990,SO2_AWB,0
Africa_Southern,FodderHerb,FodderHerbAEZ02,FodderHerbAEZ02,1990,SO2_AWB,0
Africa_Southern,FodderHerb,FodderHerbAEZ03,FodderHerbAEZ03,1990,SO2_AWB,0
Africa_Southern,FodderHerb,FodderHerbAEZ04,FodderHerbAEZ04,1990,SO2_AWB,0
Africa_Southern,FodderHerb,FodderHerbAEZ05,FodderHerbAEZ05,1990,SO2_AWB,0
Africa_Southern,FodderHerb,FodderHerbAEZ06,FodderHerbAEZ06,1990,SO2_AWB,0
Africa_Southern,FodderHerb,FodderHerbAEZ07,FodderHerbAEZ07,1990,SO2_AWB,0
Africa_Southern,FodderHerb,FodderHerbAEZ08,FodderHerbAEZ08,1990,SO2_AWB,0
Africa_Southern,FodderHerb,FodderHerbAEZ09,FodderHerbAEZ09,1990,SO2_AWB,0
Africa_Southern,FodderHerb,FodderHerbAEZ10,FodderHerbAEZ10,1990,SO2_AWB,0
Africa_Southern,FodderHerb,FodderHerbAEZ11,FodderHerbAEZ11,1990,SO2_AWB,0
Africa_Southern,MiscCrop,MiscCropAEZ01,MiscCropAEZ01,1990,SO2_AWB,3.91943634032186e-06
Africa_Southern,MiscCrop,MiscCropAEZ02,MiscCropAEZ02,1990,SO2_AWB,6.13939822489736e-06
Africa_Southern,MiscCrop,MiscCropAEZ03,MiscCropAEZ03,1990,SO2_AWB,3.03227949140472e-05
Africa_Southern,MiscCrop,MiscCropAEZ04,MiscCropAEZ04,1990,SO2_AWB,7.82444948439233e-05
Africa_Southern,MiscCrop,MiscCropAEZ05,MiscCropAEZ05,1990,SO2_AWB,1.74466041323344e-05
Africa_Southern,MiscCrop,MiscCropAEZ06,MiscCropAEZ06,1990,SO2_AWB,4.04425246172861e-06
Africa_Southern,MiscCrop,MiscCropAEZ07,MiscCropAEZ07,1990,SO2_AWB,2.54091162167421e-06
Africa_Southern,MiscCrop,MiscCropAEZ08,MiscCropAEZ08,1990,SO2_AWB,2.27131720456169e-06
Africa_Southern,MiscCrop,MiscCropAEZ09,MiscCropAEZ09,1990,SO2_AWB,8.6706439516478e-06
Africa_Southern,MiscCrop,MiscCropAEZ10,MiscCropAEZ10,1990,SO2_AWB,3.64391630936482e-06
Africa_Southern,MiscCrop,MiscCropAEZ11,MiscCropAEZ11,1990,SO2_AWB,1.29039697232111e-06
Africa_Southern,OilCrop,OilCropAEZ01,OilCropAEZ01,1990,SO2_AWB,6.00634514704865e-07
Africa_Southern,OilCrop,OilCropAEZ02,OilCropAEZ02,1990,SO2_AWB,1.26912818948398e-06
Africa_Southern,OilCrop,OilCropAEZ03,OilCropAEZ03,1990,SO2_AWB,4.38820739145699e-06
Africa_Southern,OilCrop,OilCropAEZ04,OilCropAEZ04,1990,SO2_AWB,5.34899211884865e-06
Africa_Southern,OilCrop,OilCropAEZ05,OilCropAEZ05,1990,SO2_AWB,1.28068043630616e-06
Africa_Southern,OilCrop,OilCropAEZ06,OilCropAEZ06,1990,SO2_AWB,1.32068797993262e-07
Africa_Southern,OilCrop,OilCropAEZ07,OilCropAEZ07,1990,SO2_AWB,4.78499002577709e-07
Africa_Southern,OilCrop,OilCropAEZ08,OilCropAEZ08,1990,SO2_AWB,4.84535806142744e-07
Africa_Southern,OilCrop,OilCropAEZ09,OilCropAEZ09,1990,SO2_AWB,2.51789588694405e-06
Africa_Southern,OilCrop,OilCropAEZ10,OilCropAEZ10,1990,SO2_AWB,7.16047222861869e-07
Africa_Southern,OilCrop,OilCropAEZ11,OilCropAEZ11,1990,SO2_AWB,1.91558753125071e-07
Africa_Southern,OtherGrain,OtherGrainAEZ01,OtherGrainAEZ01,1990,SO2_AWB,3.54189935933909e-07
Africa_Southern,OtherGrain,OtherGrainAEZ02,OtherGrainAEZ02,1990,SO2_AWB,3.53528374271963e-07
Africa_Southern,OtherGrain,OtherGrainAEZ03,OtherGrainAEZ03,1990,SO2_AWB,6.36012659454771e-06
Africa_Southern,OtherGrain,OtherGrainAEZ04,OtherGrainAEZ04,1990,SO2_AWB,1.79666661704371e-05
Africa_Southern,OtherGrain,OtherGrainAEZ05,OtherGrainAEZ05,1990,SO2_AWB,3.47062881260411e-06
Africa_Southern,OtherGrain,OtherGrainAEZ06,OtherGrainAEZ06,1990,SO2_AWB,1.9607669872893e-07
Africa_Southern,OtherGrain,OtherGrainAEZ07,OtherGrainAEZ07,1990,SO2_AWB,8.3109956015871e-07
Africa_Southern,OtherGrain,OtherGrainAEZ08,OtherGrainAEZ08,1990,SO2_AWB,1.47347593390781e-06
Africa_Southern,OtherGrain,OtherGrainAEZ09,OtherGrainAEZ09,1990,SO2_AWB,1.7507466043009e-06
Africa_Southern,OtherGrain,OtherGrainAEZ10,OtherGrainAEZ10,1990,SO2_AWB,9.34862962366937e-07
Africa_Southern,OtherGrain,OtherGrainAEZ11,OtherGrainAEZ11,1990,SO2_AWB,1.10480797544902e-07
Africa_Southern,PalmFruit,PalmFruitAEZ01,PalmFruitAEZ01,1990,SO2_AWB,1.4367013126834e-07
Africa_Southern,PalmFruit,PalmFruitAEZ02,PalmFruitAEZ02,1990,SO2_AWB,8.16324604948001e-07
Africa_Southern,PalmFruit,PalmFruitAEZ03,PalmFruitAEZ03,1990,SO2_AWB,4.86858043846037e-06
Africa_Southern,PalmFruit,PalmFruitAEZ04,PalmFruitAEZ04,1990,SO2_AWB,1.52665239457985e-05
Africa_Southern,PalmFruit,PalmFruitAEZ05,PalmFruitAEZ05,1990,SO2_AWB,3.54347445244205e-06
Africa_Southern,PalmFruit,PalmFruitAEZ06,PalmFruitAEZ06,1990,SO2_AWB,3.8768857979543e-07
Africa_Southern,PalmFruit,PalmFruitAEZ07,PalmFruitAEZ07,1990,SO2_AWB,0
Africa_Southern,PalmFruit,PalmFruitAEZ08,PalmFruitAEZ08,1990,SO2_AWB,0
Africa_Southern,PalmFruit,PalmFruitAEZ09,PalmFruitAEZ09,1990,SO2_AWB,4.01809824938941e-07
Africa_Southern,PalmFruit,PalmFruitAEZ10,PalmFruitAEZ10,1990,SO2_AWB,5.64266627474901e-07
Africa_Southern,PalmFruit,PalmFruitAEZ11,PalmFruitAEZ11,1990,SO2_AWB,5.08198202804798e-09
Africa_Southern,Rice,RiceAEZ01,RiceAEZ01,1990,SO2_AWB,1.85123361455036e-09
Africa_Southern,Rice,RiceAEZ02,RiceAEZ02,1990,SO2_AWB,2.67443540089154e-07
Africa_Southern,Rice,RiceAEZ03,RiceAEZ03,1990,SO2_AWB,2.84271850817551e-06
Africa_Southern,Rice,RiceAEZ04,RiceAEZ04,1990,SO2_AWB,1.2141554529882e-05
Africa_Southern,Rice,RiceAEZ05,RiceAEZ05,1990,SO2_AWB,2.12360382474276e-06
Africa_Southern,Rice,RiceAEZ06,RiceAEZ06,1990,SO2_AWB,7.26758486744448e-08
Africa_Southern,Rice,RiceAEZ07,RiceAEZ07,1990,SO2_AWB,0
Africa_Southern,Rice,RiceAEZ08,RiceAEZ08,1990,SO2_AWB,0
Africa_Southern,Rice,RiceAEZ09,RiceAEZ09,1990,SO2_AWB,2.70220390510979e-08
Africa_Southern,Rice,RiceAEZ10,RiceAEZ10,1990,SO2_AWB,2.95600206194331e-09
Africa_Southern,Rice,RiceAEZ11,RiceAEZ11,1990,SO2_AWB,0
Africa_Southern,Root_Tuber,Root_TuberAEZ01,Root_TuberAEZ01,1990,SO2_AWB,1.70910487955738e-06
Africa_Southern,Root_Tuber,Root_TuberAEZ02,Root_TuberAEZ02,1990,SO2_AWB,4.62226958896668e-06
Africa_Southern,Root_Tuber,Root_TuberAEZ03,Root_TuberAEZ03,1990,SO2_AWB,4.40309913891242e-05
Africa_Southern,Root_Tuber,Root_TuberAEZ04,Root_TuberAEZ04,1990,SO2_AWB,0.000181863124259285
Africa_Southern,Root_Tuber,Root_TuberAEZ05,Root_TuberAEZ05,1990,SO2_AWB,8.79310434762138e-05
Africa_Southern,Root_Tuber,Root_TuberAEZ06,Root_TuberAEZ06,1990,SO2_AWB,2.37916963735442e-06
Africa_Southern,Root_Tuber,Root_TuberAEZ07,Root_TuberAEZ07,1990,SO2_AWB,2.43409222722306e-06
Africa_Southern,Root_Tuber,Root_TuberAEZ08,Root_TuberAEZ08,1990,SO2_AWB,4.72721341998342e-06
Africa_Southern,Root_Tuber,Root_TuberAEZ09,Root_TuberAEZ09,1990,SO2_AWB,1.2319219360134e-05
Africa_Southern,Root_Tuber,Root_TuberAEZ10,Root_TuberAEZ10,1990,SO2_AWB,1.26139644848295e-05
Africa_Southern,Root_Tuber,Root_TuberAEZ11,Root_TuberAEZ11,1990,SO2_AWB,2.55458753385318e-06
Africa_Southern,SugarCrop,SugarCropAEZ01,SugarCropAEZ01,1990,SO2_AWB,9.54754126811746e-06
Africa_Southern,SugarCrop,SugarCropAEZ02,SugarCropAEZ02,1990,SO2_AWB,3.34841761715519e-05
Africa_Southern,SugarCrop,SugarCropAEZ03,SugarCropAEZ03,1990,SO2_AWB,5.07040543762502e-05
Africa_Southern,SugarCrop,SugarCropAEZ04,SugarCropAEZ04,1990,SO2_AWB,2.17237069015286e-05
Africa_Southern,SugarCrop,SugarCropAEZ05,SugarCropAEZ05,1990,SO2_AWB,2.945999972917e-06
Africa_Southern,SugarCrop,SugarCropAEZ06,SugarCropAEZ06,1990,SO2_AWB,2.75731485863447e-07
Africa_Southern,SugarCrop,SugarCropAEZ07,SugarCropAEZ07,1990,SO2_AWB,1.01419010709579e-05
Africa_Southern,SugarCrop,SugarCropAEZ08,SugarCropAEZ08,1990,SO2_AWB,1.92021722574758e-05
Africa_Southern,SugarCrop,SugarCropAEZ09,SugarCropAEZ09,1990,SO2_AWB,4.85547775523189e-05
Africa_Southern,SugarCrop,SugarCropAEZ10,SugarCropAEZ10,1990,SO2_AWB,3.5983026619199e-05
Africa_Southern,SugarCrop,SugarCropAEZ11,SugarCropAEZ11,1990,SO2_AWB,3.21646669379373e-05
Africa_Southern,Wheat,WheatAEZ01,WheatAEZ01,1990,SO2_AWB,3.65719254930938e-07
Africa_Southern,Wheat,WheatAEZ02,WheatAEZ02,1990,SO2_AWB,7.91558508576213e-07
Africa_Southern,Wheat,WheatAEZ03,WheatAEZ03,1990,SO2_AWB,2.59139613832513e-06
Africa_Southern,Wheat,WheatAEZ04,WheatAEZ04,1990,SO2_AWB,1.21907277290149e-06
Africa_Southern,Wheat,WheatAEZ05,WheatAEZ05,1990,SO2_AWB,1.24981566122819e-07
Africa_Southern,Wheat,WheatAEZ06,WheatAEZ06,1990,SO2_AWB,2.20328327907238e-08
Africa_Southern,Wheat,WheatAEZ07,WheatAEZ07,1990,SO2_AWB,3.59611908297722e-07
Africa_Southern,Wheat,WheatAEZ08,WheatAEZ08,1990,SO2_AWB,9.57590721056489e-07
Africa_Southern,Wheat,WheatAEZ09,WheatAEZ09,1990,SO2_AWB,2.02307789929983e-06
Africa_Southern,Wheat,WheatAEZ10,WheatAEZ10,1990,SO2_AWB,7.99186249518972e-07
Africa_Southern,Wheat,WheatAEZ11,WheatAEZ11,1990,SO2_AWB,2.41562309450578e-07
Africa_Western,Corn,CornAEZ01,CornAEZ01,1990,CH4_AWB,7.78326088008995e-06
Africa_Western,Corn,CornAEZ02,CornAEZ02,1990,CH4_AWB,7.35507160642384e-05
Africa_Western,Corn,CornAEZ03,CornAEZ03,1990,CH4_AWB,0.000155151607009593
Africa_Western,Corn,CornAEZ04,CornAEZ04,1990,CH4_AWB,0.00030485622399162
Africa_Western,Corn,CornAEZ05,CornAEZ05,1990,CH4_AWB,0.00054931354369556
Africa_Western,Corn,CornAEZ06,CornAEZ06,1990,CH4_AWB,0.000127178776651217
Africa_Western,Corn,CornAEZ07,CornAEZ07,1990,CH4_AWB,0
Africa_Western,Corn,CornAEZ09,CornAEZ09,1990,CH4_AWB,9.50107785109846e-08
Africa_Western,Corn,CornAEZ10,CornAEZ10,1990,CH4_AWB,8.23058488263762e-08
Africa_Western,FiberCrop,FiberCropAEZ01,FiberCropAEZ01,1990,CH4_AWB,3.6296171805582e-07
Africa_Western,FiberCrop,FiberCropAEZ02,FiberCropAEZ02,1990,CH4_AWB,1.06225236573302e-05
Africa_Western,FiberCrop,FiberCropAEZ03,FiberCropAEZ03,1990,CH4_AWB,5.53144120899588e-05
Africa_Western,FiberCrop,FiberCropAEZ04,FiberCropAEZ04,1990,CH4_AWB,5.65807291995072e-05
Africa_Western,FiberCrop,FiberCropAEZ05,FiberCropAEZ05,1990,CH4_AWB,4.71440844326023e-05
Africa_Western,FiberCrop,FiberCropAEZ06,FiberCropAEZ06,1990,CH4_AWB,1.06204542176884e-05
Africa_Western,FiberCrop,FiberCropAEZ07,FiberCropAEZ07,1990,CH4_AWB,0
Africa_Western,FiberCrop,FiberCropAEZ09,FiberCropAEZ09,1990,CH4_AWB,8.09780729425478e-10
Africa_Western,FiberCrop,FiberCropAEZ10,FiberCropAEZ10,1990,CH4_AWB,8.0978072942548e-10
Africa_Western,FodderGrass,FodderGrassAEZ01,FodderGrassAEZ01,1990,CH4_AWB,0
Africa_Western,FodderGrass,FodderGrassAEZ02,FodderGrassAEZ02,1990,CH4_AWB,0
Africa_Western,FodderGrass,FodderGrassAEZ03,FodderGrassAEZ03,1990,CH4_AWB,0
Africa_Western,FodderGrass,FodderGrassAEZ04,FodderGrassAEZ04,1990,CH4_AWB,0
Africa_Western,FodderGrass,FodderGrassAEZ05,FodderGrassAEZ05,1990,CH4_AWB,0
Africa_Western,FodderGrass,FodderGrassAEZ06,FodderGrassAEZ06,1990,CH4_AWB,0
Africa_Western,FodderGrass,FodderGrassAEZ07,FodderGrassAEZ07,1990,CH4_AWB,0
Africa_Western,FodderGrass,FodderGrassAEZ09,FodderGrassAEZ09,1990,CH4_AWB,0
Africa_Western,FodderGrass,FodderGrassAEZ10,FodderGrassAEZ10,1990,CH4_AWB,0
Africa_Western,FodderHerb,FodderHerbAEZ01,FodderHerbAEZ01,1990,CH4_AWB,0
Africa_Western,FodderHerb,FodderHerbAEZ02,FodderHerbAEZ02,1990,CH4_AWB,0
Africa_Western,FodderHerb,FodderHerbAEZ03,FodderHerbAEZ03,1990,CH4_AWB,0
Africa_Western,FodderHerb,FodderHerbAEZ04,FodderHerbAEZ04,1990,CH4_AWB,0
Africa_Western,FodderHerb,FodderHerbAEZ05,FodderHerbAEZ05,1990,CH4_AWB,0
Africa_Western,FodderHerb,FodderHerbAEZ06,FodderHerbAEZ06,1990,CH4_AWB,0
Africa_Western,FodderHerb,FodderHerbAEZ07,FodderHerbAEZ07,1990,CH4_AWB,0
Africa_Western,FodderHerb,FodderHerbAEZ09,FodderHerbAEZ09,1990,CH4_AWB,0
Africa_Western,FodderHerb,FodderHerbAEZ10,FodderHerbAEZ10,1990,CH4_AWB,0
Africa_Western,MiscCrop,MiscCropAEZ01,MiscCropAEZ01,1990,CH4_AWB,4.86362961999079e-05
Africa_Western,MiscCrop,MiscCropAEZ02,MiscCropAEZ02,1990,CH4_AWB,0.000325146510921518
Africa_Western,MiscCrop,MiscCropAEZ03,MiscCropAEZ03,1990,CH4_AWB,0.000292999184879323
Africa_Western,MiscCrop,MiscCropAEZ04,MiscCropAEZ04,1990,CH4_AWB,0.000666480143906581
Africa_Western,MiscCrop,MiscCropAEZ05,MiscCropAEZ05,1990,CH4_AWB,0.00138214125461862
Africa_Western,MiscCrop,MiscCropAEZ06,MiscCropAEZ06,1990,CH4_AWB,0.00074784349369429
Africa_Western,MiscCrop,MiscCropAEZ07,MiscCropAEZ07,1990,CH4_AWB,0
Africa_Western,MiscCrop,MiscCropAEZ09,MiscCropAEZ09,1990,CH4_AWB,0
Africa_Western,MiscCrop,MiscCropAEZ10,MiscCropAEZ10,1990,CH4_AWB,3.69609911223711e-09
Africa_Western,OilCrop,OilCropAEZ01,OilCropAEZ01,1990,CH4_AWB,7.83984118844181e-06
Africa_Western,OilCrop,OilCropAEZ02,OilCropAEZ02,1990,CH4_AWB,0.00011350979072903
Africa_Western,OilCrop,OilCropAEZ03,OilCropAEZ03,1990,CH4_AWB,0.000168577452177707
Africa_Western,OilCrop,OilCropAEZ04,OilCropAEZ04,1990,CH4_AWB,0.000137481523289081
Africa_Western,OilCrop,OilCropAEZ05,OilCropAEZ05,1990,CH4_AWB,9.6598342518699e-05
Africa_Western,OilCrop,OilCropAEZ06,OilCropAEZ06,1990,CH4_AWB,2.14838212244052e-05
Africa_Western,OilCrop,OilCropAEZ07,OilCropAEZ07,1990,CH4_AWB,0
Africa_Western,OilCrop,OilCropAEZ09,OilCropAEZ09,1990,CH4_AWB,1.86233580756179e-09
Africa_Western,OilCrop,OilCropAEZ10,OilCropAEZ10,1990,CH4_AWB,1.17665762386858e-08
Africa_Western,OtherGrain,OtherGrainAEZ01,OtherGrainAEZ01,1990,CH4_AWB,0.000108108886848317
Africa_Western,OtherGrain,OtherGrainAEZ02,OtherGrainAEZ02,1990,CH4_AWB,0.000826700282186583
Africa_Western,OtherGrain,OtherGrainAEZ03,OtherGrainAEZ03,1990,CH4_AWB,0.000698269185858489
Africa_Western,OtherGrain,OtherGrainAEZ04,OtherGrainAEZ04,1990,CH4_AWB,0.000291462509371122
Africa_Western,OtherGrain,OtherGrainAEZ05,OtherGrainAEZ05,1990,CH4_AWB,8.93976487374564e-05
Africa_Western,OtherGrain,OtherGrainAEZ06,OtherGrainAEZ06,1990,CH4_AWB,9.90322569816375e-06
Africa_Western,OtherGrain,OtherGrainAEZ07,OtherGrainAEZ07,1990,CH4_AWB,0
Africa_Western,OtherGrain,OtherGrainAEZ09,OtherGrainAEZ09,1990,CH4_AWB,5.23824988266108e-10
Africa_Western,OtherGrain,OtherGrainAEZ10,OtherGrainAEZ10,1990,CH4_AWB,2.51435994367732e-09
Africa_Western,PalmFruit,PalmFruitAEZ01,PalmFruitAEZ01,1990,CH4_AWB,0
Africa_Western,PalmFruit,PalmFruitAEZ02,PalmFruitAEZ02,1990,CH4_AWB,8.1878883763985e-08
Africa_Western,PalmFruit,PalmFruitAEZ03,PalmFruitAEZ03,1990,CH4_AWB,1.64044674667844e-05
Africa_Western,PalmFruit,PalmFruitAEZ04,PalmFruitAEZ04,1990,CH4_AWB,0.000180575381276173
Africa_Western,PalmFruit,PalmFruitAEZ05,PalmFruitAEZ05,1990,CH4_AWB,0.000948999436093581
Africa_Western,PalmFruit,PalmFruitAEZ06,PalmFruitAEZ06,1990,CH4_AWB,0.000297230831208762
Africa_Western,PalmFruit,PalmFruitAEZ07,PalmFruitAEZ07,1990,CH4_AWB,0
Africa_Western,PalmFruit,PalmFruitAEZ09,PalmFruitAEZ09,1990,CH4_AWB,4.96570049781581e-09
Africa_Western,PalmFruit,PalmFruitAEZ10,PalmFruitAEZ10,1990,CH4_AWB,9.95347077562195e-08
Africa_Western,Rice,RiceAEZ01,RiceAEZ01,1990,CH4_AWB,3.51220212755998e-05
Africa_Western,Rice,RiceAEZ02,RiceAEZ02,1990,CH4_AWB,7.17111472300883e-05
Africa_Western,Rice,RiceAEZ03,RiceAEZ03,1990,CH4_AWB,5.63345065947681e-05
Africa_Western,Rice,RiceAEZ04,RiceAEZ04,1990,CH4_AWB,0.00017431828606517
Africa_Western,Rice,RiceAEZ05,RiceAEZ05,1990,CH4_AWB,0.000301835221974724
Africa_Western,Rice,RiceAEZ06,RiceAEZ06,1990,CH4_AWB,8.89988330936916e-05
Africa_Western,Rice,RiceAEZ07,RiceAEZ07,1990,CH4_AWB,0
Africa_Western,Rice,RiceAEZ09,RiceAEZ09,1990,CH4_AWB,0
Africa_Western,Rice,RiceAEZ10,RiceAEZ10,1990,CH4_AWB,0
Africa_Western,Root_Tuber,Root_TuberAEZ01,Root_TuberAEZ01,1990,CH4_AWB,4.42761039717998e-06
Africa_Western,Root_Tuber,Root_TuberAEZ02,Root_TuberAEZ02,1990,CH4_AWB,6.02648362007565e-05
Africa_Western,Root_Tuber,Root_TuberAEZ03,Root_TuberAEZ03,1990,CH4_AWB,0.000147860316339642
Africa_Western,Root_Tuber,Root_TuberAEZ04,Root_TuberAEZ04,1990,CH4_AWB,0.00158431711980768
Africa_Western,Root_Tuber,Root_TuberAEZ05,Root_TuberAEZ05,1990,CH4_AWB,0.00504561949531888
Africa_Western,Root_Tuber,Root_TuberAEZ06,Root_TuberAEZ06,1990,CH4_AWB,0.00181909558538947
Africa_Western,Root_Tuber,Root_TuberAEZ07,Root_TuberAEZ07,1990,CH4_AWB,0
Africa_Western,Root_Tuber,Root_TuberAEZ09,Root_TuberAEZ09,1990,CH4_AWB,3.9401057833125e-08
Africa_Western,Root_Tuber,Root_TuberAEZ10,Root_TuberAEZ10,1990,CH4_AWB,4.1880319311184e-07
Africa_Western,SugarCrop,SugarCropAEZ01,SugarCropAEZ01,1990,CH4_AWB,7.13145764828673e-05
Africa_Western,SugarCrop,SugarCropAEZ02,SugarCropAEZ02,1990,CH4_AWB,5.33586161576744e-05
Africa_Western,SugarCrop,SugarCropAEZ03,SugarCropAEZ03,1990,CH4_AWB,4.89464106607187e-05
Africa_Western,SugarCrop,SugarCropAEZ04,SugarCropAEZ04,1990,CH4_AWB,0.000107174418082303
Africa_Western,SugarCrop,SugarCropAEZ05,SugarCropAEZ05,1990,CH4_AWB,0.000432313537911832
Africa_Western,SugarCrop,SugarCropAEZ06,SugarCropAEZ06,1990,CH4_AWB,0.000218303429017141
Africa_Western,SugarCrop,SugarCropAEZ07,SugarCropAEZ07,1990,CH4_AWB,0
Africa_Western,SugarCrop,SugarCropAEZ09,SugarCropAEZ09,1990,CH4_AWB,0
Africa_Western,SugarCrop,SugarCropAEZ10,SugarCropAEZ10,1990,CH4_AWB,0
Africa_Western,Wheat,WheatAEZ01,WheatAEZ01,1990,CH4_AWB,4.45932523100116e-07
Africa_Western,Wheat,WheatAEZ02,WheatAEZ02,1990,CH4_AWB,4.92475124630048e-06
Africa_Western,Wheat,WheatAEZ03,WheatAEZ03,1990,CH4_AWB,2.16498653285508e-06
Africa_Western,Wheat,WheatAEZ04,WheatAEZ04,1990,CH4_AWB,0
Africa_Western,Wheat,WheatAEZ05,WheatAEZ05,1990,CH4_AWB,1.54134589482249e-07
Africa_Western,Wheat,WheatAEZ06,WheatAEZ06,1990,CH4_AWB,3.31540479729466e-07
Africa_Western,Wheat,WheatAEZ07,WheatAEZ07,1990,CH4_AWB,0
Africa_Western,Wheat,WheatAEZ09,WheatAEZ09,1990,CH4_AWB,0
Africa_Western,Wheat,WheatAEZ10,WheatAEZ10,1990,CH4_AWB,0
Africa_Western,Corn,CornAEZ01,CornAEZ01,1990,CO_AWB,0.00030047745018556
Africa_Western,Corn,CornAEZ02,CornAEZ02,1990,CO_AWB,0.00283946946694777
Africa_Western,Corn,CornAEZ03,CornAEZ03,1990,CO_AWB,0.00598972075903176
Africa_Western,Corn,CornAEZ04,CornAEZ04,1990,CO_AWB,0.0117691572040871
Africa_Western,Corn,CornAEZ05,CornAEZ05,1990,CO_AWB,0.0212065785157298
Africa_Western,Corn,CornAEZ06,CornAEZ06,1990,CO_AWB,0.00490981288108062
Africa_Western,Corn,CornAEZ07,CornAEZ07,1990,CO_AWB,0
Africa_Western,Corn,CornAEZ09,CornAEZ09,1990,CO_AWB,3.66794803706948e-06
Africa_Western,Corn,CornAEZ10,CornAEZ10,1990,CO_AWB,3.17746661350787e-06
Africa_Western,FiberCrop,FiberCropAEZ01,FiberCropAEZ01,1990,CO_AWB,1.40123546205896e-05
Africa_Western,FiberCrop,FiberCropAEZ02,FiberCropAEZ02,1990,CO_AWB,0.000410088891052755
Africa_Western,FiberCrop,FiberCropAEZ03,FiberCropAEZ03,1990,CO_AWB,0.00213544602440617
Africa_Western,FiberCrop,FiberCropAEZ04,FiberCropAEZ04,1990,CO_AWB,0.00218433295522674
Africa_Western,FiberCrop,FiberCropAEZ05,FiberCropAEZ05,1990,CO_AWB,0.00182002562934488
Africa_Western,FiberCrop,FiberCropAEZ06,FiberCropAEZ06,1990,CO_AWB,0.000410008999095325
Africa_Western,FiberCrop,FiberCropAEZ07,FiberCropAEZ07,1990,CO_AWB,0
Africa_Western,FiberCrop,FiberCropAEZ09,FiberCropAEZ09,1990,CO_AWB,3.12620702987869e-08
Africa_Western,FiberCrop,FiberCropAEZ10,FiberCropAEZ10,1990,CO_AWB,3.1262070298787e-08
Africa_Western,FodderGrass,FodderGrassAEZ01,FodderGrassAEZ01,1990,CO_AWB,0
Africa_Western,FodderGrass,FodderGrassAEZ02,FodderGrassAEZ02,1990,CO_AWB,0
Africa_Western,FodderGrass,FodderGrassAEZ03,FodderGrassAEZ03,1990,CO_AWB,0
Africa_Western,FodderGrass,FodderGrassAEZ04,FodderGrassAEZ04,1990,CO_AWB,0
Africa_Western,FodderGrass,FodderGrassAEZ05,FodderGrassAEZ05,1990,CO_AWB,0
Africa_Western,FodderGrass,FodderGrassAEZ06,FodderGrassAEZ06,1990,CO_AWB,0
Africa_Western,FodderGrass,FodderGrassAEZ07,FodderGrassAEZ07,1990,CO_AWB,0
Africa_Western,FodderGrass,FodderGrassAEZ09,FodderGrassAEZ09,1990,CO_AWB,0
Africa_Western,FodderGrass,FodderGrassAEZ10,FodderGrassAEZ10,1990,CO_AWB,0
Africa_Western,FodderHerb,FodderHerbAEZ01,FodderHerbAEZ01,1990,CO_AWB,0
Africa_Western,FodderHerb,FodderHerbAEZ02,FodderHerbAEZ02,1990,CO_AWB,0
Africa_Western,FodderHerb,FodderHerbAEZ03,FodderHerbAEZ03,1990,CO_AWB,0
Africa_Western,FodderHerb,FodderHerbAEZ04,FodderHerbAEZ04,1990,CO_AWB,0
Africa_Western,FodderHerb,FodderHerbAEZ05,FodderHerbAEZ05,1990,CO_AWB,0
Africa_Western,FodderHerb,FodderHerbAEZ06,FodderHerbAEZ06,1990,CO_AWB,0
Africa_Western,FodderHerb,FodderHerbAEZ07,FodderHerbAEZ07,1990,CO_AWB,0
Africa_Western,FodderHerb,FodderHerbAEZ09,FodderHerbAEZ09,1990,CO_AWB,0
Africa_Western,FodderHerb,FodderHerbAEZ10,FodderHerbAEZ10,1990,CO_AWB,0
Africa_Western,MiscCrop,MiscCropAEZ01,MiscCropAEZ01,1990,CO_AWB,0.00187763335878947
Africa_Western,MiscCrop,MiscCropAEZ02,MiscCropAEZ02,1990,CO_AWB,0.0125524758894244
Africa_Western,MiscCrop,MiscCropAEZ03,MiscCropAEZ03,1990,CO_AWB,0.0113114091041452
Africa_Western,MiscCrop,MiscCropAEZ04,MiscCropAEZ04,1990,CO_AWB,0.0257298653258093
Africa_Western,MiscCrop,MiscCropAEZ05,MiscCropAEZ05,1990,CO_AWB,0.0533583913455144
Africa_Western,MiscCrop,MiscCropAEZ06,MiscCropAEZ06,1990,CO_AWB,0.0288709461991622
Africa_Western,MiscCrop,MiscCropAEZ07,MiscCropAEZ07,1990,CO_AWB,0
Africa_Western,MiscCrop,MiscCropAEZ09,MiscCropAEZ09,1990,CO_AWB,0
Africa_Western,MiscCrop,MiscCropAEZ10,MiscCropAEZ10,1990,CO_AWB,1.4269012101587e-07
Africa_Western,OilCrop,OilCropAEZ01,OilCropAEZ01,1990,CO_AWB,0.000302661766893711
Africa_Western,OilCrop,OilCropAEZ02,OilCropAEZ02,1990,CO_AWB,0.0043821134887825
Africa_Western,OilCrop,OilCropAEZ03,OilCropAEZ03,1990,CO_AWB,0.00650803355682329
Africa_Western,OilCrop,OilCropAEZ04,OilCropAEZ04,1990,CO_AWB,0.00530755658867909
Africa_Western,OilCrop,OilCropAEZ05,OilCropAEZ05,1990,CO_AWB,0.00372923689689232
Africa_Western,OilCrop,OilCropAEZ06,OilCropAEZ06,1990,CO_AWB,0.000829395791970046
Africa_Western,OilCrop,OilCropAEZ07,OilCropAEZ07,1990,CO_AWB,0
Africa_Western,OilCrop,OilCropAEZ09,OilCropAEZ09,1990,CO_AWB,7.18965898055528e-08
Africa_Western,OilCrop,OilCropAEZ10,OilCropAEZ10,1990,CO_AWB,4.54255726498716e-07
Africa_Western,OtherGrain,OtherGrainAEZ01,OtherGrainAEZ01,1990,CO_AWB,0.00417360835812124
Africa_Western,OtherGrain,OtherGrainAEZ02,OtherGrainAEZ02,1990,CO_AWB,0.0319152597717162
Africa_Western,OtherGrain,OtherGrainAEZ03,OtherGrainAEZ03,1990,CO_AWB,0.0269571003390909
Africa_Western,OtherGrain,OtherGrainAEZ04,OtherGrainAEZ04,1990,CO_AWB,0.0112520848253396
Africa_Western,OtherGrain,OtherGrainAEZ05,OtherGrainAEZ05,1990,CO_AWB,0.00345124979864542
Africa_Western,OtherGrain,OtherGrainAEZ06,OtherGrainAEZ06,1990,CO_AWB,0.000382319962319182
Africa_Western,OtherGrain,OtherGrainAEZ07,OtherGrainAEZ07,1990,CO_AWB,0
Africa_Western,OtherGrain,OtherGrainAEZ09,OtherGrainAEZ09,1990,CO_AWB,2.02225775600447e-08
Africa_Western,OtherGrain,OtherGrainAEZ10,OtherGrainAEZ10,1990,CO_AWB,9.70683722882146e-08
Africa_Western,PalmFruit,PalmFruitAEZ01,PalmFruitAEZ01,1990,CO_AWB,0
Africa_Western,PalmFruit,PalmFruitAEZ02,PalmFruitAEZ02,1990,CO_AWB,3.16098337142693e-06
Africa_Western,PalmFruit,PalmFruitAEZ03,PalmFruitAEZ03,1990,CO_AWB,0.000633304296491009
Africa_Western,PalmFruit,PalmFruitAEZ04,PalmFruitAEZ04,1990,CO_AWB,0.00697122079910581
Africa_Western,PalmFruit,PalmFruitAEZ05,PalmFruitAEZ05,1990,CO_AWB,0.0366366918927736
Africa_Western,PalmFruit,PalmFruitAEZ06,PalmFruitAEZ06,1990,CO_AWB,0.0114747743463934
Africa_Western,PalmFruit,PalmFruitAEZ07,PalmFruitAEZ07,1990,CO_AWB,0
Africa_Western,PalmFruit,PalmFruitAEZ09,PalmFruitAEZ09,1990,CO_AWB,1.91703843280609e-07
Africa_Western,PalmFruit,PalmFruitAEZ10,PalmFruitAEZ10,1990,CO_AWB,3.84259703642467e-06
Africa_Western,Rice,RiceAEZ01,RiceAEZ01,1990,CO_AWB,0.00135590667727088
Africa_Western,Rice,RiceAEZ02,RiceAEZ02,1990,CO_AWB,0.00276845180979327
Africa_Western,Rice,RiceAEZ03,RiceAEZ03,1990,CO_AWB,0.00217482738402852
Africa_Western,Rice,RiceAEZ04,RiceAEZ04,1990,CO_AWB,0.00672966188908909
Africa_Western,Rice,RiceAEZ05,RiceAEZ05,1990,CO_AWB,0.0116525296109706
Africa_Western,Rice,RiceAEZ06,RiceAEZ06,1990,CO_AWB,0.00343585328173834
Africa_Western,Rice,RiceAEZ07,RiceAEZ07,1990,CO_AWB,0
Africa_Western,Rice,RiceAEZ09,RiceAEZ09,1990,CO_AWB,0
Africa_Western,Rice,RiceAEZ10,RiceAEZ10,1990,CO_AWB,0
Africa_Western,Root_Tuber,Root_TuberAEZ01,Root_TuberAEZ01,1990,CO_AWB,0.000170930552509546
Africa_Western,Root_Tuber,Root_TuberAEZ02,Root_TuberAEZ02,1990,CO_AWB,0.00232656011361198
Africa_Western,Root_Tuber,Root_TuberAEZ03,Root_TuberAEZ03,1990,CO_AWB,0.00570823611360852
Africa_Western,Root_Tuber,Root_TuberAEZ04,Root_TuberAEZ04,1990,CO_AWB,0.0611635117695863
Africa_Western,Root_Tuber,Root_TuberAEZ05,Root_TuberAEZ05,1990,CO_AWB,0.194789164068524
Africa_Western,Root_Tuber,Root_TuberAEZ06,Root_TuberAEZ06,1990,CO_AWB,0.0702272751180506
Africa_Western,Root_Tuber,Root_TuberAEZ07,Root_TuberAEZ07,1990,CO_AWB,0
Africa_Western,Root_Tuber,Root_TuberAEZ09,Root_TuberAEZ09,1990,CO_AWB,1.52110144767168e-06
Africa_Western,Root_Tuber,Root_TuberAEZ10,Root_TuberAEZ10,1990,CO_AWB,1.61681482266289e-05
Africa_Western,SugarCrop,SugarCropAEZ01,SugarCropAEZ01,1990,CO_AWB,0.00275314195846245
Africa_Western,SugarCrop,SugarCropAEZ02,SugarCropAEZ02,1990,CO_AWB,0.00205994135048223
Africa_Western,SugarCrop,SugarCropAEZ03,SugarCropAEZ03,1990,CO_AWB,0.00188960551337682
Africa_Western,SugarCrop,SugarCropAEZ04,SugarCropAEZ04,1990,CO_AWB,0.00413753263145401
Africa_Western,SugarCrop,SugarCropAEZ05,SugarCropAEZ05,1990,CO_AWB,0.0166897231833432
Africa_Western,SugarCrop,SugarCropAEZ06,SugarCropAEZ06,1990,CO_AWB,0.00842773468966349
Africa_Western,SugarCrop,SugarCropAEZ07,SugarCropAEZ07,1990,CO_AWB,0
Africa_Western,SugarCrop,SugarCropAEZ09,SugarCropAEZ09,1990,CO_AWB,0
Africa_Western,SugarCrop,SugarCropAEZ10,SugarCropAEZ10,1990,CO_AWB,0
Africa_Western,Wheat,WheatAEZ01,WheatAEZ01,1990,CO_AWB,1.72154922673474e-05
Africa_Western,Wheat,WheatAEZ02,WheatAEZ02,1990,CO_AWB,0.000190122972888122
Africa_Western,Wheat,WheatAEZ03,WheatAEZ03,1990,CO_AWB,8.3580602410805e-05
Africa_Western,Wheat,WheatAEZ04,WheatAEZ04,1990,CO_AWB,0
Africa_Western,Wheat,WheatAEZ05,WheatAEZ05,1990,CO_AWB,5.95045818796824e-06
Africa_Western,Wheat,WheatAEZ06,WheatAEZ06,1990,CO_AWB,1.2799318886669e-05
Africa_Western,Wheat,WheatAEZ07,WheatAEZ07,1990,CO_AWB,0
Africa_Western,Wheat,WheatAEZ09,WheatAEZ09,1990,CO_AWB,0
Africa_Western,Wheat,WheatAEZ10,WheatAEZ10,1990,CO_AWB,0
Africa_Western,Corn,CornAEZ01,CornAEZ01,1990,N2O_AWB,2.01900002918461e-07
Africa_Western,Corn,CornAEZ02,CornAEZ02,1990,N2O_AWB,1.90792651265378e-06
Africa_Western,Corn,CornAEZ03,CornAEZ03,1990,N2O_AWB,4.02467685339602e-06
Africa_Western,Corn,CornAEZ04,CornAEZ04,1990,N2O_AWB,7.9080572348627e-06
Africa_Western,Corn,CornAEZ05,CornAEZ05,1990,N2O_AWB,1.42493496985292e-05
Africa_Western,Corn,CornAEZ06,CornAEZ06,1990,N2O_AWB,3.29905367077331e-06
Africa_Western,Corn,CornAEZ07,CornAEZ07,1990,N2O_AWB,0
Africa_Western,Corn,CornAEZ09,CornAEZ09,1990,N2O_AWB,2.46460664163571e-09
Africa_Western,Corn,CornAEZ10,CornAEZ10,1990,N2O_AWB,2.13503714885884e-09
Africa_Western,FiberCrop,FiberCropAEZ01,FiberCropAEZ01,1990,N2O_AWB,9.41533029198846e-09
Africa_Western,FiberCrop,FiberCropAEZ02,FiberCropAEZ02,1990,N2O_AWB,2.75551287623242e-07
Africa_Western,FiberCrop,FiberCropAEZ03,FiberCropAEZ03,1990,N2O_AWB,1.43487159616659e-06
Africa_Western,FiberCrop,FiberCropAEZ04,FiberCropAEZ04,1990,N2O_AWB,1.46772022247533e-06
Africa_Western,FiberCrop,FiberCropAEZ05,FiberCropAEZ05,1990,N2O_AWB,1.22293097085814e-06
Africa_Western,FiberCrop,FiberCropAEZ06,FiberCropAEZ06,1990,N2O_AWB,2.75497605769818e-07
Africa_Western,FiberCrop,FiberCropAEZ07,FiberCropAEZ07,1990,N2O_AWB,0
Africa_Western,FiberCrop,FiberCropAEZ09,FiberCropAEZ09,1990,N2O_AWB,2.10059426444958e-11
Africa_Western,FiberCrop,FiberCropAEZ10,FiberCropAEZ10,1990,N2O_AWB,2.10059426444959e-11
Africa_Western,FodderGrass,FodderGrassAEZ01,FodderGrassAEZ01,1990,N2O_AWB,0
Africa_Western,FodderGrass,FodderGrassAEZ02,FodderGrassAEZ02,1990,N2O_AWB,0
Africa_Western,FodderGrass,FodderGrassAEZ03,FodderGrassAEZ03,1990,N2O_AWB,0
Africa_Western,FodderGrass,FodderGrassAEZ04,FodderGrassAEZ04,1990,N2O_AWB,0
Africa_Western,FodderGrass,FodderGrassAEZ05,FodderGrassAEZ05,1990,N2O_AWB,0
Africa_Western,FodderGrass,FodderGrassAEZ06,FodderGrassAEZ06,1990,N2O_AWB,0
Africa_Western,FodderGrass,FodderGrassAEZ07,FodderGrassAEZ07,1990,N2O_AWB,0
Africa_Western,FodderGrass,FodderGrassAEZ09,FodderGrassAEZ09,1990,N2O_AWB,0
Africa_Western,FodderGrass,FodderGrassAEZ10,FodderGrassAEZ10,1990,N2O_AWB,0
Africa_Western,FodderHerb,FodderHerbAEZ01,FodderHerbAEZ01,1990,N2O_AWB,0
Africa_Western,FodderHerb,FodderHerbAEZ02,FodderHerbAEZ02,1990,N2O_AWB,0
Africa_Western,FodderHerb,FodderHerbAEZ03,FodderHerbAEZ03,1990,N2O_AWB,0
Africa_Western,FodderHerb,FodderHerbAEZ04,FodderHerbAEZ04,1990,N2O_AWB,0
Africa_Western,FodderHerb,FodderHerbAEZ05,FodderHerbAEZ05,1990,N2O_AWB,0
Africa_Western,FodderHerb,FodderHerbAEZ06,FodderHerbAEZ06,1990,N2O_AWB,0
Africa_Western,FodderHerb,FodderHerbAEZ07,FodderHerbAEZ07,1990,N2O_AWB,0
Africa_Western,FodderHerb,FodderHerbAEZ09,FodderHerbAEZ09,1990,N2O_AWB,0
Africa_Western,FodderHerb,FodderHerbAEZ10,FodderHerbAEZ10,1990,N2O_AWB,0
Africa_Western,MiscCrop,MiscCropAEZ01,MiscCropAEZ01,1990,N2O_AWB,1.26163936889535e-06
Africa_Western,MiscCrop,MiscCropAEZ02,MiscCropAEZ02,1990,N2O_AWB,8.43439305393337e-06
Africa_Western,MiscCrop,MiscCropAEZ03,MiscCropAEZ03,1990,N2O_AWB,7.60048226490365e-06
Africa_Western,MiscCrop,MiscCropAEZ04,MiscCropAEZ04,1990,N2O_AWB,1.72886846622415e-05
Africa_Western,MiscCrop,MiscCropAEZ05,MiscCropAEZ05,1990,N2O_AWB,3.58531376039395e-05
Africa_Western,MiscCrop,MiscCropAEZ06,MiscCropAEZ06,1990,N2O_AWB,1.93992731177327e-05
Africa_Western,MiscCrop,MiscCropAEZ07,MiscCropAEZ07,1990,N2O_AWB,0
Africa_Western,MiscCrop,MiscCropAEZ09,MiscCropAEZ09,1990,N2O_AWB,0
Africa_Western,MiscCrop,MiscCropAEZ10,MiscCropAEZ10,1990,N2O_AWB,9.58778631532868e-11
Africa_Western,OilCrop,OilCropAEZ01,OilCropAEZ01,1990,N2O_AWB,2.03367712224029e-07
Africa_Western,OilCrop,OilCropAEZ02,OilCropAEZ02,1990,N2O_AWB,2.94447628475228e-06
Africa_Western,OilCrop,OilCropAEZ03,OilCropAEZ03,1990,N2O_AWB,4.37294709904062e-06
Africa_Western,OilCrop,OilCropAEZ04,OilCropAEZ04,1990,N2O_AWB,3.56630985147951e-06
Africa_Western,OilCrop,OilCropAEZ05,OilCropAEZ05,1990,N2O_AWB,2.50578850393339e-06
Africa_Western,OilCrop,OilCropAEZ06,OilCropAEZ06,1990,N2O_AWB,5.57296438437893e-07
Africa_Western,OilCrop,OilCropAEZ07,OilCropAEZ07,1990,N2O_AWB,0
Africa_Western,OilCrop,OilCropAEZ09,OilCropAEZ09,1990,N2O_AWB,4.83095210059997e-11
Africa_Western,OilCrop,OilCropAEZ10,OilCropAEZ10,1990,N2O_AWB,3.05228337265177e-10
Africa_Western,OtherGrain,OtherGrainAEZ01,OtherGrainAEZ01,1990,N2O_AWB,2.80437530059182e-06
Africa_Western,OtherGrain,OtherGrainAEZ02,OtherGrainAEZ02,1990,N2O_AWB,2.1444840659669e-05
Africa_Western,OtherGrain,OtherGrainAEZ03,OtherGrainAEZ03,1990,N2O_AWB,1.81133014599751e-05
Africa_Western,OtherGrain,OtherGrainAEZ04,OtherGrainAEZ04,1990,N2O_AWB,7.56062046476997e-06
Africa_Western,OtherGrain,OtherGrainAEZ05,OtherGrainAEZ05,1990,N2O_AWB,2.3190004574005e-06
Africa_Western,OtherGrain,OtherGrainAEZ06,OtherGrainAEZ06,1990,N2O_AWB,2.56892493797321e-07
Africa_Western,OtherGrain,OtherGrainAEZ07,OtherGrainAEZ07,1990,N2O_AWB,0
Africa_Western,OtherGrain,OtherGrainAEZ09,OtherGrainAEZ09,1990,N2O_AWB,1.35881693147703e-11
Africa_Western,OtherGrain,OtherGrainAEZ10,OtherGrainAEZ10,1990,N2O_AWB,6.52232127108973e-11
Africa_Western,PalmFruit,PalmFruitAEZ01,PalmFruitAEZ01,1990,N2O_AWB,0
Africa_Western,PalmFruit,PalmFruitAEZ02,PalmFruitAEZ02,1990,N2O_AWB,2.12396155359473e-09
Africa_Western,PalmFruit,PalmFruitAEZ03,PalmFruitAEZ03,1990,N2O_AWB,4.25536556007268e-07
Africa_Western,PalmFruit,PalmFruitAEZ04,PalmFruitAEZ04,1990,N2O_AWB,4.68417679534855e-06
Africa_Western,PalmFruit,PalmFruitAEZ05,PalmFruitAEZ05,1990,N2O_AWB,2.46173155273574e-05
Africa_Western,PalmFruit,PalmFruitAEZ06,PalmFruitAEZ06,1990,N2O_AWB,7.71025237532731e-06
Africa_Western,PalmFruit,PalmFruitAEZ07,PalmFruitAEZ07,1990,N2O_AWB,0
Africa_Western,PalmFruit,PalmFruitAEZ09,PalmFruitAEZ09,1990,N2O_AWB,1.28811684517201e-10
Africa_Western,PalmFruit,PalmFruitAEZ10,PalmFruitAEZ10,1990,N2O_AWB,2.58195865410034e-09
Africa_Western,Rice,RiceAEZ01,RiceAEZ01,1990,N2O_AWB,9.11075230201445e-07
Africa_Western,Rice,RiceAEZ02,RiceAEZ02,1990,N2O_AWB,1.86020757341924e-06
Africa_Western,Rice,RiceAEZ03,RiceAEZ03,1990,N2O_AWB,1.46133313801532e-06
Africa_Western,Rice,RiceAEZ04,RiceAEZ04,1990,N2O_AWB,4.5218659643453e-06
Africa_Western,Rice,RiceAEZ05,RiceAEZ05,1990,N2O_AWB,7.82969158254488e-06
Africa_Western,Rice,RiceAEZ06,RiceAEZ06,1990,N2O_AWB,2.30865506606896e-06
Africa_Western,Rice,RiceAEZ07,RiceAEZ07,1990,N2O_AWB,0
Africa_Western,Rice,RiceAEZ09,RiceAEZ09,1990,N2O_AWB,0
Africa_Western,Rice,RiceAEZ10,RiceAEZ10,1990,N2O_AWB,0
Africa_Western,Root_Tuber,Root_TuberAEZ01,Root_TuberAEZ01,1990,N2O_AWB,1.14853474126659e-07
Africa_Western,Root_Tuber,Root_TuberAEZ02,Root_TuberAEZ02,1990,N2O_AWB,1.56328700685576e-06
Africa_Western,Root_Tuber,Root_TuberAEZ03,Root_TuberAEZ03,1990,N2O_AWB,3.8355386977795e-06
Africa_Western,Root_Tuber,Root_TuberAEZ04,Root_TuberAEZ04,1990,N2O_AWB,4.10976371010761e-05
Africa_Western,Root_Tuber,Root_TuberAEZ05,Root_TuberAEZ05,1990,N2O_AWB,0.000130884806063259
Africa_Western,Root_Tuber,Root_TuberAEZ06,Root_TuberAEZ06,1990,N2O_AWB,4.71878573334998e-05
Africa_Western,Root_Tuber,Root_TuberAEZ07,Root_TuberAEZ07,1990,N2O_AWB,0
Africa_Western,Root_Tuber,Root_TuberAEZ09,Root_TuberAEZ09,1990,N2O_AWB,1.02207465663241e-09
Africa_Western,Root_Tuber,Root_TuberAEZ10,Root_TuberAEZ10,1990,N2O_AWB,1.08638740515356e-08
Africa_Western,SugarCrop,SugarCropAEZ01,SugarCropAEZ01,1990,N2O_AWB,1.8499204153431e-06
Africa_Western,SugarCrop,SugarCropAEZ02,SugarCropAEZ02,1990,N2O_AWB,1.38413769291965e-06
Africa_Western,SugarCrop,SugarCropAEZ03,SugarCropAEZ03,1990,N2O_AWB,1.26968382629018e-06
Africa_Western,SugarCrop,SugarCropAEZ04,SugarCropAEZ04,1990,N2O_AWB,2.78013491478283e-06
Africa_Western,SugarCrop,SugarCropAEZ05,SugarCropAEZ05,1990,N2O_AWB,1.12143362416859e-05
Africa_Western,SugarCrop,SugarCropAEZ06,SugarCropAEZ06,1990,N2O_AWB,5.6628530939286e-06
Africa_Western,SugarCrop,SugarCropAEZ07,SugarCropAEZ07,1990,N2O_AWB,0
Africa_Western,SugarCrop,SugarCropAEZ09,SugarCropAEZ09,1990,N2O_AWB,0
Africa_Western,SugarCrop,SugarCropAEZ10,SugarCropAEZ10,1990,N2O_AWB,0
Africa_Western,Wheat,WheatAEZ01,WheatAEZ01,1990,N2O_AWB,1.15676165944356e-08
Africa_Western,Wheat,WheatAEZ02,WheatAEZ02,1990,N2O_AWB,1.27749449275722e-07
Africa_Western,Wheat,WheatAEZ03,WheatAEZ03,1990,N2O_AWB,5.61603669767804e-08
Africa_Western,Wheat,WheatAEZ04,WheatAEZ04,1990,N2O_AWB,0
Africa_Western,Wheat,WheatAEZ05,WheatAEZ05,1990,N2O_AWB,3.99829512921867e-09
Africa_Western,Wheat,WheatAEZ06,WheatAEZ06,1990,N2O_AWB,8.60025442500568e-09
Africa_Western,Wheat,WheatAEZ07,WheatAEZ07,1990,N2O_AWB,0
Africa_Western,Wheat,WheatAEZ09,WheatAEZ09,1990,N2O_AWB,0
Africa_Western,Wheat,WheatAEZ10,WheatAEZ10,1990,N2O_AWB,0
Africa_Western,Corn,CornAEZ01,CornAEZ01,1990,NH3_AWB,3.74794137166935e-06
Africa_Western,Corn,CornAEZ02,CornAEZ02,1990,NH3_AWB,3.54175166295954e-05
Africa_Western,Corn,CornAEZ03,CornAEZ03,1990,NH3_AWB,7.47115040534936e-05
Africa_Western,Corn,CornAEZ04,CornAEZ04,1990,NH3_AWB,0.000146800071578211
Africa_Western,Corn,CornAEZ05,CornAEZ05,1990,NH3_AWB,0.000264515732949593
Africa_Western,Corn,CornAEZ06,CornAEZ06,1990,NH3_AWB,6.12415035231202e-05
Africa_Western,Corn,CornAEZ07,CornAEZ07,1990,NH3_AWB,0
Africa_Western,Corn,CornAEZ09,CornAEZ09,1990,NH3_AWB,4.57513673281522e-08
Africa_Western,Corn,CornAEZ10,CornAEZ10,1990,NH3_AWB,3.96334519296202e-08
Africa_Western,FiberCrop,FiberCropAEZ01,FiberCropAEZ01,1990,NH3_AWB,1.74780115993988e-07
Africa_Western,FiberCrop,FiberCropAEZ02,FiberCropAEZ02,1990,NH3_AWB,5.11515629505461e-06
Africa_Western,FiberCrop,FiberCropAEZ03,FiberCropAEZ03,1990,NH3_AWB,2.66360304139167e-05
Africa_Western,FiberCrop,FiberCropAEZ04,FiberCropAEZ04,1990,NH3_AWB,2.72458111160733e-05
Africa_Western,FiberCrop,FiberCropAEZ05,FiberCropAEZ05,1990,NH3_AWB,2.2701701407236e-05
Africa_Western,FiberCrop,FiberCropAEZ06,FiberCropAEZ06,1990,NH3_AWB,5.11415977976759e-06
Africa_Western,FiberCrop,FiberCropAEZ07,FiberCropAEZ07,1990,NH3_AWB,0
Africa_Western,FiberCrop,FiberCropAEZ09,FiberCropAEZ09,1990,NH3_AWB,3.89940764488323e-10
Africa_Western,FiberCrop,FiberCropAEZ10,FiberCropAEZ10,1990,NH3_AWB,3.89940764488324e-10
Africa_Western,FodderGrass,FodderGrassAEZ01,FodderGrassAEZ01,1990,NH3_AWB,0
Africa_Western,FodderGrass,FodderGrassAEZ02,FodderGrassAEZ02,1990,NH3_AWB,0
Africa_Western,FodderGrass,FodderGrassAEZ03,FodderGrassAEZ03,1990,NH3_AWB,0
Africa_Western,FodderGrass,FodderGrassAEZ04,FodderGrassAEZ04,1990,NH3_AWB,0
Africa_Western,FodderGrass,FodderGrassAEZ05,FodderGrassAEZ05,1990,NH3_AWB,0
Africa_Western,FodderGrass,FodderGrassAEZ06,FodderGrassAEZ06,1990,NH3_AWB,0
Africa_Western,FodderGrass,FodderGrassAEZ07,FodderGrassAEZ07,1990,NH3_AWB,0
Africa_Western,FodderGrass,FodderGrassAEZ09,FodderGrassAEZ09,1990,NH3_AWB,0
Africa_Western,FodderGrass,FodderGrassAEZ10,FodderGrassAEZ10,1990,NH3_AWB,0
Africa_Western,FodderHerb,FodderHerbAEZ01,FodderHerbAEZ01,1990,NH3_AWB,0
Africa_Western,FodderHerb,FodderHerbAEZ02,FodderHerbAEZ02,1990,NH3_AWB,0
Africa_Western,FodderHerb,FodderHerbAEZ03,FodderHerbAEZ03,1990,NH3_AWB,0
Africa_Western,FodderHerb,FodderHerbAEZ04,FodderHerbAEZ04,1990,NH3_AWB,0
Africa_Western,FodderHerb,FodderHerbAEZ05,FodderHerbAEZ05,1990,NH3_AWB,0
Africa_Western,FodderHerb,FodderHerbAEZ06,FodderHerbAEZ06,1990,NH3_AWB,0
Africa_Western,FodderHerb,FodderHerbAEZ07,FodderHerbAEZ07,1990,NH3_AWB,0
Africa_Western,FodderHerb,FodderHerbAEZ09,FodderHerbAEZ09,1990,NH3_AWB,0
Africa_Western,FodderHerb,FodderHerbAEZ10,FodderHerbAEZ10,1990,NH3_AWB,0
Africa_Western,MiscCrop,MiscCropAEZ01,MiscCropAEZ01,1990,NH3_AWB,2.34202591305526e-05
Africa_Western,MiscCrop,MiscCropAEZ02,MiscCropAEZ02,1990,NH3_AWB,0.000156570630088223
Africa_Western,MiscCrop,MiscCropAEZ03,MiscCropAEZ03,1990,NH3_AWB,0.000141090448308591
Africa_Western,MiscCrop,MiscCropAEZ04,MiscCropAEZ04,1990,NH3_AWB,0.000320935985986731
Africa_Western,MiscCrop,MiscCropAEZ05,MiscCropAEZ05,1990,NH3_AWB,0.000665554511082536
Africa_Western,MiscCrop,MiscCropAEZ06,MiscCropAEZ06,1990,NH3_AWB,0.000360115588148985
Africa_Western,MiscCrop,MiscCropAEZ07,MiscCropAEZ07,1990,NH3_AWB,0
Africa_Western,MiscCrop,MiscCropAEZ09,MiscCropAEZ09,1990,NH3_AWB,0
Africa_Western,MiscCrop,MiscCropAEZ10,MiscCropAEZ10,1990,NH3_AWB,1.77981478328448e-09
Africa_Western,OilCrop,OilCropAEZ01,OilCropAEZ01,1990,NH3_AWB,3.77518698013099e-06
Africa_Western,OilCrop,OilCropAEZ02,OilCropAEZ02,1990,NH3_AWB,5.46593577315558e-05
Africa_Western,OilCrop,OilCropAEZ03,OilCropAEZ03,1990,NH3_AWB,8.11765681609963e-05
Africa_Western,OilCrop,OilCropAEZ04,OilCropAEZ04,1990,NH3_AWB,6.62026748060531e-05
Africa_Western,OilCrop,OilCropAEZ05,OilCropAEZ05,1990,NH3_AWB,4.65158408459174e-05
Africa_Western,OilCrop,OilCropAEZ06,OilCropAEZ06,1990,NH3_AWB,1.03452914696039e-05
Africa_Western,OilCrop,OilCropAEZ07,OilCropAEZ07,1990,NH3_AWB,0
Africa_Western,OilCrop,OilCropAEZ09,OilCropAEZ09,1990,NH3_AWB,8.96786774673989e-10
Africa_Western,OilCrop,OilCropAEZ10,OilCropAEZ10,1990,NH3_AWB,5.66606189453107e-09
Africa_Western,OtherGrain,OtherGrainAEZ01,OtherGrainAEZ01,1990,NH3_AWB,5.20586134662938e-05
Africa_Western,OtherGrain,OtherGrainAEZ02,OtherGrainAEZ02,1990,NH3_AWB,0.000398088184028853
Africa_Western,OtherGrain,OtherGrainAEZ03,OtherGrainAEZ03,1990,NH3_AWB,0.000336243640109191
Africa_Western,OtherGrain,OtherGrainAEZ04,OtherGrainAEZ04,1990,NH3_AWB,0.000140350479573026
Africa_Western,OtherGrain,OtherGrainAEZ05,OtherGrainAEZ05,1990,NH3_AWB,4.30484280811111e-05
Africa_Western,OtherGrain,OtherGrainAEZ06,OtherGrainAEZ06,1990,NH3_AWB,4.7687864866606e-06
Africa_Western,OtherGrain,OtherGrainAEZ07,OtherGrainAEZ07,1990,NH3_AWB,0
Africa_Western,OtherGrain,OtherGrainAEZ09,OtherGrainAEZ09,1990,NH3_AWB,2.52242006953527e-10
Africa_Western,OtherGrain,OtherGrainAEZ10,OtherGrainAEZ10,1990,NH3_AWB,1.21076163337693e-09
Africa_Western,PalmFruit,PalmFruitAEZ01,PalmFruitAEZ01,1990,NH3_AWB,0
Africa_Western,PalmFruit,PalmFruitAEZ02,PalmFruitAEZ02,1990,NH3_AWB,3.94278517260235e-08
Africa_Western,PalmFruit,PalmFruitAEZ03,PalmFruitAEZ03,1990,NH3_AWB,7.89938603448877e-06
Africa_Western,PalmFruit,PalmFruitAEZ04,PalmFruitAEZ04,1990,NH3_AWB,8.6954035412226e-05
Africa_Western,PalmFruit,PalmFruitAEZ05,PalmFruitAEZ05,1990,NH3_AWB,0.000456979960330575
Africa_Western,PalmFruit,PalmFruitAEZ06,PalmFruitAEZ06,1990,NH3_AWB,0.000143128149805781
Africa_Western,PalmFruit,PalmFruitAEZ07,PalmFruitAEZ07,1990,NH3_AWB,0
Africa_Western,PalmFruit,PalmFruitAEZ09,PalmFruitAEZ09,1990,NH3_AWB,2.39117699147043e-09
Africa_Western,PalmFruit,PalmFruitAEZ10,PalmFruitAEZ10,1990,NH3_AWB,4.7929814362363e-08
Africa_Western,Rice,RiceAEZ01,RiceAEZ01,1990,NH3_AWB,1.69126126726913e-05
Africa_Western,Rice,RiceAEZ02,RiceAEZ02,1990,NH3_AWB,3.45316930338347e-05
Africa_Western,Rice,RiceAEZ03,RiceAEZ03,1990,NH3_AWB,2.71272454016306e-05
Africa_Western,Rice,RiceAEZ04,RiceAEZ04,1990,NH3_AWB,8.39410018817966e-05
Africa_Western,Rice,RiceAEZ05,RiceAEZ05,1990,NH3_AWB,0.000145345342176555
Africa_Western,Rice,RiceAEZ06,RiceAEZ06,1990,NH3_AWB,4.28563829121307e-05
Africa_Western,Rice,RiceAEZ07,RiceAEZ07,1990,NH3_AWB,0
Africa_Western,Rice,RiceAEZ09,RiceAEZ09,1990,NH3_AWB,0
Africa_Western,Rice,RiceAEZ10,RiceAEZ10,1990,NH3_AWB,0
Africa_Western,Root_Tuber,Root_TuberAEZ01,Root_TuberAEZ01,1990,NH3_AWB,2.13206578076726e-06
Africa_Western,Root_Tuber,Root_TuberAEZ02,Root_TuberAEZ02,1990,NH3_AWB,2.9019851233752e-05
Africa_Western,Root_Tuber,Root_TuberAEZ03,Root_TuberAEZ03,1990,NH3_AWB,7.12004653801426e-05
Africa_Western,Root_Tuber,Root_TuberAEZ04,Root_TuberAEZ04,1990,NH3_AWB,0.000762910015564404
Africa_Western,Root_Tuber,Root_TuberAEZ05,Root_TuberAEZ05,1990,NH3_AWB,0.00242966108210271
Africa_Western,Root_Tuber,Root_TuberAEZ06,Root_TuberAEZ06,1990,NH3_AWB,0.000875964934047475
Africa_Western,Root_Tuber,Root_TuberAEZ07,Root_TuberAEZ07,1990,NH3_AWB,0
Africa_Western,Root_Tuber,Root_TuberAEZ09,Root_TuberAEZ09,1990,NH3_AWB,1.89731343989846e-08
Africa_Western,Root_Tuber,Root_TuberAEZ10,Root_TuberAEZ10,1990,NH3_AWB,2.01669947626496e-07
Africa_Western,SugarCrop,SugarCropAEZ01,SugarCropAEZ01,1990,NH3_AWB,3.43407288694308e-05
Africa_Western,SugarCrop,SugarCropAEZ02,SugarCropAEZ02,1990,NH3_AWB,2.56942389717331e-05
Africa_Western,SugarCrop,SugarCropAEZ03,SugarCropAEZ03,1990,NH3_AWB,2.35695912466839e-05
Africa_Western,SugarCrop,SugarCropAEZ04,SugarCropAEZ04,1990,NH3_AWB,5.16086305860289e-05
Africa_Western,SugarCrop,SugarCropAEZ05,SugarCropAEZ05,1990,NH3_AWB,0.00020817570157738
Africa_Western,SugarCrop,SugarCropAEZ06,SugarCropAEZ06,1990,NH3_AWB,0.000105121550696521
Africa_Western,SugarCrop,SugarCropAEZ07,SugarCropAEZ07,1990,NH3_AWB,0
Africa_Western,SugarCrop,SugarCropAEZ09,SugarCropAEZ09,1990,NH3_AWB,0
Africa_Western,SugarCrop,SugarCropAEZ10,SugarCropAEZ10,1990,NH3_AWB,0
Africa_Western,Wheat,WheatAEZ01,WheatAEZ01,1990,NH3_AWB,2.14733770080248e-07
Africa_Western,Wheat,WheatAEZ02,WheatAEZ02,1990,NH3_AWB,2.37145834188927e-06
Africa_Western,Wheat,WheatAEZ03,WheatAEZ03,1990,NH3_AWB,1.0425248132632e-06
Africa_Western,Wheat,WheatAEZ04,WheatAEZ04,1990,NH3_AWB,0
Africa_Western,Wheat,WheatAEZ05,WheatAEZ05,1990,NH3_AWB,7.42217707495263e-08
Africa_Western,Wheat,WheatAEZ06,WheatAEZ06,1990,NH3_AWB,1.59649573553393e-07
Africa_Western,Wheat,WheatAEZ07,WheatAEZ07,1990,NH3_AWB,0
Africa_Western,Wheat,WheatAEZ09,WheatAEZ09,1990,NH3_AWB,0
Africa_Western,Wheat,WheatAEZ10,WheatAEZ10,1990,NH3_AWB,0
Africa_Western,Corn,CornAEZ01,CornAEZ01,1990,NMVOC_AWB,2.01900002918461e-05
Africa_Western,Corn,CornAEZ02,CornAEZ02,1990,NMVOC_AWB,0.000190792651265378
Africa_Western,Corn,CornAEZ03,CornAEZ03,1990,NMVOC_AWB,0.000402467685339602
Africa_Western,Corn,CornAEZ04,CornAEZ04,1990,NMVOC_AWB,0.00079080572348627
Africa_Western,Corn,CornAEZ05,CornAEZ05,1990,NMVOC_AWB,0.00142493496985292
Africa_Western,Corn,CornAEZ06,CornAEZ06,1990,NMVOC_AWB,0.000329905367077331
Africa_Western,Corn,CornAEZ07,CornAEZ07,1990,NMVOC_AWB,0
Africa_Western,Corn,CornAEZ09,CornAEZ09,1990,NMVOC_AWB,2.46460664163571e-07
Africa_Western,Corn,CornAEZ10,CornAEZ10,1990,NMVOC_AWB,2.13503714885884e-07
Africa_Western,FiberCrop,FiberCropAEZ01,FiberCropAEZ01,1990,NMVOC_AWB,9.41533029198846e-07
Africa_Western,FiberCrop,FiberCropAEZ02,FiberCropAEZ02,1990,NMVOC_AWB,2.75551287623242e-05
Africa_Western,FiberCrop,FiberCropAEZ03,FiberCropAEZ03,1990,NMVOC_AWB,0.000143487159616659
Africa_Western,FiberCrop,FiberCropAEZ04,FiberCropAEZ04,1990,NMVOC_AWB,0.000146772022247533
Africa_Western,FiberCrop,FiberCropAEZ05,FiberCropAEZ05,1990,NMVOC_AWB,0.000122293097085814
Africa_Western,FiberCrop,FiberCropAEZ06,FiberCropAEZ06,1990,NMVOC_AWB,2.75497605769818e-05
Africa_Western,FiberCrop,FiberCropAEZ07,FiberCropAEZ07,1990,NMVOC_AWB,0
Africa_Western,FiberCrop,FiberCropAEZ09,FiberCropAEZ09,1990,NMVOC_AWB,2.10059426444958e-09
Africa_Western,FiberCrop,FiberCropAEZ10,FiberCropAEZ10,1990,NMVOC_AWB,2.10059426444959e-09
Africa_Western,FodderGrass,FodderGrassAEZ01,FodderGrassAEZ01,1990,NMVOC_AWB,0
Africa_Western,FodderGrass,FodderGrassAEZ02,FodderGrassAEZ02,1990,NMVOC_AWB,0
Africa_Western,FodderGrass,FodderGrassAEZ03,FodderGrassAEZ03,1990,NMVOC_AWB,0
Africa_Western,FodderGrass,FodderGrassAEZ04,FodderGrassAEZ04,1990,NMVOC_AWB,0
Africa_Western,FodderGrass,FodderGrassAEZ05,FodderGrassAEZ05,1990,NMVOC_AWB,0
Africa_Western,FodderGrass,FodderGrassAEZ06,FodderGrassAEZ06,1990,NMVOC_AWB,0
Africa_Western,FodderGrass,FodderGrassAEZ07,FodderGrassAEZ07,1990,NMVOC_AWB,0
Africa_Western,FodderGrass,FodderGrassAEZ09,FodderGrassAEZ09,1990,NMVOC_AWB,0
Africa_Western,FodderGrass,FodderGrassAEZ10,FodderGrassAEZ10,1990,NMVOC_AWB,0
Africa_Western,FodderHerb,FodderHerbAEZ01,FodderHerbAEZ01,1990,NMVOC_AWB,0
Africa_Western,FodderHerb,FodderHerbAEZ02,FodderHerbAEZ02,1990,NMVOC_AWB,0
Africa_Western,FodderHerb,FodderHerbAEZ03,FodderHerbAEZ03,1990,NMVOC_AWB,0
Africa_Western,FodderHerb,FodderHerbAEZ04,FodderHerbAEZ04,1990,NMVOC_AWB,0
Africa_Western,FodderHerb,FodderHerbAEZ05,FodderHerbAEZ05,1990,NMVOC_AWB,0
Africa_Western,FodderHerb,FodderHerbAEZ06,FodderHerbAEZ06,1990,NMVOC_AWB,0
Africa_Western,FodderHerb,FodderHerbAEZ07,FodderHerbAEZ07,1990,NMVOC_AWB,0
Africa_Western,FodderHerb,FodderHerbAEZ09,FodderHerbAEZ09,1990,NMVOC_AWB,0
Africa_Western,FodderHerb,FodderHerbAEZ10,FodderHerbAEZ10,1990,NMVOC_AWB,0
Africa_Western,MiscCrop,MiscCropAEZ01,MiscCropAEZ01,1990,NMVOC_AWB,0.000126163936889535
Africa_Western,MiscCrop,MiscCropAEZ02,MiscCropAEZ02,1990,NMVOC_AWB,0.000843439305393337
Africa_Western,MiscCrop,MiscCropAEZ03,MiscCropAEZ03,1990,NMVOC_AWB,0.000760048226490365
Africa_Western,MiscCrop,MiscCropAEZ04,MiscCropAEZ04,1990,NMVOC_AWB,0.00172886846622415
Africa_Western,MiscCrop,MiscCropAEZ05,MiscCropAEZ05,1990,NMVOC_AWB,0.00358531376039395
Africa_Western,MiscCrop,MiscCropAEZ06,MiscCropAEZ06,1990,NMVOC_AWB,0.00193992731177327
Africa_Western,MiscCrop,MiscCropAEZ07,MiscCropAEZ07,1990,NMVOC_AWB,0
Africa_Western,MiscCrop,MiscCropAEZ09,MiscCropAEZ09,1990,NMVOC_AWB,0
Africa_Western,MiscCrop,MiscCropAEZ10,MiscCropAEZ10,1990,NMVOC_AWB,9.58778631532868e-09
Africa_Western,OilCrop,OilCropAEZ01,OilCropAEZ01,1990,NMVOC_AWB,2.03367712224029e-05
Africa_Western,OilCrop,OilCropAEZ02,OilCropAEZ02,1990,NMVOC_AWB,0.000294447628475228
Africa_Western,OilCrop,OilCropAEZ03,OilCropAEZ03,1990,NMVOC_AWB,0.000437294709904062
Africa_Western,OilCrop,OilCropAEZ04,OilCropAEZ04,1990,NMVOC_AWB,0.000356630985147951
Africa_Western,OilCrop,OilCropAEZ05,OilCropAEZ05,1990,NMVOC_AWB,0.000250578850393339
Africa_Western,OilCrop,OilCropAEZ06,OilCropAEZ06,1990,NMVOC_AWB,5.57296438437893e-05
Africa_Western,OilCrop,OilCropAEZ07,OilCropAEZ07,1990,NMVOC_AWB,0
Africa_Western,OilCrop,OilCropAEZ09,OilCropAEZ09,1990,NMVOC_AWB,4.83095210059997e-09
Africa_Western,OilCrop,OilCropAEZ10,OilCropAEZ10,1990,NMVOC_AWB,3.05228337265177e-08
Africa_Western,OtherGrain,OtherGrainAEZ01,OtherGrainAEZ01,1990,NMVOC_AWB,0.000280437530059182
Africa_Western,OtherGrain,OtherGrainAEZ02,OtherGrainAEZ02,1990,NMVOC_AWB,0.0021444840659669
Africa_Western,OtherGrain,OtherGrainAEZ03,OtherGrainAEZ03,1990,NMVOC_AWB,0.00181133014599751
Africa_Western,OtherGrain,OtherGrainAEZ04,OtherGrainAEZ04,1990,NMVOC_AWB,0.000756062046476997
Africa_Western,OtherGrain,OtherGrainAEZ05,OtherGrainAEZ05,1990,NMVOC_AWB,0.00023190004574005
Africa_Western,OtherGrain,OtherGrainAEZ06,OtherGrainAEZ06,1990,NMVOC_AWB,2.56892493797321e-05
Africa_Western,OtherGrain,OtherGrainAEZ07,OtherGrainAEZ07,1990,NMVOC_AWB,0
Africa_Western,OtherGrain,OtherGrainAEZ09,OtherGrainAEZ09,1990,NMVOC_AWB,1.35881693147703e-09
Africa_Western,OtherGrain,OtherGrainAEZ10,OtherGrainAEZ10,1990,NMVOC_AWB,6.52232127108973e-09
Africa_Western,PalmFruit,PalmFruitAEZ01,PalmFruitAEZ01,1990,NMVOC_AWB,0
Africa_Western,PalmFruit,PalmFruitAEZ02,PalmFruitAEZ02,1990,NMVOC_AWB,2.12396155359473e-07
Africa_Western,PalmFruit,PalmFruitAEZ03,PalmFruitAEZ03,1990,NMVOC_AWB,4.25536556007268e-05
Africa_Western,PalmFruit,PalmFruitAEZ04,PalmFruitAEZ04,1990,NMVOC_AWB,0.000468417679534855
Africa_Western,PalmFruit,PalmFruitAEZ05,PalmFruitAEZ05,1990,NMVOC_AWB,0.00246173155273574
Africa_Western,PalmFruit,PalmFruitAEZ06,PalmFruitAEZ06,1990,NMVOC_AWB,0.000771025237532731
Africa_Western,PalmFruit,PalmFruitAEZ07,PalmFruitAEZ07,1990,NMVOC_AWB,0
Africa_Western,PalmFruit,PalmFruitAEZ09,PalmFruitAEZ09,1990,NMVOC_AWB,1.28811684517201e-08
Africa_Western,PalmFruit,PalmFruitAEZ10,PalmFruitAEZ10,1990,NMVOC_AWB,2.58195865410034e-07
Africa_Western,Rice,RiceAEZ01,RiceAEZ01,1990,NMVOC_AWB,9.11075230201445e-05
Africa_Western,Rice,RiceAEZ02,RiceAEZ02,1990,NMVOC_AWB,0.000186020757341924
Africa_Western,Rice,RiceAEZ03,RiceAEZ03,1990,NMVOC_AWB,0.000146133313801532
Africa_Western,Rice,RiceAEZ04,RiceAEZ04,1990,NMVOC_AWB,0.00045218659643453
Africa_Western,Rice,RiceAEZ05,RiceAEZ05,1990,NMVOC_AWB,0.000782969158254488
Africa_Western,Rice,RiceAEZ06,RiceAEZ06,1990,NMVOC_AWB,0.000230865506606896
Africa_Western,Rice,RiceAEZ07,RiceAEZ07,1990,NMVOC_AWB,0
Africa_Western,Rice,RiceAEZ09,RiceAEZ09,1990,NMVOC_AWB,0
Africa_Western,Rice,RiceAEZ10,RiceAEZ10,1990,NMVOC_AWB,0
Africa_Western,Root_Tuber,Root_TuberAEZ01,Root_TuberAEZ01,1990,NMVOC_AWB,1.14853474126659e-05
Africa_Western,Root_Tuber,Root_TuberAEZ02,Root_TuberAEZ02,1990,NMVOC_AWB,0.000156328700685576
Africa_Western,Root_Tuber,Root_TuberAEZ03,Root_TuberAEZ03,1990,NMVOC_AWB,0.00038355386977795
Africa_Western,Root_Tuber,Root_TuberAEZ04,Root_TuberAEZ04,1990,NMVOC_AWB,0.00410976371010761
Africa_Western,Root_Tuber,Root_TuberAEZ05,Root_TuberAEZ05,1990,NMVOC_AWB,0.0130884806063259
Africa_Western,Root_Tuber,Root_TuberAEZ06,Root_TuberAEZ06,1990,NMVOC_AWB,0.00471878573334998
Africa_Western,Root_Tuber,Root_TuberAEZ07,Root_TuberAEZ07,1990,NMVOC_AWB,0
Africa_Western,Root_Tuber,Root_TuberAEZ09,Root_TuberAEZ09,1990,NMVOC_AWB,1.02207465663241e-07
Africa_Western,Root_Tuber,Root_TuberAEZ10,Root_TuberAEZ10,1990,NMVOC_AWB,1.08638740515356e-06
Africa_Western,SugarCrop,SugarCropAEZ01,SugarCropAEZ01,1990,NMVOC_AWB,0.00018499204153431
Africa_Western,SugarCrop,SugarCropAEZ02,SugarCropAEZ02,1990,NMVOC_AWB,0.000138413769291965
Africa_Western,SugarCrop,SugarCropAEZ03,SugarCropAEZ03,1990,NMVOC_AWB,0.000126968382629018
Africa_Western,SugarCrop,SugarCropAEZ04,SugarCropAEZ04,1990,NMVOC_AWB,0.000278013491478283
Africa_Western,SugarCrop,SugarCropAEZ05,SugarCropAEZ05,1990,NMVOC_AWB,0.0011214336241686
Africa_Western,SugarCrop,SugarCropAEZ06,SugarCropAEZ06,1990,NMVOC_AWB,0.00056628530939286
Africa_Western,SugarCrop,SugarCropAEZ07,SugarCropAEZ07,1990,NMVOC_AWB,0
Africa_Western,SugarCrop,SugarCropAEZ09,SugarCropAEZ09,1990,NMVOC_AWB,0
Africa_Western,SugarCrop,SugarCropAEZ10,SugarCropAEZ10,1990,NMVOC_AWB,0
Africa_Western,Wheat,WheatAEZ01,WheatAEZ01,1990,NMVOC_AWB,1.15676165944356e-06
Africa_Western,Wheat,WheatAEZ02,WheatAEZ02,1990,NMVOC_AWB,1.27749449275722e-05
Africa_Western,Wheat,WheatAEZ03,WheatAEZ03,1990,NMVOC_AWB,5.61603669767804e-06
Africa_Western,Wheat,WheatAEZ04,WheatAEZ04,1990,NMVOC_AWB,0
Africa_Western,Wheat,WheatAEZ05,WheatAEZ05,1990,NMVOC_AWB,3.99829512921867e-07
Africa_Western,Wheat,WheatAEZ06,WheatAEZ06,1990,NMVOC_AWB,8.60025442500569e-07
Africa_Western,Wheat,WheatAEZ07,WheatAEZ07,1990,NMVOC_AWB,0
Africa_Western,Wheat,WheatAEZ09,WheatAEZ09,1990,NMVOC_AWB,0
Africa_Western,Wheat,WheatAEZ10,WheatAEZ10,1990,NMVOC_AWB,0
Africa_Western,Corn,CornAEZ01,CornAEZ01,1990,NOx_AWB,1.0969516394925e-05
Africa_Western,Corn,CornAEZ02,CornAEZ02,1990,NOx_AWB,0.00010366038067528
Africa_Western,Corn,CornAEZ03,CornAEZ03,1990,NOx_AWB,0.00021866645908585
Africa_Western,Corn,CornAEZ04,CornAEZ04,1990,NOx_AWB,0.000429656078434358
Africa_Western,Corn,CornAEZ05,CornAEZ05,1990,NOx_AWB,0.00077418758234571
Africa_Western,Corn,CornAEZ06,CornAEZ06,1990,NOx_AWB,0.000179242312066238
Africa_Western,Corn,CornAEZ07,CornAEZ07,1990,NOx_AWB,0
Africa_Western,Corn,CornAEZ09,CornAEZ09,1990,NOx_AWB,1.33905609567437e-07
Africa_Western,Corn,CornAEZ10,CornAEZ10,1990,NOx_AWB,1.15999626892722e-07
Africa_Western,FiberCrop,FiberCropAEZ01,FiberCropAEZ01,1990,NOx_AWB,5.11548382905731e-07
Africa_Western,FiberCrop,FiberCropAEZ02,FiberCropAEZ02,1990,NOx_AWB,1.4971096203731e-05
Africa_Western,FiberCrop,FiberCropAEZ03,FiberCropAEZ03,1990,NOx_AWB,7.79586293771291e-05
Africa_Western,FiberCrop,FiberCropAEZ04,FiberCropAEZ04,1990,NOx_AWB,7.97433423025172e-05
Africa_Western,FiberCrop,FiberCropAEZ05,FiberCropAEZ05,1990,NOx_AWB,6.64435915838378e-05
Africa_Western,FiberCrop,FiberCropAEZ06,FiberCropAEZ06,1990,NOx_AWB,1.49681795917313e-05
Africa_Western,FiberCrop,FiberCropAEZ07,FiberCropAEZ07,1990,NOx_AWB,0
Africa_Western,FiberCrop,FiberCropAEZ09,FiberCropAEZ09,1990,NOx_AWB,1.14128295640842e-09
Africa_Western,FiberCrop,FiberCropAEZ10,FiberCropAEZ10,1990,NOx_AWB,1.14128295640843e-09
Africa_Western,FodderGrass,FodderGrassAEZ01,FodderGrassAEZ01,1990,NOx_AWB,0
Africa_Western,FodderGrass,FodderGrassAEZ02,FodderGrassAEZ02,1990,NOx_AWB,0
Africa_Western,FodderGrass,FodderGrassAEZ03,FodderGrassAEZ03,1990,NOx_AWB,0
Africa_Western,FodderGrass,FodderGrassAEZ04,FodderGrassAEZ04,1990,NOx_AWB,0
Africa_Western,FodderGrass,FodderGrassAEZ05,FodderGrassAEZ05,1990,NOx_AWB,0
Africa_Western,FodderGrass,FodderGrassAEZ06,FodderGrassAEZ06,1990,NOx_AWB,0
Africa_Western,FodderGrass,FodderGrassAEZ07,FodderGrassAEZ07,1990,NOx_AWB,0
Africa_Western,FodderGrass,FodderGrassAEZ09,FodderGrassAEZ09,1990,NOx_AWB,0
Africa_Western,FodderGrass,FodderGrassAEZ10,FodderGrassAEZ10,1990,NOx_AWB,0
Africa_Western,FodderHerb,FodderHerbAEZ01,FodderHerbAEZ01,1990,NOx_AWB,0
Africa_Western,FodderHerb,FodderHerbAEZ02,FodderHerbAEZ02,1990,NOx_AWB,0
Africa_Western,FodderHerb,FodderHerbAEZ03,FodderHerbAEZ03,1990,NOx_AWB,0
Africa_Western,FodderHerb,FodderHerbAEZ04,FodderHerbAEZ04,1990,NOx_AWB,0
Africa_Western,FodderHerb,FodderHerbAEZ05,FodderHerbAEZ05,1990,NOx_AWB,0
Africa_Western,FodderHerb,FodderHerbAEZ06,FodderHerbAEZ06,1990,NOx_AWB,0
Africa_Western,FodderHerb,FodderHerbAEZ07,FodderHerbAEZ07,1990,NOx_AWB,0
Africa_Western,FodderHerb,FodderHerbAEZ09,FodderHerbAEZ09,1990,NOx_AWB,0
Africa_Western,FodderHerb,FodderHerbAEZ10,FodderHerbAEZ10,1990,NOx_AWB,0
Africa_Western,MiscCrop,MiscCropAEZ01,MiscCropAEZ01,1990,NOx_AWB,6.85466743017808e-05
Africa_Western,MiscCrop,MiscCropAEZ02,MiscCropAEZ02,1990,NOx_AWB,0.000458252657498618
Africa_Western,MiscCrop,MiscCropAEZ03,MiscCropAEZ03,1990,NOx_AWB,0.00041294508969308
Africa_Western,MiscCrop,MiscCropAEZ04,MiscCropAEZ04,1990,NOx_AWB,0.000939319004991479
Africa_Western,MiscCrop,MiscCropAEZ05,MiscCropAEZ05,1990,NOx_AWB,0.00194795232823622
Africa_Western,MiscCrop,MiscCropAEZ06,MiscCropAEZ06,1990,NOx_AWB,0.00105399029934902
Africa_Western,MiscCrop,MiscCropAEZ07,MiscCropAEZ07,1990,NOx_AWB,0
Africa_Western,MiscCrop,MiscCropAEZ09,MiscCropAEZ09,1990,NOx_AWB,0
Africa_Western,MiscCrop,MiscCropAEZ10,MiscCropAEZ10,1990,NOx_AWB,5.20918165709538e-09
Africa_Western,OilCrop,OilCropAEZ01,OilCropAEZ01,1990,NOx_AWB,1.10492591440963e-05
Africa_Western,OilCrop,OilCropAEZ02,OilCropAEZ02,1990,NOx_AWB,0.000159977614725951
Africa_Western,OilCrop,OilCropAEZ03,OilCropAEZ03,1990,NOx_AWB,0.000237588480454051
Africa_Western,OilCrop,OilCropAEZ04,OilCropAEZ04,1990,NOx_AWB,0.000193762723227826
Africa_Western,OilCrop,OilCropAEZ05,OilCropAEZ05,1990,NOx_AWB,0.000136143079142068
Africa_Western,OilCrop,OilCropAEZ06,OilCropAEZ06,1990,NOx_AWB,3.02787138678084e-05
Africa_Western,OilCrop,OilCropAEZ07,OilCropAEZ07,1990,NOx_AWB,0
Africa_Western,OilCrop,OilCropAEZ09,OilCropAEZ09,1990,NOx_AWB,2.6247254831408e-09
Africa_Western,OilCrop,OilCropAEZ10,OilCropAEZ10,1990,NOx_AWB,1.65834928252985e-08
Africa_Western,OtherGrain,OtherGrainAEZ01,OtherGrainAEZ01,1990,NOx_AWB,0.000152365727551715
Africa_Western,OtherGrain,OtherGrainAEZ02,OtherGrainAEZ02,1990,NOx_AWB,0.00116512891432595
Africa_Western,OtherGrain,OtherGrainAEZ03,OtherGrainAEZ03,1990,NOx_AWB,0.000984121616935585
Africa_Western,OtherGrain,OtherGrainAEZ04,OtherGrainAEZ04,1990,NOx_AWB,0.000410779340986904
Africa_Western,OtherGrain,OtherGrainAEZ05,OtherGrainAEZ05,1990,NOx_AWB,0.000125994616986542
Africa_Western,OtherGrain,OtherGrainAEZ06,OtherGrainAEZ06,1990,NOx_AWB,1.39573372050963e-05
Africa_Western,OtherGrain,OtherGrainAEZ07,OtherGrainAEZ07,1990,NOx_AWB,0
Africa_Western,OtherGrain,OtherGrainAEZ09,OtherGrainAEZ09,1990,NOx_AWB,7.38264704907341e-10
Africa_Western,OtherGrain,OtherGrainAEZ10,OtherGrainAEZ10,1990,NOx_AWB,3.54367058355523e-09
Africa_Western,PalmFruit,PalmFruitAEZ01,PalmFruitAEZ01,1990,NOx_AWB,0
Africa_Western,PalmFruit,PalmFruitAEZ02,PalmFruitAEZ02,1990,NOx_AWB,1.15397873935431e-07
Africa_Western,PalmFruit,PalmFruitAEZ03,PalmFruitAEZ03,1990,NOx_AWB,2.3120010699786e-05
Africa_Western,PalmFruit,PalmFruitAEZ04,PalmFruitAEZ04,1990,NOx_AWB,0.000254498035713524
Africa_Western,PalmFruit,PalmFruitAEZ05,PalmFruitAEZ05,1990,NOx_AWB,0.00133749401868729
Africa_Western,PalmFruit,PalmFruitAEZ06,PalmFruitAEZ06,1990,NOx_AWB,0.000418909057046024
Africa_Western,PalmFruit,PalmFruitAEZ07,PalmFruitAEZ07,1990,NOx_AWB,0
Africa_Western,PalmFruit,PalmFruitAEZ09,PalmFruitAEZ09,1990,NOx_AWB,6.99852335187924e-09
Africa_Western,PalmFruit,PalmFruitAEZ10,PalmFruitAEZ10,1990,NOx_AWB,1.40281512519891e-07
Africa_Western,Rice,RiceAEZ01,RiceAEZ01,1990,NOx_AWB,4.95000224380431e-05
Africa_Western,Rice,RiceAEZ02,RiceAEZ02,1990,NOx_AWB,0.000101067742345833
Africa_Western,Rice,RiceAEZ03,RiceAEZ03,1990,NOx_AWB,7.93963228538443e-05
Africa_Western,Rice,RiceAEZ04,RiceAEZ04,1990,NOx_AWB,0.000245679455743106
Africa_Western,Rice,RiceAEZ05,RiceAEZ05,1990,NOx_AWB,0.000425398360279463
Africa_Western,Rice,RiceAEZ06,RiceAEZ06,1990,NOx_AWB,0.000125432537054978
Africa_Western,Rice,RiceAEZ07,RiceAEZ07,1990,NOx_AWB,0
Africa_Western,Rice,RiceAEZ09,RiceAEZ09,1990,NOx_AWB,0
Africa_Western,Rice,RiceAEZ10,RiceAEZ10,1990,NOx_AWB,0
Africa_Western,Root_Tuber,Root_TuberAEZ01,Root_TuberAEZ01,1990,NOx_AWB,6.24015378521461e-06
Africa_Western,Root_Tuber,Root_TuberAEZ02,Root_TuberAEZ02,1990,NOx_AWB,8.49356226042403e-05
Africa_Western,Root_Tuber,Root_TuberAEZ03,Root_TuberAEZ03,1990,NOx_AWB,0.000208390312137109
Africa_Western,Root_Tuber,Root_TuberAEZ04,Root_TuberAEZ04,1990,NOx_AWB,0.00223289349904071
Africa_Western,Root_Tuber,Root_TuberAEZ05,Root_TuberAEZ05,1990,NOx_AWB,0.00711115901537324
Africa_Western,Root_Tuber,Root_TuberAEZ06,Root_TuberAEZ06,1990,NOx_AWB,0.0025637838889495
Africa_Western,Root_Tuber,Root_TuberAEZ07,Root_TuberAEZ07,1990,NOx_AWB,0
Africa_Western,Root_Tuber,Root_TuberAEZ09,Root_TuberAEZ09,1990,NOx_AWB,5.55307802907483e-08
Africa_Western,Root_Tuber,Root_TuberAEZ10,Root_TuberAEZ10,1990,NOx_AWB,5.90249840505688e-07
Africa_Western,SugarCrop,SugarCropAEZ01,SugarCropAEZ01,1990,NOx_AWB,0.000100508826310458
Africa_Western,SugarCrop,SugarCropAEZ02,SugarCropAEZ02,1990,NOx_AWB,7.52021837337352e-05
Africa_Western,SugarCrop,SugarCropAEZ03,SugarCropAEZ03,1990,NOx_AWB,6.89837411963095e-05
Africa_Western,SugarCrop,SugarCropAEZ04,SugarCropAEZ04,1990,NOx_AWB,0.000151048712664605
Africa_Western,SugarCrop,SugarCropAEZ05,SugarCropAEZ05,1990,NOx_AWB,0.000609290953359006
Africa_Western,SugarCrop,SugarCropAEZ06,SugarCropAEZ06,1990,NOx_AWB,0.000307670921039999
Africa_Western,SugarCrop,SugarCropAEZ07,SugarCropAEZ07,1990,NOx_AWB,0
Africa_Western,SugarCrop,SugarCropAEZ09,SugarCropAEZ09,1990,NOx_AWB,0
Africa_Western,SugarCrop,SugarCropAEZ10,SugarCropAEZ10,1990,NOx_AWB,0
Africa_Western,Wheat,WheatAEZ01,WheatAEZ01,1990,NOx_AWB,6.28485181023568e-07
Africa_Western,Wheat,WheatAEZ02,WheatAEZ02,1990,NOx_AWB,6.94081058948084e-06
Africa_Western,Wheat,WheatAEZ03,WheatAEZ03,1990,NOx_AWB,3.0512731916383e-06
Africa_Western,Wheat,WheatAEZ04,WheatAEZ04,1990,NOx_AWB,0
Africa_Western,Wheat,WheatAEZ05,WheatAEZ05,1990,NOx_AWB,2.17233102217566e-07
Africa_Western,Wheat,WheatAEZ06,WheatAEZ06,1990,NOx_AWB,4.67264143397393e-07
Africa_Western,Wheat,WheatAEZ07,WheatAEZ07,1990,NOx_AWB,0
Africa_Western,Wheat,WheatAEZ09,WheatAEZ09,1990,NOx_AWB,0
Africa_Western,Wheat,WheatAEZ10,WheatAEZ10,1990,NOx_AWB,0
Africa_Western,Corn,CornAEZ01,CornAEZ01,1990,SO2_AWB,1.54659666879462e-06
Africa_Western,Corn,CornAEZ02,CornAEZ02,1990,SO2_AWB,1.46151200897554e-05
Africa_Western,Corn,CornAEZ03,CornAEZ03,1990,SO2_AWB,3.08298748115963e-05
Africa_Western,Corn,CornAEZ04,CornAEZ04,1990,SO2_AWB,6.05773888027888e-05
Africa_Western,Corn,CornAEZ05,CornAEZ05,1990,SO2_AWB,0.000109153028517464
Africa_Western,Corn,CornAEZ06,CornAEZ06,1990,SO2_AWB,2.52714479625503e-05
Africa_Western,Corn,CornAEZ07,CornAEZ07,1990,SO2_AWB,0
Africa_Western,Corn,CornAEZ09,CornAEZ09,1990,SO2_AWB,1.88794074628234e-08
Africa_Western,Corn,CornAEZ10,CornAEZ10,1990,SO2_AWB,1.63548355346552e-08
Africa_Western,FiberCrop,FiberCropAEZ01,FiberCropAEZ01,1990,SO2_AWB,7.2123418794953e-08
Africa_Western,FiberCrop,FiberCropAEZ02,FiberCropAEZ02,1990,SO2_AWB,2.11078106666638e-06
Africa_Western,FiberCrop,FiberCropAEZ03,FiberCropAEZ03,1990,SO2_AWB,1.09914195081785e-05
Africa_Western,FiberCrop,FiberCropAEZ04,FiberCropAEZ04,1990,SO2_AWB,1.12430469241726e-05
Africa_Western,FiberCrop,FiberCropAEZ05,FiberCropAEZ05,1990,SO2_AWB,9.36790955104054e-06
Africa_Western,FiberCrop,FiberCropAEZ06,FiberCropAEZ06,1990,SO2_AWB,2.11036985233016e-06
Africa_Western,FiberCrop,FiberCropAEZ07,FiberCropAEZ07,1990,SO2_AWB,0
Africa_Western,FiberCrop,FiberCropAEZ09,FiberCropAEZ09,1990,SO2_AWB,1.60909957648631e-10
Africa_Western,FiberCrop,FiberCropAEZ10,FiberCropAEZ10,1990,SO2_AWB,1.60909957648631e-10
Africa_Western,FodderGrass,FodderGrassAEZ01,FodderGrassAEZ01,1990,SO2_AWB,0
Africa_Western,FodderGrass,FodderGrassAEZ02,FodderGrassAEZ02,1990,SO2_AWB,0
Africa_Western,FodderGrass,FodderGrassAEZ03,FodderGrassAEZ03,1990,SO2_AWB,0
Africa_Western,FodderGrass,FodderGrassAEZ04,FodderGrassAEZ04,1990,SO2_AWB,0
Africa_Western,FodderGrass,FodderGrassAEZ05,FodderGrassAEZ05,1990,SO2_AWB,0
Africa_Western,FodderGrass,FodderGrassAEZ06,FodderGrassAEZ06,1990,SO2_AWB,0
Africa_Western,FodderGrass,FodderGrassAEZ07,FodderGrassAEZ07,1990,SO2_AWB,0
Africa_Western,FodderGrass,FodderGrassAEZ09,FodderGrassAEZ09,1990,SO2_AWB,0
Africa_Western,FodderGrass,FodderGrassAEZ10,FodderGrassAEZ10,1990,SO2_AWB,0
Africa_Western,FodderHerb,FodderHerbAEZ01,FodderHerbAEZ01,1990,SO2_AWB,0
Africa_Western,FodderHerb,FodderHerbAEZ02,FodderHerbAEZ02,1990,SO2_AWB,0
Africa_Western,FodderHerb,FodderHerbAEZ03,FodderHerbAEZ03,1990,SO2_AWB,0
Africa_Western,FodderHerb,FodderHerbAEZ04,FodderHerbAEZ04,1990,SO2_AWB,0
Africa_Western,FodderHerb,FodderHerbAEZ05,FodderHerbAEZ05,1990,SO2_AWB,0
Africa_Western,FodderHerb,FodderHerbAEZ06,FodderHerbAEZ06,1990,SO2_AWB,0
Africa_Western,FodderHerb,FodderHerbAEZ07,FodderHerbAEZ07,1990,SO2_AWB,0
Africa_Western,FodderHerb,FodderHerbAEZ09,FodderHerbAEZ09,1990,SO2_AWB,0
Africa_Western,FodderHerb,FodderHerbAEZ10,FodderHerbAEZ10,1990,SO2_AWB,0
Africa_Western,MiscCrop,MiscCropAEZ01,MiscCropAEZ01,1990,SO2_AWB,9.66442405620824e-06
Africa_Western,MiscCrop,MiscCropAEZ02,MiscCropAEZ02,1990,SO2_AWB,6.46092323524431e-05
Africa_Western,MiscCrop,MiscCropAEZ03,MiscCropAEZ03,1990,SO2_AWB,5.82212995652102e-05
Africa_Western,MiscCrop,MiscCropAEZ04,MiscCropAEZ04,1990,SO2_AWB,0.0001324349763247
Africa_Western,MiscCrop,MiscCropAEZ05,MiscCropAEZ05,1990,SO2_AWB,0.000274642607144894
Africa_Western,MiscCrop,MiscCropAEZ06,MiscCropAEZ06,1990,SO2_AWB,0.00014860252970397
Africa_Western,MiscCrop,MiscCropAEZ07,MiscCropAEZ07,1990,SO2_AWB,0
Africa_Western,MiscCrop,MiscCropAEZ09,MiscCropAEZ09,1990,SO2_AWB,0
Africa_Western,MiscCrop,MiscCropAEZ10,MiscCropAEZ10,1990,SO2_AWB,7.34444683608574e-10
Africa_Western,OilCrop,OilCropAEZ01,OilCropAEZ01,1990,SO2_AWB,1.55783963209297e-06
Africa_Western,OilCrop,OilCropAEZ02,OilCropAEZ02,1990,SO2_AWB,2.25553102898258e-05
Africa_Western,OilCrop,OilCropAEZ03,OilCropAEZ03,1990,SO2_AWB,3.34976984568082e-05
Africa_Western,OilCrop,OilCropAEZ04,OilCropAEZ04,1990,SO2_AWB,2.73186867580937e-05
Africa_Western,OilCrop,OilCropAEZ05,OilCropAEZ05,1990,SO2_AWB,1.91948692266852e-05
Africa_Western,OilCrop,OilCropAEZ06,OilCropAEZ06,1990,SO2_AWB,4.2690084336811e-06
Africa_Western,OilCrop,OilCropAEZ07,OilCropAEZ07,1990,SO2_AWB,0
Africa_Western,OilCrop,OilCropAEZ09,OilCropAEZ09,1990,SO2_AWB,3.70061135111112e-10
Africa_Western,OilCrop,OilCropAEZ10,OilCropAEZ10,1990,SO2_AWB,2.33811353547474e-09
Africa_Western,OtherGrain,OtherGrainAEZ01,OtherGrainAEZ01,1990,SO2_AWB,2.14821071582492e-05
Africa_Western,OtherGrain,OtherGrainAEZ02,OtherGrainAEZ02,1990,SO2_AWB,0.000164272009151332
Africa_Western,OtherGrain,OtherGrainAEZ03,OtherGrainAEZ03,1990,SO2_AWB,0.000138751715175476
Africa_Western,OtherGrain,OtherGrainAEZ04,OtherGrainAEZ04,1990,SO2_AWB,5.79159497563555e-05
Africa_Western,OtherGrain,OtherGrainAEZ05,OtherGrainAEZ05,1990,SO2_AWB,1.77640333358354e-05
Africa_Western,OtherGrain,OtherGrainAEZ06,OtherGrainAEZ06,1990,SO2_AWB,1.96785076474583e-06
Africa_Western,OtherGrain,OtherGrainAEZ07,OtherGrainAEZ07,1990,SO2_AWB,0
Africa_Western,OtherGrain,OtherGrainAEZ09,OtherGrainAEZ09,1990,SO2_AWB,1.0408824711968e-10
Africa_Western,OtherGrain,OtherGrainAEZ10,OtherGrainAEZ10,1990,SO2_AWB,4.99623586174464e-10
Africa_Western,PalmFruit,PalmFruitAEZ01,PalmFruitAEZ01,1990,SO2_AWB,0
Africa_Western,PalmFruit,PalmFruitAEZ02,PalmFruitAEZ02,1990,SO2_AWB,1.62699941354834e-08
Africa_Western,PalmFruit,PalmFruitAEZ03,PalmFruitAEZ03,1990,SO2_AWB,3.25969990320885e-06
Africa_Western,PalmFruit,PalmFruitAEZ04,PalmFruitAEZ04,1990,SO2_AWB,3.58817836701908e-05
Africa_Western,PalmFruit,PalmFruitAEZ05,PalmFruitAEZ05,1990,SO2_AWB,0.000188573836745575
Africa_Western,PalmFruit,PalmFruitAEZ06,PalmFruitAEZ06,1990,SO2_AWB,5.90621617973074e-05
Africa_Western,PalmFruit,PalmFruitAEZ07,PalmFruitAEZ07,1990,SO2_AWB,0
Africa_Western,PalmFruit,PalmFruitAEZ09,PalmFruitAEZ09,1990,SO2_AWB,9.86724711720693e-10
Africa_Western,PalmFruit,PalmFruitAEZ10,PalmFruitAEZ10,1990,SO2_AWB,1.9778348666046e-08
Africa_Western,Rice,RiceAEZ01,RiceAEZ01,1990,SO2_AWB,6.97902870570985e-06
Africa_Western,Rice,RiceAEZ02,RiceAEZ02,1990,SO2_AWB,1.42495829357596e-05
Africa_Western,Rice,RiceAEZ03,RiceAEZ03,1990,SO2_AWB,1.11941205080935e-05
Africa_Western,Rice,RiceAEZ04,RiceAEZ04,1990,SO2_AWB,3.46384484205113e-05
Africa_Western,Rice,RiceAEZ05,RiceAEZ05,1990,SO2_AWB,5.99770913532063e-05
Africa_Western,Rice,RiceAEZ06,RiceAEZ06,1990,SO2_AWB,1.76847854530248e-05
Africa_Western,Rice,RiceAEZ07,RiceAEZ07,1990,SO2_AWB,0
Africa_Western,Rice,RiceAEZ09,RiceAEZ09,1990,SO2_AWB,0
Africa_Western,Rice,RiceAEZ10,RiceAEZ10,1990,SO2_AWB,0
Africa_Western,Root_Tuber,Root_TuberAEZ01,Root_TuberAEZ01,1990,SO2_AWB,8.79801871798473e-07
Africa_Western,Root_Tuber,Root_TuberAEZ02,Root_TuberAEZ02,1990,SO2_AWB,1.19751086786733e-05
Africa_Western,Root_Tuber,Root_TuberAEZ03,Root_TuberAEZ03,1990,SO2_AWB,2.93810365887627e-05
Africa_Western,Root_Tuber,Root_TuberAEZ04,Root_TuberAEZ04,1990,SO2_AWB,0.000314816581065252
Africa_Western,Root_Tuber,Root_TuberAEZ05,Root_TuberAEZ05,1990,SO2_AWB,0.00100260526065974
Africa_Western,Root_Tuber,Root_TuberAEZ06,Root_TuberAEZ06,1990,SO2_AWB,0.000361468954455737
Africa_Western,Root_Tuber,Root_TuberAEZ07,Root_TuberAEZ07,1990,SO2_AWB,0
Africa_Western,Root_Tuber,Root_TuberAEZ09,Root_TuberAEZ09,1990,SO2_AWB,7.82930775808595e-09
Africa_Western,Root_Tuber,Root_TuberAEZ10,Root_TuberAEZ10,1990,SO2_AWB,8.32195699625366e-08
Africa_Western,SugarCrop,SugarCropAEZ01,SugarCropAEZ01,1990,SO2_AWB,1.41707811319857e-05
Africa_Western,SugarCrop,SugarCropAEZ02,SugarCropAEZ02,1990,SO2_AWB,1.06027870930103e-05
Africa_Western,SugarCrop,SugarCropAEZ03,SugarCropAEZ03,1990,SO2_AWB,9.72604629904761e-06
Africa_Western,SugarCrop,SugarCropAEZ04,SugarCropAEZ04,1990,SO2_AWB,2.12964206827635e-05
Africa_Western,SugarCrop,SugarCropAEZ05,SugarCropAEZ05,1990,SO2_AWB,8.59041843656573e-05
Africa_Western,SugarCrop,SugarCropAEZ06,SugarCropAEZ06,1990,SO2_AWB,4.33786508387536e-05
Africa_Western,SugarCrop,SugarCropAEZ07,SugarCropAEZ07,1990,SO2_AWB,0
Africa_Western,SugarCrop,SugarCropAEZ09,SugarCropAEZ09,1990,SO2_AWB,0
Africa_Western,SugarCrop,SugarCropAEZ10,SugarCropAEZ10,1990,SO2_AWB,0
Africa_Western,Wheat,WheatAEZ01,WheatAEZ01,1990,SO2_AWB,8.86103864895568e-08
Africa_Western,Wheat,WheatAEZ02,WheatAEZ02,1990,SO2_AWB,9.78587765399742e-07
Africa_Western,Wheat,WheatAEZ03,WheatAEZ03,1990,SO2_AWB,4.30200273546552e-07
Africa_Western,Wheat,WheatAEZ04,WheatAEZ04,1990,SO2_AWB,0
Africa_Western,Wheat,WheatAEZ05,WheatAEZ05,1990,SO2_AWB,3.06277852319036e-08
Africa_Western,Wheat,WheatAEZ06,WheatAEZ06,1990,SO2_AWB,6.58797654890164e-08
Africa_Western,Wheat,WheatAEZ07,WheatAEZ07,1990,SO2_AWB,0
Africa_Western,Wheat,WheatAEZ09,WheatAEZ09,1990,SO2_AWB,0
Africa_Western,Wheat,WheatAEZ10,WheatAEZ10,1990,SO2_AWB,0
Australia_NZ,Corn,CornAEZ01,CornAEZ01,1990,CH4_AWB,8.74455117519965e-07
Australia_NZ,Corn,CornAEZ02,CornAEZ02,1990,CH4_AWB,1.39311865657222e-07
Australia_NZ,Corn,CornAEZ03,CornAEZ03,1990,CH4_AWB,2.41303175146958e-06
Australia_NZ,Corn,CornAEZ04,CornAEZ04,1990,CH4_AWB,1.68847346979158e-06
Australia_NZ,Corn,CornAEZ05,CornAEZ05,1990,CH4_AWB,6.35098211084397e-08
Australia_NZ,Corn,CornAEZ06,CornAEZ06,1990,CH4_AWB,1.78237239884976e-07
Australia_NZ,Corn,CornAEZ07,CornAEZ07,1990,CH4_AWB,1.55233709518977e-05
Australia_NZ,Corn,CornAEZ08,CornAEZ08,1990,CH4_AWB,1.30331713532749e-05
Australia_NZ,Corn,CornAEZ09,CornAEZ09,1990,CH4_AWB,1.20357940013515e-05
Australia_NZ,Corn,CornAEZ10,CornAEZ10,1990,CH4_AWB,9.28131159876133e-06
Australia_NZ,Corn,CornAEZ11,CornAEZ11,1990,CH4_AWB,4.07463305501796e-05
Australia_NZ,Corn,CornAEZ12,CornAEZ12,1990,CH4_AWB,6.84086136000672e-05
Australia_NZ,Corn,CornAEZ15,CornAEZ15,1990,CH4_AWB,0
Australia_NZ,Corn,CornAEZ16,CornAEZ16,1990,CH4_AWB,1.10220270181744e-06
Australia_NZ,Corn,CornAEZ17,CornAEZ17,1990,CH4_AWB,0
Australia_NZ,FiberCrop,FiberCropAEZ01,FiberCropAEZ01,1990,CH4_AWB,8.42628493756473e-09
Australia_NZ,FiberCrop,FiberCropAEZ02,FiberCropAEZ02,1990,CH4_AWB,0
Australia_NZ,FiberCrop,FiberCropAEZ03,FiberCropAEZ03,1990,CH4_AWB,0
Australia_NZ,FiberCrop,FiberCropAEZ04,FiberCropAEZ04,1990,CH4_AWB,0
Australia_NZ,FiberCrop,FiberCropAEZ05,FiberCropAEZ05,1990,CH4_AWB,0
Australia_NZ,FiberCrop,FiberCropAEZ06,FiberCropAEZ06,1990,CH4_AWB,0
Australia_NZ,FiberCrop,FiberCropAEZ07,FiberCropAEZ07,1990,CH4_AWB,6.16489476125403e-05
Australia_NZ,FiberCrop,FiberCropAEZ08,FiberCropAEZ08,1990,CH4_AWB,7.27859684145195e-05
Australia_NZ,FiberCrop,FiberCropAEZ09,FiberCropAEZ09,1990,CH4_AWB,5.62920774015655e-05
Australia_NZ,FiberCrop,FiberCropAEZ10,FiberCropAEZ10,1990,CH4_AWB,3.589990610033e-05
Australia_NZ,FiberCrop,FiberCropAEZ11,FiberCropAEZ11,1990,CH4_AWB,1.41078479948e-05
Australia_NZ,FiberCrop,FiberCropAEZ12,FiberCropAEZ12,1990,CH4_AWB,7.8811604773372e-05
Australia_NZ,FiberCrop,FiberCropAEZ15,FiberCropAEZ15,1990,CH4_AWB,0
Australia_NZ,FiberCrop,FiberCropAEZ16,FiberCropAEZ16,1990,CH4_AWB,7.30278027922277e-09
Australia_NZ,FiberCrop,FiberCropAEZ17,FiberCropAEZ17,1990,CH4_AWB,0
Australia_NZ,FodderGrass,FodderGrassAEZ01,FodderGrassAEZ01,1990,CH4_AWB,2.93051509229714e-06
Australia_NZ,FodderGrass,FodderGrassAEZ02,FodderGrassAEZ02,1990,CH4_AWB,2.98564497782257e-05
Australia_NZ,FodderGrass,FodderGrassAEZ03,FodderGrassAEZ03,1990,CH4_AWB,1.81856953220175e-05
Australia_NZ,FodderGrass,FodderGrassAEZ04,FodderGrassAEZ04,1990,CH4_AWB,1.76426522170941e-05
Australia_NZ,FodderGrass,FodderGrassAEZ05,FodderGrassAEZ05,1990,CH4_AWB,4.01785266587528e-07
Australia_NZ,FodderGrass,FodderGrassAEZ06,FodderGrassAEZ06,1990,CH4_AWB,1.24520442143764e-06
Australia_NZ,FodderGrass,FodderGrassAEZ07,FodderGrassAEZ07,1990,CH4_AWB,0.000501054553759106
Australia_NZ,FodderGrass,FodderGrassAEZ08,FodderGrassAEZ08,1990,CH4_AWB,0.00103520355033412
Australia_NZ,FodderGrass,FodderGrassAEZ09,FodderGrassAEZ09,1990,CH4_AWB,0.000925491486562121
Australia_NZ,FodderGrass,FodderGrassAEZ10,FodderGrassAEZ10,1990,CH4_AWB,0.000297168073367066
Australia_NZ,FodderGrass,FodderGrassAEZ11,FodderGrassAEZ11,1990,CH4_AWB,0.000148220312376146
Australia_NZ,FodderGrass,FodderGrassAEZ12,FodderGrassAEZ12,1990,CH4_AWB,0.000185211128067141
Australia_NZ,FodderGrass,FodderGrassAEZ15,FodderGrassAEZ15,1990,CH4_AWB,3.08778063550661e-10
Australia_NZ,FodderGrass,FodderGrassAEZ16,FodderGrassAEZ16,1990,CH4_AWB,2.03793521943436e-08
Australia_NZ,FodderGrass,FodderGrassAEZ17,FodderGrassAEZ17,1990,CH4_AWB,4.58096634492947e-07
Australia_NZ,FodderHerb,FodderHerbAEZ01,FodderHerbAEZ01,1990,CH4_AWB,0
Australia_NZ,FodderHerb,FodderHerbAEZ02,FodderHerbAEZ02,1990,CH4_AWB,3.91728655211434e-07
Australia_NZ,FodderHerb,FodderHerbAEZ03,FodderHerbAEZ03,1990,CH4_AWB,0
Australia_NZ,FodderHerb,FodderHerbAEZ04,FodderHerbAEZ04,1990,CH4_AWB,1.06368267800858e-07
Australia_NZ,FodderHerb,FodderHerbAEZ05,FodderHerbAEZ05,1990,CH4_AWB,0
Australia_NZ,FodderHerb,FodderHerbAEZ06,FodderHerbAEZ06,1990,CH4_AWB,3.97120426027547e-06
Australia_NZ,FodderHerb,FodderHerbAEZ07,FodderHerbAEZ07,1990,CH4_AWB,0.000180961032925427
Australia_NZ,FodderHerb,FodderHerbAEZ08,FodderHerbAEZ08,1990,CH4_AWB,0.000180424790140858
Australia_NZ,FodderHerb,FodderHerbAEZ09,FodderHerbAEZ09,1990,CH4_AWB,0.000248812984168463
Australia_NZ,FodderHerb,FodderHerbAEZ10,FodderHerbAEZ10,1990,CH4_AWB,0.000125151803533098
Australia_NZ,FodderHerb,FodderHerbAEZ11,FodderHerbAEZ11,1990,CH4_AWB,0.000985405169372537
Australia_NZ,FodderHerb,FodderHerbAEZ12,FodderHerbAEZ12,1990,CH4_AWB,0.00161213470578493
Australia_NZ,FodderHerb,FodderHerbAEZ15,FodderHerbAEZ15,1990,CH4_AWB,2.11636174210672e-07
Australia_NZ,FodderHerb,FodderHerbAEZ16,FodderHerbAEZ16,1990,CH4_AWB,3.03751094126215e-05
Australia_NZ,FodderHerb,FodderHerbAEZ17,FodderHerbAEZ17,1990,CH4_AWB,7.29906389392096e-08
Australia_NZ,MiscCrop,MiscCropAEZ01,MiscCropAEZ01,1990,CH4_AWB,2.62286359992378e-06
Australia_NZ,MiscCrop,MiscCropAEZ02,MiscCropAEZ02,1990,CH4_AWB,1.97138500244626e-05
Australia_NZ,MiscCrop,MiscCropAEZ03,MiscCropAEZ03,1990,CH4_AWB,2.06503205274227e-05
Australia_NZ,MiscCrop,MiscCropAEZ04,MiscCropAEZ04,1990,CH4_AWB,1.80871522583648e-05
Australia_NZ,MiscCrop,MiscCropAEZ05,MiscCropAEZ05,1990,CH4_AWB,4.65836778364839e-07
Australia_NZ,MiscCrop,MiscCropAEZ06,MiscCropAEZ06,1990,CH4_AWB,1.42042907819484e-06
Australia_NZ,MiscCrop,MiscCropAEZ07,MiscCropAEZ07,1990,CH4_AWB,0.000225133478444666
Australia_NZ,MiscCrop,MiscCropAEZ08,MiscCropAEZ08,1990,CH4_AWB,0.000510606144538219
Australia_NZ,MiscCrop,MiscCropAEZ09,MiscCropAEZ09,1990,CH4_AWB,0.000363663955635518
Australia_NZ,MiscCrop,MiscCropAEZ10,MiscCropAEZ10,1990,CH4_AWB,0.000146543509371559
Australia_NZ,MiscCrop,MiscCropAEZ11,MiscCropAEZ11,1990,CH4_AWB,0.000413958337878155
Australia_NZ,MiscCrop,MiscCropAEZ12,MiscCropAEZ12,1990,CH4_AWB,0.000632361700761707
Australia_NZ,MiscCrop,MiscCropAEZ15,MiscCropAEZ15,1990,CH4_AWB,0
Australia_NZ,MiscCrop,MiscCropAEZ16,MiscCropAEZ16,1990,CH4_AWB,9.08328418408879e-06
Australia_NZ,MiscCrop,MiscCropAEZ17,MiscCropAEZ17,1990,CH4_AWB,3.77892764142646e-07
Australia_NZ,OilCrop,OilCropAEZ01,OilCropAEZ01,1990,CH4_AWB,6.69904052415525e-09
Australia_NZ,OilCrop,OilCropAEZ02,OilCropAEZ02,1990,CH4_AWB,6.76834094337067e-08
Australia_NZ,OilCrop,OilCropAEZ03,OilCropAEZ03,1990,CH4_AWB,8.96285421852495e-08
Australia_NZ,OilCrop,OilCropAEZ04,OilCropAEZ04,1990,CH4_AWB,8.16243437658711e-07
Australia_NZ,OilCrop,OilCropAEZ05,OilCropAEZ05,1990,CH4_AWB,0
Australia_NZ,OilCrop,OilCropAEZ06,OilCropAEZ06,1990,CH4_AWB,3.11851886469296e-09
Australia_NZ,OilCrop,OilCropAEZ07,OilCropAEZ07,1990,CH4_AWB,2.21368639113724e-05
Australia_NZ,OilCrop,OilCropAEZ08,OilCropAEZ08,1990,CH4_AWB,2.48789659990271e-05
Australia_NZ,OilCrop,OilCropAEZ09,OilCropAEZ09,1990,CH4_AWB,4.98207643781424e-05
Australia_NZ,OilCrop,OilCropAEZ10,OilCropAEZ10,1990,CH4_AWB,2.06087896676728e-05
Australia_NZ,OilCrop,OilCropAEZ11,OilCropAEZ11,1990,CH4_AWB,9.82679944474365e-06
Australia_NZ,OilCrop,OilCropAEZ12,OilCropAEZ12,1990,CH4_AWB,8.71776173589987e-06
Australia_NZ,OilCrop,OilCropAEZ15,OilCropAEZ15,1990,CH4_AWB,0
Australia_NZ,OilCrop,OilCropAEZ16,OilCropAEZ16,1990,CH4_AWB,1.73251048038498e-09
Australia_NZ,OilCrop,OilCropAEZ17,OilCropAEZ17,1990,CH4_AWB,0
Australia_NZ,OtherGrain,OtherGrainAEZ01,OtherGrainAEZ01,1990,CH4_AWB,8.77946292701304e-07
Australia_NZ,OtherGrain,OtherGrainAEZ02,OtherGrainAEZ02,1990,CH4_AWB,5.79404525236385e-06
Australia_NZ,OtherGrain,OtherGrainAEZ03,OtherGrainAEZ03,1990,CH4_AWB,1.02538256222029e-06
Australia_NZ,OtherGrain,OtherGrainAEZ04,OtherGrainAEZ04,1990,CH4_AWB,9.40189749471088e-06
Australia_NZ,OtherGrain,OtherGrainAEZ05,OtherGrainAEZ05,1990,CH4_AWB,1.86797083553468e-08
Australia_NZ,OtherGrain,OtherGrainAEZ06,OtherGrainAEZ06,1990,CH4_AWB,3.1021658518701e-07
Australia_NZ,OtherGrain,OtherGrainAEZ07,OtherGrainAEZ07,1990,CH4_AWB,0.00043103026750498
Australia_NZ,OtherGrain,OtherGrainAEZ08,OtherGrainAEZ08,1990,CH4_AWB,0.000714283027247264
Australia_NZ,OtherGrain,OtherGrainAEZ09,OtherGrainAEZ09,1990,CH4_AWB,0.000850725954832914
Australia_NZ,OtherGrain,OtherGrainAEZ10,OtherGrainAEZ10,1990,CH4_AWB,0.0002625433009344
Australia_NZ,OtherGrain,OtherGrainAEZ11,OtherGrainAEZ11,1990,CH4_AWB,0.000151710920636377
Australia_NZ,OtherGrain,OtherGrainAEZ12,OtherGrainAEZ12,1990,CH4_AWB,0.000279282654584335
Australia_NZ,OtherGrain,OtherGrainAEZ15,OtherGrainAEZ15,1990,CH4_AWB,2.60181652092331e-08
Australia_NZ,OtherGrain,OtherGrainAEZ16,OtherGrainAEZ16,1990,CH4_AWB,1.95336378801626e-06
Australia_NZ,OtherGrain,OtherGrainAEZ17,OtherGrainAEZ17,1990,CH4_AWB,1.45768438415832e-07
Australia_NZ,PalmFruit,PalmFruitAEZ01,PalmFruitAEZ01,1990,CH4_AWB,0
Australia_NZ,PalmFruit,PalmFruitAEZ02,PalmFruitAEZ02,1990,CH4_AWB,0
Australia_NZ,PalmFruit,PalmFruitAEZ03,PalmFruitAEZ03,1990,CH4_AWB,0
Australia_NZ,PalmFruit,PalmFruitAEZ04,PalmFruitAEZ04,1990,CH4_AWB,0
Australia_NZ,PalmFruit,PalmFruitAEZ05,PalmFruitAEZ05,1990,CH4_AWB,0
Australia_NZ,PalmFruit,PalmFruitAEZ06,PalmFruitAEZ06,1990,CH4_AWB,0
Australia_NZ,PalmFruit,PalmFruitAEZ07,PalmFruitAEZ07,1990,CH4_AWB,0
Australia_NZ,PalmFruit,PalmFruitAEZ08,PalmFruitAEZ08,1990,CH4_AWB,0
Australia_NZ,PalmFruit,PalmFruitAEZ09,PalmFruitAEZ09,1990,CH4_AWB,0
Australia_NZ,PalmFruit,PalmFruitAEZ10,PalmFruitAEZ10,1990,CH4_AWB,0
Australia_NZ,PalmFruit,PalmFruitAEZ11,PalmFruitAEZ11,1990,CH4_AWB,0
Australia_NZ,PalmFruit,PalmFruitAEZ12,PalmFruitAEZ12,1990,CH4_AWB,0
Australia_NZ,PalmFruit,PalmFruitAEZ15,PalmFruitAEZ15,1990,CH4_AWB,0
Australia_NZ,PalmFruit,PalmFruitAEZ16,PalmFruitAEZ16,1990,CH4_AWB,0
Australia_NZ,PalmFruit,PalmFruitAEZ17,PalmFruitAEZ17,1990,CH4_AWB,0
Australia_NZ,Rice,RiceAEZ01,RiceAEZ01,1990,CH4_AWB,0
Australia_NZ,Rice,RiceAEZ02,RiceAEZ02,1990,CH4_AWB,0
Australia_NZ,Rice,RiceAEZ03,RiceAEZ03,1990,CH4_AWB,0
Australia_NZ,Rice,RiceAEZ04,RiceAEZ04,1990,CH4_AWB,0
Australia_NZ,Rice,RiceAEZ05,RiceAEZ05,1990,CH4_AWB,0
Australia_NZ,Rice,RiceAEZ06,RiceAEZ06,1990,CH4_AWB,0
Australia_NZ,Rice,RiceAEZ07,RiceAEZ07,1990,CH4_AWB,0.000102765103082725
Australia_NZ,Rice,RiceAEZ08,RiceAEZ08,1990,CH4_AWB,5.69245629232965e-05
Australia_NZ,Rice,RiceAEZ09,RiceAEZ09,1990,CH4_AWB,0.000107244796888056
Australia_NZ,Rice,RiceAEZ10,RiceAEZ10,1990,CH4_AWB,2.56092882738609e-05
Australia_NZ,Rice,RiceAEZ11,RiceAEZ11,1990,CH4_AWB,9.35327099852697e-06
Australia_NZ,Rice,RiceAEZ12,RiceAEZ12,1990,CH4_AWB,0
Australia_NZ,Rice,RiceAEZ15,RiceAEZ15,1990,CH4_AWB,0
Australia_NZ,Rice,RiceAEZ16,RiceAEZ16,1990,CH4_AWB,0
Australia_NZ,Rice,RiceAEZ17,RiceAEZ17,1990,CH4_AWB,0
Australia_NZ,Root_Tuber,Root_TuberAEZ01,Root_TuberAEZ01,1990,CH4_AWB,0
Australia_NZ,Root_Tuber,Root_TuberAEZ02,Root_TuberAEZ02,1990,CH4_AWB,0
Australia_NZ,Root_Tuber,Root_TuberAEZ03,Root_TuberAEZ03,1990,CH4_AWB,0
Australia_NZ,Root_Tuber,Root_TuberAEZ04,Root_TuberAEZ04,1990,CH4_AWB,0
Australia_NZ,Root_Tuber,Root_TuberAEZ05,Root_TuberAEZ05,1990,CH4_AWB,0
Australia_NZ,Root_Tuber,Root_TuberAEZ06,Root_TuberAEZ06,1990,CH4_AWB,0
Australia_NZ,Root_Tuber,Root_TuberAEZ07,Root_TuberAEZ07,1990,CH4_AWB,1.83346158140312e-05
Australia_NZ,Root_Tuber,Root_TuberAEZ08,Root_TuberAEZ08,1990,CH4_AWB,7.08663063499029e-06
Australia_NZ,Root_Tuber,Root_TuberAEZ09,Root_TuberAEZ09,1990,CH4_AWB,2.25945936389152e-05
Australia_NZ,Root_Tuber,Root_TuberAEZ10,Root_TuberAEZ10,1990,CH4_AWB,5.62043119326816e-06
Australia_NZ,Root_Tuber,Root_TuberAEZ11,Root_TuberAEZ11,1990,CH4_AWB,0.000198350046597755
Australia_NZ,Root_Tuber,Root_TuberAEZ12,Root_TuberAEZ12,1990,CH4_AWB,0.000228340290484939
Australia_NZ,Root_Tuber,Root_TuberAEZ15,Root_TuberAEZ15,1990,CH4_AWB,0
Australia_NZ,Root_Tuber,Root_TuberAEZ16,Root_TuberAEZ16,1990,CH4_AWB,3.30333200080071e-06
Australia_NZ,Root_Tuber,Root_TuberAEZ17,Root_TuberAEZ17,1990,CH4_AWB,1.62837994798138e-06
Australia_NZ,SugarCrop,SugarCropAEZ01,SugarCropAEZ01,1990,CH4_AWB,4.34511326172303e-05
Australia_NZ,SugarCrop,SugarCropAEZ02,SugarCropAEZ02,1990,CH4_AWB,0.000922439337675892
Australia_NZ,SugarCrop,SugarCropAEZ03,SugarCropAEZ03,1990,CH4_AWB,0.00122299296977272
Australia_NZ,SugarCrop,SugarCropAEZ04,SugarCropAEZ04,1990,CH4_AWB,0.000600858952115774
Australia_NZ,SugarCrop,SugarCropAEZ05,SugarCropAEZ05,1990,CH4_AWB,2.19370376926911e-05
Australia_NZ,SugarCrop,SugarCropAEZ06,SugarCropAEZ06,1990,CH4_AWB,6.07337692708299e-05
Australia_NZ,SugarCrop,SugarCropAEZ07,SugarCropAEZ07,1990,CH4_AWB,0.00117044160561934
Australia_NZ,SugarCrop,SugarCropAEZ08,SugarCropAEZ08,1990,CH4_AWB,0.000580515927119236
Australia_NZ,SugarCrop,SugarCropAEZ09,SugarCropAEZ09,1990,CH4_AWB,0.000569839668107539
Australia_NZ,SugarCrop,SugarCropAEZ10,SugarCropAEZ10,1990,CH4_AWB,0.00176602334591192
Australia_NZ,SugarCrop,SugarCropAEZ11,SugarCropAEZ11,1990,CH4_AWB,0.000470431292708085
Australia_NZ,SugarCrop,SugarCropAEZ12,SugarCropAEZ12,1990,CH4_AWB,0.0008375505468953
Australia_NZ,SugarCrop,SugarCropAEZ15,SugarCropAEZ15,1990,CH4_AWB,0
Australia_NZ,SugarCrop,SugarCropAEZ16,SugarCropAEZ16,1990,CH4_AWB,0
Australia_NZ,SugarCrop,SugarCropAEZ17,SugarCropAEZ17,1990,CH4_AWB,0
Australia_NZ,Wheat,WheatAEZ01,WheatAEZ01,1990,CH4_AWB,3.1143187050921e-06
Australia_NZ,Wheat,WheatAEZ02,WheatAEZ02,1990,CH4_AWB,3.29809447126458e-05
Australia_NZ,Wheat,WheatAEZ03,WheatAEZ03,1990,CH4_AWB,0
Australia_NZ,Wheat,WheatAEZ04,WheatAEZ04,1990,CH4_AWB,4.88079794574967e-06
Australia_NZ,Wheat,WheatAEZ05,WheatAEZ05,1990,CH4_AWB,0
Australia_NZ,Wheat,WheatAEZ06,WheatAEZ06,1990,CH4_AWB,2.12545156033108e-07
Australia_NZ,Wheat,WheatAEZ07,WheatAEZ07,1990,CH4_AWB,0.000740056753690705
Australia_NZ,Wheat,WheatAEZ08,WheatAEZ08,1990,CH4_AWB,0.00164378682365216
Australia_NZ,Wheat,WheatAEZ09,WheatAEZ09,1990,CH4_AWB,0.00136162651721898
Australia_NZ,Wheat,WheatAEZ10,WheatAEZ10,1990,CH4_AWB,0.000407221360200205
Australia_NZ,Wheat,WheatAEZ11,WheatAEZ11,1990,CH4_AWB,0.000198169814379767
Australia_NZ,Wheat,WheatAEZ12,WheatAEZ12,1990,CH4_AWB,0.000370081755029453
Australia_NZ,Wheat,WheatAEZ15,WheatAEZ15,1990,CH4_AWB,2.22543486590051e-08
Australia_NZ,Wheat,WheatAEZ16,WheatAEZ16,1990,CH4_AWB,1.51394076239668e-06
Australia_NZ,Wheat,WheatAEZ17,WheatAEZ17,1990,CH4_AWB,8.38569659614689e-09
Australia_NZ,Corn,CornAEZ01,CornAEZ01,1990,CO_AWB,3.68852521446509e-05
Australia_NZ,Corn,CornAEZ02,CornAEZ02,1990,CO_AWB,5.87629163413413e-06
Australia_NZ,Corn,CornAEZ03,CornAEZ03,1990,CO_AWB,0.000101783708280456
Australia_NZ,Corn,CornAEZ04,CornAEZ04,1990,CO_AWB,7.1221230712729e-05
Australia_NZ,Corn,CornAEZ05,CornAEZ05,1990,CO_AWB,2.67889765673764e-06
Australia_NZ,Corn,CornAEZ06,CornAEZ06,1990,CO_AWB,7.51819664955401e-06
Australia_NZ,Corn,CornAEZ07,CornAEZ07,1990,CO_AWB,0.000654788839614315
Australia_NZ,Corn,CornAEZ08,CornAEZ08,1990,CO_AWB,0.000549750126654169
Australia_NZ,Corn,CornAEZ09,CornAEZ09,1990,CO_AWB,0.000507679911302929
Australia_NZ,Corn,CornAEZ10,CornAEZ10,1990,CO_AWB,0.000391493527448616
Australia_NZ,Corn,CornAEZ11,CornAEZ11,1990,CO_AWB,0.00171871448425522
Australia_NZ,Corn,CornAEZ12,CornAEZ12,1990,CO_AWB,0.00288553284319577
Australia_NZ,Corn,CornAEZ15,CornAEZ15,1990,CO_AWB,0
Australia_NZ,Corn,CornAEZ16,CornAEZ16,1990,CO_AWB,4.64918367524144e-05
Australia_NZ,Corn,CornAEZ17,CornAEZ17,1990,CO_AWB,0
Australia_NZ,FiberCrop,FiberCropAEZ01,FiberCropAEZ01,1990,CO_AWB,3.55427783928148e-07
Australia_NZ,FiberCrop,FiberCropAEZ02,FiberCropAEZ02,1990,CO_AWB,0
Australia_NZ,FiberCrop,FiberCropAEZ03,FiberCropAEZ03,1990,CO_AWB,0
Australia_NZ,FiberCrop,FiberCropAEZ04,FiberCropAEZ04,1990,CO_AWB,0
Australia_NZ,FiberCrop,FiberCropAEZ05,FiberCropAEZ05,1990,CO_AWB,0
Australia_NZ,FiberCrop,FiberCropAEZ06,FiberCropAEZ06,1990,CO_AWB,0
Australia_NZ,FiberCrop,FiberCropAEZ07,FiberCropAEZ07,1990,CO_AWB,0.00260040444796071
Australia_NZ,FiberCrop,FiberCropAEZ08,FiberCropAEZ08,1990,CO_AWB,0.00307017334997854
Australia_NZ,FiberCrop,FiberCropAEZ09,FiberCropAEZ09,1990,CO_AWB,0.00237444715812478
Australia_NZ,FiberCrop,FiberCropAEZ10,FiberCropAEZ10,1990,CO_AWB,0.00151428822583308
Australia_NZ,FiberCrop,FiberCropAEZ11,FiberCropAEZ11,1990,CO_AWB,0.0005950808910381
Australia_NZ,FiberCrop,FiberCropAEZ12,FiberCropAEZ12,1990,CO_AWB,0.00332433975826556
Australia_NZ,FiberCrop,FiberCropAEZ15,FiberCropAEZ15,1990,CO_AWB,0
Australia_NZ,FiberCrop,FiberCropAEZ16,FiberCropAEZ16,1990,CO_AWB,3.08037412737728e-07
Australia_NZ,FiberCrop,FiberCropAEZ17,FiberCropAEZ17,1990,CO_AWB,0
Australia_NZ,FodderGrass,FodderGrassAEZ01,FodderGrassAEZ01,1990,CO_AWB,0.000123611590723657
Australia_NZ,FodderGrass,FodderGrassAEZ02,FodderGrassAEZ02,1990,CO_AWB,0.00125937015651214
Australia_NZ,FodderGrass,FodderGrassAEZ03,FodderGrassAEZ03,1990,CO_AWB,0.000767087920167728
Australia_NZ,FodderGrass,FodderGrassAEZ04,FodderGrassAEZ04,1990,CO_AWB,0.000744181905382975
Australia_NZ,FodderGrass,FodderGrassAEZ05,FodderGrassAEZ05,1990,CO_AWB,1.69476403867559e-05
Australia_NZ,FodderGrass,FodderGrassAEZ06,FodderGrassAEZ06,1990,CO_AWB,5.25237695293297e-05
Australia_NZ,FodderGrass,FodderGrassAEZ07,FodderGrassAEZ07,1990,CO_AWB,0.0211349023904686
Australia_NZ,FodderGrass,FodderGrassAEZ08,FodderGrassAEZ08,1990,CO_AWB,0.043665756206453
Australia_NZ,FodderGrass,FodderGrassAEZ09,FodderGrassAEZ09,1990,CO_AWB,0.039038009104901
Australia_NZ,FodderGrass,FodderGrassAEZ10,FodderGrassAEZ10,1990,CO_AWB,0.0125347992091019
Australia_NZ,FodderGrass,FodderGrassAEZ11,FodderGrassAEZ11,1990,CO_AWB,0.00625205740742693
Australia_NZ,FodderGrass,FodderGrassAEZ12,FodderGrassAEZ12,1990,CO_AWB,0.00781236111708817
Australia_NZ,FodderGrass,FodderGrassAEZ15,FodderGrassAEZ15,1990,CO_AWB,1.30245183573337e-08
Australia_NZ,FodderGrass,FodderGrassAEZ16,FodderGrassAEZ16,1990,CO_AWB,8.59618211584024e-07
Australia_NZ,FodderGrass,FodderGrassAEZ17,FodderGrassAEZ17,1990,CO_AWB,1.93229012345537e-05
Australia_NZ,FodderHerb,FodderHerbAEZ01,FodderHerbAEZ01,1990,CO_AWB,0
Australia_NZ,FodderHerb,FodderHerbAEZ02,FodderHerbAEZ02,1990,CO_AWB,1.65234440627868e-05
Australia_NZ,FodderHerb,FodderHerbAEZ03,FodderHerbAEZ03,1990,CO_AWB,0
Australia_NZ,FodderHerb,FodderHerbAEZ04,FodderHerbAEZ04,1990,CO_AWB,4.48670297585036e-06
Australia_NZ,FodderHerb,FodderHerbAEZ05,FodderHerbAEZ05,1990,CO_AWB,0
Australia_NZ,FodderHerb,FodderHerbAEZ06,FodderHerbAEZ06,1990,CO_AWB,0.000167508734894937
Australia_NZ,FodderHerb,FodderHerbAEZ07,FodderHerbAEZ07,1990,CO_AWB,0.00763308853030806
Australia_NZ,FodderHerb,FodderHerbAEZ08,FodderHerbAEZ08,1990,CO_AWB,0.00761046935875396
Australia_NZ,FodderHerb,FodderHerbAEZ09,FodderHerbAEZ09,1990,CO_AWB,0.0104951408872134
Australia_NZ,FodderHerb,FodderHerbAEZ10,FodderHerbAEZ10,1990,CO_AWB,0.00527900830721681
Australia_NZ,FodderHerb,FodderHerbAEZ11,FodderHerbAEZ11,1990,CO_AWB,0.0415652186244065
Australia_NZ,FodderHerb,FodderHerbAEZ12,FodderHerbAEZ12,1990,CO_AWB,0.0680011974572977
Australia_NZ,FodderHerb,FodderHerbAEZ15,FodderHerbAEZ15,1990,CO_AWB,8.926991782985e-06
Australia_NZ,FodderHerb,FodderHerbAEZ16,FodderHerbAEZ16,1990,CO_AWB,0.00128124765600714
Australia_NZ,FodderHerb,FodderHerbAEZ17,FodderHerbAEZ17,1990,CO_AWB,3.07880652480767e-06
Australia_NZ,MiscCrop,MiscCropAEZ01,MiscCropAEZ01,1990,CO_AWB,0.000110634592085862
Australia_NZ,MiscCrop,MiscCropAEZ02,MiscCropAEZ02,1990,CO_AWB,0.000831546770469365
Australia_NZ,MiscCrop,MiscCropAEZ03,MiscCropAEZ03,1990,CO_AWB,0.000871047883717664
Australia_NZ,MiscCrop,MiscCropAEZ04,MiscCropAEZ04,1990,CO_AWB,0.000762931290882687
Australia_NZ,MiscCrop,MiscCropAEZ05,MiscCropAEZ05,1990,CO_AWB,1.96493870113884e-05
Australia_NZ,MiscCrop,MiscCropAEZ06,MiscCropAEZ06,1990,CO_AWB,5.99148928894166e-05
Australia_NZ,MiscCrop,MiscCropAEZ07,MiscCropAEZ07,1990,CO_AWB,0.00949631942481514
Australia_NZ,MiscCrop,MiscCropAEZ08,MiscCropAEZ08,1990,CO_AWB,0.0215377965210093
Australia_NZ,MiscCrop,MiscCropAEZ09,MiscCropAEZ09,1990,CO_AWB,0.0153396514364055
Australia_NZ,MiscCrop,MiscCropAEZ10,MiscCropAEZ10,1990,CO_AWB,0.00618132844674966
Australia_NZ,MiscCrop,MiscCropAEZ11,MiscCropAEZ11,1990,CO_AWB,0.0174611107695504
Australia_NZ,MiscCrop,MiscCropAEZ12,MiscCropAEZ12,1990,CO_AWB,0.0266735482609642
Australia_NZ,MiscCrop,MiscCropAEZ15,MiscCropAEZ15,1990,CO_AWB,0
Australia_NZ,MiscCrop,MiscCropAEZ16,MiscCropAEZ16,1990,CO_AWB,0.000383140564585907
Australia_NZ,MiscCrop,MiscCropAEZ17,MiscCropAEZ17,1990,CO_AWB,1.59398345435635e-05
Australia_NZ,OilCrop,OilCropAEZ01,OilCropAEZ01,1990,CO_AWB,2.82571162212976e-07
Australia_NZ,OilCrop,OilCropAEZ02,OilCropAEZ02,1990,CO_AWB,2.85494312166904e-06
Australia_NZ,OilCrop,OilCropAEZ03,OilCropAEZ03,1990,CO_AWB,3.78060727374602e-06
Australia_NZ,OilCrop,OilCropAEZ04,OilCropAEZ04,1990,CO_AWB,3.44298345406742e-05
Australia_NZ,OilCrop,OilCropAEZ05,OilCropAEZ05,1990,CO_AWB,0
Australia_NZ,OilCrop,OilCropAEZ06,OilCropAEZ06,1990,CO_AWB,1.3154174792673e-07
Australia_NZ,OilCrop,OilCropAEZ07,OilCropAEZ07,1990,CO_AWB,0.000933751533616193
Australia_NZ,OilCrop,OilCropAEZ08,OilCropAEZ08,1990,CO_AWB,0.00104941570537651
Australia_NZ,OilCrop,OilCropAEZ09,OilCropAEZ09,1990,CO_AWB,0.00210148173337789
Australia_NZ,OilCrop,OilCropAEZ10,OilCropAEZ10,1990,CO_AWB,0.000869296077132091
Australia_NZ,OilCrop,OilCropAEZ11,OilCropAEZ11,1990,CO_AWB,0.000414502663466898
Australia_NZ,OilCrop,OilCropAEZ12,OilCropAEZ12,1990,CO_AWB,0.000367722520370881
Australia_NZ,OilCrop,OilCropAEZ15,OilCropAEZ15,1990,CO_AWB,0
Australia_NZ,OilCrop,OilCropAEZ16,OilCropAEZ16,1990,CO_AWB,7.30787488481835e-08
Australia_NZ,OilCrop,OilCropAEZ17,OilCropAEZ17,1990,CO_AWB,0
Australia_NZ,OtherGrain,OtherGrainAEZ01,OtherGrainAEZ01,1990,CO_AWB,3.70325128493627e-05
Australia_NZ,OtherGrain,OtherGrainAEZ02,OtherGrainAEZ02,1990,CO_AWB,0.000244397700681395
Australia_NZ,OtherGrain,OtherGrainAEZ03,OtherGrainAEZ03,1990,CO_AWB,4.32514986698102e-05
Australia_NZ,OtherGrain,OtherGrainAEZ04,OtherGrainAEZ04,1990,CO_AWB,0.000396579941934704
Australia_NZ,OtherGrain,OtherGrainAEZ05,OtherGrainAEZ05,1990,CO_AWB,7.87925805305587e-07
Australia_NZ,OtherGrain,OtherGrainAEZ06,OtherGrainAEZ06,1990,CO_AWB,1.30851964095392e-05
Australia_NZ,OtherGrain,OtherGrainAEZ07,OtherGrainAEZ07,1990,CO_AWB,0.0181812191161824
Australia_NZ,OtherGrain,OtherGrainAEZ08,OtherGrainAEZ08,1990,CO_AWB,0.0301290586958665
Australia_NZ,OtherGrain,OtherGrainAEZ09,OtherGrainAEZ09,1990,CO_AWB,0.0358843361097884
Australia_NZ,OtherGrain,OtherGrainAEZ10,OtherGrainAEZ10,1990,CO_AWB,0.01107429719357
Australia_NZ,OtherGrain,OtherGrainAEZ11,OtherGrainAEZ11,1990,CO_AWB,0.00639929419892968
Australia_NZ,OtherGrain,OtherGrainAEZ12,OtherGrainAEZ12,1990,CO_AWB,0.0117803772058495
Australia_NZ,OtherGrain,OtherGrainAEZ15,OtherGrainAEZ15,1990,CO_AWB,1.09746808596135e-06
Australia_NZ,OtherGrain,OtherGrainAEZ16,OtherGrainAEZ16,1990,CO_AWB,8.23945270690984e-05
Australia_NZ,OtherGrain,OtherGrainAEZ17,OtherGrainAEZ17,1990,CO_AWB,6.14863530211683e-06
Australia_NZ,PalmFruit,PalmFruitAEZ01,PalmFruitAEZ01,1990,CO_AWB,0
Australia_NZ,PalmFruit,PalmFruitAEZ02,PalmFruitAEZ02,1990,CO_AWB,0
Australia_NZ,PalmFruit,PalmFruitAEZ03,PalmFruitAEZ03,1990,CO_AWB,0
Australia_NZ,PalmFruit,PalmFruitAEZ04,PalmFruitAEZ04,1990,CO_AWB,0
Australia_NZ,PalmFruit,PalmFruitAEZ05,PalmFruitAEZ05,1990,CO_AWB,0
Australia_NZ,PalmFruit,PalmFruitAEZ06,PalmFruitAEZ06,1990,CO_AWB,0
Australia_NZ,PalmFruit,PalmFruitAEZ07,PalmFruitAEZ07,1990,CO_AWB,0
Australia_NZ,PalmFruit,PalmFruitAEZ08,PalmFruitAEZ08,1990,CO_AWB,0
Australia_NZ,PalmFruit,PalmFruitAEZ09,PalmFruitAEZ09,1990,CO_AWB,0
Australia_NZ,PalmFruit,PalmFruitAEZ10,PalmFruitAEZ10,1990,CO_AWB,0
Australia_NZ,PalmFruit,PalmFruitAEZ11,PalmFruitAEZ11,1990,CO_AWB,0
Australia_NZ,PalmFruit,PalmFruitAEZ12,PalmFruitAEZ12,1990,CO_AWB,0
Australia_NZ,PalmFruit,PalmFruitAEZ15,PalmFruitAEZ15,1990,CO_AWB,0
Australia_NZ,PalmFruit,PalmFruitAEZ16,PalmFruitAEZ16,1990,CO_AWB,0
Australia_NZ,PalmFruit,PalmFruitAEZ17,PalmFruitAEZ17,1990,CO_AWB,0
Australia_NZ,Rice,RiceAEZ01,RiceAEZ01,1990,CO_AWB,0
Australia_NZ,Rice,RiceAEZ02,RiceAEZ02,1990,CO_AWB,0
Australia_NZ,Rice,RiceAEZ03,RiceAEZ03,1990,CO_AWB,0
Australia_NZ,Rice,RiceAEZ04,RiceAEZ04,1990,CO_AWB,0
Australia_NZ,Rice,RiceAEZ05,RiceAEZ05,1990,CO_AWB,0
Australia_NZ,Rice,RiceAEZ06,RiceAEZ06,1990,CO_AWB,0
Australia_NZ,Rice,RiceAEZ07,RiceAEZ07,1990,CO_AWB,0.00433471845830992
Australia_NZ,Rice,RiceAEZ08,RiceAEZ08,1990,CO_AWB,0.00240112592925834
Australia_NZ,Rice,RiceAEZ09,RiceAEZ09,1990,CO_AWB,0.00452367570977993
Australia_NZ,Rice,RiceAEZ10,RiceAEZ10,1990,CO_AWB,0.00108022131302221
Australia_NZ,Rice,RiceAEZ11,RiceAEZ11,1990,CO_AWB,0.000394528835437962
Australia_NZ,Rice,RiceAEZ12,RiceAEZ12,1990,CO_AWB,0
Australia_NZ,Rice,RiceAEZ15,RiceAEZ15,1990,CO_AWB,0
Australia_NZ,Rice,RiceAEZ16,RiceAEZ16,1990,CO_AWB,0
Australia_NZ,Rice,RiceAEZ17,RiceAEZ17,1990,CO_AWB,0
Australia_NZ,Root_Tuber,Root_TuberAEZ01,Root_TuberAEZ01,1990,CO_AWB,0
Australia_NZ,Root_Tuber,Root_TuberAEZ02,Root_TuberAEZ02,1990,CO_AWB,0
Australia_NZ,Root_Tuber,Root_TuberAEZ03,Root_TuberAEZ03,1990,CO_AWB,0
Australia_NZ,Root_Tuber,Root_TuberAEZ04,Root_TuberAEZ04,1990,CO_AWB,0
Australia_NZ,Root_Tuber,Root_TuberAEZ05,Root_TuberAEZ05,1990,CO_AWB,0
Australia_NZ,Root_Tuber,Root_TuberAEZ06,Root_TuberAEZ06,1990,CO_AWB,0
Australia_NZ,Root_Tuber,Root_TuberAEZ07,Root_TuberAEZ07,1990,CO_AWB,0.000773369511741014
Australia_NZ,Root_Tuber,Root_TuberAEZ08,Root_TuberAEZ08,1990,CO_AWB,0.000298920038994062
Australia_NZ,Root_Tuber,Root_TuberAEZ09,Root_TuberAEZ09,1990,CO_AWB,0.000953058958407075
Australia_NZ,Root_Tuber,Root_TuberAEZ10,Root_TuberAEZ10,1990,CO_AWB,0.000237074513684945
Australia_NZ,Root_Tuber,Root_TuberAEZ11,Root_TuberAEZ11,1990,CO_AWB,0.00836657174860026
Australia_NZ,Root_Tuber,Root_TuberAEZ12,Root_TuberAEZ12,1990,CO_AWB,0.00963158545312934
Australia_NZ,Root_Tuber,Root_TuberAEZ15,Root_TuberAEZ15,1990,CO_AWB,0
Australia_NZ,Root_Tuber,Root_TuberAEZ16,Root_TuberAEZ16,1990,CO_AWB,0.000139337321408319
Australia_NZ,Root_Tuber,Root_TuberAEZ17,Root_TuberAEZ17,1990,CO_AWB,6.86864354329945e-05
Australia_NZ,SugarCrop,SugarCropAEZ01,SugarCropAEZ01,1990,CO_AWB,0.00183280530978265
Australia_NZ,SugarCrop,SugarCropAEZ02,SugarCropAEZ02,1990,CO_AWB,0.0389092668984732
Australia_NZ,SugarCrop,SugarCropAEZ03,SugarCropAEZ03,1990,CO_AWB,0.0515868718215513
Australia_NZ,SugarCrop,SugarCropAEZ04,SugarCropAEZ04,1990,CO_AWB,0.0253447358339178
Australia_NZ,SugarCrop,SugarCropAEZ05,SugarCropAEZ05,1990,CO_AWB,0.000925322695687866
Australia_NZ,SugarCrop,SugarCropAEZ06,SugarCropAEZ06,1990,CO_AWB,0.00256180145597749
Australia_NZ,SugarCrop,SugarCropAEZ07,SugarCropAEZ07,1990,CO_AWB,0.049370211093623
Australia_NZ,SugarCrop,SugarCropAEZ08,SugarCropAEZ08,1990,CO_AWB,0.024486649934083
Australia_NZ,SugarCrop,SugarCropAEZ09,SugarCropAEZ09,1990,CO_AWB,0.0240363163518119
Australia_NZ,SugarCrop,SugarCropAEZ10,SugarCropAEZ10,1990,CO_AWB,0.0744923496954824
Australia_NZ,SugarCrop,SugarCropAEZ11,SugarCropAEZ11,1990,CO_AWB,0.0198431874896948
Australia_NZ,SugarCrop,SugarCropAEZ12,SugarCropAEZ12,1990,CO_AWB,0.0353285863244068
Australia_NZ,SugarCrop,SugarCropAEZ15,SugarCropAEZ15,1990,CO_AWB,0
Australia_NZ,SugarCrop,SugarCropAEZ16,SugarCropAEZ16,1990,CO_AWB,0
Australia_NZ,SugarCrop,SugarCropAEZ17,SugarCropAEZ17,1990,CO_AWB,0
Australia_NZ,Wheat,WheatAEZ01,WheatAEZ01,1990,CO_AWB,0.000131364581663052
Australia_NZ,Wheat,WheatAEZ02,WheatAEZ02,1990,CO_AWB,0.00139116398008496
Australia_NZ,Wheat,WheatAEZ03,WheatAEZ03,1990,CO_AWB,0
Australia_NZ,Wheat,WheatAEZ04,WheatAEZ04,1990,CO_AWB,0.000205876161382246
Australia_NZ,Wheat,WheatAEZ05,WheatAEZ05,1990,CO_AWB,0
Australia_NZ,Wheat,WheatAEZ06,WheatAEZ06,1990,CO_AWB,8.96533340057485e-06
Australia_NZ,Wheat,WheatAEZ07,WheatAEZ07,1990,CO_AWB,0.0312162161491499
Australia_NZ,Wheat,WheatAEZ08,WheatAEZ08,1990,CO_AWB,0.0693363104036961
Australia_NZ,Wheat,WheatAEZ09,WheatAEZ09,1990,CO_AWB,0.0574345514231817
Australia_NZ,Wheat,WheatAEZ10,WheatAEZ10,1990,CO_AWB,0.0171769393862908
Australia_NZ,Wheat,WheatAEZ11,WheatAEZ11,1990,CO_AWB,0.00835896940209684
Australia_NZ,Wheat,WheatAEZ12,WheatAEZ12,1990,CO_AWB,0.0156103596112634
Australia_NZ,Wheat,WheatAEZ15,WheatAEZ15,1990,CO_AWB,9.3870713905867e-07
Australia_NZ,Wheat,WheatAEZ16,WheatAEZ16,1990,CO_AWB,6.38592943585712e-05
Australia_NZ,Wheat,WheatAEZ17,WheatAEZ17,1990,CO_AWB,3.5371573355834e-07
Australia_NZ,Corn,CornAEZ01,CornAEZ01,1990,N2O_AWB,2.26797631746875e-08
Australia_NZ,Corn,CornAEZ02,CornAEZ02,1990,N2O_AWB,3.61317585914583e-09
Australia_NZ,Corn,CornAEZ03,CornAEZ03,1990,N2O_AWB,6.25841024426071e-08
Australia_NZ,Corn,CornAEZ04,CornAEZ04,1990,N2O_AWB,4.37920456457751e-08
Australia_NZ,Corn,CornAEZ05,CornAEZ05,1990,N2O_AWB,1.64718311225767e-09
Australia_NZ,Corn,CornAEZ06,CornAEZ06,1990,N2O_AWB,4.62273970214248e-09
Australia_NZ,Corn,CornAEZ07,CornAEZ07,1990,N2O_AWB,4.02612289422419e-07
Australia_NZ,Corn,CornAEZ08,CornAEZ08,1990,N2O_AWB,3.38026770940189e-07
Australia_NZ,Corn,CornAEZ09,CornAEZ09,1990,N2O_AWB,3.12158911419196e-07
Australia_NZ,Corn,CornAEZ10,CornAEZ10,1990,N2O_AWB,2.40718985792408e-07
Australia_NZ,Corn,CornAEZ11,CornAEZ11,1990,N2O_AWB,1.05679194803787e-06
Australia_NZ,Corn,CornAEZ12,CornAEZ12,1990,N2O_AWB,1.77423760748111e-06
Australia_NZ,Corn,CornAEZ15,CornAEZ15,1990,N2O_AWB,0
Australia_NZ,Corn,CornAEZ16,CornAEZ16,1990,N2O_AWB,2.85865972385363e-08
Australia_NZ,Corn,CornAEZ17,CornAEZ17,1990,N2O_AWB,0
Australia_NZ,FiberCrop,FiberCropAEZ01,FiberCropAEZ01,1990,N2O_AWB,2.18543116733537e-10
Australia_NZ,FiberCrop,FiberCropAEZ02,FiberCropAEZ02,1990,N2O_AWB,0
Australia_NZ,FiberCrop,FiberCropAEZ03,FiberCropAEZ03,1990,N2O_AWB,0
Australia_NZ,FiberCrop,FiberCropAEZ04,FiberCropAEZ04,1990,N2O_AWB,0
Australia_NZ,FiberCrop,FiberCropAEZ05,FiberCropAEZ05,1990,N2O_AWB,0
Australia_NZ,FiberCrop,FiberCropAEZ06,FiberCropAEZ06,1990,N2O_AWB,0
Australia_NZ,FiberCrop,FiberCropAEZ07,FiberCropAEZ07,1990,N2O_AWB,1.59891972018702e-06
Australia_NZ,FiberCrop,FiberCropAEZ08,FiberCropAEZ08,1990,N2O_AWB,1.88776815757374e-06
Australia_NZ,FiberCrop,FiberCropAEZ09,FiberCropAEZ09,1990,N2O_AWB,1.45998457610895e-06
Australia_NZ,FiberCrop,FiberCropAEZ10,FiberCropAEZ10,1990,N2O_AWB,9.31095664072679e-07
Australia_NZ,FiberCrop,FiberCropAEZ11,FiberCropAEZ11,1990,N2O_AWB,3.65899455576403e-07
Australia_NZ,FiberCrop,FiberCropAEZ12,FiberCropAEZ12,1990,N2O_AWB,2.04404834034989e-06
Australia_NZ,FiberCrop,FiberCropAEZ15,FiberCropAEZ15,1990,N2O_AWB,0
Australia_NZ,FiberCrop,FiberCropAEZ16,FiberCropAEZ16,1990,N2O_AWB,1.89404034502399e-10
Australia_NZ,FiberCrop,FiberCropAEZ17,FiberCropAEZ17,1990,N2O_AWB,0
Australia_NZ,FodderGrass,FodderGrassAEZ01,FodderGrassAEZ01,1990,N2O_AWB,7.60054883796014e-08
Australia_NZ,FodderGrass,FodderGrassAEZ02,FodderGrassAEZ02,1990,N2O_AWB,7.74353304864328e-07
Australia_NZ,FodderGrass,FodderGrassAEZ03,FodderGrassAEZ03,1990,N2O_AWB,4.71662015358912e-07
Australia_NZ,FodderGrass,FodderGrassAEZ04,FodderGrassAEZ04,1990,N2O_AWB,4.57577714442199e-07
Australia_NZ,FodderGrass,FodderGrassAEZ05,FodderGrassAEZ05,1990,N2O_AWB,1.04206545432857e-08
Australia_NZ,FodderGrass,FodderGrassAEZ06,FodderGrassAEZ06,1990,N2O_AWB,3.22954727080486e-08
Australia_NZ,FodderGrass,FodderGrassAEZ07,FodderGrassAEZ07,1990,N2O_AWB,1.29952908836351e-05
Australia_NZ,FodderGrass,FodderGrassAEZ08,FodderGrassAEZ08,1990,N2O_AWB,2.68489152716721e-05
Australia_NZ,FodderGrass,FodderGrassAEZ09,FodderGrassAEZ09,1990,N2O_AWB,2.40034363283821e-05
Australia_NZ,FodderGrass,FodderGrassAEZ10,FodderGrassAEZ10,1990,N2O_AWB,7.7073155522923e-06
Australia_NZ,FodderGrass,FodderGrassAEZ11,FodderGrassAEZ11,1990,N2O_AWB,3.84422426608128e-06
Australia_NZ,FodderGrass,FodderGrassAEZ12,FodderGrassAEZ12,1990,N2O_AWB,4.80361363061447e-06
Australia_NZ,FodderGrass,FodderGrassAEZ15,FodderGrassAEZ15,1990,N2O_AWB,8.00843086690234e-12
Australia_NZ,FodderGrass,FodderGrassAEZ16,FodderGrassAEZ16,1990,N2O_AWB,5.28556437215555e-10
Australia_NZ,FodderGrass,FodderGrassAEZ17,FodderGrassAEZ17,1990,N2O_AWB,1.18811394355917e-08
Australia_NZ,FodderHerb,FodderHerbAEZ01,FodderHerbAEZ01,1990,N2O_AWB,0
Australia_NZ,FodderHerb,FodderHerbAEZ02,FodderHerbAEZ02,1990,N2O_AWB,1.01598274753436e-08
Australia_NZ,FodderHerb,FodderHerbAEZ03,FodderHerbAEZ03,1990,N2O_AWB,0
Australia_NZ,FodderHerb,FodderHerbAEZ04,FodderHerbAEZ04,1990,N2O_AWB,2.75875465154462e-09
Australia_NZ,FodderHerb,FodderHerbAEZ05,FodderHerbAEZ05,1990,N2O_AWB,0
Australia_NZ,FodderHerb,FodderHerbAEZ06,FodderHerbAEZ06,1990,N2O_AWB,1.02996677973357e-07
Australia_NZ,FodderHerb,FodderHerbAEZ07,FodderHerbAEZ07,1990,N2O_AWB,4.69338367214919e-06
Australia_NZ,FodderHerb,FodderHerbAEZ08,FodderHerbAEZ08,1990,N2O_AWB,4.67947574352658e-06
Australia_NZ,FodderHerb,FodderHerbAEZ09,FodderHerbAEZ09,1990,N2O_AWB,6.45318375142242e-06
Australia_NZ,FodderHerb,FodderHerbAEZ10,FodderHerbAEZ10,1990,N2O_AWB,3.24592218416617e-06
Australia_NZ,FodderHerb,FodderHerbAEZ11,FodderHerbAEZ11,1990,N2O_AWB,2.55573504285333e-05
Australia_NZ,FodderHerb,FodderHerbAEZ12,FodderHerbAEZ12,1990,N2O_AWB,4.18121326073226e-05
Australia_NZ,FodderHerb,FodderHerbAEZ15,FodderHerbAEZ15,1990,N2O_AWB,5.48897046186635e-09
Australia_NZ,FodderHerb,FodderHerbAEZ16,FodderHerbAEZ16,1990,N2O_AWB,7.87805199010399e-07
Australia_NZ,FodderHerb,FodderHerbAEZ17,FodderHerbAEZ17,1990,N2O_AWB,1.89307646778407e-09
Australia_NZ,MiscCrop,MiscCropAEZ01,MiscCropAEZ01,1990,N2O_AWB,6.80262761277986e-08
Australia_NZ,MiscCrop,MiscCropAEZ02,MiscCropAEZ02,1990,N2O_AWB,5.112960526598e-07
Australia_NZ,MiscCrop,MiscCropAEZ03,MiscCropAEZ03,1990,N2O_AWB,5.35584239442274e-07
Australia_NZ,MiscCrop,MiscCropAEZ04,MiscCropAEZ04,1990,N2O_AWB,4.69106214264751e-07
Australia_NZ,MiscCrop,MiscCropAEZ05,MiscCropAEZ05,1990,N2O_AWB,1.20818868798406e-08
Australia_NZ,MiscCrop,MiscCropAEZ06,MiscCropAEZ06,1990,N2O_AWB,3.68400784150746e-08
Australia_NZ,MiscCrop,MiscCropAEZ07,MiscCropAEZ07,1990,N2O_AWB,5.83903492760115e-06
Australia_NZ,MiscCrop,MiscCropAEZ08,MiscCropAEZ08,1990,N2O_AWB,1.32430197978716e-05
Australia_NZ,MiscCrop,MiscCropAEZ09,MiscCropAEZ09,1990,N2O_AWB,9.43194478908783e-06
Australia_NZ,MiscCrop,MiscCropAEZ10,MiscCropAEZ10,1990,N2O_AWB,3.80073490422301e-06
Australia_NZ,MiscCrop,MiscCropAEZ11,MiscCropAEZ11,1990,N2O_AWB,1.07363738620347e-05
Australia_NZ,MiscCrop,MiscCropAEZ12,MiscCropAEZ12,1990,N2O_AWB,1.64008573186613e-05
Australia_NZ,MiscCrop,MiscCropAEZ15,MiscCropAEZ15,1990,N2O_AWB,0
Australia_NZ,MiscCrop,MiscCropAEZ16,MiscCropAEZ16,1990,N2O_AWB,2.35582970487693e-07
Australia_NZ,MiscCrop,MiscCropAEZ17,MiscCropAEZ17,1990,N2O_AWB,9.80098146202178e-09
Australia_NZ,OilCrop,OilCropAEZ01,OilCropAEZ01,1990,N2O_AWB,1.73745512538563e-10
Australia_NZ,OilCrop,OilCropAEZ02,OilCropAEZ02,1990,N2O_AWB,1.75542879909652e-09
Australia_NZ,OilCrop,OilCropAEZ03,OilCropAEZ03,1990,N2O_AWB,2.32459513327456e-09
Australia_NZ,OilCrop,OilCropAEZ04,OilCropAEZ04,1990,N2O_AWB,2.11699920191384e-08
Australia_NZ,OilCrop,OilCropAEZ05,OilCropAEZ05,1990,N2O_AWB,0
Australia_NZ,OilCrop,OilCropAEZ06,OilCropAEZ06,1990,N2O_AWB,8.08815316989863e-11
Australia_NZ,OilCrop,OilCropAEZ07,OilCropAEZ07,1990,N2O_AWB,5.74139050571398e-07
Australia_NZ,OilCrop,OilCropAEZ08,OilCropAEZ08,1990,N2O_AWB,6.45257881833089e-07
Australia_NZ,OilCrop,OilCropAEZ09,OilCropAEZ09,1990,N2O_AWB,1.29214537674929e-06
Australia_NZ,OilCrop,OilCropAEZ10,OilCropAEZ10,1990,N2O_AWB,5.34507100038893e-07
Australia_NZ,OilCrop,OilCropAEZ11,OilCropAEZ11,1990,N2O_AWB,2.54866693220362e-07
Australia_NZ,OilCrop,OilCropAEZ12,OilCropAEZ12,1990,N2O_AWB,2.26102824058374e-07
Australia_NZ,OilCrop,OilCropAEZ15,OilCropAEZ15,1990,N2O_AWB,0
Australia_NZ,OilCrop,OilCropAEZ16,OilCropAEZ16,1990,N2O_AWB,4.49341842772146e-11
Australia_NZ,OilCrop,OilCropAEZ17,OilCropAEZ17,1990,N2O_AWB,0
Australia_NZ,OtherGrain,OtherGrainAEZ01,OtherGrainAEZ01,1990,N2O_AWB,2.27703098759735e-08
Australia_NZ,OtherGrain,OtherGrainAEZ02,OtherGrainAEZ02,1990,N2O_AWB,1.50273663581178e-07
Australia_NZ,OtherGrain,OtherGrainAEZ03,OtherGrainAEZ03,1990,N2O_AWB,2.6594199300434e-08
Australia_NZ,OtherGrain,OtherGrainAEZ04,OtherGrainAEZ04,1990,N2O_AWB,2.4384648714445e-07
Australia_NZ,OtherGrain,OtherGrainAEZ05,OtherGrainAEZ05,1990,N2O_AWB,4.84474678212201e-10
Australia_NZ,OtherGrain,OtherGrainAEZ06,OtherGrainAEZ06,1990,N2O_AWB,8.04574019173834e-09
Australia_NZ,OtherGrain,OtherGrainAEZ07,OtherGrainAEZ07,1990,N2O_AWB,1.11791493837441e-05
Australia_NZ,OtherGrain,OtherGrainAEZ08,OtherGrainAEZ08,1990,N2O_AWB,1.85255590288165e-05
Australia_NZ,OtherGrain,OtherGrainAEZ09,OtherGrainAEZ09,1990,N2O_AWB,2.20643264538158e-05
Australia_NZ,OtherGrain,OtherGrainAEZ10,OtherGrainAEZ10,1990,N2O_AWB,6.80929160227249e-06
Australia_NZ,OtherGrain,OtherGrainAEZ11,OtherGrainAEZ11,1990,N2O_AWB,3.93475626376934e-06
Australia_NZ,OtherGrain,OtherGrainAEZ12,OtherGrainAEZ12,1990,N2O_AWB,7.24344147328541e-06
Australia_NZ,OtherGrain,OtherGrainAEZ15,OtherGrainAEZ15,1990,N2O_AWB,6.74804016081281e-10
Australia_NZ,OtherGrain,OtherGrainAEZ16,OtherGrainAEZ16,1990,N2O_AWB,5.06622092073329e-08
Australia_NZ,OtherGrain,OtherGrainAEZ17,OtherGrainAEZ17,1990,N2O_AWB,3.78063275676308e-09
Australia_NZ,PalmFruit,PalmFruitAEZ01,PalmFruitAEZ01,1990,N2O_AWB,0
Australia_NZ,PalmFruit,PalmFruitAEZ02,PalmFruitAEZ02,1990,N2O_AWB,0
Australia_NZ,PalmFruit,PalmFruitAEZ03,PalmFruitAEZ03,1990,N2O_AWB,0
Australia_NZ,PalmFruit,PalmFruitAEZ04,PalmFruitAEZ04,1990,N2O_AWB,0
Australia_NZ,PalmFruit,PalmFruitAEZ05,PalmFruitAEZ05,1990,N2O_AWB,0
Australia_NZ,PalmFruit,PalmFruitAEZ06,PalmFruitAEZ06,1990,N2O_AWB,0
Australia_NZ,PalmFruit,PalmFruitAEZ07,PalmFruitAEZ07,1990,N2O_AWB,0
Australia_NZ,PalmFruit,PalmFruitAEZ08,PalmFruitAEZ08,1990,N2O_AWB,0
Australia_NZ,PalmFruit,PalmFruitAEZ09,PalmFruitAEZ09,1990,N2O_AWB,0
Australia_NZ,PalmFruit,PalmFruitAEZ10,PalmFruitAEZ10,1990,N2O_AWB,0
Australia_NZ,PalmFruit,PalmFruitAEZ11,PalmFruitAEZ11,1990,N2O_AWB,0
Australia_NZ,PalmFruit,PalmFruitAEZ12,PalmFruitAEZ12,1990,N2O_AWB,0
Australia_NZ,PalmFruit,PalmFruitAEZ15,PalmFruitAEZ15,1990,N2O_AWB,0
Australia_NZ,PalmFruit,PalmFruitAEZ16,PalmFruitAEZ16,1990,N2O_AWB,0
Australia_NZ,PalmFruit,PalmFruitAEZ17,PalmFruitAEZ17,1990,N2O_AWB,0
Australia_NZ,Rice,RiceAEZ01,RiceAEZ01,1990,N2O_AWB,0
Australia_NZ,Rice,RiceAEZ02,RiceAEZ02,1990,N2O_AWB,0
Australia_NZ,Rice,RiceAEZ03,RiceAEZ03,1990,N2O_AWB,0
Australia_NZ,Rice,RiceAEZ04,RiceAEZ04,1990,N2O_AWB,0
Australia_NZ,Rice,RiceAEZ05,RiceAEZ05,1990,N2O_AWB,0
Australia_NZ,Rice,RiceAEZ06,RiceAEZ06,1990,N2O_AWB,0
Australia_NZ,Rice,RiceAEZ07,RiceAEZ07,1990,N2O_AWB,2.66530340304784e-06
Australia_NZ,Rice,RiceAEZ08,RiceAEZ08,1990,N2O_AWB,1.47638864483343e-06
Australia_NZ,Rice,RiceAEZ09,RiceAEZ09,1990,N2O_AWB,2.78148820494843e-06
Australia_NZ,Rice,RiceAEZ10,RiceAEZ10,1990,N2O_AWB,6.64199432865925e-07
Australia_NZ,Rice,RiceAEZ11,RiceAEZ11,1990,N2O_AWB,2.42585316164522e-07
Australia_NZ,Rice,RiceAEZ12,RiceAEZ12,1990,N2O_AWB,0
Australia_NZ,Rice,RiceAEZ15,RiceAEZ15,1990,N2O_AWB,0
Australia_NZ,Rice,RiceAEZ16,RiceAEZ16,1990,N2O_AWB,0
Australia_NZ,Rice,RiceAEZ17,RiceAEZ17,1990,N2O_AWB,0
Australia_NZ,Root_Tuber,Root_TuberAEZ01,Root_TuberAEZ01,1990,N2O_AWB,0
Australia_NZ,Root_Tuber,Root_TuberAEZ02,Root_TuberAEZ02,1990,N2O_AWB,0
Australia_NZ,Root_Tuber,Root_TuberAEZ03,Root_TuberAEZ03,1990,N2O_AWB,0
Australia_NZ,Root_Tuber,Root_TuberAEZ04,Root_TuberAEZ04,1990,N2O_AWB,0
Australia_NZ,Root_Tuber,Root_TuberAEZ05,Root_TuberAEZ05,1990,N2O_AWB,0
Australia_NZ,Root_Tuber,Root_TuberAEZ06,Root_TuberAEZ06,1990,N2O_AWB,0
Australia_NZ,Root_Tuber,Root_TuberAEZ07,Root_TuberAEZ07,1990,N2O_AWB,4.75524399400196e-07
Australia_NZ,Root_Tuber,Root_TuberAEZ08,Root_TuberAEZ08,1990,N2O_AWB,1.83798003222728e-07
Australia_NZ,Root_Tuber,Root_TuberAEZ09,Root_TuberAEZ09,1990,N2O_AWB,5.86010673952284e-07
Australia_NZ,Root_Tuber,Root_TuberAEZ10,Root_TuberAEZ10,1990,N2O_AWB,1.45770830142163e-07
Australia_NZ,Root_Tuber,Root_TuberAEZ11,Root_TuberAEZ11,1990,N2O_AWB,5.14438304767839e-06
Australia_NZ,Root_Tuber,Root_TuberAEZ12,Root_TuberAEZ12,1990,N2O_AWB,5.9222064205251e-06
Australia_NZ,Root_Tuber,Root_TuberAEZ15,Root_TuberAEZ15,1990,N2O_AWB,0
Australia_NZ,Root_Tuber,Root_TuberAEZ16,Root_TuberAEZ16,1990,N2O_AWB,8.56748230578184e-08
Australia_NZ,Root_Tuber,Root_TuberAEZ17,Root_TuberAEZ17,1990,N2O_AWB,4.22334672628689e-08
Australia_NZ,SugarCrop,SugarCropAEZ01,SugarCropAEZ01,1990,N2O_AWB,1.12694337043345e-06
Australia_NZ,SugarCrop,SugarCropAEZ02,SugarCropAEZ02,1990,N2O_AWB,2.3924276160494e-05
Australia_NZ,SugarCrop,SugarCropAEZ03,SugarCropAEZ03,1990,N2O_AWB,3.17193991584361e-05
Australia_NZ,SugarCrop,SugarCropAEZ04,SugarCropAEZ04,1990,N2O_AWB,1.55838058035786e-05
Australia_NZ,SugarCrop,SugarCropAEZ05,SugarCropAEZ05,1990,N2O_AWB,5.68956381701396e-07
Australia_NZ,SugarCrop,SugarCropAEZ06,SugarCropAEZ06,1990,N2O_AWB,1.57518376434807e-06
Australia_NZ,SugarCrop,SugarCropAEZ07,SugarCropAEZ07,1990,N2O_AWB,3.03564332730223e-05
Australia_NZ,SugarCrop,SugarCropAEZ08,SugarCropAEZ08,1990,N2O_AWB,1.50561915442136e-05
Australia_NZ,SugarCrop,SugarCropAEZ09,SugarCropAEZ09,1990,N2O_AWB,1.47792933694238e-05
Australia_NZ,SugarCrop,SugarCropAEZ10,SugarCropAEZ10,1990,N2O_AWB,4.58033699429259e-05
Australia_NZ,SugarCrop,SugarCropAEZ11,SugarCropAEZ11,1990,N2O_AWB,1.22010496534579e-05
Australia_NZ,SugarCrop,SugarCropAEZ12,SugarCropAEZ12,1990,N2O_AWB,2.17226106518631e-05
Australia_NZ,SugarCrop,SugarCropAEZ15,SugarCropAEZ15,1990,N2O_AWB,0
Australia_NZ,SugarCrop,SugarCropAEZ16,SugarCropAEZ16,1990,N2O_AWB,0
Australia_NZ,SugarCrop,SugarCropAEZ17,SugarCropAEZ17,1990,N2O_AWB,0
Australia_NZ,Wheat,WheatAEZ01,WheatAEZ01,1990,N2O_AWB,8.07725968627265e-08
Australia_NZ,Wheat,WheatAEZ02,WheatAEZ02,1990,N2O_AWB,8.5538983119187e-07
Australia_NZ,Wheat,WheatAEZ03,WheatAEZ03,1990,N2O_AWB,0
Australia_NZ,Wheat,WheatAEZ04,WheatAEZ04,1990,N2O_AWB,1.26587790837163e-07
Australia_NZ,Wheat,WheatAEZ05,WheatAEZ05,1990,N2O_AWB,0
Australia_NZ,Wheat,WheatAEZ06,WheatAEZ06,1990,N2O_AWB,5.51254570552368e-09
Australia_NZ,Wheat,WheatAEZ07,WheatAEZ07,1990,N2O_AWB,1.91940233103502e-05
Australia_NZ,Wheat,WheatAEZ08,WheatAEZ08,1990,N2O_AWB,4.26330581446357e-05
Australia_NZ,Wheat,WheatAEZ09,WheatAEZ09,1990,N2O_AWB,3.531498223772e-05
Australia_NZ,Wheat,WheatAEZ10,WheatAEZ10,1990,N2O_AWB,1.05616444160199e-05
Australia_NZ,Wheat,WheatAEZ11,WheatAEZ11,1990,N2O_AWB,5.13970856646315e-06
Australia_NZ,Wheat,WheatAEZ12,WheatAEZ12,1990,N2O_AWB,9.59839606536361e-06
Australia_NZ,Wheat,WheatAEZ15,WheatAEZ15,1990,N2O_AWB,5.7718612091219e-10
Australia_NZ,Wheat,WheatAEZ16,WheatAEZ16,1990,N2O_AWB,3.92653862545193e-08
Australia_NZ,Wheat,WheatAEZ17,WheatAEZ17,1990,N2O_AWB,2.1749042237271e-10
Australia_NZ,Corn,CornAEZ01,CornAEZ01,1990,NH3_AWB,4.20154783668453e-07
Australia_NZ,Corn,CornAEZ02,CornAEZ02,1990,NH3_AWB,6.69360217636579e-08
Australia_NZ,Corn,CornAEZ03,CornAEZ03,1990,NH3_AWB,1.15940408285238e-06
Australia_NZ,Corn,CornAEZ04,CornAEZ04,1990,NH3_AWB,8.11271146130613e-07
Australia_NZ,Corn,CornAEZ05,CornAEZ05,1990,NH3_AWB,3.05149510981384e-08
Australia_NZ,Corn,CornAEZ06,CornAEZ06,1990,NH3_AWB,8.56387337270334e-08
Australia_NZ,Corn,CornAEZ07,CornAEZ07,1990,NH3_AWB,7.45860871921859e-06
Australia_NZ,Corn,CornAEZ08,CornAEZ08,1990,NH3_AWB,6.26212733019322e-06
Australia_NZ,Corn,CornAEZ09,CornAEZ09,1990,NH3_AWB,5.78291135085095e-06
Australia_NZ,Corn,CornAEZ10,CornAEZ10,1990,NH3_AWB,4.45944839112687e-06
Australia_NZ,Corn,CornAEZ11,CornAEZ11,1990,NH3_AWB,1.95776379537319e-05
Australia_NZ,Corn,CornAEZ12,CornAEZ12,1990,NH3_AWB,3.28687038046167e-05
Australia_NZ,Corn,CornAEZ15,CornAEZ15,1990,NH3_AWB,0
Australia_NZ,Corn,CornAEZ16,CornAEZ16,1990,NH3_AWB,5.29582054541884e-07
Australia_NZ,Corn,CornAEZ17,CornAEZ17,1990,NH3_AWB,0
Australia_NZ,FiberCrop,FiberCropAEZ01,FiberCropAEZ01,1990,NH3_AWB,4.04862851636341e-09
Australia_NZ,FiberCrop,FiberCropAEZ02,FiberCropAEZ02,1990,NH3_AWB,0
Australia_NZ,FiberCrop,FiberCropAEZ03,FiberCropAEZ03,1990,NH3_AWB,0
Australia_NZ,FiberCrop,FiberCropAEZ04,FiberCropAEZ04,1990,NH3_AWB,0
Australia_NZ,FiberCrop,FiberCropAEZ05,FiberCropAEZ05,1990,NH3_AWB,0
Australia_NZ,FiberCrop,FiberCropAEZ06,FiberCropAEZ06,1990,NH3_AWB,0
Australia_NZ,FiberCrop,FiberCropAEZ07,FiberCropAEZ07,1990,NH3_AWB,2.96208458599858e-05
Australia_NZ,FiberCrop,FiberCropAEZ08,FiberCropAEZ08,1990,NH3_AWB,3.49719181700632e-05
Australia_NZ,FiberCrop,FiberCropAEZ09,FiberCropAEZ09,1990,NH3_AWB,2.70469977578495e-05
Australia_NZ,FiberCrop,FiberCropAEZ10,FiberCropAEZ10,1990,NH3_AWB,1.72490468396825e-05
Australia_NZ,FiberCrop,FiberCropAEZ11,FiberCropAEZ11,1990,NH3_AWB,6.77848377066338e-06
Australia_NZ,FiberCrop,FiberCropAEZ12,FiberCropAEZ12,1990,NH3_AWB,3.78670924221147e-05
Australia_NZ,FiberCrop,FiberCropAEZ15,FiberCropAEZ15,1990,NH3_AWB,0
Australia_NZ,FiberCrop,FiberCropAEZ16,FiberCropAEZ16,1990,NH3_AWB,3.50881138084829e-09
Australia_NZ,FiberCrop,FiberCropAEZ17,FiberCropAEZ17,1990,NH3_AWB,0
Australia_NZ,FodderGrass,FodderGrassAEZ01,FodderGrassAEZ01,1990,NH3_AWB,1.4080424597814e-06
Australia_NZ,FodderGrass,FodderGrassAEZ02,FodderGrassAEZ02,1990,NH3_AWB,1.43453105212024e-05
Australia_NZ,FodderGrass,FodderGrassAEZ03,FodderGrassAEZ03,1990,NH3_AWB,8.73779194700432e-06
Australia_NZ,FodderGrass,FodderGrassAEZ04,FodderGrassAEZ04,1990,NH3_AWB,8.47687271432965e-06
Australia_NZ,FodderGrass,FodderGrassAEZ05,FodderGrassAEZ05,1990,NH3_AWB,1.93048217549484e-07
Australia_NZ,FodderGrass,FodderGrassAEZ06,FodderGrassAEZ06,1990,NH3_AWB,5.98290962943776e-07
Australia_NZ,FodderGrass,FodderGrassAEZ07,FodderGrassAEZ07,1990,NH3_AWB,0.000240744737406084
Australia_NZ,FodderGrass,FodderGrassAEZ08,FodderGrassAEZ08,1990,NH3_AWB,0.000497390563596899
Australia_NZ,FodderGrass,FodderGrassAEZ09,FodderGrassAEZ09,1990,NH3_AWB,0.000444676539175979
Australia_NZ,FodderGrass,FodderGrassAEZ10,FodderGrassAEZ10,1990,NH3_AWB,0.000142782156656382
Australia_NZ,FodderGrass,FodderGrassAEZ11,FodderGrassAEZ11,1990,NH3_AWB,7.12163174918447e-05
Australia_NZ,FodderGrass,FodderGrassAEZ12,FodderGrassAEZ12,1990,NH3_AWB,8.89895203160763e-05
Australia_NZ,FodderGrass,FodderGrassAEZ15,FodderGrassAEZ15,1990,NH3_AWB,1.48360479449913e-10
Australia_NZ,FodderGrass,FodderGrassAEZ16,FodderGrassAEZ16,1990,NH3_AWB,9.79179164369423e-09
Australia_NZ,FodderGrass,FodderGrassAEZ17,FodderGrassAEZ17,1990,NH3_AWB,2.20104483933375e-07
Australia_NZ,FodderHerb,FodderHerbAEZ01,FodderHerbAEZ01,1990,NH3_AWB,0
Australia_NZ,FodderHerb,FodderHerbAEZ02,FodderHerbAEZ02,1990,NH3_AWB,1.88216256145743e-07
Australia_NZ,FodderHerb,FodderHerbAEZ03,FodderHerbAEZ03,1990,NH3_AWB,0
Australia_NZ,FodderHerb,FodderHerbAEZ04,FodderHerbAEZ04,1990,NH3_AWB,5.11074103766534e-08
Australia_NZ,FodderHerb,FodderHerbAEZ05,FodderHerbAEZ05,1990,NH3_AWB,0
Australia_NZ,FodderHerb,FodderHerbAEZ06,FodderHerbAEZ06,1990,NH3_AWB,1.90806873154491e-06
Australia_NZ,FodderHerb,FodderHerbAEZ07,FodderHerbAEZ07,1990,NH3_AWB,8.69474511817542e-05
Australia_NZ,FodderHerb,FodderHerbAEZ08,FodderHerbAEZ08,1990,NH3_AWB,8.66897993404761e-05
Australia_NZ,FodderHerb,FodderHerbAEZ09,FodderHerbAEZ09,1990,NH3_AWB,0.000119548692028572
Australia_NZ,FodderHerb,FodderHerbAEZ10,FodderHerbAEZ10,1990,NH3_AWB,6.01324503518216e-05
Australia_NZ,FodderHerb,FodderHerbAEZ11,FodderHerbAEZ11,1990,NH3_AWB,0.000473463631773005
Australia_NZ,FodderHerb,FodderHerbAEZ12,FodderHerbAEZ12,1990,NH3_AWB,0.000774592194593686
Australia_NZ,FodderHerb,FodderHerbAEZ15,FodderHerbAEZ15,1990,NH3_AWB,1.01686123404583e-07
Australia_NZ,FodderHerb,FodderHerbAEZ16,FodderHerbAEZ16,1990,NH3_AWB,1.45945140790764e-05
Australia_NZ,FodderHerb,FodderHerbAEZ17,FodderHerbAEZ17,1990,NH3_AWB,3.50702574653588e-08
Australia_NZ,MiscCrop,MiscCropAEZ01,MiscCropAEZ01,1990,NH3_AWB,1.26022327085606e-06
Australia_NZ,MiscCrop,MiscCropAEZ02,MiscCropAEZ02,1990,NH3_AWB,9.47203375719428e-06
Australia_NZ,MiscCrop,MiscCropAEZ03,MiscCropAEZ03,1990,NH3_AWB,9.92198545134066e-06
Australia_NZ,MiscCrop,MiscCropAEZ04,MiscCropAEZ04,1990,NH3_AWB,8.6904443601911e-06
Australia_NZ,MiscCrop,MiscCropAEZ05,MiscCropAEZ05,1990,NH3_AWB,2.23823438067099e-07
Australia_NZ,MiscCrop,MiscCropAEZ06,MiscCropAEZ06,1990,NH3_AWB,6.82482222481485e-07
Australia_NZ,MiscCrop,MiscCropAEZ07,MiscCropAEZ07,1990,NH3_AWB,0.000108171255490749
Australia_NZ,MiscCrop,MiscCropAEZ08,MiscCropAEZ08,1990,NH3_AWB,0.000245334048483443
Australia_NZ,MiscCrop,MiscCropAEZ09,MiscCropAEZ09,1990,NH3_AWB,0.000174731838772235
Australia_NZ,MiscCrop,MiscCropAEZ10,MiscCropAEZ10,1990,NH3_AWB,7.04106537253097e-05
Australia_NZ,MiscCrop,MiscCropAEZ11,MiscCropAEZ11,1990,NH3_AWB,0.000198897087356776
Australia_NZ,MiscCrop,MiscCropAEZ12,MiscCropAEZ12,1990,NH3_AWB,0.000303834683176502
Australia_NZ,MiscCrop,MiscCropAEZ15,MiscCropAEZ15,1990,NH3_AWB,0
Australia_NZ,MiscCrop,MiscCropAEZ16,MiscCropAEZ16,1990,NH3_AWB,4.3643009514182e-06
Australia_NZ,MiscCrop,MiscCropAEZ17,MiscCropAEZ17,1990,NH3_AWB,1.81568441178002e-07
Australia_NZ,OilCrop,OilCropAEZ01,OilCropAEZ01,1990,NH3_AWB,3.21872885848642e-09
Australia_NZ,OilCrop,OilCropAEZ02,OilCropAEZ02,1990,NH3_AWB,3.25202605357422e-08
Australia_NZ,OilCrop,OilCropAEZ03,OilCropAEZ03,1990,NH3_AWB,4.30643723135424e-08
Australia_NZ,OilCrop,OilCropAEZ04,OilCropAEZ04,1990,NH3_AWB,3.92185462809027e-07
Australia_NZ,OilCrop,OilCropAEZ05,OilCropAEZ05,1990,NH3_AWB,0
Australia_NZ,OilCrop,OilCropAEZ06,OilCropAEZ06,1990,NH3_AWB,1.49837377895058e-09
Australia_NZ,OilCrop,OilCropAEZ07,OilCropAEZ07,1990,NH3_AWB,1.06362340175433e-05
Australia_NZ,OilCrop,OilCropAEZ08,OilCropAEZ08,1990,NH3_AWB,1.1953748531842e-05
Australia_NZ,OilCrop,OilCropAEZ09,OilCropAEZ09,1990,NH3_AWB,2.39376865205634e-05
Australia_NZ,OilCrop,OilCropAEZ10,OilCropAEZ10,1990,NH3_AWB,9.90203086585745e-06
Australia_NZ,OilCrop,OilCropAEZ11,OilCropAEZ11,1990,NH3_AWB,4.72154226344872e-06
Australia_NZ,OilCrop,OilCropAEZ12,OilCropAEZ12,1990,NH3_AWB,4.18867615139378e-06
Australia_NZ,OilCrop,OilCropAEZ15,OilCropAEZ15,1990,NH3_AWB,0
Australia_NZ,OilCrop,OilCropAEZ16,OilCropAEZ16,1990,NH3_AWB,8.32429877194765e-10
Australia_NZ,OilCrop,OilCropAEZ17,OilCropAEZ17,1990,NH3_AWB,0
Australia_NZ,OtherGrain,OtherGrainAEZ01,OtherGrainAEZ01,1990,NH3_AWB,4.21832209900715e-07
Australia_NZ,OtherGrain,OtherGrainAEZ02,OtherGrainAEZ02,1990,NH3_AWB,2.78390026062896e-06
Australia_NZ,OtherGrain,OtherGrainAEZ03,OtherGrainAEZ03,1990,NH3_AWB,4.92671813539054e-07
Australia_NZ,OtherGrain,OtherGrainAEZ04,OtherGrainAEZ04,1990,NH3_AWB,4.51738703201428e-06
Australia_NZ,OtherGrain,OtherGrainAEZ05,OtherGrainAEZ05,1990,NH3_AWB,8.97515340214284e-09
Australia_NZ,OtherGrain,OtherGrainAEZ06,OtherGrainAEZ06,1990,NH3_AWB,1.49051654714158e-07
Australia_NZ,OtherGrain,OtherGrainAEZ07,OtherGrainAEZ07,1990,NH3_AWB,0.000207099741507288
Australia_NZ,OtherGrain,OtherGrainAEZ08,OtherGrainAEZ08,1990,NH3_AWB,0.000343195922556048
Australia_NZ,OtherGrain,OtherGrainAEZ09,OtherGrainAEZ09,1990,NH3_AWB,0.000408753488146634
Australia_NZ,OtherGrain,OtherGrainAEZ10,OtherGrainAEZ10,1990,NH3_AWB,0.000126145781067118
Australia_NZ,OtherGrain,OtherGrainAEZ11,OtherGrainAEZ11,1990,NH3_AWB,7.28934713320645e-05
Australia_NZ,OtherGrain,OtherGrainAEZ12,OtherGrainAEZ12,1990,NH3_AWB,0.000134188640409613
Australia_NZ,OtherGrain,OtherGrainAEZ15,OtherGrainAEZ15,1990,NH3_AWB,1.25011065244132e-08
Australia_NZ,OtherGrain,OtherGrainAEZ16,OtherGrainAEZ16,1990,NH3_AWB,9.38544612909792e-07
Australia_NZ,OtherGrain,OtherGrainAEZ17,OtherGrainAEZ17,1990,NH3_AWB,7.00382506560077e-08
Australia_NZ,PalmFruit,PalmFruitAEZ01,PalmFruitAEZ01,1990,NH3_AWB,0
Australia_NZ,PalmFruit,PalmFruitAEZ02,PalmFruitAEZ02,1990,NH3_AWB,0
Australia_NZ,PalmFruit,PalmFruitAEZ03,PalmFruitAEZ03,1990,NH3_AWB,0
Australia_NZ,PalmFruit,PalmFruitAEZ04,PalmFruitAEZ04,1990,NH3_AWB,0
Australia_NZ,PalmFruit,PalmFruitAEZ05,PalmFruitAEZ05,1990,NH3_AWB,0
Australia_NZ,PalmFruit,PalmFruitAEZ06,PalmFruitAEZ06,1990,NH3_AWB,0
Australia_NZ,PalmFruit,PalmFruitAEZ07,PalmFruitAEZ07,1990,NH3_AWB,0
Australia_NZ,PalmFruit,PalmFruitAEZ08,PalmFruitAEZ08,1990,NH3_AWB,0
Australia_NZ,PalmFruit,PalmFruitAEZ09,PalmFruitAEZ09,1990,NH3_AWB,0
Australia_NZ,PalmFruit,PalmFruitAEZ10,PalmFruitAEZ10,1990,NH3_AWB,0
Australia_NZ,PalmFruit,PalmFruitAEZ11,PalmFruitAEZ11,1990,NH3_AWB,0
Australia_NZ,PalmFruit,PalmFruitAEZ12,PalmFruitAEZ12,1990,NH3_AWB,0
Australia_NZ,PalmFruit,PalmFruitAEZ15,PalmFruitAEZ15,1990,NH3_AWB,0
Australia_NZ,PalmFruit,PalmFruitAEZ16,PalmFruitAEZ16,1990,NH3_AWB,0
Australia_NZ,PalmFruit,PalmFruitAEZ17,PalmFruitAEZ17,1990,NH3_AWB,0
Australia_NZ,Rice,RiceAEZ01,RiceAEZ01,1990,NH3_AWB,0
Australia_NZ,Rice,RiceAEZ02,RiceAEZ02,1990,NH3_AWB,0
Australia_NZ,Rice,RiceAEZ03,RiceAEZ03,1990,NH3_AWB,0
Australia_NZ,Rice,RiceAEZ04,RiceAEZ04,1990,NH3_AWB,0
Australia_NZ,Rice,RiceAEZ05,RiceAEZ05,1990,NH3_AWB,0
Australia_NZ,Rice,RiceAEZ06,RiceAEZ06,1990,NH3_AWB,0
Australia_NZ,Rice,RiceAEZ07,RiceAEZ07,1990,NH3_AWB,4.93761758486168e-05
Australia_NZ,Rice,RiceAEZ08,RiceAEZ08,1990,NH3_AWB,2.73508919340423e-05
Australia_NZ,Rice,RiceAEZ09,RiceAEZ09,1990,NH3_AWB,5.15285616531823e-05
Australia_NZ,Rice,RiceAEZ10,RiceAEZ10,1990,NH3_AWB,1.23046509295103e-05
Australia_NZ,Rice,RiceAEZ11,RiceAEZ11,1990,NH3_AWB,4.49402316281691e-06
Australia_NZ,Rice,RiceAEZ12,RiceAEZ12,1990,NH3_AWB,0
Australia_NZ,Rice,RiceAEZ15,RiceAEZ15,1990,NH3_AWB,0
Australia_NZ,Rice,RiceAEZ16,RiceAEZ16,1990,NH3_AWB,0
Australia_NZ,Rice,RiceAEZ17,RiceAEZ17,1990,NH3_AWB,0
Australia_NZ,Root_Tuber,Root_TuberAEZ01,Root_TuberAEZ01,1990,NH3_AWB,0
Australia_NZ,Root_Tuber,Root_TuberAEZ02,Root_TuberAEZ02,1990,NH3_AWB,0
Australia_NZ,Root_Tuber,Root_TuberAEZ03,Root_TuberAEZ03,1990,NH3_AWB,0
Australia_NZ,Root_Tuber,Root_TuberAEZ04,Root_TuberAEZ04,1990,NH3_AWB,0
Australia_NZ,Root_Tuber,Root_TuberAEZ05,Root_TuberAEZ05,1990,NH3_AWB,0
Australia_NZ,Root_Tuber,Root_TuberAEZ06,Root_TuberAEZ06,1990,NH3_AWB,0
Australia_NZ,Root_Tuber,Root_TuberAEZ07,Root_TuberAEZ07,1990,NH3_AWB,8.80934468407705e-06
Australia_NZ,Root_Tuber,Root_TuberAEZ08,Root_TuberAEZ08,1990,NH3_AWB,3.40495664297441e-06
Australia_NZ,Root_Tuber,Root_TuberAEZ09,Root_TuberAEZ09,1990,NH3_AWB,1.08561622114565e-05
Australia_NZ,Root_Tuber,Root_TuberAEZ10,Root_TuberAEZ10,1990,NH3_AWB,2.70048285477281e-06
Australia_NZ,Root_Tuber,Root_TuberAEZ11,Root_TuberAEZ11,1990,NH3_AWB,9.53024566375238e-05
Australia_NZ,Root_Tuber,Root_TuberAEZ12,Root_TuberAEZ12,1990,NH3_AWB,0.000109712052030275
Australia_NZ,Root_Tuber,Root_TuberAEZ15,Root_TuberAEZ15,1990,NH3_AWB,0
Australia_NZ,Root_Tuber,Root_TuberAEZ16,Root_TuberAEZ16,1990,NH3_AWB,1.58717207364255e-06
Australia_NZ,Root_Tuber,Root_TuberAEZ17,Root_TuberAEZ17,1990,NH3_AWB,7.82397645192512e-07
Australia_NZ,SugarCrop,SugarCropAEZ01,SugarCropAEZ01,1990,NH3_AWB,2.0877230699636e-05
Australia_NZ,SugarCrop,SugarCropAEZ02,SugarCropAEZ02,1990,NH3_AWB,0.000443210054585376
Australia_NZ,SugarCrop,SugarCropAEZ03,SugarCropAEZ03,1990,NH3_AWB,0.000587618891293368
Australia_NZ,SugarCrop,SugarCropAEZ04,SugarCropAEZ04,1990,NH3_AWB,0.000288698365397458
Australia_NZ,SugarCrop,SugarCropAEZ05,SugarCropAEZ05,1990,NH3_AWB,1.05402222955015e-05
Australia_NZ,SugarCrop,SugarCropAEZ06,SugarCropAEZ06,1990,NH3_AWB,2.91811245404172e-05
Australia_NZ,SugarCrop,SugarCropAEZ07,SugarCropAEZ07,1990,NH3_AWB,0.00056236921684471
Australia_NZ,SugarCrop,SugarCropAEZ08,SugarCropAEZ08,1990,NH3_AWB,0.000278924028104055
Australia_NZ,SugarCrop,SugarCropAEZ09,SugarCropAEZ09,1990,NH3_AWB,0.000273794340821568
Australia_NZ,SugarCrop,SugarCropAEZ10,SugarCropAEZ10,1990,NH3_AWB,0.00084853200809145
Australia_NZ,SugarCrop,SugarCropAEZ11,SugarCropAEZ11,1990,NH3_AWB,0.000226030992395814
Australia_NZ,SugarCrop,SugarCropAEZ12,SugarCropAEZ12,1990,NH3_AWB,0.000402423019537254
Australia_NZ,SugarCrop,SugarCropAEZ15,SugarCropAEZ15,1990,NH3_AWB,0
Australia_NZ,SugarCrop,SugarCropAEZ16,SugarCropAEZ16,1990,NH3_AWB,0
Australia_NZ,SugarCrop,SugarCropAEZ17,SugarCropAEZ17,1990,NH3_AWB,0
Australia_NZ,Wheat,WheatAEZ01,WheatAEZ01,1990,NH3_AWB,1.49635570265013e-06
Australia_NZ,Wheat,WheatAEZ02,WheatAEZ02,1990,NH3_AWB,1.58465556588232e-05
Australia_NZ,Wheat,WheatAEZ03,WheatAEZ03,1990,NH3_AWB,0
Australia_NZ,Wheat,WheatAEZ04,WheatAEZ04,1990,NH3_AWB,2.34510675727055e-06
Australia_NZ,Wheat,WheatAEZ05,WheatAEZ05,1990,NH3_AWB,0
Australia_NZ,Wheat,WheatAEZ06,WheatAEZ06,1990,NH3_AWB,1.02122867444742e-07
Australia_NZ,Wheat,WheatAEZ07,WheatAEZ07,1990,NH3_AWB,0.000355579582095814
Australia_NZ,Wheat,WheatAEZ08,WheatAEZ08,1990,NH3_AWB,0.000789800280713502
Australia_NZ,Wheat,WheatAEZ09,WheatAEZ09,1990,NH3_AWB,0.000654228997369102
Australia_NZ,Wheat,WheatAEZ10,WheatAEZ10,1990,NH3_AWB,0.000195660130602625
Australia_NZ,Wheat,WheatAEZ11,WheatAEZ11,1990,NH3_AWB,9.52158593645002e-05
Australia_NZ,Wheat,WheatAEZ12,WheatAEZ12,1990,NH3_AWB,0.000177815437989578
Australia_NZ,Wheat,WheatAEZ15,WheatAEZ15,1990,NH3_AWB,1.06926826307848e-08
Australia_NZ,Wheat,WheatAEZ16,WheatAEZ16,1990,NH3_AWB,7.27412351723248e-07
Australia_NZ,Wheat,WheatAEZ17,WheatAEZ17,1990,NH3_AWB,4.02912678841168e-09
Australia_NZ,Corn,CornAEZ01,CornAEZ01,1990,NMVOC_AWB,2.26797631746875e-06
Australia_NZ,Corn,CornAEZ02,CornAEZ02,1990,NMVOC_AWB,3.61317585914583e-07
Australia_NZ,Corn,CornAEZ03,CornAEZ03,1990,NMVOC_AWB,6.25841024426071e-06
Australia_NZ,Corn,CornAEZ04,CornAEZ04,1990,NMVOC_AWB,4.37920456457751e-06
Australia_NZ,Corn,CornAEZ05,CornAEZ05,1990,NMVOC_AWB,1.64718311225767e-07
Australia_NZ,Corn,CornAEZ06,CornAEZ06,1990,NMVOC_AWB,4.62273970214248e-07
Australia_NZ,Corn,CornAEZ07,CornAEZ07,1990,NMVOC_AWB,4.02612289422419e-05
Australia_NZ,Corn,CornAEZ08,CornAEZ08,1990,NMVOC_AWB,3.38026770940189e-05
Australia_NZ,Corn,CornAEZ09,CornAEZ09,1990,NMVOC_AWB,3.12158911419196e-05
Australia_NZ,Corn,CornAEZ10,CornAEZ10,1990,NMVOC_AWB,2.40718985792408e-05
Australia_NZ,Corn,CornAEZ11,CornAEZ11,1990,NMVOC_AWB,0.000105679194803787
Australia_NZ,Corn,CornAEZ12,CornAEZ12,1990,NMVOC_AWB,0.000177423760748111
Australia_NZ,Corn,CornAEZ15,CornAEZ15,1990,NMVOC_AWB,0
Australia_NZ,Corn,CornAEZ16,CornAEZ16,1990,NMVOC_AWB,2.85865972385363e-06
Australia_NZ,Corn,CornAEZ17,CornAEZ17,1990,NMVOC_AWB,0
Australia_NZ,FiberCrop,FiberCropAEZ01,FiberCropAEZ01,1990,NMVOC_AWB,2.18543116733537e-08
Australia_NZ,FiberCrop,FiberCropAEZ02,FiberCropAEZ02,1990,NMVOC_AWB,0
Australia_NZ,FiberCrop,FiberCropAEZ03,FiberCropAEZ03,1990,NMVOC_AWB,0
Australia_NZ,FiberCrop,FiberCropAEZ04,FiberCropAEZ04,1990,NMVOC_AWB,0
Australia_NZ,FiberCrop,FiberCropAEZ05,FiberCropAEZ05,1990,NMVOC_AWB,0
Australia_NZ,FiberCrop,FiberCropAEZ06,FiberCropAEZ06,1990,NMVOC_AWB,0
Australia_NZ,FiberCrop,FiberCropAEZ07,FiberCropAEZ07,1990,NMVOC_AWB,0.000159891972018702
Australia_NZ,FiberCrop,FiberCropAEZ08,FiberCropAEZ08,1990,NMVOC_AWB,0.000188776815757374
Australia_NZ,FiberCrop,FiberCropAEZ09,FiberCropAEZ09,1990,NMVOC_AWB,0.000145998457610895
Australia_NZ,FiberCrop,FiberCropAEZ10,FiberCropAEZ10,1990,NMVOC_AWB,9.31095664072679e-05
Australia_NZ,FiberCrop,FiberCropAEZ11,FiberCropAEZ11,1990,NMVOC_AWB,3.65899455576403e-05
Australia_NZ,FiberCrop,FiberCropAEZ12,FiberCropAEZ12,1990,NMVOC_AWB,0.000204404834034989
Australia_NZ,FiberCrop,FiberCropAEZ15,FiberCropAEZ15,1990,NMVOC_AWB,0
Australia_NZ,FiberCrop,FiberCropAEZ16,FiberCropAEZ16,1990,NMVOC_AWB,1.89404034502399e-08
Australia_NZ,FiberCrop,FiberCropAEZ17,FiberCropAEZ17,1990,NMVOC_AWB,0
Australia_NZ,FodderGrass,FodderGrassAEZ01,FodderGrassAEZ01,1990,NMVOC_AWB,7.60054883796015e-06
Australia_NZ,FodderGrass,FodderGrassAEZ02,FodderGrassAEZ02,1990,NMVOC_AWB,7.74353304864329e-05
Australia_NZ,FodderGrass,FodderGrassAEZ03,FodderGrassAEZ03,1990,NMVOC_AWB,4.71662015358912e-05
Australia_NZ,FodderGrass,FodderGrassAEZ04,FodderGrassAEZ04,1990,NMVOC_AWB,4.57577714442199e-05
Australia_NZ,FodderGrass,FodderGrassAEZ05,FodderGrassAEZ05,1990,NMVOC_AWB,1.04206545432857e-06
Australia_NZ,FodderGrass,FodderGrassAEZ06,FodderGrassAEZ06,1990,NMVOC_AWB,3.22954727080487e-06
Australia_NZ,FodderGrass,FodderGrassAEZ07,FodderGrassAEZ07,1990,NMVOC_AWB,0.00129952908836351
Australia_NZ,FodderGrass,FodderGrassAEZ08,FodderGrassAEZ08,1990,NMVOC_AWB,0.00268489152716721
Australia_NZ,FodderGrass,FodderGrassAEZ09,FodderGrassAEZ09,1990,NMVOC_AWB,0.00240034363283821
Australia_NZ,FodderGrass,FodderGrassAEZ10,FodderGrassAEZ10,1990,NMVOC_AWB,0.00077073155522923
Australia_NZ,FodderGrass,FodderGrassAEZ11,FodderGrassAEZ11,1990,NMVOC_AWB,0.000384422426608128
Australia_NZ,FodderGrass,FodderGrassAEZ12,FodderGrassAEZ12,1990,NMVOC_AWB,0.000480361363061448
Australia_NZ,FodderGrass,FodderGrassAEZ15,FodderGrassAEZ15,1990,NMVOC_AWB,8.00843086690234e-10
Australia_NZ,FodderGrass,FodderGrassAEZ16,FodderGrassAEZ16,1990,NMVOC_AWB,5.28556437215555e-08
Australia_NZ,FodderGrass,FodderGrassAEZ17,FodderGrassAEZ17,1990,NMVOC_AWB,1.18811394355917e-06
Australia_NZ,FodderHerb,FodderHerbAEZ01,FodderHerbAEZ01,1990,NMVOC_AWB,0
Australia_NZ,FodderHerb,FodderHerbAEZ02,FodderHerbAEZ02,1990,NMVOC_AWB,1.01598274753436e-06
Australia_NZ,FodderHerb,FodderHerbAEZ03,FodderHerbAEZ03,1990,NMVOC_AWB,0
Australia_NZ,FodderHerb,FodderHerbAEZ04,FodderHerbAEZ04,1990,NMVOC_AWB,2.75875465154462e-07
Australia_NZ,FodderHerb,FodderHerbAEZ05,FodderHerbAEZ05,1990,NMVOC_AWB,0
Australia_NZ,FodderHerb,FodderHerbAEZ06,FodderHerbAEZ06,1990,NMVOC_AWB,1.02996677973357e-05
Australia_NZ,FodderHerb,FodderHerbAEZ07,FodderHerbAEZ07,1990,NMVOC_AWB,0.000469338367214919
Australia_NZ,FodderHerb,FodderHerbAEZ08,FodderHerbAEZ08,1990,NMVOC_AWB,0.000467947574352658
Australia_NZ,FodderHerb,FodderHerbAEZ09,FodderHerbAEZ09,1990,NMVOC_AWB,0.000645318375142242
Australia_NZ,FodderHerb,FodderHerbAEZ10,FodderHerbAEZ10,1990,NMVOC_AWB,0.000324592218416617
Australia_NZ,FodderHerb,FodderHerbAEZ11,FodderHerbAEZ11,1990,NMVOC_AWB,0.00255573504285333
Australia_NZ,FodderHerb,FodderHerbAEZ12,FodderHerbAEZ12,1990,NMVOC_AWB,0.00418121326073226
Australia_NZ,FodderHerb,FodderHerbAEZ15,FodderHerbAEZ15,1990,NMVOC_AWB,5.48897046186635e-07
Australia_NZ,FodderHerb,FodderHerbAEZ16,FodderHerbAEZ16,1990,NMVOC_AWB,7.87805199010399e-05
Australia_NZ,FodderHerb,FodderHerbAEZ17,FodderHerbAEZ17,1990,NMVOC_AWB,1.89307646778407e-07
Australia_NZ,MiscCrop,MiscCropAEZ01,MiscCropAEZ01,1990,NMVOC_AWB,6.80262761277986e-06
Australia_NZ,MiscCrop,MiscCropAEZ02,MiscCropAEZ02,1990,NMVOC_AWB,5.112960526598e-05
Australia_NZ,MiscCrop,MiscCropAEZ03,MiscCropAEZ03,1990,NMVOC_AWB,5.35584239442274e-05
Australia_NZ,MiscCrop,MiscCropAEZ04,MiscCropAEZ04,1990,NMVOC_AWB,4.69106214264751e-05
Australia_NZ,MiscCrop,MiscCropAEZ05,MiscCropAEZ05,1990,NMVOC_AWB,1.20818868798406e-06
Australia_NZ,MiscCrop,MiscCropAEZ06,MiscCropAEZ06,1990,NMVOC_AWB,3.68400784150746e-06
Australia_NZ,MiscCrop,MiscCropAEZ07,MiscCropAEZ07,1990,NMVOC_AWB,0.000583903492760115
Australia_NZ,MiscCrop,MiscCropAEZ08,MiscCropAEZ08,1990,NMVOC_AWB,0.00132430197978716
Australia_NZ,MiscCrop,MiscCropAEZ09,MiscCropAEZ09,1990,NMVOC_AWB,0.000943194478908783
Australia_NZ,MiscCrop,MiscCropAEZ10,MiscCropAEZ10,1990,NMVOC_AWB,0.000380073490422301
Australia_NZ,MiscCrop,MiscCropAEZ11,MiscCropAEZ11,1990,NMVOC_AWB,0.00107363738620347
Australia_NZ,MiscCrop,MiscCropAEZ12,MiscCropAEZ12,1990,NMVOC_AWB,0.00164008573186613
Australia_NZ,MiscCrop,MiscCropAEZ15,MiscCropAEZ15,1990,NMVOC_AWB,0
Australia_NZ,MiscCrop,MiscCropAEZ16,MiscCropAEZ16,1990,NMVOC_AWB,2.35582970487693e-05
Australia_NZ,MiscCrop,MiscCropAEZ17,MiscCropAEZ17,1990,NMVOC_AWB,9.80098146202178e-07
Australia_NZ,OilCrop,OilCropAEZ01,OilCropAEZ01,1990,NMVOC_AWB,1.73745512538563e-08
Australia_NZ,OilCrop,OilCropAEZ02,OilCropAEZ02,1990,NMVOC_AWB,1.75542879909652e-07
Australia_NZ,OilCrop,OilCropAEZ03,OilCropAEZ03,1990,NMVOC_AWB,2.32459513327456e-07
Australia_NZ,OilCrop,OilCropAEZ04,OilCropAEZ04,1990,NMVOC_AWB,2.11699920191384e-06
Australia_NZ,OilCrop,OilCropAEZ05,OilCropAEZ05,1990,NMVOC_AWB,0
Australia_NZ,OilCrop,OilCropAEZ06,OilCropAEZ06,1990,NMVOC_AWB,8.08815316989863e-09
Australia_NZ,OilCrop,OilCropAEZ07,OilCropAEZ07,1990,NMVOC_AWB,5.74139050571399e-05
Australia_NZ,OilCrop,OilCropAEZ08,OilCropAEZ08,1990,NMVOC_AWB,6.45257881833089e-05
Australia_NZ,OilCrop,OilCropAEZ09,OilCropAEZ09,1990,NMVOC_AWB,0.000129214537674929
Australia_NZ,OilCrop,OilCropAEZ10,OilCropAEZ10,1990,NMVOC_AWB,5.34507100038893e-05
Australia_NZ,OilCrop,OilCropAEZ11,OilCropAEZ11,1990,NMVOC_AWB,2.54866693220362e-05
Australia_NZ,OilCrop,OilCropAEZ12,OilCropAEZ12,1990,NMVOC_AWB,2.26102824058374e-05
Australia_NZ,OilCrop,OilCropAEZ15,OilCropAEZ15,1990,NMVOC_AWB,0
Australia_NZ,OilCrop,OilCropAEZ16,OilCropAEZ16,1990,NMVOC_AWB,4.49341842772146e-09
Australia_NZ,OilCrop,OilCropAEZ17,OilCropAEZ17,1990,NMVOC_AWB,0
Australia_NZ,OtherGrain,OtherGrainAEZ01,OtherGrainAEZ01,1990,NMVOC_AWB,2.27703098759735e-06
Australia_NZ,OtherGrain,OtherGrainAEZ02,OtherGrainAEZ02,1990,NMVOC_AWB,1.50273663581178e-05
Australia_NZ,OtherGrain,OtherGrainAEZ03,OtherGrainAEZ03,1990,NMVOC_AWB,2.6594199300434e-06
Australia_NZ,OtherGrain,OtherGrainAEZ04,OtherGrainAEZ04,1990,NMVOC_AWB,2.4384648714445e-05
Australia_NZ,OtherGrain,OtherGrainAEZ05,OtherGrainAEZ05,1990,NMVOC_AWB,4.84474678212201e-08
Australia_NZ,OtherGrain,OtherGrainAEZ06,OtherGrainAEZ06,1990,NMVOC_AWB,8.04574019173834e-07
Australia_NZ,OtherGrain,OtherGrainAEZ07,OtherGrainAEZ07,1990,NMVOC_AWB,0.00111791493837441
Australia_NZ,OtherGrain,OtherGrainAEZ08,OtherGrainAEZ08,1990,NMVOC_AWB,0.00185255590288165
Australia_NZ,OtherGrain,OtherGrainAEZ09,OtherGrainAEZ09,1990,NMVOC_AWB,0.00220643264538158
Australia_NZ,OtherGrain,OtherGrainAEZ10,OtherGrainAEZ10,1990,NMVOC_AWB,0.000680929160227249
Australia_NZ,OtherGrain,OtherGrainAEZ11,OtherGrainAEZ11,1990,NMVOC_AWB,0.000393475626376934
Australia_NZ,OtherGrain,OtherGrainAEZ12,OtherGrainAEZ12,1990,NMVOC_AWB,0.000724344147328541
Australia_NZ,OtherGrain,OtherGrainAEZ15,OtherGrainAEZ15,1990,NMVOC_AWB,6.74804016081281e-08
Australia_NZ,OtherGrain,OtherGrainAEZ16,OtherGrainAEZ16,1990,NMVOC_AWB,5.0662209207333e-06
Australia_NZ,OtherGrain,OtherGrainAEZ17,OtherGrainAEZ17,1990,NMVOC_AWB,3.78063275676308e-07
Australia_NZ,PalmFruit,PalmFruitAEZ01,PalmFruitAEZ01,1990,NMVOC_AWB,0
Australia_NZ,PalmFruit,PalmFruitAEZ02,PalmFruitAEZ02,1990,NMVOC_AWB,0
Australia_NZ,PalmFruit,PalmFruitAEZ03,PalmFruitAEZ03,1990,NMVOC_AWB,0
Australia_NZ,PalmFruit,PalmFruitAEZ04,PalmFruitAEZ04,1990,NMVOC_AWB,0
Australia_NZ,PalmFruit,PalmFruitAEZ05,PalmFruitAEZ05,1990,NMVOC_AWB,0
Australia_NZ,PalmFruit,PalmFruitAEZ06,PalmFruitAEZ06,1990,NMVOC_AWB,0
Australia_NZ,PalmFruit,PalmFruitAEZ07,PalmFruitAEZ07,1990,NMVOC_AWB,0
Australia_NZ,PalmFruit,PalmFruitAEZ08,PalmFruitAEZ08,1990,NMVOC_AWB,0
Australia_NZ,PalmFruit,PalmFruitAEZ09,PalmFruitAEZ09,1990,NMVOC_AWB,0
Australia_NZ,PalmFruit,PalmFruitAEZ10,PalmFruitAEZ10,1990,NMVOC_AWB,0
Australia_NZ,PalmFruit,PalmFruitAEZ11,PalmFruitAEZ11,1990,NMVOC_AWB,0
Australia_NZ,PalmFruit,PalmFruitAEZ12,PalmFruitAEZ12,1990,NMVOC_AWB,0
Australia_NZ,PalmFruit,PalmFruitAEZ15,PalmFruitAEZ15,1990,NMVOC_AWB,0
Australia_NZ,PalmFruit,PalmFruitAEZ16,PalmFruitAEZ16,1990,NMVOC_AWB,0
Australia_NZ,PalmFruit,PalmFruitAEZ17,PalmFruitAEZ17,1990,NMVOC_AWB,0
Australia_NZ,Rice,RiceAEZ01,RiceAEZ01,1990,NMVOC_AWB,0
Australia_NZ,Rice,RiceAEZ02,RiceAEZ02,1990,NMVOC_AWB,0
Australia_NZ,Rice,RiceAEZ03,RiceAEZ03,1990,NMVOC_AWB,0
Australia_NZ,Rice,RiceAEZ04,RiceAEZ04,1990,NMVOC_AWB,0
Australia_NZ,Rice,RiceAEZ05,RiceAEZ05,1990,NMVOC_AWB,0
Australia_NZ,Rice,RiceAEZ06,RiceAEZ06,1990,NMVOC_AWB,0
Australia_NZ,Rice,RiceAEZ07,RiceAEZ07,1990,NMVOC_AWB,0.000266530340304784
Australia_NZ,Rice,RiceAEZ08,RiceAEZ08,1990,NMVOC_AWB,0.000147638864483344
Australia_NZ,Rice,RiceAEZ09,RiceAEZ09,1990,NMVOC_AWB,0.000278148820494843
Australia_NZ,Rice,RiceAEZ10,RiceAEZ10,1990,NMVOC_AWB,6.64199432865926e-05
Australia_NZ,Rice,RiceAEZ11,RiceAEZ11,1990,NMVOC_AWB,2.42585316164522e-05
Australia_NZ,Rice,RiceAEZ12,RiceAEZ12,1990,NMVOC_AWB,0
Australia_NZ,Rice,RiceAEZ15,RiceAEZ15,1990,NMVOC_AWB,0
Australia_NZ,Rice,RiceAEZ16,RiceAEZ16,1990,NMVOC_AWB,0
Australia_NZ,Rice,RiceAEZ17,RiceAEZ17,1990,NMVOC_AWB,0
Australia_NZ,Root_Tuber,Root_TuberAEZ01,Root_TuberAEZ01,1990,NMVOC_AWB,0
Australia_NZ,Root_Tuber,Root_TuberAEZ02,Root_TuberAEZ02,1990,NMVOC_AWB,0
Australia_NZ,Root_Tuber,Root_TuberAEZ03,Root_TuberAEZ03,1990,NMVOC_AWB,0
Australia_NZ,Root_Tuber,Root_TuberAEZ04,Root_TuberAEZ04,1990,NMVOC_AWB,0
Australia_NZ,Root_Tuber,Root_TuberAEZ05,Root_TuberAEZ05,1990,NMVOC_AWB,0
Australia_NZ,Root_Tuber,Root_TuberAEZ06,Root_TuberAEZ06,1990,NMVOC_AWB,0
Australia_NZ,Root_Tuber,Root_TuberAEZ07,Root_TuberAEZ07,1990,NMVOC_AWB,4.75524399400196e-05
Australia_NZ,Root_Tuber,Root_TuberAEZ08,Root_TuberAEZ08,1990,NMVOC_AWB,1.83798003222728e-05
Australia_NZ,Root_Tuber,Root_TuberAEZ09,Root_TuberAEZ09,1990,NMVOC_AWB,5.86010673952284e-05
Australia_NZ,Root_Tuber,Root_TuberAEZ10,Root_TuberAEZ10,1990,NMVOC_AWB,1.45770830142163e-05
Australia_NZ,Root_Tuber,Root_TuberAEZ11,Root_TuberAEZ11,1990,NMVOC_AWB,0.000514438304767839
Australia_NZ,Root_Tuber,Root_TuberAEZ12,Root_TuberAEZ12,1990,NMVOC_AWB,0.00059222064205251
Australia_NZ,Root_Tuber,Root_TuberAEZ15,Root_TuberAEZ15,1990,NMVOC_AWB,0
Australia_NZ,Root_Tuber,Root_TuberAEZ16,Root_TuberAEZ16,1990,NMVOC_AWB,8.56748230578184e-06
Australia_NZ,Root_Tuber,Root_TuberAEZ17,Root_TuberAEZ17,1990,NMVOC_AWB,4.22334672628689e-06
Australia_NZ,SugarCrop,SugarCropAEZ01,SugarCropAEZ01,1990,NMVOC_AWB,0.000112694337043345
Australia_NZ,SugarCrop,SugarCropAEZ02,SugarCropAEZ02,1990,NMVOC_AWB,0.0023924276160494
Australia_NZ,SugarCrop,SugarCropAEZ03,SugarCropAEZ03,1990,NMVOC_AWB,0.00317193991584361
Australia_NZ,SugarCrop,SugarCropAEZ04,SugarCropAEZ04,1990,NMVOC_AWB,0.00155838058035786
Australia_NZ,SugarCrop,SugarCropAEZ05,SugarCropAEZ05,1990,NMVOC_AWB,5.68956381701396e-05
Australia_NZ,SugarCrop,SugarCropAEZ06,SugarCropAEZ06,1990,NMVOC_AWB,0.000157518376434807
Australia_NZ,SugarCrop,SugarCropAEZ07,SugarCropAEZ07,1990,NMVOC_AWB,0.00303564332730224
Australia_NZ,SugarCrop,SugarCropAEZ08,SugarCropAEZ08,1990,NMVOC_AWB,0.00150561915442136
Australia_NZ,SugarCrop,SugarCropAEZ09,SugarCropAEZ09,1990,NMVOC_AWB,0.00147792933694238
Australia_NZ,SugarCrop,SugarCropAEZ10,SugarCropAEZ10,1990,NMVOC_AWB,0.00458033699429259
Australia_NZ,SugarCrop,SugarCropAEZ11,SugarCropAEZ11,1990,NMVOC_AWB,0.00122010496534579
Australia_NZ,SugarCrop,SugarCropAEZ12,SugarCropAEZ12,1990,NMVOC_AWB,0.00217226106518631
Australia_NZ,SugarCrop,SugarCropAEZ15,SugarCropAEZ15,1990,NMVOC_AWB,0
Australia_NZ,SugarCrop,SugarCropAEZ16,SugarCropAEZ16,1990,NMVOC_AWB,0
Australia_NZ,SugarCrop,SugarCropAEZ17,SugarCropAEZ17,1990,NMVOC_AWB,0
Australia_NZ,Wheat,WheatAEZ01,WheatAEZ01,1990,NMVOC_AWB,8.07725968627266e-06
Australia_NZ,Wheat,WheatAEZ02,WheatAEZ02,1990,NMVOC_AWB,8.5538983119187e-05
Australia_NZ,Wheat,WheatAEZ03,WheatAEZ03,1990,NMVOC_AWB,0
Australia_NZ,Wheat,WheatAEZ04,WheatAEZ04,1990,NMVOC_AWB,1.26587790837163e-05
Australia_NZ,Wheat,WheatAEZ05,WheatAEZ05,1990,NMVOC_AWB,0
Australia_NZ,Wheat,WheatAEZ06,WheatAEZ06,1990,NMVOC_AWB,5.51254570552368e-07
Australia_NZ,Wheat,WheatAEZ07,WheatAEZ07,1990,NMVOC_AWB,0.00191940233103502
Australia_NZ,Wheat,WheatAEZ08,WheatAEZ08,1990,NMVOC_AWB,0.00426330581446357
Australia_NZ,Wheat,WheatAEZ09,WheatAEZ09,1990,NMVOC_AWB,0.003531498223772
Australia_NZ,Wheat,WheatAEZ10,WheatAEZ10,1990,NMVOC_AWB,0.00105616444160199
Australia_NZ,Wheat,WheatAEZ11,WheatAEZ11,1990,NMVOC_AWB,0.000513970856646315
Australia_NZ,Wheat,WheatAEZ12,WheatAEZ12,1990,NMVOC_AWB,0.000959839606536361
Australia_NZ,Wheat,WheatAEZ15,WheatAEZ15,1990,NMVOC_AWB,5.7718612091219e-08
Australia_NZ,Wheat,WheatAEZ16,WheatAEZ16,1990,NMVOC_AWB,3.92653862545193e-06
Australia_NZ,Wheat,WheatAEZ17,WheatAEZ17,1990,NMVOC_AWB,2.1749042237271e-08
Australia_NZ,Corn,CornAEZ01,CornAEZ01,1990,NOx_AWB,1.22970985349534e-06
Australia_NZ,Corn,CornAEZ02,CornAEZ02,1990,NOx_AWB,1.9590848115037e-07
Australia_NZ,Corn,CornAEZ03,CornAEZ03,1990,NOx_AWB,3.39334616737665e-06
Australia_NZ,Corn,CornAEZ04,CornAEZ04,1990,NOx_AWB,2.37442999825634e-06
Australia_NZ,Corn,CornAEZ05,CornAEZ05,1990,NOx_AWB,8.93112193479636e-08
Australia_NZ,Corn,CornAEZ06,CornAEZ06,1990,NOx_AWB,2.50647615589446e-07
Australia_NZ,Corn,CornAEZ07,CornAEZ07,1990,NOx_AWB,2.18298707807336e-05
Australia_NZ,Corn,CornAEZ08,CornAEZ08,1990,NOx_AWB,1.83280066801708e-05
Australia_NZ,Corn,CornAEZ09,CornAEZ09,1990,NOx_AWB,1.6925436402131e-05
Australia_NZ,Corn,CornAEZ10,CornAEZ10,1990,NOx_AWB,1.30519223887976e-05
Australia_NZ,Corn,CornAEZ11,CornAEZ11,1990,NOx_AWB,5.72998695615618e-05
Australia_NZ,Corn,CornAEZ12,CornAEZ12,1990,NOx_AWB,9.62001874339052e-05
Australia_NZ,Corn,CornAEZ15,CornAEZ15,1990,NOx_AWB,0
Australia_NZ,Corn,CornAEZ16,CornAEZ16,1990,NOx_AWB,1.54998180674853e-06
Australia_NZ,Corn,CornAEZ17,CornAEZ17,1990,NOx_AWB,0
Australia_NZ,FiberCrop,FiberCropAEZ01,FiberCropAEZ01,1990,NOx_AWB,1.18495339651851e-08
Australia_NZ,FiberCrop,FiberCropAEZ02,FiberCropAEZ02,1990,NOx_AWB,0
Australia_NZ,FiberCrop,FiberCropAEZ03,FiberCropAEZ03,1990,NOx_AWB,0
Australia_NZ,FiberCrop,FiberCropAEZ04,FiberCropAEZ04,1990,NOx_AWB,0
Australia_NZ,FiberCrop,FiberCropAEZ05,FiberCropAEZ05,1990,NOx_AWB,0
Australia_NZ,FiberCrop,FiberCropAEZ06,FiberCropAEZ06,1990,NOx_AWB,0
Australia_NZ,FiberCrop,FiberCropAEZ07,FiberCropAEZ07,1990,NOx_AWB,8.66943503650183e-05
Australia_NZ,FiberCrop,FiberCropAEZ08,FiberCropAEZ08,1990,NOx_AWB,0.000102355879406803
Australia_NZ,FiberCrop,FiberCropAEZ09,FiberCropAEZ09,1990,NOx_AWB,7.91612066388842e-05
Australia_NZ,FiberCrop,FiberCropAEZ10,FiberCropAEZ10,1990,NOx_AWB,5.04845444742057e-05
Australia_NZ,FiberCrop,FiberCropAEZ11,FiberCropAEZ11,1990,NOx_AWB,1.98392797334439e-05
Australia_NZ,FiberCrop,FiberCropAEZ12,FiberCropAEZ12,1990,NOx_AWB,0.000110829481145307
Australia_NZ,FiberCrop,FiberCropAEZ15,FiberCropAEZ15,1990,NOx_AWB,0
Australia_NZ,FiberCrop,FiberCropAEZ16,FiberCropAEZ16,1990,NOx_AWB,1.02695961031604e-08
Australia_NZ,FiberCrop,FiberCropAEZ17,FiberCropAEZ17,1990,NOx_AWB,0
Australia_NZ,FodderGrass,FodderGrassAEZ01,FodderGrassAEZ01,1990,NOx_AWB,4.12106146171914e-06
Australia_NZ,FodderGrass,FodderGrassAEZ02,FodderGrassAEZ02,1990,NOx_AWB,4.19858832627104e-05
Australia_NZ,FodderGrass,FodderGrassAEZ03,FodderGrassAEZ03,1990,NOx_AWB,2.55737867868771e-05
Australia_NZ,FodderGrass,FodderGrassAEZ04,FodderGrassAEZ04,1990,NOx_AWB,2.48101278596003e-05
Australia_NZ,FodderGrass,FodderGrassAEZ05,FodderGrassAEZ05,1990,NOx_AWB,5.65013905703006e-07
Australia_NZ,FodderGrass,FodderGrassAEZ06,FodderGrassAEZ06,1990,NOx_AWB,1.75107917602515e-06
Australia_NZ,FodderGrass,FodderGrassAEZ07,FodderGrassAEZ07,1990,NOx_AWB,0.000704612174543329
Australia_NZ,FodderGrass,FodderGrassAEZ08,FodderGrassAEZ08,1990,NOx_AWB,0.00145576368725428
Australia_NZ,FodderGrass,FodderGrassAEZ09,FodderGrassAEZ09,1990,NOx_AWB,0.00130148017611151
Australia_NZ,FodderGrass,FodderGrassAEZ10,FodderGrassAEZ10,1990,NOx_AWB,0.000417895099064778
Australia_NZ,FodderGrass,FodderGrassAEZ11,FodderGrassAEZ11,1990,NOx_AWB,0.000208436059170234
Australia_NZ,FodderGrass,FodderGrassAEZ12,FodderGrassAEZ12,1990,NOx_AWB,0.00026045470441878
Australia_NZ,FodderGrass,FodderGrassAEZ15,FodderGrassAEZ15,1990,NOx_AWB,4.34221745271895e-10
Australia_NZ,FodderGrass,FodderGrassAEZ16,FodderGrassAEZ16,1990,NOx_AWB,2.86586351879451e-08
Australia_NZ,FodderGrass,FodderGrassAEZ17,FodderGrassAEZ17,1990,NOx_AWB,6.44202239774955e-07
Australia_NZ,FodderHerb,FodderHerbAEZ01,FodderHerbAEZ01,1990,NOx_AWB,0
Australia_NZ,FodderHerb,FodderHerbAEZ02,FodderHerbAEZ02,1990,NOx_AWB,5.5087171149065e-07
Australia_NZ,FodderHerb,FodderHerbAEZ03,FodderHerbAEZ03,1990,NOx_AWB,0
Australia_NZ,FodderHerb,FodderHerbAEZ04,FodderHerbAEZ04,1990,NOx_AWB,1.49581269974054e-07
Australia_NZ,FodderHerb,FodderHerbAEZ05,FodderHerbAEZ05,1990,NOx_AWB,0
Australia_NZ,FodderHerb,FodderHerbAEZ06,FodderHerbAEZ06,1990,NOx_AWB,5.58453934485888e-06
Australia_NZ,FodderHerb,FodderHerbAEZ07,FodderHerbAEZ07,1990,NOx_AWB,0.000254477972429513
Australia_NZ,FodderHerb,FodderHerbAEZ08,FodderHerbAEZ08,1990,NOx_AWB,0.000253723876509851
Australia_NZ,FodderHerb,FodderHerbAEZ09,FodderHerbAEZ09,1990,NOx_AWB,0.000349895348748479
Australia_NZ,FodderHerb,FodderHerbAEZ10,FodderHerbAEZ10,1990,NOx_AWB,0.000175995774859023
Australia_NZ,FodderHerb,FodderHerbAEZ11,FodderHerbAEZ11,1990,NOx_AWB,0.00138573429577418
Australia_NZ,FodderHerb,FodderHerbAEZ12,FodderHerbAEZ12,1990,NOx_AWB,0.00226707797020844
Australia_NZ,FodderHerb,FodderHerbAEZ15,FodderHerbAEZ15,1990,NOx_AWB,2.97615147500099e-07
Australia_NZ,FodderHerb,FodderHerbAEZ16,FodderHerbAEZ16,1990,NOx_AWB,4.27152527297629e-05
Australia_NZ,FodderHerb,FodderHerbAEZ17,FodderHerbAEZ17,1990,NOx_AWB,1.02643699051161e-07
Australia_NZ,MiscCrop,MiscCropAEZ01,MiscCropAEZ01,1990,NOx_AWB,3.68842396662731e-06
Australia_NZ,MiscCrop,MiscCropAEZ02,MiscCropAEZ02,1990,NOx_AWB,2.77227671720471e-05
Australia_NZ,MiscCrop,MiscCropAEZ03,MiscCropAEZ03,1990,NOx_AWB,2.90396866821802e-05
Australia_NZ,MiscCrop,MiscCropAEZ04,MiscCropAEZ04,1990,NOx_AWB,2.54352097759597e-05
Australia_NZ,MiscCrop,MiscCropAEZ05,MiscCropAEZ05,1990,NOx_AWB,6.5508688210369e-07
Australia_NZ,MiscCrop,MiscCropAEZ06,MiscCropAEZ06,1990,NOx_AWB,1.99749032128871e-06
Australia_NZ,MiscCrop,MiscCropAEZ07,MiscCropAEZ07,1990,NOx_AWB,0.000316595844941998
Australia_NZ,MiscCrop,MiscCropAEZ08,MiscCropAEZ08,1990,NOx_AWB,0.000718044179299551
Australia_NZ,MiscCrop,MiscCropAEZ09,MiscCropAEZ09,1990,NOx_AWB,0.000511405491998713
Australia_NZ,MiscCrop,MiscCropAEZ10,MiscCropAEZ10,1990,NOx_AWB,0.00020607804086169
Australia_NZ,MiscCrop,MiscCropAEZ11,MiscCropAEZ11,1990,NOx_AWB,0.000582132389446162
Australia_NZ,MiscCrop,MiscCropAEZ12,MiscCropAEZ12,1990,NOx_AWB,0.000889263952854609
Australia_NZ,MiscCrop,MiscCropAEZ15,MiscCropAEZ15,1990,NOx_AWB,0
Australia_NZ,MiscCrop,MiscCropAEZ16,MiscCropAEZ16,1990,NOx_AWB,1.27734446736969e-05
Australia_NZ,MiscCrop,MiscCropAEZ17,MiscCropAEZ17,1990,NOx_AWB,5.31414873468556e-07
Australia_NZ,OilCrop,OilCropAEZ01,OilCropAEZ01,1990,NOx_AWB,9.42058200183184e-09
Australia_NZ,OilCrop,OilCropAEZ02,OilCropAEZ02,1990,NOx_AWB,9.51803629840254e-08
Australia_NZ,OilCrop,OilCropAEZ03,OilCropAEZ03,1990,NOx_AWB,1.26040890231405e-07
Australia_NZ,OilCrop,OilCropAEZ04,OilCropAEZ04,1990,NOx_AWB,1.14784918977493e-06
Australia_NZ,OilCrop,OilCropAEZ05,OilCropAEZ05,1990,NOx_AWB,0
Australia_NZ,OilCrop,OilCropAEZ06,OilCropAEZ06,1990,NOx_AWB,4.38544334568034e-09
Australia_NZ,OilCrop,OilCropAEZ07,OilCropAEZ07,1990,NOx_AWB,3.11301508012258e-05
Australia_NZ,OilCrop,OilCropAEZ08,OilCropAEZ08,1990,NOx_AWB,3.49862548926998e-05
Australia_NZ,OilCrop,OilCropAEZ09,OilCropAEZ09,1990,NOx_AWB,7.00608683476231e-05
Australia_NZ,OilCrop,OilCropAEZ10,OilCropAEZ10,1990,NOx_AWB,2.89812835618423e-05
Australia_NZ,OilCrop,OilCropAEZ11,OilCropAEZ11,1990,NOx_AWB,1.38190192537217e-05
Australia_NZ,OilCrop,OilCropAEZ12,OilCropAEZ12,1990,NOx_AWB,1.22594256609356e-05
Australia_NZ,OilCrop,OilCropAEZ15,OilCropAEZ15,1990,NOx_AWB,0
Australia_NZ,OilCrop,OilCropAEZ16,OilCropAEZ16,1990,NOx_AWB,2.43635741426686e-09
Australia_NZ,OilCrop,OilCropAEZ17,OilCropAEZ17,1990,NOx_AWB,0
Australia_NZ,OtherGrain,OtherGrainAEZ01,OtherGrainAEZ01,1990,NOx_AWB,1.23461934791622e-06
Australia_NZ,OtherGrain,OtherGrainAEZ02,OtherGrainAEZ02,1990,NOx_AWB,8.14792479988782e-06
Australia_NZ,OtherGrain,OtherGrainAEZ03,OtherGrainAEZ03,1990,NOx_AWB,1.44195284023345e-06
Australia_NZ,OtherGrain,OtherGrainAEZ04,OtherGrainAEZ04,1990,NOx_AWB,1.32214973177685e-05
Australia_NZ,OtherGrain,OtherGrainAEZ05,OtherGrainAEZ05,1990,NOx_AWB,2.62684967641748e-08
Australia_NZ,OtherGrain,OtherGrainAEZ06,OtherGrainAEZ06,1990,NOx_AWB,4.36244678405046e-07
Australia_NZ,OtherGrain,OtherGrainAEZ07,OtherGrainAEZ07,1990,NOx_AWB,0.000606139933869741
Australia_NZ,OtherGrain,OtherGrainAEZ08,OtherGrainAEZ08,1990,NOx_AWB,0.00100446650627599
Australia_NZ,OtherGrain,OtherGrainAEZ09,OtherGrainAEZ09,1990,NOx_AWB,0.00119634051916722
Australia_NZ,OtherGrain,OtherGrainAEZ10,OtherGrainAEZ10,1990,NOx_AWB,0.000369203722020477
Australia_NZ,OtherGrain,OtherGrainAEZ11,OtherGrainAEZ11,1990,NOx_AWB,0.000213344756353539
Australia_NZ,OtherGrain,OtherGrainAEZ12,OtherGrainAEZ12,1990,NOx_AWB,0.000392743578683274
Australia_NZ,OtherGrain,OtherGrainAEZ15,OtherGrainAEZ15,1990,NOx_AWB,3.65882633501006e-08
Australia_NZ,OtherGrain,OtherGrainAEZ16,OtherGrainAEZ16,1990,NOx_AWB,2.7469342330537e-06
Australia_NZ,OtherGrain,OtherGrainAEZ17,OtherGrainAEZ17,1990,NOx_AWB,2.04988090820436e-07
Australia_NZ,PalmFruit,PalmFruitAEZ01,PalmFruitAEZ01,1990,NOx_AWB,0
Australia_NZ,PalmFruit,PalmFruitAEZ02,PalmFruitAEZ02,1990,NOx_AWB,0
Australia_NZ,PalmFruit,PalmFruitAEZ03,PalmFruitAEZ03,1990,NOx_AWB,0
Australia_NZ,PalmFruit,PalmFruitAEZ04,PalmFruitAEZ04,1990,NOx_AWB,0
Australia_NZ,PalmFruit,PalmFruitAEZ05,PalmFruitAEZ05,1990,NOx_AWB,0
Australia_NZ,PalmFruit,PalmFruitAEZ06,PalmFruitAEZ06,1990,NOx_AWB,0
Australia_NZ,PalmFruit,PalmFruitAEZ07,PalmFruitAEZ07,1990,NOx_AWB,0
Australia_NZ,PalmFruit,PalmFruitAEZ08,PalmFruitAEZ08,1990,NOx_AWB,0
Australia_NZ,PalmFruit,PalmFruitAEZ09,PalmFruitAEZ09,1990,NOx_AWB,0
Australia_NZ,PalmFruit,PalmFruitAEZ10,PalmFruitAEZ10,1990,NOx_AWB,0
Australia_NZ,PalmFruit,PalmFruitAEZ11,PalmFruitAEZ11,1990,NOx_AWB,0
Australia_NZ,PalmFruit,PalmFruitAEZ12,PalmFruitAEZ12,1990,NOx_AWB,0
Australia_NZ,PalmFruit,PalmFruitAEZ15,PalmFruitAEZ15,1990,NOx_AWB,0
Australia_NZ,PalmFruit,PalmFruitAEZ16,PalmFruitAEZ16,1990,NOx_AWB,0
Australia_NZ,PalmFruit,PalmFruitAEZ17,PalmFruitAEZ17,1990,NOx_AWB,0
Australia_NZ,Rice,RiceAEZ01,RiceAEZ01,1990,NOx_AWB,0
Australia_NZ,Rice,RiceAEZ02,RiceAEZ02,1990,NOx_AWB,0
Australia_NZ,Rice,RiceAEZ03,RiceAEZ03,1990,NOx_AWB,0
Australia_NZ,Rice,RiceAEZ04,RiceAEZ04,1990,NOx_AWB,0
Australia_NZ,Rice,RiceAEZ05,RiceAEZ05,1990,NOx_AWB,0
Australia_NZ,Rice,RiceAEZ06,RiceAEZ06,1990,NOx_AWB,0
Australia_NZ,Rice,RiceAEZ07,RiceAEZ07,1990,NOx_AWB,0.000144514289326469
Australia_NZ,Rice,RiceAEZ08,RiceAEZ08,1990,NOx_AWB,8.00506447160168e-05
Australia_NZ,Rice,RiceAEZ09,RiceAEZ09,1990,NOx_AWB,0.000150813896364828
Australia_NZ,Rice,RiceAEZ10,RiceAEZ10,1990,NOx_AWB,3.60132767256068e-05
Australia_NZ,Rice,RiceAEZ11,RiceAEZ11,1990,NOx_AWB,1.31531158990996e-05
Australia_NZ,Rice,RiceAEZ12,RiceAEZ12,1990,NOx_AWB,0
Australia_NZ,Rice,RiceAEZ15,RiceAEZ15,1990,NOx_AWB,0
Australia_NZ,Rice,RiceAEZ16,RiceAEZ16,1990,NOx_AWB,0
Australia_NZ,Rice,RiceAEZ17,RiceAEZ17,1990,NOx_AWB,0
Australia_NZ,Root_Tuber,Root_TuberAEZ01,Root_TuberAEZ01,1990,NOx_AWB,0
Australia_NZ,Root_Tuber,Root_TuberAEZ02,Root_TuberAEZ02,1990,NOx_AWB,0
Australia_NZ,Root_Tuber,Root_TuberAEZ03,Root_TuberAEZ03,1990,NOx_AWB,0
Australia_NZ,Root_Tuber,Root_TuberAEZ04,Root_TuberAEZ04,1990,NOx_AWB,0
Australia_NZ,Root_Tuber,Root_TuberAEZ05,Root_TuberAEZ05,1990,NOx_AWB,0
Australia_NZ,Root_Tuber,Root_TuberAEZ06,Root_TuberAEZ06,1990,NOx_AWB,0
Australia_NZ,Root_Tuber,Root_TuberAEZ07,Root_TuberAEZ07,1990,NOx_AWB,2.57832074795434e-05
Australia_NZ,Root_Tuber,Root_TuberAEZ08,Root_TuberAEZ08,1990,NOx_AWB,9.96563385053387e-06
Australia_NZ,Root_Tuber,Root_TuberAEZ09,Root_TuberAEZ09,1990,NOx_AWB,3.17738370750205e-05
Australia_NZ,Root_Tuber,Root_TuberAEZ10,Root_TuberAEZ10,1990,NOx_AWB,7.90377857111306e-06
Australia_NZ,Root_Tuber,Root_TuberAEZ11,Root_TuberAEZ11,1990,NOx_AWB,0.000278931418955246
Australia_NZ,Root_Tuber,Root_TuberAEZ12,Root_TuberAEZ12,1990,NOx_AWB,0.000321105451307405
Australia_NZ,Root_Tuber,Root_TuberAEZ15,Root_TuberAEZ15,1990,NOx_AWB,0
Australia_NZ,Root_Tuber,Root_TuberAEZ16,Root_TuberAEZ16,1990,NOx_AWB,4.64533837056352e-06
Australia_NZ,Root_Tuber,Root_TuberAEZ17,Root_TuberAEZ17,1990,NOx_AWB,2.28992297848977e-06
Australia_NZ,SugarCrop,SugarCropAEZ01,SugarCropAEZ01,1990,NOx_AWB,6.11035201857815e-05
Australia_NZ,SugarCrop,SugarCropAEZ02,SugarCropAEZ02,1990,NOx_AWB,0.00129718806610548
Australia_NZ,SugarCrop,SugarCropAEZ03,SugarCropAEZ03,1990,NOx_AWB,0.00171984413556903
Australia_NZ,SugarCrop,SugarCropAEZ04,SugarCropAEZ04,1990,NOx_AWB,0.000844962947982045
Australia_NZ,SugarCrop,SugarCropAEZ05,SugarCropAEZ05,1990,NOx_AWB,3.08491435028798e-05
Australia_NZ,SugarCrop,SugarCropAEZ06,SugarCropAEZ06,1990,NOx_AWB,8.54073731354738e-05
Australia_NZ,SugarCrop,SugarCropAEZ07,SugarCropAEZ07,1990,NOx_AWB,0.00164594333835339
Australia_NZ,SugarCrop,SugarCropAEZ08,SugarCropAEZ08,1990,NOx_AWB,0.000816355398221122
Australia_NZ,SugarCrop,SugarCropAEZ09,SugarCropAEZ09,1990,NOx_AWB,0.000801341819316825
Australia_NZ,SugarCrop,SugarCropAEZ10,SugarCropAEZ10,1990,NOx_AWB,0.00248348516288616
Australia_NZ,SugarCrop,SugarCropAEZ11,SugarCropAEZ11,1990,NOx_AWB,0.00066154795648786
Australia_NZ,SugarCrop,SugarCropAEZ12,SugarCropAEZ12,1990,NOx_AWB,0.00117781249109569
Australia_NZ,SugarCrop,SugarCropAEZ15,SugarCropAEZ15,1990,NOx_AWB,0
Australia_NZ,SugarCrop,SugarCropAEZ16,SugarCropAEZ16,1990,NOx_AWB,0
Australia_NZ,SugarCrop,SugarCropAEZ17,SugarCropAEZ17,1990,NOx_AWB,0
Australia_NZ,Wheat,WheatAEZ01,WheatAEZ01,1990,NOx_AWB,4.3795368359648e-06
Australia_NZ,Wheat,WheatAEZ02,WheatAEZ02,1990,NOx_AWB,4.63797305066372e-05
Australia_NZ,Wheat,WheatAEZ03,WheatAEZ03,1990,NOx_AWB,0
Australia_NZ,Wheat,WheatAEZ04,WheatAEZ04,1990,NOx_AWB,6.86366310466606e-06
Australia_NZ,Wheat,WheatAEZ05,WheatAEZ05,1990,NOx_AWB,0
Australia_NZ,Wheat,WheatAEZ06,WheatAEZ06,1990,NOx_AWB,2.98893410822369e-07
Australia_NZ,Wheat,WheatAEZ07,WheatAEZ07,1990,NOx_AWB,0.00104071102555868
Australia_NZ,Wheat,WheatAEZ08,WheatAEZ08,1990,NOx_AWB,0.002311589026803
Australia_NZ,Wheat,WheatAEZ09,WheatAEZ09,1990,NOx_AWB,0.0019147987260381
Australia_NZ,Wheat,WheatAEZ10,WheatAEZ10,1990,NOx_AWB,0.000572658458003175
Australia_NZ,Wheat,WheatAEZ11,WheatAEZ11,1990,NOx_AWB,0.000278677965884943
Australia_NZ,Wheat,WheatAEZ12,WheatAEZ12,1990,NOx_AWB,0.000520430576299049
Australia_NZ,Wheat,WheatAEZ15,WheatAEZ15,1990,NOx_AWB,3.12953647143299e-08
Australia_NZ,Wheat,WheatAEZ16,WheatAEZ16,1990,NOx_AWB,2.12899191259515e-06
Australia_NZ,Wheat,WheatAEZ17,WheatAEZ17,1990,NOx_AWB,1.17924562691678e-08
Australia_NZ,Corn,CornAEZ01,CornAEZ01,1990,SO2_AWB,2.05897331856064e-07
Australia_NZ,Corn,CornAEZ02,CornAEZ02,1990,SO2_AWB,3.28020739544216e-08
Australia_NZ,Corn,CornAEZ03,CornAEZ03,1990,SO2_AWB,5.68167295676222e-07
Australia_NZ,Corn,CornAEZ04,CornAEZ04,1990,SO2_AWB,3.97564352217195e-07
Australia_NZ,Corn,CornAEZ05,CornAEZ05,1990,SO2_AWB,1.49538866556923e-08
Australia_NZ,Corn,CornAEZ06,CornAEZ06,1990,SO2_AWB,4.19673593240396e-08
Australia_NZ,Corn,CornAEZ07,CornAEZ07,1990,SO2_AWB,3.65509972595557e-06
Australia_NZ,Corn,CornAEZ08,CornAEZ08,1990,SO2_AWB,3.06876265402029e-06
Australia_NZ,Corn,CornAEZ09,CornAEZ09,1990,SO2_AWB,2.83392231573385e-06
Australia_NZ,Corn,CornAEZ10,CornAEZ10,1990,SO2_AWB,2.18535777997327e-06
Australia_NZ,Corn,CornAEZ11,CornAEZ11,1990,SO2_AWB,9.59404385098776e-06
Australia_NZ,Corn,CornAEZ12,CornAEZ12,1990,SO2_AWB,1.61073458591826e-05
Australia_NZ,Corn,CornAEZ15,CornAEZ15,1990,SO2_AWB,0
Australia_NZ,Corn,CornAEZ16,CornAEZ16,1990,SO2_AWB,2.59522290992337e-07
Australia_NZ,Corn,CornAEZ17,CornAEZ17,1990,SO2_AWB,0
Australia_NZ,FiberCrop,FiberCropAEZ01,FiberCropAEZ01,1990,SO2_AWB,1.98403503089329e-09
Australia_NZ,FiberCrop,FiberCropAEZ02,FiberCropAEZ02,1990,SO2_AWB,0
Australia_NZ,FiberCrop,FiberCropAEZ03,FiberCropAEZ03,1990,SO2_AWB,0
Australia_NZ,FiberCrop,FiberCropAEZ04,FiberCropAEZ04,1990,SO2_AWB,0
Australia_NZ,FiberCrop,FiberCropAEZ05,FiberCropAEZ05,1990,SO2_AWB,0
Australia_NZ,FiberCrop,FiberCropAEZ06,FiberCropAEZ06,1990,SO2_AWB,0
Australia_NZ,FiberCrop,FiberCropAEZ07,FiberCropAEZ07,1990,SO2_AWB,1.45157293620236e-05
Australia_NZ,FiberCrop,FiberCropAEZ08,FiberCropAEZ08,1990,SO2_AWB,1.71380284623552e-05
Australia_NZ,FiberCrop,FiberCropAEZ09,FiberCropAEZ09,1990,SO2_AWB,1.32544121583836e-05
Australia_NZ,FiberCrop,FiberCropAEZ10,FiberCropAEZ10,1990,SO2_AWB,8.45291511461985e-06
Australia_NZ,FiberCrop,FiberCropAEZ11,FiberCropAEZ11,1990,SO2_AWB,3.3218037177236e-06
Australia_NZ,FiberCrop,FiberCropAEZ12,FiberCropAEZ12,1990,SO2_AWB,1.8556811912947e-05
Australia_NZ,FiberCrop,FiberCropAEZ15,FiberCropAEZ15,1990,SO2_AWB,0
Australia_NZ,FiberCrop,FiberCropAEZ16,FiberCropAEZ16,1990,SO2_AWB,1.71949702677418e-09
Australia_NZ,FiberCrop,FiberCropAEZ17,FiberCropAEZ17,1990,SO2_AWB,0
Australia_NZ,FodderGrass,FodderGrassAEZ01,FodderGrassAEZ01,1990,SO2_AWB,6.90012816414368e-07
Australia_NZ,FodderGrass,FodderGrassAEZ02,FodderGrassAEZ02,1990,SO2_AWB,7.02993581359066e-06
Australia_NZ,FodderGrass,FodderGrassAEZ03,FodderGrassAEZ03,1990,SO2_AWB,4.28196492848042e-06
Australia_NZ,FodderGrass,FodderGrassAEZ04,FodderGrassAEZ04,1990,SO2_AWB,4.15410116035053e-06
Australia_NZ,FodderGrass,FodderGrassAEZ05,FodderGrassAEZ05,1990,SO2_AWB,9.46034996102136e-08
Australia_NZ,FodderGrass,FodderGrassAEZ06,FodderGrassAEZ06,1990,SO2_AWB,2.93193170069738e-07
Australia_NZ,FodderGrass,FodderGrassAEZ07,FodderGrassAEZ07,1990,SO2_AWB,0.000117977233669715
Australia_NZ,FodderGrass,FodderGrassAEZ08,FodderGrassAEZ08,1990,SO2_AWB,0.000243746814068881
Australia_NZ,FodderGrass,FodderGrassAEZ09,FodderGrassAEZ09,1990,SO2_AWB,0.000217914246164032
Australia_NZ,FodderGrass,FodderGrassAEZ10,FodderGrassAEZ10,1990,SO2_AWB,6.99705590295078e-05
Australia_NZ,FodderGrass,FodderGrassAEZ11,FodderGrassAEZ11,1990,SO2_AWB,3.48996377671998e-05
Australia_NZ,FodderGrass,FodderGrassAEZ12,FodderGrassAEZ12,1990,SO2_AWB,4.36094161210115e-05
Australia_NZ,FodderGrass,FodderGrassAEZ15,FodderGrassAEZ15,1990,SO2_AWB,7.27042224889395e-11
Australia_NZ,FodderGrass,FodderGrassAEZ16,FodderGrassAEZ16,1990,SO2_AWB,4.79847868427001e-09
Australia_NZ,FodderGrass,FodderGrassAEZ17,FodderGrassAEZ17,1990,SO2_AWB,1.0786245386938e-07
Australia_NZ,FodderHerb,FodderHerbAEZ01,FodderHerbAEZ01,1990,SO2_AWB,0
Australia_NZ,FodderHerb,FodderHerbAEZ02,FodderHerbAEZ02,1990,SO2_AWB,9.22355914027306e-08
Australia_NZ,FodderHerb,FodderHerbAEZ03,FodderHerbAEZ03,1990,SO2_AWB,0
Australia_NZ,FodderHerb,FodderHerbAEZ04,FodderHerbAEZ04,1990,SO2_AWB,2.50452448565468e-08
Australia_NZ,FodderHerb,FodderHerbAEZ05,FodderHerbAEZ05,1990,SO2_AWB,0
Australia_NZ,FodderHerb,FodderHerbAEZ06,FodderHerbAEZ06,1990,SO2_AWB,9.35051262282179e-07
Australia_NZ,FodderHerb,FodderHerbAEZ07,FodderHerbAEZ07,1990,SO2_AWB,4.26086978082234e-05
Australia_NZ,FodderHerb,FodderHerbAEZ08,FodderHerbAEZ08,1990,SO2_AWB,4.24824352289811e-05
Australia_NZ,FodderHerb,FodderHerbAEZ09,FodderHerbAEZ09,1990,SO2_AWB,5.85849731393013e-05
Australia_NZ,FodderHerb,FodderHerbAEZ10,FodderHerbAEZ10,1990,SO2_AWB,2.94679760094731e-05
Australia_NZ,FodderHerb,FodderHerbAEZ11,FodderHerbAEZ11,1990,SO2_AWB,0.000232021393786795
Australia_NZ,FodderHerb,FodderHerbAEZ12,FodderHerbAEZ12,1990,SO2_AWB,0.000379589790102747
Australia_NZ,FodderHerb,FodderHerbAEZ15,FodderHerbAEZ15,1990,SO2_AWB,4.98314009731982e-08
Australia_NZ,FodderHerb,FodderHerbAEZ16,FodderHerbAEZ16,1990,SO2_AWB,7.15205830189677e-06
Australia_NZ,FodderHerb,FodderHerbAEZ17,FodderHerbAEZ17,1990,SO2_AWB,1.71862197463891e-08
Australia_NZ,MiscCrop,MiscCropAEZ01,MiscCropAEZ01,1990,SO2_AWB,6.17573853965544e-07
Australia_NZ,MiscCrop,MiscCropAEZ02,MiscCropAEZ02,1990,SO2_AWB,4.64178096659692e-06
Australia_NZ,MiscCrop,MiscCropAEZ03,MiscCropAEZ03,1990,SO2_AWB,4.86228030848223e-06
Australia_NZ,MiscCrop,MiscCropAEZ04,MiscCropAEZ04,1990,SO2_AWB,4.25876218945756e-06
Australia_NZ,MiscCrop,MiscCropAEZ05,MiscCropAEZ05,1990,SO2_AWB,1.09684931592335e-07
Australia_NZ,MiscCrop,MiscCropAEZ06,MiscCropAEZ06,1990,SO2_AWB,3.34451193013242e-07
Australia_NZ,MiscCrop,MiscCropAEZ07,MiscCropAEZ07,1990,SO2_AWB,5.30094473627151e-05
Australia_NZ,MiscCrop,MiscCropAEZ08,MiscCropAEZ08,1990,SO2_AWB,0.000120226230807473
Australia_NZ,MiscCrop,MiscCropAEZ09,MiscCropAEZ09,1990,SO2_AWB,8.56275372599276e-05
Australia_NZ,MiscCrop,MiscCropAEZ10,MiscCropAEZ10,1990,SO2_AWB,3.4504821317761e-05
Australia_NZ,MiscCrop,MiscCropAEZ11,MiscCropAEZ11,1990,SO2_AWB,9.74697449428982e-05
Australia_NZ,MiscCrop,MiscCropAEZ12,MiscCropAEZ12,1990,SO2_AWB,0.000148894533688661
Australia_NZ,MiscCrop,MiscCropAEZ15,MiscCropAEZ15,1990,SO2_AWB,0
Australia_NZ,MiscCrop,MiscCropAEZ16,MiscCropAEZ16,1990,SO2_AWB,2.13873066841714e-06
Australia_NZ,MiscCrop,MiscCropAEZ17,MiscCropAEZ17,1990,SO2_AWB,8.8977822081197e-08
Australia_NZ,OilCrop,OilCropAEZ01,OilCropAEZ01,1990,SO2_AWB,1.57734175520761e-09
Australia_NZ,OilCrop,OilCropAEZ02,OilCropAEZ02,1990,SO2_AWB,1.59365908370976e-08
Australia_NZ,OilCrop,OilCropAEZ03,OilCropAEZ03,1990,SO2_AWB,2.11037448627776e-08
Australia_NZ,OilCrop,OilCropAEZ04,OilCropAEZ04,1990,SO2_AWB,1.92190934207796e-07
Australia_NZ,OilCrop,OilCropAEZ05,OilCropAEZ05,1990,SO2_AWB,0
Australia_NZ,OilCrop,OilCropAEZ06,OilCropAEZ06,1990,SO2_AWB,7.34279782596644e-10
Australia_NZ,OilCrop,OilCropAEZ07,OilCropAEZ07,1990,SO2_AWB,5.21229863453605e-06
Australia_NZ,OilCrop,OilCropAEZ08,OilCropAEZ08,1990,SO2_AWB,5.85794812781853e-06
Australia_NZ,OilCrop,OilCropAEZ09,OilCropAEZ09,1990,SO2_AWB,1.17306906334789e-05
Australia_NZ,OilCrop,OilCropAEZ10,OilCropAEZ10,1990,SO2_AWB,4.85250154106367e-06
Australia_NZ,OilCrop,OilCropAEZ11,OilCropAEZ11,1990,SO2_AWB,2.31379718160455e-06
Australia_NZ,OilCrop,OilCropAEZ12,OilCropAEZ12,1990,SO2_AWB,2.05266553447518e-06
Australia_NZ,OilCrop,OilCropAEZ15,OilCropAEZ15,1990,SO2_AWB,0
Australia_NZ,OilCrop,OilCropAEZ16,OilCropAEZ16,1990,SO2_AWB,4.07933212553691e-10
Australia_NZ,OilCrop,OilCropAEZ17,OilCropAEZ17,1990,SO2_AWB,0
Australia_NZ,OtherGrain,OtherGrainAEZ01,OtherGrainAEZ01,1990,SO2_AWB,2.06719356498013e-07
Australia_NZ,OtherGrain,OtherGrainAEZ02,OtherGrainAEZ02,1990,SO2_AWB,1.36425350394015e-06
Australia_NZ,OtherGrain,OtherGrainAEZ03,OtherGrainAEZ03,1990,SO2_AWB,2.41434385210824e-07
Australia_NZ,OtherGrain,OtherGrainAEZ04,OtherGrainAEZ04,1990,SO2_AWB,2.2137506771478e-06
Australia_NZ,OtherGrain,OtherGrainAEZ05,OtherGrainAEZ05,1990,SO2_AWB,4.39828418080877e-09
Australia_NZ,OtherGrain,OtherGrainAEZ06,OtherGrainAEZ06,1990,SO2_AWB,7.30429337170027e-08
Australia_NZ,OtherGrain,OtherGrainAEZ07,OtherGrainAEZ07,1990,SO2_AWB,0.000101489464982695
Australia_NZ,OtherGrain,OtherGrainAEZ08,OtherGrainAEZ08,1990,SO2_AWB,0.000168183554025488
Australia_NZ,OtherGrain,OtherGrainAEZ09,OtherGrainAEZ09,1990,SO2_AWB,0.000200310113957107
Australia_NZ,OtherGrain,OtherGrainAEZ10,OtherGrainAEZ10,1990,SO2_AWB,6.18178841612672e-05
Australia_NZ,OtherGrain,OtherGrainAEZ11,OtherGrainAEZ11,1990,SO2_AWB,3.57215289231169e-05
Australia_NZ,OtherGrain,OtherGrainAEZ12,OtherGrainAEZ12,1990,SO2_AWB,6.57592965727946e-05
Australia_NZ,OtherGrain,OtherGrainAEZ15,OtherGrainAEZ15,1990,SO2_AWB,6.12618153755508e-09
Australia_NZ,OtherGrain,OtherGrainAEZ16,OtherGrainAEZ16,1990,SO2_AWB,4.59934860050288e-07
Australia_NZ,OtherGrain,OtherGrainAEZ17,OtherGrainAEZ17,1990,SO2_AWB,3.43223247680971e-08
Australia_NZ,PalmFruit,PalmFruitAEZ01,PalmFruitAEZ01,1990,SO2_AWB,0
Australia_NZ,PalmFruit,PalmFruitAEZ02,PalmFruitAEZ02,1990,SO2_AWB,0
Australia_NZ,PalmFruit,PalmFruitAEZ03,PalmFruitAEZ03,1990,SO2_AWB,0
Australia_NZ,PalmFruit,PalmFruitAEZ04,PalmFruitAEZ04,1990,SO2_AWB,0
Australia_NZ,PalmFruit,PalmFruitAEZ05,PalmFruitAEZ05,1990,SO2_AWB,0
Australia_NZ,PalmFruit,PalmFruitAEZ06,PalmFruitAEZ06,1990,SO2_AWB,0
Australia_NZ,PalmFruit,PalmFruitAEZ07,PalmFruitAEZ07,1990,SO2_AWB,0
Australia_NZ,PalmFruit,PalmFruitAEZ08,PalmFruitAEZ08,1990,SO2_AWB,0
Australia_NZ,PalmFruit,PalmFruitAEZ09,PalmFruitAEZ09,1990,SO2_AWB,0
Australia_NZ,PalmFruit,PalmFruitAEZ10,PalmFruitAEZ10,1990,SO2_AWB,0
Australia_NZ,PalmFruit,PalmFruitAEZ11,PalmFruitAEZ11,1990,SO2_AWB,0
Australia_NZ,PalmFruit,PalmFruitAEZ12,PalmFruitAEZ12,1990,SO2_AWB,0
Australia_NZ,PalmFruit,PalmFruitAEZ15,PalmFruitAEZ15,1990,SO2_AWB,0
Australia_NZ,PalmFruit,PalmFruitAEZ16,PalmFruitAEZ16,1990,SO2_AWB,0
Australia_NZ,PalmFruit,PalmFruitAEZ17,PalmFruitAEZ17,1990,SO2_AWB,0
Australia_NZ,Rice,RiceAEZ01,RiceAEZ01,1990,SO2_AWB,0
Australia_NZ,Rice,RiceAEZ02,RiceAEZ02,1990,SO2_AWB,0
Australia_NZ,Rice,RiceAEZ03,RiceAEZ03,1990,SO2_AWB,0
Australia_NZ,Rice,RiceAEZ04,RiceAEZ04,1990,SO2_AWB,0
Australia_NZ,Rice,RiceAEZ05,RiceAEZ05,1990,SO2_AWB,0
Australia_NZ,Rice,RiceAEZ06,RiceAEZ06,1990,SO2_AWB,0
Australia_NZ,Rice,RiceAEZ07,RiceAEZ07,1990,SO2_AWB,2.41968513977659e-05
Australia_NZ,Rice,RiceAEZ08,RiceAEZ08,1990,SO2_AWB,1.34033358466929e-05
Australia_NZ,Rice,RiceAEZ09,RiceAEZ09,1990,SO2_AWB,2.52516305208679e-05
Australia_NZ,Rice,RiceAEZ10,RiceAEZ10,1990,SO2_AWB,6.02990824877911e-06
Australia_NZ,Rice,RiceAEZ11,RiceAEZ11,1990,SO2_AWB,2.20230118634927e-06
Australia_NZ,Rice,RiceAEZ12,RiceAEZ12,1990,SO2_AWB,0
Australia_NZ,Rice,RiceAEZ15,RiceAEZ15,1990,SO2_AWB,0
Australia_NZ,Rice,RiceAEZ16,RiceAEZ16,1990,SO2_AWB,0
Australia_NZ,Rice,RiceAEZ17,RiceAEZ17,1990,SO2_AWB,0
Australia_NZ,Root_Tuber,Root_TuberAEZ01,Root_TuberAEZ01,1990,SO2_AWB,0
Australia_NZ,Root_Tuber,Root_TuberAEZ02,Root_TuberAEZ02,1990,SO2_AWB,0
Australia_NZ,Root_Tuber,Root_TuberAEZ03,Root_TuberAEZ03,1990,SO2_AWB,0
Australia_NZ,Root_Tuber,Root_TuberAEZ04,Root_TuberAEZ04,1990,SO2_AWB,0
Australia_NZ,Root_Tuber,Root_TuberAEZ05,Root_TuberAEZ05,1990,SO2_AWB,0
Australia_NZ,Root_Tuber,Root_TuberAEZ06,Root_TuberAEZ06,1990,SO2_AWB,0
Australia_NZ,Root_Tuber,Root_TuberAEZ07,Root_TuberAEZ07,1990,SO2_AWB,4.31702942904767e-06
Australia_NZ,Root_Tuber,Root_TuberAEZ08,Root_TuberAEZ08,1990,SO2_AWB,1.66860289380219e-06
Australia_NZ,Root_Tuber,Root_TuberAEZ09,Root_TuberAEZ09,1990,SO2_AWB,5.32007469727962e-06
Australia_NZ,Root_Tuber,Root_TuberAEZ10,Root_TuberAEZ10,1990,SO2_AWB,1.3233747088776e-06
Australia_NZ,Root_Tuber,Root_TuberAEZ11,Root_TuberAEZ11,1990,SO2_AWB,4.67030777792564e-05
Australia_NZ,Root_Tuber,Root_TuberAEZ12,Root_TuberAEZ12,1990,SO2_AWB,5.37645164676094e-05
Australia_NZ,Root_Tuber,Root_TuberAEZ15,Root_TuberAEZ15,1990,SO2_AWB,0
Australia_NZ,Root_Tuber,Root_TuberAEZ16,Root_TuberAEZ16,1990,SO2_AWB,7.77795488382045e-07
Australia_NZ,Root_Tuber,Root_TuberAEZ17,Root_TuberAEZ17,1990,SO2_AWB,3.83414860088148e-07
Australia_NZ,SugarCrop,SugarCropAEZ01,SugarCropAEZ01,1990,SO2_AWB,1.02309107611889e-05
Australia_NZ,SugarCrop,SugarCropAEZ02,SugarCropAEZ02,1990,SO2_AWB,0.000217195593714625
Australia_NZ,SugarCrop,SugarCropAEZ03,SugarCropAEZ03,1990,SO2_AWB,0.000287963309162264
Australia_NZ,SugarCrop,SugarCropAEZ04,SugarCropAEZ04,1990,SO2_AWB,0.000141476963864465
Australia_NZ,SugarCrop,SugarCropAEZ05,SugarCropAEZ05,1990,SO2_AWB,5.16524798043496e-06
Australia_NZ,SugarCrop,SugarCropAEZ06,SugarCropAEZ06,1990,SO2_AWB,1.43002434268905e-05
Australia_NZ,SugarCrop,SugarCropAEZ07,SugarCropAEZ07,1990,SO2_AWB,0.000275589677345388
Australia_NZ,SugarCrop,SugarCropAEZ08,SugarCropAEZ08,1990,SO2_AWB,0.0001366870387045
Australia_NZ,SugarCrop,SugarCropAEZ09,SugarCropAEZ09,1990,SO2_AWB,0.000134173229589921
Australia_NZ,SugarCrop,SugarCropAEZ10,SugarCropAEZ10,1990,SO2_AWB,0.000415824080199841
Australia_NZ,SugarCrop,SugarCropAEZ11,SugarCropAEZ11,1990,SO2_AWB,0.000110766746113739
Australia_NZ,SugarCrop,SugarCropAEZ12,SugarCropAEZ12,1990,SO2_AWB,0.000197207860581126
Australia_NZ,SugarCrop,SugarCropAEZ15,SugarCropAEZ15,1990,SO2_AWB,0
Australia_NZ,SugarCrop,SugarCropAEZ16,SugarCropAEZ16,1990,SO2_AWB,0
Australia_NZ,SugarCrop,SugarCropAEZ17,SugarCropAEZ17,1990,SO2_AWB,0
Australia_NZ,Wheat,WheatAEZ01,WheatAEZ01,1990,SO2_AWB,7.33290821999512e-07
Australia_NZ,Wheat,WheatAEZ02,WheatAEZ02,1990,SO2_AWB,7.76562270878482e-06
Australia_NZ,Wheat,WheatAEZ03,WheatAEZ03,1990,SO2_AWB,0
Australia_NZ,Wheat,WheatAEZ04,WheatAEZ04,1990,SO2_AWB,1.14922224620119e-06
Australia_NZ,Wheat,WheatAEZ05,WheatAEZ05,1990,SO2_AWB,0
Australia_NZ,Wheat,WheatAEZ06,WheatAEZ06,1990,SO2_AWB,5.00454278891546e-08
Australia_NZ,Wheat,WheatAEZ07,WheatAEZ07,1990,SO2_AWB,0.000174252180534008
Australia_NZ,Wheat,WheatAEZ08,WheatAEZ08,1990,SO2_AWB,0.00038704253008435
Australia_NZ,Wheat,WheatAEZ09,WheatAEZ09,1990,SO2_AWB,0.000320605667761389
Australia_NZ,Wheat,WheatAEZ10,WheatAEZ10,1990,SO2_AWB,9.58834705865907e-05
Australia_NZ,Wheat,WheatAEZ11,WheatAEZ11,1990,SO2_AWB,4.66606406866547e-05
Australia_NZ,Wheat,WheatAEZ12,WheatAEZ12,1990,SO2_AWB,8.71386585800775e-05
Australia_NZ,Wheat,WheatAEZ15,WheatAEZ15,1990,SO2_AWB,5.23996134196003e-09
Australia_NZ,Wheat,WheatAEZ16,WheatAEZ16,1990,SO2_AWB,3.56469254190732e-07
Australia_NZ,Wheat,WheatAEZ17,WheatAEZ17,1990,SO2_AWB,1.97447818682553e-09
Brazil,Corn,CornAEZ01,CornAEZ01,1990,CH4_AWB,7.19740983835144e-07
Brazil,Corn,CornAEZ02,CornAEZ02,1990,CH4_AWB,2.97647411557847e-05
Brazil,Corn,CornAEZ03,CornAEZ03,1990,CH4_AWB,0.000240841214799802
Brazil,Corn,CornAEZ04,CornAEZ04,1990,CH4_AWB,0.000339824667661883
Brazil,Corn,CornAEZ05,CornAEZ05,1990,CH4_AWB,0.00217152516409633
Brazil,Corn,CornAEZ06,CornAEZ06,1990,CH4_AWB,0.00162851655470573
Brazil,Corn,CornAEZ10,CornAEZ10,1990,CH4_AWB,1.79500794660697e-06
Brazil,Corn,CornAEZ11,CornAEZ11,1990,CH4_AWB,1.20680916136007e-06
Brazil,Corn,CornAEZ12,CornAEZ12,1990,CH4_AWB,0.00400902099948549
Brazil,FiberCrop,FiberCropAEZ01,FiberCropAEZ01,1990,CH4_AWB,1.38477911945307e-07
Brazil,FiberCrop,FiberCropAEZ02,FiberCropAEZ02,1990,CH4_AWB,1.004161439081e-05
Brazil,FiberCrop,FiberCropAEZ03,FiberCropAEZ03,1990,CH4_AWB,4.54194446015438e-05
Brazil,FiberCrop,FiberCropAEZ04,FiberCropAEZ04,1990,CH4_AWB,0.000104308814801932
Brazil,FiberCrop,FiberCropAEZ05,FiberCropAEZ05,1990,CH4_AWB,0.000535823898815905
Brazil,FiberCrop,FiberCropAEZ06,FiberCropAEZ06,1990,CH4_AWB,7.03895894744325e-05
Brazil,FiberCrop,FiberCropAEZ10,FiberCropAEZ10,1990,CH4_AWB,0
Brazil,FiberCrop,FiberCropAEZ11,FiberCropAEZ11,1990,CH4_AWB,0
Brazil,FiberCrop,FiberCropAEZ12,FiberCropAEZ12,1990,CH4_AWB,2.39191106263889e-05
Brazil,FodderGrass,FodderGrassAEZ01,FodderGrassAEZ01,1990,CH4_AWB,0
Brazil,FodderGrass,FodderGrassAEZ02,FodderGrassAEZ02,1990,CH4_AWB,0
Brazil,FodderGrass,FodderGrassAEZ03,FodderGrassAEZ03,1990,CH4_AWB,0
Brazil,FodderGrass,FodderGrassAEZ04,FodderGrassAEZ04,1990,CH4_AWB,0
Brazil,FodderGrass,FodderGrassAEZ05,FodderGrassAEZ05,1990,CH4_AWB,0
Brazil,FodderGrass,FodderGrassAEZ06,FodderGrassAEZ06,1990,CH4_AWB,0
Brazil,FodderGrass,FodderGrassAEZ10,FodderGrassAEZ10,1990,CH4_AWB,0
Brazil,FodderGrass,FodderGrassAEZ11,FodderGrassAEZ11,1990,CH4_AWB,0
Brazil,FodderGrass,FodderGrassAEZ12,FodderGrassAEZ12,1990,CH4_AWB,0
Brazil,FodderHerb,FodderHerbAEZ01,FodderHerbAEZ01,1990,CH4_AWB,0
Brazil,FodderHerb,FodderHerbAEZ02,FodderHerbAEZ02,1990,CH4_AWB,0
Brazil,FodderHerb,FodderHerbAEZ03,FodderHerbAEZ03,1990,CH4_AWB,0
Brazil,FodderHerb,FodderHerbAEZ04,FodderHerbAEZ04,1990,CH4_AWB,0
Brazil,FodderHerb,FodderHerbAEZ05,FodderHerbAEZ05,1990,CH4_AWB,0
Brazil,FodderHerb,FodderHerbAEZ06,FodderHerbAEZ06,1990,CH4_AWB,0
Brazil,FodderHerb,FodderHerbAEZ10,FodderHerbAEZ10,1990,CH4_AWB,0
Brazil,FodderHerb,FodderHerbAEZ11,FodderHerbAEZ11,1990,CH4_AWB,0
Brazil,FodderHerb,FodderHerbAEZ12,FodderHerbAEZ12,1990,CH4_AWB,0
Brazil,MiscCrop,MiscCropAEZ01,MiscCropAEZ01,1990,CH4_AWB,2.43303207488292e-06
Brazil,MiscCrop,MiscCropAEZ02,MiscCropAEZ02,1990,CH4_AWB,0.000222016756930707
Brazil,MiscCrop,MiscCropAEZ03,MiscCropAEZ03,1990,CH4_AWB,0.000493474957407493
Brazil,MiscCrop,MiscCropAEZ04,MiscCropAEZ04,1990,CH4_AWB,0.000758587730249961
Brazil,MiscCrop,MiscCropAEZ05,MiscCropAEZ05,1990,CH4_AWB,0.00445341849123632
Brazil,MiscCrop,MiscCropAEZ06,MiscCropAEZ06,1990,CH4_AWB,0.00565942546847629
Brazil,MiscCrop,MiscCropAEZ10,MiscCropAEZ10,1990,CH4_AWB,6.41799288045735e-06
Brazil,MiscCrop,MiscCropAEZ11,MiscCropAEZ11,1990,CH4_AWB,1.19523023190828e-06
Brazil,MiscCrop,MiscCropAEZ12,MiscCropAEZ12,1990,CH4_AWB,0.0020938892054693
Brazil,OilCrop,OilCropAEZ01,OilCropAEZ01,1990,CH4_AWB,3.86949541920843e-08
Brazil,OilCrop,OilCropAEZ02,OilCropAEZ02,1990,CH4_AWB,5.20777456663218e-07
Brazil,OilCrop,OilCropAEZ03,OilCropAEZ03,1990,CH4_AWB,1.90296122040446e-05
Brazil,OilCrop,OilCropAEZ04,OilCropAEZ04,1990,CH4_AWB,0.000377287506237013
Brazil,OilCrop,OilCropAEZ05,OilCropAEZ05,1990,CH4_AWB,0.00275705229358145
Brazil,OilCrop,OilCropAEZ06,OilCropAEZ06,1990,CH4_AWB,0.000780611997748451
Brazil,OilCrop,OilCropAEZ10,OilCropAEZ10,1990,CH4_AWB,0
Brazil,OilCrop,OilCropAEZ11,OilCropAEZ11,1990,CH4_AWB,0
Brazil,OilCrop,OilCropAEZ12,OilCropAEZ12,1990,CH4_AWB,0.00257359215427768
Brazil,OtherGrain,OtherGrainAEZ01,OtherGrainAEZ01,1990,CH4_AWB,0
Brazil,OtherGrain,OtherGrainAEZ02,OtherGrainAEZ02,1990,CH4_AWB,3.1579435164028e-08
Brazil,OtherGrain,OtherGrainAEZ03,OtherGrainAEZ03,1990,CH4_AWB,6.59318285955493e-06
Brazil,OtherGrain,OtherGrainAEZ04,OtherGrainAEZ04,1990,CH4_AWB,3.63163504386322e-06
Brazil,OtherGrain,OtherGrainAEZ05,OtherGrainAEZ05,1990,CH4_AWB,9.40708794522694e-05
Brazil,OtherGrain,OtherGrainAEZ06,OtherGrainAEZ06,1990,CH4_AWB,2.8242304964953e-05
Brazil,OtherGrain,OtherGrainAEZ10,OtherGrainAEZ10,1990,CH4_AWB,0
Brazil,OtherGrain,OtherGrainAEZ11,OtherGrainAEZ11,1990,CH4_AWB,0
Brazil,OtherGrain,OtherGrainAEZ12,OtherGrainAEZ12,1990,CH4_AWB,9.28389266557575e-05
Brazil,PalmFruit,PalmFruitAEZ01,PalmFruitAEZ01,1990,CH4_AWB,8.54169984650032e-07
Brazil,PalmFruit,PalmFruitAEZ02,PalmFruitAEZ02,1990,CH4_AWB,1.75564346136076e-05
Brazil,PalmFruit,PalmFruitAEZ03,PalmFruitAEZ03,1990,CH4_AWB,1.05411747619168e-05
Brazil,PalmFruit,PalmFruitAEZ04,PalmFruitAEZ04,1990,CH4_AWB,3.56614187586415e-05
Brazil,PalmFruit,PalmFruitAEZ05,PalmFruitAEZ05,1990,CH4_AWB,8.20684716500045e-05
Brazil,PalmFruit,PalmFruitAEZ06,PalmFruitAEZ06,1990,CH4_AWB,0.000113817616153125
Brazil,PalmFruit,PalmFruitAEZ10,PalmFruitAEZ10,1990,CH4_AWB,0
Brazil,PalmFruit,PalmFruitAEZ11,PalmFruitAEZ11,1990,CH4_AWB,0
Brazil,PalmFruit,PalmFruitAEZ12,PalmFruitAEZ12,1990,CH4_AWB,2.09921119385775e-07
Brazil,Rice,RiceAEZ01,RiceAEZ01,1990,CH4_AWB,0
Brazil,Rice,RiceAEZ02,RiceAEZ02,1990,CH4_AWB,7.53497994505598e-06
Brazil,Rice,RiceAEZ03,RiceAEZ03,1990,CH4_AWB,7.37933080374123e-05
Brazil,Rice,RiceAEZ04,RiceAEZ04,1990,CH4_AWB,0.000266658925467509
Brazil,Rice,RiceAEZ05,RiceAEZ05,1990,CH4_AWB,0.000764083998460918
Brazil,Rice,RiceAEZ06,RiceAEZ06,1990,CH4_AWB,0.000348047739692226
Brazil,Rice,RiceAEZ10,RiceAEZ10,1990,CH4_AWB,4.07925384163636e-07
Brazil,Rice,RiceAEZ11,RiceAEZ11,1990,CH4_AWB,0
Brazil,Rice,RiceAEZ12,RiceAEZ12,1990,CH4_AWB,0.00184396384493707
Brazil,Root_Tuber,Root_TuberAEZ01,Root_TuberAEZ01,1990,CH4_AWB,1.39291488818393e-06
Brazil,Root_Tuber,Root_TuberAEZ02,Root_TuberAEZ02,1990,CH4_AWB,8.9959779333021e-05
Brazil,Root_Tuber,Root_TuberAEZ03,Root_TuberAEZ03,1990,CH4_AWB,0.000609695398286836
Brazil,Root_Tuber,Root_TuberAEZ04,Root_TuberAEZ04,1990,CH4_AWB,0.00157744021100005
Brazil,Root_Tuber,Root_TuberAEZ05,Root_TuberAEZ05,1990,CH4_AWB,0.00166134802833245
Brazil,Root_Tuber,Root_TuberAEZ06,Root_TuberAEZ06,1990,CH4_AWB,0.00317825501516576
Brazil,Root_Tuber,Root_TuberAEZ10,Root_TuberAEZ10,1990,CH4_AWB,1.13594741016845e-05
Brazil,Root_Tuber,Root_TuberAEZ11,Root_TuberAEZ11,1990,CH4_AWB,4.27019485525729e-08
Brazil,Root_Tuber,Root_TuberAEZ12,Root_TuberAEZ12,1990,CH4_AWB,0.00161296747640909
Brazil,SugarCrop,SugarCropAEZ01,SugarCropAEZ01,1990,CH4_AWB,2.06608384625803e-06
Brazil,SugarCrop,SugarCropAEZ02,SugarCropAEZ02,1990,CH4_AWB,0.000320814586477294
Brazil,SugarCrop,SugarCropAEZ03,SugarCropAEZ03,1990,CH4_AWB,0.000354598892550191
Brazil,SugarCrop,SugarCropAEZ04,SugarCropAEZ04,1990,CH4_AWB,0.003565736202854
Brazil,SugarCrop,SugarCropAEZ05,SugarCropAEZ05,1990,CH4_AWB,0.033321701934332
Brazil,SugarCrop,SugarCropAEZ06,SugarCropAEZ06,1990,CH4_AWB,0.0468278759296006
Brazil,SugarCrop,SugarCropAEZ10,SugarCropAEZ10,1990,CH4_AWB,2.51898004587447e-05
Brazil,SugarCrop,SugarCropAEZ11,SugarCropAEZ11,1990,CH4_AWB,3.17042090449115e-06
Brazil,SugarCrop,SugarCropAEZ12,SugarCropAEZ12,1990,CH4_AWB,0.00229802068808809
Brazil,Wheat,WheatAEZ01,WheatAEZ01,1990,CH4_AWB,0
Brazil,Wheat,WheatAEZ02,WheatAEZ02,1990,CH4_AWB,0
Brazil,Wheat,WheatAEZ03,WheatAEZ03,1990,CH4_AWB,6.46552959047309e-06
Brazil,Wheat,WheatAEZ04,WheatAEZ04,1990,CH4_AWB,6.70021719542752e-06
Brazil,Wheat,WheatAEZ05,WheatAEZ05,1990,CH4_AWB,3.19539706007875e-05
Brazil,Wheat,WheatAEZ06,WheatAEZ06,1990,CH4_AWB,0.000343346143232
Brazil,Wheat,WheatAEZ10,WheatAEZ10,1990,CH4_AWB,0
Brazil,Wheat,WheatAEZ11,WheatAEZ11,1990,CH4_AWB,0
Brazil,Wheat,WheatAEZ12,WheatAEZ12,1990,CH4_AWB,0.000947042411390109
Brazil,Corn,CornAEZ01,CornAEZ01,1990,CO_AWB,2.96754744104336e-05
Brazil,Corn,CornAEZ02,CornAEZ02,1990,CO_AWB,0.00122722317380774
Brazil,Corn,CornAEZ03,CornAEZ03,1990,CO_AWB,0.00993006854866875
Brazil,Corn,CornAEZ04,CornAEZ04,1990,CO_AWB,0.0140112324512899
Brazil,Corn,CornAEZ05,CornAEZ05,1990,CO_AWB,0.0895336529196641
Brazil,Corn,CornAEZ06,CornAEZ06,1990,CO_AWB,0.0671449902555592
Brazil,Corn,CornAEZ10,CornAEZ10,1990,CO_AWB,7.40095584139488e-05
Brazil,Corn,CornAEZ11,CornAEZ11,1990,CO_AWB,4.9757670037615e-05
Brazil,Corn,CornAEZ12,CornAEZ12,1990,CO_AWB,0.165295019671094
Brazil,FiberCrop,FiberCropAEZ01,FiberCropAEZ01,1990,CO_AWB,5.70955083097574e-06
Brazil,FiberCrop,FiberCropAEZ02,FiberCropAEZ02,1990,CO_AWB,0.000414023485651859
Brazil,FiberCrop,FiberCropAEZ03,FiberCropAEZ03,1990,CO_AWB,0.00187267863895596
Brazil,FiberCrop,FiberCropAEZ04,FiberCropAEZ04,1990,CO_AWB,0.00430073267183348
Brazil,FiberCrop,FiberCropAEZ05,FiberCropAEZ05,1990,CO_AWB,0.0220924315204096
Brazil,FiberCrop,FiberCropAEZ06,FiberCropAEZ06,1990,CO_AWB,0.00290221691986891
Brazil,FiberCrop,FiberCropAEZ10,FiberCropAEZ10,1990,CO_AWB,0
Brazil,FiberCrop,FiberCropAEZ11,FiberCropAEZ11,1990,CO_AWB,0
Brazil,FiberCrop,FiberCropAEZ12,FiberCropAEZ12,1990,CO_AWB,0.000986203330441882
Brazil,FodderGrass,FodderGrassAEZ01,FodderGrassAEZ01,1990,CO_AWB,0
Brazil,FodderGrass,FodderGrassAEZ02,FodderGrassAEZ02,1990,CO_AWB,0
Brazil,FodderGrass,FodderGrassAEZ03,FodderGrassAEZ03,1990,CO_AWB,0
Brazil,FodderGrass,FodderGrassAEZ04,FodderGrassAEZ04,1990,CO_AWB,0
Brazil,FodderGrass,FodderGrassAEZ05,FodderGrassAEZ05,1990,CO_AWB,0
Brazil,FodderGrass,FodderGrassAEZ06,FodderGrassAEZ06,1990,CO_AWB,0
Brazil,FodderGrass,FodderGrassAEZ10,FodderGrassAEZ10,1990,CO_AWB,0
Brazil,FodderGrass,FodderGrassAEZ11,FodderGrassAEZ11,1990,CO_AWB,0
Brazil,FodderGrass,FodderGrassAEZ12,FodderGrassAEZ12,1990,CO_AWB,0
Brazil,FodderHerb,FodderHerbAEZ01,FodderHerbAEZ01,1990,CO_AWB,0
Brazil,FodderHerb,FodderHerbAEZ02,FodderHerbAEZ02,1990,CO_AWB,0
Brazil,FodderHerb,FodderHerbAEZ03,FodderHerbAEZ03,1990,CO_AWB,0
Brazil,FodderHerb,FodderHerbAEZ04,FodderHerbAEZ04,1990,CO_AWB,0
Brazil,FodderHerb,FodderHerbAEZ05,FodderHerbAEZ05,1990,CO_AWB,0
Brazil,FodderHerb,FodderHerbAEZ06,FodderHerbAEZ06,1990,CO_AWB,0
Brazil,FodderHerb,FodderHerbAEZ10,FodderHerbAEZ10,1990,CO_AWB,0
Brazil,FodderHerb,FodderHerbAEZ11,FodderHerbAEZ11,1990,CO_AWB,0
Brazil,FodderHerb,FodderHerbAEZ12,FodderHerbAEZ12,1990,CO_AWB,0
Brazil,MiscCrop,MiscCropAEZ01,MiscCropAEZ01,1990,CO_AWB,0.000100315784010557
Brazil,MiscCrop,MiscCropAEZ02,MiscCropAEZ02,1990,CO_AWB,0.00915392167037375
Brazil,MiscCrop,MiscCropAEZ03,MiscCropAEZ03,1990,CO_AWB,0.020346352090032
Brazil,MiscCrop,MiscCropAEZ04,MiscCropAEZ04,1990,CO_AWB,0.0312771556472292
Brazil,MiscCrop,MiscCropAEZ05,MiscCropAEZ05,1990,CO_AWB,0.183617870100205
Brazil,MiscCrop,MiscCropAEZ06,MiscCropAEZ06,1990,CO_AWB,0.233342465469484
Brazil,MiscCrop,MiscCropAEZ10,MiscCropAEZ10,1990,CO_AWB,0.000264618783378857
Brazil,MiscCrop,MiscCropAEZ11,MiscCropAEZ11,1990,CO_AWB,4.92802618694491e-05
Brazil,MiscCrop,MiscCropAEZ12,MiscCropAEZ12,1990,CO_AWB,0.0863326626255035
Brazil,OilCrop,OilCropAEZ01,OilCropAEZ01,1990,CO_AWB,1.59542272668901e-06
Brazil,OilCrop,OilCropAEZ02,OilCropAEZ02,1990,CO_AWB,2.14720551362681e-05
Brazil,OilCrop,OilCropAEZ03,OilCropAEZ03,1990,CO_AWB,0.000784605549335992
Brazil,OilCrop,OilCropAEZ04,OilCropAEZ04,1990,CO_AWB,0.0155558541033107
Brazil,OilCrop,OilCropAEZ05,OilCropAEZ05,1990,CO_AWB,0.11367538687382
Brazil,OilCrop,OilCropAEZ06,OilCropAEZ06,1990,CO_AWB,0.0321852331379361
Brazil,OilCrop,OilCropAEZ10,OilCropAEZ10,1990,CO_AWB,0
Brazil,OilCrop,OilCropAEZ11,OilCropAEZ11,1990,CO_AWB,0
Brazil,OilCrop,OilCropAEZ12,OilCropAEZ12,1990,CO_AWB,0.106111184207141
Brazil,OtherGrain,OtherGrainAEZ01,OtherGrainAEZ01,1990,CO_AWB,0
Brazil,OtherGrain,OtherGrainAEZ02,OtherGrainAEZ02,1990,CO_AWB,1.30204440368608e-06
Brazil,OtherGrain,OtherGrainAEZ03,OtherGrainAEZ03,1990,CO_AWB,0.000271842000978572
Brazil,OtherGrain,OtherGrainAEZ04,OtherGrainAEZ04,1990,CO_AWB,0.000149735106423899
Brazil,OtherGrain,OtherGrainAEZ05,OtherGrainAEZ05,1990,CO_AWB,0.00387861472203203
Brazil,OtherGrain,OtherGrainAEZ06,OtherGrainAEZ06,1990,CO_AWB,0.00116445195855498
Brazil,OtherGrain,OtherGrainAEZ10,OtherGrainAEZ10,1990,CO_AWB,0
Brazil,OtherGrain,OtherGrainAEZ11,OtherGrainAEZ11,1990,CO_AWB,0
Brazil,OtherGrain,OtherGrainAEZ12,OtherGrainAEZ12,1990,CO_AWB,0.00382782036057585
Brazil,PalmFruit,PalmFruitAEZ01,PalmFruitAEZ01,1990,CO_AWB,3.52180855209552e-05
Brazil,PalmFruit,PalmFruitAEZ02,PalmFruitAEZ02,1990,CO_AWB,0.000723865304068742
Brazil,PalmFruit,PalmFruitAEZ03,PalmFruitAEZ03,1990,CO_AWB,0.000434620744029802
Brazil,PalmFruit,PalmFruitAEZ04,PalmFruitAEZ04,1990,CO_AWB,0.00147034772727937
Brazil,PalmFruit,PalmFruitAEZ05,PalmFruitAEZ05,1990,CO_AWB,0.00338374621572326
Brazil,PalmFruit,PalmFruitAEZ06,PalmFruitAEZ06,1990,CO_AWB,0.00469278786600578
Brazil,PalmFruit,PalmFruitAEZ10,PalmFruitAEZ10,1990,CO_AWB,0
Brazil,PalmFruit,PalmFruitAEZ11,PalmFruitAEZ11,1990,CO_AWB,0
Brazil,PalmFruit,PalmFruitAEZ12,PalmFruitAEZ12,1990,CO_AWB,8.65520923005963e-06
Brazil,Rice,RiceAEZ01,RiceAEZ01,1990,CO_AWB,0
Brazil,Rice,RiceAEZ02,RiceAEZ02,1990,CO_AWB,0.000310673019273077
Brazil,Rice,RiceAEZ03,RiceAEZ03,1990,CO_AWB,0.00304255485446561
Brazil,Rice,RiceAEZ04,RiceAEZ04,1990,CO_AWB,0.0109945526192758
Brazil,Rice,RiceAEZ05,RiceAEZ05,1990,CO_AWB,0.0315037710134655
Brazil,Rice,RiceAEZ06,RiceAEZ06,1990,CO_AWB,0.014350276036541
Brazil,Rice,RiceAEZ10,RiceAEZ10,1990,CO_AWB,1.68190773778238e-05
Brazil,Rice,RiceAEZ11,RiceAEZ11,1990,CO_AWB,0
Brazil,Rice,RiceAEZ12,RiceAEZ12,1990,CO_AWB,0.0760280477604823
Brazil,Root_Tuber,Root_TuberAEZ01,Root_TuberAEZ01,1990,CO_AWB,5.74309523128143e-05
Brazil,Root_Tuber,Root_TuberAEZ02,Root_TuberAEZ02,1990,CO_AWB,0.00370911090173071
Brazil,Root_Tuber,Root_TuberAEZ03,Root_TuberAEZ03,1990,CO_AWB,0.0251382102678265
Brazil,Root_Tuber,Root_TuberAEZ04,Root_TuberAEZ04,1990,CO_AWB,0.0650390733150791
Brazil,Root_Tuber,Root_TuberAEZ05,Root_TuberAEZ05,1990,CO_AWB,0.0684986571681687
Brazil,Root_Tuber,Root_TuberAEZ06,Root_TuberAEZ06,1990,CO_AWB,0.131041899086834
Brazil,Root_Tuber,Root_TuberAEZ10,Root_TuberAEZ10,1990,CO_AWB,0.000468359855269453
Brazil,Root_Tuber,Root_TuberAEZ11,Root_TuberAEZ11,1990,CO_AWB,1.76063418647531e-06
Brazil,Root_Tuber,Root_TuberAEZ12,Root_TuberAEZ12,1990,CO_AWB,0.0665038897965593
Brazil,SugarCrop,SugarCropAEZ01,SugarCropAEZ01,1990,CO_AWB,8.51862262764851e-05
Brazil,SugarCrop,SugarCropAEZ02,SugarCropAEZ02,1990,CO_AWB,0.01322743218091
Brazil,SugarCrop,SugarCropAEZ03,SugarCropAEZ03,1990,CO_AWB,0.0146203851082233
Brazil,SugarCrop,SugarCropAEZ04,SugarCropAEZ04,1990,CO_AWB,0.147018046517673
Brazil,SugarCrop,SugarCropAEZ05,SugarCropAEZ05,1990,CO_AWB,1.37387940283092
Brazil,SugarCrop,SugarCropAEZ06,SugarCropAEZ06,1990,CO_AWB,1.93074934602046
Brazil,SugarCrop,SugarCropAEZ10,SugarCropAEZ10,1990,CO_AWB,0.00103859484968363
Brazil,SugarCrop,SugarCropAEZ11,SugarCropAEZ11,1990,CO_AWB,0.000130718892677481
Brazil,SugarCrop,SugarCropAEZ12,SugarCropAEZ12,1990,CO_AWB,0.0947491606780936
Brazil,Wheat,WheatAEZ01,WheatAEZ01,1990,CO_AWB,0
Brazil,Wheat,WheatAEZ02,WheatAEZ02,1990,CO_AWB,0
Brazil,Wheat,WheatAEZ03,WheatAEZ03,1990,CO_AWB,0.000266578758499506
Brazil,Wheat,WheatAEZ04,WheatAEZ04,1990,CO_AWB,0.000276255108980704
Brazil,Wheat,WheatAEZ05,WheatAEZ05,1990,CO_AWB,0.00131748678784786
Brazil,Wheat,WheatAEZ06,WheatAEZ06,1990,CO_AWB,0.0141564255978732
Brazil,Wheat,WheatAEZ10,WheatAEZ10,1990,CO_AWB,0
Brazil,Wheat,WheatAEZ11,WheatAEZ11,1990,CO_AWB,0
Brazil,Wheat,WheatAEZ12,WheatAEZ12,1990,CO_AWB,0.0390472871157768
Brazil,Corn,CornAEZ01,CornAEZ01,1990,N2O_AWB,1.86579008886495e-08
Brazil,Corn,CornAEZ02,CornAEZ02,1990,N2O_AWB,7.71593674576879e-07
Brazil,Corn,CornAEZ03,CornAEZ03,1990,N2O_AWB,6.24334533750256e-06
Brazil,Corn,CornAEZ04,CornAEZ04,1990,N2O_AWB,8.80930100015803e-06
Brazil,Corn,CornAEZ05,CornAEZ05,1990,N2O_AWB,5.62926138692664e-05
Brazil,Corn,CornAEZ06,CornAEZ06,1990,N2O_AWB,4.22161599181408e-05
Brazil,Corn,CornAEZ10,CornAEZ10,1990,N2O_AWB,4.65321290774267e-08
Brazil,Corn,CornAEZ11,CornAEZ11,1990,N2O_AWB,3.12842067214109e-08
Brazil,Corn,CornAEZ12,CornAEZ12,1990,N2O_AWB,0.000103926159755893
Brazil,FiberCrop,FiberCropAEZ01,FiberCropAEZ01,1990,N2O_AWB,3.58977356350527e-09
Brazil,FiberCrop,FiberCropAEZ02,FiberCropAEZ02,1990,N2O_AWB,2.60309542284844e-07
Brazil,FiberCrop,FiberCropAEZ03,FiberCropAEZ03,1990,N2O_AWB,1.17741175620925e-06
Brazil,FiberCrop,FiberCropAEZ04,FiberCropAEZ04,1990,N2O_AWB,2.70400542986546e-06
Brazil,FiberCrop,FiberCropAEZ05,FiberCropAEZ05,1990,N2O_AWB,1.38902041462277e-05
Brazil,FiberCrop,FiberCropAEZ06,FiberCropAEZ06,1990,N2O_AWB,1.82471474252952e-06
Brazil,FiberCrop,FiberCropAEZ10,FiberCropAEZ10,1990,N2O_AWB,0
Brazil,FiberCrop,FiberCropAEZ11,FiberCropAEZ11,1990,N2O_AWB,0
Brazil,FiberCrop,FiberCropAEZ12,FiberCropAEZ12,1990,N2O_AWB,6.20056944699467e-07
Brazil,FodderGrass,FodderGrassAEZ01,FodderGrassAEZ01,1990,N2O_AWB,0
Brazil,FodderGrass,FodderGrassAEZ02,FodderGrassAEZ02,1990,N2O_AWB,0
Brazil,FodderGrass,FodderGrassAEZ03,FodderGrassAEZ03,1990,N2O_AWB,0
Brazil,FodderGrass,FodderGrassAEZ04,FodderGrassAEZ04,1990,N2O_AWB,0
Brazil,FodderGrass,FodderGrassAEZ05,FodderGrassAEZ05,1990,N2O_AWB,0
Brazil,FodderGrass,FodderGrassAEZ06,FodderGrassAEZ06,1990,N2O_AWB,0
Brazil,FodderGrass,FodderGrassAEZ10,FodderGrassAEZ10,1990,N2O_AWB,0
Brazil,FodderGrass,FodderGrassAEZ11,FodderGrassAEZ11,1990,N2O_AWB,0
Brazil,FodderGrass,FodderGrassAEZ12,FodderGrassAEZ12,1990,N2O_AWB,0
Brazil,FodderHerb,FodderHerbAEZ01,FodderHerbAEZ01,1990,N2O_AWB,0
Brazil,FodderHerb,FodderHerbAEZ02,FodderHerbAEZ02,1990,N2O_AWB,0
Brazil,FodderHerb,FodderHerbAEZ03,FodderHerbAEZ03,1990,N2O_AWB,0
Brazil,FodderHerb,FodderHerbAEZ04,FodderHerbAEZ04,1990,N2O_AWB,0
Brazil,FodderHerb,FodderHerbAEZ05,FodderHerbAEZ05,1990,N2O_AWB,0
Brazil,FodderHerb,FodderHerbAEZ06,FodderHerbAEZ06,1990,N2O_AWB,0
Brazil,FodderHerb,FodderHerbAEZ10,FodderHerbAEZ10,1990,N2O_AWB,0
Brazil,FodderHerb,FodderHerbAEZ11,FodderHerbAEZ11,1990,N2O_AWB,0
Brazil,FodderHerb,FodderHerbAEZ12,FodderHerbAEZ12,1990,N2O_AWB,0
Brazil,MiscCrop,MiscCropAEZ01,MiscCropAEZ01,1990,N2O_AWB,6.30716776335034e-08
Brazil,MiscCrop,MiscCropAEZ02,MiscCropAEZ02,1990,N2O_AWB,5.75535746812678e-06
Brazil,MiscCrop,MiscCropAEZ03,MiscCropAEZ03,1990,N2O_AWB,1.27923892804866e-05
Brazil,MiscCrop,MiscCropAEZ04,MiscCropAEZ04,1990,N2O_AWB,1.96649280841721e-05
Brazil,MiscCrop,MiscCropAEZ05,MiscCropAEZ05,1990,N2O_AWB,0.000115446310118972
Brazil,MiscCrop,MiscCropAEZ06,MiscCropAEZ06,1990,N2O_AWB,0.000146709721759732
Brazil,MiscCrop,MiscCropAEZ10,MiscCropAEZ10,1990,N2O_AWB,1.66374123131856e-07
Brazil,MiscCrop,MiscCropAEZ11,MiscCropAEZ11,1990,N2O_AWB,3.09840452425454e-08
Brazil,MiscCrop,MiscCropAEZ12,MiscCropAEZ12,1990,N2O_AWB,5.42800509417811e-05
Brazil,OilCrop,OilCropAEZ01,OilCropAEZ01,1990,N2O_AWB,1.00309227405634e-09
Brazil,OilCrop,OilCropAEZ02,OilCropAEZ02,1990,N2O_AWB,1.3500154068885e-08
Brazil,OilCrop,OilCropAEZ03,OilCropAEZ03,1990,N2O_AWB,4.93306100981771e-07
Brazil,OilCrop,OilCropAEZ04,OilCropAEZ04,1990,N2O_AWB,9.78045304629794e-06
Brazil,OilCrop,OilCropAEZ05,OilCropAEZ05,1990,N2O_AWB,7.14712786874575e-05
Brazil,OilCrop,OilCropAEZ06,OilCropAEZ06,1990,N2O_AWB,2.02358648647098e-05
Brazil,OilCrop,OilCropAEZ10,OilCropAEZ10,1990,N2O_AWB,0
Brazil,OilCrop,OilCropAEZ11,OilCropAEZ11,1990,N2O_AWB,0
Brazil,OilCrop,OilCropAEZ12,OilCropAEZ12,1990,N2O_AWB,6.67154273839676e-05
Brazil,OtherGrain,OtherGrainAEZ01,OtherGrainAEZ01,1990,N2O_AWB,0
Brazil,OtherGrain,OtherGrainAEZ02,OtherGrainAEZ02,1990,N2O_AWB,8.18636126944419e-10
Brazil,OtherGrain,OtherGrainAEZ03,OtherGrainAEZ03,1990,N2O_AWB,1.70915586436155e-07
Brazil,OtherGrain,OtherGrainAEZ04,OtherGrainAEZ04,1990,N2O_AWB,9.4143154598608e-08
Brazil,OtherGrain,OtherGrainAEZ05,OtherGrainAEZ05,1990,N2O_AWB,2.43860664426268e-06
Brazil,OtherGrain,OtherGrainAEZ06,OtherGrainAEZ06,1990,N2O_AWB,7.32127444091474e-07
Brazil,OtherGrain,OtherGrainAEZ10,OtherGrainAEZ10,1990,N2O_AWB,0
Brazil,OtherGrain,OtherGrainAEZ11,OtherGrainAEZ11,1990,N2O_AWB,0
Brazil,OtherGrain,OtherGrainAEZ12,OtherGrainAEZ12,1990,N2O_AWB,2.4066706371531e-06
Brazil,PalmFruit,PalmFruitAEZ01,PalmFruitAEZ01,1990,N2O_AWB,2.21427142174662e-08
Brazil,PalmFruit,PalmFruitAEZ02,PalmFruitAEZ02,1990,N2O_AWB,4.55116804983519e-07
Brazil,PalmFruit,PalmFruitAEZ03,PalmFruitAEZ03,1990,N2O_AWB,2.73259684212767e-07
Brazil,PalmFruit,PalmFruitAEZ04,PalmFruitAEZ04,1990,N2O_AWB,9.24453701666322e-07
Brazil,PalmFruit,PalmFruitAEZ05,PalmFruitAEZ05,1990,N2O_AWB,2.12746730354242e-06
Brazil,PalmFruit,PalmFruitAEZ06,PalmFruitAEZ06,1990,N2O_AWB,2.95050281873871e-06
Brazil,PalmFruit,PalmFruitAEZ10,PalmFruitAEZ10,1990,N2O_AWB,0
Brazil,PalmFruit,PalmFruitAEZ11,PalmFruitAEZ11,1990,N2O_AWB,0
Brazil,PalmFruit,PalmFruitAEZ12,PalmFruitAEZ12,1990,N2O_AWB,5.44180132561585e-09
Brazil,Rice,RiceAEZ01,RiceAEZ01,1990,N2O_AWB,0
Brazil,Rice,RiceAEZ02,RiceAEZ02,1990,N2O_AWB,1.95329864729528e-07
Brazil,Rice,RiceAEZ03,RiceAEZ03,1990,N2O_AWB,1.91294960066215e-06
Brazil,Rice,RiceAEZ04,RiceAEZ04,1990,N2O_AWB,6.91261983711927e-06
Brazil,Rice,RiceAEZ05,RiceAEZ05,1990,N2O_AWB,1.98074082677946e-05
Brazil,Rice,RiceAEZ06,RiceAEZ06,1990,N2O_AWB,9.02246832894463e-06
Brazil,Rice,RiceAEZ10,RiceAEZ10,1990,N2O_AWB,1.05746811125496e-08
Brazil,Rice,RiceAEZ11,RiceAEZ11,1990,N2O_AWB,0
Brazil,Rice,RiceAEZ12,RiceAEZ12,1990,N2O_AWB,4.78012165956764e-05
Brazil,Root_Tuber,Root_TuberAEZ01,Root_TuberAEZ01,1990,N2O_AWB,3.61086397936911e-08
Brazil,Root_Tuber,Root_TuberAEZ02,Root_TuberAEZ02,1990,N2O_AWB,2.33203427963293e-06
Brazil,Root_Tuber,Root_TuberAEZ03,Root_TuberAEZ03,1990,N2O_AWB,1.58051807094357e-05
Brazil,Root_Tuber,Root_TuberAEZ04,Root_TuberAEZ04,1990,N2O_AWB,4.0892103931309e-05
Brazil,Root_Tuber,Root_TuberAEZ05,Root_TuberAEZ05,1990,N2O_AWB,4.30672527344643e-05
Brazil,Root_Tuber,Root_TuberAEZ06,Root_TuberAEZ06,1990,N2O_AWB,8.2390149239297e-05
Brazil,Root_Tuber,Root_TuberAEZ10,Root_TuberAEZ10,1990,N2O_AWB,2.94472520943667e-07
Brazil,Root_Tuber,Root_TuberAEZ11,Root_TuberAEZ11,1990,N2O_AWB,1.10696589709362e-09
Brazil,Root_Tuber,Root_TuberAEZ12,Root_TuberAEZ12,1990,N2O_AWB,4.18130799653741e-05
Brazil,SugarCrop,SugarCropAEZ01,SugarCropAEZ01,1990,N2O_AWB,5.35592504760736e-08
Brazil,SugarCrop,SugarCropAEZ02,SugarCropAEZ02,1990,N2O_AWB,8.31650120329601e-06
Brazil,SugarCrop,SugarCropAEZ03,SugarCropAEZ03,1990,N2O_AWB,9.1922943684165e-06
Brazil,SugarCrop,SugarCropAEZ04,SugarCropAEZ04,1990,N2O_AWB,9.24348538739845e-05
Brazil,SugarCrop,SugarCropAEZ05,SugarCropAEZ05,1990,N2O_AWB,0.000863801042451531
Brazil,SugarCrop,SugarCropAEZ06,SugarCropAEZ06,1990,N2O_AWB,0.00121392262986734
Brazil,SugarCrop,SugarCropAEZ10,SugarCropAEZ10,1990,N2O_AWB,6.52997134968997e-07
Brazil,SugarCrop,SugarCropAEZ11,SugarCropAEZ11,1990,N2O_AWB,8.21870649856553e-08
Brazil,SugarCrop,SugarCropAEZ12,SugarCropAEZ12,1990,N2O_AWB,5.95717670681297e-05
Brazil,Wheat,WheatAEZ01,WheatAEZ01,1990,N2O_AWB,0
Brazil,Wheat,WheatAEZ02,WheatAEZ02,1990,N2O_AWB,0
Brazil,Wheat,WheatAEZ03,WheatAEZ03,1990,N2O_AWB,1.67606420922264e-07
Brazil,Wheat,WheatAEZ04,WheatAEZ04,1990,N2O_AWB,1.7369024575839e-07
Brazil,Wheat,WheatAEZ05,WheatAEZ05,1990,N2O_AWB,8.28345237881954e-07
Brazil,Wheat,WheatAEZ06,WheatAEZ06,1990,N2O_AWB,8.90058848224492e-06
Brazil,Wheat,WheatAEZ10,WheatAEZ10,1990,N2O_AWB,0
Brazil,Wheat,WheatAEZ11,WheatAEZ11,1990,N2O_AWB,0
Brazil,Wheat,WheatAEZ12,WheatAEZ12,1990,N2O_AWB,2.4550253279882e-05
Brazil,Corn,CornAEZ01,CornAEZ01,1990,NH3_AWB,3.47136612972796e-07
Brazil,Corn,CornAEZ02,CornAEZ02,1990,NH3_AWB,1.43557636189823e-05
Brazil,Corn,CornAEZ03,CornAEZ03,1990,NH3_AWB,0.000116159570522674
Brazil,Corn,CornAEZ04,CornAEZ04,1990,NH3_AWB,0.000163900051249231
Brazil,Corn,CornAEZ05,CornAEZ05,1990,NH3_AWB,0.00104734329068338
Brazil,Corn,CornAEZ06,CornAEZ06,1990,NH3_AWB,0.000785446061384993
Brazil,Corn,CornAEZ10,CornAEZ10,1990,NH3_AWB,8.65746140401975e-07
Brazil,Corn,CornAEZ11,CornAEZ11,1990,NH3_AWB,5.82053341671355e-07
Brazil,Corn,CornAEZ12,CornAEZ12,1990,NH3_AWB,0.00193358166667492
Brazil,FiberCrop,FiberCropAEZ01,FiberCropAEZ01,1990,NH3_AWB,6.67889621459289e-08
Brazil,FiberCrop,FiberCropAEZ02,FiberCropAEZ02,1990,NH3_AWB,4.84314786387529e-06
Brazil,FiberCrop,FiberCropAEZ03,FiberCropAEZ03,1990,NH3_AWB,2.19061475116677e-05
Brazil,FiberCrop,FiberCropAEZ04,FiberCropAEZ04,1990,NH3_AWB,5.030894375447e-05
Brazil,FiberCrop,FiberCropAEZ05,FiberCropAEZ05,1990,NH3_AWB,0.00025843198812121
Brazil,FiberCrop,FiberCropAEZ06,FiberCropAEZ06,1990,NH3_AWB,3.39494404618994e-05
Brazil,FiberCrop,FiberCropAEZ10,FiberCropAEZ10,1990,NH3_AWB,0
Brazil,FiberCrop,FiberCropAEZ11,FiberCropAEZ11,1990,NH3_AWB,0
Brazil,FiberCrop,FiberCropAEZ12,FiberCropAEZ12,1990,NH3_AWB,1.1536371048266e-05
Brazil,FodderGrass,FodderGrassAEZ01,FodderGrassAEZ01,1990,NH3_AWB,0
Brazil,FodderGrass,FodderGrassAEZ02,FodderGrassAEZ02,1990,NH3_AWB,0
Brazil,FodderGrass,FodderGrassAEZ03,FodderGrassAEZ03,1990,NH3_AWB,0
Brazil,FodderGrass,FodderGrassAEZ04,FodderGrassAEZ04,1990,NH3_AWB,0
Brazil,FodderGrass,FodderGrassAEZ05,FodderGrassAEZ05,1990,NH3_AWB,0
Brazil,FodderGrass,FodderGrassAEZ06,FodderGrassAEZ06,1990,NH3_AWB,0
Brazil,FodderGrass,FodderGrassAEZ10,FodderGrassAEZ10,1990,NH3_AWB,0
Brazil,FodderGrass,FodderGrassAEZ11,FodderGrassAEZ11,1990,NH3_AWB,0
Brazil,FodderGrass,FodderGrassAEZ12,FodderGrassAEZ12,1990,NH3_AWB,0
Brazil,FodderHerb,FodderHerbAEZ01,FodderHerbAEZ01,1990,NH3_AWB,0
Brazil,FodderHerb,FodderHerbAEZ02,FodderHerbAEZ02,1990,NH3_AWB,0
Brazil,FodderHerb,FodderHerbAEZ03,FodderHerbAEZ03,1990,NH3_AWB,0
Brazil,FodderHerb,FodderHerbAEZ04,FodderHerbAEZ04,1990,NH3_AWB,0
Brazil,FodderHerb,FodderHerbAEZ05,FodderHerbAEZ05,1990,NH3_AWB,0
Brazil,FodderHerb,FodderHerbAEZ06,FodderHerbAEZ06,1990,NH3_AWB,0
Brazil,FodderHerb,FodderHerbAEZ10,FodderHerbAEZ10,1990,NH3_AWB,0
Brazil,FodderHerb,FodderHerbAEZ11,FodderHerbAEZ11,1990,NH3_AWB,0
Brazil,FodderHerb,FodderHerbAEZ12,FodderHerbAEZ12,1990,NH3_AWB,0
Brazil,MiscCrop,MiscCropAEZ01,MiscCropAEZ01,1990,NH3_AWB,1.17347008534738e-06
Brazil,MiscCrop,MiscCropAEZ02,MiscCropAEZ02,1990,NH3_AWB,0.000107080389688887
Brazil,MiscCrop,MiscCropAEZ03,MiscCropAEZ03,1990,NH3_AWB,0.000238006767918845
Brazil,MiscCrop,MiscCropAEZ04,MiscCropAEZ04,1990,NH3_AWB,0.000365872697589789
Brazil,MiscCrop,MiscCropAEZ05,MiscCropAEZ05,1990,NH3_AWB,0.00214791799538859
Brazil,MiscCrop,MiscCropAEZ06,MiscCropAEZ06,1990,NH3_AWB,0.00272958443748818
Brazil,MiscCrop,MiscCropAEZ10,MiscCropAEZ10,1990,NH3_AWB,3.09544733542058e-06
Brazil,MiscCrop,MiscCropAEZ11,MiscCropAEZ11,1990,NH3_AWB,5.76468734928071e-07
Brazil,MiscCrop,MiscCropAEZ12,MiscCropAEZ12,1990,NH3_AWB,0.00100989887063789
Brazil,OilCrop,OilCropAEZ01,OilCropAEZ01,1990,NH3_AWB,1.8662874060336e-08
Brazil,OilCrop,OilCropAEZ02,OilCropAEZ02,1990,NH3_AWB,2.51174973329106e-07
Brazil,OilCrop,OilCropAEZ03,OilCropAEZ03,1990,NH3_AWB,9.17812834764305e-06
Brazil,OilCrop,OilCropAEZ04,OilCropAEZ04,1990,NH3_AWB,0.000181968666469698
Brazil,OilCrop,OilCropAEZ05,OilCropAEZ05,1990,NH3_AWB,0.0013297475292889
Brazil,OilCrop,OilCropAEZ06,OilCropAEZ06,1990,NH3_AWB,0.000376495171221753
Brazil,OilCrop,OilCropAEZ10,OilCropAEZ10,1990,NH3_AWB,0
Brazil,OilCrop,OilCropAEZ11,OilCropAEZ11,1990,NH3_AWB,0
Brazil,OilCrop,OilCropAEZ12,OilCropAEZ12,1990,NH3_AWB,0.00124126329287085
Brazil,OtherGrain,OtherGrainAEZ01,OtherGrainAEZ01,1990,NH3_AWB,0
Brazil,OtherGrain,OtherGrainAEZ02,OtherGrainAEZ02,1990,NH3_AWB,1.52310044983428e-08
Brazil,OtherGrain,OtherGrainAEZ03,OtherGrainAEZ03,1990,NH3_AWB,3.17994280995457e-06
Brazil,OtherGrain,OtherGrainAEZ04,OtherGrainAEZ04,1990,NH3_AWB,1.75156551730941e-06
Brazil,OtherGrain,OtherGrainAEZ05,OtherGrainAEZ05,1990,NH3_AWB,4.53711087819792e-05
Brazil,OtherGrain,OtherGrainAEZ06,OtherGrainAEZ06,1990,NH3_AWB,1.36214809330966e-05
Brazil,OtherGrain,OtherGrainAEZ10,OtherGrainAEZ10,1990,NH3_AWB,0
Brazil,OtherGrain,OtherGrainAEZ11,OtherGrainAEZ11,1990,NH3_AWB,0
Brazil,OtherGrain,OtherGrainAEZ12,OtherGrainAEZ12,1990,NH3_AWB,4.47769284716615e-05
Brazil,PalmFruit,PalmFruitAEZ01,PalmFruitAEZ01,1990,NH3_AWB,4.11972754135054e-07
Brazil,PalmFruit,PalmFruitAEZ02,PalmFruitAEZ02,1990,NH3_AWB,8.46760346363995e-06
Brazil,PalmFruit,PalmFruitAEZ03,PalmFruitAEZ03,1990,NH3_AWB,5.08408967363219e-06
Brazil,PalmFruit,PalmFruitAEZ04,PalmFruitAEZ04,1990,NH3_AWB,1.71997765858986e-05
Brazil,PalmFruit,PalmFruitAEZ05,PalmFruitAEZ05,1990,NH3_AWB,3.95822551727329e-05
Brazil,PalmFruit,PalmFruitAEZ06,PalmFruitAEZ06,1990,NH3_AWB,5.48951117907766e-05
Brazil,PalmFruit,PalmFruitAEZ10,PalmFruitAEZ10,1990,NH3_AWB,0
Brazil,PalmFruit,PalmFruitAEZ11,PalmFruitAEZ11,1990,NH3_AWB,0
Brazil,PalmFruit,PalmFruitAEZ12,PalmFruitAEZ12,1990,NH3_AWB,1.01246570657601e-07
Brazil,Rice,RiceAEZ01,RiceAEZ01,1990,NH3_AWB,0
Brazil,Rice,RiceAEZ02,RiceAEZ02,1990,NH3_AWB,3.63417878888469e-06
Brazil,Rice,RiceAEZ03,RiceAEZ03,1990,NH3_AWB,3.5591080107275e-05
Brazil,Rice,RiceAEZ04,RiceAEZ04,1990,NH3_AWB,0.000128611650975483
Brazil,Rice,RiceAEZ05,RiceAEZ05,1990,NH3_AWB,0.00036852359002692
Brazil,Rice,RiceAEZ06,RiceAEZ06,1990,NH3_AWB,0.000167866102143866
Brazil,Rice,RiceAEZ10,RiceAEZ10,1990,NH3_AWB,1.96745550669692e-07
Brazil,Rice,RiceAEZ11,RiceAEZ11,1990,NH3_AWB,0
Brazil,Rice,RiceAEZ12,RiceAEZ12,1990,NH3_AWB,0.000889357946750418
Brazil,Root_Tuber,Root_TuberAEZ01,Root_TuberAEZ01,1990,NH3_AWB,6.71813565301018e-07
Brazil,Root_Tuber,Root_TuberAEZ02,Root_TuberAEZ02,1990,NH3_AWB,4.33882935706186e-05
Brazil,Root_Tuber,Root_TuberAEZ03,Root_TuberAEZ03,1990,NH3_AWB,0.000294060780558343
Brazil,Root_Tuber,Root_TuberAEZ04,Root_TuberAEZ04,1990,NH3_AWB,0.000760811547920794
Brazil,Root_Tuber,Root_TuberAEZ05,Root_TuberAEZ05,1990,NH3_AWB,0.000801280933664959
Brazil,Root_Tuber,Root_TuberAEZ06,Root_TuberAEZ06,1990,NH3_AWB,0.00153289684192995
Brazil,Root_Tuber,Root_TuberAEZ10,Root_TuberAEZ10,1990,NH3_AWB,5.47876173981244e-06
Brazil,Root_Tuber,Root_TuberAEZ11,Root_TuberAEZ11,1990,NH3_AWB,2.05954782634333e-08
Brazil,Root_Tuber,Root_TuberAEZ12,Root_TuberAEZ12,1990,NH3_AWB,0.00077794662131423
Brazil,SugarCrop,SugarCropAEZ01,SugarCropAEZ01,1990,NH3_AWB,9.96488132002913e-07
Brazil,SugarCrop,SugarCropAEZ02,SugarCropAEZ02,1990,NH3_AWB,0.00015473134286251
Brazil,SugarCrop,SugarCropAEZ03,SugarCropAEZ03,1990,NH3_AWB,0.000171025773560746
Brazil,SugarCrop,SugarCropAEZ04,SugarCropAEZ04,1990,NH3_AWB,0.00171978199937651
Brazil,SugarCrop,SugarCropAEZ05,SugarCropAEZ05,1990,NH3_AWB,0.0160713131637125
Brazil,SugarCrop,SugarCropAEZ06,SugarCropAEZ06,1990,NH3_AWB,0.0225854447752766
Brazil,SugarCrop,SugarCropAEZ10,SugarCropAEZ10,1990,NH3_AWB,1.21492345289484e-05
Brazil,SugarCrop,SugarCropAEZ11,SugarCropAEZ11,1990,NH3_AWB,1.5291183900892e-06
Brazil,SugarCrop,SugarCropAEZ12,SugarCropAEZ12,1990,NH3_AWB,0.0011083530549471
Brazil,Wheat,WheatAEZ01,WheatAEZ01,1990,NH3_AWB,0
Brazil,Wheat,WheatAEZ02,WheatAEZ02,1990,NH3_AWB,0
Brazil,Wheat,WheatAEZ03,WheatAEZ03,1990,NH3_AWB,3.11837465632818e-06
Brazil,Wheat,WheatAEZ04,WheatAEZ04,1990,NH3_AWB,3.23156629348696e-06
Brazil,Wheat,WheatAEZ05,WheatAEZ05,1990,NH3_AWB,1.54116458205337e-05
Brazil,Wheat,WheatAEZ06,WheatAEZ06,1990,NH3_AWB,0.000165598486004972
Brazil,Wheat,WheatAEZ10,WheatAEZ10,1990,NH3_AWB,0
Brazil,Wheat,WheatAEZ11,WheatAEZ11,1990,NH3_AWB,0
Brazil,Wheat,WheatAEZ12,WheatAEZ12,1990,NH3_AWB,0.000456765839955076
Brazil,Corn,CornAEZ01,CornAEZ01,1990,NMVOC_AWB,1.86579008886495e-06
Brazil,Corn,CornAEZ02,CornAEZ02,1990,NMVOC_AWB,7.71593674576879e-05
Brazil,Corn,CornAEZ03,CornAEZ03,1990,NMVOC_AWB,0.000624334533750256
Brazil,Corn,CornAEZ04,CornAEZ04,1990,NMVOC_AWB,0.000880930100015803
Brazil,Corn,CornAEZ05,CornAEZ05,1990,NMVOC_AWB,0.00562926138692664
Brazil,Corn,CornAEZ06,CornAEZ06,1990,NMVOC_AWB,0.00422161599181408
Brazil,Corn,CornAEZ10,CornAEZ10,1990,NMVOC_AWB,4.65321290774267e-06
Brazil,Corn,CornAEZ11,CornAEZ11,1990,NMVOC_AWB,3.12842067214109e-06
Brazil,Corn,CornAEZ12,CornAEZ12,1990,NMVOC_AWB,0.0103926159755893
Brazil,FiberCrop,FiberCropAEZ01,FiberCropAEZ01,1990,NMVOC_AWB,3.58977356350527e-07
Brazil,FiberCrop,FiberCropAEZ02,FiberCropAEZ02,1990,NMVOC_AWB,2.60309542284844e-05
Brazil,FiberCrop,FiberCropAEZ03,FiberCropAEZ03,1990,NMVOC_AWB,0.000117741175620925
Brazil,FiberCrop,FiberCropAEZ04,FiberCropAEZ04,1990,NMVOC_AWB,0.000270400542986546
Brazil,FiberCrop,FiberCropAEZ05,FiberCropAEZ05,1990,NMVOC_AWB,0.00138902041462277
Brazil,FiberCrop,FiberCropAEZ06,FiberCropAEZ06,1990,NMVOC_AWB,0.000182471474252952
Brazil,FiberCrop,FiberCropAEZ10,FiberCropAEZ10,1990,NMVOC_AWB,0
Brazil,FiberCrop,FiberCropAEZ11,FiberCropAEZ11,1990,NMVOC_AWB,0
Brazil,FiberCrop,FiberCropAEZ12,FiberCropAEZ12,1990,NMVOC_AWB,6.20056944699467e-05
Brazil,FodderGrass,FodderGrassAEZ01,FodderGrassAEZ01,1990,NMVOC_AWB,0
Brazil,FodderGrass,FodderGrassAEZ02,FodderGrassAEZ02,1990,NMVOC_AWB,0
Brazil,FodderGrass,FodderGrassAEZ03,FodderGrassAEZ03,1990,NMVOC_AWB,0
Brazil,FodderGrass,FodderGrassAEZ04,FodderGrassAEZ04,1990,NMVOC_AWB,0
Brazil,FodderGrass,FodderGrassAEZ05,FodderGrassAEZ05,1990,NMVOC_AWB,0
Brazil,FodderGrass,FodderGrassAEZ06,FodderGrassAEZ06,1990,NMVOC_AWB,0
Brazil,FodderGrass,FodderGrassAEZ10,FodderGrassAEZ10,1990,NMVOC_AWB,0
Brazil,FodderGrass,FodderGrassAEZ11,FodderGrassAEZ11,1990,NMVOC_AWB,0
Brazil,FodderGrass,FodderGrassAEZ12,FodderGrassAEZ12,1990,NMVOC_AWB,0
Brazil,FodderHerb,FodderHerbAEZ01,FodderHerbAEZ01,1990,NMVOC_AWB,0
Brazil,FodderHerb,FodderHerbAEZ02,FodderHerbAEZ02,1990,NMVOC_AWB,0
Brazil,FodderHerb,FodderHerbAEZ03,FodderHerbAEZ03,1990,NMVOC_AWB,0
Brazil,FodderHerb,FodderHerbAEZ04,FodderHerbAEZ04,1990,NMVOC_AWB,0
Brazil,FodderHerb,FodderHerbAEZ05,FodderHerbAEZ05,1990,NMVOC_AWB,0
Brazil,FodderHerb,FodderHerbAEZ06,FodderHerbAEZ06,1990,NMVOC_AWB,0
Brazil,FodderHerb,FodderHerbAEZ10,FodderHerbAEZ10,1990,NMVOC_AWB,0
Brazil,FodderHerb,FodderHerbAEZ11,FodderHerbAEZ11,1990,NMVOC_AWB,0
Brazil,FodderHerb,FodderHerbAEZ12,FodderHerbAEZ12,1990,NMVOC_AWB,0
Brazil,MiscCrop,MiscCropAEZ01,MiscCropAEZ01,1990,NMVOC_AWB,6.30716776335034e-06
Brazil,MiscCrop,MiscCropAEZ02,MiscCropAEZ02,1990,NMVOC_AWB,0.000575535746812678
Brazil,MiscCrop,MiscCropAEZ03,MiscCropAEZ03,1990,NMVOC_AWB,0.00127923892804866
Brazil,MiscCrop,MiscCropAEZ04,MiscCropAEZ04,1990,NMVOC_AWB,0.00196649280841721
Brazil,MiscCrop,MiscCropAEZ05,MiscCropAEZ05,1990,NMVOC_AWB,0.0115446310118972
Brazil,MiscCrop,MiscCropAEZ06,MiscCropAEZ06,1990,NMVOC_AWB,0.0146709721759732
Brazil,MiscCrop,MiscCropAEZ10,MiscCropAEZ10,1990,NMVOC_AWB,1.66374123131856e-05
Brazil,MiscCrop,MiscCropAEZ11,MiscCropAEZ11,1990,NMVOC_AWB,3.09840452425454e-06
Brazil,MiscCrop,MiscCropAEZ12,MiscCropAEZ12,1990,NMVOC_AWB,0.00542800509417811
Brazil,OilCrop,OilCropAEZ01,OilCropAEZ01,1990,NMVOC_AWB,1.00309227405634e-07
Brazil,OilCrop,OilCropAEZ02,OilCropAEZ02,1990,NMVOC_AWB,1.3500154068885e-06
Brazil,OilCrop,OilCropAEZ03,OilCropAEZ03,1990,NMVOC_AWB,4.93306100981771e-05
Brazil,OilCrop,OilCropAEZ04,OilCropAEZ04,1990,NMVOC_AWB,0.000978045304629794
Brazil,OilCrop,OilCropAEZ05,OilCropAEZ05,1990,NMVOC_AWB,0.00714712786874575
Brazil,OilCrop,OilCropAEZ06,OilCropAEZ06,1990,NMVOC_AWB,0.00202358648647098
Brazil,OilCrop,OilCropAEZ10,OilCropAEZ10,1990,NMVOC_AWB,0
Brazil,OilCrop,OilCropAEZ11,OilCropAEZ11,1990,NMVOC_AWB,0
Brazil,OilCrop,OilCropAEZ12,OilCropAEZ12,1990,NMVOC_AWB,0.00667154273839676
Brazil,OtherGrain,OtherGrainAEZ01,OtherGrainAEZ01,1990,NMVOC_AWB,0
Brazil,OtherGrain,OtherGrainAEZ02,OtherGrainAEZ02,1990,NMVOC_AWB,8.18636126944419e-08
Brazil,OtherGrain,OtherGrainAEZ03,OtherGrainAEZ03,1990,NMVOC_AWB,1.70915586436155e-05
Brazil,OtherGrain,OtherGrainAEZ04,OtherGrainAEZ04,1990,NMVOC_AWB,9.4143154598608e-06
Brazil,OtherGrain,OtherGrainAEZ05,OtherGrainAEZ05,1990,NMVOC_AWB,0.000243860664426268
Brazil,OtherGrain,OtherGrainAEZ06,OtherGrainAEZ06,1990,NMVOC_AWB,7.32127444091474e-05
Brazil,OtherGrain,OtherGrainAEZ10,OtherGrainAEZ10,1990,NMVOC_AWB,0
Brazil,OtherGrain,OtherGrainAEZ11,OtherGrainAEZ11,1990,NMVOC_AWB,0
Brazil,OtherGrain,OtherGrainAEZ12,OtherGrainAEZ12,1990,NMVOC_AWB,0.00024066706371531
Brazil,PalmFruit,PalmFruitAEZ01,PalmFruitAEZ01,1990,NMVOC_AWB,2.21427142174662e-06
Brazil,PalmFruit,PalmFruitAEZ02,PalmFruitAEZ02,1990,NMVOC_AWB,4.55116804983519e-05
Brazil,PalmFruit,PalmFruitAEZ03,PalmFruitAEZ03,1990,NMVOC_AWB,2.73259684212767e-05
Brazil,PalmFruit,PalmFruitAEZ04,PalmFruitAEZ04,1990,NMVOC_AWB,9.24453701666322e-05
Brazil,PalmFruit,PalmFruitAEZ05,PalmFruitAEZ05,1990,NMVOC_AWB,0.000212746730354242
Brazil,PalmFruit,PalmFruitAEZ06,PalmFruitAEZ06,1990,NMVOC_AWB,0.000295050281873871
Brazil,PalmFruit,PalmFruitAEZ10,PalmFruitAEZ10,1990,NMVOC_AWB,0
Brazil,PalmFruit,PalmFruitAEZ11,PalmFruitAEZ11,1990,NMVOC_AWB,0
Brazil,PalmFruit,PalmFruitAEZ12,PalmFruitAEZ12,1990,NMVOC_AWB,5.44180132561585e-07
Brazil,Rice,RiceAEZ01,RiceAEZ01,1990,NMVOC_AWB,0
Brazil,Rice,RiceAEZ02,RiceAEZ02,1990,NMVOC_AWB,1.95329864729528e-05
Brazil,Rice,RiceAEZ03,RiceAEZ03,1990,NMVOC_AWB,0.000191294960066215
Brazil,Rice,RiceAEZ04,RiceAEZ04,1990,NMVOC_AWB,0.000691261983711927
Brazil,Rice,RiceAEZ05,RiceAEZ05,1990,NMVOC_AWB,0.00198074082677946
Brazil,Rice,RiceAEZ06,RiceAEZ06,1990,NMVOC_AWB,0.000902246832894463
Brazil,Rice,RiceAEZ10,RiceAEZ10,1990,NMVOC_AWB,1.05746811125496e-06
Brazil,Rice,RiceAEZ11,RiceAEZ11,1990,NMVOC_AWB,0
Brazil,Rice,RiceAEZ12,RiceAEZ12,1990,NMVOC_AWB,0.00478012165956764
Brazil,Root_Tuber,Root_TuberAEZ01,Root_TuberAEZ01,1990,NMVOC_AWB,3.61086397936911e-06
Brazil,Root_Tuber,Root_TuberAEZ02,Root_TuberAEZ02,1990,NMVOC_AWB,0.000233203427963293
Brazil,Root_Tuber,Root_TuberAEZ03,Root_TuberAEZ03,1990,NMVOC_AWB,0.00158051807094357
Brazil,Root_Tuber,Root_TuberAEZ04,Root_TuberAEZ04,1990,NMVOC_AWB,0.0040892103931309
Brazil,Root_Tuber,Root_TuberAEZ05,Root_TuberAEZ05,1990,NMVOC_AWB,0.00430672527344643
Brazil,Root_Tuber,Root_TuberAEZ06,Root_TuberAEZ06,1990,NMVOC_AWB,0.0082390149239297
Brazil,Root_Tuber,Root_TuberAEZ10,Root_TuberAEZ10,1990,NMVOC_AWB,2.94472520943667e-05
Brazil,Root_Tuber,Root_TuberAEZ11,Root_TuberAEZ11,1990,NMVOC_AWB,1.10696589709362e-07
Brazil,Root_Tuber,Root_TuberAEZ12,Root_TuberAEZ12,1990,NMVOC_AWB,0.00418130799653741
Brazil,SugarCrop,SugarCropAEZ01,SugarCropAEZ01,1990,NMVOC_AWB,5.35592504760736e-06
Brazil,SugarCrop,SugarCropAEZ02,SugarCropAEZ02,1990,NMVOC_AWB,0.000831650120329601
Brazil,SugarCrop,SugarCropAEZ03,SugarCropAEZ03,1990,NMVOC_AWB,0.00091922943684165
Brazil,SugarCrop,SugarCropAEZ04,SugarCropAEZ04,1990,NMVOC_AWB,0.00924348538739845
Brazil,SugarCrop,SugarCropAEZ05,SugarCropAEZ05,1990,NMVOC_AWB,0.0863801042451531
Brazil,SugarCrop,SugarCropAEZ06,SugarCropAEZ06,1990,NMVOC_AWB,0.121392262986734
Brazil,SugarCrop,SugarCropAEZ10,SugarCropAEZ10,1990,NMVOC_AWB,6.52997134968997e-05
Brazil,SugarCrop,SugarCropAEZ11,SugarCropAEZ11,1990,NMVOC_AWB,8.21870649856553e-06
Brazil,SugarCrop,SugarCropAEZ12,SugarCropAEZ12,1990,NMVOC_AWB,0.00595717670681297
Brazil,Wheat,WheatAEZ01,WheatAEZ01,1990,NMVOC_AWB,0
Brazil,Wheat,WheatAEZ02,WheatAEZ02,1990,NMVOC_AWB,0
Brazil,Wheat,WheatAEZ03,WheatAEZ03,1990,NMVOC_AWB,1.67606420922264e-05
Brazil,Wheat,WheatAEZ04,WheatAEZ04,1990,NMVOC_AWB,1.7369024575839e-05
Brazil,Wheat,WheatAEZ05,WheatAEZ05,1990,NMVOC_AWB,8.28345237881954e-05
Brazil,Wheat,WheatAEZ06,WheatAEZ06,1990,NMVOC_AWB,0.000890058848224492
Brazil,Wheat,WheatAEZ10,WheatAEZ10,1990,NMVOC_AWB,0
Brazil,Wheat,WheatAEZ11,WheatAEZ11,1990,NMVOC_AWB,0
Brazil,Wheat,WheatAEZ12,WheatAEZ12,1990,NMVOC_AWB,0.00245502532798821
Brazil,Corn,CornAEZ01,CornAEZ01,1990,NOx_AWB,1.01317384647563e-06
Brazil,Corn,CornAEZ02,CornAEZ02,1990,NOx_AWB,4.18995971654507e-05
Brazil,Corn,CornAEZ03,CornAEZ03,1990,NOx_AWB,0.000339030325448952
Brazil,Corn,CornAEZ04,CornAEZ04,1990,NOx_AWB,0.000478368570631727
Brazil,Corn,CornAEZ05,CornAEZ05,1990,NOx_AWB,0.00305683926945868
Brazil,Corn,CornAEZ06,CornAEZ06,1990,NOx_AWB,0.00229245022700883
Brazil,Corn,CornAEZ10,CornAEZ10,1990,NOx_AWB,2.52681887868519e-06
Brazil,Corn,CornAEZ11,CornAEZ11,1990,NOx_AWB,1.69881597329917e-06
Brazil,Corn,CornAEZ12,CornAEZ12,1990,NOx_AWB,0.00564346802235265
Brazil,FiberCrop,FiberCropAEZ01,FiberCropAEZ01,1990,NOx_AWB,1.94934291430702e-07
Brazil,FiberCrop,FiberCropAEZ02,FiberCropAEZ02,1990,NOx_AWB,1.41355033347556e-05
Brazil,FiberCrop,FiberCropAEZ03,FiberCropAEZ03,1990,NOx_AWB,6.39366027852501e-05
Brazil,FiberCrop,FiberCropAEZ04,FiberCropAEZ04,1990,NOx_AWB,0.000146834716221181
Brazil,FiberCrop,FiberCropAEZ05,FiberCropAEZ05,1990,NOx_AWB,0.000754275180640851
Brazil,FiberCrop,FiberCropAEZ06,FiberCropAEZ06,1990,NOx_AWB,9.90868836447781e-05
Brazil,FiberCrop,FiberCropAEZ10,FiberCropAEZ10,1990,NOx_AWB,0
Brazil,FiberCrop,FiberCropAEZ11,FiberCropAEZ11,1990,NOx_AWB,0
Brazil,FiberCrop,FiberCropAEZ12,FiberCropAEZ12,1990,NOx_AWB,3.3670748035609e-05
Brazil,FodderGrass,FodderGrassAEZ01,FodderGrassAEZ01,1990,NOx_AWB,0
Brazil,FodderGrass,FodderGrassAEZ02,FodderGrassAEZ02,1990,NOx_AWB,0
Brazil,FodderGrass,FodderGrassAEZ03,FodderGrassAEZ03,1990,NOx_AWB,0
Brazil,FodderGrass,FodderGrassAEZ04,FodderGrassAEZ04,1990,NOx_AWB,0
Brazil,FodderGrass,FodderGrassAEZ05,FodderGrassAEZ05,1990,NOx_AWB,0
Brazil,FodderGrass,FodderGrassAEZ06,FodderGrassAEZ06,1990,NOx_AWB,0
Brazil,FodderGrass,FodderGrassAEZ10,FodderGrassAEZ10,1990,NOx_AWB,0
Brazil,FodderGrass,FodderGrassAEZ11,FodderGrassAEZ11,1990,NOx_AWB,0
Brazil,FodderGrass,FodderGrassAEZ12,FodderGrassAEZ12,1990,NOx_AWB,0
Brazil,FodderHerb,FodderHerbAEZ01,FodderHerbAEZ01,1990,NOx_AWB,0
Brazil,FodderHerb,FodderHerbAEZ02,FodderHerbAEZ02,1990,NOx_AWB,0
Brazil,FodderHerb,FodderHerbAEZ03,FodderHerbAEZ03,1990,NOx_AWB,0
Brazil,FodderHerb,FodderHerbAEZ04,FodderHerbAEZ04,1990,NOx_AWB,0
Brazil,FodderHerb,FodderHerbAEZ05,FodderHerbAEZ05,1990,NOx_AWB,0
Brazil,FodderHerb,FodderHerbAEZ06,FodderHerbAEZ06,1990,NOx_AWB,0
Brazil,FodderHerb,FodderHerbAEZ10,FodderHerbAEZ10,1990,NOx_AWB,0
Brazil,FodderHerb,FodderHerbAEZ11,FodderHerbAEZ11,1990,NOx_AWB,0
Brazil,FodderHerb,FodderHerbAEZ12,FodderHerbAEZ12,1990,NOx_AWB,0
Brazil,MiscCrop,MiscCropAEZ01,MiscCropAEZ01,1990,NOx_AWB,3.42496053618134e-06
Brazil,MiscCrop,MiscCropAEZ02,MiscCropAEZ02,1990,NOx_AWB,0.000312531280910149
Brazil,MiscCrop,MiscCropAEZ03,MiscCropAEZ03,1990,NOx_AWB,0.000694660901581318
Brazil,MiscCrop,MiscCropAEZ04,MiscCropAEZ04,1990,NOx_AWB,0.00106785811258264
Brazil,MiscCrop,MiscCropAEZ05,MiscCropAEZ05,1990,NOx_AWB,0.00626904295304805
Brazil,MiscCrop,MiscCropAEZ06,MiscCropAEZ06,1990,NOx_AWB,0.00796672969793201
Brazil,MiscCrop,MiscCropAEZ10,MiscCropAEZ10,1990,NOx_AWB,9.03455920864381e-06
Brazil,MiscCrop,MiscCropAEZ11,MiscCropAEZ11,1990,NOx_AWB,1.68251640337858e-06
Brazil,MiscCrop,MiscCropAEZ12,MiscCropAEZ12,1990,NOx_AWB,0.00294755172769909
Brazil,OilCrop,OilCropAEZ01,OilCropAEZ01,1990,NOx_AWB,5.44705893627033e-08
Brazil,OilCrop,OilCropAEZ02,OilCropAEZ02,1990,NOx_AWB,7.33094419764377e-07
Brazil,OilCrop,OilCropAEZ03,OilCropAEZ03,1990,NOx_AWB,2.67878387180012e-05
Brazil,OilCrop,OilCropAEZ04,OilCropAEZ04,1990,NOx_AWB,0.000531104720318256
Brazil,OilCrop,OilCropAEZ05,OilCropAEZ05,1990,NOx_AWB,0.00388108130558004
Brazil,OilCrop,OilCropAEZ06,OilCropAEZ06,1990,NOx_AWB,0.00109886150452282
Brazil,OilCrop,OilCropAEZ10,OilCropAEZ10,1990,NOx_AWB,0
Brazil,OilCrop,OilCropAEZ11,OilCropAEZ11,1990,NOx_AWB,0
Brazil,OilCrop,OilCropAEZ12,OilCropAEZ12,1990,NOx_AWB,0.00362282587871397
Brazil,OtherGrain,OtherGrainAEZ01,OtherGrainAEZ01,1990,NOx_AWB,0
Brazil,OtherGrain,OtherGrainAEZ02,OtherGrainAEZ02,1990,NOx_AWB,4.44541279616702e-08
Brazil,OtherGrain,OtherGrainAEZ03,OtherGrainAEZ03,1990,NOx_AWB,9.28117279460425e-06
Brazil,OtherGrain,OtherGrainAEZ04,OtherGrainAEZ04,1990,NOx_AWB,5.11222471559207e-06
Brazil,OtherGrain,OtherGrainAEZ05,OtherGrainAEZ05,1990,NOx_AWB,0.00013242285338281
Brazil,OtherGrain,OtherGrainAEZ06,OtherGrainAEZ06,1990,NOx_AWB,3.97564754506646e-05
Brazil,OtherGrain,OtherGrainAEZ10,OtherGrainAEZ10,1990,NOx_AWB,0
Brazil,OtherGrain,OtherGrainAEZ11,OtherGrainAEZ11,1990,NOx_AWB,0
Brazil,OtherGrain,OtherGrainAEZ12,OtherGrainAEZ12,1990,NOx_AWB,0.00013068864290772
Brazil,PalmFruit,PalmFruitAEZ01,PalmFruitAEZ01,1990,NOx_AWB,1.20240851685351e-06
Brazil,PalmFruit,PalmFruitAEZ02,PalmFruitAEZ02,1990,NOx_AWB,2.47140579560783e-05
Brazil,PalmFruit,PalmFruitAEZ03,PalmFruitAEZ03,1990,NOx_AWB,1.48387306263906e-05
Brazil,PalmFruit,PalmFruitAEZ04,PalmFruitAEZ04,1990,NOx_AWB,5.02003048679338e-05
Brazil,PalmFruit,PalmFruitAEZ05,PalmFruitAEZ05,1990,NOx_AWB,0.000115527156245776
Brazil,PalmFruit,PalmFruitAEZ06,PalmFruitAEZ06,1990,NOx_AWB,0.00016022018273863
Brazil,PalmFruit,PalmFruitAEZ10,PalmFruitAEZ10,1990,NOx_AWB,0
Brazil,PalmFruit,PalmFruitAEZ11,PalmFruitAEZ11,1990,NOx_AWB,0
Brazil,PalmFruit,PalmFruitAEZ12,PalmFruitAEZ12,1990,NOx_AWB,2.95504344981514e-07
Brazil,Rice,RiceAEZ01,RiceAEZ01,1990,NOx_AWB,0
Brazil,Rice,RiceAEZ02,RiceAEZ02,1990,NOx_AWB,1.06069333072711e-05
Brazil,Rice,RiceAEZ03,RiceAEZ03,1990,NOx_AWB,0.000103878272083434
Brazil,Rice,RiceAEZ04,RiceAEZ04,1990,NOx_AWB,0.000375373718158109
Brazil,Rice,RiceAEZ05,RiceAEZ05,1990,NOx_AWB,0.00107559516706422
Brazil,Rice,RiceAEZ06,RiceAEZ06,1990,NOx_AWB,0.000489944125874441
Brazil,Rice,RiceAEZ10,RiceAEZ10,1990,NOx_AWB,5.7423342539958e-07
Brazil,Rice,RiceAEZ11,RiceAEZ11,1990,NOx_AWB,0
Brazil,Rice,RiceAEZ12,RiceAEZ12,1990,NOx_AWB,0.00259573372018065
Brazil,Root_Tuber,Root_TuberAEZ01,Root_TuberAEZ01,1990,NOx_AWB,1.96079557336661e-06
Brazil,Root_Tuber,Root_TuberAEZ02,Root_TuberAEZ02,1990,NOx_AWB,0.000126635689368791
Brazil,Root_Tuber,Root_TuberAEZ03,Root_TuberAEZ03,1990,NOx_AWB,0.000858263522203777
Brazil,Root_Tuber,Root_TuberAEZ04,Root_TuberAEZ04,1990,NOx_AWB,0.0022205504508693
Brazil,Root_Tuber,Root_TuberAEZ05,Root_TuberAEZ05,1990,NOx_AWB,0.00233866683988337
Brazil,Root_Tuber,Root_TuberAEZ06,Root_TuberAEZ06,1990,NOx_AWB,0.00447400513673334
Brazil,Root_Tuber,Root_TuberAEZ10,Root_TuberAEZ10,1990,NOx_AWB,1.59906443123712e-05
Brazil,Root_Tuber,Root_TuberAEZ11,Root_TuberAEZ11,1990,NOx_AWB,6.01112045009296e-08
Brazil,Root_Tuber,Root_TuberAEZ12,Root_TuberAEZ12,1990,NOx_AWB,0.00227056190909895
Brazil,SugarCrop,SugarCropAEZ01,SugarCropAEZ01,1990,NOx_AWB,2.90841033742477e-06
Brazil,SugarCrop,SugarCropAEZ02,SugarCropAEZ02,1990,NOx_AWB,0.000451608225579576
Brazil,SugarCrop,SugarCropAEZ03,SugarCropAEZ03,1990,NOx_AWB,0.000499166133359116
Brazil,SugarCrop,SugarCropAEZ04,SugarCropAEZ04,1990,NOx_AWB,0.00501945942401755
Brazil,SugarCrop,SugarCropAEZ05,SugarCropAEZ05,1990,NOx_AWB,0.0469067034921751
Brazil,SugarCrop,SugarCropAEZ06,SugarCropAEZ06,1990,NOx_AWB,0.0659192407316686
Brazil,SugarCrop,SugarCropAEZ10,SugarCropAEZ10,1990,NOx_AWB,3.5459488338079e-05
Brazil,SugarCrop,SugarCropAEZ11,SugarCropAEZ11,1990,NOx_AWB,4.46297711939909e-06
Brazil,SugarCrop,SugarCropAEZ12,SugarCropAEZ12,1990,NOx_AWB,0.00323490604553939
Brazil,Wheat,WheatAEZ01,WheatAEZ01,1990,NOx_AWB,0
Brazil,Wheat,WheatAEZ02,WheatAEZ02,1990,NOx_AWB,0
Brazil,Wheat,WheatAEZ03,WheatAEZ03,1990,NOx_AWB,9.10147626966596e-06
Brazil,Wheat,WheatAEZ04,WheatAEZ04,1990,NOx_AWB,9.43184420587104e-06
Brazil,Wheat,WheatAEZ05,WheatAEZ05,1990,NOx_AWB,4.49813586149548e-05
Brazil,Wheat,WheatAEZ06,WheatAEZ06,1990,NOx_AWB,0.000483325724703507
Brazil,Wheat,WheatAEZ10,WheatAEZ10,1990,NOx_AWB,0
Brazil,Wheat,WheatAEZ11,WheatAEZ11,1990,NOx_AWB,0
Brazil,Wheat,WheatAEZ12,WheatAEZ12,1990,NOx_AWB,0.00133314431757223
Brazil,Corn,CornAEZ01,CornAEZ01,1990,SO2_AWB,1.5114560660538e-07
Brazil,Corn,CornAEZ02,CornAEZ02,1990,SO2_AWB,6.25059564271478e-06
Brazil,Corn,CornAEZ03,CornAEZ03,1990,SO2_AWB,5.05766551079584e-05
Brazil,Corn,CornAEZ04,CornAEZ04,1990,SO2_AWB,7.13631802089953e-05
Brazil,Corn,CornAEZ05,CornAEZ05,1990,SO2_AWB,0.000456020284460229
Brazil,Corn,CornAEZ06,CornAEZ06,1990,SO2_AWB,0.000341988476488203
Brazil,Corn,CornAEZ10,CornAEZ10,1990,SO2_AWB,3.76951668787463e-07
Brazil,Corn,CornAEZ11,CornAEZ11,1990,SO2_AWB,2.53429923885614e-07
Brazil,Corn,CornAEZ12,CornAEZ12,1990,SO2_AWB,0.000841894409891952
Brazil,FiberCrop,FiberCropAEZ01,FiberCropAEZ01,1990,SO2_AWB,2.90803615085145e-08
Brazil,FiberCrop,FiberCropAEZ02,FiberCropAEZ02,1990,SO2_AWB,2.1087390220701e-06
Brazil,FiberCrop,FiberCropAEZ03,FiberCropAEZ03,1990,SO2_AWB,9.5380833663242e-06
Brazil,FiberCrop,FiberCropAEZ04,FiberCropAEZ04,1990,SO2_AWB,2.19048511084056e-05
Brazil,FiberCrop,FiberCropAEZ05,FiberCropAEZ05,1990,SO2_AWB,0.00011252301875134
Brazil,FiberCrop,FiberCropAEZ06,FiberCropAEZ06,1990,SO2_AWB,1.47818137896308e-05
Brazil,FiberCrop,FiberCropAEZ10,FiberCropAEZ10,1990,SO2_AWB,0
Brazil,FiberCrop,FiberCropAEZ11,FiberCropAEZ11,1990,SO2_AWB,0
Brazil,FiberCrop,FiberCropAEZ12,FiberCropAEZ12,1990,SO2_AWB,5.02301323154168e-06
Brazil,FodderGrass,FodderGrassAEZ01,FodderGrassAEZ01,1990,SO2_AWB,0
Brazil,FodderGrass,FodderGrassAEZ02,FodderGrassAEZ02,1990,SO2_AWB,0
Brazil,FodderGrass,FodderGrassAEZ03,FodderGrassAEZ03,1990,SO2_AWB,0
Brazil,FodderGrass,FodderGrassAEZ04,FodderGrassAEZ04,1990,SO2_AWB,0
Brazil,FodderGrass,FodderGrassAEZ05,FodderGrassAEZ05,1990,SO2_AWB,0
Brazil,FodderGrass,FodderGrassAEZ06,FodderGrassAEZ06,1990,SO2_AWB,0
Brazil,FodderGrass,FodderGrassAEZ10,FodderGrassAEZ10,1990,SO2_AWB,0
Brazil,FodderGrass,FodderGrassAEZ11,FodderGrassAEZ11,1990,SO2_AWB,0
Brazil,FodderGrass,FodderGrassAEZ12,FodderGrassAEZ12,1990,SO2_AWB,0
Brazil,FodderHerb,FodderHerbAEZ01,FodderHerbAEZ01,1990,SO2_AWB,0
Brazil,FodderHerb,FodderHerbAEZ02,FodderHerbAEZ02,1990,SO2_AWB,0
Brazil,FodderHerb,FodderHerbAEZ03,FodderHerbAEZ03,1990,SO2_AWB,0
Brazil,FodderHerb,FodderHerbAEZ04,FodderHerbAEZ04,1990,SO2_AWB,0
Brazil,FodderHerb,FodderHerbAEZ05,FodderHerbAEZ05,1990,SO2_AWB,0
Brazil,FodderHerb,FodderHerbAEZ06,FodderHerbAEZ06,1990,SO2_AWB,0
Brazil,FodderHerb,FodderHerbAEZ10,FodderHerbAEZ10,1990,SO2_AWB,0
Brazil,FodderHerb,FodderHerbAEZ11,FodderHerbAEZ11,1990,SO2_AWB,0
Brazil,FodderHerb,FodderHerbAEZ12,FodderHerbAEZ12,1990,SO2_AWB,0
Brazil,MiscCrop,MiscCropAEZ01,MiscCropAEZ01,1990,SO2_AWB,5.10936735725414e-07
Brazil,MiscCrop,MiscCropAEZ02,MiscCropAEZ02,1990,SO2_AWB,4.66235189554484e-05
Brazil,MiscCrop,MiscCropAEZ03,MiscCropAEZ03,1990,SO2_AWB,0.000103629741055574
Brazil,MiscCrop,MiscCropAEZ04,MiscCropAEZ04,1990,SO2_AWB,0.000159303423352492
Brazil,MiscCrop,MiscCropAEZ05,MiscCropAEZ05,1990,SO2_AWB,0.000935217883159626
Brazil,MiscCrop,MiscCropAEZ06,MiscCropAEZ06,1990,SO2_AWB,0.00118847934838002
Brazil,MiscCrop,MiscCropAEZ10,MiscCropAEZ10,1990,SO2_AWB,1.34777850489604e-06
Brazil,MiscCrop,MiscCropAEZ11,MiscCropAEZ11,1990,SO2_AWB,2.50998348700739e-07
Brazil,MiscCrop,MiscCropAEZ12,MiscCropAEZ12,1990,SO2_AWB,0.000439716733148553
Brazil,OilCrop,OilCropAEZ01,OilCropAEZ01,1990,SO2_AWB,8.1259403803377e-09
Brazil,OilCrop,OilCropAEZ02,OilCropAEZ02,1990,SO2_AWB,1.09363265899276e-07
Brazil,OilCrop,OilCropAEZ03,OilCropAEZ03,1990,SO2_AWB,3.99621856284936e-06
Brazil,OilCrop,OilCropAEZ04,OilCropAEZ04,1990,SO2_AWB,7.92303763097726e-05
Brazil,OilCrop,OilCropAEZ05,OilCropAEZ05,1990,SO2_AWB,0.000578980981652104
Brazil,OilCrop,OilCropAEZ06,OilCropAEZ06,1990,SO2_AWB,0.000163928519527175
Brazil,OilCrop,OilCropAEZ10,OilCropAEZ10,1990,SO2_AWB,0
Brazil,OilCrop,OilCropAEZ11,OilCropAEZ11,1990,SO2_AWB,0
Brazil,OilCrop,OilCropAEZ12,OilCropAEZ12,1990,SO2_AWB,0.000540454352398313
Brazil,OtherGrain,OtherGrainAEZ01,OtherGrainAEZ01,1990,SO2_AWB,0
Brazil,OtherGrain,OtherGrainAEZ02,OtherGrainAEZ02,1990,SO2_AWB,6.63168138444589e-09
Brazil,OtherGrain,OtherGrainAEZ03,OtherGrainAEZ03,1990,SO2_AWB,1.38456840050654e-06
Brazil,OtherGrain,OtherGrainAEZ04,OtherGrainAEZ04,1990,SO2_AWB,7.62643359211276e-07
Brazil,OtherGrain,OtherGrainAEZ05,OtherGrainAEZ05,1990,SO2_AWB,1.97548846849766e-05
Brazil,OtherGrain,OtherGrainAEZ06,OtherGrainAEZ06,1990,SO2_AWB,5.93088404264013e-06
Brazil,OtherGrain,OtherGrainAEZ10,OtherGrainAEZ10,1990,SO2_AWB,0
Brazil,OtherGrain,OtherGrainAEZ11,OtherGrainAEZ11,1990,SO2_AWB,0
Brazil,OtherGrain,OtherGrainAEZ12,OtherGrainAEZ12,1990,SO2_AWB,1.94961745977091e-05
Brazil,PalmFruit,PalmFruitAEZ01,PalmFruitAEZ01,1990,SO2_AWB,1.79375696776507e-07
Brazil,PalmFruit,PalmFruitAEZ02,PalmFruitAEZ02,1990,SO2_AWB,3.68685126885759e-06
Brazil,PalmFruit,PalmFruitAEZ03,PalmFruitAEZ03,1990,SO2_AWB,2.21364670000253e-06
Brazil,PalmFruit,PalmFruitAEZ04,PalmFruitAEZ04,1990,SO2_AWB,7.48889793931471e-06
Brazil,PalmFruit,PalmFruitAEZ05,PalmFruitAEZ05,1990,SO2_AWB,1.72343790465009e-05
Brazil,PalmFruit,PalmFruitAEZ06,PalmFruitAEZ06,1990,SO2_AWB,2.39016993921563e-05
Brazil,PalmFruit,PalmFruitAEZ10,PalmFruitAEZ10,1990,SO2_AWB,0
Brazil,PalmFruit,PalmFruitAEZ11,PalmFruitAEZ11,1990,SO2_AWB,0
Brazil,PalmFruit,PalmFruitAEZ12,PalmFruitAEZ12,1990,SO2_AWB,4.40834350710127e-08
Brazil,Rice,RiceAEZ01,RiceAEZ01,1990,SO2_AWB,0
Brazil,Rice,RiceAEZ02,RiceAEZ02,1990,SO2_AWB,1.58234578846176e-06
Brazil,Rice,RiceAEZ03,RiceAEZ03,1990,SO2_AWB,1.54965946878566e-05
Brazil,Rice,RiceAEZ04,RiceAEZ04,1990,SO2_AWB,5.59983743481769e-05
Brazil,Rice,RiceAEZ05,RiceAEZ05,1990,SO2_AWB,0.000160457639676793
Brazil,Rice,RiceAEZ06,RiceAEZ06,1990,SO2_AWB,7.30900253353675e-05
Brazil,Rice,RiceAEZ10,RiceAEZ10,1990,SO2_AWB,8.56643306743636e-08
Brazil,Rice,RiceAEZ11,RiceAEZ11,1990,SO2_AWB,0
Brazil,Rice,RiceAEZ12,RiceAEZ12,1990,SO2_AWB,0.000387232407436785
Brazil,Root_Tuber,Root_TuberAEZ01,Root_TuberAEZ01,1990,SO2_AWB,2.92512126518625e-07
Brazil,Root_Tuber,Root_TuberAEZ02,Root_TuberAEZ02,1990,SO2_AWB,1.88915536599344e-05
Brazil,Root_Tuber,Root_TuberAEZ03,Root_TuberAEZ03,1990,SO2_AWB,0.000128036033640236
Brazil,Root_Tuber,Root_TuberAEZ04,Root_TuberAEZ04,1990,SO2_AWB,0.000331262444310011
Brazil,Root_Tuber,Root_TuberAEZ05,Root_TuberAEZ05,1990,SO2_AWB,0.000348883085949815
Brazil,Root_Tuber,Root_TuberAEZ06,Root_TuberAEZ06,1990,SO2_AWB,0.00066743355318481
Brazil,Root_Tuber,Root_TuberAEZ10,Root_TuberAEZ10,1990,SO2_AWB,2.38548956135374e-06
Brazil,Root_Tuber,Root_TuberAEZ11,Root_TuberAEZ11,1990,SO2_AWB,8.96740919604032e-09
Brazil,Root_Tuber,Root_TuberAEZ12,Root_TuberAEZ12,1990,SO2_AWB,0.000338723170045909
Brazil,SugarCrop,SugarCropAEZ01,SugarCropAEZ01,1990,SO2_AWB,4.33877607714187e-07
Brazil,SugarCrop,SugarCropAEZ02,SugarCropAEZ02,1990,SO2_AWB,6.73710631602318e-05
Brazil,SugarCrop,SugarCropAEZ03,SugarCropAEZ03,1990,SO2_AWB,7.44657674355402e-05
Brazil,SugarCrop,SugarCropAEZ04,SugarCropAEZ04,1990,SO2_AWB,0.00074880460259934
Brazil,SugarCrop,SugarCropAEZ05,SugarCropAEZ05,1990,SO2_AWB,0.00699755740620973
Brazil,SugarCrop,SugarCropAEZ06,SugarCropAEZ06,1990,SO2_AWB,0.00983385394521613
Brazil,SugarCrop,SugarCropAEZ10,SugarCropAEZ10,1990,SO2_AWB,5.28985809633638e-06
Brazil,SugarCrop,SugarCropAEZ11,SugarCropAEZ11,1990,SO2_AWB,6.65788389943142e-07
Brazil,SugarCrop,SugarCropAEZ12,SugarCropAEZ12,1990,SO2_AWB,0.000482584344498499
Brazil,Wheat,WheatAEZ01,WheatAEZ01,1990,SO2_AWB,0
Brazil,Wheat,WheatAEZ02,WheatAEZ02,1990,SO2_AWB,0
Brazil,Wheat,WheatAEZ03,WheatAEZ03,1990,SO2_AWB,1.35776121399935e-06
Brazil,Wheat,WheatAEZ04,WheatAEZ04,1990,SO2_AWB,1.40704561103978e-06
Brazil,Wheat,WheatAEZ05,WheatAEZ05,1990,SO2_AWB,6.71033382616538e-06
Brazil,Wheat,WheatAEZ06,WheatAEZ06,1990,SO2_AWB,7.210269007872e-05
Brazil,Wheat,WheatAEZ10,WheatAEZ10,1990,SO2_AWB,0
Brazil,Wheat,WheatAEZ11,WheatAEZ11,1990,SO2_AWB,0
Brazil,Wheat,WheatAEZ12,WheatAEZ12,1990,SO2_AWB,0.000198878906391923
Canada,Corn,CornAEZ07,CornAEZ07,1990,CH4_AWB,7.48552280192949e-07
Canada,Corn,CornAEZ08,CornAEZ08,1990,CH4_AWB,2.61042481083453e-07
Canada,Corn,CornAEZ09,CornAEZ09,1990,CH4_AWB,3.73988301864021e-05
Canada,Corn,CornAEZ10,CornAEZ10,1990,CH4_AWB,0.000779767947531886
Canada,Corn,CornAEZ11,CornAEZ11,1990,CH4_AWB,5.60809144791207e-07
Canada,Corn,CornAEZ13,CornAEZ13,1990,CH4_AWB,0
Canada,Corn,CornAEZ14,CornAEZ14,1990,CH4_AWB,0
Canada,Corn,CornAEZ15,CornAEZ15,1990,CH4_AWB,1.71700259743103e-06
Canada,Corn,CornAEZ16,CornAEZ16,1990,CH4_AWB,3.48344767803416e-08
Canada,FiberCrop,FiberCropAEZ07,FiberCropAEZ07,1990,CH4_AWB,1.93762713430005e-06
Canada,FiberCrop,FiberCropAEZ08,FiberCropAEZ08,1990,CH4_AWB,1.60490328295559e-06
Canada,FiberCrop,FiberCropAEZ09,FiberCropAEZ09,1990,CH4_AWB,9.96111344427509e-07
Canada,FiberCrop,FiberCropAEZ10,FiberCropAEZ10,1990,CH4_AWB,4.50155798877789e-07
Canada,FiberCrop,FiberCropAEZ11,FiberCropAEZ11,1990,CH4_AWB,0
Canada,FiberCrop,FiberCropAEZ13,FiberCropAEZ13,1990,CH4_AWB,4.47065484469019e-07
Canada,FiberCrop,FiberCropAEZ14,FiberCropAEZ14,1990,CH4_AWB,1.95719912555562e-07
Canada,FiberCrop,FiberCropAEZ15,FiberCropAEZ15,1990,CH4_AWB,3.59506576220477e-07
Canada,FiberCrop,FiberCropAEZ16,FiberCropAEZ16,1990,CH4_AWB,2.6782724876024e-08
Canada,FodderGrass,FodderGrassAEZ07,FodderGrassAEZ07,1990,CH4_AWB,0
Canada,FodderGrass,FodderGrassAEZ08,FodderGrassAEZ08,1990,CH4_AWB,0
Canada,FodderGrass,FodderGrassAEZ09,FodderGrassAEZ09,1990,CH4_AWB,0
Canada,FodderGrass,FodderGrassAEZ10,FodderGrassAEZ10,1990,CH4_AWB,0
Canada,FodderGrass,FodderGrassAEZ11,FodderGrassAEZ11,1990,CH4_AWB,0
Canada,FodderGrass,FodderGrassAEZ13,FodderGrassAEZ13,1990,CH4_AWB,0
Canada,FodderGrass,FodderGrassAEZ14,FodderGrassAEZ14,1990,CH4_AWB,0
Canada,FodderGrass,FodderGrassAEZ15,FodderGrassAEZ15,1990,CH4_AWB,0
Canada,FodderGrass,FodderGrassAEZ16,FodderGrassAEZ16,1990,CH4_AWB,0
Canada,FodderHerb,FodderHerbAEZ07,FodderHerbAEZ07,1990,CH4_AWB,4.55260088671235e-05
Canada,FodderHerb,FodderHerbAEZ08,FodderHerbAEZ08,1990,CH4_AWB,3.79796120467287e-05
Canada,FodderHerb,FodderHerbAEZ09,FodderHerbAEZ09,1990,CH4_AWB,0.000203036898484747
Canada,FodderHerb,FodderHerbAEZ10,FodderHerbAEZ10,1990,CH4_AWB,0.00030816454889414
Canada,FodderHerb,FodderHerbAEZ11,FodderHerbAEZ11,1990,CH4_AWB,9.71677088801239e-07
Canada,FodderHerb,FodderHerbAEZ13,FodderHerbAEZ13,1990,CH4_AWB,1.36310151121037e-05
Canada,FodderHerb,FodderHerbAEZ14,FodderHerbAEZ14,1990,CH4_AWB,1.27693255986701e-05
Canada,FodderHerb,FodderHerbAEZ15,FodderHerbAEZ15,1990,CH4_AWB,0.00014099341194668
Canada,FodderHerb,FodderHerbAEZ16,FodderHerbAEZ16,1990,CH4_AWB,1.22956911150551e-05
Canada,MiscCrop,MiscCropAEZ07,MiscCropAEZ07,1990,CH4_AWB,8.10598148195697e-05
Canada,MiscCrop,MiscCropAEZ08,MiscCropAEZ08,1990,CH4_AWB,4.02668318674302e-05
Canada,MiscCrop,MiscCropAEZ09,MiscCropAEZ09,1990,CH4_AWB,3.15218746031334e-05
Canada,MiscCrop,MiscCropAEZ10,MiscCropAEZ10,1990,CH4_AWB,0.000146605266385922
Canada,MiscCrop,MiscCropAEZ11,MiscCropAEZ11,1990,CH4_AWB,3.31752104990206e-06
Canada,MiscCrop,MiscCropAEZ13,MiscCropAEZ13,1990,CH4_AWB,2.68039646964816e-05
Canada,MiscCrop,MiscCropAEZ14,MiscCropAEZ14,1990,CH4_AWB,1.72630664041123e-05
Canada,MiscCrop,MiscCropAEZ15,MiscCropAEZ15,1990,CH4_AWB,4.71486756223978e-05
Canada,MiscCrop,MiscCropAEZ16,MiscCropAEZ16,1990,CH4_AWB,1.27034949709699e-06
Canada,OilCrop,OilCropAEZ07,OilCropAEZ07,1990,CH4_AWB,6.7236303017694e-05
Canada,OilCrop,OilCropAEZ08,OilCropAEZ08,1990,CH4_AWB,8.66741282192962e-05
Canada,OilCrop,OilCropAEZ09,OilCropAEZ09,1990,CH4_AWB,0.000157996227038558
Canada,OilCrop,OilCropAEZ10,OilCropAEZ10,1990,CH4_AWB,0.000200781835759148
Canada,OilCrop,OilCropAEZ11,OilCropAEZ11,1990,CH4_AWB,0
Canada,OilCrop,OilCropAEZ13,OilCropAEZ13,1990,CH4_AWB,2.55281264401577e-05
Canada,OilCrop,OilCropAEZ14,OilCropAEZ14,1990,CH4_AWB,2.47105065702787e-05
Canada,OilCrop,OilCropAEZ15,OilCropAEZ15,1990,CH4_AWB,0.000160271364443062
Canada,OilCrop,OilCropAEZ16,OilCropAEZ16,1990,CH4_AWB,6.64601470087139e-06
Canada,OtherGrain,OtherGrainAEZ07,OtherGrainAEZ07,1990,CH4_AWB,0.000252788803209558
Canada,OtherGrain,OtherGrainAEZ08,OtherGrainAEZ08,1990,CH4_AWB,0.00030726495238366
Canada,OtherGrain,OtherGrainAEZ09,OtherGrainAEZ09,1990,CH4_AWB,0.000429696823105425
Canada,OtherGrain,OtherGrainAEZ10,OtherGrainAEZ10,1990,CH4_AWB,0.000187110225397159
Canada,OtherGrain,OtherGrainAEZ11,OtherGrainAEZ11,1990,CH4_AWB,8.42429213242475e-08
Canada,OtherGrain,OtherGrainAEZ13,OtherGrainAEZ13,1990,CH4_AWB,9.4507398441024e-05
Canada,OtherGrain,OtherGrainAEZ14,OtherGrainAEZ14,1990,CH4_AWB,8.25679323613489e-05
Canada,OtherGrain,OtherGrainAEZ15,OtherGrainAEZ15,1990,CH4_AWB,0.000565461634170329
Canada,OtherGrain,OtherGrainAEZ16,OtherGrainAEZ16,1990,CH4_AWB,2.40535276699339e-05
Canada,PalmFruit,PalmFruitAEZ07,PalmFruitAEZ07,1990,CH4_AWB,0
Canada,PalmFruit,PalmFruitAEZ08,PalmFruitAEZ08,1990,CH4_AWB,0
Canada,PalmFruit,PalmFruitAEZ09,PalmFruitAEZ09,1990,CH4_AWB,0
Canada,PalmFruit,PalmFruitAEZ10,PalmFruitAEZ10,1990,CH4_AWB,0
Canada,PalmFruit,PalmFruitAEZ11,PalmFruitAEZ11,1990,CH4_AWB,0
Canada,PalmFruit,PalmFruitAEZ13,PalmFruitAEZ13,1990,CH4_AWB,0
Canada,PalmFruit,PalmFruitAEZ14,PalmFruitAEZ14,1990,CH4_AWB,0
Canada,PalmFruit,PalmFruitAEZ15,PalmFruitAEZ15,1990,CH4_AWB,0
Canada,PalmFruit,PalmFruitAEZ16,PalmFruitAEZ16,1990,CH4_AWB,0
Canada,Rice,RiceAEZ07,RiceAEZ07,1990,CH4_AWB,0
Canada,Rice,RiceAEZ08,RiceAEZ08,1990,CH4_AWB,0
Canada,Rice,RiceAEZ09,RiceAEZ09,1990,CH4_AWB,0
Canada,Rice,RiceAEZ10,RiceAEZ10,1990,CH4_AWB,0
Canada,Rice,RiceAEZ11,RiceAEZ11,1990,CH4_AWB,0
Canada,Rice,RiceAEZ13,RiceAEZ13,1990,CH4_AWB,0
Canada,Rice,RiceAEZ14,RiceAEZ14,1990,CH4_AWB,0
Canada,Rice,RiceAEZ15,RiceAEZ15,1990,CH4_AWB,0
Canada,Rice,RiceAEZ16,RiceAEZ16,1990,CH4_AWB,0
Canada,Root_Tuber,Root_TuberAEZ07,Root_TuberAEZ07,1990,CH4_AWB,5.05132298688059e-05
Canada,Root_Tuber,Root_TuberAEZ08,Root_TuberAEZ08,1990,CH4_AWB,1.49067207511687e-05
Canada,Root_Tuber,Root_TuberAEZ09,Root_TuberAEZ09,1990,CH4_AWB,0.000146742886125453
Canada,Root_Tuber,Root_TuberAEZ10,Root_TuberAEZ10,1990,CH4_AWB,0.000128765088278124
Canada,Root_Tuber,Root_TuberAEZ11,Root_TuberAEZ11,1990,CH4_AWB,7.47222231160097e-06
Canada,Root_Tuber,Root_TuberAEZ13,Root_TuberAEZ13,1990,CH4_AWB,1.75950895677272e-06
Canada,Root_Tuber,Root_TuberAEZ14,Root_TuberAEZ14,1990,CH4_AWB,0
Canada,Root_Tuber,Root_TuberAEZ15,Root_TuberAEZ15,1990,CH4_AWB,2.33617746030122e-05
Canada,Root_Tuber,Root_TuberAEZ16,Root_TuberAEZ16,1990,CH4_AWB,1.39176153047032e-06
Canada,SugarCrop,SugarCropAEZ07,SugarCropAEZ07,1990,CH4_AWB,0
Canada,SugarCrop,SugarCropAEZ08,SugarCropAEZ08,1990,CH4_AWB,0
Canada,SugarCrop,SugarCropAEZ09,SugarCropAEZ09,1990,CH4_AWB,8.36078096939128e-05
Canada,SugarCrop,SugarCropAEZ10,SugarCropAEZ10,1990,CH4_AWB,2.47687348686151e-05
Canada,SugarCrop,SugarCropAEZ11,SugarCropAEZ11,1990,CH4_AWB,0
Canada,SugarCrop,SugarCropAEZ13,SugarCropAEZ13,1990,CH4_AWB,0
Canada,SugarCrop,SugarCropAEZ14,SugarCropAEZ14,1990,CH4_AWB,0
Canada,SugarCrop,SugarCropAEZ15,SugarCropAEZ15,1990,CH4_AWB,0
Canada,SugarCrop,SugarCropAEZ16,SugarCropAEZ16,1990,CH4_AWB,0
Canada,Wheat,WheatAEZ07,WheatAEZ07,1990,CH4_AWB,0.000811748095721823
Canada,Wheat,WheatAEZ08,WheatAEZ08,1990,CH4_AWB,0.0005484625734503
Canada,Wheat,WheatAEZ09,WheatAEZ09,1990,CH4_AWB,0.000639054616605533
Canada,Wheat,WheatAEZ10,WheatAEZ10,1990,CH4_AWB,0.000284423978152849
Canada,Wheat,WheatAEZ11,WheatAEZ11,1990,CH4_AWB,1.39621045733847e-07
Canada,Wheat,WheatAEZ13,WheatAEZ13,1990,CH4_AWB,0.000270312452073756
Canada,Wheat,WheatAEZ14,WheatAEZ14,1990,CH4_AWB,0.000137082726600267
Canada,Wheat,WheatAEZ15,WheatAEZ15,1990,CH4_AWB,0.000636728072628807
Canada,Wheat,WheatAEZ16,WheatAEZ16,1990,CH4_AWB,2.8245635826826e-05
Canada,Corn,CornAEZ07,CornAEZ07,1990,CO_AWB,3.26337128027713e-05
Canada,Corn,CornAEZ08,CornAEZ08,1990,CO_AWB,1.13803478827216e-05
Canada,Corn,CornAEZ09,CornAEZ09,1990,CO_AWB,0.00163043078720977
Canada,Corn,CornAEZ10,CornAEZ10,1990,CO_AWB,0.0339945838465722
Canada,Corn,CornAEZ11,CornAEZ11,1990,CO_AWB,2.44489063122841e-05
Canada,Corn,CornAEZ13,CornAEZ13,1990,CO_AWB,0
Canada,Corn,CornAEZ14,CornAEZ14,1990,CO_AWB,0
Canada,Corn,CornAEZ15,CornAEZ15,1990,CO_AWB,7.48540497822459e-05
Canada,Corn,CornAEZ16,CornAEZ16,1990,CO_AWB,1.51863582673404e-06
Canada,FiberCrop,FiberCropAEZ07,FiberCropAEZ07,1990,CO_AWB,8.44723462779456e-05
Canada,FiberCrop,FiberCropAEZ08,FiberCropAEZ08,1990,CO_AWB,6.99669938867829e-05
Canada,FiberCrop,FiberCropAEZ09,FiberCropAEZ09,1990,CO_AWB,4.34262407500124e-05
Canada,FiberCrop,FiberCropAEZ10,FiberCropAEZ10,1990,CO_AWB,1.96248885292197e-05
Canada,FiberCrop,FiberCropAEZ11,FiberCropAEZ11,1990,CO_AWB,0
Canada,FiberCrop,FiberCropAEZ13,FiberCropAEZ13,1990,CO_AWB,1.94901638940078e-05
Canada,FiberCrop,FiberCropAEZ14,FiberCropAEZ14,1990,CO_AWB,8.53256023009558e-06
Canada,FiberCrop,FiberCropAEZ15,FiberCropAEZ15,1990,CO_AWB,1.56729658963334e-05
Canada,FiberCrop,FiberCropAEZ16,FiberCropAEZ16,1990,CO_AWB,1.16761350517096e-06
Canada,FodderGrass,FodderGrassAEZ07,FodderGrassAEZ07,1990,CO_AWB,0
Canada,FodderGrass,FodderGrassAEZ08,FodderGrassAEZ08,1990,CO_AWB,0
Canada,FodderGrass,FodderGrassAEZ09,FodderGrassAEZ09,1990,CO_AWB,0
Canada,FodderGrass,FodderGrassAEZ10,FodderGrassAEZ10,1990,CO_AWB,0
Canada,FodderGrass,FodderGrassAEZ11,FodderGrassAEZ11,1990,CO_AWB,0
Canada,FodderGrass,FodderGrassAEZ13,FodderGrassAEZ13,1990,CO_AWB,0
Canada,FodderGrass,FodderGrassAEZ14,FodderGrassAEZ14,1990,CO_AWB,0
Canada,FodderGrass,FodderGrassAEZ15,FodderGrassAEZ15,1990,CO_AWB,0
Canada,FodderGrass,FodderGrassAEZ16,FodderGrassAEZ16,1990,CO_AWB,0
Canada,FodderHerb,FodderHerbAEZ07,FodderHerbAEZ07,1990,CO_AWB,0.00198474139714487
Canada,FodderHerb,FodderHerbAEZ08,FodderHerbAEZ08,1990,CO_AWB,0.00165575041942848
Canada,FodderHerb,FodderHerbAEZ09,FodderHerbAEZ09,1990,CO_AWB,0.00885154986343611
Canada,FodderHerb,FodderHerbAEZ10,FodderHerbAEZ10,1990,CO_AWB,0.0134346706979701
Canada,FodderHerb,FodderHerbAEZ11,FodderHerbAEZ11,1990,CO_AWB,4.23610105693607e-05
Canada,FodderHerb,FodderHerbAEZ13,FodderHerbAEZ13,1990,CO_AWB,0.000594254595369033
Canada,FodderHerb,FodderHerbAEZ14,FodderHerbAEZ14,1990,CO_AWB,0.000556688577803363
Canada,FodderHerb,FodderHerbAEZ15,FodderHerbAEZ15,1990,CO_AWB,0.0061467163140092
Canada,FodderHerb,FodderHerbAEZ16,FodderHerbAEZ16,1990,CO_AWB,0.000536040117941884
Canada,MiscCrop,MiscCropAEZ07,MiscCropAEZ07,1990,CO_AWB,0.0035338650173984
Canada,MiscCrop,MiscCropAEZ08,MiscCropAEZ08,1990,CO_AWB,0.00175546352794555
Canada,MiscCrop,MiscCropAEZ09,MiscCropAEZ09,1990,CO_AWB,0.00137422038516598
Canada,MiscCrop,MiscCropAEZ10,MiscCropAEZ10,1990,CO_AWB,0.00639136942763539
Canada,MiscCrop,MiscCropAEZ11,MiscCropAEZ11,1990,CO_AWB,0.000144629883609126
Canada,MiscCrop,MiscCropAEZ13,MiscCropAEZ13,1990,CO_AWB,0.00116853947149174
Canada,MiscCrop,MiscCropAEZ14,MiscCropAEZ14,1990,CO_AWB,0.00075259666697129
Canada,MiscCrop,MiscCropAEZ15,MiscCropAEZ15,1990,CO_AWB,0.00205548280327962
Canada,MiscCrop,MiscCropAEZ16,MiscCropAEZ16,1990,CO_AWB,5.53818640920076e-05
Canada,OilCrop,OilCropAEZ07,OilCropAEZ07,1990,CO_AWB,0.00293121838067738
Canada,OilCrop,OilCropAEZ08,OilCropAEZ08,1990,CO_AWB,0.00377862533129952
Canada,OilCrop,OilCropAEZ09,OilCropAEZ09,1990,CO_AWB,0.00688796712471267
Canada,OilCrop,OilCropAEZ10,OilCropAEZ10,1990,CO_AWB,0.00875323866823077
Canada,OilCrop,OilCropAEZ11,OilCropAEZ11,1990,CO_AWB,0
Canada,OilCrop,OilCropAEZ13,OilCropAEZ13,1990,CO_AWB,0.00111291832071663
Canada,OilCrop,OilCropAEZ14,OilCropAEZ14,1990,CO_AWB,0.00107727355318136
Canada,OilCrop,OilCropAEZ15,OilCropAEZ15,1990,CO_AWB,0.006987153490996
Canada,OilCrop,OilCropAEZ16,OilCropAEZ16,1990,CO_AWB,0.000289738126207202
Canada,OtherGrain,OtherGrainAEZ07,OtherGrainAEZ07,1990,CO_AWB,0.0110205224430959
Canada,OtherGrain,OtherGrainAEZ08,OtherGrainAEZ08,1990,CO_AWB,0.0133954520956919
Canada,OtherGrain,OtherGrainAEZ09,OtherGrainAEZ09,1990,CO_AWB,0.0187329637335032
Canada,OtherGrain,OtherGrainAEZ10,OtherGrainAEZ10,1990,CO_AWB,0.00815721429169752
Canada,OtherGrain,OtherGrainAEZ11,OtherGrainAEZ11,1990,CO_AWB,3.67263499545192e-06
Canada,OtherGrain,OtherGrainAEZ13,OtherGrainAEZ13,1990,CO_AWB,0.00412012277574852
Canada,OtherGrain,OtherGrainAEZ14,OtherGrainAEZ14,1990,CO_AWB,0.00359961256240428
Canada,OtherGrain,OtherGrainAEZ15,OtherGrainAEZ15,1990,CO_AWB,0.0246517351677076
Canada,OtherGrain,OtherGrainAEZ16,OtherGrainAEZ16,1990,CO_AWB,0.00104863205235552
Canada,PalmFruit,PalmFruitAEZ07,PalmFruitAEZ07,1990,CO_AWB,0
Canada,PalmFruit,PalmFruitAEZ08,PalmFruitAEZ08,1990,CO_AWB,0
Canada,PalmFruit,PalmFruitAEZ09,PalmFruitAEZ09,1990,CO_AWB,0
Canada,PalmFruit,PalmFruitAEZ10,PalmFruitAEZ10,1990,CO_AWB,0
Canada,PalmFruit,PalmFruitAEZ11,PalmFruitAEZ11,1990,CO_AWB,0
Canada,PalmFruit,PalmFruitAEZ13,PalmFruitAEZ13,1990,CO_AWB,0
Canada,PalmFruit,PalmFruitAEZ14,PalmFruitAEZ14,1990,CO_AWB,0
Canada,PalmFruit,PalmFruitAEZ15,PalmFruitAEZ15,1990,CO_AWB,0
Canada,PalmFruit,PalmFruitAEZ16,PalmFruitAEZ16,1990,CO_AWB,0
Canada,Rice,RiceAEZ07,RiceAEZ07,1990,CO_AWB,0
Canada,Rice,RiceAEZ08,RiceAEZ08,1990,CO_AWB,0
Canada,Rice,RiceAEZ09,RiceAEZ09,1990,CO_AWB,0
Canada,Rice,RiceAEZ10,RiceAEZ10,1990,CO_AWB,0
Canada,Rice,RiceAEZ11,RiceAEZ11,1990,CO_AWB,0
Canada,Rice,RiceAEZ13,RiceAEZ13,1990,CO_AWB,0
Canada,Rice,RiceAEZ14,RiceAEZ14,1990,CO_AWB,0
Canada,Rice,RiceAEZ15,RiceAEZ15,1990,CO_AWB,0
Canada,Rice,RiceAEZ16,RiceAEZ16,1990,CO_AWB,0
Canada,Root_Tuber,Root_TuberAEZ07,Root_TuberAEZ07,1990,CO_AWB,0.00220216313529107
Canada,Root_Tuber,Root_TuberAEZ08,Root_TuberAEZ08,1990,CO_AWB,0.000649869964592665
Canada,Root_Tuber,Root_TuberAEZ09,Root_TuberAEZ09,1990,CO_AWB,0.00639736906610379
Canada,Root_Tuber,Root_TuberAEZ10,Root_TuberAEZ10,1990,CO_AWB,0.00561361313174898
Canada,Root_Tuber,Root_TuberAEZ11,Root_TuberAEZ11,1990,CO_AWB,0.000325757282914684
Canada,Root_Tuber,Root_TuberAEZ13,Root_TuberAEZ13,1990,CO_AWB,7.67071472341572e-05
Canada,Root_Tuber,Root_TuberAEZ14,Root_TuberAEZ14,1990,CO_AWB,0
Canada,Root_Tuber,Root_TuberAEZ15,Root_TuberAEZ15,1990,CO_AWB,0.00101847454497268
Canada,Root_Tuber,Root_TuberAEZ16,Root_TuberAEZ16,1990,CO_AWB,6.06749151356624e-05
Canada,SugarCrop,SugarCropAEZ07,SugarCropAEZ07,1990,CO_AWB,0
Canada,SugarCrop,SugarCropAEZ08,SugarCropAEZ08,1990,CO_AWB,0
Canada,SugarCrop,SugarCropAEZ09,SugarCropAEZ09,1990,CO_AWB,0.00364494681509302
Canada,SugarCrop,SugarCropAEZ10,SugarCropAEZ10,1990,CO_AWB,0.00107981206066465
Canada,SugarCrop,SugarCropAEZ11,SugarCropAEZ11,1990,CO_AWB,0
Canada,SugarCrop,SugarCropAEZ13,SugarCropAEZ13,1990,CO_AWB,0
Canada,SugarCrop,SugarCropAEZ14,SugarCropAEZ14,1990,CO_AWB,0
Canada,SugarCrop,SugarCropAEZ15,SugarCropAEZ15,1990,CO_AWB,0
Canada,SugarCrop,SugarCropAEZ16,SugarCropAEZ16,1990,CO_AWB,0
Canada,Wheat,WheatAEZ07,WheatAEZ07,1990,CO_AWB,0.0353887830214802
Canada,Wheat,WheatAEZ08,WheatAEZ08,1990,CO_AWB,0.0239106480317346
Canada,Wheat,WheatAEZ09,WheatAEZ09,1990,CO_AWB,0.0278600778802177
Canada,Wheat,WheatAEZ10,WheatAEZ10,1990,CO_AWB,0.0123996822437963
Canada,Wheat,WheatAEZ11,WheatAEZ11,1990,CO_AWB,6.08688695267416e-06
Canada,Wheat,WheatAEZ13,WheatAEZ13,1990,CO_AWB,0.0117844794029804
Canada,Wheat,WheatAEZ14,WheatAEZ14,1990,CO_AWB,0.00597622697634535
Canada,Wheat,WheatAEZ15,WheatAEZ15,1990,CO_AWB,0.0277586504048516
Canada,Wheat,WheatAEZ16,WheatAEZ16,1990,CO_AWB,0.00123139023404847
Canada,Corn,CornAEZ07,CornAEZ07,1990,N2O_AWB,1.94394892976077e-08
Canada,Corn,CornAEZ08,CornAEZ08,1990,N2O_AWB,6.77912906221423e-09
Canada,Corn,CornAEZ09,CornAEZ09,1990,N2O_AWB,9.71226964887763e-07
Canada,Corn,CornAEZ10,CornAEZ10,1990,N2O_AWB,2.02501429382546e-05
Canada,Corn,CornAEZ11,CornAEZ11,1990,N2O_AWB,1.45639037601477e-08
Canada,Corn,CornAEZ13,CornAEZ13,1990,N2O_AWB,0
Canada,Corn,CornAEZ14,CornAEZ14,1990,N2O_AWB,0
Canada,Corn,CornAEZ15,CornAEZ15,1990,N2O_AWB,4.4589609169478e-08
Canada,Corn,CornAEZ16,CornAEZ16,1990,N2O_AWB,9.0463212320276e-10
Canada,FiberCrop,FiberCropAEZ07,FiberCropAEZ07,1990,N2O_AWB,5.03191065429271e-08
Canada,FiberCrop,FiberCropAEZ08,FiberCropAEZ08,1990,N2O_AWB,4.16784518840405e-08
Canada,FiberCrop,FiberCropAEZ09,FiberCropAEZ09,1990,N2O_AWB,2.58684614710317e-08
Canada,FiberCrop,FiberCropAEZ10,FiberCropAEZ10,1990,N2O_AWB,1.169029747967e-08
Canada,FiberCrop,FiberCropAEZ11,FiberCropAEZ11,1990,N2O_AWB,0
Canada,FiberCrop,FiberCropAEZ13,FiberCropAEZ13,1990,N2O_AWB,1.16100437212283e-08
Canada,FiberCrop,FiberCropAEZ14,FiberCropAEZ14,1990,N2O_AWB,5.08273803463915e-09
Canada,FiberCrop,FiberCropAEZ15,FiberCropAEZ15,1990,N2O_AWB,9.33618723204764e-09
Canada,FiberCrop,FiberCropAEZ16,FiberCropAEZ16,1990,N2O_AWB,6.9553257316114e-10
Canada,FodderGrass,FodderGrassAEZ07,FodderGrassAEZ07,1990,N2O_AWB,0
Canada,FodderGrass,FodderGrassAEZ08,FodderGrassAEZ08,1990,N2O_AWB,0
Canada,FodderGrass,FodderGrassAEZ09,FodderGrassAEZ09,1990,N2O_AWB,0
Canada,FodderGrass,FodderGrassAEZ10,FodderGrassAEZ10,1990,N2O_AWB,0
Canada,FodderGrass,FodderGrassAEZ11,FodderGrassAEZ11,1990,N2O_AWB,0
Canada,FodderGrass,FodderGrassAEZ13,FodderGrassAEZ13,1990,N2O_AWB,0
Canada,FodderGrass,FodderGrassAEZ14,FodderGrassAEZ14,1990,N2O_AWB,0
Canada,FodderGrass,FodderGrassAEZ15,FodderGrassAEZ15,1990,N2O_AWB,0
Canada,FodderGrass,FodderGrassAEZ16,FodderGrassAEZ16,1990,N2O_AWB,0
Canada,FodderHerb,FodderHerbAEZ07,FodderHerbAEZ07,1990,N2O_AWB,1.18228530665503e-06
Canada,FodderHerb,FodderHerbAEZ08,FodderHerbAEZ08,1990,N2O_AWB,9.86309549039606e-07
Canada,FodderHerb,FodderHerbAEZ09,FodderHerbAEZ09,1990,N2O_AWB,5.27275611811154e-06
Canada,FodderHerb,FodderHerbAEZ10,FodderHerbAEZ10,1990,N2O_AWB,8.00286313814393e-06
Canada,FodderHerb,FodderHerbAEZ11,FodderHerbAEZ11,1990,N2O_AWB,2.52339173472472e-08
Canada,FodderHerb,FodderHerbAEZ13,FodderHerbAEZ13,1990,N2O_AWB,3.53989934168616e-07
Canada,FodderHerb,FodderHerbAEZ14,FodderHerbAEZ14,1990,N2O_AWB,3.31612333408473e-07
Canada,FodderHerb,FodderHerbAEZ15,FodderHerbAEZ15,1990,N2O_AWB,3.66152103880332e-06
Canada,FodderHerb,FodderHerbAEZ16,FodderHerbAEZ16,1990,N2O_AWB,3.19312307453252e-07
Canada,MiscCrop,MiscCropAEZ07,MiscCropAEZ07,1990,N2O_AWB,2.10507862222384e-06
Canada,MiscCrop,MiscCropAEZ08,MiscCropAEZ08,1990,N2O_AWB,1.04570738457134e-06
Canada,MiscCrop,MiscCropAEZ09,MiscCropAEZ09,1990,N2O_AWB,8.18605674182429e-07
Canada,MiscCrop,MiscCropAEZ10,MiscCropAEZ10,1990,N2O_AWB,3.80725779921138e-06
Canada,MiscCrop,MiscCropAEZ11,MiscCropAEZ11,1990,N2O_AWB,8.61541894275387e-08
Canada,MiscCrop,MiscCropAEZ13,MiscCropAEZ13,1990,N2O_AWB,6.96084159567853e-07
Canada,MiscCrop,MiscCropAEZ14,MiscCropAEZ14,1990,N2O_AWB,4.48312300271307e-07
Canada,MiscCrop,MiscCropAEZ15,MiscCropAEZ15,1990,N2O_AWB,1.22442506610457e-06
Canada,MiscCrop,MiscCropAEZ16,MiscCropAEZ16,1990,N2O_AWB,3.29902748364789e-08
Canada,OilCrop,OilCropAEZ07,OilCropAEZ07,1990,N2O_AWB,1.74608965533612e-06
Canada,OilCrop,OilCropAEZ08,OilCropAEZ08,1990,N2O_AWB,2.25087924047761e-06
Canada,OilCrop,OilCropAEZ09,OilCropAEZ09,1990,N2O_AWB,4.10307475623046e-06
Canada,OilCrop,OilCropAEZ10,OilCropAEZ10,1990,N2O_AWB,5.21419338457952e-06
Canada,OilCrop,OilCropAEZ11,OilCropAEZ11,1990,N2O_AWB,0
Canada,OilCrop,OilCropAEZ13,OilCropAEZ13,1990,N2O_AWB,6.62951344685646e-07
Canada,OilCrop,OilCropAEZ14,OilCropAEZ14,1990,N2O_AWB,6.41718208229331e-07
Canada,OilCrop,OilCropAEZ15,OilCropAEZ15,1990,N2O_AWB,4.16215881808657e-06
Canada,OilCrop,OilCropAEZ16,OilCropAEZ16,1990,N2O_AWB,1.72593331244721e-07
Canada,OtherGrain,OtherGrainAEZ07,OtherGrainAEZ07,1990,N2O_AWB,6.56478560626467e-06
Canada,OtherGrain,OtherGrainAEZ08,OtherGrainAEZ08,1990,N2O_AWB,7.9795011136062e-06
Canada,OtherGrain,OtherGrainAEZ09,OtherGrainAEZ09,1990,N2O_AWB,1.11589891781785e-05
Canada,OtherGrain,OtherGrainAEZ10,OtherGrainAEZ10,1990,N2O_AWB,4.85914921419178e-06
Canada,OtherGrain,OtherGrainAEZ11,OtherGrainAEZ11,1990,N2O_AWB,2.18774214014791e-09
Canada,OtherGrain,OtherGrainAEZ13,OtherGrainAEZ13,1990,N2O_AWB,2.45430494188793e-06
Canada,OtherGrain,OtherGrainAEZ14,OtherGrainAEZ14,1990,N2O_AWB,2.14424360186347e-06
Canada,OtherGrain,OtherGrainAEZ15,OtherGrainAEZ15,1990,N2O_AWB,1.46847263397935e-05
Canada,OtherGrain,OtherGrainAEZ16,OtherGrainAEZ16,1990,N2O_AWB,6.24656829031185e-07
Canada,PalmFruit,PalmFruitAEZ07,PalmFruitAEZ07,1990,N2O_AWB,0
Canada,PalmFruit,PalmFruitAEZ08,PalmFruitAEZ08,1990,N2O_AWB,0
Canada,PalmFruit,PalmFruitAEZ09,PalmFruitAEZ09,1990,N2O_AWB,0
Canada,PalmFruit,PalmFruitAEZ10,PalmFruitAEZ10,1990,N2O_AWB,0
Canada,PalmFruit,PalmFruitAEZ11,PalmFruitAEZ11,1990,N2O_AWB,0
Canada,PalmFruit,PalmFruitAEZ13,PalmFruitAEZ13,1990,N2O_AWB,0
Canada,PalmFruit,PalmFruitAEZ14,PalmFruitAEZ14,1990,N2O_AWB,0
Canada,PalmFruit,PalmFruitAEZ15,PalmFruitAEZ15,1990,N2O_AWB,0
Canada,PalmFruit,PalmFruitAEZ16,PalmFruitAEZ16,1990,N2O_AWB,0
Canada,Rice,RiceAEZ07,RiceAEZ07,1990,N2O_AWB,0
Canada,Rice,RiceAEZ08,RiceAEZ08,1990,N2O_AWB,0
Canada,Rice,RiceAEZ09,RiceAEZ09,1990,N2O_AWB,0
Canada,Rice,RiceAEZ10,RiceAEZ10,1990,N2O_AWB,0
Canada,Rice,RiceAEZ11,RiceAEZ11,1990,N2O_AWB,0
Canada,Rice,RiceAEZ13,RiceAEZ13,1990,N2O_AWB,0
Canada,Rice,RiceAEZ14,RiceAEZ14,1990,N2O_AWB,0
Canada,Rice,RiceAEZ15,RiceAEZ15,1990,N2O_AWB,0
Canada,Rice,RiceAEZ16,RiceAEZ16,1990,N2O_AWB,0
Canada,Root_Tuber,Root_TuberAEZ07,Root_TuberAEZ07,1990,N2O_AWB,1.31180068166934e-06
Canada,Root_Tuber,Root_TuberAEZ08,Root_TuberAEZ08,1990,N2O_AWB,3.87119305053852e-07
Canada,Root_Tuber,Root_TuberAEZ09,Root_TuberAEZ09,1990,N2O_AWB,3.8108317078408e-06
Canada,Root_Tuber,Root_TuberAEZ10,Root_TuberAEZ10,1990,N2O_AWB,3.34395822672918e-06
Canada,Root_Tuber,Root_TuberAEZ11,Root_TuberAEZ11,1990,N2O_AWB,1.94049486587992e-07
Canada,Root_Tuber,Root_TuberAEZ13,Root_TuberAEZ13,1990,N2O_AWB,4.56934758456839e-08
Canada,Root_Tuber,Root_TuberAEZ14,Root_TuberAEZ14,1990,N2O_AWB,0
Canada,Root_Tuber,Root_TuberAEZ15,Root_TuberAEZ15,1990,N2O_AWB,6.06692383932514e-07
Canada,Root_Tuber,Root_TuberAEZ16,Root_TuberAEZ16,1990,N2O_AWB,3.61432782883596e-08
Canada,SugarCrop,SugarCropAEZ07,SugarCropAEZ07,1990,N2O_AWB,0
Canada,SugarCrop,SugarCropAEZ08,SugarCropAEZ08,1990,N2O_AWB,0
Canada,SugarCrop,SugarCropAEZ09,SugarCropAEZ09,1990,N2O_AWB,2.17124864187482e-06
Canada,SugarCrop,SugarCropAEZ10,SugarCropAEZ10,1990,N2O_AWB,6.43230364978135e-07
Canada,SugarCrop,SugarCropAEZ11,SugarCropAEZ11,1990,N2O_AWB,0
Canada,SugarCrop,SugarCropAEZ13,SugarCropAEZ13,1990,N2O_AWB,0
Canada,SugarCrop,SugarCropAEZ14,SugarCropAEZ14,1990,N2O_AWB,0
Canada,SugarCrop,SugarCropAEZ15,SugarCropAEZ15,1990,N2O_AWB,0
Canada,SugarCrop,SugarCropAEZ16,SugarCropAEZ16,1990,N2O_AWB,0
Canada,Wheat,WheatAEZ07,WheatAEZ07,1990,N2O_AWB,2.10806497243858e-05
Canada,Wheat,WheatAEZ08,WheatAEZ08,1990,N2O_AWB,1.42432701213298e-05
Canada,Wheat,WheatAEZ09,WheatAEZ09,1990,N2O_AWB,1.65958954488628e-05
Canada,Wheat,WheatAEZ10,WheatAEZ10,1990,N2O_AWB,7.38633362770618e-06
Canada,Wheat,WheatAEZ11,WheatAEZ11,1990,N2O_AWB,3.62588144620213e-09
Canada,Wheat,WheatAEZ13,WheatAEZ13,1990,N2O_AWB,7.01986508910694e-06
Canada,Wheat,WheatAEZ14,WheatAEZ14,1990,N2O_AWB,3.55996270019494e-06
Canada,Wheat,WheatAEZ15,WheatAEZ15,1990,N2O_AWB,1.65354763867175e-05
Canada,Wheat,WheatAEZ16,WheatAEZ16,1990,N2O_AWB,7.335235626003e-07
Canada,Corn,CornAEZ07,CornAEZ07,1990,NH3_AWB,3.60642109141139e-07
Canada,Corn,CornAEZ08,CornAEZ08,1990,NH3_AWB,1.25766647760535e-07
Canada,Corn,CornAEZ09,CornAEZ09,1990,NH3_AWB,1.8018237810135e-05
Canada,Corn,CornAEZ10,CornAEZ10,1990,NH3_AWB,0.000375681384827348
Canada,Corn,CornAEZ11,CornAEZ11,1990,NH3_AWB,2.70190069758396e-07
Canada,Corn,CornAEZ13,CornAEZ13,1990,NH3_AWB,0
Canada,Corn,CornAEZ14,CornAEZ14,1990,NH3_AWB,0
Canada,Corn,CornAEZ15,CornAEZ15,1990,NH3_AWB,8.27228043415655e-07
Canada,Corn,CornAEZ16,CornAEZ16,1990,NH3_AWB,1.67827678965218e-08
Canada,FiberCrop,FiberCropAEZ07,FiberCropAEZ07,1990,NH3_AWB,9.33521886090503e-07
Canada,FiberCrop,FiberCropAEZ08,FiberCropAEZ08,1990,NH3_AWB,7.73220148074959e-07
Canada,FiberCrop,FiberCropAEZ09,FiberCropAEZ09,1990,NH3_AWB,4.79912633625474e-07
Canada,FiberCrop,FiberCropAEZ10,FiberCropAEZ10,1990,NH3_AWB,2.16878822021027e-07
Canada,FiberCrop,FiberCropAEZ11,FiberCropAEZ11,1990,NH3_AWB,0
Canada,FiberCrop,FiberCropAEZ13,FiberCropAEZ13,1990,NH3_AWB,2.15389951389304e-07
Canada,FiberCrop,FiberCropAEZ14,FiberCropAEZ14,1990,NH3_AWB,9.42951400091425e-08
Canada,FiberCrop,FiberCropAEZ15,FiberCropAEZ15,1990,NH3_AWB,1.73205283490477e-07
Canada,FiberCrop,FiberCropAEZ16,FiberCropAEZ16,1990,NH3_AWB,1.29035454749352e-08
Canada,FodderGrass,FodderGrassAEZ07,FodderGrassAEZ07,1990,NH3_AWB,0
Canada,FodderGrass,FodderGrassAEZ08,FodderGrassAEZ08,1990,NH3_AWB,0
Canada,FodderGrass,FodderGrassAEZ09,FodderGrassAEZ09,1990,NH3_AWB,0
Canada,FodderGrass,FodderGrassAEZ10,FodderGrassAEZ10,1990,NH3_AWB,0
Canada,FodderGrass,FodderGrassAEZ11,FodderGrassAEZ11,1990,NH3_AWB,0
Canada,FodderGrass,FodderGrassAEZ13,FodderGrassAEZ13,1990,NH3_AWB,0
Canada,FodderGrass,FodderGrassAEZ14,FodderGrassAEZ14,1990,NH3_AWB,0
Canada,FodderGrass,FodderGrassAEZ15,FodderGrassAEZ15,1990,NH3_AWB,0
Canada,FodderGrass,FodderGrassAEZ16,FodderGrassAEZ16,1990,NH3_AWB,0
Canada,FodderHerb,FodderHerbAEZ07,FodderHerbAEZ07,1990,NH3_AWB,2.19337998067223e-05
Canada,FodderHerb,FodderHerbAEZ08,FodderHerbAEZ08,1990,NH3_AWB,1.82980504572959e-05
Canada,FodderHerb,FodderHerbAEZ09,FodderHerbAEZ09,1990,NH3_AWB,9.78203623722049e-05
Canada,FodderHerb,FodderHerbAEZ10,FodderHerbAEZ10,1990,NH3_AWB,0.000148469406635249
Canada,FodderHerb,FodderHerbAEZ11,FodderHerbAEZ11,1990,NH3_AWB,4.68140548071102e-07
Canada,FodderHerb,FodderHerbAEZ13,FodderHerbAEZ13,1990,NH3_AWB,6.56723407281142e-06
Canada,FodderHerb,FodderHerbAEZ14,FodderHerbAEZ14,1990,NH3_AWB,6.15208401346035e-06
Canada,FodderHerb,FodderHerbAEZ15,FodderHerbAEZ15,1990,NH3_AWB,6.79286708556273e-05
Canada,FodderHerb,FodderHerbAEZ16,FodderHerbAEZ16,1990,NH3_AWB,5.92389348668929e-06
Canada,MiscCrop,MiscCropAEZ07,MiscCropAEZ07,1990,NH3_AWB,3.90534948014378e-05
Canada,MiscCrop,MiscCropAEZ08,MiscCropAEZ08,1990,NH3_AWB,1.94000012522284e-05
Canada,MiscCrop,MiscCropAEZ09,MiscCropAEZ09,1990,NH3_AWB,1.5186802100217e-05
Canada,MiscCrop,MiscCropAEZ10,MiscCropAEZ10,1990,NH3_AWB,7.06323845102564e-05
Canada,MiscCrop,MiscCropAEZ11,MiscCropAEZ11,1990,NH3_AWB,1.59833564096339e-06
Canada,MiscCrop,MiscCropAEZ13,MiscCropAEZ13,1990,NH3_AWB,1.29137785259195e-05
Canada,MiscCrop,MiscCropAEZ14,MiscCropAEZ14,1990,NH3_AWB,8.31710602313285e-06
Canada,MiscCrop,MiscCropAEZ15,MiscCropAEZ15,1990,NH3_AWB,2.27155781494514e-05
Canada,MiscCrop,MiscCropAEZ16,MiscCropAEZ16,1990,NH3_AWB,6.12036772984451e-07
Canada,OilCrop,OilCropAEZ07,OilCropAEZ07,1990,NH3_AWB,3.2393518492661e-05
Canada,OilCrop,OilCropAEZ08,OilCropAEZ08,1990,NH3_AWB,4.17583931491321e-05
Canada,OilCrop,OilCropAEZ09,OilCropAEZ09,1990,NH3_AWB,7.61203914051805e-05
Canada,OilCrop,OilCropAEZ10,OilCropAEZ10,1990,NH3_AWB,9.6733904419801e-05
Canada,OilCrop,OilCropAEZ11,OilCropAEZ11,1990,NH3_AWB,0
Canada,OilCrop,OilCropAEZ13,OilCropAEZ13,1990,NH3_AWB,1.22990973448468e-05
Canada,OilCrop,OilCropAEZ14,OilCropAEZ14,1990,NH3_AWB,1.19051794286889e-05
Canada,OilCrop,OilCropAEZ15,OilCropAEZ15,1990,NH3_AWB,7.72165210595245e-05
Canada,OilCrop,OilCropAEZ16,OilCropAEZ16,1990,NH3_AWB,3.20195772897447e-06
Canada,OtherGrain,OtherGrainAEZ07,OtherGrainAEZ07,1990,NH3_AWB,0.00012179014020672
Canada,OtherGrain,OtherGrainAEZ08,OtherGrainAEZ08,1990,NH3_AWB,0.000148035993510341
Canada,OtherGrain,OtherGrainAEZ09,OtherGrainAEZ09,1990,NH3_AWB,0.000207021971178877
Canada,OtherGrain,OtherGrainAEZ10,OtherGrainAEZ10,1990,NH3_AWB,9.01471121184901e-05
Canada,OtherGrain,OtherGrainAEZ11,OtherGrainAEZ11,1990,NH3_AWB,4.05870713783096e-08
Canada,OtherGrain,OtherGrainAEZ13,OtherGrainAEZ13,1990,NH3_AWB,4.55323541255227e-05
Canada,OtherGrain,OtherGrainAEZ14,OtherGrainAEZ14,1990,NH3_AWB,3.97800849214489e-05
Canada,OtherGrain,OtherGrainAEZ15,OtherGrainAEZ15,1990,NH3_AWB,0.000272431574629653
Canada,OtherGrain,OtherGrainAEZ16,OtherGrainAEZ16,1990,NH3_AWB,1.15886561041985e-05
Canada,PalmFruit,PalmFruitAEZ07,PalmFruitAEZ07,1990,NH3_AWB,0
Canada,PalmFruit,PalmFruitAEZ08,PalmFruitAEZ08,1990,NH3_AWB,0
Canada,PalmFruit,PalmFruitAEZ09,PalmFruitAEZ09,1990,NH3_AWB,0
Canada,PalmFruit,PalmFruitAEZ10,PalmFruitAEZ10,1990,NH3_AWB,0
Canada,PalmFruit,PalmFruitAEZ11,PalmFruitAEZ11,1990,NH3_AWB,0
Canada,PalmFruit,PalmFruitAEZ13,PalmFruitAEZ13,1990,NH3_AWB,0
Canada,PalmFruit,PalmFruitAEZ14,PalmFruitAEZ14,1990,NH3_AWB,0
Canada,PalmFruit,PalmFruitAEZ15,PalmFruitAEZ15,1990,NH3_AWB,0
Canada,PalmFruit,PalmFruitAEZ16,PalmFruitAEZ16,1990,NH3_AWB,0
Canada,Rice,RiceAEZ07,RiceAEZ07,1990,NH3_AWB,0
Canada,Rice,RiceAEZ08,RiceAEZ08,1990,NH3_AWB,0
Canada,Rice,RiceAEZ09,RiceAEZ09,1990,NH3_AWB,0
Canada,Rice,RiceAEZ10,RiceAEZ10,1990,NH3_AWB,0
Canada,Rice,RiceAEZ11,RiceAEZ11,1990,NH3_AWB,0
Canada,Rice,RiceAEZ13,RiceAEZ13,1990,NH3_AWB,0
Canada,Rice,RiceAEZ14,RiceAEZ14,1990,NH3_AWB,0
Canada,Rice,RiceAEZ15,RiceAEZ15,1990,NH3_AWB,0
Canada,Rice,RiceAEZ16,RiceAEZ16,1990,NH3_AWB,0
Canada,Root_Tuber,Root_TuberAEZ07,Root_TuberAEZ07,1990,NH3_AWB,2.43365737323271e-05
Canada,Root_Tuber,Root_TuberAEZ08,Root_TuberAEZ08,1990,NH3_AWB,7.18185136072756e-06
Canada,Root_Tuber,Root_TuberAEZ09,Root_TuberAEZ09,1990,NH3_AWB,7.06986877925216e-05
Canada,Root_Tuber,Root_TuberAEZ10,Root_TuberAEZ10,1990,NH3_AWB,6.20372340705413e-05
Canada,Root_Tuber,Root_TuberAEZ11,Root_TuberAEZ11,1990,NH3_AWB,3.60001309959624e-06
Canada,Root_Tuber,Root_TuberAEZ13,Root_TuberAEZ13,1990,NH3_AWB,8.47707017951602e-07
Canada,Root_Tuber,Root_TuberAEZ14,Root_TuberAEZ14,1990,NH3_AWB,0
Canada,Root_Tuber,Root_TuberAEZ15,Root_TuberAEZ15,1990,NH3_AWB,1.12553790684313e-05
Canada,Root_Tuber,Root_TuberAEZ16,Root_TuberAEZ16,1990,NH3_AWB,6.70531407159612e-07
Canada,SugarCrop,SugarCropAEZ07,SugarCropAEZ07,1990,NH3_AWB,0
Canada,SugarCrop,SugarCropAEZ08,SugarCropAEZ08,1990,NH3_AWB,0
Canada,SugarCrop,SugarCropAEZ09,SugarCropAEZ09,1990,NH3_AWB,4.02810834012976e-05
Canada,SugarCrop,SugarCropAEZ10,SugarCropAEZ10,1990,NH3_AWB,1.19332330154315e-05
Canada,SugarCrop,SugarCropAEZ11,SugarCropAEZ11,1990,NH3_AWB,0
Canada,SugarCrop,SugarCropAEZ13,SugarCropAEZ13,1990,NH3_AWB,0
Canada,SugarCrop,SugarCropAEZ14,SugarCropAEZ14,1990,NH3_AWB,0
Canada,SugarCrop,SugarCropAEZ15,SugarCropAEZ15,1990,NH3_AWB,0
Canada,SugarCrop,SugarCropAEZ16,SugarCropAEZ16,1990,NH3_AWB,0
Canada,Wheat,WheatAEZ07,WheatAEZ07,1990,NH3_AWB,0.000391088976787247
Canada,Wheat,WheatAEZ08,WheatAEZ08,1990,NH3_AWB,0.000264241662884398
Canada,Wheat,WheatAEZ09,WheatAEZ09,1990,NH3_AWB,0.0003078876531237
Canada,Wheat,WheatAEZ10,WheatAEZ10,1990,NH3_AWB,0.000137031528839798
Canada,Wheat,WheatAEZ11,WheatAEZ11,1990,NH3_AWB,6.72674838435689e-08
Canada,Wheat,WheatAEZ13,WheatAEZ13,1990,NH3_AWB,0.000130232791245875
Canada,Wheat,WheatAEZ14,WheatAEZ14,1990,NH3_AWB,6.60445568814446e-05
Canada,Wheat,WheatAEZ15,WheatAEZ15,1990,NH3_AWB,0.000306766756495665
Canada,Wheat,WheatAEZ16,WheatAEZ16,1990,NH3_AWB,1.36083556862499e-05
Canada,Corn,CornAEZ07,CornAEZ07,1990,NMVOC_AWB,1.94394892976077e-06
Canada,Corn,CornAEZ08,CornAEZ08,1990,NMVOC_AWB,6.77912906221423e-07
Canada,Corn,CornAEZ09,CornAEZ09,1990,NMVOC_AWB,9.71226964887763e-05
Canada,Corn,CornAEZ10,CornAEZ10,1990,NMVOC_AWB,0.00202501429382546
Canada,Corn,CornAEZ11,CornAEZ11,1990,NMVOC_AWB,1.45639037601477e-06
Canada,Corn,CornAEZ13,CornAEZ13,1990,NMVOC_AWB,0
Canada,Corn,CornAEZ14,CornAEZ14,1990,NMVOC_AWB,0
Canada,Corn,CornAEZ15,CornAEZ15,1990,NMVOC_AWB,4.4589609169478e-06
Canada,Corn,CornAEZ16,CornAEZ16,1990,NMVOC_AWB,9.0463212320276e-08
Canada,FiberCrop,FiberCropAEZ07,FiberCropAEZ07,1990,NMVOC_AWB,5.03191065429271e-06
Canada,FiberCrop,FiberCropAEZ08,FiberCropAEZ08,1990,NMVOC_AWB,4.16784518840405e-06
Canada,FiberCrop,FiberCropAEZ09,FiberCropAEZ09,1990,NMVOC_AWB,2.58684614710317e-06
Canada,FiberCrop,FiberCropAEZ10,FiberCropAEZ10,1990,NMVOC_AWB,1.169029747967e-06
Canada,FiberCrop,FiberCropAEZ11,FiberCropAEZ11,1990,NMVOC_AWB,0
Canada,FiberCrop,FiberCropAEZ13,FiberCropAEZ13,1990,NMVOC_AWB,1.16100437212283e-06
Canada,FiberCrop,FiberCropAEZ14,FiberCropAEZ14,1990,NMVOC_AWB,5.08273803463915e-07
Canada,FiberCrop,FiberCropAEZ15,FiberCropAEZ15,1990,NMVOC_AWB,9.33618723204764e-07
Canada,FiberCrop,FiberCropAEZ16,FiberCropAEZ16,1990,NMVOC_AWB,6.9553257316114e-08
Canada,FodderGrass,FodderGrassAEZ07,FodderGrassAEZ07,1990,NMVOC_AWB,0
Canada,FodderGrass,FodderGrassAEZ08,FodderGrassAEZ08,1990,NMVOC_AWB,0
Canada,FodderGrass,FodderGrassAEZ09,FodderGrassAEZ09,1990,NMVOC_AWB,0
Canada,FodderGrass,FodderGrassAEZ10,FodderGrassAEZ10,1990,NMVOC_AWB,0
Canada,FodderGrass,FodderGrassAEZ11,FodderGrassAEZ11,1990,NMVOC_AWB,0
Canada,FodderGrass,FodderGrassAEZ13,FodderGrassAEZ13,1990,NMVOC_AWB,0
Canada,FodderGrass,FodderGrassAEZ14,FodderGrassAEZ14,1990,NMVOC_AWB,0
Canada,FodderGrass,FodderGrassAEZ15,FodderGrassAEZ15,1990,NMVOC_AWB,0
Canada,FodderGrass,FodderGrassAEZ16,FodderGrassAEZ16,1990,NMVOC_AWB,0
Canada,FodderHerb,FodderHerbAEZ07,FodderHerbAEZ07,1990,NMVOC_AWB,0.000118228530665503
Canada,FodderHerb,FodderHerbAEZ08,FodderHerbAEZ08,1990,NMVOC_AWB,9.86309549039606e-05
Canada,FodderHerb,FodderHerbAEZ09,FodderHerbAEZ09,1990,NMVOC_AWB,0.000527275611811154
Canada,FodderHerb,FodderHerbAEZ10,FodderHerbAEZ10,1990,NMVOC_AWB,0.000800286313814393
Canada,FodderHerb,FodderHerbAEZ11,FodderHerbAEZ11,1990,NMVOC_AWB,2.52339173472472e-06
Canada,FodderHerb,FodderHerbAEZ13,FodderHerbAEZ13,1990,NMVOC_AWB,3.53989934168616e-05
Canada,FodderHerb,FodderHerbAEZ14,FodderHerbAEZ14,1990,NMVOC_AWB,3.31612333408473e-05
Canada,FodderHerb,FodderHerbAEZ15,FodderHerbAEZ15,1990,NMVOC_AWB,0.000366152103880332
Canada,FodderHerb,FodderHerbAEZ16,FodderHerbAEZ16,1990,NMVOC_AWB,3.19312307453252e-05
Canada,MiscCrop,MiscCropAEZ07,MiscCropAEZ07,1990,NMVOC_AWB,0.000210507862222384
Canada,MiscCrop,MiscCropAEZ08,MiscCropAEZ08,1990,NMVOC_AWB,0.000104570738457134
Canada,MiscCrop,MiscCropAEZ09,MiscCropAEZ09,1990,NMVOC_AWB,8.18605674182429e-05
Canada,MiscCrop,MiscCropAEZ10,MiscCropAEZ10,1990,NMVOC_AWB,0.000380725779921138
Canada,MiscCrop,MiscCropAEZ11,MiscCropAEZ11,1990,NMVOC_AWB,8.61541894275387e-06
Canada,MiscCrop,MiscCropAEZ13,MiscCropAEZ13,1990,NMVOC_AWB,6.96084159567853e-05
Canada,MiscCrop,MiscCropAEZ14,MiscCropAEZ14,1990,NMVOC_AWB,4.48312300271307e-05
Canada,MiscCrop,MiscCropAEZ15,MiscCropAEZ15,1990,NMVOC_AWB,0.000122442506610457
Canada,MiscCrop,MiscCropAEZ16,MiscCropAEZ16,1990,NMVOC_AWB,3.29902748364789e-06
Canada,OilCrop,OilCropAEZ07,OilCropAEZ07,1990,NMVOC_AWB,0.000174608965533612
Canada,OilCrop,OilCropAEZ08,OilCropAEZ08,1990,NMVOC_AWB,0.000225087924047761
Canada,OilCrop,OilCropAEZ09,OilCropAEZ09,1990,NMVOC_AWB,0.000410307475623046
Canada,OilCrop,OilCropAEZ10,OilCropAEZ10,1990,NMVOC_AWB,0.000521419338457952
Canada,OilCrop,OilCropAEZ11,OilCropAEZ11,1990,NMVOC_AWB,0
Canada,OilCrop,OilCropAEZ13,OilCropAEZ13,1990,NMVOC_AWB,6.62951344685646e-05
Canada,OilCrop,OilCropAEZ14,OilCropAEZ14,1990,NMVOC_AWB,6.41718208229331e-05
Canada,OilCrop,OilCropAEZ15,OilCropAEZ15,1990,NMVOC_AWB,0.000416215881808657
Canada,OilCrop,OilCropAEZ16,OilCropAEZ16,1990,NMVOC_AWB,1.72593331244721e-05
Canada,OtherGrain,OtherGrainAEZ07,OtherGrainAEZ07,1990,NMVOC_AWB,0.000656478560626467
Canada,OtherGrain,OtherGrainAEZ08,OtherGrainAEZ08,1990,NMVOC_AWB,0.00079795011136062
Canada,OtherGrain,OtherGrainAEZ09,OtherGrainAEZ09,1990,NMVOC_AWB,0.00111589891781785
Canada,OtherGrain,OtherGrainAEZ10,OtherGrainAEZ10,1990,NMVOC_AWB,0.000485914921419178
Canada,OtherGrain,OtherGrainAEZ11,OtherGrainAEZ11,1990,NMVOC_AWB,2.18774214014791e-07
Canada,OtherGrain,OtherGrainAEZ13,OtherGrainAEZ13,1990,NMVOC_AWB,0.000245430494188793
Canada,OtherGrain,OtherGrainAEZ14,OtherGrainAEZ14,1990,NMVOC_AWB,0.000214424360186347
Canada,OtherGrain,OtherGrainAEZ15,OtherGrainAEZ15,1990,NMVOC_AWB,0.00146847263397935
Canada,OtherGrain,OtherGrainAEZ16,OtherGrainAEZ16,1990,NMVOC_AWB,6.24656829031186e-05
Canada,PalmFruit,PalmFruitAEZ07,PalmFruitAEZ07,1990,NMVOC_AWB,0
Canada,PalmFruit,PalmFruitAEZ08,PalmFruitAEZ08,1990,NMVOC_AWB,0
Canada,PalmFruit,PalmFruitAEZ09,PalmFruitAEZ09,1990,NMVOC_AWB,0
Canada,PalmFruit,PalmFruitAEZ10,PalmFruitAEZ10,1990,NMVOC_AWB,0
Canada,PalmFruit,PalmFruitAEZ11,PalmFruitAEZ11,1990,NMVOC_AWB,0
Canada,PalmFruit,PalmFruitAEZ13,PalmFruitAEZ13,1990,NMVOC_AWB,0
Canada,PalmFruit,PalmFruitAEZ14,PalmFruitAEZ14,1990,NMVOC_AWB,0
Canada,PalmFruit,PalmFruitAEZ15,PalmFruitAEZ15,1990,NMVOC_AWB,0
Canada,PalmFruit,PalmFruitAEZ16,PalmFruitAEZ16,1990,NMVOC_AWB,0
Canada,Rice,RiceAEZ07,RiceAEZ07,1990,NMVOC_AWB,0
Canada,Rice,RiceAEZ08,RiceAEZ08,1990,NMVOC_AWB,0
Canada,Rice,RiceAEZ09,RiceAEZ09,1990,NMVOC_AWB,0
Canada,Rice,RiceAEZ10,RiceAEZ10,1990,NMVOC_AWB,0
Canada,Rice,RiceAEZ11,RiceAEZ11,1990,NMVOC_AWB,0
Canada,Rice,RiceAEZ13,RiceAEZ13,1990,NMVOC_AWB,0
Canada,Rice,RiceAEZ14,RiceAEZ14,1990,NMVOC_AWB,0
Canada,Rice,RiceAEZ15,RiceAEZ15,1990,NMVOC_AWB,0
Canada,Rice,RiceAEZ16,RiceAEZ16,1990,NMVOC_AWB,0
Canada,Root_Tuber,Root_TuberAEZ07,Root_TuberAEZ07,1990,NMVOC_AWB,0.000131180068166934
Canada,Root_Tuber,Root_TuberAEZ08,Root_TuberAEZ08,1990,NMVOC_AWB,3.87119305053852e-05
Canada,Root_Tuber,Root_TuberAEZ09,Root_TuberAEZ09,1990,NMVOC_AWB,0.00038108317078408
Canada,Root_Tuber,Root_TuberAEZ10,Root_TuberAEZ10,1990,NMVOC_AWB,0.000334395822672918
Canada,Root_Tuber,Root_TuberAEZ11,Root_TuberAEZ11,1990,NMVOC_AWB,1.94049486587992e-05
Canada,Root_Tuber,Root_TuberAEZ13,Root_TuberAEZ13,1990,NMVOC_AWB,4.56934758456839e-06
Canada,Root_Tuber,Root_TuberAEZ14,Root_TuberAEZ14,1990,NMVOC_AWB,0
Canada,Root_Tuber,Root_TuberAEZ15,Root_TuberAEZ15,1990,NMVOC_AWB,6.06692383932514e-05
Canada,Root_Tuber,Root_TuberAEZ16,Root_TuberAEZ16,1990,NMVOC_AWB,3.61432782883596e-06
Canada,SugarCrop,SugarCropAEZ07,SugarCropAEZ07,1990,NMVOC_AWB,0
Canada,SugarCrop,SugarCropAEZ08,SugarCropAEZ08,1990,NMVOC_AWB,0
Canada,SugarCrop,SugarCropAEZ09,SugarCropAEZ09,1990,NMVOC_AWB,0.000217124864187482
Canada,SugarCrop,SugarCropAEZ10,SugarCropAEZ10,1990,NMVOC_AWB,6.43230364978135e-05
Canada,SugarCrop,SugarCropAEZ11,SugarCropAEZ11,1990,NMVOC_AWB,0
Canada,SugarCrop,SugarCropAEZ13,SugarCropAEZ13,1990,NMVOC_AWB,0
Canada,SugarCrop,SugarCropAEZ14,SugarCropAEZ14,1990,NMVOC_AWB,0
Canada,SugarCrop,SugarCropAEZ15,SugarCropAEZ15,1990,NMVOC_AWB,0
Canada,SugarCrop,SugarCropAEZ16,SugarCropAEZ16,1990,NMVOC_AWB,0
Canada,Wheat,WheatAEZ07,WheatAEZ07,1990,NMVOC_AWB,0.00210806497243858
Canada,Wheat,WheatAEZ08,WheatAEZ08,1990,NMVOC_AWB,0.00142432701213298
Canada,Wheat,WheatAEZ09,WheatAEZ09,1990,NMVOC_AWB,0.00165958954488628
Canada,Wheat,WheatAEZ10,WheatAEZ10,1990,NMVOC_AWB,0.000738633362770618
Canada,Wheat,WheatAEZ11,WheatAEZ11,1990,NMVOC_AWB,3.62588144620213e-07
Canada,Wheat,WheatAEZ13,WheatAEZ13,1990,NMVOC_AWB,0.000701986508910694
Canada,Wheat,WheatAEZ14,WheatAEZ14,1990,NMVOC_AWB,0.000355996270019494
Canada,Wheat,WheatAEZ15,WheatAEZ15,1990,NMVOC_AWB,0.00165354763867176
Canada,Wheat,WheatAEZ16,WheatAEZ16,1990,NMVOC_AWB,7.335235626003e-05
Canada,Corn,CornAEZ07,CornAEZ07,1990,NOx_AWB,1.05553788041309e-06
Canada,Corn,CornAEZ08,CornAEZ08,1990,NOx_AWB,3.68097505640592e-07
Canada,Corn,CornAEZ09,CornAEZ09,1990,NOx_AWB,5.27363057857609e-05
Canada,Corn,CornAEZ10,CornAEZ10,1990,NOx_AWB,0.00109955527266541
Canada,Corn,CornAEZ11,CornAEZ11,1990,NOx_AWB,7.90800204170914e-07
Canada,Corn,CornAEZ13,CornAEZ13,1990,NOx_AWB,0
Canada,Corn,CornAEZ14,CornAEZ14,1990,NOx_AWB,0
Canada,Corn,CornAEZ15,CornAEZ15,1990,NOx_AWB,2.42115524902143e-06
Canada,Corn,CornAEZ16,CornAEZ16,1990,NOx_AWB,4.91202962825028e-08
Canada,FiberCrop,FiberCropAEZ07,FiberCropAEZ07,1990,NOx_AWB,2.73225917880147e-06
Canada,FiberCrop,FiberCropAEZ08,FiberCropAEZ08,1990,NOx_AWB,2.26308336021939e-06
Canada,FiberCrop,FiberCropAEZ09,FiberCropAEZ09,1990,NOx_AWB,1.40462234231846e-06
Canada,FiberCrop,FiberCropAEZ10,FiberCropAEZ10,1990,NOx_AWB,6.3476728396398e-07
Canada,FiberCrop,FiberCropAEZ11,FiberCropAEZ11,1990,NOx_AWB,0
Canada,FiberCrop,FiberCropAEZ13,FiberCropAEZ13,1990,NOx_AWB,6.30409613822354e-07
Canada,FiberCrop,FiberCropAEZ14,FiberCropAEZ14,1990,NOx_AWB,2.75985775636515e-07
Canada,FiberCrop,FiberCropAEZ15,FiberCropAEZ15,1990,NOx_AWB,5.06942293142858e-07
Canada,FiberCrop,FiberCropAEZ16,FiberCropAEZ16,1990,NOx_AWB,3.77664745607859e-08
Canada,FodderGrass,FodderGrassAEZ07,FodderGrassAEZ07,1990,NOx_AWB,0
Canada,FodderGrass,FodderGrassAEZ08,FodderGrassAEZ08,1990,NOx_AWB,0
Canada,FodderGrass,FodderGrassAEZ09,FodderGrassAEZ09,1990,NOx_AWB,0
Canada,FodderGrass,FodderGrassAEZ10,FodderGrassAEZ10,1990,NOx_AWB,0
Canada,FodderGrass,FodderGrassAEZ11,FodderGrassAEZ11,1990,NOx_AWB,0
Canada,FodderGrass,FodderGrassAEZ13,FodderGrassAEZ13,1990,NOx_AWB,0
Canada,FodderGrass,FodderGrassAEZ14,FodderGrassAEZ14,1990,NOx_AWB,0
Canada,FodderGrass,FodderGrassAEZ15,FodderGrassAEZ15,1990,NOx_AWB,0
Canada,FodderGrass,FodderGrassAEZ16,FodderGrassAEZ16,1990,NOx_AWB,0
Canada,FodderHerb,FodderHerbAEZ07,FodderHerbAEZ07,1990,NOx_AWB,6.41964872391871e-05
Canada,FodderHerb,FodderHerbAEZ08,FodderHerbAEZ08,1990,NOx_AWB,5.35552696311098e-05
Canada,FodderHerb,FodderHerbAEZ09,FodderHerbAEZ09,1990,NOx_AWB,0.000286303499625966
Canada,FodderHerb,FodderHerbAEZ10,FodderHerbAEZ10,1990,NOx_AWB,0.000434544604786096
Canada,FodderHerb,FodderHerbAEZ11,FodderHerbAEZ11,1990,NOx_AWB,1.37016745776908e-06
Canada,FodderHerb,FodderHerbAEZ13,FodderHerbAEZ13,1990,NOx_AWB,1.92211728960334e-05
Canada,FodderHerb,FodderHerbAEZ14,FodderHerbAEZ14,1990,NOx_AWB,1.80060995515913e-05
Canada,FodderHerb,FodderHerbAEZ15,FodderHerbAEZ15,1990,NOx_AWB,0.00019881562201647
Canada,FodderHerb,FodderHerbAEZ16,FodderHerbAEZ16,1990,NOx_AWB,1.73382248390906e-05
Canada,MiscCrop,MiscCropAEZ07,MiscCropAEZ07,1990,NOx_AWB,0.000114302911613964
Canada,MiscCrop,MiscCropAEZ08,MiscCropAEZ08,1990,NOx_AWB,5.67804914699368e-05
Canada,MiscCrop,MiscCropAEZ09,MiscCropAEZ09,1990,NOx_AWB,4.44491768786839e-05
Canada,MiscCrop,MiscCropAEZ10,MiscCropAEZ10,1990,NOx_AWB,0.000206728930273921
Canada,MiscCrop,MiscCropAEZ11,MiscCropAEZ11,1990,NOx_AWB,4.67805553452699e-06
Canada,MiscCrop,MiscCropAEZ13,MiscCropAEZ13,1990,NOx_AWB,3.77964249539106e-05
Canada,MiscCrop,MiscCropAEZ14,MiscCropAEZ14,1990,NOx_AWB,2.43427493359986e-05
Canada,MiscCrop,MiscCropAEZ15,MiscCropAEZ15,1990,NOx_AWB,6.6484618974004e-05
Canada,MiscCrop,MiscCropAEZ16,MiscCropAEZ16,1990,NOx_AWB,1.7913271404423e-06
Canada,OilCrop,OilCropAEZ07,OilCropAEZ07,1990,NOx_AWB,9.48102980273006e-05
Canada,OilCrop,OilCropAEZ08,OilCropAEZ08,1990,NOx_AWB,0.000122219687265753
Canada,OilCrop,OilCropAEZ09,OilCropAEZ09,1990,NOx_AWB,0.000222791389478577
Canada,OilCrop,OilCropAEZ10,OilCropAEZ10,1990,NOx_AWB,0.000283123622692101
Canada,OilCrop,OilCropAEZ11,OilCropAEZ11,1990,NOx_AWB,0
Canada,OilCrop,OilCropAEZ13,OilCropAEZ13,1990,NOx_AWB,3.59973580824785e-05
Canada,OilCrop,OilCropAEZ14,OilCropAEZ14,1990,NOx_AWB,3.48444275961627e-05
Canada,OilCrop,OilCropAEZ15,OilCropAEZ15,1990,NOx_AWB,0.000225999573832755
Canada,OilCrop,OilCropAEZ16,OilCropAEZ16,1990,NOx_AWB,9.37158359699844e-06
Canada,OtherGrain,OtherGrainAEZ07,OtherGrainAEZ07,1990,NOx_AWB,0.000356458946946498
Canada,OtherGrain,OtherGrainAEZ08,OtherGrainAEZ08,1990,NOx_AWB,0.000433276078566852
Canada,OtherGrain,OtherGrainAEZ09,OtherGrainAEZ09,1990,NOx_AWB,0.000605917964425981
Canada,OtherGrain,OtherGrainAEZ10,OtherGrainAEZ10,1990,NOx_AWB,0.000263845206200459
Canada,OtherGrain,OtherGrainAEZ11,OtherGrainAEZ11,1990,NOx_AWB,1.18791428424321e-07
Canada,OtherGrain,OtherGrainAEZ13,OtherGrainAEZ13,1990,NOx_AWB,0.000133265426708847
Canada,OtherGrain,OtherGrainAEZ14,OtherGrainAEZ14,1990,NOx_AWB,0.000116429516843265
Canada,OtherGrain,OtherGrainAEZ15,OtherGrainAEZ15,1990,NOx_AWB,0.000797360706233131
Canada,OtherGrain,OtherGrainAEZ16,OtherGrainAEZ16,1990,NOx_AWB,3.39180178659467e-05
Canada,PalmFruit,PalmFruitAEZ07,PalmFruitAEZ07,1990,NOx_AWB,0
Canada,PalmFruit,PalmFruitAEZ08,PalmFruitAEZ08,1990,NOx_AWB,0
Canada,PalmFruit,PalmFruitAEZ09,PalmFruitAEZ09,1990,NOx_AWB,0
Canada,PalmFruit,PalmFruitAEZ10,PalmFruitAEZ10,1990,NOx_AWB,0
Canada,PalmFruit,PalmFruitAEZ11,PalmFruitAEZ11,1990,NOx_AWB,0
Canada,PalmFruit,PalmFruitAEZ13,PalmFruitAEZ13,1990,NOx_AWB,0
Canada,PalmFruit,PalmFruitAEZ14,PalmFruitAEZ14,1990,NOx_AWB,0
Canada,PalmFruit,PalmFruitAEZ15,PalmFruitAEZ15,1990,NOx_AWB,0
Canada,PalmFruit,PalmFruitAEZ16,PalmFruitAEZ16,1990,NOx_AWB,0
Canada,Rice,RiceAEZ07,RiceAEZ07,1990,NOx_AWB,0
Canada,Rice,RiceAEZ08,RiceAEZ08,1990,NOx_AWB,0
Canada,Rice,RiceAEZ09,RiceAEZ09,1990,NOx_AWB,0
Canada,Rice,RiceAEZ10,RiceAEZ10,1990,NOx_AWB,0
Canada,Rice,RiceAEZ11,RiceAEZ11,1990,NOx_AWB,0
Canada,Rice,RiceAEZ13,RiceAEZ13,1990,NOx_AWB,0
Canada,Rice,RiceAEZ14,RiceAEZ14,1990,NOx_AWB,0
Canada,Rice,RiceAEZ15,RiceAEZ15,1990,NOx_AWB,0
Canada,Rice,RiceAEZ16,RiceAEZ16,1990,NOx_AWB,0
Canada,Root_Tuber,Root_TuberAEZ07,Root_TuberAEZ07,1990,NOx_AWB,7.1228996289738e-05
Canada,Root_Tuber,Root_TuberAEZ08,Root_TuberAEZ08,1990,NOx_AWB,2.10200527631051e-05
Canada,Root_Tuber,Root_TuberAEZ09,Root_TuberAEZ09,1990,NOx_AWB,0.000206922988661039
Canada,Root_Tuber,Root_TuberAEZ10,Root_TuberAEZ10,1990,NOx_AWB,0.000181572392401584
Canada,Root_Tuber,Root_TuberAEZ11,Root_TuberAEZ11,1990,NOx_AWB,1.05366237061353e-05
Canada,Root_Tuber,Root_TuberAEZ13,Root_TuberAEZ13,1990,NOx_AWB,2.48109371107786e-06
Canada,Root_Tuber,Root_TuberAEZ14,Root_TuberAEZ14,1990,NOx_AWB,0
Canada,Root_Tuber,Root_TuberAEZ15,Root_TuberAEZ15,1990,NOx_AWB,3.29425728832134e-05
Canada,Root_Tuber,Root_TuberAEZ16,Root_TuberAEZ16,1990,NOx_AWB,1.96253094778423e-06
Canada,SugarCrop,SugarCropAEZ07,SugarCropAEZ07,1990,NOx_AWB,0
Canada,SugarCrop,SugarCropAEZ08,SugarCropAEZ08,1990,NOx_AWB,0
Canada,SugarCrop,SugarCropAEZ09,SugarCropAEZ09,1990,NOx_AWB,0.000117895853857456
Canada,SugarCrop,SugarCropAEZ10,SugarCropAEZ10,1990,NOx_AWB,3.49265356549214e-05
Canada,SugarCrop,SugarCropAEZ11,SugarCropAEZ11,1990,NOx_AWB,0
Canada,SugarCrop,SugarCropAEZ13,SugarCropAEZ13,1990,NOx_AWB,0
Canada,SugarCrop,SugarCropAEZ14,SugarCropAEZ14,1990,NOx_AWB,0
Canada,SugarCrop,SugarCropAEZ15,SugarCropAEZ15,1990,NOx_AWB,0
Canada,SugarCrop,SugarCropAEZ16,SugarCropAEZ16,1990,NOx_AWB,0
Canada,Wheat,WheatAEZ07,WheatAEZ07,1990,NOx_AWB,0.00114465066376755
Canada,Wheat,WheatAEZ08,WheatAEZ08,1990,NOx_AWB,0.000773390232832385
Canada,Wheat,WheatAEZ09,WheatAEZ09,1990,NOx_AWB,0.000901134594508389
Canada,Wheat,WheatAEZ10,WheatAEZ10,1990,NOx_AWB,0.000401067889287213
Canada,Wheat,WheatAEZ11,WheatAEZ11,1990,NOx_AWB,1.96880440517763e-07
Canada,Wheat,WheatAEZ13,WheatAEZ13,1990,NOx_AWB,0.000381169145109879
Canada,Wheat,WheatAEZ14,WheatAEZ14,1990,NOx_AWB,0.000193301142092033
Canada,Wheat,WheatAEZ15,WheatAEZ15,1990,NOx_AWB,0.000897853921450727
Canada,Wheat,WheatAEZ16,WheatAEZ16,1990,NOx_AWB,3.98293337158534e-05
Canada,Corn,CornAEZ07,CornAEZ07,1990,SO2_AWB,1.64487986364373e-07
Canada,Corn,CornAEZ08,CornAEZ08,1990,SO2_AWB,5.73618612956589e-08
Canada,Corn,CornAEZ09,CornAEZ09,1990,SO2_AWB,8.21807431828107e-06
Canada,Corn,CornAEZ10,CornAEZ10,1990,SO2_AWB,0.000171347363323693
Canada,Corn,CornAEZ11,CornAEZ11,1990,SO2_AWB,1.23233031816634e-07
Canada,Corn,CornAEZ13,CornAEZ13,1990,SO2_AWB,0
Canada,Corn,CornAEZ14,CornAEZ14,1990,SO2_AWB,0
Canada,Corn,CornAEZ15,CornAEZ15,1990,SO2_AWB,3.77296692972506e-07
Canada,Corn,CornAEZ16,CornAEZ16,1990,SO2_AWB,7.65457950402335e-09
Canada,FiberCrop,FiberCropAEZ07,FiberCropAEZ07,1990,SO2_AWB,4.2577705536323e-07
Canada,FiberCrop,FiberCropAEZ08,FiberCropAEZ08,1990,SO2_AWB,3.52663823634189e-07
Canada,FiberCrop,FiberCropAEZ09,FiberCropAEZ09,1990,SO2_AWB,2.1888698167796e-07
Canada,FiberCrop,FiberCropAEZ10,FiberCropAEZ10,1990,SO2_AWB,9.89179017510536e-08
Canada,FiberCrop,FiberCropAEZ11,FiberCropAEZ11,1990,SO2_AWB,0
Canada,FiberCrop,FiberCropAEZ13,FiberCropAEZ13,1990,SO2_AWB,9.82388314873168e-08
Canada,FiberCrop,FiberCropAEZ14,FiberCropAEZ14,1990,SO2_AWB,4.30077833700235e-08
Canada,FiberCrop,FiberCropAEZ15,FiberCropAEZ15,1990,SO2_AWB,7.89985073480954e-08
Canada,FiberCrop,FiberCropAEZ16,FiberCropAEZ16,1990,SO2_AWB,5.8852756190558e-09
Canada,FodderGrass,FodderGrassAEZ07,FodderGrassAEZ07,1990,SO2_AWB,0
Canada,FodderGrass,FodderGrassAEZ08,FodderGrassAEZ08,1990,SO2_AWB,0
Canada,FodderGrass,FodderGrassAEZ09,FodderGrassAEZ09,1990,SO2_AWB,0
Canada,FodderGrass,FodderGrassAEZ10,FodderGrassAEZ10,1990,SO2_AWB,0
Canada,FodderGrass,FodderGrassAEZ11,FodderGrassAEZ11,1990,SO2_AWB,0
Canada,FodderGrass,FodderGrassAEZ13,FodderGrassAEZ13,1990,SO2_AWB,0
Canada,FodderGrass,FodderGrassAEZ14,FodderGrassAEZ14,1990,SO2_AWB,0
Canada,FodderGrass,FodderGrassAEZ15,FodderGrassAEZ15,1990,SO2_AWB,0
Canada,FodderGrass,FodderGrassAEZ16,FodderGrassAEZ16,1990,SO2_AWB,0
Canada,FodderHerb,FodderHerbAEZ07,FodderHerbAEZ07,1990,SO2_AWB,1.00039525947733e-05
Canada,FodderHerb,FodderHerbAEZ08,FodderHerbAEZ08,1990,SO2_AWB,8.34569618418128e-06
Canada,FodderHerb,FodderHerbAEZ09,FodderHerbAEZ09,1990,SO2_AWB,4.4615628691713e-05
Canada,FodderHerb,FodderHerbAEZ10,FodderHerbAEZ10,1990,SO2_AWB,6.77165342458333e-05
Canada,FodderHerb,FodderHerbAEZ11,FodderHerbAEZ11,1990,SO2_AWB,2.13517762169015e-07
Canada,FodderHerb,FodderHerbAEZ13,FodderHerbAEZ13,1990,SO2_AWB,2.99529944296521e-06
Canada,FodderHerb,FodderHerbAEZ14,FodderHerbAEZ14,1990,SO2_AWB,2.80595051345631e-06
Canada,FodderHerb,FodderHerbAEZ15,FodderHerbAEZ15,1990,SO2_AWB,3.09821010975666e-05
Canada,FodderHerb,FodderHerbAEZ16,FodderHerbAEZ16,1990,SO2_AWB,2.70187337075828e-06
Canada,MiscCrop,MiscCropAEZ07,MiscCropAEZ07,1990,SO2_AWB,1.78122037265094e-05
Canada,MiscCrop,MiscCropAEZ08,MiscCropAEZ08,1990,SO2_AWB,8.84829325406516e-06
Canada,MiscCrop,MiscCropAEZ09,MiscCropAEZ09,1990,SO2_AWB,6.92666339692825e-06
Canada,MiscCrop,MiscCropAEZ10,MiscCropAEZ10,1990,SO2_AWB,3.22152583010194e-05
Canada,MiscCrop,MiscCropAEZ11,MiscCropAEZ11,1990,SO2_AWB,7.28996987463789e-07
Canada,MiscCrop,MiscCropAEZ13,MiscCropAEZ13,1990,SO2_AWB,5.88994288865107e-06
Canada,MiscCrop,MiscCropAEZ14,MiscCropAEZ14,1990,SO2_AWB,3.79341177152645e-06
Canada,MiscCrop,MiscCropAEZ15,MiscCropAEZ15,1990,SO2_AWB,1.03605197901156e-05
Canada,MiscCrop,MiscCropAEZ16,MiscCropAEZ16,1990,SO2_AWB,2.79148479385591e-07
Canada,OilCrop,OilCropAEZ07,OilCropAEZ07,1990,SO2_AWB,1.4774604775921e-05
Canada,OilCrop,OilCropAEZ08,OilCropAEZ08,1990,SO2_AWB,1.90459012655798e-05
Canada,OilCrop,OilCropAEZ09,OilCropAEZ09,1990,SO2_AWB,3.47183248604116e-05
Canada,OilCrop,OilCropAEZ10,OilCropAEZ10,1990,SO2_AWB,4.4120097869519e-05
Canada,OilCrop,OilCropAEZ11,OilCropAEZ11,1990,SO2_AWB,0
Canada,OilCrop,OilCropAEZ13,OilCropAEZ13,1990,SO2_AWB,5.60958830118623e-06
Canada,OilCrop,OilCropAEZ14,OilCropAEZ14,1990,SO2_AWB,5.42992330040203e-06
Canada,OilCrop,OilCropAEZ15,OilCropAEZ15,1990,SO2_AWB,3.5218266922271e-05
Canada,OilCrop,OilCropAEZ16,OilCropAEZ16,1990,SO2_AWB,1.46040511053226e-06
Canada,OtherGrain,OtherGrainAEZ07,OtherGrainAEZ07,1990,SO2_AWB,5.55481858991626e-05
Canada,OtherGrain,OtherGrainAEZ08,OtherGrainAEZ08,1990,SO2_AWB,6.75188555766678e-05
Canada,OtherGrain,OtherGrainAEZ09,OtherGrainAEZ09,1990,SO2_AWB,9.44222161230487e-05
Canada,OtherGrain,OtherGrainAEZ10,OtherGrainAEZ10,1990,SO2_AWB,4.11158779662382e-05
Canada,OtherGrain,OtherGrainAEZ11,OtherGrainAEZ11,1990,SO2_AWB,1.851166426279e-08
Canada,OtherGrain,OtherGrainAEZ13,OtherGrainAEZ13,1990,SO2_AWB,2.07671956621287e-05
Canada,OtherGrain,OtherGrainAEZ14,OtherGrainAEZ14,1990,SO2_AWB,1.81435997080755e-05
Canada,OtherGrain,OtherGrainAEZ15,OtherGrainAEZ15,1990,SO2_AWB,0.00012425537672133
Canada,OtherGrain,OtherGrainAEZ16,OtherGrainAEZ16,1990,SO2_AWB,5.28555778411003e-06
Canada,PalmFruit,PalmFruitAEZ07,PalmFruitAEZ07,1990,SO2_AWB,0
Canada,PalmFruit,PalmFruitAEZ08,PalmFruitAEZ08,1990,SO2_AWB,0
Canada,PalmFruit,PalmFruitAEZ09,PalmFruitAEZ09,1990,SO2_AWB,0
Canada,PalmFruit,PalmFruitAEZ10,PalmFruitAEZ10,1990,SO2_AWB,0
Canada,PalmFruit,PalmFruitAEZ11,PalmFruitAEZ11,1990,SO2_AWB,0
Canada,PalmFruit,PalmFruitAEZ13,PalmFruitAEZ13,1990,SO2_AWB,0
Canada,PalmFruit,PalmFruitAEZ14,PalmFruitAEZ14,1990,SO2_AWB,0
Canada,PalmFruit,PalmFruitAEZ15,PalmFruitAEZ15,1990,SO2_AWB,0
Canada,PalmFruit,PalmFruitAEZ16,PalmFruitAEZ16,1990,SO2_AWB,0
Canada,Rice,RiceAEZ07,RiceAEZ07,1990,SO2_AWB,0
Canada,Rice,RiceAEZ08,RiceAEZ08,1990,SO2_AWB,0
Canada,Rice,RiceAEZ09,RiceAEZ09,1990,SO2_AWB,0
Canada,Rice,RiceAEZ10,RiceAEZ10,1990,SO2_AWB,0
Canada,Rice,RiceAEZ11,RiceAEZ11,1990,SO2_AWB,0
Canada,Rice,RiceAEZ13,RiceAEZ13,1990,SO2_AWB,0
Canada,Rice,RiceAEZ14,RiceAEZ14,1990,SO2_AWB,0
Canada,Rice,RiceAEZ15,RiceAEZ15,1990,SO2_AWB,0
Canada,Rice,RiceAEZ16,RiceAEZ16,1990,SO2_AWB,0
Canada,Root_Tuber,Root_TuberAEZ07,Root_TuberAEZ07,1990,SO2_AWB,1.10998519218175e-05
Canada,Root_Tuber,Root_TuberAEZ08,Root_TuberAEZ08,1990,SO2_AWB,3.27562488891721e-06
Canada,Root_Tuber,Root_TuberAEZ09,Root_TuberAEZ09,1990,SO2_AWB,3.22454990663452e-05
Canada,Root_Tuber,Root_TuberAEZ10,Root_TuberAEZ10,1990,SO2_AWB,2.82950311492469e-05
Canada,Root_Tuber,Root_TuberAEZ11,Root_TuberAEZ11,1990,SO2_AWB,1.64195719420609e-06
Canada,Root_Tuber,Root_TuberAEZ13,Root_TuberAEZ13,1990,SO2_AWB,3.86637103309633e-07
Canada,Root_Tuber,Root_TuberAEZ14,Root_TuberAEZ14,1990,SO2_AWB,0
Canada,Root_Tuber,Root_TuberAEZ15,Root_TuberAEZ15,1990,SO2_AWB,5.13355094096743e-06
Canada,Root_Tuber,Root_TuberAEZ16,Root_TuberAEZ16,1990,SO2_AWB,3.05827739363042e-07
Canada,SugarCrop,SugarCropAEZ07,SugarCropAEZ07,1990,SO2_AWB,0
Canada,SugarCrop,SugarCropAEZ08,SugarCropAEZ08,1990,SO2_AWB,0
Canada,SugarCrop,SugarCropAEZ09,SugarCropAEZ09,1990,SO2_AWB,1.83721038927869e-05
Canada,SugarCrop,SugarCropAEZ10,SugarCropAEZ10,1990,SO2_AWB,5.44271847289191e-06
Canada,SugarCrop,SugarCropAEZ11,SugarCropAEZ11,1990,SO2_AWB,0
Canada,SugarCrop,SugarCropAEZ13,SugarCropAEZ13,1990,SO2_AWB,0
Canada,SugarCrop,SugarCropAEZ14,SugarCropAEZ14,1990,SO2_AWB,0
Canada,SugarCrop,SugarCropAEZ15,SugarCropAEZ15,1990,SO2_AWB,0
Canada,SugarCrop,SugarCropAEZ16,SugarCropAEZ16,1990,SO2_AWB,0
Canada,Wheat,WheatAEZ07,WheatAEZ07,1990,SO2_AWB,0.00017837472843711
Canada,Wheat,WheatAEZ08,WheatAEZ08,1990,SO2_AWB,0.000120519977949713
Canada,Wheat,WheatAEZ09,WheatAEZ09,1990,SO2_AWB,0.000140426807644224
Canada,Wheat,WheatAEZ10,WheatAEZ10,1990,SO2_AWB,6.24997460805907e-05
Canada,Wheat,WheatAEZ11,WheatAEZ11,1990,SO2_AWB,3.0680535314018e-08
Canada,Wheat,WheatAEZ13,WheatAEZ13,1990,SO2_AWB,5.93988584462895e-05
Canada,Wheat,WheatAEZ14,WheatAEZ14,1990,SO2_AWB,3.01227613093418e-05
Canada,Wheat,WheatAEZ15,WheatAEZ15,1990,SO2_AWB,0.000139915569426072
Canada,Wheat,WheatAEZ16,WheatAEZ16,1990,SO2_AWB,6.20673783738715e-06
Central America and Caribbean,Corn,CornAEZ04,CornAEZ04,1990,CH4_AWB,0.000226344711338738
Central America and Caribbean,Corn,CornAEZ05,CornAEZ05,1990,CH4_AWB,0.000404375982447219
Central America and Caribbean,Corn,CornAEZ06,CornAEZ06,1990,CH4_AWB,0.000228800850578415
Central America and Caribbean,Corn,CornAEZ12,CornAEZ12,1990,CH4_AWB,3.14496339417035e-05
Central America and Caribbean,FiberCrop,FiberCropAEZ04,FiberCropAEZ04,1990,CH4_AWB,2.72353388839903e-05
Central America and Caribbean,FiberCrop,FiberCropAEZ05,FiberCropAEZ05,1990,CH4_AWB,4.1411798596501e-05
Central America and Caribbean,FiberCrop,FiberCropAEZ06,FiberCropAEZ06,1990,CH4_AWB,9.60525859689568e-06
Central America and Caribbean,FiberCrop,FiberCropAEZ12,FiberCropAEZ12,1990,CH4_AWB,0
Central America and Caribbean,FodderGrass,FodderGrassAEZ04,FodderGrassAEZ04,1990,CH4_AWB,0
Central America and Caribbean,FodderGrass,FodderGrassAEZ05,FodderGrassAEZ05,1990,CH4_AWB,1.82850986860705e-06
Central America and Caribbean,FodderGrass,FodderGrassAEZ06,FodderGrassAEZ06,1990,CH4_AWB,3.13932242040751e-06
Central America and Caribbean,FodderGrass,FodderGrassAEZ12,FodderGrassAEZ12,1990,CH4_AWB,0
Central America and Caribbean,FodderHerb,FodderHerbAEZ04,FodderHerbAEZ04,1990,CH4_AWB,0
Central America and Caribbean,FodderHerb,FodderHerbAEZ05,FodderHerbAEZ05,1990,CH4_AWB,0
Central America and Caribbean,FodderHerb,FodderHerbAEZ06,FodderHerbAEZ06,1990,CH4_AWB,0
Central America and Caribbean,FodderHerb,FodderHerbAEZ12,FodderHerbAEZ12,1990,CH4_AWB,0
Central America and Caribbean,MiscCrop,MiscCropAEZ04,MiscCropAEZ04,1990,CH4_AWB,0.000968744164649828
Central America and Caribbean,MiscCrop,MiscCropAEZ05,MiscCropAEZ05,1990,CH4_AWB,0.00227971528569532
Central America and Caribbean,MiscCrop,MiscCropAEZ06,MiscCropAEZ06,1990,CH4_AWB,0.00118419588434893
Central America and Caribbean,MiscCrop,MiscCropAEZ12,MiscCropAEZ12,1990,CH4_AWB,2.84068669082724e-05
Central America and Caribbean,OilCrop,OilCropAEZ04,OilCropAEZ04,1990,CH4_AWB,1.42979975285081e-05
Central America and Caribbean,OilCrop,OilCropAEZ05,OilCropAEZ05,1990,CH4_AWB,2.21938335427014e-05
Central America and Caribbean,OilCrop,OilCropAEZ06,OilCropAEZ06,1990,CH4_AWB,1.60073362609894e-05
Central America and Caribbean,OilCrop,OilCropAEZ12,OilCropAEZ12,1990,CH4_AWB,9.60826670699872e-07
Central America and Caribbean,OtherGrain,OtherGrainAEZ04,OtherGrainAEZ04,1990,CH4_AWB,6.94302184055929e-05
Central America and Caribbean,OtherGrain,OtherGrainAEZ05,OtherGrainAEZ05,1990,CH4_AWB,6.18549967628027e-05
Central America and Caribbean,OtherGrain,OtherGrainAEZ06,OtherGrainAEZ06,1990,CH4_AWB,3.1895501577341e-05
Central America and Caribbean,OtherGrain,OtherGrainAEZ12,OtherGrainAEZ12,1990,CH4_AWB,0
Central America and Caribbean,PalmFruit,PalmFruitAEZ04,PalmFruitAEZ04,1990,CH4_AWB,9.65372451650548e-05
Central America and Caribbean,PalmFruit,PalmFruitAEZ05,PalmFruitAEZ05,1990,CH4_AWB,0.000182573001294616
Central America and Caribbean,PalmFruit,PalmFruitAEZ06,PalmFruitAEZ06,1990,CH4_AWB,0.000111519094231421
Central America and Caribbean,PalmFruit,PalmFruitAEZ12,PalmFruitAEZ12,1990,CH4_AWB,4.36148899860803e-06
Central America and Caribbean,Rice,RiceAEZ04,RiceAEZ04,1990,CH4_AWB,0.000105200824701271
Central America and Caribbean,Rice,RiceAEZ05,RiceAEZ05,1990,CH4_AWB,0.00025201738355724
Central America and Caribbean,Rice,RiceAEZ06,RiceAEZ06,1990,CH4_AWB,0.000134036123884754
Central America and Caribbean,Rice,RiceAEZ12,RiceAEZ12,1990,CH4_AWB,3.71051900836365e-07
Central America and Caribbean,Root_Tuber,Root_TuberAEZ04,Root_TuberAEZ04,1990,CH4_AWB,0.000150376131141639
Central America and Caribbean,Root_Tuber,Root_TuberAEZ05,Root_TuberAEZ05,1990,CH4_AWB,0.000425782341799364
Central America and Caribbean,Root_Tuber,Root_TuberAEZ06,Root_TuberAEZ06,1990,CH4_AWB,0.000185720689322407
Central America and Caribbean,Root_Tuber,Root_TuberAEZ12,Root_TuberAEZ12,1990,CH4_AWB,1.93279862293207e-06
Central America and Caribbean,SugarCrop,SugarCropAEZ04,SugarCropAEZ04,1990,CH4_AWB,0.00744486991783145
Central America and Caribbean,SugarCrop,SugarCropAEZ05,SugarCropAEZ05,1990,CH4_AWB,0.0164105645046286
Central America and Caribbean,SugarCrop,SugarCropAEZ06,SugarCropAEZ06,1990,CH4_AWB,0.00764236819625507
Central America and Caribbean,SugarCrop,SugarCropAEZ12,SugarCropAEZ12,1990,CH4_AWB,0.000483013035318887
Central America and Caribbean,Wheat,WheatAEZ04,WheatAEZ04,1990,CH4_AWB,0
Central America and Caribbean,Wheat,WheatAEZ05,WheatAEZ05,1990,CH4_AWB,5.2895720315347e-06
Central America and Caribbean,Wheat,WheatAEZ06,WheatAEZ06,1990,CH4_AWB,4.41217191209591e-06
Central America and Caribbean,Wheat,WheatAEZ12,WheatAEZ12,1990,CH4_AWB,1.33048378767359e-07
Central America and Caribbean,Corn,CornAEZ04,CornAEZ04,1990,CO_AWB,0.00786377200012115
Central America and Caribbean,Corn,CornAEZ05,CornAEZ05,1990,CO_AWB,0.0140490162526086
Central America and Caribbean,Corn,CornAEZ06,CornAEZ06,1990,CO_AWB,0.00794910431854439
Central America and Caribbean,Corn,CornAEZ12,CornAEZ12,1990,CO_AWB,0.00109263763814967
Central America and Caribbean,FiberCrop,FiberCropAEZ04,FiberCropAEZ04,1990,CO_AWB,0.000946222662164227
Central America and Caribbean,FiberCrop,FiberCropAEZ05,FiberCropAEZ05,1990,CO_AWB,0.00143874774167117
Central America and Caribbean,FiberCrop,FiberCropAEZ06,FiberCropAEZ06,1990,CO_AWB,0.000333710309206876
Central America and Caribbean,FiberCrop,FiberCropAEZ12,FiberCropAEZ12,1990,CO_AWB,0
Central America and Caribbean,FodderGrass,FodderGrassAEZ04,FodderGrassAEZ04,1990,CO_AWB,0
Central America and Caribbean,FodderGrass,FodderGrassAEZ05,FodderGrassAEZ05,1990,CO_AWB,6.35269303252171e-05
Central America and Caribbean,FodderGrass,FodderGrassAEZ06,FodderGrassAEZ06,1990,CO_AWB,0.000109067782511639
Central America and Caribbean,FodderGrass,FodderGrassAEZ12,FodderGrassAEZ12,1990,CO_AWB,0
Central America and Caribbean,FodderHerb,FodderHerbAEZ04,FodderHerbAEZ04,1990,CO_AWB,0
Central America and Caribbean,FodderHerb,FodderHerbAEZ05,FodderHerbAEZ05,1990,CO_AWB,0
Central America and Caribbean,FodderHerb,FodderHerbAEZ06,FodderHerbAEZ06,1990,CO_AWB,0
Central America and Caribbean,FodderHerb,FodderHerbAEZ12,FodderHerbAEZ12,1990,CO_AWB,0
Central America and Caribbean,MiscCrop,MiscCropAEZ04,MiscCropAEZ04,1990,CO_AWB,0.0336565550491406
Central America and Caribbean,MiscCrop,MiscCropAEZ05,MiscCropAEZ05,1990,CO_AWB,0.0792029163211595
Central America and Caribbean,MiscCrop,MiscCropAEZ06,MiscCropAEZ06,1990,CO_AWB,0.0411418777267807
Central America and Caribbean,MiscCrop,MiscCropAEZ12,MiscCropAEZ12,1990,CO_AWB,0.000986924427273816
Central America and Caribbean,OilCrop,OilCropAEZ04,OilCropAEZ04,1990,CO_AWB,0.000496747602174881
Central America and Caribbean,OilCrop,OilCropAEZ05,OilCropAEZ05,1990,CO_AWB,0.000771068366281617
Central America and Caribbean,OilCrop,OilCropAEZ06,OilCropAEZ06,1990,CO_AWB,0.000556134234112096
Central America and Caribbean,OilCrop,OilCropAEZ12,OilCropAEZ12,1990,CO_AWB,3.33814818350746e-05
Central America and Caribbean,OtherGrain,OtherGrainAEZ04,OtherGrainAEZ04,1990,CO_AWB,0.0024121765612765
Central America and Caribbean,OtherGrain,OtherGrainAEZ05,OtherGrainAEZ05,1990,CO_AWB,0.00214899472903065
Central America and Caribbean,OtherGrain,OtherGrainAEZ06,OtherGrainAEZ06,1990,CO_AWB,0.00110812817648895
Central America and Caribbean,OtherGrain,OtherGrainAEZ12,OtherGrainAEZ12,1990,CO_AWB,0
Central America and Caribbean,PalmFruit,PalmFruitAEZ04,PalmFruitAEZ04,1990,CO_AWB,0.00335394134463201
Central America and Caribbean,PalmFruit,PalmFruitAEZ05,PalmFruitAEZ05,1990,CO_AWB,0.00634303513020924
Central America and Caribbean,PalmFruit,PalmFruitAEZ06,PalmFruitAEZ06,1990,CO_AWB,0.00387444763126583
Central America and Caribbean,PalmFruit,PalmFruitAEZ12,PalmFruitAEZ12,1990,CO_AWB,0.000151528855537348
Central America and Caribbean,Rice,RiceAEZ04,RiceAEZ04,1990,CO_AWB,0.0036549354070723
Central America and Caribbean,Rice,RiceAEZ05,RiceAEZ05,1990,CO_AWB,0.00875570377871712
Central America and Caribbean,Rice,RiceAEZ06,RiceAEZ06,1990,CO_AWB,0.00465674462537931
Central America and Caribbean,Rice,RiceAEZ12,RiceAEZ12,1990,CO_AWB,1.2891255691952e-05
Central America and Caribbean,Root_Tuber,Root_TuberAEZ04,Root_TuberAEZ04,1990,CO_AWB,0.00522443666814221
Central America and Caribbean,Root_Tuber,Root_TuberAEZ05,Root_TuberAEZ05,1990,CO_AWB,0.0147927258286013
Central America and Caribbean,Root_Tuber,Root_TuberAEZ06,Root_TuberAEZ06,1990,CO_AWB,0.00645239355449785
Central America and Caribbean,Root_Tuber,Root_TuberAEZ12,Root_TuberAEZ12,1990,CO_AWB,6.71501781640467e-05
Central America and Caribbean,SugarCrop,SugarCropAEZ04,SugarCropAEZ04,1990,CO_AWB,0.258653092701476
Central America and Caribbean,SugarCrop,SugarCropAEZ05,SugarCropAEZ05,1990,CO_AWB,0.570143375095481
Central America and Caribbean,SugarCrop,SugarCropAEZ06,SugarCropAEZ06,1990,CO_AWB,0.265514668670068
Central America and Caribbean,SugarCrop,SugarCropAEZ12,SugarCropAEZ12,1990,CO_AWB,0.0167810608888043
Central America and Caribbean,Wheat,WheatAEZ04,WheatAEZ04,1990,CO_AWB,0
Central America and Caribbean,Wheat,WheatAEZ05,WheatAEZ05,1990,CO_AWB,0.000183772742858373
Central America and Caribbean,Wheat,WheatAEZ06,WheatAEZ06,1990,CO_AWB,0.00015328970461402
Central America and Caribbean,Wheat,WheatAEZ12,WheatAEZ12,1990,CO_AWB,4.62242793049615e-06
Central America and Caribbean,Corn,CornAEZ04,CornAEZ04,1990,N2O_AWB,5.87277085829201e-06
Central America and Caribbean,Corn,CornAEZ05,CornAEZ05,1990,N2O_AWB,1.04919945841155e-05
Central America and Caribbean,Corn,CornAEZ06,CornAEZ06,1990,N2O_AWB,5.9364981831558e-06
Central America and Caribbean,Corn,CornAEZ12,CornAEZ12,1990,N2O_AWB,8.1599650649835e-07
Central America and Caribbean,FiberCrop,FiberCropAEZ04,FiberCropAEZ04,1990,N2O_AWB,7.06651830155802e-07
Central America and Caribbean,FiberCrop,FiberCropAEZ05,FiberCropAEZ05,1990,N2O_AWB,1.07447619406942e-06
Central America and Caribbean,FiberCrop,FiberCropAEZ06,FiberCropAEZ06,1990,N2O_AWB,2.49219354146021e-07
Central America and Caribbean,FiberCrop,FiberCropAEZ12,FiberCropAEZ12,1990,N2O_AWB,0
Central America and Caribbean,FodderGrass,FodderGrassAEZ04,FodderGrassAEZ04,1990,N2O_AWB,0
Central America and Caribbean,FodderGrass,FodderGrassAEZ05,FodderGrassAEZ05,1990,N2O_AWB,4.74427673036469e-08
Central America and Caribbean,FodderGrass,FodderGrassAEZ06,FodderGrassAEZ06,1990,N2O_AWB,8.14532891725519e-08
Central America and Caribbean,FodderGrass,FodderGrassAEZ12,FodderGrassAEZ12,1990,N2O_AWB,0
Central America and Caribbean,FodderHerb,FodderHerbAEZ04,FodderHerbAEZ04,1990,N2O_AWB,0
Central America and Caribbean,FodderHerb,FodderHerbAEZ05,FodderHerbAEZ05,1990,N2O_AWB,0
Central America and Caribbean,FodderHerb,FodderHerbAEZ06,FodderHerbAEZ06,1990,N2O_AWB,0
Central America and Caribbean,FodderHerb,FodderHerbAEZ12,FodderHerbAEZ12,1990,N2O_AWB,0
Central America and Caribbean,MiscCrop,MiscCropAEZ04,MiscCropAEZ04,1990,N2O_AWB,2.51351686798713e-05
Central America and Caribbean,MiscCrop,MiscCropAEZ05,MiscCropAEZ05,1990,N2O_AWB,5.91498048081099e-05
Central America and Caribbean,MiscCrop,MiscCropAEZ06,MiscCropAEZ06,1990,N2O_AWB,3.07253084862492e-05
Central America and Caribbean,MiscCrop,MiscCropAEZ12,MiscCropAEZ12,1990,N2O_AWB,7.37048456611014e-07
Central America and Caribbean,OilCrop,OilCropAEZ04,OilCropAEZ04,1990,N2O_AWB,3.70977800721349e-07
Central America and Caribbean,OilCrop,OilCropAEZ05,OilCropAEZ05,1990,N2O_AWB,5.75844242582281e-07
Central America and Caribbean,OilCrop,OilCropAEZ06,OilCropAEZ06,1990,N2O_AWB,4.15328537417126e-07
Central America and Caribbean,OilCrop,OilCropAEZ12,OilCropAEZ12,1990,N2O_AWB,2.49297402982449e-08
Central America and Caribbean,OtherGrain,OtherGrainAEZ04,OtherGrainAEZ04,1990,N2O_AWB,1.80144594908161e-06
Central America and Caribbean,OtherGrain,OtherGrainAEZ05,OtherGrainAEZ05,1990,N2O_AWB,1.6048982115809e-06
Central America and Caribbean,OtherGrain,OtherGrainAEZ06,OtherGrainAEZ06,1990,N2O_AWB,8.27565049194755e-07
Central America and Caribbean,OtherGrain,OtherGrainAEZ12,OtherGrainAEZ12,1990,N2O_AWB,0
Central America and Caribbean,PalmFruit,PalmFruitAEZ04,PalmFruitAEZ04,1990,N2O_AWB,2.5047685752934e-06
Central America and Caribbean,PalmFruit,PalmFruitAEZ05,PalmFruitAEZ05,1990,N2O_AWB,4.73706407882139e-06
Central America and Caribbean,PalmFruit,PalmFruitAEZ06,PalmFruitAEZ06,1990,N2O_AWB,2.89348968160902e-06
Central America and Caribbean,PalmFruit,PalmFruitAEZ12,PalmFruitAEZ12,1990,N2O_AWB,1.13163790478204e-07
Central America and Caribbean,Rice,RiceAEZ04,RiceAEZ04,1990,N2O_AWB,2.72955499565135e-06
Central America and Caribbean,Rice,RiceAEZ05,RiceAEZ05,1990,N2O_AWB,6.53887752527603e-06
Central America and Caribbean,Rice,RiceAEZ06,RiceAEZ06,1990,N2O_AWB,3.47771961471088e-06
Central America and Caribbean,Rice,RiceAEZ12,RiceAEZ12,1990,N2O_AWB,9.62736340185352e-09
Central America and Caribbean,Root_Tuber,Root_TuberAEZ04,Root_TuberAEZ04,1990,N2O_AWB,3.90167967931739e-06
Central America and Caribbean,Root_Tuber,Root_TuberAEZ05,Root_TuberAEZ05,1990,N2O_AWB,1.10474069135747e-05
Central America and Caribbean,Root_Tuber,Root_TuberAEZ06,Root_TuberAEZ06,1990,N2O_AWB,4.81873442318806e-06
Central America and Caribbean,Root_Tuber,Root_TuberAEZ12,Root_TuberAEZ12,1990,N2O_AWB,5.01486575964886e-08
Central America and Caribbean,SugarCrop,SugarCropAEZ04,SugarCropAEZ04,1990,N2O_AWB,0.000193165613804791
Central America and Caribbean,SugarCrop,SugarCropAEZ05,SugarCropAEZ05,1990,N2O_AWB,0.000425790752613047
Central America and Caribbean,SugarCrop,SugarCropAEZ06,SugarCropAEZ06,1990,N2O_AWB,0.000198289931166698
Central America and Caribbean,SugarCrop,SugarCropAEZ12,SugarCropAEZ12,1990,N2O_AWB,1.2532322320316e-05
Central America and Caribbean,Wheat,WheatAEZ04,WheatAEZ04,1990,N2O_AWB,0
Central America and Caribbean,Wheat,WheatAEZ05,WheatAEZ05,1990,N2O_AWB,1.37243959869439e-07
Central America and Caribbean,Wheat,WheatAEZ06,WheatAEZ06,1990,N2O_AWB,1.14478816288105e-07
Central America and Caribbean,Wheat,WheatAEZ12,WheatAEZ12,1990,N2O_AWB,3.45209144471058e-09
Central America and Caribbean,Corn,CornAEZ04,CornAEZ04,1990,NH3_AWB,0.000108996052947012
Central America and Caribbean,Corn,CornAEZ05,CornAEZ05,1990,NH3_AWB,0.000194726820576585
Central America and Caribbean,Corn,CornAEZ06,CornAEZ06,1990,NH3_AWB,0.000110178804163198
Central America and Caribbean,Corn,CornAEZ12,CornAEZ12,1990,NH3_AWB,1.51445374888572e-05
Central America and Caribbean,FiberCrop,FiberCropAEZ04,FiberCropAEZ04,1990,NH3_AWB,1.31151482244559e-05
Central America and Caribbean,FiberCrop,FiberCropAEZ05,FiberCropAEZ05,1990,NH3_AWB,1.99418071920408e-05
Central America and Caribbean,FiberCrop,FiberCropAEZ06,FiberCropAEZ06,1990,NH3_AWB,4.62540197385124e-06
Central America and Caribbean,FiberCrop,FiberCropAEZ12,FiberCropAEZ12,1990,NH3_AWB,0
Central America and Caribbean,FodderGrass,FodderGrassAEZ04,FodderGrassAEZ04,1990,NH3_AWB,0
Central America and Caribbean,FodderGrass,FodderGrassAEZ05,FodderGrassAEZ05,1990,NH3_AWB,8.80516965799852e-07
Central America and Caribbean,FodderGrass,FodderGrassAEZ06,FodderGrassAEZ06,1990,NH3_AWB,1.51173734402125e-06
Central America and Caribbean,FodderGrass,FodderGrassAEZ12,FodderGrassAEZ12,1990,NH3_AWB,0
Central America and Caribbean,FodderHerb,FodderHerbAEZ04,FodderHerbAEZ04,1990,NH3_AWB,0
Central America and Caribbean,FodderHerb,FodderHerbAEZ05,FodderHerbAEZ05,1990,NH3_AWB,0
Central America and Caribbean,FodderHerb,FodderHerbAEZ06,FodderHerbAEZ06,1990,NH3_AWB,0
Central America and Caribbean,FodderHerb,FodderHerbAEZ12,FodderHerbAEZ12,1990,NH3_AWB,0
Central America and Caribbean,MiscCrop,MiscCropAEZ04,MiscCropAEZ04,1990,NH3_AWB,0.000466497713323027
Central America and Caribbean,MiscCrop,MiscCropAEZ05,MiscCropAEZ05,1990,NH3_AWB,0.00109779445039427
Central America and Caribbean,MiscCrop,MiscCropAEZ06,MiscCropAEZ06,1990,NH3_AWB,0.000570248257830798
Central America and Caribbean,MiscCrop,MiscCropAEZ12,MiscCropAEZ12,1990,NH3_AWB,1.36792962878602e-05
Central America and Caribbean,OilCrop,OilCropAEZ04,OilCropAEZ04,1990,NH3_AWB,6.88518537250577e-06
Central America and Caribbean,OilCrop,OilCropAEZ05,OilCropAEZ05,1990,NH3_AWB,1.06874167353406e-05
Central America and Caribbean,OilCrop,OilCropAEZ06,OilCropAEZ06,1990,NH3_AWB,7.70831560553819e-06
Central America and Caribbean,OilCrop,OilCropAEZ12,OilCropAEZ12,1990,NH3_AWB,4.62685052604458e-07
Central America and Caribbean,OtherGrain,OtherGrainAEZ04,OtherGrainAEZ04,1990,NH3_AWB,3.34340471959747e-05
Central America and Caribbean,OtherGrain,OtherGrainAEZ05,OtherGrainAEZ05,1990,NH3_AWB,2.97862073397686e-05
Central America and Caribbean,OtherGrain,OtherGrainAEZ06,OtherGrainAEZ06,1990,NH3_AWB,1.53592445705198e-05
Central America and Caribbean,OtherGrain,OtherGrainAEZ12,OtherGrainAEZ12,1990,NH3_AWB,0
Central America and Caribbean,PalmFruit,PalmFruitAEZ04,PalmFruitAEZ04,1990,NH3_AWB,4.64874068545033e-05
Central America and Caribbean,PalmFruit,PalmFruitAEZ05,PalmFruitAEZ05,1990,NH3_AWB,8.79178329288277e-05
Central America and Caribbean,PalmFruit,PalmFruitAEZ06,PalmFruitAEZ06,1990,NH3_AWB,5.37019002015025e-05
Central America and Caribbean,PalmFruit,PalmFruitAEZ12,PalmFruitAEZ12,1990,NH3_AWB,2.10027034874542e-06
Central America and Caribbean,Rice,RiceAEZ04,RiceAEZ04,1990,NH3_AWB,5.06593442868161e-05
Central America and Caribbean,Rice,RiceAEZ05,RiceAEZ05,1990,NH3_AWB,0.000121358700714963
Central America and Caribbean,Rice,RiceAEZ06,RiceAEZ06,1990,NH3_AWB,6.45449516772279e-05
Central America and Caribbean,Rice,RiceAEZ12,RiceAEZ12,1990,NH3_AWB,1.78679644823353e-07
Central America and Caribbean,Root_Tuber,Root_TuberAEZ04,Root_TuberAEZ04,1990,NH3_AWB,7.2413464643986e-05
Central America and Caribbean,Root_Tuber,Root_TuberAEZ05,Root_TuberAEZ05,1990,NH3_AWB,0.00020503502996018
Central America and Caribbean,Root_Tuber,Root_TuberAEZ06,Root_TuberAEZ06,1990,NH3_AWB,8.94335987221111e-05
Central America and Caribbean,Root_Tuber,Root_TuberAEZ12,Root_TuberAEZ12,1990,NH3_AWB,9.30737103575355e-07
Central America and Caribbean,SugarCrop,SugarCropAEZ04,SugarCropAEZ04,1990,NH3_AWB,0.00358506912287947
Central America and Caribbean,SugarCrop,SugarCropAEZ05,SugarCropAEZ05,1990,NH3_AWB,0.00790248973372294
Central America and Caribbean,SugarCrop,SugarCropAEZ06,SugarCropAEZ06,1990,NH3_AWB,0.00368017420699955
Central America and Caribbean,SugarCrop,SugarCropAEZ12,SugarCropAEZ12,1990,NH3_AWB,0.0002325944090336
Central America and Caribbean,Wheat,WheatAEZ04,WheatAEZ04,1990,NH3_AWB,0
Central America and Caribbean,Wheat,WheatAEZ05,WheatAEZ05,1990,NH3_AWB,2.54718773770403e-06
Central America and Caribbean,Wheat,WheatAEZ06,WheatAEZ06,1990,NH3_AWB,2.12467665136835e-06
Central America and Caribbean,Wheat,WheatAEZ12,WheatAEZ12,1990,NH3_AWB,6.40693040754926e-08
Central America and Caribbean,Corn,CornAEZ04,CornAEZ04,1990,NMVOC_AWB,0.000587277085829201
Central America and Caribbean,Corn,CornAEZ05,CornAEZ05,1990,NMVOC_AWB,0.00104919945841155
Central America and Caribbean,Corn,CornAEZ06,CornAEZ06,1990,NMVOC_AWB,0.00059364981831558
Central America and Caribbean,Corn,CornAEZ12,CornAEZ12,1990,NMVOC_AWB,8.1599650649835e-05
Central America and Caribbean,FiberCrop,FiberCropAEZ04,FiberCropAEZ04,1990,NMVOC_AWB,7.06651830155801e-05
Central America and Caribbean,FiberCrop,FiberCropAEZ05,FiberCropAEZ05,1990,NMVOC_AWB,0.000107447619406942
Central America and Caribbean,FiberCrop,FiberCropAEZ06,FiberCropAEZ06,1990,NMVOC_AWB,2.49219354146021e-05
Central America and Caribbean,FiberCrop,FiberCropAEZ12,FiberCropAEZ12,1990,NMVOC_AWB,0
Central America and Caribbean,FodderGrass,FodderGrassAEZ04,FodderGrassAEZ04,1990,NMVOC_AWB,0
Central America and Caribbean,FodderGrass,FodderGrassAEZ05,FodderGrassAEZ05,1990,NMVOC_AWB,4.74427673036469e-06
Central America and Caribbean,FodderGrass,FodderGrassAEZ06,FodderGrassAEZ06,1990,NMVOC_AWB,8.14532891725519e-06
Central America and Caribbean,FodderGrass,FodderGrassAEZ12,FodderGrassAEZ12,1990,NMVOC_AWB,0
Central America and Caribbean,FodderHerb,FodderHerbAEZ04,FodderHerbAEZ04,1990,NMVOC_AWB,0
Central America and Caribbean,FodderHerb,FodderHerbAEZ05,FodderHerbAEZ05,1990,NMVOC_AWB,0
Central America and Caribbean,FodderHerb,FodderHerbAEZ06,FodderHerbAEZ06,1990,NMVOC_AWB,0
Central America and Caribbean,FodderHerb,FodderHerbAEZ12,FodderHerbAEZ12,1990,NMVOC_AWB,0
Central America and Caribbean,MiscCrop,MiscCropAEZ04,MiscCropAEZ04,1990,NMVOC_AWB,0.00251351686798713
Central America and Caribbean,MiscCrop,MiscCropAEZ05,MiscCropAEZ05,1990,NMVOC_AWB,0.00591498048081099
Central America and Caribbean,MiscCrop,MiscCropAEZ06,MiscCropAEZ06,1990,NMVOC_AWB,0.00307253084862492
Central America and Caribbean,MiscCrop,MiscCropAEZ12,MiscCropAEZ12,1990,NMVOC_AWB,7.37048456611014e-05
Central America and Caribbean,OilCrop,OilCropAEZ04,OilCropAEZ04,1990,NMVOC_AWB,3.70977800721349e-05
Central America and Caribbean,OilCrop,OilCropAEZ05,OilCropAEZ05,1990,NMVOC_AWB,5.75844242582281e-05
Central America and Caribbean,OilCrop,OilCropAEZ06,OilCropAEZ06,1990,NMVOC_AWB,4.15328537417126e-05
Central America and Caribbean,OilCrop,OilCropAEZ12,OilCropAEZ12,1990,NMVOC_AWB,2.49297402982449e-06
Central America and Caribbean,OtherGrain,OtherGrainAEZ04,OtherGrainAEZ04,1990,NMVOC_AWB,0.000180144594908161
Central America and Caribbean,OtherGrain,OtherGrainAEZ05,OtherGrainAEZ05,1990,NMVOC_AWB,0.00016048982115809
Central America and Caribbean,OtherGrain,OtherGrainAEZ06,OtherGrainAEZ06,1990,NMVOC_AWB,8.27565049194755e-05
Central America and Caribbean,OtherGrain,OtherGrainAEZ12,OtherGrainAEZ12,1990,NMVOC_AWB,0
Central America and Caribbean,PalmFruit,PalmFruitAEZ04,PalmFruitAEZ04,1990,NMVOC_AWB,0.00025047685752934
Central America and Caribbean,PalmFruit,PalmFruitAEZ05,PalmFruitAEZ05,1990,NMVOC_AWB,0.000473706407882138
Central America and Caribbean,PalmFruit,PalmFruitAEZ06,PalmFruitAEZ06,1990,NMVOC_AWB,0.000289348968160902
Central America and Caribbean,PalmFruit,PalmFruitAEZ12,PalmFruitAEZ12,1990,NMVOC_AWB,1.13163790478204e-05
Central America and Caribbean,Rice,RiceAEZ04,RiceAEZ04,1990,NMVOC_AWB,0.000272955499565135
Central America and Caribbean,Rice,RiceAEZ05,RiceAEZ05,1990,NMVOC_AWB,0.000653887752527603
Central America and Caribbean,Rice,RiceAEZ06,RiceAEZ06,1990,NMVOC_AWB,0.000347771961471088
Central America and Caribbean,Rice,RiceAEZ12,RiceAEZ12,1990,NMVOC_AWB,9.62736340185352e-07
Central America and Caribbean,Root_Tuber,Root_TuberAEZ04,Root_TuberAEZ04,1990,NMVOC_AWB,0.000390167967931739
Central America and Caribbean,Root_Tuber,Root_TuberAEZ05,Root_TuberAEZ05,1990,NMVOC_AWB,0.00110474069135747
Central America and Caribbean,Root_Tuber,Root_TuberAEZ06,Root_TuberAEZ06,1990,NMVOC_AWB,0.000481873442318805
Central America and Caribbean,Root_Tuber,Root_TuberAEZ12,Root_TuberAEZ12,1990,NMVOC_AWB,5.01486575964886e-06
Central America and Caribbean,SugarCrop,SugarCropAEZ04,SugarCropAEZ04,1990,NMVOC_AWB,0.0193165613804791
Central America and Caribbean,SugarCrop,SugarCropAEZ05,SugarCropAEZ05,1990,NMVOC_AWB,0.0425790752613047
Central America and Caribbean,SugarCrop,SugarCropAEZ06,SugarCropAEZ06,1990,NMVOC_AWB,0.0198289931166698
Central America and Caribbean,SugarCrop,SugarCropAEZ12,SugarCropAEZ12,1990,NMVOC_AWB,0.0012532322320316
Central America and Caribbean,Wheat,WheatAEZ04,WheatAEZ04,1990,NMVOC_AWB,0
Central America and Caribbean,Wheat,WheatAEZ05,WheatAEZ05,1990,NMVOC_AWB,1.37243959869439e-05
Central America and Caribbean,Wheat,WheatAEZ06,WheatAEZ06,1990,NMVOC_AWB,1.14478816288105e-05
Central America and Caribbean,Wheat,WheatAEZ12,WheatAEZ12,1990,NMVOC_AWB,3.45209144471058e-07
Central America and Caribbean,Corn,CornAEZ04,CornAEZ04,1990,NOx_AWB,0.000319157246776862
Central America and Caribbean,Corn,CornAEZ05,CornAEZ05,1990,NOx_AWB,0.00057019015137225
Central America and Caribbean,Corn,CornAEZ06,CornAEZ06,1990,NOx_AWB,0.000322620524680726
Central America and Caribbean,Corn,CornAEZ12,CornAEZ12,1990,NOx_AWB,4.43455405766151e-05
Central America and Caribbean,FiberCrop,FiberCropAEZ04,FiberCropAEZ04,1990,NOx_AWB,3.84031759427352e-05
Central America and Caribbean,FiberCrop,FiberCropAEZ05,FiberCropAEZ05,1990,NOx_AWB,5.83926858549718e-05
Central America and Caribbean,FiberCrop,FiberCropAEZ06,FiberCropAEZ06,1990,NOx_AWB,1.35438900702972e-05
Central America and Caribbean,FiberCrop,FiberCropAEZ12,FiberCropAEZ12,1990,NOx_AWB,0
Central America and Caribbean,FodderGrass,FodderGrassAEZ04,FodderGrassAEZ04,1990,NOx_AWB,0
Central America and Caribbean,FodderGrass,FodderGrassAEZ05,FodderGrassAEZ05,1990,NOx_AWB,2.5782894237612e-06
Central America and Caribbean,FodderGrass,FodderGrassAEZ06,FodderGrassAEZ06,1990,NOx_AWB,4.42660000543454e-06
Central America and Caribbean,FodderGrass,FodderGrassAEZ12,FodderGrassAEZ12,1990,NOx_AWB,0
Central America and Caribbean,FodderHerb,FodderHerbAEZ04,FodderHerbAEZ04,1990,NOx_AWB,0
Central America and Caribbean,FodderHerb,FodderHerbAEZ05,FodderHerbAEZ05,1990,NOx_AWB,0
Central America and Caribbean,FodderHerb,FodderHerbAEZ06,FodderHerbAEZ06,1990,NOx_AWB,0
Central America and Caribbean,FodderHerb,FodderHerbAEZ12,FodderHerbAEZ12,1990,NOx_AWB,0
Central America and Caribbean,MiscCrop,MiscCropAEZ04,MiscCropAEZ04,1990,NOx_AWB,0.00136597722381983
Central America and Caribbean,MiscCrop,MiscCropAEZ05,MiscCropAEZ05,1990,NOx_AWB,0.00321451139597765
Central America and Caribbean,MiscCrop,MiscCropAEZ06,MiscCropAEZ06,1990,NOx_AWB,0.00166977481319491
Central America and Caribbean,MiscCrop,MiscCropAEZ12,MiscCropAEZ12,1990,NOx_AWB,4.00550884461922e-05
Central America and Caribbean,OilCrop,OilCropAEZ04,OilCropAEZ04,1990,NOx_AWB,2.01608842487677e-05
Central America and Caribbean,OilCrop,OilCropAEZ05,OilCropAEZ05,1990,NOx_AWB,3.12944038631057e-05
Central America and Caribbean,OilCrop,OilCropAEZ06,OilCropAEZ06,1990,NOx_AWB,2.25711364717645e-05
Central America and Caribbean,OilCrop,OilCropAEZ12,OilCropAEZ12,1990,NOx_AWB,1.35481316544403e-06
Central America and Caribbean,OtherGrain,OtherGrainAEZ04,OtherGrainAEZ04,1990,NOx_AWB,9.79000446636582e-05
Central America and Caribbean,OtherGrain,OtherGrainAEZ05,OtherGrainAEZ05,1990,NOx_AWB,8.72186071830217e-05
Central America and Caribbean,OtherGrain,OtherGrainAEZ06,OtherGrainAEZ06,1990,NOx_AWB,4.49742360127723e-05
Central America and Caribbean,OtherGrain,OtherGrainAEZ12,OtherGrainAEZ12,1990,NOx_AWB,0
Central America and Caribbean,PalmFruit,PalmFruitAEZ04,PalmFruitAEZ04,1990,NOx_AWB,0.000136122294159513
Central America and Caribbean,PalmFruit,PalmFruitAEZ05,PalmFruitAEZ05,1990,NOx_AWB,0.000257436968967984
Central America and Caribbean,PalmFruit,PalmFruitAEZ06,PalmFruitAEZ06,1990,NOx_AWB,0.000157247442926484
Central America and Caribbean,PalmFruit,PalmFruitAEZ12,PalmFruitAEZ12,1990,NOx_AWB,6.14991537646357e-06
Central America and Caribbean,Rice,RiceAEZ04,RiceAEZ04,1990,NOx_AWB,0.000148338370142279
Central America and Caribbean,Rice,RiceAEZ05,RiceAEZ05,1990,NOx_AWB,0.000355356985371151
Central America and Caribbean,Rice,RiceAEZ06,RiceAEZ06,1990,NOx_AWB,0.000188997569303397
Central America and Caribbean,Rice,RiceAEZ12,RiceAEZ12,1990,NOx_AWB,5.23201546799242e-07
Central America and Caribbean,Root_Tuber,Root_TuberAEZ04,Root_TuberAEZ04,1990,NOx_AWB,0.000212037788346186
Central America and Caribbean,Root_Tuber,Root_TuberAEZ05,Root_TuberAEZ05,1990,NOx_AWB,0.000600374177647653
Central America and Caribbean,Root_Tuber,Root_TuberAEZ06,Root_TuberAEZ06,1990,NOx_AWB,0.000261875364893918
Central America and Caribbean,Root_Tuber,Root_TuberAEZ12,Root_TuberAEZ12,1990,NOx_AWB,2.72534172952658e-06
Central America and Caribbean,SugarCrop,SugarCropAEZ04,SugarCropAEZ04,1990,NOx_AWB,0.010497635096192
Central America and Caribbean,SugarCrop,SugarCropAEZ05,SugarCropAEZ05,1990,NOx_AWB,0.0231397082546058
Central America and Caribbean,SugarCrop,SugarCropAEZ06,SugarCropAEZ06,1990,NOx_AWB,0.010776117444695
Central America and Caribbean,SugarCrop,SugarCropAEZ12,SugarCropAEZ12,1990,NOx_AWB,0.000681072288360237
Central America and Caribbean,Wheat,WheatAEZ04,WheatAEZ04,1990,NOx_AWB,0
Central America and Caribbean,Wheat,WheatAEZ05,WheatAEZ05,1990,NOx_AWB,7.45855839187694e-06
Central America and Caribbean,Wheat,WheatAEZ06,WheatAEZ06,1990,NOx_AWB,6.22138079322435e-06
Central America and Caribbean,Wheat,WheatAEZ12,WheatAEZ12,1990,NOx_AWB,1.87604799795682e-07
Central America and Caribbean,Corn,CornAEZ04,CornAEZ04,1990,SO2_AWB,4.35097990324323e-05
Central America and Caribbean,Corn,CornAEZ05,CornAEZ05,1990,SO2_AWB,7.77324003983023e-05
Central America and Caribbean,Corn,CornAEZ06,CornAEZ06,1990,SO2_AWB,4.39819378515015e-05
Central America and Caribbean,Corn,CornAEZ12,CornAEZ12,1990,SO2_AWB,6.04550132562736e-06
Central America and Caribbean,FiberCrop,FiberCropAEZ04,FiberCropAEZ04,1990,SO2_AWB,5.23539566890601e-06
Central America and Caribbean,FiberCrop,FiberCropAEZ05,FiberCropAEZ05,1990,SO2_AWB,7.9605086588871e-06
Central America and Caribbean,FiberCrop,FiberCropAEZ06,FiberCropAEZ06,1990,SO2_AWB,1.84639998316563e-06
Central America and Caribbean,FiberCrop,FiberCropAEZ12,FiberCropAEZ12,1990,SO2_AWB,0
Central America and Caribbean,FodderGrass,FodderGrassAEZ04,FodderGrassAEZ04,1990,SO2_AWB,0
Central America and Caribbean,FodderGrass,FodderGrassAEZ05,FodderGrassAEZ05,1990,SO2_AWB,3.51490858528826e-07
Central America and Caribbean,FodderGrass,FodderGrassAEZ06,FodderGrassAEZ06,1990,SO2_AWB,6.03465779262337e-07
Central America and Caribbean,FodderGrass,FodderGrassAEZ12,FodderGrassAEZ12,1990,SO2_AWB,0
Central America and Caribbean,FodderHerb,FodderHerbAEZ04,FodderHerbAEZ04,1990,SO2_AWB,0
Central America and Caribbean,FodderHerb,FodderHerbAEZ05,FodderHerbAEZ05,1990,SO2_AWB,0
Central America and Caribbean,FodderHerb,FodderHerbAEZ06,FodderHerbAEZ06,1990,SO2_AWB,0
Central America and Caribbean,FodderHerb,FodderHerbAEZ12,FodderHerbAEZ12,1990,SO2_AWB,0
Central America and Caribbean,MiscCrop,MiscCropAEZ04,MiscCropAEZ04,1990,SO2_AWB,0.000186219786927895
Central America and Caribbean,MiscCrop,MiscCropAEZ05,MiscCropAEZ05,1990,SO2_AWB,0.000438225189115746
Central America and Caribbean,MiscCrop,MiscCropAEZ06,MiscCropAEZ06,1990,SO2_AWB,0.000227635647585097
Central America and Caribbean,MiscCrop,MiscCropAEZ12,MiscCropAEZ12,1990,SO2_AWB,5.46059619864622e-06
Central America and Caribbean,OilCrop,OilCropAEZ04,OilCropAEZ04,1990,SO2_AWB,2.74847596549578e-06
Central America and Caribbean,OilCrop,OilCropAEZ05,OilCropAEZ05,1990,SO2_AWB,4.2662770050635e-06
Central America and Caribbean,OilCrop,OilCropAEZ06,OilCropAEZ06,1990,SO2_AWB,3.07705879073048e-06
Central America and Caribbean,OilCrop,OilCropAEZ12,OilCropAEZ12,1990,SO2_AWB,1.84697822625899e-07
Central America and Caribbean,OtherGrain,OtherGrainAEZ04,OtherGrainAEZ04,1990,SO2_AWB,1.33464344350608e-05
Central America and Caribbean,OtherGrain,OtherGrainAEZ05,OtherGrainAEZ05,1990,SO2_AWB,1.18902644660145e-05
Central America and Caribbean,OtherGrain,OtherGrainAEZ06,OtherGrainAEZ06,1990,SO2_AWB,6.13120958497618e-06
Central America and Caribbean,OtherGrain,OtherGrainAEZ12,OtherGrainAEZ12,1990,SO2_AWB,0
Central America and Caribbean,PalmFruit,PalmFruitAEZ04,PalmFruitAEZ04,1990,SO2_AWB,1.85571649164366e-05
Central America and Caribbean,PalmFruit,PalmFruitAEZ05,PalmFruitAEZ05,1990,SO2_AWB,3.50956492338296e-05
Central America and Caribbean,PalmFruit,PalmFruitAEZ06,PalmFruitAEZ06,1990,SO2_AWB,2.14370963191027e-05
Central America and Caribbean,PalmFruit,PalmFruitAEZ12,PalmFruitAEZ12,1990,SO2_AWB,8.38400458703903e-07
Central America and Caribbean,Rice,RiceAEZ04,RiceAEZ04,1990,SO2_AWB,2.02225477844204e-05
Central America and Caribbean,Rice,RiceAEZ05,RiceAEZ05,1990,SO2_AWB,4.84448063592918e-05
Central America and Caribbean,Rice,RiceAEZ06,RiceAEZ06,1990,SO2_AWB,2.57655006773456e-05
Central America and Caribbean,Rice,RiceAEZ12,RiceAEZ12,1990,SO2_AWB,7.13265776810277e-08
Central America and Caribbean,Root_Tuber,Root_TuberAEZ04,Root_TuberAEZ04,1990,SO2_AWB,2.89065081598291e-05
Central America and Caribbean,Root_Tuber,Root_TuberAEZ05,Root_TuberAEZ05,1990,SO2_AWB,8.18473027873136e-05
Central America and Caribbean,Root_Tuber,Root_TuberAEZ06,Root_TuberAEZ06,1990,SO2_AWB,3.57007231173587e-05
Central America and Caribbean,Root_Tuber,Root_TuberAEZ12,Root_TuberAEZ12,1990,SO2_AWB,3.71538080817283e-07
Central America and Caribbean,SugarCrop,SugarCropAEZ04,SugarCropAEZ04,1990,SO2_AWB,0.00143111271313371
Central America and Caribbean,SugarCrop,SugarCropAEZ05,SugarCropAEZ05,1990,SO2_AWB,0.00315457056355333
Central America and Caribbean,SugarCrop,SugarCropAEZ06,SugarCropAEZ06,1990,SO2_AWB,0.00146907741905787
Central America and Caribbean,SugarCrop,SugarCropAEZ12,SugarCropAEZ12,1990,SO2_AWB,9.28486465288716e-05
Central America and Caribbean,Wheat,WheatAEZ04,WheatAEZ04,1990,SO2_AWB,0
Central America and Caribbean,Wheat,WheatAEZ05,WheatAEZ05,1990,SO2_AWB,1.01680403619071e-06
Central America and Caribbean,Wheat,WheatAEZ06,WheatAEZ06,1990,SO2_AWB,8.48143135558125e-07
Central America and Caribbean,Wheat,WheatAEZ12,WheatAEZ12,1990,SO2_AWB,2.55756283746135e-08
Central Asia,Corn,CornAEZ07,CornAEZ07,1990,CH4_AWB,2.28791128643432e-05
Central Asia,Corn,CornAEZ08,CornAEZ08,1990,CH4_AWB,6.48807538760801e-05
Central Asia,Corn,CornAEZ09,CornAEZ09,1990,CH4_AWB,2.42090368964892e-05
Central Asia,Corn,CornAEZ10,CornAEZ10,1990,CH4_AWB,3.2745672135625e-05
Central Asia,Corn,CornAEZ11,CornAEZ11,1990,CH4_AWB,5.65115948596195e-06
Central Asia,Corn,CornAEZ12,CornAEZ12,1990,CH4_AWB,1.50286649264459e-05
Central Asia,Corn,CornAEZ13,CornAEZ13,1990,CH4_AWB,2.78043482138255e-05
Central Asia,Corn,CornAEZ14,CornAEZ14,1990,CH4_AWB,4.18432751854342e-05
Central Asia,Corn,CornAEZ15,CornAEZ15,1990,CH4_AWB,5.94094762589175e-06
Central Asia,Corn,CornAEZ16,CornAEZ16,1990,CH4_AWB,9.74153361893753e-06
Central Asia,FiberCrop,FiberCropAEZ07,FiberCropAEZ07,1990,CH4_AWB,0.000339161070426033
Central Asia,FiberCrop,FiberCropAEZ08,FiberCropAEZ08,1990,CH4_AWB,0.000407925970261984
Central Asia,FiberCrop,FiberCropAEZ09,FiberCropAEZ09,1990,CH4_AWB,1.97639239290687e-05
Central Asia,FiberCrop,FiberCropAEZ10,FiberCropAEZ10,1990,CH4_AWB,1.31109401565791e-07
Central Asia,FiberCrop,FiberCropAEZ11,FiberCropAEZ11,1990,CH4_AWB,0
Central Asia,FiberCrop,FiberCropAEZ12,FiberCropAEZ12,1990,CH4_AWB,0
Central Asia,FiberCrop,FiberCropAEZ13,FiberCropAEZ13,1990,CH4_AWB,4.08334287320737e-05
Central Asia,FiberCrop,FiberCropAEZ14,FiberCropAEZ14,1990,CH4_AWB,2.95216679191891e-05
Central Asia,FiberCrop,FiberCropAEZ15,FiberCropAEZ15,1990,CH4_AWB,5.35980746742673e-07
Central Asia,FiberCrop,FiberCropAEZ16,FiberCropAEZ16,1990,CH4_AWB,0
Central Asia,FodderGrass,FodderGrassAEZ07,FodderGrassAEZ07,1990,CH4_AWB,0.000193737620108429
Central Asia,FodderGrass,FodderGrassAEZ08,FodderGrassAEZ08,1990,CH4_AWB,0.000274967835494345
Central Asia,FodderGrass,FodderGrassAEZ09,FodderGrassAEZ09,1990,CH4_AWB,7.13917859993615e-05
Central Asia,FodderGrass,FodderGrassAEZ10,FodderGrassAEZ10,1990,CH4_AWB,1.82347489478332e-06
Central Asia,FodderGrass,FodderGrassAEZ11,FodderGrassAEZ11,1990,CH4_AWB,2.08566678268195e-07
Central Asia,FodderGrass,FodderGrassAEZ12,FodderGrassAEZ12,1990,CH4_AWB,5.6134978324807e-07
Central Asia,FodderGrass,FodderGrassAEZ13,FodderGrassAEZ13,1990,CH4_AWB,0.000264997765745468
Central Asia,FodderGrass,FodderGrassAEZ14,FodderGrassAEZ14,1990,CH4_AWB,9.8572635401317e-05
Central Asia,FodderGrass,FodderGrassAEZ15,FodderGrassAEZ15,1990,CH4_AWB,1.87274203534683e-05
Central Asia,FodderGrass,FodderGrassAEZ16,FodderGrassAEZ16,1990,CH4_AWB,3.60214415756071e-07
Central Asia,FodderHerb,FodderHerbAEZ07,FodderHerbAEZ07,1990,CH4_AWB,0.00148011640104838
Central Asia,FodderHerb,FodderHerbAEZ08,FodderHerbAEZ08,1990,CH4_AWB,0.00192421513135127
Central Asia,FodderHerb,FodderHerbAEZ09,FodderHerbAEZ09,1990,CH4_AWB,7.11022487856532e-05
Central Asia,FodderHerb,FodderHerbAEZ10,FodderHerbAEZ10,1990,CH4_AWB,3.23024516543048e-07
Central Asia,FodderHerb,FodderHerbAEZ11,FodderHerbAEZ11,1990,CH4_AWB,0
Central Asia,FodderHerb,FodderHerbAEZ12,FodderHerbAEZ12,1990,CH4_AWB,0
Central Asia,FodderHerb,FodderHerbAEZ13,FodderHerbAEZ13,1990,CH4_AWB,0.00088778410484862
Central Asia,FodderHerb,FodderHerbAEZ14,FodderHerbAEZ14,1990,CH4_AWB,0.000220628635398602
Central Asia,FodderHerb,FodderHerbAEZ15,FodderHerbAEZ15,1990,CH4_AWB,1.32476184278907e-05
Central Asia,FodderHerb,FodderHerbAEZ16,FodderHerbAEZ16,1990,CH4_AWB,3.03729763541482e-06
Central Asia,MiscCrop,MiscCropAEZ07,MiscCropAEZ07,1990,CH4_AWB,0.00040908321540104
Central Asia,MiscCrop,MiscCropAEZ08,MiscCropAEZ08,1990,CH4_AWB,0.000739274047752493
Central Asia,MiscCrop,MiscCropAEZ09,MiscCropAEZ09,1990,CH4_AWB,0.00026715874522467
Central Asia,MiscCrop,MiscCropAEZ10,MiscCropAEZ10,1990,CH4_AWB,7.4058594978744e-05
Central Asia,MiscCrop,MiscCropAEZ11,MiscCropAEZ11,1990,CH4_AWB,1.32566180895146e-05
Central Asia,MiscCrop,MiscCropAEZ12,MiscCropAEZ12,1990,CH4_AWB,3.73871542983725e-05
Central Asia,MiscCrop,MiscCropAEZ13,MiscCropAEZ13,1990,CH4_AWB,3.54271052968801e-05
Central Asia,MiscCrop,MiscCropAEZ14,MiscCropAEZ14,1990,CH4_AWB,5.89355764988731e-05
Central Asia,MiscCrop,MiscCropAEZ15,MiscCropAEZ15,1990,CH4_AWB,2.31544137335757e-05
Central Asia,MiscCrop,MiscCropAEZ16,MiscCropAEZ16,1990,CH4_AWB,2.09949506938973e-05
Central Asia,OilCrop,OilCropAEZ07,OilCropAEZ07,1990,CH4_AWB,2.9322496210936e-06
Central Asia,OilCrop,OilCropAEZ08,OilCropAEZ08,1990,CH4_AWB,3.94385737319105e-06
Central Asia,OilCrop,OilCropAEZ09,OilCropAEZ09,1990,CH4_AWB,4.78582773594699e-07
Central Asia,OilCrop,OilCropAEZ10,OilCropAEZ10,1990,CH4_AWB,9.254232927707e-07
Central Asia,OilCrop,OilCropAEZ11,OilCropAEZ11,1990,CH4_AWB,1.86120755879379e-07
Central Asia,OilCrop,OilCropAEZ12,OilCropAEZ12,1990,CH4_AWB,5.43574333086993e-07
Central Asia,OilCrop,OilCropAEZ13,OilCropAEZ13,1990,CH4_AWB,7.4712036216358e-06
Central Asia,OilCrop,OilCropAEZ14,OilCropAEZ14,1990,CH4_AWB,1.02024503616329e-05
Central Asia,OilCrop,OilCropAEZ15,OilCropAEZ15,1990,CH4_AWB,1.52353402143165e-06
Central Asia,OilCrop,OilCropAEZ16,OilCropAEZ16,1990,CH4_AWB,3.33340766729313e-07
Central Asia,OtherGrain,OtherGrainAEZ07,OtherGrainAEZ07,1990,CH4_AWB,0.000158455963593806
Central Asia,OtherGrain,OtherGrainAEZ08,OtherGrainAEZ08,1990,CH4_AWB,0.000192194679806227
Central Asia,OtherGrain,OtherGrainAEZ09,OtherGrainAEZ09,1990,CH4_AWB,6.1012013868812e-05
Central Asia,OtherGrain,OtherGrainAEZ10,OtherGrainAEZ10,1990,CH4_AWB,7.70754851079173e-06
Central Asia,OtherGrain,OtherGrainAEZ11,OtherGrainAEZ11,1990,CH4_AWB,1.23120625870737e-06
Central Asia,OtherGrain,OtherGrainAEZ12,OtherGrainAEZ12,1990,CH4_AWB,3.34088910669852e-06
Central Asia,OtherGrain,OtherGrainAEZ13,OtherGrainAEZ13,1990,CH4_AWB,0.000599435354436112
Central Asia,OtherGrain,OtherGrainAEZ14,OtherGrainAEZ14,1990,CH4_AWB,0.000133130959985608
Central Asia,OtherGrain,OtherGrainAEZ15,OtherGrainAEZ15,1990,CH4_AWB,1.51814708769003e-05
Central Asia,OtherGrain,OtherGrainAEZ16,OtherGrainAEZ16,1990,CH4_AWB,2.82712301477082e-06
Central Asia,PalmFruit,PalmFruitAEZ07,PalmFruitAEZ07,1990,CH4_AWB,0
Central Asia,PalmFruit,PalmFruitAEZ08,PalmFruitAEZ08,1990,CH4_AWB,0
Central Asia,PalmFruit,PalmFruitAEZ09,PalmFruitAEZ09,1990,CH4_AWB,0
Central Asia,PalmFruit,PalmFruitAEZ10,PalmFruitAEZ10,1990,CH4_AWB,0
Central Asia,PalmFruit,PalmFruitAEZ11,PalmFruitAEZ11,1990,CH4_AWB,0
Central Asia,PalmFruit,PalmFruitAEZ12,PalmFruitAEZ12,1990,CH4_AWB,0
Central Asia,PalmFruit,PalmFruitAEZ13,PalmFruitAEZ13,1990,CH4_AWB,0
Central Asia,PalmFruit,PalmFruitAEZ14,PalmFruitAEZ14,1990,CH4_AWB,0
Central Asia,PalmFruit,PalmFruitAEZ15,PalmFruitAEZ15,1990,CH4_AWB,0
Central Asia,PalmFruit,PalmFruitAEZ16,PalmFruitAEZ16,1990,CH4_AWB,0
Central Asia,Rice,RiceAEZ07,RiceAEZ07,1990,CH4_AWB,6.96905369587193e-05
Central Asia,Rice,RiceAEZ08,RiceAEZ08,1990,CH4_AWB,5.29528276683229e-05
Central Asia,Rice,RiceAEZ09,RiceAEZ09,1990,CH4_AWB,1.5859880221927e-06
Central Asia,Rice,RiceAEZ10,RiceAEZ10,1990,CH4_AWB,2.31777477704096e-08
Central Asia,Rice,RiceAEZ11,RiceAEZ11,1990,CH4_AWB,0
Central Asia,Rice,RiceAEZ12,RiceAEZ12,1990,CH4_AWB,0
Central Asia,Rice,RiceAEZ13,RiceAEZ13,1990,CH4_AWB,1.95570685313233e-06
Central Asia,Rice,RiceAEZ14,RiceAEZ14,1990,CH4_AWB,3.02705886415098e-06
Central Asia,Rice,RiceAEZ15,RiceAEZ15,1990,CH4_AWB,3.80970164808772e-07
Central Asia,Rice,RiceAEZ16,RiceAEZ16,1990,CH4_AWB,0
Central Asia,Root_Tuber,Root_TuberAEZ07,Root_TuberAEZ07,1990,CH4_AWB,4.73745062797231e-05
Central Asia,Root_Tuber,Root_TuberAEZ08,Root_TuberAEZ08,1990,CH4_AWB,0.000108490276715172
Central Asia,Root_Tuber,Root_TuberAEZ09,Root_TuberAEZ09,1990,CH4_AWB,4.34786262077533e-05
Central Asia,Root_Tuber,Root_TuberAEZ10,Root_TuberAEZ10,1990,CH4_AWB,1.29164339951015e-05
Central Asia,Root_Tuber,Root_TuberAEZ11,Root_TuberAEZ11,1990,CH4_AWB,2.12156068999217e-06
Central Asia,Root_Tuber,Root_TuberAEZ12,Root_TuberAEZ12,1990,CH4_AWB,5.57146362683811e-06
Central Asia,Root_Tuber,Root_TuberAEZ13,Root_TuberAEZ13,1990,CH4_AWB,0.000105634739078307
Central Asia,Root_Tuber,Root_TuberAEZ14,Root_TuberAEZ14,1990,CH4_AWB,6.72663217198844e-05
Central Asia,Root_Tuber,Root_TuberAEZ15,Root_TuberAEZ15,1990,CH4_AWB,1.21743306427052e-05
Central Asia,Root_Tuber,Root_TuberAEZ16,Root_TuberAEZ16,1990,CH4_AWB,3.76488241493266e-06
Central Asia,SugarCrop,SugarCropAEZ07,SugarCropAEZ07,1990,CH4_AWB,2.93076890009746e-05
Central Asia,SugarCrop,SugarCropAEZ08,SugarCropAEZ08,1990,CH4_AWB,5.09059055855932e-05
Central Asia,SugarCrop,SugarCropAEZ09,SugarCropAEZ09,1990,CH4_AWB,4.73310651549165e-06
Central Asia,SugarCrop,SugarCropAEZ10,SugarCropAEZ10,1990,CH4_AWB,0
Central Asia,SugarCrop,SugarCropAEZ11,SugarCropAEZ11,1990,CH4_AWB,0
Central Asia,SugarCrop,SugarCropAEZ12,SugarCropAEZ12,1990,CH4_AWB,0
Central Asia,SugarCrop,SugarCropAEZ13,SugarCropAEZ13,1990,CH4_AWB,3.63897858143849e-05
Central Asia,SugarCrop,SugarCropAEZ14,SugarCropAEZ14,1990,CH4_AWB,6.1101981871173e-05
Central Asia,SugarCrop,SugarCropAEZ15,SugarCropAEZ15,1990,CH4_AWB,8.78147991366464e-07
Central Asia,SugarCrop,SugarCropAEZ16,SugarCropAEZ16,1990,CH4_AWB,7.99225830117073e-07
Central Asia,Wheat,WheatAEZ07,WheatAEZ07,1990,CH4_AWB,0.000449080928932086
Central Asia,Wheat,WheatAEZ08,WheatAEZ08,1990,CH4_AWB,0.000486959820070854
Central Asia,Wheat,WheatAEZ09,WheatAEZ09,1990,CH4_AWB,0.000114652295853341
Central Asia,Wheat,WheatAEZ10,WheatAEZ10,1990,CH4_AWB,1.10745312844282e-05
Central Asia,Wheat,WheatAEZ11,WheatAEZ11,1990,CH4_AWB,2.06640722592267e-06
Central Asia,Wheat,WheatAEZ12,WheatAEZ12,1990,CH4_AWB,5.49609845212303e-06
Central Asia,Wheat,WheatAEZ13,WheatAEZ13,1990,CH4_AWB,0.000985402376616302
Central Asia,Wheat,WheatAEZ14,WheatAEZ14,1990,CH4_AWB,0.000168457379963476
Central Asia,Wheat,WheatAEZ15,WheatAEZ15,1990,CH4_AWB,1.85398452505296e-05
Central Asia,Wheat,WheatAEZ16,WheatAEZ16,1990,CH4_AWB,3.45631061227426e-06
Central Asia,Corn,CornAEZ07,CornAEZ07,1990,CO_AWB,0.0009966187748167
Central Asia,Corn,CornAEZ08,CornAEZ08,1990,CO_AWB,0.00282621873586439
Central Asia,Corn,CornAEZ09,CornAEZ09,1990,CO_AWB,0.00105455053411941
Central Asia,Corn,CornAEZ10,CornAEZ10,1990,CO_AWB,0.00142640808836679
Central Asia,Corn,CornAEZ11,CornAEZ11,1990,CO_AWB,0.000246165647968398
Central Asia,Corn,CornAEZ12,CornAEZ12,1990,CO_AWB,0.000654651677927074
Central Asia,Corn,CornAEZ13,CornAEZ13,1990,CO_AWB,0.00121116302086284
Central Asia,Corn,CornAEZ14,CornAEZ14,1990,CO_AWB,0.00182270151368575
Central Asia,Corn,CornAEZ15,CornAEZ15,1990,CO_AWB,0.000258788877841238
Central Asia,Corn,CornAEZ16,CornAEZ16,1990,CO_AWB,0.000424343170895928
Central Asia,FiberCrop,FiberCropAEZ07,FiberCropAEZ07,1990,CO_AWB,0.0147739246918225
Central Asia,FiberCrop,FiberCropAEZ08,FiberCropAEZ08,1990,CO_AWB,0.0177693376097641
Central Asia,FiberCrop,FiberCropAEZ09,FiberCropAEZ09,1990,CO_AWB,0.000860920515954817
Central Asia,FiberCrop,FiberCropAEZ10,FiberCropAEZ10,1990,CO_AWB,5.71115199834041e-06
Central Asia,FiberCrop,FiberCropAEZ11,FiberCropAEZ11,1990,CO_AWB,0
Central Asia,FiberCrop,FiberCropAEZ12,FiberCropAEZ12,1990,CO_AWB,0
Central Asia,FiberCrop,FiberCropAEZ13,FiberCropAEZ13,1990,CO_AWB,0.00177871239832675
Central Asia,FiberCrop,FiberCropAEZ14,FiberCropAEZ14,1990,CO_AWB,0.00128596981389175
Central Asia,FiberCrop,FiberCropAEZ15,FiberCropAEZ15,1990,CO_AWB,2.33474295227817e-05
Central Asia,FiberCrop,FiberCropAEZ16,FiberCropAEZ16,1990,CO_AWB,0
Central Asia,FodderGrass,FodderGrassAEZ07,FodderGrassAEZ07,1990,CO_AWB,0.00843924984037655
Central Asia,FodderGrass,FodderGrassAEZ08,FodderGrassAEZ08,1990,CO_AWB,0.0119776544199604
Central Asia,FodderGrass,FodderGrassAEZ09,FodderGrassAEZ09,1990,CO_AWB,0.00310984060949088
Central Asia,FodderGrass,FodderGrassAEZ10,FodderGrassAEZ10,1990,CO_AWB,7.94309345088382e-05
Central Asia,FodderGrass,FodderGrassAEZ11,FodderGrassAEZ11,1990,CO_AWB,9.08520660725382e-06
Central Asia,FodderGrass,FodderGrassAEZ12,FodderGrassAEZ12,1990,CO_AWB,2.44525098740261e-05
Central Asia,FodderGrass,FodderGrassAEZ13,FodderGrassAEZ13,1990,CO_AWB,0.0115433561691113
Central Asia,FodderGrass,FodderGrassAEZ14,FodderGrassAEZ14,1990,CO_AWB,0.00429384389624733
Central Asia,FodderGrass,FodderGrassAEZ15,FodderGrassAEZ15,1990,CO_AWB,0.000815770210969963
Central Asia,FodderGrass,FodderGrassAEZ16,FodderGrassAEZ16,1990,CO_AWB,1.56910126642899e-05
Central Asia,FodderHerb,FodderHerbAEZ07,FodderHerbAEZ07,1990,CO_AWB,0.0644741692103754
Central Asia,FodderHerb,FodderHerbAEZ08,FodderHerbAEZ08,1990,CO_AWB,0.0838191995494626
Central Asia,FodderHerb,FodderHerbAEZ09,FodderHerbAEZ09,1990,CO_AWB,0.0030972283100149
Central Asia,FodderHerb,FodderHerbAEZ10,FodderHerbAEZ10,1990,CO_AWB,1.40710131473068e-05
Central Asia,FodderHerb,FodderHerbAEZ11,FodderHerbAEZ11,1990,CO_AWB,0
Central Asia,FodderHerb,FodderHerbAEZ12,FodderHerbAEZ12,1990,CO_AWB,0
Central Asia,FodderHerb,FodderHerbAEZ13,FodderHerbAEZ13,1990,CO_AWB,0.0386720548179512
Central Asia,FodderHerb,FodderHerbAEZ14,FodderHerbAEZ14,1990,CO_AWB,0.00961062789471697
Central Asia,FodderHerb,FodderHerbAEZ15,FodderHerbAEZ15,1990,CO_AWB,0.000577068932922658
Central Asia,FodderHerb,FodderHerbAEZ16,FodderHerbAEZ16,1990,CO_AWB,0.000132305298116622
Central Asia,MiscCrop,MiscCropAEZ07,MiscCropAEZ07,1990,CO_AWB,0.0178197474416264
Central Asia,MiscCrop,MiscCropAEZ08,MiscCropAEZ08,1990,CO_AWB,0.0322029267521611
Central Asia,MiscCrop,MiscCropAEZ09,MiscCropAEZ09,1990,CO_AWB,0.0116374888714472
Central Asia,MiscCrop,MiscCropAEZ10,MiscCropAEZ10,1990,CO_AWB,0.00322600734696279
Central Asia,MiscCrop,MiscCropAEZ11,MiscCropAEZ11,1990,CO_AWB,0.00057746095999969
Central Asia,MiscCrop,MiscCropAEZ12,MiscCropAEZ12,1990,CO_AWB,0.0016285919883195
Central Asia,MiscCrop,MiscCropAEZ13,MiscCropAEZ13,1990,CO_AWB,0.00154321185815316
Central Asia,MiscCrop,MiscCropAEZ14,MiscCropAEZ14,1990,CO_AWB,0.00256724560920203
Central Asia,MiscCrop,MiscCropAEZ15,MiscCropAEZ15,1990,CO_AWB,0.00100861093625352
Central Asia,MiscCrop,MiscCropAEZ16,MiscCropAEZ16,1990,CO_AWB,0.000914544290329484
Central Asia,OilCrop,OilCropAEZ07,OilCropAEZ07,1990,CO_AWB,0.000127729385407485
Central Asia,OilCrop,OilCropAEZ08,OilCropAEZ08,1990,CO_AWB,0.000171795223295005
Central Asia,OilCrop,OilCropAEZ09,OilCropAEZ09,1990,CO_AWB,2.08471622259301e-05
Central Asia,OilCrop,OilCropAEZ10,OilCropAEZ10,1990,CO_AWB,4.03116254417956e-05
Central Asia,OilCrop,OilCropAEZ11,OilCropAEZ11,1990,CO_AWB,8.10745769699622e-06
Central Asia,OilCrop,OilCropAEZ12,OilCropAEZ12,1990,CO_AWB,2.36782076768043e-05
Central Asia,OilCrop,OilCropAEZ13,OilCropAEZ13,1990,CO_AWB,0.000325447137917885
Central Asia,OilCrop,OilCropAEZ14,OilCropAEZ14,1990,CO_AWB,0.000444420797249767
Central Asia,OilCrop,OilCropAEZ15,OilCropAEZ15,1990,CO_AWB,6.63654495186809e-05
Central Asia,OilCrop,OilCropAEZ16,OilCropAEZ16,1990,CO_AWB,1.45203910878895e-05
Central Asia,OtherGrain,OtherGrainAEZ07,OtherGrainAEZ07,1990,CO_AWB,0.00690237376053924
Central Asia,OtherGrain,OtherGrainAEZ08,OtherGrainAEZ08,1990,CO_AWB,0.0083720390493501
Central Asia,OtherGrain,OtherGrainAEZ09,OtherGrainAEZ09,1990,CO_AWB,0.00265769564019241
Central Asia,OtherGrain,OtherGrainAEZ10,OtherGrainAEZ10,1990,CO_AWB,0.000335742368998801
Central Asia,OtherGrain,OtherGrainAEZ11,OtherGrainAEZ11,1990,CO_AWB,5.36315931642578e-05
Central Asia,OtherGrain,OtherGrainAEZ12,OtherGrainAEZ12,1990,CO_AWB,0.00014552980388962
Central Asia,OtherGrain,OtherGrainAEZ13,OtherGrainAEZ13,1990,CO_AWB,0.0261115250430442
Central Asia,OtherGrain,OtherGrainAEZ14,OtherGrainAEZ14,1990,CO_AWB,0.00579921149118544
Central Asia,OtherGrain,OtherGrainAEZ15,OtherGrainAEZ15,1990,CO_AWB,0.000661307935974733
Central Asia,OtherGrain,OtherGrainAEZ16,OtherGrainAEZ16,1990,CO_AWB,0.000123150049214894
Central Asia,PalmFruit,PalmFruitAEZ07,PalmFruitAEZ07,1990,CO_AWB,0
Central Asia,PalmFruit,PalmFruitAEZ08,PalmFruitAEZ08,1990,CO_AWB,0
Central Asia,PalmFruit,PalmFruitAEZ09,PalmFruitAEZ09,1990,CO_AWB,0
Central Asia,PalmFruit,PalmFruitAEZ10,PalmFruitAEZ10,1990,CO_AWB,0
Central Asia,PalmFruit,PalmFruitAEZ11,PalmFruitAEZ11,1990,CO_AWB,0
Central Asia,PalmFruit,PalmFruitAEZ12,PalmFruitAEZ12,1990,CO_AWB,0
Central Asia,PalmFruit,PalmFruitAEZ13,PalmFruitAEZ13,1990,CO_AWB,0
Central Asia,PalmFruit,PalmFruitAEZ14,PalmFruitAEZ14,1990,CO_AWB,0
Central Asia,PalmFruit,PalmFruitAEZ15,PalmFruitAEZ15,1990,CO_AWB,0
Central Asia,PalmFruit,PalmFruitAEZ16,PalmFruitAEZ16,1990,CO_AWB,0
Central Asia,Rice,RiceAEZ07,RiceAEZ07,1990,CO_AWB,0.0030357338578613
Central Asia,Rice,RiceAEZ08,RiceAEZ08,1990,CO_AWB,0.00230663586244775
Central Asia,Rice,RiceAEZ09,RiceAEZ09,1990,CO_AWB,6.90859583989828e-05
Central Asia,Rice,RiceAEZ10,RiceAEZ10,1990,CO_AWB,1.00962737160828e-06
Central Asia,Rice,RiceAEZ11,RiceAEZ11,1990,CO_AWB,0
Central Asia,Rice,RiceAEZ12,RiceAEZ12,1990,CO_AWB,0
Central Asia,Rice,RiceAEZ13,RiceAEZ13,1990,CO_AWB,8.51909853072583e-05
Central Asia,Rice,RiceAEZ14,RiceAEZ14,1990,CO_AWB,0.00013185929517354
Central Asia,Rice,RiceAEZ15,RiceAEZ15,1990,CO_AWB,1.6595137282843e-05
Central Asia,Rice,RiceAEZ16,RiceAEZ16,1990,CO_AWB,0
Central Asia,Root_Tuber,Root_TuberAEZ07,Root_TuberAEZ07,1990,CO_AWB,0.00206364305670377
Central Asia,Root_Tuber,Root_TuberAEZ08,Root_TuberAEZ08,1990,CO_AWB,0.00472585835388348
Central Asia,Root_Tuber,Root_TuberAEZ09,Root_TuberAEZ09,1990,CO_AWB,0.0018939377343348
Central Asia,Root_Tuber,Root_TuberAEZ10,Root_TuberAEZ10,1990,CO_AWB,0.000562642472176481
Central Asia,Root_Tuber,Root_TuberAEZ11,Root_TuberAEZ11,1990,CO_AWB,9.24156119206225e-05
Central Asia,Root_Tuber,Root_TuberAEZ12,Root_TuberAEZ12,1990,CO_AWB,0.00024269408025732
Central Asia,Root_Tuber,Root_TuberAEZ13,Root_TuberAEZ13,1990,CO_AWB,0.00460147055799429
Central Asia,Root_Tuber,Root_TuberAEZ14,Root_TuberAEZ14,1990,CO_AWB,0.00293013455269834
Central Asia,Root_Tuber,Root_TuberAEZ15,Root_TuberAEZ15,1990,CO_AWB,0.000530316300342907
Central Asia,Root_Tuber,Root_TuberAEZ16,Root_TuberAEZ16,1990,CO_AWB,0.000163999037984851
Central Asia,SugarCrop,SugarCropAEZ07,SugarCropAEZ07,1990,CO_AWB,0.0012766488490199
Central Asia,SugarCrop,SugarCropAEZ08,SugarCropAEZ08,1990,CO_AWB,0.00221747152332626
Central Asia,SugarCrop,SugarCropAEZ09,SugarCropAEZ09,1990,CO_AWB,0.000206175075253804
Central Asia,SugarCrop,SugarCropAEZ10,SugarCropAEZ10,1990,CO_AWB,0
Central Asia,SugarCrop,SugarCropAEZ11,SugarCropAEZ11,1990,CO_AWB,0
Central Asia,SugarCrop,SugarCropAEZ12,SugarCropAEZ12,1990,CO_AWB,0
Central Asia,SugarCrop,SugarCropAEZ13,SugarCropAEZ13,1990,CO_AWB,0.00158514641582522
Central Asia,SugarCrop,SugarCropAEZ14,SugarCropAEZ14,1990,CO_AWB,0.00266161466453646
Central Asia,SugarCrop,SugarCropAEZ15,SugarCropAEZ15,1990,CO_AWB,3.82523037694939e-05
Central Asia,SugarCrop,SugarCropAEZ16,SugarCropAEZ16,1990,CO_AWB,3.48144384940077e-05
Central Asia,Wheat,WheatAEZ07,WheatAEZ07,1990,CO_AWB,0.0195620559170964
Central Asia,Wheat,WheatAEZ08,WheatAEZ08,1990,CO_AWB,0.021212068061447
Central Asia,Wheat,WheatAEZ09,WheatAEZ09,1990,CO_AWB,0.00499427715142569
Central Asia,Wheat,WheatAEZ10,WheatAEZ10,1990,CO_AWB,0.000482408818287583
Central Asia,Wheat,WheatAEZ11,WheatAEZ11,1990,CO_AWB,9.00131158923127e-05
Central Asia,Wheat,WheatAEZ12,WheatAEZ12,1990,CO_AWB,0.000239411158033293
Central Asia,Wheat,WheatAEZ13,WheatAEZ13,1990,CO_AWB,0.0429243264416666
Central Asia,Wheat,WheatAEZ14,WheatAEZ14,1990,CO_AWB,0.00733803747651779
Central Asia,Wheat,WheatAEZ15,WheatAEZ15,1990,CO_AWB,0.000807599401621486
Central Asia,Wheat,WheatAEZ16,WheatAEZ16,1990,CO_AWB,0.000150557587971828
Central Asia,Corn,CornAEZ07,CornAEZ07,1990,N2O_AWB,5.95276559566256e-07
Central Asia,Corn,CornAEZ08,CornAEZ08,1990,N2O_AWB,1.6880895766553e-06
Central Asia,Corn,CornAEZ09,CornAEZ09,1990,N2O_AWB,6.29878976497122e-07
Central Asia,Corn,CornAEZ10,CornAEZ10,1990,N2O_AWB,8.51988062874528e-07
Central Asia,Corn,CornAEZ11,CornAEZ11,1990,N2O_AWB,1.47033794374361e-07
Central Asia,Corn,CornAEZ12,CornAEZ12,1990,N2O_AWB,3.91020928360877e-07
Central Asia,Corn,CornAEZ13,CornAEZ13,1990,N2O_AWB,7.23423012240269e-07
Central Asia,Corn,CornAEZ14,CornAEZ14,1990,N2O_AWB,1.08869260102251e-06
Central Asia,Corn,CornAEZ15,CornAEZ15,1990,N2O_AWB,1.54573601007745e-07
Central Asia,Corn,CornAEZ16,CornAEZ16,1990,N2O_AWB,2.53458543255743e-07
Central Asia,FiberCrop,FiberCropAEZ07,FiberCropAEZ07,1990,N2O_AWB,8.8244083736598e-06
Central Asia,FiberCrop,FiberCropAEZ08,FiberCropAEZ08,1990,N2O_AWB,1.06135569842713e-05
Central Asia,FiberCrop,FiberCropAEZ09,FiberCropAEZ09,1990,N2O_AWB,5.14224511666306e-07
Central Asia,FiberCrop,FiberCropAEZ10,FiberCropAEZ10,1990,N2O_AWB,3.41124911414328e-09
Central Asia,FiberCrop,FiberCropAEZ11,FiberCropAEZ11,1990,N2O_AWB,0
Central Asia,FiberCrop,FiberCropAEZ12,FiberCropAEZ12,1990,N2O_AWB,0
Central Asia,FiberCrop,FiberCropAEZ13,FiberCropAEZ13,1990,N2O_AWB,1.06241807167293e-06
Central Asia,FiberCrop,FiberCropAEZ14,FiberCropAEZ14,1990,N2O_AWB,7.68104821886717e-07
Central Asia,FiberCrop,FiberCropAEZ15,FiberCropAEZ15,1990,N2O_AWB,1.39453298214188e-08
Central Asia,FiberCrop,FiberCropAEZ16,FiberCropAEZ16,1990,N2O_AWB,0
Central Asia,FodderGrass,FodderGrassAEZ07,FodderGrassAEZ07,1990,N2O_AWB,5.04073145844899e-06
Central Asia,FodderGrass,FodderGrassAEZ08,FodderGrassAEZ08,1990,N2O_AWB,7.15420689932213e-06
Central Asia,FodderGrass,FodderGrassAEZ09,FodderGrassAEZ09,1990,N2O_AWB,1.85749583049711e-06
Central Asia,FodderGrass,FodderGrassAEZ10,FodderGrassAEZ10,1990,N2O_AWB,4.7443791560369e-08
Central Asia,FodderGrass,FodderGrassAEZ11,FodderGrassAEZ11,1990,N2O_AWB,5.42655894989473e-09
Central Asia,FodderGrass,FodderGrassAEZ12,FodderGrassAEZ12,1990,N2O_AWB,1.4605390063264e-08
Central Asia,FodderGrass,FodderGrassAEZ13,FodderGrassAEZ13,1990,N2O_AWB,6.89480222511395e-06
Central Asia,FodderGrass,FodderGrassAEZ14,FodderGrassAEZ14,1990,N2O_AWB,2.56469643805656e-06
Central Asia,FodderGrass,FodderGrassAEZ15,FodderGrassAEZ15,1990,N2O_AWB,4.8725640822104e-07
Central Asia,FodderGrass,FodderGrassAEZ16,FodderGrassAEZ16,1990,N2O_AWB,9.37218149098887e-09
Central Asia,FodderHerb,FodderHerbAEZ07,FodderHerbAEZ07,1990,N2O_AWB,3.8510173195868e-05
Central Asia,FodderHerb,FodderHerbAEZ08,FodderHerbAEZ08,1990,N2O_AWB,5.00648853846633e-05
Central Asia,FodderHerb,FodderHerbAEZ09,FodderHerbAEZ09,1990,N2O_AWB,1.84996255254772e-06
Central Asia,FodderHerb,FodderHerbAEZ10,FodderHerbAEZ10,1990,N2O_AWB,8.4045620126722e-09
Central Asia,FodderHerb,FodderHerbAEZ11,FodderHerbAEZ11,1990,N2O_AWB,0
Central Asia,FodderHerb,FodderHerbAEZ12,FodderHerbAEZ12,1990,N2O_AWB,0
Central Asia,FodderHerb,FodderHerbAEZ13,FodderHerbAEZ13,1990,N2O_AWB,2.30986695465592e-05
Central Asia,FodderHerb,FodderHerbAEZ14,FodderHerbAEZ14,1990,N2O_AWB,5.74039106326371e-06
Central Asia,FodderHerb,FodderHerbAEZ15,FodderHerbAEZ15,1990,N2O_AWB,3.44681053280329e-07
Central Asia,FodderHerb,FodderHerbAEZ16,FodderHerbAEZ16,1990,N2O_AWB,7.90254455017026e-08
Central Asia,MiscCrop,MiscCropAEZ07,MiscCropAEZ07,1990,N2O_AWB,1.06436665828836e-05
Central Asia,MiscCrop,MiscCropAEZ08,MiscCropAEZ08,1990,N2O_AWB,1.92346842437484e-05
Central Asia,MiscCrop,MiscCropAEZ09,MiscCropAEZ09,1990,N2O_AWB,6.95102732603025e-06
Central Asia,MiscCrop,MiscCropAEZ10,MiscCropAEZ10,1990,N2O_AWB,1.92688177582112e-06
Central Asia,MiscCrop,MiscCropAEZ11,MiscCropAEZ11,1990,N2O_AWB,3.4491520954506e-07
Central Asia,MiscCrop,MiscCropAEZ12,MiscCropAEZ12,1990,N2O_AWB,9.72751728385114e-07
Central Asia,MiscCrop,MiscCropAEZ13,MiscCropAEZ13,1990,N2O_AWB,9.2175450514889e-07
Central Asia,MiscCrop,MiscCropAEZ14,MiscCropAEZ14,1990,N2O_AWB,1.53340592453562e-06
Central Asia,MiscCrop,MiscCropAEZ15,MiscCropAEZ15,1990,N2O_AWB,6.02439431450932e-07
Central Asia,MiscCrop,MiscCropAEZ16,MiscCropAEZ16,1990,N2O_AWB,5.46253785775235e-07
Central Asia,OilCrop,OilCropAEZ07,OilCropAEZ07,1990,N2O_AWB,7.62922704470064e-08
Central Asia,OilCrop,OilCropAEZ08,OilCropAEZ08,1990,N2O_AWB,1.02612625867676e-07
Central Asia,OilCrop,OilCropAEZ09,OilCropAEZ09,1990,N2O_AWB,1.24519297851415e-08
Central Asia,OilCrop,OilCropAEZ10,OilCropAEZ10,1990,N2O_AWB,2.40779787717015e-08
Central Asia,OilCrop,OilCropAEZ11,OilCropAEZ11,1990,N2O_AWB,4.84255328782514e-09
Central Asia,OilCrop,OilCropAEZ12,OilCropAEZ12,1990,N2O_AWB,1.41429023401007e-08
Central Asia,OilCrop,OilCropAEZ13,OilCropAEZ13,1990,N2O_AWB,1.94388323274438e-07
Central Asia,OilCrop,OilCropAEZ14,OilCropAEZ14,1990,N2O_AWB,2.65450832225383e-07
Central Asia,OilCrop,OilCropAEZ15,OilCropAEZ15,1990,N2O_AWB,3.96398276470504e-08
Central Asia,OilCrop,OilCropAEZ16,OilCropAEZ16,1990,N2O_AWB,8.67297372753705e-09
Central Asia,OtherGrain,OtherGrainAEZ07,OtherGrainAEZ07,1990,N2O_AWB,4.12276128931035e-06
Central Asia,OtherGrain,OtherGrainAEZ08,OtherGrainAEZ08,1990,N2O_AWB,5.00058671157192e-06
Central Asia,OtherGrain,OtherGrainAEZ09,OtherGrainAEZ09,1990,N2O_AWB,1.58743138002688e-06
Central Asia,OtherGrain,OtherGrainAEZ10,OtherGrainAEZ10,1990,N2O_AWB,2.00537625186711e-07
Central Asia,OtherGrain,OtherGrainAEZ11,OtherGrainAEZ11,1990,N2O_AWB,3.20339442418676e-08
Central Asia,OtherGrain,OtherGrainAEZ12,OtherGrainAEZ12,1990,N2O_AWB,8.69243919167567e-08
Central Asia,OtherGrain,OtherGrainAEZ13,OtherGrainAEZ13,1990,N2O_AWB,1.55963134404229e-05
Central Asia,OtherGrain,OtherGrainAEZ14,OtherGrainAEZ14,1990,N2O_AWB,3.46384671039826e-06
Central Asia,OtherGrain,OtherGrainAEZ15,OtherGrainAEZ15,1990,N2O_AWB,3.94996685681849e-07
Central Asia,OtherGrain,OtherGrainAEZ16,OtherGrainAEZ16,1990,N2O_AWB,7.35570505588163e-08
Central Asia,PalmFruit,PalmFruitAEZ07,PalmFruitAEZ07,1990,N2O_AWB,0
Central Asia,PalmFruit,PalmFruitAEZ08,PalmFruitAEZ08,1990,N2O_AWB,0
Central Asia,PalmFruit,PalmFruitAEZ09,PalmFruitAEZ09,1990,N2O_AWB,0
Central Asia,PalmFruit,PalmFruitAEZ10,PalmFruitAEZ10,1990,N2O_AWB,0
Central Asia,PalmFruit,PalmFruitAEZ11,PalmFruitAEZ11,1990,N2O_AWB,0
Central Asia,PalmFruit,PalmFruitAEZ12,PalmFruitAEZ12,1990,N2O_AWB,0
Central Asia,PalmFruit,PalmFruitAEZ13,PalmFruitAEZ13,1990,N2O_AWB,0
Central Asia,PalmFruit,PalmFruitAEZ14,PalmFruitAEZ14,1990,N2O_AWB,0
Central Asia,PalmFruit,PalmFruitAEZ15,PalmFruitAEZ15,1990,N2O_AWB,0
Central Asia,PalmFruit,PalmFruitAEZ16,PalmFruitAEZ16,1990,N2O_AWB,0
Central Asia,Rice,RiceAEZ07,RiceAEZ07,1990,N2O_AWB,1.81323215288498e-06
Central Asia,Rice,RiceAEZ08,RiceAEZ08,1990,N2O_AWB,1.37774472553217e-06
Central Asia,Rice,RiceAEZ09,RiceAEZ09,1990,N2O_AWB,4.12647771337118e-08
Central Asia,Rice,RiceAEZ10,RiceAEZ10,1990,N2O_AWB,6.03046544377452e-10
Central Asia,Rice,RiceAEZ11,RiceAEZ11,1990,N2O_AWB,0
Central Asia,Rice,RiceAEZ12,RiceAEZ12,1990,N2O_AWB,0
Central Asia,Rice,RiceAEZ13,RiceAEZ13,1990,N2O_AWB,5.08842477396548e-08
Central Asia,Rice,RiceAEZ14,RiceAEZ14,1990,N2O_AWB,7.87590496598594e-08
Central Asia,Rice,RiceAEZ15,RiceAEZ15,1990,N2O_AWB,9.91221164690318e-09
Central Asia,Rice,RiceAEZ16,RiceAEZ16,1990,N2O_AWB,0
Central Asia,Root_Tuber,Root_TuberAEZ07,Root_TuberAEZ07,1990,N2O_AWB,1.23260605761049e-06
Central Asia,Root_Tuber,Root_TuberAEZ08,Root_TuberAEZ08,1990,N2O_AWB,2.82273701136587e-06
Central Asia,Root_Tuber,Root_TuberAEZ09,Root_TuberAEZ09,1990,N2O_AWB,1.13124172152475e-06
Central Asia,Root_Tuber,Root_TuberAEZ10,Root_TuberAEZ10,1990,N2O_AWB,3.36064183784486e-07
Central Asia,Root_Tuber,Root_TuberAEZ11,Root_TuberAEZ11,1990,N2O_AWB,5.51994894180441e-08
Central Asia,Root_Tuber,Root_TuberAEZ12,Root_TuberAEZ12,1990,N2O_AWB,1.44960240337882e-07
Central Asia,Root_Tuber,Root_TuberAEZ13,Root_TuberAEZ13,1990,N2O_AWB,2.74844065948091e-06
Central Asia,Root_Tuber,Root_TuberAEZ14,Root_TuberAEZ14,1990,N2O_AWB,1.75015809421941e-06
Central Asia,Root_Tuber,Root_TuberAEZ15,Root_TuberAEZ15,1990,N2O_AWB,3.16755885727812e-07
Central Asia,Root_Tuber,Root_TuberAEZ16,Root_TuberAEZ16,1990,N2O_AWB,9.79559943788471e-08
Central Asia,SugarCrop,SugarCropAEZ07,SugarCropAEZ07,1990,N2O_AWB,7.62537445432493e-07
Central Asia,SugarCrop,SugarCropAEZ08,SugarCropAEZ08,1990,N2O_AWB,1.32448720884731e-06
Central Asia,SugarCrop,SugarCropAEZ09,SugarCropAEZ09,1990,N2O_AWB,1.23147579161321e-07
Central Asia,SugarCrop,SugarCropAEZ10,SugarCropAEZ10,1990,N2O_AWB,0
Central Asia,SugarCrop,SugarCropAEZ11,SugarCropAEZ11,1990,N2O_AWB,0
Central Asia,SugarCrop,SugarCropAEZ12,SugarCropAEZ12,1990,N2O_AWB,0
Central Asia,SugarCrop,SugarCropAEZ13,SugarCropAEZ13,1990,N2O_AWB,9.46801855097272e-07
Central Asia,SugarCrop,SugarCropAEZ14,SugarCropAEZ14,1990,N2O_AWB,1.58977219818858e-06
Central Asia,SugarCrop,SugarCropAEZ15,SugarCropAEZ15,1990,N2O_AWB,2.28479538603672e-08
Central Asia,SugarCrop,SugarCropAEZ16,SugarCropAEZ16,1990,N2O_AWB,2.07945301589924e-08
Central Asia,Wheat,WheatAEZ07,WheatAEZ07,1990,N2O_AWB,1.16843407315035e-05
Central Asia,Wheat,WheatAEZ08,WheatAEZ08,1990,N2O_AWB,1.26698866366689e-05
Central Asia,Wheat,WheatAEZ09,WheatAEZ09,1990,N2O_AWB,2.98306252635853e-06
Central Asia,Wheat,WheatAEZ10,WheatAEZ10,1990,N2O_AWB,2.88140931026984e-07
Central Asia,Wheat,WheatAEZ11,WheatAEZ11,1990,N2O_AWB,5.37644877842781e-08
Central Asia,Wheat,WheatAEZ12,WheatAEZ12,1990,N2O_AWB,1.42999363524978e-07
Central Asia,Wheat,WheatAEZ13,WheatAEZ13,1990,N2O_AWB,2.56385350261877e-05
Central Asia,Wheat,WheatAEZ14,WheatAEZ14,1990,N2O_AWB,4.38298155058655e-06
Central Asia,Wheat,WheatAEZ15,WheatAEZ15,1990,N2O_AWB,4.8237601523554e-07
Central Asia,Wheat,WheatAEZ16,WheatAEZ16,1990,N2O_AWB,8.99274680039491e-08
Central Asia,Corn,CornAEZ07,CornAEZ07,1990,NH3_AWB,1.10477411383315e-05
Central Asia,Corn,CornAEZ08,CornAEZ08,1990,NH3_AWB,3.1329264291529e-05
Central Asia,Corn,CornAEZ09,CornAEZ09,1990,NH3_AWB,1.16899275958183e-05
Central Asia,Corn,CornAEZ10,CornAEZ10,1990,NH3_AWB,1.58120514243743e-05
Central Asia,Corn,CornAEZ11,CornAEZ11,1990,NH3_AWB,2.7288010467239e-06
Central Asia,Corn,CornAEZ12,CornAEZ12,1990,NH3_AWB,7.25695968836516e-06
Central Asia,Corn,CornAEZ13,CornAEZ13,1990,NH3_AWB,1.3426011900361e-05
Central Asia,Corn,CornAEZ14,CornAEZ14,1990,NH3_AWB,2.02050523274044e-05
Central Asia,Corn,CornAEZ15,CornAEZ15,1990,NH3_AWB,2.86873236197574e-06
Central Asia,Corn,CornAEZ16,CornAEZ16,1990,NH3_AWB,4.70393858146932e-06
Central Asia,FiberCrop,FiberCropAEZ07,FiberCropAEZ07,1990,NH3_AWB,0.000163772246436435
Central Asia,FiberCrop,FiberCropAEZ08,FiberCropAEZ08,1990,NH3_AWB,0.000196977065928141
Central Asia,FiberCrop,FiberCropAEZ09,FiberCropAEZ09,1990,NH3_AWB,9.5434957089755e-06
Central Asia,FiberCrop,FiberCropAEZ10,FiberCropAEZ10,1990,NH3_AWB,6.33093921905434e-08
Central Asia,FiberCrop,FiberCropAEZ11,FiberCropAEZ11,1990,NH3_AWB,0
Central Asia,FiberCrop,FiberCropAEZ12,FiberCropAEZ12,1990,NH3_AWB,0
Central Asia,FiberCrop,FiberCropAEZ13,FiberCropAEZ13,1990,NH3_AWB,1.97174231840744e-05
Central Asia,FiberCrop,FiberCropAEZ14,FiberCropAEZ14,1990,NH3_AWB,1.42552618660002e-05
Central Asia,FiberCrop,FiberCropAEZ15,FiberCropAEZ15,1990,NH3_AWB,2.58811457430722e-07
Central Asia,FiberCrop,FiberCropAEZ16,FiberCropAEZ16,1990,NH3_AWB,0
Central Asia,FodderGrass,FodderGrassAEZ07,FodderGrassAEZ07,1990,NH3_AWB,9.35509645153266e-05
Central Asia,FodderGrass,FodderGrassAEZ08,FodderGrassAEZ08,1990,NH3_AWB,0.000132774967540073
Central Asia,FodderGrass,FodderGrassAEZ09,FodderGrassAEZ09,1990,NH3_AWB,3.44732759438985e-05
Central Asia,FodderGrass,FodderGrassAEZ10,FodderGrassAEZ10,1990,NH3_AWB,8.80509604076848e-07
Central Asia,FodderGrass,FodderGrassAEZ11,FodderGrassAEZ11,1990,NH3_AWB,1.00711539177716e-07
Central Asia,FodderGrass,FodderGrassAEZ12,FodderGrassAEZ12,1990,NH3_AWB,2.71061519306036e-07
Central Asia,FodderGrass,FodderGrassAEZ13,FodderGrassAEZ13,1990,NH3_AWB,0.000127960674679603
Central Asia,FodderGrass,FodderGrassAEZ14,FodderGrassAEZ14,1990,NH3_AWB,4.7598216141242e-05
Central Asia,FodderGrass,FodderGrassAEZ15,FodderGrassAEZ15,1990,NH3_AWB,9.04299451996155e-06
Central Asia,FodderGrass,FodderGrassAEZ16,FodderGrassAEZ16,1990,NH3_AWB,1.73938370913431e-07
Central Asia,FodderHerb,FodderHerbAEZ07,FodderHerbAEZ07,1990,NH3_AWB,0.000714710528783903
Central Asia,FodderHerb,FodderHerbAEZ08,FodderHerbAEZ08,1990,NH3_AWB,0.000929154499637965
Central Asia,FodderHerb,FodderHerbAEZ09,FodderHerbAEZ09,1990,NH3_AWB,3.43334657945309e-05
Central Asia,FodderHerb,FodderHerbAEZ10,FodderHerbAEZ10,1990,NH3_AWB,1.55980315375952e-07
Central Asia,FodderHerb,FodderHerbAEZ11,FodderHerbAEZ11,1990,NH3_AWB,0
Central Asia,FodderHerb,FodderHerbAEZ12,FodderHerbAEZ12,1990,NH3_AWB,0
Central Asia,FodderHerb,FodderHerbAEZ13,FodderHerbAEZ13,1990,NH3_AWB,0.000428688342736336
Central Asia,FodderHerb,FodderHerbAEZ14,FodderHerbAEZ14,1990,NH3_AWB,0.000106535951198781
Central Asia,FodderHerb,FodderHerbAEZ15,FodderHerbAEZ15,1990,NH3_AWB,6.39693767667106e-06
Central Asia,FodderHerb,FodderHerbAEZ16,FodderHerbAEZ16,1990,NH3_AWB,1.46663370363562e-06
Central Asia,MiscCrop,MiscCropAEZ07,MiscCropAEZ07,1990,NH3_AWB,0.00019753587014427
Central Asia,MiscCrop,MiscCropAEZ08,MiscCropAEZ08,1990,NH3_AWB,0.000356976616981714
Central Asia,MiscCrop,MiscCropAEZ09,MiscCropAEZ09,1990,NH3_AWB,0.000129004156655195
Central Asia,MiscCrop,MiscCropAEZ10,MiscCropAEZ10,1990,NH3_AWB,3.57610101075563e-05
Central Asia,MiscCrop,MiscCropAEZ11,MiscCropAEZ11,1990,NH3_AWB,6.40128338415291e-06
Central Asia,MiscCrop,MiscCropAEZ12,MiscCropAEZ12,1990,NH3_AWB,1.805330499641e-05
Central Asia,MiscCrop,MiscCropAEZ13,MiscCropAEZ13,1990,NH3_AWB,1.71068472331512e-05
Central Asia,MiscCrop,MiscCropAEZ14,MiscCropAEZ14,1990,NH3_AWB,2.84584894903255e-05
Central Asia,MiscCrop,MiscCropAEZ15,MiscCropAEZ15,1990,NH3_AWB,1.11806769193852e-05
Central Asia,MiscCrop,MiscCropAEZ16,MiscCropAEZ16,1990,NH3_AWB,1.01379271938335e-05
Central Asia,OilCrop,OilCropAEZ07,OilCropAEZ07,1990,NH3_AWB,1.41590869186626e-06
Central Asia,OilCrop,OilCropAEZ08,OilCropAEZ08,1990,NH3_AWB,1.90438832151656e-06
Central Asia,OilCrop,OilCropAEZ09,OilCropAEZ09,1990,NH3_AWB,2.31095437453742e-07
Central Asia,OilCrop,OilCropAEZ10,OilCropAEZ10,1990,NH3_AWB,4.46863348353281e-07
Central Asia,OilCrop,OilCropAEZ11,OilCropAEZ11,1990,NH3_AWB,8.9872974691713e-08
Central Asia,OilCrop,OilCropAEZ12,OilCropAEZ12,1990,NH3_AWB,2.62478206956416e-07
Central Asia,OilCrop,OilCropAEZ13,OilCropAEZ13,1990,NH3_AWB,3.60765402456816e-06
Central Asia,OilCrop,OilCropAEZ14,OilCropAEZ14,1990,NH3_AWB,4.92650354234934e-06
Central Asia,OilCrop,OilCropAEZ15,OilCropAEZ15,1990,NH3_AWB,7.35675792327153e-07
Central Asia,OilCrop,OilCropAEZ16,OilCropAEZ16,1990,NH3_AWB,1.60961769956464e-07
Central Asia,OtherGrain,OtherGrainAEZ07,OtherGrainAEZ07,1990,NH3_AWB,7.65143507962452e-05
Central Asia,OtherGrain,OtherGrainAEZ08,OtherGrainAEZ08,1990,NH3_AWB,9.28059179240668e-05
Central Asia,OtherGrain,OtherGrainAEZ09,OtherGrainAEZ09,1990,NH3_AWB,2.94611482336544e-05
Central Asia,OtherGrain,OtherGrainAEZ10,OtherGrainAEZ10,1990,NH3_AWB,3.72177895459688e-06
Central Asia,OtherGrain,OtherGrainAEZ11,OtherGrainAEZ11,1990,NH3_AWB,5.94518157882389e-07
Central Asia,OtherGrain,OtherGrainAEZ12,OtherGrainAEZ12,1990,NH3_AWB,1.6132302961886e-06
Central Asia,OtherGrain,OtherGrainAEZ13,OtherGrainAEZ13,1990,NH3_AWB,0.000289452072037945
Central Asia,OtherGrain,OtherGrainAEZ14,OtherGrainAEZ14,1990,NH3_AWB,6.42855512859845e-05
Central Asia,OtherGrain,OtherGrainAEZ15,OtherGrainAEZ15,1990,NH3_AWB,7.33074579165626e-06
Central Asia,OtherGrain,OtherGrainAEZ16,OtherGrainAEZ16,1990,NH3_AWB,1.36514573002015e-06
Central Asia,PalmFruit,PalmFruitAEZ07,PalmFruitAEZ07,1990,NH3_AWB,0
Central Asia,PalmFruit,PalmFruitAEZ08,PalmFruitAEZ08,1990,NH3_AWB,0
Central Asia,PalmFruit,PalmFruitAEZ09,PalmFruitAEZ09,1990,NH3_AWB,0
Central Asia,PalmFruit,PalmFruitAEZ10,PalmFruitAEZ10,1990,NH3_AWB,0
Central Asia,PalmFruit,PalmFruitAEZ11,PalmFruitAEZ11,1990,NH3_AWB,0
Central Asia,PalmFruit,PalmFruitAEZ12,PalmFruitAEZ12,1990,NH3_AWB,0
Central Asia,PalmFruit,PalmFruitAEZ13,PalmFruitAEZ13,1990,NH3_AWB,0
Central Asia,PalmFruit,PalmFruitAEZ14,PalmFruitAEZ14,1990,NH3_AWB,0
Central Asia,PalmFruit,PalmFruitAEZ15,PalmFruitAEZ15,1990,NH3_AWB,0
Central Asia,PalmFruit,PalmFruitAEZ16,PalmFruitAEZ16,1990,NH3_AWB,0
Central Asia,Rice,RiceAEZ07,RiceAEZ07,1990,NH3_AWB,3.36517860931211e-05
Central Asia,Rice,RiceAEZ08,RiceAEZ08,1990,NH3_AWB,2.55695723908088e-05
Central Asia,Rice,RiceAEZ09,RiceAEZ09,1990,NH3_AWB,7.65833239320498e-07
Central Asia,Rice,RiceAEZ10,RiceAEZ10,1990,NH3_AWB,1.11919443317268e-08
Central Asia,Rice,RiceAEZ11,RiceAEZ11,1990,NH3_AWB,0
Central Asia,Rice,RiceAEZ12,RiceAEZ12,1990,NH3_AWB,0
Central Asia,Rice,RiceAEZ13,RiceAEZ13,1990,NH3_AWB,9.44361050359594e-07
Central Asia,Rice,RiceAEZ14,RiceAEZ14,1990,NH3_AWB,1.46168966165427e-06
Central Asia,Rice,RiceAEZ15,RiceAEZ15,1990,NH3_AWB,1.83960793724403e-07
Central Asia,Rice,RiceAEZ16,RiceAEZ16,1990,NH3_AWB,0
Central Asia,Root_Tuber,Root_TuberAEZ07,Root_TuberAEZ07,1990,NH3_AWB,2.28759430069652e-05
Central Asia,Root_Tuber,Root_TuberAEZ08,Root_TuberAEZ08,1990,NH3_AWB,5.23871926451803e-05
Central Asia,Root_Tuber,Root_TuberAEZ09,Root_TuberAEZ09,1990,NH3_AWB,2.09947217027867e-05
Central Asia,Root_Tuber,Root_TuberAEZ10,Root_TuberAEZ10,1990,NH3_AWB,6.23701714547759e-06
Central Asia,Root_Tuber,Root_TuberAEZ11,Root_TuberAEZ11,1990,NH3_AWB,1.02444764581855e-06
Central Asia,Root_Tuber,Root_TuberAEZ12,Root_TuberAEZ12,1990,NH3_AWB,2.69031794527597e-06
Central Asia,Root_Tuber,Root_TuberAEZ13,Root_TuberAEZ13,1990,NH3_AWB,5.10083262175394e-05
Central Asia,Root_Tuber,Root_TuberAEZ14,Root_TuberAEZ14,1990,NH3_AWB,3.24811942707438e-05
Central Asia,Root_Tuber,Root_TuberAEZ15,Root_TuberAEZ15,1990,NH3_AWB,5.87867432931277e-06
Central Asia,Root_Tuber,Root_TuberAEZ16,Root_TuberAEZ16,1990,NH3_AWB,1.817965870576e-06
Central Asia,SugarCrop,SugarCropAEZ07,SugarCropAEZ07,1990,NH3_AWB,1.41519368939389e-05
Central Asia,SugarCrop,SugarCropAEZ08,SugarCropAEZ08,1990,NH3_AWB,2.45811658282635e-05
Central Asia,SugarCrop,SugarCropAEZ09,SugarCropAEZ09,1990,NH3_AWB,2.28549663937343e-06
Central Asia,SugarCrop,SugarCropAEZ10,SugarCropAEZ10,1990,NH3_AWB,0
Central Asia,SugarCrop,SugarCropAEZ11,SugarCropAEZ11,1990,NH3_AWB,0
Central Asia,SugarCrop,SugarCropAEZ12,SugarCropAEZ12,1990,NH3_AWB,0
Central Asia,SugarCrop,SugarCropAEZ13,SugarCropAEZ13,1990,NH3_AWB,1.75717011468221e-05
Central Asia,SugarCrop,SugarCropAEZ14,SugarCropAEZ14,1990,NH3_AWB,2.950459149156e-05
Central Asia,SugarCrop,SugarCropAEZ15,SugarCropAEZ15,1990,NH3_AWB,4.24035308855099e-07
Central Asia,SugarCrop,SugarCropAEZ16,SugarCropAEZ16,1990,NH3_AWB,3.85925806413691e-07
Central Asia,Wheat,WheatAEZ07,WheatAEZ07,1990,NH3_AWB,0.000216849747733676
Central Asia,Wheat,WheatAEZ08,WheatAEZ08,1990,NH3_AWB,0.000235140499931517
Central Asia,Wheat,WheatAEZ09,WheatAEZ09,1990,NH3_AWB,5.53626748123249e-05
Central Asia,Wheat,WheatAEZ10,WheatAEZ10,1990,NH3_AWB,5.3476092182488e-06
Central Asia,Wheat,WheatAEZ11,WheatAEZ11,1990,NH3_AWB,9.97815442134132e-07
Central Asia,Wheat,WheatAEZ12,WheatAEZ12,1990,NH3_AWB,2.65392602107707e-06
Central Asia,Wheat,WheatAEZ13,WheatAEZ13,1990,NH3_AWB,0.000475825720975394
Central Asia,Wheat,WheatAEZ14,WheatAEZ14,1990,NH3_AWB,8.13437801418641e-05
Central Asia,Wheat,WheatAEZ15,WheatAEZ15,1990,NH3_AWB,8.95241927810015e-06
Central Asia,Wheat,WheatAEZ16,WheatAEZ16,1990,NH3_AWB,1.66896440279308e-06
Central Asia,Corn,CornAEZ07,CornAEZ07,1990,NMVOC_AWB,5.95276559566256e-05
Central Asia,Corn,CornAEZ08,CornAEZ08,1990,NMVOC_AWB,0.00016880895766553
Central Asia,Corn,CornAEZ09,CornAEZ09,1990,NMVOC_AWB,6.29878976497122e-05
Central Asia,Corn,CornAEZ10,CornAEZ10,1990,NMVOC_AWB,8.51988062874528e-05
Central Asia,Corn,CornAEZ11,CornAEZ11,1990,NMVOC_AWB,1.47033794374361e-05
Central Asia,Corn,CornAEZ12,CornAEZ12,1990,NMVOC_AWB,3.91020928360877e-05
Central Asia,Corn,CornAEZ13,CornAEZ13,1990,NMVOC_AWB,7.23423012240269e-05
Central Asia,Corn,CornAEZ14,CornAEZ14,1990,NMVOC_AWB,0.000108869260102251
Central Asia,Corn,CornAEZ15,CornAEZ15,1990,NMVOC_AWB,1.54573601007745e-05
Central Asia,Corn,CornAEZ16,CornAEZ16,1990,NMVOC_AWB,2.53458543255743e-05
Central Asia,FiberCrop,FiberCropAEZ07,FiberCropAEZ07,1990,NMVOC_AWB,0.00088244083736598
Central Asia,FiberCrop,FiberCropAEZ08,FiberCropAEZ08,1990,NMVOC_AWB,0.00106135569842713
Central Asia,FiberCrop,FiberCropAEZ09,FiberCropAEZ09,1990,NMVOC_AWB,5.14224511666306e-05
Central Asia,FiberCrop,FiberCropAEZ10,FiberCropAEZ10,1990,NMVOC_AWB,3.41124911414328e-07
Central Asia,FiberCrop,FiberCropAEZ11,FiberCropAEZ11,1990,NMVOC_AWB,0
Central Asia,FiberCrop,FiberCropAEZ12,FiberCropAEZ12,1990,NMVOC_AWB,0
Central Asia,FiberCrop,FiberCropAEZ13,FiberCropAEZ13,1990,NMVOC_AWB,0.000106241807167292
Central Asia,FiberCrop,FiberCropAEZ14,FiberCropAEZ14,1990,NMVOC_AWB,7.68104821886717e-05
Central Asia,FiberCrop,FiberCropAEZ15,FiberCropAEZ15,1990,NMVOC_AWB,1.39453298214188e-06
Central Asia,FiberCrop,FiberCropAEZ16,FiberCropAEZ16,1990,NMVOC_AWB,0
Central Asia,FodderGrass,FodderGrassAEZ07,FodderGrassAEZ07,1990,NMVOC_AWB,0.000504073145844899
Central Asia,FodderGrass,FodderGrassAEZ08,FodderGrassAEZ08,1990,NMVOC_AWB,0.000715420689932213
Central Asia,FodderGrass,FodderGrassAEZ09,FodderGrassAEZ09,1990,NMVOC_AWB,0.000185749583049711
Central Asia,FodderGrass,FodderGrassAEZ10,FodderGrassAEZ10,1990,NMVOC_AWB,4.7443791560369e-06
Central Asia,FodderGrass,FodderGrassAEZ11,FodderGrassAEZ11,1990,NMVOC_AWB,5.42655894989472e-07
Central Asia,FodderGrass,FodderGrassAEZ12,FodderGrassAEZ12,1990,NMVOC_AWB,1.4605390063264e-06
Central Asia,FodderGrass,FodderGrassAEZ13,FodderGrassAEZ13,1990,NMVOC_AWB,0.000689480222511395
Central Asia,FodderGrass,FodderGrassAEZ14,FodderGrassAEZ14,1990,NMVOC_AWB,0.000256469643805656
Central Asia,FodderGrass,FodderGrassAEZ15,FodderGrassAEZ15,1990,NMVOC_AWB,4.8725640822104e-05
Central Asia,FodderGrass,FodderGrassAEZ16,FodderGrassAEZ16,1990,NMVOC_AWB,9.37218149098887e-07
Central Asia,FodderHerb,FodderHerbAEZ07,FodderHerbAEZ07,1990,NMVOC_AWB,0.0038510173195868
Central Asia,FodderHerb,FodderHerbAEZ08,FodderHerbAEZ08,1990,NMVOC_AWB,0.00500648853846633
Central Asia,FodderHerb,FodderHerbAEZ09,FodderHerbAEZ09,1990,NMVOC_AWB,0.000184996255254772
Central Asia,FodderHerb,FodderHerbAEZ10,FodderHerbAEZ10,1990,NMVOC_AWB,8.4045620126722e-07
Central Asia,FodderHerb,FodderHerbAEZ11,FodderHerbAEZ11,1990,NMVOC_AWB,0
Central Asia,FodderHerb,FodderHerbAEZ12,FodderHerbAEZ12,1990,NMVOC_AWB,0
Central Asia,FodderHerb,FodderHerbAEZ13,FodderHerbAEZ13,1990,NMVOC_AWB,0.00230986695465592
Central Asia,FodderHerb,FodderHerbAEZ14,FodderHerbAEZ14,1990,NMVOC_AWB,0.000574039106326371
Central Asia,FodderHerb,FodderHerbAEZ15,FodderHerbAEZ15,1990,NMVOC_AWB,3.44681053280329e-05
Central Asia,FodderHerb,FodderHerbAEZ16,FodderHerbAEZ16,1990,NMVOC_AWB,7.90254455017026e-06
Central Asia,MiscCrop,MiscCropAEZ07,MiscCropAEZ07,1990,NMVOC_AWB,0.00106436665828836
Central Asia,MiscCrop,MiscCropAEZ08,MiscCropAEZ08,1990,NMVOC_AWB,0.00192346842437484
Central Asia,MiscCrop,MiscCropAEZ09,MiscCropAEZ09,1990,NMVOC_AWB,0.000695102732603025
Central Asia,MiscCrop,MiscCropAEZ10,MiscCropAEZ10,1990,NMVOC_AWB,0.000192688177582112
Central Asia,MiscCrop,MiscCropAEZ11,MiscCropAEZ11,1990,NMVOC_AWB,3.4491520954506e-05
Central Asia,MiscCrop,MiscCropAEZ12,MiscCropAEZ12,1990,NMVOC_AWB,9.72751728385114e-05
Central Asia,MiscCrop,MiscCropAEZ13,MiscCropAEZ13,1990,NMVOC_AWB,9.2175450514889e-05
Central Asia,MiscCrop,MiscCropAEZ14,MiscCropAEZ14,1990,NMVOC_AWB,0.000153340592453562
Central Asia,MiscCrop,MiscCropAEZ15,MiscCropAEZ15,1990,NMVOC_AWB,6.02439431450932e-05
Central Asia,MiscCrop,MiscCropAEZ16,MiscCropAEZ16,1990,NMVOC_AWB,5.46253785775235e-05
Central Asia,OilCrop,OilCropAEZ07,OilCropAEZ07,1990,NMVOC_AWB,7.62922704470064e-06
Central Asia,OilCrop,OilCropAEZ08,OilCropAEZ08,1990,NMVOC_AWB,1.02612625867676e-05
Central Asia,OilCrop,OilCropAEZ09,OilCropAEZ09,1990,NMVOC_AWB,1.24519297851415e-06
Central Asia,OilCrop,OilCropAEZ10,OilCropAEZ10,1990,NMVOC_AWB,2.40779787717015e-06
Central Asia,OilCrop,OilCropAEZ11,OilCropAEZ11,1990,NMVOC_AWB,4.84255328782514e-07
Central Asia,OilCrop,OilCropAEZ12,OilCropAEZ12,1990,NMVOC_AWB,1.41429023401007e-06
Central Asia,OilCrop,OilCropAEZ13,OilCropAEZ13,1990,NMVOC_AWB,1.94388323274438e-05
Central Asia,OilCrop,OilCropAEZ14,OilCropAEZ14,1990,NMVOC_AWB,2.65450832225383e-05
Central Asia,OilCrop,OilCropAEZ15,OilCropAEZ15,1990,NMVOC_AWB,3.96398276470503e-06
Central Asia,OilCrop,OilCropAEZ16,OilCropAEZ16,1990,NMVOC_AWB,8.67297372753705e-07
Central Asia,OtherGrain,OtherGrainAEZ07,OtherGrainAEZ07,1990,NMVOC_AWB,0.000412276128931035
Central Asia,OtherGrain,OtherGrainAEZ08,OtherGrainAEZ08,1990,NMVOC_AWB,0.000500058671157192
Central Asia,OtherGrain,OtherGrainAEZ09,OtherGrainAEZ09,1990,NMVOC_AWB,0.000158743138002688
Central Asia,OtherGrain,OtherGrainAEZ10,OtherGrainAEZ10,1990,NMVOC_AWB,2.00537625186711e-05
Central Asia,OtherGrain,OtherGrainAEZ11,OtherGrainAEZ11,1990,NMVOC_AWB,3.20339442418676e-06
Central Asia,OtherGrain,OtherGrainAEZ12,OtherGrainAEZ12,1990,NMVOC_AWB,8.69243919167567e-06
Central Asia,OtherGrain,OtherGrainAEZ13,OtherGrainAEZ13,1990,NMVOC_AWB,0.00155963134404229
Central Asia,OtherGrain,OtherGrainAEZ14,OtherGrainAEZ14,1990,NMVOC_AWB,0.000346384671039826
Central Asia,OtherGrain,OtherGrainAEZ15,OtherGrainAEZ15,1990,NMVOC_AWB,3.94996685681849e-05
Central Asia,OtherGrain,OtherGrainAEZ16,OtherGrainAEZ16,1990,NMVOC_AWB,7.35570505588163e-06
Central Asia,PalmFruit,PalmFruitAEZ07,PalmFruitAEZ07,1990,NMVOC_AWB,0
Central Asia,PalmFruit,PalmFruitAEZ08,PalmFruitAEZ08,1990,NMVOC_AWB,0
Central Asia,PalmFruit,PalmFruitAEZ09,PalmFruitAEZ09,1990,NMVOC_AWB,0
Central Asia,PalmFruit,PalmFruitAEZ10,PalmFruitAEZ10,1990,NMVOC_AWB,0
Central Asia,PalmFruit,PalmFruitAEZ11,PalmFruitAEZ11,1990,NMVOC_AWB,0
Central Asia,PalmFruit,PalmFruitAEZ12,PalmFruitAEZ12,1990,NMVOC_AWB,0
Central Asia,PalmFruit,PalmFruitAEZ13,PalmFruitAEZ13,1990,NMVOC_AWB,0
Central Asia,PalmFruit,PalmFruitAEZ14,PalmFruitAEZ14,1990,NMVOC_AWB,0
Central Asia,PalmFruit,PalmFruitAEZ15,PalmFruitAEZ15,1990,NMVOC_AWB,0
Central Asia,PalmFruit,PalmFruitAEZ16,PalmFruitAEZ16,1990,NMVOC_AWB,0
Central Asia,Rice,RiceAEZ07,RiceAEZ07,1990,NMVOC_AWB,0.000181323215288498
Central Asia,Rice,RiceAEZ08,RiceAEZ08,1990,NMVOC_AWB,0.000137774472553217
Central Asia,Rice,RiceAEZ09,RiceAEZ09,1990,NMVOC_AWB,4.12647771337118e-06
Central Asia,Rice,RiceAEZ10,RiceAEZ10,1990,NMVOC_AWB,6.03046544377452e-08
Central Asia,Rice,RiceAEZ11,RiceAEZ11,1990,NMVOC_AWB,0
Central Asia,Rice,RiceAEZ12,RiceAEZ12,1990,NMVOC_AWB,0
Central Asia,Rice,RiceAEZ13,RiceAEZ13,1990,NMVOC_AWB,5.08842477396548e-06
Central Asia,Rice,RiceAEZ14,RiceAEZ14,1990,NMVOC_AWB,7.87590496598594e-06
Central Asia,Rice,RiceAEZ15,RiceAEZ15,1990,NMVOC_AWB,9.91221164690318e-07
Central Asia,Rice,RiceAEZ16,RiceAEZ16,1990,NMVOC_AWB,0
Central Asia,Root_Tuber,Root_TuberAEZ07,Root_TuberAEZ07,1990,NMVOC_AWB,0.000123260605761049
Central Asia,Root_Tuber,Root_TuberAEZ08,Root_TuberAEZ08,1990,NMVOC_AWB,0.000282273701136587
Central Asia,Root_Tuber,Root_TuberAEZ09,Root_TuberAEZ09,1990,NMVOC_AWB,0.000113124172152475
Central Asia,Root_Tuber,Root_TuberAEZ10,Root_TuberAEZ10,1990,NMVOC_AWB,3.36064183784486e-05
Central Asia,Root_Tuber,Root_TuberAEZ11,Root_TuberAEZ11,1990,NMVOC_AWB,5.51994894180441e-06
Central Asia,Root_Tuber,Root_TuberAEZ12,Root_TuberAEZ12,1990,NMVOC_AWB,1.44960240337882e-05
Central Asia,Root_Tuber,Root_TuberAEZ13,Root_TuberAEZ13,1990,NMVOC_AWB,0.000274844065948091
Central Asia,Root_Tuber,Root_TuberAEZ14,Root_TuberAEZ14,1990,NMVOC_AWB,0.000175015809421941
Central Asia,Root_Tuber,Root_TuberAEZ15,Root_TuberAEZ15,1990,NMVOC_AWB,3.16755885727812e-05
Central Asia,Root_Tuber,Root_TuberAEZ16,Root_TuberAEZ16,1990,NMVOC_AWB,9.79559943788471e-06
Central Asia,SugarCrop,SugarCropAEZ07,SugarCropAEZ07,1990,NMVOC_AWB,7.62537445432493e-05
Central Asia,SugarCrop,SugarCropAEZ08,SugarCropAEZ08,1990,NMVOC_AWB,0.000132448720884731
Central Asia,SugarCrop,SugarCropAEZ09,SugarCropAEZ09,1990,NMVOC_AWB,1.23147579161321e-05
Central Asia,SugarCrop,SugarCropAEZ10,SugarCropAEZ10,1990,NMVOC_AWB,0
Central Asia,SugarCrop,SugarCropAEZ11,SugarCropAEZ11,1990,NMVOC_AWB,0
Central Asia,SugarCrop,SugarCropAEZ12,SugarCropAEZ12,1990,NMVOC_AWB,0
Central Asia,SugarCrop,SugarCropAEZ13,SugarCropAEZ13,1990,NMVOC_AWB,9.46801855097271e-05
Central Asia,SugarCrop,SugarCropAEZ14,SugarCropAEZ14,1990,NMVOC_AWB,0.000158977219818858
Central Asia,SugarCrop,SugarCropAEZ15,SugarCropAEZ15,1990,NMVOC_AWB,2.28479538603672e-06
Central Asia,SugarCrop,SugarCropAEZ16,SugarCropAEZ16,1990,NMVOC_AWB,2.07945301589924e-06
Central Asia,Wheat,WheatAEZ07,WheatAEZ07,1990,NMVOC_AWB,0.00116843407315035
Central Asia,Wheat,WheatAEZ08,WheatAEZ08,1990,NMVOC_AWB,0.00126698866366689
Central Asia,Wheat,WheatAEZ09,WheatAEZ09,1990,NMVOC_AWB,0.000298306252635853
Central Asia,Wheat,WheatAEZ10,WheatAEZ10,1990,NMVOC_AWB,2.88140931026984e-05
Central Asia,Wheat,WheatAEZ11,WheatAEZ11,1990,NMVOC_AWB,5.37644877842781e-06
Central Asia,Wheat,WheatAEZ12,WheatAEZ12,1990,NMVOC_AWB,1.42999363524978e-05
Central Asia,Wheat,WheatAEZ13,WheatAEZ13,1990,NMVOC_AWB,0.00256385350261877
Central Asia,Wheat,WheatAEZ14,WheatAEZ14,1990,NMVOC_AWB,0.000438298155058655
Central Asia,Wheat,WheatAEZ15,WheatAEZ15,1990,NMVOC_AWB,4.8237601523554e-05
Central Asia,Wheat,WheatAEZ16,WheatAEZ16,1990,NMVOC_AWB,8.99274680039491e-06
Central Asia,Corn,CornAEZ07,CornAEZ07,1990,NOx_AWB,3.23529845581278e-05
Central Asia,Corn,CornAEZ08,CornAEZ08,1990,NOx_AWB,9.17468278039709e-05
Central Asia,Corn,CornAEZ09,CornAEZ09,1990,NOx_AWB,3.42336086859347e-05
Central Asia,Corn,CornAEZ10,CornAEZ10,1990,NOx_AWB,4.63051269177698e-05
Central Asia,Corn,CornAEZ11,CornAEZ11,1990,NOx_AWB,7.99121349979375e-06
Central Asia,Corn,CornAEZ12,CornAEZ12,1990,NOx_AWB,2.12517927236746e-05
Central Asia,Corn,CornAEZ13,CornAEZ13,1990,NOx_AWB,3.93176804426123e-05
Central Asia,Corn,CornAEZ14,CornAEZ14,1990,NOx_AWB,5.91699006846395e-05
Central Asia,Corn,CornAEZ15,CornAEZ15,1990,NOx_AWB,8.40099823541123e-06
Central Asia,Corn,CornAEZ16,CornAEZ16,1990,NOx_AWB,1.3775345600797e-05
Central Asia,FiberCrop,FiberCropAEZ07,FiberCropAEZ07,1990,NOx_AWB,0.000479602200455623
Central Asia,FiberCrop,FiberCropAEZ08,FiberCropAEZ08,1990,NOx_AWB,0.000576841536426598
Central Asia,FiberCrop,FiberCropAEZ09,FiberCropAEZ09,1990,NOx_AWB,2.79478461195802e-05
Central Asia,FiberCrop,FiberCropAEZ10,FiberCropAEZ10,1990,NOx_AWB,1.8539969051397e-07
Central Asia,FiberCrop,FiberCropAEZ11,FiberCropAEZ11,1990,NOx_AWB,0
Central Asia,FiberCrop,FiberCropAEZ12,FiberCropAEZ12,1990,NOx_AWB,0
Central Asia,FiberCrop,FiberCropAEZ13,FiberCropAEZ13,1990,NOx_AWB,5.77418930994952e-05
Central Asia,FiberCrop,FiberCropAEZ14,FiberCropAEZ14,1990,NOx_AWB,4.17461145448623e-05
Central Asia,FiberCrop,FiberCropAEZ15,FiberCropAEZ15,1990,NOx_AWB,7.57921730865909e-07
Central Asia,FiberCrop,FiberCropAEZ16,FiberCropAEZ16,1990,NOx_AWB,0
Central Asia,FodderGrass,FodderGrassAEZ07,FodderGrassAEZ07,1990,NOx_AWB,0.000273961244426789
Central Asia,FodderGrass,FodderGrassAEZ08,FodderGrassAEZ08,1990,NOx_AWB,0.000388827582104143
Central Asia,FodderGrass,FodderGrassAEZ09,FodderGrassAEZ09,1990,NOx_AWB,0.000100953973334089
Central Asia,FodderGrass,FodderGrassAEZ10,FodderGrassAEZ10,1990,NOx_AWB,2.5785464437741e-06
Central Asia,FodderGrass,FodderGrassAEZ11,FodderGrassAEZ11,1990,NOx_AWB,2.94930776440515e-07
Central Asia,FodderGrass,FodderGrassAEZ12,FodderGrassAEZ12,1990,NOx_AWB,7.93795676292912e-07
Central Asia,FodderGrass,FodderGrassAEZ13,FodderGrassAEZ13,1990,NOx_AWB,0.00037472906724732
Central Asia,FodderGrass,FodderGrassAEZ14,FodderGrassAEZ14,1990,NOx_AWB,0.000139389974161235
Central Asia,FodderGrass,FodderGrassAEZ15,FodderGrassAEZ15,1990,NOx_AWB,2.64821431277432e-05
Central Asia,FodderGrass,FodderGrassAEZ16,FodderGrassAEZ16,1990,NOx_AWB,5.09373396585398e-07
Central Asia,FodderHerb,FodderHerbAEZ07,FodderHerbAEZ07,1990,NOx_AWB,0.00209300873470404
Central Asia,FodderHerb,FodderHerbAEZ08,FodderHerbAEZ08,1990,NOx_AWB,0.00272100158779083
Central Asia,FodderHerb,FodderHerbAEZ09,FodderHerbAEZ09,1990,NOx_AWB,0.000100544543429195
Central Asia,FodderHerb,FodderHerbAEZ10,FodderHerbAEZ10,1990,NOx_AWB,4.56783759824069e-07
Central Asia,FodderHerb,FodderHerbAEZ11,FodderHerbAEZ11,1990,NOx_AWB,0
Central Asia,FodderHerb,FodderHerbAEZ12,FodderHerbAEZ12,1990,NOx_AWB,0
Central Asia,FodderHerb,FodderHerbAEZ13,FodderHerbAEZ13,1990,NOx_AWB,0.00125540118646306
Central Asia,FodderHerb,FodderHerbAEZ14,FodderHerbAEZ14,1990,NOx_AWB,0.000311987395510262
Central Asia,FodderHerb,FodderHerbAEZ15,FodderHerbAEZ15,1990,NOx_AWB,1.87332435908162e-05
Central Asia,FodderHerb,FodderHerbAEZ16,FodderHerbAEZ16,1990,NOx_AWB,4.29499360747327e-06
Central Asia,MiscCrop,MiscCropAEZ07,MiscCropAEZ07,1990,NOx_AWB,0.000578477978116267
Central Asia,MiscCrop,MiscCropAEZ08,MiscCropAEZ08,1990,NOx_AWB,0.00104539550956263
Central Asia,MiscCrop,MiscCropAEZ09,MiscCropAEZ09,1990,NOx_AWB,0.0003777848734814
Central Asia,MiscCrop,MiscCropAEZ10,MiscCropAEZ10,1990,NOx_AWB,0.000104725064907482
Central Asia,MiscCrop,MiscCropAEZ11,MiscCropAEZ11,1990,NOx_AWB,1.8745969867192e-05
Central Asia,MiscCrop,MiscCropAEZ12,MiscCropAEZ12,1990,NOx_AWB,5.28685719966315e-05
Central Asia,MiscCrop,MiscCropAEZ13,MiscCropAEZ13,1990,NOx_AWB,5.00968983109229e-05
Central Asia,MiscCrop,MiscCropAEZ14,MiscCropAEZ14,1990,NOx_AWB,8.33398483454327e-05
Central Asia,MiscCrop,MiscCropAEZ15,MiscCropAEZ15,1990,NOx_AWB,3.27422830778706e-05
Central Asia,MiscCrop,MiscCropAEZ16,MiscCropAEZ16,1990,NOx_AWB,2.96886212164683e-05
Central Asia,OilCrop,OilCropAEZ07,OilCropAEZ07,1990,NOx_AWB,4.14644690440189e-06
Central Asia,OilCrop,OilCropAEZ08,OilCropAEZ08,1990,NOx_AWB,5.57694511368771e-06
Central Asia,OilCrop,OilCropAEZ09,OilCropAEZ09,1990,NOx_AWB,6.76756182623944e-07
Central Asia,OilCrop,OilCropAEZ10,OilCropAEZ10,1990,NOx_AWB,1.30862615514274e-06
Central Asia,OilCrop,OilCropAEZ11,OilCropAEZ11,1990,NOx_AWB,2.631903595483e-07
Central Asia,OilCrop,OilCropAEZ12,OilCropAEZ12,1990,NOx_AWB,7.68659698862976e-07
Central Asia,OilCrop,OilCropAEZ13,OilCropAEZ13,1990,NOx_AWB,1.05649085624348e-05
Central Asia,OilCrop,OilCropAEZ14,OilCropAEZ14,1990,NOx_AWB,1.44271205340047e-05
Central Asia,OilCrop,OilCropAEZ15,OilCropAEZ15,1990,NOx_AWB,2.15440489154541e-06
Central Asia,OilCrop,OilCropAEZ16,OilCropAEZ16,1990,NOx_AWB,4.71371802854977e-07
Central Asia,OtherGrain,OtherGrainAEZ07,OtherGrainAEZ07,1990,NOx_AWB,0.000224070022893382
Central Asia,OtherGrain,OtherGrainAEZ08,OtherGrainAEZ08,1990,NOx_AWB,0.000271779397426548
Central Asia,OtherGrain,OtherGrainAEZ09,OtherGrainAEZ09,1990,NOx_AWB,8.62761049461094e-05
Central Asia,OtherGrain,OtherGrainAEZ10,OtherGrainAEZ10,1990,NOx_AWB,1.08991200589466e-05
Central Asia,OtherGrain,OtherGrainAEZ11,OtherGrainAEZ11,1990,NOx_AWB,1.74102891628763e-06
Central Asia,OtherGrain,OtherGrainAEZ12,OtherGrainAEZ12,1990,NOx_AWB,4.72429741136895e-06
Central Asia,OtherGrain,OtherGrainAEZ13,OtherGrainAEZ13,1990,NOx_AWB,0.000847651868350714
Central Asia,OtherGrain,OtherGrainAEZ14,OtherGrainAEZ14,1990,NOx_AWB,0.000188258343676244
Central Asia,OtherGrain,OtherGrainAEZ15,OtherGrainAEZ15,1990,NOx_AWB,2.14678731540985e-05
Central Asia,OtherGrain,OtherGrainAEZ16,OtherGrainAEZ16,1990,NOx_AWB,3.99778906564845e-06
Central Asia,PalmFruit,PalmFruitAEZ07,PalmFruitAEZ07,1990,NOx_AWB,0
Central Asia,PalmFruit,PalmFruitAEZ08,PalmFruitAEZ08,1990,NOx_AWB,0
Central Asia,PalmFruit,PalmFruitAEZ09,PalmFruitAEZ09,1990,NOx_AWB,0
Central Asia,PalmFruit,PalmFruitAEZ10,PalmFruitAEZ10,1990,NOx_AWB,0
Central Asia,PalmFruit,PalmFruitAEZ11,PalmFruitAEZ11,1990,NOx_AWB,0
Central Asia,PalmFruit,PalmFruitAEZ12,PalmFruitAEZ12,1990,NOx_AWB,0
Central Asia,PalmFruit,PalmFruitAEZ13,PalmFruitAEZ13,1990,NOx_AWB,0
Central Asia,PalmFruit,PalmFruitAEZ14,PalmFruitAEZ14,1990,NOx_AWB,0
Central Asia,PalmFruit,PalmFruitAEZ15,PalmFruitAEZ15,1990,NOx_AWB,0
Central Asia,PalmFruit,PalmFruitAEZ16,PalmFruitAEZ16,1990,NOx_AWB,0
Central Asia,Rice,RiceAEZ07,RiceAEZ07,1990,NOx_AWB,9.85482644996693e-05
Central Asia,Rice,RiceAEZ08,RiceAEZ08,1990,NOx_AWB,7.48797397005906e-05
Central Asia,Rice,RiceAEZ09,RiceAEZ09,1990,NOx_AWB,2.24272008690268e-06
Central Asia,Rice,RiceAEZ10,RiceAEZ10,1990,NOx_AWB,3.27752793630781e-08
Central Asia,Rice,RiceAEZ11,RiceAEZ11,1990,NOx_AWB,0
Central Asia,Rice,RiceAEZ12,RiceAEZ12,1990,NOx_AWB,0
Central Asia,Rice,RiceAEZ13,RiceAEZ13,1990,NOx_AWB,2.76553352373313e-06
Central Asia,Rice,RiceAEZ14,RiceAEZ14,1990,NOx_AWB,4.28051512613717e-06
Central Asia,Rice,RiceAEZ15,RiceAEZ15,1990,NOx_AWB,5.38723766618362e-07
Central Asia,Rice,RiceAEZ16,RiceAEZ16,1990,NOx_AWB,0
Central Asia,Root_Tuber,Root_TuberAEZ07,Root_TuberAEZ07,1990,NOx_AWB,6.69915253797062e-05
Central Asia,Root_Tuber,Root_TuberAEZ08,Root_TuberAEZ08,1990,NOx_AWB,0.000153414350813542
Central Asia,Root_Tuber,Root_TuberAEZ09,Root_TuberAEZ09,1990,NOx_AWB,6.14824241940045e-05
Central Asia,Root_Tuber,Root_TuberAEZ10,Root_TuberAEZ10,1990,NOx_AWB,1.82649210250133e-05
Central Asia,Root_Tuber,Root_TuberAEZ11,Root_TuberAEZ11,1990,NOx_AWB,3.00006475991559e-06
Central Asia,Root_Tuber,Root_TuberAEZ12,Root_TuberAEZ12,1990,NOx_AWB,7.87851687056392e-06
Central Asia,Root_Tuber,Root_TuberAEZ13,Root_TuberAEZ13,1990,NOx_AWB,0.000149376381088998
Central Asia,Root_Tuber,Root_TuberAEZ14,Root_TuberAEZ14,1990,NOx_AWB,9.51202208227732e-05
Central Asia,Root_Tuber,Root_TuberAEZ15,Root_TuberAEZ15,1990,NOx_AWB,1.72155246413787e-05
Central Asia,Root_Tuber,Root_TuberAEZ16,Root_TuberAEZ16,1990,NOx_AWB,5.32385951132375e-06
Central Asia,SugarCrop,SugarCropAEZ07,SugarCropAEZ07,1990,NOx_AWB,4.14435304071901e-05
Central Asia,SugarCrop,SugarCropAEZ08,SugarCropAEZ08,1990,NOx_AWB,7.19852201915998e-05
Central Asia,SugarCrop,SugarCropAEZ09,SugarCropAEZ09,1990,NOx_AWB,6.69300959856388e-06
Central Asia,SugarCrop,SugarCropAEZ10,SugarCropAEZ10,1990,NOx_AWB,0
Central Asia,SugarCrop,SugarCropAEZ11,SugarCropAEZ11,1990,NOx_AWB,0
Central Asia,SugarCrop,SugarCropAEZ12,SugarCropAEZ12,1990,NOx_AWB,0
Central Asia,SugarCrop,SugarCropAEZ13,SugarCropAEZ13,1990,NOx_AWB,5.14582093067606e-05
Central Asia,SugarCrop,SugarCropAEZ14,SugarCropAEZ14,1990,NOx_AWB,8.64033272474446e-05
Central Asia,SugarCrop,SugarCropAEZ15,SugarCropAEZ15,1990,NOx_AWB,1.2417749137777e-06
Central Asia,SugarCrop,SugarCropAEZ16,SugarCropAEZ16,1990,NOx_AWB,1.13017235823566e-06
Central Asia,Wheat,WheatAEZ07,WheatAEZ07,1990,NOx_AWB,0.00063503809982654
Central Asia,Wheat,WheatAEZ08,WheatAEZ08,1990,NOx_AWB,0.000688602028959539
Central Asia,Wheat,WheatAEZ09,WheatAEZ09,1990,NOx_AWB,0.000162127962709517
Central Asia,Wheat,WheatAEZ10,WheatAEZ10,1990,NOx_AWB,1.5660316103952e-05
Central Asia,Wheat,WheatAEZ11,WheatAEZ11,1990,NOx_AWB,2.92207313576706e-06
Central Asia,Wheat,WheatAEZ12,WheatAEZ12,1990,NOx_AWB,7.7719441923209e-06
Central Asia,Wheat,WheatAEZ13,WheatAEZ13,1990,NOx_AWB,0.00139344161039982
Central Asia,Wheat,WheatAEZ14,WheatAEZ14,1990,NOx_AWB,0.000238212864501181
Central Asia,Wheat,WheatAEZ15,WheatAEZ15,1990,NOx_AWB,2.62168961994708e-05
Central Asia,Wheat,WheatAEZ16,WheatAEZ16,1990,NOx_AWB,4.88751310114281e-06
Central Asia,Corn,CornAEZ07,CornAEZ07,1990,SO2_AWB,5.17537615110273e-06
Central Asia,Corn,CornAEZ08,CornAEZ08,1990,SO2_AWB,1.46763691523697e-05
Central Asia,Corn,CornAEZ09,CornAEZ09,1990,SO2_AWB,5.47621199030493e-06
Central Asia,Corn,CornAEZ10,CornAEZ10,1990,SO2_AWB,7.40724396209703e-06
Central Asia,Corn,CornAEZ11,CornAEZ11,1990,SO2_AWB,1.27832211865637e-06
Central Asia,Corn,CornAEZ12,CornAEZ12,1990,SO2_AWB,3.39956337050373e-06
Central Asia,Corn,CornAEZ13,CornAEZ13,1990,SO2_AWB,6.28949039659013e-06
Central Asia,Corn,CornAEZ14,CornAEZ14,1990,SO2_AWB,9.46516981505092e-06
Central Asia,Corn,CornAEZ15,CornAEZ15,1990,SO2_AWB,1.34387372623651e-06
Central Asia,Corn,CornAEZ16,CornAEZ16,1990,SO2_AWB,2.20358634819218e-06
Central Asia,FiberCrop,FiberCropAEZ07,FiberCropAEZ07,1990,SO2_AWB,7.67200251894799e-05
Central Asia,FiberCrop,FiberCropAEZ08,FiberCropAEZ08,1990,SO2_AWB,9.22750086695688e-05
Central Asia,FiberCrop,FiberCropAEZ09,FiberCropAEZ09,1990,SO2_AWB,4.47070396309471e-06
Central Asia,FiberCrop,FiberCropAEZ10,FiberCropAEZ10,1990,SO2_AWB,2.96576390034092e-08
Central Asia,FiberCrop,FiberCropAEZ11,FiberCropAEZ11,1990,SO2_AWB,0
Central Asia,FiberCrop,FiberCropAEZ12,FiberCropAEZ12,1990,SO2_AWB,0
Central Asia,FiberCrop,FiberCropAEZ13,FiberCropAEZ13,1990,SO2_AWB,9.23673721445202e-06
Central Asia,FiberCrop,FiberCropAEZ14,FiberCropAEZ14,1990,SO2_AWB,6.67795718285303e-06
Central Asia,FiberCrop,FiberCropAEZ15,FiberCropAEZ15,1990,SO2_AWB,1.21241675347708e-07
Central Asia,FiberCrop,FiberCropAEZ16,FiberCropAEZ16,1990,SO2_AWB,0
Central Asia,FodderGrass,FodderGrassAEZ07,FodderGrassAEZ07,1990,SO2_AWB,4.38244727680505e-05
Central Asia,FodderGrass,FodderGrassAEZ08,FodderGrassAEZ08,1990,SO2_AWB,6.21991764530168e-05
Central Asia,FodderGrass,FodderGrassAEZ09,FodderGrassAEZ09,1990,SO2_AWB,1.6149199002447e-05
Central Asia,FodderGrass,FodderGrassAEZ10,FodderGrassAEZ10,1990,SO2_AWB,4.12479650699388e-07
Central Asia,FodderGrass,FodderGrassAEZ11,FodderGrassAEZ11,1990,SO2_AWB,4.71788840338376e-08
Central Asia,FodderGrass,FodderGrassAEZ12,FodderGrassAEZ12,1990,SO2_AWB,1.26980285375333e-07
Central Asia,FodderGrass,FodderGrassAEZ13,FodderGrassAEZ13,1990,SO2_AWB,5.9943894025367e-05
Central Asia,FodderGrass,FodderGrassAEZ14,FodderGrassAEZ14,1990,SO2_AWB,2.22976506751878e-05
Central Asia,FodderGrass,FodderGrassAEZ15,FodderGrassAEZ15,1990,SO2_AWB,4.23624138067286e-06
Central Asia,FodderGrass,FodderGrassAEZ16,FodderGrassAEZ16,1990,SO2_AWB,8.14824030827161e-08
Central Asia,FodderHerb,FodderHerbAEZ07,FodderHerbAEZ07,1990,SO2_AWB,0.000334810146191466
Central Asia,FodderHerb,FodderHerbAEZ08,FodderHerbAEZ08,1990,SO2_AWB,0.000435267624205247
Central Asia,FodderHerb,FodderHerbAEZ09,FodderHerbAEZ09,1990,SO2_AWB,1.60837041557033e-05
Central Asia,FodderHerb,FodderHerbAEZ10,FodderHerbAEZ10,1990,SO2_AWB,7.30698514864103e-08
Central Asia,FodderHerb,FodderHerbAEZ11,FodderHerbAEZ11,1990,SO2_AWB,0
Central Asia,FodderHerb,FodderHerbAEZ12,FodderHerbAEZ12,1990,SO2_AWB,0
Central Asia,FodderHerb,FodderHerbAEZ13,FodderHerbAEZ13,1990,SO2_AWB,0.000200821452772423
Central Asia,FodderHerb,FodderHerbAEZ14,FodderHerbAEZ14,1990,SO2_AWB,4.99073624341352e-05
Central Asia,FodderHerb,FodderHerbAEZ15,FodderHerbAEZ15,1990,SO2_AWB,2.99668124708921e-06
Central Asia,FodderHerb,FodderHerbAEZ16,FodderHerbAEZ16,1990,SO2_AWB,6.87052764647384e-07
Central Asia,MiscCrop,MiscCropAEZ07,MiscCropAEZ07,1990,SO2_AWB,9.25367836312626e-05
Central Asia,MiscCrop,MiscCropAEZ08,MiscCropAEZ08,1990,SO2_AWB,0.000167227693597781
Central Asia,MiscCrop,MiscCropAEZ09,MiscCropAEZ09,1990,SO2_AWB,6.04327189953735e-05
Central Asia,MiscCrop,MiscCropAEZ10,MiscCropAEZ10,1990,SO2_AWB,1.67524452766045e-05
Central Asia,MiscCrop,MiscCropAEZ11,MiscCropAEZ11,1990,SO2_AWB,2.99871701807439e-06
Central Asia,MiscCrop,MiscCropAEZ12,MiscCropAEZ12,1990,SO2_AWB,8.45717173828668e-06
Central Asia,MiscCrop,MiscCropAEZ13,MiscCropAEZ13,1990,SO2_AWB,8.01379830342218e-06
Central Asia,MiscCrop,MiscCropAEZ14,MiscCropAEZ14,1990,SO2_AWB,1.3331538634049e-05
Central Asia,MiscCrop,MiscCropAEZ15,MiscCropAEZ15,1990,SO2_AWB,5.23765066154602e-06
Central Asia,MiscCrop,MiscCropAEZ16,MiscCropAEZ16,1990,SO2_AWB,4.74916871816799e-06
Central Asia,OilCrop,OilCropAEZ07,OilCropAEZ07,1990,SO2_AWB,6.63290349065003e-07
Central Asia,OilCrop,OilCropAEZ08,OilCropAEZ08,1990,SO2_AWB,8.92121364739354e-07
Central Asia,OilCrop,OilCropAEZ09,OilCropAEZ09,1990,SO2_AWB,1.08257950711486e-07
Central Asia,OilCrop,OilCropAEZ10,OilCropAEZ10,1990,SO2_AWB,2.09335635847344e-07
Central Asia,OilCrop,OilCropAEZ11,OilCropAEZ11,1990,SO2_AWB,4.21014978559136e-08
Central Asia,OilCrop,OilCropAEZ12,OilCropAEZ12,1990,SO2_AWB,1.22959384679392e-07
Central Asia,OilCrop,OilCropAEZ13,OilCropAEZ13,1990,SO2_AWB,1.69002571352787e-06
Central Asia,OilCrop,OilCropAEZ14,OilCropAEZ14,1990,SO2_AWB,2.30784814942257e-06
Central Asia,OilCrop,OilCropAEZ15,OilCropAEZ15,1990,SO2_AWB,3.4463144120415e-07
Central Asia,OilCrop,OilCropAEZ16,OilCropAEZ16,1990,SO2_AWB,7.54034417571246e-08
Central Asia,OtherGrain,OtherGrainAEZ07,OtherGrainAEZ07,1990,SO2_AWB,3.58435757472682e-05
Central Asia,OtherGrain,OtherGrainAEZ08,OtherGrainAEZ08,1990,SO2_AWB,4.34754515236544e-05
Central Asia,OtherGrain,OtherGrainAEZ09,OtherGrainAEZ09,1990,SO2_AWB,1.38012397324857e-05
Central Asia,OtherGrain,OtherGrainAEZ10,OtherGrainAEZ10,1990,SO2_AWB,1.74348817555711e-06
Central Asia,OtherGrain,OtherGrainAEZ11,OtherGrainAEZ11,1990,SO2_AWB,2.7850535753653e-07
Central Asia,OtherGrain,OtherGrainAEZ12,OtherGrainAEZ12,1990,SO2_AWB,7.55726758673113e-07
Central Asia,OtherGrain,OtherGrainAEZ13,OtherGrainAEZ13,1990,SO2_AWB,0.000135595442702298
Central Asia,OtherGrain,OtherGrainAEZ14,OtherGrainAEZ14,1990,SO2_AWB,3.01149261935208e-05
Central Asia,OtherGrain,OtherGrainAEZ15,OtherGrainAEZ15,1990,SO2_AWB,3.434128883442e-06
Central Asia,OtherGrain,OtherGrainAEZ16,OtherGrainAEZ16,1990,SO2_AWB,6.39510155556837e-07
Central Asia,PalmFruit,PalmFruitAEZ07,PalmFruitAEZ07,1990,SO2_AWB,0
Central Asia,PalmFruit,PalmFruitAEZ08,PalmFruitAEZ08,1990,SO2_AWB,0
Central Asia,PalmFruit,PalmFruitAEZ09,PalmFruitAEZ09,1990,SO2_AWB,0
Central Asia,PalmFruit,PalmFruitAEZ10,PalmFruitAEZ10,1990,SO2_AWB,0
Central Asia,PalmFruit,PalmFruitAEZ11,PalmFruitAEZ11,1990,SO2_AWB,0
Central Asia,PalmFruit,PalmFruitAEZ12,PalmFruitAEZ12,1990,SO2_AWB,0
Central Asia,PalmFruit,PalmFruitAEZ13,PalmFruitAEZ13,1990,SO2_AWB,0
Central Asia,PalmFruit,PalmFruitAEZ14,PalmFruitAEZ14,1990,SO2_AWB,0
Central Asia,PalmFruit,PalmFruitAEZ15,PalmFruitAEZ15,1990,SO2_AWB,0
Central Asia,PalmFruit,PalmFruitAEZ16,PalmFruitAEZ16,1990,SO2_AWB,0
Central Asia,Rice,RiceAEZ07,RiceAEZ07,1990,SO2_AWB,1.57643674854109e-05
Central Asia,Rice,RiceAEZ08,RiceAEZ08,1990,SO2_AWB,1.19782092545728e-05
Central Asia,Rice,RiceAEZ09,RiceAEZ09,1990,SO2_AWB,3.58758865986577e-07
Central Asia,Rice,RiceAEZ10,RiceAEZ10,1990,SO2_AWB,5.24292894390141e-09
Central Asia,Rice,RiceAEZ11,RiceAEZ11,1990,SO2_AWB,0
Central Asia,Rice,RiceAEZ12,RiceAEZ12,1990,SO2_AWB,0
Central Asia,Rice,RiceAEZ13,RiceAEZ13,1990,SO2_AWB,4.42391217975216e-07
Central Asia,Rice,RiceAEZ14,RiceAEZ14,1990,SO2_AWB,6.84736700518078e-07
Central Asia,Rice,RiceAEZ15,RiceAEZ15,1990,SO2_AWB,8.61774631264573e-08
Central Asia,Rice,RiceAEZ16,RiceAEZ16,1990,SO2_AWB,0
Central Asia,Root_Tuber,Root_TuberAEZ07,Root_TuberAEZ07,1990,SO2_AWB,1.07163634981869e-05
Central Asia,Root_Tuber,Root_TuberAEZ08,Root_TuberAEZ08,1990,SO2_AWB,2.45410735139688e-05
Central Asia,Root_Tuber,Root_TuberAEZ09,Root_TuberAEZ09,1990,SO2_AWB,9.83509485234475e-06
Central Asia,Root_Tuber,Root_TuberAEZ10,Root_TuberAEZ10,1990,SO2_AWB,2.9217655794566e-06
Central Asia,Root_Tuber,Root_TuberAEZ11,Root_TuberAEZ11,1990,SO2_AWB,4.79908231722327e-07
Central Asia,Root_Tuber,Root_TuberAEZ12,Root_TuberAEZ12,1990,SO2_AWB,1.26029449446059e-06
Central Asia,Root_Tuber,Root_TuberAEZ13,Root_TuberAEZ13,1990,SO2_AWB,2.38951358208408e-05
Central Asia,Root_Tuber,Root_TuberAEZ14,Root_TuberAEZ14,1990,SO2_AWB,1.52159971964668e-05
Central Asia,Root_Tuber,Root_TuberAEZ15,Root_TuberAEZ15,1990,SO2_AWB,2.75389788220727e-06
Central Asia,Root_Tuber,Root_TuberAEZ16,Root_TuberAEZ16,1990,SO2_AWB,8.51636284041202e-07
Central Asia,SugarCrop,SugarCropAEZ07,SugarCropAEZ07,1990,SO2_AWB,6.62955402156209e-06
Central Asia,SugarCrop,SugarCropAEZ08,SugarCropAEZ08,1990,SO2_AWB,1.15151846699686e-05
Central Asia,SugarCrop,SugarCropAEZ09,SugarCropAEZ09,1990,SO2_AWB,1.07065368863495e-06
Central Asia,SugarCrop,SugarCropAEZ10,SugarCropAEZ10,1990,SO2_AWB,0
Central Asia,SugarCrop,SugarCropAEZ11,SugarCropAEZ11,1990,SO2_AWB,0
Central Asia,SugarCrop,SugarCropAEZ12,SugarCropAEZ12,1990,SO2_AWB,0
Central Asia,SugarCrop,SugarCropAEZ13,SugarCropAEZ13,1990,SO2_AWB,8.23156172025424e-06
Central Asia,SugarCrop,SugarCropAEZ14,SugarCropAEZ14,1990,SO2_AWB,1.38215909697274e-05
Central Asia,SugarCrop,SugarCropAEZ15,SugarCropAEZ15,1990,SO2_AWB,1.98641713015879e-07
Central Asia,SugarCrop,SugarCropAEZ16,SugarCropAEZ16,1990,SO2_AWB,1.80789103365084e-07
Central Asia,Wheat,WheatAEZ07,WheatAEZ07,1990,SO2_AWB,0.000101584477653954
Central Asia,Wheat,WheatAEZ08,WheatAEZ08,1990,SO2_AWB,0.000110152882862328
Central Asia,Wheat,WheatAEZ09,WheatAEZ09,1990,SO2_AWB,2.59349547837283e-05
Central Asia,Wheat,WheatAEZ10,WheatAEZ10,1990,SO2_AWB,2.50511745948836e-06
Central Asia,Wheat,WheatAEZ11,WheatAEZ11,1990,SO2_AWB,4.67432226892576e-07
Central Asia,Wheat,WheatAEZ12,WheatAEZ12,1990,SO2_AWB,1.24324649394778e-06
Central Asia,Wheat,WheatAEZ13,WheatAEZ13,1990,SO2_AWB,0.00022290322135383
Central Asia,Wheat,WheatAEZ14,WheatAEZ14,1990,SO2_AWB,3.81059489460782e-05
Central Asia,Wheat,WheatAEZ15,WheatAEZ15,1990,SO2_AWB,4.19381090183195e-06
Central Asia,Wheat,WheatAEZ16,WheatAEZ16,1990,SO2_AWB,7.8183571275813e-07
China,Corn,CornAEZ04,CornAEZ04,1990,CH4_AWB,3.34550644830728e-07
China,Corn,CornAEZ05,CornAEZ05,1990,CH4_AWB,7.94695172681071e-07
China,Corn,CornAEZ06,CornAEZ06,1990,CH4_AWB,4.108619961956e-06
China,Corn,CornAEZ07,CornAEZ07,1990,CH4_AWB,4.2823361842065e-05
China,Corn,CornAEZ08,CornAEZ08,1990,CH4_AWB,0.000370735629874567
China,Corn,CornAEZ09,CornAEZ09,1990,CH4_AWB,0.00052685334511212
China,Corn,CornAEZ10,CornAEZ10,1990,CH4_AWB,0.000203992298429469
China,Corn,CornAEZ11,CornAEZ11,1990,CH4_AWB,0.000154301354616431
China,Corn,CornAEZ12,CornAEZ12,1990,CH4_AWB,0.000129315426151315
China,Corn,CornAEZ13,CornAEZ13,1990,CH4_AWB,6.74938889436192e-06
China,Corn,CornAEZ14,CornAEZ14,1990,CH4_AWB,1.48303123147476e-06
China,Corn,CornAEZ15,CornAEZ15,1990,CH4_AWB,1.37359211201585e-05
China,Corn,CornAEZ16,CornAEZ16,1990,CH4_AWB,2.41007382833741e-06
China,Corn,CornAEZ17,CornAEZ17,1990,CH4_AWB,2.02532959548543e-07
China,FiberCrop,FiberCropAEZ04,FiberCropAEZ04,1990,CH4_AWB,0
China,FiberCrop,FiberCropAEZ05,FiberCropAEZ05,1990,CH4_AWB,1.78129431897449e-08
China,FiberCrop,FiberCropAEZ06,FiberCropAEZ06,1990,CH4_AWB,5.46537215471526e-08
China,FiberCrop,FiberCropAEZ07,FiberCropAEZ07,1990,CH4_AWB,2.88929878727861e-05
China,FiberCrop,FiberCropAEZ08,FiberCropAEZ08,1990,CH4_AWB,1.18930208432375e-05
China,FiberCrop,FiberCropAEZ09,FiberCropAEZ09,1990,CH4_AWB,5.17584533717231e-05
China,FiberCrop,FiberCropAEZ10,FiberCropAEZ10,1990,CH4_AWB,1.93513576178908e-05
China,FiberCrop,FiberCropAEZ11,FiberCropAEZ11,1990,CH4_AWB,6.10687123746617e-05
China,FiberCrop,FiberCropAEZ12,FiberCropAEZ12,1990,CH4_AWB,6.18016862563665e-05
China,FiberCrop,FiberCropAEZ13,FiberCropAEZ13,1990,CH4_AWB,3.08267347175302e-06
China,FiberCrop,FiberCropAEZ14,FiberCropAEZ14,1990,CH4_AWB,2.87305535318466e-08
China,FiberCrop,FiberCropAEZ15,FiberCropAEZ15,1990,CH4_AWB,1.06713484546859e-08
China,FiberCrop,FiberCropAEZ16,FiberCropAEZ16,1990,CH4_AWB,2.87305535318466e-09
China,FiberCrop,FiberCropAEZ17,FiberCropAEZ17,1990,CH4_AWB,0
China,FodderGrass,FodderGrassAEZ04,FodderGrassAEZ04,1990,CH4_AWB,6.23456440503649e-07
China,FodderGrass,FodderGrassAEZ05,FodderGrassAEZ05,1990,CH4_AWB,1.70103481874401e-06
China,FodderGrass,FodderGrassAEZ06,FodderGrassAEZ06,1990,CH4_AWB,3.53084181816249e-05
China,FodderGrass,FodderGrassAEZ07,FodderGrassAEZ07,1990,CH4_AWB,4.97954144609757e-05
China,FodderGrass,FodderGrassAEZ08,FodderGrassAEZ08,1990,CH4_AWB,5.60397767205023e-05
China,FodderGrass,FodderGrassAEZ09,FodderGrassAEZ09,1990,CH4_AWB,2.67934992664567e-05
China,FodderGrass,FodderGrassAEZ10,FodderGrassAEZ10,1990,CH4_AWB,3.52758691521624e-05
China,FodderGrass,FodderGrassAEZ11,FodderGrassAEZ11,1990,CH4_AWB,7.8872622577464e-05
China,FodderGrass,FodderGrassAEZ12,FodderGrassAEZ12,1990,CH4_AWB,0.000368819191412225
China,FodderGrass,FodderGrassAEZ13,FodderGrassAEZ13,1990,CH4_AWB,1.50350397342817e-05
China,FodderGrass,FodderGrassAEZ14,FodderGrassAEZ14,1990,CH4_AWB,4.30473178530212e-06
China,FodderGrass,FodderGrassAEZ15,FodderGrassAEZ15,1990,CH4_AWB,2.37383850472985e-06
China,FodderGrass,FodderGrassAEZ16,FodderGrassAEZ16,1990,CH4_AWB,5.47033175482574e-06
China,FodderGrass,FodderGrassAEZ17,FodderGrassAEZ17,1990,CH4_AWB,1.71614923568374e-07
China,FodderHerb,FodderHerbAEZ04,FodderHerbAEZ04,1990,CH4_AWB,0
China,FodderHerb,FodderHerbAEZ05,FodderHerbAEZ05,1990,CH4_AWB,0
China,FodderHerb,FodderHerbAEZ06,FodderHerbAEZ06,1990,CH4_AWB,0
China,FodderHerb,FodderHerbAEZ07,FodderHerbAEZ07,1990,CH4_AWB,0
China,FodderHerb,FodderHerbAEZ08,FodderHerbAEZ08,1990,CH4_AWB,0
China,FodderHerb,FodderHerbAEZ09,FodderHerbAEZ09,1990,CH4_AWB,0
China,FodderHerb,FodderHerbAEZ10,FodderHerbAEZ10,1990,CH4_AWB,0
China,FodderHerb,FodderHerbAEZ11,FodderHerbAEZ11,1990,CH4_AWB,0
China,FodderHerb,FodderHerbAEZ12,FodderHerbAEZ12,1990,CH4_AWB,0
China,FodderHerb,FodderHerbAEZ13,FodderHerbAEZ13,1990,CH4_AWB,0
China,FodderHerb,FodderHerbAEZ14,FodderHerbAEZ14,1990,CH4_AWB,0
China,FodderHerb,FodderHerbAEZ15,FodderHerbAEZ15,1990,CH4_AWB,0
China,FodderHerb,FodderHerbAEZ16,FodderHerbAEZ16,1990,CH4_AWB,0
China,FodderHerb,FodderHerbAEZ17,FodderHerbAEZ17,1990,CH4_AWB,0
China,MiscCrop,MiscCropAEZ04,MiscCropAEZ04,1990,CH4_AWB,2.60526164608474e-06
China,MiscCrop,MiscCropAEZ05,MiscCropAEZ05,1990,CH4_AWB,5.20596068764306e-06
China,MiscCrop,MiscCropAEZ06,MiscCropAEZ06,1990,CH4_AWB,0.000173406325938521
China,MiscCrop,MiscCropAEZ07,MiscCropAEZ07,1990,CH4_AWB,2.35197057195031e-05
China,MiscCrop,MiscCropAEZ08,MiscCropAEZ08,1990,CH4_AWB,0.000257915487129124
China,MiscCrop,MiscCropAEZ09,MiscCropAEZ09,1990,CH4_AWB,0.000470101898008564
China,MiscCrop,MiscCropAEZ10,MiscCropAEZ10,1990,CH4_AWB,0.000242868610322688
China,MiscCrop,MiscCropAEZ11,MiscCropAEZ11,1990,CH4_AWB,0.000407818210232897
China,MiscCrop,MiscCropAEZ12,MiscCropAEZ12,1990,CH4_AWB,0.00110596920552432
China,MiscCrop,MiscCropAEZ13,MiscCropAEZ13,1990,CH4_AWB,4.24819696695396e-06
China,MiscCrop,MiscCropAEZ14,MiscCropAEZ14,1990,CH4_AWB,1.18659532995587e-06
China,MiscCrop,MiscCropAEZ15,MiscCropAEZ15,1990,CH4_AWB,3.63664165311836e-06
China,MiscCrop,MiscCropAEZ16,MiscCropAEZ16,1990,CH4_AWB,1.18989255287829e-06
China,MiscCrop,MiscCropAEZ17,MiscCropAEZ17,1990,CH4_AWB,2.94870067491349e-08
China,OilCrop,OilCropAEZ04,OilCropAEZ04,1990,CH4_AWB,6.63767913922157e-08
China,OilCrop,OilCropAEZ05,OilCropAEZ05,1990,CH4_AWB,2.1821992103566e-07
China,OilCrop,OilCropAEZ06,OilCropAEZ06,1990,CH4_AWB,9.23853851263348e-06
China,OilCrop,OilCropAEZ07,OilCropAEZ07,1990,CH4_AWB,6.09159625088238e-06
China,OilCrop,OilCropAEZ08,OilCropAEZ08,1990,CH4_AWB,5.54184776338567e-05
China,OilCrop,OilCropAEZ09,OilCropAEZ09,1990,CH4_AWB,7.54057104339145e-05
China,OilCrop,OilCropAEZ10,OilCropAEZ10,1990,CH4_AWB,5.67290054877706e-05
China,OilCrop,OilCropAEZ11,OilCropAEZ11,1990,CH4_AWB,9.04383021167867e-05
China,OilCrop,OilCropAEZ12,OilCropAEZ12,1990,CH4_AWB,0.000129326338958295
China,OilCrop,OilCropAEZ13,OilCropAEZ13,1990,CH4_AWB,2.08352249951837e-06
China,OilCrop,OilCropAEZ14,OilCropAEZ14,1990,CH4_AWB,1.69390281732306e-06
China,OilCrop,OilCropAEZ15,OilCropAEZ15,1990,CH4_AWB,4.75708461522309e-06
China,OilCrop,OilCropAEZ16,OilCropAEZ16,1990,CH4_AWB,1.16295956428534e-06
China,OilCrop,OilCropAEZ17,OilCropAEZ17,1990,CH4_AWB,5.18768589907954e-08
China,OtherGrain,OtherGrainAEZ04,OtherGrainAEZ04,1990,CH4_AWB,4.29807479432043e-08
China,OtherGrain,OtherGrainAEZ05,OtherGrainAEZ05,1990,CH4_AWB,9.37740053791425e-08
China,OtherGrain,OtherGrainAEZ06,OtherGrainAEZ06,1990,CH4_AWB,1.46540697934651e-06
China,OtherGrain,OtherGrainAEZ07,OtherGrainAEZ07,1990,CH4_AWB,5.48507451642285e-06
China,OtherGrain,OtherGrainAEZ08,OtherGrainAEZ08,1990,CH4_AWB,0.00012802206400358
China,OtherGrain,OtherGrainAEZ09,OtherGrainAEZ09,1990,CH4_AWB,7.65463707231456e-05
China,OtherGrain,OtherGrainAEZ10,OtherGrainAEZ10,1990,CH4_AWB,1.6942418330846e-05
China,OtherGrain,OtherGrainAEZ11,OtherGrainAEZ11,1990,CH4_AWB,2.28932330920742e-05
China,OtherGrain,OtherGrainAEZ12,OtherGrainAEZ12,1990,CH4_AWB,2.33832470666795e-05
China,OtherGrain,OtherGrainAEZ13,OtherGrainAEZ13,1990,CH4_AWB,1.14026801394403e-06
China,OtherGrain,OtherGrainAEZ14,OtherGrainAEZ14,1990,CH4_AWB,1.02833649414753e-06
China,OtherGrain,OtherGrainAEZ15,OtherGrainAEZ15,1990,CH4_AWB,1.72955103118647e-06
China,OtherGrain,OtherGrainAEZ16,OtherGrainAEZ16,1990,CH4_AWB,9.11363874953568e-07
China,OtherGrain,OtherGrainAEZ17,OtherGrainAEZ17,1990,CH4_AWB,5.70528216166602e-08
China,PalmFruit,PalmFruitAEZ04,PalmFruitAEZ04,1990,CH4_AWB,4.95985562966034e-07
China,PalmFruit,PalmFruitAEZ05,PalmFruitAEZ05,1990,CH4_AWB,1.03701821194627e-06
China,PalmFruit,PalmFruitAEZ06,PalmFruitAEZ06,1990,CH4_AWB,4.1776885790747e-06
China,PalmFruit,PalmFruitAEZ07,PalmFruitAEZ07,1990,CH4_AWB,0
China,PalmFruit,PalmFruitAEZ08,PalmFruitAEZ08,1990,CH4_AWB,0
China,PalmFruit,PalmFruitAEZ09,PalmFruitAEZ09,1990,CH4_AWB,0
China,PalmFruit,PalmFruitAEZ10,PalmFruitAEZ10,1990,CH4_AWB,0
China,PalmFruit,PalmFruitAEZ11,PalmFruitAEZ11,1990,CH4_AWB,1.96710804671003e-07
China,PalmFruit,PalmFruitAEZ12,PalmFruitAEZ12,1990,CH4_AWB,4.97778094070404e-06
China,PalmFruit,PalmFruitAEZ13,PalmFruitAEZ13,1990,CH4_AWB,0
China,PalmFruit,PalmFruitAEZ14,PalmFruitAEZ14,1990,CH4_AWB,0
China,PalmFruit,PalmFruitAEZ15,PalmFruitAEZ15,1990,CH4_AWB,0
China,PalmFruit,PalmFruitAEZ16,PalmFruitAEZ16,1990,CH4_AWB,0
China,PalmFruit,PalmFruitAEZ17,PalmFruitAEZ17,1990,CH4_AWB,0
China,Rice,RiceAEZ04,RiceAEZ04,1990,CH4_AWB,2.33559103783528e-06
China,Rice,RiceAEZ05,RiceAEZ05,1990,CH4_AWB,6.42526056649032e-06
China,Rice,RiceAEZ06,RiceAEZ06,1990,CH4_AWB,0.000157307853550332
China,Rice,RiceAEZ07,RiceAEZ07,1990,CH4_AWB,9.35943882754449e-06
China,Rice,RiceAEZ08,RiceAEZ08,1990,CH4_AWB,5.98495409389847e-05
China,Rice,RiceAEZ09,RiceAEZ09,1990,CH4_AWB,0.000115025638156592
China,Rice,RiceAEZ10,RiceAEZ10,1990,CH4_AWB,0.00010665220196865
China,Rice,RiceAEZ11,RiceAEZ11,1990,CH4_AWB,0.000601911572808995
China,Rice,RiceAEZ12,RiceAEZ12,1990,CH4_AWB,0.00191594562740552
China,Rice,RiceAEZ13,RiceAEZ13,1990,CH4_AWB,4.63936925790207e-07
China,Rice,RiceAEZ14,RiceAEZ14,1990,CH4_AWB,1.82099923930826e-07
China,Rice,RiceAEZ15,RiceAEZ15,1990,CH4_AWB,6.77744822986502e-06
China,Rice,RiceAEZ16,RiceAEZ16,1990,CH4_AWB,1.7429949290737e-06
China,Rice,RiceAEZ17,RiceAEZ17,1990,CH4_AWB,7.42898192710064e-08
China,Root_Tuber,Root_TuberAEZ04,Root_TuberAEZ04,1990,CH4_AWB,2.29727460202592e-07
China,Root_Tuber,Root_TuberAEZ05,Root_TuberAEZ05,1990,CH4_AWB,5.37810590318046e-07
China,Root_Tuber,Root_TuberAEZ06,Root_TuberAEZ06,1990,CH4_AWB,0.000115535587482697
China,Root_Tuber,Root_TuberAEZ07,Root_TuberAEZ07,1990,CH4_AWB,2.35563676626531e-05
China,Root_Tuber,Root_TuberAEZ08,Root_TuberAEZ08,1990,CH4_AWB,0.000257056733274548
China,Root_Tuber,Root_TuberAEZ09,Root_TuberAEZ09,1990,CH4_AWB,0.000295877363781733
China,Root_Tuber,Root_TuberAEZ10,Root_TuberAEZ10,1990,CH4_AWB,0.000302351789546886
China,Root_Tuber,Root_TuberAEZ11,Root_TuberAEZ11,1990,CH4_AWB,0.000486182764880947
China,Root_Tuber,Root_TuberAEZ12,Root_TuberAEZ12,1990,CH4_AWB,0.000798129014695128
China,Root_Tuber,Root_TuberAEZ13,Root_TuberAEZ13,1990,CH4_AWB,2.76026808376255e-06
China,Root_Tuber,Root_TuberAEZ14,Root_TuberAEZ14,1990,CH4_AWB,5.63976919647475e-06
China,Root_Tuber,Root_TuberAEZ15,Root_TuberAEZ15,1990,CH4_AWB,9.09875728851982e-06
China,Root_Tuber,Root_TuberAEZ16,Root_TuberAEZ16,1990,CH4_AWB,6.78892650112419e-06
China,Root_Tuber,Root_TuberAEZ17,Root_TuberAEZ17,1990,CH4_AWB,2.53723725575713e-07
China,SugarCrop,SugarCropAEZ04,SugarCropAEZ04,1990,CH4_AWB,2.79792467733724e-06
China,SugarCrop,SugarCropAEZ05,SugarCropAEZ05,1990,CH4_AWB,7.43667950514375e-06
China,SugarCrop,SugarCropAEZ06,SugarCropAEZ06,1990,CH4_AWB,0.000495600816835874
China,SugarCrop,SugarCropAEZ07,SugarCropAEZ07,1990,CH4_AWB,3.34496831527018e-05
China,SugarCrop,SugarCropAEZ08,SugarCropAEZ08,1990,CH4_AWB,3.98941871517872e-05
China,SugarCrop,SugarCropAEZ09,SugarCropAEZ09,1990,CH4_AWB,1.62874214226076e-05
China,SugarCrop,SugarCropAEZ10,SugarCropAEZ10,1990,CH4_AWB,1.36443289348164e-05
China,SugarCrop,SugarCropAEZ11,SugarCropAEZ11,1990,CH4_AWB,0.000133844807663823
China,SugarCrop,SugarCropAEZ12,SugarCropAEZ12,1990,CH4_AWB,0.000523884505498219
China,SugarCrop,SugarCropAEZ13,SugarCropAEZ13,1990,CH4_AWB,8.0596078768451e-06
China,SugarCrop,SugarCropAEZ14,SugarCropAEZ14,1990,CH4_AWB,8.87493864154531e-07
China,SugarCrop,SugarCropAEZ15,SugarCropAEZ15,1990,CH4_AWB,4.5298146600811e-06
China,SugarCrop,SugarCropAEZ16,SugarCropAEZ16,1990,CH4_AWB,4.30074501752857e-07
China,SugarCrop,SugarCropAEZ17,SugarCropAEZ17,1990,CH4_AWB,0
China,Wheat,WheatAEZ04,WheatAEZ04,1990,CH4_AWB,0
China,Wheat,WheatAEZ05,WheatAEZ05,1990,CH4_AWB,2.09362864732911e-08
China,Wheat,WheatAEZ06,WheatAEZ06,1990,CH4_AWB,1.16500687764988e-06
China,Wheat,WheatAEZ07,WheatAEZ07,1990,CH4_AWB,7.02261229465651e-05
China,Wheat,WheatAEZ08,WheatAEZ08,1990,CH4_AWB,0.000185380162576633
China,Wheat,WheatAEZ09,WheatAEZ09,1990,CH4_AWB,0.000444324215942836
China,Wheat,WheatAEZ10,WheatAEZ10,1990,CH4_AWB,0.000229481951549609
China,Wheat,WheatAEZ11,WheatAEZ11,1990,CH4_AWB,0.000393538677474229
China,Wheat,WheatAEZ12,WheatAEZ12,1990,CH4_AWB,0.000172232025870507
China,Wheat,WheatAEZ13,WheatAEZ13,1990,CH4_AWB,1.38741958121511e-05
China,Wheat,WheatAEZ14,WheatAEZ14,1990,CH4_AWB,8.28896895254677e-06
China,Wheat,WheatAEZ15,WheatAEZ15,1990,CH4_AWB,9.44565785994889e-06
China,Wheat,WheatAEZ16,WheatAEZ16,1990,CH4_AWB,3.63903014289174e-06
China,Wheat,WheatAEZ17,WheatAEZ17,1990,CH4_AWB,1.851827186639e-07
China,Corn,CornAEZ04,CornAEZ04,1990,CO_AWB,1.43688298535212e-05
China,Corn,CornAEZ05,CornAEZ05,1990,CO_AWB,3.41318718050791e-05
China,Corn,CornAEZ06,CornAEZ06,1990,CO_AWB,0.000176463749445161
China,Corn,CornAEZ07,CornAEZ07,1990,CO_AWB,0.0018392479870297
China,Corn,CornAEZ08,CornAEZ08,1990,CO_AWB,0.0159229619449724
China,Corn,CornAEZ09,CornAEZ09,1990,CO_AWB,0.0226281616569738
China,Corn,CornAEZ10,CornAEZ10,1990,CO_AWB,0.00876139583902108
China,Corn,CornAEZ11,CornAEZ11,1990,CO_AWB,0.00662718767669132
China,Corn,CornAEZ12,CornAEZ12,1990,CO_AWB,0.00555405103685864
China,Corn,CornAEZ13,CornAEZ13,1990,CO_AWB,0.000289883825175113
China,Corn,CornAEZ14,CornAEZ14,1990,CO_AWB,6.36956579273691e-05
China,Corn,CornAEZ15,CornAEZ15,1990,CO_AWB,0.000589952871131989
China,Corn,CornAEZ16,CornAEZ16,1990,CO_AWB,0.00010351180399406
China,Corn,CornAEZ17,CornAEZ17,1990,CO_AWB,8.69871775902736e-06
China,FiberCrop,FiberCropAEZ04,FiberCropAEZ04,1990,CO_AWB,0
China,FiberCrop,FiberCropAEZ05,FiberCropAEZ05,1990,CO_AWB,7.65059502466023e-07
China,FiberCrop,FiberCropAEZ06,FiberCropAEZ06,1990,CO_AWB,2.34735768083814e-06
China,FiberCrop,FiberCropAEZ07,FiberCropAEZ07,1990,CO_AWB,0.00124094343597506
China,FiberCrop,FiberCropAEZ08,FiberCropAEZ08,1990,CO_AWB,0.000510800967151999
China,FiberCrop,FiberCropAEZ09,FiberCropAEZ09,1990,CO_AWB,0.00222300695416681
China,FiberCrop,FiberCropAEZ10,FiberCropAEZ10,1990,CO_AWB,0.000831133848768402
China,FiberCrop,FiberCropAEZ11,FiberCropAEZ11,1990,CO_AWB,0.002622879229329
China,FiberCrop,FiberCropAEZ12,FiberCropAEZ12,1990,CO_AWB,0.00265436019388855
China,FiberCrop,FiberCropAEZ13,FiberCropAEZ13,1990,CO_AWB,0.000132399716736442
China,FiberCrop,FiberCropAEZ14,FiberCropAEZ14,1990,CO_AWB,1.23396693946133e-06
China,FiberCrop,FiberCropAEZ15,FiberCropAEZ15,1990,CO_AWB,4.58330577514207e-07
China,FiberCrop,FiberCropAEZ16,FiberCropAEZ16,1990,CO_AWB,1.23396693946133e-07
China,FiberCrop,FiberCropAEZ17,FiberCropAEZ17,1990,CO_AWB,0
China,FodderGrass,FodderGrassAEZ04,FodderGrassAEZ04,1990,CO_AWB,2.67772298547251e-05
China,FodderGrass,FodderGrassAEZ05,FodderGrassAEZ05,1990,CO_AWB,7.3058833582027e-05
China,FodderGrass,FodderGrassAEZ06,FodderGrassAEZ06,1990,CO_AWB,0.00151648386003094
China,FodderGrass,FodderGrassAEZ07,FodderGrassAEZ07,1990,CO_AWB,0.00213869513907932
China,FodderGrass,FodderGrassAEZ08,FodderGrassAEZ08,1990,CO_AWB,0.00240688825195251
China,FodderGrass,FodderGrassAEZ09,FodderGrassAEZ09,1990,CO_AWB,0.00115077115554494
China,FodderGrass,FodderGrassAEZ10,FodderGrassAEZ10,1990,CO_AWB,0.00151508589092381
China,FodderGrass,FodderGrassAEZ11,FodderGrassAEZ11,1990,CO_AWB,0.00338755076825511
China,FodderGrass,FodderGrassAEZ12,FodderGrassAEZ12,1990,CO_AWB,0.0158406516023812
China,FodderGrass,FodderGrassAEZ13,FodderGrassAEZ13,1990,CO_AWB,0.000645749548299727
China,FodderGrass,FodderGrassAEZ14,FodderGrassAEZ14,1990,CO_AWB,0.000184886681714055
China,FodderGrass,FodderGrassAEZ15,FodderGrassAEZ15,1990,CO_AWB,0.000101955509879404
China,FodderGrass,FodderGrassAEZ16,FodderGrassAEZ16,1990,CO_AWB,0.00023494878112453
China,FodderGrass,FodderGrassAEZ17,FodderGrassAEZ17,1990,CO_AWB,7.37079923527478e-06
China,FodderHerb,FodderHerbAEZ04,FodderHerbAEZ04,1990,CO_AWB,0
China,FodderHerb,FodderHerbAEZ05,FodderHerbAEZ05,1990,CO_AWB,0
China,FodderHerb,FodderHerbAEZ06,FodderHerbAEZ06,1990,CO_AWB,0
China,FodderHerb,FodderHerbAEZ07,FodderHerbAEZ07,1990,CO_AWB,0
China,FodderHerb,FodderHerbAEZ08,FodderHerbAEZ08,1990,CO_AWB,0
China,FodderHerb,FodderHerbAEZ09,FodderHerbAEZ09,1990,CO_AWB,0
China,FodderHerb,FodderHerbAEZ10,FodderHerbAEZ10,1990,CO_AWB,0
China,FodderHerb,FodderHerbAEZ11,FodderHerbAEZ11,1990,CO_AWB,0
China,FodderHerb,FodderHerbAEZ12,FodderHerbAEZ12,1990,CO_AWB,0
China,FodderHerb,FodderHerbAEZ13,FodderHerbAEZ13,1990,CO_AWB,0
China,FodderHerb,FodderHerbAEZ14,FodderHerbAEZ14,1990,CO_AWB,0
China,FodderHerb,FodderHerbAEZ15,FodderHerbAEZ15,1990,CO_AWB,0
China,FodderHerb,FodderHerbAEZ16,FodderHerbAEZ16,1990,CO_AWB,0
China,FodderHerb,FodderHerbAEZ17,FodderHerbAEZ17,1990,CO_AWB,0
China,MiscCrop,MiscCropAEZ04,MiscCropAEZ04,1990,CO_AWB,0.000111895050554863
China,MiscCrop,MiscCropAEZ05,MiscCropAEZ05,1990,CO_AWB,0.00022359413888654
China,MiscCrop,MiscCropAEZ06,MiscCropAEZ06,1990,CO_AWB,0.00744773932268322
China,MiscCrop,MiscCropAEZ07,MiscCropAEZ07,1990,CO_AWB,0.00101016290032686
China,MiscCrop,MiscCropAEZ08,MiscCropAEZ08,1990,CO_AWB,0.0110773773968408
China,MiscCrop,MiscCropAEZ09,MiscCropAEZ09,1990,CO_AWB,0.0201907074180657
China,MiscCrop,MiscCropAEZ10,MiscCropAEZ10,1990,CO_AWB,0.01043111945055
China,MiscCrop,MiscCropAEZ11,MiscCropAEZ11,1990,CO_AWB,0.017515645432305
China,MiscCrop,MiscCropAEZ12,MiscCropAEZ12,1990,CO_AWB,0.0475009795466199
China,MiscCrop,MiscCropAEZ13,MiscCropAEZ13,1990,CO_AWB,0.000182458531602267
China,MiscCrop,MiscCropAEZ14,MiscCropAEZ14,1990,CO_AWB,5.09638425887521e-05
China,MiscCrop,MiscCropAEZ15,MiscCropAEZ15,1990,CO_AWB,0.000156192450856954
China,MiscCrop,MiscCropAEZ16,MiscCropAEZ16,1990,CO_AWB,5.11054571272185e-05
China,MiscCrop,MiscCropAEZ17,MiscCropAEZ17,1990,CO_AWB,1.26645633303838e-06
China,OilCrop,OilCropAEZ04,OilCropAEZ04,1990,CO_AWB,2.850859313752e-06
China,OilCrop,OilCropAEZ05,OilCropAEZ05,1990,CO_AWB,9.37246711210712e-06
China,OilCrop,OilCropAEZ06,OilCropAEZ06,1990,CO_AWB,0.000396791905902316
China,OilCrop,OilCropAEZ07,OilCropAEZ07,1990,CO_AWB,0.000261631867753725
China,OilCrop,OilCropAEZ08,OilCropAEZ08,1990,CO_AWB,0.00238020367966996
China,OilCrop,OilCropAEZ09,OilCropAEZ09,1990,CO_AWB,0.00323864813878036
China,OilCrop,OilCropAEZ10,OilCropAEZ10,1990,CO_AWB,0.00243649037958267
China,OilCrop,OilCropAEZ11,OilCropAEZ11,1990,CO_AWB,0.00388429254415264
China,OilCrop,OilCropAEZ12,OilCropAEZ12,1990,CO_AWB,0.00555451973799297
China,OilCrop,OilCropAEZ13,OilCropAEZ13,1990,CO_AWB,8.94865418857892e-05
China,OilCrop,OilCropAEZ14,OilCropAEZ14,1990,CO_AWB,7.27525166864651e-05
China,OilCrop,OilCropAEZ15,OilCropAEZ15,1990,CO_AWB,0.000204315073042316
China,OilCrop,OilCropAEZ16,OilCropAEZ16,1990,CO_AWB,4.99486949552767e-05
China,OilCrop,OilCropAEZ17,OilCropAEZ17,1990,CO_AWB,2.22809243291402e-06
China,OtherGrain,OtherGrainAEZ04,OtherGrainAEZ04,1990,CO_AWB,1.84600766345993e-06
China,OtherGrain,OtherGrainAEZ05,OtherGrainAEZ05,1990,CO_AWB,4.02755979937756e-06
China,OtherGrain,OtherGrainAEZ06,OtherGrainAEZ06,1990,CO_AWB,6.293870263812e-05
China,OtherGrain,OtherGrainAEZ07,OtherGrainAEZ07,1990,CO_AWB,0.000235581977431974
China,OtherGrain,OtherGrainAEZ08,OtherGrainAEZ08,1990,CO_AWB,0.00549850159785162
China,OtherGrain,OtherGrainAEZ09,OtherGrainAEZ09,1990,CO_AWB,0.00328763908789338
China,OtherGrain,OtherGrainAEZ10,OtherGrainAEZ10,1990,CO_AWB,0.000727670772914754
China,OtherGrain,OtherGrainAEZ11,OtherGrainAEZ11,1990,CO_AWB,0.000983256126328654
China,OtherGrain,OtherGrainAEZ12,OtherGrainAEZ12,1990,CO_AWB,0.00100430205027393
China,OtherGrain,OtherGrainAEZ13,OtherGrainAEZ13,1990,CO_AWB,4.89741010305459e-05
China,OtherGrain,OtherGrainAEZ14,OtherGrainAEZ14,1990,CO_AWB,4.41666825184226e-05
China,OtherGrain,OtherGrainAEZ15,OtherGrainAEZ15,1990,CO_AWB,7.42835946488e-05
China,OtherGrain,OtherGrainAEZ16,OtherGrainAEZ16,1990,CO_AWB,3.91427506005238e-05
China,OtherGrain,OtherGrainAEZ17,OtherGrainAEZ17,1990,CO_AWB,2.45039816583785e-06
China,PalmFruit,PalmFruitAEZ04,PalmFruitAEZ04,1990,CO_AWB,2.13024015173181e-05
China,PalmFruit,PalmFruitAEZ05,PalmFruitAEZ05,1990,CO_AWB,4.45395591749584e-05
China,PalmFruit,PalmFruitAEZ06,PalmFruitAEZ06,1990,CO_AWB,0.000179430221705583
China,PalmFruit,PalmFruitAEZ07,PalmFruitAEZ07,1990,CO_AWB,0
China,PalmFruit,PalmFruitAEZ08,PalmFruitAEZ08,1990,CO_AWB,0
China,PalmFruit,PalmFruitAEZ09,PalmFruitAEZ09,1990,CO_AWB,0
China,PalmFruit,PalmFruitAEZ10,PalmFruitAEZ10,1990,CO_AWB,0
China,PalmFruit,PalmFruitAEZ11,PalmFruitAEZ11,1990,CO_AWB,8.44865830133734e-06
China,PalmFruit,PalmFruitAEZ12,PalmFruitAEZ12,1990,CO_AWB,0.000213793900834555
China,PalmFruit,PalmFruitAEZ13,PalmFruitAEZ13,1990,CO_AWB,0
China,PalmFruit,PalmFruitAEZ14,PalmFruitAEZ14,1990,CO_AWB,0
China,PalmFruit,PalmFruitAEZ15,PalmFruitAEZ15,1990,CO_AWB,0
China,PalmFruit,PalmFruitAEZ16,PalmFruitAEZ16,1990,CO_AWB,0
China,PalmFruit,PalmFruitAEZ17,PalmFruitAEZ17,1990,CO_AWB,0
China,Rice,RiceAEZ04,RiceAEZ04,1990,CO_AWB,0.000100312794934364
China,Rice,RiceAEZ05,RiceAEZ05,1990,CO_AWB,0.000275962630085951
China,Rice,RiceAEZ06,RiceAEZ06,1990,CO_AWB,0.00675631572442794
China,Rice,RiceAEZ07,RiceAEZ07,1990,CO_AWB,0.000401984530938422
China,Rice,RiceAEZ08,RiceAEZ08,1990,CO_AWB,0.00257051625471755
China,Rice,RiceAEZ09,RiceAEZ09,1990,CO_AWB,0.00494030978269678
China,Rice,RiceAEZ10,RiceAEZ10,1990,CO_AWB,0.00458067371045208
China,Rice,RiceAEZ11,RiceAEZ11,1990,CO_AWB,0.0258518855371921
China,Rice,RiceAEZ12,RiceAEZ12,1990,CO_AWB,0.0822891755079924
China,Rice,RiceAEZ13,RiceAEZ13,1990,CO_AWB,1.99259240789031e-05
China,Rice,RiceAEZ14,RiceAEZ14,1990,CO_AWB,7.82112622925921e-06
China,Rice,RiceAEZ15,RiceAEZ15,1990,CO_AWB,0.000291088963541684
China,Rice,RiceAEZ16,RiceAEZ16,1990,CO_AWB,7.48610052271223e-05
China,Rice,RiceAEZ17,RiceAEZ17,1990,CO_AWB,3.19072101473315e-06
China,Root_Tuber,Root_TuberAEZ04,Root_TuberAEZ04,1990,CO_AWB,9.86671177992426e-06
China,Root_Tuber,Root_TuberAEZ05,Root_TuberAEZ05,1990,CO_AWB,2.30987713971132e-05
China,Root_Tuber,Root_TuberAEZ06,Root_TuberAEZ06,1990,CO_AWB,0.00496221192281797
China,Root_Tuber,Root_TuberAEZ07,Root_TuberAEZ07,1990,CO_AWB,0.0010117375175974
China,Root_Tuber,Root_TuberAEZ08,Root_TuberAEZ08,1990,CO_AWB,0.011040494227691
China,Root_Tuber,Root_TuberAEZ09,Root_TuberAEZ09,1990,CO_AWB,0.012707826343719
China,Root_Tuber,Root_TuberAEZ10,Root_TuberAEZ10,1990,CO_AWB,0.0129859006014022
China,Root_Tuber,Root_TuberAEZ11,Root_TuberAEZ11,1990,CO_AWB,0.02088137486575
China,Root_Tuber,Root_TuberAEZ12,Root_TuberAEZ12,1990,CO_AWB,0.0342793540843879
China,Root_Tuber,Root_TuberAEZ13,Root_TuberAEZ13,1990,CO_AWB,0.000118552521295413
China,Root_Tuber,Root_TuberAEZ14,Root_TuberAEZ14,1990,CO_AWB,0.000242226058294635
China,Root_Tuber,Root_TuberAEZ15,Root_TuberAEZ15,1990,CO_AWB,0.00039078835260765
China,Root_Tuber,Root_TuberAEZ16,Root_TuberAEZ16,1990,CO_AWB,0.000291581951163391
China,Root_Tuber,Root_TuberAEZ17,Root_TuberAEZ17,1990,CO_AWB,1.08973427459497e-05
China,SugarCrop,SugarCropAEZ04,SugarCropAEZ04,1990,CO_AWB,0.000120169858443909
China,SugarCrop,SugarCropAEZ05,SugarCropAEZ05,1990,CO_AWB,0.000319402709681354
China,SugarCrop,SugarCropAEZ06,SugarCropAEZ06,1990,CO_AWB,0.0212858768094257
China,SugarCrop,SugarCropAEZ07,SugarCropAEZ07,1990,CO_AWB,0.00143665185914842
China,SugarCrop,SugarCropAEZ08,SugarCropAEZ08,1990,CO_AWB,0.00171344098774222
China,SugarCrop,SugarCropAEZ09,SugarCropAEZ09,1990,CO_AWB,0.000699538891316313
China,SugarCrop,SugarCropAEZ10,SugarCropAEZ10,1990,CO_AWB,0.000586019019718375
China,SugarCrop,SugarCropAEZ11,SugarCropAEZ11,1990,CO_AWB,0.00574858634354695
China,SugarCrop,SugarCropAEZ12,SugarCropAEZ12,1990,CO_AWB,0.0225006510634846
China,SugarCrop,SugarCropAEZ13,SugarCropAEZ13,1990,CO_AWB,0.000346157259170973
China,SugarCrop,SugarCropAEZ14,SugarCropAEZ14,1990,CO_AWB,3.81175422230399e-05
China,SugarCrop,SugarCropAEZ15,SugarCropAEZ15,1990,CO_AWB,0.000194553910220749
China,SugarCrop,SugarCropAEZ16,SugarCropAEZ16,1990,CO_AWB,1.8471545147227e-05
China,SugarCrop,SugarCropAEZ17,SugarCropAEZ17,1990,CO_AWB,0
China,Wheat,WheatAEZ04,WheatAEZ04,1990,CO_AWB,0
China,Wheat,WheatAEZ05,WheatAEZ05,1990,CO_AWB,8.99205972989552e-07
China,Wheat,WheatAEZ06,WheatAEZ06,1990,CO_AWB,5.00366263278401e-05
China,Wheat,WheatAEZ07,WheatAEZ07,1990,CO_AWB,0.00301618671935966
China,Wheat,WheatAEZ08,WheatAEZ08,1990,CO_AWB,0.00796201129915468
China,Wheat,WheatAEZ09,WheatAEZ09,1990,CO_AWB,0.0190835652458902
China,Wheat,WheatAEZ10,WheatAEZ10,1990,CO_AWB,0.00985616727159113
China,Wheat,WheatAEZ11,WheatAEZ11,1990,CO_AWB,0.0169023446368428
China,Wheat,WheatAEZ12,WheatAEZ12,1990,CO_AWB,0.00739730355717214
China,Wheat,WheatAEZ13,WheatAEZ13,1990,CO_AWB,0.000595891719413973
China,Wheat,WheatAEZ14,WheatAEZ14,1990,CO_AWB,0.000356008234868376
China,Wheat,WheatAEZ15,WheatAEZ15,1990,CO_AWB,0.00040568760736615
China,Wheat,WheatAEZ16,WheatAEZ16,1990,CO_AWB,0.000156295035633552
China,Wheat,WheatAEZ17,WheatAEZ17,1990,CO_AWB,7.95353115412578e-06
China,Corn,CornAEZ04,CornAEZ04,1990,N2O_AWB,8.64055262548427e-09
China,Corn,CornAEZ05,CornAEZ05,1990,N2O_AWB,2.05248609347126e-08
China,Corn,CornAEZ06,CornAEZ06,1990,N2O_AWB,1.06114717003036e-07
China,Corn,CornAEZ07,CornAEZ07,1990,N2O_AWB,1.10601344613679e-06
China,Corn,CornAEZ08,CornAEZ08,1990,N2O_AWB,9.57511446942228e-06
China,Corn,CornAEZ09,CornAEZ09,1990,N2O_AWB,1.3607219488867e-05
China,Corn,CornAEZ10,CornAEZ10,1990,N2O_AWB,5.26857806735104e-06
China,Corn,CornAEZ11,CornAEZ11,1990,N2O_AWB,3.9851932595179e-06
China,Corn,CornAEZ12,CornAEZ12,1990,N2O_AWB,3.33987323656993e-06
China,Corn,CornAEZ13,CornAEZ13,1990,N2O_AWB,1.74318749142153e-07
China,Corn,CornAEZ14,CornAEZ14,1990,N2O_AWB,3.8302749071902e-08
China,Corn,CornAEZ15,CornAEZ15,1990,N2O_AWB,3.54762279290426e-07
China,Corn,CornAEZ16,CornAEZ16,1990,N2O_AWB,6.22457916815202e-08
China,Corn,CornAEZ17,CornAEZ17,1990,N2O_AWB,5.23088722862784e-09
China,FiberCrop,FiberCropAEZ04,FiberCropAEZ04,1990,N2O_AWB,0
China,FiberCrop,FiberCropAEZ05,FiberCropAEZ05,1990,N2O_AWB,4.60060906843052e-10
China,FiberCrop,FiberCropAEZ06,FiberCropAEZ06,1990,N2O_AWB,1.41156014643365e-09
China,FiberCrop,FiberCropAEZ07,FiberCropAEZ07,1990,N2O_AWB,7.46228967361886e-07
China,FiberCrop,FiberCropAEZ08,FiberCropAEZ08,1990,N2O_AWB,3.07165070699443e-07
China,FiberCrop,FiberCropAEZ09,FiberCropAEZ09,1990,N2O_AWB,1.33678307629127e-06
China,FiberCrop,FiberCropAEZ10,FiberCropAEZ10,1990,N2O_AWB,4.99794056462071e-07
China,FiberCrop,FiberCropAEZ11,FiberCropAEZ11,1990,N2O_AWB,1.57724228363335e-06
China,FiberCrop,FiberCropAEZ12,FiberCropAEZ12,1990,N2O_AWB,1.59617304791623e-06
China,FiberCrop,FiberCropAEZ13,FiberCropAEZ13,1990,N2O_AWB,7.96172500977937e-08
China,FiberCrop,FiberCropAEZ14,FiberCropAEZ14,1990,N2O_AWB,7.420337207146e-10
China,FiberCrop,FiberCropAEZ15,FiberCropAEZ15,1990,N2O_AWB,2.75612524836851e-10
China,FiberCrop,FiberCropAEZ16,FiberCropAEZ16,1990,N2O_AWB,7.420337207146e-11
China,FiberCrop,FiberCropAEZ17,FiberCropAEZ17,1990,N2O_AWB,0
China,FodderGrass,FodderGrassAEZ04,FodderGrassAEZ04,1990,N2O_AWB,1.61022202979e-08
China,FodderGrass,FodderGrassAEZ05,FodderGrassAEZ05,1990,N2O_AWB,4.39332014337483e-08
China,FodderGrass,FodderGrassAEZ06,FodderGrassAEZ06,1990,N2O_AWB,9.11922455194484e-07
China,FodderGrass,FodderGrassAEZ07,FodderGrassAEZ07,1990,N2O_AWB,1.28608300658203e-06
China,FodderGrass,FodderGrassAEZ08,FodderGrassAEZ08,1990,N2O_AWB,1.44735826206189e-06
China,FodderGrass,FodderGrassAEZ09,FodderGrassAEZ09,1990,N2O_AWB,6.9200476522719e-07
China,FodderGrass,FodderGrassAEZ10,FodderGrassAEZ10,1990,N2O_AWB,9.11081800404771e-07
China,FodderGrass,FodderGrassAEZ11,FodderGrassAEZ11,1990,N2O_AWB,2.03706989246831e-06
China,FodderGrass,FodderGrassAEZ12,FodderGrassAEZ12,1990,N2O_AWB,9.52561796525099e-06
China,FodderGrass,FodderGrassAEZ13,FodderGrassAEZ13,1990,N2O_AWB,3.88315055007708e-07
China,FodderGrass,FodderGrassAEZ14,FodderGrassAEZ14,1990,N2O_AWB,1.11179763375789e-07
China,FodderGrass,FodderGrassAEZ15,FodderGrassAEZ15,1990,N2O_AWB,6.13099297264759e-08
China,FodderGrass,FodderGrassAEZ16,FodderGrassAEZ16,1990,N2O_AWB,1.41284107912406e-07
China,FodderGrass,FodderGrassAEZ17,FodderGrassAEZ17,1990,N2O_AWB,4.43235665906808e-09
China,FodderHerb,FodderHerbAEZ04,FodderHerbAEZ04,1990,N2O_AWB,0
China,FodderHerb,FodderHerbAEZ05,FodderHerbAEZ05,1990,N2O_AWB,0
China,FodderHerb,FodderHerbAEZ06,FodderHerbAEZ06,1990,N2O_AWB,0
China,FodderHerb,FodderHerbAEZ07,FodderHerbAEZ07,1990,N2O_AWB,0
China,FodderHerb,FodderHerbAEZ08,FodderHerbAEZ08,1990,N2O_AWB,0
China,FodderHerb,FodderHerbAEZ09,FodderHerbAEZ09,1990,N2O_AWB,0
China,FodderHerb,FodderHerbAEZ10,FodderHerbAEZ10,1990,N2O_AWB,0
China,FodderHerb,FodderHerbAEZ11,FodderHerbAEZ11,1990,N2O_AWB,0
China,FodderHerb,FodderHerbAEZ12,FodderHerbAEZ12,1990,N2O_AWB,0
China,FodderHerb,FodderHerbAEZ13,FodderHerbAEZ13,1990,N2O_AWB,0
China,FodderHerb,FodderHerbAEZ14,FodderHerbAEZ14,1990,N2O_AWB,0
China,FodderHerb,FodderHerbAEZ15,FodderHerbAEZ15,1990,N2O_AWB,0
China,FodderHerb,FodderHerbAEZ16,FodderHerbAEZ16,1990,N2O_AWB,0
China,FodderHerb,FodderHerbAEZ17,FodderHerbAEZ17,1990,N2O_AWB,0
China,MiscCrop,MiscCropAEZ04,MiscCropAEZ04,1990,N2O_AWB,6.7286973449239e-08
China,MiscCrop,MiscCropAEZ05,MiscCropAEZ05,1990,N2O_AWB,1.34456106968623e-07
China,MiscCrop,MiscCropAEZ06,MiscCropAEZ06,1990,N2O_AWB,4.47862381380783e-06
China,MiscCrop,MiscCropAEZ07,MiscCropAEZ07,1990,N2O_AWB,6.07451392323858e-07
China,MiscCrop,MiscCropAEZ08,MiscCropAEZ08,1990,N2O_AWB,6.66127049491766e-06
China,MiscCrop,MiscCropAEZ09,MiscCropAEZ09,1990,N2O_AWB,1.21414806751852e-05
China,MiscCrop,MiscCropAEZ10,MiscCropAEZ10,1990,N2O_AWB,6.27264971984495e-06
China,MiscCrop,MiscCropAEZ11,MiscCropAEZ11,1990,N2O_AWB,1.05328588110511e-05
China,MiscCrop,MiscCropAEZ12,MiscCropAEZ12,1990,N2O_AWB,2.8564240631887e-05
China,MiscCrop,MiscCropAEZ13,MiscCropAEZ13,1990,N2O_AWB,1.09719619506221e-07
China,MiscCrop,MiscCropAEZ14,MiscCropAEZ14,1990,N2O_AWB,3.06465988096516e-08
China,MiscCrop,MiscCropAEZ15,MiscCropAEZ15,1990,N2O_AWB,9.39247736308986e-08
China,MiscCrop,MiscCropAEZ16,MiscCropAEZ16,1990,N2O_AWB,3.07317573009572e-08
China,MiscCrop,MiscCropAEZ17,MiscCropAEZ17,1990,N2O_AWB,7.6157089373665e-10
China,OilCrop,OilCropAEZ04,OilCropAEZ04,1990,N2O_AWB,1.7143358352378e-09
China,OilCrop,OilCropAEZ05,OilCropAEZ05,1990,N2O_AWB,5.63603968718000e-09
China,OilCrop,OilCropAEZ06,OilCropAEZ06,1990,N2O_AWB,2.3860685798816e-07
China,OilCrop,OilCropAEZ07,OilCropAEZ07,1990,N2O_AWB,1.57329716119912e-07
China,OilCrop,OilCropAEZ08,OilCropAEZ08,1990,N2O_AWB,1.43131176047155e-06
China,OilCrop,OilCropAEZ09,OilCropAEZ09,1990,N2O_AWB,1.9475287802716e-06
China,OilCrop,OilCropAEZ10,OilCropAEZ10,1990,N2O_AWB,1.46515920648271e-06
China,OilCrop,OilCropAEZ11,OilCropAEZ11,1990,N2O_AWB,2.3357806086278e-06
China,OilCrop,OilCropAEZ12,OilCropAEZ12,1990,N2O_AWB,3.34015508532576e-06
China,OilCrop,OilCropAEZ13,OilCropAEZ13,1990,N2O_AWB,5.38118400954746e-08
China,OilCrop,OilCropAEZ14,OilCropAEZ14,1990,N2O_AWB,4.37490008215091e-08
China,OilCrop,OilCropAEZ15,OilCropAEZ15,1990,N2O_AWB,1.22862832867992e-07
China,OilCrop,OilCropAEZ16,OilCropAEZ16,1990,N2O_AWB,3.00361498977292e-08
China,OilCrop,OilCropAEZ17,OilCropAEZ17,1990,N2O_AWB,1.33984117825148e-09
China,OtherGrain,OtherGrainAEZ04,OtherGrainAEZ04,1990,N2O_AWB,1.11007831018779e-09
China,OtherGrain,OtherGrainAEZ05,OtherGrainAEZ05,1990,N2O_AWB,2.42193294468433e-09
China,OtherGrain,OtherGrainAEZ06,OtherGrainAEZ06,1990,N2O_AWB,3.78475615529064e-08
China,OtherGrain,OtherGrainAEZ07,OtherGrainAEZ07,1990,N2O_AWB,1.41664874201137e-07
China,OtherGrain,OtherGrainAEZ08,OtherGrainAEZ08,1990,N2O_AWB,3.3064691350565e-06
China,OtherGrain,OtherGrainAEZ09,OtherGrainAEZ09,1990,N2O_AWB,1.97698899925247e-06
China,OtherGrain,OtherGrainAEZ10,OtherGrainAEZ10,1990,N2O_AWB,4.37577566962138e-07
China,OtherGrain,OtherGrainAEZ11,OtherGrainAEZ11,1990,N2O_AWB,5.91271271946376e-07
China,OtherGrain,OtherGrainAEZ12,OtherGrainAEZ12,1990,N2O_AWB,6.03927028556687e-07
China,OtherGrain,OtherGrainAEZ13,OtherGrainAEZ13,1990,N2O_AWB,2.94500875543819e-08
China,OtherGrain,OtherGrainAEZ14,OtherGrainAEZ14,1990,N2O_AWB,2.65591943452491e-08
China,OtherGrain,OtherGrainAEZ15,OtherGrainAEZ15,1990,N2O_AWB,4.4669699294672e-08
China,OtherGrain,OtherGrainAEZ16,OtherGrainAEZ16,1990,N2O_AWB,2.35381029574339e-08
China,OtherGrain,OtherGrainAEZ17,OtherGrainAEZ17,1990,N2O_AWB,1.47352251513532e-09
China,PalmFruit,PalmFruitAEZ04,PalmFruitAEZ04,1990,N2O_AWB,1.28099868420724e-08
China,PalmFruit,PalmFruitAEZ05,PalmFruitAEZ05,1990,N2O_AWB,2.6783420006382e-08
China,PalmFruit,PalmFruitAEZ06,PalmFruitAEZ06,1990,N2O_AWB,1.07898575531498e-07
China,PalmFruit,PalmFruitAEZ07,PalmFruitAEZ07,1990,N2O_AWB,0
China,PalmFruit,PalmFruitAEZ08,PalmFruitAEZ08,1990,N2O_AWB,0
China,PalmFruit,PalmFruitAEZ09,PalmFruitAEZ09,1990,N2O_AWB,0
China,PalmFruit,PalmFruitAEZ10,PalmFruitAEZ10,1990,N2O_AWB,0
China,PalmFruit,PalmFruitAEZ11,PalmFruitAEZ11,1990,N2O_AWB,5.08051646596333e-09
China,PalmFruit,PalmFruitAEZ12,PalmFruitAEZ12,1990,N2O_AWB,1.28562831490126e-07
China,PalmFruit,PalmFruitAEZ13,PalmFruitAEZ13,1990,N2O_AWB,0
China,PalmFruit,PalmFruitAEZ14,PalmFruitAEZ14,1990,N2O_AWB,0
China,PalmFruit,PalmFruitAEZ15,PalmFruitAEZ15,1990,N2O_AWB,0
China,PalmFruit,PalmFruitAEZ16,PalmFruitAEZ16,1990,N2O_AWB,0
China,PalmFruit,PalmFruitAEZ17,PalmFruitAEZ17,1990,N2O_AWB,0
China,Rice,RiceAEZ04,RiceAEZ04,1990,N2O_AWB,6.03220994663932e-08
China,Rice,RiceAEZ05,RiceAEZ05,1990,N2O_AWB,1.65947377220865e-07
China,Rice,RiceAEZ06,RiceAEZ06,1990,N2O_AWB,4.06284312406973e-06
China,Rice,RiceAEZ07,RiceAEZ07,1990,N2O_AWB,2.41729391301329e-07
China,Rice,RiceAEZ08,RiceAEZ08,1990,N2O_AWB,1.5457543307263e-06
China,Rice,RiceAEZ09,RiceAEZ09,1990,N2O_AWB,2.9708060502314e-06
China,Rice,RiceAEZ10,RiceAEZ10,1990,N2O_AWB,2.75454248249966e-06
China,Rice,RiceAEZ11,RiceAEZ11,1990,N2O_AWB,1.55457737149949e-05
China,Rice,RiceAEZ12,RiceAEZ12,1990,N2O_AWB,4.94837755567324e-05
China,Rice,RiceAEZ13,RiceAEZ13,1990,N2O_AWB,1.19822558531427e-08
China,Rice,RiceAEZ14,RiceAEZ14,1990,N2O_AWB,4.70315630871701e-09
China,Rice,RiceAEZ15,RiceAEZ15,1990,N2O_AWB,1.75043447087881e-07
China,Rice,RiceAEZ16,RiceAEZ16,1990,N2O_AWB,4.50169193911841e-08
China,Rice,RiceAEZ17,RiceAEZ17,1990,N2O_AWB,1.91870828189146e-09
China,Root_Tuber,Root_TuberAEZ04,Root_TuberAEZ04,1990,N2O_AWB,5.93324879228276e-09
China,Root_Tuber,Root_TuberAEZ05,Root_TuberAEZ05,1990,N2O_AWB,1.38902159657682e-08
China,Root_Tuber,Root_TuberAEZ06,Root_TuberAEZ06,1990,N2O_AWB,2.98397668390562e-06
China,Root_Tuber,Root_TuberAEZ07,Root_TuberAEZ07,1990,N2O_AWB,6.08398272726077e-07
China,Root_Tuber,Root_TuberAEZ08,Root_TuberAEZ08,1990,N2O_AWB,6.63909116874551e-06
China,Root_Tuber,Root_TuberAEZ09,Root_TuberAEZ09,1990,N2O_AWB,7.64172471925482e-06
China,Root_Tuber,Root_TuberAEZ10,Root_TuberAEZ10,1990,N2O_AWB,7.80894190268576e-06
China,Root_Tuber,Root_TuberAEZ11,Root_TuberAEZ11,1990,N2O_AWB,1.25568066613137e-05
China,Root_Tuber,Root_TuberAEZ12,Root_TuberAEZ12,1990,N2O_AWB,2.06135479334929e-05
China,Root_Tuber,Root_TuberAEZ13,Root_TuberAEZ13,1990,N2O_AWB,7.12903771273925e-08
China,Root_Tuber,Root_TuberAEZ14,Root_TuberAEZ14,1990,N2O_AWB,1.45660226009671e-07
China,Root_Tuber,Root_TuberAEZ15,Root_TuberAEZ15,1990,N2O_AWB,2.34996681048821e-07
China,Root_Tuber,Root_TuberAEZ16,Root_TuberAEZ16,1990,N2O_AWB,1.75339900280833e-07
China,Root_Tuber,Root_TuberAEZ17,Root_TuberAEZ17,1990,N2O_AWB,6.55300845191948e-09
China,SugarCrop,SugarCropAEZ04,SugarCropAEZ04,1990,N2O_AWB,7.22629467024511e-08
China,SugarCrop,SugarCropAEZ05,SugarCropAEZ05,1990,N2O_AWB,1.92069636140044e-07
China,SugarCrop,SugarCropAEZ06,SugarCropAEZ06,1990,N2O_AWB,1.28000498736747e-05
China,SugarCrop,SugarCropAEZ07,SugarCropAEZ07,1990,N2O_AWB,8.63916277109349e-07
China,SugarCrop,SugarCropAEZ08,SugarCropAEZ08,1990,N2O_AWB,1.03036066097062e-06
China,SugarCrop,SugarCropAEZ09,SugarCropAEZ09,1990,N2O_AWB,4.2066074033929e-07
China,SugarCrop,SugarCropAEZ10,SugarCropAEZ10,1990,N2O_AWB,3.52396696949576e-07
China,SugarCrop,SugarCropAEZ11,SugarCropAEZ11,1990,N2O_AWB,3.45685510441098e-06
China,SugarCrop,SugarCropAEZ12,SugarCropAEZ12,1990,N2O_AWB,1.35305422643065e-05
China,SugarCrop,SugarCropAEZ13,SugarCropAEZ13,1990,N2O_AWB,2.08158217826431e-07
China,SugarCrop,SugarCropAEZ14,SugarCropAEZ14,1990,N2O_AWB,2.29216041173724e-08
China,SugarCrop,SugarCropAEZ15,SugarCropAEZ15,1990,N2O_AWB,1.16993054889864e-07
China,SugarCrop,SugarCropAEZ16,SugarCropAEZ16,1990,N2O_AWB,1.11076795776457e-08
China,SugarCrop,SugarCropAEZ17,SugarCropAEZ17,1990,N2O_AWB,0
China,Wheat,WheatAEZ04,WheatAEZ04,1990,N2O_AWB,0
China,Wheat,WheatAEZ05,WheatAEZ05,1990,N2O_AWB,5.4072854992169e-10
China,Wheat,WheatAEZ06,WheatAEZ06,1990,N2O_AWB,3.00890265522523e-08
China,Wheat,WheatAEZ07,WheatAEZ07,1990,N2O_AWB,1.81375382286452e-06
China,Wheat,WheatAEZ08,WheatAEZ08,1990,N2O_AWB,4.78787614136772e-06
China,Wheat,WheatAEZ09,WheatAEZ09,1990,N2O_AWB,1.1475711764279e-05
China,Wheat,WheatAEZ10,WheatAEZ10,1990,N2O_AWB,5.92690795728847e-06
China,Wheat,WheatAEZ11,WheatAEZ11,1990,N2O_AWB,1.01640564901617e-05
China,Wheat,WheatAEZ12,WheatAEZ12,1990,N2O_AWB,4.44829476888576e-06
China,Wheat,WheatAEZ13,WheatAEZ13,1990,N2O_AWB,3.5833354651527e-07
China,Wheat,WheatAEZ14,WheatAEZ14,1990,N2O_AWB,2.14082003882323e-07
China,Wheat,WheatAEZ15,WheatAEZ15,1990,N2O_AWB,2.43956199404435e-07
China,Wheat,WheatAEZ16,WheatAEZ16,1990,N2O_AWB,9.39864619638946e-08
China,Wheat,WheatAEZ17,WheatAEZ17,1990,N2O_AWB,4.78277669067195e-09
China,Corn,CornAEZ04,CornAEZ04,1990,NH3_AWB,1.60536172735321e-07
China,Corn,CornAEZ05,CornAEZ05,1990,NH3_AWB,3.81339338257751e-07
China,Corn,CornAEZ06,CornAEZ06,1990,NH3_AWB,1.97154641339903e-06
China,Corn,CornAEZ07,CornAEZ07,1990,NH3_AWB,2.05490520493938e-05
China,Corn,CornAEZ08,CornAEZ08,1990,NH3_AWB,0.000177899759083695
China,Corn,CornAEZ09,CornAEZ09,1990,NH3_AWB,0.000252813799417111
China,Corn,CornAEZ10,CornAEZ10,1990,NH3_AWB,9.78869518362992e-05
China,Corn,CornAEZ11,CornAEZ11,1990,NH3_AWB,7.40424485821292e-05
China,Corn,CornAEZ12,CornAEZ12,1990,NH3_AWB,6.20527980164943e-05
China,Corn,CornAEZ13,CornAEZ13,1990,NH3_AWB,3.23873553420101e-06
China,Corn,CornAEZ14,CornAEZ14,1990,NH3_AWB,7.11641605319182e-07
China,Corn,CornAEZ15,CornAEZ15,1990,NH3_AWB,6.59126574614802e-06
China,Corn,CornAEZ16,CornAEZ16,1990,NH3_AWB,1.15648866438925e-06
China,Corn,CornAEZ17,CornAEZ17,1990,NH3_AWB,9.71866791502722e-08
China,FiberCrop,FiberCropAEZ04,FiberCropAEZ04,1990,NH3_AWB,0
China,FiberCrop,FiberCropAEZ05,FiberCropAEZ05,1990,NH3_AWB,8.54764971766897e-09
China,FiberCrop,FiberCropAEZ06,FiberCropAEZ06,1990,NH3_AWB,2.62259224978063e-08
China,FiberCrop,FiberCropAEZ07,FiberCropAEZ07,1990,NH3_AWB,1.38644769144952e-05
China,FiberCrop,FiberCropAEZ08,FiberCropAEZ08,1990,NH3_AWB,5.70693877873338e-06
China,FiberCrop,FiberCropAEZ09,FiberCropAEZ09,1990,NH3_AWB,2.48366103589491e-05
China,FiberCrop,FiberCropAEZ10,FiberCropAEZ10,1990,NH3_AWB,9.285867288585e-06
China,FiberCrop,FiberCropAEZ11,FiberCropAEZ11,1990,NH3_AWB,2.93041950747477e-05
China,FiberCrop,FiberCropAEZ12,FiberCropAEZ12,1990,NH3_AWB,2.96559170740982e-05
China,FiberCrop,FiberCropAEZ13,FiberCropAEZ13,1990,NH3_AWB,1.47923971630163e-06
China,FiberCrop,FiberCropAEZ14,FiberCropAEZ14,1990,NH3_AWB,1.37865318026919e-08
China,FiberCrop,FiberCropAEZ15,FiberCropAEZ15,1990,NH3_AWB,5.12071181242841e-09
China,FiberCrop,FiberCropAEZ16,FiberCropAEZ16,1990,NH3_AWB,1.37865318026919e-09
China,FiberCrop,FiberCropAEZ17,FiberCropAEZ17,1990,NH3_AWB,0
China,FodderGrass,FodderGrassAEZ04,FodderGrassAEZ04,1990,NH3_AWB,2.99169385479089e-07
China,FodderGrass,FodderGrassAEZ05,FodderGrassAEZ05,1990,NH3_AWB,8.16251959785796e-07
China,FodderGrass,FodderGrassAEZ06,FodderGrassAEZ06,1990,NH3_AWB,1.69429603792401e-05
China,FodderGrass,FodderGrassAEZ07,FodderGrassAEZ07,1990,NH3_AWB,2.38946341334322e-05
China,FodderGrass,FodderGrassAEZ08,FodderGrassAEZ08,1990,NH3_AWB,2.68910295486151e-05
China,FodderGrass,FodderGrassAEZ09,FodderGrassAEZ09,1990,NH3_AWB,1.28570244681486e-05
China,FodderGrass,FodderGrassAEZ10,FodderGrassAEZ10,1990,NH3_AWB,1.69273415284118e-05
China,FodderGrass,FodderGrassAEZ11,FodderGrassAEZ11,1990,NH3_AWB,3.78475102583946e-05
China,FodderGrass,FodderGrassAEZ12,FodderGrassAEZ12,1990,NH3_AWB,0.000176980144368312
China,FodderGrass,FodderGrassAEZ13,FodderGrassAEZ13,1990,NH3_AWB,7.21465575738555e-06
China,FodderGrass,FodderGrassAEZ14,FodderGrassAEZ14,1990,NH3_AWB,2.06565187107663e-06
China,FodderGrass,FodderGrassAEZ15,FodderGrassAEZ15,1990,NH3_AWB,1.13910092277324e-06
China,FodderGrass,FodderGrassAEZ16,FodderGrassAEZ16,1990,NH3_AWB,2.62497214422214e-06
China,FodderGrass,FodderGrassAEZ17,FodderGrassAEZ17,1990,NH3_AWB,8.23504705180616e-08
China,FodderHerb,FodderHerbAEZ04,FodderHerbAEZ04,1990,NH3_AWB,0
China,FodderHerb,FodderHerbAEZ05,FodderHerbAEZ05,1990,NH3_AWB,0
China,FodderHerb,FodderHerbAEZ06,FodderHerbAEZ06,1990,NH3_AWB,0
China,FodderHerb,FodderHerbAEZ07,FodderHerbAEZ07,1990,NH3_AWB,0
China,FodderHerb,FodderHerbAEZ08,FodderHerbAEZ08,1990,NH3_AWB,0
China,FodderHerb,FodderHerbAEZ09,FodderHerbAEZ09,1990,NH3_AWB,0
China,FodderHerb,FodderHerbAEZ10,FodderHerbAEZ10,1990,NH3_AWB,0
China,FodderHerb,FodderHerbAEZ11,FodderHerbAEZ11,1990,NH3_AWB,0
China,FodderHerb,FodderHerbAEZ12,FodderHerbAEZ12,1990,NH3_AWB,0
China,FodderHerb,FodderHerbAEZ13,FodderHerbAEZ13,1990,NH3_AWB,0
China,FodderHerb,FodderHerbAEZ14,FodderHerbAEZ14,1990,NH3_AWB,0
China,FodderHerb,FodderHerbAEZ15,FodderHerbAEZ15,1990,NH3_AWB,0
China,FodderHerb,FodderHerbAEZ16,FodderHerbAEZ16,1990,NH3_AWB,0
China,FodderHerb,FodderHerbAEZ17,FodderHerbAEZ17,1990,NH3_AWB,0
China,MiscCrop,MiscCropAEZ04,MiscCropAEZ04,1990,NH3_AWB,1.25015073232987e-06
China,MiscCrop,MiscCropAEZ05,MiscCropAEZ05,1990,NH3_AWB,2.49811207097692e-06
China,MiscCrop,MiscCropAEZ06,MiscCropAEZ06,1990,NH3_AWB,8.32100858999951e-05
China,MiscCrop,MiscCropAEZ07,MiscCropAEZ07,1990,NH3_AWB,1.12860746150421e-05
China,MiscCrop,MiscCropAEZ08,MiscCropAEZ08,1990,NH3_AWB,0.000123762323679946
China,MiscCrop,MiscCropAEZ09,MiscCropAEZ09,1990,NH3_AWB,0.000225581270483246
China,MiscCrop,MiscCropAEZ10,MiscCropAEZ10,1990,NH3_AWB,0.000116541987831103
China,MiscCrop,MiscCropAEZ11,MiscCropAEZ11,1990,NH3_AWB,0.00019569406203262
China,MiscCrop,MiscCropAEZ12,MiscCropAEZ12,1990,NH3_AWB,0.000530706086391884
China,MiscCrop,MiscCropAEZ13,MiscCropAEZ13,1990,NH3_AWB,2.03852329277575e-06
China,MiscCrop,MiscCropAEZ14,MiscCropAEZ14,1990,NH3_AWB,5.69395025237817e-07
China,MiscCrop,MiscCropAEZ15,MiscCropAEZ15,1990,NH3_AWB,1.745064735705e-06
China,MiscCrop,MiscCropAEZ16,MiscCropAEZ16,1990,NH3_AWB,5.70977217820012e-07
China,MiscCrop,MiscCropAEZ17,MiscCropAEZ17,1990,NH3_AWB,1.41495205048007e-08
China,OilCrop,OilCropAEZ04,OilCropAEZ04,1990,NH3_AWB,3.1851309250797e-08
China,OilCrop,OilCropAEZ05,OilCropAEZ05,1990,NH3_AWB,1.04714163547327e-07
China,OilCrop,OilCropAEZ06,OilCropAEZ06,1990,NH3_AWB,4.43316919994715e-06
China,OilCrop,OilCropAEZ07,OilCropAEZ07,1990,NH3_AWB,2.92308971175435e-06
China,OilCrop,OilCropAEZ08,OilCropAEZ08,1990,NH3_AWB,2.65928953825773e-05
China,OilCrop,OilCropAEZ09,OilCropAEZ09,1990,NH3_AWB,3.61838912657705e-05
China,OilCrop,OilCropAEZ10,OilCropAEZ10,1990,NH3_AWB,2.72217601872971e-05
China,OilCrop,OilCropAEZ11,OilCropAEZ11,1990,NH3_AWB,4.33973723107171e-05
China,OilCrop,OilCropAEZ12,OilCropAEZ12,1990,NH3_AWB,6.20580345936568e-05
China,OilCrop,OilCropAEZ13,OilCropAEZ13,1990,NH3_AWB,9.99791012358817e-07
China,OilCrop,OilCropAEZ14,OilCropAEZ14,1990,NH3_AWB,8.12829625290991e-07
China,OilCrop,OilCropAEZ15,OilCropAEZ15,1990,NH3_AWB,2.28271614270058e-06
China,OilCrop,OilCropAEZ16,OilCropAEZ16,1990,NH3_AWB,5.58053258545554e-07
China,OilCrop,OilCropAEZ17,OilCropAEZ17,1990,NH3_AWB,2.48934280193241e-08
China,OtherGrain,OtherGrainAEZ04,OtherGrainAEZ04,1990,NH3_AWB,2.06245747324585e-08
China,OtherGrain,OtherGrainAEZ05,OtherGrainAEZ05,1990,NH3_AWB,4.49980299193439e-08
China,OtherGrain,OtherGrainAEZ06,OtherGrainAEZ06,1990,NH3_AWB,7.03184500161241e-07
China,OtherGrain,OtherGrainAEZ07,OtherGrainAEZ07,1990,NH3_AWB,2.63204654852809e-06
China,OtherGrain,OtherGrainAEZ08,OtherGrainAEZ08,1990,NH3_AWB,6.14321702808548e-05
China,OtherGrain,OtherGrainAEZ09,OtherGrainAEZ09,1990,NH3_AWB,3.67312440808188e-05
China,OtherGrain,OtherGrainAEZ10,OtherGrainAEZ10,1990,NH3_AWB,8.12992304077288e-06
China,OtherGrain,OtherGrainAEZ11,OtherGrainAEZ11,1990,NH3_AWB,1.09854578938226e-05
China,OtherGrain,OtherGrainAEZ12,OtherGrainAEZ12,1990,NH3_AWB,1.12205940960254e-05
China,OtherGrain,OtherGrainAEZ13,OtherGrainAEZ13,1990,NH3_AWB,5.47164579353e-07
China,OtherGrain,OtherGrainAEZ14,OtherGrainAEZ14,1990,NH3_AWB,4.93453555105325e-07
China,OtherGrain,OtherGrainAEZ15,OtherGrainAEZ15,1990,NH3_AWB,8.29935638706024e-07
China,OtherGrain,OtherGrainAEZ16,OtherGrainAEZ16,1990,NH3_AWB,4.37323528484914e-07
China,OtherGrain,OtherGrainAEZ17,OtherGrainAEZ17,1990,NH3_AWB,2.73771453369153e-08
China,PalmFruit,PalmFruitAEZ04,PalmFruitAEZ04,1990,NH3_AWB,2.38001705394492e-07
China,PalmFruit,PalmFruitAEZ05,PalmFruitAEZ05,1990,NH3_AWB,4.97619530480691e-07
China,PalmFruit,PalmFruitAEZ06,PalmFruitAEZ06,1990,NH3_AWB,2.00468941168549e-06
China,PalmFruit,PalmFruitAEZ07,PalmFruitAEZ07,1990,NH3_AWB,0
China,PalmFruit,PalmFruitAEZ08,PalmFruitAEZ08,1990,NH3_AWB,0
China,PalmFruit,PalmFruitAEZ09,PalmFruitAEZ09,1990,NH3_AWB,0
China,PalmFruit,PalmFruitAEZ10,PalmFruitAEZ10,1990,NH3_AWB,0
China,PalmFruit,PalmFruitAEZ11,PalmFruitAEZ11,1990,NH3_AWB,9.43928825291793e-08
China,PalmFruit,PalmFruitAEZ12,PalmFruitAEZ12,1990,NH3_AWB,2.38861862406446e-06
China,PalmFruit,PalmFruitAEZ13,PalmFruitAEZ13,1990,NH3_AWB,0
China,PalmFruit,PalmFruitAEZ14,PalmFruitAEZ14,1990,NH3_AWB,0
China,PalmFruit,PalmFruitAEZ15,PalmFruitAEZ15,1990,NH3_AWB,0
China,PalmFruit,PalmFruitAEZ16,PalmFruitAEZ16,1990,NH3_AWB,0
China,PalmFruit,PalmFruitAEZ17,PalmFruitAEZ17,1990,NH3_AWB,0
China,Rice,RiceAEZ04,RiceAEZ04,1990,NH3_AWB,1.1207476418965e-06
China,Rice,RiceAEZ05,RiceAEZ05,1990,NH3_AWB,3.08320057399212e-06
China,Rice,RiceAEZ06,RiceAEZ06,1990,NH3_AWB,7.5485135480627e-05
China,Rice,RiceAEZ07,RiceAEZ07,1990,NH3_AWB,4.49118395537566e-06
China,Rice,RiceAEZ08,RiceAEZ08,1990,NH3_AWB,2.87191682059732e-05
China,Rice,RiceAEZ09,RiceAEZ09,1990,NH3_AWB,5.51957558636307e-05
China,Rice,RiceAEZ10,RiceAEZ10,1990,NH3_AWB,5.11777113043808e-05
China,Rice,RiceAEZ11,RiceAEZ11,1990,NH3_AWB,0.000288830948966619
China,Rice,RiceAEZ12,RiceAEZ12,1990,NH3_AWB,0.000919378225524806
China,Rice,RiceAEZ13,RiceAEZ13,1990,NH3_AWB,2.22622970864797e-07
China,Rice,RiceAEZ14,RiceAEZ14,1990,NH3_AWB,8.73817620588927e-08
China,Rice,RiceAEZ15,RiceAEZ15,1990,NH3_AWB,3.25219997792803e-06
China,Rice,RiceAEZ16,RiceAEZ16,1990,NH3_AWB,8.363867753181e-07
China,Rice,RiceAEZ17,RiceAEZ17,1990,NH3_AWB,3.56484240674541e-08
China,Root_Tuber,Root_TuberAEZ04,Root_TuberAEZ04,1990,NH3_AWB,1.10236126586423e-07
China,Root_Tuber,Root_TuberAEZ05,Root_TuberAEZ05,1990,NH3_AWB,2.58071700533911e-07
China,Root_Tuber,Root_TuberAEZ06,Root_TuberAEZ06,1990,NH3_AWB,5.54404581661573e-05
China,Root_Tuber,Root_TuberAEZ07,Root_TuberAEZ07,1990,NH3_AWB,1.13036670726544e-05
China,Root_Tuber,Root_TuberAEZ08,Root_TuberAEZ08,1990,NH3_AWB,0.000123350245391456
China,Root_Tuber,Root_TuberAEZ09,Root_TuberAEZ09,1990,NH3_AWB,0.000141978562332673
China,Root_Tuber,Root_TuberAEZ10,Root_TuberAEZ10,1990,NH3_AWB,0.000145085355127894
China,Root_Tuber,Root_TuberAEZ11,Root_TuberAEZ11,1990,NH3_AWB,0.000233297772788195
China,Root_Tuber,Root_TuberAEZ12,Root_TuberAEZ12,1990,NH3_AWB,0.000382987088346511
China,Root_Tuber,Root_TuberAEZ13,Root_TuberAEZ13,1990,NH3_AWB,1.32453151933066e-06
China,Root_Tuber,Root_TuberAEZ14,Root_TuberAEZ14,1990,NH3_AWB,2.70627773672565e-06
China,Root_Tuber,Root_TuberAEZ15,Root_TuberAEZ15,1990,NH3_AWB,4.36609432477893e-06
China,Root_Tuber,Root_TuberAEZ16,Root_TuberAEZ16,1990,NH3_AWB,3.25770789658261e-06
China,Root_Tuber,Root_TuberAEZ17,Root_TuberAEZ17,1990,NH3_AWB,1.21750881265468e-07
China,SugarCrop,SugarCropAEZ04,SugarCropAEZ04,1990,NH3_AWB,1.34260126603161e-06
China,SugarCrop,SugarCropAEZ05,SugarCropAEZ05,1990,NH3_AWB,3.56853613664092e-06
China,SugarCrop,SugarCropAEZ06,SugarCropAEZ06,1990,NH3_AWB,0.000237817082611171
China,SugarCrop,SugarCropAEZ07,SugarCropAEZ07,1990,NH3_AWB,1.60510350092461e-05
China,SugarCrop,SugarCropAEZ08,SugarCropAEZ08,1990,NH3_AWB,1.91434696620446e-05
China,SugarCrop,SugarCropAEZ09,SugarCropAEZ09,1990,NH3_AWB,7.8156187689779e-06
China,SugarCrop,SugarCropAEZ10,SugarCropAEZ10,1990,NH3_AWB,6.54731467591551e-06
China,SugarCrop,SugarCropAEZ11,SugarCropAEZ11,1990,NH3_AWB,6.42262494329282e-05
China,SugarCrop,SugarCropAEZ12,SugarCropAEZ12,1990,NH3_AWB,0.000251389183573606
China,SugarCrop,SugarCropAEZ13,SugarCropAEZ13,1990,NH3_AWB,3.86745212507603e-06
China,SugarCrop,SugarCropAEZ14,SugarCropAEZ14,1990,NH3_AWB,4.25869357835304e-07
China,SugarCrop,SugarCropAEZ15,SugarCropAEZ15,1990,NH3_AWB,2.17365926494539e-06
China,SugarCrop,SugarCropAEZ16,SugarCropAEZ16,1990,NH3_AWB,2.06373879618097e-07
China,SugarCrop,SugarCropAEZ17,SugarCropAEZ17,1990,NH3_AWB,0
China,Wheat,WheatAEZ04,WheatAEZ04,1990,NH3_AWB,0
China,Wheat,WheatAEZ05,WheatAEZ05,1990,NH3_AWB,1.00464050918598e-08
China,Wheat,WheatAEZ06,WheatAEZ06,1990,NH3_AWB,5.59035674383072e-07
China,Wheat,WheatAEZ07,WheatAEZ07,1990,NH3_AWB,3.36984345362294e-05
China,Wheat,WheatAEZ08,WheatAEZ08,1990,NH3_AWB,8.89558046320967e-05
China,Wheat,WheatAEZ09,WheatAEZ09,1990,NH3_AWB,0.000213211692110699
China,Wheat,WheatAEZ10,WheatAEZ10,1990,NH3_AWB,0.000110118317757978
China,Wheat,WheatAEZ11,WheatAEZ11,1990,NH3_AWB,0.00018884194091749
China,Wheat,WheatAEZ12,WheatAEZ12,1990,NH3_AWB,8.26465908313872e-05
China,Wheat,WheatAEZ13,WheatAEZ13,1990,NH3_AWB,6.65761770266532e-06
China,Wheat,WheatAEZ14,WheatAEZ14,1990,NH3_AWB,3.97751243981921e-06
China,Wheat,WheatAEZ15,WheatAEZ15,1990,NH3_AWB,4.5325566853136e-06
China,Wheat,WheatAEZ16,WheatAEZ16,1990,NH3_AWB,1.74621086712863e-06
China,Wheat,WheatAEZ17,WheatAEZ17,1990,NH3_AWB,8.88610599631809e-08
China,Corn,CornAEZ04,CornAEZ04,1990,NMVOC_AWB,8.64055262548427e-07
China,Corn,CornAEZ05,CornAEZ05,1990,NMVOC_AWB,2.05248609347126e-06
China,Corn,CornAEZ06,CornAEZ06,1990,NMVOC_AWB,1.06114717003036e-05
China,Corn,CornAEZ07,CornAEZ07,1990,NMVOC_AWB,0.000110601344613679
China,Corn,CornAEZ08,CornAEZ08,1990,NMVOC_AWB,0.000957511446942228
China,Corn,CornAEZ09,CornAEZ09,1990,NMVOC_AWB,0.0013607219488867
China,Corn,CornAEZ10,CornAEZ10,1990,NMVOC_AWB,0.000526857806735104
China,Corn,CornAEZ11,CornAEZ11,1990,NMVOC_AWB,0.00039851932595179
China,Corn,CornAEZ12,CornAEZ12,1990,NMVOC_AWB,0.000333987323656993
China,Corn,CornAEZ13,CornAEZ13,1990,NMVOC_AWB,1.74318749142153e-05
China,Corn,CornAEZ14,CornAEZ14,1990,NMVOC_AWB,3.8302749071902e-06
China,Corn,CornAEZ15,CornAEZ15,1990,NMVOC_AWB,3.54762279290426e-05
China,Corn,CornAEZ16,CornAEZ16,1990,NMVOC_AWB,6.22457916815202e-06
China,Corn,CornAEZ17,CornAEZ17,1990,NMVOC_AWB,5.23088722862784e-07
China,FiberCrop,FiberCropAEZ04,FiberCropAEZ04,1990,NMVOC_AWB,0
China,FiberCrop,FiberCropAEZ05,FiberCropAEZ05,1990,NMVOC_AWB,4.60060906843052e-08
China,FiberCrop,FiberCropAEZ06,FiberCropAEZ06,1990,NMVOC_AWB,1.41156014643365e-07
China,FiberCrop,FiberCropAEZ07,FiberCropAEZ07,1990,NMVOC_AWB,7.46228967361886e-05
China,FiberCrop,FiberCropAEZ08,FiberCropAEZ08,1990,NMVOC_AWB,3.07165070699443e-05
China,FiberCrop,FiberCropAEZ09,FiberCropAEZ09,1990,NMVOC_AWB,0.000133678307629127
China,FiberCrop,FiberCropAEZ10,FiberCropAEZ10,1990,NMVOC_AWB,4.99794056462071e-05
China,FiberCrop,FiberCropAEZ11,FiberCropAEZ11,1990,NMVOC_AWB,0.000157724228363335
China,FiberCrop,FiberCropAEZ12,FiberCropAEZ12,1990,NMVOC_AWB,0.000159617304791623
China,FiberCrop,FiberCropAEZ13,FiberCropAEZ13,1990,NMVOC_AWB,7.96172500977937e-06
China,FiberCrop,FiberCropAEZ14,FiberCropAEZ14,1990,NMVOC_AWB,7.420337207146e-08
China,FiberCrop,FiberCropAEZ15,FiberCropAEZ15,1990,NMVOC_AWB,2.75612524836851e-08
China,FiberCrop,FiberCropAEZ16,FiberCropAEZ16,1990,NMVOC_AWB,7.420337207146e-09
China,FiberCrop,FiberCropAEZ17,FiberCropAEZ17,1990,NMVOC_AWB,0
China,FodderGrass,FodderGrassAEZ04,FodderGrassAEZ04,1990,NMVOC_AWB,1.61022202979e-06
China,FodderGrass,FodderGrassAEZ05,FodderGrassAEZ05,1990,NMVOC_AWB,4.39332014337483e-06
China,FodderGrass,FodderGrassAEZ06,FodderGrassAEZ06,1990,NMVOC_AWB,9.11922455194484e-05
China,FodderGrass,FodderGrassAEZ07,FodderGrassAEZ07,1990,NMVOC_AWB,0.000128608300658203
China,FodderGrass,FodderGrassAEZ08,FodderGrassAEZ08,1990,NMVOC_AWB,0.000144735826206189
China,FodderGrass,FodderGrassAEZ09,FodderGrassAEZ09,1990,NMVOC_AWB,6.9200476522719e-05
China,FodderGrass,FodderGrassAEZ10,FodderGrassAEZ10,1990,NMVOC_AWB,9.11081800404771e-05
China,FodderGrass,FodderGrassAEZ11,FodderGrassAEZ11,1990,NMVOC_AWB,0.000203706989246831
China,FodderGrass,FodderGrassAEZ12,FodderGrassAEZ12,1990,NMVOC_AWB,0.000952561796525099
China,FodderGrass,FodderGrassAEZ13,FodderGrassAEZ13,1990,NMVOC_AWB,3.88315055007708e-05
China,FodderGrass,FodderGrassAEZ14,FodderGrassAEZ14,1990,NMVOC_AWB,1.11179763375789e-05
China,FodderGrass,FodderGrassAEZ15,FodderGrassAEZ15,1990,NMVOC_AWB,6.13099297264759e-06
China,FodderGrass,FodderGrassAEZ16,FodderGrassAEZ16,1990,NMVOC_AWB,1.41284107912406e-05
China,FodderGrass,FodderGrassAEZ17,FodderGrassAEZ17,1990,NMVOC_AWB,4.43235665906808e-07
China,FodderHerb,FodderHerbAEZ04,FodderHerbAEZ04,1990,NMVOC_AWB,0
China,FodderHerb,FodderHerbAEZ05,FodderHerbAEZ05,1990,NMVOC_AWB,0
China,FodderHerb,FodderHerbAEZ06,FodderHerbAEZ06,1990,NMVOC_AWB,0
China,FodderHerb,FodderHerbAEZ07,FodderHerbAEZ07,1990,NMVOC_AWB,0
China,FodderHerb,FodderHerbAEZ08,FodderHerbAEZ08,1990,NMVOC_AWB,0
China,FodderHerb,FodderHerbAEZ09,FodderHerbAEZ09,1990,NMVOC_AWB,0
China,FodderHerb,FodderHerbAEZ10,FodderHerbAEZ10,1990,NMVOC_AWB,0
China,FodderHerb,FodderHerbAEZ11,FodderHerbAEZ11,1990,NMVOC_AWB,0
China,FodderHerb,FodderHerbAEZ12,FodderHerbAEZ12,1990,NMVOC_AWB,0
China,FodderHerb,FodderHerbAEZ13,FodderHerbAEZ13,1990,NMVOC_AWB,0
China,FodderHerb,FodderHerbAEZ14,FodderHerbAEZ14,1990,NMVOC_AWB,0
China,FodderHerb,FodderHerbAEZ15,FodderHerbAEZ15,1990,NMVOC_AWB,0
China,FodderHerb,FodderHerbAEZ16,FodderHerbAEZ16,1990,NMVOC_AWB,0
China,FodderHerb,FodderHerbAEZ17,FodderHerbAEZ17,1990,NMVOC_AWB,0
China,MiscCrop,MiscCropAEZ04,MiscCropAEZ04,1990,NMVOC_AWB,6.7286973449239e-06
China,MiscCrop,MiscCropAEZ05,MiscCropAEZ05,1990,NMVOC_AWB,1.34456106968623e-05
China,MiscCrop,MiscCropAEZ06,MiscCropAEZ06,1990,NMVOC_AWB,0.000447862381380783
China,MiscCrop,MiscCropAEZ07,MiscCropAEZ07,1990,NMVOC_AWB,6.07451392323858e-05
China,MiscCrop,MiscCropAEZ08,MiscCropAEZ08,1990,NMVOC_AWB,0.000666127049491766
China,MiscCrop,MiscCropAEZ09,MiscCropAEZ09,1990,NMVOC_AWB,0.00121414806751852
China,MiscCrop,MiscCropAEZ10,MiscCropAEZ10,1990,NMVOC_AWB,0.000627264971984495
China,MiscCrop,MiscCropAEZ11,MiscCropAEZ11,1990,NMVOC_AWB,0.00105328588110511
China,MiscCrop,MiscCropAEZ12,MiscCropAEZ12,1990,NMVOC_AWB,0.0028564240631887
China,MiscCrop,MiscCropAEZ13,MiscCropAEZ13,1990,NMVOC_AWB,1.09719619506221e-05
China,MiscCrop,MiscCropAEZ14,MiscCropAEZ14,1990,NMVOC_AWB,3.06465988096516e-06
China,MiscCrop,MiscCropAEZ15,MiscCropAEZ15,1990,NMVOC_AWB,9.39247736308986e-06
China,MiscCrop,MiscCropAEZ16,MiscCropAEZ16,1990,NMVOC_AWB,3.07317573009572e-06
China,MiscCrop,MiscCropAEZ17,MiscCropAEZ17,1990,NMVOC_AWB,7.6157089373665e-08
China,OilCrop,OilCropAEZ04,OilCropAEZ04,1990,NMVOC_AWB,1.7143358352378e-07
China,OilCrop,OilCropAEZ05,OilCropAEZ05,1990,NMVOC_AWB,5.63603968718e-07
China,OilCrop,OilCropAEZ06,OilCropAEZ06,1990,NMVOC_AWB,2.3860685798816e-05
China,OilCrop,OilCropAEZ07,OilCropAEZ07,1990,NMVOC_AWB,1.57329716119912e-05
China,OilCrop,OilCropAEZ08,OilCropAEZ08,1990,NMVOC_AWB,0.000143131176047155
China,OilCrop,OilCropAEZ09,OilCropAEZ09,1990,NMVOC_AWB,0.00019475287802716
China,OilCrop,OilCropAEZ10,OilCropAEZ10,1990,NMVOC_AWB,0.000146515920648271
China,OilCrop,OilCropAEZ11,OilCropAEZ11,1990,NMVOC_AWB,0.00023357806086278
China,OilCrop,OilCropAEZ12,OilCropAEZ12,1990,NMVOC_AWB,0.000334015508532576
China,OilCrop,OilCropAEZ13,OilCropAEZ13,1990,NMVOC_AWB,5.38118400954746e-06
China,OilCrop,OilCropAEZ14,OilCropAEZ14,1990,NMVOC_AWB,4.37490008215091e-06
China,OilCrop,OilCropAEZ15,OilCropAEZ15,1990,NMVOC_AWB,1.22862832867992e-05
China,OilCrop,OilCropAEZ16,OilCropAEZ16,1990,NMVOC_AWB,3.00361498977292e-06
China,OilCrop,OilCropAEZ17,OilCropAEZ17,1990,NMVOC_AWB,1.33984117825148e-07
China,OtherGrain,OtherGrainAEZ04,OtherGrainAEZ04,1990,NMVOC_AWB,1.11007831018779e-07
China,OtherGrain,OtherGrainAEZ05,OtherGrainAEZ05,1990,NMVOC_AWB,2.42193294468433e-07
China,OtherGrain,OtherGrainAEZ06,OtherGrainAEZ06,1990,NMVOC_AWB,3.78475615529064e-06
China,OtherGrain,OtherGrainAEZ07,OtherGrainAEZ07,1990,NMVOC_AWB,1.41664874201137e-05
China,OtherGrain,OtherGrainAEZ08,OtherGrainAEZ08,1990,NMVOC_AWB,0.00033064691350565
China,OtherGrain,OtherGrainAEZ09,OtherGrainAEZ09,1990,NMVOC_AWB,0.000197698899925247
China,OtherGrain,OtherGrainAEZ10,OtherGrainAEZ10,1990,NMVOC_AWB,4.37577566962138e-05
China,OtherGrain,OtherGrainAEZ11,OtherGrainAEZ11,1990,NMVOC_AWB,5.91271271946377e-05
China,OtherGrain,OtherGrainAEZ12,OtherGrainAEZ12,1990,NMVOC_AWB,6.03927028556687e-05
China,OtherGrain,OtherGrainAEZ13,OtherGrainAEZ13,1990,NMVOC_AWB,2.94500875543819e-06
China,OtherGrain,OtherGrainAEZ14,OtherGrainAEZ14,1990,NMVOC_AWB,2.65591943452491e-06
China,OtherGrain,OtherGrainAEZ15,OtherGrainAEZ15,1990,NMVOC_AWB,4.4669699294672e-06
China,OtherGrain,OtherGrainAEZ16,OtherGrainAEZ16,1990,NMVOC_AWB,2.35381029574339e-06
China,OtherGrain,OtherGrainAEZ17,OtherGrainAEZ17,1990,NMVOC_AWB,1.47352251513532e-07
China,PalmFruit,PalmFruitAEZ04,PalmFruitAEZ04,1990,NMVOC_AWB,1.28099868420724e-06
China,PalmFruit,PalmFruitAEZ05,PalmFruitAEZ05,1990,NMVOC_AWB,2.6783420006382e-06
China,PalmFruit,PalmFruitAEZ06,PalmFruitAEZ06,1990,NMVOC_AWB,1.07898575531498e-05
China,PalmFruit,PalmFruitAEZ07,PalmFruitAEZ07,1990,NMVOC_AWB,0
China,PalmFruit,PalmFruitAEZ08,PalmFruitAEZ08,1990,NMVOC_AWB,0
China,PalmFruit,PalmFruitAEZ09,PalmFruitAEZ09,1990,NMVOC_AWB,0
China,PalmFruit,PalmFruitAEZ10,PalmFruitAEZ10,1990,NMVOC_AWB,0
China,PalmFruit,PalmFruitAEZ11,PalmFruitAEZ11,1990,NMVOC_AWB,5.08051646596333e-07
China,PalmFruit,PalmFruitAEZ12,PalmFruitAEZ12,1990,NMVOC_AWB,1.28562831490126e-05
China,PalmFruit,PalmFruitAEZ13,PalmFruitAEZ13,1990,NMVOC_AWB,0
China,PalmFruit,PalmFruitAEZ14,PalmFruitAEZ14,1990,NMVOC_AWB,0
China,PalmFruit,PalmFruitAEZ15,PalmFruitAEZ15,1990,NMVOC_AWB,0
China,PalmFruit,PalmFruitAEZ16,PalmFruitAEZ16,1990,NMVOC_AWB,0
China,PalmFruit,PalmFruitAEZ17,PalmFruitAEZ17,1990,NMVOC_AWB,0
China,Rice,RiceAEZ04,RiceAEZ04,1990,NMVOC_AWB,6.03220994663932e-06
China,Rice,RiceAEZ05,RiceAEZ05,1990,NMVOC_AWB,1.65947377220865e-05
China,Rice,RiceAEZ06,RiceAEZ06,1990,NMVOC_AWB,0.000406284312406973
China,Rice,RiceAEZ07,RiceAEZ07,1990,NMVOC_AWB,2.41729391301329e-05
China,Rice,RiceAEZ08,RiceAEZ08,1990,NMVOC_AWB,0.00015457543307263
China,Rice,RiceAEZ09,RiceAEZ09,1990,NMVOC_AWB,0.00029708060502314
China,Rice,RiceAEZ10,RiceAEZ10,1990,NMVOC_AWB,0.000275454248249966
China,Rice,RiceAEZ11,RiceAEZ11,1990,NMVOC_AWB,0.00155457737149949
China,Rice,RiceAEZ12,RiceAEZ12,1990,NMVOC_AWB,0.00494837755567324
China,Rice,RiceAEZ13,RiceAEZ13,1990,NMVOC_AWB,1.19822558531428e-06
China,Rice,RiceAEZ14,RiceAEZ14,1990,NMVOC_AWB,4.70315630871701e-07
China,Rice,RiceAEZ15,RiceAEZ15,1990,NMVOC_AWB,1.75043447087881e-05
China,Rice,RiceAEZ16,RiceAEZ16,1990,NMVOC_AWB,4.50169193911841e-06
China,Rice,RiceAEZ17,RiceAEZ17,1990,NMVOC_AWB,1.91870828189146e-07
China,Root_Tuber,Root_TuberAEZ04,Root_TuberAEZ04,1990,NMVOC_AWB,5.93324879228276e-07
China,Root_Tuber,Root_TuberAEZ05,Root_TuberAEZ05,1990,NMVOC_AWB,1.38902159657682e-06
China,Root_Tuber,Root_TuberAEZ06,Root_TuberAEZ06,1990,NMVOC_AWB,0.000298397668390562
China,Root_Tuber,Root_TuberAEZ07,Root_TuberAEZ07,1990,NMVOC_AWB,6.08398272726077e-05
China,Root_Tuber,Root_TuberAEZ08,Root_TuberAEZ08,1990,NMVOC_AWB,0.000663909116874551
China,Root_Tuber,Root_TuberAEZ09,Root_TuberAEZ09,1990,NMVOC_AWB,0.000764172471925482
China,Root_Tuber,Root_TuberAEZ10,Root_TuberAEZ10,1990,NMVOC_AWB,0.000780894190268576
China,Root_Tuber,Root_TuberAEZ11,Root_TuberAEZ11,1990,NMVOC_AWB,0.00125568066613137
China,Root_Tuber,Root_TuberAEZ12,Root_TuberAEZ12,1990,NMVOC_AWB,0.00206135479334929
China,Root_Tuber,Root_TuberAEZ13,Root_TuberAEZ13,1990,NMVOC_AWB,7.12903771273925e-06
China,Root_Tuber,Root_TuberAEZ14,Root_TuberAEZ14,1990,NMVOC_AWB,1.45660226009672e-05
China,Root_Tuber,Root_TuberAEZ15,Root_TuberAEZ15,1990,NMVOC_AWB,2.34996681048821e-05
China,Root_Tuber,Root_TuberAEZ16,Root_TuberAEZ16,1990,NMVOC_AWB,1.75339900280833e-05
China,Root_Tuber,Root_TuberAEZ17,Root_TuberAEZ17,1990,NMVOC_AWB,6.55300845191948e-07
China,SugarCrop,SugarCropAEZ04,SugarCropAEZ04,1990,NMVOC_AWB,7.22629467024511e-06
China,SugarCrop,SugarCropAEZ05,SugarCropAEZ05,1990,NMVOC_AWB,1.92069636140044e-05
China,SugarCrop,SugarCropAEZ06,SugarCropAEZ06,1990,NMVOC_AWB,0.00128000498736747
China,SugarCrop,SugarCropAEZ07,SugarCropAEZ07,1990,NMVOC_AWB,8.63916277109349e-05
China,SugarCrop,SugarCropAEZ08,SugarCropAEZ08,1990,NMVOC_AWB,0.000103036066097062
China,SugarCrop,SugarCropAEZ09,SugarCropAEZ09,1990,NMVOC_AWB,4.2066074033929e-05
China,SugarCrop,SugarCropAEZ10,SugarCropAEZ10,1990,NMVOC_AWB,3.52396696949576e-05
China,SugarCrop,SugarCropAEZ11,SugarCropAEZ11,1990,NMVOC_AWB,0.000345685510441098
China,SugarCrop,SugarCropAEZ12,SugarCropAEZ12,1990,NMVOC_AWB,0.00135305422643065
China,SugarCrop,SugarCropAEZ13,SugarCropAEZ13,1990,NMVOC_AWB,2.08158217826431e-05
China,SugarCrop,SugarCropAEZ14,SugarCropAEZ14,1990,NMVOC_AWB,2.29216041173724e-06
China,SugarCrop,SugarCropAEZ15,SugarCropAEZ15,1990,NMVOC_AWB,1.16993054889864e-05
China,SugarCrop,SugarCropAEZ16,SugarCropAEZ16,1990,NMVOC_AWB,1.11076795776457e-06
China,SugarCrop,SugarCropAEZ17,SugarCropAEZ17,1990,NMVOC_AWB,0
China,Wheat,WheatAEZ04,WheatAEZ04,1990,NMVOC_AWB,0
China,Wheat,WheatAEZ05,WheatAEZ05,1990,NMVOC_AWB,5.4072854992169e-08
China,Wheat,WheatAEZ06,WheatAEZ06,1990,NMVOC_AWB,3.00890265522523e-06
China,Wheat,WheatAEZ07,WheatAEZ07,1990,NMVOC_AWB,0.000181375382286452
China,Wheat,WheatAEZ08,WheatAEZ08,1990,NMVOC_AWB,0.000478787614136772
China,Wheat,WheatAEZ09,WheatAEZ09,1990,NMVOC_AWB,0.0011475711764279
China,Wheat,WheatAEZ10,WheatAEZ10,1990,NMVOC_AWB,0.000592690795728847
China,Wheat,WheatAEZ11,WheatAEZ11,1990,NMVOC_AWB,0.00101640564901617
China,Wheat,WheatAEZ12,WheatAEZ12,1990,NMVOC_AWB,0.000444829476888576
China,Wheat,WheatAEZ13,WheatAEZ13,1990,NMVOC_AWB,3.5833354651527e-05
China,Wheat,WheatAEZ14,WheatAEZ14,1990,NMVOC_AWB,2.14082003882323e-05
China,Wheat,WheatAEZ15,WheatAEZ15,1990,NMVOC_AWB,2.43956199404435e-05
China,Wheat,WheatAEZ16,WheatAEZ16,1990,NMVOC_AWB,9.39864619638946e-06
China,Wheat,WheatAEZ17,WheatAEZ17,1990,NMVOC_AWB,4.78277669067195e-07
China,Corn,CornAEZ04,CornAEZ04,1990,NOx_AWB,4.69333638431597e-07
China,Corn,CornAEZ05,CornAEZ05,1990,NOx_AWB,1.11486013433675e-06
China,Corn,CornAEZ06,CornAEZ06,1990,NOx_AWB,5.76389131353539e-06
China,Corn,CornAEZ07,CornAEZ07,1990,NOx_AWB,6.00759392748394e-05
China,Corn,CornAEZ08,CornAEZ08,1990,NOx_AWB,0.000520096746946336
China,Corn,CornAEZ09,CornAEZ09,1990,NOx_AWB,0.000739110807891103
China,Corn,CornAEZ10,CornAEZ10,1990,NOx_AWB,0.000286176245998176
China,Corn,CornAEZ11,CornAEZ11,1990,NOx_AWB,0.000216465929138159
China,Corn,CornAEZ12,CornAEZ12,1990,NOx_AWB,0.000181413727334579
China,Corn,CornAEZ13,CornAEZ13,1990,NOx_AWB,9.46856715396097e-06
China,Corn,CornAEZ14,CornAEZ14,1990,NOx_AWB,2.08051143983869e-06
China,Corn,CornAEZ15,CornAEZ15,1990,NOx_AWB,1.92698173987836e-05
China,Corn,CornAEZ16,CornAEZ16,1990,NOx_AWB,3.38103882392659e-06
China,Corn,CornAEZ17,CornAEZ17,1990,NOx_AWB,2.84128972028532e-07
China,FiberCrop,FiberCropAEZ04,FiberCropAEZ04,1990,NOx_AWB,0
China,FiberCrop,FiberCropAEZ05,FiberCropAEZ05,1990,NOx_AWB,2.49893807338148e-08
China,FiberCrop,FiberCropAEZ06,FiberCropAEZ06,1990,NOx_AWB,7.66724870625522e-08
China,FiberCrop,FiberCropAEZ07,FiberCropAEZ07,1990,NOx_AWB,4.05333283107431e-05
China,FiberCrop,FiberCropAEZ08,FiberCropAEZ08,1990,NOx_AWB,1.66844537009447e-05
China,FiberCrop,FiberCropAEZ09,FiberCropAEZ09,1990,NOx_AWB,7.26107799099713e-05
China,FiberCrop,FiberCropAEZ10,FiberCropAEZ10,1990,NOx_AWB,2.71475880250986e-05
China,FiberCrop,FiberCropAEZ11,FiberCropAEZ11,1990,NOx_AWB,8.5671934626324e-05
China,FiberCrop,FiberCropAEZ12,FiberCropAEZ12,1990,NOx_AWB,8.67002073380681e-05
China,FiberCrop,FiberCropAEZ13,FiberCropAEZ13,1990,NOx_AWB,4.32461386325063e-06
China,FiberCrop,FiberCropAEZ14,FiberCropAEZ14,1990,NOx_AWB,4.03054527964755e-08
China,FiberCrop,FiberCropAEZ15,FiberCropAEZ15,1990,NOx_AWB,1.49705967529766e-08
China,FiberCrop,FiberCropAEZ16,FiberCropAEZ16,1990,NOx_AWB,4.03054527964755e-09
China,FiberCrop,FiberCropAEZ17,FiberCropAEZ17,1990,NOx_AWB,0
China,FodderGrass,FodderGrassAEZ04,FodderGrassAEZ04,1990,NOx_AWB,8.74633135958357e-07
China,FodderGrass,FodderGrassAEZ05,FodderGrassAEZ05,1990,NOx_AWB,2.38634381046822e-06
China,FodderGrass,FodderGrassAEZ06,FodderGrassAEZ06,1990,NOx_AWB,4.95333924130708e-05
China,FodderGrass,FodderGrassAEZ07,FodderGrassAEZ07,1990,NOx_AWB,6.98568764020882e-05
China,FodderGrass,FodderGrassAEZ08,FodderGrassAEZ08,1990,NOx_AWB,7.86169529532226e-05
China,FodderGrass,FodderGrassAEZ09,FodderGrassAEZ09,1990,NOx_AWB,3.75880025680507e-05
China,FodderGrass,FodderGrassAEZ10,FodderGrassAEZ10,1990,NOx_AWB,4.94877301055516e-05
China,FodderGrass,FodderGrassAEZ11,FodderGrassAEZ11,1990,NOx_AWB,0.000110648643184212
China,FodderGrass,FodderGrassAEZ12,FodderGrassAEZ12,1990,NOx_AWB,0.000517408218168229
China,FodderGrass,FodderGrassAEZ13,FodderGrassAEZ13,1990,NOx_AWB,2.10923219293881e-05
China,FodderGrass,FodderGrassAEZ14,FodderGrassAEZ14,1990,NOx_AWB,6.03901221679075e-06
China,FodderGrass,FodderGrassAEZ15,FodderGrassAEZ15,1990,NOx_AWB,3.33020509656345e-06
China,FodderGrass,FodderGrassAEZ16,FodderGrassAEZ16,1990,NOx_AWB,7.67420641864043e-06
China,FodderGrass,FodderGrassAEZ17,FodderGrassAEZ17,1990,NOx_AWB,2.40754748890885e-07
China,FodderHerb,FodderHerbAEZ04,FodderHerbAEZ04,1990,NOx_AWB,0
China,FodderHerb,FodderHerbAEZ05,FodderHerbAEZ05,1990,NOx_AWB,0
China,FodderHerb,FodderHerbAEZ06,FodderHerbAEZ06,1990,NOx_AWB,0
China,FodderHerb,FodderHerbAEZ07,FodderHerbAEZ07,1990,NOx_AWB,0
China,FodderHerb,FodderHerbAEZ08,FodderHerbAEZ08,1990,NOx_AWB,0
China,FodderHerb,FodderHerbAEZ09,FodderHerbAEZ09,1990,NOx_AWB,0
China,FodderHerb,FodderHerbAEZ10,FodderHerbAEZ10,1990,NOx_AWB,0
China,FodderHerb,FodderHerbAEZ11,FodderHerbAEZ11,1990,NOx_AWB,0
China,FodderHerb,FodderHerbAEZ12,FodderHerbAEZ12,1990,NOx_AWB,0
China,FodderHerb,FodderHerbAEZ13,FodderHerbAEZ13,1990,NOx_AWB,0
China,FodderHerb,FodderHerbAEZ14,FodderHerbAEZ14,1990,NOx_AWB,0
China,FodderHerb,FodderHerbAEZ15,FodderHerbAEZ15,1990,NOx_AWB,0
China,FodderHerb,FodderHerbAEZ16,FodderHerbAEZ16,1990,NOx_AWB,0
China,FodderHerb,FodderHerbAEZ17,FodderHerbAEZ17,1990,NOx_AWB,0
China,MiscCrop,MiscCropAEZ04,MiscCropAEZ04,1990,NOx_AWB,3.65486346033471e-06
China,MiscCrop,MiscCropAEZ05,MiscCropAEZ05,1990,NOx_AWB,7.30332614453523e-06
China,MiscCrop,MiscCropAEZ06,MiscCropAEZ06,1990,NOx_AWB,0.000243267867323824
China,MiscCrop,MiscCropAEZ07,MiscCropAEZ07,1990,NOx_AWB,3.29952706136914e-05
China,MiscCrop,MiscCropAEZ08,MiscCropAEZ08,1990,NOx_AWB,0.000361823884821433
China,MiscCrop,MiscCropAEZ09,MiscCropAEZ09,1990,NOx_AWB,0.00065949546842928
China,MiscCrop,MiscCropAEZ10,MiscCropAEZ10,1990,NOx_AWB,0.000340714956927511
China,MiscCrop,MiscCropAEZ11,MiscCropAEZ11,1990,NOx_AWB,0.00057211907190946
China,MiscCrop,MiscCropAEZ12,MiscCropAEZ12,1990,NOx_AWB,0.0015515395329298
China,MiscCrop,MiscCropAEZ13,MiscCropAEZ13,1990,NOx_AWB,5.95970078097857e-06
China,MiscCrop,MiscCropAEZ14,MiscCropAEZ14,1990,NOx_AWB,1.66464812475824e-06
China,MiscCrop,MiscCropAEZ15,MiscCropAEZ15,1990,NOx_AWB,5.10176347020201e-06
China,MiscCrop,MiscCropAEZ16,MiscCropAEZ16,1990,NOx_AWB,1.6692737252609e-06
China,MiscCrop,MiscCropAEZ17,MiscCropAEZ17,1990,NOx_AWB,4.13666641444699e-08
China,OilCrop,OilCropAEZ04,OilCropAEZ04,1990,NOx_AWB,9.31185202984321e-08
China,OilCrop,OilCropAEZ05,OilCropAEZ05,1990,NOx_AWB,3.0613586044571e-07
China,OilCrop,OilCropAEZ06,OilCropAEZ06,1990,NOx_AWB,1.29605396400254e-05
China,OilCrop,OilCropAEZ07,OilCropAEZ07,1990,NOx_AWB,8.54576452461917e-06
China,OilCrop,OilCropAEZ08,OilCropAEZ08,1990,NOx_AWB,7.77453463208781e-05
China,OilCrop,OilCropAEZ09,OilCropAEZ09,1990,NOx_AWB,0.00010578498945765
China,OilCrop,OilCropAEZ10,OilCropAEZ10,1990,NOx_AWB,7.95838566195343e-05
China,OilCrop,OilCropAEZ11,OilCropAEZ11,1990,NOx_AWB,0.000126873877070312
China,OilCrop,OilCropAEZ12,OilCropAEZ12,1990,NOx_AWB,0.000181429036668112
China,OilCrop,OilCropAEZ13,OilCropAEZ13,1990,NOx_AWB,2.92292724752578e-06
China,OilCrop,OilCropAEZ14,OilCropAEZ14,1990,NOx_AWB,2.37633848473378e-06
China,OilCrop,OilCropAEZ15,OilCropAEZ15,1990,NOx_AWB,6.67360791344247e-06
China,OilCrop,OilCropAEZ16,OilCropAEZ16,1990,NOx_AWB,1.63149003622763e-06
China,OilCrop,OilCropAEZ17,OilCropAEZ17,1990,NOx_AWB,7.2776888512267e-08
China,OtherGrain,OtherGrainAEZ04,OtherGrainAEZ04,1990,NOx_AWB,6.0296732726078e-08
China,OtherGrain,OtherGrainAEZ05,OtherGrainAEZ05,1990,NOx_AWB,1.31553460783689e-07
China,OtherGrain,OtherGrainAEZ06,OtherGrainAEZ06,1990,NOx_AWB,2.05578676958684e-06
China,OtherGrain,OtherGrainAEZ07,OtherGrainAEZ07,1990,NOx_AWB,7.6948887100896e-06
China,OtherGrain,OtherGrainAEZ08,OtherGrainAEZ08,1990,NOx_AWB,0.000179599298422289
China,OtherGrain,OtherGrainAEZ09,OtherGrainAEZ09,1990,NOx_AWB,0.000107385196338226
China,OtherGrain,OtherGrainAEZ10,OtherGrainAEZ10,1990,NOx_AWB,2.37681408238487e-05
China,OtherGrain,OtherGrainAEZ11,OtherGrainAEZ11,1990,NOx_AWB,3.21164061363631e-05
China,OtherGrain,OtherGrainAEZ12,OtherGrainAEZ12,1990,NOx_AWB,3.28038358129677e-05
China,OtherGrain,OtherGrainAEZ13,OtherGrainAEZ13,1990,NOx_AWB,1.59965656632436e-06
China,OtherGrain,OtherGrainAEZ14,OtherGrainAEZ14,1990,NOx_AWB,1.44263033351632e-06
China,OtherGrain,OtherGrainAEZ15,OtherGrainAEZ15,1990,NOx_AWB,2.42634856893065e-06
China,OtherGrain,OtherGrainAEZ16,OtherGrainAEZ16,1990,NOx_AWB,1.27853205479098e-06
China,OtherGrain,OtherGrainAEZ17,OtherGrainAEZ17,1990,NOx_AWB,8.00381310449549e-08
China,PalmFruit,PalmFruitAEZ04,PalmFruitAEZ04,1990,NOx_AWB,6.95807084736522e-07
China,PalmFruit,PalmFruitAEZ05,PalmFruitAEZ05,1990,NOx_AWB,1.45480972179512e-06
China,PalmFruit,PalmFruitAEZ06,PalmFruitAEZ06,1990,NOx_AWB,5.860786136112e-06
China,PalmFruit,PalmFruitAEZ07,PalmFruitAEZ07,1990,NOx_AWB,0
China,PalmFruit,PalmFruitAEZ08,PalmFruitAEZ08,1990,NOx_AWB,0
China,PalmFruit,PalmFruitAEZ09,PalmFruitAEZ09,1990,NOx_AWB,0
China,PalmFruit,PalmFruitAEZ10,PalmFruitAEZ10,1990,NOx_AWB,0
China,PalmFruit,PalmFruitAEZ11,PalmFruitAEZ11,1990,NOx_AWB,2.75961200797451e-07
China,PalmFruit,PalmFruitAEZ12,PalmFruitAEZ12,1990,NOx_AWB,6.98321786645531e-06
China,PalmFruit,PalmFruitAEZ13,PalmFruitAEZ13,1990,NOx_AWB,0
China,PalmFruit,PalmFruitAEZ14,PalmFruitAEZ14,1990,NOx_AWB,0
China,PalmFruit,PalmFruitAEZ15,PalmFruitAEZ15,1990,NOx_AWB,0
China,PalmFruit,PalmFruitAEZ16,PalmFruitAEZ16,1990,NOx_AWB,0
China,PalmFruit,PalmFruitAEZ17,PalmFruitAEZ17,1990,NOx_AWB,0
China,Rice,RiceAEZ04,RiceAEZ04,1990,NOx_AWB,3.27654857825812e-06
China,Rice,RiceAEZ05,RiceAEZ05,1990,NOx_AWB,9.01385475155117e-06
China,Rice,RiceAEZ06,RiceAEZ06,1990,NOx_AWB,0.000220683679441113
China,Rice,RiceAEZ07,RiceAEZ07,1990,NOx_AWB,1.31301479954761e-05
China,Rice,RiceAEZ08,RiceAEZ08,1990,NOx_AWB,8.39615862093671e-05
China,Rice,RiceAEZ09,RiceAEZ09,1990,NOx_AWB,0.000161366902449895
China,Rice,RiceAEZ10,RiceAEZ10,1990,NOx_AWB,0.00014961999556753
China,Rice,RiceAEZ11,RiceAEZ11,1990,NOx_AWB,0.000844408321566576
China,Rice,RiceAEZ12,RiceAEZ12,1990,NOx_AWB,0.00268783739096458
China,Rice,RiceAEZ13,RiceAEZ13,1990,NOx_AWB,6.50846766396333e-07
China,Rice,RiceAEZ14,RiceAEZ14,1990,NOx_AWB,2.55463922061231e-07
China,Rice,RiceAEZ15,RiceAEZ15,1990,NOx_AWB,9.50793096995452e-06
China,Rice,RiceAEZ16,RiceAEZ16,1990,NOx_AWB,2.44520871344872e-06
China,Rice,RiceAEZ17,RiceAEZ17,1990,NOx_AWB,1.04219530631987e-07
China,Root_Tuber,Root_TuberAEZ04,Root_TuberAEZ04,1990,NOx_AWB,3.22279530500039e-07
China,Root_Tuber,Root_TuberAEZ05,Root_TuberAEZ05,1990,NOx_AWB,7.54482482820281e-07
China,Root_Tuber,Root_TuberAEZ06,Root_TuberAEZ06,1990,NOx_AWB,0.000162082298986517
China,Root_Tuber,Root_TuberAEZ07,Root_TuberAEZ07,1990,NOx_AWB,3.30467028360961e-05
China,Root_Tuber,Root_TuberAEZ08,Root_TuberAEZ08,1990,NOx_AWB,0.000360619158190912
China,Root_Tuber,Root_TuberAEZ09,Root_TuberAEZ09,1990,NOx_AWB,0.000415079754945596
China,Root_Tuber,Root_TuberAEZ10,Root_TuberAEZ10,1990,NOx_AWB,0.000424162582457862
China,Root_Tuber,Root_TuberAEZ11,Root_TuberAEZ11,1990,NOx_AWB,0.000682054957926508
China,Root_Tuber,Root_TuberAEZ12,Root_TuberAEZ12,1990,NOx_AWB,0.00111967739471619
China,Root_Tuber,Root_TuberAEZ13,Root_TuberAEZ13,1990,NOx_AWB,3.8723185347748e-06
China,Root_Tuber,Root_TuberAEZ14,Root_TuberAEZ14,1990,NOx_AWB,7.91190642670918e-06
China,Root_Tuber,Root_TuberAEZ15,Root_TuberAEZ15,1990,NOx_AWB,1.27644436781393e-05
China,Root_Tuber,Root_TuberAEZ16,Root_TuberAEZ16,1990,NOx_AWB,9.52403358071379e-06
China,Root_Tuber,Root_TuberAEZ17,Root_TuberAEZ17,1990,NOx_AWB,3.55943356023481e-07
China,SugarCrop,SugarCropAEZ04,SugarCropAEZ04,1990,NOx_AWB,3.92514613007742e-06
China,SugarCrop,SugarCropAEZ05,SugarCropAEZ05,1990,NOx_AWB,1.04327518237628e-05
China,SugarCrop,SugarCropAEZ06,SugarCropAEZ06,1990,NOx_AWB,0.000695267332971191
China,SugarCrop,SugarCropAEZ07,SugarCropAEZ07,1990,NOx_AWB,4.69258144947975e-05
China,SugarCrop,SugarCropAEZ08,SugarCropAEZ08,1990,NOx_AWB,5.59666654287661e-05
China,SugarCrop,SugarCropAEZ09,SugarCropAEZ09,1990,NOx_AWB,2.28492602691258e-05
China,SugarCrop,SugarCropAEZ10,SugarCropAEZ10,1990,NOx_AWB,1.91413247646705e-05
China,SugarCrop,SugarCropAEZ11,SugarCropAEZ11,1990,NOx_AWB,0.000187767895643493
China,SugarCrop,SugarCropAEZ12,SugarCropAEZ12,1990,NOx_AWB,0.000734945889008293
China,SugarCrop,SugarCropAEZ13,SugarCropAEZ13,1990,NOx_AWB,1.13066441437755e-05
China,SugarCrop,SugarCropAEZ14,SugarCropAEZ14,1990,NOx_AWB,1.24504534899377e-06
China,SugarCrop,SugarCropAEZ15,SugarCropAEZ15,1990,NOx_AWB,6.35477596198427e-06
China,SugarCrop,SugarCropAEZ16,SugarCropAEZ16,1990,NOx_AWB,6.03341926919475e-07
China,SugarCrop,SugarCropAEZ17,SugarCropAEZ17,1990,NOx_AWB,0
China,Wheat,WheatAEZ04,WheatAEZ04,1990,NOx_AWB,0
China,Wheat,WheatAEZ05,WheatAEZ05,1990,NOx_AWB,2.93710493690055e-08
China,Wheat,WheatAEZ06,WheatAEZ06,1990,NOx_AWB,1.63436216648724e-06
China,Wheat,WheatAEZ07,WheatAEZ07,1990,NOx_AWB,9.85186616876272e-05
China,Wheat,WheatAEZ08,WheatAEZ08,1990,NOx_AWB,0.000260065695701032
China,Wheat,WheatAEZ09,WheatAEZ09,1990,NOx_AWB,0.000623332533157216
China,Wheat,WheatAEZ10,WheatAEZ10,1990,NOx_AWB,0.000321935111886142
China,Wheat,WheatAEZ11,WheatAEZ11,1990,NOx_AWB,0.000552086633866724
China,Wheat,WheatAEZ12,WheatAEZ12,1990,NOx_AWB,0.000241620467947834
China,Wheat,WheatAEZ13,WheatAEZ13,1990,NOx_AWB,1.94637998803559e-05
China,Wheat,WheatAEZ14,WheatAEZ14,1990,NOx_AWB,1.16284096816304e-05
China,Wheat,WheatAEZ15,WheatAEZ15,1990,NOx_AWB,1.32511027531657e-05
China,Wheat,WheatAEZ16,WheatAEZ16,1990,NOx_AWB,5.10511422923662e-06
China,Wheat,WheatAEZ17,WheatAEZ17,1990,NOx_AWB,2.59788706039284e-07
China,Corn,CornAEZ04,CornAEZ04,1990,SO2_AWB,8.18325318290989e-08
China,Corn,CornAEZ05,CornAEZ05,1990,SO2_AWB,1.94385869576665e-07
China,Corn,CornAEZ06,CornAEZ06,1990,SO2_AWB,1.00498617774463e-06
China,Corn,CornAEZ07,CornAEZ07,1990,SO2_AWB,1.0474779155613e-05
China,Corn,CornAEZ08,CornAEZ08,1990,SO2_AWB,9.06835353650021e-05
China,Corn,CornAEZ09,CornAEZ09,1990,SO2_AWB,0.000128870602401526
China,Corn,CornAEZ10,CornAEZ10,1990,SO2_AWB,4.98973967381435e-05
China,Corn,CornAEZ11,CornAEZ11,1990,SO2_AWB,3.77427773881918e-05
China,Corn,CornAEZ12,CornAEZ12,1990,SO2_AWB,3.16311114326957e-05
China,Corn,CornAEZ13,CornAEZ13,1990,SO2_AWB,1.65092965761371e-06
China,Corn,CornAEZ14,CornAEZ14,1990,SO2_AWB,3.62755840792387e-07
China,Corn,CornAEZ15,CornAEZ15,1990,SO2_AWB,3.35986559773662e-06
China,Corn,CornAEZ16,CornAEZ16,1990,SO2_AWB,5.89514461607713e-07
China,Corn,CornAEZ17,CornAEZ17,1990,SO2_AWB,4.95404361485645e-08
China,FiberCrop,FiberCropAEZ04,FiberCropAEZ04,1990,SO2_AWB,0
China,FiberCrop,FiberCropAEZ05,FiberCropAEZ05,1990,SO2_AWB,4.35712279461387e-09
China,FiberCrop,FiberCropAEZ06,FiberCropAEZ06,1990,SO2_AWB,1.33685362057783e-08
China,FiberCrop,FiberCropAEZ07,FiberCropAEZ07,1990,SO2_AWB,7.06734955161674e-06
China,FiberCrop,FiberCropAEZ08,FiberCropAEZ08,1990,SO2_AWB,2.90908423503651e-06
China,FiberCrop,FiberCropAEZ09,FiberCropAEZ09,1990,SO2_AWB,1.26603411125078e-05
China,FiberCrop,FiberCropAEZ10,FiberCropAEZ10,1990,SO2_AWB,4.73342560437616e-06
China,FiberCrop,FiberCropAEZ11,FiberCropAEZ11,1990,SO2_AWB,1.49376706527949e-05
China,FiberCrop,FiberCropAEZ12,FiberCropAEZ12,1990,SO2_AWB,1.5116959228176e-05
China,FiberCrop,FiberCropAEZ13,FiberCropAEZ13,1990,SO2_AWB,7.54035237694982e-07
China,FiberCrop,FiberCropAEZ14,FiberCropAEZ14,1990,SO2_AWB,7.02761741066752e-09
China,FiberCrop,FiberCropAEZ15,FiberCropAEZ15,1990,SO2_AWB,2.61025789539079e-09
China,FiberCrop,FiberCropAEZ16,FiberCropAEZ16,1990,SO2_AWB,7.02761741066752e-10
China,FiberCrop,FiberCropAEZ17,FiberCropAEZ17,1990,SO2_AWB,0
China,FodderGrass,FodderGrassAEZ04,FodderGrassAEZ04,1990,SO2_AWB,1.52500136526073e-07
China,FodderGrass,FodderGrassAEZ05,FodderGrassAEZ05,1990,SO2_AWB,4.16080459261126e-07
China,FodderGrass,FodderGrassAEZ06,FodderGrassAEZ06,1990,SO2_AWB,8.63659149766363e-06
China,FodderGrass,FodderGrassAEZ07,FodderGrassAEZ07,1990,SO2_AWB,1.21801733213897e-05
China,FodderGrass,FodderGrassAEZ08,FodderGrassAEZ08,1990,SO2_AWB,1.37075712841516e-05
China,FodderGrass,FodderGrassAEZ09,FodderGrassAEZ09,1990,SO2_AWB,6.55380557596782e-06
China,FodderGrass,FodderGrassAEZ10,FodderGrassAEZ10,1990,SO2_AWB,8.62862986455772e-06
China,FodderGrass,FodderGrassAEZ11,FodderGrassAEZ11,1990,SO2_AWB,1.92925839398113e-05
China,FodderGrass,FodderGrassAEZ12,FodderGrassAEZ12,1990,SO2_AWB,9.02147662447169e-05
China,FodderGrass,FodderGrassAEZ13,FodderGrassAEZ13,1990,SO2_AWB,3.6776356184574e-06
China,FodderGrass,FodderGrassAEZ14,FodderGrassAEZ14,1990,SO2_AWB,1.05295597626095e-06
China,FodderGrass,FodderGrassAEZ15,FodderGrassAEZ15,1990,SO2_AWB,5.80651145041833e-07
China,FodderGrass,FodderGrassAEZ16,FodderGrassAEZ16,1990,SO2_AWB,1.3380667601732e-06
China,FodderGrass,FodderGrassAEZ17,FodderGrassAEZ17,1990,SO2_AWB,4.19777510886671e-08
China,FodderHerb,FodderHerbAEZ04,FodderHerbAEZ04,1990,SO2_AWB,0
China,FodderHerb,FodderHerbAEZ05,FodderHerbAEZ05,1990,SO2_AWB,0
China,FodderHerb,FodderHerbAEZ06,FodderHerbAEZ06,1990,SO2_AWB,0
China,FodderHerb,FodderHerbAEZ07,FodderHerbAEZ07,1990,SO2_AWB,0
China,FodderHerb,FodderHerbAEZ08,FodderHerbAEZ08,1990,SO2_AWB,0
China,FodderHerb,FodderHerbAEZ09,FodderHerbAEZ09,1990,SO2_AWB,0
China,FodderHerb,FodderHerbAEZ10,FodderHerbAEZ10,1990,SO2_AWB,0
China,FodderHerb,FodderHerbAEZ11,FodderHerbAEZ11,1990,SO2_AWB,0
China,FodderHerb,FodderHerbAEZ12,FodderHerbAEZ12,1990,SO2_AWB,0
China,FodderHerb,FodderHerbAEZ13,FodderHerbAEZ13,1990,SO2_AWB,0
China,FodderHerb,FodderHerbAEZ14,FodderHerbAEZ14,1990,SO2_AWB,0
China,FodderHerb,FodderHerbAEZ15,FodderHerbAEZ15,1990,SO2_AWB,0
China,FodderHerb,FodderHerbAEZ16,FodderHerbAEZ16,1990,SO2_AWB,0
China,FodderHerb,FodderHerbAEZ17,FodderHerbAEZ17,1990,SO2_AWB,0
China,MiscCrop,MiscCropAEZ04,MiscCropAEZ04,1990,SO2_AWB,6.37258244366052e-07
China,MiscCrop,MiscCropAEZ05,MiscCropAEZ05,1990,SO2_AWB,1.27340045597024e-06
China,MiscCrop,MiscCropAEZ06,MiscCropAEZ06,1990,SO2_AWB,4.2415935841077e-05
China,MiscCrop,MiscCropAEZ07,MiscCropAEZ07,1990,SO2_AWB,5.75302154290004e-06
China,MiscCrop,MiscCropAEZ08,MiscCropAEZ08,1990,SO2_AWB,6.30872414560447e-05
China,MiscCrop,MiscCropAEZ09,MiscCropAEZ09,1990,SO2_AWB,0.000114988953469721
China,MiscCrop,MiscCropAEZ10,MiscCropAEZ10,1990,SO2_AWB,5.9406710438643e-05
China,MiscCrop,MiscCropAEZ11,MiscCropAEZ11,1990,SO2_AWB,9.97540945893417e-05
China,MiscCrop,MiscCropAEZ12,MiscCropAEZ12,1990,SO2_AWB,0.000270524841639041
China,MiscCrop,MiscCropAEZ13,MiscCropAEZ13,1990,SO2_AWB,1.0391273156578e-06
China,MiscCrop,MiscCropAEZ14,MiscCropAEZ14,1990,SO2_AWB,2.90246339701436e-07
China,MiscCrop,MiscCropAEZ15,MiscCropAEZ15,1990,SO2_AWB,8.89538246086504e-07
China,MiscCrop,MiscCropAEZ16,MiscCropAEZ16,1990,SO2_AWB,2.91052854660876e-07
China,MiscCrop,MiscCropAEZ17,MiscCropAEZ17,1990,SO2_AWB,7.21264913288192e-09
China,OilCrop,OilCropAEZ04,OilCropAEZ04,1990,SO2_AWB,1.623604969306e-08
China,OilCrop,OilCropAEZ05,OilCropAEZ05,1990,SO2_AWB,5.33775346418161e-08
China,OilCrop,OilCropAEZ06,OilCropAEZ06,1990,SO2_AWB,2.25978639877366e-06
China,OilCrop,OilCropAEZ07,OilCropAEZ07,1990,SO2_AWB,1.49003073762591e-06
China,OilCrop,OilCropAEZ08,OilCropAEZ08,1990,SO2_AWB,1.35555988456916e-05
China,OilCrop,OilCropAEZ09,OilCropAEZ09,1990,SO2_AWB,1.84445622644107e-05
China,OilCrop,OilCropAEZ10,OilCropAEZ10,1990,SO2_AWB,1.38761596157137e-05
China,OilCrop,OilCropAEZ11,OilCropAEZ11,1990,SO2_AWB,2.21215990789262e-05
China,OilCrop,OilCropAEZ12,OilCropAEZ12,1990,SO2_AWB,3.16337807523888e-05
China,OilCrop,OilCropAEZ13,OilCropAEZ13,1990,SO2_AWB,5.09638597004494e-07
China,OilCrop,OilCropAEZ14,OilCropAEZ14,1990,SO2_AWB,4.14335940927942e-07
China,OilCrop,OilCropAEZ15,OilCropAEZ15,1990,SO2_AWB,1.16360343106176e-06
China,OilCrop,OilCropAEZ16,OilCropAEZ16,1990,SO2_AWB,2.84464929393536e-07
China,OilCrop,OilCropAEZ17,OilCropAEZ17,1990,SO2_AWB,1.26893036380363e-08
China,OtherGrain,OtherGrainAEZ04,OtherGrainAEZ04,1990,SO2_AWB,1.05132764753162e-08
China,OtherGrain,OtherGrainAEZ05,OtherGrainAEZ05,1990,SO2_AWB,2.29375264956176e-08
China,OtherGrain,OtherGrainAEZ06,OtherGrainAEZ06,1990,SO2_AWB,3.5844487264591e-07
China,OtherGrain,OtherGrainAEZ07,OtherGrainAEZ07,1990,SO2_AWB,1.34167290329767e-06
China,OtherGrain,OtherGrainAEZ08,OtherGrainAEZ08,1990,SO2_AWB,3.13147494685017e-05
China,OtherGrain,OtherGrainAEZ09,OtherGrainAEZ09,1990,SO2_AWB,1.87235726948701e-05
China,OtherGrain,OtherGrainAEZ10,OtherGrainAEZ10,1990,SO2_AWB,4.14418865646593e-06
China,OtherGrain,OtherGrainAEZ11,OtherGrainAEZ11,1990,SO2_AWB,5.59978363403253e-06
China,OtherGrain,OtherGrainAEZ12,OtherGrainAEZ12,1990,SO2_AWB,5.71964316738924e-06
China,OtherGrain,OtherGrainAEZ13,OtherGrainAEZ13,1990,SO2_AWB,2.78914478230915e-07
China,OtherGrain,OtherGrainAEZ14,OtherGrainAEZ14,1990,SO2_AWB,2.5153554533105e-07
China,OtherGrain,OtherGrainAEZ15,OtherGrainAEZ15,1990,SO2_AWB,4.23055647916114e-07
China,OtherGrain,OtherGrainAEZ16,OtherGrainAEZ16,1990,SO2_AWB,2.22923537758427e-07
China,OtherGrain,OtherGrainAEZ17,OtherGrainAEZ17,1990,SO2_AWB,1.39553664386075e-08
China,PalmFruit,PalmFruitAEZ04,PalmFruitAEZ04,1990,SO2_AWB,1.21320209646368e-07
China,PalmFruit,PalmFruitAEZ05,PalmFruitAEZ05,1990,SO2_AWB,2.53659130979663e-07
China,PalmFruit,PalmFruitAEZ06,PalmFruitAEZ06,1990,SO2_AWB,1.02188065962978e-06
China,PalmFruit,PalmFruitAEZ07,PalmFruitAEZ07,1990,SO2_AWB,0
China,PalmFruit,PalmFruitAEZ08,PalmFruitAEZ08,1990,SO2_AWB,0
China,PalmFruit,PalmFruitAEZ09,PalmFruitAEZ09,1990,SO2_AWB,0
China,PalmFruit,PalmFruitAEZ10,PalmFruitAEZ10,1990,SO2_AWB,0
China,PalmFruit,PalmFruitAEZ11,PalmFruitAEZ11,1990,SO2_AWB,4.81163119339145e-08
China,PalmFruit,PalmFruitAEZ12,PalmFruitAEZ12,1990,SO2_AWB,1.21758670492041e-06
China,PalmFruit,PalmFruitAEZ13,PalmFruitAEZ13,1990,SO2_AWB,0
China,PalmFruit,PalmFruitAEZ14,PalmFruitAEZ14,1990,SO2_AWB,0
China,PalmFruit,PalmFruitAEZ15,PalmFruitAEZ15,1990,SO2_AWB,0
China,PalmFruit,PalmFruitAEZ16,PalmFruitAEZ16,1990,SO2_AWB,0
China,PalmFruit,PalmFruitAEZ17,PalmFruitAEZ17,1990,SO2_AWB,0
China,Rice,RiceAEZ04,RiceAEZ04,1990,SO2_AWB,5.71295649542442e-07
China,Rice,RiceAEZ05,RiceAEZ05,1990,SO2_AWB,1.57164646950123e-06
China,Rice,RiceAEZ06,RiceAEZ06,1990,SO2_AWB,3.84781800051172e-05
China,Rice,RiceAEZ07,RiceAEZ07,1990,SO2_AWB,2.28935913767275e-06
China,Rice,RiceAEZ08,RiceAEZ08,1990,SO2_AWB,1.46394560570178e-05
China,Rice,RiceAEZ09,RiceAEZ09,1990,SO2_AWB,2.81357676066483e-05
China,Rice,RiceAEZ10,RiceAEZ10,1990,SO2_AWB,2.60875889707489e-05
China,Rice,RiceAEZ11,RiceAEZ11,1990,SO2_AWB,0.000147230168888531
China,Rice,RiceAEZ12,RiceAEZ12,1990,SO2_AWB,0.000468648570732285
China,Rice,RiceAEZ13,RiceAEZ13,1990,SO2_AWB,1.1348097465372e-07
China,Rice,RiceAEZ14,RiceAEZ14,1990,SO2_AWB,4.45424274363171e-08
China,Rice,RiceAEZ15,RiceAEZ15,1990,SO2_AWB,1.6577930921972e-06
China,Rice,RiceAEZ16,RiceAEZ16,1990,SO2_AWB,4.26344083370546e-07
China,Rice,RiceAEZ17,RiceAEZ17,1990,SO2_AWB,1.8171610469167e-08
China,Root_Tuber,Root_TuberAEZ04,Root_TuberAEZ04,1990,SO2_AWB,5.61923283948785e-08
China,Root_Tuber,Root_TuberAEZ05,Root_TuberAEZ05,1990,SO2_AWB,1.31550791876357e-07
China,Root_Tuber,Root_TuberAEZ06,Root_TuberAEZ06,1990,SO2_AWB,2.82605034130337e-05
China,Root_Tuber,Root_TuberAEZ07,Root_TuberAEZ07,1990,SO2_AWB,5.76198921244753e-06
China,Root_Tuber,Root_TuberAEZ08,Root_TuberAEZ08,1990,SO2_AWB,6.28771865563642e-05
China,Root_Tuber,Root_TuberAEZ09,Root_TuberAEZ09,1990,SO2_AWB,7.23728803494885e-05
China,Root_Tuber,Root_TuberAEZ10,Root_TuberAEZ10,1990,SO2_AWB,7.39565528388066e-05
China,Root_Tuber,Root_TuberAEZ11,Root_TuberAEZ11,1990,SO2_AWB,0.000118922402920519
China,Root_Tuber,Root_TuberAEZ12,Root_TuberAEZ12,1990,SO2_AWB,0.000195225802155643
China,Root_Tuber,Root_TuberAEZ13,Root_TuberAEZ13,1990,SO2_AWB,6.7517348811458e-07
China,Root_Tuber,Root_TuberAEZ14,Root_TuberAEZ14,1990,SO2_AWB,1.37951188978519e-06
China,Root_Tuber,Root_TuberAEZ15,Root_TuberAEZ15,1990,SO2_AWB,2.22559530798326e-06
China,Root_Tuber,Root_TuberAEZ16,Root_TuberAEZ16,1990,SO2_AWB,1.66060072689369e-06
China,Root_Tuber,Root_TuberAEZ17,Root_TuberAEZ17,1990,SO2_AWB,6.20619184861455e-08
China,SugarCrop,SugarCropAEZ04,SugarCropAEZ04,1990,SO2_AWB,6.84384453449397e-07
China,SugarCrop,SugarCropAEZ05,SugarCropAEZ05,1990,SO2_AWB,1.819043907733e-06
China,SugarCrop,SugarCropAEZ06,SugarCropAEZ06,1990,SO2_AWB,0.000121226099082156
China,SugarCrop,SugarCropAEZ07,SugarCropAEZ07,1990,SO2_AWB,8.18193688627238e-06
China,SugarCrop,SugarCropAEZ08,SugarCropAEZ08,1990,SO2_AWB,9.75829038245153e-06
China,SugarCrop,SugarCropAEZ09,SugarCropAEZ09,1990,SO2_AWB,3.98397358538603e-06
China,SugarCrop,SugarCropAEZ10,SugarCropAEZ10,1990,SO2_AWB,3.33746175383999e-06
China,SugarCrop,SugarCropAEZ11,SugarCropAEZ11,1990,SO2_AWB,3.27390177019424e-05
China,SugarCrop,SugarCropAEZ12,SugarCropAEZ12,1990,SO2_AWB,0.00012814441141683
China,SugarCrop,SugarCropAEZ13,SugarCropAEZ13,1990,SO2_AWB,1.9714148763506e-06
China,SugarCrop,SugarCropAEZ14,SugarCropAEZ14,1990,SO2_AWB,2.17084830080964e-07
China,SugarCrop,SugarCropAEZ15,SugarCropAEZ15,1990,SO2_AWB,1.10801221901264e-06
China,SugarCrop,SugarCropAEZ16,SugarCropAEZ16,1990,SO2_AWB,1.05198079565447e-07
China,SugarCrop,SugarCropAEZ17,SugarCropAEZ17,1990,SO2_AWB,0
China,Wheat,WheatAEZ04,WheatAEZ04,1990,SO2_AWB,0
China,Wheat,WheatAEZ05,WheatAEZ05,1990,SO2_AWB,5.12110604382659e-09
China,Wheat,WheatAEZ06,WheatAEZ06,1990,SO2_AWB,2.84965711079827e-07
China,Wheat,WheatAEZ07,WheatAEZ07,1990,SO2_AWB,1.71776128070735e-05
China,Wheat,WheatAEZ08,WheatAEZ08,1990,SO2_AWB,4.53447879683851e-05
China,Wheat,WheatAEZ09,WheatAEZ09,1990,SO2_AWB,0.000108683621165874
China,Wheat,WheatAEZ10,WheatAEZ10,1990,SO2_AWB,5.61322759186094e-05
China,Wheat,WheatAEZ11,WheatAEZ11,1990,SO2_AWB,9.62612592383005e-05
China,Wheat,WheatAEZ12,WheatAEZ12,1990,SO2_AWB,4.21286969755197e-05
China,Wheat,WheatAEZ13,WheatAEZ13,1990,SO2_AWB,3.39368818426718e-06
China,Wheat,WheatAEZ14,WheatAEZ14,1990,SO2_AWB,2.02751758551504e-06
China,Wheat,WheatAEZ15,WheatAEZ15,1990,SO2_AWB,2.31044868516735e-06
China,Wheat,WheatAEZ16,WheatAEZ16,1990,SO2_AWB,8.90122480995102e-07
China,Wheat,WheatAEZ17,WheatAEZ17,1990,SO2_AWB,4.52964923350547e-08
EU-12,Corn,CornAEZ08,CornAEZ08,1990,CH4_AWB,3.89164657898304e-05
EU-12,Corn,CornAEZ09,CornAEZ09,1990,CH4_AWB,0.000183632892341165
EU-12,Corn,CornAEZ10,CornAEZ10,1990,CH4_AWB,0.000621986120818596
EU-12,Corn,CornAEZ11,CornAEZ11,1990,CH4_AWB,0.000169110794993327
EU-12,Corn,CornAEZ15,CornAEZ15,1990,CH4_AWB,3.35469173942283e-06
EU-12,Corn,CornAEZ16,CornAEZ16,1990,CH4_AWB,5.1045685804382e-07
EU-12,FiberCrop,FiberCropAEZ08,FiberCropAEZ08,1990,CH4_AWB,0
EU-12,FiberCrop,FiberCropAEZ09,FiberCropAEZ09,1990,CH4_AWB,2.87327802632027e-06
EU-12,FiberCrop,FiberCropAEZ10,FiberCropAEZ10,1990,CH4_AWB,2.4816803037895e-06
EU-12,FiberCrop,FiberCropAEZ11,FiberCropAEZ11,1990,CH4_AWB,0
EU-12,FiberCrop,FiberCropAEZ15,FiberCropAEZ15,1990,CH4_AWB,1.65953922056786e-08
EU-12,FiberCrop,FiberCropAEZ16,FiberCropAEZ16,1990,CH4_AWB,0
EU-12,FodderGrass,FodderGrassAEZ08,FodderGrassAEZ08,1990,CH4_AWB,1.52708855284046e-05
EU-12,FodderGrass,FodderGrassAEZ09,FodderGrassAEZ09,1990,CH4_AWB,4.29967933017253e-05
EU-12,FodderGrass,FodderGrassAEZ10,FodderGrassAEZ10,1990,CH4_AWB,0.000888504941909663
EU-12,FodderGrass,FodderGrassAEZ11,FodderGrassAEZ11,1990,CH4_AWB,3.03112016251196e-05
EU-12,FodderGrass,FodderGrassAEZ15,FodderGrassAEZ15,1990,CH4_AWB,2.30854293934036e-06
EU-12,FodderGrass,FodderGrassAEZ16,FodderGrassAEZ16,1990,CH4_AWB,6.75046267873282e-06
EU-12,FodderHerb,FodderHerbAEZ08,FodderHerbAEZ08,1990,CH4_AWB,0.000139000089222821
EU-12,FodderHerb,FodderHerbAEZ09,FodderHerbAEZ09,1990,CH4_AWB,0.000588621025421857
EU-12,FodderHerb,FodderHerbAEZ10,FodderHerbAEZ10,1990,CH4_AWB,0.00576043786851439
EU-12,FodderHerb,FodderHerbAEZ11,FodderHerbAEZ11,1990,CH4_AWB,0.000447866087327855
EU-12,FodderHerb,FodderHerbAEZ15,FodderHerbAEZ15,1990,CH4_AWB,3.1330541050188e-05
EU-12,FodderHerb,FodderHerbAEZ16,FodderHerbAEZ16,1990,CH4_AWB,1.39560509870384e-05
EU-12,MiscCrop,MiscCropAEZ08,MiscCropAEZ08,1990,CH4_AWB,3.83730536355476e-05
EU-12,MiscCrop,MiscCropAEZ09,MiscCropAEZ09,1990,CH4_AWB,0.0002738569947398
EU-12,MiscCrop,MiscCropAEZ10,MiscCropAEZ10,1990,CH4_AWB,0.0011558055753227
EU-12,MiscCrop,MiscCropAEZ11,MiscCropAEZ11,1990,CH4_AWB,0.000108095425145249
EU-12,MiscCrop,MiscCropAEZ15,MiscCropAEZ15,1990,CH4_AWB,4.73080888994409e-06
EU-12,MiscCrop,MiscCropAEZ16,MiscCropAEZ16,1990,CH4_AWB,1.49005106002491e-06
EU-12,OilCrop,OilCropAEZ08,OilCropAEZ08,1990,CH4_AWB,1.08319350879363e-05
EU-12,OilCrop,OilCropAEZ09,OilCropAEZ09,1990,CH4_AWB,5.37091405903616e-05
EU-12,OilCrop,OilCropAEZ10,OilCropAEZ10,1990,CH4_AWB,0.000165339479706617
EU-12,OilCrop,OilCropAEZ11,OilCropAEZ11,1990,CH4_AWB,1.36279239482564e-05
EU-12,OilCrop,OilCropAEZ15,OilCropAEZ15,1990,CH4_AWB,2.38298578103681e-07
EU-12,OilCrop,OilCropAEZ16,OilCropAEZ16,1990,CH4_AWB,2.55451569866623e-07
EU-12,OtherGrain,OtherGrainAEZ08,OtherGrainAEZ08,1990,CH4_AWB,1.02703223512531e-05
EU-12,OtherGrain,OtherGrainAEZ09,OtherGrainAEZ09,1990,CH4_AWB,9.5851467086938e-05
EU-12,OtherGrain,OtherGrainAEZ10,OtherGrainAEZ10,1990,CH4_AWB,0.00167042962695076
EU-12,OtherGrain,OtherGrainAEZ11,OtherGrainAEZ11,1990,CH4_AWB,4.60984503391923e-05
EU-12,OtherGrain,OtherGrainAEZ15,OtherGrainAEZ15,1990,CH4_AWB,2.36545319974556e-06
EU-12,OtherGrain,OtherGrainAEZ16,OtherGrainAEZ16,1990,CH4_AWB,4.95622520803763e-06
EU-12,PalmFruit,PalmFruitAEZ08,PalmFruitAEZ08,1990,CH4_AWB,0
EU-12,PalmFruit,PalmFruitAEZ09,PalmFruitAEZ09,1990,CH4_AWB,0
EU-12,PalmFruit,PalmFruitAEZ10,PalmFruitAEZ10,1990,CH4_AWB,0
EU-12,PalmFruit,PalmFruitAEZ11,PalmFruitAEZ11,1990,CH4_AWB,0
EU-12,PalmFruit,PalmFruitAEZ15,PalmFruitAEZ15,1990,CH4_AWB,0
EU-12,PalmFruit,PalmFruitAEZ16,PalmFruitAEZ16,1990,CH4_AWB,0
EU-12,Rice,RiceAEZ08,RiceAEZ08,1990,CH4_AWB,3.09993313584582e-07
EU-12,Rice,RiceAEZ09,RiceAEZ09,1990,CH4_AWB,4.85998228039661e-06
EU-12,Rice,RiceAEZ10,RiceAEZ10,1990,CH4_AWB,2.37436516232512e-06
EU-12,Rice,RiceAEZ11,RiceAEZ11,1990,CH4_AWB,0
EU-12,Rice,RiceAEZ15,RiceAEZ15,1990,CH4_AWB,0
EU-12,Rice,RiceAEZ16,RiceAEZ16,1990,CH4_AWB,0
EU-12,Root_Tuber,Root_TuberAEZ08,Root_TuberAEZ08,1990,CH4_AWB,3.67528574425919e-06
EU-12,Root_Tuber,Root_TuberAEZ09,Root_TuberAEZ09,1990,CH4_AWB,4.45423738722551e-05
EU-12,Root_Tuber,Root_TuberAEZ10,Root_TuberAEZ10,1990,CH4_AWB,0.00238435189563522
EU-12,Root_Tuber,Root_TuberAEZ11,Root_TuberAEZ11,1990,CH4_AWB,6.06878779472851e-05
EU-12,Root_Tuber,Root_TuberAEZ15,Root_TuberAEZ15,1990,CH4_AWB,6.50284822334792e-06
EU-12,Root_Tuber,Root_TuberAEZ16,Root_TuberAEZ16,1990,CH4_AWB,1.36073758237497e-05
EU-12,SugarCrop,SugarCropAEZ08,SugarCropAEZ08,1990,CH4_AWB,3.91055372164029e-06
EU-12,SugarCrop,SugarCropAEZ09,SugarCropAEZ09,1990,CH4_AWB,2.51858872251332e-05
EU-12,SugarCrop,SugarCropAEZ10,SugarCropAEZ10,1990,CH4_AWB,0.00173455580407654
EU-12,SugarCrop,SugarCropAEZ11,SugarCropAEZ11,1990,CH4_AWB,5.91451873642969e-05
EU-12,SugarCrop,SugarCropAEZ15,SugarCropAEZ15,1990,CH4_AWB,3.42962838648008e-06
EU-12,SugarCrop,SugarCropAEZ16,SugarCropAEZ16,1990,CH4_AWB,3.21253236744856e-07
EU-12,Wheat,WheatAEZ08,WheatAEZ08,1990,CH4_AWB,2.92094023100364e-05
EU-12,Wheat,WheatAEZ09,WheatAEZ09,1990,CH4_AWB,0.000333908157624606
EU-12,Wheat,WheatAEZ10,WheatAEZ10,1990,CH4_AWB,0.00149915903874945
EU-12,Wheat,WheatAEZ11,WheatAEZ11,1990,CH4_AWB,9.92789826315363e-05
EU-12,Wheat,WheatAEZ15,WheatAEZ15,1990,CH4_AWB,3.57422812608974e-06
EU-12,Wheat,WheatAEZ16,WheatAEZ16,1990,CH4_AWB,2.80672836485922e-06
EU-12,Corn,CornAEZ08,CornAEZ08,1990,CO_AWB,0.00167614692314484
EU-12,Corn,CornAEZ09,CornAEZ09,1990,CO_AWB,0.0079091382333661
EU-12,Corn,CornAEZ10,CornAEZ10,1990,CO_AWB,0.0267891778323128
EU-12,Corn,CornAEZ11,CornAEZ11,1990,CO_AWB,0.00728366599961694
EU-12,Corn,CornAEZ15,CornAEZ15,1990,CO_AWB,0.000144487843975862
EU-12,Corn,CornAEZ16,CornAEZ16,1990,CO_AWB,2.19855702372623e-05
EU-12,FiberCrop,FiberCropAEZ08,FiberCropAEZ08,1990,CO_AWB,0
EU-12,FiberCrop,FiberCropAEZ09,FiberCropAEZ09,1990,CO_AWB,0.000123753172992778
EU-12,FiberCrop,FiberCropAEZ10,FiberCropAEZ10,1990,CO_AWB,0.000106886910745963
EU-12,FiberCrop,FiberCropAEZ11,FiberCropAEZ11,1990,CO_AWB,0
EU-12,FiberCrop,FiberCropAEZ15,FiberCropAEZ15,1990,CO_AWB,7.14769828641504e-07
EU-12,FiberCrop,FiberCropAEZ16,FiberCropAEZ16,1990,CO_AWB,0
EU-12,FodderGrass,FodderGrassAEZ08,FodderGrassAEZ08,1990,CO_AWB,0.000657722824327518
EU-12,FodderGrass,FodderGrassAEZ09,FodderGrassAEZ09,1990,CO_AWB,0.00185188817471227
EU-12,FodderGrass,FodderGrassAEZ10,FodderGrassAEZ10,1990,CO_AWB,0.0382682444141687
EU-12,FodderGrass,FodderGrassAEZ11,FodderGrassAEZ11,1990,CO_AWB,0.00130551493589235
EU-12,FodderGrass,FodderGrassAEZ15,FodderGrassAEZ15,1990,CO_AWB,9.94298188746177e-05
EU-12,FodderGrass,FodderGrassAEZ16,FodderGrassAEZ16,1990,CO_AWB,0.000290744984651686
EU-12,FodderHerb,FodderHerbAEZ08,FodderHerbAEZ08,1990,CO_AWB,0.0059867864961307
EU-12,FodderHerb,FodderHerbAEZ09,FodderHerbAEZ09,1990,CO_AWB,0.0253521305348603
EU-12,FodderHerb,FodderHerbAEZ10,FodderHerbAEZ10,1990,CO_AWB,0.248104241053681
EU-12,FodderHerb,FodderHerbAEZ11,FodderHerbAEZ11,1990,CO_AWB,0.0192897620331102
EU-12,FodderHerb,FodderHerbAEZ15,FodderHerbAEZ15,1990,CO_AWB,0.00134941827105633
EU-12,FodderHerb,FodderHerbAEZ16,FodderHerbAEZ16,1990,CO_AWB,0.000601092402570886
EU-12,MiscCrop,MiscCropAEZ08,MiscCropAEZ08,1990,CO_AWB,0.00165274195581508
EU-12,MiscCrop,MiscCropAEZ09,MiscCropAEZ09,1990,CO_AWB,0.0117951245006108
EU-12,MiscCrop,MiscCropAEZ10,MiscCropAEZ10,1990,CO_AWB,0.0497809839488828
EU-12,MiscCrop,MiscCropAEZ11,MiscCropAEZ11,1990,CO_AWB,0.00465571090760738
EU-12,MiscCrop,MiscCropAEZ15,MiscCropAEZ15,1990,CO_AWB,0.000203757730922683
EU-12,MiscCrop,MiscCropAEZ16,MiscCropAEZ16,1990,CO_AWB,6.41770635873652e-05
EU-12,OilCrop,OilCropAEZ08,OilCropAEZ08,1990,CO_AWB,0.000466535547379886
EU-12,OilCrop,OilCropAEZ09,OilCropAEZ09,1990,CO_AWB,0.00231327303027639
EU-12,OilCrop,OilCropAEZ10,OilCropAEZ10,1990,CO_AWB,0.00712123402164218
EU-12,OilCrop,OilCropAEZ11,OilCropAEZ11,1990,CO_AWB,0.000586959846715858
EU-12,OilCrop,OilCropAEZ15,OilCropAEZ15,1990,CO_AWB,1.02636100265469e-05
EU-12,OilCrop,OilCropAEZ16,OilCropAEZ16,1990,CO_AWB,1.10023958793388e-05
EU-12,OtherGrain,OtherGrainAEZ08,OtherGrainAEZ08,1990,CO_AWB,0.000442346674071753
EU-12,OtherGrain,OtherGrainAEZ09,OtherGrainAEZ09,1990,CO_AWB,0.00412835899601844
EU-12,OtherGrain,OtherGrainAEZ10,OtherGrainAEZ10,1990,CO_AWB,0.0719460367923532
EU-12,OtherGrain,OtherGrainAEZ11,OtherGrainAEZ11,1990,CO_AWB,0.00198547771822522
EU-12,OtherGrain,OtherGrainAEZ15,OtherGrainAEZ15,1990,CO_AWB,0.000101880965347905
EU-12,OtherGrain,OtherGrainAEZ16,OtherGrainAEZ16,1990,CO_AWB,0.000213466497130786
EU-12,PalmFruit,PalmFruitAEZ08,PalmFruitAEZ08,1990,CO_AWB,0
EU-12,PalmFruit,PalmFruitAEZ09,PalmFruitAEZ09,1990,CO_AWB,0
EU-12,PalmFruit,PalmFruitAEZ10,PalmFruitAEZ10,1990,CO_AWB,0
EU-12,PalmFruit,PalmFruitAEZ11,PalmFruitAEZ11,1990,CO_AWB,0
EU-12,PalmFruit,PalmFruitAEZ15,PalmFruitAEZ15,1990,CO_AWB,0
EU-12,PalmFruit,PalmFruitAEZ16,PalmFruitAEZ16,1990,CO_AWB,0
EU-12,Rice,RiceAEZ08,RiceAEZ08,1990,CO_AWB,1.33515294417113e-05
EU-12,Rice,RiceAEZ09,RiceAEZ09,1990,CO_AWB,0.000209321277780418
EU-12,Rice,RiceAEZ10,RiceAEZ10,1990,CO_AWB,0.000102264806952062
EU-12,Rice,RiceAEZ11,RiceAEZ11,1990,CO_AWB,0
EU-12,Rice,RiceAEZ15,RiceAEZ15,1990,CO_AWB,0
EU-12,Rice,RiceAEZ16,RiceAEZ16,1990,CO_AWB,0
EU-12,Root_Tuber,Root_TuberAEZ08,Root_TuberAEZ08,1990,CO_AWB,0.000158295949205335
EU-12,Root_Tuber,Root_TuberAEZ09,Root_TuberAEZ09,1990,CO_AWB,0.00191845691535169
EU-12,Root_Tuber,Root_TuberAEZ10,Root_TuberAEZ10,1990,CO_AWB,0.102694939338708
EU-12,Root_Tuber,Root_TuberAEZ11,Root_TuberAEZ11,1990,CO_AWB,0.00261384989178831
EU-12,Root_Tuber,Root_TuberAEZ15,Root_TuberAEZ15,1990,CO_AWB,0.000280080136261778
EU-12,Root_Tuber,Root_TuberAEZ16,Root_TuberAEZ16,1990,CO_AWB,0.000586074831209715
EU-12,SugarCrop,SugarCropAEZ08,SugarCropAEZ08,1990,CO_AWB,0.000168429030110767
EU-12,SugarCrop,SugarCropAEZ09,SugarCropAEZ09,1990,CO_AWB,0.00108476570321325
EU-12,SugarCrop,SugarCropAEZ10,SugarCropAEZ10,1990,CO_AWB,0.0747079755321889
EU-12,SugarCrop,SugarCropAEZ11,SugarCropAEZ11,1990,CO_AWB,0.00254740562400704
EU-12,SugarCrop,SugarCropAEZ15,SugarCropAEZ15,1990,CO_AWB,0.000147715393750657
EU-12,SugarCrop,SugarCropAEZ16,SugarCropAEZ16,1990,CO_AWB,1.38364985974889e-05
EU-12,Wheat,WheatAEZ08,WheatAEZ08,1990,CO_AWB,0.00125806002202958
EU-12,Wheat,WheatAEZ09,WheatAEZ09,1990,CO_AWB,0.0143815508334701
EU-12,Wheat,WheatAEZ10,WheatAEZ10,1990,CO_AWB,0.0645693476811379
EU-12,Wheat,WheatAEZ11,WheatAEZ11,1990,CO_AWB,0.0042759833888689
EU-12,Wheat,WheatAEZ15,WheatAEZ15,1990,CO_AWB,0.0001539433593101
EU-12,Wheat,WheatAEZ16,WheatAEZ16,1990,CO_AWB,0.000120886853864605
EU-12,Corn,CornAEZ08,CornAEZ08,1990,N2O_AWB,1.0084297161163e-06
EU-12,Corn,CornAEZ09,CornAEZ09,1990,N2O_AWB,4.75841939227708e-06
EU-12,Corn,CornAEZ10,CornAEZ10,1990,N2O_AWB,1.61173239788204e-05
EU-12,Corn,CornAEZ11,CornAEZ11,1990,N2O_AWB,4.38211300862494e-06
EU-12,Corn,CornAEZ15,CornAEZ15,1990,N2O_AWB,8.69290355582059e-08
EU-12,Corn,CornAEZ16,CornAEZ16,1990,N2O_AWB,1.32273024797968e-08
EU-12,FiberCrop,FiberCropAEZ08,FiberCropAEZ08,1990,N2O_AWB,0
EU-12,FiberCrop,FiberCropAEZ09,FiberCropAEZ09,1990,N2O_AWB,7.44543186437688e-08
EU-12,FiberCrop,FiberCropAEZ10,FiberCropAEZ10,1990,N2O_AWB,6.43069742704088e-08
EU-12,FiberCrop,FiberCropAEZ11,FiberCropAEZ11,1990,N2O_AWB,0
EU-12,FiberCrop,FiberCropAEZ15,FiberCropAEZ15,1990,N2O_AWB,4.3003099873433e-10
EU-12,FiberCrop,FiberCropAEZ16,FiberCropAEZ16,1990,N2O_AWB,0
EU-12,FodderGrass,FodderGrassAEZ08,FodderGrassAEZ08,1990,N2O_AWB,3.95709488148789e-07
EU-12,FodderGrass,FodderGrassAEZ09,FodderGrassAEZ09,1990,N2O_AWB,1.11416191535308e-06
EU-12,FodderGrass,FodderGrassAEZ10,FodderGrassAEZ10,1990,N2O_AWB,2.30235394749549e-05
EU-12,FodderGrass,FodderGrassAEZ11,FodderGrassAEZ11,1990,N2O_AWB,7.85444305632477e-07
EU-12,FodderGrass,FodderGrassAEZ15,FodderGrassAEZ15,1990,N2O_AWB,5.98205220775636e-08
EU-12,FodderGrass,FodderGrassAEZ16,FodderGrassAEZ16,1990,N2O_AWB,1.74922543057523e-07
EU-12,FodderHerb,FodderHerbAEZ08,FodderHerbAEZ08,1990,N2O_AWB,3.60186408683954e-06
EU-12,FodderHerb,FodderHerbAEZ09,FodderHerbAEZ09,1990,N2O_AWB,1.52527451175015e-05
EU-12,FodderHerb,FodderHerbAEZ10,FodderHerbAEZ10,1990,N2O_AWB,0.000149268352265677
EU-12,FodderHerb,FodderHerbAEZ11,FodderHerbAEZ11,1990,N2O_AWB,1.16054082028222e-05
EU-12,FodderHerb,FodderHerbAEZ15,FodderHerbAEZ15,1990,N2O_AWB,8.11858116501102e-07
EU-12,FodderHerb,FodderHerbAEZ16,FodderHerbAEZ16,1990,N2O_AWB,3.61638608474089e-07
EU-12,MiscCrop,MiscCropAEZ08,MiscCropAEZ08,1990,N2O_AWB,9.94348453767431e-07
EU-12,MiscCrop,MiscCropAEZ09,MiscCropAEZ09,1990,N2O_AWB,7.09636720233952e-06
EU-12,MiscCrop,MiscCropAEZ10,MiscCropAEZ10,1990,N2O_AWB,2.99500138194175e-05
EU-12,MiscCrop,MiscCropAEZ11,MiscCropAEZ11,1990,N2O_AWB,2.80104158176615e-06
EU-12,MiscCrop,MiscCropAEZ15,MiscCropAEZ15,1990,N2O_AWB,1.22587911544976e-07
EU-12,MiscCrop,MiscCropAEZ16,MiscCropAEZ16,1990,N2O_AWB,3.86112083141009e-08
EU-12,OilCrop,OilCropAEZ08,OilCropAEZ08,1990,N2O_AWB,2.80684409645758e-07
EU-12,OilCrop,OilCropAEZ09,OilCropAEZ09,1990,N2O_AWB,1.39174748526477e-06
EU-12,OilCrop,OilCropAEZ10,OilCropAEZ10,1990,N2O_AWB,4.28438814263887e-06
EU-12,OilCrop,OilCropAEZ11,OilCropAEZ11,1990,N2O_AWB,3.53135959277833e-07
EU-12,OilCrop,OilCropAEZ15,OilCropAEZ15,1990,N2O_AWB,6.1749535213655e-09
EU-12,OilCrop,OilCropAEZ16,OilCropAEZ16,1990,N2O_AWB,6.61943341600614e-09
EU-12,OtherGrain,OtherGrainAEZ08,OtherGrainAEZ08,1990,N2O_AWB,2.661315215269e-07
EU-12,OtherGrain,OtherGrainAEZ09,OtherGrainAEZ09,1990,N2O_AWB,2.4837678803061e-06
EU-12,OtherGrain,OtherGrainAEZ10,OtherGrainAEZ10,1990,N2O_AWB,4.32852994307209e-05
EU-12,OtherGrain,OtherGrainAEZ11,OtherGrainAEZ11,1990,N2O_AWB,1.1945341450071e-06
EU-12,OtherGrain,OtherGrainAEZ15,OtherGrainAEZ15,1990,N2O_AWB,6.12952191390711e-08
EU-12,OtherGrain,OtherGrainAEZ16,OtherGrainAEZ16,1990,N2O_AWB,1.28429051254082e-07
EU-12,PalmFruit,PalmFruitAEZ08,PalmFruitAEZ08,1990,N2O_AWB,0
EU-12,PalmFruit,PalmFruitAEZ09,PalmFruitAEZ09,1990,N2O_AWB,0
EU-12,PalmFruit,PalmFruitAEZ10,PalmFruitAEZ10,1990,N2O_AWB,0
EU-12,PalmFruit,PalmFruitAEZ11,PalmFruitAEZ11,1990,N2O_AWB,0
EU-12,PalmFruit,PalmFruitAEZ15,PalmFruitAEZ15,1990,N2O_AWB,0
EU-12,PalmFruit,PalmFruitAEZ16,PalmFruitAEZ16,1990,N2O_AWB,0
EU-12,Rice,RiceAEZ08,RiceAEZ08,1990,N2O_AWB,8.03275587521984e-09
EU-12,Rice,RiceAEZ09,RiceAEZ09,1990,N2O_AWB,1.25935139583804e-07
EU-12,Rice,RiceAEZ10,RiceAEZ10,1990,N2O_AWB,6.15261519257911e-08
EU-12,Rice,RiceAEZ11,RiceAEZ11,1990,N2O_AWB,0
EU-12,Rice,RiceAEZ15,RiceAEZ15,1990,N2O_AWB,0
EU-12,Rice,RiceAEZ16,RiceAEZ16,1990,N2O_AWB,0
EU-12,Root_Tuber,Root_TuberAEZ08,Root_TuberAEZ08,1990,N2O_AWB,9.52364836967829e-08
EU-12,Root_Tuber,Root_TuberAEZ09,Root_TuberAEZ09,1990,N2O_AWB,1.15421204180577e-06
EU-12,Root_Tuber,Root_TuberAEZ10,Root_TuberAEZ10,1990,N2O_AWB,6.17849348967635e-05
EU-12,Root_Tuber,Root_TuberAEZ11,Root_TuberAEZ11,1990,N2O_AWB,1.5725852357866e-06
EU-12,Root_Tuber,Root_TuberAEZ15,Root_TuberAEZ15,1990,N2O_AWB,1.68506190239192e-07
EU-12,Root_Tuber,Root_TuberAEZ16,Root_TuberAEZ16,1990,N2O_AWB,3.52603502413047e-07
EU-12,SugarCrop,SugarCropAEZ08,SugarCropAEZ08,1990,N2O_AWB,1.01332906247663e-07
EU-12,SugarCrop,SugarCropAEZ09,SugarCropAEZ09,1990,N2O_AWB,6.52633701162435e-07
EU-12,SugarCrop,SugarCropAEZ10,SugarCropAEZ10,1990,N2O_AWB,4.49469801944318e-05
EU-12,SugarCrop,SugarCropAEZ11,SugarCropAEZ11,1990,N2O_AWB,1.53260999664079e-06
EU-12,SugarCrop,SugarCropAEZ15,SugarCropAEZ15,1990,N2O_AWB,8.88708445119469e-08
EU-12,SugarCrop,SugarCropAEZ16,SugarCropAEZ16,1990,N2O_AWB,8.32453060053351e-09
EU-12,Wheat,WheatAEZ08,WheatAEZ08,1990,N2O_AWB,7.56893738463122e-07
EU-12,Wheat,WheatAEZ09,WheatAEZ09,1990,N2O_AWB,8.65245344787428e-06
EU-12,Wheat,WheatAEZ10,WheatAEZ10,1990,N2O_AWB,3.88472204034098e-05
EU-12,Wheat,WheatAEZ11,WheatAEZ11,1990,N2O_AWB,2.5725839754338e-06
EU-12,Wheat,WheatAEZ15,WheatAEZ15,1990,N2O_AWB,9.26178105173536e-08
EU-12,Wheat,WheatAEZ16,WheatAEZ16,1990,N2O_AWB,7.2729838918985e-08
EU-12,Corn,CornAEZ08,CornAEZ08,1990,NH3_AWB,1.87430895058669e-05
EU-12,Corn,CornAEZ09,CornAEZ09,1990,NH3_AWB,8.84419401278494e-05
EU-12,Corn,CornAEZ10,CornAEZ10,1990,NH3_AWB,0.000299563213084893
EU-12,Corn,CornAEZ11,CornAEZ11,1990,NH3_AWB,8.14477548934193e-05
EU-12,Corn,CornAEZ15,CornAEZ15,1990,NH3_AWB,1.61569881181311e-06
EU-12,Corn,CornAEZ16,CornAEZ16,1990,NH3_AWB,2.45848084737929e-07
EU-12,FiberCrop,FiberCropAEZ08,FiberCropAEZ08,1990,NH3_AWB,0
EU-12,FiberCrop,FiberCropAEZ09,FiberCropAEZ09,1990,NH3_AWB,1.38383859195751e-06
EU-12,FiberCrop,FiberCropAEZ10,FiberCropAEZ10,1990,NH3_AWB,1.19523587547944e-06
EU-12,FiberCrop,FiberCropAEZ11,FiberCropAEZ11,1990,NH3_AWB,0
EU-12,FiberCrop,FiberCropAEZ15,FiberCropAEZ15,1990,NH3_AWB,7.9927330291458e-09
EU-12,FiberCrop,FiberCropAEZ16,FiberCropAEZ16,1990,NH3_AWB,0
EU-12,FodderGrass,FodderGrassAEZ08,FodderGrassAEZ08,1990,NH3_AWB,7.35481931577485e-06
EU-12,FodderGrass,FodderGrassAEZ09,FodderGrassAEZ09,1990,NH3_AWB,2.07082716522036e-05
EU-12,FodderGrass,FodderGrassAEZ10,FodderGrassAEZ10,1990,NH3_AWB,0.000427924975062091
EU-12,FodderGrass,FodderGrassAEZ11,FodderGrassAEZ11,1990,NH3_AWB,1.45985909449788e-05
EU-12,FodderGrass,FodderGrassAEZ15,FodderGrassAEZ15,1990,NH3_AWB,1.11184882958978e-06
EU-12,FodderGrass,FodderGrassAEZ16,FodderGrassAEZ16,1990,NH3_AWB,3.25118233697796e-06
EU-12,FodderHerb,FodderHerbAEZ08,FodderHerbAEZ08,1990,NH3_AWB,6.69457274896639e-05
EU-12,FodderHerb,FodderHerbAEZ09,FodderHerbAEZ09,1990,NH3_AWB,0.000283493794737138
EU-12,FodderHerb,FodderHerbAEZ10,FodderHerbAEZ10,1990,NH3_AWB,0.00277436299446196
EU-12,FodderHerb,FodderHerbAEZ11,FodderHerbAEZ11,1990,NH3_AWB,0.000215702890564693
EU-12,FodderHerb,FodderHerbAEZ15,FodderHerbAEZ15,1990,NH3_AWB,1.50895288986999e-05
EU-12,FodderHerb,FodderHerbAEZ16,FodderHerbAEZ16,1990,NH3_AWB,6.72156393160599e-06
EU-12,MiscCrop,MiscCropAEZ08,MiscCropAEZ08,1990,NH3_AWB,1.8481369371739e-05
EU-12,MiscCrop,MiscCropAEZ09,MiscCropAEZ09,1990,NH3_AWB,0.000131895999804718
EU-12,MiscCrop,MiscCropAEZ10,MiscCropAEZ10,1990,NH3_AWB,0.000556663276327481
EU-12,MiscCrop,MiscCropAEZ11,MiscCropAEZ11,1990,NH3_AWB,5.20613110042893e-05
EU-12,MiscCrop,MiscCropAEZ15,MiscCropAEZ15,1990,NH3_AWB,2.27846934863608e-06
EU-12,MiscCrop,MiscCropAEZ16,MiscCropAEZ16,1990,NH3_AWB,7.17643799855459e-07
EU-12,OilCrop,OilCropAEZ08,OilCropAEZ08,1990,NH3_AWB,5.21691589291197e-06
EU-12,OilCrop,OilCropAEZ09,OilCropAEZ09,1990,NH3_AWB,2.58675912351578e-05
EU-12,OilCrop,OilCropAEZ10,OilCropAEZ10,1990,NH3_AWB,7.96314003365743e-05
EU-12,OilCrop,OilCropAEZ11,OilCropAEZ11,1990,NH3_AWB,6.56353019620976e-06
EU-12,OilCrop,OilCropAEZ15,OilCropAEZ15,1990,NH3_AWB,1.1477022612072e-07
EU-12,OilCrop,OilCropAEZ16,OilCropAEZ16,1990,NH3_AWB,1.23031512272513e-07
EU-12,OtherGrain,OtherGrainAEZ08,OtherGrainAEZ08,1990,NH3_AWB,4.9464299282271e-06
EU-12,OtherGrain,OtherGrainAEZ09,OtherGrainAEZ09,1990,NH3_AWB,4.61643314832717e-05
EU-12,OtherGrain,OtherGrainAEZ10,OtherGrainAEZ10,1990,NH3_AWB,0.0008045183799648
EU-12,OtherGrain,OtherGrainAEZ11,OtherGrainAEZ11,1990,NH3_AWB,2.22021029724397e-05
EU-12,OtherGrain,OtherGrainAEZ15,OtherGrainAEZ15,1990,NH3_AWB,1.13925815576902e-06
EU-12,OtherGrain,OtherGrainAEZ16,OtherGrainAEZ16,1990,NH3_AWB,2.38703517393294e-06
EU-12,PalmFruit,PalmFruitAEZ08,PalmFruitAEZ08,1990,NH3_AWB,0
EU-12,PalmFruit,PalmFruitAEZ09,PalmFruitAEZ09,1990,NH3_AWB,0
EU-12,PalmFruit,PalmFruitAEZ10,PalmFruitAEZ10,1990,NH3_AWB,0
EU-12,PalmFruit,PalmFruitAEZ11,PalmFruitAEZ11,1990,NH3_AWB,0
EU-12,PalmFruit,PalmFruitAEZ15,PalmFruitAEZ15,1990,NH3_AWB,0
EU-12,PalmFruit,PalmFruitAEZ16,PalmFruitAEZ16,1990,NH3_AWB,0
EU-12,Rice,RiceAEZ08,RiceAEZ08,1990,NH3_AWB,1.49300104848021e-07
EU-12,Rice,RiceAEZ09,RiceAEZ09,1990,NH3_AWB,2.34068230579676e-06
EU-12,Rice,RiceAEZ10,RiceAEZ10,1990,NH3_AWB,1.14355036753367e-06
EU-12,Rice,RiceAEZ11,RiceAEZ11,1990,NH3_AWB,0
EU-12,Rice,RiceAEZ15,RiceAEZ15,1990,NH3_AWB,0
EU-12,Rice,RiceAEZ16,RiceAEZ16,1990,NH3_AWB,0
EU-12,Root_Tuber,Root_TuberAEZ08,Root_TuberAEZ08,1990,NH3_AWB,1.77010446005834e-06
EU-12,Root_Tuber,Root_TuberAEZ09,Root_TuberAEZ09,1990,NH3_AWB,2.14526597764597e-05
EU-12,Root_Tuber,Root_TuberAEZ10,Root_TuberAEZ10,1990,NH3_AWB,0.00114836021427857
EU-12,Root_Tuber,Root_TuberAEZ11,Root_TuberAEZ11,1990,NH3_AWB,2.92287160511974e-05
EU-12,Root_Tuber,Root_TuberAEZ15,Root_TuberAEZ15,1990,NH3_AWB,3.13192536422791e-06
EU-12,Root_Tuber,Root_TuberAEZ16,Root_TuberAEZ16,1990,NH3_AWB,6.55363373390287e-06
EU-12,SugarCrop,SugarCropAEZ08,SugarCropAEZ08,1990,NH3_AWB,1.88341507725911e-06
EU-12,SugarCrop,SugarCropAEZ09,SugarCropAEZ09,1990,NH3_AWB,1.21301184206892e-05
EU-12,SugarCrop,SugarCropAEZ10,SugarCropAEZ10,1990,NH3_AWB,0.000835403062146081
EU-12,SugarCrop,SugarCropAEZ11,SugarCropAEZ11,1990,NH3_AWB,2.84857198132307e-05
EU-12,SugarCrop,SugarCropAEZ15,SugarCropAEZ15,1990,NH3_AWB,1.65179007176073e-06
EU-12,SugarCrop,SugarCropAEZ16,SugarCropAEZ16,1990,NH3_AWB,1.54723149909768e-07
EU-12,Wheat,WheatAEZ08,WheatAEZ08,1990,NH3_AWB,1.40679383597303e-05
EU-12,Wheat,WheatAEZ09,WheatAEZ09,1990,NH3_AWB,0.000160818058836488
EU-12,Wheat,WheatAEZ10,WheatAEZ10,1990,NH3_AWB,0.000722030417627315
EU-12,Wheat,WheatAEZ11,WheatAEZ11,1990,NH3_AWB,4.78151039604565e-05
EU-12,Wheat,WheatAEZ15,WheatAEZ15,1990,NH3_AWB,1.72143272319434e-06
EU-12,Wheat,WheatAEZ16,WheatAEZ16,1990,NH3_AWB,1.35178670245433e-06
EU-12,Corn,CornAEZ08,CornAEZ08,1990,NMVOC_AWB,0.00010084297161163
EU-12,Corn,CornAEZ09,CornAEZ09,1990,NMVOC_AWB,0.000475841939227708
EU-12,Corn,CornAEZ10,CornAEZ10,1990,NMVOC_AWB,0.00161173239788204
EU-12,Corn,CornAEZ11,CornAEZ11,1990,NMVOC_AWB,0.000438211300862494
EU-12,Corn,CornAEZ15,CornAEZ15,1990,NMVOC_AWB,8.69290355582059e-06
EU-12,Corn,CornAEZ16,CornAEZ16,1990,NMVOC_AWB,1.32273024797968e-06
EU-12,FiberCrop,FiberCropAEZ08,FiberCropAEZ08,1990,NMVOC_AWB,0
EU-12,FiberCrop,FiberCropAEZ09,FiberCropAEZ09,1990,NMVOC_AWB,7.44543186437688e-06
EU-12,FiberCrop,FiberCropAEZ10,FiberCropAEZ10,1990,NMVOC_AWB,6.43069742704088e-06
EU-12,FiberCrop,FiberCropAEZ11,FiberCropAEZ11,1990,NMVOC_AWB,0
EU-12,FiberCrop,FiberCropAEZ15,FiberCropAEZ15,1990,NMVOC_AWB,4.30030998734331e-08
EU-12,FiberCrop,FiberCropAEZ16,FiberCropAEZ16,1990,NMVOC_AWB,0
EU-12,FodderGrass,FodderGrassAEZ08,FodderGrassAEZ08,1990,NMVOC_AWB,3.95709488148789e-05
EU-12,FodderGrass,FodderGrassAEZ09,FodderGrassAEZ09,1990,NMVOC_AWB,0.000111416191535308
EU-12,FodderGrass,FodderGrassAEZ10,FodderGrassAEZ10,1990,NMVOC_AWB,0.00230235394749549
EU-12,FodderGrass,FodderGrassAEZ11,FodderGrassAEZ11,1990,NMVOC_AWB,7.85444305632477e-05
EU-12,FodderGrass,FodderGrassAEZ15,FodderGrassAEZ15,1990,NMVOC_AWB,5.98205220775636e-06
EU-12,FodderGrass,FodderGrassAEZ16,FodderGrassAEZ16,1990,NMVOC_AWB,1.74922543057523e-05
EU-12,FodderHerb,FodderHerbAEZ08,FodderHerbAEZ08,1990,NMVOC_AWB,0.000360186408683954
EU-12,FodderHerb,FodderHerbAEZ09,FodderHerbAEZ09,1990,NMVOC_AWB,0.00152527451175015
EU-12,FodderHerb,FodderHerbAEZ10,FodderHerbAEZ10,1990,NMVOC_AWB,0.0149268352265677
EU-12,FodderHerb,FodderHerbAEZ11,FodderHerbAEZ11,1990,NMVOC_AWB,0.00116054082028222
EU-12,FodderHerb,FodderHerbAEZ15,FodderHerbAEZ15,1990,NMVOC_AWB,8.11858116501102e-05
EU-12,FodderHerb,FodderHerbAEZ16,FodderHerbAEZ16,1990,NMVOC_AWB,3.61638608474089e-05
EU-12,MiscCrop,MiscCropAEZ08,MiscCropAEZ08,1990,NMVOC_AWB,9.94348453767431e-05
EU-12,MiscCrop,MiscCropAEZ09,MiscCropAEZ09,1990,NMVOC_AWB,0.000709636720233952
EU-12,MiscCrop,MiscCropAEZ10,MiscCropAEZ10,1990,NMVOC_AWB,0.00299500138194175
EU-12,MiscCrop,MiscCropAEZ11,MiscCropAEZ11,1990,NMVOC_AWB,0.000280104158176615
EU-12,MiscCrop,MiscCropAEZ15,MiscCropAEZ15,1990,NMVOC_AWB,1.22587911544976e-05
EU-12,MiscCrop,MiscCropAEZ16,MiscCropAEZ16,1990,NMVOC_AWB,3.86112083141009e-06
EU-12,OilCrop,OilCropAEZ08,OilCropAEZ08,1990,NMVOC_AWB,2.80684409645758e-05
EU-12,OilCrop,OilCropAEZ09,OilCropAEZ09,1990,NMVOC_AWB,0.000139174748526477
EU-12,OilCrop,OilCropAEZ10,OilCropAEZ10,1990,NMVOC_AWB,0.000428438814263887
EU-12,OilCrop,OilCropAEZ11,OilCropAEZ11,1990,NMVOC_AWB,3.53135959277833e-05
EU-12,OilCrop,OilCropAEZ15,OilCropAEZ15,1990,NMVOC_AWB,6.1749535213655e-07
EU-12,OilCrop,OilCropAEZ16,OilCropAEZ16,1990,NMVOC_AWB,6.61943341600614e-07
EU-12,OtherGrain,OtherGrainAEZ08,OtherGrainAEZ08,1990,NMVOC_AWB,2.661315215269e-05
EU-12,OtherGrain,OtherGrainAEZ09,OtherGrainAEZ09,1990,NMVOC_AWB,0.00024837678803061
EU-12,OtherGrain,OtherGrainAEZ10,OtherGrainAEZ10,1990,NMVOC_AWB,0.00432852994307209
EU-12,OtherGrain,OtherGrainAEZ11,OtherGrainAEZ11,1990,NMVOC_AWB,0.00011945341450071
EU-12,OtherGrain,OtherGrainAEZ15,OtherGrainAEZ15,1990,NMVOC_AWB,6.12952191390711e-06
EU-12,OtherGrain,OtherGrainAEZ16,OtherGrainAEZ16,1990,NMVOC_AWB,1.28429051254082e-05
EU-12,PalmFruit,PalmFruitAEZ08,PalmFruitAEZ08,1990,NMVOC_AWB,0
EU-12,PalmFruit,PalmFruitAEZ09,PalmFruitAEZ09,1990,NMVOC_AWB,0
EU-12,PalmFruit,PalmFruitAEZ10,PalmFruitAEZ10,1990,NMVOC_AWB,0
EU-12,PalmFruit,PalmFruitAEZ11,PalmFruitAEZ11,1990,NMVOC_AWB,0
EU-12,PalmFruit,PalmFruitAEZ15,PalmFruitAEZ15,1990,NMVOC_AWB,0
EU-12,PalmFruit,PalmFruitAEZ16,PalmFruitAEZ16,1990,NMVOC_AWB,0
EU-12,Rice,RiceAEZ08,RiceAEZ08,1990,NMVOC_AWB,8.03275587521984e-07
EU-12,Rice,RiceAEZ09,RiceAEZ09,1990,NMVOC_AWB,1.25935139583804e-05
EU-12,Rice,RiceAEZ10,RiceAEZ10,1990,NMVOC_AWB,6.15261519257911e-06
EU-12,Rice,RiceAEZ11,RiceAEZ11,1990,NMVOC_AWB,0
EU-12,Rice,RiceAEZ15,RiceAEZ15,1990,NMVOC_AWB,0
EU-12,Rice,RiceAEZ16,RiceAEZ16,1990,NMVOC_AWB,0
EU-12,Root_Tuber,Root_TuberAEZ08,Root_TuberAEZ08,1990,NMVOC_AWB,9.52364836967829e-06
EU-12,Root_Tuber,Root_TuberAEZ09,Root_TuberAEZ09,1990,NMVOC_AWB,0.000115421204180577
EU-12,Root_Tuber,Root_TuberAEZ10,Root_TuberAEZ10,1990,NMVOC_AWB,0.00617849348967635
EU-12,Root_Tuber,Root_TuberAEZ11,Root_TuberAEZ11,1990,NMVOC_AWB,0.00015725852357866
EU-12,Root_Tuber,Root_TuberAEZ15,Root_TuberAEZ15,1990,NMVOC_AWB,1.68506190239192e-05
EU-12,Root_Tuber,Root_TuberAEZ16,Root_TuberAEZ16,1990,NMVOC_AWB,3.52603502413047e-05
EU-12,SugarCrop,SugarCropAEZ08,SugarCropAEZ08,1990,NMVOC_AWB,1.01332906247663e-05
EU-12,SugarCrop,SugarCropAEZ09,SugarCropAEZ09,1990,NMVOC_AWB,6.52633701162435e-05
EU-12,SugarCrop,SugarCropAEZ10,SugarCropAEZ10,1990,NMVOC_AWB,0.00449469801944318
EU-12,SugarCrop,SugarCropAEZ11,SugarCropAEZ11,1990,NMVOC_AWB,0.000153260999664079
EU-12,SugarCrop,SugarCropAEZ15,SugarCropAEZ15,1990,NMVOC_AWB,8.88708445119469e-06
EU-12,SugarCrop,SugarCropAEZ16,SugarCropAEZ16,1990,NMVOC_AWB,8.32453060053351e-07
EU-12,Wheat,WheatAEZ08,WheatAEZ08,1990,NMVOC_AWB,7.56893738463122e-05
EU-12,Wheat,WheatAEZ09,WheatAEZ09,1990,NMVOC_AWB,0.000865245344787428
EU-12,Wheat,WheatAEZ10,WheatAEZ10,1990,NMVOC_AWB,0.00388472204034098
EU-12,Wheat,WheatAEZ11,WheatAEZ11,1990,NMVOC_AWB,0.00025725839754338
EU-12,Wheat,WheatAEZ15,WheatAEZ15,1990,NMVOC_AWB,9.26178105173536e-06
EU-12,Wheat,WheatAEZ16,WheatAEZ16,1990,NMVOC_AWB,7.2729838918985e-06
EU-12,Corn,CornAEZ08,CornAEZ08,1990,NOx_AWB,5.48185816251854e-05
EU-12,Corn,CornAEZ09,CornAEZ09,1990,NOx_AWB,0.000258669293153121
EU-12,Corn,CornAEZ10,CornAEZ10,1990,NOx_AWB,0.000876143201645425
EU-12,Corn,CornAEZ11,CornAEZ11,1990,NOx_AWB,0.000238213150420875
EU-12,Corn,CornAEZ15,CornAEZ15,1990,NOx_AWB,4.72549187631889e-06
EU-12,Corn,CornAEZ16,CornAEZ16,1990,NOx_AWB,7.19040652096502e-07
EU-12,FiberCrop,FiberCropAEZ08,FiberCropAEZ08,1990,NOx_AWB,0
EU-12,FiberCrop,FiberCropAEZ09,FiberCropAEZ09,1990,NOx_AWB,4.04736203097994e-06
EU-12,FiberCrop,FiberCropAEZ10,FiberCropAEZ10,1990,NOx_AWB,3.49574894687509e-06
EU-12,FiberCrop,FiberCropAEZ11,FiberCropAEZ11,1990,NOx_AWB,0
EU-12,FiberCrop,FiberCropAEZ15,FiberCropAEZ15,1990,NOx_AWB,2.3376631042038e-08
EU-12,FiberCrop,FiberCropAEZ16,FiberCropAEZ16,1990,NOx_AWB,0
EU-12,FodderGrass,FodderGrassAEZ08,FodderGrassAEZ08,1990,NOx_AWB,2.15109020780214e-05
EU-12,FodderGrass,FodderGrassAEZ09,FodderGrassAEZ09,1990,NOx_AWB,6.0566219860792e-05
EU-12,FodderGrass,FodderGrassAEZ10,FodderGrassAEZ10,1990,NOx_AWB,0.00125156741995784
EU-12,FodderGrass,FodderGrassAEZ11,FodderGrassAEZ11,1990,NOx_AWB,4.26970190309081e-05
EU-12,FodderGrass,FodderGrassAEZ15,FodderGrassAEZ15,1990,NOx_AWB,3.25186388298768e-06
EU-12,FodderGrass,FodderGrassAEZ16,FodderGrassAEZ16,1990,NOx_AWB,9.50884880863423e-06
EU-12,FodderHerb,FodderHerbAEZ08,FodderHerbAEZ08,1990,NOx_AWB,0.000195798554219187
EU-12,FodderHerb,FodderHerbAEZ09,FodderHerbAEZ09,1990,NOx_AWB,0.000829144401309445
EU-12,FodderHerb,FodderHerbAEZ10,FodderHerbAEZ10,1990,NOx_AWB,0.00811427829025739
EU-12,FodderHerb,FodderHerbAEZ11,FodderHerbAEZ11,1990,NOx_AWB,0.000630873928735589
EU-12,FodderHerb,FodderHerbAEZ15,FodderHerbAEZ15,1990,NOx_AWB,4.41328827544707e-05
EU-12,FodderHerb,FodderHerbAEZ16,FodderHerbAEZ16,1990,NOx_AWB,1.96587974953814e-05
EU-12,MiscCrop,MiscCropAEZ08,MiscCropAEZ08,1990,NOx_AWB,5.40531194247754e-05
EU-12,MiscCrop,MiscCropAEZ09,MiscCropAEZ09,1990,NOx_AWB,0.000385760929598462
EU-12,MiscCrop,MiscCropAEZ10,MiscCropAEZ10,1990,NOx_AWB,0.00162809291614114
EU-12,MiscCrop,MiscCropAEZ11,MiscCropAEZ11,1990,NOx_AWB,0.00015226557104737
EU-12,MiscCrop,MiscCropAEZ15,MiscCropAEZ15,1990,NOx_AWB,6.66392047744281e-06
EU-12,MiscCrop,MiscCropAEZ16,MiscCropAEZ16,1990,NOx_AWB,2.09891838844767e-06
EU-12,OilCrop,OilCropAEZ08,OilCropAEZ08,1990,NOx_AWB,1.52580997715347e-05
EU-12,OilCrop,OilCropAEZ09,OilCropAEZ09,1990,NOx_AWB,7.56558656526484e-05
EU-12,OilCrop,OilCropAEZ10,OilCropAEZ10,1990,NOx_AWB,0.000232900793538435
EU-12,OilCrop,OilCropAEZ11,OilCropAEZ11,1990,NOx_AWB,1.9196590599307e-05
EU-12,OilCrop,OilCropAEZ15,OilCropAEZ15,1990,NOx_AWB,3.35672569176513e-07
EU-12,OilCrop,OilCropAEZ16,OilCropAEZ16,1990,NOx_AWB,3.59834647103916e-07
EU-12,OtherGrain,OtherGrainAEZ08,OtherGrainAEZ08,1990,NOx_AWB,1.44669998342003e-05
EU-12,OtherGrain,OtherGrainAEZ09,OtherGrainAEZ09,1990,NOx_AWB,0.000135018464954548
EU-12,OtherGrain,OtherGrainAEZ10,OtherGrainAEZ10,1990,NOx_AWB,0.00235300356791539
EU-12,OtherGrain,OtherGrainAEZ11,OtherGrainAEZ11,1990,NOx_AWB,6.49352815428049e-05
EU-12,OtherGrain,OtherGrainAEZ15,OtherGrainAEZ15,1990,NOx_AWB,3.33202891575765e-06
EU-12,OtherGrain,OtherGrainAEZ16,OtherGrainAEZ16,1990,NOx_AWB,6.9814468144898e-06
EU-12,PalmFruit,PalmFruitAEZ08,PalmFruitAEZ08,1990,NOx_AWB,0
EU-12,PalmFruit,PalmFruitAEZ09,PalmFruitAEZ09,1990,NOx_AWB,0
EU-12,PalmFruit,PalmFruitAEZ10,PalmFruitAEZ10,1990,NOx_AWB,0
EU-12,PalmFruit,PalmFruitAEZ11,PalmFruitAEZ11,1990,NOx_AWB,0
EU-12,PalmFruit,PalmFruitAEZ15,PalmFruitAEZ15,1990,NOx_AWB,0
EU-12,PalmFruit,PalmFruitAEZ16,PalmFruitAEZ16,1990,NOx_AWB,0
EU-12,Rice,RiceAEZ08,RiceAEZ08,1990,NOx_AWB,4.36663335662891e-07
EU-12,Rice,RiceAEZ09,RiceAEZ09,1990,NOx_AWB,6.8458769296696e-06
EU-12,Rice,RiceAEZ10,RiceAEZ10,1990,NOx_AWB,3.34458250042143e-06
EU-12,Rice,RiceAEZ11,RiceAEZ11,1990,NOx_AWB,0
EU-12,Rice,RiceAEZ15,RiceAEZ15,1990,NOx_AWB,0
EU-12,Rice,RiceAEZ16,RiceAEZ16,1990,NOx_AWB,0
EU-12,Root_Tuber,Root_TuberAEZ08,Root_TuberAEZ08,1990,NOx_AWB,5.17708757664736e-06
EU-12,Root_Tuber,Root_TuberAEZ09,Root_TuberAEZ09,1990,NOx_AWB,6.27433583276161e-05
EU-12,Root_Tuber,Root_TuberAEZ10,Root_TuberAEZ10,1990,NOx_AWB,0.00335865003055342
EU-12,Root_Tuber,Root_TuberAEZ11,Root_TuberAEZ11,1990,NOx_AWB,8.54862671466406e-05
EU-12,Root_Tuber,Root_TuberAEZ15,Root_TuberAEZ15,1990,NOx_AWB,9.16005369174465e-06
EU-12,Root_Tuber,Root_TuberAEZ16,Root_TuberAEZ16,1990,NOx_AWB,1.91676460634235e-05
EU-12,SugarCrop,SugarCropAEZ08,SugarCropAEZ08,1990,NOx_AWB,5.50849117561519e-06
EU-12,SugarCrop,SugarCropAEZ09,SugarCropAEZ09,1990,NOx_AWB,3.54773894965167e-05
EU-12,SugarCrop,SugarCropAEZ10,SugarCropAEZ10,1990,NOx_AWB,0.00244333309819867
EU-12,SugarCrop,SugarCropAEZ11,SugarCropAEZ11,1990,NOx_AWB,8.33131995792347e-05
EU-12,SugarCrop,SugarCropAEZ15,SugarCropAEZ15,1990,NOx_AWB,4.83104927008662e-06
EU-12,SugarCrop,SugarCropAEZ16,SugarCropAEZ16,1990,NOx_AWB,4.52524308758143e-07
EU-12,Wheat,WheatAEZ08,WheatAEZ08,1990,NOx_AWB,4.11450005096311e-05
EU-12,Wheat,WheatAEZ09,WheatAEZ09,1990,NOx_AWB,0.000470350306035319
EU-12,Wheat,WheatAEZ10,WheatAEZ10,1990,NOx_AWB,0.00211174808572409
EU-12,Wheat,WheatAEZ11,WheatAEZ11,1990,NOx_AWB,0.000139846538029525
EU-12,Wheat,WheatAEZ15,WheatAEZ15,1990,NOx_AWB,5.03473561384614e-06
EU-12,Wheat,WheatAEZ16,WheatAEZ16,1990,NOx_AWB,3.95361872785902e-06
EU-12,Corn,CornAEZ08,CornAEZ08,1990,SO2_AWB,8.05360534049957e-06
EU-12,Corn,CornAEZ09,CornAEZ09,1990,SO2_AWB,3.80020850412541e-05
EU-12,Corn,CornAEZ10,CornAEZ10,1990,SO2_AWB,0.000128717514365096
EU-12,Corn,CornAEZ11,CornAEZ11,1990,SO2_AWB,3.49967956764021e-05
EU-12,Corn,CornAEZ15,CornAEZ15,1990,SO2_AWB,6.94239899744586e-07
EU-12,Corn,CornAEZ16,CornAEZ16,1990,SO2_AWB,1.05636984104313e-07
EU-12,FiberCrop,FiberCropAEZ08,FiberCropAEZ08,1990,SO2_AWB,0
EU-12,FiberCrop,FiberCropAEZ09,FiberCropAEZ09,1990,SO2_AWB,5.94613277127543e-07
EU-12,FiberCrop,FiberCropAEZ10,FiberCropAEZ10,1990,SO2_AWB,5.13573710828453e-07
EU-12,FiberCrop,FiberCropAEZ11,FiberCropAEZ11,1990,SO2_AWB,0
EU-12,FiberCrop,FiberCropAEZ15,FiberCropAEZ15,1990,SO2_AWB,3.43434935785623e-09
EU-12,FiberCrop,FiberCropAEZ16,FiberCropAEZ16,1990,SO2_AWB,0
EU-12,FodderGrass,FodderGrassAEZ08,FodderGrassAEZ08,1990,SO2_AWB,3.16024805309673e-06
EU-12,FodderGrass,FodderGrassAEZ09,FodderGrassAEZ09,1990,SO2_AWB,8.89801263118864e-06
EU-12,FodderGrass,FodderGrassAEZ10,FodderGrassAEZ10,1990,SO2_AWB,0.000183872507433443
EU-12,FodderGrass,FodderGrassAEZ11,FodderGrassAEZ11,1990,SO2_AWB,6.27278069399648e-06
EU-12,FodderGrass,FodderGrassAEZ15,FodderGrassAEZ15,1990,SO2_AWB,4.77743632873841e-07
EU-12,FodderGrass,FodderGrassAEZ16,FodderGrassAEZ16,1990,SO2_AWB,1.39698097391188e-06
EU-12,FodderHerb,FodderHerbAEZ08,FodderHerbAEZ08,1990,SO2_AWB,2.87655067893487e-05
EU-12,FodderHerb,FodderHerbAEZ09,FodderHerbAEZ09,1990,SO2_AWB,0.000121812742695319
EU-12,FodderHerb,FodderHerbAEZ10,FodderHerbAEZ10,1990,SO2_AWB,0.00119209933995616
EU-12,FodderHerb,FodderHerbAEZ11,FodderHerbAEZ11,1990,SO2_AWB,9.26840770231201e-05
EU-12,FodderHerb,FodderHerbAEZ15,FodderHerbAEZ15,1990,SO2_AWB,6.48372886904011e-06
EU-12,FodderHerb,FodderHerbAEZ16,FodderHerbAEZ16,1990,SO2_AWB,2.8881483577799e-06
EU-12,MiscCrop,MiscCropAEZ08,MiscCropAEZ08,1990,SO2_AWB,7.94114839100526e-06
EU-12,MiscCrop,MiscCropAEZ09,MiscCropAEZ09,1990,SO2_AWB,5.66735984526623e-05
EU-12,MiscCrop,MiscCropAEZ10,MiscCropAEZ10,1990,SO2_AWB,0.000239189293402653
EU-12,MiscCrop,MiscCropAEZ11,MiscCropAEZ11,1990,SO2_AWB,2.23699114388965e-05
EU-12,MiscCrop,MiscCropAEZ15,MiscCropAEZ15,1990,SO2_AWB,9.79021783393621e-07
EU-12,MiscCrop,MiscCropAEZ16,MiscCropAEZ16,1990,SO2_AWB,3.08360045833597e-07
EU-12,OilCrop,OilCropAEZ08,OilCropAEZ08,1990,SO2_AWB,2.24162519647263e-06
EU-12,OilCrop,OilCropAEZ09,OilCropAEZ09,1990,SO2_AWB,1.11148896158297e-05
EU-12,OilCrop,OilCropAEZ10,OilCropAEZ10,1990,SO2_AWB,3.421633721705e-05
EU-12,OilCrop,OilCropAEZ11,OilCropAEZ11,1990,SO2_AWB,2.82024379300857e-06
EU-12,OilCrop,OilCropAEZ15,OilCropAEZ15,1990,SO2_AWB,4.93149278152275e-08
EU-12,OilCrop,OilCropAEZ16,OilCropAEZ16,1990,SO2_AWB,5.28646701482962e-08
EU-12,OtherGrain,OtherGrainAEZ08,OtherGrainAEZ08,1990,SO2_AWB,2.12540170999595e-06
EU-12,OtherGrain,OtherGrainAEZ09,OtherGrainAEZ09,1990,SO2_AWB,1.98360737944453e-05
EU-12,OtherGrain,OtherGrainAEZ10,OtherGrainAEZ10,1990,SO2_AWB,0.000345688661380316
EU-12,OtherGrain,OtherGrainAEZ11,OtherGrainAEZ11,1990,SO2_AWB,9.53988802183292e-06
EU-12,OtherGrain,OtherGrainAEZ15,OtherGrainAEZ15,1990,SO2_AWB,4.8952098130018e-07
EU-12,OtherGrain,OtherGrainAEZ16,OtherGrainAEZ16,1990,SO2_AWB,1.02567077955473e-06
EU-12,PalmFruit,PalmFruitAEZ08,PalmFruitAEZ08,1990,SO2_AWB,0
EU-12,PalmFruit,PalmFruitAEZ09,PalmFruitAEZ09,1990,SO2_AWB,0
EU-12,PalmFruit,PalmFruitAEZ10,PalmFruitAEZ10,1990,SO2_AWB,0
EU-12,PalmFruit,PalmFruitAEZ11,PalmFruitAEZ11,1990,SO2_AWB,0
EU-12,PalmFruit,PalmFruitAEZ15,PalmFruitAEZ15,1990,SO2_AWB,0
EU-12,PalmFruit,PalmFruitAEZ16,PalmFruitAEZ16,1990,SO2_AWB,0
EU-12,Rice,RiceAEZ08,RiceAEZ08,1990,SO2_AWB,6.41518636169769e-08
EU-12,Rice,RiceAEZ09,RiceAEZ09,1990,SO2_AWB,1.00575369458044e-06
EU-12,Rice,RiceAEZ10,RiceAEZ10,1990,SO2_AWB,4.9136527594432e-07
EU-12,Rice,RiceAEZ11,RiceAEZ11,1990,SO2_AWB,0
EU-12,Rice,RiceAEZ15,RiceAEZ15,1990,SO2_AWB,0
EU-12,Rice,RiceAEZ16,RiceAEZ16,1990,SO2_AWB,0
EU-12,Root_Tuber,Root_TuberAEZ08,Root_TuberAEZ08,1990,SO2_AWB,7.6058553358056e-07
EU-12,Root_Tuber,Root_TuberAEZ09,Root_TuberAEZ09,1990,SO2_AWB,9.21786428483606e-06
EU-12,Root_Tuber,Root_TuberAEZ10,Root_TuberAEZ10,1990,SO2_AWB,0.000493431990048184
EU-12,Root_Tuber,Root_TuberAEZ11,Root_TuberAEZ11,1990,SO2_AWB,1.25591111119747e-05
EU-12,Root_Tuber,Root_TuberAEZ15,Root_TuberAEZ15,1990,SO2_AWB,1.34573816293715e-06
EU-12,Root_Tuber,Root_TuberAEZ16,Root_TuberAEZ16,1990,SO2_AWB,2.81599144167332e-06
EU-12,SugarCrop,SugarCropAEZ08,SugarCropAEZ08,1990,SO2_AWB,8.09273290822383e-07
EU-12,SugarCrop,SugarCropAEZ09,SugarCropAEZ09,1990,SO2_AWB,5.21211758942812e-06
EU-12,SugarCrop,SugarCropAEZ10,SugarCropAEZ10,1990,SO2_AWB,0.000358959314613708
EU-12,SugarCrop,SugarCropAEZ11,SugarCropAEZ11,1990,SO2_AWB,1.2239857529571e-05
EU-12,SugarCrop,SugarCropAEZ15,SugarCropAEZ15,1990,SO2_AWB,7.09747736047057e-07
EU-12,SugarCrop,SugarCropAEZ16,SugarCropAEZ16,1990,SO2_AWB,6.64820592155941e-08
EU-12,Wheat,WheatAEZ08,WheatAEZ08,1990,SO2_AWB,6.04476777792044e-06
EU-12,Wheat,WheatAEZ09,WheatAEZ09,1990,SO2_AWB,6.91009439553123e-05
EU-12,Wheat,WheatAEZ10,WheatAEZ10,1990,SO2_AWB,0.000310244905226873
EU-12,Wheat,WheatAEZ11,WheatAEZ11,1990,SO2_AWB,2.05453842864026e-05
EU-12,Wheat,WheatAEZ15,WheatAEZ15,1990,SO2_AWB,7.39672067856745e-07
EU-12,Wheat,WheatAEZ16,WheatAEZ16,1990,SO2_AWB,5.80841093603847e-07
EU-15,Corn,CornAEZ04,CornAEZ04,1990,CH4_AWB,2.7830084619445e-08
EU-15,Corn,CornAEZ08,CornAEZ08,1990,CH4_AWB,4.82482793555475e-07
EU-15,Corn,CornAEZ09,CornAEZ09,1990,CH4_AWB,5.93449481706256e-05
EU-15,Corn,CornAEZ10,CornAEZ10,1990,CH4_AWB,0.000206197053739811
EU-15,Corn,CornAEZ11,CornAEZ11,1990,CH4_AWB,0.000362201111034145
EU-15,Corn,CornAEZ12,CornAEZ12,1990,CH4_AWB,8.00205238593825e-05
EU-15,Corn,CornAEZ13,CornAEZ13,1990,CH4_AWB,1.40097024614892e-09
EU-15,Corn,CornAEZ14,CornAEZ14,1990,CH4_AWB,1.22425867483063e-06
EU-15,Corn,CornAEZ15,CornAEZ15,1990,CH4_AWB,9.71160147442574e-06
EU-15,Corn,CornAEZ16,CornAEZ16,1990,CH4_AWB,2.17561213211751e-06
EU-15,FiberCrop,FiberCropAEZ04,FiberCropAEZ04,1990,CH4_AWB,2.0028493388296e-08
EU-15,FiberCrop,FiberCropAEZ08,FiberCropAEZ08,1990,CH4_AWB,2.98221137099638e-07
EU-15,FiberCrop,FiberCropAEZ09,FiberCropAEZ09,1990,CH4_AWB,6.95465962017892e-06
EU-15,FiberCrop,FiberCropAEZ10,FiberCropAEZ10,1990,CH4_AWB,1.78614104036824e-05
EU-15,FiberCrop,FiberCropAEZ11,FiberCropAEZ11,1990,CH4_AWB,1.31975253620503e-06
EU-15,FiberCrop,FiberCropAEZ12,FiberCropAEZ12,1990,CH4_AWB,2.54659163980092e-07
EU-15,FiberCrop,FiberCropAEZ13,FiberCropAEZ13,1990,CH4_AWB,0
EU-15,FiberCrop,FiberCropAEZ14,FiberCropAEZ14,1990,CH4_AWB,0
EU-15,FiberCrop,FiberCropAEZ15,FiberCropAEZ15,1990,CH4_AWB,0
EU-15,FiberCrop,FiberCropAEZ16,FiberCropAEZ16,1990,CH4_AWB,3.58322264524985e-09
EU-15,FodderGrass,FodderGrassAEZ04,FodderGrassAEZ04,1990,CH4_AWB,7.06829308492846e-08
EU-15,FodderGrass,FodderGrassAEZ08,FodderGrassAEZ08,1990,CH4_AWB,1.76607332985643e-06
EU-15,FodderGrass,FodderGrassAEZ09,FodderGrassAEZ09,1990,CH4_AWB,8.34782623205432e-05
EU-15,FodderGrass,FodderGrassAEZ10,FodderGrassAEZ10,1990,CH4_AWB,0.000641342453961721
EU-15,FodderGrass,FodderGrassAEZ11,FodderGrassAEZ11,1990,CH4_AWB,0.00081669191511532
EU-15,FodderGrass,FodderGrassAEZ12,FodderGrassAEZ12,1990,CH4_AWB,0.000219422509903318
EU-15,FodderGrass,FodderGrassAEZ13,FodderGrassAEZ13,1990,CH4_AWB,5.01739291641156e-08
EU-15,FodderGrass,FodderGrassAEZ14,FodderGrassAEZ14,1990,CH4_AWB,1.09996952487572e-06
EU-15,FodderGrass,FodderGrassAEZ15,FodderGrassAEZ15,1990,CH4_AWB,5.6889902768685e-05
EU-15,FodderGrass,FodderGrassAEZ16,FodderGrassAEZ16,1990,CH4_AWB,2.1456660411792e-05
EU-15,FodderHerb,FodderHerbAEZ04,FodderHerbAEZ04,1990,CH4_AWB,2.76063977250479e-07
EU-15,FodderHerb,FodderHerbAEZ08,FodderHerbAEZ08,1990,CH4_AWB,9.42013415535395e-06
EU-15,FodderHerb,FodderHerbAEZ09,FodderHerbAEZ09,1990,CH4_AWB,0.000387475164716
EU-15,FodderHerb,FodderHerbAEZ10,FodderHerbAEZ10,1990,CH4_AWB,0.00432784654978377
EU-15,FodderHerb,FodderHerbAEZ11,FodderHerbAEZ11,1990,CH4_AWB,0.00319640853276
EU-15,FodderHerb,FodderHerbAEZ12,FodderHerbAEZ12,1990,CH4_AWB,0.000419629665724765
EU-15,FodderHerb,FodderHerbAEZ13,FodderHerbAEZ13,1990,CH4_AWB,4.51674958938291e-08
EU-15,FodderHerb,FodderHerbAEZ14,FodderHerbAEZ14,1990,CH4_AWB,9.36312193049002e-06
EU-15,FodderHerb,FodderHerbAEZ15,FodderHerbAEZ15,1990,CH4_AWB,7.10690402762123e-05
EU-15,FodderHerb,FodderHerbAEZ16,FodderHerbAEZ16,1990,CH4_AWB,1.57722411600444e-05
EU-15,MiscCrop,MiscCropAEZ04,MiscCropAEZ04,1990,CH4_AWB,1.21663691058914e-07
EU-15,MiscCrop,MiscCropAEZ08,MiscCropAEZ08,1990,CH4_AWB,9.91349083554262e-06
EU-15,MiscCrop,MiscCropAEZ09,MiscCropAEZ09,1990,CH4_AWB,0.000455002085341936
EU-15,MiscCrop,MiscCropAEZ10,MiscCropAEZ10,1990,CH4_AWB,0.000947557233757304
EU-15,MiscCrop,MiscCropAEZ11,MiscCropAEZ11,1990,CH4_AWB,0.00127592939881591
EU-15,MiscCrop,MiscCropAEZ12,MiscCropAEZ12,1990,CH4_AWB,0.000112675040725699
EU-15,MiscCrop,MiscCropAEZ13,MiscCropAEZ13,1990,CH4_AWB,8.06123565479439e-09
EU-15,MiscCrop,MiscCropAEZ14,MiscCropAEZ14,1990,CH4_AWB,5.09883316387156e-06
EU-15,MiscCrop,MiscCropAEZ15,MiscCropAEZ15,1990,CH4_AWB,2.57130723993451e-05
EU-15,MiscCrop,MiscCropAEZ16,MiscCropAEZ16,1990,CH4_AWB,5.84920549452836e-06
EU-15,OilCrop,OilCropAEZ04,OilCropAEZ04,1990,CH4_AWB,4.62967523631661e-07
EU-15,OilCrop,OilCropAEZ08,OilCropAEZ08,1990,CH4_AWB,5.57659802889668e-06
EU-15,OilCrop,OilCropAEZ09,OilCropAEZ09,1990,CH4_AWB,6.15852504795873e-05
EU-15,OilCrop,OilCropAEZ10,OilCropAEZ10,1990,CH4_AWB,0.000257241932656786
EU-15,OilCrop,OilCropAEZ11,OilCropAEZ11,1990,CH4_AWB,0.000157434026127672
EU-15,OilCrop,OilCropAEZ12,OilCropAEZ12,1990,CH4_AWB,1.52178950807278e-05
EU-15,OilCrop,OilCropAEZ13,OilCropAEZ13,1990,CH4_AWB,5.20895437024044e-10
EU-15,OilCrop,OilCropAEZ14,OilCropAEZ14,1990,CH4_AWB,1.32242329074479e-07
EU-15,OilCrop,OilCropAEZ15,OilCropAEZ15,1990,CH4_AWB,2.3869165242565e-06
EU-15,OilCrop,OilCropAEZ16,OilCropAEZ16,1990,CH4_AWB,1.5260499986681e-06
EU-15,OtherGrain,OtherGrainAEZ04,OtherGrainAEZ04,1990,CH4_AWB,3.79843144916391e-08
EU-15,OtherGrain,OtherGrainAEZ08,OtherGrainAEZ08,1990,CH4_AWB,9.15639857486424e-07
EU-15,OtherGrain,OtherGrainAEZ09,OtherGrainAEZ09,1990,CH4_AWB,0.000203048106283943
EU-15,OtherGrain,OtherGrainAEZ10,OtherGrainAEZ10,1990,CH4_AWB,0.000933066362714812
EU-15,OtherGrain,OtherGrainAEZ11,OtherGrainAEZ11,1990,CH4_AWB,0.000444035822645166
EU-15,OtherGrain,OtherGrainAEZ12,OtherGrainAEZ12,1990,CH4_AWB,9.03130234078693e-05
EU-15,OtherGrain,OtherGrainAEZ13,OtherGrainAEZ13,1990,CH4_AWB,6.61509830814999e-09
EU-15,OtherGrain,OtherGrainAEZ14,OtherGrainAEZ14,1990,CH4_AWB,2.85394241294471e-07
EU-15,OtherGrain,OtherGrainAEZ15,OtherGrainAEZ15,1990,CH4_AWB,6.03180413971184e-05
EU-15,OtherGrain,OtherGrainAEZ16,OtherGrainAEZ16,1990,CH4_AWB,1.59757249180833e-05
EU-15,PalmFruit,PalmFruitAEZ04,PalmFruitAEZ04,1990,CH4_AWB,0
EU-15,PalmFruit,PalmFruitAEZ08,PalmFruitAEZ08,1990,CH4_AWB,0
EU-15,PalmFruit,PalmFruitAEZ09,PalmFruitAEZ09,1990,CH4_AWB,0
EU-15,PalmFruit,PalmFruitAEZ10,PalmFruitAEZ10,1990,CH4_AWB,0
EU-15,PalmFruit,PalmFruitAEZ11,PalmFruitAEZ11,1990,CH4_AWB,0
EU-15,PalmFruit,PalmFruitAEZ12,PalmFruitAEZ12,1990,CH4_AWB,0
EU-15,PalmFruit,PalmFruitAEZ13,PalmFruitAEZ13,1990,CH4_AWB,0
EU-15,PalmFruit,PalmFruitAEZ14,PalmFruitAEZ14,1990,CH4_AWB,0
EU-15,PalmFruit,PalmFruitAEZ15,PalmFruitAEZ15,1990,CH4_AWB,0
EU-15,PalmFruit,PalmFruitAEZ16,PalmFruitAEZ16,1990,CH4_AWB,0
EU-15,Rice,RiceAEZ04,RiceAEZ04,1990,CH4_AWB,1.71276012163159e-08
EU-15,Rice,RiceAEZ08,RiceAEZ08,1990,CH4_AWB,4.13239503361933e-07
EU-15,Rice,RiceAEZ09,RiceAEZ09,1990,CH4_AWB,9.78140158596439e-06
EU-15,Rice,RiceAEZ10,RiceAEZ10,1990,CH4_AWB,1.37690500864699e-05
EU-15,Rice,RiceAEZ11,RiceAEZ11,1990,CH4_AWB,2.74905127994819e-05
EU-15,Rice,RiceAEZ12,RiceAEZ12,1990,CH4_AWB,3.86286169164378e-08
EU-15,Rice,RiceAEZ13,RiceAEZ13,1990,CH4_AWB,0
EU-15,Rice,RiceAEZ14,RiceAEZ14,1990,CH4_AWB,1.01436243423963e-07
EU-15,Rice,RiceAEZ15,RiceAEZ15,1990,CH4_AWB,2.08382603774659e-07
EU-15,Rice,RiceAEZ16,RiceAEZ16,1990,CH4_AWB,8.99343559929838e-08
EU-15,Root_Tuber,Root_TuberAEZ04,Root_TuberAEZ04,1990,CH4_AWB,2.51203326488589e-08
EU-15,Root_Tuber,Root_TuberAEZ08,Root_TuberAEZ08,1990,CH4_AWB,1.20230807899533e-06
EU-15,Root_Tuber,Root_TuberAEZ09,Root_TuberAEZ09,1990,CH4_AWB,5.37658464568848e-05
EU-15,Root_Tuber,Root_TuberAEZ10,Root_TuberAEZ10,1990,CH4_AWB,0.000466423175269717
EU-15,Root_Tuber,Root_TuberAEZ11,Root_TuberAEZ11,1990,CH4_AWB,0.000665563330099188
EU-15,Root_Tuber,Root_TuberAEZ12,Root_TuberAEZ12,1990,CH4_AWB,5.17203170029538e-05
EU-15,Root_Tuber,Root_TuberAEZ13,Root_TuberAEZ13,1990,CH4_AWB,9.58769076737197e-09
EU-15,Root_Tuber,Root_TuberAEZ14,Root_TuberAEZ14,1990,CH4_AWB,1.87732230770243e-07
EU-15,Root_Tuber,Root_TuberAEZ15,Root_TuberAEZ15,1990,CH4_AWB,1.61995546572053e-05
EU-15,Root_Tuber,Root_TuberAEZ16,Root_TuberAEZ16,1990,CH4_AWB,9.41059533638917e-06
EU-15,SugarCrop,SugarCropAEZ04,SugarCropAEZ04,1990,CH4_AWB,1.53176295622914e-07
EU-15,SugarCrop,SugarCropAEZ08,SugarCropAEZ08,1990,CH4_AWB,2.97594263685638e-06
EU-15,SugarCrop,SugarCropAEZ09,SugarCropAEZ09,1990,CH4_AWB,0.000164557858309589
EU-15,SugarCrop,SugarCropAEZ10,SugarCropAEZ10,1990,CH4_AWB,0.00108707044959932
EU-15,SugarCrop,SugarCropAEZ11,SugarCropAEZ11,1990,CH4_AWB,0.00146548160073558
EU-15,SugarCrop,SugarCropAEZ12,SugarCropAEZ12,1990,CH4_AWB,7.00409067225391e-05
EU-15,SugarCrop,SugarCropAEZ13,SugarCropAEZ13,1990,CH4_AWB,3.18386522520765e-08
EU-15,SugarCrop,SugarCropAEZ14,SugarCropAEZ14,1990,CH4_AWB,1.20911329213564e-06
EU-15,SugarCrop,SugarCropAEZ15,SugarCropAEZ15,1990,CH4_AWB,2.70928313148175e-05
EU-15,SugarCrop,SugarCropAEZ16,SugarCropAEZ16,1990,CH4_AWB,2.6790876774688e-06
EU-15,Wheat,WheatAEZ04,WheatAEZ04,1990,CH4_AWB,1.0545718287336e-07
EU-15,Wheat,WheatAEZ08,WheatAEZ08,1990,CH4_AWB,1.2904303456856e-06
EU-15,Wheat,WheatAEZ09,WheatAEZ09,1990,CH4_AWB,0.000101107463474297
EU-15,Wheat,WheatAEZ10,WheatAEZ10,1990,CH4_AWB,0.000967035793053949
EU-15,Wheat,WheatAEZ11,WheatAEZ11,1990,CH4_AWB,0.000945156542763434
EU-15,Wheat,WheatAEZ12,WheatAEZ12,1990,CH4_AWB,0.000140213639347201
EU-15,Wheat,WheatAEZ13,WheatAEZ13,1990,CH4_AWB,1.03533116113724e-08
EU-15,Wheat,WheatAEZ14,WheatAEZ14,1990,CH4_AWB,2.83914374829561e-07
EU-15,Wheat,WheatAEZ15,WheatAEZ15,1990,CH4_AWB,1.04280295372049e-05
EU-15,Wheat,WheatAEZ16,WheatAEZ16,1990,CH4_AWB,7.58006714959435e-06
EU-15,Corn,CornAEZ04,CornAEZ04,1990,CO_AWB,1.18896508817896e-06
EU-15,Corn,CornAEZ08,CornAEZ08,1990,CO_AWB,2.06127722940412e-05
EU-15,Corn,CornAEZ09,CornAEZ09,1990,CO_AWB,0.00253535238931195
EU-15,Corn,CornAEZ10,CornAEZ10,1990,CO_AWB,0.00880921138165357
EU-15,Corn,CornAEZ11,CornAEZ11,1990,CO_AWB,0.0154740627564724
EU-15,Corn,CornAEZ12,CornAEZ12,1990,CO_AWB,0.00341866043555331
EU-15,Corn,CornAEZ13,CornAEZ13,1990,CO_AWB,5.98526643028861e-08
EU-15,Corn,CornAEZ14,CornAEZ14,1990,CO_AWB,5.23031404028437e-05
EU-15,Corn,CornAEZ15,CornAEZ15,1990,CO_AWB,0.000414901904226758
EU-15,Corn,CornAEZ16,CornAEZ16,1990,CO_AWB,9.29471435634426e-05
EU-15,FiberCrop,FiberCropAEZ04,FiberCropAEZ04,1990,CO_AWB,8.55663205237572e-07
EU-15,FiberCrop,FiberCropAEZ08,FiberCropAEZ08,1990,CO_AWB,1.27406914286117e-05
EU-15,FiberCrop,FiberCropAEZ09,FiberCropAEZ09,1990,CO_AWB,0.000297119020715561
EU-15,FiberCrop,FiberCropAEZ10,FiberCropAEZ10,1990,CO_AWB,0.000763080446430867
EU-15,FiberCrop,FiberCropAEZ11,FiberCropAEZ11,1990,CO_AWB,5.63828573301233e-05
EU-15,FiberCrop,FiberCropAEZ12,FiberCropAEZ12,1990,CO_AWB,1.08796239572199e-05
EU-15,FiberCrop,FiberCropAEZ13,FiberCropAEZ13,1990,CO_AWB,0
EU-15,FiberCrop,FiberCropAEZ14,FiberCropAEZ14,1990,CO_AWB,0
EU-15,FiberCrop,FiberCropAEZ15,FiberCropAEZ15,1990,CO_AWB,0
EU-15,FiberCrop,FiberCropAEZ16,FiberCropAEZ16,1990,CO_AWB,1.53083495312035e-07
EU-15,FodderGrass,FodderGrassAEZ04,FodderGrassAEZ04,1990,CO_AWB,3.01973703131496e-06
EU-15,FodderGrass,FodderGrassAEZ08,FodderGrassAEZ08,1990,CO_AWB,7.54507059923247e-05
EU-15,FodderGrass,FodderGrassAEZ09,FodderGrassAEZ09,1990,CO_AWB,0.00356638295852046
EU-15,FodderGrass,FodderGrassAEZ10,FodderGrassAEZ10,1990,CO_AWB,0.0273996215877376
EU-15,FodderGrass,FodderGrassAEZ11,FodderGrassAEZ11,1990,CO_AWB,0.034890953015345
EU-15,FodderGrass,FodderGrassAEZ12,FodderGrassAEZ12,1990,CO_AWB,0.00937423322289742
EU-15,FodderGrass,FodderGrassAEZ13,FodderGrassAEZ13,1990,CO_AWB,2.14354540881332e-06
EU-15,FodderGrass,FodderGrassAEZ14,FodderGrassAEZ14,1990,CO_AWB,4.69932226589151e-05
EU-15,FodderGrass,FodderGrassAEZ15,FodderGrassAEZ15,1990,CO_AWB,0.00243046721513026
EU-15,FodderGrass,FodderGrassAEZ16,FodderGrassAEZ16,1990,CO_AWB,0.000916677778288446
EU-15,FodderHerb,FodderHerbAEZ04,FodderHerbAEZ04,1990,CO_AWB,1.17940867066324e-05
EU-15,FodderHerb,FodderHerbAEZ08,FodderHerbAEZ08,1990,CO_AWB,0.000402449751405083
EU-15,FodderHerb,FodderHerbAEZ09,FodderHerbAEZ09,1990,CO_AWB,0.0165538283366134
EU-15,FodderHerb,FodderHerbAEZ10,FodderHerbAEZ10,1990,CO_AWB,0.184895537510992
EU-15,FodderHerb,FodderHerbAEZ11,FodderHerbAEZ11,1990,CO_AWB,0.136557908643713
EU-15,FodderHerb,FodderHerbAEZ12,FodderHerbAEZ12,1990,CO_AWB,0.0179275424179757
EU-15,FodderHerb,FodderHerbAEZ13,FodderHerbAEZ13,1990,CO_AWB,1.9296590891681e-06
EU-15,FodderHerb,FodderHerbAEZ14,FodderHerbAEZ14,1990,CO_AWB,0.0004000140583093
EU-15,FodderHerb,FodderHerbAEZ15,FodderHerbAEZ15,1990,CO_AWB,0.00303623251219874
EU-15,FodderHerb,FodderHerbAEZ16,FodderHerbAEZ16,1990,CO_AWB,0.000673826341459612
EU-15,MiscCrop,MiscCropAEZ04,MiscCropAEZ04,1990,CO_AWB,5.19775211416241e-06
EU-15,MiscCrop,MiscCropAEZ08,MiscCropAEZ08,1990,CO_AWB,0.000423527081092911
EU-15,MiscCrop,MiscCropAEZ09,MiscCropAEZ09,1990,CO_AWB,0.0194387333677814
EU-15,MiscCrop,MiscCropAEZ10,MiscCropAEZ10,1990,CO_AWB,0.0404818197786469
EU-15,MiscCrop,MiscCropAEZ11,MiscCropAEZ11,1990,CO_AWB,0.054510632321733
EU-15,MiscCrop,MiscCropAEZ12,MiscCropAEZ12,1990,CO_AWB,0.00481373634194399
EU-15,MiscCrop,MiscCropAEZ13,MiscCropAEZ13,1990,CO_AWB,3.44394488633256e-07
EU-15,MiscCrop,MiscCropAEZ14,MiscCropAEZ14,1990,CO_AWB,0.000217833855167533
EU-15,MiscCrop,MiscCropAEZ15,MiscCropAEZ15,1990,CO_AWB,0.00109852146735043
EU-15,MiscCrop,MiscCropAEZ16,MiscCropAEZ16,1990,CO_AWB,0.000249891483323757
EU-15,OilCrop,OilCropAEZ04,OilCropAEZ04,1990,CO_AWB,1.9779035173113e-05
EU-15,OilCrop,OilCropAEZ08,OilCropAEZ08,1990,CO_AWB,0.00023824506672657
EU-15,OilCrop,OilCropAEZ09,OilCropAEZ09,1990,CO_AWB,0.00263106324570155
EU-15,OilCrop,OilCropAEZ10,OilCropAEZ10,1990,CO_AWB,0.0109899657628386
EU-15,OilCrop,OilCropAEZ11,OilCropAEZ11,1990,CO_AWB,0.00672594292532155
EU-15,OilCrop,OilCropAEZ12,OilCropAEZ12,1990,CO_AWB,0.000650143404663374
EU-15,OilCrop,OilCropAEZ13,OilCropAEZ13,1990,CO_AWB,2.2253848584441e-08
EU-15,OilCrop,OilCropAEZ14,OilCropAEZ14,1990,CO_AWB,5.64969580937495e-06
EU-15,OilCrop,OilCropAEZ15,OilCropAEZ15,1990,CO_AWB,0.000101974552163437
EU-15,OilCrop,OilCropAEZ16,OilCropAEZ16,1990,CO_AWB,6.5196358402884e-05
EU-15,OtherGrain,OtherGrainAEZ04,OtherGrainAEZ04,1990,CO_AWB,1.62277709344132e-06
EU-15,OtherGrain,OtherGrainAEZ08,OtherGrainAEZ08,1990,CO_AWB,3.91182362103155e-05
EU-15,OtherGrain,OtherGrainAEZ09,OtherGrainAEZ09,1990,CO_AWB,0.0086746811191433
EU-15,OtherGrain,OtherGrainAEZ10,OtherGrainAEZ10,1990,CO_AWB,0.0398627365095005
EU-15,OtherGrain,OtherGrainAEZ11,OtherGrainAEZ11,1990,CO_AWB,0.0189702294565447
EU-15,OtherGrain,OtherGrainAEZ12,OtherGrainAEZ12,1990,CO_AWB,0.00385837963873167
EU-15,OtherGrain,OtherGrainAEZ13,OtherGrainAEZ13,1990,CO_AWB,2.82612182133527e-07
EU-15,OtherGrain,OtherGrainAEZ14,OtherGrainAEZ14,1990,CO_AWB,1.21926970006179e-05
EU-15,OtherGrain,OtherGrainAEZ15,OtherGrainAEZ15,1990,CO_AWB,0.00257692516530829
EU-15,OtherGrain,OtherGrainAEZ16,OtherGrainAEZ16,1990,CO_AWB,0.000682519634621599
EU-15,PalmFruit,PalmFruitAEZ04,PalmFruitAEZ04,1990,CO_AWB,0
EU-15,PalmFruit,PalmFruitAEZ08,PalmFruitAEZ08,1990,CO_AWB,0
EU-15,PalmFruit,PalmFruitAEZ09,PalmFruitAEZ09,1990,CO_AWB,0
EU-15,PalmFruit,PalmFruitAEZ10,PalmFruitAEZ10,1990,CO_AWB,0
EU-15,PalmFruit,PalmFruitAEZ11,PalmFruitAEZ11,1990,CO_AWB,0
EU-15,PalmFruit,PalmFruitAEZ12,PalmFruitAEZ12,1990,CO_AWB,0
EU-15,PalmFruit,PalmFruitAEZ13,PalmFruitAEZ13,1990,CO_AWB,0
EU-15,PalmFruit,PalmFruitAEZ14,PalmFruitAEZ14,1990,CO_AWB,0
EU-15,PalmFruit,PalmFruitAEZ15,PalmFruitAEZ15,1990,CO_AWB,0
EU-15,PalmFruit,PalmFruitAEZ16,PalmFruitAEZ16,1990,CO_AWB,0
EU-15,Rice,RiceAEZ04,RiceAEZ04,1990,CO_AWB,7.31730433770316e-07
EU-15,Rice,RiceAEZ08,RiceAEZ08,1990,CO_AWB,1.76545400156799e-05
EU-15,Rice,RiceAEZ09,RiceAEZ09,1990,CO_AWB,0.000417883925190951
EU-15,Rice,RiceAEZ10,RiceAEZ10,1990,CO_AWB,0.000588245421243233
EU-15,Rice,RiceAEZ11,RiceAEZ11,1990,CO_AWB,0.00117445780067386
EU-15,Rice,RiceAEZ12,RiceAEZ12,1990,CO_AWB,1.65030317177669e-06
EU-15,Rice,RiceAEZ13,RiceAEZ13,1990,CO_AWB,0
EU-15,Rice,RiceAEZ14,RiceAEZ14,1990,CO_AWB,4.33358912688494e-06
EU-15,Rice,RiceAEZ15,RiceAEZ15,1990,CO_AWB,8.90258309523029e-06
EU-15,Rice,RiceAEZ16,RiceAEZ16,1990,CO_AWB,3.84220209768261e-06
EU-15,Root_Tuber,Root_TuberAEZ04,Root_TuberAEZ04,1990,CO_AWB,1.07319826480394e-06
EU-15,Root_Tuber,Root_TuberAEZ08,Root_TuberAEZ08,1990,CO_AWB,5.13653605696248e-05
EU-15,Root_Tuber,Root_TuberAEZ09,Root_TuberAEZ09,1990,CO_AWB,0.0022970003594226
EU-15,Root_Tuber,Root_TuberAEZ10,Root_TuberAEZ10,1990,CO_AWB,0.0199266685422076
EU-15,Root_Tuber,Root_TuberAEZ11,Root_TuberAEZ11,1990,CO_AWB,0.028434393006019
EU-15,Root_Tuber,Root_TuberAEZ12,Root_TuberAEZ12,1990,CO_AWB,0.00220961064642595
EU-15,Root_Tuber,Root_TuberAEZ13,Root_TuberAEZ13,1990,CO_AWB,4.09608154432136e-07
EU-15,Root_Tuber,Root_TuberAEZ14,Root_TuberAEZ14,1990,CO_AWB,8.020351765507e-06
EU-15,Root_Tuber,Root_TuberAEZ15,Root_TuberAEZ15,1990,CO_AWB,0.000692082154791815
EU-15,Root_Tuber,Root_TuberAEZ16,Root_TuberAEZ16,1990,CO_AWB,0.000402042231166223
EU-15,SugarCrop,SugarCropAEZ04,SugarCropAEZ04,1990,CO_AWB,6.54404290617842e-06
EU-15,SugarCrop,SugarCropAEZ08,SugarCropAEZ08,1990,CO_AWB,0.000127139099576192
EU-15,SugarCrop,SugarCropAEZ09,SugarCropAEZ09,1990,CO_AWB,0.00703028938614498
EU-15,SugarCrop,SugarCropAEZ10,SugarCropAEZ10,1990,CO_AWB,0.0464421445582503
EU-15,SugarCrop,SugarCropAEZ11,SugarCropAEZ11,1990,CO_AWB,0.0626087374317864
EU-15,SugarCrop,SugarCropAEZ12,SugarCropAEZ12,1990,CO_AWB,0.00299230828710139
EU-15,SugarCrop,SugarCropAEZ13,SugarCropAEZ13,1990,CO_AWB,1.36022029756747e-06
EU-15,SugarCrop,SugarCropAEZ14,SugarCropAEZ14,1990,CO_AWB,5.16560948937234e-05
EU-15,SugarCrop,SugarCropAEZ15,SugarCropAEZ15,1990,CO_AWB,0.00115746793492438
EU-15,SugarCrop,SugarCropAEZ16,SugarCropAEZ16,1990,CO_AWB,0.000114456774394974
EU-15,Wheat,WheatAEZ04,WheatAEZ04,1990,CO_AWB,4.50537288868043e-06
EU-15,Wheat,WheatAEZ08,WheatAEZ08,1990,CO_AWB,5.51301460533424e-05
EU-15,Wheat,WheatAEZ09,WheatAEZ09,1990,CO_AWB,0.00431954289284753
EU-15,Wheat,WheatAEZ10,WheatAEZ10,1990,CO_AWB,0.0413139885373273
EU-15,Wheat,WheatAEZ11,WheatAEZ11,1990,CO_AWB,0.0403792567495276
EU-15,Wheat,WheatAEZ12,WheatAEZ12,1990,CO_AWB,0.00599024847929701
EU-15,Wheat,WheatAEZ13,WheatAEZ13,1990,CO_AWB,4.42317234075488e-07
EU-15,Wheat,WheatAEZ14,WheatAEZ14,1990,CO_AWB,1.21294737087736e-05
EU-15,Wheat,WheatAEZ15,WheatAEZ15,1990,CO_AWB,0.000445509355353263
EU-15,Wheat,WheatAEZ16,WheatAEZ16,1990,CO_AWB,0.000323837865754201
EU-15,Corn,CornAEZ04,CornAEZ04,1990,N2O_AWB,7.22279806528166e-10
EU-15,Corn,CornAEZ08,CornAEZ08,1990,N2O_AWB,1.25219733805239e-08
EU-15,Corn,CornAEZ09,CornAEZ09,1990,N2O_AWB,1.54019142482788e-06
EU-15,Corn,CornAEZ10,CornAEZ10,1990,N2O_AWB,5.35147377804987e-06
EU-15,Corn,CornAEZ11,CornAEZ11,1990,N2O_AWB,9.40027858266878e-06
EU-15,Corn,CornAEZ12,CornAEZ12,1990,N2O_AWB,2.07678881619548e-06
EU-15,Corn,CornAEZ13,CornAEZ13,1990,N2O_AWB,3.63596637299891e-11
EU-15,Corn,CornAEZ14,CornAEZ14,1990,N2O_AWB,3.17734326319388e-08
EU-15,Corn,CornAEZ15,CornAEZ15,1990,N2O_AWB,2.52047154363513e-07
EU-15,Corn,CornAEZ16,CornAEZ16,1990,N2O_AWB,5.64641010386371e-08
EU-15,FiberCrop,FiberCropAEZ04,FiberCropAEZ04,1990,N2O_AWB,5.19803533742817e-10
EU-15,FiberCrop,FiberCropAEZ08,FiberCropAEZ08,1990,N2O_AWB,7.73979339812844e-09
EU-15,FiberCrop,FiberCropAEZ09,FiberCropAEZ09,1990,N2O_AWB,1.80495685644532e-07
EU-15,FiberCrop,FiberCropAEZ10,FiberCropAEZ10,1990,N2O_AWB,4.63560791391844e-07
EU-15,FiberCrop,FiberCropAEZ11,FiberCropAEZ11,1990,N2O_AWB,3.42518041015658e-08
EU-15,FiberCrop,FiberCropAEZ12,FiberCropAEZ12,1990,N2O_AWB,6.60922071223777e-09
EU-15,FiberCrop,FiberCropAEZ13,FiberCropAEZ13,1990,N2O_AWB,0
EU-15,FiberCrop,FiberCropAEZ14,FiberCropAEZ14,1990,N2O_AWB,0
EU-15,FiberCrop,FiberCropAEZ15,FiberCropAEZ15,1990,N2O_AWB,0
EU-15,FiberCrop,FiberCropAEZ16,FiberCropAEZ16,1990,N2O_AWB,9.29961009586762e-11
EU-15,FodderGrass,FodderGrassAEZ04,FodderGrassAEZ04,1990,N2O_AWB,1.83444837903921e-09
EU-15,FodderGrass,FodderGrassAEZ08,FodderGrassAEZ08,1990,N2O_AWB,4.58352577955149e-08
EU-15,FodderGrass,FodderGrassAEZ09,FodderGrassAEZ09,1990,N2O_AWB,2.16652820078245e-06
EU-15,FodderGrass,FodderGrassAEZ10,FodderGrassAEZ10,1990,N2O_AWB,1.6644890229407e-05
EU-15,FodderGrass,FodderGrassAEZ11,FodderGrassAEZ11,1990,N2O_AWB,2.11957702072691e-05
EU-15,FodderGrass,FodderGrassAEZ12,FodderGrassAEZ12,1990,N2O_AWB,5.69471671279647e-06
EU-15,FodderGrass,FodderGrassAEZ13,FodderGrassAEZ13,1990,N2O_AWB,1.30217411642703e-09
EU-15,FodderGrass,FodderGrassAEZ14,FodderGrassAEZ14,1990,N2O_AWB,2.85477312224556e-08
EU-15,FodderGrass,FodderGrassAEZ15,FodderGrassAEZ15,1990,N2O_AWB,1.47647513570483e-06
EU-15,FodderGrass,FodderGrassAEZ16,FodderGrassAEZ16,1990,N2O_AWB,5.56869040927794e-07
EU-15,FodderHerb,FodderHerbAEZ04,FodderHerbAEZ04,1990,N2O_AWB,7.16474415383391e-09
EU-15,FodderHerb,FodderHerbAEZ08,FodderHerbAEZ08,1990,N2O_AWB,2.44482644168622e-07
EU-15,FodderHerb,FodderHerbAEZ09,FodderHerbAEZ09,1990,N2O_AWB,1.00562212020727e-05
EU-15,FodderHerb,FodderHerbAEZ10,FodderHerbAEZ10,1990,N2O_AWB,0.000112321475532896
EU-15,FodderHerb,FodderHerbAEZ11,FodderHerbAEZ11,1990,N2O_AWB,8.29570361785308e-05
EU-15,FodderHerb,FodderHerbAEZ12,FodderHerbAEZ12,1990,N2O_AWB,1.08907334604866e-05
EU-15,FodderHerb,FodderHerbAEZ13,FodderHerbAEZ13,1990,N2O_AWB,1.17224114269356e-09
EU-15,FodderHerb,FodderHerbAEZ14,FodderHerbAEZ14,1990,N2O_AWB,2.43002994382876e-07
EU-15,FodderHerb,FodderHerbAEZ15,FodderHerbAEZ15,1990,N2O_AWB,1.84446915497265e-06
EU-15,FodderHerb,FodderHerbAEZ16,FodderHerbAEZ16,1990,N2O_AWB,4.09340160095411e-07
EU-15,MiscCrop,MiscCropAEZ04,MiscCropAEZ04,1990,N2O_AWB,3.15756234453329e-09
EU-15,MiscCrop,MiscCropAEZ08,MiscCropAEZ08,1990,N2O_AWB,2.57286829724963e-07
EU-15,MiscCrop,MiscCropAEZ09,MiscCropAEZ09,1990,N2O_AWB,1.18087610104162e-05
EU-15,MiscCrop,MiscCropAEZ10,MiscCropAEZ10,1990,N2O_AWB,2.45921442507722e-05
EU-15,MiscCrop,MiscCropAEZ11,MiscCropAEZ11,1990,N2O_AWB,3.31144533666434e-05
EU-15,MiscCrop,MiscCropAEZ12,MiscCropAEZ12,1990,N2O_AWB,2.92427808714058e-06
EU-15,MiscCrop,MiscCropAEZ13,MiscCropAEZ13,1990,N2O_AWB,2.09214876948475e-10
EU-15,MiscCrop,MiscCropAEZ14,MiscCropAEZ14,1990,N2O_AWB,1.32331046832224e-07
EU-15,MiscCrop,MiscCropAEZ15,MiscCropAEZ15,1990,N2O_AWB,6.67336560840614e-07
EU-15,MiscCrop,MiscCropAEZ16,MiscCropAEZ16,1990,N2O_AWB,1.5180561147053e-07
EU-15,OilCrop,OilCropAEZ04,OilCropAEZ04,1990,N2O_AWB,1.20154896390024e-08
EU-15,OilCrop,OilCropAEZ08,OilCropAEZ08,1990,N2O_AWB,1.44730574860795e-07
EU-15,OilCrop,OilCropAEZ09,OilCropAEZ09,1990,N2O_AWB,1.5983344430906e-06
EU-15,OilCrop,OilCropAEZ10,OilCropAEZ10,1990,N2O_AWB,6.67625182930473e-06
EU-15,OilCrop,OilCropAEZ11,OilCropAEZ11,1990,N2O_AWB,4.08591707453862e-06
EU-15,OilCrop,OilCropAEZ12,OilCropAEZ12,1990,N2O_AWB,3.94953104346444e-07
EU-15,OilCrop,OilCropAEZ13,OilCropAEZ13,1990,N2O_AWB,1.35189044740545e-11
EU-15,OilCrop,OilCropAEZ14,OilCropAEZ14,1990,N2O_AWB,3.43211187335057e-09
EU-15,OilCrop,OilCropAEZ15,OilCropAEZ15,1990,N2O_AWB,6.1948126601609e-08
EU-15,OilCrop,OilCropAEZ16,OilCropAEZ16,1990,N2O_AWB,3.96058838074883e-08
EU-15,OtherGrain,OtherGrainAEZ04,OtherGrainAEZ04,1990,N2O_AWB,9.85814585089581e-10
EU-15,OtherGrain,OtherGrainAEZ08,OtherGrainAEZ08,1990,N2O_AWB,2.37637861385691e-08
EU-15,OtherGrain,OtherGrainAEZ09,OtherGrainAEZ09,1990,N2O_AWB,5.26974850878487e-06
EU-15,OtherGrain,OtherGrainAEZ10,OtherGrainAEZ10,1990,N2O_AWB,2.42160597481156e-05
EU-15,OtherGrain,OtherGrainAEZ11,OtherGrainAEZ11,1990,N2O_AWB,1.15241513799652e-05
EU-15,OtherGrain,OtherGrainAEZ12,OtherGrainAEZ12,1990,N2O_AWB,2.34391213558985e-06
EU-15,OtherGrain,OtherGrainAEZ13,OtherGrainAEZ13,1990,N2O_AWB,1.71682982337646e-10
EU-15,OtherGrain,OtherGrainAEZ14,OtherGrainAEZ14,1990,N2O_AWB,7.40689438085272e-09
EU-15,OtherGrain,OtherGrainAEZ15,OtherGrainAEZ15,1990,N2O_AWB,1.56544630985522e-06
EU-15,OtherGrain,OtherGrainAEZ16,OtherGrainAEZ16,1990,N2O_AWB,4.14621215162175e-07
EU-15,PalmFruit,PalmFruitAEZ04,PalmFruitAEZ04,1990,N2O_AWB,0
EU-15,PalmFruit,PalmFruitAEZ08,PalmFruitAEZ08,1990,N2O_AWB,0
EU-15,PalmFruit,PalmFruitAEZ09,PalmFruitAEZ09,1990,N2O_AWB,0
EU-15,PalmFruit,PalmFruitAEZ10,PalmFruitAEZ10,1990,N2O_AWB,0
EU-15,PalmFruit,PalmFruitAEZ11,PalmFruitAEZ11,1990,N2O_AWB,0
EU-15,PalmFruit,PalmFruitAEZ12,PalmFruitAEZ12,1990,N2O_AWB,0
EU-15,PalmFruit,PalmFruitAEZ13,PalmFruitAEZ13,1990,N2O_AWB,0
EU-15,PalmFruit,PalmFruitAEZ14,PalmFruitAEZ14,1990,N2O_AWB,0
EU-15,PalmFruit,PalmFruitAEZ15,PalmFruitAEZ15,1990,N2O_AWB,0
EU-15,PalmFruit,PalmFruitAEZ16,PalmFruitAEZ16,1990,N2O_AWB,0
EU-15,Rice,RiceAEZ04,RiceAEZ04,1990,N2O_AWB,4.44516093356346e-10
EU-15,Rice,RiceAEZ08,RiceAEZ08,1990,N2O_AWB,1.07248882861645e-08
EU-15,Rice,RiceAEZ09,RiceAEZ09,1990,N2O_AWB,2.53858690754694e-07
EU-15,Rice,RiceAEZ10,RiceAEZ10,1990,N2O_AWB,3.57350937610281e-07
EU-15,Rice,RiceAEZ11,RiceAEZ11,1990,N2O_AWB,7.13466830506741e-07
EU-15,Rice,RiceAEZ12,RiceAEZ12,1990,N2O_AWB,1.0025362960399e-09
EU-15,Rice,RiceAEZ13,RiceAEZ13,1990,N2O_AWB,0
EU-15,Rice,RiceAEZ14,RiceAEZ14,1990,N2O_AWB,2.63259531104742e-09
EU-15,Rice,RiceAEZ15,RiceAEZ15,1990,N2O_AWB,5.40819579948507e-09
EU-15,Rice,RiceAEZ16,RiceAEZ16,1990,N2O_AWB,2.33408450369789e-09
EU-15,Root_Tuber,Root_TuberAEZ04,Root_TuberAEZ04,1990,N2O_AWB,6.51953066390022e-10
EU-15,Root_Tuber,Root_TuberAEZ08,Root_TuberAEZ08,1990,N2O_AWB,3.12037443852126e-08
EU-15,Root_Tuber,Root_TuberAEZ09,Root_TuberAEZ09,1990,N2O_AWB,1.3953958713287e-06
EU-15,Root_Tuber,Root_TuberAEZ10,Root_TuberAEZ10,1990,N2O_AWB,1.21051748638478e-05
EU-15,Root_Tuber,Root_TuberAEZ11,Root_TuberAEZ11,1990,N2O_AWB,1.7273499519308e-05
EU-15,Root_Tuber,Root_TuberAEZ12,Root_TuberAEZ12,1990,N2O_AWB,1.34230783230777e-06
EU-15,Root_Tuber,Root_TuberAEZ13,Root_TuberAEZ13,1990,N2O_AWB,2.48831274759071e-10
EU-15,Root_Tuber,Root_TuberAEZ14,Root_TuberAEZ14,1990,N2O_AWB,4.87225249847394e-09
EU-15,Root_Tuber,Root_TuberAEZ15,Root_TuberAEZ15,1990,N2O_AWB,4.20430313584941e-07
EU-15,Root_Tuber,Root_TuberAEZ16,Root_TuberAEZ16,1990,N2O_AWB,2.44235081273626e-07
EU-15,SugarCrop,SugarCropAEZ04,SugarCropAEZ04,1990,N2O_AWB,3.9754153348825e-09
EU-15,SugarCrop,SugarCropAEZ08,SugarCropAEZ08,1990,N2O_AWB,7.72352402581524e-08
EU-15,SugarCrop,SugarCropAEZ09,SugarCropAEZ09,1990,N2O_AWB,4.27080332984303e-06
EU-15,SugarCrop,SugarCropAEZ10,SugarCropAEZ10,1990,N2O_AWB,2.82129589167862e-05
EU-15,SugarCrop,SugarCropAEZ11,SugarCropAEZ11,1990,N2O_AWB,3.80339399439093e-05
EU-15,SugarCrop,SugarCropAEZ12,SugarCropAEZ12,1990,N2O_AWB,1.81778579721838e-06
EU-15,SugarCrop,SugarCropAEZ13,SugarCropAEZ13,1990,N2O_AWB,8.26314971844522e-10
EU-15,SugarCrop,SugarCropAEZ14,SugarCropAEZ14,1990,N2O_AWB,3.13803614561837e-08
EU-15,SugarCrop,SugarCropAEZ15,SugarCropAEZ15,1990,N2O_AWB,7.03145722621841e-07
EU-15,SugarCrop,SugarCropAEZ16,SugarCropAEZ16,1990,N2O_AWB,6.95309035460902e-08
EU-15,Wheat,WheatAEZ04,WheatAEZ04,1990,N2O_AWB,2.73695156462284e-09
EU-15,Wheat,WheatAEZ08,WheatAEZ08,1990,N2O_AWB,3.34907993692781e-08
EU-15,Wheat,WheatAEZ09,WheatAEZ09,1990,N2O_AWB,2.62406241861529e-06
EU-15,Wheat,WheatAEZ10,WheatAEZ10,1990,N2O_AWB,2.5097675233973e-05
EU-15,Wheat,WheatAEZ11,WheatAEZ11,1990,N2O_AWB,2.45298386325789e-05
EU-15,Wheat,WheatAEZ12,WheatAEZ12,1990,N2O_AWB,3.63899289869733e-06
EU-15,Wheat,WheatAEZ13,WheatAEZ13,1990,N2O_AWB,2.68701587143684e-10
EU-15,Wheat,WheatAEZ14,WheatAEZ14,1990,N2O_AWB,7.36848710762382e-09
EU-15,Wheat,WheatAEZ15,WheatAEZ15,1990,N2O_AWB,2.70640756562407e-07
EU-15,Wheat,WheatAEZ16,WheatAEZ16,1990,N2O_AWB,1.96727013559066e-07
EU-15,Corn,CornAEZ04,CornAEZ04,1990,NH3_AWB,1.34008681083213e-08
EU-15,Corn,CornAEZ08,CornAEZ08,1990,NH3_AWB,2.32327295061609e-07
EU-15,Corn,CornAEZ09,CornAEZ09,1990,NH3_AWB,2.85760476191315e-05
EU-15,Corn,CornAEZ10,CornAEZ10,1990,NH3_AWB,9.92889371080454e-05
EU-15,Corn,CornAEZ11,CornAEZ11,1990,NH3_AWB,0.000174408715748735
EU-15,Corn,CornAEZ12,CornAEZ12,1990,NH3_AWB,3.85318442563812e-05
EU-15,Corn,CornAEZ13,CornAEZ13,1990,NH3_AWB,6.74601523820253e-10
EU-15,Corn,CornAEZ14,CornAEZ14,1990,NH3_AWB,5.89510569450817e-07
EU-15,Corn,CornAEZ15,CornAEZ15,1990,NH3_AWB,4.67637422806922e-06
EU-15,Corn,CornAEZ16,CornAEZ16,1990,NH3_AWB,1.04761058530881e-06
EU-15,FiberCrop,FiberCropAEZ04,FiberCropAEZ04,1990,NH3_AWB,9.64421064380844e-09
EU-15,FiberCrop,FiberCropAEZ08,FiberCropAEZ08,1990,NH3_AWB,1.43600789578395e-07
EU-15,FiberCrop,FiberCropAEZ09,FiberCropAEZ09,1990,NH3_AWB,3.348839127969e-06
EU-15,FiberCrop,FiberCropAEZ10,FiberCropAEZ10,1990,NH3_AWB,8.60070705214837e-06
EU-15,FiberCrop,FiberCropAEZ11,FiberCropAEZ11,1990,NH3_AWB,6.35493205110453e-07
EU-15,FiberCrop,FiberCropAEZ12,FiberCropAEZ12,1990,NH3_AWB,1.22624631428111e-07
EU-15,FiberCrop,FiberCropAEZ13,FiberCropAEZ13,1990,NH3_AWB,0
EU-15,FiberCrop,FiberCropAEZ14,FiberCropAEZ14,1990,NH3_AWB,0
EU-15,FiberCrop,FiberCropAEZ15,FiberCropAEZ15,1990,NH3_AWB,0
EU-15,FiberCrop,FiberCropAEZ16,FiberCropAEZ16,1990,NH3_AWB,1.72540956049386e-09
EU-15,FodderGrass,FodderGrassAEZ04,FodderGrassAEZ04,1990,NH3_AWB,3.40355642741754e-08
EU-15,FodderGrass,FodderGrassAEZ08,FodderGrassAEZ08,1990,NH3_AWB,8.50407610564493e-07
EU-15,FodderGrass,FodderGrassAEZ09,FodderGrassAEZ09,1990,NH3_AWB,4.01968301054975e-05
EU-15,FodderGrass,FodderGrassAEZ10,FodderGrassAEZ10,1990,NH3_AWB,0.000308822116617034
EU-15,FodderGrass,FodderGrassAEZ11,FodderGrassAEZ11,1990,NH3_AWB,0.000393257181544675
EU-15,FodderGrass,FodderGrassAEZ12,FodderGrassAEZ12,1990,NH3_AWB,0.000105657318524885
EU-15,FodderGrass,FodderGrassAEZ13,FodderGrassAEZ13,1990,NH3_AWB,2.41599771038705e-08
EU-15,FodderGrass,FodderGrassAEZ14,FodderGrassAEZ14,1990,NH3_AWB,5.29662296309839e-07
EU-15,FodderGrass,FodderGrassAEZ15,FodderGrassAEZ15,1990,NH3_AWB,2.73938830629964e-05
EU-15,FodderGrass,FodderGrassAEZ16,FodderGrassAEZ16,1990,NH3_AWB,1.03319080827573e-05
EU-15,FodderHerb,FodderHerbAEZ04,FodderHerbAEZ04,1990,NH3_AWB,1.32931573841045e-07
EU-15,FodderHerb,FodderHerbAEZ08,FodderHerbAEZ08,1990,NH3_AWB,4.53602556746767e-06
EU-15,FodderHerb,FodderHerbAEZ09,FodderHerbAEZ09,1990,NH3_AWB,0.000186578792289448
EU-15,FodderHerb,FodderHerbAEZ10,FodderHerbAEZ10,1990,NH3_AWB,0.00208396422791267
EU-15,FodderHerb,FodderHerbAEZ11,FodderHerbAEZ11,1990,NH3_AWB,0.0015391490810596
EU-15,FodderHerb,FodderHerbAEZ12,FodderHerbAEZ12,1990,NH3_AWB,0.000202061972919315
EU-15,FodderHerb,FodderHerbAEZ13,FodderHerbAEZ13,1990,NH3_AWB,2.17492567318115e-08
EU-15,FodderHerb,FodderHerbAEZ14,FodderHerbAEZ14,1990,NH3_AWB,4.5085727833166e-06
EU-15,FodderHerb,FodderHerbAEZ15,FodderHerbAEZ15,1990,NH3_AWB,3.42214854302333e-05
EU-15,FodderHerb,FodderHerbAEZ16,FodderHerbAEZ16,1990,NH3_AWB,7.59472083713008e-06
EU-15,MiscCrop,MiscCropAEZ04,MiscCropAEZ04,1990,NH3_AWB,5.85840503090992e-08
EU-15,MiscCrop,MiscCropAEZ08,MiscCropAEZ08,1990,NH3_AWB,4.77358890555929e-06
EU-15,MiscCrop,MiscCropAEZ09,MiscCropAEZ09,1990,NH3_AWB,0.000219094660259069
EU-15,MiscCrop,MiscCropAEZ10,MiscCropAEZ10,1990,NH3_AWB,0.000456272041149139
EU-15,MiscCrop,MiscCropAEZ11,MiscCropAEZ11,1990,NH3_AWB,0.000614391289960895
EU-15,MiscCrop,MiscCropAEZ12,MiscCropAEZ12,1990,NH3_AWB,5.42557947815159e-05
EU-15,MiscCrop,MiscCropAEZ13,MiscCropAEZ13,1990,NH3_AWB,3.88168262070312e-09
EU-15,MiscCrop,MiscCropAEZ14,MiscCropAEZ14,1990,NH3_AWB,2.45521318636724e-06
EU-15,MiscCrop,MiscCropAEZ15,MiscCropAEZ15,1990,NH3_AWB,1.23814748174565e-05
EU-15,MiscCrop,MiscCropAEZ16,MiscCropAEZ16,1990,NH3_AWB,2.8165358619095e-06
EU-15,OilCrop,OilCropAEZ04,OilCropAEZ04,1990,NH3_AWB,2.22930214099642e-07
EU-15,OilCrop,OilCropAEZ08,OilCropAEZ08,1990,NH3_AWB,2.6852686831629e-06
EU-15,OilCrop,OilCropAEZ09,OilCropAEZ09,1990,NH3_AWB,2.9654808110725e-05
EU-15,OilCrop,OilCropAEZ10,OilCropAEZ10,1990,NH3_AWB,0.000123868297872679
EU-15,OilCrop,OilCropAEZ11,OilCropAEZ11,1990,NH3_AWB,7.5808343695256e-05
EU-15,OilCrop,OilCropAEZ12,OilCropAEZ12,1990,NH3_AWB,7.32778960796321e-06
EU-15,OilCrop,OilCropAEZ13,OilCropAEZ13,1990,NH3_AWB,2.50823924728865e-10
EU-15,OilCrop,OilCropAEZ14,OilCropAEZ14,1990,NH3_AWB,6.36779238905402e-08
EU-15,OilCrop,OilCropAEZ15,OilCropAEZ15,1990,NH3_AWB,1.14935883108257e-06
EU-15,OilCrop,OilCropAEZ16,OilCropAEZ16,1990,NH3_AWB,7.34830491480662e-07
EU-15,OtherGrain,OtherGrainAEZ04,OtherGrainAEZ04,1990,NH3_AWB,1.82903787626933e-08
EU-15,OtherGrain,OtherGrainAEZ08,OtherGrainAEZ08,1990,NH3_AWB,4.4090304189461e-07
EU-15,OtherGrain,OtherGrainAEZ09,OtherGrainAEZ09,1990,NH3_AWB,9.77726416992045e-05
EU-15,OtherGrain,OtherGrainAEZ10,OtherGrainAEZ10,1990,NH3_AWB,0.000449294331441442
EU-15,OtherGrain,OtherGrainAEZ11,OtherGrainAEZ11,1990,NH3_AWB,0.000213814135889483
EU-15,OtherGrain,OtherGrainAEZ12,OtherGrainAEZ12,1990,NH3_AWB,4.34879351501134e-05
EU-15,OtherGrain,OtherGrainAEZ13,OtherGrainAEZ13,1990,NH3_AWB,3.18533203054506e-09
EU-15,OtherGrain,OtherGrainAEZ14,OtherGrainAEZ14,1990,NH3_AWB,1.37424324746372e-07
EU-15,OtherGrain,OtherGrainAEZ15,OtherGrainAEZ15,1990,NH3_AWB,2.90446158668981e-05
EU-15,OtherGrain,OtherGrainAEZ16,OtherGrainAEZ16,1990,NH3_AWB,7.69270325583102e-06
EU-15,PalmFruit,PalmFruitAEZ04,PalmFruitAEZ04,1990,NH3_AWB,0
EU-15,PalmFruit,PalmFruitAEZ08,PalmFruitAEZ08,1990,NH3_AWB,0
EU-15,PalmFruit,PalmFruitAEZ09,PalmFruitAEZ09,1990,NH3_AWB,0
EU-15,PalmFruit,PalmFruitAEZ10,PalmFruitAEZ10,1990,NH3_AWB,0
EU-15,PalmFruit,PalmFruitAEZ11,PalmFruitAEZ11,1990,NH3_AWB,0
EU-15,PalmFruit,PalmFruitAEZ12,PalmFruitAEZ12,1990,NH3_AWB,0
EU-15,PalmFruit,PalmFruitAEZ13,PalmFruitAEZ13,1990,NH3_AWB,0
EU-15,PalmFruit,PalmFruitAEZ14,PalmFruitAEZ14,1990,NH3_AWB,0
EU-15,PalmFruit,PalmFruitAEZ15,PalmFruitAEZ15,1990,NH3_AWB,0
EU-15,PalmFruit,PalmFruitAEZ16,PalmFruitAEZ16,1990,NH3_AWB,0
EU-15,Rice,RiceAEZ04,RiceAEZ04,1990,NH3_AWB,8.24735993621102e-09
EU-15,Rice,RiceAEZ08,RiceAEZ08,1990,NH3_AWB,1.9898495306163e-07
EU-15,Rice,RiceAEZ09,RiceAEZ09,1990,NH3_AWB,4.70998469319954e-06
EU-15,Rice,RiceAEZ10,RiceAEZ10,1990,NH3_AWB,6.63013521909059e-06
EU-15,Rice,RiceAEZ11,RiceAEZ11,1990,NH3_AWB,1.32373559510694e-05
EU-15,Rice,RiceAEZ12,RiceAEZ12,1990,NH3_AWB,1.86006261778437e-08
EU-15,Rice,RiceAEZ13,RiceAEZ13,1990,NH3_AWB,0
EU-15,Rice,RiceAEZ14,RiceAEZ14,1990,NH3_AWB,4.88440383173802e-08
EU-15,Rice,RiceAEZ15,RiceAEZ15,1990,NH3_AWB,1.00341333037186e-07
EU-15,Rice,RiceAEZ16,RiceAEZ16,1990,NH3_AWB,4.3305597505324e-08
EU-15,Root_Tuber,Root_TuberAEZ04,Root_TuberAEZ04,1990,NH3_AWB,1.20960560942495e-08
EU-15,Root_Tuber,Root_TuberAEZ08,Root_TuberAEZ08,1990,NH3_AWB,5.78940819350873e-07
EU-15,Root_Tuber,Root_TuberAEZ09,Root_TuberAEZ09,1990,NH3_AWB,2.58895733503284e-05
EU-15,Root_Tuber,Root_TuberAEZ10,Root_TuberAEZ10,1990,NH3_AWB,0.000224594195092267
EU-15,Root_Tuber,Root_TuberAEZ11,Root_TuberAEZ11,1990,NH3_AWB,0.000320485062347332
EU-15,Root_Tuber,Root_TuberAEZ12,Root_TuberAEZ12,1990,NH3_AWB,2.49046007640553e-05
EU-15,Root_Tuber,Root_TuberAEZ13,Root_TuberAEZ13,1990,NH3_AWB,4.61670818446416e-09
EU-15,Root_Tuber,Root_TuberAEZ14,Root_TuberAEZ14,1990,NH3_AWB,9.0397672110389e-08
EU-15,Root_Tuber,Root_TuberAEZ15,Root_TuberAEZ15,1990,NH3_AWB,7.80048276328526e-06
EU-15,Root_Tuber,Root_TuberAEZ16,Root_TuberAEZ16,1990,NH3_AWB,4.53143239225443e-06
EU-15,SugarCrop,SugarCropAEZ04,SugarCropAEZ04,1990,NH3_AWB,7.37581420621939e-08
EU-15,SugarCrop,SugarCropAEZ08,SugarCropAEZ08,1990,NH3_AWB,1.43298934659286e-06
EU-15,SugarCrop,SugarCropAEZ09,SugarCropAEZ09,1990,NH3_AWB,7.92386435596329e-05
EU-15,SugarCrop,SugarCropAEZ10,SugarCropAEZ10,1990,NH3_AWB,0.000523451075292657
EU-15,SugarCrop,SugarCropAEZ11,SugarCropAEZ11,1990,NH3_AWB,0.000705665322803493
EU-15,SugarCrop,SugarCropAEZ12,SugarCropAEZ12,1990,NH3_AWB,3.37264139153991e-05
EU-15,SugarCrop,SugarCropAEZ13,SugarCropAEZ13,1990,NH3_AWB,1.53310917092459e-08
EU-15,SugarCrop,SugarCropAEZ14,SugarCropAEZ14,1990,NH3_AWB,5.82217696334515e-07
EU-15,SugarCrop,SugarCropAEZ15,SugarCropAEZ15,1990,NH3_AWB,1.30458625654767e-05
EU-15,SugarCrop,SugarCropAEZ16,SugarCropAEZ16,1990,NH3_AWB,1.29004640508004e-06
EU-15,Wheat,WheatAEZ04,WheatAEZ04,1990,NH3_AWB,5.07802192514213e-08
EU-15,Wheat,WheatAEZ08,WheatAEZ08,1990,NH3_AWB,6.21373851426436e-07
EU-15,Wheat,WheatAEZ09,WheatAEZ09,1990,NH3_AWB,4.86857227102817e-05
EU-15,Wheat,WheatAEZ10,WheatAEZ10,1990,NH3_AWB,0.000465651445044019
EU-15,Wheat,WheatAEZ11,WheatAEZ11,1990,NH3_AWB,0.000455116049573202
EU-15,Wheat,WheatAEZ12,WheatAEZ12,1990,NH3_AWB,6.75163052349009e-05
EU-15,Wheat,WheatAEZ13,WheatAEZ13,1990,NH3_AWB,4.98537339305872e-09
EU-15,Wheat,WheatAEZ14,WheatAEZ14,1990,NH3_AWB,1.36711732758767e-07
EU-15,Wheat,WheatAEZ15,WheatAEZ15,1990,NH3_AWB,5.0213519063511e-06
EU-15,Wheat,WheatAEZ16,WheatAEZ16,1990,NH3_AWB,3.6499881877096e-06
EU-15,Corn,CornAEZ04,CornAEZ04,1990,NMVOC_AWB,7.22279806528166e-08
EU-15,Corn,CornAEZ08,CornAEZ08,1990,NMVOC_AWB,1.25219733805239e-06
EU-15,Corn,CornAEZ09,CornAEZ09,1990,NMVOC_AWB,0.000154019142482788
EU-15,Corn,CornAEZ10,CornAEZ10,1990,NMVOC_AWB,0.000535147377804987
EU-15,Corn,CornAEZ11,CornAEZ11,1990,NMVOC_AWB,0.000940027858266878
EU-15,Corn,CornAEZ12,CornAEZ12,1990,NMVOC_AWB,0.000207678881619548
EU-15,Corn,CornAEZ13,CornAEZ13,1990,NMVOC_AWB,3.63596637299891e-09
EU-15,Corn,CornAEZ14,CornAEZ14,1990,NMVOC_AWB,3.17734326319388e-06
EU-15,Corn,CornAEZ15,CornAEZ15,1990,NMVOC_AWB,2.52047154363513e-05
EU-15,Corn,CornAEZ16,CornAEZ16,1990,NMVOC_AWB,5.64641010386371e-06
EU-15,FiberCrop,FiberCropAEZ04,FiberCropAEZ04,1990,NMVOC_AWB,5.19803533742816e-08
EU-15,FiberCrop,FiberCropAEZ08,FiberCropAEZ08,1990,NMVOC_AWB,7.73979339812844e-07
EU-15,FiberCrop,FiberCropAEZ09,FiberCropAEZ09,1990,NMVOC_AWB,1.80495685644532e-05
EU-15,FiberCrop,FiberCropAEZ10,FiberCropAEZ10,1990,NMVOC_AWB,4.63560791391844e-05
EU-15,FiberCrop,FiberCropAEZ11,FiberCropAEZ11,1990,NMVOC_AWB,3.42518041015658e-06
EU-15,FiberCrop,FiberCropAEZ12,FiberCropAEZ12,1990,NMVOC_AWB,6.60922071223777e-07
EU-15,FiberCrop,FiberCropAEZ13,FiberCropAEZ13,1990,NMVOC_AWB,0
EU-15,FiberCrop,FiberCropAEZ14,FiberCropAEZ14,1990,NMVOC_AWB,0
EU-15,FiberCrop,FiberCropAEZ15,FiberCropAEZ15,1990,NMVOC_AWB,0
EU-15,FiberCrop,FiberCropAEZ16,FiberCropAEZ16,1990,NMVOC_AWB,9.29961009586761e-09
EU-15,FodderGrass,FodderGrassAEZ04,FodderGrassAEZ04,1990,NMVOC_AWB,1.83444837903921e-07
EU-15,FodderGrass,FodderGrassAEZ08,FodderGrassAEZ08,1990,NMVOC_AWB,4.58352577955149e-06
EU-15,FodderGrass,FodderGrassAEZ09,FodderGrassAEZ09,1990,NMVOC_AWB,0.000216652820078245
EU-15,FodderGrass,FodderGrassAEZ10,FodderGrassAEZ10,1990,NMVOC_AWB,0.0016644890229407
EU-15,FodderGrass,FodderGrassAEZ11,FodderGrassAEZ11,1990,NMVOC_AWB,0.00211957702072691
EU-15,FodderGrass,FodderGrassAEZ12,FodderGrassAEZ12,1990,NMVOC_AWB,0.000569471671279647
EU-15,FodderGrass,FodderGrassAEZ13,FodderGrassAEZ13,1990,NMVOC_AWB,1.30217411642703e-07
EU-15,FodderGrass,FodderGrassAEZ14,FodderGrassAEZ14,1990,NMVOC_AWB,2.85477312224556e-06
EU-15,FodderGrass,FodderGrassAEZ15,FodderGrassAEZ15,1990,NMVOC_AWB,0.000147647513570483
EU-15,FodderGrass,FodderGrassAEZ16,FodderGrassAEZ16,1990,NMVOC_AWB,5.56869040927794e-05
EU-15,FodderHerb,FodderHerbAEZ04,FodderHerbAEZ04,1990,NMVOC_AWB,7.16474415383391e-07
EU-15,FodderHerb,FodderHerbAEZ08,FodderHerbAEZ08,1990,NMVOC_AWB,2.44482644168622e-05
EU-15,FodderHerb,FodderHerbAEZ09,FodderHerbAEZ09,1990,NMVOC_AWB,0.00100562212020727
EU-15,FodderHerb,FodderHerbAEZ10,FodderHerbAEZ10,1990,NMVOC_AWB,0.0112321475532896
EU-15,FodderHerb,FodderHerbAEZ11,FodderHerbAEZ11,1990,NMVOC_AWB,0.00829570361785308
EU-15,FodderHerb,FodderHerbAEZ12,FodderHerbAEZ12,1990,NMVOC_AWB,0.00108907334604866
EU-15,FodderHerb,FodderHerbAEZ13,FodderHerbAEZ13,1990,NMVOC_AWB,1.17224114269356e-07
EU-15,FodderHerb,FodderHerbAEZ14,FodderHerbAEZ14,1990,NMVOC_AWB,2.43002994382876e-05
EU-15,FodderHerb,FodderHerbAEZ15,FodderHerbAEZ15,1990,NMVOC_AWB,0.000184446915497265
EU-15,FodderHerb,FodderHerbAEZ16,FodderHerbAEZ16,1990,NMVOC_AWB,4.09340160095411e-05
EU-15,MiscCrop,MiscCropAEZ04,MiscCropAEZ04,1990,NMVOC_AWB,3.15756234453329e-07
EU-15,MiscCrop,MiscCropAEZ08,MiscCropAEZ08,1990,NMVOC_AWB,2.57286829724963e-05
EU-15,MiscCrop,MiscCropAEZ09,MiscCropAEZ09,1990,NMVOC_AWB,0.00118087610104162
EU-15,MiscCrop,MiscCropAEZ10,MiscCropAEZ10,1990,NMVOC_AWB,0.00245921442507722
EU-15,MiscCrop,MiscCropAEZ11,MiscCropAEZ11,1990,NMVOC_AWB,0.00331144533666434
EU-15,MiscCrop,MiscCropAEZ12,MiscCropAEZ12,1990,NMVOC_AWB,0.000292427808714058
EU-15,MiscCrop,MiscCropAEZ13,MiscCropAEZ13,1990,NMVOC_AWB,2.09214876948475e-08
EU-15,MiscCrop,MiscCropAEZ14,MiscCropAEZ14,1990,NMVOC_AWB,1.32331046832224e-05
EU-15,MiscCrop,MiscCropAEZ15,MiscCropAEZ15,1990,NMVOC_AWB,6.67336560840614e-05
EU-15,MiscCrop,MiscCropAEZ16,MiscCropAEZ16,1990,NMVOC_AWB,1.5180561147053e-05
EU-15,OilCrop,OilCropAEZ04,OilCropAEZ04,1990,NMVOC_AWB,1.20154896390024e-06
EU-15,OilCrop,OilCropAEZ08,OilCropAEZ08,1990,NMVOC_AWB,1.44730574860795e-05
EU-15,OilCrop,OilCropAEZ09,OilCropAEZ09,1990,NMVOC_AWB,0.00015983344430906
EU-15,OilCrop,OilCropAEZ10,OilCropAEZ10,1990,NMVOC_AWB,0.000667625182930473
EU-15,OilCrop,OilCropAEZ11,OilCropAEZ11,1990,NMVOC_AWB,0.000408591707453862
EU-15,OilCrop,OilCropAEZ12,OilCropAEZ12,1990,NMVOC_AWB,3.94953104346444e-05
EU-15,OilCrop,OilCropAEZ13,OilCropAEZ13,1990,NMVOC_AWB,1.35189044740545e-09
EU-15,OilCrop,OilCropAEZ14,OilCropAEZ14,1990,NMVOC_AWB,3.43211187335057e-07
EU-15,OilCrop,OilCropAEZ15,OilCropAEZ15,1990,NMVOC_AWB,6.1948126601609e-06
EU-15,OilCrop,OilCropAEZ16,OilCropAEZ16,1990,NMVOC_AWB,3.96058838074883e-06
EU-15,OtherGrain,OtherGrainAEZ04,OtherGrainAEZ04,1990,NMVOC_AWB,9.85814585089581e-08
EU-15,OtherGrain,OtherGrainAEZ08,OtherGrainAEZ08,1990,NMVOC_AWB,2.37637861385691e-06
EU-15,OtherGrain,OtherGrainAEZ09,OtherGrainAEZ09,1990,NMVOC_AWB,0.000526974850878487
EU-15,OtherGrain,OtherGrainAEZ10,OtherGrainAEZ10,1990,NMVOC_AWB,0.00242160597481156
EU-15,OtherGrain,OtherGrainAEZ11,OtherGrainAEZ11,1990,NMVOC_AWB,0.00115241513799652
EU-15,OtherGrain,OtherGrainAEZ12,OtherGrainAEZ12,1990,NMVOC_AWB,0.000234391213558985
EU-15,OtherGrain,OtherGrainAEZ13,OtherGrainAEZ13,1990,NMVOC_AWB,1.71682982337646e-08
EU-15,OtherGrain,OtherGrainAEZ14,OtherGrainAEZ14,1990,NMVOC_AWB,7.40689438085272e-07
EU-15,OtherGrain,OtherGrainAEZ15,OtherGrainAEZ15,1990,NMVOC_AWB,0.000156544630985522
EU-15,OtherGrain,OtherGrainAEZ16,OtherGrainAEZ16,1990,NMVOC_AWB,4.14621215162175e-05
EU-15,PalmFruit,PalmFruitAEZ04,PalmFruitAEZ04,1990,NMVOC_AWB,0
EU-15,PalmFruit,PalmFruitAEZ08,PalmFruitAEZ08,1990,NMVOC_AWB,0
EU-15,PalmFruit,PalmFruitAEZ09,PalmFruitAEZ09,1990,NMVOC_AWB,0
EU-15,PalmFruit,PalmFruitAEZ10,PalmFruitAEZ10,1990,NMVOC_AWB,0
EU-15,PalmFruit,PalmFruitAEZ11,PalmFruitAEZ11,1990,NMVOC_AWB,0
EU-15,PalmFruit,PalmFruitAEZ12,PalmFruitAEZ12,1990,NMVOC_AWB,0
EU-15,PalmFruit,PalmFruitAEZ13,PalmFruitAEZ13,1990,NMVOC_AWB,0
EU-15,PalmFruit,PalmFruitAEZ14,PalmFruitAEZ14,1990,NMVOC_AWB,0
EU-15,PalmFruit,PalmFruitAEZ15,PalmFruitAEZ15,1990,NMVOC_AWB,0
EU-15,PalmFruit,PalmFruitAEZ16,PalmFruitAEZ16,1990,NMVOC_AWB,0
EU-15,Rice,RiceAEZ04,RiceAEZ04,1990,NMVOC_AWB,4.44516093356346e-08
EU-15,Rice,RiceAEZ08,RiceAEZ08,1990,NMVOC_AWB,1.07248882861645e-06
EU-15,Rice,RiceAEZ09,RiceAEZ09,1990,NMVOC_AWB,2.53858690754694e-05
EU-15,Rice,RiceAEZ10,RiceAEZ10,1990,NMVOC_AWB,3.57350937610281e-05
EU-15,Rice,RiceAEZ11,RiceAEZ11,1990,NMVOC_AWB,7.13466830506741e-05
EU-15,Rice,RiceAEZ12,RiceAEZ12,1990,NMVOC_AWB,1.0025362960399e-07
EU-15,Rice,RiceAEZ13,RiceAEZ13,1990,NMVOC_AWB,0
EU-15,Rice,RiceAEZ14,RiceAEZ14,1990,NMVOC_AWB,2.63259531104742e-07
EU-15,Rice,RiceAEZ15,RiceAEZ15,1990,NMVOC_AWB,5.40819579948507e-07
EU-15,Rice,RiceAEZ16,RiceAEZ16,1990,NMVOC_AWB,2.33408450369789e-07
EU-15,Root_Tuber,Root_TuberAEZ04,Root_TuberAEZ04,1990,NMVOC_AWB,6.51953066390022e-08
EU-15,Root_Tuber,Root_TuberAEZ08,Root_TuberAEZ08,1990,NMVOC_AWB,3.12037443852126e-06
EU-15,Root_Tuber,Root_TuberAEZ09,Root_TuberAEZ09,1990,NMVOC_AWB,0.00013953958713287
EU-15,Root_Tuber,Root_TuberAEZ10,Root_TuberAEZ10,1990,NMVOC_AWB,0.00121051748638478
EU-15,Root_Tuber,Root_TuberAEZ11,Root_TuberAEZ11,1990,NMVOC_AWB,0.0017273499519308
EU-15,Root_Tuber,Root_TuberAEZ12,Root_TuberAEZ12,1990,NMVOC_AWB,0.000134230783230777
EU-15,Root_Tuber,Root_TuberAEZ13,Root_TuberAEZ13,1990,NMVOC_AWB,2.48831274759071e-08
EU-15,Root_Tuber,Root_TuberAEZ14,Root_TuberAEZ14,1990,NMVOC_AWB,4.87225249847394e-07
EU-15,Root_Tuber,Root_TuberAEZ15,Root_TuberAEZ15,1990,NMVOC_AWB,4.20430313584941e-05
EU-15,Root_Tuber,Root_TuberAEZ16,Root_TuberAEZ16,1990,NMVOC_AWB,2.44235081273626e-05
EU-15,SugarCrop,SugarCropAEZ04,SugarCropAEZ04,1990,NMVOC_AWB,3.9754153348825e-07
EU-15,SugarCrop,SugarCropAEZ08,SugarCropAEZ08,1990,NMVOC_AWB,7.72352402581524e-06
EU-15,SugarCrop,SugarCropAEZ09,SugarCropAEZ09,1990,NMVOC_AWB,0.000427080332984303
EU-15,SugarCrop,SugarCropAEZ10,SugarCropAEZ10,1990,NMVOC_AWB,0.00282129589167862
EU-15,SugarCrop,SugarCropAEZ11,SugarCropAEZ11,1990,NMVOC_AWB,0.00380339399439093
EU-15,SugarCrop,SugarCropAEZ12,SugarCropAEZ12,1990,NMVOC_AWB,0.000181778579721838
EU-15,SugarCrop,SugarCropAEZ13,SugarCropAEZ13,1990,NMVOC_AWB,8.26314971844522e-08
EU-15,SugarCrop,SugarCropAEZ14,SugarCropAEZ14,1990,NMVOC_AWB,3.13803614561837e-06
EU-15,SugarCrop,SugarCropAEZ15,SugarCropAEZ15,1990,NMVOC_AWB,7.03145722621841e-05
EU-15,SugarCrop,SugarCropAEZ16,SugarCropAEZ16,1990,NMVOC_AWB,6.95309035460902e-06
EU-15,Wheat,WheatAEZ04,WheatAEZ04,1990,NMVOC_AWB,2.73695156462284e-07
EU-15,Wheat,WheatAEZ08,WheatAEZ08,1990,NMVOC_AWB,3.34907993692781e-06
EU-15,Wheat,WheatAEZ09,WheatAEZ09,1990,NMVOC_AWB,0.000262406241861529
EU-15,Wheat,WheatAEZ10,WheatAEZ10,1990,NMVOC_AWB,0.0025097675233973
EU-15,Wheat,WheatAEZ11,WheatAEZ11,1990,NMVOC_AWB,0.00245298386325789
EU-15,Wheat,WheatAEZ12,WheatAEZ12,1990,NMVOC_AWB,0.000363899289869733
EU-15,Wheat,WheatAEZ13,WheatAEZ13,1990,NMVOC_AWB,2.68701587143684e-08
EU-15,Wheat,WheatAEZ14,WheatAEZ14,1990,NMVOC_AWB,7.36848710762381e-07
EU-15,Wheat,WheatAEZ15,WheatAEZ15,1990,NMVOC_AWB,2.70640756562407e-05
EU-15,Wheat,WheatAEZ16,WheatAEZ16,1990,NMVOC_AWB,1.96727013559066e-05
EU-15,Corn,CornAEZ04,CornAEZ04,1990,NOx_AWB,3.91606052258345e-08
EU-15,Corn,CornAEZ08,CornAEZ08,1990,NOx_AWB,6.7891702325196e-07
EU-15,Corn,CornAEZ09,CornAEZ09,1990,NOx_AWB,8.3506181143039e-05
EU-15,Corn,CornAEZ10,CornAEZ10,1990,NOx_AWB,0.000290146491850515
EU-15,Corn,CornAEZ11,CornAEZ11,1990,NOx_AWB,0.000509664807546304
EU-15,Corn,CornAEZ12,CornAEZ12,1990,NOx_AWB,0.000112599447241071
EU-15,Corn,CornAEZ13,CornAEZ13,1990,NOx_AWB,1.971350195042e-09
EU-15,Corn,CornAEZ14,CornAEZ14,1990,NOx_AWB,1.7226936717917e-06
EU-15,Corn,CornAEZ15,CornAEZ15,1990,NOx_AWB,1.36655061115011e-05
EU-15,Corn,CornAEZ16,CornAEZ16,1990,NOx_AWB,3.06137365356271e-06
EU-15,FiberCrop,FiberCropAEZ04,FiberCropAEZ04,1990,NOx_AWB,2.8182735826081e-08
EU-15,FiberCrop,FiberCropAEZ08,FiberCropAEZ08,1990,NOx_AWB,4.19636532897875e-07
EU-15,FiberCrop,FiberCropAEZ09,FiberCropAEZ09,1990,NOx_AWB,9.78612474917116e-06
EU-15,FiberCrop,FiberCropAEZ10,FiberCropAEZ10,1990,NOx_AWB,2.5133363809699e-05
EU-15,FiberCrop,FiberCropAEZ11,FiberCropAEZ11,1990,NOx_AWB,1.85706614883983e-06
EU-15,FiberCrop,FiberCropAEZ12,FiberCropAEZ12,1990,NOx_AWB,3.58339082476147e-07
EU-15,FiberCrop,FiberCropAEZ13,FiberCropAEZ13,1990,NOx_AWB,0
EU-15,FiberCrop,FiberCropAEZ14,FiberCropAEZ14,1990,NOx_AWB,0
EU-15,FiberCrop,FiberCropAEZ15,FiberCropAEZ15,1990,NOx_AWB,0
EU-15,FiberCrop,FiberCropAEZ16,FiberCropAEZ16,1990,NOx_AWB,5.04206758138482e-09
EU-15,FodderGrass,FodderGrassAEZ04,FodderGrassAEZ04,1990,NOx_AWB,9.94602204428724e-08
EU-15,FodderGrass,FodderGrassAEZ08,FodderGrassAEZ08,1990,NOx_AWB,2.48509846147072e-06
EU-15,FodderGrass,FodderGrassAEZ09,FodderGrassAEZ09,1990,NOx_AWB,0.000117464941999829
EU-15,FodderGrass,FodderGrassAEZ10,FodderGrassAEZ10,1990,NOx_AWB,0.000902453549732101
EU-15,FodderGrass,FodderGrassAEZ11,FodderGrassAEZ11,1990,NOx_AWB,0.00114919340405511
EU-15,FodderGrass,FodderGrassAEZ12,FodderGrassAEZ12,1990,NOx_AWB,0.000308756455666033
EU-15,FodderGrass,FodderGrassAEZ13,FodderGrassAEZ13,1990,NOx_AWB,7.06013459711893e-08
EU-15,FodderGrass,FodderGrassAEZ14,FodderGrassAEZ14,1990,NOx_AWB,1.54780242004761e-06
EU-15,FodderGrass,FodderGrassAEZ15,FodderGrassAEZ15,1990,NOx_AWB,8.00516079675869e-05
EU-15,FodderGrass,FodderGrassAEZ16,FodderGrassAEZ16,1990,NOx_AWB,3.01923554793609e-05
EU-15,FodderHerb,FodderHerbAEZ04,FodderHerbAEZ04,1990,NOx_AWB,3.88458482178892e-07
EU-15,FodderHerb,FodderHerbAEZ08,FodderHerbAEZ08,1990,NOx_AWB,1.32553730927022e-05
EU-15,FodderHerb,FodderHerbAEZ09,FodderHerbAEZ09,1990,NOx_AWB,0.00054522873960852
EU-15,FodderHerb,FodderHerbAEZ10,FodderHerbAEZ10,1990,NOx_AWB,0.00608985177485429
EU-15,FodderHerb,FodderHerbAEZ11,FodderHerbAEZ11,1990,NOx_AWB,0.00449776902957902
EU-15,FodderHerb,FodderHerbAEZ12,FodderHerbAEZ12,1990,NOx_AWB,0.000590474369920336
EU-15,FodderHerb,FodderHerbAEZ13,FodderHerbAEZ13,1990,NOx_AWB,6.35566330438637e-08
EU-15,FodderHerb,FodderHerbAEZ14,FodderHerbAEZ14,1990,NOx_AWB,1.31751493613887e-05
EU-15,FodderHerb,FodderHerbAEZ15,FodderHerbAEZ15,1990,NOx_AWB,0.000100003527409008
EU-15,FodderHerb,FodderHerbAEZ16,FodderHerbAEZ16,1990,NOx_AWB,2.21936267187489e-05
EU-15,MiscCrop,MiscCropAEZ04,MiscCropAEZ04,1990,NOx_AWB,1.71196884272033e-07
EU-15,MiscCrop,MiscCropAEZ08,MiscCropAEZ08,1990,NOx_AWB,1.3949591110814e-05
EU-15,MiscCrop,MiscCropAEZ09,MiscCropAEZ09,1990,NOx_AWB,0.000640248036779499
EU-15,MiscCrop,MiscCropAEZ10,MiscCropAEZ10,1990,NOx_AWB,0.0013333381938094
EU-15,MiscCrop,MiscCropAEZ11,MiscCropAEZ11,1990,NOx_AWB,0.00179540120579276
EU-15,MiscCrop,MiscCropAEZ12,MiscCropAEZ12,1990,NOx_AWB,0.000158548665913181
EU-15,MiscCrop,MiscCropAEZ13,MiscCropAEZ13,1990,NOx_AWB,1.13432234010979e-08
EU-15,MiscCrop,MiscCropAEZ14,MiscCropAEZ14,1990,NOx_AWB,7.17473178300198e-06
EU-15,MiscCrop,MiscCropAEZ15,MiscCropAEZ15,1990,NOx_AWB,3.61816893891333e-05
EU-15,MiscCrop,MiscCropAEZ16,MiscCropAEZ16,1990,NOx_AWB,8.23060477135462e-06
EU-15,OilCrop,OilCropAEZ04,OilCropAEZ04,1990,NOx_AWB,6.51456460633759e-07
EU-15,OilCrop,OilCropAEZ08,OilCropAEZ08,1990,NOx_AWB,7.84701005760523e-06
EU-15,OilCrop,OilCropAEZ09,OilCropAEZ09,1990,NOx_AWB,8.6658582420557e-05
EU-15,OilCrop,OilCropAEZ10,OilCropAEZ10,1990,NOx_AWB,0.000361973379170559
EU-15,OilCrop,OilCropAEZ11,OilCropAEZ11,1990,NOx_AWB,0.000221530470733524
EU-15,OilCrop,OilCropAEZ12,OilCropAEZ12,1990,NOx_AWB,2.14135885597762e-05
EU-15,OilCrop,OilCropAEZ13,OilCropAEZ13,1990,NOx_AWB,7.32968686663084e-10
EU-15,OilCrop,OilCropAEZ14,OilCropAEZ14,1990,NOx_AWB,1.8608242532659e-07
EU-15,OilCrop,OilCropAEZ15,OilCropAEZ15,1990,NOx_AWB,3.3587068451858e-06
EU-15,OilCrop,OilCropAEZ16,OilCropAEZ16,1990,NOx_AWB,2.14735392902728e-06
EU-15,OtherGrain,OtherGrainAEZ04,OtherGrainAEZ04,1990,NOx_AWB,5.34489479612185e-08
EU-15,OtherGrain,OtherGrainAEZ08,OtherGrainAEZ08,1990,NOx_AWB,1.28842622932637e-06
EU-15,OtherGrain,OtherGrainAEZ09,OtherGrainAEZ09,1990,NOx_AWB,0.00028571550682541
EU-15,OtherGrain,OtherGrainAEZ10,OtherGrainAEZ10,1990,NOx_AWB,0.00131294762410639
EU-15,OtherGrain,OtherGrainAEZ11,OtherGrainAEZ11,1990,NOx_AWB,0.000624817056595884
EU-15,OtherGrain,OtherGrainAEZ12,OtherGrainAEZ12,1990,NOx_AWB,0.00012708235367549
EU-15,OtherGrain,OtherGrainAEZ13,OtherGrainAEZ13,1990,NOx_AWB,9.30831712938979e-09
EU-15,OtherGrain,OtherGrainAEZ14,OtherGrainAEZ14,1990,NOx_AWB,4.01587396153673e-07
EU-15,OtherGrain,OtherGrainAEZ15,OtherGrainAEZ15,1990,NOx_AWB,8.48754518517594e-05
EU-15,OtherGrain,OtherGrainAEZ16,OtherGrainAEZ16,1990,NOx_AWB,2.24799552451402e-05
EU-15,PalmFruit,PalmFruitAEZ04,PalmFruitAEZ04,1990,NOx_AWB,0
EU-15,PalmFruit,PalmFruitAEZ08,PalmFruitAEZ08,1990,NOx_AWB,0
EU-15,PalmFruit,PalmFruitAEZ09,PalmFruitAEZ09,1990,NOx_AWB,0
EU-15,PalmFruit,PalmFruitAEZ10,PalmFruitAEZ10,1990,NOx_AWB,0
EU-15,PalmFruit,PalmFruitAEZ11,PalmFruitAEZ11,1990,NOx_AWB,0
EU-15,PalmFruit,PalmFruitAEZ12,PalmFruitAEZ12,1990,NOx_AWB,0
EU-15,PalmFruit,PalmFruitAEZ13,PalmFruitAEZ13,1990,NOx_AWB,0
EU-15,PalmFruit,PalmFruitAEZ14,PalmFruitAEZ14,1990,NOx_AWB,0
EU-15,PalmFruit,PalmFruitAEZ15,PalmFruitAEZ15,1990,NOx_AWB,0
EU-15,PalmFruit,PalmFruitAEZ16,PalmFruitAEZ16,1990,NOx_AWB,0
EU-15,Rice,RiceAEZ04,RiceAEZ04,1990,NOx_AWB,2.41007973518352e-08
EU-15,Rice,RiceAEZ08,RiceAEZ08,1990,NOx_AWB,5.81482567378527e-07
EU-15,Rice,RiceAEZ09,RiceAEZ09,1990,NOx_AWB,1.37637240885594e-05
EU-15,Rice,RiceAEZ10,RiceAEZ10,1990,NOx_AWB,1.93748722702139e-05
EU-15,Rice,RiceAEZ11,RiceAEZ11,1990,NOx_AWB,3.86827828200016e-05
EU-15,Rice,RiceAEZ12,RiceAEZ12,1990,NOx_AWB,5.43555665809104e-08
EU-15,Rice,RiceAEZ13,RiceAEZ13,1990,NOx_AWB,0
EU-15,Rice,RiceAEZ14,RiceAEZ14,1990,NOx_AWB,1.42734193540396e-07
EU-15,Rice,RiceAEZ15,RiceAEZ15,1990,NOx_AWB,2.93221849445949e-07
EU-15,Rice,RiceAEZ16,RiceAEZ16,1990,NOx_AWB,1.26549518603337e-07
EU-15,Root_Tuber,Root_TuberAEZ04,Root_TuberAEZ04,1990,NOx_AWB,3.53476262632802e-08
EU-15,Root_Tuber,Root_TuberAEZ08,Root_TuberAEZ08,1990,NOx_AWB,1.69180628392594e-06
EU-15,Root_Tuber,Root_TuberAEZ09,Root_TuberAEZ09,1990,NOx_AWB,7.56556480701381e-05
EU-15,Root_Tuber,Root_TuberAEZ10,Root_TuberAEZ10,1990,NOx_AWB,0.000656319018956754
EU-15,Root_Tuber,Root_TuberAEZ11,Root_TuberAEZ11,1990,NOx_AWB,0.00093653552187172
EU-15,Root_Tuber,Root_TuberAEZ12,Root_TuberAEZ12,1990,NOx_AWB,7.27773179278275e-05
EU-15,Root_Tuber,Root_TuberAEZ13,Root_TuberAEZ13,1990,NOx_AWB,1.34911473789087e-08
EU-15,Root_Tuber,Root_TuberAEZ14,Root_TuberAEZ14,1990,NOx_AWB,2.64164046853888e-07
EU-15,Root_Tuber,Root_TuberAEZ15,Root_TuberAEZ15,1990,NOx_AWB,2.27949132544821e-05
EU-15,Root_Tuber,Root_TuberAEZ16,Root_TuberAEZ16,1990,NOx_AWB,1.32419507144051e-05
EU-15,SugarCrop,SugarCropAEZ04,SugarCropAEZ04,1990,NOx_AWB,2.15539281495877e-07
EU-15,SugarCrop,SugarCropAEZ08,SugarCropAEZ08,1990,NOx_AWB,4.18754439198632e-06
EU-15,SugarCrop,SugarCropAEZ09,SugarCropAEZ09,1990,NOx_AWB,0.000231554643623614
EU-15,SugarCrop,SugarCropAEZ10,SugarCropAEZ10,1990,NOx_AWB,0.00152965171725297
EU-15,SugarCrop,SugarCropAEZ11,SugarCropAEZ11,1990,NOx_AWB,0.0020621261924598
EU-15,SugarCrop,SugarCropAEZ12,SugarCropAEZ12,1990,NOx_AWB,9.85568076894891e-05
EU-15,SugarCrop,SugarCropAEZ13,SugarCropAEZ13,1990,NOx_AWB,4.48011893896663e-08
EU-15,SugarCrop,SugarCropAEZ14,SugarCropAEZ14,1990,NOx_AWB,1.70138211773706e-06
EU-15,SugarCrop,SugarCropAEZ15,SugarCropAEZ15,1990,NOx_AWB,3.81231924400398e-05
EU-15,SugarCrop,SugarCropAEZ16,SugarCropAEZ16,1990,NOx_AWB,3.76983025159216e-06
EU-15,Wheat,WheatAEZ04,WheatAEZ04,1990,NOx_AWB,1.48392186484651e-07
EU-15,Wheat,WheatAEZ08,WheatAEZ08,1990,NOx_AWB,1.81580595351558e-06
EU-15,Wheat,WheatAEZ09,WheatAEZ09,1990,NOx_AWB,0.000142271556721605
EU-15,Wheat,WheatAEZ10,WheatAEZ10,1990,NOx_AWB,0.00136074709972595
EU-15,Wheat,WheatAEZ11,WheatAEZ11,1990,NOx_AWB,0.00132996010446595
EU-15,Wheat,WheatAEZ12,WheatAEZ12,1990,NOx_AWB,0.000197299111836576
EU-15,Wheat,WheatAEZ13,WheatAEZ13,1990,NOx_AWB,1.45684770397615e-08
EU-15,Wheat,WheatAEZ14,WheatAEZ14,1990,NOx_AWB,3.99505028557177e-07
EU-15,Wheat,WheatAEZ15,WheatAEZ15,1990,NOx_AWB,1.46736150311414e-05
EU-15,Wheat,WheatAEZ16,WheatAEZ16,1990,NOx_AWB,1.06661557551707e-05
EU-15,Corn,CornAEZ04,CornAEZ04,1990,SO2_AWB,5.71580864554833e-09
EU-15,Corn,CornAEZ08,CornAEZ08,1990,SO2_AWB,9.90934580488418e-08
EU-15,Corn,CornAEZ09,CornAEZ09,1990,SO2_AWB,1.2188405908988e-05
EU-15,Corn,CornAEZ10,CornAEZ10,1990,SO2_AWB,4.23492389106544e-05
EU-15,Corn,CornAEZ11,CornAEZ11,1990,SO2_AWB,7.43897214178668e-05
EU-15,Corn,CornAEZ12,CornAEZ12,1990,SO2_AWB,1.64348045775322e-05
EU-15,Corn,CornAEZ13,CornAEZ13,1990,SO2_AWB,2.87734584877941e-10
EU-15,Corn,CornAEZ14,CornAEZ14,1990,SO2_AWB,2.5144114413131e-07
EU-15,Corn,CornAEZ15,CornAEZ15,1990,SO2_AWB,1.99459169559469e-06
EU-15,Corn,CornAEZ16,CornAEZ16,1990,SO2_AWB,4.46832368789436e-07
EU-15,FiberCrop,FiberCropAEZ04,FiberCropAEZ04,1990,SO2_AWB,4.11349937420395e-09
EU-15,FiberCrop,FiberCropAEZ08,FiberCropAEZ08,1990,SO2_AWB,6.124936294762e-08
EU-15,FiberCrop,FiberCropAEZ09,FiberCropAEZ09,1990,SO2_AWB,1.42836445262153e-06
EU-15,FiberCrop,FiberCropAEZ10,FiberCropAEZ10,1990,SO2_AWB,3.66841874191508e-06
EU-15,FiberCrop,FiberCropAEZ11,FiberCropAEZ11,1990,SO2_AWB,2.71053899388952e-07
EU-15,FiberCrop,FiberCropAEZ12,FiberCropAEZ12,1990,SO2_AWB,5.2302501808726e-08
EU-15,FiberCrop,FiberCropAEZ13,FiberCropAEZ13,1990,SO2_AWB,0
EU-15,FiberCrop,FiberCropAEZ14,FiberCropAEZ14,1990,SO2_AWB,0
EU-15,FiberCrop,FiberCropAEZ15,FiberCropAEZ15,1990,SO2_AWB,0
EU-15,FiberCrop,FiberCropAEZ16,FiberCropAEZ16,1990,SO2_AWB,7.35930747416178e-10
EU-15,FodderGrass,FodderGrassAEZ04,FodderGrassAEZ04,1990,SO2_AWB,1.45170276255197e-08
EU-15,FodderGrass,FodderGrassAEZ08,FodderGrassAEZ08,1990,SO2_AWB,3.6272032031166e-07
EU-15,FodderGrass,FodderGrassAEZ09,FodderGrassAEZ09,1990,SO2_AWB,1.71449630862325e-05
EU-15,FodderGrass,FodderGrassAEZ10,FodderGrassAEZ10,1990,SO2_AWB,0.000131720431081632
EU-15,FodderGrass,FodderGrassAEZ11,FodderGrassAEZ11,1990,SO2_AWB,0.000167734118418884
EU-15,FodderGrass,FodderGrassAEZ12,FodderGrassAEZ12,1990,SO2_AWB,4.50655143986519e-05
EU-15,FodderGrass,FodderGrassAEZ13,FodderGrassAEZ13,1990,SO2_AWB,1.03048403200687e-08
EU-15,FodderGrass,FodderGrassAEZ14,FodderGrassAEZ14,1990,SO2_AWB,2.25914344354217e-07
EU-15,FodderGrass,FodderGrassAEZ15,FodderGrassAEZ15,1990,SO2_AWB,1.16841828738981e-05
EU-15,FodderGrass,FodderGrassAEZ16,FodderGrassAEZ16,1990,SO2_AWB,4.40681969758096e-06
EU-15,FodderHerb,FodderHerbAEZ04,FodderHerbAEZ04,1990,SO2_AWB,5.66986730176967e-08
EU-15,FodderHerb,FodderHerbAEZ08,FodderHerbAEZ08,1990,SO2_AWB,1.93472944777812e-06
EU-15,FodderHerb,FodderHerbAEZ09,FodderHerbAEZ09,1990,SO2_AWB,7.95805663800076e-05
EU-15,FodderHerb,FodderHerbAEZ10,FodderHerbAEZ10,1990,SO2_AWB,0.000888863367256046
EU-15,FodderHerb,FodderHerbAEZ11,FodderHerbAEZ11,1990,SO2_AWB,0.000656485949506912
EU-15,FodderHerb,FodderHerbAEZ12,FodderHerbAEZ12,1990,SO2_AWB,8.61845338983377e-05
EU-15,FodderHerb,FodderHerbAEZ13,FodderHerbAEZ13,1990,SO2_AWB,9.27660720612158e-09
EU-15,FodderHerb,FodderHerbAEZ14,FodderHerbAEZ14,1990,SO2_AWB,1.9230201421028e-06
EU-15,FodderHerb,FodderHerbAEZ15,FodderHerbAEZ15,1990,SO2_AWB,1.45963276934405e-05
EU-15,FodderHerb,FodderHerbAEZ16,FodderHerbAEZ16,1990,SO2_AWB,3.23934021814889e-06
EU-15,MiscCrop,MiscCropAEZ04,MiscCropAEZ04,1990,SO2_AWB,2.49875768152704e-08
EU-15,MiscCrop,MiscCropAEZ08,MiscCropAEZ08,1990,SO2_AWB,2.03605621039928e-06
EU-15,MiscCrop,MiscCropAEZ09,MiscCropAEZ09,1990,SO2_AWB,9.34494051564194e-05
EU-15,MiscCrop,MiscCropAEZ10,MiscCropAEZ10,1990,SO2_AWB,0.00019461154728497
EU-15,MiscCrop,MiscCropAEZ11,MiscCropAEZ11,1990,SO2_AWB,0.000262053399714265
EU-15,MiscCrop,MiscCropAEZ12,MiscCropAEZ12,1990,SO2_AWB,2.31414665360908e-05
EU-15,MiscCrop,MiscCropAEZ13,MiscCropAEZ13,1990,SO2_AWB,1.65563565758195e-09
EU-15,MiscCrop,MiscCropAEZ14,MiscCropAEZ14,1990,SO2_AWB,1.04721042277761e-06
EU-15,MiscCrop,MiscCropAEZ15,MiscCropAEZ15,1990,SO2_AWB,5.28101166537947e-06
EU-15,MiscCrop,MiscCropAEZ16,MiscCropAEZ16,1990,SO2_AWB,1.20132366797959e-06
EU-15,OilCrop,OilCropAEZ04,OilCropAEZ04,1990,SO2_AWB,9.50853657244366e-08
EU-15,OilCrop,OilCropAEZ08,OilCropAEZ08,1990,SO2_AWB,1.1453349014988e-06
EU-15,OilCrop,OilCropAEZ09,OilCropAEZ09,1990,SO2_AWB,1.26485244994021e-05
EU-15,OilCrop,OilCropAEZ10,OilCropAEZ10,1990,SO2_AWB,5.28329569522718e-05
EU-15,OilCrop,OilCropAEZ11,OilCropAEZ11,1990,SO2_AWB,3.23341728905592e-05
EU-15,OilCrop,OilCropAEZ12,OilCropAEZ12,1990,SO2_AWB,3.12548730838915e-06
EU-15,OilCrop,OilCropAEZ13,OilCropAEZ13,1990,SO2_AWB,1.06982737676925e-10
EU-15,OilCrop,OilCropAEZ14,OilCropAEZ14,1990,SO2_AWB,2.71602425277291e-08
EU-15,OilCrop,OilCropAEZ15,OilCropAEZ15,1990,SO2_AWB,4.90230564948227e-07
EU-15,OilCrop,OilCropAEZ16,OilCropAEZ16,1990,SO2_AWB,3.1342376048083e-07
EU-15,OtherGrain,OtherGrainAEZ04,OtherGrainAEZ04,1990,SO2_AWB,7.80130840906034e-09
EU-15,OtherGrain,OtherGrainAEZ08,OtherGrainAEZ08,1990,SO2_AWB,1.88056281006519e-07
EU-15,OtherGrain,OtherGrainAEZ09,OtherGrainAEZ09,1990,SO2_AWB,4.17025006294474e-05
EU-15,OtherGrain,OtherGrainAEZ10,OtherGrainAEZ10,1990,SO2_AWB,0.000191635377894227
EU-15,OtherGrain,OtherGrainAEZ11,OtherGrainAEZ11,1990,SO2_AWB,9.11971281695304e-05
EU-15,OtherGrain,OtherGrainAEZ12,OtherGrainAEZ12,1990,SO2_AWB,1.85487024944088e-05
EU-15,OtherGrain,OtherGrainAEZ13,OtherGrainAEZ13,1990,SO2_AWB,1.35862454670574e-09
EU-15,OtherGrain,OtherGrainAEZ14,OtherGrainAEZ14,1990,SO2_AWB,5.86149447293046e-08
EU-15,OtherGrain,OtherGrainAEZ15,OtherGrainAEZ15,1990,SO2_AWB,1.23882620988979e-05
EU-15,OtherGrain,OtherGrainAEZ16,OtherGrainAEZ16,1990,SO2_AWB,3.28113219396685e-06
EU-15,PalmFruit,PalmFruitAEZ04,PalmFruitAEZ04,1990,SO2_AWB,0
EU-15,PalmFruit,PalmFruitAEZ08,PalmFruitAEZ08,1990,SO2_AWB,0
EU-15,PalmFruit,PalmFruitAEZ09,PalmFruitAEZ09,1990,SO2_AWB,0
EU-15,PalmFruit,PalmFruitAEZ10,PalmFruitAEZ10,1990,SO2_AWB,0
EU-15,PalmFruit,PalmFruitAEZ11,PalmFruitAEZ11,1990,SO2_AWB,0
EU-15,PalmFruit,PalmFruitAEZ12,PalmFruitAEZ12,1990,SO2_AWB,0
EU-15,PalmFruit,PalmFruitAEZ13,PalmFruitAEZ13,1990,SO2_AWB,0
EU-15,PalmFruit,PalmFruitAEZ14,PalmFruitAEZ14,1990,SO2_AWB,0
EU-15,PalmFruit,PalmFruitAEZ15,PalmFruitAEZ15,1990,SO2_AWB,0
EU-15,PalmFruit,PalmFruitAEZ16,PalmFruitAEZ16,1990,SO2_AWB,0
EU-15,Rice,RiceAEZ04,RiceAEZ04,1990,SO2_AWB,3.51770727428261e-09
EU-15,Rice,RiceAEZ08,RiceAEZ08,1990,SO2_AWB,8.48721072284449e-08
EU-15,Rice,RiceAEZ09,RiceAEZ09,1990,SO2_AWB,2.00892740770079e-06
EU-15,Rice,RiceAEZ10,RiceAEZ10,1990,SO2_AWB,2.82792009443779e-06
EU-15,Rice,RiceAEZ11,RiceAEZ11,1990,SO2_AWB,5.64606658148813e-06
EU-15,Rice,RiceAEZ12,RiceAEZ12,1990,SO2_AWB,7.93363676595794e-09
EU-15,Rice,RiceAEZ13,RiceAEZ13,1990,SO2_AWB,0
EU-15,Rice,RiceAEZ14,RiceAEZ14,1990,SO2_AWB,2.08332157470168e-08
EU-15,Rice,RiceAEZ15,RiceAEZ15,1990,SO2_AWB,4.27981123494271e-08
EU-15,Rice,RiceAEZ16,RiceAEZ16,1990,SO2_AWB,1.84709308845346e-08
EU-15,Root_Tuber,Root_TuberAEZ04,Root_TuberAEZ04,1990,SO2_AWB,5.1592733725673e-09
EU-15,Root_Tuber,Root_TuberAEZ08,Root_TuberAEZ08,1990,SO2_AWB,2.46932878807436e-07
EU-15,Root_Tuber,Root_TuberAEZ09,Root_TuberAEZ09,1990,SO2_AWB,1.10425567947703e-05
EU-15,Root_Tuber,Root_TuberAEZ10,Root_TuberAEZ10,1990,SO2_AWB,9.57950956364687e-05
EU-15,Root_Tuber,Root_TuberAEZ11,Root_TuberAEZ11,1990,SO2_AWB,0.000136694971947115
EU-15,Root_Tuber,Root_TuberAEZ12,Root_TuberAEZ12,1990,SO2_AWB,1.06224411142979e-05
EU-15,Root_Tuber,Root_TuberAEZ13,Root_TuberAEZ13,1990,SO2_AWB,1.96914262131631e-09
EU-15,Root_Tuber,Root_TuberAEZ14,Root_TuberAEZ14,1990,SO2_AWB,3.85568898678407e-08
EU-15,Root_Tuber,Root_TuberAEZ15,Root_TuberAEZ15,1990,SO2_AWB,3.32710287553317e-06
EU-15,Root_Tuber,Root_TuberAEZ16,Root_TuberAEZ16,1990,SO2_AWB,1.93277034256328e-06
EU-15,SugarCrop,SugarCropAEZ04,SugarCropAEZ04,1990,SO2_AWB,3.14597101225765e-08
EU-15,SugarCrop,SugarCropAEZ08,SugarCropAEZ08,1990,SO2_AWB,6.11206142022101e-07
EU-15,SugarCrop,SugarCropAEZ09,SugarCropAEZ09,1990,SO2_AWB,3.37972824042969e-05
EU-15,SugarCrop,SugarCropAEZ10,SugarCropAEZ10,1990,SO2_AWB,0.000223265101745272
EU-15,SugarCrop,SugarCropAEZ11,SugarCropAEZ11,1990,SO2_AWB,0.000300984079564164
EU-15,SugarCrop,SugarCropAEZ12,SugarCropAEZ12,1990,SO2_AWB,1.43851671908684e-05
EU-15,SugarCrop,SugarCropAEZ13,SugarCropAEZ13,1990,SO2_AWB,6.53909775315137e-09
EU-15,SugarCrop,SugarCropAEZ14,SugarCropAEZ14,1990,SO2_AWB,2.48330549588322e-07
EU-15,SugarCrop,SugarCropAEZ15,SugarCropAEZ15,1990,SO2_AWB,5.56438981696149e-06
EU-15,SugarCrop,SugarCropAEZ16,SugarCropAEZ16,1990,SO2_AWB,5.50237367886362e-07
EU-15,Wheat,WheatAEZ04,WheatAEZ04,1990,SO2_AWB,2.1659045807628e-08
EU-15,Wheat,WheatAEZ08,WheatAEZ08,1990,SO2_AWB,2.65031638502245e-07
EU-15,Wheat,WheatAEZ09,WheatAEZ09,1990,SO2_AWB,2.07656901428198e-05
EU-15,Wheat,WheatAEZ10,WheatAEZ10,1990,SO2_AWB,0.000198612099893883
EU-15,Wheat,WheatAEZ11,WheatAEZ11,1990,SO2_AWB,0.000194118487686852
EU-15,Wheat,WheatAEZ12,WheatAEZ12,1990,SO2_AWB,2.87974090975116e-05
EU-15,Wheat,WheatAEZ13,WheatAEZ13,1990,SO2_AWB,2.12638764227798e-09
EU-15,Wheat,WheatAEZ14,WheatAEZ14,1990,SO2_AWB,5.83110062522912e-08
EU-15,Wheat,WheatAEZ15,WheatAEZ15,1990,SO2_AWB,2.14173338672292e-06
EU-15,Wheat,WheatAEZ16,WheatAEZ16,1990,SO2_AWB,1.55681213118612e-06
Europe_Eastern,Corn,CornAEZ08,CornAEZ08,1990,CH4_AWB,6.16498552397988e-05
Europe_Eastern,Corn,CornAEZ09,CornAEZ09,1990,CH4_AWB,0.000132748536343164
Europe_Eastern,Corn,CornAEZ10,CornAEZ10,1990,CH4_AWB,0.00013965110475004
Europe_Eastern,Corn,CornAEZ16,CornAEZ16,1990,CH4_AWB,1.18789504500419e-07
Europe_Eastern,FiberCrop,FiberCropAEZ08,FiberCropAEZ08,1990,CH4_AWB,0
Europe_Eastern,FiberCrop,FiberCropAEZ09,FiberCropAEZ09,1990,CH4_AWB,0
Europe_Eastern,FiberCrop,FiberCropAEZ10,FiberCropAEZ10,1990,CH4_AWB,1.16601280737981e-05
Europe_Eastern,FiberCrop,FiberCropAEZ16,FiberCropAEZ16,1990,CH4_AWB,0
Europe_Eastern,FodderGrass,FodderGrassAEZ08,FodderGrassAEZ08,1990,CH4_AWB,2.19910849766143e-05
Europe_Eastern,FodderGrass,FodderGrassAEZ09,FodderGrassAEZ09,1990,CH4_AWB,2.1360792151741e-05
Europe_Eastern,FodderGrass,FodderGrassAEZ10,FodderGrassAEZ10,1990,CH4_AWB,3.86684800506384e-05
Europe_Eastern,FodderGrass,FodderGrassAEZ16,FodderGrassAEZ16,1990,CH4_AWB,2.30520253890661e-08
Europe_Eastern,FodderHerb,FodderHerbAEZ08,FodderHerbAEZ08,1990,CH4_AWB,0.00177446103085097
Europe_Eastern,FodderHerb,FodderHerbAEZ09,FodderHerbAEZ09,1990,CH4_AWB,0.0018962779628887
Europe_Eastern,FodderHerb,FodderHerbAEZ10,FodderHerbAEZ10,1990,CH4_AWB,0.00416452267608617
Europe_Eastern,FodderHerb,FodderHerbAEZ16,FodderHerbAEZ16,1990,CH4_AWB,1.26725227500797e-06
Europe_Eastern,MiscCrop,MiscCropAEZ08,MiscCropAEZ08,1990,CH4_AWB,0.000299344086781282
Europe_Eastern,MiscCrop,MiscCropAEZ09,MiscCropAEZ09,1990,CH4_AWB,0.000267090515945687
Europe_Eastern,MiscCrop,MiscCropAEZ10,MiscCropAEZ10,1990,CH4_AWB,0.000421598664335226
Europe_Eastern,MiscCrop,MiscCropAEZ16,MiscCropAEZ16,1990,CH4_AWB,1.10811103474325e-08
Europe_Eastern,OilCrop,OilCropAEZ08,OilCropAEZ08,1990,CH4_AWB,6.91388356747022e-05
Europe_Eastern,OilCrop,OilCropAEZ09,OilCropAEZ09,1990,CH4_AWB,7.32573783559197e-05
Europe_Eastern,OilCrop,OilCropAEZ10,OilCropAEZ10,1990,CH4_AWB,3.26933604849161e-05
Europe_Eastern,OilCrop,OilCropAEZ16,OilCropAEZ16,1990,CH4_AWB,0
Europe_Eastern,OtherGrain,OtherGrainAEZ08,OtherGrainAEZ08,1990,CH4_AWB,0.000151504220958477
Europe_Eastern,OtherGrain,OtherGrainAEZ09,OtherGrainAEZ09,1990,CH4_AWB,0.000236119199526179
Europe_Eastern,OtherGrain,OtherGrainAEZ10,OtherGrainAEZ10,1990,CH4_AWB,0.00068996771774622
Europe_Eastern,OtherGrain,OtherGrainAEZ16,OtherGrainAEZ16,1990,CH4_AWB,1.49454558442691e-07
Europe_Eastern,PalmFruit,PalmFruitAEZ08,PalmFruitAEZ08,1990,CH4_AWB,0
Europe_Eastern,PalmFruit,PalmFruitAEZ09,PalmFruitAEZ09,1990,CH4_AWB,0
Europe_Eastern,PalmFruit,PalmFruitAEZ10,PalmFruitAEZ10,1990,CH4_AWB,0
Europe_Eastern,PalmFruit,PalmFruitAEZ16,PalmFruitAEZ16,1990,CH4_AWB,0
Europe_Eastern,Rice,RiceAEZ08,RiceAEZ08,1990,CH4_AWB,6.0441911912786e-06
Europe_Eastern,Rice,RiceAEZ09,RiceAEZ09,1990,CH4_AWB,0
Europe_Eastern,Rice,RiceAEZ10,RiceAEZ10,1990,CH4_AWB,0
Europe_Eastern,Rice,RiceAEZ16,RiceAEZ16,1990,CH4_AWB,0
Europe_Eastern,Root_Tuber,Root_TuberAEZ08,Root_TuberAEZ08,1990,CH4_AWB,6.49337731447732e-05
Europe_Eastern,Root_Tuber,Root_TuberAEZ09,Root_TuberAEZ09,1990,CH4_AWB,0.000159162804861996
Europe_Eastern,Root_Tuber,Root_TuberAEZ10,Root_TuberAEZ10,1990,CH4_AWB,0.00133250580519288
Europe_Eastern,Root_Tuber,Root_TuberAEZ16,Root_TuberAEZ16,1990,CH4_AWB,3.60917525239538e-07
Europe_Eastern,SugarCrop,SugarCropAEZ08,SugarCropAEZ08,1990,CH4_AWB,0.000128150103715744
Europe_Eastern,SugarCrop,SugarCropAEZ09,SugarCropAEZ09,1990,CH4_AWB,0.000667142796525448
Europe_Eastern,SugarCrop,SugarCropAEZ10,SugarCropAEZ10,1990,CH4_AWB,0.00165494200364834
Europe_Eastern,SugarCrop,SugarCropAEZ16,SugarCropAEZ16,1990,CH4_AWB,3.47747108518134e-07
Europe_Eastern,Wheat,WheatAEZ08,WheatAEZ08,1990,CH4_AWB,0.000269730415803755
Europe_Eastern,Wheat,WheatAEZ09,WheatAEZ09,1990,CH4_AWB,0.000231509474267631
Europe_Eastern,Wheat,WheatAEZ10,WheatAEZ10,1990,CH4_AWB,0.000656130396666423
Europe_Eastern,Wheat,WheatAEZ16,WheatAEZ16,1990,CH4_AWB,7.6430965402681e-07
Europe_Eastern,Corn,CornAEZ08,CornAEZ08,1990,CO_AWB,0.00265640602248415
Europe_Eastern,Corn,CornAEZ09,CornAEZ09,1990,CO_AWB,0.00571994873380156
Europe_Eastern,Corn,CornAEZ10,CornAEZ10,1990,CO_AWB,0.00601737075069539
Europe_Eastern,Corn,CornAEZ16,CornAEZ16,1990,CO_AWB,5.11847357849288e-06
Europe_Eastern,FiberCrop,FiberCropAEZ08,FiberCropAEZ08,1990,CO_AWB,0
Europe_Eastern,FiberCrop,FiberCropAEZ09,FiberCropAEZ09,1990,CO_AWB,0
Europe_Eastern,FiberCrop,FiberCropAEZ10,FiberCropAEZ10,1990,CO_AWB,0.000502418607759813
Europe_Eastern,FiberCrop,FiberCropAEZ16,FiberCropAEZ16,1990,CO_AWB,0
Europe_Eastern,FodderGrass,FodderGrassAEZ08,FodderGrassAEZ08,1990,CO_AWB,0.000947565089092492
Europe_Eastern,FodderGrass,FodderGrassAEZ09,FodderGrassAEZ09,1990,CO_AWB,0.000920406652963008
Europe_Eastern,FodderGrass,FodderGrassAEZ10,FodderGrassAEZ10,1990,CO_AWB,0.00166617071341496
Europe_Eastern,FodderGrass,FodderGrassAEZ16,FodderGrassAEZ16,1990,CO_AWB,9.93279527353072e-07
Europe_Eastern,FodderHerb,FodderHerbAEZ08,FodderHerbAEZ08,1990,CO_AWB,0.0764590435886861
Europe_Eastern,FodderHerb,FodderHerbAEZ09,FodderHerbAEZ09,1990,CO_AWB,0.0817079647848006
Europe_Eastern,FodderHerb,FodderHerbAEZ10,FodderHerbAEZ10,1990,CO_AWB,0.179443456509295
Europe_Eastern,FodderHerb,FodderHerbAEZ16,FodderHerbAEZ16,1990,CO_AWB,5.46041278157737e-05
Europe_Eastern,MiscCrop,MiscCropAEZ08,MiscCropAEZ08,1990,CO_AWB,0.0128983179575656
Europe_Eastern,MiscCrop,MiscCropAEZ09,MiscCropAEZ09,1990,CO_AWB,0.0115085567086376
Europe_Eastern,MiscCrop,MiscCropAEZ10,MiscCropAEZ10,1990,CO_AWB,0.0181660966867669
Europe_Eastern,MiscCrop,MiscCropAEZ16,MiscCropAEZ16,1990,CO_AWB,4.7746954389811e-07
Europe_Eastern,OilCrop,OilCropAEZ08,OilCropAEZ08,1990,CO_AWB,0.00297909571335468
Europe_Eastern,OilCrop,OilCropAEZ09,OilCropAEZ09,1990,CO_AWB,0.00315655795620487
Europe_Eastern,OilCrop,OilCropAEZ10,OilCropAEZ10,1990,CO_AWB,0.0014087111697111
Europe_Eastern,OilCrop,OilCropAEZ16,OilCropAEZ16,1990,CO_AWB,0
Europe_Eastern,OtherGrain,OtherGrainAEZ08,OtherGrainAEZ08,1990,CO_AWB,0.00652810494721253
Europe_Eastern,OtherGrain,OtherGrainAEZ09,OtherGrainAEZ09,1990,CO_AWB,0.0101740460087985
Europe_Eastern,OtherGrain,OtherGrainAEZ10,OtherGrainAEZ10,1990,CO_AWB,0.0297297437862838
Europe_Eastern,OtherGrain,OtherGrainAEZ16,OtherGrainAEZ16,1990,CO_AWB,6.43978785660762e-06
Europe_Eastern,PalmFruit,PalmFruitAEZ08,PalmFruitAEZ08,1990,CO_AWB,0
Europe_Eastern,PalmFruit,PalmFruitAEZ09,PalmFruitAEZ09,1990,CO_AWB,0
Europe_Eastern,PalmFruit,PalmFruitAEZ10,PalmFruitAEZ10,1990,CO_AWB,0
Europe_Eastern,PalmFruit,PalmFruitAEZ16,PalmFruitAEZ16,1990,CO_AWB,0
Europe_Eastern,Rice,RiceAEZ08,RiceAEZ08,1990,CO_AWB,0.00026043574342723
Europe_Eastern,Rice,RiceAEZ09,RiceAEZ09,1990,CO_AWB,0
Europe_Eastern,Rice,RiceAEZ10,RiceAEZ10,1990,CO_AWB,0
Europe_Eastern,Rice,RiceAEZ16,RiceAEZ16,1990,CO_AWB,0
Europe_Eastern,Root_Tuber,Root_TuberAEZ08,Root_TuberAEZ08,1990,CO_AWB,0.00279790545125306
Europe_Eastern,Root_Tuber,Root_TuberAEZ09,Root_TuberAEZ09,1990,CO_AWB,0.00685810261429343
Europe_Eastern,Root_Tuber,Root_TuberAEZ10,Root_TuberAEZ10,1990,CO_AWB,0.0574158111505896
Europe_Eastern,Root_Tuber,Root_TuberAEZ16,Root_TuberAEZ16,1990,CO_AWB,1.55514312878298e-05
Europe_Eastern,SugarCrop,SugarCropAEZ08,SugarCropAEZ08,1990,CO_AWB,0.00552180870447059
Europe_Eastern,SugarCrop,SugarCropAEZ09,SugarCropAEZ09,1990,CO_AWB,0.0287462498598546
Europe_Eastern,SugarCrop,SugarCropAEZ10,SugarCropAEZ10,1990,CO_AWB,0.0713091358974584
Europe_Eastern,SugarCrop,SugarCropAEZ16,SugarCropAEZ16,1990,CO_AWB,1.49839364549339e-05
Europe_Eastern,Wheat,WheatAEZ08,WheatAEZ08,1990,CO_AWB,0.0116223063006593
Europe_Eastern,Wheat,WheatAEZ09,WheatAEZ09,1990,CO_AWB,0.00997541939578905
Europe_Eastern,Wheat,WheatAEZ10,WheatAEZ10,1990,CO_AWB,0.0282717409547853
Europe_Eastern,Wheat,WheatAEZ16,WheatAEZ16,1990,CO_AWB,3.29330338263131e-05
Europe_Eastern,Corn,CornAEZ08,CornAEZ08,1990,N2O_AWB,1.59266386248125e-06
Europe_Eastern,Corn,CornAEZ09,CornAEZ09,1990,N2O_AWB,3.42942892256052e-06
Europe_Eastern,Corn,CornAEZ10,CornAEZ10,1990,N2O_AWB,3.60775004297799e-06
Europe_Eastern,Corn,CornAEZ16,CornAEZ16,1990,N2O_AWB,3.06881095379662e-09
Europe_Eastern,FiberCrop,FiberCropAEZ08,FiberCropAEZ08,1990,N2O_AWB,0
Europe_Eastern,FiberCrop,FiberCropAEZ09,FiberCropAEZ09,1990,N2O_AWB,0
Europe_Eastern,FiberCrop,FiberCropAEZ10,FiberCropAEZ10,1990,N2O_AWB,3.01228032779755e-07
Europe_Eastern,FiberCrop,FiberCropAEZ16,FiberCropAEZ16,1990,N2O_AWB,0
Europe_Eastern,FodderGrass,FodderGrassAEZ08,FodderGrassAEZ08,1990,N2O_AWB,5.68118225140576e-07
Europe_Eastern,FodderGrass,FodderGrassAEZ09,FodderGrassAEZ09,1990,N2O_AWB,5.51835224944513e-07
Europe_Eastern,FodderGrass,FodderGrassAEZ10,FodderGrassAEZ10,1990,N2O_AWB,9.98962455859448e-07
Europe_Eastern,FodderGrass,FodderGrassAEZ16,FodderGrassAEZ16,1990,N2O_AWB,5.9552658560769e-10
Europe_Eastern,FodderHerb,FodderHerbAEZ08,FodderHerbAEZ08,1990,N2O_AWB,4.58414695091308e-05
Europe_Eastern,FodderHerb,FodderHerbAEZ09,FodderHerbAEZ09,1990,N2O_AWB,4.89884910996954e-05
Europe_Eastern,FodderHerb,FodderHerbAEZ10,FodderHerbAEZ10,1990,N2O_AWB,0.000107586380290547
Europe_Eastern,FodderHerb,FodderHerbAEZ16,FodderHerbAEZ16,1990,N2O_AWB,3.27382261515742e-08
Europe_Eastern,MiscCrop,MiscCropAEZ08,MiscCropAEZ08,1990,N2O_AWB,7.73326243199715e-06
Europe_Eastern,MiscCrop,MiscCropAEZ09,MiscCropAEZ09,1990,N2O_AWB,6.90002289711062e-06
Europe_Eastern,MiscCrop,MiscCropAEZ10,MiscCropAEZ10,1990,N2O_AWB,1.08915901674917e-05
Europe_Eastern,MiscCrop,MiscCropAEZ16,MiscCropAEZ16,1990,N2O_AWB,2.86269674727956e-10
Europe_Eastern,OilCrop,OilCropAEZ08,OilCropAEZ08,1990,N2O_AWB,1.78613436551983e-06
Europe_Eastern,OilCrop,OilCropAEZ09,OilCropAEZ09,1990,N2O_AWB,1.89253289750255e-06
Europe_Eastern,OilCrop,OilCropAEZ10,OilCropAEZ10,1990,N2O_AWB,8.44601071403396e-07
Europe_Eastern,OilCrop,OilCropAEZ16,OilCropAEZ16,1990,N2O_AWB,0
Europe_Eastern,OtherGrain,OtherGrainAEZ08,OtherGrainAEZ08,1990,N2O_AWB,3.91396373593054e-06
Europe_Eastern,OtherGrain,OtherGrainAEZ09,OtherGrainAEZ09,1990,N2O_AWB,6.09990915405387e-06
Europe_Eastern,OtherGrain,OtherGrainAEZ10,OtherGrainAEZ10,1990,N2O_AWB,1.7824642832635e-05
Europe_Eastern,OtherGrain,OtherGrainAEZ16,OtherGrainAEZ16,1990,N2O_AWB,3.86101270455379e-09
Europe_Eastern,PalmFruit,PalmFruitAEZ08,PalmFruitAEZ08,1990,N2O_AWB,0
Europe_Eastern,PalmFruit,PalmFruitAEZ09,PalmFruitAEZ09,1990,N2O_AWB,0
Europe_Eastern,PalmFruit,PalmFruitAEZ10,PalmFruitAEZ10,1990,N2O_AWB,0
Europe_Eastern,PalmFruit,PalmFruitAEZ16,PalmFruitAEZ16,1990,N2O_AWB,0
Europe_Eastern,Rice,RiceAEZ08,RiceAEZ08,1990,N2O_AWB,1.56145782513736e-07
Europe_Eastern,Rice,RiceAEZ09,RiceAEZ09,1990,N2O_AWB,0
Europe_Eastern,Rice,RiceAEZ10,RiceAEZ10,1990,N2O_AWB,0
Europe_Eastern,Rice,RiceAEZ16,RiceAEZ16,1990,N2O_AWB,0
Europe_Eastern,Root_Tuber,Root_TuberAEZ08,Root_TuberAEZ08,1990,N2O_AWB,1.67750067765728e-06
Europe_Eastern,Root_Tuber,Root_TuberAEZ09,Root_TuberAEZ09,1990,N2O_AWB,4.11181577911005e-06
Europe_Eastern,Root_Tuber,Root_TuberAEZ10,Root_TuberAEZ10,1990,N2O_AWB,3.44239874403979e-05
Europe_Eastern,Root_Tuber,Root_TuberAEZ16,Root_TuberAEZ16,1990,N2O_AWB,9.32395214148197e-09
Europe_Eastern,SugarCrop,SugarCropAEZ08,SugarCropAEZ08,1990,N2O_AWB,3.31063290201419e-06
Europe_Eastern,SugarCrop,SugarCropAEZ09,SugarCropAEZ09,1990,N2O_AWB,1.72349832616449e-05
Europe_Eastern,SugarCrop,SugarCropAEZ10,SugarCropAEZ10,1990,N2O_AWB,4.2753812048069e-05
Europe_Eastern,SugarCrop,SugarCropAEZ16,SugarCropAEZ16,1990,N2O_AWB,8.98370727497889e-09
Europe_Eastern,Wheat,WheatAEZ08,WheatAEZ08,1990,N2O_AWB,6.96822213437014e-06
Europe_Eastern,Wheat,WheatAEZ09,WheatAEZ09,1990,N2O_AWB,5.9808213993998e-06
Europe_Eastern,Wheat,WheatAEZ10,WheatAEZ10,1990,N2O_AWB,1.69504886553487e-05
Europe_Eastern,Wheat,WheatAEZ16,WheatAEZ16,1990,N2O_AWB,1.97451942259908e-08
Europe_Eastern,Corn,CornAEZ08,CornAEZ08,1990,NH3_AWB,2.96038853253305e-05
Europe_Eastern,Corn,CornAEZ09,CornAEZ09,1990,NH3_AWB,6.37450393309521e-05
Europe_Eastern,Corn,CornAEZ10,CornAEZ10,1990,NH3_AWB,6.70596106754033e-05
Europe_Eastern,Corn,CornAEZ16,CornAEZ16,1990,NH3_AWB,5.70419971856319e-08
Europe_Eastern,FiberCrop,FiberCropAEZ08,FiberCropAEZ08,1990,NH3_AWB,0
Europe_Eastern,FiberCrop,FiberCropAEZ09,FiberCropAEZ09,1990,NH3_AWB,0
Europe_Eastern,FiberCrop,FiberCropAEZ10,FiberCropAEZ10,1990,NH3_AWB,5.59912254510121e-06
Europe_Eastern,FiberCrop,FiberCropAEZ16,FiberCropAEZ16,1990,NH3_AWB,0
Europe_Eastern,FodderGrass,FodderGrassAEZ08,FodderGrassAEZ08,1990,NH3_AWB,1.05599851823661e-05
Europe_Eastern,FodderGrass,FodderGrassAEZ09,FodderGrassAEZ09,1990,NH3_AWB,1.02573224034131e-05
Europe_Eastern,FodderGrass,FodderGrassAEZ10,FodderGrassAEZ10,1990,NH3_AWB,1.85683688091603e-05
Europe_Eastern,FodderGrass,FodderGrassAEZ16,FodderGrassAEZ16,1990,NH3_AWB,1.10694423122338e-08
Europe_Eastern,FodderHerb,FodderHerbAEZ08,FodderHerbAEZ08,1990,NH3_AWB,0.00085208538880182
Europe_Eastern,FodderHerb,FodderHerbAEZ09,FodderHerbAEZ09,1990,NH3_AWB,0.000910581138267919
Europe_Eastern,FodderHerb,FodderHerbAEZ10,FodderHerbAEZ10,1990,NH3_AWB,0.001999778446487
Europe_Eastern,FodderHerb,FodderHerbAEZ16,FodderHerbAEZ16,1990,NH3_AWB,6.08526830787779e-07
Europe_Eastern,MiscCrop,MiscCropAEZ08,MiscCropAEZ08,1990,NH3_AWB,0.000143743208859443
Europe_Eastern,MiscCrop,MiscCropAEZ09,MiscCropAEZ09,1990,NH3_AWB,0.000128255240418392
Europe_Eastern,MiscCrop,MiscCropAEZ10,MiscCropAEZ10,1990,NH3_AWB,0.000202449113039203
Europe_Eastern,MiscCrop,MiscCropAEZ16,MiscCropAEZ16,1990,NH3_AWB,5.32108175642483e-09
Europe_Eastern,OilCrop,OilCropAEZ08,OilCropAEZ08,1990,NH3_AWB,3.32000481571192e-05
Europe_Eastern,OilCrop,OilCropAEZ09,OilCropAEZ09,1990,NH3_AWB,3.51777472898746e-05
Europe_Eastern,OilCrop,OilCropAEZ10,OilCropAEZ10,1990,NH3_AWB,1.56991527543821e-05
Europe_Eastern,OilCrop,OilCropAEZ16,OilCropAEZ16,1990,NH3_AWB,0
Europe_Eastern,OtherGrain,OtherGrainAEZ08,OtherGrainAEZ08,1990,NH3_AWB,7.27514049483582e-05
Europe_Eastern,OtherGrain,OtherGrainAEZ09,OtherGrainAEZ09,1990,NH3_AWB,0.000113383002744982
Europe_Eastern,OtherGrain,OtherGrainAEZ10,OtherGrainAEZ10,1990,NH3_AWB,0.00033131829936809
Europe_Eastern,OtherGrain,OtherGrainAEZ16,OtherGrainAEZ16,1990,NH3_AWB,7.17671694811875e-08
Europe_Eastern,PalmFruit,PalmFruitAEZ08,PalmFruitAEZ08,1990,NH3_AWB,0
Europe_Eastern,PalmFruit,PalmFruitAEZ09,PalmFruitAEZ09,1990,NH3_AWB,0
Europe_Eastern,PalmFruit,PalmFruitAEZ10,PalmFruitAEZ10,1990,NH3_AWB,0
Europe_Eastern,PalmFruit,PalmFruitAEZ16,PalmFruitAEZ16,1990,NH3_AWB,0
Europe_Eastern,Rice,RiceAEZ08,RiceAEZ08,1990,NH3_AWB,2.90238382904543e-06
Europe_Eastern,Rice,RiceAEZ09,RiceAEZ09,1990,NH3_AWB,0
Europe_Eastern,Rice,RiceAEZ10,RiceAEZ10,1990,NH3_AWB,0
Europe_Eastern,Rice,RiceAEZ16,RiceAEZ16,1990,NH3_AWB,0
Europe_Eastern,Root_Tuber,Root_TuberAEZ08,Root_TuberAEZ08,1990,NH3_AWB,3.1180802719516e-05
Europe_Eastern,Root_Tuber,Root_TuberAEZ09,Root_TuberAEZ09,1990,NH3_AWB,7.64290103336801e-05
Europe_Eastern,Root_Tuber,Root_TuberAEZ10,Root_TuberAEZ10,1990,NH3_AWB,0.000639861178892137
Europe_Eastern,Root_Tuber,Root_TuberAEZ16,Root_TuberAEZ16,1990,NH3_AWB,1.73310399311299e-07
Europe_Eastern,SugarCrop,SugarCropAEZ08,SugarCropAEZ08,1990,NH3_AWB,6.1536899966328e-05
Europe_Eastern,SugarCrop,SugarCropAEZ09,SugarCropAEZ09,1990,NH3_AWB,0.000320357911095463
Europe_Eastern,SugarCrop,SugarCropAEZ10,SugarCropAEZ10,1990,NH3_AWB,0.000794693079253985
Europe_Eastern,SugarCrop,SugarCropAEZ16,SugarCropAEZ16,1990,NH3_AWB,1.6698604534825e-07
Europe_Eastern,Wheat,WheatAEZ08,WheatAEZ08,1990,NH3_AWB,0.000129522904265527
Europe_Eastern,Wheat,WheatAEZ09,WheatAEZ09,1990,NH3_AWB,0.000111169440727609
Europe_Eastern,Wheat,WheatAEZ10,WheatAEZ10,1990,NH3_AWB,0.000315069823697444
Europe_Eastern,Wheat,WheatAEZ16,WheatAEZ16,1990,NH3_AWB,3.67016844773479e-07
Europe_Eastern,Corn,CornAEZ08,CornAEZ08,1990,NMVOC_AWB,0.000159266386248125
Europe_Eastern,Corn,CornAEZ09,CornAEZ09,1990,NMVOC_AWB,0.000342942892256052
Europe_Eastern,Corn,CornAEZ10,CornAEZ10,1990,NMVOC_AWB,0.000360775004297799
Europe_Eastern,Corn,CornAEZ16,CornAEZ16,1990,NMVOC_AWB,3.06881095379662e-07
Europe_Eastern,FiberCrop,FiberCropAEZ08,FiberCropAEZ08,1990,NMVOC_AWB,0
Europe_Eastern,FiberCrop,FiberCropAEZ09,FiberCropAEZ09,1990,NMVOC_AWB,0
Europe_Eastern,FiberCrop,FiberCropAEZ10,FiberCropAEZ10,1990,NMVOC_AWB,3.01228032779754e-05
Europe_Eastern,FiberCrop,FiberCropAEZ16,FiberCropAEZ16,1990,NMVOC_AWB,0
Europe_Eastern,FodderGrass,FodderGrassAEZ08,FodderGrassAEZ08,1990,NMVOC_AWB,5.68118225140576e-05
Europe_Eastern,FodderGrass,FodderGrassAEZ09,FodderGrassAEZ09,1990,NMVOC_AWB,5.51835224944513e-05
Europe_Eastern,FodderGrass,FodderGrassAEZ10,FodderGrassAEZ10,1990,NMVOC_AWB,9.98962455859448e-05
Europe_Eastern,FodderGrass,FodderGrassAEZ16,FodderGrassAEZ16,1990,NMVOC_AWB,5.9552658560769e-08
Europe_Eastern,FodderHerb,FodderHerbAEZ08,FodderHerbAEZ08,1990,NMVOC_AWB,0.00458414695091308
Europe_Eastern,FodderHerb,FodderHerbAEZ09,FodderHerbAEZ09,1990,NMVOC_AWB,0.00489884910996954
Europe_Eastern,FodderHerb,FodderHerbAEZ10,FodderHerbAEZ10,1990,NMVOC_AWB,0.0107586380290547
Europe_Eastern,FodderHerb,FodderHerbAEZ16,FodderHerbAEZ16,1990,NMVOC_AWB,3.27382261515742e-06
Europe_Eastern,MiscCrop,MiscCropAEZ08,MiscCropAEZ08,1990,NMVOC_AWB,0.000773326243199715
Europe_Eastern,MiscCrop,MiscCropAEZ09,MiscCropAEZ09,1990,NMVOC_AWB,0.000690002289711062
Europe_Eastern,MiscCrop,MiscCropAEZ10,MiscCropAEZ10,1990,NMVOC_AWB,0.00108915901674917
Europe_Eastern,MiscCrop,MiscCropAEZ16,MiscCropAEZ16,1990,NMVOC_AWB,2.86269674727956e-08
Europe_Eastern,OilCrop,OilCropAEZ08,OilCropAEZ08,1990,NMVOC_AWB,0.000178613436551983
Europe_Eastern,OilCrop,OilCropAEZ09,OilCropAEZ09,1990,NMVOC_AWB,0.000189253289750255
Europe_Eastern,OilCrop,OilCropAEZ10,OilCropAEZ10,1990,NMVOC_AWB,8.44601071403396e-05
Europe_Eastern,OilCrop,OilCropAEZ16,OilCropAEZ16,1990,NMVOC_AWB,0
Europe_Eastern,OtherGrain,OtherGrainAEZ08,OtherGrainAEZ08,1990,NMVOC_AWB,0.000391396373593054
Europe_Eastern,OtherGrain,OtherGrainAEZ09,OtherGrainAEZ09,1990,NMVOC_AWB,0.000609990915405387
Europe_Eastern,OtherGrain,OtherGrainAEZ10,OtherGrainAEZ10,1990,NMVOC_AWB,0.0017824642832635
Europe_Eastern,OtherGrain,OtherGrainAEZ16,OtherGrainAEZ16,1990,NMVOC_AWB,3.86101270455379e-07
Europe_Eastern,PalmFruit,PalmFruitAEZ08,PalmFruitAEZ08,1990,NMVOC_AWB,0
Europe_Eastern,PalmFruit,PalmFruitAEZ09,PalmFruitAEZ09,1990,NMVOC_AWB,0
Europe_Eastern,PalmFruit,PalmFruitAEZ10,PalmFruitAEZ10,1990,NMVOC_AWB,0
Europe_Eastern,PalmFruit,PalmFruitAEZ16,PalmFruitAEZ16,1990,NMVOC_AWB,0
Europe_Eastern,Rice,RiceAEZ08,RiceAEZ08,1990,NMVOC_AWB,1.56145782513735e-05
Europe_Eastern,Rice,RiceAEZ09,RiceAEZ09,1990,NMVOC_AWB,0
Europe_Eastern,Rice,RiceAEZ10,RiceAEZ10,1990,NMVOC_AWB,0
Europe_Eastern,Rice,RiceAEZ16,RiceAEZ16,1990,NMVOC_AWB,0
Europe_Eastern,Root_Tuber,Root_TuberAEZ08,Root_TuberAEZ08,1990,NMVOC_AWB,0.000167750067765728
Europe_Eastern,Root_Tuber,Root_TuberAEZ09,Root_TuberAEZ09,1990,NMVOC_AWB,0.000411181577911005
Europe_Eastern,Root_Tuber,Root_TuberAEZ10,Root_TuberAEZ10,1990,NMVOC_AWB,0.00344239874403979
Europe_Eastern,Root_Tuber,Root_TuberAEZ16,Root_TuberAEZ16,1990,NMVOC_AWB,9.32395214148197e-07
Europe_Eastern,SugarCrop,SugarCropAEZ08,SugarCropAEZ08,1990,NMVOC_AWB,0.000331063290201419
Europe_Eastern,SugarCrop,SugarCropAEZ09,SugarCropAEZ09,1990,NMVOC_AWB,0.00172349832616449
Europe_Eastern,SugarCrop,SugarCropAEZ10,SugarCropAEZ10,1990,NMVOC_AWB,0.0042753812048069
Europe_Eastern,SugarCrop,SugarCropAEZ16,SugarCropAEZ16,1990,NMVOC_AWB,8.98370727497889e-07
Europe_Eastern,Wheat,WheatAEZ08,WheatAEZ08,1990,NMVOC_AWB,0.000696822213437014
Europe_Eastern,Wheat,WheatAEZ09,WheatAEZ09,1990,NMVOC_AWB,0.00059808213993998
Europe_Eastern,Wheat,WheatAEZ10,WheatAEZ10,1990,NMVOC_AWB,0.00169504886553487
Europe_Eastern,Wheat,WheatAEZ16,WheatAEZ16,1990,NMVOC_AWB,1.97451942259908e-06
Europe_Eastern,Corn,CornAEZ08,CornAEZ08,1990,NOx_AWB,8.65740615617893e-05
Europe_Eastern,Corn,CornAEZ09,CornAEZ09,1990,NOx_AWB,0.000186416982049802
Europe_Eastern,Corn,CornAEZ10,CornAEZ10,1990,NOx_AWB,0.000196110165916446
Europe_Eastern,Corn,CornAEZ16,CornAEZ16,1990,NOx_AWB,1.66814501599586e-07
Europe_Eastern,FiberCrop,FiberCropAEZ08,FiberCropAEZ08,1990,NOx_AWB,0
Europe_Eastern,FiberCrop,FiberCropAEZ09,FiberCropAEZ09,1990,NOx_AWB,0
Europe_Eastern,FiberCrop,FiberCropAEZ10,FiberCropAEZ10,1990,NOx_AWB,1.63741608435711e-05
Europe_Eastern,FiberCrop,FiberCropAEZ16,FiberCropAEZ16,1990,NOx_AWB,0
Europe_Eastern,FodderGrass,FodderGrassAEZ08,FodderGrassAEZ08,1990,NOx_AWB,3.08817845098019e-05
Europe_Eastern,FodderGrass,FodderGrassAEZ09,FodderGrassAEZ09,1990,NOx_AWB,2.99966727830949e-05
Europe_Eastern,FodderGrass,FodderGrassAEZ10,FodderGrassAEZ10,1990,NOx_AWB,5.43016258413475e-05
Europe_Eastern,FodderGrass,FodderGrassAEZ16,FodderGrassAEZ16,1990,NOx_AWB,3.23716488448229e-08
Europe_Eastern,FodderHerb,FodderHerbAEZ08,FodderHerbAEZ08,1990,NOx_AWB,0.00249185173146547
Europe_Eastern,FodderHerb,FodderHerbAEZ09,FodderHerbAEZ09,1990,NOx_AWB,0.00266291760878962
Europe_Eastern,FodderHerb,FodderHerbAEZ10,FodderHerbAEZ10,1990,NOx_AWB,0.00584818311628737
Europe_Eastern,FodderHerb,FodderHerbAEZ16,FodderHerbAEZ16,1990,NOx_AWB,1.77958530549853e-06
Europe_Eastern,MiscCrop,MiscCropAEZ08,MiscCropAEZ08,1990,NOx_AWB,0.000420364870223252
Europe_Eastern,MiscCrop,MiscCropAEZ09,MiscCropAEZ09,1990,NOx_AWB,0.000375071615012075
Europe_Eastern,MiscCrop,MiscCropAEZ10,MiscCropAEZ10,1990,NOx_AWB,0.000592045327252663
Europe_Eastern,MiscCrop,MiscCropAEZ16,MiscCropAEZ16,1990,NOx_AWB,1.55610540472493e-08
Europe_Eastern,OilCrop,OilCropAEZ08,OilCropAEZ08,1990,NOx_AWB,9.709073594301e-05
Europe_Eastern,OilCrop,OilCropAEZ09,OilCropAEZ09,1990,NOx_AWB,0.000102874349971651
Europe_Eastern,OilCrop,OilCropAEZ10,OilCropAEZ10,1990,NOx_AWB,4.59108458936932e-05
Europe_Eastern,OilCrop,OilCropAEZ16,OilCropAEZ16,1990,NOx_AWB,0
Europe_Eastern,OtherGrain,OtherGrainAEZ08,OtherGrainAEZ08,1990,NOx_AWB,0.000212755337398792
Europe_Eastern,OtherGrain,OtherGrainAEZ09,OtherGrainAEZ09,1990,NOx_AWB,0.000331579012411101
Europe_Eastern,OtherGrain,OtherGrainAEZ10,OtherGrainAEZ10,1990,NOx_AWB,0.000968912375211012
Europe_Eastern,OtherGrain,OtherGrainAEZ16,OtherGrainAEZ16,1990,NOx_AWB,2.09877023927782e-07
Europe_Eastern,PalmFruit,PalmFruitAEZ08,PalmFruitAEZ08,1990,NOx_AWB,0
Europe_Eastern,PalmFruit,PalmFruitAEZ09,PalmFruitAEZ09,1990,NOx_AWB,0
Europe_Eastern,PalmFruit,PalmFruitAEZ10,PalmFruitAEZ10,1990,NOx_AWB,0
Europe_Eastern,PalmFruit,PalmFruitAEZ16,PalmFruitAEZ16,1990,NOx_AWB,0
Europe_Eastern,Rice,RiceAEZ08,RiceAEZ08,1990,NOx_AWB,8.48777630133305e-06
Europe_Eastern,Rice,RiceAEZ09,RiceAEZ09,1990,NOx_AWB,0
Europe_Eastern,Rice,RiceAEZ10,RiceAEZ10,1990,NOx_AWB,0
Europe_Eastern,Rice,RiceAEZ16,RiceAEZ16,1990,NOx_AWB,0
Europe_Eastern,Root_Tuber,Root_TuberAEZ08,Root_TuberAEZ08,1990,NOx_AWB,9.11856232558641e-05
Europe_Eastern,Root_Tuber,Root_TuberAEZ09,Root_TuberAEZ09,1990,NOx_AWB,0.00022351018364718
Europe_Eastern,Root_Tuber,Root_TuberAEZ10,Root_TuberAEZ10,1990,NOx_AWB,0.00187121995926015
Europe_Eastern,Root_Tuber,Root_TuberAEZ16,Root_TuberAEZ16,1990,NOx_AWB,5.06831620727717e-07
Europe_Eastern,SugarCrop,SugarCropAEZ08,SugarCropAEZ08,1990,NOx_AWB,0.00017995946503171
Europe_Eastern,SugarCrop,SugarCropAEZ09,SugarCropAEZ09,1990,NOx_AWB,0.000936859645691634
Europe_Eastern,SugarCrop,SugarCropAEZ10,SugarCropAEZ10,1990,NOx_AWB,0.00232401277095862
Europe_Eastern,SugarCrop,SugarCropAEZ16,SugarCropAEZ16,1990,NOx_AWB,4.88336581873235e-07
Europe_Eastern,Wheat,WheatAEZ08,WheatAEZ08,1990,NOx_AWB,0.000378778790834959
Europe_Eastern,Wheat,WheatAEZ09,WheatAEZ09,1990,NOx_AWB,0.000325105637303177
Europe_Eastern,Wheat,WheatAEZ10,WheatAEZ10,1990,NOx_AWB,0.000921395080858027
Europe_Eastern,Wheat,WheatAEZ16,WheatAEZ16,1990,NOx_AWB,1.07330975527207e-06
Europe_Eastern,Corn,CornAEZ08,CornAEZ08,1990,SO2_AWB,1.26508633224745e-05
Europe_Eastern,Corn,CornAEZ09,CornAEZ09,1990,SO2_AWB,2.72406736885857e-05
Europe_Eastern,Corn,CornAEZ10,CornAEZ10,1990,SO2_AWB,2.8657115773482e-05
Europe_Eastern,Corn,CornAEZ16,CornAEZ16,1990,SO2_AWB,2.43762094774413e-08
Europe_Eastern,FiberCrop,FiberCropAEZ08,FiberCropAEZ08,1990,SO2_AWB,0
Europe_Eastern,FiberCrop,FiberCropAEZ09,FiberCropAEZ09,1990,SO2_AWB,0
Europe_Eastern,FiberCrop,FiberCropAEZ10,FiberCropAEZ10,1990,SO2_AWB,2.39271748506783e-06
Europe_Eastern,FiberCrop,FiberCropAEZ16,FiberCropAEZ16,1990,SO2_AWB,0
Europe_Eastern,FodderGrass,FodderGrassAEZ08,FodderGrassAEZ08,1990,SO2_AWB,4.51268229698082e-06
Europe_Eastern,FodderGrass,FodderGrassAEZ09,FodderGrassAEZ09,1990,SO2_AWB,4.3833430090037e-06
Europe_Eastern,FodderGrass,FodderGrassAEZ10,FodderGrassAEZ10,1990,SO2_AWB,7.93496844567863e-06
Europe_Eastern,FodderGrass,FodderGrassAEZ16,FodderGrassAEZ16,1990,SO2_AWB,4.73039265654306e-09
Europe_Eastern,FodderHerb,FodderHerbAEZ08,FodderHerbAEZ08,1990,SO2_AWB,0.000364128413360183
Europe_Eastern,FodderHerb,FodderHerbAEZ09,FodderHerbAEZ09,1990,SO2_AWB,0.00038912586634005
Europe_Eastern,FodderHerb,FodderHerbAEZ10,FodderHerbAEZ10,1990,SO2_AWB,0.000854581198505404
Europe_Eastern,FodderHerb,FodderHerbAEZ16,FodderHerbAEZ16,1990,SO2_AWB,2.60046601307689e-07
Europe_Eastern,MiscCrop,MiscCropAEZ08,MiscCropAEZ08,1990,SO2_AWB,6.14269265277403e-05
Europe_Eastern,MiscCrop,MiscCropAEZ09,MiscCropAEZ09,1990,SO2_AWB,5.48083300247034e-05
Europe_Eastern,MiscCrop,MiscCropAEZ10,MiscCropAEZ10,1990,SO2_AWB,8.65141865896806e-05
Europe_Eastern,MiscCrop,MiscCropAEZ16,MiscCropAEZ16,1990,SO2_AWB,2.27390010765391e-09
Europe_Eastern,OilCrop,OilCropAEZ08,OilCropAEZ08,1990,SO2_AWB,1.41876401330304e-05
Europe_Eastern,OilCrop,OilCropAEZ09,OilCropAEZ09,1990,SO2_AWB,1.50327860031252e-05
Europe_Eastern,OilCrop,OilCropAEZ10,OilCropAEZ10,1990,SO2_AWB,6.70884357211043e-06
Europe_Eastern,OilCrop,OilCropAEZ16,OilCropAEZ16,1990,SO2_AWB,0
Europe_Eastern,OtherGrain,OtherGrainAEZ08,OtherGrainAEZ08,1990,SO2_AWB,3.10894354036754e-05
Europe_Eastern,OtherGrain,OtherGrainAEZ09,OtherGrainAEZ09,1990,SO2_AWB,4.8452858638497e-05
Europe_Eastern,OtherGrain,OtherGrainAEZ10,OtherGrainAEZ10,1990,SO2_AWB,0.000141584878994042
Europe_Eastern,OtherGrain,OtherGrainAEZ16,OtherGrainAEZ16,1990,SO2_AWB,3.06688342482705e-08
Europe_Eastern,PalmFruit,PalmFruitAEZ08,PalmFruitAEZ08,1990,SO2_AWB,0
Europe_Eastern,PalmFruit,PalmFruitAEZ09,PalmFruitAEZ09,1990,SO2_AWB,0
Europe_Eastern,PalmFruit,PalmFruitAEZ10,PalmFruitAEZ10,1990,SO2_AWB,0
Europe_Eastern,PalmFruit,PalmFruitAEZ16,PalmFruitAEZ16,1990,SO2_AWB,0
Europe_Eastern,Rice,RiceAEZ08,RiceAEZ08,1990,SO2_AWB,1.24029872184367e-06
Europe_Eastern,Rice,RiceAEZ09,RiceAEZ09,1990,SO2_AWB,0
Europe_Eastern,Rice,RiceAEZ10,RiceAEZ10,1990,SO2_AWB,0
Europe_Eastern,Rice,RiceAEZ16,RiceAEZ16,1990,SO2_AWB,0
Europe_Eastern,Root_Tuber,Root_TuberAEZ08,Root_TuberAEZ08,1990,SO2_AWB,1.33247399506752e-05
Europe_Eastern,Root_Tuber,Root_TuberAEZ09,Root_TuberAEZ09,1990,SO2_AWB,3.26610157071532e-05
Europe_Eastern,Root_Tuber,Root_TuberAEZ10,Root_TuberAEZ10,1990,SO2_AWB,0.000273436957026568
Europe_Eastern,Root_Tuber,Root_TuberAEZ16,Root_TuberAEZ16,1990,SO2_AWB,7.40621087386358e-08
Europe_Eastern,SugarCrop,SugarCropAEZ08,SugarCropAEZ08,1990,SO2_AWB,2.6297051964888e-05
Europe_Eastern,SugarCrop,SugarCropAEZ09,SugarCropAEZ09,1990,SO2_AWB,0.000136901089265954
Europe_Eastern,SugarCrop,SugarCropAEZ10,SugarCropAEZ10,1990,SO2_AWB,0.000339602502120094
Europe_Eastern,SugarCrop,SugarCropAEZ16,SugarCropAEZ16,1990,SO2_AWB,7.13594723545854e-08
Europe_Eastern,Wheat,WheatAEZ08,WheatAEZ08,1990,SO2_AWB,5.53500508796759e-05
Europe_Eastern,Wheat,WheatAEZ09,WheatAEZ09,1990,SO2_AWB,4.75069196095535e-05
Europe_Eastern,Wheat,WheatAEZ10,WheatAEZ10,1990,SO2_AWB,0.000134641288899399
Europe_Eastern,Wheat,WheatAEZ16,WheatAEZ16,1990,SO2_AWB,1.56840221790154e-07
Europe_Non_EU,Corn,CornAEZ07,CornAEZ07,1990,CH4_AWB,9.95940360210389e-09
Europe_Non_EU,Corn,CornAEZ08,CornAEZ08,1990,CH4_AWB,5.42934397517793e-05
Europe_Non_EU,Corn,CornAEZ09,CornAEZ09,1990,CH4_AWB,0.000265452714923586
Europe_Non_EU,Corn,CornAEZ10,CornAEZ10,1990,CH4_AWB,0.00153642823023333
Europe_Non_EU,Corn,CornAEZ11,CornAEZ11,1990,CH4_AWB,0.000885329729894883
Europe_Non_EU,Corn,CornAEZ12,CornAEZ12,1990,CH4_AWB,3.92303397737774e-05
Europe_Non_EU,Corn,CornAEZ14,CornAEZ14,1990,CH4_AWB,1.20110407441373e-06
Europe_Non_EU,Corn,CornAEZ15,CornAEZ15,1990,CH4_AWB,5.28694940217686e-06
Europe_Non_EU,Corn,CornAEZ16,CornAEZ16,1990,CH4_AWB,8.28896263294105e-06
Europe_Non_EU,FiberCrop,FiberCropAEZ07,FiberCropAEZ07,1990,CH4_AWB,0
Europe_Non_EU,FiberCrop,FiberCropAEZ08,FiberCropAEZ08,1990,CH4_AWB,1.49903141369458e-05
Europe_Non_EU,FiberCrop,FiberCropAEZ09,FiberCropAEZ09,1990,CH4_AWB,0.000251286893883873
Europe_Non_EU,FiberCrop,FiberCropAEZ10,FiberCropAEZ10,1990,CH4_AWB,0.000186687170640734
Europe_Non_EU,FiberCrop,FiberCropAEZ11,FiberCropAEZ11,1990,CH4_AWB,8.20050871980677e-09
Europe_Non_EU,FiberCrop,FiberCropAEZ12,FiberCropAEZ12,1990,CH4_AWB,0
Europe_Non_EU,FiberCrop,FiberCropAEZ14,FiberCropAEZ14,1990,CH4_AWB,0
Europe_Non_EU,FiberCrop,FiberCropAEZ15,FiberCropAEZ15,1990,CH4_AWB,0
Europe_Non_EU,FiberCrop,FiberCropAEZ16,FiberCropAEZ16,1990,CH4_AWB,0
Europe_Non_EU,FodderGrass,FodderGrassAEZ07,FodderGrassAEZ07,1990,CH4_AWB,0
Europe_Non_EU,FodderGrass,FodderGrassAEZ08,FodderGrassAEZ08,1990,CH4_AWB,0
Europe_Non_EU,FodderGrass,FodderGrassAEZ09,FodderGrassAEZ09,1990,CH4_AWB,0
Europe_Non_EU,FodderGrass,FodderGrassAEZ10,FodderGrassAEZ10,1990,CH4_AWB,0
Europe_Non_EU,FodderGrass,FodderGrassAEZ11,FodderGrassAEZ11,1990,CH4_AWB,0
Europe_Non_EU,FodderGrass,FodderGrassAEZ12,FodderGrassAEZ12,1990,CH4_AWB,0
Europe_Non_EU,FodderGrass,FodderGrassAEZ14,FodderGrassAEZ14,1990,CH4_AWB,0
Europe_Non_EU,FodderGrass,FodderGrassAEZ15,FodderGrassAEZ15,1990,CH4_AWB,0
Europe_Non_EU,FodderGrass,FodderGrassAEZ16,FodderGrassAEZ16,1990,CH4_AWB,0
Europe_Non_EU,FodderHerb,FodderHerbAEZ07,FodderHerbAEZ07,1990,CH4_AWB,4.6246351530067e-06
Europe_Non_EU,FodderHerb,FodderHerbAEZ08,FodderHerbAEZ08,1990,CH4_AWB,0.00133479197260947
Europe_Non_EU,FodderHerb,FodderHerbAEZ09,FodderHerbAEZ09,1990,CH4_AWB,0.00156363086486881
Europe_Non_EU,FodderHerb,FodderHerbAEZ10,FodderHerbAEZ10,1990,CH4_AWB,0.00245398380913634
Europe_Non_EU,FodderHerb,FodderHerbAEZ11,FodderHerbAEZ11,1990,CH4_AWB,0.00100265725095481
Europe_Non_EU,FodderHerb,FodderHerbAEZ12,FodderHerbAEZ12,1990,CH4_AWB,3.41063501561546e-05
Europe_Non_EU,FodderHerb,FodderHerbAEZ14,FodderHerbAEZ14,1990,CH4_AWB,4.09525499182056e-05
Europe_Non_EU,FodderHerb,FodderHerbAEZ15,FodderHerbAEZ15,1990,CH4_AWB,1.49133731826876e-05
Europe_Non_EU,FodderHerb,FodderHerbAEZ16,FodderHerbAEZ16,1990,CH4_AWB,1.83515378133315e-05
Europe_Non_EU,MiscCrop,MiscCropAEZ07,MiscCropAEZ07,1990,CH4_AWB,9.09781353896859e-06
Europe_Non_EU,MiscCrop,MiscCropAEZ08,MiscCropAEZ08,1990,CH4_AWB,0.00325799291075759
Europe_Non_EU,MiscCrop,MiscCropAEZ09,MiscCropAEZ09,1990,CH4_AWB,0.0033157801349454
Europe_Non_EU,MiscCrop,MiscCropAEZ10,MiscCropAEZ10,1990,CH4_AWB,0.00245862900963883
Europe_Non_EU,MiscCrop,MiscCropAEZ11,MiscCropAEZ11,1990,CH4_AWB,0.000568691298706187
Europe_Non_EU,MiscCrop,MiscCropAEZ12,MiscCropAEZ12,1990,CH4_AWB,2.07563747771312e-05
Europe_Non_EU,MiscCrop,MiscCropAEZ14,MiscCropAEZ14,1990,CH4_AWB,7.9641146788888e-05
Europe_Non_EU,MiscCrop,MiscCropAEZ15,MiscCropAEZ15,1990,CH4_AWB,3.57685214956613e-05
Europe_Non_EU,MiscCrop,MiscCropAEZ16,MiscCropAEZ16,1990,CH4_AWB,7.15831932502269e-06
Europe_Non_EU,OilCrop,OilCropAEZ07,OilCropAEZ07,1990,CH4_AWB,4.77580423268814e-07
Europe_Non_EU,OilCrop,OilCropAEZ08,OilCropAEZ08,1990,CH4_AWB,0.000144676874027874
Europe_Non_EU,OilCrop,OilCropAEZ09,OilCropAEZ09,1990,CH4_AWB,0.000227208046014765
Europe_Non_EU,OilCrop,OilCropAEZ10,OilCropAEZ10,1990,CH4_AWB,0.00029653322722872
Europe_Non_EU,OilCrop,OilCropAEZ11,OilCropAEZ11,1990,CH4_AWB,7.90451193250008e-05
Europe_Non_EU,OilCrop,OilCropAEZ12,OilCropAEZ12,1990,CH4_AWB,3.72109359570195e-06
Europe_Non_EU,OilCrop,OilCropAEZ14,OilCropAEZ14,1990,CH4_AWB,3.97992305086823e-06
Europe_Non_EU,OilCrop,OilCropAEZ15,OilCropAEZ15,1990,CH4_AWB,1.78258767623996e-06
Europe_Non_EU,OilCrop,OilCropAEZ16,OilCropAEZ16,1990,CH4_AWB,1.18916749681282e-06
Europe_Non_EU,OtherGrain,OtherGrainAEZ07,OtherGrainAEZ07,1990,CH4_AWB,6.40593909147548e-06
Europe_Non_EU,OtherGrain,OtherGrainAEZ08,OtherGrainAEZ08,1990,CH4_AWB,0.00106547206169335
Europe_Non_EU,OtherGrain,OtherGrainAEZ09,OtherGrainAEZ09,1990,CH4_AWB,0.000756537703008731
Europe_Non_EU,OtherGrain,OtherGrainAEZ10,OtherGrainAEZ10,1990,CH4_AWB,0.000319088049316515
Europe_Non_EU,OtherGrain,OtherGrainAEZ11,OtherGrainAEZ11,1990,CH4_AWB,9.53490736826166e-05
Europe_Non_EU,OtherGrain,OtherGrainAEZ12,OtherGrainAEZ12,1990,CH4_AWB,3.50931107618638e-06
Europe_Non_EU,OtherGrain,OtherGrainAEZ14,OtherGrainAEZ14,1990,CH4_AWB,1.11764428769762e-05
Europe_Non_EU,OtherGrain,OtherGrainAEZ15,OtherGrainAEZ15,1990,CH4_AWB,7.35292294537916e-06
Europe_Non_EU,OtherGrain,OtherGrainAEZ16,OtherGrainAEZ16,1990,CH4_AWB,9.41174137008526e-07
Europe_Non_EU,PalmFruit,PalmFruitAEZ07,PalmFruitAEZ07,1990,CH4_AWB,0
Europe_Non_EU,PalmFruit,PalmFruitAEZ08,PalmFruitAEZ08,1990,CH4_AWB,0
Europe_Non_EU,PalmFruit,PalmFruitAEZ09,PalmFruitAEZ09,1990,CH4_AWB,0
Europe_Non_EU,PalmFruit,PalmFruitAEZ10,PalmFruitAEZ10,1990,CH4_AWB,0
Europe_Non_EU,PalmFruit,PalmFruitAEZ11,PalmFruitAEZ11,1990,CH4_AWB,0
Europe_Non_EU,PalmFruit,PalmFruitAEZ12,PalmFruitAEZ12,1990,CH4_AWB,0
Europe_Non_EU,PalmFruit,PalmFruitAEZ14,PalmFruitAEZ14,1990,CH4_AWB,0
Europe_Non_EU,PalmFruit,PalmFruitAEZ15,PalmFruitAEZ15,1990,CH4_AWB,0
Europe_Non_EU,PalmFruit,PalmFruitAEZ16,PalmFruitAEZ16,1990,CH4_AWB,0
Europe_Non_EU,Rice,RiceAEZ07,RiceAEZ07,1990,CH4_AWB,0
Europe_Non_EU,Rice,RiceAEZ08,RiceAEZ08,1990,CH4_AWB,9.2332515422838e-06
Europe_Non_EU,Rice,RiceAEZ09,RiceAEZ09,1990,CH4_AWB,4.53281969998254e-05
Europe_Non_EU,Rice,RiceAEZ10,RiceAEZ10,1990,CH4_AWB,2.36424646051665e-05
Europe_Non_EU,Rice,RiceAEZ11,RiceAEZ11,1990,CH4_AWB,9.05196088129999e-09
Europe_Non_EU,Rice,RiceAEZ12,RiceAEZ12,1990,CH4_AWB,0
Europe_Non_EU,Rice,RiceAEZ14,RiceAEZ14,1990,CH4_AWB,1.78524784047861e-08
Europe_Non_EU,Rice,RiceAEZ15,RiceAEZ15,1990,CH4_AWB,0
Europe_Non_EU,Rice,RiceAEZ16,RiceAEZ16,1990,CH4_AWB,0
Europe_Non_EU,Root_Tuber,Root_TuberAEZ07,Root_TuberAEZ07,1990,CH4_AWB,5.5453518810535e-07
Europe_Non_EU,Root_Tuber,Root_TuberAEZ08,Root_TuberAEZ08,1990,CH4_AWB,0.000683344199355485
Europe_Non_EU,Root_Tuber,Root_TuberAEZ09,Root_TuberAEZ09,1990,CH4_AWB,0.000318968176152015
Europe_Non_EU,Root_Tuber,Root_TuberAEZ10,Root_TuberAEZ10,1990,CH4_AWB,0.000458041192890105
Europe_Non_EU,Root_Tuber,Root_TuberAEZ11,Root_TuberAEZ11,1990,CH4_AWB,0.000235561211376054
Europe_Non_EU,Root_Tuber,Root_TuberAEZ12,Root_TuberAEZ12,1990,CH4_AWB,1.43100241533044e-05
Europe_Non_EU,Root_Tuber,Root_TuberAEZ14,Root_TuberAEZ14,1990,CH4_AWB,1.11911697606215e-05
Europe_Non_EU,Root_Tuber,Root_TuberAEZ15,Root_TuberAEZ15,1990,CH4_AWB,7.10431503121242e-06
Europe_Non_EU,Root_Tuber,Root_TuberAEZ16,Root_TuberAEZ16,1990,CH4_AWB,2.63926266305372e-06
Europe_Non_EU,SugarCrop,SugarCropAEZ07,SugarCropAEZ07,1990,CH4_AWB,1.84773041071528e-05
Europe_Non_EU,SugarCrop,SugarCropAEZ08,SugarCropAEZ08,1990,CH4_AWB,0.00252796045260337
Europe_Non_EU,SugarCrop,SugarCropAEZ09,SugarCropAEZ09,1990,CH4_AWB,0.00146566574903868
Europe_Non_EU,SugarCrop,SugarCropAEZ10,SugarCropAEZ10,1990,CH4_AWB,0.00068820587542993
Europe_Non_EU,SugarCrop,SugarCropAEZ11,SugarCropAEZ11,1990,CH4_AWB,0.00032362971330856
Europe_Non_EU,SugarCrop,SugarCropAEZ12,SugarCropAEZ12,1990,CH4_AWB,1.83127649370048e-05
Europe_Non_EU,SugarCrop,SugarCropAEZ14,SugarCropAEZ14,1990,CH4_AWB,2.54334656533749e-05
Europe_Non_EU,SugarCrop,SugarCropAEZ15,SugarCropAEZ15,1990,CH4_AWB,1.36771550257306e-05
Europe_Non_EU,SugarCrop,SugarCropAEZ16,SugarCropAEZ16,1990,CH4_AWB,2.79585794998583e-06
Europe_Non_EU,Wheat,WheatAEZ07,WheatAEZ07,1990,CH4_AWB,9.14159575617744e-06
Europe_Non_EU,Wheat,WheatAEZ08,WheatAEZ08,1990,CH4_AWB,0.002086715690621
Europe_Non_EU,Wheat,WheatAEZ09,WheatAEZ09,1990,CH4_AWB,0.00208104010546721
Europe_Non_EU,Wheat,WheatAEZ10,WheatAEZ10,1990,CH4_AWB,0.00208176173452542
Europe_Non_EU,Wheat,WheatAEZ11,WheatAEZ11,1990,CH4_AWB,0.000481294579897976
Europe_Non_EU,Wheat,WheatAEZ12,WheatAEZ12,1990,CH4_AWB,1.65242387020723e-05
Europe_Non_EU,Wheat,WheatAEZ14,WheatAEZ14,1990,CH4_AWB,1.42636340494866e-05
Europe_Non_EU,Wheat,WheatAEZ15,WheatAEZ15,1990,CH4_AWB,1.0965705644828e-05
Europe_Non_EU,Wheat,WheatAEZ16,WheatAEZ16,1990,CH4_AWB,4.72129343077967e-06
Europe_Non_EU,Corn,CornAEZ07,CornAEZ07,1990,CO_AWB,4.28784330064871e-07
Europe_Non_EU,Corn,CornAEZ08,CornAEZ08,1990,CO_AWB,0.00233750705574039
Europe_Non_EU,Corn,CornAEZ09,CornAEZ09,1990,CO_AWB,0.0114285924217758
Europe_Non_EU,Corn,CornAEZ10,CornAEZ10,1990,CO_AWB,0.0661481726932105
Europe_Non_EU,Corn,CornAEZ11,CornAEZ11,1990,CO_AWB,0.0381162899191371
Europe_Non_EU,Corn,CornAEZ12,CornAEZ12,1990,CO_AWB,0.00168899219573378
Europe_Non_EU,Corn,CornAEZ14,CornAEZ14,1990,CO_AWB,5.17113902058235e-05
Europe_Non_EU,Corn,CornAEZ15,CornAEZ15,1990,CO_AWB,0.000227620161614937
Europe_Non_EU,Corn,CornAEZ16,CornAEZ16,1990,CO_AWB,0.000356866478304742
Europe_Non_EU,FiberCrop,FiberCropAEZ07,FiberCropAEZ07,1990,CO_AWB,0
Europe_Non_EU,FiberCrop,FiberCropAEZ08,FiberCropAEZ08,1990,CO_AWB,0.000645381195648547
Europe_Non_EU,FiberCrop,FiberCropAEZ09,FiberCropAEZ09,1990,CO_AWB,0.010818708303509
Europe_Non_EU,FiberCrop,FiberCropAEZ10,FiberCropAEZ10,1990,CO_AWB,0.00803748262375704
Europe_Non_EU,FiberCrop,FiberCropAEZ11,FiberCropAEZ11,1990,CO_AWB,3.53058253093657e-07
Europe_Non_EU,FiberCrop,FiberCropAEZ12,FiberCropAEZ12,1990,CO_AWB,0
Europe_Non_EU,FiberCrop,FiberCropAEZ14,FiberCropAEZ14,1990,CO_AWB,0
Europe_Non_EU,FiberCrop,FiberCropAEZ15,FiberCropAEZ15,1990,CO_AWB,0
Europe_Non_EU,FiberCrop,FiberCropAEZ16,FiberCropAEZ16,1990,CO_AWB,0
Europe_Non_EU,FodderGrass,FodderGrassAEZ07,FodderGrassAEZ07,1990,CO_AWB,0
Europe_Non_EU,FodderGrass,FodderGrassAEZ08,FodderGrassAEZ08,1990,CO_AWB,0
Europe_Non_EU,FodderGrass,FodderGrassAEZ09,FodderGrassAEZ09,1990,CO_AWB,0
Europe_Non_EU,FodderGrass,FodderGrassAEZ10,FodderGrassAEZ10,1990,CO_AWB,0
Europe_Non_EU,FodderGrass,FodderGrassAEZ11,FodderGrassAEZ11,1990,CO_AWB,0
Europe_Non_EU,FodderGrass,FodderGrassAEZ12,FodderGrassAEZ12,1990,CO_AWB,0
Europe_Non_EU,FodderGrass,FodderGrassAEZ14,FodderGrassAEZ14,1990,CO_AWB,0
Europe_Non_EU,FodderGrass,FodderGrassAEZ15,FodderGrassAEZ15,1990,CO_AWB,0
Europe_Non_EU,FodderGrass,FodderGrassAEZ16,FodderGrassAEZ16,1990,CO_AWB,0
Europe_Non_EU,FodderHerb,FodderHerbAEZ07,FodderHerbAEZ07,1990,CO_AWB,0.000199105404811342
Europe_Non_EU,FodderHerb,FodderHerbAEZ08,FodderHerbAEZ08,1990,CO_AWB,0.0574670838352626
Europe_Non_EU,FodderHerb,FodderHerbAEZ09,FodderHerbAEZ09,1990,CO_AWB,0.0673193335311661
Europe_Non_EU,FodderHerb,FodderHerbAEZ10,FodderHerbAEZ10,1990,CO_AWB,0.105651888971372
Europe_Non_EU,FodderHerb,FodderHerbAEZ11,FodderHerbAEZ11,1990,CO_AWB,0.0431676167380667
Europe_Non_EU,FodderHerb,FodderHerbAEZ12,FodderHerbAEZ12,1990,CO_AWB,0.00146838797652254
Europe_Non_EU,FodderHerb,FodderHerbAEZ14,FodderHerbAEZ14,1990,CO_AWB,0.00176313887685167
Europe_Non_EU,FodderHerb,FodderHerbAEZ15,FodderHerbAEZ15,1990,CO_AWB,0.000642068640314492
Europe_Non_EU,FodderHerb,FodderHerbAEZ16,FodderHerbAEZ16,1990,CO_AWB,0.000790092676361384
Europe_Non_EU,MiscCrop,MiscCropAEZ07,MiscCropAEZ07,1990,CO_AWB,0.000391690109088228
Europe_Non_EU,MiscCrop,MiscCropAEZ08,MiscCropAEZ08,1990,CO_AWB,0.140267064515809
Europe_Non_EU,MiscCrop,MiscCropAEZ09,MiscCropAEZ09,1990,CO_AWB,0.142754990218956
Europe_Non_EU,MiscCrop,MiscCropAEZ10,MiscCropAEZ10,1990,CO_AWB,0.105851879780566
Europe_Non_EU,MiscCrop,MiscCropAEZ11,MiscCropAEZ11,1990,CO_AWB,0.0244839879245322
Europe_Non_EU,MiscCrop,MiscCropAEZ12,MiscCropAEZ12,1990,CO_AWB,0.000893628635705405
Europe_Non_EU,MiscCrop,MiscCropAEZ14,MiscCropAEZ14,1990,CO_AWB,0.00342880729969188
Europe_Non_EU,MiscCrop,MiscCropAEZ15,MiscCropAEZ15,1990,CO_AWB,0.00153994979415115
Europe_Non_EU,MiscCrop,MiscCropAEZ16,MiscCropAEZ16,1990,CO_AWB,0.000308188650525407
Europe_Non_EU,OilCrop,OilCropAEZ07,OilCropAEZ07,1990,CO_AWB,2.05613719480308e-05
Europe_Non_EU,OilCrop,OilCropAEZ08,OilCropAEZ08,1990,CO_AWB,0.00622880435258362
Europe_Non_EU,OilCrop,OilCropAEZ09,OilCropAEZ09,1990,CO_AWB,0.00978203652427631
Europe_Non_EU,OilCrop,OilCropAEZ10,OilCropAEZ10,1990,CO_AWB,0.012766708355145
Europe_Non_EU,OilCrop,OilCropAEZ11,OilCropAEZ11,1990,CO_AWB,0.0034031464020103
Europe_Non_EU,OilCrop,OilCropAEZ12,OilCropAEZ12,1990,CO_AWB,0.000160205037197678
Europe_Non_EU,OilCrop,OilCropAEZ14,OilCropAEZ14,1990,CO_AWB,0.000171348477002756
Europe_Non_EU,OilCrop,OilCropAEZ15,OilCropAEZ15,1990,CO_AWB,7.67461278883186e-05
Europe_Non_EU,OilCrop,OilCropAEZ16,OilCropAEZ16,1990,CO_AWB,5.11974821813719e-05
Europe_Non_EU,OtherGrain,OtherGrainAEZ07,OtherGrainAEZ07,1990,CO_AWB,0.000275796263663261
Europe_Non_EU,OtherGrain,OtherGrainAEZ08,OtherGrainAEZ08,1990,CO_AWB,0.0458719961985985
Europe_Non_EU,OtherGrain,OtherGrainAEZ09,OtherGrainAEZ09,1990,CO_AWB,0.03257137928268
Europe_Non_EU,OtherGrain,OtherGrainAEZ10,OtherGrainAEZ10,1990,CO_AWB,0.0137377659269663
Europe_Non_EU,OtherGrain,OtherGrainAEZ11,OtherGrainAEZ11,1990,CO_AWB,0.004105084030601
Europe_Non_EU,OtherGrain,OtherGrainAEZ12,OtherGrainAEZ12,1990,CO_AWB,0.00015108711915982
Europe_Non_EU,OtherGrain,OtherGrainAEZ14,OtherGrainAEZ14,1990,CO_AWB,0.000481181781858926
Europe_Non_EU,OtherGrain,OtherGrainAEZ15,OtherGrainAEZ15,1990,CO_AWB,0.000316566961749296
Europe_Non_EU,OtherGrain,OtherGrainAEZ16,OtherGrainAEZ16,1990,CO_AWB,4.05205711039096e-05
Europe_Non_EU,PalmFruit,PalmFruitAEZ07,PalmFruitAEZ07,1990,CO_AWB,0
Europe_Non_EU,PalmFruit,PalmFruitAEZ08,PalmFruitAEZ08,1990,CO_AWB,0
Europe_Non_EU,PalmFruit,PalmFruitAEZ09,PalmFruitAEZ09,1990,CO_AWB,0
Europe_Non_EU,PalmFruit,PalmFruitAEZ10,PalmFruitAEZ10,1990,CO_AWB,0
Europe_Non_EU,PalmFruit,PalmFruitAEZ11,PalmFruitAEZ11,1990,CO_AWB,0
Europe_Non_EU,PalmFruit,PalmFruitAEZ12,PalmFruitAEZ12,1990,CO_AWB,0
Europe_Non_EU,PalmFruit,PalmFruitAEZ14,PalmFruitAEZ14,1990,CO_AWB,0
Europe_Non_EU,PalmFruit,PalmFruitAEZ15,PalmFruitAEZ15,1990,CO_AWB,0
Europe_Non_EU,PalmFruit,PalmFruitAEZ16,PalmFruitAEZ16,1990,CO_AWB,0
Europe_Non_EU,Rice,RiceAEZ07,RiceAEZ07,1990,CO_AWB,0
Europe_Non_EU,Rice,RiceAEZ08,RiceAEZ08,1990,CO_AWB,0.000397521150367102
Europe_Non_EU,Rice,RiceAEZ09,RiceAEZ09,1990,CO_AWB,0.00195152454505537
Europe_Non_EU,Rice,RiceAEZ10,RiceAEZ10,1990,CO_AWB,0.00101788407738263
Europe_Non_EU,Rice,RiceAEZ11,RiceAEZ11,1990,CO_AWB,3.89716004826003e-07
Europe_Non_EU,Rice,RiceAEZ12,RiceAEZ12,1990,CO_AWB,0
Europe_Non_EU,Rice,RiceAEZ14,RiceAEZ14,1990,CO_AWB,7.68606565073505e-07
Europe_Non_EU,Rice,RiceAEZ15,RiceAEZ15,1990,CO_AWB,0
Europe_Non_EU,Rice,RiceAEZ16,RiceAEZ16,1990,CO_AWB,0
Europe_Non_EU,Root_Tuber,Root_TuberAEZ07,Root_TuberAEZ07,1990,CO_AWB,2.38745218718639e-05
Europe_Non_EU,Root_Tuber,Root_TuberAEZ08,Root_TuberAEZ08,1990,CO_AWB,0.0294201637397706
Europe_Non_EU,Root_Tuber,Root_TuberAEZ09,Root_TuberAEZ09,1990,CO_AWB,0.0137326050020167
Europe_Non_EU,Root_Tuber,Root_TuberAEZ10,Root_TuberAEZ10,1990,CO_AWB,0.0197201452900261
Europe_Non_EU,Root_Tuber,Root_TuberAEZ11,Root_TuberAEZ11,1990,CO_AWB,0.0101416671363548
Europe_Non_EU,Root_Tuber,Root_TuberAEZ12,Root_TuberAEZ12,1990,CO_AWB,0.000616092525710129
Europe_Non_EU,Root_Tuber,Root_TuberAEZ14,Root_TuberAEZ14,1990,CO_AWB,0.000481815821525363
Europe_Non_EU,Root_Tuber,Root_TuberAEZ15,Root_TuberAEZ15,1990,CO_AWB,0.000305863592131632
Europe_Non_EU,Root_Tuber,Root_TuberAEZ16,Root_TuberAEZ16,1990,CO_AWB,0.000113628739034499
Europe_Non_EU,SugarCrop,SugarCropAEZ07,SugarCropAEZ07,1990,CO_AWB,0.000795507319466071
Europe_Non_EU,SugarCrop,SugarCropAEZ08,SugarCropAEZ08,1990,CO_AWB,0.10883682119992
Europe_Non_EU,SugarCrop,SugarCropAEZ09,SugarCropAEZ09,1990,CO_AWB,0.0631016204793445
Europe_Non_EU,SugarCrop,SugarCropAEZ10,SugarCropAEZ10,1990,CO_AWB,0.0296294745179916
Europe_Non_EU,SugarCrop,SugarCropAEZ11,SugarCropAEZ11,1990,CO_AWB,0.0139332991566667
Europe_Non_EU,SugarCrop,SugarCropAEZ12,SugarCropAEZ12,1990,CO_AWB,0.000788423379437127
Europe_Non_EU,SugarCrop,SugarCropAEZ14,SugarCropAEZ14,1990,CO_AWB,0.00109499242797094
Europe_Non_EU,SugarCrop,SugarCropAEZ15,SugarCropAEZ15,1990,CO_AWB,0.000588845476014488
Europe_Non_EU,SugarCrop,SugarCropAEZ16,SugarCropAEZ16,1990,CO_AWB,0.00012037066936297
Europe_Non_EU,Wheat,WheatAEZ07,WheatAEZ07,1990,CO_AWB,0.000393575074235205
Europe_Non_EU,Wheat,WheatAEZ08,WheatAEZ08,1990,CO_AWB,0.0898398162365631
Europe_Non_EU,Wheat,WheatAEZ09,WheatAEZ09,1990,CO_AWB,0.089595464056943
Europe_Non_EU,Wheat,WheatAEZ10,WheatAEZ10,1990,CO_AWB,0.0896265325068865
Europe_Non_EU,Wheat,WheatAEZ11,WheatAEZ11,1990,CO_AWB,0.0207212783265267
Europe_Non_EU,Wheat,WheatAEZ12,WheatAEZ12,1990,CO_AWB,0.000711421577513269
Europe_Non_EU,Wheat,WheatAEZ14,WheatAEZ14,1990,CO_AWB,0.000614095282664076
Europe_Non_EU,Wheat,WheatAEZ15,WheatAEZ15,1990,CO_AWB,0.000472108866801311
Europe_Non_EU,Wheat,WheatAEZ16,WheatAEZ16,1990,CO_AWB,0.000203266854285219
Europe_Non_EU,Corn,CornAEZ07,CornAEZ07,1990,N2O_AWB,2.57969889957356e-10
Europe_Non_EU,Corn,CornAEZ08,CornAEZ08,1990,N2O_AWB,1.40631640585528e-06
Europe_Non_EU,Corn,CornAEZ09,CornAEZ09,1990,N2O_AWB,6.87579401273114e-06
Europe_Non_EU,Corn,CornAEZ10,CornAEZ10,1990,N2O_AWB,3.97967827508204e-05
Europe_Non_EU,Corn,CornAEZ11,CornAEZ11,1990,N2O_AWB,2.29319367023857e-05
Europe_Non_EU,Corn,CornAEZ12,CornAEZ12,1990,N2O_AWB,1.01614984578928e-06
Europe_Non_EU,Corn,CornAEZ14,CornAEZ14,1990,N2O_AWB,3.11111687288572e-08
Europe_Non_EU,Corn,CornAEZ15,CornAEZ15,1990,N2O_AWB,1.36943316083863e-07
Europe_Non_EU,Corn,CornAEZ16,CornAEZ16,1990,N2O_AWB,2.1470189016426e-07
Europe_Non_EU,FiberCrop,FiberCropAEZ07,FiberCropAEZ07,1990,N2O_AWB,0
Europe_Non_EU,FiberCrop,FiberCropAEZ08,FiberCropAEZ08,1990,N2O_AWB,3.88281250848917e-07
Europe_Non_EU,FiberCrop,FiberCropAEZ09,FiberCropAEZ09,1990,N2O_AWB,6.50886889946449e-06
Europe_Non_EU,FiberCrop,FiberCropAEZ10,FiberCropAEZ10,1990,N2O_AWB,4.83559767137731e-06
Europe_Non_EU,FiberCrop,FiberCropAEZ11,FiberCropAEZ11,1990,N2O_AWB,2.12410744313646e-10
Europe_Non_EU,FiberCrop,FiberCropAEZ12,FiberCropAEZ12,1990,N2O_AWB,0
Europe_Non_EU,FiberCrop,FiberCropAEZ14,FiberCropAEZ14,1990,N2O_AWB,0
Europe_Non_EU,FiberCrop,FiberCropAEZ15,FiberCropAEZ15,1990,N2O_AWB,0
Europe_Non_EU,FiberCrop,FiberCropAEZ16,FiberCropAEZ16,1990,N2O_AWB,0
Europe_Non_EU,FodderGrass,FodderGrassAEZ07,FodderGrassAEZ07,1990,N2O_AWB,0
Europe_Non_EU,FodderGrass,FodderGrassAEZ08,FodderGrassAEZ08,1990,N2O_AWB,0
Europe_Non_EU,FodderGrass,FodderGrassAEZ09,FodderGrassAEZ09,1990,N2O_AWB,0
Europe_Non_EU,FodderGrass,FodderGrassAEZ10,FodderGrassAEZ10,1990,N2O_AWB,0
Europe_Non_EU,FodderGrass,FodderGrassAEZ11,FodderGrassAEZ11,1990,N2O_AWB,0
Europe_Non_EU,FodderGrass,FodderGrassAEZ12,FodderGrassAEZ12,1990,N2O_AWB,0
Europe_Non_EU,FodderGrass,FodderGrassAEZ14,FodderGrassAEZ14,1990,N2O_AWB,0
Europe_Non_EU,FodderGrass,FodderGrassAEZ15,FodderGrassAEZ15,1990,N2O_AWB,0
Europe_Non_EU,FodderGrass,FodderGrassAEZ16,FodderGrassAEZ16,1990,N2O_AWB,0
Europe_Non_EU,FodderHerb,FodderHerbAEZ07,FodderHerbAEZ07,1990,N2O_AWB,1.19787958112476e-07
Europe_Non_EU,FodderHerb,FodderHerbAEZ08,FodderHerbAEZ08,1990,N2O_AWB,3.45739717002019e-05
Europe_Non_EU,FodderHerb,FodderHerbAEZ09,FodderHerbAEZ09,1990,N2O_AWB,4.05013892658114e-05
Europe_Non_EU,FodderHerb,FodderHerbAEZ10,FodderHerbAEZ10,1990,N2O_AWB,6.35634379819998e-05
Europe_Non_EU,FodderHerb,FodderHerbAEZ11,FodderHerbAEZ11,1990,N2O_AWB,2.59709708560377e-05
Europe_Non_EU,FodderHerb,FodderHerbAEZ12,FodderHerbAEZ12,1990,N2O_AWB,8.83427537244461e-07
Europe_Non_EU,FodderHerb,FodderHerbAEZ14,FodderHerbAEZ14,1990,N2O_AWB,1.06075877813014e-06
Europe_Non_EU,FodderHerb,FodderHerbAEZ15,FodderHerbAEZ15,1990,N2O_AWB,3.86288315298136e-07
Europe_Non_EU,FodderHerb,FodderHerbAEZ16,FodderHerbAEZ16,1990,N2O_AWB,4.75344145030261e-07
Europe_Non_EU,MiscCrop,MiscCropAEZ07,MiscCropAEZ07,1990,N2O_AWB,2.3565286148304e-07
Europe_Non_EU,MiscCrop,MiscCropAEZ08,MiscCropAEZ08,1990,N2O_AWB,8.43889961937517e-05
Europe_Non_EU,MiscCrop,MiscCropAEZ09,MiscCropAEZ09,1990,N2O_AWB,8.58858091014566e-05
Europe_Non_EU,MiscCrop,MiscCropAEZ10,MiscCropAEZ10,1990,N2O_AWB,6.36837586267223e-05
Europe_Non_EU,MiscCrop,MiscCropAEZ11,MiscCropAEZ11,1990,N2O_AWB,1.47303229799774e-05
Europe_Non_EU,MiscCrop,MiscCropAEZ12,MiscCropAEZ12,1990,N2O_AWB,5.37634574427636e-07
Europe_Non_EU,MiscCrop,MiscCropAEZ14,MiscCropAEZ14,1990,N2O_AWB,2.06287632211903e-06
Europe_Non_EU,MiscCrop,MiscCropAEZ15,MiscCropAEZ15,1990,N2O_AWB,9.26481335912913e-07
Europe_Non_EU,MiscCrop,MiscCropAEZ16,MiscCropAEZ16,1990,N2O_AWB,1.85415806240208e-07
Europe_Non_EU,OilCrop,OilCropAEZ07,OilCropAEZ07,1990,N2O_AWB,1.23703561135345e-08
Europe_Non_EU,OilCrop,OilCropAEZ08,OilCropAEZ08,1990,N2O_AWB,3.7474409877777e-06
Europe_Non_EU,OilCrop,OilCropAEZ09,OilCropAEZ09,1990,N2O_AWB,5.88517515400953e-06
Europe_Non_EU,OilCrop,OilCropAEZ10,OilCropAEZ10,1990,N2O_AWB,7.68084586718957e-06
Europe_Non_EU,OilCrop,OilCropAEZ11,OilCropAEZ11,1990,N2O_AWB,2.04743793389686e-06
Europe_Non_EU,OilCrop,OilCropAEZ12,OilCropAEZ12,1990,N2O_AWB,9.63842960638198e-08
Europe_Non_EU,OilCrop,OilCropAEZ14,OilCropAEZ14,1990,N2O_AWB,1.03088533459407e-07
Europe_Non_EU,OilCrop,OilCropAEZ15,OilCropAEZ15,1990,N2O_AWB,4.61728397654072e-08
Europe_Non_EU,OilCrop,OilCropAEZ16,OilCropAEZ16,1990,N2O_AWB,3.08019857965053e-08
Europe_Non_EU,OtherGrain,OtherGrainAEZ07,OtherGrainAEZ07,1990,N2O_AWB,1.65927546319376e-07
Europe_Non_EU,OtherGrain,OtherGrainAEZ08,OtherGrainAEZ08,1990,N2O_AWB,2.75980090263243e-05
Europe_Non_EU,OtherGrain,OtherGrainAEZ09,OtherGrainAEZ09,1990,N2O_AWB,1.95959472866955e-05
Europe_Non_EU,OtherGrain,OtherGrainAEZ10,OtherGrainAEZ10,1990,N2O_AWB,8.26506407989131e-06
Europe_Non_EU,OtherGrain,OtherGrainAEZ11,OtherGrainAEZ11,1990,N2O_AWB,2.46974528075601e-06
Europe_Non_EU,OtherGrain,OtherGrainAEZ12,OtherGrainAEZ12,1990,N2O_AWB,9.08986750932245e-08
Europe_Non_EU,OtherGrain,OtherGrainAEZ14,OtherGrainAEZ14,1990,N2O_AWB,2.89493814517084e-07
Europe_Non_EU,OtherGrain,OtherGrainAEZ15,OtherGrainAEZ15,1990,N2O_AWB,1.90456456919135e-07
Europe_Non_EU,OtherGrain,OtherGrainAEZ16,OtherGrainAEZ16,1990,N2O_AWB,2.43784264856492e-08
Europe_Non_EU,PalmFruit,PalmFruitAEZ07,PalmFruitAEZ07,1990,N2O_AWB,0
Europe_Non_EU,PalmFruit,PalmFruitAEZ08,PalmFruitAEZ08,1990,N2O_AWB,0
Europe_Non_EU,PalmFruit,PalmFruitAEZ09,PalmFruitAEZ09,1990,N2O_AWB,0
Europe_Non_EU,PalmFruit,PalmFruitAEZ10,PalmFruitAEZ10,1990,N2O_AWB,0
Europe_Non_EU,PalmFruit,PalmFruitAEZ11,PalmFruitAEZ11,1990,N2O_AWB,0
Europe_Non_EU,PalmFruit,PalmFruitAEZ12,PalmFruitAEZ12,1990,N2O_AWB,0
Europe_Non_EU,PalmFruit,PalmFruitAEZ14,PalmFruitAEZ14,1990,N2O_AWB,0
Europe_Non_EU,PalmFruit,PalmFruitAEZ15,PalmFruitAEZ15,1990,N2O_AWB,0
Europe_Non_EU,PalmFruit,PalmFruitAEZ16,PalmFruitAEZ16,1990,N2O_AWB,0
Europe_Non_EU,Rice,RiceAEZ07,RiceAEZ07,1990,N2O_AWB,0
Europe_Non_EU,Rice,RiceAEZ08,RiceAEZ08,1990,N2O_AWB,2.3916099592634e-07
Europe_Non_EU,Rice,RiceAEZ09,RiceAEZ09,1990,N2O_AWB,1.17409741177074e-06
Europe_Non_EU,Rice,RiceAEZ10,RiceAEZ10,1990,N2O_AWB,6.12390484027286e-07
Europe_Non_EU,Rice,RiceAEZ11,RiceAEZ11,1990,N2O_AWB,2.34465179416362e-10
Europe_Non_EU,Rice,RiceAEZ12,RiceAEZ12,1990,N2O_AWB,0
Europe_Non_EU,Rice,RiceAEZ14,RiceAEZ14,1990,N2O_AWB,4.62417437182269e-10
Europe_Non_EU,Rice,RiceAEZ15,RiceAEZ15,1990,N2O_AWB,0
Europe_Non_EU,Rice,RiceAEZ16,RiceAEZ16,1990,N2O_AWB,0
Europe_Non_EU,Root_Tuber,Root_TuberAEZ07,Root_TuberAEZ07,1990,N2O_AWB,1.4363649387881e-08
Europe_Non_EU,Root_Tuber,Root_TuberAEZ08,Root_TuberAEZ08,1990,N2O_AWB,1.7700078734985e-05
Europe_Non_EU,Root_Tuber,Root_TuberAEZ09,Root_TuberAEZ09,1990,N2O_AWB,8.26195910811885e-06
Europe_Non_EU,Root_Tuber,Root_TuberAEZ10,Root_TuberAEZ10,1990,N2O_AWB,1.18642481865918e-05
Europe_Non_EU,Root_Tuber,Root_TuberAEZ11,Root_TuberAEZ11,1990,N2O_AWB,6.1015400323836e-06
Europe_Non_EU,Root_Tuber,Root_TuberAEZ12,Root_TuberAEZ12,1990,N2O_AWB,3.70660282844167e-07
Europe_Non_EU,Root_Tuber,Root_TuberAEZ14,Root_TuberAEZ14,1990,N2O_AWB,2.89875272353835e-07
Europe_Non_EU,Root_Tuber,Root_TuberAEZ15,Root_TuberAEZ15,1990,N2O_AWB,1.84016979333693e-07
Europe_Non_EU,Root_Tuber,Root_TuberAEZ16,Root_TuberAEZ16,1990,N2O_AWB,6.83625572331158e-08
Europe_Non_EU,SugarCrop,SugarCropAEZ07,SugarCropAEZ07,1990,N2O_AWB,4.78601761477353e-07
Europe_Non_EU,SugarCrop,SugarCropAEZ08,SugarCropAEZ08,1990,N2O_AWB,6.54795915326575e-05
Europe_Non_EU,SugarCrop,SugarCropAEZ09,SugarCropAEZ09,1990,N2O_AWB,3.79638828889214e-05
Europe_Non_EU,SugarCrop,SugarCropAEZ10,SugarCropAEZ10,1990,N2O_AWB,1.78260065607906e-05
Europe_Non_EU,SugarCrop,SugarCropAEZ11,SugarCropAEZ11,1990,N2O_AWB,8.38270290718049e-06
Europe_Non_EU,SugarCrop,SugarCropAEZ12,SugarCropAEZ12,1990,N2O_AWB,4.74339844467805e-07
Europe_Non_EU,SugarCrop,SugarCropAEZ14,SugarCropAEZ14,1990,N2O_AWB,6.58781248151177e-07
Europe_Non_EU,SugarCrop,SugarCropAEZ15,SugarCropAEZ15,1990,N2O_AWB,3.54267616604279e-07
Europe_Non_EU,SugarCrop,SugarCropAEZ16,SugarCropAEZ16,1990,N2O_AWB,7.24187106486861e-08
Europe_Non_EU,Wheat,WheatAEZ07,WheatAEZ07,1990,N2O_AWB,2.36786914706173e-07
Europe_Non_EU,Wheat,WheatAEZ08,WheatAEZ08,1990,N2O_AWB,5.40504068906366e-05
Europe_Non_EU,Wheat,WheatAEZ09,WheatAEZ09,1990,N2O_AWB,5.39033970759871e-05
Europe_Non_EU,Wheat,WheatAEZ10,WheatAEZ10,1990,N2O_AWB,5.39220888145865e-05
Europe_Non_EU,Wheat,WheatAEZ11,WheatAEZ11,1990,N2O_AWB,1.24665607273034e-05
Europe_Non_EU,Wheat,WheatAEZ12,WheatAEZ12,1990,N2O_AWB,4.2801318330971e-07
Europe_Non_EU,Wheat,WheatAEZ14,WheatAEZ14,1990,N2O_AWB,3.69458679770822e-07
Europe_Non_EU,Wheat,WheatAEZ15,WheatAEZ15,1990,N2O_AWB,2.84035268728689e-07
Europe_Non_EU,Wheat,WheatAEZ16,WheatAEZ16,1990,N2O_AWB,1.22291614583963e-07
Europe_Non_EU,Corn,CornAEZ07,CornAEZ07,1990,NH3_AWB,4.79290275906086e-09
Europe_Non_EU,Corn,CornAEZ08,CornAEZ08,1990,NH3_AWB,2.61283895684513e-05
Europe_Non_EU,Corn,CornAEZ09,CornAEZ09,1990,NH3_AWB,0.000127747513866059
Europe_Non_EU,Corn,CornAEZ10,CornAEZ10,1990,NH3_AWB,0.000739396795027835
Europe_Non_EU,Corn,CornAEZ11,CornAEZ11,1990,NH3_AWB,0.000426059578928542
Europe_Non_EU,Corn,CornAEZ12,CornAEZ12,1990,NH3_AWB,1.88793637905097e-05
Europe_Non_EU,Corn,CornAEZ14,CornAEZ14,1990,NH3_AWB,5.7802407274274e-07
Europe_Non_EU,Corn,CornAEZ15,CornAEZ15,1990,NH3_AWB,2.54431242964746e-06
Europe_Non_EU,Corn,CornAEZ16,CornAEZ16,1990,NH3_AWB,3.98901314379739e-06
Europe_Non_EU,FiberCrop,FiberCropAEZ07,FiberCropAEZ07,1990,NH3_AWB,0
Europe_Non_EU,FiberCrop,FiberCropAEZ08,FiberCropAEZ08,1990,NH3_AWB,7.2139980320688e-06
Europe_Non_EU,FiberCrop,FiberCropAEZ09,FiberCropAEZ09,1990,NH3_AWB,0.00012093029815133
Europe_Non_EU,FiberCrop,FiberCropAEZ10,FiberCropAEZ10,1990,NH3_AWB,8.98420719746935e-05
Europe_Non_EU,FiberCrop,FiberCropAEZ11,FiberCropAEZ11,1990,NH3_AWB,3.94644523298178e-09
Europe_Non_EU,FiberCrop,FiberCropAEZ12,FiberCropAEZ12,1990,NH3_AWB,0
Europe_Non_EU,FiberCrop,FiberCropAEZ14,FiberCropAEZ14,1990,NH3_AWB,0
Europe_Non_EU,FiberCrop,FiberCropAEZ15,FiberCropAEZ15,1990,NH3_AWB,0
Europe_Non_EU,FiberCrop,FiberCropAEZ16,FiberCropAEZ16,1990,NH3_AWB,0
Europe_Non_EU,FodderGrass,FodderGrassAEZ07,FodderGrassAEZ07,1990,NH3_AWB,0
Europe_Non_EU,FodderGrass,FodderGrassAEZ08,FodderGrassAEZ08,1990,NH3_AWB,0
Europe_Non_EU,FodderGrass,FodderGrassAEZ09,FodderGrassAEZ09,1990,NH3_AWB,0
Europe_Non_EU,FodderGrass,FodderGrassAEZ10,FodderGrassAEZ10,1990,NH3_AWB,0
Europe_Non_EU,FodderGrass,FodderGrassAEZ11,FodderGrassAEZ11,1990,NH3_AWB,0
Europe_Non_EU,FodderGrass,FodderGrassAEZ12,FodderGrassAEZ12,1990,NH3_AWB,0
Europe_Non_EU,FodderGrass,FodderGrassAEZ14,FodderGrassAEZ14,1990,NH3_AWB,0
Europe_Non_EU,FodderGrass,FodderGrassAEZ15,FodderGrassAEZ15,1990,NH3_AWB,0
Europe_Non_EU,FodderGrass,FodderGrassAEZ16,FodderGrassAEZ16,1990,NH3_AWB,0
Europe_Non_EU,FodderHerb,FodderHerbAEZ07,FodderHerbAEZ07,1990,NH3_AWB,2.22557770224447e-06
Europe_Non_EU,FodderHerb,FodderHerbAEZ08,FodderHerbAEZ08,1990,NH3_AWB,0.000642360565339553
Europe_Non_EU,FodderHerb,FodderHerbAEZ09,FodderHerbAEZ09,1990,NH3_AWB,0.000752487898452002
Europe_Non_EU,FodderHerb,FodderHerbAEZ10,FodderHerbAEZ10,1990,NH3_AWB,0.00118096486892203
Europe_Non_EU,FodderHerb,FodderHerbAEZ11,FodderHerbAEZ11,1990,NH3_AWB,0.00048252273895984
Europe_Non_EU,FodderHerb,FodderHerbAEZ12,FodderHerbAEZ12,1990,NH3_AWB,1.64134747717621e-05
Europe_Non_EU,FodderHerb,FodderHerbAEZ14,FodderHerbAEZ14,1990,NH3_AWB,1.97081670083218e-05
Europe_Non_EU,FodderHerb,FodderHerbAEZ15,FodderHerbAEZ15,1990,NH3_AWB,7.17697066309351e-06
Europe_Non_EU,FodderHerb,FodderHerbAEZ16,FodderHerbAEZ16,1990,NH3_AWB,8.83156660103074e-06
Europe_Non_EU,MiscCrop,MiscCropAEZ07,MiscCropAEZ07,1990,NH3_AWB,4.37826775120675e-06
Europe_Non_EU,MiscCrop,MiscCropAEZ08,MiscCropAEZ08,1990,NH3_AWB,0.00156788938723922
Europe_Non_EU,MiscCrop,MiscCropAEZ09,MiscCropAEZ09,1990,NH3_AWB,0.00159569913944062
Europe_Non_EU,MiscCrop,MiscCropAEZ10,MiscCropAEZ10,1990,NH3_AWB,0.00118320034357436
Europe_Non_EU,MiscCrop,MiscCropAEZ11,MiscCropAEZ11,1990,NH3_AWB,0.000273679248629606
Europe_Non_EU,MiscCrop,MiscCropAEZ12,MiscCropAEZ12,1990,NH3_AWB,9.98887984782522e-06
Europe_Non_EU,MiscCrop,MiscCropAEZ14,MiscCropAEZ14,1990,NH3_AWB,3.83268203026331e-05
Europe_Non_EU,MiscCrop,MiscCropAEZ15,MiscCropAEZ15,1990,NH3_AWB,1.721338467776e-05
Europe_Non_EU,MiscCrop,MiscCropAEZ16,MiscCropAEZ16,1990,NH3_AWB,3.44489788885473e-06
Europe_Non_EU,OilCrop,OilCropAEZ07,OilCropAEZ07,1990,NH3_AWB,2.29832690772268e-07
Europe_Non_EU,OilCrop,OilCropAEZ08,OilCropAEZ08,1990,NH3_AWB,6.9624870765757e-05
Europe_Non_EU,OilCrop,OilCropAEZ09,OilCropAEZ09,1990,NH3_AWB,0.000109342498218964
Europe_Non_EU,OilCrop,OilCropAEZ10,OilCropAEZ10,1990,NH3_AWB,0.000142704822469241
Europe_Non_EU,OilCrop,OilCropAEZ11,OilCropAEZ11,1990,NH3_AWB,3.80399856898117e-05
Europe_Non_EU,OilCrop,OilCropAEZ12,OilCropAEZ12,1990,NH3_AWB,1.79075379150173e-06
Europe_Non_EU,OilCrop,OilCropAEZ14,OilCropAEZ14,1990,NH3_AWB,1.9153139016604e-06
Europe_Non_EU,OilCrop,OilCropAEZ15,OilCropAEZ15,1990,NH3_AWB,8.57859539893889e-07
Europe_Non_EU,OilCrop,OilCropAEZ16,OilCropAEZ16,1990,NH3_AWB,5.72279666952713e-07
Europe_Non_EU,OtherGrain,OtherGrainAEZ07,OtherGrainAEZ07,1990,NH3_AWB,3.08281945109873e-06
Europe_Non_EU,OtherGrain,OtherGrainAEZ08,OtherGrainAEZ08,1990,NH3_AWB,0.000512751986786992
Europe_Non_EU,OtherGrain,OtherGrainAEZ09,OtherGrainAEZ09,1990,NH3_AWB,0.000364079194794167
Europe_Non_EU,OtherGrain,OtherGrainAEZ10,OtherGrainAEZ10,1990,NH3_AWB,0.000153559194210123
Europe_Non_EU,OtherGrain,OtherGrainAEZ11,OtherGrainAEZ11,1990,NH3_AWB,4.58861651345037e-05
Europe_Non_EU,OtherGrain,OtherGrainAEZ12,OtherGrainAEZ12,1990,NH3_AWB,1.68883473463244e-06
Europe_Non_EU,OtherGrain,OtherGrainAEZ14,OtherGrainAEZ14,1990,NH3_AWB,5.37859555066426e-06
Europe_Non_EU,OtherGrain,OtherGrainAEZ15,OtherGrainAEZ15,1990,NH3_AWB,3.5385497043844e-06
Europe_Non_EU,OtherGrain,OtherGrainAEZ16,OtherGrainAEZ16,1990,NH3_AWB,4.529343621612e-07
Europe_Non_EU,PalmFruit,PalmFruitAEZ07,PalmFruitAEZ07,1990,NH3_AWB,0
Europe_Non_EU,PalmFruit,PalmFruitAEZ08,PalmFruitAEZ08,1990,NH3_AWB,0
Europe_Non_EU,PalmFruit,PalmFruitAEZ09,PalmFruitAEZ09,1990,NH3_AWB,0
Europe_Non_EU,PalmFruit,PalmFruitAEZ10,PalmFruitAEZ10,1990,NH3_AWB,0
Europe_Non_EU,PalmFruit,PalmFruitAEZ11,PalmFruitAEZ11,1990,NH3_AWB,0
Europe_Non_EU,PalmFruit,PalmFruitAEZ12,PalmFruitAEZ12,1990,NH3_AWB,0
Europe_Non_EU,PalmFruit,PalmFruitAEZ14,PalmFruitAEZ14,1990,NH3_AWB,0
Europe_Non_EU,PalmFruit,PalmFruitAEZ15,PalmFruitAEZ15,1990,NH3_AWB,0
Europe_Non_EU,PalmFruit,PalmFruitAEZ16,PalmFruitAEZ16,1990,NH3_AWB,0
Europe_Non_EU,Rice,RiceAEZ07,RiceAEZ07,1990,NH3_AWB,0
Europe_Non_EU,Rice,RiceAEZ08,RiceAEZ08,1990,NH3_AWB,4.44344647130943e-06
Europe_Non_EU,Rice,RiceAEZ09,RiceAEZ09,1990,NH3_AWB,2.18139207068406e-05
Europe_Non_EU,Rice,RiceAEZ10,RiceAEZ10,1990,NH3_AWB,1.13777931254e-05
Europe_Non_EU,Rice,RiceAEZ11,RiceAEZ11,1990,NH3_AWB,4.35620143697447e-09
Europe_Non_EU,Rice,RiceAEZ12,RiceAEZ12,1990,NH3_AWB,0
Europe_Non_EU,Rice,RiceAEZ14,RiceAEZ14,1990,NH3_AWB,8.59139727847742e-09
Europe_Non_EU,Rice,RiceAEZ15,RiceAEZ15,1990,NH3_AWB,0
Europe_Non_EU,Rice,RiceAEZ16,RiceAEZ16,1990,NH3_AWB,0
Europe_Non_EU,Root_Tuber,Root_TuberAEZ07,Root_TuberAEZ07,1990,NH3_AWB,2.66866706004866e-07
Europe_Non_EU,Root_Tuber,Root_TuberAEZ08,Root_TuberAEZ08,1990,NH3_AWB,0.000328855263761704
Europe_Non_EU,Root_Tuber,Root_TuberAEZ09,Root_TuberAEZ09,1990,NH3_AWB,0.00015350150597458
Europe_Non_EU,Root_Tuber,Root_TuberAEZ10,Root_TuberAEZ10,1990,NH3_AWB,0.000220429554306118
Europe_Non_EU,Root_Tuber,Root_TuberAEZ11,Root_TuberAEZ11,1990,NH3_AWB,0.000113362408537546
Europe_Non_EU,Root_Tuber,Root_TuberAEZ12,Root_TuberAEZ12,1990,NH3_AWB,6.88661259115069e-06
Europe_Non_EU,Root_Tuber,Root_TuberAEZ14,Root_TuberAEZ14,1990,NH3_AWB,5.38568277436517e-06
Europe_Non_EU,Root_Tuber,Root_TuberAEZ15,Root_TuberAEZ15,1990,NH3_AWB,3.41890864902217e-06
Europe_Non_EU,Root_Tuber,Root_TuberAEZ16,Root_TuberAEZ16,1990,NH3_AWB,1.27012919698969e-06
Europe_Non_EU,SugarCrop,SugarCropAEZ07,SugarCropAEZ07,1990,NH3_AWB,8.89209086942426e-06
Europe_Non_EU,SugarCrop,SugarCropAEZ08,SugarCropAEZ08,1990,NH3_AWB,0.00121656568125424
Europe_Non_EU,SugarCrop,SugarCropAEZ09,SugarCropAEZ09,1990,NH3_AWB,0.000705342778853195
Europe_Non_EU,SugarCrop,SugarCropAEZ10,SugarCropAEZ10,1990,NH3_AWB,0.000331194915974006
Europe_Non_EU,SugarCrop,SugarCropAEZ11,SugarCropAEZ11,1990,NH3_AWB,0.000155744842542881
Europe_Non_EU,SugarCrop,SugarCropAEZ12,SugarCropAEZ12,1990,NH3_AWB,8.81290738875787e-06
Europe_Non_EU,SugarCrop,SugarCropAEZ14,SugarCropAEZ14,1990,NH3_AWB,1.22397015496781e-05
Europe_Non_EU,SugarCrop,SugarCropAEZ15,SugarCropAEZ15,1990,NH3_AWB,6.58204815046147e-06
Europe_Non_EU,SugarCrop,SugarCropAEZ16,SugarCropAEZ16,1990,NH3_AWB,1.34548973189505e-06
Europe_Non_EU,Wheat,WheatAEZ07,WheatAEZ07,1990,NH3_AWB,4.39933767848771e-06
Europe_Non_EU,Wheat,WheatAEZ08,WheatAEZ08,1990,NH3_AWB,0.00100421930775455
Europe_Non_EU,Wheat,WheatAEZ09,WheatAEZ09,1990,NH3_AWB,0.00100148796671952
Europe_Non_EU,Wheat,WheatAEZ10,WheatAEZ10,1990,NH3_AWB,0.0010018352463401
Europe_Non_EU,Wheat,WheatAEZ11,WheatAEZ11,1990,NH3_AWB,0.00023162010619057
Europe_Non_EU,Wheat,WheatAEZ12,WheatAEZ12,1990,NH3_AWB,7.95218995340364e-06
Europe_Non_EU,Wheat,WheatAEZ14,WheatAEZ14,1990,NH3_AWB,6.86428763420906e-06
Europe_Non_EU,Wheat,WheatAEZ15,WheatAEZ15,1990,NH3_AWB,5.27717953201966e-06
Europe_Non_EU,Wheat,WheatAEZ16,WheatAEZ16,1990,NH3_AWB,2.27209391393071e-06
Europe_Non_EU,Corn,CornAEZ07,CornAEZ07,1990,NMVOC_AWB,2.57969889957356e-08
Europe_Non_EU,Corn,CornAEZ08,CornAEZ08,1990,NMVOC_AWB,0.000140631640585528
Europe_Non_EU,Corn,CornAEZ09,CornAEZ09,1990,NMVOC_AWB,0.000687579401273114
Europe_Non_EU,Corn,CornAEZ10,CornAEZ10,1990,NMVOC_AWB,0.00397967827508204
Europe_Non_EU,Corn,CornAEZ11,CornAEZ11,1990,NMVOC_AWB,0.00229319367023857
Europe_Non_EU,Corn,CornAEZ12,CornAEZ12,1990,NMVOC_AWB,0.000101614984578928
Europe_Non_EU,Corn,CornAEZ14,CornAEZ14,1990,NMVOC_AWB,3.11111687288572e-06
Europe_Non_EU,Corn,CornAEZ15,CornAEZ15,1990,NMVOC_AWB,1.36943316083863e-05
Europe_Non_EU,Corn,CornAEZ16,CornAEZ16,1990,NMVOC_AWB,2.1470189016426e-05
Europe_Non_EU,FiberCrop,FiberCropAEZ07,FiberCropAEZ07,1990,NMVOC_AWB,0
Europe_Non_EU,FiberCrop,FiberCropAEZ08,FiberCropAEZ08,1990,NMVOC_AWB,3.88281250848917e-05
Europe_Non_EU,FiberCrop,FiberCropAEZ09,FiberCropAEZ09,1990,NMVOC_AWB,0.000650886889946449
Europe_Non_EU,FiberCrop,FiberCropAEZ10,FiberCropAEZ10,1990,NMVOC_AWB,0.000483559767137731
Europe_Non_EU,FiberCrop,FiberCropAEZ11,FiberCropAEZ11,1990,NMVOC_AWB,2.12410744313646e-08
Europe_Non_EU,FiberCrop,FiberCropAEZ12,FiberCropAEZ12,1990,NMVOC_AWB,0
Europe_Non_EU,FiberCrop,FiberCropAEZ14,FiberCropAEZ14,1990,NMVOC_AWB,0
Europe_Non_EU,FiberCrop,FiberCropAEZ15,FiberCropAEZ15,1990,NMVOC_AWB,0
Europe_Non_EU,FiberCrop,FiberCropAEZ16,FiberCropAEZ16,1990,NMVOC_AWB,0
Europe_Non_EU,FodderGrass,FodderGrassAEZ07,FodderGrassAEZ07,1990,NMVOC_AWB,0
Europe_Non_EU,FodderGrass,FodderGrassAEZ08,FodderGrassAEZ08,1990,NMVOC_AWB,0
Europe_Non_EU,FodderGrass,FodderGrassAEZ09,FodderGrassAEZ09,1990,NMVOC_AWB,0
Europe_Non_EU,FodderGrass,FodderGrassAEZ10,FodderGrassAEZ10,1990,NMVOC_AWB,0
Europe_Non_EU,FodderGrass,FodderGrassAEZ11,FodderGrassAEZ11,1990,NMVOC_AWB,0
Europe_Non_EU,FodderGrass,FodderGrassAEZ12,FodderGrassAEZ12,1990,NMVOC_AWB,0
Europe_Non_EU,FodderGrass,FodderGrassAEZ14,FodderGrassAEZ14,1990,NMVOC_AWB,0
Europe_Non_EU,FodderGrass,FodderGrassAEZ15,FodderGrassAEZ15,1990,NMVOC_AWB,0
Europe_Non_EU,FodderGrass,FodderGrassAEZ16,FodderGrassAEZ16,1990,NMVOC_AWB,0
Europe_Non_EU,FodderHerb,FodderHerbAEZ07,FodderHerbAEZ07,1990,NMVOC_AWB,1.19787958112476e-05
Europe_Non_EU,FodderHerb,FodderHerbAEZ08,FodderHerbAEZ08,1990,NMVOC_AWB,0.00345739717002019
Europe_Non_EU,FodderHerb,FodderHerbAEZ09,FodderHerbAEZ09,1990,NMVOC_AWB,0.00405013892658114
Europe_Non_EU,FodderHerb,FodderHerbAEZ10,FodderHerbAEZ10,1990,NMVOC_AWB,0.00635634379819998
Europe_Non_EU,FodderHerb,FodderHerbAEZ11,FodderHerbAEZ11,1990,NMVOC_AWB,0.00259709708560377
Europe_Non_EU,FodderHerb,FodderHerbAEZ12,FodderHerbAEZ12,1990,NMVOC_AWB,8.83427537244461e-05
Europe_Non_EU,FodderHerb,FodderHerbAEZ14,FodderHerbAEZ14,1990,NMVOC_AWB,0.000106075877813014
Europe_Non_EU,FodderHerb,FodderHerbAEZ15,FodderHerbAEZ15,1990,NMVOC_AWB,3.86288315298136e-05
Europe_Non_EU,FodderHerb,FodderHerbAEZ16,FodderHerbAEZ16,1990,NMVOC_AWB,4.75344145030261e-05
Europe_Non_EU,MiscCrop,MiscCropAEZ07,MiscCropAEZ07,1990,NMVOC_AWB,2.3565286148304e-05
Europe_Non_EU,MiscCrop,MiscCropAEZ08,MiscCropAEZ08,1990,NMVOC_AWB,0.00843889961937517
Europe_Non_EU,MiscCrop,MiscCropAEZ09,MiscCropAEZ09,1990,NMVOC_AWB,0.00858858091014566
Europe_Non_EU,MiscCrop,MiscCropAEZ10,MiscCropAEZ10,1990,NMVOC_AWB,0.00636837586267223
Europe_Non_EU,MiscCrop,MiscCropAEZ11,MiscCropAEZ11,1990,NMVOC_AWB,0.00147303229799774
Europe_Non_EU,MiscCrop,MiscCropAEZ12,MiscCropAEZ12,1990,NMVOC_AWB,5.37634574427636e-05
Europe_Non_EU,MiscCrop,MiscCropAEZ14,MiscCropAEZ14,1990,NMVOC_AWB,0.000206287632211903
Europe_Non_EU,MiscCrop,MiscCropAEZ15,MiscCropAEZ15,1990,NMVOC_AWB,9.26481335912913e-05
Europe_Non_EU,MiscCrop,MiscCropAEZ16,MiscCropAEZ16,1990,NMVOC_AWB,1.85415806240208e-05
Europe_Non_EU,OilCrop,OilCropAEZ07,OilCropAEZ07,1990,NMVOC_AWB,1.23703561135345e-06
Europe_Non_EU,OilCrop,OilCropAEZ08,OilCropAEZ08,1990,NMVOC_AWB,0.00037474409877777
Europe_Non_EU,OilCrop,OilCropAEZ09,OilCropAEZ09,1990,NMVOC_AWB,0.000588517515400953
Europe_Non_EU,OilCrop,OilCropAEZ10,OilCropAEZ10,1990,NMVOC_AWB,0.000768084586718957
Europe_Non_EU,OilCrop,OilCropAEZ11,OilCropAEZ11,1990,NMVOC_AWB,0.000204743793389686
Europe_Non_EU,OilCrop,OilCropAEZ12,OilCropAEZ12,1990,NMVOC_AWB,9.63842960638198e-06
Europe_Non_EU,OilCrop,OilCropAEZ14,OilCropAEZ14,1990,NMVOC_AWB,1.03088533459407e-05
Europe_Non_EU,OilCrop,OilCropAEZ15,OilCropAEZ15,1990,NMVOC_AWB,4.61728397654072e-06
Europe_Non_EU,OilCrop,OilCropAEZ16,OilCropAEZ16,1990,NMVOC_AWB,3.08019857965053e-06
Europe_Non_EU,OtherGrain,OtherGrainAEZ07,OtherGrainAEZ07,1990,NMVOC_AWB,1.65927546319376e-05
Europe_Non_EU,OtherGrain,OtherGrainAEZ08,OtherGrainAEZ08,1990,NMVOC_AWB,0.00275980090263243
Europe_Non_EU,OtherGrain,OtherGrainAEZ09,OtherGrainAEZ09,1990,NMVOC_AWB,0.00195959472866955
Europe_Non_EU,OtherGrain,OtherGrainAEZ10,OtherGrainAEZ10,1990,NMVOC_AWB,0.000826506407989131
Europe_Non_EU,OtherGrain,OtherGrainAEZ11,OtherGrainAEZ11,1990,NMVOC_AWB,0.000246974528075601
Europe_Non_EU,OtherGrain,OtherGrainAEZ12,OtherGrainAEZ12,1990,NMVOC_AWB,9.08986750932245e-06
Europe_Non_EU,OtherGrain,OtherGrainAEZ14,OtherGrainAEZ14,1990,NMVOC_AWB,2.89493814517084e-05
Europe_Non_EU,OtherGrain,OtherGrainAEZ15,OtherGrainAEZ15,1990,NMVOC_AWB,1.90456456919135e-05
Europe_Non_EU,OtherGrain,OtherGrainAEZ16,OtherGrainAEZ16,1990,NMVOC_AWB,2.43784264856492e-06
Europe_Non_EU,PalmFruit,PalmFruitAEZ07,PalmFruitAEZ07,1990,NMVOC_AWB,0
Europe_Non_EU,PalmFruit,PalmFruitAEZ08,PalmFruitAEZ08,1990,NMVOC_AWB,0
Europe_Non_EU,PalmFruit,PalmFruitAEZ09,PalmFruitAEZ09,1990,NMVOC_AWB,0
Europe_Non_EU,PalmFruit,PalmFruitAEZ10,PalmFruitAEZ10,1990,NMVOC_AWB,0
Europe_Non_EU,PalmFruit,PalmFruitAEZ11,PalmFruitAEZ11,1990,NMVOC_AWB,0
Europe_Non_EU,PalmFruit,PalmFruitAEZ12,PalmFruitAEZ12,1990,NMVOC_AWB,0
Europe_Non_EU,PalmFruit,PalmFruitAEZ14,PalmFruitAEZ14,1990,NMVOC_AWB,0
Europe_Non_EU,PalmFruit,PalmFruitAEZ15,PalmFruitAEZ15,1990,NMVOC_AWB,0
Europe_Non_EU,PalmFruit,PalmFruitAEZ16,PalmFruitAEZ16,1990,NMVOC_AWB,0
Europe_Non_EU,Rice,RiceAEZ07,RiceAEZ07,1990,NMVOC_AWB,0
Europe_Non_EU,Rice,RiceAEZ08,RiceAEZ08,1990,NMVOC_AWB,2.3916099592634e-05
Europe_Non_EU,Rice,RiceAEZ09,RiceAEZ09,1990,NMVOC_AWB,0.000117409741177074
Europe_Non_EU,Rice,RiceAEZ10,RiceAEZ10,1990,NMVOC_AWB,6.12390484027286e-05
Europe_Non_EU,Rice,RiceAEZ11,RiceAEZ11,1990,NMVOC_AWB,2.34465179416362e-08
Europe_Non_EU,Rice,RiceAEZ12,RiceAEZ12,1990,NMVOC_AWB,0
Europe_Non_EU,Rice,RiceAEZ14,RiceAEZ14,1990,NMVOC_AWB,4.62417437182269e-08
Europe_Non_EU,Rice,RiceAEZ15,RiceAEZ15,1990,NMVOC_AWB,0
Europe_Non_EU,Rice,RiceAEZ16,RiceAEZ16,1990,NMVOC_AWB,0
Europe_Non_EU,Root_Tuber,Root_TuberAEZ07,Root_TuberAEZ07,1990,NMVOC_AWB,1.4363649387881e-06
Europe_Non_EU,Root_Tuber,Root_TuberAEZ08,Root_TuberAEZ08,1990,NMVOC_AWB,0.0017700078734985
Europe_Non_EU,Root_Tuber,Root_TuberAEZ09,Root_TuberAEZ09,1990,NMVOC_AWB,0.000826195910811885
Europe_Non_EU,Root_Tuber,Root_TuberAEZ10,Root_TuberAEZ10,1990,NMVOC_AWB,0.00118642481865918
Europe_Non_EU,Root_Tuber,Root_TuberAEZ11,Root_TuberAEZ11,1990,NMVOC_AWB,0.00061015400323836
Europe_Non_EU,Root_Tuber,Root_TuberAEZ12,Root_TuberAEZ12,1990,NMVOC_AWB,3.70660282844167e-05
Europe_Non_EU,Root_Tuber,Root_TuberAEZ14,Root_TuberAEZ14,1990,NMVOC_AWB,2.89875272353835e-05
Europe_Non_EU,Root_Tuber,Root_TuberAEZ15,Root_TuberAEZ15,1990,NMVOC_AWB,1.84016979333693e-05
Europe_Non_EU,Root_Tuber,Root_TuberAEZ16,Root_TuberAEZ16,1990,NMVOC_AWB,6.83625572331158e-06
Europe_Non_EU,SugarCrop,SugarCropAEZ07,SugarCropAEZ07,1990,NMVOC_AWB,4.78601761477353e-05
Europe_Non_EU,SugarCrop,SugarCropAEZ08,SugarCropAEZ08,1990,NMVOC_AWB,0.00654795915326575
Europe_Non_EU,SugarCrop,SugarCropAEZ09,SugarCropAEZ09,1990,NMVOC_AWB,0.00379638828889214
Europe_Non_EU,SugarCrop,SugarCropAEZ10,SugarCropAEZ10,1990,NMVOC_AWB,0.00178260065607906
Europe_Non_EU,SugarCrop,SugarCropAEZ11,SugarCropAEZ11,1990,NMVOC_AWB,0.000838270290718049
Europe_Non_EU,SugarCrop,SugarCropAEZ12,SugarCropAEZ12,1990,NMVOC_AWB,4.74339844467805e-05
Europe_Non_EU,SugarCrop,SugarCropAEZ14,SugarCropAEZ14,1990,NMVOC_AWB,6.58781248151177e-05
Europe_Non_EU,SugarCrop,SugarCropAEZ15,SugarCropAEZ15,1990,NMVOC_AWB,3.54267616604279e-05
Europe_Non_EU,SugarCrop,SugarCropAEZ16,SugarCropAEZ16,1990,NMVOC_AWB,7.24187106486861e-06
Europe_Non_EU,Wheat,WheatAEZ07,WheatAEZ07,1990,NMVOC_AWB,2.36786914706173e-05
Europe_Non_EU,Wheat,WheatAEZ08,WheatAEZ08,1990,NMVOC_AWB,0.00540504068906366
Europe_Non_EU,Wheat,WheatAEZ09,WheatAEZ09,1990,NMVOC_AWB,0.00539033970759871
Europe_Non_EU,Wheat,WheatAEZ10,WheatAEZ10,1990,NMVOC_AWB,0.00539220888145865
Europe_Non_EU,Wheat,WheatAEZ11,WheatAEZ11,1990,NMVOC_AWB,0.00124665607273034
Europe_Non_EU,Wheat,WheatAEZ12,WheatAEZ12,1990,NMVOC_AWB,4.2801318330971e-05
Europe_Non_EU,Wheat,WheatAEZ14,WheatAEZ14,1990,NMVOC_AWB,3.69458679770822e-05
Europe_Non_EU,Wheat,WheatAEZ15,WheatAEZ15,1990,NMVOC_AWB,2.84035268728689e-05
Europe_Non_EU,Wheat,WheatAEZ16,WheatAEZ16,1990,NMVOC_AWB,1.22291614583963e-05
Europe_Non_EU,Corn,CornAEZ07,CornAEZ07,1990,NOx_AWB,1.40117176758943e-08
Europe_Non_EU,Corn,CornAEZ08,CornAEZ08,1990,NOx_AWB,7.63845286171958e-05
Europe_Non_EU,Corn,CornAEZ09,CornAEZ09,1990,NOx_AWB,0.000373460966781506
Europe_Non_EU,Corn,CornAEZ10,CornAEZ10,1990,NOx_AWB,0.0021615750753143
Europe_Non_EU,Corn,CornAEZ11,CornAEZ11,1990,NOx_AWB,0.00124555552932329
Europe_Non_EU,Corn,CornAEZ12,CornAEZ12,1990,NOx_AWB,5.51925062182896e-05
Europe_Non_EU,Corn,CornAEZ14,CornAEZ14,1990,NOx_AWB,1.68981315171285e-06
Europe_Non_EU,Corn,CornAEZ15,CornAEZ15,1990,NOx_AWB,7.43812032824849e-06
Europe_Non_EU,Corn,CornAEZ16,CornAEZ16,1990,NOx_AWB,1.1661602328705e-05
Europe_Non_EU,FiberCrop,FiberCropAEZ07,FiberCropAEZ07,1990,NOx_AWB,0
Europe_Non_EU,FiberCrop,FiberCropAEZ08,FiberCropAEZ08,1990,NOx_AWB,2.10896212214435e-05
Europe_Non_EU,FiberCrop,FiberCropAEZ09,FiberCropAEZ09,1990,NOx_AWB,0.000353531311052546
Europe_Non_EU,FiberCrop,FiberCropAEZ10,FiberCropAEZ10,1990,NOx_AWB,0.000262647045268542
Europe_Non_EU,FiberCrop,FiberCropAEZ11,FiberCropAEZ11,1990,NOx_AWB,1.15371580037552e-08
Europe_Non_EU,FiberCrop,FiberCropAEZ12,FiberCropAEZ12,1990,NOx_AWB,0
Europe_Non_EU,FiberCrop,FiberCropAEZ14,FiberCropAEZ14,1990,NOx_AWB,0
Europe_Non_EU,FiberCrop,FiberCropAEZ15,FiberCropAEZ15,1990,NOx_AWB,0
Europe_Non_EU,FiberCrop,FiberCropAEZ16,FiberCropAEZ16,1990,NOx_AWB,0
Europe_Non_EU,FodderGrass,FodderGrassAEZ07,FodderGrassAEZ07,1990,NOx_AWB,0
Europe_Non_EU,FodderGrass,FodderGrassAEZ08,FodderGrassAEZ08,1990,NOx_AWB,0
Europe_Non_EU,FodderGrass,FodderGrassAEZ09,FodderGrassAEZ09,1990,NOx_AWB,0
Europe_Non_EU,FodderGrass,FodderGrassAEZ10,FodderGrassAEZ10,1990,NOx_AWB,0
Europe_Non_EU,FodderGrass,FodderGrassAEZ11,FodderGrassAEZ11,1990,NOx_AWB,0
Europe_Non_EU,FodderGrass,FodderGrassAEZ12,FodderGrassAEZ12,1990,NOx_AWB,0
Europe_Non_EU,FodderGrass,FodderGrassAEZ14,FodderGrassAEZ14,1990,NOx_AWB,0
Europe_Non_EU,FodderGrass,FodderGrassAEZ15,FodderGrassAEZ15,1990,NOx_AWB,0
Europe_Non_EU,FodderGrass,FodderGrassAEZ16,FodderGrassAEZ16,1990,NOx_AWB,0
Europe_Non_EU,FodderHerb,FodderHerbAEZ07,FodderHerbAEZ07,1990,NOx_AWB,6.50632153357631e-06
Europe_Non_EU,FodderHerb,FodderHerbAEZ08,FodderHerbAEZ08,1990,NOx_AWB,0.0018778964106147
Europe_Non_EU,FodderHerb,FodderHerbAEZ09,FodderHerbAEZ09,1990,NOx_AWB,0.00219984600515918
Europe_Non_EU,FodderHerb,FodderHerbAEZ10,FodderHerbAEZ10,1990,NOx_AWB,0.00345246861042668
Europe_Non_EU,FodderHerb,FodderHerbAEZ11,FodderHerbAEZ11,1990,NOx_AWB,0.00141062164837855
Europe_Non_EU,FodderHerb,FodderHerbAEZ12,FodderHerbAEZ12,1990,NOx_AWB,4.7983651274287e-05
Europe_Non_EU,FodderHerb,FodderHerbAEZ14,FodderHerbAEZ14,1990,NOx_AWB,5.7615454748781e-05
Europe_Non_EU,FodderHerb,FodderHerbAEZ15,FodderHerbAEZ15,1990,NOx_AWB,2.09813742849952e-05
Europe_Non_EU,FodderHerb,FodderHerbAEZ16,FodderHerbAEZ16,1990,NOx_AWB,2.58184703654925e-05
Europe_Non_EU,MiscCrop,MiscCropAEZ07,MiscCropAEZ07,1990,NOx_AWB,1.27995610850661e-05
Europe_Non_EU,MiscCrop,MiscCropAEZ08,MiscCropAEZ08,1990,NOx_AWB,0.00458361551347883
Europe_Non_EU,MiscCrop,MiscCropAEZ09,MiscCropAEZ09,1990,NOx_AWB,0.00466491538874669
Europe_Non_EU,MiscCrop,MiscCropAEZ10,MiscCropAEZ10,1990,NOx_AWB,0.00345900386500507
Europe_Non_EU,MiscCrop,MiscCropAEZ11,MiscCropAEZ11,1990,NOx_AWB,0.000800082237908851
Europe_Non_EU,MiscCrop,MiscCropAEZ12,MiscCropAEZ12,1990,NOx_AWB,2.92017951045561e-05
Europe_Non_EU,MiscCrop,MiscCropAEZ14,MiscCropAEZ14,1990,NOx_AWB,0.000112045791974393
Europe_Non_EU,MiscCrop,MiscCropAEZ15,MiscCropAEZ15,1990,NOx_AWB,5.03221322183881e-05
Europe_Non_EU,MiscCrop,MiscCropAEZ16,MiscCropAEZ16,1990,NOx_AWB,1.0070919246101e-05
Europe_Non_EU,OilCrop,OilCropAEZ07,OilCropAEZ07,1990,NOx_AWB,6.71899877314251e-07
Europe_Non_EU,OilCrop,OilCropAEZ08,OilCropAEZ08,1990,NOx_AWB,0.000203543464458179
Europe_Non_EU,OilCrop,OilCropAEZ09,OilCropAEZ09,1990,NOx_AWB,0.000319655184350392
Europe_Non_EU,OilCrop,OilCropAEZ10,OilCropAEZ10,1990,NOx_AWB,0.000417187617597193
Europe_Non_EU,OilCrop,OilCropAEZ11,OilCropAEZ11,1990,NOx_AWB,0.000111207250944757
Europe_Non_EU,OilCrop,OilCropAEZ12,OilCropAEZ12,1990,NOx_AWB,5.23514409010794e-06
Europe_Non_EU,OilCrop,OilCropAEZ14,OilCropAEZ14,1990,NOx_AWB,5.59928690396372e-06
Europe_Non_EU,OilCrop,OilCropAEZ15,OilCropAEZ15,1990,NOx_AWB,2.50789266605547e-06
Europe_Non_EU,OilCrop,OilCropAEZ16,OilCropAEZ16,1990,NOx_AWB,1.67301978114144e-06
Europe_Non_EU,OtherGrain,OtherGrainAEZ07,OtherGrainAEZ07,1990,NOx_AWB,9.01240813051978e-06
Europe_Non_EU,OtherGrain,OtherGrainAEZ08,OtherGrainAEZ08,1990,NOx_AWB,0.00149899475073452
Europe_Non_EU,OtherGrain,OtherGrainAEZ09,OtherGrainAEZ09,1990,NOx_AWB,0.00106436018954876
Europe_Non_EU,OtherGrain,OtherGrainAEZ10,OtherGrainAEZ10,1990,NOx_AWB,0.00044891961802114
Europe_Non_EU,OtherGrain,OtherGrainAEZ11,OtherGrainAEZ11,1990,NOx_AWB,0.000134145010532221
Europe_Non_EU,OtherGrain,OtherGrainAEZ12,OtherGrainAEZ12,1990,NOx_AWB,4.93719081994276e-06
Europe_Non_EU,OtherGrain,OtherGrainAEZ14,OtherGrainAEZ14,1990,NOx_AWB,1.57239497935267e-05
Europe_Non_EU,OtherGrain,OtherGrainAEZ15,OtherGrainAEZ15,1990,NOx_AWB,1.03447038115308e-05
Europe_Non_EU,OtherGrain,OtherGrainAEZ16,OtherGrainAEZ16,1990,NOx_AWB,1.32412208787593e-06
Europe_Non_EU,PalmFruit,PalmFruitAEZ07,PalmFruitAEZ07,1990,NOx_AWB,0
Europe_Non_EU,PalmFruit,PalmFruitAEZ08,PalmFruitAEZ08,1990,NOx_AWB,0
Europe_Non_EU,PalmFruit,PalmFruitAEZ09,PalmFruitAEZ09,1990,NOx_AWB,0
Europe_Non_EU,PalmFruit,PalmFruitAEZ10,PalmFruitAEZ10,1990,NOx_AWB,0
Europe_Non_EU,PalmFruit,PalmFruitAEZ11,PalmFruitAEZ11,1990,NOx_AWB,0
Europe_Non_EU,PalmFruit,PalmFruitAEZ12,PalmFruitAEZ12,1990,NOx_AWB,0
Europe_Non_EU,PalmFruit,PalmFruitAEZ14,PalmFruitAEZ14,1990,NOx_AWB,0
Europe_Non_EU,PalmFruit,PalmFruitAEZ15,PalmFruitAEZ15,1990,NOx_AWB,0
Europe_Non_EU,PalmFruit,PalmFruitAEZ16,PalmFruitAEZ16,1990,NOx_AWB,0
Europe_Non_EU,Rice,RiceAEZ07,RiceAEZ07,1990,NOx_AWB,0
Europe_Non_EU,Rice,RiceAEZ08,RiceAEZ08,1990,NOx_AWB,1.29901065374704e-05
Europe_Non_EU,Rice,RiceAEZ09,RiceAEZ09,1990,NOx_AWB,6.37714791460709e-05
Europe_Non_EU,Rice,RiceAEZ10,RiceAEZ10,1990,NOx_AWB,3.32621864164573e-05
Europe_Non_EU,Rice,RiceAEZ11,RiceAEZ11,1990,NOx_AWB,1.27350517510126e-08
Europe_Non_EU,Rice,RiceAEZ12,RiceAEZ12,1990,NOx_AWB,0
Europe_Non_EU,Rice,RiceAEZ14,RiceAEZ14,1990,NOx_AWB,2.51163520644971e-08
Europe_Non_EU,Rice,RiceAEZ15,RiceAEZ15,1990,NOx_AWB,0
Europe_Non_EU,Rice,RiceAEZ16,RiceAEZ16,1990,NOx_AWB,0
Europe_Non_EU,Root_Tuber,Root_TuberAEZ07,Root_TuberAEZ07,1990,NOx_AWB,7.80166243633274e-07
Europe_Non_EU,Root_Tuber,Root_TuberAEZ08,Root_TuberAEZ08,1990,NOx_AWB,0.000961385478424272
Europe_Non_EU,Root_Tuber,Root_TuberAEZ09,Root_TuberAEZ09,1990,NOx_AWB,0.000448750970479078
Europe_Non_EU,Root_Tuber,Root_TuberAEZ10,Root_TuberAEZ10,1990,NOx_AWB,0.000644410462223884
Europe_Non_EU,Root_Tuber,Root_TuberAEZ11,Root_TuberAEZ11,1990,NOx_AWB,0.000331407112419431
Europe_Non_EU,Root_Tuber,Root_TuberAEZ12,Root_TuberAEZ12,1990,NOx_AWB,2.01325326678168e-05
Europe_Non_EU,Root_Tuber,Root_TuberAEZ14,Root_TuberAEZ14,1990,NOx_AWB,1.57446687988133e-05
Europe_Non_EU,Root_Tuber,Root_TuberAEZ15,Root_TuberAEZ15,1990,NOx_AWB,9.99494151205322e-06
Europe_Non_EU,Root_Tuber,Root_TuberAEZ16,Root_TuberAEZ16,1990,NOx_AWB,3.7131343185475e-06
Europe_Non_EU,SugarCrop,SugarCropAEZ07,SugarCropAEZ07,1990,NOx_AWB,2.59954088522304e-05
Europe_Non_EU,SugarCrop,SugarCropAEZ08,SugarCropAEZ08,1990,NOx_AWB,0.00355654510780362
Europe_Non_EU,SugarCrop,SugarCropAEZ09,SugarCropAEZ09,1990,NOx_AWB,0.00206202052886177
Europe_Non_EU,SugarCrop,SugarCropAEZ10,SugarCropAEZ10,1990,NOx_AWB,0.000968225288849506
Europe_Non_EU,SugarCrop,SugarCropAEZ11,SugarCropAEZ11,1990,NOx_AWB,0.000455309208821724
Europe_Non_EU,SugarCrop,SugarCropAEZ12,SugarCropAEZ12,1990,NOx_AWB,2.57639214569156e-05
Europe_Non_EU,SugarCrop,SugarCropAEZ14,SugarCropAEZ14,1990,NOx_AWB,3.57819157142464e-05
Europe_Non_EU,SugarCrop,SugarCropAEZ15,SugarCropAEZ15,1990,NOx_AWB,1.92421597202359e-05
Europe_Non_EU,SugarCrop,SugarCropAEZ16,SugarCropAEZ16,1990,NOx_AWB,3.93344559797039e-06
Europe_Non_EU,Wheat,WheatAEZ07,WheatAEZ07,1990,NOx_AWB,1.28611575512065e-05
Europe_Non_EU,Wheat,WheatAEZ08,WheatAEZ08,1990,NOx_AWB,0.00293576526215522
Europe_Non_EU,Wheat,WheatAEZ09,WheatAEZ09,1990,NOx_AWB,0.00292778037671454
Europe_Non_EU,Wheat,WheatAEZ10,WheatAEZ10,1990,NOx_AWB,0.00292879562451795
Europe_Non_EU,Wheat,WheatAEZ11,WheatAEZ11,1990,NOx_AWB,0.000677125261902628
Europe_Non_EU,Wheat,WheatAEZ12,WheatAEZ12,1990,NOx_AWB,2.3247673932364e-05
Europe_Non_EU,Wheat,WheatAEZ14,WheatAEZ14,1990,NOx_AWB,2.00672672098016e-05
Europe_Non_EU,Wheat,WheatAEZ15,WheatAEZ15,1990,NOx_AWB,1.54274671206048e-05
Europe_Non_EU,Wheat,WheatAEZ16,WheatAEZ16,1990,NOx_AWB,6.64230844135731e-06
Europe_Non_EU,Corn,CornAEZ07,CornAEZ07,1990,SO2_AWB,2.2048343814084e-09
Europe_Non_EU,Corn,CornAEZ08,CornAEZ08,1990,SO2_AWB,1.20195995093884e-05
Europe_Non_EU,Corn,CornAEZ09,CornAEZ09,1990,SO2_AWB,5.87664980640093e-05
Europe_Non_EU,Corn,CornAEZ10,CornAEZ10,1990,SO2_AWB,0.000340137815668931
Europe_Non_EU,Corn,CornAEZ11,CornAEZ11,1990,SO2_AWB,0.000195996216775761
Europe_Non_EU,Corn,CornAEZ12,CornAEZ12,1990,SO2_AWB,8.68489774922726e-06
Europe_Non_EU,Corn,CornAEZ14,CornAEZ14,1990,SO2_AWB,2.65903026397854e-07
Europe_Non_EU,Corn,CornAEZ15,CornAEZ15,1990,SO2_AWB,1.17043633137065e-06
Europe_Non_EU,Corn,CornAEZ16,CornAEZ16,1990,SO2_AWB,1.83502853478669e-06
Europe_Non_EU,FiberCrop,FiberCropAEZ07,FiberCropAEZ07,1990,SO2_AWB,0
Europe_Non_EU,FiberCrop,FiberCropAEZ08,FiberCropAEZ08,1990,SO2_AWB,3.31858827272233e-06
Europe_Non_EU,FiberCrop,FiberCropAEZ09,FiberCropAEZ09,1990,SO2_AWB,5.56304378623082e-05
Europe_Non_EU,FiberCrop,FiberCropAEZ10,FiberCropAEZ10,1990,SO2_AWB,4.13292109488961e-05
Europe_Non_EU,FiberCrop,FiberCropAEZ11,FiberCropAEZ11,1990,SO2_AWB,1.81544641555142e-09
Europe_Non_EU,FiberCrop,FiberCropAEZ12,FiberCropAEZ12,1990,SO2_AWB,0
Europe_Non_EU,FiberCrop,FiberCropAEZ14,FiberCropAEZ14,1990,SO2_AWB,0
Europe_Non_EU,FiberCrop,FiberCropAEZ15,FiberCropAEZ15,1990,SO2_AWB,0
Europe_Non_EU,FiberCrop,FiberCropAEZ16,FiberCropAEZ16,1990,SO2_AWB,0
Europe_Non_EU,FodderGrass,FodderGrassAEZ07,FodderGrassAEZ07,1990,SO2_AWB,0
Europe_Non_EU,FodderGrass,FodderGrassAEZ08,FodderGrassAEZ08,1990,SO2_AWB,0
Europe_Non_EU,FodderGrass,FodderGrassAEZ09,FodderGrassAEZ09,1990,SO2_AWB,0
Europe_Non_EU,FodderGrass,FodderGrassAEZ10,FodderGrassAEZ10,1990,SO2_AWB,0
Europe_Non_EU,FodderGrass,FodderGrassAEZ11,FodderGrassAEZ11,1990,SO2_AWB,0
Europe_Non_EU,FodderGrass,FodderGrassAEZ12,FodderGrassAEZ12,1990,SO2_AWB,0
Europe_Non_EU,FodderGrass,FodderGrassAEZ14,FodderGrassAEZ14,1990,SO2_AWB,0
Europe_Non_EU,FodderGrass,FodderGrassAEZ15,FodderGrassAEZ15,1990,SO2_AWB,0
Europe_Non_EU,FodderGrass,FodderGrassAEZ16,FodderGrassAEZ16,1990,SO2_AWB,0
Europe_Non_EU,FodderHerb,FodderHerbAEZ07,FodderHerbAEZ07,1990,SO2_AWB,1.02381176566287e-06
Europe_Non_EU,FodderHerb,FodderHerbAEZ08,FodderHerbAEZ08,1990,SO2_AWB,0.000295499143404091
Europe_Non_EU,FodderHerb,FodderHerbAEZ09,FodderHerbAEZ09,1990,SO2_AWB,0.000346159993954441
Europe_Non_EU,FodderHerb,FodderHerbAEZ10,FodderHerbAEZ10,1990,SO2_AWB,0.000543268260828428
Europe_Non_EU,FodderHerb,FodderHerbAEZ11,FodderHerbAEZ11,1990,SO2_AWB,0.000221970437989539
Europe_Non_EU,FodderHerb,FodderHerbAEZ12,FodderHerbAEZ12,1990,SO2_AWB,7.55053780858504e-06
Europe_Non_EU,FodderHerb,FodderHerbAEZ14,FodderHerbAEZ14,1990,SO2_AWB,9.06616436820869e-06
Europe_Non_EU,FodderHerb,FodderHerbAEZ15,FodderHerbAEZ15,1990,SO2_AWB,3.30155491730624e-06
Europe_Non_EU,FodderHerb,FodderHerbAEZ16,FodderHerbAEZ16,1990,SO2_AWB,4.0627032640792e-06
Europe_Non_EU,MiscCrop,MiscCropAEZ07,MiscCropAEZ07,1990,SO2_AWB,2.01409370357512e-06
Europe_Non_EU,MiscCrop,MiscCropAEZ08,MiscCropAEZ08,1990,SO2_AWB,0.000721261540450647
Europe_Non_EU,MiscCrop,MiscCropAEZ09,MiscCropAEZ09,1990,SO2_AWB,0.000734054601540021
Europe_Non_EU,MiscCrop,MiscCropAEZ10,MiscCropAEZ10,1990,SO2_AWB,0.000544296625395786
Europe_Non_EU,MiscCrop,MiscCropAEZ11,MiscCropAEZ11,1990,SO2_AWB,0.000125898113771624
Europe_Non_EU,MiscCrop,MiscCropAEZ12,MiscCropAEZ12,1990,SO2_AWB,4.59509128963802e-06
Europe_Non_EU,MiscCrop,MiscCropAEZ14,MiscCropAEZ14,1990,SO2_AWB,1.76311298979629e-05
Europe_Non_EU,MiscCrop,MiscCropAEZ15,MiscCropAEZ15,1990,SO2_AWB,7.91851290664834e-06
Europe_Non_EU,MiscCrop,MiscCropAEZ16,MiscCropAEZ16,1990,SO2_AWB,1.58472426577593e-06
Europe_Non_EU,OilCrop,OilCropAEZ07,OilCropAEZ07,1990,SO2_AWB,1.05727790456069e-07
Europe_Non_EU,OilCrop,OilCropAEZ08,OilCropAEZ08,1990,SO2_AWB,3.20288803221072e-05
Europe_Non_EU,OilCrop,OilCropAEZ09,OilCropAEZ09,1990,SO2_AWB,5.02998102697787e-05
Europe_Non_EU,OilCrop,OilCropAEZ10,OilCropAEZ10,1990,SO2_AWB,6.56471693230464e-05
Europe_Non_EU,OilCrop,OilCropAEZ11,OilCropAEZ11,1990,SO2_AWB,1.74991800446239e-05
Europe_Non_EU,OilCrop,OilCropAEZ12,OilCropAEZ12,1990,SO2_AWB,8.23783775015316e-07
Europe_Non_EU,OilCrop,OilCropAEZ14,OilCropAEZ14,1990,SO2_AWB,8.81084001461732e-07
Europe_Non_EU,OilCrop,OilCropAEZ15,OilCropAEZ15,1990,SO2_AWB,3.94633127993579e-07
Europe_Non_EU,OilCrop,OilCropAEZ16,OilCropAEZ16,1990,SO2_AWB,2.63260480946108e-07
Europe_Non_EU,OtherGrain,OtherGrainAEZ07,OtherGrainAEZ07,1990,SO2_AWB,1.41816069700294e-06
Europe_Non_EU,OtherGrain,OtherGrainAEZ08,OtherGrainAEZ08,1990,SO2_AWB,0.00023587651709941
Europe_Non_EU,OtherGrain,OtherGrainAEZ09,OtherGrainAEZ09,1990,SO2_AWB,0.000167483958384117
Europe_Non_EU,OtherGrain,OtherGrainAEZ10,OtherGrainAEZ10,1990,SO2_AWB,7.06404047809623e-05
Europe_Non_EU,OtherGrain,OtherGrainAEZ11,OtherGrainAEZ11,1990,SO2_AWB,2.11085848400065e-05
Europe_Non_EU,OtherGrain,OtherGrainAEZ12,OtherGrainAEZ12,1990,SO2_AWB,7.76898901275428e-07
Europe_Non_EU,OtherGrain,OtherGrainAEZ14,OtherGrainAEZ14,1990,SO2_AWB,2.47426517706328e-06
Europe_Non_EU,OtherGrain,OtherGrainAEZ15,OtherGrainAEZ15,1990,SO2_AWB,1.62780603754164e-06
Europe_Non_EU,OtherGrain,OtherGrainAEZ16,OtherGrainAEZ16,1990,SO2_AWB,2.08359172805329e-07
Europe_Non_EU,PalmFruit,PalmFruitAEZ07,PalmFruitAEZ07,1990,SO2_AWB,0
Europe_Non_EU,PalmFruit,PalmFruitAEZ08,PalmFruitAEZ08,1990,SO2_AWB,0
Europe_Non_EU,PalmFruit,PalmFruitAEZ09,PalmFruitAEZ09,1990,SO2_AWB,0
Europe_Non_EU,PalmFruit,PalmFruitAEZ10,PalmFruitAEZ10,1990,SO2_AWB,0
Europe_Non_EU,PalmFruit,PalmFruitAEZ11,PalmFruitAEZ11,1990,SO2_AWB,0
Europe_Non_EU,PalmFruit,PalmFruitAEZ12,PalmFruitAEZ12,1990,SO2_AWB,0
Europe_Non_EU,PalmFruit,PalmFruitAEZ14,PalmFruitAEZ14,1990,SO2_AWB,0
Europe_Non_EU,PalmFruit,PalmFruitAEZ15,PalmFruitAEZ15,1990,SO2_AWB,0
Europe_Non_EU,PalmFruit,PalmFruitAEZ16,PalmFruitAEZ16,1990,SO2_AWB,0
Europe_Non_EU,Rice,RiceAEZ07,RiceAEZ07,1990,SO2_AWB,0
Europe_Non_EU,Rice,RiceAEZ08,RiceAEZ08,1990,SO2_AWB,2.04407726265044e-06
Europe_Non_EU,Rice,RiceAEZ09,RiceAEZ09,1990,SO2_AWB,1.00348546143221e-05
Europe_Non_EU,Rice,RiceAEZ10,RiceAEZ10,1990,SO2_AWB,5.23402011860334e-06
Europe_Non_EU,Rice,RiceAEZ11,RiceAEZ11,1990,SO2_AWB,2.00394274271986e-09
Europe_Non_EU,Rice,RiceAEZ12,RiceAEZ12,1990,SO2_AWB,0
Europe_Non_EU,Rice,RiceAEZ14,RiceAEZ14,1990,SO2_AWB,3.95222040925305e-09
Europe_Non_EU,Rice,RiceAEZ15,RiceAEZ15,1990,SO2_AWB,0
Europe_Non_EU,Rice,RiceAEZ16,RiceAEZ16,1990,SO2_AWB,0
Europe_Non_EU,Root_Tuber,Root_TuberAEZ07,Root_TuberAEZ07,1990,SO2_AWB,1.22764203287953e-07
Europe_Non_EU,Root_Tuber,Root_TuberAEZ08,Root_TuberAEZ08,1990,SO2_AWB,0.000151280221714952
Europe_Non_EU,Root_Tuber,Root_TuberAEZ09,Root_TuberAEZ09,1990,SO2_AWB,7.06138669996796e-05
Europe_Non_EU,Root_Tuber,Root_TuberAEZ10,Root_TuberAEZ10,1990,SO2_AWB,0.000101402153234565
Europe_Non_EU,Root_Tuber,Root_TuberAEZ11,Root_TuberAEZ11,1990,SO2_AWB,5.21490521438875e-05
Europe_Non_EU,Root_Tuber,Root_TuberAEZ12,Root_TuberAEZ12,1990,SO2_AWB,3.16798419990983e-06
Europe_Non_EU,Root_Tuber,Root_TuberAEZ14,Root_TuberAEZ14,1990,SO2_AWB,2.47752544652212e-06
Europe_Non_EU,Root_Tuber,Root_TuberAEZ15,Root_TuberAEZ15,1990,SO2_AWB,1.57276867802252e-06
Europe_Non_EU,Root_Tuber,Root_TuberAEZ16,Root_TuberAEZ16,1990,SO2_AWB,5.84285695565051e-07
Europe_Non_EU,SugarCrop,SugarCropAEZ07,SugarCropAEZ07,1990,SO2_AWB,4.09054567911909e-06
Europe_Non_EU,SugarCrop,SugarCropAEZ08,SugarCropAEZ08,1990,SO2_AWB,0.000559645370688987
Europe_Non_EU,SugarCrop,SugarCropAEZ09,SugarCropAEZ09,1990,SO2_AWB,0.000324472264026987
Europe_Non_EU,SugarCrop,SugarCropAEZ10,SugarCropAEZ10,1990,SO2_AWB,0.000152356510114184
Europe_Non_EU,SugarCrop,SugarCropAEZ11,SugarCropAEZ11,1990,SO2_AWB,7.16458482109635e-05
Europe_Non_EU,SugarCrop,SugarCropAEZ12,SugarCropAEZ12,1990,SO2_AWB,4.05411964058058e-06
Europe_Non_EU,SugarCrop,SugarCropAEZ14,SugarCropAEZ14,1990,SO2_AWB,5.63051581714038e-06
Europe_Non_EU,SugarCrop,SugarCropAEZ15,SugarCropAEZ15,1990,SO2_AWB,3.02787825911716e-06
Europe_Non_EU,SugarCrop,SugarCropAEZ16,SugarCropAEZ16,1990,SO2_AWB,6.18953099998936e-07
Europe_Non_EU,Wheat,WheatAEZ07,WheatAEZ07,1990,SO2_AWB,2.02378630582853e-06
Europe_Non_EU,Wheat,WheatAEZ08,WheatAEZ08,1990,SO2_AWB,0.000461961647777146
Europe_Non_EU,Wheat,WheatAEZ09,WheatAEZ09,1990,SO2_AWB,0.000460705174419742
Europe_Non_EU,Wheat,WheatAEZ10,WheatAEZ10,1990,SO2_AWB,0.000460864930226589
Europe_Non_EU,Wheat,WheatAEZ11,WheatAEZ11,1990,SO2_AWB,0.000106550038510378
Europe_Non_EU,Wheat,WheatAEZ12,WheatAEZ12,1990,SO2_AWB,3.65817182157694e-06
Europe_Non_EU,Wheat,WheatAEZ14,WheatAEZ14,1990,SO2_AWB,3.15771425805981e-06
Europe_Non_EU,Wheat,WheatAEZ15,WheatAEZ15,1990,SO2_AWB,2.42761171130906e-06
Europe_Non_EU,Wheat,WheatAEZ16,WheatAEZ16,1990,SO2_AWB,1.04521018494538e-06
European Free Trade Association,Corn,CornAEZ10,CornAEZ10,1990,CH4_AWB,5.71895561352532e-06
European Free Trade Association,Corn,CornAEZ13,CornAEZ13,1990,CH4_AWB,0
European Free Trade Association,Corn,CornAEZ14,CornAEZ14,1990,CH4_AWB,7.17704605282164e-08
European Free Trade Association,Corn,CornAEZ15,CornAEZ15,1990,CH4_AWB,1.02774818602299e-06
European Free Trade Association,Corn,CornAEZ16,CornAEZ16,1990,CH4_AWB,0
European Free Trade Association,FiberCrop,FiberCropAEZ10,FiberCropAEZ10,1990,CH4_AWB,0
European Free Trade Association,FiberCrop,FiberCropAEZ13,FiberCropAEZ13,1990,CH4_AWB,0
European Free Trade Association,FiberCrop,FiberCropAEZ14,FiberCropAEZ14,1990,CH4_AWB,0
European Free Trade Association,FiberCrop,FiberCropAEZ15,FiberCropAEZ15,1990,CH4_AWB,0
European Free Trade Association,FiberCrop,FiberCropAEZ16,FiberCropAEZ16,1990,CH4_AWB,0
European Free Trade Association,FodderGrass,FodderGrassAEZ10,FodderGrassAEZ10,1990,CH4_AWB,1.78953421589433e-05
European Free Trade Association,FodderGrass,FodderGrassAEZ13,FodderGrassAEZ13,1990,CH4_AWB,0
European Free Trade Association,FodderGrass,FodderGrassAEZ14,FodderGrassAEZ14,1990,CH4_AWB,6.54839083279223e-07
European Free Trade Association,FodderGrass,FodderGrassAEZ15,FodderGrassAEZ15,1990,CH4_AWB,8.92126715184353e-06
European Free Trade Association,FodderGrass,FodderGrassAEZ16,FodderGrassAEZ16,1990,CH4_AWB,3.06036262319091e-06
European Free Trade Association,FodderHerb,FodderHerbAEZ10,FodderHerbAEZ10,1990,CH4_AWB,4.94699202796116e-05
European Free Trade Association,FodderHerb,FodderHerbAEZ13,FodderHerbAEZ13,1990,CH4_AWB,0
European Free Trade Association,FodderHerb,FodderHerbAEZ14,FodderHerbAEZ14,1990,CH4_AWB,7.14195936829287e-07
European Free Trade Association,FodderHerb,FodderHerbAEZ15,FodderHerbAEZ15,1990,CH4_AWB,6.04163403349281e-06
European Free Trade Association,FodderHerb,FodderHerbAEZ16,FodderHerbAEZ16,1990,CH4_AWB,0
European Free Trade Association,MiscCrop,MiscCropAEZ10,MiscCropAEZ10,1990,CH4_AWB,3.45171299796573e-05
European Free Trade Association,MiscCrop,MiscCropAEZ13,MiscCropAEZ13,1990,CH4_AWB,0
European Free Trade Association,MiscCrop,MiscCropAEZ14,MiscCropAEZ14,1990,CH4_AWB,2.8711792295904e-07
European Free Trade Association,MiscCrop,MiscCropAEZ15,MiscCropAEZ15,1990,CH4_AWB,3.96562500095505e-06
European Free Trade Association,MiscCrop,MiscCropAEZ16,MiscCropAEZ16,1990,CH4_AWB,7.7518778240274e-08
European Free Trade Association,OilCrop,OilCropAEZ10,OilCropAEZ10,1990,CH4_AWB,1.45637524100721e-06
European Free Trade Association,OilCrop,OilCropAEZ13,OilCropAEZ13,1990,CH4_AWB,0
European Free Trade Association,OilCrop,OilCropAEZ14,OilCropAEZ14,1990,CH4_AWB,1.93765783617736e-08
European Free Trade Association,OilCrop,OilCropAEZ15,OilCropAEZ15,1990,CH4_AWB,2.39660760764657e-07
European Free Trade Association,OilCrop,OilCropAEZ16,OilCropAEZ16,1990,CH4_AWB,3.93385518402173e-08
European Free Trade Association,OtherGrain,OtherGrainAEZ10,OtherGrainAEZ10,1990,CH4_AWB,2.62004883841527e-05
European Free Trade Association,OtherGrain,OtherGrainAEZ13,OtherGrainAEZ13,1990,CH4_AWB,0
European Free Trade Association,OtherGrain,OtherGrainAEZ14,OtherGrainAEZ14,1990,CH4_AWB,7.52657671613558e-07
European Free Trade Association,OtherGrain,OtherGrainAEZ15,OtherGrainAEZ15,1990,CH4_AWB,1.30185995656459e-05
European Free Trade Association,OtherGrain,OtherGrainAEZ16,OtherGrainAEZ16,1990,CH4_AWB,5.22394373272142e-06
European Free Trade Association,PalmFruit,PalmFruitAEZ10,PalmFruitAEZ10,1990,CH4_AWB,0
European Free Trade Association,PalmFruit,PalmFruitAEZ13,PalmFruitAEZ13,1990,CH4_AWB,0
European Free Trade Association,PalmFruit,PalmFruitAEZ14,PalmFruitAEZ14,1990,CH4_AWB,0
European Free Trade Association,PalmFruit,PalmFruitAEZ15,PalmFruitAEZ15,1990,CH4_AWB,0
European Free Trade Association,PalmFruit,PalmFruitAEZ16,PalmFruitAEZ16,1990,CH4_AWB,0
European Free Trade Association,Rice,RiceAEZ10,RiceAEZ10,1990,CH4_AWB,0
European Free Trade Association,Rice,RiceAEZ13,RiceAEZ13,1990,CH4_AWB,0
European Free Trade Association,Rice,RiceAEZ14,RiceAEZ14,1990,CH4_AWB,0
European Free Trade Association,Rice,RiceAEZ15,RiceAEZ15,1990,CH4_AWB,0
European Free Trade Association,Rice,RiceAEZ16,RiceAEZ16,1990,CH4_AWB,0
European Free Trade Association,Root_Tuber,Root_TuberAEZ10,Root_TuberAEZ10,1990,CH4_AWB,2.64180649481919e-05
European Free Trade Association,Root_Tuber,Root_TuberAEZ13,Root_TuberAEZ13,1990,CH4_AWB,0
European Free Trade Association,Root_Tuber,Root_TuberAEZ14,Root_TuberAEZ14,1990,CH4_AWB,4.77501075454748e-07
European Free Trade Association,Root_Tuber,Root_TuberAEZ15,Root_TuberAEZ15,1990,CH4_AWB,7.47352772818281e-06
European Free Trade Association,Root_Tuber,Root_TuberAEZ16,Root_TuberAEZ16,1990,CH4_AWB,2.37666621847862e-06
European Free Trade Association,SugarCrop,SugarCropAEZ10,SugarCropAEZ10,1990,CH4_AWB,2.34457040632019e-05
European Free Trade Association,SugarCrop,SugarCropAEZ13,SugarCropAEZ13,1990,CH4_AWB,0
European Free Trade Association,SugarCrop,SugarCropAEZ14,SugarCropAEZ14,1990,CH4_AWB,2.60349244938552e-07
European Free Trade Association,SugarCrop,SugarCropAEZ15,SugarCropAEZ15,1990,CH4_AWB,2.58341443020125e-06
European Free Trade Association,SugarCrop,SugarCropAEZ16,SugarCropAEZ16,1990,CH4_AWB,0
European Free Trade Association,Wheat,WheatAEZ10,WheatAEZ10,1990,CH4_AWB,1.68824497371884e-05
European Free Trade Association,Wheat,WheatAEZ13,WheatAEZ13,1990,CH4_AWB,0
European Free Trade Association,Wheat,WheatAEZ14,WheatAEZ14,1990,CH4_AWB,3.63171526890036e-07
European Free Trade Association,Wheat,WheatAEZ15,WheatAEZ15,1990,CH4_AWB,4.2710111275452e-06
European Free Trade Association,Wheat,WheatAEZ16,WheatAEZ16,1990,CH4_AWB,1.17307220454026e-06
European Free Trade Association,Corn,CornAEZ10,CornAEZ10,1990,CO_AWB,0.000239532129872141
European Free Trade Association,Corn,CornAEZ13,CornAEZ13,1990,CO_AWB,0
European Free Trade Association,Corn,CornAEZ14,CornAEZ14,1990,CO_AWB,3.00602635061035e-06
European Free Trade Association,Corn,CornAEZ15,CornAEZ15,1990,CO_AWB,4.30460959319395e-05
European Free Trade Association,Corn,CornAEZ16,CornAEZ16,1990,CO_AWB,0
European Free Trade Association,FiberCrop,FiberCropAEZ10,FiberCropAEZ10,1990,CO_AWB,0
European Free Trade Association,FiberCrop,FiberCropAEZ13,FiberCropAEZ13,1990,CO_AWB,0
European Free Trade Association,FiberCrop,FiberCropAEZ14,FiberCropAEZ14,1990,CO_AWB,0
European Free Trade Association,FiberCrop,FiberCropAEZ15,FiberCropAEZ15,1990,CO_AWB,0
European Free Trade Association,FiberCrop,FiberCropAEZ16,FiberCropAEZ16,1990,CO_AWB,0
European Free Trade Association,FodderGrass,FodderGrassAEZ10,FodderGrassAEZ10,1990,CO_AWB,0.000749526611464655
European Free Trade Association,FodderGrass,FodderGrassAEZ13,FodderGrassAEZ13,1990,CO_AWB,0
European Free Trade Association,FodderGrass,FodderGrassAEZ14,FodderGrassAEZ14,1990,CO_AWB,2.74272106554614e-05
European Free Trade Association,FodderGrass,FodderGrassAEZ15,FodderGrassAEZ15,1990,CO_AWB,0.000373657406430225
European Free Trade Association,FodderGrass,FodderGrassAEZ16,FodderGrassAEZ16,1990,CO_AWB,0.000128179903264214
European Free Trade Association,FodderHerb,FodderHerbAEZ10,FodderHerbAEZ10,1990,CO_AWB,0.00207199288995284
European Free Trade Association,FodderHerb,FodderHerbAEZ13,FodderHerbAEZ13,1990,CO_AWB,0
European Free Trade Association,FodderHerb,FodderHerbAEZ14,FodderHerbAEZ14,1990,CO_AWB,2.99133068090546e-05
European Free Trade Association,FodderHerb,FodderHerbAEZ15,FodderHerbAEZ15,1990,CO_AWB,0.000253047158563008
European Free Trade Association,FodderHerb,FodderHerbAEZ16,FodderHerbAEZ16,1990,CO_AWB,0
European Free Trade Association,MiscCrop,MiscCropAEZ10,MiscCropAEZ10,1990,CO_AWB,0.00144571180820972
European Free Trade Association,MiscCrop,MiscCropAEZ13,MiscCropAEZ13,1990,CO_AWB,0
European Free Trade Association,MiscCrop,MiscCropAEZ14,MiscCropAEZ14,1990,CO_AWB,1.20256166087727e-05
European Free Trade Association,MiscCrop,MiscCropAEZ15,MiscCropAEZ15,1990,CO_AWB,0.000166095816604429
European Free Trade Association,MiscCrop,MiscCropAEZ16,MiscCropAEZ16,1990,CO_AWB,3.24678827950074e-06
European Free Trade Association,OilCrop,OilCropAEZ10,OilCropAEZ10,1990,CO_AWB,6.09986660058145e-05
European Free Trade Association,OilCrop,OilCropAEZ13,OilCropAEZ13,1990,CO_AWB,0
European Free Trade Association,OilCrop,OilCropAEZ14,OilCropAEZ14,1990,CO_AWB,8.11566551356576e-07
European Free Trade Association,OilCrop,OilCropAEZ15,OilCropAEZ15,1990,CO_AWB,1.00379258648152e-05
European Free Trade Association,OilCrop,OilCropAEZ16,OilCropAEZ16,1990,CO_AWB,1.64765172964236e-06
European Free Trade Association,OtherGrain,OtherGrainAEZ10,OtherGrainAEZ10,1990,CO_AWB,0.00109737847440256
European Free Trade Association,OtherGrain,OtherGrainAEZ13,OtherGrainAEZ13,1990,CO_AWB,0
European Free Trade Association,OtherGrain,OtherGrainAEZ14,OtherGrainAEZ14,1990,CO_AWB,3.15242340261964e-05
European Free Trade Association,OtherGrain,OtherGrainAEZ15,OtherGrainAEZ15,1990,CO_AWB,0.000545269642334126
European Free Trade Association,OtherGrain,OtherGrainAEZ16,OtherGrainAEZ16,1990,CO_AWB,0.000218799104800124
European Free Trade Association,PalmFruit,PalmFruitAEZ10,PalmFruitAEZ10,1990,CO_AWB,0
European Free Trade Association,PalmFruit,PalmFruitAEZ13,PalmFruitAEZ13,1990,CO_AWB,0
European Free Trade Association,PalmFruit,PalmFruitAEZ14,PalmFruitAEZ14,1990,CO_AWB,0
European Free Trade Association,PalmFruit,PalmFruitAEZ15,PalmFruitAEZ15,1990,CO_AWB,0
European Free Trade Association,PalmFruit,PalmFruitAEZ16,PalmFruitAEZ16,1990,CO_AWB,0
European Free Trade Association,Rice,RiceAEZ10,RiceAEZ10,1990,CO_AWB,0
European Free Trade Association,Rice,RiceAEZ13,RiceAEZ13,1990,CO_AWB,0
European Free Trade Association,Rice,RiceAEZ14,RiceAEZ14,1990,CO_AWB,0
European Free Trade Association,Rice,RiceAEZ15,RiceAEZ15,1990,CO_AWB,0
European Free Trade Association,Rice,RiceAEZ16,RiceAEZ16,1990,CO_AWB,0
European Free Trade Association,Root_Tuber,Root_TuberAEZ10,Root_TuberAEZ10,1990,CO_AWB,0.00110649142811588
European Free Trade Association,Root_Tuber,Root_TuberAEZ13,Root_TuberAEZ13,1990,CO_AWB,0
European Free Trade Association,Root_Tuber,Root_TuberAEZ14,Root_TuberAEZ14,1990,CO_AWB,1.99996043594765e-05
European Free Trade Association,Root_Tuber,Root_TuberAEZ15,Root_TuberAEZ15,1990,CO_AWB,0.000313020442081493
European Free Trade Association,Root_Tuber,Root_TuberAEZ16,Root_TuberAEZ16,1990,CO_AWB,9.95440356209417e-05
European Free Trade Association,SugarCrop,SugarCropAEZ10,SugarCropAEZ10,1990,CO_AWB,0.000981997380313431
European Free Trade Association,SugarCrop,SugarCropAEZ13,SugarCropAEZ13,1990,CO_AWB,0
European Free Trade Association,SugarCrop,SugarCropAEZ14,SugarCropAEZ14,1990,CO_AWB,1.0904440139953e-05
European Free Trade Association,SugarCrop,SugarCropAEZ15,SugarCropAEZ15,1990,CO_AWB,0.000108203455775219
European Free Trade Association,SugarCrop,SugarCropAEZ16,SugarCropAEZ16,1990,CO_AWB,0
European Free Trade Association,Wheat,WheatAEZ10,WheatAEZ10,1990,CO_AWB,0.000707102732786438
European Free Trade Association,Wheat,WheatAEZ13,WheatAEZ13,1990,CO_AWB,0
European Free Trade Association,Wheat,WheatAEZ14,WheatAEZ14,1990,CO_AWB,1.52110376830262e-05
European Free Trade Association,Wheat,WheatAEZ15,WheatAEZ15,1990,CO_AWB,0.000178886576714989
European Free Trade Association,Wheat,WheatAEZ16,WheatAEZ16,1990,CO_AWB,4.91328316979412e-05
European Free Trade Association,Corn,CornAEZ10,CornAEZ10,1990,N2O_AWB,1.48045468463661e-07
European Free Trade Association,Corn,CornAEZ13,CornAEZ13,1990,N2O_AWB,0
European Free Trade Association,Corn,CornAEZ14,CornAEZ14,1990,N2O_AWB,1.85790766160585e-09
European Free Trade Association,Corn,CornAEZ15,CornAEZ15,1990,N2O_AWB,2.66051132312704e-08
European Free Trade Association,Corn,CornAEZ16,CornAEZ16,1990,N2O_AWB,0
European Free Trade Association,FiberCrop,FiberCropAEZ10,FiberCropAEZ10,1990,N2O_AWB,0
European Free Trade Association,FiberCrop,FiberCropAEZ13,FiberCropAEZ13,1990,N2O_AWB,0
European Free Trade Association,FiberCrop,FiberCropAEZ14,FiberCropAEZ14,1990,N2O_AWB,0
European Free Trade Association,FiberCrop,FiberCropAEZ15,FiberCropAEZ15,1990,N2O_AWB,0
European Free Trade Association,FiberCrop,FiberCropAEZ16,FiberCropAEZ16,1990,N2O_AWB,0
European Free Trade Association,FodderGrass,FodderGrassAEZ10,FodderGrassAEZ10,1990,N2O_AWB,4.63253169332634e-07
European Free Trade Association,FodderGrass,FodderGrassAEZ13,FodderGrassAEZ13,1990,N2O_AWB,0
European Free Trade Association,FodderGrass,FodderGrassAEZ14,FodderGrassAEZ14,1990,N2O_AWB,1.69516893299731e-08
European Free Trade Association,FodderGrass,FodderGrassAEZ15,FodderGrassAEZ15,1990,N2O_AWB,2.30943071434331e-07
European Free Trade Association,FodderGrass,FodderGrassAEZ16,FodderGrassAEZ16,1990,N2O_AWB,7.92229995888516e-08
European Free Trade Association,FodderHerb,FodderHerbAEZ10,FodderHerbAEZ10,1990,N2O_AWB,1.28061800398211e-06
European Free Trade Association,FodderHerb,FodderHerbAEZ13,FodderHerbAEZ13,1990,N2O_AWB,0
European Free Trade Association,FodderHerb,FodderHerbAEZ14,FodderHerbAEZ14,1990,N2O_AWB,1.84882484124681e-08
European Free Trade Association,FodderHerb,FodderHerbAEZ15,FodderHerbAEZ15,1990,N2O_AWB,1.56398580653275e-07
European Free Trade Association,FodderHerb,FodderHerbAEZ16,FodderHerbAEZ16,1990,N2O_AWB,0
European Free Trade Association,MiscCrop,MiscCropAEZ10,MiscCropAEZ10,1990,N2O_AWB,8.93538090376858e-07
European Free Trade Association,MiscCrop,MiscCropAEZ13,MiscCropAEZ13,1990,N2O_AWB,0
European Free Trade Association,MiscCrop,MiscCropAEZ14,MiscCropAEZ14,1990,N2O_AWB,7.43256466412442e-09
European Free Trade Association,MiscCrop,MiscCropAEZ15,MiscCropAEZ15,1990,N2O_AWB,1.0265734702139e-07
European Free Trade Association,MiscCrop,MiscCropAEZ16,MiscCropAEZ16,1990,N2O_AWB,2.00671322088434e-09
European Free Trade Association,OilCrop,OilCropAEZ10,OilCropAEZ10,1990,N2O_AWB,3.77008966993681e-08
European Free Trade Association,OilCrop,OilCropAEZ13,OilCropAEZ13,1990,N2O_AWB,0
European Free Trade Association,OilCrop,OilCropAEZ14,OilCropAEZ14,1990,N2O_AWB,5.01597636814551e-10
European Free Trade Association,OilCrop,OilCropAEZ15,OilCropAEZ15,1990,N2O_AWB,6.20405052905975e-09
European Free Trade Association,OilCrop,OilCropAEZ16,OilCropAEZ16,1990,N2O_AWB,1.01834928078362e-09
European Free Trade Association,OtherGrain,OtherGrainAEZ10,OtherGrainAEZ10,1990,N2O_AWB,6.78246840670538e-07
European Free Trade Association,OtherGrain,OtherGrainAEZ13,OtherGrainAEZ13,1990,N2O_AWB,0
European Free Trade Association,OtherGrain,OtherGrainAEZ14,OtherGrainAEZ14,1990,N2O_AWB,1.94838997042172e-08
European Free Trade Association,OtherGrain,OtherGrainAEZ15,OtherGrainAEZ15,1990,N2O_AWB,3.37009902101478e-07
European Free Trade Association,OtherGrain,OtherGrainAEZ16,OtherGrainAEZ16,1990,N2O_AWB,1.35231194190335e-07
European Free Trade Association,PalmFruit,PalmFruitAEZ10,PalmFruitAEZ10,1990,N2O_AWB,0
European Free Trade Association,PalmFruit,PalmFruitAEZ13,PalmFruitAEZ13,1990,N2O_AWB,0
European Free Trade Association,PalmFruit,PalmFruitAEZ14,PalmFruitAEZ14,1990,N2O_AWB,0
European Free Trade Association,PalmFruit,PalmFruitAEZ15,PalmFruitAEZ15,1990,N2O_AWB,0
European Free Trade Association,PalmFruit,PalmFruitAEZ16,PalmFruitAEZ16,1990,N2O_AWB,0
European Free Trade Association,Rice,RiceAEZ10,RiceAEZ10,1990,N2O_AWB,0
European Free Trade Association,Rice,RiceAEZ13,RiceAEZ13,1990,N2O_AWB,0
European Free Trade Association,Rice,RiceAEZ14,RiceAEZ14,1990,N2O_AWB,0
European Free Trade Association,Rice,RiceAEZ15,RiceAEZ15,1990,N2O_AWB,0
European Free Trade Association,Rice,RiceAEZ16,RiceAEZ16,1990,N2O_AWB,0
European Free Trade Association,Root_Tuber,Root_TuberAEZ10,Root_TuberAEZ10,1990,N2O_AWB,6.83879201983804e-07
European Free Trade Association,Root_Tuber,Root_TuberAEZ13,Root_TuberAEZ13,1990,N2O_AWB,0
European Free Trade Association,Root_Tuber,Root_TuberAEZ14,Root_TuberAEZ14,1990,N2O_AWB,1.23609755320384e-08
European Free Trade Association,Root_Tuber,Root_TuberAEZ15,Root_TuberAEZ15,1990,N2O_AWB,1.93465728423962e-07
European Free Trade Association,Root_Tuber,Root_TuberAEZ16,Root_TuberAEZ16,1990,N2O_AWB,6.1524286508587e-08
European Free Trade Association,SugarCrop,SugarCropAEZ10,SugarCropAEZ10,1990,N2O_AWB,6.06934285918936e-07
European Free Trade Association,SugarCrop,SugarCropAEZ13,SugarCropAEZ13,1990,N2O_AWB,0
European Free Trade Association,SugarCrop,SugarCropAEZ14,SugarCropAEZ14,1990,N2O_AWB,6.73960921115264e-09
European Free Trade Association,SugarCrop,SugarCropAEZ15,SugarCropAEZ15,1990,N2O_AWB,6.68763364154114e-08
European Free Trade Association,SugarCrop,SugarCropAEZ16,SugarCropAEZ16,1990,N2O_AWB,0
European Free Trade Association,Wheat,WheatAEZ10,WheatAEZ10,1990,N2O_AWB,4.37032624321346e-07
European Free Trade Association,Wheat,WheatAEZ13,WheatAEZ13,1990,N2O_AWB,0
European Free Trade Association,Wheat,WheatAEZ14,WheatAEZ14,1990,N2O_AWB,9.40134920857613e-09
European Free Trade Association,Wheat,WheatAEZ15,WheatAEZ15,1990,N2O_AWB,1.10562817045745e-07
European Free Trade Association,Wheat,WheatAEZ16,WheatAEZ16,1990,N2O_AWB,3.03670872444153e-08
European Free Trade Association,Corn,CornAEZ10,CornAEZ10,1990,NH3_AWB,2.74725978348064e-06
European Free Trade Association,Corn,CornAEZ13,CornAEZ13,1990,NH3_AWB,0
European Free Trade Association,Corn,CornAEZ14,CornAEZ14,1990,NH3_AWB,3.44769418011816e-08
European Free Trade Association,Corn,CornAEZ15,CornAEZ15,1990,NH3_AWB,4.93707496580071e-07
European Free Trade Association,Corn,CornAEZ16,CornAEZ16,1990,NH3_AWB,0
European Free Trade Association,FiberCrop,FiberCropAEZ10,FiberCropAEZ10,1990,NH3_AWB,0
European Free Trade Association,FiberCrop,FiberCropAEZ13,FiberCropAEZ13,1990,NH3_AWB,0
European Free Trade Association,FiberCrop,FiberCropAEZ14,FiberCropAEZ14,1990,NH3_AWB,0
European Free Trade Association,FiberCrop,FiberCropAEZ15,FiberCropAEZ15,1990,NH3_AWB,0
European Free Trade Association,FiberCrop,FiberCropAEZ16,FiberCropAEZ16,1990,NH3_AWB,0
European Free Trade Association,FodderGrass,FodderGrassAEZ10,FodderGrassAEZ10,1990,NH3_AWB,8.59652655960815e-06
European Free Trade Association,FodderGrass,FodderGrassAEZ13,FodderGrassAEZ13,1990,NH3_AWB,0
European Free Trade Association,FodderGrass,FodderGrassAEZ14,FodderGrassAEZ14,1990,NH3_AWB,3.14570211716572e-07
European Free Trade Association,FodderGrass,FodderGrassAEZ15,FodderGrassAEZ15,1990,NH3_AWB,4.28557941698004e-06
European Free Trade Association,FodderGrass,FodderGrassAEZ16,FodderGrassAEZ16,1990,NH3_AWB,1.47013051433302e-06
European Free Trade Association,FodderHerb,FodderHerbAEZ10,FodderHerbAEZ10,1990,NH3_AWB,2.37642555145473e-05
European Free Trade Association,FodderHerb,FodderHerbAEZ13,FodderHerbAEZ13,1990,NH3_AWB,0
European Free Trade Association,FodderHerb,FodderHerbAEZ14,FodderHerbAEZ14,1990,NH3_AWB,3.4308393129264e-07
European Free Trade Association,FodderHerb,FodderHerbAEZ15,FodderHerbAEZ15,1990,NH3_AWB,2.90226735935293e-06
European Free Trade Association,FodderHerb,FodderHerbAEZ16,FodderHerbAEZ16,1990,NH3_AWB,0
European Free Trade Association,MiscCrop,MiscCropAEZ10,MiscCropAEZ10,1990,NH3_AWB,1.65812657839168e-05
European Free Trade Association,MiscCrop,MiscCropAEZ13,MiscCropAEZ13,1990,NH3_AWB,0
European Free Trade Association,MiscCrop,MiscCropAEZ14,MiscCropAEZ14,1990,NH3_AWB,1.37925099645184e-07
European Free Trade Association,MiscCrop,MiscCropAEZ15,MiscCropAEZ15,1990,NH3_AWB,1.90499853779656e-06
European Free Trade Association,MiscCrop,MiscCropAEZ16,MiscCropAEZ16,1990,NH3_AWB,3.72383064873591e-08
European Free Trade Association,OilCrop,OilCropAEZ10,OilCropAEZ10,1990,NH3_AWB,6.99610453316611e-07
European Free Trade Association,OilCrop,OilCropAEZ13,OilCropAEZ13,1990,NH3_AWB,0
European Free Trade Association,OilCrop,OilCropAEZ14,OilCropAEZ14,1990,NH3_AWB,9.30807966910376e-09
European Free Trade Association,OilCrop,OilCropAEZ15,OilCropAEZ15,1990,NH3_AWB,1.15127728596105e-07
European Free Trade Association,OilCrop,OilCropAEZ16,OilCropAEZ16,1990,NH3_AWB,1.88973702043437e-08
European Free Trade Association,OtherGrain,OtherGrainAEZ10,OtherGrainAEZ10,1990,NH3_AWB,1.25861351109463e-05
European Free Trade Association,OtherGrain,OtherGrainAEZ13,OtherGrainAEZ13,1990,NH3_AWB,0
European Free Trade Association,OtherGrain,OtherGrainAEZ14,OtherGrainAEZ14,1990,NH3_AWB,3.61560097976961e-07
European Free Trade Association,OtherGrain,OtherGrainAEZ15,OtherGrainAEZ15,1990,NH3_AWB,6.25384728277175e-06
European Free Trade Association,OtherGrain,OtherGrainAEZ16,OtherGrainAEZ16,1990,NH3_AWB,2.50946702473612e-06
European Free Trade Association,PalmFruit,PalmFruitAEZ10,PalmFruitAEZ10,1990,NH3_AWB,0
European Free Trade Association,PalmFruit,PalmFruitAEZ13,PalmFruitAEZ13,1990,NH3_AWB,0
European Free Trade Association,PalmFruit,PalmFruitAEZ14,PalmFruitAEZ14,1990,NH3_AWB,0
European Free Trade Association,PalmFruit,PalmFruitAEZ15,PalmFruitAEZ15,1990,NH3_AWB,0
European Free Trade Association,PalmFruit,PalmFruitAEZ16,PalmFruitAEZ16,1990,NH3_AWB,0
European Free Trade Association,Rice,RiceAEZ10,RiceAEZ10,1990,NH3_AWB,0
European Free Trade Association,Rice,RiceAEZ13,RiceAEZ13,1990,NH3_AWB,0
European Free Trade Association,Rice,RiceAEZ14,RiceAEZ14,1990,NH3_AWB,0
European Free Trade Association,Rice,RiceAEZ15,RiceAEZ15,1990,NH3_AWB,0
European Free Trade Association,Rice,RiceAEZ16,RiceAEZ16,1990,NH3_AWB,0
European Free Trade Association,Root_Tuber,Root_TuberAEZ10,Root_TuberAEZ10,1990,NH3_AWB,1.26906540798991e-05
European Free Trade Association,Root_Tuber,Root_TuberAEZ13,Root_TuberAEZ13,1990,NH3_AWB,0
European Free Trade Association,Root_Tuber,Root_TuberAEZ14,Root_TuberAEZ14,1990,NH3_AWB,2.2938095516306e-07
European Free Trade Association,Root_Tuber,Root_TuberAEZ15,Root_TuberAEZ15,1990,NH3_AWB,3.59011741930757e-06
European Free Trade Association,Root_Tuber,Root_TuberAEZ16,Root_TuberAEZ16,1990,NH3_AWB,1.14169788367328e-06
European Free Trade Association,SugarCrop,SugarCropAEZ10,SugarCropAEZ10,1990,NH3_AWB,1.12627976541539e-05
European Free Trade Association,SugarCrop,SugarCropAEZ13,SugarCropAEZ13,1990,NH3_AWB,0
European Free Trade Association,SugarCrop,SugarCropAEZ14,SugarCropAEZ14,1990,NH3_AWB,1.25066018800299e-07
European Free Trade Association,SugarCrop,SugarCropAEZ15,SugarCropAEZ15,1990,NH3_AWB,1.2410151516774e-06
European Free Trade Association,SugarCrop,SugarCropAEZ16,SugarCropAEZ16,1990,NH3_AWB,0
European Free Trade Association,Wheat,WheatAEZ10,WheatAEZ10,1990,NH3_AWB,8.10995544359903e-06
European Free Trade Association,Wheat,WheatAEZ13,WheatAEZ13,1990,NH3_AWB,0
European Free Trade Association,Wheat,WheatAEZ14,WheatAEZ14,1990,NH3_AWB,1.74459568801449e-07
European Free Trade Association,Wheat,WheatAEZ15,WheatAEZ15,1990,NH3_AWB,2.05169927840554e-06
European Free Trade Association,Wheat,WheatAEZ16,WheatAEZ16,1990,NH3_AWB,5.63517940763636e-07
European Free Trade Association,Corn,CornAEZ10,CornAEZ10,1990,NMVOC_AWB,1.48045468463661e-05
European Free Trade Association,Corn,CornAEZ13,CornAEZ13,1990,NMVOC_AWB,0
European Free Trade Association,Corn,CornAEZ14,CornAEZ14,1990,NMVOC_AWB,1.85790766160585e-07
European Free Trade Association,Corn,CornAEZ15,CornAEZ15,1990,NMVOC_AWB,2.66051132312704e-06
European Free Trade Association,Corn,CornAEZ16,CornAEZ16,1990,NMVOC_AWB,0
European Free Trade Association,FiberCrop,FiberCropAEZ10,FiberCropAEZ10,1990,NMVOC_AWB,0
European Free Trade Association,FiberCrop,FiberCropAEZ13,FiberCropAEZ13,1990,NMVOC_AWB,0
European Free Trade Association,FiberCrop,FiberCropAEZ14,FiberCropAEZ14,1990,NMVOC_AWB,0
European Free Trade Association,FiberCrop,FiberCropAEZ15,FiberCropAEZ15,1990,NMVOC_AWB,0
European Free Trade Association,FiberCrop,FiberCropAEZ16,FiberCropAEZ16,1990,NMVOC_AWB,0
European Free Trade Association,FodderGrass,FodderGrassAEZ10,FodderGrassAEZ10,1990,NMVOC_AWB,4.63253169332634e-05
European Free Trade Association,FodderGrass,FodderGrassAEZ13,FodderGrassAEZ13,1990,NMVOC_AWB,0
European Free Trade Association,FodderGrass,FodderGrassAEZ14,FodderGrassAEZ14,1990,NMVOC_AWB,1.69516893299731e-06
European Free Trade Association,FodderGrass,FodderGrassAEZ15,FodderGrassAEZ15,1990,NMVOC_AWB,2.30943071434331e-05
European Free Trade Association,FodderGrass,FodderGrassAEZ16,FodderGrassAEZ16,1990,NMVOC_AWB,7.92229995888516e-06
European Free Trade Association,FodderHerb,FodderHerbAEZ10,FodderHerbAEZ10,1990,NMVOC_AWB,0.000128061800398211
European Free Trade Association,FodderHerb,FodderHerbAEZ13,FodderHerbAEZ13,1990,NMVOC_AWB,0
European Free Trade Association,FodderHerb,FodderHerbAEZ14,FodderHerbAEZ14,1990,NMVOC_AWB,1.84882484124681e-06
European Free Trade Association,FodderHerb,FodderHerbAEZ15,FodderHerbAEZ15,1990,NMVOC_AWB,1.56398580653275e-05
European Free Trade Association,FodderHerb,FodderHerbAEZ16,FodderHerbAEZ16,1990,NMVOC_AWB,0
European Free Trade Association,MiscCrop,MiscCropAEZ10,MiscCropAEZ10,1990,NMVOC_AWB,8.93538090376858e-05
European Free Trade Association,MiscCrop,MiscCropAEZ13,MiscCropAEZ13,1990,NMVOC_AWB,0
European Free Trade Association,MiscCrop,MiscCropAEZ14,MiscCropAEZ14,1990,NMVOC_AWB,7.43256466412442e-07
European Free Trade Association,MiscCrop,MiscCropAEZ15,MiscCropAEZ15,1990,NMVOC_AWB,1.0265734702139e-05
European Free Trade Association,MiscCrop,MiscCropAEZ16,MiscCropAEZ16,1990,NMVOC_AWB,2.00671322088434e-07
European Free Trade Association,OilCrop,OilCropAEZ10,OilCropAEZ10,1990,NMVOC_AWB,3.77008966993681e-06
European Free Trade Association,OilCrop,OilCropAEZ13,OilCropAEZ13,1990,NMVOC_AWB,0
European Free Trade Association,OilCrop,OilCropAEZ14,OilCropAEZ14,1990,NMVOC_AWB,5.01597636814551e-08
European Free Trade Association,OilCrop,OilCropAEZ15,OilCropAEZ15,1990,NMVOC_AWB,6.20405052905975e-07
European Free Trade Association,OilCrop,OilCropAEZ16,OilCropAEZ16,1990,NMVOC_AWB,1.01834928078362e-07
European Free Trade Association,OtherGrain,OtherGrainAEZ10,OtherGrainAEZ10,1990,NMVOC_AWB,6.78246840670538e-05
European Free Trade Association,OtherGrain,OtherGrainAEZ13,OtherGrainAEZ13,1990,NMVOC_AWB,0
European Free Trade Association,OtherGrain,OtherGrainAEZ14,OtherGrainAEZ14,1990,NMVOC_AWB,1.94838997042172e-06
European Free Trade Association,OtherGrain,OtherGrainAEZ15,OtherGrainAEZ15,1990,NMVOC_AWB,3.37009902101478e-05
European Free Trade Association,OtherGrain,OtherGrainAEZ16,OtherGrainAEZ16,1990,NMVOC_AWB,1.35231194190335e-05
European Free Trade Association,PalmFruit,PalmFruitAEZ10,PalmFruitAEZ10,1990,NMVOC_AWB,0
European Free Trade Association,PalmFruit,PalmFruitAEZ13,PalmFruitAEZ13,1990,NMVOC_AWB,0
European Free Trade Association,PalmFruit,PalmFruitAEZ14,PalmFruitAEZ14,1990,NMVOC_AWB,0
European Free Trade Association,PalmFruit,PalmFruitAEZ15,PalmFruitAEZ15,1990,NMVOC_AWB,0
European Free Trade Association,PalmFruit,PalmFruitAEZ16,PalmFruitAEZ16,1990,NMVOC_AWB,0
European Free Trade Association,Rice,RiceAEZ10,RiceAEZ10,1990,NMVOC_AWB,0
European Free Trade Association,Rice,RiceAEZ13,RiceAEZ13,1990,NMVOC_AWB,0
European Free Trade Association,Rice,RiceAEZ14,RiceAEZ14,1990,NMVOC_AWB,0
European Free Trade Association,Rice,RiceAEZ15,RiceAEZ15,1990,NMVOC_AWB,0
European Free Trade Association,Rice,RiceAEZ16,RiceAEZ16,1990,NMVOC_AWB,0
European Free Trade Association,Root_Tuber,Root_TuberAEZ10,Root_TuberAEZ10,1990,NMVOC_AWB,6.83879201983804e-05
European Free Trade Association,Root_Tuber,Root_TuberAEZ13,Root_TuberAEZ13,1990,NMVOC_AWB,0
European Free Trade Association,Root_Tuber,Root_TuberAEZ14,Root_TuberAEZ14,1990,NMVOC_AWB,1.23609755320384e-06
European Free Trade Association,Root_Tuber,Root_TuberAEZ15,Root_TuberAEZ15,1990,NMVOC_AWB,1.93465728423962e-05
European Free Trade Association,Root_Tuber,Root_TuberAEZ16,Root_TuberAEZ16,1990,NMVOC_AWB,6.1524286508587e-06
European Free Trade Association,SugarCrop,SugarCropAEZ10,SugarCropAEZ10,1990,NMVOC_AWB,6.06934285918936e-05
European Free Trade Association,SugarCrop,SugarCropAEZ13,SugarCropAEZ13,1990,NMVOC_AWB,0
European Free Trade Association,SugarCrop,SugarCropAEZ14,SugarCropAEZ14,1990,NMVOC_AWB,6.73960921115264e-07
European Free Trade Association,SugarCrop,SugarCropAEZ15,SugarCropAEZ15,1990,NMVOC_AWB,6.68763364154114e-06
European Free Trade Association,SugarCrop,SugarCropAEZ16,SugarCropAEZ16,1990,NMVOC_AWB,0
European Free Trade Association,Wheat,WheatAEZ10,WheatAEZ10,1990,NMVOC_AWB,4.37032624321346e-05
European Free Trade Association,Wheat,WheatAEZ13,WheatAEZ13,1990,NMVOC_AWB,0
European Free Trade Association,Wheat,WheatAEZ14,WheatAEZ14,1990,NMVOC_AWB,9.40134920857613e-07
European Free Trade Association,Wheat,WheatAEZ15,WheatAEZ15,1990,NMVOC_AWB,1.10562817045745e-05
European Free Trade Association,Wheat,WheatAEZ16,WheatAEZ16,1990,NMVOC_AWB,3.03670872444153e-06
European Free Trade Association,Corn,CornAEZ10,CornAEZ10,1990,NOx_AWB,8.02812545006503e-06
European Free Trade Association,Corn,CornAEZ13,CornAEZ13,1990,NOx_AWB,0
European Free Trade Association,Corn,CornAEZ14,CornAEZ14,1990,NOx_AWB,1.00749559826412e-07
European Free Trade Association,Corn,CornAEZ15,CornAEZ15,1990,NOx_AWB,1.44272694632495e-06
European Free Trade Association,Corn,CornAEZ16,CornAEZ16,1990,NOx_AWB,0
European Free Trade Association,FiberCrop,FiberCropAEZ10,FiberCropAEZ10,1990,NOx_AWB,0
European Free Trade Association,FiberCrop,FiberCropAEZ13,FiberCropAEZ13,1990,NOx_AWB,0
European Free Trade Association,FiberCrop,FiberCropAEZ14,FiberCropAEZ14,1990,NOx_AWB,0
European Free Trade Association,FiberCrop,FiberCropAEZ15,FiberCropAEZ15,1990,NOx_AWB,0
European Free Trade Association,FiberCrop,FiberCropAEZ16,FiberCropAEZ16,1990,NOx_AWB,0
European Free Trade Association,FodderGrass,FodderGrassAEZ10,FodderGrassAEZ10,1990,NOx_AWB,2.51210293508948e-05
European Free Trade Association,FodderGrass,FodderGrassAEZ13,FodderGrassAEZ13,1990,NOx_AWB,0
European Free Trade Association,FodderGrass,FodderGrassAEZ14,FodderGrassAEZ14,1990,NOx_AWB,9.19246566232841e-07
European Free Trade Association,FodderGrass,FodderGrassAEZ15,FodderGrassAEZ15,1990,NOx_AWB,1.25234495087111e-05
European Free Trade Association,FodderGrass,FodderGrassAEZ16,FodderGrassAEZ16,1990,NOx_AWB,4.29605975670823e-06
European Free Trade Association,FodderHerb,FodderHerbAEZ10,FodderHerbAEZ10,1990,NOx_AWB,6.94446246566728e-05
European Free Trade Association,FodderHerb,FodderHerbAEZ13,FodderHerbAEZ13,1990,NOx_AWB,0
European Free Trade Association,FodderHerb,FodderHerbAEZ14,FodderHerbAEZ14,1990,NOx_AWB,1.00257021810628e-06
European Free Trade Association,FodderHerb,FodderHerbAEZ15,FodderHerbAEZ15,1990,NOx_AWB,8.48109326632177e-06
European Free Trade Association,FodderHerb,FodderHerbAEZ16,FodderHerbAEZ16,1990,NOx_AWB,0
European Free Trade Association,MiscCrop,MiscCropAEZ10,MiscCropAEZ10,1990,NOx_AWB,4.84542752871747e-05
European Free Trade Association,MiscCrop,MiscCropAEZ13,MiscCropAEZ13,1990,NOx_AWB,0
European Free Trade Association,MiscCrop,MiscCropAEZ14,MiscCropAEZ14,1990,NOx_AWB,4.03048888686234e-07
European Free Trade Association,MiscCrop,MiscCropAEZ15,MiscCropAEZ15,1990,NOx_AWB,5.56684421894936e-06
European Free Trade Association,MiscCrop,MiscCropAEZ16,MiscCropAEZ16,1990,NOx_AWB,1.08818903048815e-07
European Free Trade Association,OilCrop,OilCropAEZ10,OilCropAEZ10,1990,NOx_AWB,2.0444227805376e-06
European Free Trade Association,OilCrop,OilCropAEZ13,OilCropAEZ13,1990,NOx_AWB,0
European Free Trade Association,OilCrop,OilCropAEZ14,OilCropAEZ14,1990,NOx_AWB,2.72003513217415e-08
European Free Trade Association,OilCrop,OilCropAEZ15,OilCropAEZ15,1990,NOx_AWB,3.36429722994592e-07
European Free Trade Association,OilCrop,OilCropAEZ16,OilCropAEZ16,1990,NOx_AWB,5.52224655232941e-08
European Free Trade Association,OtherGrain,OtherGrainAEZ10,OtherGrainAEZ10,1990,NOx_AWB,3.67795838637904e-05
European Free Trade Association,OtherGrain,OtherGrainAEZ13,OtherGrainAEZ13,1990,NOx_AWB,0
European Free Trade Association,OtherGrain,OtherGrainAEZ14,OtherGrainAEZ14,1990,NOx_AWB,1.05656182999168e-06
European Free Trade Association,OtherGrain,OtherGrainAEZ15,OtherGrainAEZ15,1990,NOx_AWB,1.82751812673611e-05
European Free Trade Association,OtherGrain,OtherGrainAEZ16,OtherGrainAEZ16,1990,NOx_AWB,7.3332402740081e-06
European Free Trade Association,PalmFruit,PalmFruitAEZ10,PalmFruitAEZ10,1990,NOx_AWB,0
European Free Trade Association,PalmFruit,PalmFruitAEZ13,PalmFruitAEZ13,1990,NOx_AWB,0
European Free Trade Association,PalmFruit,PalmFruitAEZ14,PalmFruitAEZ14,1990,NOx_AWB,0
European Free Trade Association,PalmFruit,PalmFruitAEZ15,PalmFruitAEZ15,1990,NOx_AWB,0
European Free Trade Association,PalmFruit,PalmFruitAEZ16,PalmFruitAEZ16,1990,NOx_AWB,0
European Free Trade Association,Rice,RiceAEZ10,RiceAEZ10,1990,NOx_AWB,0
European Free Trade Association,Rice,RiceAEZ13,RiceAEZ13,1990,NOx_AWB,0
European Free Trade Association,Rice,RiceAEZ14,RiceAEZ14,1990,NOx_AWB,0
European Free Trade Association,Rice,RiceAEZ15,RiceAEZ15,1990,NOx_AWB,0
European Free Trade Association,Rice,RiceAEZ16,RiceAEZ16,1990,NOx_AWB,0
European Free Trade Association,Root_Tuber,Root_TuberAEZ10,Root_TuberAEZ10,1990,NOx_AWB,3.70850123491891e-05
European Free Trade Association,Root_Tuber,Root_TuberAEZ13,Root_TuberAEZ13,1990,NOx_AWB,0
European Free Trade Association,Root_Tuber,Root_TuberAEZ14,Root_TuberAEZ14,1990,NOx_AWB,6.70303949767614e-07
European Free Trade Association,Root_Tuber,Root_TuberAEZ15,Root_TuberAEZ15,1990,NOx_AWB,1.04911494704549e-05
European Free Trade Association,Root_Tuber,Root_TuberAEZ16,Root_TuberAEZ16,1990,NOx_AWB,3.33630401147955e-06
European Free Trade Association,SugarCrop,SugarCropAEZ10,SugarCropAEZ10,1990,NOx_AWB,3.29124872099606e-05
European Free Trade Association,SugarCrop,SugarCropAEZ13,SugarCropAEZ13,1990,NOx_AWB,0
European Free Trade Association,SugarCrop,SugarCropAEZ14,SugarCropAEZ14,1990,NOx_AWB,3.65471694561378e-07
European Free Trade Association,SugarCrop,SugarCropAEZ15,SugarCropAEZ15,1990,NOx_AWB,3.62653192938128e-06
European Free Trade Association,SugarCrop,SugarCropAEZ16,SugarCropAEZ16,1990,NOx_AWB,0
European Free Trade Association,Wheat,WheatAEZ10,WheatAEZ10,1990,NOx_AWB,2.36991565512464e-05
European Free Trade Association,Wheat,WheatAEZ13,WheatAEZ13,1990,NOx_AWB,0
European Free Trade Association,Wheat,WheatAEZ14,WheatAEZ14,1990,NOx_AWB,5.09811017044705e-07
European Free Trade Association,Wheat,WheatAEZ15,WheatAEZ15,1990,NOx_AWB,5.99553755050397e-06
European Free Trade Association,Wheat,WheatAEZ16,WheatAEZ16,1990,NOx_AWB,1.64672913315868e-06
European Free Trade Association,Corn,CornAEZ10,CornAEZ10,1990,SO2_AWB,9.66876770632653e-07
European Free Trade Association,Corn,CornAEZ13,CornAEZ13,1990,SO2_AWB,0
European Free Trade Association,Corn,CornAEZ14,CornAEZ14,1990,SO2_AWB,1.21338922334395e-08
European Free Trade Association,Corn,CornAEZ15,CornAEZ15,1990,SO2_AWB,1.73756523791749e-07
European Free Trade Association,Corn,CornAEZ16,CornAEZ16,1990,SO2_AWB,0
European Free Trade Association,FiberCrop,FiberCropAEZ10,FiberCropAEZ10,1990,SO2_AWB,0
European Free Trade Association,FiberCrop,FiberCropAEZ13,FiberCropAEZ13,1990,SO2_AWB,0
European Free Trade Association,FiberCrop,FiberCropAEZ14,FiberCropAEZ14,1990,SO2_AWB,0
European Free Trade Association,FiberCrop,FiberCropAEZ15,FiberCropAEZ15,1990,SO2_AWB,0
European Free Trade Association,FiberCrop,FiberCropAEZ16,FiberCropAEZ16,1990,SO2_AWB,0
European Free Trade Association,FodderGrass,FodderGrassAEZ10,FodderGrassAEZ10,1990,SO2_AWB,3.02548084043262e-06
European Free Trade Association,FodderGrass,FodderGrassAEZ13,FodderGrassAEZ13,1990,SO2_AWB,0
European Free Trade Association,FodderGrass,FodderGrassAEZ14,FodderGrassAEZ14,1990,SO2_AWB,1.10710545930391e-07
European Free Trade Association,FodderGrass,FodderGrassAEZ15,FodderGrassAEZ15,1990,SO2_AWB,1.50827643308259e-06
European Free Trade Association,FodderGrass,FodderGrassAEZ16,FodderGrassAEZ16,1990,SO2_AWB,5.17401030894118e-07
European Free Trade Association,FodderHerb,FodderHerbAEZ10,FodderHerbAEZ10,1990,SO2_AWB,8.36364539187621e-06
European Free Trade Association,FodderHerb,FodderHerbAEZ13,FodderHerbAEZ13,1990,SO2_AWB,0
European Free Trade Association,FodderHerb,FodderHerbAEZ14,FodderHerbAEZ14,1990,SO2_AWB,1.20745728357698e-07
European Free Trade Association,FodderHerb,FodderHerbAEZ15,FodderHerbAEZ15,1990,SO2_AWB,1.0214304845858e-06
European Free Trade Association,FodderHerb,FodderHerbAEZ16,FodderHerbAEZ16,1990,SO2_AWB,0
European Free Trade Association,MiscCrop,MiscCropAEZ10,MiscCropAEZ10,1990,SO2_AWB,5.83564787376729e-06
European Free Trade Association,MiscCrop,MiscCropAEZ13,MiscCropAEZ13,1990,SO2_AWB,0
European Free Trade Association,MiscCrop,MiscCropAEZ14,MiscCropAEZ14,1990,SO2_AWB,4.85416689517312e-08
European Free Trade Association,MiscCrop,MiscCropAEZ15,MiscCropAEZ15,1990,SO2_AWB,6.70449458533213e-07
European Free Trade Association,MiscCrop,MiscCropAEZ16,MiscCropAEZ16,1990,SO2_AWB,1.31057331151663e-08
European Free Trade Association,OilCrop,OilCropAEZ10,OilCropAEZ10,1990,SO2_AWB,2.46222472250731e-07
European Free Trade Association,OilCrop,OilCropAEZ13,OilCropAEZ13,1990,SO2_AWB,0
European Free Trade Association,OilCrop,OilCropAEZ14,OilCropAEZ14,1990,SO2_AWB,3.27590643788781e-09
European Free Trade Association,OilCrop,OilCropAEZ15,OilCropAEZ15,1990,SO2_AWB,4.05183110474705e-08
European Free Trade Association,OilCrop,OilCropAEZ16,OilCropAEZ16,1990,SO2_AWB,6.65078285879341e-09
European Free Trade Association,OtherGrain,OtherGrainAEZ10,OtherGrainAEZ10,1990,SO2_AWB,4.42959262316291e-06
European Free Trade Association,OtherGrain,OtherGrainAEZ13,OtherGrainAEZ13,1990,SO2_AWB,0
European Free Trade Association,OtherGrain,OtherGrainAEZ14,OtherGrainAEZ14,1990,SO2_AWB,1.27248271904845e-07
European Free Trade Association,OtherGrain,OtherGrainAEZ15,OtherGrainAEZ15,1990,SO2_AWB,2.20099304083114e-06
European Free Trade Association,OtherGrain,OtherGrainAEZ16,OtherGrainAEZ16,1990,SO2_AWB,8.83187453722316e-07
European Free Trade Association,PalmFruit,PalmFruitAEZ10,PalmFruitAEZ10,1990,SO2_AWB,0
European Free Trade Association,PalmFruit,PalmFruitAEZ13,PalmFruitAEZ13,1990,SO2_AWB,0
European Free Trade Association,PalmFruit,PalmFruitAEZ14,PalmFruitAEZ14,1990,SO2_AWB,0
European Free Trade Association,PalmFruit,PalmFruitAEZ15,PalmFruitAEZ15,1990,SO2_AWB,0
European Free Trade Association,PalmFruit,PalmFruitAEZ16,PalmFruitAEZ16,1990,SO2_AWB,0
European Free Trade Association,Rice,RiceAEZ10,RiceAEZ10,1990,SO2_AWB,0
European Free Trade Association,Rice,RiceAEZ13,RiceAEZ13,1990,SO2_AWB,0
European Free Trade Association,Rice,RiceAEZ14,RiceAEZ14,1990,SO2_AWB,0
European Free Trade Association,Rice,RiceAEZ15,RiceAEZ15,1990,SO2_AWB,0
European Free Trade Association,Rice,RiceAEZ16,RiceAEZ16,1990,SO2_AWB,0
European Free Trade Association,Root_Tuber,Root_TuberAEZ10,Root_TuberAEZ10,1990,SO2_AWB,4.46637726354482e-06
European Free Trade Association,Root_Tuber,Root_TuberAEZ13,Root_TuberAEZ13,1990,SO2_AWB,0
European Free Trade Association,Root_Tuber,Root_TuberAEZ14,Root_TuberAEZ14,1990,SO2_AWB,8.07288478891884e-08
European Free Trade Association,Root_Tuber,Root_TuberAEZ15,Root_TuberAEZ15,1990,SO2_AWB,1.26351397761674e-06
European Free Trade Association,Root_Tuber,Root_TuberAEZ16,Root_TuberAEZ16,1990,SO2_AWB,4.01811714145794e-07
European Free Trade Association,SugarCrop,SugarCropAEZ10,SugarCropAEZ10,1990,SO2_AWB,3.96385427021415e-06
European Free Trade Association,SugarCrop,SugarCropAEZ13,SugarCropAEZ13,1990,SO2_AWB,0
European Free Trade Association,SugarCrop,SugarCropAEZ14,SugarCropAEZ14,1990,SO2_AWB,4.4016015194716e-08
European Free Trade Association,SugarCrop,SugarCropAEZ15,SugarCropAEZ15,1990,SO2_AWB,4.36765656227753e-07
European Free Trade Association,SugarCrop,SugarCropAEZ16,SugarCropAEZ16,1990,SO2_AWB,0
European Free Trade Association,Wheat,WheatAEZ10,WheatAEZ10,1990,SO2_AWB,2.85423591042678e-06
European Free Trade Association,Wheat,WheatAEZ13,WheatAEZ13,1990,SO2_AWB,0
European Free Trade Association,Wheat,WheatAEZ14,WheatAEZ14,1990,SO2_AWB,6.13996919778004e-08
European Free Trade Association,Wheat,WheatAEZ15,WheatAEZ15,1990,SO2_AWB,7.22079646250561e-07
European Free Trade Association,Wheat,WheatAEZ16,WheatAEZ16,1990,SO2_AWB,1.98325768110945e-07
India,Corn,CornAEZ01,CornAEZ01,1990,CH4_AWB,1.63381266979846e-07
India,Corn,CornAEZ02,CornAEZ02,1990,CH4_AWB,0.00017312529594655
India,Corn,CornAEZ03,CornAEZ03,1990,CH4_AWB,0.000983627234160054
India,Corn,CornAEZ04,CornAEZ04,1990,CH4_AWB,0.000485133359318891
India,Corn,CornAEZ05,CornAEZ05,1990,CH4_AWB,5.00954774137566e-05
India,Corn,CornAEZ06,CornAEZ06,1990,CH4_AWB,8.02554606583979e-06
India,Corn,CornAEZ07,CornAEZ07,1990,CH4_AWB,1.83816340342219e-06
India,Corn,CornAEZ08,CornAEZ08,1990,CH4_AWB,0.000137278005832343
India,Corn,CornAEZ09,CornAEZ09,1990,CH4_AWB,0.000370537291719592
India,Corn,CornAEZ10,CornAEZ10,1990,CH4_AWB,0.000448093733575449
India,Corn,CornAEZ11,CornAEZ11,1990,CH4_AWB,0.00018142446838961
India,Corn,CornAEZ12,CornAEZ12,1990,CH4_AWB,5.5924315168091e-05
India,Corn,CornAEZ13,CornAEZ13,1990,CH4_AWB,3.11616246291349e-07
India,Corn,CornAEZ14,CornAEZ14,1990,CH4_AWB,1.80340143172436e-06
India,Corn,CornAEZ15,CornAEZ15,1990,CH4_AWB,4.10581096717121e-05
India,Corn,CornAEZ16,CornAEZ16,1990,CH4_AWB,5.15966979915078e-07
India,FiberCrop,FiberCropAEZ01,FiberCropAEZ01,1990,CH4_AWB,4.9376973594781e-05
India,FiberCrop,FiberCropAEZ02,FiberCropAEZ02,1990,CH4_AWB,0.000748302999257054
India,FiberCrop,FiberCropAEZ03,FiberCropAEZ03,1990,CH4_AWB,0.000511094940069808
India,FiberCrop,FiberCropAEZ04,FiberCropAEZ04,1990,CH4_AWB,0.000498111675510397
India,FiberCrop,FiberCropAEZ05,FiberCropAEZ05,1990,CH4_AWB,0.000146519892408581
India,FiberCrop,FiberCropAEZ06,FiberCropAEZ06,1990,CH4_AWB,1.62287260815252e-05
India,FiberCrop,FiberCropAEZ07,FiberCropAEZ07,1990,CH4_AWB,4.43853743393939e-05
India,FiberCrop,FiberCropAEZ08,FiberCropAEZ08,1990,CH4_AWB,0.000155282142053464
India,FiberCrop,FiberCropAEZ09,FiberCropAEZ09,1990,CH4_AWB,0.000132602210114166
India,FiberCrop,FiberCropAEZ10,FiberCropAEZ10,1990,CH4_AWB,2.88339681340969e-06
India,FiberCrop,FiberCropAEZ11,FiberCropAEZ11,1990,CH4_AWB,3.94263999157411e-06
India,FiberCrop,FiberCropAEZ12,FiberCropAEZ12,1990,CH4_AWB,3.61922861611849e-06
India,FiberCrop,FiberCropAEZ13,FiberCropAEZ13,1990,CH4_AWB,0
India,FiberCrop,FiberCropAEZ14,FiberCropAEZ14,1990,CH4_AWB,0
India,FiberCrop,FiberCropAEZ15,FiberCropAEZ15,1990,CH4_AWB,0
India,FiberCrop,FiberCropAEZ16,FiberCropAEZ16,1990,CH4_AWB,0
India,FodderGrass,FodderGrassAEZ01,FodderGrassAEZ01,1990,CH4_AWB,0.000375072721070964
India,FodderGrass,FodderGrassAEZ02,FodderGrassAEZ02,1990,CH4_AWB,0.00184870469895052
India,FodderGrass,FodderGrassAEZ03,FodderGrassAEZ03,1990,CH4_AWB,0.0110181362057149
India,FodderGrass,FodderGrassAEZ04,FodderGrassAEZ04,1990,CH4_AWB,0.00460633105685037
India,FodderGrass,FodderGrassAEZ05,FodderGrassAEZ05,1990,CH4_AWB,0.000905566233119984
India,FodderGrass,FodderGrassAEZ06,FodderGrassAEZ06,1990,CH4_AWB,0.000235217140562865
India,FodderGrass,FodderGrassAEZ07,FodderGrassAEZ07,1990,CH4_AWB,0.00092516841877729
India,FodderGrass,FodderGrassAEZ08,FodderGrassAEZ08,1990,CH4_AWB,0.00253358717755557
India,FodderGrass,FodderGrassAEZ09,FodderGrassAEZ09,1990,CH4_AWB,0.00195927458544777
India,FodderGrass,FodderGrassAEZ10,FodderGrassAEZ10,1990,CH4_AWB,0.000201784597346947
India,FodderGrass,FodderGrassAEZ11,FodderGrassAEZ11,1990,CH4_AWB,0.000133317388020162
India,FodderGrass,FodderGrassAEZ12,FodderGrassAEZ12,1990,CH4_AWB,8.35136161642076e-05
India,FodderGrass,FodderGrassAEZ13,FodderGrassAEZ13,1990,CH4_AWB,1.39531741297982e-06
India,FodderGrass,FodderGrassAEZ14,FodderGrassAEZ14,1990,CH4_AWB,1.57871614932175e-06
India,FodderGrass,FodderGrassAEZ15,FodderGrassAEZ15,1990,CH4_AWB,1.0846961298061e-05
India,FodderGrass,FodderGrassAEZ16,FodderGrassAEZ16,1990,CH4_AWB,4.18319850415955e-06
India,FodderHerb,FodderHerbAEZ01,FodderHerbAEZ01,1990,CH4_AWB,0
India,FodderHerb,FodderHerbAEZ02,FodderHerbAEZ02,1990,CH4_AWB,0
India,FodderHerb,FodderHerbAEZ03,FodderHerbAEZ03,1990,CH4_AWB,0
India,FodderHerb,FodderHerbAEZ04,FodderHerbAEZ04,1990,CH4_AWB,0
India,FodderHerb,FodderHerbAEZ05,FodderHerbAEZ05,1990,CH4_AWB,0
India,FodderHerb,FodderHerbAEZ06,FodderHerbAEZ06,1990,CH4_AWB,0
India,FodderHerb,FodderHerbAEZ07,FodderHerbAEZ07,1990,CH4_AWB,0
India,FodderHerb,FodderHerbAEZ08,FodderHerbAEZ08,1990,CH4_AWB,0
India,FodderHerb,FodderHerbAEZ09,FodderHerbAEZ09,1990,CH4_AWB,0
India,FodderHerb,FodderHerbAEZ10,FodderHerbAEZ10,1990,CH4_AWB,0
India,FodderHerb,FodderHerbAEZ11,FodderHerbAEZ11,1990,CH4_AWB,0
India,FodderHerb,FodderHerbAEZ12,FodderHerbAEZ12,1990,CH4_AWB,0
India,FodderHerb,FodderHerbAEZ13,FodderHerbAEZ13,1990,CH4_AWB,0
India,FodderHerb,FodderHerbAEZ14,FodderHerbAEZ14,1990,CH4_AWB,0
India,FodderHerb,FodderHerbAEZ15,FodderHerbAEZ15,1990,CH4_AWB,0
India,FodderHerb,FodderHerbAEZ16,FodderHerbAEZ16,1990,CH4_AWB,0
India,MiscCrop,MiscCropAEZ01,MiscCropAEZ01,1990,CH4_AWB,0.000187345148943945
India,MiscCrop,MiscCropAEZ02,MiscCropAEZ02,1990,CH4_AWB,0.00143888123121643
India,MiscCrop,MiscCropAEZ03,MiscCropAEZ03,1990,CH4_AWB,0.0105307407045918
India,MiscCrop,MiscCropAEZ04,MiscCropAEZ04,1990,CH4_AWB,0.00804883005468619
India,MiscCrop,MiscCropAEZ05,MiscCropAEZ05,1990,CH4_AWB,0.00195605810913285
India,MiscCrop,MiscCropAEZ06,MiscCropAEZ06,1990,CH4_AWB,0.000361407985000581
India,MiscCrop,MiscCropAEZ07,MiscCropAEZ07,1990,CH4_AWB,0.000288258951516187
India,MiscCrop,MiscCropAEZ08,MiscCropAEZ08,1990,CH4_AWB,0.00247123215216681
India,MiscCrop,MiscCropAEZ09,MiscCropAEZ09,1990,CH4_AWB,0.00435907393884592
India,MiscCrop,MiscCropAEZ10,MiscCropAEZ10,1990,CH4_AWB,0.000358122193541457
India,MiscCrop,MiscCropAEZ11,MiscCropAEZ11,1990,CH4_AWB,0.000229400787434758
India,MiscCrop,MiscCropAEZ12,MiscCropAEZ12,1990,CH4_AWB,0.000121067020298663
India,MiscCrop,MiscCropAEZ13,MiscCropAEZ13,1990,CH4_AWB,8.55910124100078e-07
India,MiscCrop,MiscCropAEZ14,MiscCropAEZ14,1990,CH4_AWB,6.06691525635994e-07
India,MiscCrop,MiscCropAEZ15,MiscCropAEZ15,1990,CH4_AWB,1.00853055538865e-05
India,MiscCrop,MiscCropAEZ16,MiscCropAEZ16,1990,CH4_AWB,2.75749995092236e-06
India,OilCrop,OilCropAEZ01,OilCropAEZ01,1990,CH4_AWB,4.53782913071156e-05
India,OilCrop,OilCropAEZ02,OilCropAEZ02,1990,CH4_AWB,0.000898603131022688
India,OilCrop,OilCropAEZ03,OilCropAEZ03,1990,CH4_AWB,0.00227990004135985
India,OilCrop,OilCropAEZ04,OilCropAEZ04,1990,CH4_AWB,0.000817590421269095
India,OilCrop,OilCropAEZ05,OilCropAEZ05,1990,CH4_AWB,8.65363566173423e-05
India,OilCrop,OilCropAEZ06,OilCropAEZ06,1990,CH4_AWB,2.87959785874935e-05
India,OilCrop,OilCropAEZ07,OilCropAEZ07,1990,CH4_AWB,0.000156990190977211
India,OilCrop,OilCropAEZ08,OilCropAEZ08,1990,CH4_AWB,0.000850945456960257
India,OilCrop,OilCropAEZ09,OilCropAEZ09,1990,CH4_AWB,0.000772188510926138
India,OilCrop,OilCropAEZ10,OilCropAEZ10,1990,CH4_AWB,1.69479703856279e-05
India,OilCrop,OilCropAEZ11,OilCropAEZ11,1990,CH4_AWB,6.94487131679052e-06
India,OilCrop,OilCropAEZ12,OilCropAEZ12,1990,CH4_AWB,5.40409371936343e-06
India,OilCrop,OilCropAEZ13,OilCropAEZ13,1990,CH4_AWB,6.56084328957412e-08
India,OilCrop,OilCropAEZ14,OilCropAEZ14,1990,CH4_AWB,3.26584199303245e-08
India,OilCrop,OilCropAEZ15,OilCropAEZ15,1990,CH4_AWB,5.52277208464593e-07
India,OilCrop,OilCropAEZ16,OilCropAEZ16,1990,CH4_AWB,5.80270139833444e-08
India,OtherGrain,OtherGrainAEZ01,OtherGrainAEZ01,1990,CH4_AWB,6.38889776430236e-05
India,OtherGrain,OtherGrainAEZ02,OtherGrainAEZ02,1990,CH4_AWB,0.000506444345025669
India,OtherGrain,OtherGrainAEZ03,OtherGrainAEZ03,1990,CH4_AWB,0.00369211796883634
India,OtherGrain,OtherGrainAEZ04,OtherGrainAEZ04,1990,CH4_AWB,0.00090280520729719
India,OtherGrain,OtherGrainAEZ05,OtherGrainAEZ05,1990,CH4_AWB,7.72188055522978e-05
India,OtherGrain,OtherGrainAEZ06,OtherGrainAEZ06,1990,CH4_AWB,1.56278794340635e-05
India,OtherGrain,OtherGrainAEZ07,OtherGrainAEZ07,1990,CH4_AWB,0.000212481255372757
India,OtherGrain,OtherGrainAEZ08,OtherGrainAEZ08,1990,CH4_AWB,0.00156201130763924
India,OtherGrain,OtherGrainAEZ09,OtherGrainAEZ09,1990,CH4_AWB,0.000475957157171099
India,OtherGrain,OtherGrainAEZ10,OtherGrainAEZ10,1990,CH4_AWB,4.82844859942624e-05
India,OtherGrain,OtherGrainAEZ11,OtherGrainAEZ11,1990,CH4_AWB,6.83737870935772e-05
India,OtherGrain,OtherGrainAEZ12,OtherGrainAEZ12,1990,CH4_AWB,4.20899487905756e-06
India,OtherGrain,OtherGrainAEZ13,OtherGrainAEZ13,1990,CH4_AWB,1.18148639544344e-07
India,OtherGrain,OtherGrainAEZ14,OtherGrainAEZ14,1990,CH4_AWB,1.38512142264444e-06
India,OtherGrain,OtherGrainAEZ15,OtherGrainAEZ15,1990,CH4_AWB,2.42547463091887e-06
India,OtherGrain,OtherGrainAEZ16,OtherGrainAEZ16,1990,CH4_AWB,4.16988082432785e-06
India,PalmFruit,PalmFruitAEZ01,PalmFruitAEZ01,1990,CH4_AWB,0
India,PalmFruit,PalmFruitAEZ02,PalmFruitAEZ02,1990,CH4_AWB,7.2460820814834e-05
India,PalmFruit,PalmFruitAEZ03,PalmFruitAEZ03,1990,CH4_AWB,0.000504464619920317
India,PalmFruit,PalmFruitAEZ04,PalmFruitAEZ04,1990,CH4_AWB,0.000739237749758774
India,PalmFruit,PalmFruitAEZ05,PalmFruitAEZ05,1990,CH4_AWB,0.0010496735704588
India,PalmFruit,PalmFruitAEZ06,PalmFruitAEZ06,1990,CH4_AWB,1.21188329895796e-05
India,PalmFruit,PalmFruitAEZ07,PalmFruitAEZ07,1990,CH4_AWB,0
India,PalmFruit,PalmFruitAEZ08,PalmFruitAEZ08,1990,CH4_AWB,0
India,PalmFruit,PalmFruitAEZ09,PalmFruitAEZ09,1990,CH4_AWB,1.03334793027473e-07
India,PalmFruit,PalmFruitAEZ10,PalmFruitAEZ10,1990,CH4_AWB,0
India,PalmFruit,PalmFruitAEZ11,PalmFruitAEZ11,1990,CH4_AWB,2.23137782997281e-06
India,PalmFruit,PalmFruitAEZ12,PalmFruitAEZ12,1990,CH4_AWB,1.14447683177872e-06
India,PalmFruit,PalmFruitAEZ13,PalmFruitAEZ13,1990,CH4_AWB,0
India,PalmFruit,PalmFruitAEZ14,PalmFruitAEZ14,1990,CH4_AWB,0
India,PalmFruit,PalmFruitAEZ15,PalmFruitAEZ15,1990,CH4_AWB,0
India,PalmFruit,PalmFruitAEZ16,PalmFruitAEZ16,1990,CH4_AWB,0
India,Rice,RiceAEZ01,RiceAEZ01,1990,CH4_AWB,2.07126941391377e-05
India,Rice,RiceAEZ02,RiceAEZ02,1990,CH4_AWB,0.000557968283743271
India,Rice,RiceAEZ03,RiceAEZ03,1990,CH4_AWB,0.011979114017867
India,Rice,RiceAEZ04,RiceAEZ04,1990,CH4_AWB,0.0136711012051598
India,Rice,RiceAEZ05,RiceAEZ05,1990,CH4_AWB,0.00245108734212198
India,Rice,RiceAEZ06,RiceAEZ06,1990,CH4_AWB,0.00104259249932392
India,Rice,RiceAEZ07,RiceAEZ07,1990,CH4_AWB,0.000269955630374802
India,Rice,RiceAEZ08,RiceAEZ08,1990,CH4_AWB,0.0030598914228171
India,Rice,RiceAEZ09,RiceAEZ09,1990,CH4_AWB,0.00203494653510429
India,Rice,RiceAEZ10,RiceAEZ10,1990,CH4_AWB,0.000355741897549982
India,Rice,RiceAEZ11,RiceAEZ11,1990,CH4_AWB,0.000287757321538486
India,Rice,RiceAEZ12,RiceAEZ12,1990,CH4_AWB,0.000205179210761583
India,Rice,RiceAEZ13,RiceAEZ13,1990,CH4_AWB,4.11062234907967e-07
India,Rice,RiceAEZ14,RiceAEZ14,1990,CH4_AWB,1.60132677855715e-06
India,Rice,RiceAEZ15,RiceAEZ15,1990,CH4_AWB,1.16280536624367e-05
India,Rice,RiceAEZ16,RiceAEZ16,1990,CH4_AWB,2.57340367007646e-06
India,Root_Tuber,Root_TuberAEZ01,Root_TuberAEZ01,1990,CH4_AWB,1.05275266254181e-05
India,Root_Tuber,Root_TuberAEZ02,Root_TuberAEZ02,1990,CH4_AWB,0.000144667347916867
India,Root_Tuber,Root_TuberAEZ03,Root_TuberAEZ03,1990,CH4_AWB,0.00207898762270181
India,Root_Tuber,Root_TuberAEZ04,Root_TuberAEZ04,1990,CH4_AWB,0.00222842896235194
India,Root_Tuber,Root_TuberAEZ05,Root_TuberAEZ05,1990,CH4_AWB,0.00121959956168563
India,Root_Tuber,Root_TuberAEZ06,Root_TuberAEZ06,1990,CH4_AWB,8.83277542216811e-05
India,Root_Tuber,Root_TuberAEZ07,Root_TuberAEZ07,1990,CH4_AWB,6.86436709426023e-05
India,Root_Tuber,Root_TuberAEZ08,Root_TuberAEZ08,1990,CH4_AWB,0.00051337578761206
India,Root_Tuber,Root_TuberAEZ09,Root_TuberAEZ09,1990,CH4_AWB,0.000610239037864744
India,Root_Tuber,Root_TuberAEZ10,Root_TuberAEZ10,1990,CH4_AWB,5.81420116751413e-05
India,Root_Tuber,Root_TuberAEZ11,Root_TuberAEZ11,1990,CH4_AWB,0.000117376553176477
India,Root_Tuber,Root_TuberAEZ12,Root_TuberAEZ12,1990,CH4_AWB,3.96195191873697e-05
India,Root_Tuber,Root_TuberAEZ13,Root_TuberAEZ13,1990,CH4_AWB,7.26726339603502e-07
India,Root_Tuber,Root_TuberAEZ14,Root_TuberAEZ14,1990,CH4_AWB,3.54089966005601e-07
India,Root_Tuber,Root_TuberAEZ15,Root_TuberAEZ15,1990,CH4_AWB,1.13962794021099e-06
India,Root_Tuber,Root_TuberAEZ16,Root_TuberAEZ16,1990,CH4_AWB,1.8197442291549e-06
India,SugarCrop,SugarCropAEZ01,SugarCropAEZ01,1990,CH4_AWB,0.00010312097298788
India,SugarCrop,SugarCropAEZ02,SugarCropAEZ02,1990,CH4_AWB,0.000572279841498423
India,SugarCrop,SugarCropAEZ03,SugarCropAEZ03,1990,CH4_AWB,0.0399347394590519
India,SugarCrop,SugarCropAEZ04,SugarCropAEZ04,1990,CH4_AWB,0.0139587974260685
India,SugarCrop,SugarCropAEZ05,SugarCropAEZ05,1990,CH4_AWB,0.000570121451594317
India,SugarCrop,SugarCropAEZ06,SugarCropAEZ06,1990,CH4_AWB,0.000224793626490027
India,SugarCrop,SugarCropAEZ07,SugarCropAEZ07,1990,CH4_AWB,0.00011299924668748
India,SugarCrop,SugarCropAEZ08,SugarCropAEZ08,1990,CH4_AWB,0.00484695444358763
India,SugarCrop,SugarCropAEZ09,SugarCropAEZ09,1990,CH4_AWB,0.0118798444442147
India,SugarCrop,SugarCropAEZ10,SugarCropAEZ10,1990,CH4_AWB,0.000821555739839239
India,SugarCrop,SugarCropAEZ11,SugarCropAEZ11,1990,CH4_AWB,0.000289404325834953
India,SugarCrop,SugarCropAEZ12,SugarCropAEZ12,1990,CH4_AWB,2.2989279070964e-05
India,SugarCrop,SugarCropAEZ13,SugarCropAEZ13,1990,CH4_AWB,9.48925265534446e-07
India,SugarCrop,SugarCropAEZ14,SugarCropAEZ14,1990,CH4_AWB,9.83408417848618e-08
India,SugarCrop,SugarCropAEZ15,SugarCropAEZ15,1990,CH4_AWB,0
India,SugarCrop,SugarCropAEZ16,SugarCropAEZ16,1990,CH4_AWB,0
India,Wheat,WheatAEZ01,WheatAEZ01,1990,CH4_AWB,3.77397505929084e-05
India,Wheat,WheatAEZ02,WheatAEZ02,1990,CH4_AWB,0.000418515146995268
India,Wheat,WheatAEZ03,WheatAEZ03,1990,CH4_AWB,0.00564852620734895
India,Wheat,WheatAEZ04,WheatAEZ04,1990,CH4_AWB,0.00105270171101572
India,Wheat,WheatAEZ05,WheatAEZ05,1990,CH4_AWB,6.68144988930588e-05
India,Wheat,WheatAEZ06,WheatAEZ06,1990,CH4_AWB,6.5253158539282e-06
India,Wheat,WheatAEZ07,WheatAEZ07,1990,CH4_AWB,0.000693677610054622
India,Wheat,WheatAEZ08,WheatAEZ08,1990,CH4_AWB,0.00556400859301516
India,Wheat,WheatAEZ09,WheatAEZ09,1990,CH4_AWB,0.00318554649032773
India,Wheat,WheatAEZ10,WheatAEZ10,1990,CH4_AWB,0.000264711235001392
India,Wheat,WheatAEZ11,WheatAEZ11,1990,CH4_AWB,0.000117306004357924
India,Wheat,WheatAEZ12,WheatAEZ12,1990,CH4_AWB,1.82181442740147e-05
India,Wheat,WheatAEZ13,WheatAEZ13,1990,CH4_AWB,3.42301311245919e-07
India,Wheat,WheatAEZ14,WheatAEZ14,1990,CH4_AWB,1.22316315471434e-06
India,Wheat,WheatAEZ15,WheatAEZ15,1990,CH4_AWB,2.40047588573945e-06
India,Wheat,WheatAEZ16,WheatAEZ16,1990,CH4_AWB,3.26362830630146e-06
India,Corn,CornAEZ01,CornAEZ01,1990,CO_AWB,7.32103677276357e-06
India,Corn,CornAEZ02,CornAEZ02,1990,CO_AWB,0.00775766207074777
India,Corn,CornAEZ03,CornAEZ03,1990,CO_AWB,0.044075867968791
India,Corn,CornAEZ04,CornAEZ04,1990,CO_AWB,0.0217385948151941
India,Corn,CornAEZ05,CornAEZ05,1990,CO_AWB,0.00224475448792119
India,Corn,CornAEZ06,CornAEZ06,1990,CO_AWB,0.000359620897521678
India,Corn,CornAEZ07,CornAEZ07,1990,CO_AWB,8.23672267914421e-05
India,Corn,CornAEZ08,CornAEZ08,1990,CO_AWB,0.00615136207086833
India,Corn,CornAEZ09,CornAEZ09,1990,CO_AWB,0.0166035995956255
India,Corn,CornAEZ10,CornAEZ10,1990,CO_AWB,0.0200788668235475
India,Corn,CornAEZ11,CornAEZ11,1990,CO_AWB,0.00812954403593442
India,Corn,CornAEZ12,CornAEZ12,1990,CO_AWB,0.00250594193205589
India,Corn,CornAEZ13,CornAEZ13,1990,CO_AWB,1.39633756076266e-05
India,Corn,CornAEZ14,CornAEZ14,1990,CO_AWB,8.08095593929818e-05
India,Corn,CornAEZ15,CornAEZ15,1990,CO_AWB,0.00183979434290862
India,Corn,CornAEZ16,CornAEZ16,1990,CO_AWB,2.31202346714328e-05
India,FiberCrop,FiberCropAEZ01,FiberCropAEZ01,1990,CO_AWB,0.00221255867393757
India,FiberCrop,FiberCropAEZ02,FiberCropAEZ02,1990,CO_AWB,0.033531101061947
India,FiberCrop,FiberCropAEZ03,FiberCropAEZ03,1990,CO_AWB,0.0229019208859852
India,FiberCrop,FiberCropAEZ04,FiberCropAEZ04,1990,CO_AWB,0.0223201469835849
India,FiberCrop,FiberCropAEZ05,FiberCropAEZ05,1990,CO_AWB,0.00656548660745119
India,FiberCrop,FiberCropAEZ06,FiberCropAEZ06,1990,CO_AWB,0.000727201487748344
India,FiberCrop,FiberCropAEZ07,FiberCropAEZ07,1990,CO_AWB,0.0019888874882557
India,FiberCrop,FiberCropAEZ08,FiberCropAEZ08,1990,CO_AWB,0.00695811884153857
India,FiberCrop,FiberCropAEZ09,FiberCropAEZ09,1990,CO_AWB,0.00594184189130622
India,FiberCrop,FiberCropAEZ10,FiberCropAEZ10,1990,CO_AWB,0.000129203638162787
India,FiberCrop,FiberCropAEZ11,FiberCropAEZ11,1990,CO_AWB,0.000176667820574821
India,FiberCrop,FiberCropAEZ12,FiberCropAEZ12,1990,CO_AWB,0.000162175910846071
India,FiberCrop,FiberCropAEZ13,FiberCropAEZ13,1990,CO_AWB,0
India,FiberCrop,FiberCropAEZ14,FiberCropAEZ14,1990,CO_AWB,0
India,FiberCrop,FiberCropAEZ15,FiberCropAEZ15,1990,CO_AWB,0
India,FiberCrop,FiberCropAEZ16,FiberCropAEZ16,1990,CO_AWB,0
India,FodderGrass,FodderGrassAEZ01,FodderGrassAEZ01,1990,CO_AWB,0.0168068300251322
India,FodderGrass,FodderGrassAEZ02,FodderGrassAEZ02,1990,CO_AWB,0.082839577224402
India,FodderGrass,FodderGrassAEZ03,FodderGrassAEZ03,1990,CO_AWB,0.493717436646558
India,FodderGrass,FodderGrassAEZ04,FodderGrassAEZ04,1990,CO_AWB,0.206407501166486
India,FodderGrass,FodderGrassAEZ05,FodderGrassAEZ05,1990,CO_AWB,0.0405779916840907
India,FodderGrass,FodderGrassAEZ06,FodderGrassAEZ06,1990,CO_AWB,0.0105399680604598
India,FodderGrass,FodderGrassAEZ07,FodderGrassAEZ07,1990,CO_AWB,0.0414563562890205
India,FodderGrass,FodderGrassAEZ08,FodderGrassAEZ08,1990,CO_AWB,0.11352883495618
India,FodderGrass,FodderGrassAEZ09,FodderGrassAEZ09,1990,CO_AWB,0.0877941611860167
India,FodderGrass,FodderGrassAEZ10,FodderGrassAEZ10,1990,CO_AWB,0.00904187171921321
India,FodderGrass,FodderGrassAEZ11,FodderGrassAEZ11,1990,CO_AWB,0.00597388867271296
India,FodderGrass,FodderGrassAEZ12,FodderGrassAEZ12,1990,CO_AWB,0.00374220537192949
India,FodderGrass,FodderGrassAEZ13,FodderGrassAEZ13,1990,CO_AWB,6.25235088387624e-05
India,FodderGrass,FodderGrassAEZ14,FodderGrassAEZ14,1990,CO_AWB,7.07415188815126e-05
India,FodderGrass,FodderGrassAEZ15,FodderGrassAEZ15,1990,CO_AWB,0.000486047170546447
India,FodderGrass,FodderGrassAEZ16,FodderGrassAEZ16,1990,CO_AWB,0.000187447132972102
India,FodderHerb,FodderHerbAEZ01,FodderHerbAEZ01,1990,CO_AWB,0
India,FodderHerb,FodderHerbAEZ02,FodderHerbAEZ02,1990,CO_AWB,0
India,FodderHerb,FodderHerbAEZ03,FodderHerbAEZ03,1990,CO_AWB,0
India,FodderHerb,FodderHerbAEZ04,FodderHerbAEZ04,1990,CO_AWB,0
India,FodderHerb,FodderHerbAEZ05,FodderHerbAEZ05,1990,CO_AWB,0
India,FodderHerb,FodderHerbAEZ06,FodderHerbAEZ06,1990,CO_AWB,0
India,FodderHerb,FodderHerbAEZ07,FodderHerbAEZ07,1990,CO_AWB,0
India,FodderHerb,FodderHerbAEZ08,FodderHerbAEZ08,1990,CO_AWB,0
India,FodderHerb,FodderHerbAEZ09,FodderHerbAEZ09,1990,CO_AWB,0
India,FodderHerb,FodderHerbAEZ10,FodderHerbAEZ10,1990,CO_AWB,0
India,FodderHerb,FodderHerbAEZ11,FodderHerbAEZ11,1990,CO_AWB,0
India,FodderHerb,FodderHerbAEZ12,FodderHerbAEZ12,1990,CO_AWB,0
India,FodderHerb,FodderHerbAEZ13,FodderHerbAEZ13,1990,CO_AWB,0
India,FodderHerb,FodderHerbAEZ14,FodderHerbAEZ14,1990,CO_AWB,0
India,FodderHerb,FodderHerbAEZ15,FodderHerbAEZ15,1990,CO_AWB,0
India,FodderHerb,FodderHerbAEZ16,FodderHerbAEZ16,1990,CO_AWB,0
India,MiscCrop,MiscCropAEZ01,MiscCropAEZ01,1990,CO_AWB,0.0083948469122025
India,MiscCrop,MiscCropAEZ02,MiscCropAEZ02,1990,CO_AWB,0.0644755827892694
India,MiscCrop,MiscCropAEZ03,MiscCropAEZ03,1990,CO_AWB,0.471877476334326
India,MiscCrop,MiscCropAEZ04,MiscCropAEZ04,1990,CO_AWB,0.360664241974272
India,MiscCrop,MiscCropAEZ05,MiscCropAEZ05,1990,CO_AWB,0.0876500324140004
India,MiscCrop,MiscCropAEZ06,MiscCropAEZ06,1990,CO_AWB,0.0161945197088356
India,MiscCrop,MiscCropAEZ07,MiscCropAEZ07,1990,CO_AWB,0.0129167463512729
India,MiscCrop,MiscCropAEZ08,MiscCropAEZ08,1990,CO_AWB,0.11073473596138
India,MiscCrop,MiscCropAEZ09,MiscCropAEZ09,1990,CO_AWB,0.195328027450191
India,MiscCrop,MiscCropAEZ10,MiscCropAEZ10,1990,CO_AWB,0.0160472849582148
India,MiscCrop,MiscCropAEZ11,MiscCropAEZ11,1990,CO_AWB,0.0102793400464813
India,MiscCrop,MiscCropAEZ12,MiscCropAEZ12,1990,CO_AWB,0.00542495552862103
India,MiscCrop,MiscCropAEZ13,MiscCropAEZ13,1990,CO_AWB,3.83529250846749e-05
India,MiscCrop,MiscCropAEZ14,MiscCropAEZ14,1990,CO_AWB,2.71855583630224e-05
India,MiscCrop,MiscCropAEZ15,MiscCropAEZ15,1990,CO_AWB,0.000451917739343201
India,MiscCrop,MiscCropAEZ16,MiscCropAEZ16,1990,CO_AWB,0.000123562259705616
India,OilCrop,OilCropAEZ01,OilCropAEZ01,1990,CO_AWB,0.0020333796247617
India,OilCrop,OilCropAEZ02,OilCropAEZ02,1990,CO_AWB,0.0402659783948738
India,OilCrop,OilCropAEZ03,OilCropAEZ03,1990,CO_AWB,0.102161235186649
India,OilCrop,OilCropAEZ04,OilCropAEZ04,1990,CO_AWB,0.0366358374482961
India,OilCrop,OilCropAEZ05,OilCropAEZ05,1990,CO_AWB,0.00387765293223424
India,OilCrop,OilCropAEZ06,OilCropAEZ06,1990,CO_AWB,0.00129033408813483
India,OilCrop,OilCropAEZ07,OilCropAEZ07,1990,CO_AWB,0.00703465570045501
India,OilCrop,OilCropAEZ08,OilCropAEZ08,1990,CO_AWB,0.0381304607142668
India,OilCrop,OilCropAEZ09,OilCropAEZ09,1990,CO_AWB,0.0346013994657855
India,OilCrop,OilCropAEZ10,OilCropAEZ10,1990,CO_AWB,0.000759430482517896
India,OilCrop,OilCropAEZ11,OilCropAEZ11,1990,CO_AWB,0.000311196376623804
India,OilCrop,OilCropAEZ12,OilCropAEZ12,1990,CO_AWB,0.000242154866186714
India,OilCrop,OilCropAEZ13,OilCropAEZ13,1990,CO_AWB,2.93988263594726e-06
India,OilCrop,OilCropAEZ14,OilCropAEZ14,1990,CO_AWB,1.4634082454493e-06
India,OilCrop,OilCropAEZ15,OilCropAEZ15,1990,CO_AWB,2.47472787221515e-05
India,OilCrop,OilCropAEZ16,OilCropAEZ16,1990,CO_AWB,2.60016286468224e-06
India,OtherGrain,OtherGrainAEZ01,OtherGrainAEZ01,1990,CO_AWB,0.0028628346648612
India,OtherGrain,OtherGrainAEZ02,OtherGrainAEZ02,1990,CO_AWB,0.0226935299366264
India,OtherGrain,OtherGrainAEZ03,OtherGrainAEZ03,1990,CO_AWB,0.165442048032143
India,OtherGrain,OtherGrainAEZ04,OtherGrainAEZ04,1990,CO_AWB,0.0404542714317455
India,OtherGrain,OtherGrainAEZ05,OtherGrainAEZ05,1990,CO_AWB,0.00346013790593868
India,OtherGrain,OtherGrainAEZ06,OtherGrainAEZ06,1990,CO_AWB,0.000700277835593036
India,OtherGrain,OtherGrainAEZ07,OtherGrainAEZ07,1990,CO_AWB,0.00952118387170304
India,OtherGrain,OtherGrainAEZ08,OtherGrainAEZ08,1990,CO_AWB,0.0699929828804061
India,OtherGrain,OtherGrainAEZ09,OtherGrainAEZ09,1990,CO_AWB,0.0213274135665716
India,OtherGrain,OtherGrainAEZ10,OtherGrainAEZ10,1990,CO_AWB,0.00216360482479052
India,OtherGrain,OtherGrainAEZ11,OtherGrainAEZ11,1990,CO_AWB,0.00306379684071696
India,OtherGrain,OtherGrainAEZ12,OtherGrainAEZ12,1990,CO_AWB,0.000188603056247294
India,OtherGrain,OtherGrainAEZ13,OtherGrainAEZ13,1990,CO_AWB,5.29418427672514e-06
India,OtherGrain,OtherGrainAEZ14,OtherGrainAEZ14,1990,CO_AWB,6.20666313670677e-05
India,OtherGrain,OtherGrainAEZ15,OtherGrainAEZ15,1990,CO_AWB,0.000108684363223555
India,OtherGrain,OtherGrainAEZ16,OtherGrainAEZ16,1990,CO_AWB,0.000186850374080596
India,PalmFruit,PalmFruitAEZ01,PalmFruitAEZ01,1990,CO_AWB,0
India,PalmFruit,PalmFruitAEZ02,PalmFruitAEZ02,1990,CO_AWB,0.00324693487555994
India,PalmFruit,PalmFruitAEZ03,PalmFruitAEZ03,1990,CO_AWB,0.0226048193973818
India,PalmFruit,PalmFruitAEZ04,PalmFruitAEZ04,1990,CO_AWB,0.0331248915487146
India,PalmFruit,PalmFruitAEZ05,PalmFruitAEZ05,1990,CO_AWB,0.0470353728477013
India,PalmFruit,PalmFruitAEZ06,PalmFruitAEZ06,1990,CO_AWB,0.000543039135390209
India,PalmFruit,PalmFruitAEZ07,PalmFruitAEZ07,1990,CO_AWB,0
India,PalmFruit,PalmFruitAEZ08,PalmFruitAEZ08,1990,CO_AWB,0
India,PalmFruit,PalmFruitAEZ09,PalmFruitAEZ09,1990,CO_AWB,4.63038286851675e-06
India,PalmFruit,PalmFruitAEZ10,PalmFruitAEZ10,1990,CO_AWB,0
India,PalmFruit,PalmFruitAEZ11,PalmFruitAEZ11,1990,CO_AWB,9.998697800021e-05
India,PalmFruit,PalmFruitAEZ12,PalmFruitAEZ12,1990,CO_AWB,5.12834618430371e-05
India,PalmFruit,PalmFruitAEZ13,PalmFruitAEZ13,1990,CO_AWB,0
India,PalmFruit,PalmFruitAEZ14,PalmFruitAEZ14,1990,CO_AWB,0
India,PalmFruit,PalmFruitAEZ15,PalmFruitAEZ15,1990,CO_AWB,0
India,PalmFruit,PalmFruitAEZ16,PalmFruitAEZ16,1990,CO_AWB,0
India,Rice,RiceAEZ01,RiceAEZ01,1990,CO_AWB,0.000928125961187076
India,Rice,RiceAEZ02,RiceAEZ02,1990,CO_AWB,0.0250022930953533
India,Rice,RiceAEZ03,RiceAEZ03,1990,CO_AWB,0.536778394800612
India,Rice,RiceAEZ04,RiceAEZ04,1990,CO_AWB,0.612595534955018
India,Rice,RiceAEZ05,RiceAEZ05,1990,CO_AWB,0.109832056616037
India,Rice,RiceAEZ06,RiceAEZ06,1990,CO_AWB,0.0467180734220863
India,Rice,RiceAEZ07,RiceAEZ07,1990,CO_AWB,0.0120965832467947
India,Rice,RiceAEZ08,RiceAEZ08,1990,CO_AWB,0.137112277565281
India,Rice,RiceAEZ09,RiceAEZ09,1990,CO_AWB,0.0911849852158634
India,Rice,RiceAEZ10,RiceAEZ10,1990,CO_AWB,0.0159406250283111
India,Rice,RiceAEZ11,RiceAEZ11,1990,CO_AWB,0.0128942685508436
India,Rice,RiceAEZ12,RiceAEZ12,1990,CO_AWB,0.00919398272984047
India,Rice,RiceAEZ13,RiceAEZ13,1990,CO_AWB,1.84195030023046e-05
India,Rice,RiceAEZ14,RiceAEZ14,1990,CO_AWB,7.17546904105845e-05
India,Rice,RiceAEZ15,RiceAEZ15,1990,CO_AWB,0.000521047547445379
India,Rice,RiceAEZ16,RiceAEZ16,1990,CO_AWB,0.000115312993025807
India,Root_Tuber,Root_TuberAEZ01,Root_TuberAEZ01,1990,CO_AWB,0.00047173345497707
India,Root_Tuber,Root_TuberAEZ02,Root_TuberAEZ02,1990,CO_AWB,0.0064824749709415
India,Root_Tuber,Root_TuberAEZ03,Root_TuberAEZ03,1990,CO_AWB,0.093158445379162
India,Root_Tuber,Root_TuberAEZ04,Root_TuberAEZ04,1990,CO_AWB,0.0998548406463417
India,Root_Tuber,Root_TuberAEZ05,Root_TuberAEZ05,1990,CO_AWB,0.0546496755974371
India,Root_Tuber,Root_TuberAEZ06,Root_TuberAEZ06,1990,CO_AWB,0.00395792460583818
India,Root_Tuber,Root_TuberAEZ07,Root_TuberAEZ07,1990,CO_AWB,0.00307589020747566
India,Root_Tuber,Root_TuberAEZ08,Root_TuberAEZ08,1990,CO_AWB,0.0230041245782356
India,Root_Tuber,Root_TuberAEZ09,Root_TuberAEZ09,1990,CO_AWB,0.0273445206967011
India,Root_Tuber,Root_TuberAEZ10,Root_TuberAEZ10,1990,CO_AWB,0.00260531585649085
India,Root_Tuber,Root_TuberAEZ11,Root_TuberAEZ11,1990,CO_AWB,0.00525958745424119
India,Root_Tuber,Root_TuberAEZ12,Root_TuberAEZ12,1990,CO_AWB,0.00177533178834833
India,Root_Tuber,Root_TuberAEZ13,Root_TuberAEZ13,1990,CO_AWB,3.25642612174712e-05
India,Root_Tuber,Root_TuberAEZ14,Root_TuberAEZ14,1990,CO_AWB,1.58666027624415e-05
India,Root_Tuber,Root_TuberAEZ15,Root_TuberAEZ15,1990,CO_AWB,5.10661853208831e-05
India,Root_Tuber,Root_TuberAEZ16,Root_TuberAEZ16,1990,CO_AWB,8.15418723635602e-05
India,SugarCrop,SugarCropAEZ01,SugarCropAEZ01,1990,CO_AWB,0.00462080169436166
India,SugarCrop,SugarCropAEZ02,SugarCropAEZ02,1990,CO_AWB,0.0256435871833341
India,SugarCrop,SugarCropAEZ03,SugarCropAEZ03,1990,CO_AWB,1.78945665861752
India,SugarCrop,SugarCropAEZ04,SugarCropAEZ04,1990,CO_AWB,0.625487065615736
India,SugarCrop,SugarCropAEZ05,SugarCropAEZ05,1990,CO_AWB,0.0255468707595358
India,SugarCrop,SugarCropAEZ06,SugarCropAEZ06,1990,CO_AWB,0.0100728953584341
India,SugarCrop,SugarCropAEZ07,SugarCropAEZ07,1990,CO_AWB,0.00506344243490087
India,SugarCrop,SugarCropAEZ08,SugarCropAEZ08,1990,CO_AWB,0.217189720543617
India,SugarCrop,SugarCropAEZ09,SugarCropAEZ09,1990,CO_AWB,0.532330172476476
India,SugarCrop,SugarCropAEZ10,SugarCropAEZ10,1990,CO_AWB,0.0368135214851773
India,SugarCrop,SugarCropAEZ11,SugarCropAEZ11,1990,CO_AWB,0.0129680700290805
India,SugarCrop,SugarCropAEZ12,SugarCropAEZ12,1990,CO_AWB,0.00103013864789415
India,SugarCrop,SugarCropAEZ13,SugarCropAEZ13,1990,CO_AWB,4.25208892794245e-05
India,SugarCrop,SugarCropAEZ14,SugarCropAEZ14,1990,CO_AWB,4.40660629140738e-06
India,SugarCrop,SugarCropAEZ15,SugarCropAEZ15,1990,CO_AWB,0
India,SugarCrop,SugarCropAEZ16,SugarCropAEZ16,1990,CO_AWB,0
India,Wheat,WheatAEZ01,WheatAEZ01,1990,CO_AWB,0.00169110025275842
India,Wheat,WheatAEZ02,WheatAEZ02,1990,CO_AWB,0.0187534644439308
India,Wheat,WheatAEZ03,WheatAEZ03,1990,CO_AWB,0.253107769576922
India,Wheat,WheatAEZ04,WheatAEZ04,1990,CO_AWB,0.0471710623840852
India,Wheat,WheatAEZ05,WheatAEZ05,1990,CO_AWB,0.00299392587896992
India,Wheat,WheatAEZ06,WheatAEZ06,1990,CO_AWB,0.000292396296121259
India,Wheat,WheatAEZ07,WheatAEZ07,1990,CO_AWB,0.0310833633838762
India,Wheat,WheatAEZ08,WheatAEZ08,1990,CO_AWB,0.249320575525108
India,Wheat,WheatAEZ09,WheatAEZ09,1990,CO_AWB,0.142742821304686
India,Wheat,WheatAEZ10,WheatAEZ10,1990,CO_AWB,0.0118615843874433
India,Wheat,WheatAEZ11,WheatAEZ11,1990,CO_AWB,0.00525642619527649
India,Wheat,WheatAEZ12,WheatAEZ12,1990,CO_AWB,0.000816346369611802
India,Wheat,WheatAEZ13,WheatAEZ13,1990,CO_AWB,1.53383587563052e-05
India,Wheat,WheatAEZ14,WheatAEZ14,1990,CO_AWB,5.48093585041043e-05
India,Wheat,WheatAEZ15,WheatAEZ15,1990,CO_AWB,0.00010756418135623
India,Wheat,WheatAEZ16,WheatAEZ16,1990,CO_AWB,0.000146241630296651
India,Corn,CornAEZ01,CornAEZ01,1990,N2O_AWB,4.22457276047887e-09
India,Corn,CornAEZ02,CornAEZ02,1990,N2O_AWB,4.47652550947507e-06
India,Corn,CornAEZ03,CornAEZ03,1990,N2O_AWB,2.54337899118528e-05
India,Corn,CornAEZ04,CornAEZ04,1990,N2O_AWB,1.25441625766742e-05
India,Corn,CornAEZ05,CornAEZ05,1990,N2O_AWB,1.29532591598428e-06
India,Corn,CornAEZ06,CornAEZ06,1990,N2O_AWB,2.07517691131e-07
India,Corn,CornAEZ07,CornAEZ07,1990,N2O_AWB,4.75296537170596e-08
India,Corn,CornAEZ08,CornAEZ08,1990,N2O_AWB,3.54961700795059e-06
India,Corn,CornAEZ09,CornAEZ09,1990,N2O_AWB,9.5810356858923e-06
India,Corn,CornAEZ10,CornAEZ10,1990,N2O_AWB,1.15864236824509e-05
India,Corn,CornAEZ11,CornAEZ11,1990,N2O_AWB,4.69111839693134e-06
India,Corn,CornAEZ12,CornAEZ12,1990,N2O_AWB,1.44604300648921e-06
India,Corn,CornAEZ13,CornAEZ13,1990,N2O_AWB,8.05750579696202e-09
India,Corn,CornAEZ14,CornAEZ14,1990,N2O_AWB,4.66308084488726e-08
India,Corn,CornAEZ15,CornAEZ15,1990,N2O_AWB,1.0616454072257e-06
India,Corn,CornAEZ16,CornAEZ16,1990,N2O_AWB,1.33414319092327e-08
India,FiberCrop,FiberCropAEZ01,FiberCropAEZ01,1990,N2O_AWB,1.27674746009362e-06
India,FiberCrop,FiberCropAEZ02,FiberCropAEZ02,1990,N2O_AWB,1.93489775522181e-05
India,FiberCrop,FiberCropAEZ03,FiberCropAEZ03,1990,N2O_AWB,1.32154548789479e-05
India,FiberCrop,FiberCropAEZ04,FiberCropAEZ04,1990,N2O_AWB,1.28797447524831e-05
India,FiberCrop,FiberCropAEZ05,FiberCropAEZ05,1990,N2O_AWB,3.78858578942189e-06
India,FiberCrop,FiberCropAEZ06,FiberCropAEZ06,1990,N2O_AWB,4.19628488679437e-07
India,FiberCrop,FiberCropAEZ07,FiberCropAEZ07,1990,N2O_AWB,1.14767896506147e-06
India,FiberCrop,FiberCropAEZ08,FiberCropAEZ08,1990,N2O_AWB,4.01515253023958e-06
India,FiberCrop,FiberCropAEZ09,FiberCropAEZ09,1990,N2O_AWB,3.42871429009488e-06
India,FiberCrop,FiberCropAEZ10,FiberCropAEZ10,1990,N2O_AWB,7.45564033181649e-08
India,FiberCrop,FiberCropAEZ11,FiberCropAEZ11,1990,N2O_AWB,1.01945405496416e-07
India,FiberCrop,FiberCropAEZ12,FiberCropAEZ12,1990,N2O_AWB,9.35829113596353e-08
India,FiberCrop,FiberCropAEZ13,FiberCropAEZ13,1990,N2O_AWB,0
India,FiberCrop,FiberCropAEZ14,FiberCropAEZ14,1990,N2O_AWB,0
India,FiberCrop,FiberCropAEZ15,FiberCropAEZ15,1990,N2O_AWB,0
India,FiberCrop,FiberCropAEZ16,FiberCropAEZ16,1990,N2O_AWB,0
India,FodderGrass,FodderGrassAEZ01,FodderGrassAEZ01,1990,N2O_AWB,9.69830893054921e-06
India,FodderGrass,FodderGrassAEZ02,FodderGrassAEZ02,1990,N2O_AWB,4.7802221501435e-05
India,FodderGrass,FodderGrassAEZ03,FodderGrassAEZ03,1990,N2O_AWB,0.000284897521890628
India,FodderGrass,FodderGrassAEZ04,FodderGrassAEZ04,1990,N2O_AWB,0.000119106560184274
India,FodderGrass,FodderGrassAEZ05,FodderGrassAEZ05,1990,N2O_AWB,2.34153554563882e-05
India,FodderGrass,FodderGrassAEZ06,FodderGrassAEZ06,1990,N2O_AWB,6.08204320598265e-06
India,FodderGrass,FodderGrassAEZ07,FodderGrassAEZ07,1990,N2O_AWB,2.39222119712413e-05
India,FodderGrass,FodderGrassAEZ08,FodderGrassAEZ08,1990,N2O_AWB,6.55113255910796e-05
India,FodderGrass,FodderGrassAEZ09,FodderGrassAEZ09,1990,N2O_AWB,5.06612428522923e-05
India,FodderGrass,FodderGrassAEZ10,FodderGrassAEZ10,1990,N2O_AWB,5.21757315997107e-06
India,FodderGrass,FodderGrassAEZ11,FodderGrassAEZ11,1990,N2O_AWB,3.44720674737847e-06
India,FodderGrass,FodderGrassAEZ12,FodderGrassAEZ12,1990,N2O_AWB,2.15942350367451e-06
India,FodderGrass,FodderGrassAEZ13,FodderGrassAEZ13,1990,N2O_AWB,3.60789216784782e-08
India,FodderGrass,FodderGrassAEZ14,FodderGrassAEZ14,1990,N2O_AWB,4.08210890038909e-08
India,FodderGrass,FodderGrassAEZ15,FodderGrassAEZ15,1990,N2O_AWB,2.80471427849863e-07
India,FodderGrass,FodderGrassAEZ16,FodderGrassAEZ16,1990,N2O_AWB,1.0816556132184e-07
India,FodderHerb,FodderHerbAEZ01,FodderHerbAEZ01,1990,N2O_AWB,0
India,FodderHerb,FodderHerbAEZ02,FodderHerbAEZ02,1990,N2O_AWB,0
India,FodderHerb,FodderHerbAEZ03,FodderHerbAEZ03,1990,N2O_AWB,0
India,FodderHerb,FodderHerbAEZ04,FodderHerbAEZ04,1990,N2O_AWB,0
India,FodderHerb,FodderHerbAEZ05,FodderHerbAEZ05,1990,N2O_AWB,0
India,FodderHerb,FodderHerbAEZ06,FodderHerbAEZ06,1990,N2O_AWB,0
India,FodderHerb,FodderHerbAEZ07,FodderHerbAEZ07,1990,N2O_AWB,0
India,FodderHerb,FodderHerbAEZ08,FodderHerbAEZ08,1990,N2O_AWB,0
India,FodderHerb,FodderHerbAEZ09,FodderHerbAEZ09,1990,N2O_AWB,0
India,FodderHerb,FodderHerbAEZ10,FodderHerbAEZ10,1990,N2O_AWB,0
India,FodderHerb,FodderHerbAEZ11,FodderHerbAEZ11,1990,N2O_AWB,0
India,FodderHerb,FodderHerbAEZ12,FodderHerbAEZ12,1990,N2O_AWB,0
India,FodderHerb,FodderHerbAEZ13,FodderHerbAEZ13,1990,N2O_AWB,0
India,FodderHerb,FodderHerbAEZ14,FodderHerbAEZ14,1990,N2O_AWB,0
India,FodderHerb,FodderHerbAEZ15,FodderHerbAEZ15,1990,N2O_AWB,0
India,FodderHerb,FodderHerbAEZ16,FodderHerbAEZ16,1990,N2O_AWB,0
India,MiscCrop,MiscCropAEZ01,MiscCropAEZ01,1990,N2O_AWB,4.8442102798363e-06
India,MiscCrop,MiscCropAEZ02,MiscCropAEZ02,1990,N2O_AWB,3.72053575500248e-05
India,MiscCrop,MiscCropAEZ03,MiscCropAEZ03,1990,N2O_AWB,0.000272294866790158
India,MiscCrop,MiscCropAEZ04,MiscCropAEZ04,1990,N2O_AWB,0.000208119748556886
India,MiscCrop,MiscCropAEZ05,MiscCropAEZ05,1990,N2O_AWB,5.05780739647207e-05
India,MiscCrop,MiscCropAEZ06,MiscCropAEZ06,1990,N2O_AWB,9.34497789787218e-06
India,MiscCrop,MiscCropAEZ07,MiscCropAEZ07,1990,N2O_AWB,7.45355288920426e-06
India,MiscCrop,MiscCropAEZ08,MiscCropAEZ08,1990,N2O_AWB,6.38990027917419e-05
India,MiscCrop,MiscCropAEZ09,MiscCropAEZ09,1990,N2O_AWB,0.000112713197561587
India,MiscCrop,MiscCropAEZ10,MiscCropAEZ10,1990,N2O_AWB,9.26001671871483e-06
India,MiscCrop,MiscCropAEZ11,MiscCropAEZ11,1990,N2O_AWB,5.93164893224159e-06
India,MiscCrop,MiscCropAEZ12,MiscCropAEZ12,1990,N2O_AWB,3.13044723915114e-06
India,MiscCrop,MiscCropAEZ13,MiscCropAEZ13,1990,N2O_AWB,2.21313903517306e-08
India,MiscCrop,MiscCropAEZ14,MiscCropAEZ14,1990,N2O_AWB,1.56873094485879e-08
India,MiscCrop,MiscCropAEZ15,MiscCropAEZ15,1990,N2O_AWB,2.6077718646478e-07
India,MiscCrop,MiscCropAEZ16,MiscCropAEZ16,1990,N2O_AWB,7.13010701595639e-08
India,OilCrop,OilCropAEZ01,OilCropAEZ01,1990,N2O_AWB,1.17335296094113e-06
India,OilCrop,OilCropAEZ02,OilCropAEZ02,1990,N2O_AWB,2.32353095307295e-05
India,OilCrop,OilCropAEZ03,OilCropAEZ03,1990,N2O_AWB,5.89517010694476e-05
India,OilCrop,OilCropAEZ04,OilCropAEZ04,1990,N2O_AWB,2.11405523213866e-05
India,OilCrop,OilCropAEZ05,OilCropAEZ05,1990,N2O_AWB,2.23758293539128e-06
India,OilCrop,OilCropAEZ06,OilCropAEZ06,1990,N2O_AWB,7.44581732048047e-07
India,OilCrop,OilCropAEZ07,OilCropAEZ07,1990,N2O_AWB,4.05931779526787e-06
India,OilCrop,OilCropAEZ08,OilCropAEZ08,1990,N2O_AWB,2.20030182442581e-05
India,OilCrop,OilCropAEZ09,OilCropAEZ09,1990,N2O_AWB,1.99665886396616e-05
India,OilCrop,OilCropAEZ10,OilCropAEZ10,1990,N2O_AWB,4.38226091399806e-07
India,OilCrop,OilCropAEZ11,OilCropAEZ11,1990,N2O_AWB,1.79574529762726e-07
India,OilCrop,OilCropAEZ12,OilCropAEZ12,1990,N2O_AWB,1.39734423314969e-07
India,OilCrop,OilCropAEZ13,OilCropAEZ13,1990,N2O_AWB,1.69644662201845e-09
India,OilCrop,OilCropAEZ14,OilCropAEZ14,1990,N2O_AWB,8.44453429626963e-10
India,OilCrop,OilCropAEZ15,OilCropAEZ15,1990,N2O_AWB,1.42803106760131e-08
India,OilCrop,OilCropAEZ16,OilCropAEZ16,1990,N2O_AWB,1.50041279014076e-09
India,OtherGrain,OtherGrainAEZ01,OtherGrainAEZ01,1990,N2O_AWB,1.65198642191247e-06
India,OtherGrain,OtherGrainAEZ02,OtherGrainAEZ02,1990,N2O_AWB,1.30952037785209e-05
India,OtherGrain,OtherGrainAEZ03,OtherGrainAEZ03,1990,N2O_AWB,9.54676217656255e-05
India,OtherGrain,OtherGrainAEZ04,OtherGrainAEZ04,1990,N2O_AWB,2.33439632172559e-05
India,OtherGrain,OtherGrainAEZ05,OtherGrainAEZ05,1990,N2O_AWB,1.9966576864237e-06
India,OtherGrain,OtherGrainAEZ06,OtherGrainAEZ06,1990,N2O_AWB,4.04092311080785e-07
India,OtherGrain,OtherGrainAEZ07,OtherGrainAEZ07,1990,N2O_AWB,5.49415817463842e-06
India,OtherGrain,OtherGrainAEZ08,OtherGrainAEZ08,1990,N2O_AWB,4.03891495261004e-05
India,OtherGrain,OtherGrainAEZ09,OtherGrainAEZ09,1990,N2O_AWB,1.23068922068527e-05
India,OtherGrain,OtherGrainAEZ10,OtherGrainAEZ10,1990,N2O_AWB,1.24849885213736e-06
India,OtherGrain,OtherGrainAEZ11,OtherGrainAEZ11,1990,N2O_AWB,1.7679507805625e-06
India,OtherGrain,OtherGrainAEZ12,OtherGrainAEZ12,1990,N2O_AWB,1.08832581872774e-07
India,OtherGrain,OtherGrainAEZ13,OtherGrainAEZ13,1990,N2O_AWB,3.05498625107518e-09
India,OtherGrain,OtherGrainAEZ14,OtherGrainAEZ14,1990,N2O_AWB,3.58152824998063e-08
India,OtherGrain,OtherGrainAEZ15,OtherGrainAEZ15,1990,N2O_AWB,6.27158440280451e-08
India,OtherGrain,OtherGrainAEZ16,OtherGrainAEZ16,1990,N2O_AWB,1.07821204171906e-07
India,PalmFruit,PalmFruitAEZ01,PalmFruitAEZ01,1990,N2O_AWB,0
India,PalmFruit,PalmFruitAEZ02,PalmFruitAEZ02,1990,N2O_AWB,1.87362979535499e-06
India,PalmFruit,PalmFruitAEZ03,PalmFruitAEZ03,1990,N2O_AWB,1.30440137436539e-05
India,PalmFruit,PalmFruitAEZ04,PalmFruitAEZ04,1990,N2O_AWB,1.91145761009054e-05
India,PalmFruit,PalmFruitAEZ05,PalmFruitAEZ05,1990,N2O_AWB,2.71415594647203e-05
India,PalmFruit,PalmFruitAEZ06,PalmFruitAEZ06,1990,N2O_AWB,3.13358395873415e-07
India,PalmFruit,PalmFruitAEZ07,PalmFruitAEZ07,1990,N2O_AWB,0
India,PalmFruit,PalmFruitAEZ08,PalmFruitAEZ08,1990,N2O_AWB,0
India,PalmFruit,PalmFruitAEZ09,PalmFruitAEZ09,1990,N2O_AWB,2.67194250542465e-09
India,PalmFruit,PalmFruitAEZ10,PalmFruitAEZ10,1990,N2O_AWB,0
India,PalmFruit,PalmFruitAEZ11,PalmFruitAEZ11,1990,N2O_AWB,5.76970553178683e-08
India,PalmFruit,PalmFruitAEZ12,PalmFruitAEZ12,1990,N2O_AWB,2.95929009359927e-08
India,PalmFruit,PalmFruitAEZ13,PalmFruitAEZ13,1990,N2O_AWB,0
India,PalmFruit,PalmFruitAEZ14,PalmFruitAEZ14,1990,N2O_AWB,0
India,PalmFruit,PalmFruitAEZ15,PalmFruitAEZ15,1990,N2O_AWB,0
India,PalmFruit,PalmFruitAEZ16,PalmFruitAEZ16,1990,N2O_AWB,0
India,Rice,RiceAEZ01,RiceAEZ01,1990,N2O_AWB,5.3557109131199e-07
India,Rice,RiceAEZ02,RiceAEZ02,1990,N2O_AWB,1.44274656225046e-05
India,Rice,RiceAEZ03,RiceAEZ03,1990,N2O_AWB,0.00030974566246199
India,Rice,RiceAEZ04,RiceAEZ04,1990,N2O_AWB,0.000353495616876275
India,Rice,RiceAEZ05,RiceAEZ05,1990,N2O_AWB,6.33781155605826e-05
India,Rice,RiceAEZ06,RiceAEZ06,1990,N2O_AWB,2.69584631968043e-05
India,Rice,RiceAEZ07,RiceAEZ07,1990,N2O_AWB,6.9802812996913e-06
India,Rice,RiceAEZ08,RiceAEZ08,1990,N2O_AWB,7.91200496471279e-05
India,Rice,RiceAEZ09,RiceAEZ09,1990,N2O_AWB,5.26179032648394e-05
India,Rice,RiceAEZ10,RiceAEZ10,1990,N2O_AWB,9.19846906522096e-06
India,Rice,RiceAEZ11,RiceAEZ11,1990,N2O_AWB,7.44058217120942e-06
India,Rice,RiceAEZ12,RiceAEZ12,1990,N2O_AWB,5.30534816397808e-06
India,Rice,RiceAEZ13,RiceAEZ13,1990,N2O_AWB,1.06288949311917e-08
India,Rice,RiceAEZ14,RiceAEZ14,1990,N2O_AWB,4.14057352741205e-08
India,Rice,RiceAEZ15,RiceAEZ15,1990,N2O_AWB,3.0066824470015e-07
India,Rice,RiceAEZ16,RiceAEZ16,1990,N2O_AWB,6.65408663262627e-08
India,Root_Tuber,Root_TuberAEZ01,Root_TuberAEZ01,1990,N2O_AWB,2.72211759885812e-07
India,Root_Tuber,Root_TuberAEZ02,Root_TuberAEZ02,1990,N2O_AWB,3.74068428185041e-06
India,Root_Tuber,Root_TuberAEZ03,Root_TuberAEZ03,1990,N2O_AWB,5.37566799584325e-05
India,Root_Tuber,Root_TuberAEZ04,Root_TuberAEZ04,1990,N2O_AWB,5.76208060265287e-05
India,Root_Tuber,Root_TuberAEZ05,Root_TuberAEZ05,1990,N2O_AWB,3.15353600950142e-05
India,Root_Tuber,Root_TuberAEZ06,Root_TuberAEZ06,1990,N2O_AWB,2.28390335916061e-06
India,Root_Tuber,Root_TuberAEZ07,Root_TuberAEZ07,1990,N2O_AWB,1.77492920580157e-06
India,Root_Tuber,Root_TuberAEZ08,Root_TuberAEZ08,1990,N2O_AWB,1.32744310796833e-05
India,Root_Tuber,Root_TuberAEZ09,Root_TuberAEZ09,1990,N2O_AWB,1.57790379790741e-05
India,Root_Tuber,Root_TuberAEZ10,Root_TuberAEZ10,1990,N2O_AWB,1.5033863018858e-06
India,Root_Tuber,Root_TuberAEZ11,Root_TuberAEZ11,1990,N2O_AWB,3.03502230356319e-06
India,Root_Tuber,Root_TuberAEZ12,Root_TuberAEZ12,1990,N2O_AWB,1.02444756755913e-06
India,Root_Tuber,Root_TuberAEZ13,Root_TuberAEZ13,1990,N2O_AWB,1.87910667811763e-08
India,Root_Tuber,Root_TuberAEZ14,Root_TuberAEZ14,1990,N2O_AWB,9.1557548352877e-09
India,Root_Tuber,Root_TuberAEZ15,Root_TuberAEZ15,1990,N2O_AWB,2.94675224540271e-08
India,Root_Tuber,Root_TuberAEZ16,Root_TuberAEZ16,1990,N2O_AWB,4.70533864967196e-08
India,SugarCrop,SugarCropAEZ01,SugarCropAEZ01,1990,N2O_AWB,2.66641373011517e-06
India,SugarCrop,SugarCropAEZ02,SugarCropAEZ02,1990,N2O_AWB,1.47975216158878e-05
India,SugarCrop,SugarCropAEZ03,SugarCropAEZ03,1990,N2O_AWB,0.00103259826315548
India,SugarCrop,SugarCropAEZ04,SugarCropAEZ04,1990,N2O_AWB,0.000360934619159771
India,SugarCrop,SugarCropAEZ05,SugarCropAEZ05,1990,N2O_AWB,1.47417118197959e-05
India,SugarCrop,SugarCropAEZ06,SugarCropAEZ06,1990,N2O_AWB,5.81252091352783e-06
India,SugarCrop,SugarCropAEZ07,SugarCropAEZ07,1990,N2O_AWB,2.92183766434768e-06
India,SugarCrop,SugarCropAEZ08,SugarCropAEZ08,1990,N2O_AWB,0.000125328393469909
India,SugarCrop,SugarCropAEZ09,SugarCropAEZ09,1990,N2O_AWB,0.000307178834914693
India,SugarCrop,SugarCropAEZ10,SugarCropAEZ10,1990,N2O_AWB,2.12430841301289e-05
India,SugarCrop,SugarCropAEZ11,SugarCropAEZ11,1990,N2O_AWB,7.4831689965895e-06
India,SugarCrop,SugarCropAEZ12,SugarCropAEZ12,1990,N2O_AWB,5.94437073120641e-07
India,SugarCrop,SugarCropAEZ13,SugarCropAEZ13,1990,N2O_AWB,2.45364961516764e-08
India,SugarCrop,SugarCropAEZ14,SugarCropAEZ14,1990,N2O_AWB,2.54281319472285e-09
India,SugarCrop,SugarCropAEZ15,SugarCropAEZ15,1990,N2O_AWB,0
India,SugarCrop,SugarCropAEZ16,SugarCropAEZ16,1990,N2O_AWB,0
India,Wheat,WheatAEZ01,WheatAEZ01,1990,N2O_AWB,9.75842122473775e-07
India,Wheat,WheatAEZ02,WheatAEZ02,1990,N2O_AWB,1.08216059437348e-05
India,Wheat,WheatAEZ03,WheatAEZ03,1990,N2O_AWB,0.000146054749075737
India,Wheat,WheatAEZ04,WheatAEZ04,1990,N2O_AWB,2.72198585276921e-05
India,Wheat,WheatAEZ05,WheatAEZ05,1990,N2O_AWB,1.72763204280624e-06
India,Wheat,WheatAEZ06,WheatAEZ06,1990,N2O_AWB,1.68726024223e-07
India,Wheat,WheatAEZ07,WheatAEZ07,1990,N2O_AWB,1.79365210599838e-05
India,Wheat,WheatAEZ08,WheatAEZ08,1990,N2O_AWB,0.000143869365047963
India,Wheat,WheatAEZ09,WheatAEZ09,1990,N2O_AWB,8.23691306784742e-05
India,Wheat,WheatAEZ10,WheatAEZ10,1990,N2O_AWB,6.8446762193217e-06
India,Wheat,WheatAEZ11,WheatAEZ11,1990,N2O_AWB,3.03319811268346e-06
India,Wheat,WheatAEZ12,WheatAEZ12,1990,N2O_AWB,4.71069159085238e-07
India,Wheat,WheatAEZ13,WheatAEZ13,1990,N2O_AWB,8.85093390507306e-09
India,Wheat,WheatAEZ14,WheatAEZ14,1990,N2O_AWB,3.16275044290421e-08
India,Wheat,WheatAEZ15,WheatAEZ15,1990,N2O_AWB,6.20694479026915e-08
India,Wheat,WheatAEZ16,WheatAEZ16,1990,N2O_AWB,8.43881033486519e-08
India,Corn,CornAEZ01,CornAEZ01,1990,NH3_AWB,7.85786093569735e-08
India,Corn,CornAEZ02,CornAEZ02,1990,NH3_AWB,8.32650232885786e-05
India,Corn,CornAEZ03,CornAEZ03,1990,NH3_AWB,0.000473077860238883
India,Corn,CornAEZ04,CornAEZ04,1990,NH3_AWB,0.000233326044243848
India,Corn,CornAEZ05,CornAEZ05,1990,NH3_AWB,2.40935391370925e-05
India,Corn,CornAEZ06,CornAEZ06,1990,NH3_AWB,3.85990548880866e-06
India,Corn,CornAEZ07,CornAEZ07,1990,NH3_AWB,8.84069065455436e-07
India,Corn,CornAEZ08,CornAEZ08,1990,NH3_AWB,6.60241837574602e-05
India,Corn,CornAEZ09,CornAEZ09,1990,NH3_AWB,0.000178210792684185
India,Corn,CornAEZ10,CornAEZ10,1990,NH3_AWB,0.000215511748052954
India,Corn,CornAEZ11,CornAEZ11,1990,NH3_AWB,8.72565300350029e-05
India,Corn,CornAEZ12,CornAEZ12,1990,NH3_AWB,2.68969325332247e-05
India,Corn,CornAEZ13,CornAEZ13,1990,NH3_AWB,1.49872575597268e-07
India,Corn,CornAEZ14,CornAEZ14,1990,NH3_AWB,8.67350212400762e-07
India,Corn,CornAEZ15,CornAEZ15,1990,NH3_AWB,1.97469956040139e-05
India,Corn,CornAEZ16,CornAEZ16,1990,NH3_AWB,2.48155547482966e-07
India,FiberCrop,FiberCropAEZ01,FiberCropAEZ01,1990,NH3_AWB,2.37479730146328e-05
India,FiberCrop,FiberCropAEZ02,FiberCropAEZ02,1990,NH3_AWB,0.000359898109166488
India,FiberCrop,FiberCropAEZ03,FiberCropAEZ03,1990,NH3_AWB,0.000245812328319289
India,FiberCrop,FiberCropAEZ04,FiberCropAEZ04,1990,NH3_AWB,0.000239567996316905
India,FiberCrop,FiberCropAEZ05,FiberCropAEZ05,1990,NH3_AWB,7.04690911107939e-05
India,FiberCrop,FiberCropAEZ06,FiberCropAEZ06,1990,NH3_AWB,7.80524444873355e-06
India,FiberCrop,FiberCropAEZ07,FiberCropAEZ07,1990,NH3_AWB,2.13472514679942e-05
India,FiberCrop,FiberCropAEZ08,FiberCropAEZ08,1990,NH3_AWB,7.46833159399995e-05
India,FiberCrop,FiberCropAEZ09,FiberCropAEZ09,1990,NH3_AWB,6.37753486739563e-05
India,FiberCrop,FiberCropAEZ10,FiberCropAEZ10,1990,NH3_AWB,1.3867765626399e-06
India,FiberCrop,FiberCropAEZ11,FiberCropAEZ11,1990,NH3_AWB,1.89622209118564e-06
India,FiberCrop,FiberCropAEZ12,FiberCropAEZ12,1990,NH3_AWB,1.74067662013318e-06
India,FiberCrop,FiberCropAEZ13,FiberCropAEZ13,1990,NH3_AWB,0
India,FiberCrop,FiberCropAEZ14,FiberCropAEZ14,1990,NH3_AWB,0
India,FiberCrop,FiberCropAEZ15,FiberCropAEZ15,1990,NH3_AWB,0
India,FiberCrop,FiberCropAEZ16,FiberCropAEZ16,1990,NH3_AWB,0
India,FodderGrass,FodderGrassAEZ01,FodderGrassAEZ01,1990,NH3_AWB,0.000180392118229368
India,FodderGrass,FodderGrassAEZ02,FodderGrassAEZ02,1990,NH3_AWB,0.000889138926638109
India,FodderGrass,FodderGrassAEZ03,FodderGrassAEZ03,1990,NH3_AWB,0.00529919884179621
India,FodderGrass,FodderGrassAEZ04,FodderGrassAEZ04,1990,NH3_AWB,0.00221542588924708
India,FodderGrass,FodderGrassAEZ05,FodderGrassAEZ05,1990,NH3_AWB,0.000435534235929135
India,FodderGrass,FodderGrassAEZ06,FodderGrassAEZ06,1990,NH3_AWB,0.000113128243794521
India,FodderGrass,FodderGrassAEZ07,FodderGrassAEZ07,1990,NH3_AWB,0.000444961953792887
India,FodderGrass,FodderGrassAEZ08,FodderGrassAEZ08,1990,NH3_AWB,0.00121853478539577
India,FodderGrass,FodderGrassAEZ09,FodderGrassAEZ09,1990,NH3_AWB,0.000942317776810594
India,FodderGrass,FodderGrassAEZ10,FodderGrassAEZ10,1990,NH3_AWB,9.70487825335318e-05
India,FodderGrass,FodderGrassAEZ11,FodderGrassAEZ11,1990,NH3_AWB,6.41193151906492e-05
India,FodderGrass,FodderGrassAEZ12,FodderGrassAEZ12,1990,NH3_AWB,4.01660725361189e-05
India,FodderGrass,FodderGrassAEZ13,FodderGrassAEZ13,1990,NH3_AWB,6.71081231956961e-07
India,FodderGrass,FodderGrassAEZ14,FodderGrassAEZ14,1990,NH3_AWB,7.59287290864269e-07
India,FodderGrass,FodderGrassAEZ15,FodderGrassAEZ15,1990,NH3_AWB,5.21687186240076e-06
India,FodderGrass,FodderGrassAEZ16,FodderGrassAEZ16,1990,NH3_AWB,2.01191928057197e-06
India,FodderHerb,FodderHerbAEZ01,FodderHerbAEZ01,1990,NH3_AWB,0
India,FodderHerb,FodderHerbAEZ02,FodderHerbAEZ02,1990,NH3_AWB,0
India,FodderHerb,FodderHerbAEZ03,FodderHerbAEZ03,1990,NH3_AWB,0
India,FodderHerb,FodderHerbAEZ04,FodderHerbAEZ04,1990,NH3_AWB,0
India,FodderHerb,FodderHerbAEZ05,FodderHerbAEZ05,1990,NH3_AWB,0
India,FodderHerb,FodderHerbAEZ06,FodderHerbAEZ06,1990,NH3_AWB,0
India,FodderHerb,FodderHerbAEZ07,FodderHerbAEZ07,1990,NH3_AWB,0
India,FodderHerb,FodderHerbAEZ08,FodderHerbAEZ08,1990,NH3_AWB,0
India,FodderHerb,FodderHerbAEZ09,FodderHerbAEZ09,1990,NH3_AWB,0
India,FodderHerb,FodderHerbAEZ10,FodderHerbAEZ10,1990,NH3_AWB,0
India,FodderHerb,FodderHerbAEZ11,FodderHerbAEZ11,1990,NH3_AWB,0
India,FodderHerb,FodderHerbAEZ12,FodderHerbAEZ12,1990,NH3_AWB,0
India,FodderHerb,FodderHerbAEZ13,FodderHerbAEZ13,1990,NH3_AWB,0
India,FodderHerb,FodderHerbAEZ14,FodderHerbAEZ14,1990,NH3_AWB,0
India,FodderHerb,FodderHerbAEZ15,FodderHerbAEZ15,1990,NH3_AWB,0
India,FodderHerb,FodderHerbAEZ16,FodderHerbAEZ16,1990,NH3_AWB,0
India,MiscCrop,MiscCropAEZ01,MiscCropAEZ01,1990,NH3_AWB,9.01040954444689e-05
India,MiscCrop,MiscCropAEZ02,MiscCropAEZ02,1990,NH3_AWB,0.000692033354061234
India,MiscCrop,MiscCropAEZ03,MiscCropAEZ03,1990,NH3_AWB,0.00506478481506556
India,MiscCrop,MiscCropAEZ04,MiscCropAEZ04,1990,NH3_AWB,0.0038711039786824
India,MiscCrop,MiscCropAEZ05,MiscCropAEZ05,1990,NH3_AWB,0.000940770804868655
India,MiscCrop,MiscCropAEZ06,MiscCropAEZ06,1990,NH3_AWB,0.000173820030881232
India,MiscCrop,MiscCropAEZ07,MiscCropAEZ07,1990,NH3_AWB,0.000138638829062547
India,MiscCrop,MiscCropAEZ08,MiscCropAEZ08,1990,NH3_AWB,0.00118854498747071
India,MiscCrop,MiscCropAEZ09,MiscCropAEZ09,1990,NH3_AWB,0.00209650698963542
India,MiscCrop,MiscCropAEZ10,MiscCropAEZ10,1990,NH3_AWB,0.000172239721655653
India,MiscCrop,MiscCropAEZ11,MiscCropAEZ11,1990,NH3_AWB,0.000110330854909098
India,MiscCrop,MiscCropAEZ12,MiscCropAEZ12,1990,NH3_AWB,5.82274716674521e-05
India,MiscCrop,MiscCropAEZ13,MiscCropAEZ13,1990,NH3_AWB,4.1165201206718e-07
India,MiscCrop,MiscCropAEZ14,MiscCropAEZ14,1990,NH3_AWB,2.91789733758264e-07
India,MiscCrop,MiscCropAEZ15,MiscCropAEZ15,1990,NH3_AWB,4.850551718774e-06
India,MiscCrop,MiscCropAEZ16,MiscCropAEZ16,1990,NH3_AWB,1.32622616687218e-06
India,OilCrop,OilCropAEZ01,OilCropAEZ01,1990,NH3_AWB,2.1824797247708e-05
India,OilCrop,OilCropAEZ02,OilCropAEZ02,1990,NH3_AWB,0.000432185315396626
India,OilCrop,OilCropAEZ03,OilCropAEZ03,1990,NH3_AWB,0.00109652335322545
India,OilCrop,OilCropAEZ04,OilCropAEZ04,1990,NH3_AWB,0.000393222059753231
India,OilCrop,OilCropAEZ05,OilCropAEZ05,1990,NH3_AWB,4.16198667540551e-05
India,OilCrop,OilCropAEZ06,OilCropAEZ06,1990,NH3_AWB,1.38494944635088e-05
India,OilCrop,OilCropAEZ07,OilCropAEZ07,1990,NH3_AWB,7.55048061366584e-05
India,OilCrop,OilCropAEZ08,OilCropAEZ08,1990,NH3_AWB,0.000409264243585647
India,OilCrop,OilCropAEZ09,OilCropAEZ09,1990,NH3_AWB,0.000371385902874
India,OilCrop,OilCropAEZ10,OilCropAEZ10,1990,NH3_AWB,8.15116670927816e-06
India,OilCrop,OilCropAEZ11,OilCropAEZ11,1990,NH3_AWB,3.3401523952183e-06
India,OilCrop,OilCropAEZ12,OilCropAEZ12,1990,NH3_AWB,2.59911174121765e-06
India,OilCrop,OilCropAEZ13,OilCropAEZ13,1990,NH3_AWB,3.15545320117612e-08
India,OilCrop,OilCropAEZ14,OilCropAEZ14,1990,NH3_AWB,1.57071448236323e-08
India,OilCrop,OilCropAEZ15,OilCropAEZ15,1990,NH3_AWB,2.65619038356781e-07
India,OilCrop,OilCropAEZ16,OilCropAEZ16,1990,NH3_AWB,2.79082305348466e-08
India,OtherGrain,OtherGrainAEZ01,OtherGrainAEZ01,1990,NH3_AWB,3.07275559140257e-05
India,OtherGrain,OtherGrainAEZ02,OtherGrainAEZ02,1990,NH3_AWB,0.000243575613559965
India,OtherGrain,OtherGrainAEZ03,OtherGrainAEZ03,1990,NH3_AWB,0.00177573292786891
India,OtherGrain,OtherGrainAEZ04,OtherGrainAEZ04,1990,NH3_AWB,0.000434206313985792
India,OtherGrain,OtherGrainAEZ05,OtherGrainAEZ05,1990,NH3_AWB,3.71385683846766e-05
India,OtherGrain,OtherGrainAEZ06,OtherGrainAEZ06,1990,NH3_AWB,7.51626582304959e-06
India,OtherGrain,OtherGrainAEZ07,OtherGrainAEZ07,1990,NH3_AWB,0.000102193365679278
India,OtherGrain,OtherGrainAEZ08,OtherGrainAEZ08,1990,NH3_AWB,0.000751253057483636
India,OtherGrain,OtherGrainAEZ09,OtherGrainAEZ09,1990,NH3_AWB,0.000228912727972767
India,OtherGrain,OtherGrainAEZ10,OtherGrainAEZ10,1990,NH3_AWB,2.32225385020024e-05
India,OtherGrain,OtherGrainAEZ11,OtherGrainAEZ11,1990,NH3_AWB,3.28845356973871e-05
India,OtherGrain,OtherGrainAEZ12,OtherGrainAEZ12,1990,NH3_AWB,2.02432610849911e-06
India,OtherGrain,OtherGrainAEZ13,OtherGrainAEZ13,1990,NH3_AWB,5.6823869495137e-08
India,OtherGrain,OtherGrainAEZ14,OtherGrainAEZ14,1990,NH3_AWB,6.66177446128994e-07
India,OtherGrain,OtherGrainAEZ15,OtherGrainAEZ15,1990,NH3_AWB,1.16653779868003e-06
India,OtherGrain,OtherGrainAEZ16,OtherGrainAEZ16,1990,NH3_AWB,2.00551411074816e-06
India,PalmFruit,PalmFruitAEZ01,PalmFruitAEZ01,1990,NH3_AWB,0
India,PalmFruit,PalmFruitAEZ02,PalmFruitAEZ02,1990,NH3_AWB,3.48502042966582e-05
India,PalmFruit,PalmFruitAEZ03,PalmFruitAEZ03,1990,NH3_AWB,0.000242623460056914
India,PalmFruit,PalmFruitAEZ04,PalmFruitAEZ04,1990,NH3_AWB,0.000355538155836363
India,PalmFruit,PalmFruitAEZ05,PalmFruitAEZ05,1990,NH3_AWB,0.000504843002934945
India,PalmFruit,PalmFruitAEZ06,PalmFruitAEZ06,1990,NH3_AWB,5.82858158070256e-06
India,PalmFruit,PalmFruitAEZ07,PalmFruitAEZ07,1990,NH3_AWB,0
India,PalmFruit,PalmFruitAEZ08,PalmFruitAEZ08,1990,NH3_AWB,0
India,PalmFruit,PalmFruitAEZ09,PalmFruitAEZ09,1990,NH3_AWB,4.96991147417844e-08
India,PalmFruit,PalmFruitAEZ10,PalmFruitAEZ10,1990,NH3_AWB,0
India,PalmFruit,PalmFruitAEZ11,PalmFruitAEZ11,1990,NH3_AWB,1.07318648012978e-06
India,PalmFruit,PalmFruitAEZ12,PalmFruitAEZ12,1990,NH3_AWB,5.50438857188814e-07
India,PalmFruit,PalmFruitAEZ13,PalmFruitAEZ13,1990,NH3_AWB,0
India,PalmFruit,PalmFruitAEZ14,PalmFruitAEZ14,1990,NH3_AWB,0
India,PalmFruit,PalmFruitAEZ15,PalmFruitAEZ15,1990,NH3_AWB,0
India,PalmFruit,PalmFruitAEZ16,PalmFruitAEZ16,1990,NH3_AWB,0
India,Rice,RiceAEZ01,RiceAEZ01,1990,NH3_AWB,9.96181956215671e-06
India,Rice,RiceAEZ02,RiceAEZ02,1990,NH3_AWB,0.00026835617456224
India,Rice,RiceAEZ03,RiceAEZ03,1990,NH3_AWB,0.00576138340859318
India,Rice,RiceAEZ04,RiceAEZ04,1990,NH3_AWB,0.00657514867486257
India,Rice,RiceAEZ05,RiceAEZ05,1990,NH3_AWB,0.00117885629311581
India,Rice,RiceAEZ06,RiceAEZ06,1990,NH3_AWB,0.000501437344912934
India,Rice,RiceAEZ07,RiceAEZ07,1990,NH3_AWB,0.000129835803180262
India,Rice,RiceAEZ08,RiceAEZ08,1990,NH3_AWB,0.00147166206525965
India,Rice,RiceAEZ09,RiceAEZ09,1990,NH3_AWB,0.000978712381169204
India,Rice,RiceAEZ10,RiceAEZ10,1990,NH3_AWB,0.000171094912631182
India,Rice,RiceAEZ11,RiceAEZ11,1990,NH3_AWB,0.000138397568930415
India,Rice,RiceAEZ12,RiceAEZ12,1990,NH3_AWB,9.86814299377138e-05
India,Rice,RiceAEZ13,RiceAEZ13,1990,NH3_AWB,1.97701360598594e-07
India,Rice,RiceAEZ14,RiceAEZ14,1990,NH3_AWB,7.70161926829866e-07
India,Rice,RiceAEZ15,RiceAEZ15,1990,NH3_AWB,5.592540094791e-06
India,Rice,RiceAEZ16,RiceAEZ16,1990,NH3_AWB,1.23768462227487e-06
India,Root_Tuber,Root_TuberAEZ01,Root_TuberAEZ01,1990,NH3_AWB,5.06323899603444e-06
India,Root_Tuber,Root_TuberAEZ02,Root_TuberAEZ02,1990,NH3_AWB,6.95781054266835e-05
India,Root_Tuber,Root_TuberAEZ03,Root_TuberAEZ03,1990,NH3_AWB,0.000999894047108965
India,Root_Tuber,Root_TuberAEZ04,Root_TuberAEZ04,1990,NH3_AWB,0.00107176821522641
India,Root_Tuber,Root_TuberAEZ05,Root_TuberAEZ05,1990,NH3_AWB,0.000586569313001184
India,Root_Tuber,Root_TuberAEZ06,Root_TuberAEZ06,1990,NH3_AWB,4.24814436970942e-05
India,Root_Tuber,Root_TuberAEZ07,Root_TuberAEZ07,1990,NH3_AWB,3.30143369771564e-05
India,Root_Tuber,Root_TuberAEZ08,Root_TuberAEZ08,1990,NH3_AWB,0.000246909307375324
India,Root_Tuber,Root_TuberAEZ09,Root_TuberAEZ09,1990,NH3_AWB,0.000293495918211139
India,Root_Tuber,Root_TuberAEZ10,Root_TuberAEZ10,1990,NH3_AWB,2.79635389485203e-05
India,Root_Tuber,Root_TuberAEZ11,Root_TuberAEZ11,1990,NH3_AWB,5.64525327182104e-05
India,Root_Tuber,Root_TuberAEZ12,Root_TuberAEZ12,1990,NH3_AWB,1.9055102085354e-05
India,Root_Tuber,Root_TuberAEZ13,Root_TuberAEZ13,1990,NH3_AWB,3.49520763333113e-07
India,Root_Tuber,Root_TuberAEZ14,Root_TuberAEZ14,1990,NH3_AWB,1.70300412221742e-07
India,Root_Tuber,Root_TuberAEZ15,Root_TuberAEZ15,1990,NH3_AWB,5.48106771244335e-07
India,Root_Tuber,Root_TuberAEZ16,Root_TuberAEZ16,1990,NH3_AWB,8.75210319736406e-07
India,SugarCrop,SugarCropAEZ01,SugarCropAEZ01,1990,NH3_AWB,4.95962774846469e-05
India,SugarCrop,SugarCropAEZ02,SugarCropAEZ02,1990,NH3_AWB,0.000275239352339718
India,SugarCrop,SugarCropAEZ03,SugarCropAEZ03,1990,NH3_AWB,0.019206708025544
India,SugarCrop,SugarCropAEZ04,SugarCropAEZ04,1990,NH3_AWB,0.00671351685729961
India,SugarCrop,SugarCropAEZ05,SugarCropAEZ05,1990,NH3_AWB,0.000274201269576314
India,SugarCrop,SugarCropAEZ06,SugarCropAEZ06,1990,NH3_AWB,0.000108115029883299
India,SugarCrop,SugarCropAEZ07,SugarCropAEZ07,1990,NH3_AWB,5.43472567401687e-05
India,SugarCrop,SugarCropAEZ08,SugarCropAEZ08,1990,NH3_AWB,0.00233115428001119
India,SugarCrop,SugarCropAEZ09,SugarCropAEZ09,1990,NH3_AWB,0.00571363947078895
India,SugarCrop,SugarCropAEZ10,SugarCropAEZ10,1990,NH3_AWB,0.000395129189160777
India,SugarCrop,SugarCropAEZ11,SugarCropAEZ11,1990,NH3_AWB,0.000139189699568239
India,SugarCrop,SugarCropAEZ12,SugarCropAEZ12,1990,NH3_AWB,1.10567485055589e-05
India,SugarCrop,SugarCropAEZ13,SugarCropAEZ13,1990,NH3_AWB,4.56387865804662e-07
India,SugarCrop,SugarCropAEZ14,SugarCropAEZ14,1990,NH3_AWB,4.72972620012907e-08
India,SugarCrop,SugarCropAEZ15,SugarCropAEZ15,1990,NH3_AWB,0
India,SugarCrop,SugarCropAEZ16,SugarCropAEZ16,1990,NH3_AWB,0
India,Wheat,WheatAEZ01,WheatAEZ01,1990,NH3_AWB,1.81510229042083e-05
India,Wheat,WheatAEZ02,WheatAEZ02,1990,NH3_AWB,0.00020128585641201
India,Wheat,WheatAEZ03,WheatAEZ03,1990,NH3_AWB,0.0027166721282964
India,Wheat,WheatAEZ04,WheatAEZ04,1990,NH3_AWB,0.000506299394345654
India,Wheat,WheatAEZ05,WheatAEZ05,1990,NH3_AWB,3.21345923247569e-05
India,Wheat,WheatAEZ06,WheatAEZ06,1990,NH3_AWB,3.13836619641308e-06
India,Wheat,WheatAEZ07,WheatAEZ07,1990,NH3_AWB,0.000333625898169128
India,Wheat,WheatAEZ08,WheatAEZ08,1990,NH3_AWB,0.00267602318045015
India,Wheat,WheatAEZ09,WheatAEZ09,1990,NH3_AWB,0.00153209616915762
India,Wheat,WheatAEZ10,WheatAEZ10,1990,NH3_AWB,0.000127313498738765
India,Wheat,WheatAEZ11,WheatAEZ11,1990,NH3_AWB,5.64186020959538e-05
India,Wheat,WheatAEZ12,WheatAEZ12,1990,NH3_AWB,8.76205986512136e-06
India,Wheat,WheatAEZ13,WheatAEZ13,1990,NH3_AWB,1.64630630646847e-07
India,Wheat,WheatAEZ14,WheatAEZ14,1990,NH3_AWB,5.88283231553085e-07
India,Wheat,WheatAEZ15,WheatAEZ15,1990,NH3_AWB,1.15451459266516e-06
India,Wheat,WheatAEZ16,WheatAEZ16,1990,NH3_AWB,1.56964980445927e-06
India,Corn,CornAEZ01,CornAEZ01,1990,NMVOC_AWB,4.22457276047887e-07
India,Corn,CornAEZ02,CornAEZ02,1990,NMVOC_AWB,0.000447652550947507
India,Corn,CornAEZ03,CornAEZ03,1990,NMVOC_AWB,0.00254337899118528
India,Corn,CornAEZ04,CornAEZ04,1990,NMVOC_AWB,0.00125441625766742
India,Corn,CornAEZ05,CornAEZ05,1990,NMVOC_AWB,0.000129532591598428
India,Corn,CornAEZ06,CornAEZ06,1990,NMVOC_AWB,2.07517691131e-05
India,Corn,CornAEZ07,CornAEZ07,1990,NMVOC_AWB,4.75296537170596e-06
India,Corn,CornAEZ08,CornAEZ08,1990,NMVOC_AWB,0.000354961700795059
India,Corn,CornAEZ09,CornAEZ09,1990,NMVOC_AWB,0.00095810356858923
India,Corn,CornAEZ10,CornAEZ10,1990,NMVOC_AWB,0.00115864236824509
India,Corn,CornAEZ11,CornAEZ11,1990,NMVOC_AWB,0.000469111839693134
India,Corn,CornAEZ12,CornAEZ12,1990,NMVOC_AWB,0.000144604300648921
India,Corn,CornAEZ13,CornAEZ13,1990,NMVOC_AWB,8.05750579696202e-07
India,Corn,CornAEZ14,CornAEZ14,1990,NMVOC_AWB,4.66308084488726e-06
India,Corn,CornAEZ15,CornAEZ15,1990,NMVOC_AWB,0.00010616454072257
India,Corn,CornAEZ16,CornAEZ16,1990,NMVOC_AWB,1.33414319092327e-06
India,FiberCrop,FiberCropAEZ01,FiberCropAEZ01,1990,NMVOC_AWB,0.000127674746009362
India,FiberCrop,FiberCropAEZ02,FiberCropAEZ02,1990,NMVOC_AWB,0.00193489775522181
India,FiberCrop,FiberCropAEZ03,FiberCropAEZ03,1990,NMVOC_AWB,0.00132154548789479
India,FiberCrop,FiberCropAEZ04,FiberCropAEZ04,1990,NMVOC_AWB,0.00128797447524831
India,FiberCrop,FiberCropAEZ05,FiberCropAEZ05,1990,NMVOC_AWB,0.000378858578942189
India,FiberCrop,FiberCropAEZ06,FiberCropAEZ06,1990,NMVOC_AWB,4.19628488679437e-05
India,FiberCrop,FiberCropAEZ07,FiberCropAEZ07,1990,NMVOC_AWB,0.000114767896506147
India,FiberCrop,FiberCropAEZ08,FiberCropAEZ08,1990,NMVOC_AWB,0.000401515253023958
India,FiberCrop,FiberCropAEZ09,FiberCropAEZ09,1990,NMVOC_AWB,0.000342871429009488
India,FiberCrop,FiberCropAEZ10,FiberCropAEZ10,1990,NMVOC_AWB,7.45564033181649e-06
India,FiberCrop,FiberCropAEZ11,FiberCropAEZ11,1990,NMVOC_AWB,1.01945405496416e-05
India,FiberCrop,FiberCropAEZ12,FiberCropAEZ12,1990,NMVOC_AWB,9.35829113596353e-06
India,FiberCrop,FiberCropAEZ13,FiberCropAEZ13,1990,NMVOC_AWB,0
India,FiberCrop,FiberCropAEZ14,FiberCropAEZ14,1990,NMVOC_AWB,0
India,FiberCrop,FiberCropAEZ15,FiberCropAEZ15,1990,NMVOC_AWB,0
India,FiberCrop,FiberCropAEZ16,FiberCropAEZ16,1990,NMVOC_AWB,0
India,FodderGrass,FodderGrassAEZ01,FodderGrassAEZ01,1990,NMVOC_AWB,0.000969830893054921
India,FodderGrass,FodderGrassAEZ02,FodderGrassAEZ02,1990,NMVOC_AWB,0.0047802221501435
India,FodderGrass,FodderGrassAEZ03,FodderGrassAEZ03,1990,NMVOC_AWB,0.0284897521890628
India,FodderGrass,FodderGrassAEZ04,FodderGrassAEZ04,1990,NMVOC_AWB,0.0119106560184274
India,FodderGrass,FodderGrassAEZ05,FodderGrassAEZ05,1990,NMVOC_AWB,0.00234153554563882
India,FodderGrass,FodderGrassAEZ06,FodderGrassAEZ06,1990,NMVOC_AWB,0.000608204320598265
India,FodderGrass,FodderGrassAEZ07,FodderGrassAEZ07,1990,NMVOC_AWB,0.00239222119712414
India,FodderGrass,FodderGrassAEZ08,FodderGrassAEZ08,1990,NMVOC_AWB,0.00655113255910796
India,FodderGrass,FodderGrassAEZ09,FodderGrassAEZ09,1990,NMVOC_AWB,0.00506612428522923
India,FodderGrass,FodderGrassAEZ10,FodderGrassAEZ10,1990,NMVOC_AWB,0.000521757315997107
India,FodderGrass,FodderGrassAEZ11,FodderGrassAEZ11,1990,NMVOC_AWB,0.000344720674737847
India,FodderGrass,FodderGrassAEZ12,FodderGrassAEZ12,1990,NMVOC_AWB,0.000215942350367451
India,FodderGrass,FodderGrassAEZ13,FodderGrassAEZ13,1990,NMVOC_AWB,3.60789216784782e-06
India,FodderGrass,FodderGrassAEZ14,FodderGrassAEZ14,1990,NMVOC_AWB,4.08210890038909e-06
India,FodderGrass,FodderGrassAEZ15,FodderGrassAEZ15,1990,NMVOC_AWB,2.80471427849863e-05
India,FodderGrass,FodderGrassAEZ16,FodderGrassAEZ16,1990,NMVOC_AWB,1.0816556132184e-05
India,FodderHerb,FodderHerbAEZ01,FodderHerbAEZ01,1990,NMVOC_AWB,0
India,FodderHerb,FodderHerbAEZ02,FodderHerbAEZ02,1990,NMVOC_AWB,0
India,FodderHerb,FodderHerbAEZ03,FodderHerbAEZ03,1990,NMVOC_AWB,0
India,FodderHerb,FodderHerbAEZ04,FodderHerbAEZ04,1990,NMVOC_AWB,0
India,FodderHerb,FodderHerbAEZ05,FodderHerbAEZ05,1990,NMVOC_AWB,0
India,FodderHerb,FodderHerbAEZ06,FodderHerbAEZ06,1990,NMVOC_AWB,0
India,FodderHerb,FodderHerbAEZ07,FodderHerbAEZ07,1990,NMVOC_AWB,0
India,FodderHerb,FodderHerbAEZ08,FodderHerbAEZ08,1990,NMVOC_AWB,0
India,FodderHerb,FodderHerbAEZ09,FodderHerbAEZ09,1990,NMVOC_AWB,0
India,FodderHerb,FodderHerbAEZ10,FodderHerbAEZ10,1990,NMVOC_AWB,0
India,FodderHerb,FodderHerbAEZ11,FodderHerbAEZ11,1990,NMVOC_AWB,0
India,FodderHerb,FodderHerbAEZ12,FodderHerbAEZ12,1990,NMVOC_AWB,0
India,FodderHerb,FodderHerbAEZ13,FodderHerbAEZ13,1990,NMVOC_AWB,0
India,FodderHerb,FodderHerbAEZ14,FodderHerbAEZ14,1990,NMVOC_AWB,0
India,FodderHerb,FodderHerbAEZ15,FodderHerbAEZ15,1990,NMVOC_AWB,0
India,FodderHerb,FodderHerbAEZ16,FodderHerbAEZ16,1990,NMVOC_AWB,0
India,MiscCrop,MiscCropAEZ01,MiscCropAEZ01,1990,NMVOC_AWB,0.00048442102798363
India,MiscCrop,MiscCropAEZ02,MiscCropAEZ02,1990,NMVOC_AWB,0.00372053575500248
India,MiscCrop,MiscCropAEZ03,MiscCropAEZ03,1990,NMVOC_AWB,0.0272294866790158
India,MiscCrop,MiscCropAEZ04,MiscCropAEZ04,1990,NMVOC_AWB,0.0208119748556886
India,MiscCrop,MiscCropAEZ05,MiscCropAEZ05,1990,NMVOC_AWB,0.00505780739647207
India,MiscCrop,MiscCropAEZ06,MiscCropAEZ06,1990,NMVOC_AWB,0.000934497789787218
India,MiscCrop,MiscCropAEZ07,MiscCropAEZ07,1990,NMVOC_AWB,0.000745355288920426
India,MiscCrop,MiscCropAEZ08,MiscCropAEZ08,1990,NMVOC_AWB,0.00638990027917419
India,MiscCrop,MiscCropAEZ09,MiscCropAEZ09,1990,NMVOC_AWB,0.0112713197561587
India,MiscCrop,MiscCropAEZ10,MiscCropAEZ10,1990,NMVOC_AWB,0.000926001671871483
India,MiscCrop,MiscCropAEZ11,MiscCropAEZ11,1990,NMVOC_AWB,0.00059316489322416
India,MiscCrop,MiscCropAEZ12,MiscCropAEZ12,1990,NMVOC_AWB,0.000313044723915114
India,MiscCrop,MiscCropAEZ13,MiscCropAEZ13,1990,NMVOC_AWB,2.21313903517306e-06
India,MiscCrop,MiscCropAEZ14,MiscCropAEZ14,1990,NMVOC_AWB,1.56873094485879e-06
India,MiscCrop,MiscCropAEZ15,MiscCropAEZ15,1990,NMVOC_AWB,2.6077718646478e-05
India,MiscCrop,MiscCropAEZ16,MiscCropAEZ16,1990,NMVOC_AWB,7.13010701595639e-06
India,OilCrop,OilCropAEZ01,OilCropAEZ01,1990,NMVOC_AWB,0.000117335296094113
India,OilCrop,OilCropAEZ02,OilCropAEZ02,1990,NMVOC_AWB,0.00232353095307295
India,OilCrop,OilCropAEZ03,OilCropAEZ03,1990,NMVOC_AWB,0.00589517010694476
India,OilCrop,OilCropAEZ04,OilCropAEZ04,1990,NMVOC_AWB,0.00211405523213866
India,OilCrop,OilCropAEZ05,OilCropAEZ05,1990,NMVOC_AWB,0.000223758293539128
India,OilCrop,OilCropAEZ06,OilCropAEZ06,1990,NMVOC_AWB,7.44581732048046e-05
India,OilCrop,OilCropAEZ07,OilCropAEZ07,1990,NMVOC_AWB,0.000405931779526787
India,OilCrop,OilCropAEZ08,OilCropAEZ08,1990,NMVOC_AWB,0.00220030182442581
India,OilCrop,OilCropAEZ09,OilCropAEZ09,1990,NMVOC_AWB,0.00199665886396616
India,OilCrop,OilCropAEZ10,OilCropAEZ10,1990,NMVOC_AWB,4.38226091399806e-05
India,OilCrop,OilCropAEZ11,OilCropAEZ11,1990,NMVOC_AWB,1.79574529762726e-05
India,OilCrop,OilCropAEZ12,OilCropAEZ12,1990,NMVOC_AWB,1.39734423314969e-05
India,OilCrop,OilCropAEZ13,OilCropAEZ13,1990,NMVOC_AWB,1.69644662201845e-07
India,OilCrop,OilCropAEZ14,OilCropAEZ14,1990,NMVOC_AWB,8.44453429626963e-08
India,OilCrop,OilCropAEZ15,OilCropAEZ15,1990,NMVOC_AWB,1.42803106760131e-06
India,OilCrop,OilCropAEZ16,OilCropAEZ16,1990,NMVOC_AWB,1.50041279014076e-07
India,OtherGrain,OtherGrainAEZ01,OtherGrainAEZ01,1990,NMVOC_AWB,0.000165198642191247
India,OtherGrain,OtherGrainAEZ02,OtherGrainAEZ02,1990,NMVOC_AWB,0.00130952037785209
India,OtherGrain,OtherGrainAEZ03,OtherGrainAEZ03,1990,NMVOC_AWB,0.00954676217656255
India,OtherGrain,OtherGrainAEZ04,OtherGrainAEZ04,1990,NMVOC_AWB,0.00233439632172559
India,OtherGrain,OtherGrainAEZ05,OtherGrainAEZ05,1990,NMVOC_AWB,0.00019966576864237
India,OtherGrain,OtherGrainAEZ06,OtherGrainAEZ06,1990,NMVOC_AWB,4.04092311080785e-05
India,OtherGrain,OtherGrainAEZ07,OtherGrainAEZ07,1990,NMVOC_AWB,0.000549415817463842
India,OtherGrain,OtherGrainAEZ08,OtherGrainAEZ08,1990,NMVOC_AWB,0.00403891495261004
India,OtherGrain,OtherGrainAEZ09,OtherGrainAEZ09,1990,NMVOC_AWB,0.00123068922068527
India,OtherGrain,OtherGrainAEZ10,OtherGrainAEZ10,1990,NMVOC_AWB,0.000124849885213736
India,OtherGrain,OtherGrainAEZ11,OtherGrainAEZ11,1990,NMVOC_AWB,0.00017679507805625
India,OtherGrain,OtherGrainAEZ12,OtherGrainAEZ12,1990,NMVOC_AWB,1.08832581872774e-05
India,OtherGrain,OtherGrainAEZ13,OtherGrainAEZ13,1990,NMVOC_AWB,3.05498625107518e-07
India,OtherGrain,OtherGrainAEZ14,OtherGrainAEZ14,1990,NMVOC_AWB,3.58152824998063e-06
India,OtherGrain,OtherGrainAEZ15,OtherGrainAEZ15,1990,NMVOC_AWB,6.27158440280451e-06
India,OtherGrain,OtherGrainAEZ16,OtherGrainAEZ16,1990,NMVOC_AWB,1.07821204171906e-05
India,PalmFruit,PalmFruitAEZ01,PalmFruitAEZ01,1990,NMVOC_AWB,0
India,PalmFruit,PalmFruitAEZ02,PalmFruitAEZ02,1990,NMVOC_AWB,0.000187362979535499
India,PalmFruit,PalmFruitAEZ03,PalmFruitAEZ03,1990,NMVOC_AWB,0.00130440137436539
India,PalmFruit,PalmFruitAEZ04,PalmFruitAEZ04,1990,NMVOC_AWB,0.00191145761009054
India,PalmFruit,PalmFruitAEZ05,PalmFruitAEZ05,1990,NMVOC_AWB,0.00271415594647203
India,PalmFruit,PalmFruitAEZ06,PalmFruitAEZ06,1990,NMVOC_AWB,3.13358395873415e-05
India,PalmFruit,PalmFruitAEZ07,PalmFruitAEZ07,1990,NMVOC_AWB,0
India,PalmFruit,PalmFruitAEZ08,PalmFruitAEZ08,1990,NMVOC_AWB,0
India,PalmFruit,PalmFruitAEZ09,PalmFruitAEZ09,1990,NMVOC_AWB,2.67194250542465e-07
India,PalmFruit,PalmFruitAEZ10,PalmFruitAEZ10,1990,NMVOC_AWB,0
India,PalmFruit,PalmFruitAEZ11,PalmFruitAEZ11,1990,NMVOC_AWB,5.76970553178683e-06
India,PalmFruit,PalmFruitAEZ12,PalmFruitAEZ12,1990,NMVOC_AWB,2.95929009359927e-06
India,PalmFruit,PalmFruitAEZ13,PalmFruitAEZ13,1990,NMVOC_AWB,0
India,PalmFruit,PalmFruitAEZ14,PalmFruitAEZ14,1990,NMVOC_AWB,0
India,PalmFruit,PalmFruitAEZ15,PalmFruitAEZ15,1990,NMVOC_AWB,0
India,PalmFruit,PalmFruitAEZ16,PalmFruitAEZ16,1990,NMVOC_AWB,0
India,Rice,RiceAEZ01,RiceAEZ01,1990,NMVOC_AWB,5.3557109131199e-05
India,Rice,RiceAEZ02,RiceAEZ02,1990,NMVOC_AWB,0.00144274656225046
India,Rice,RiceAEZ03,RiceAEZ03,1990,NMVOC_AWB,0.030974566246199
India,Rice,RiceAEZ04,RiceAEZ04,1990,NMVOC_AWB,0.0353495616876275
India,Rice,RiceAEZ05,RiceAEZ05,1990,NMVOC_AWB,0.00633781155605827
India,Rice,RiceAEZ06,RiceAEZ06,1990,NMVOC_AWB,0.00269584631968043
India,Rice,RiceAEZ07,RiceAEZ07,1990,NMVOC_AWB,0.00069802812996913
India,Rice,RiceAEZ08,RiceAEZ08,1990,NMVOC_AWB,0.00791200496471279
India,Rice,RiceAEZ09,RiceAEZ09,1990,NMVOC_AWB,0.00526179032648394
India,Rice,RiceAEZ10,RiceAEZ10,1990,NMVOC_AWB,0.000919846906522096
India,Rice,RiceAEZ11,RiceAEZ11,1990,NMVOC_AWB,0.000744058217120942
India,Rice,RiceAEZ12,RiceAEZ12,1990,NMVOC_AWB,0.000530534816397808
India,Rice,RiceAEZ13,RiceAEZ13,1990,NMVOC_AWB,1.06288949311917e-06
India,Rice,RiceAEZ14,RiceAEZ14,1990,NMVOC_AWB,4.14057352741205e-06
India,Rice,RiceAEZ15,RiceAEZ15,1990,NMVOC_AWB,3.0066824470015e-05
India,Rice,RiceAEZ16,RiceAEZ16,1990,NMVOC_AWB,6.65408663262627e-06
India,Root_Tuber,Root_TuberAEZ01,Root_TuberAEZ01,1990,NMVOC_AWB,2.72211759885812e-05
India,Root_Tuber,Root_TuberAEZ02,Root_TuberAEZ02,1990,NMVOC_AWB,0.000374068428185041
India,Root_Tuber,Root_TuberAEZ03,Root_TuberAEZ03,1990,NMVOC_AWB,0.00537566799584325
India,Root_Tuber,Root_TuberAEZ04,Root_TuberAEZ04,1990,NMVOC_AWB,0.00576208060265287
India,Root_Tuber,Root_TuberAEZ05,Root_TuberAEZ05,1990,NMVOC_AWB,0.00315353600950142
India,Root_Tuber,Root_TuberAEZ06,Root_TuberAEZ06,1990,NMVOC_AWB,0.000228390335916061
India,Root_Tuber,Root_TuberAEZ07,Root_TuberAEZ07,1990,NMVOC_AWB,0.000177492920580157
India,Root_Tuber,Root_TuberAEZ08,Root_TuberAEZ08,1990,NMVOC_AWB,0.00132744310796833
India,Root_Tuber,Root_TuberAEZ09,Root_TuberAEZ09,1990,NMVOC_AWB,0.00157790379790741
India,Root_Tuber,Root_TuberAEZ10,Root_TuberAEZ10,1990,NMVOC_AWB,0.00015033863018858
India,Root_Tuber,Root_TuberAEZ11,Root_TuberAEZ11,1990,NMVOC_AWB,0.00030350223035632
India,Root_Tuber,Root_TuberAEZ12,Root_TuberAEZ12,1990,NMVOC_AWB,0.000102444756755913
India,Root_Tuber,Root_TuberAEZ13,Root_TuberAEZ13,1990,NMVOC_AWB,1.87910667811763e-06
India,Root_Tuber,Root_TuberAEZ14,Root_TuberAEZ14,1990,NMVOC_AWB,9.1557548352877e-07
India,Root_Tuber,Root_TuberAEZ15,Root_TuberAEZ15,1990,NMVOC_AWB,2.94675224540271e-06
India,Root_Tuber,Root_TuberAEZ16,Root_TuberAEZ16,1990,NMVOC_AWB,4.70533864967196e-06
India,SugarCrop,SugarCropAEZ01,SugarCropAEZ01,1990,NMVOC_AWB,0.000266641373011517
India,SugarCrop,SugarCropAEZ02,SugarCropAEZ02,1990,NMVOC_AWB,0.00147975216158878
India,SugarCrop,SugarCropAEZ03,SugarCropAEZ03,1990,NMVOC_AWB,0.103259826315548
India,SugarCrop,SugarCropAEZ04,SugarCropAEZ04,1990,NMVOC_AWB,0.0360934619159771
India,SugarCrop,SugarCropAEZ05,SugarCropAEZ05,1990,NMVOC_AWB,0.00147417118197959
India,SugarCrop,SugarCropAEZ06,SugarCropAEZ06,1990,NMVOC_AWB,0.000581252091352783
India,SugarCrop,SugarCropAEZ07,SugarCropAEZ07,1990,NMVOC_AWB,0.000292183766434768
India,SugarCrop,SugarCropAEZ08,SugarCropAEZ08,1990,NMVOC_AWB,0.0125328393469909
India,SugarCrop,SugarCropAEZ09,SugarCropAEZ09,1990,NMVOC_AWB,0.0307178834914693
India,SugarCrop,SugarCropAEZ10,SugarCropAEZ10,1990,NMVOC_AWB,0.00212430841301289
India,SugarCrop,SugarCropAEZ11,SugarCropAEZ11,1990,NMVOC_AWB,0.00074831689965895
India,SugarCrop,SugarCropAEZ12,SugarCropAEZ12,1990,NMVOC_AWB,5.94437073120641e-05
India,SugarCrop,SugarCropAEZ13,SugarCropAEZ13,1990,NMVOC_AWB,2.45364961516764e-06
India,SugarCrop,SugarCropAEZ14,SugarCropAEZ14,1990,NMVOC_AWB,2.54281319472285e-07
India,SugarCrop,SugarCropAEZ15,SugarCropAEZ15,1990,NMVOC_AWB,0
India,SugarCrop,SugarCropAEZ16,SugarCropAEZ16,1990,NMVOC_AWB,0
India,Wheat,WheatAEZ01,WheatAEZ01,1990,NMVOC_AWB,9.75842122473775e-05
India,Wheat,WheatAEZ02,WheatAEZ02,1990,NMVOC_AWB,0.00108216059437348
India,Wheat,WheatAEZ03,WheatAEZ03,1990,NMVOC_AWB,0.0146054749075737
India,Wheat,WheatAEZ04,WheatAEZ04,1990,NMVOC_AWB,0.00272198585276921
India,Wheat,WheatAEZ05,WheatAEZ05,1990,NMVOC_AWB,0.000172763204280624
India,Wheat,WheatAEZ06,WheatAEZ06,1990,NMVOC_AWB,1.68726024223001e-05
India,Wheat,WheatAEZ07,WheatAEZ07,1990,NMVOC_AWB,0.00179365210599838
India,Wheat,WheatAEZ08,WheatAEZ08,1990,NMVOC_AWB,0.0143869365047964
India,Wheat,WheatAEZ09,WheatAEZ09,1990,NMVOC_AWB,0.00823691306784742
India,Wheat,WheatAEZ10,WheatAEZ10,1990,NMVOC_AWB,0.00068446762193217
India,Wheat,WheatAEZ11,WheatAEZ11,1990,NMVOC_AWB,0.000303319811268346
India,Wheat,WheatAEZ12,WheatAEZ12,1990,NMVOC_AWB,4.71069159085238e-05
India,Wheat,WheatAEZ13,WheatAEZ13,1990,NMVOC_AWB,8.85093390507306e-07
India,Wheat,WheatAEZ14,WheatAEZ14,1990,NMVOC_AWB,3.16275044290421e-06
India,Wheat,WheatAEZ15,WheatAEZ15,1990,NMVOC_AWB,6.20694479026915e-06
India,Wheat,WheatAEZ16,WheatAEZ16,1990,NMVOC_AWB,8.43881033486519e-06
India,Corn,CornAEZ01,CornAEZ01,1990,NOx_AWB,2.29511779805021e-07
India,Corn,CornAEZ02,CornAEZ02,1990,NOx_AWB,0.000243199820496344
India,Corn,CornAEZ03,CornAEZ03,1990,NOx_AWB,0.00138176206703436
India,Corn,CornAEZ04,CornAEZ04,1990,NOx_AWB,0.000681496861900347
India,Corn,CornAEZ05,CornAEZ05,1990,NOx_AWB,7.03722182717057e-05
India,Corn,CornAEZ06,CornAEZ06,1990,NOx_AWB,1.12739813782035e-05
India,Corn,CornAEZ07,CornAEZ07,1990,NOx_AWB,2.58218192385499e-06
India,Corn,CornAEZ08,CornAEZ08,1990,NOx_AWB,0.000192842912954958
India,Corn,CornAEZ09,CornAEZ09,1990,NOx_AWB,0.000520516671701331
India,Corn,CornAEZ10,CornAEZ10,1990,NOx_AWB,0.000629465006689321
India,Corn,CornAEZ11,CornAEZ11,1990,NOx_AWB,0.000254858181785404
India,Corn,CornAEZ12,CornAEZ12,1990,NOx_AWB,7.85603474980326e-05
India,Corn,CornAEZ13,CornAEZ13,1990,NOx_AWB,4.3774663169499e-07
India,Corn,CornAEZ14,CornAEZ14,1990,NOx_AWB,2.53334963027945e-06
India,Corn,CornAEZ15,CornAEZ15,1990,NOx_AWB,5.76768683483574e-05
India,Corn,CornAEZ16,CornAEZ16,1990,NOx_AWB,7.24810757499753e-07
India,FiberCrop,FiberCropAEZ01,FiberCropAEZ01,1990,NOx_AWB,6.93628914783829e-05
India,FiberCrop,FiberCropAEZ02,FiberCropAEZ02,1990,NOx_AWB,0.00105118754657539
India,FiberCrop,FiberCropAEZ03,FiberCropAEZ03,1990,NOx_AWB,0.000717966701526635
India,FiberCrop,FiberCropAEZ04,FiberCropAEZ04,1990,NOx_AWB,0.000699728306074129
India,FiberCrop,FiberCropAEZ05,FiberCropAEZ05,1990,NOx_AWB,0.000205825563145388
India,FiberCrop,FiberCropAEZ06,FiberCropAEZ06,1990,NOx_AWB,2.27974961621425e-05
India,FiberCrop,FiberCropAEZ07,FiberCropAEZ07,1990,NOx_AWB,6.23508830005771e-05
India,FiberCrop,FiberCropAEZ08,FiberCropAEZ08,1990,NOx_AWB,0.000218134437646533
India,FiberCrop,FiberCropAEZ09,FiberCropAEZ09,1990,NOx_AWB,0.000186274533255615
India,FiberCrop,FiberCropAEZ10,FiberCropAEZ10,1990,NOx_AWB,4.05048599978981e-06
India,FiberCrop,FiberCropAEZ11,FiberCropAEZ11,1990,NOx_AWB,5.5384704643541e-06
India,FiberCrop,FiberCropAEZ12,FiberCropAEZ12,1990,NOx_AWB,5.0841544845474e-06
India,FiberCrop,FiberCropAEZ13,FiberCropAEZ13,1990,NOx_AWB,0
India,FiberCrop,FiberCropAEZ14,FiberCropAEZ14,1990,NOx_AWB,0
India,FiberCrop,FiberCropAEZ15,FiberCropAEZ15,1990,NOx_AWB,0
India,FiberCrop,FiberCropAEZ16,FiberCropAEZ16,1990,NOx_AWB,0
India,FodderGrass,FodderGrassAEZ01,FodderGrassAEZ01,1990,NOx_AWB,0.000526887870075878
India,FodderGrass,FodderGrassAEZ02,FodderGrassAEZ02,1990,NOx_AWB,0.00259698993424002
India,FodderGrass,FodderGrassAEZ03,FodderGrassAEZ03,1990,NOx_AWB,0.0154778580032662
India,FodderGrass,FodderGrassAEZ04,FodderGrassAEZ04,1990,NOx_AWB,0.00647079838938504
India,FodderGrass,FodderGrassAEZ05,FodderGrassAEZ05,1990,NOx_AWB,0.00127210494652569
India,FodderGrass,FodderGrassAEZ06,FodderGrassAEZ06,1990,NOx_AWB,0.000330424078409739
India,FodderGrass,FodderGrassAEZ07,FodderGrassAEZ07,1990,NOx_AWB,0.00129964135018715
India,FodderGrass,FodderGrassAEZ08,FodderGrassAEZ08,1990,NOx_AWB,0.0035590867494233
India,FodderGrass,FodderGrassAEZ09,FodderGrassAEZ09,1990,NOx_AWB,0.0027523142986052
India,FodderGrass,FodderGrassAEZ10,FodderGrassAEZ10,1990,NOx_AWB,0.000283459315320712
India,FodderGrass,FodderGrassAEZ11,FodderGrassAEZ11,1990,NOx_AWB,0.000187279187933084
India,FodderGrass,FodderGrassAEZ12,FodderGrassAEZ12,1990,NOx_AWB,0.000117316746516387
India,FodderGrass,FodderGrassAEZ13,FodderGrassAEZ13,1990,NOx_AWB,1.96008874680499e-06
India,FodderGrass,FodderGrassAEZ14,FodderGrassAEZ14,1990,NOx_AWB,2.2177203049996e-06
India,FodderGrass,FodderGrassAEZ15,FodderGrassAEZ15,1990,NOx_AWB,1.52373980139428e-05
India,FodderGrass,FodderGrassAEZ16,FodderGrassAEZ16,1990,NOx_AWB,5.87639789870032e-06
India,FodderHerb,FodderHerbAEZ01,FodderHerbAEZ01,1990,NOx_AWB,0
India,FodderHerb,FodderHerbAEZ02,FodderHerbAEZ02,1990,NOx_AWB,0
India,FodderHerb,FodderHerbAEZ03,FodderHerbAEZ03,1990,NOx_AWB,0
India,FodderHerb,FodderHerbAEZ04,FodderHerbAEZ04,1990,NOx_AWB,0
India,FodderHerb,FodderHerbAEZ05,FodderHerbAEZ05,1990,NOx_AWB,0
India,FodderHerb,FodderHerbAEZ06,FodderHerbAEZ06,1990,NOx_AWB,0
India,FodderHerb,FodderHerbAEZ07,FodderHerbAEZ07,1990,NOx_AWB,0
India,FodderHerb,FodderHerbAEZ08,FodderHerbAEZ08,1990,NOx_AWB,0
India,FodderHerb,FodderHerbAEZ09,FodderHerbAEZ09,1990,NOx_AWB,0
India,FodderHerb,FodderHerbAEZ10,FodderHerbAEZ10,1990,NOx_AWB,0
India,FodderHerb,FodderHerbAEZ11,FodderHerbAEZ11,1990,NOx_AWB,0
India,FodderHerb,FodderHerbAEZ12,FodderHerbAEZ12,1990,NOx_AWB,0
India,FodderHerb,FodderHerbAEZ13,FodderHerbAEZ13,1990,NOx_AWB,0
India,FodderHerb,FodderHerbAEZ14,FodderHerbAEZ14,1990,NOx_AWB,0
India,FodderHerb,FodderHerbAEZ15,FodderHerbAEZ15,1990,NOx_AWB,0
India,FodderHerb,FodderHerbAEZ16,FodderHerbAEZ16,1990,NOx_AWB,0
India,MiscCrop,MiscCropAEZ01,MiscCropAEZ01,1990,NOx_AWB,0.000263175328278399
India,MiscCrop,MiscCropAEZ02,MiscCropAEZ02,1990,NOx_AWB,0.00202128553908974
India,MiscCrop,MiscCropAEZ03,MiscCropAEZ03,1990,NOx_AWB,0.014793183370736
India,MiscCrop,MiscCropAEZ04,MiscCropAEZ04,1990,NOx_AWB,0.0113066898387258
India,MiscCrop,MiscCropAEZ05,MiscCropAEZ05,1990,NOx_AWB,0.00274779591521043
India,MiscCrop,MiscCropAEZ06,MiscCropAEZ06,1990,NOx_AWB,0.000507692169405579
India,MiscCrop,MiscCropAEZ07,MiscCropAEZ07,1990,NOx_AWB,0.000404935193796548
India,MiscCrop,MiscCropAEZ08,MiscCropAEZ08,1990,NOx_AWB,0.00347149278518671
India,MiscCrop,MiscCropAEZ09,MiscCropAEZ09,1990,NOx_AWB,0.00612346100933117
India,MiscCrop,MiscCropAEZ10,MiscCropAEZ10,1990,NOx_AWB,0.000503076414736809
India,MiscCrop,MiscCropAEZ11,MiscCropAEZ11,1990,NOx_AWB,0.000322253487110731
India,MiscCrop,MiscCropAEZ12,MiscCropAEZ12,1990,NOx_AWB,0.000170070338038598
India,MiscCrop,MiscCropAEZ13,MiscCropAEZ13,1990,NOx_AWB,1.20234993623582e-06
India,MiscCrop,MiscCropAEZ14,MiscCropAEZ14,1990,NOx_AWB,8.52257143155325e-07
India,MiscCrop,MiscCropAEZ15,MiscCropAEZ15,1990,NOx_AWB,1.41674530399835e-05
India,MiscCrop,MiscCropAEZ16,MiscCropAEZ16,1990,NOx_AWB,3.87363088343855e-06
India,OilCrop,OilCropAEZ01,OilCropAEZ01,1990,NOx_AWB,6.37456949314243e-05
India,OilCrop,OilCropAEZ02,OilCropAEZ02,1990,NOx_AWB,0.00126232344596044
India,OilCrop,OilCropAEZ03,OilCropAEZ03,1990,NOx_AWB,0.00320271672476741
India,OilCrop,OilCropAEZ04,OilCropAEZ04,1990,NOx_AWB,0.00114851987749706
India,OilCrop,OilCropAEZ05,OilCropAEZ05,1990,NOx_AWB,0.000121562977152933
India,OilCrop,OilCropAEZ06,OilCropAEZ06,1990,NOx_AWB,4.04514937300504e-05
India,OilCrop,OilCropAEZ07,OilCropAEZ07,1990,NOx_AWB,0.000220533839706082
India,OilCrop,OilCropAEZ08,OilCropAEZ08,1990,NOx_AWB,0.00119537576096798
India,OilCrop,OilCropAEZ09,OilCropAEZ09,1990,NOx_AWB,0.00108474100344386
India,OilCrop,OilCropAEZ10,OilCropAEZ10,1990,NOx_AWB,2.3807863160763e-05
India,OilCrop,OilCropAEZ11,OilCropAEZ11,1990,NOx_AWB,9.75589065930097e-06
India,OilCrop,OilCropAEZ12,OilCropAEZ12,1990,NOx_AWB,7.59146498672482e-06
India,OilCrop,OilCropAEZ13,OilCropAEZ13,1990,NOx_AWB,9.2164227163065e-08
India,OilCrop,OilCropAEZ14,OilCropAEZ14,1990,NOx_AWB,4.58773041878368e-08
India,OilCrop,OilCropAEZ15,OilCropAEZ15,1990,NOx_AWB,7.7581798331931e-07
India,OilCrop,OilCropAEZ16,OilCropAEZ16,1990,NOx_AWB,8.15141386908886e-08
India,OtherGrain,OtherGrainAEZ01,OtherGrainAEZ01,1990,NOx_AWB,8.97488019271046e-05
India,OtherGrain,OtherGrainAEZ02,OtherGrainAEZ02,1990,NOx_AWB,0.000711433722774154
India,OtherGrain,OtherGrainAEZ03,OtherGrainAEZ03,1990,NOx_AWB,0.0051865466705082
India,OtherGrain,OtherGrainAEZ04,OtherGrainAEZ04,1990,NOx_AWB,0.00126822636263177
India,OtherGrain,OtherGrainAEZ05,OtherGrainAEZ05,1990,NOx_AWB,0.000108474036371085
India,OtherGrain,OtherGrainAEZ06,OtherGrainAEZ06,1990,NOx_AWB,2.19534496811844e-05
India,OtherGrain,OtherGrainAEZ07,OtherGrainAEZ07,1990,NOx_AWB,0.000298485573023634
India,OtherGrain,OtherGrainAEZ08,OtherGrainAEZ08,1990,NOx_AWB,0.00219425397977894
India,OtherGrain,OtherGrainAEZ09,OtherGrainAEZ09,1990,NOx_AWB,0.000668606482692734
India,OtherGrain,OtherGrainAEZ10,OtherGrainAEZ10,1990,NOx_AWB,6.78282065157495e-05
India,OtherGrain,OtherGrainAEZ11,OtherGrainAEZ11,1990,NOx_AWB,9.60488913933584e-05
India,OtherGrain,OtherGrainAEZ12,OtherGrainAEZ12,1990,NOx_AWB,5.912635663438e-06
India,OtherGrain,OtherGrainAEZ13,OtherGrainAEZ13,1990,NOx_AWB,1.65970707931341e-07
India,OtherGrain,OtherGrainAEZ14,OtherGrainAEZ14,1990,NOx_AWB,1.94576580800053e-06
India,OtherGrain,OtherGrainAEZ15,OtherGrainAEZ15,1990,NOx_AWB,3.40721436248127e-06
India,OtherGrain,OtherGrainAEZ16,OtherGrainAEZ16,1990,NOx_AWB,5.85768972941294e-06
India,PalmFruit,PalmFruitAEZ01,PalmFruitAEZ01,1990,NOx_AWB,0
India,PalmFruit,PalmFruitAEZ02,PalmFruitAEZ02,1990,NOx_AWB,0.000101790200668457
India,PalmFruit,PalmFruitAEZ03,PalmFruitAEZ03,1990,NOx_AWB,0.000708652680364254
India,PalmFruit,PalmFruitAEZ04,PalmFruitAEZ04,1990,NOx_AWB,0.00103845302942304
India,PalmFruit,PalmFruitAEZ05,PalmFruitAEZ05,1990,NOx_AWB,0.00147454144421593
India,PalmFruit,PalmFruitAEZ06,PalmFruitAEZ06,1990,NOx_AWB,1.70240749139332e-05
India,PalmFruit,PalmFruitAEZ07,PalmFruitAEZ07,1990,NOx_AWB,0
India,PalmFruit,PalmFruitAEZ08,PalmFruitAEZ08,1990,NOx_AWB,0
India,PalmFruit,PalmFruitAEZ09,PalmFruitAEZ09,1990,NOx_AWB,1.4516078068145e-07
India,PalmFruit,PalmFruitAEZ10,PalmFruitAEZ10,1990,NOx_AWB,0
India,PalmFruit,PalmFruitAEZ11,PalmFruitAEZ11,1990,NOx_AWB,3.13455457067608e-06
India,PalmFruit,PalmFruitAEZ12,PalmFruitAEZ12,1990,NOx_AWB,1.60771745416535e-06
India,PalmFruit,PalmFruitAEZ13,PalmFruitAEZ13,1990,NOx_AWB,0
India,PalmFruit,PalmFruitAEZ14,PalmFruitAEZ14,1990,NOx_AWB,0
India,PalmFruit,PalmFruitAEZ15,PalmFruitAEZ15,1990,NOx_AWB,0
India,PalmFruit,PalmFruitAEZ16,PalmFruitAEZ16,1990,NOx_AWB,0
India,Rice,RiceAEZ01,RiceAEZ01,1990,NOx_AWB,2.90964036716458e-05
India,Rice,RiceAEZ02,RiceAEZ02,1990,NOx_AWB,0.000783812589067929
India,Rice,RiceAEZ03,RiceAEZ03,1990,NOx_AWB,0.0168278030250989
India,Rice,RiceAEZ04,RiceAEZ04,1990,NOx_AWB,0.0192046421691531
India,Rice,RiceAEZ05,RiceAEZ05,1990,NOx_AWB,0.00344319412345707
India,Rice,RiceAEZ06,RiceAEZ06,1990,NOx_AWB,0.00146459422524075
India,Rice,RiceAEZ07,RiceAEZ07,1990,NOx_AWB,0.000379223385526507
India,Rice,RiceAEZ08,RiceAEZ08,1990,NOx_AWB,0.00429841890348117
India,Rice,RiceAEZ09,RiceAEZ09,1990,NOx_AWB,0.00285861537074173
India,Rice,RiceAEZ10,RiceAEZ10,1990,NOx_AWB,0.000499732665605927
India,Rice,RiceAEZ11,RiceAEZ11,1990,NOx_AWB,0.000404230523113587
India,Rice,RiceAEZ12,RiceAEZ12,1990,NOx_AWB,0.000288227938926986
India,Rice,RiceAEZ13,RiceAEZ13,1990,NOx_AWB,5.77444568085001e-07
India,Rice,RiceAEZ14,RiceAEZ14,1990,NOx_AWB,2.24948285559218e-06
India,Rice,RiceAEZ15,RiceAEZ15,1990,NOx_AWB,1.63346468115183e-05
India,Rice,RiceAEZ16,RiceAEZ16,1990,NOx_AWB,3.61501944129788e-06
India,Root_Tuber,Root_TuberAEZ01,Root_TuberAEZ01,1990,NOx_AWB,1.4788668354754e-05
India,Root_Tuber,Root_TuberAEZ02,Root_TuberAEZ02,1990,NOx_AWB,0.000203223179216551
India,Root_Tuber,Root_TuberAEZ03,Root_TuberAEZ03,1990,NOx_AWB,0.00292048261284302
India,Root_Tuber,Root_TuberAEZ04,Root_TuberAEZ04,1990,NOx_AWB,0.00313041211378011
India,Root_Tuber,Root_TuberAEZ05,Root_TuberAEZ05,1990,NOx_AWB,0.00171324700332029
India,Root_Tuber,Root_TuberAEZ06,Root_TuberAEZ06,1990,NOx_AWB,0.00012407946426379
India,Root_Tuber,Root_TuberAEZ07,Root_TuberAEZ07,1990,NOx_AWB,9.64280139431795e-05
India,Root_Tuber,Root_TuberAEZ08,Root_TuberAEZ08,1990,NOx_AWB,0.000721170749264561
India,Root_Tuber,Root_TuberAEZ09,Root_TuberAEZ09,1990,NOx_AWB,0.00085724055319095
India,Root_Tuber,Root_TuberAEZ10,Root_TuberAEZ10,1990,NOx_AWB,8.16756830674603e-05
India,Root_Tuber,Root_TuberAEZ11,Root_TuberAEZ11,1990,NOx_AWB,0.000164886110414575
India,Root_Tuber,Root_TuberAEZ12,Root_TuberAEZ12,1990,NOx_AWB,5.56559912394003e-05
India,Root_Tuber,Root_TuberAEZ13,Root_TuberAEZ13,1990,NOx_AWB,1.02087747706206e-06
India,Root_Tuber,Root_TuberAEZ14,Root_TuberAEZ14,1990,NOx_AWB,4.97412095103107e-07
India,Root_Tuber,Root_TuberAEZ15,Root_TuberAEZ15,1990,NOx_AWB,1.60090591601068e-06
India,Root_Tuber,Root_TuberAEZ16,Root_TuberAEZ16,1990,NOx_AWB,2.55630736952713e-06
India,SugarCrop,SugarCropAEZ01,SugarCropAEZ01,1990,NOx_AWB,0.000144860414435355
India,SugarCrop,SugarCropAEZ02,SugarCropAEZ02,1990,NOx_AWB,0.000803916920200165
India,SugarCrop,SugarCropAEZ03,SugarCropAEZ03,1990,NOx_AWB,0.0560988006686681
India,SugarCrop,SugarCropAEZ04,SugarCropAEZ04,1990,NOx_AWB,0.0196087868604296
India,SugarCrop,SugarCropAEZ05,SugarCropAEZ05,1990,NOx_AWB,0.000800884896287255
India,SugarCrop,SugarCropAEZ06,SugarCropAEZ06,1990,NOx_AWB,0.000315781522926466
India,SugarCrop,SugarCropAEZ07,SugarCropAEZ07,1990,NOx_AWB,0.000158737037013364
India,SugarCrop,SugarCropAEZ08,SugarCropAEZ08,1990,NOx_AWB,0.00680881695646834
India,SugarCrop,SugarCropAEZ09,SugarCropAEZ09,1990,NOx_AWB,0.0166883529097301
India,SugarCrop,SugarCropAEZ10,SugarCropAEZ10,1990,NOx_AWB,0.00115409020596465
India,SugarCrop,SugarCropAEZ11,SugarCropAEZ11,1990,NOx_AWB,0.000406544172006244
India,SugarCrop,SugarCropAEZ12,SugarCropAEZ12,1990,NOx_AWB,3.22944634568304e-05
India,SugarCrop,SugarCropAEZ13,SugarCropAEZ13,1990,NOx_AWB,1.33301406348886e-06
India,SugarCrop,SugarCropAEZ14,SugarCropAEZ14,1990,NOx_AWB,1.38145468221592e-07
India,SugarCrop,SugarCropAEZ15,SugarCropAEZ15,1990,NOx_AWB,0
India,SugarCrop,SugarCropAEZ16,SugarCropAEZ16,1990,NOx_AWB,0
India,Wheat,WheatAEZ01,WheatAEZ01,1990,NOx_AWB,5.30153639281333e-05
India,Wheat,WheatAEZ02,WheatAEZ02,1990,NOx_AWB,0.000587914135064782
India,Wheat,WheatAEZ03,WheatAEZ03,1990,NOx_AWB,0.00793483443413305
India,Wheat,WheatAEZ04,WheatAEZ04,1990,NOx_AWB,0.00147879526071255
India,Wheat,WheatAEZ05,WheatAEZ05,1990,NOx_AWB,9.38584627307255e-05
India,Wheat,WheatAEZ06,WheatAEZ06,1990,NOx_AWB,9.16651512813723e-06
India,Wheat,WheatAEZ07,WheatAEZ07,1990,NOx_AWB,0.000974451880791016
India,Wheat,WheatAEZ08,WheatAEZ08,1990,NOx_AWB,0.00781610730923559
India,Wheat,WheatAEZ09,WheatAEZ09,1990,NOx_AWB,0.00447493435546038
India,Wheat,WheatAEZ10,WheatAEZ10,1990,NOx_AWB,0.000371856258692431
India,Wheat,WheatAEZ11,WheatAEZ11,1990,NOx_AWB,0.000164787006121845
India,Wheat,WheatAEZ12,WheatAEZ12,1990,NOx_AWB,2.55921550515921e-05
India,Wheat,WheatAEZ13,WheatAEZ13,1990,NOx_AWB,4.80851841988315e-07
India,Wheat,WheatAEZ14,WheatAEZ14,1990,NOx_AWB,1.71825300305109e-06
India,Wheat,WheatAEZ15,WheatAEZ15,1990,NOx_AWB,3.37209707758637e-06
India,Wheat,WheatAEZ16,WheatAEZ16,1990,NOx_AWB,4.5846207159949e-06
India,Corn,CornAEZ01,CornAEZ01,1990,SO2_AWB,4.54355523410619e-08
India,Corn,CornAEZ02,CornAEZ02,1990,SO2_AWB,4.81453203965643e-05
India,Corn,CornAEZ03,CornAEZ03,1990,SO2_AWB,0.000273542049880701
India,Corn,CornAEZ04,CornAEZ04,1990,SO2_AWB,0.00013491327706773
India,Corn,CornAEZ05,CornAEZ05,1990,SO2_AWB,1.39313137188733e-05
India,Corn,CornAEZ06,CornAEZ06,1990,SO2_AWB,2.23186614402402e-06
India,Corn,CornAEZ07,CornAEZ07,1990,SO2_AWB,5.11184489332648e-07
India,Corn,CornAEZ08,CornAEZ08,1990,SO2_AWB,3.81763597171849e-05
India,Corn,CornAEZ09,CornAEZ09,1990,SO2_AWB,0.000103044656363925
India,Corn,CornAEZ10,CornAEZ10,1990,SO2_AWB,0.000124612733527649
India,Corn,CornAEZ11,CornAEZ11,1990,SO2_AWB,5.04532807331106e-05
India,Corn,CornAEZ12,CornAEZ12,1990,SO2_AWB,1.55522857419834e-05
India,Corn,CornAEZ13,CornAEZ13,1990,SO2_AWB,8.6658994206737e-08
India,Corn,CornAEZ14,CornAEZ14,1990,SO2_AWB,5.01517350536678e-07
India,Corn,CornAEZ15,CornAEZ15,1990,SO2_AWB,1.14180647848952e-05
India,Corn,CornAEZ16,CornAEZ16,1990,SO2_AWB,1.43487960128765e-07
India,FiberCrop,FiberCropAEZ01,FiberCropAEZ01,1990,SO2_AWB,1.37315012282629e-05
India,FiberCrop,FiberCropAEZ02,FiberCropAEZ02,1990,SO2_AWB,0.000208099500745771
India,FiberCrop,FiberCropAEZ03,FiberCropAEZ03,1990,SO2_AWB,0.000142133069047985
India,FiberCrop,FiberCropAEZ04,FiberCropAEZ04,1990,SO2_AWB,0.000138522484999082
India,FiberCrop,FiberCropAEZ05,FiberCropAEZ05,1990,SO2_AWB,4.07464843650531e-05
India,FiberCrop,FiberCropAEZ06,FiberCropAEZ06,1990,SO2_AWB,4.51313144362415e-06
India,FiberCrop,FiberCropAEZ07,FiberCropAEZ07,1990,SO2_AWB,1.234336124486e-05
India,FiberCrop,FiberCropAEZ08,FiberCropAEZ08,1990,SO2_AWB,4.31832242662968e-05
India,FiberCrop,FiberCropAEZ09,FiberCropAEZ09,1990,SO2_AWB,3.68760431936539e-05
India,FiberCrop,FiberCropAEZ10,FiberCropAEZ10,1990,SO2_AWB,8.0185892334822e-07
India,FiberCrop,FiberCropAEZ11,FiberCropAEZ11,1990,SO2_AWB,1.09642940718061e-06
India,FiberCrop,FiberCropAEZ12,FiberCropAEZ12,1990,SO2_AWB,1.00649024372057e-06
India,FiberCrop,FiberCropAEZ13,FiberCropAEZ13,1990,SO2_AWB,0
India,FiberCrop,FiberCropAEZ14,FiberCropAEZ14,1990,SO2_AWB,0
India,FiberCrop,FiberCropAEZ15,FiberCropAEZ15,1990,SO2_AWB,0
India,FiberCrop,FiberCropAEZ16,FiberCropAEZ16,1990,SO2_AWB,0
India,FodderGrass,FodderGrassAEZ01,FodderGrassAEZ01,1990,SO2_AWB,0.000104305937669259
India,FodderGrass,FodderGrassAEZ02,FodderGrassAEZ02,1990,SO2_AWB,0.000514115973422431
India,FodderGrass,FodderGrassAEZ03,FodderGrassAEZ03,1990,SO2_AWB,0.00306409121149405
India,FodderGrass,FodderGrassAEZ04,FodderGrassAEZ04,1990,SO2_AWB,0.00128099873200029
India,FodderGrass,FodderGrassAEZ05,FodderGrassAEZ05,1990,SO2_AWB,0.00025183365721051
India,FodderGrass,FodderGrassAEZ06,FodderGrassAEZ06,1990,SO2_AWB,6.5412766708911e-05
India,FodderGrass,FodderGrassAEZ07,FodderGrassAEZ07,1990,SO2_AWB,0.000257284931698065
India,FodderGrass,FodderGrassAEZ08,FodderGrassAEZ08,1990,SO2_AWB,0.000704578529377357
India,FodderGrass,FodderGrassAEZ09,FodderGrassAEZ09,1990,SO2_AWB,0.000544864932334046
India,FodderGrass,FodderGrassAEZ10,FodderGrassAEZ10,1990,SO2_AWB,5.61153356431511e-05
India,FodderGrass,FodderGrassAEZ11,FodderGrassAEZ11,1990,SO2_AWB,3.70749307637021e-05
India,FodderGrass,FodderGrassAEZ12,FodderGrassAEZ12,1990,SO2_AWB,2.32247389713796e-05
India,FodderGrass,FodderGrassAEZ13,FodderGrassAEZ13,1990,SO2_AWB,3.88031128181055e-07
India,FodderGrass,FodderGrassAEZ14,FodderGrassAEZ14,1990,SO2_AWB,4.39033443430429e-07
India,FodderGrass,FodderGrassAEZ15,FodderGrassAEZ15,1990,SO2_AWB,3.0164882847941e-06
India,FodderGrass,FodderGrassAEZ16,FodderGrassAEZ16,1990,SO2_AWB,1.16332758401389e-06
India,FodderHerb,FodderHerbAEZ01,FodderHerbAEZ01,1990,SO2_AWB,0
India,FodderHerb,FodderHerbAEZ02,FodderHerbAEZ02,1990,SO2_AWB,0
India,FodderHerb,FodderHerbAEZ03,FodderHerbAEZ03,1990,SO2_AWB,0
India,FodderHerb,FodderHerbAEZ04,FodderHerbAEZ04,1990,SO2_AWB,0
India,FodderHerb,FodderHerbAEZ05,FodderHerbAEZ05,1990,SO2_AWB,0
India,FodderHerb,FodderHerbAEZ06,FodderHerbAEZ06,1990,SO2_AWB,0
India,FodderHerb,FodderHerbAEZ07,FodderHerbAEZ07,1990,SO2_AWB,0
India,FodderHerb,FodderHerbAEZ08,FodderHerbAEZ08,1990,SO2_AWB,0
India,FodderHerb,FodderHerbAEZ09,FodderHerbAEZ09,1990,SO2_AWB,0
India,FodderHerb,FodderHerbAEZ10,FodderHerbAEZ10,1990,SO2_AWB,0
India,FodderHerb,FodderHerbAEZ11,FodderHerbAEZ11,1990,SO2_AWB,0
India,FodderHerb,FodderHerbAEZ12,FodderHerbAEZ12,1990,SO2_AWB,0
India,FodderHerb,FodderHerbAEZ13,FodderHerbAEZ13,1990,SO2_AWB,0
India,FodderHerb,FodderHerbAEZ14,FodderHerbAEZ14,1990,SO2_AWB,0
India,FodderHerb,FodderHerbAEZ15,FodderHerbAEZ15,1990,SO2_AWB,0
India,FodderHerb,FodderHerbAEZ16,FodderHerbAEZ16,1990,SO2_AWB,0
India,MiscCrop,MiscCropAEZ01,MiscCropAEZ01,1990,SO2_AWB,5.20997938015543e-05
India,MiscCrop,MiscCropAEZ02,MiscCropAEZ02,1990,SO2_AWB,0.000400146018585902
India,MiscCrop,MiscCropAEZ03,MiscCropAEZ03,1990,SO2_AWB,0.00292854884356266
India,MiscCrop,MiscCropAEZ04,MiscCropAEZ04,1990,SO2_AWB,0.00223834131044606
India,MiscCrop,MiscCropAEZ05,MiscCropAEZ05,1990,SO2_AWB,0.00054397044558742
India,MiscCrop,MiscCropAEZ06,MiscCropAEZ06,1990,SO2_AWB,0.000100505839638257
India,MiscCrop,MiscCropAEZ07,MiscCropAEZ07,1990,SO2_AWB,8.01634417549777e-05
India,MiscCrop,MiscCropAEZ08,MiscCropAEZ08,1990,SO2_AWB,0.000687237893745438
India,MiscCrop,MiscCropAEZ09,MiscCropAEZ09,1990,SO2_AWB,0.0012122377048981
India,MiscCrop,MiscCropAEZ10,MiscCropAEZ10,1990,SO2_AWB,9.95920766801005e-05
India,MiscCrop,MiscCropAEZ11,MiscCropAEZ11,1990,SO2_AWB,6.37952666009041e-05
India,MiscCrop,MiscCropAEZ12,MiscCropAEZ12,1990,SO2_AWB,3.36681618354377e-05
India,MiscCrop,MiscCropAEZ13,MiscCropAEZ13,1990,SO2_AWB,2.38024529749736e-07
India,MiscCrop,MiscCropAEZ14,MiscCropAEZ14,1990,SO2_AWB,1.68718024272105e-07
India,MiscCrop,MiscCropAEZ15,MiscCropAEZ15,1990,SO2_AWB,2.8046754492713e-06
India,MiscCrop,MiscCropAEZ16,MiscCropAEZ16,1990,SO2_AWB,7.66847605399361e-07
India,OilCrop,OilCropAEZ01,OilCropAEZ01,1990,SO2_AWB,1.26194867254074e-05
India,OilCrop,OilCropAEZ02,OilCropAEZ02,1990,SO2_AWB,0.000249897251674881
India,OilCrop,OilCropAEZ03,OilCropAEZ03,1990,SO2_AWB,0.000634029344835311
India,OilCrop,OilCropAEZ04,OilCropAEZ04,1990,SO2_AWB,0.000227368002867215
India,OilCrop,OilCropAEZ05,OilCropAEZ05,1990,SO2_AWB,2.40653486973942e-05
India,OilCrop,OilCropAEZ06,OilCropAEZ06,1990,SO2_AWB,8.00802452147439e-06
India,OilCrop,OilCropAEZ07,OilCropAEZ07,1990,SO2_AWB,4.36582245384243e-05
India,OilCrop,OilCropAEZ08,OilCropAEZ08,1990,SO2_AWB,0.000236643879459424
India,OilCrop,OilCropAEZ09,OilCropAEZ09,1990,SO2_AWB,0.000214741947800412
India,OilCrop,OilCropAEZ10,OilCropAEZ10,1990,SO2_AWB,4.71314985962223e-06
India,OilCrop,OilCropAEZ11,OilCropAEZ11,1990,SO2_AWB,1.93133564238365e-06
India,OilCrop,OilCropAEZ12,OilCropAEZ12,1990,SO2_AWB,1.50285272957535e-06
India,OilCrop,OilCropAEZ13,OilCropAEZ13,1990,SO2_AWB,1.82453927671966e-08
India,OilCrop,OilCropAEZ14,OilCropAEZ14,1990,SO2_AWB,9.08215106633787e-09
India,OilCrop,OilCropAEZ15,OilCropAEZ15,1990,SO2_AWB,1.53585661782535e-07
India,OilCrop,OilCropAEZ16,OilCropAEZ16,1990,SO2_AWB,1.61370362696539e-08
India,OtherGrain,OtherGrainAEZ01,OtherGrainAEZ01,1990,SO2_AWB,1.7767220449298e-05
India,OtherGrain,OtherGrainAEZ02,OtherGrainAEZ02,1990,SO2_AWB,0.0001408397607119
India,OtherGrain,OtherGrainAEZ03,OtherGrainAEZ03,1990,SO2_AWB,0.00102676042561925
India,OtherGrain,OtherGrainAEZ04,OtherGrainAEZ04,1990,SO2_AWB,0.000251065829076933
India,OtherGrain,OtherGrainAEZ05,OtherGrainAEZ05,1990,SO2_AWB,2.14741821154962e-05
India,OtherGrain,OtherGrainAEZ06,OtherGrainAEZ06,1990,SO2_AWB,4.34603885213956e-06
India,OtherGrain,OtherGrainAEZ07,OtherGrainAEZ07,1990,SO2_AWB,5.90900253036618e-05
India,OtherGrain,OtherGrainAEZ08,OtherGrainAEZ08,1990,SO2_AWB,0.000434387906505389
India,OtherGrain,OtherGrainAEZ09,OtherGrainAEZ09,1990,SO2_AWB,0.000132361418946629
India,OtherGrain,OtherGrainAEZ10,OtherGrainAEZ10,1990,SO2_AWB,1.34276856288806e-05
India,OtherGrain,OtherGrainAEZ11,OtherGrainAEZ11,1990,SO2_AWB,1.90144246012615e-05
India,OtherGrain,OtherGrainAEZ12,OtherGrainAEZ12,1990,SO2_AWB,1.17050143303315e-06
India,OtherGrain,OtherGrainAEZ13,OtherGrainAEZ13,1990,SO2_AWB,3.28565740447128e-08
India,OtherGrain,OtherGrainAEZ14,OtherGrainAEZ14,1990,SO2_AWB,3.85195671821121e-07
India,OtherGrain,OtherGrainAEZ15,OtherGrainAEZ15,1990,SO2_AWB,6.74512944979343e-07
India,OtherGrain,OtherGrainAEZ16,OtherGrainAEZ16,1990,SO2_AWB,1.15962400067022e-06
India,PalmFruit,PalmFruitAEZ01,PalmFruitAEZ01,1990,SO2_AWB,0
India,PalmFruit,PalmFruitAEZ02,PalmFruitAEZ02,1990,SO2_AWB,2.01510092170776e-05
India,PalmFruit,PalmFruitAEZ03,PalmFruitAEZ03,1990,SO2_AWB,0.000140289208587364
India,PalmFruit,PalmFruitAEZ04,PalmFruitAEZ04,1990,SO2_AWB,0.000205578498028154
India,PalmFruit,PalmFruitAEZ05,PalmFruitAEZ05,1990,SO2_AWB,0.000291909221499018
India,PalmFruit,PalmFruitAEZ06,PalmFruitAEZ06,1990,SO2_AWB,3.37018974567356e-06
India,PalmFruit,PalmFruitAEZ07,PalmFruitAEZ07,1990,SO2_AWB,0
India,PalmFruit,PalmFruitAEZ08,PalmFruitAEZ08,1990,SO2_AWB,0
India,PalmFruit,PalmFruitAEZ09,PalmFruitAEZ09,1990,SO2_AWB,2.87369138704971e-08
India,PalmFruit,PalmFruitAEZ10,PalmFruitAEZ10,1990,SO2_AWB,0
India,PalmFruit,PalmFruitAEZ11,PalmFruitAEZ11,1990,SO2_AWB,6.20535548906723e-07
India,PalmFruit,PalmFruitAEZ12,PalmFruitAEZ12,1990,SO2_AWB,3.18273557027988e-07
India,PalmFruit,PalmFruitAEZ13,PalmFruitAEZ13,1990,SO2_AWB,0
India,PalmFruit,PalmFruitAEZ14,PalmFruitAEZ14,1990,SO2_AWB,0
India,PalmFruit,PalmFruitAEZ15,PalmFruitAEZ15,1990,SO2_AWB,0
India,PalmFruit,PalmFruitAEZ16,PalmFruitAEZ16,1990,SO2_AWB,0
India,Rice,RiceAEZ01,RiceAEZ01,1990,SO2_AWB,5.76010160821735e-06
India,Rice,RiceAEZ02,RiceAEZ02,1990,SO2_AWB,0.000155168322717176
India,Rice,RiceAEZ03,RiceAEZ03,1990,SO2_AWB,0.00333133456496873
India,Rice,RiceAEZ04,RiceAEZ04,1990,SO2_AWB,0.00380186814467301
India,Rice,RiceAEZ05,RiceAEZ05,1990,SO2_AWB,0.000681635717999637
India,Rice,RiceAEZ06,RiceAEZ06,1990,SO2_AWB,0.000289940009335796
India,Rice,RiceAEZ07,RiceAEZ07,1990,SO2_AWB,7.50733753042305e-05
India,Rice,RiceAEZ08,RiceAEZ08,1990,SO2_AWB,0.000850941233773899
India,Rice,RiceAEZ09,RiceAEZ09,1990,SO2_AWB,0.000565908941190906
India,Rice,RiceAEZ10,RiceAEZ10,1990,SO2_AWB,9.8930127699614e-05
India,Rice,RiceAEZ11,RiceAEZ11,1990,SO2_AWB,8.00239408468932e-05
India,Rice,RiceAEZ12,RiceAEZ12,1990,SO2_AWB,5.70593614689355e-05
India,Rice,RiceAEZ13,RiceAEZ13,1990,SO2_AWB,1.14314450088692e-07
India,Rice,RiceAEZ14,RiceAEZ14,1990,SO2_AWB,4.4532135175113e-07
India,Rice,RiceAEZ15,RiceAEZ15,1990,SO2_AWB,3.23370635183955e-06
India,Rice,RiceAEZ16,RiceAEZ16,1990,SO2_AWB,7.15651306345072e-07
India,Root_Tuber,Root_TuberAEZ01,Root_TuberAEZ01,1990,SO2_AWB,2.92765502344961e-06
India,Root_Tuber,Root_TuberAEZ02,Root_TuberAEZ02,1990,SO2_AWB,4.02313005635477e-05
India,Root_Tuber,Root_TuberAEZ03,Root_TuberAEZ03,1990,SO2_AWB,0.000578156557932312
India,Root_Tuber,Root_TuberAEZ04,Root_TuberAEZ04,1990,SO2_AWB,0.000619715482863587
India,Root_Tuber,Root_TuberAEZ05,Root_TuberAEZ05,1990,SO2_AWB,0.000339164830487813
India,Root_Tuber,Root_TuberAEZ06,Root_TuberAEZ06,1990,SO2_AWB,2.45635278406961e-05
India,Root_Tuber,Root_TuberAEZ07,Root_TuberAEZ07,1990,SO2_AWB,1.90894780145142e-05
India,Root_Tuber,Root_TuberAEZ08,Root_TuberAEZ08,1990,SO2_AWB,0.000142767361888306
India,Root_Tuber,Root_TuberAEZ09,Root_TuberAEZ09,1990,SO2_AWB,0.000169704570530005
India,Root_Tuber,Root_TuberAEZ10,Root_TuberAEZ10,1990,SO2_AWB,1.61690165801345e-05
India,Root_Tuber,Root_TuberAEZ11,Root_TuberAEZ11,1990,SO2_AWB,3.26418605024108e-05
India,Root_Tuber,Root_TuberAEZ12,Root_TuberAEZ12,1990,SO2_AWB,1.10179996216304e-05
India,Root_Tuber,Root_TuberAEZ13,Root_TuberAEZ13,1990,SO2_AWB,2.02099134442117e-07
India,Root_Tuber,Root_TuberAEZ14,Root_TuberAEZ14,1990,SO2_AWB,9.84707334034625e-08
India,Root_Tuber,Root_TuberAEZ15,Root_TuberAEZ15,1990,SO2_AWB,3.16925103372962e-07
India,Root_Tuber,Root_TuberAEZ16,Root_TuberAEZ16,1990,SO2_AWB,5.06062204679268e-07
India,SugarCrop,SugarCropAEZ01,SugarCropAEZ01,1990,SO2_AWB,2.8677451535677e-05
India,SugarCrop,SugarCropAEZ02,SugarCropAEZ02,1990,SO2_AWB,0.000159148298778609
India,SugarCrop,SugarCropAEZ03,SugarCropAEZ03,1990,SO2_AWB,0.0111056608781363
India,SugarCrop,SugarCropAEZ04,SugarCropAEZ04,1990,SO2_AWB,0.00388187509372572
India,SugarCrop,SugarCropAEZ05,SugarCropAEZ05,1990,SO2_AWB,0.000158548060824324
India,SugarCrop,SugarCropAEZ06,SugarCropAEZ06,1990,SO2_AWB,6.2514037081036e-05
India,SugarCrop,SugarCropAEZ07,SugarCropAEZ07,1990,SO2_AWB,3.14245524121372e-05
India,SugarCrop,SugarCropAEZ08,SugarCropAEZ08,1990,SO2_AWB,0.00134791495002627
India,SugarCrop,SugarCropAEZ09,SugarCropAEZ09,1990,SO2_AWB,0.00330372816924827
India,SugarCrop,SugarCropAEZ10,SugarCropAEZ10,1990,SO2_AWB,0.000228470739079103
India,SugarCrop,SugarCropAEZ11,SugarCropAEZ11,1990,SO2_AWB,8.04819648988631e-05
India,SugarCrop,SugarCropAEZ12,SugarCropAEZ12,1990,SO2_AWB,6.39320903687761e-06
India,SugarCrop,SugarCropAEZ13,SugarCropAEZ13,1990,SO2_AWB,2.63891597653389e-07
India,SugarCrop,SugarCropAEZ14,SugarCropAEZ14,1990,SO2_AWB,2.73481198106473e-08
India,SugarCrop,SugarCropAEZ15,SugarCropAEZ15,1990,SO2_AWB,0
India,SugarCrop,SugarCropAEZ16,SugarCropAEZ16,1990,SO2_AWB,0
India,Wheat,WheatAEZ01,WheatAEZ01,1990,SO2_AWB,1.04952449267898e-05
India,Wheat,WheatAEZ02,WheatAEZ02,1990,SO2_AWB,0.000116387069450113
India,Wheat,WheatAEZ03,WheatAEZ03,1990,SO2_AWB,0.0015708282405199
India,Wheat,WheatAEZ04,WheatAEZ04,1990,SO2_AWB,0.00029275133296818
India,Wheat,WheatAEZ05,WheatAEZ05,1990,SO2_AWB,1.85807939778792e-05
India,Wheat,WheatAEZ06,WheatAEZ06,1990,SO2_AWB,1.81465926604479e-06
India,Wheat,WheatAEZ07,WheatAEZ07,1990,SO2_AWB,0.000192908440129476
India,Wheat,WheatAEZ08,WheatAEZ08,1990,SO2_AWB,0.0015473242944385
India,Wheat,WheatAEZ09,WheatAEZ09,1990,SO2_AWB,0.000885885309691141
India,Wheat,WheatAEZ10,WheatAEZ10,1990,SO2_AWB,7.36149339241966e-05
India,Wheat,WheatAEZ11,WheatAEZ11,1990,SO2_AWB,3.26222412119179e-05
India,Wheat,WheatAEZ12,WheatAEZ12,1990,SO2_AWB,5.06637916953552e-06
India,Wheat,WheatAEZ13,WheatAEZ13,1990,SO2_AWB,9.51923646512461e-08
India,Wheat,WheatAEZ14,WheatAEZ14,1990,SO2_AWB,3.40155848739606e-07
India,Wheat,WheatAEZ15,WheatAEZ15,1990,SO2_AWB,6.6756091298659e-07
India,Wheat,WheatAEZ16,WheatAEZ16,1990,SO2_AWB,9.07599490895262e-07
Indonesia,Corn,CornAEZ04,CornAEZ04,1990,CH4_AWB,0.00146686856273107
Indonesia,Corn,CornAEZ05,CornAEZ05,1990,CH4_AWB,0.00258580135475323
Indonesia,Corn,CornAEZ06,CornAEZ06,1990,CH4_AWB,0.00456280720524366
Indonesia,FiberCrop,FiberCropAEZ04,FiberCropAEZ04,1990,CH4_AWB,8.75114512032645e-07
Indonesia,FiberCrop,FiberCropAEZ05,FiberCropAEZ05,1990,CH4_AWB,2.57755395910496e-06
Indonesia,FiberCrop,FiberCropAEZ06,FiberCropAEZ06,1990,CH4_AWB,3.13016590639792e-05
Indonesia,FodderGrass,FodderGrassAEZ04,FodderGrassAEZ04,1990,CH4_AWB,0
Indonesia,FodderGrass,FodderGrassAEZ05,FodderGrassAEZ05,1990,CH4_AWB,0
Indonesia,FodderGrass,FodderGrassAEZ06,FodderGrassAEZ06,1990,CH4_AWB,0
Indonesia,FodderHerb,FodderHerbAEZ04,FodderHerbAEZ04,1990,CH4_AWB,0
Indonesia,FodderHerb,FodderHerbAEZ05,FodderHerbAEZ05,1990,CH4_AWB,0
Indonesia,FodderHerb,FodderHerbAEZ06,FodderHerbAEZ06,1990,CH4_AWB,0
Indonesia,MiscCrop,MiscCropAEZ04,MiscCropAEZ04,1990,CH4_AWB,0.000354931274907101
Indonesia,MiscCrop,MiscCropAEZ05,MiscCropAEZ05,1990,CH4_AWB,0.00145813309778291
Indonesia,MiscCrop,MiscCropAEZ06,MiscCropAEZ06,1990,CH4_AWB,0.0123212827205072
Indonesia,OilCrop,OilCropAEZ04,OilCropAEZ04,1990,CH4_AWB,0.000218165215165126
Indonesia,OilCrop,OilCropAEZ05,OilCropAEZ05,1990,CH4_AWB,0.000616226976099722
Indonesia,OilCrop,OilCropAEZ06,OilCropAEZ06,1990,CH4_AWB,0.00260981809844215
Indonesia,OtherGrain,OtherGrainAEZ04,OtherGrainAEZ04,1990,CH4_AWB,0
Indonesia,OtherGrain,OtherGrainAEZ05,OtherGrainAEZ05,1990,CH4_AWB,0
Indonesia,OtherGrain,OtherGrainAEZ06,OtherGrainAEZ06,1990,CH4_AWB,0
Indonesia,PalmFruit,PalmFruitAEZ04,PalmFruitAEZ04,1990,CH4_AWB,0.00066077636745698
Indonesia,PalmFruit,PalmFruitAEZ05,PalmFruitAEZ05,1990,CH4_AWB,0.0018714851032761
Indonesia,PalmFruit,PalmFruitAEZ06,PalmFruitAEZ06,1990,CH4_AWB,0.0262205988172679
Indonesia,Rice,RiceAEZ04,RiceAEZ04,1990,CH4_AWB,0.00238273893697981
Indonesia,Rice,RiceAEZ05,RiceAEZ05,1990,CH4_AWB,0.01410689282396
Indonesia,Rice,RiceAEZ06,RiceAEZ06,1990,CH4_AWB,0.0381427568213837
Indonesia,Root_Tuber,Root_TuberAEZ04,Root_TuberAEZ04,1990,CH4_AWB,0.00222076349628522
Indonesia,Root_Tuber,Root_TuberAEZ05,Root_TuberAEZ05,1990,CH4_AWB,0.00573245293034693
Indonesia,Root_Tuber,Root_TuberAEZ06,Root_TuberAEZ06,1990,CH4_AWB,0.015367111095518
Indonesia,SugarCrop,SugarCropAEZ04,SugarCropAEZ04,1990,CH4_AWB,0.000862702713722922
Indonesia,SugarCrop,SugarCropAEZ05,SugarCropAEZ05,1990,CH4_AWB,0.00247885049245574
Indonesia,SugarCrop,SugarCropAEZ06,SugarCropAEZ06,1990,CH4_AWB,0.0317240815681793
Indonesia,Wheat,WheatAEZ04,WheatAEZ04,1990,CH4_AWB,0
Indonesia,Wheat,WheatAEZ05,WheatAEZ05,1990,CH4_AWB,0
Indonesia,Wheat,WheatAEZ06,WheatAEZ06,1990,CH4_AWB,0
Indonesia,Corn,CornAEZ04,CornAEZ04,1990,CO_AWB,0.0680172982361608
Indonesia,Corn,CornAEZ05,CornAEZ05,1990,CO_AWB,0.11990114615195
Indonesia,Corn,CornAEZ06,CornAEZ06,1990,CO_AWB,0.211573024576477
Indonesia,FiberCrop,FiberCropAEZ04,FiberCropAEZ04,1990,CO_AWB,4.05782264805613e-05
Indonesia,FiberCrop,FiberCropAEZ05,FiberCropAEZ05,1990,CO_AWB,0.000119518722270403
Indonesia,FiberCrop,FiberCropAEZ06,FiberCropAEZ06,1990,CO_AWB,0.00145142811969285
Indonesia,FodderGrass,FodderGrassAEZ04,FodderGrassAEZ04,1990,CO_AWB,0
Indonesia,FodderGrass,FodderGrassAEZ05,FodderGrassAEZ05,1990,CO_AWB,0
Indonesia,FodderGrass,FodderGrassAEZ06,FodderGrassAEZ06,1990,CO_AWB,0
Indonesia,FodderHerb,FodderHerbAEZ04,FodderHerbAEZ04,1990,CO_AWB,0
Indonesia,FodderHerb,FodderHerbAEZ05,FodderHerbAEZ05,1990,CO_AWB,0
Indonesia,FodderHerb,FodderHerbAEZ06,FodderHerbAEZ06,1990,CO_AWB,0
Indonesia,MiscCrop,MiscCropAEZ04,MiscCropAEZ04,1990,CO_AWB,0.0164578251876566
Indonesia,MiscCrop,MiscCropAEZ05,MiscCropAEZ05,1990,CO_AWB,0.0676122430460051
Indonesia,MiscCrop,MiscCropAEZ06,MiscCropAEZ06,1990,CO_AWB,0.571326145194948
Indonesia,OilCrop,OilCropAEZ04,OilCropAEZ04,1990,CO_AWB,0.0101161132508115
Indonesia,OilCrop,OilCropAEZ05,OilCropAEZ05,1990,CO_AWB,0.0285738579989097
Indonesia,OilCrop,OilCropAEZ06,OilCropAEZ06,1990,CO_AWB,0.121014779683717
Indonesia,OtherGrain,OtherGrainAEZ04,OtherGrainAEZ04,1990,CO_AWB,0
Indonesia,OtherGrain,OtherGrainAEZ05,OtherGrainAEZ05,1990,CO_AWB,0
Indonesia,OtherGrain,OtherGrainAEZ06,OtherGrainAEZ06,1990,CO_AWB,0
Indonesia,PalmFruit,PalmFruitAEZ04,PalmFruitAEZ04,1990,CO_AWB,0.030639570848154
Indonesia,PalmFruit,PalmFruitAEZ05,PalmFruitAEZ05,1990,CO_AWB,0.0867789818721476
Indonesia,PalmFruit,PalmFruitAEZ06,PalmFruitAEZ06,1990,CO_AWB,1.21582419515784
Indonesia,Rice,RiceAEZ04,RiceAEZ04,1990,CO_AWB,0.110485335232576
Indonesia,Rice,RiceAEZ05,RiceAEZ05,1990,CO_AWB,0.654123185111002
Indonesia,Rice,RiceAEZ06,RiceAEZ06,1990,CO_AWB,1.7686433073725
Indonesia,Root_Tuber,Root_TuberAEZ04,Root_TuberAEZ04,1990,CO_AWB,0.102974688309892
Indonesia,Root_Tuber,Root_TuberAEZ05,Root_TuberAEZ05,1990,CO_AWB,0.265808382901206
Indonesia,Root_Tuber,Root_TuberAEZ06,Root_TuberAEZ06,1990,CO_AWB,0.712558306155271
Indonesia,SugarCrop,SugarCropAEZ04,SugarCropAEZ04,1990,CO_AWB,0.0400027032136998
Indonesia,SugarCrop,SugarCropAEZ05,SugarCropAEZ05,1990,CO_AWB,0.11494193652518
Indonesia,SugarCrop,SugarCropAEZ06,SugarCropAEZ06,1990,CO_AWB,1.47101544890546
Indonesia,Wheat,WheatAEZ04,WheatAEZ04,1990,CO_AWB,0
Indonesia,Wheat,WheatAEZ05,WheatAEZ05,1990,CO_AWB,0
Indonesia,Wheat,WheatAEZ06,WheatAEZ06,1990,CO_AWB,0
Indonesia,Corn,CornAEZ04,CornAEZ04,1990,N2O_AWB,3.79814181421437e-05
Indonesia,Corn,CornAEZ05,CornAEZ05,1990,N2O_AWB,6.69537850784319e-05
Indonesia,Corn,CornAEZ06,CornAEZ06,1990,N2O_AWB,0.000118144115135773
Indonesia,FiberCrop,FiberCropAEZ04,FiberCropAEZ04,1990,N2O_AWB,2.26592150437024e-08
Indonesia,FiberCrop,FiberCropAEZ05,FiberCropAEZ05,1990,N2O_AWB,6.67402364411107e-08
Indonesia,FiberCrop,FiberCropAEZ06,FiberCropAEZ06,1990,N2O_AWB,8.10489386478033e-07
Indonesia,FodderGrass,FodderGrassAEZ04,FodderGrassAEZ04,1990,N2O_AWB,0
Indonesia,FodderGrass,FodderGrassAEZ05,FodderGrassAEZ05,1990,N2O_AWB,0
Indonesia,FodderGrass,FodderGrassAEZ06,FodderGrassAEZ06,1990,N2O_AWB,0
Indonesia,FodderHerb,FodderHerbAEZ04,FodderHerbAEZ04,1990,N2O_AWB,0
Indonesia,FodderHerb,FodderHerbAEZ05,FodderHerbAEZ05,1990,N2O_AWB,0
Indonesia,FodderHerb,FodderHerbAEZ06,FodderHerbAEZ06,1990,N2O_AWB,0
Indonesia,MiscCrop,MiscCropAEZ04,MiscCropAEZ04,1990,N2O_AWB,9.19018479670171e-06
Indonesia,MiscCrop,MiscCropAEZ05,MiscCropAEZ05,1990,N2O_AWB,3.77552319961646e-05
Indonesia,MiscCrop,MiscCropAEZ06,MiscCropAEZ06,1990,N2O_AWB,0.000319033213298848
Indonesia,OilCrop,OilCropAEZ04,OilCropAEZ04,1990,N2O_AWB,5.64892074981129e-06
Indonesia,OilCrop,OilCropAEZ05,OilCropAEZ05,1990,N2O_AWB,1.59558770597249e-05
Indonesia,OilCrop,OilCropAEZ06,OilCropAEZ06,1990,N2O_AWB,6.75756471918057e-05
Indonesia,OtherGrain,OtherGrainAEZ04,OtherGrainAEZ04,1990,N2O_AWB,0
Indonesia,OtherGrain,OtherGrainAEZ05,OtherGrainAEZ05,1990,N2O_AWB,0
Indonesia,OtherGrain,OtherGrainAEZ06,OtherGrainAEZ06,1990,N2O_AWB,0
Indonesia,PalmFruit,PalmFruitAEZ04,PalmFruitAEZ04,1990,N2O_AWB,1.71093880859397e-05
Indonesia,PalmFruit,PalmFruitAEZ05,PalmFruitAEZ05,1990,N2O_AWB,4.84580964241132e-05
Indonesia,PalmFruit,PalmFruitAEZ06,PalmFruitAEZ06,1990,N2O_AWB,0.000678926219375687
Indonesia,Rice,RiceAEZ04,RiceAEZ04,1990,N2O_AWB,6.16959189039416e-05
Indonesia,Rice,RiceAEZ05,RiceAEZ05,1990,N2O_AWB,0.000365267760620393
Indonesia,Rice,RiceAEZ06,RiceAEZ06,1990,N2O_AWB,0.000987624953410828
Indonesia,Root_Tuber,Root_TuberAEZ04,Root_TuberAEZ04,1990,N2O_AWB,5.75019119573852e-05
Indonesia,Root_Tuber,Root_TuberAEZ05,Root_TuberAEZ05,1990,N2O_AWB,0.000148429584803626
Indonesia,Root_Tuber,Root_TuberAEZ06,Root_TuberAEZ06,1990,N2O_AWB,0.000397898412294664
Indonesia,SugarCrop,SugarCropAEZ04,SugarCropAEZ04,1990,N2O_AWB,2.23378381231828e-05
Indonesia,SugarCrop,SugarCropAEZ05,SugarCropAEZ05,1990,N2O_AWB,6.41845216796576e-05
Indonesia,SugarCrop,SugarCropAEZ06,SugarCropAEZ06,1990,N2O_AWB,0.000821427112033214
Indonesia,Wheat,WheatAEZ04,WheatAEZ04,1990,N2O_AWB,0
Indonesia,Wheat,WheatAEZ05,WheatAEZ05,1990,N2O_AWB,0
Indonesia,Wheat,WheatAEZ06,WheatAEZ06,1990,N2O_AWB,0
Indonesia,Corn,CornAEZ04,CornAEZ04,1990,NH3_AWB,0.000705493927789704
Indonesia,Corn,CornAEZ05,CornAEZ05,1990,NH3_AWB,0.00124364731823846
Indonesia,Corn,CornAEZ06,CornAEZ06,1990,NH3_AWB,0.00219449298918862
Indonesia,FiberCrop,FiberCropAEZ04,FiberCropAEZ04,1990,NH3_AWB,4.20888408168082e-07
Indonesia,FiberCrop,FiberCropAEZ05,FiberCropAEZ05,1990,NH3_AWB,1.23968071366477e-06
Indonesia,FiberCrop,FiberCropAEZ06,FiberCropAEZ06,1990,NH3_AWB,1.50546074545805e-05
Indonesia,FodderGrass,FodderGrassAEZ04,FodderGrassAEZ04,1990,NH3_AWB,0
Indonesia,FodderGrass,FodderGrassAEZ05,FodderGrassAEZ05,1990,NH3_AWB,0
Indonesia,FodderGrass,FodderGrassAEZ06,FodderGrassAEZ06,1990,NH3_AWB,0
Indonesia,FodderHerb,FodderHerbAEZ04,FodderHerbAEZ04,1990,NH3_AWB,0
Indonesia,FodderHerb,FodderHerbAEZ05,FodderHerbAEZ05,1990,NH3_AWB,0
Indonesia,FodderHerb,FodderHerbAEZ06,FodderHerbAEZ06,1990,NH3_AWB,0
Indonesia,MiscCrop,MiscCropAEZ04,MiscCropAEZ04,1990,NH3_AWB,0.000170705041741034
Indonesia,MiscCrop,MiscCropAEZ05,MiscCropAEZ05,1990,NH3_AWB,0.00070129258512416
Indonesia,MiscCrop,MiscCropAEZ06,MiscCropAEZ06,1990,NH3_AWB,0.00592595026081538
Indonesia,OilCrop,OilCropAEZ04,OilCropAEZ04,1990,NH3_AWB,0.000104927079674656
Indonesia,OilCrop,OilCropAEZ05,OilCropAEZ05,1990,NH3_AWB,0.000296375831362247
Indonesia,OilCrop,OilCropAEZ06,OilCropAEZ06,1990,NH3_AWB,0.00125519822829837
Indonesia,OtherGrain,OtherGrainAEZ04,OtherGrainAEZ04,1990,NH3_AWB,0
Indonesia,OtherGrain,OtherGrainAEZ05,OtherGrainAEZ05,1990,NH3_AWB,0
Indonesia,OtherGrain,OtherGrainAEZ06,OtherGrainAEZ06,1990,NH3_AWB,0
Indonesia,PalmFruit,PalmFruitAEZ04,PalmFruitAEZ04,1990,NH3_AWB,0.0003178019672055
Indonesia,PalmFruit,PalmFruitAEZ05,PalmFruitAEZ05,1990,NH3_AWB,0.000900095216337551
Indonesia,PalmFruit,PalmFruitAEZ06,PalmFruitAEZ06,1990,NH3_AWB,0.0126108594311622
Indonesia,Rice,RiceAEZ04,RiceAEZ04,1990,NH3_AWB,0.00114598396492839
Indonesia,Rice,RiceAEZ05,RiceAEZ05,1990,NH3_AWB,0.00678474369152361
Indonesia,Rice,RiceAEZ06,RiceAEZ06,1990,NH3_AWB,0.0183448497093322
Indonesia,Root_Tuber,Root_TuberAEZ04,Root_TuberAEZ04,1990,NH3_AWB,0.00106808149107051
Indonesia,Root_Tuber,Root_TuberAEZ05,Root_TuberAEZ05,1990,NH3_AWB,0.00275703688554781
Indonesia,Root_Tuber,Root_TuberAEZ06,Root_TuberAEZ06,1990,NH3_AWB,0.00739084866974916
Indonesia,SugarCrop,SugarCropAEZ04,SugarCropAEZ04,1990,NH3_AWB,0.00041491892421912
Indonesia,SugarCrop,SugarCropAEZ05,SugarCropAEZ05,1990,NH3_AWB,0.00119220904637157
Indonesia,SugarCrop,SugarCropAEZ06,SugarCropAEZ06,1990,NH3_AWB,0.0152577725637434
Indonesia,Wheat,WheatAEZ04,WheatAEZ04,1990,NH3_AWB,0
Indonesia,Wheat,WheatAEZ05,WheatAEZ05,1990,NH3_AWB,0
Indonesia,Wheat,WheatAEZ06,WheatAEZ06,1990,NH3_AWB,0
Indonesia,Corn,CornAEZ04,CornAEZ04,1990,NMVOC_AWB,0.00379814181421437
Indonesia,Corn,CornAEZ05,CornAEZ05,1990,NMVOC_AWB,0.00669537850784319
Indonesia,Corn,CornAEZ06,CornAEZ06,1990,NMVOC_AWB,0.0118144115135773
Indonesia,FiberCrop,FiberCropAEZ04,FiberCropAEZ04,1990,NMVOC_AWB,2.26592150437024e-06
Indonesia,FiberCrop,FiberCropAEZ05,FiberCropAEZ05,1990,NMVOC_AWB,6.67402364411107e-06
Indonesia,FiberCrop,FiberCropAEZ06,FiberCropAEZ06,1990,NMVOC_AWB,8.10489386478033e-05
Indonesia,FodderGrass,FodderGrassAEZ04,FodderGrassAEZ04,1990,NMVOC_AWB,0
Indonesia,FodderGrass,FodderGrassAEZ05,FodderGrassAEZ05,1990,NMVOC_AWB,0
Indonesia,FodderGrass,FodderGrassAEZ06,FodderGrassAEZ06,1990,NMVOC_AWB,0
Indonesia,FodderHerb,FodderHerbAEZ04,FodderHerbAEZ04,1990,NMVOC_AWB,0
Indonesia,FodderHerb,FodderHerbAEZ05,FodderHerbAEZ05,1990,NMVOC_AWB,0
Indonesia,FodderHerb,FodderHerbAEZ06,FodderHerbAEZ06,1990,NMVOC_AWB,0
Indonesia,MiscCrop,MiscCropAEZ04,MiscCropAEZ04,1990,NMVOC_AWB,0.000919018479670171
Indonesia,MiscCrop,MiscCropAEZ05,MiscCropAEZ05,1990,NMVOC_AWB,0.00377552319961646
Indonesia,MiscCrop,MiscCropAEZ06,MiscCropAEZ06,1990,NMVOC_AWB,0.0319033213298848
Indonesia,OilCrop,OilCropAEZ04,OilCropAEZ04,1990,NMVOC_AWB,0.000564892074981129
Indonesia,OilCrop,OilCropAEZ05,OilCropAEZ05,1990,NMVOC_AWB,0.00159558770597249
Indonesia,OilCrop,OilCropAEZ06,OilCropAEZ06,1990,NMVOC_AWB,0.00675756471918058
Indonesia,OtherGrain,OtherGrainAEZ04,OtherGrainAEZ04,1990,NMVOC_AWB,0
Indonesia,OtherGrain,OtherGrainAEZ05,OtherGrainAEZ05,1990,NMVOC_AWB,0
Indonesia,OtherGrain,OtherGrainAEZ06,OtherGrainAEZ06,1990,NMVOC_AWB,0
Indonesia,PalmFruit,PalmFruitAEZ04,PalmFruitAEZ04,1990,NMVOC_AWB,0.00171093880859397
Indonesia,PalmFruit,PalmFruitAEZ05,PalmFruitAEZ05,1990,NMVOC_AWB,0.00484580964241132
Indonesia,PalmFruit,PalmFruitAEZ06,PalmFruitAEZ06,1990,NMVOC_AWB,0.0678926219375687
Indonesia,Rice,RiceAEZ04,RiceAEZ04,1990,NMVOC_AWB,0.00616959189039416
Indonesia,Rice,RiceAEZ05,RiceAEZ05,1990,NMVOC_AWB,0.0365267760620393
Indonesia,Rice,RiceAEZ06,RiceAEZ06,1990,NMVOC_AWB,0.0987624953410829
Indonesia,Root_Tuber,Root_TuberAEZ04,Root_TuberAEZ04,1990,NMVOC_AWB,0.00575019119573852
Indonesia,Root_Tuber,Root_TuberAEZ05,Root_TuberAEZ05,1990,NMVOC_AWB,0.0148429584803626
Indonesia,Root_Tuber,Root_TuberAEZ06,Root_TuberAEZ06,1990,NMVOC_AWB,0.0397898412294664
Indonesia,SugarCrop,SugarCropAEZ04,SugarCropAEZ04,1990,NMVOC_AWB,0.00223378381231828
Indonesia,SugarCrop,SugarCropAEZ05,SugarCropAEZ05,1990,NMVOC_AWB,0.00641845216796576
Indonesia,SugarCrop,SugarCropAEZ06,SugarCropAEZ06,1990,NMVOC_AWB,0.0821427112033214
Indonesia,Wheat,WheatAEZ04,WheatAEZ04,1990,NMVOC_AWB,0
Indonesia,Wheat,WheatAEZ05,WheatAEZ05,1990,NMVOC_AWB,0
Indonesia,Wheat,WheatAEZ06,WheatAEZ06,1990,NMVOC_AWB,0
Indonesia,Corn,CornAEZ04,CornAEZ04,1990,NOx_AWB,0.00206060107621745
Indonesia,Corn,CornAEZ05,CornAEZ05,1990,NOx_AWB,0.00363243523643906
Indonesia,Corn,CornAEZ06,CornAEZ06,1990,NOx_AWB,0.00640965774069943
Indonesia,FiberCrop,FiberCropAEZ04,FiberCropAEZ04,1990,NOx_AWB,1.22932752880776e-06
Indonesia,FiberCrop,FiberCropAEZ05,FiberCropAEZ05,1990,NOx_AWB,3.62084960921888e-06
Indonesia,FiberCrop,FiberCropAEZ06,FiberCropAEZ06,1990,NOx_AWB,4.39713782089232e-05
Indonesia,FodderGrass,FodderGrassAEZ04,FodderGrassAEZ04,1990,NOx_AWB,0
Indonesia,FodderGrass,FodderGrassAEZ05,FodderGrassAEZ05,1990,NOx_AWB,0
Indonesia,FodderGrass,FodderGrassAEZ06,FodderGrassAEZ06,1990,NOx_AWB,0
Indonesia,FodderHerb,FodderHerbAEZ04,FodderHerbAEZ04,1990,NOx_AWB,0
Indonesia,FodderHerb,FodderHerbAEZ05,FodderHerbAEZ05,1990,NOx_AWB,0
Indonesia,FodderHerb,FodderHerbAEZ06,FodderHerbAEZ06,1990,NOx_AWB,0
Indonesia,MiscCrop,MiscCropAEZ04,MiscCropAEZ04,1990,NOx_AWB,0.00049859393379807
Indonesia,MiscCrop,MiscCropAEZ05,MiscCropAEZ05,1990,NOx_AWB,0.00204832982783789
Indonesia,MiscCrop,MiscCropAEZ06,MiscCropAEZ06,1990,NOx_AWB,0.0173084685835697
Indonesia,OilCrop,OilCropAEZ04,OilCropAEZ04,1990,NOx_AWB,0.000306470183208153
Indonesia,OilCrop,OilCropAEZ05,OilCropAEZ05,1990,NOx_AWB,0.000865652180711514
Indonesia,OilCrop,OilCropAEZ06,OilCropAEZ06,1990,NOx_AWB,0.00366617304304969
Indonesia,OtherGrain,OtherGrainAEZ04,OtherGrainAEZ04,1990,NOx_AWB,0
Indonesia,OtherGrain,OtherGrainAEZ05,OtherGrainAEZ05,1990,NOx_AWB,0
Indonesia,OtherGrain,OtherGrainAEZ06,OtherGrainAEZ06,1990,NOx_AWB,0
Indonesia,PalmFruit,PalmFruitAEZ04,PalmFruitAEZ04,1990,NOx_AWB,0.00092823346857052
Indonesia,PalmFruit,PalmFruitAEZ05,PalmFruitAEZ05,1990,NOx_AWB,0.00262899097841166
Indonesia,PalmFruit,PalmFruitAEZ06,PalmFruitAEZ06,1990,NOx_AWB,0.036833698338543
Indonesia,Rice,RiceAEZ04,RiceAEZ04,1990,NOx_AWB,0.00334718088766212
Indonesia,Rice,RiceAEZ05,RiceAEZ05,1990,NOx_AWB,0.0198168256336581
Indonesia,Rice,RiceAEZ06,RiceAEZ06,1990,NOx_AWB,0.0535814917252771
Indonesia,Root_Tuber,Root_TuberAEZ04,Root_TuberAEZ04,1990,NOx_AWB,0.00311964395906734
Indonesia,Root_Tuber,Root_TuberAEZ05,Root_TuberAEZ05,1990,NOx_AWB,0.00805273149739212
Indonesia,Root_Tuber,Root_TuberAEZ06,Root_TuberAEZ06,1990,NOx_AWB,0.0215871322532277
Indonesia,SugarCrop,SugarCropAEZ04,SugarCropAEZ04,1990,NOx_AWB,0.00121189190737268
Indonesia,SugarCrop,SugarCropAEZ05,SugarCropAEZ05,1990,NOx_AWB,0.00348219473940212
Indonesia,SugarCrop,SugarCropAEZ06,SugarCropAEZ06,1990,NOx_AWB,0.0445647812505376
Indonesia,Wheat,WheatAEZ04,WheatAEZ04,1990,NOx_AWB,0
Indonesia,Wheat,WheatAEZ05,WheatAEZ05,1990,NOx_AWB,0
Indonesia,Wheat,WheatAEZ06,WheatAEZ06,1990,NOx_AWB,0
Indonesia,Corn,CornAEZ04,CornAEZ04,1990,SO2_AWB,0.000417359031538958
Indonesia,Corn,CornAEZ05,CornAEZ05,1990,SO2_AWB,0.000735722052126217
Indonesia,Corn,CornAEZ06,CornAEZ06,1990,SO2_AWB,0.00129822728815861
Indonesia,FiberCrop,FiberCropAEZ04,FiberCropAEZ04,1990,SO2_AWB,2.48990914733098e-07
Indonesia,FiberCrop,FiberCropAEZ05,FiberCropAEZ05,1990,SO2_AWB,7.33375471697722e-07
Indonesia,FiberCrop,FiberCropAEZ06,FiberCropAEZ06,1990,SO2_AWB,8.90606728129885e-06
Indonesia,FodderGrass,FodderGrassAEZ04,FodderGrassAEZ04,1990,SO2_AWB,0
Indonesia,FodderGrass,FodderGrassAEZ05,FodderGrassAEZ05,1990,SO2_AWB,0
Indonesia,FodderGrass,FodderGrassAEZ06,FodderGrassAEZ06,1990,SO2_AWB,0
Indonesia,FodderHerb,FodderHerbAEZ04,FodderHerbAEZ04,1990,SO2_AWB,0
Indonesia,FodderHerb,FodderHerbAEZ05,FodderHerbAEZ05,1990,SO2_AWB,0
Indonesia,FodderHerb,FodderHerbAEZ06,FodderHerbAEZ06,1990,SO2_AWB,0
Indonesia,MiscCrop,MiscCropAEZ04,MiscCropAEZ04,1990,SO2_AWB,0.000100986398455711
Indonesia,MiscCrop,MiscCropAEZ05,MiscCropAEZ05,1990,SO2_AWB,0.000414873583773946
Indonesia,MiscCrop,MiscCropAEZ06,MiscCropAEZ06,1990,SO2_AWB,0.0035056982978586
Indonesia,OilCrop,OilCropAEZ04,OilCropAEZ04,1990,SO2_AWB,6.20731981243631e-05
Indonesia,OilCrop,OilCropAEZ05,OilCropAEZ05,1990,SO2_AWB,0.00017533124677123
Indonesia,OilCrop,OilCropAEZ06,OilCropAEZ06,1990,SO2_AWB,0.000742555387532946
Indonesia,OtherGrain,OtherGrainAEZ04,OtherGrainAEZ04,1990,SO2_AWB,0
Indonesia,OtherGrain,OtherGrainAEZ05,OtherGrainAEZ05,1990,SO2_AWB,0
Indonesia,OtherGrain,OtherGrainAEZ06,OtherGrainAEZ06,1990,SO2_AWB,0
Indonesia,PalmFruit,PalmFruitAEZ04,PalmFruitAEZ04,1990,SO2_AWB,0.000188006609312165
Indonesia,PalmFruit,PalmFruitAEZ05,PalmFruitAEZ05,1990,SO2_AWB,0.000532482071051175
Indonesia,PalmFruit,PalmFruitAEZ06,PalmFruitAEZ06,1990,SO2_AWB,0.00746038466348456
Indonesia,Rice,RiceAEZ04,RiceAEZ04,1990,SO2_AWB,0.000677945959450208
Indonesia,Rice,RiceAEZ05,RiceAEZ05,1990,SO2_AWB,0.00401374688681719
Indonesia,Rice,RiceAEZ06,RiceAEZ06,1990,SO2_AWB,0.0108525224765604
Indonesia,Root_Tuber,Root_TuberAEZ04,Root_TuberAEZ04,1990,SO2_AWB,0.000631860090014486
Indonesia,Root_Tuber,Root_TuberAEZ05,Root_TuberAEZ05,1990,SO2_AWB,0.00163101934565823
Indonesia,Root_Tuber,Root_TuberAEZ06,Root_TuberAEZ06,1990,SO2_AWB,0.0043723089902724
Indonesia,SugarCrop,SugarCropAEZ04,SugarCropAEZ04,1990,SO2_AWB,0.000245459462594974
Indonesia,SugarCrop,SugarCropAEZ05,SugarCropAEZ05,1990,SO2_AWB,0.000705291985353479
Indonesia,SugarCrop,SugarCropAEZ06,SugarCropAEZ06,1990,SO2_AWB,0.00902625654142244
Indonesia,Wheat,WheatAEZ04,WheatAEZ04,1990,SO2_AWB,0
Indonesia,Wheat,WheatAEZ05,WheatAEZ05,1990,SO2_AWB,0
Indonesia,Wheat,WheatAEZ06,WheatAEZ06,1990,SO2_AWB,0
Japan,Corn,CornAEZ09,CornAEZ09,1990,CH4_AWB,1.73097933017952e-07
Japan,Corn,CornAEZ10,CornAEZ10,1990,CH4_AWB,1.91523701740682e-06
Japan,Corn,CornAEZ11,CornAEZ11,1990,CH4_AWB,1.48181245437828e-06
Japan,Corn,CornAEZ12,CornAEZ12,1990,CH4_AWB,9.95044266229089e-07
Japan,Corn,CornAEZ15,CornAEZ15,1990,CH4_AWB,8.41851276628159e-08
Japan,FiberCrop,FiberCropAEZ09,FiberCropAEZ09,1990,CH4_AWB,0
Japan,FiberCrop,FiberCropAEZ10,FiberCropAEZ10,1990,CH4_AWB,0
Japan,FiberCrop,FiberCropAEZ11,FiberCropAEZ11,1990,CH4_AWB,0
Japan,FiberCrop,FiberCropAEZ12,FiberCropAEZ12,1990,CH4_AWB,0
Japan,FiberCrop,FiberCropAEZ15,FiberCropAEZ15,1990,CH4_AWB,0
Japan,FodderGrass,FodderGrassAEZ09,FodderGrassAEZ09,1990,CH4_AWB,3.71331984929726e-06
Japan,FodderGrass,FodderGrassAEZ10,FodderGrassAEZ10,1990,CH4_AWB,4.84443429275452e-05
Japan,FodderGrass,FodderGrassAEZ11,FodderGrassAEZ11,1990,CH4_AWB,3.88311291134563e-05
Japan,FodderGrass,FodderGrassAEZ12,FodderGrassAEZ12,1990,CH4_AWB,2.70670397238901e-05
Japan,FodderGrass,FodderGrassAEZ15,FodderGrassAEZ15,1990,CH4_AWB,2.02043606127544e-06
Japan,FodderHerb,FodderHerbAEZ09,FodderHerbAEZ09,1990,CH4_AWB,3.61920225424196e-06
Japan,FodderHerb,FodderHerbAEZ10,FodderHerbAEZ10,1990,CH4_AWB,4.46314320609065e-05
Japan,FodderHerb,FodderHerbAEZ11,FodderHerbAEZ11,1990,CH4_AWB,3.57416870020099e-05
Japan,FodderHerb,FodderHerbAEZ12,FodderHerbAEZ12,1990,CH4_AWB,2.45212079265851e-05
Japan,FodderHerb,FodderHerbAEZ15,FodderHerbAEZ15,1990,CH4_AWB,1.93177985884539e-06
Japan,MiscCrop,MiscCropAEZ09,MiscCropAEZ09,1990,CH4_AWB,8.21477256246063e-06
Japan,MiscCrop,MiscCropAEZ10,MiscCropAEZ10,1990,CH4_AWB,9.57187329211818e-05
Japan,MiscCrop,MiscCropAEZ11,MiscCropAEZ11,1990,CH4_AWB,7.54397111906828e-05
Japan,MiscCrop,MiscCropAEZ12,MiscCropAEZ12,1990,CH4_AWB,4.8210087352218e-05
Japan,MiscCrop,MiscCropAEZ15,MiscCropAEZ15,1990,CH4_AWB,4.38864987446099e-06
Japan,OilCrop,OilCropAEZ09,OilCropAEZ09,1990,CH4_AWB,7.65492973774268e-08
Japan,OilCrop,OilCropAEZ10,OilCropAEZ10,1990,CH4_AWB,1.13480405673387e-06
Japan,OilCrop,OilCropAEZ11,OilCropAEZ11,1990,CH4_AWB,1.09906209003553e-06
Japan,OilCrop,OilCropAEZ12,OilCropAEZ12,1990,CH4_AWB,1.03059841377175e-06
Japan,OilCrop,OilCropAEZ15,OilCropAEZ15,1990,CH4_AWB,4.1024030742432e-08
Japan,OtherGrain,OtherGrainAEZ09,OtherGrainAEZ09,1990,CH4_AWB,1.4083802764904e-07
Japan,OtherGrain,OtherGrainAEZ10,OtherGrainAEZ10,1990,CH4_AWB,1.73484985422126e-06
Japan,OtherGrain,OtherGrainAEZ11,OtherGrainAEZ11,1990,CH4_AWB,1.39532231078121e-06
Japan,OtherGrain,OtherGrainAEZ12,OtherGrainAEZ12,1990,CH4_AWB,9.68516877601023e-07
Japan,OtherGrain,OtherGrainAEZ15,OtherGrainAEZ15,1990,CH4_AWB,7.65495141574733e-08
Japan,PalmFruit,PalmFruitAEZ09,PalmFruitAEZ09,1990,CH4_AWB,0
Japan,PalmFruit,PalmFruitAEZ10,PalmFruitAEZ10,1990,CH4_AWB,0
Japan,PalmFruit,PalmFruitAEZ11,PalmFruitAEZ11,1990,CH4_AWB,0
Japan,PalmFruit,PalmFruitAEZ12,PalmFruitAEZ12,1990,CH4_AWB,0
Japan,PalmFruit,PalmFruitAEZ15,PalmFruitAEZ15,1990,CH4_AWB,0
Japan,Rice,RiceAEZ09,RiceAEZ09,1990,CH4_AWB,1.5621617963781e-06
Japan,Rice,RiceAEZ10,RiceAEZ10,1990,CH4_AWB,4.97569250059443e-05
Japan,Rice,RiceAEZ11,RiceAEZ11,1990,CH4_AWB,6.29114227326835e-05
Japan,Rice,RiceAEZ12,RiceAEZ12,1990,CH4_AWB,3.65805815640037e-05
Japan,Rice,RiceAEZ15,RiceAEZ15,1990,CH4_AWB,8.50911169227336e-07
Japan,Root_Tuber,Root_TuberAEZ09,Root_TuberAEZ09,1990,CH4_AWB,1.59190571926565e-06
Japan,Root_Tuber,Root_TuberAEZ10,Root_TuberAEZ10,1990,CH4_AWB,2.01993994651132e-05
Japan,Root_Tuber,Root_TuberAEZ11,Root_TuberAEZ11,1990,CH4_AWB,1.97286797507994e-05
Japan,Root_Tuber,Root_TuberAEZ12,Root_TuberAEZ12,1990,CH4_AWB,2.35056894896711e-05
Japan,Root_Tuber,Root_TuberAEZ15,Root_TuberAEZ15,1990,CH4_AWB,8.58177456918365e-07
Japan,SugarCrop,SugarCropAEZ09,SugarCropAEZ09,1990,CH4_AWB,1.88364065789631e-06
Japan,SugarCrop,SugarCropAEZ10,SugarCropAEZ10,1990,CH4_AWB,2.3592683863552e-05
Japan,SugarCrop,SugarCropAEZ11,SugarCropAEZ11,1990,CH4_AWB,1.99182900713382e-05
Japan,SugarCrop,SugarCropAEZ12,SugarCropAEZ12,1990,CH4_AWB,2.45437289055279e-05
Japan,SugarCrop,SugarCropAEZ15,SugarCropAEZ15,1990,CH4_AWB,1.02072593211976e-06
Japan,Wheat,WheatAEZ09,WheatAEZ09,1990,CH4_AWB,9.09905682936292e-07
Japan,Wheat,WheatAEZ10,WheatAEZ10,1990,CH4_AWB,5.99445598618317e-06
Japan,Wheat,WheatAEZ11,WheatAEZ11,1990,CH4_AWB,1.53798895454312e-06
Japan,Wheat,WheatAEZ12,WheatAEZ12,1990,CH4_AWB,1.71647697301494e-06
Japan,Wheat,WheatAEZ15,WheatAEZ15,1990,CH4_AWB,4.9522687206057e-07
Japan,Corn,CornAEZ09,CornAEZ09,1990,CO_AWB,7.46960072713125e-06
Japan,Corn,CornAEZ10,CornAEZ10,1990,CO_AWB,8.26471787873227e-05
Japan,Corn,CornAEZ11,CornAEZ11,1990,CO_AWB,6.39438449305356e-05
Japan,Corn,CornAEZ12,CornAEZ12,1990,CO_AWB,4.2938602702909e-05
Japan,Corn,CornAEZ15,CornAEZ15,1990,CO_AWB,3.63279491464865e-06
Japan,FiberCrop,FiberCropAEZ09,FiberCropAEZ09,1990,CO_AWB,0
Japan,FiberCrop,FiberCropAEZ10,FiberCropAEZ10,1990,CO_AWB,0
Japan,FiberCrop,FiberCropAEZ11,FiberCropAEZ11,1990,CO_AWB,0
Japan,FiberCrop,FiberCropAEZ12,FiberCropAEZ12,1990,CO_AWB,0
Japan,FiberCrop,FiberCropAEZ15,FiberCropAEZ15,1990,CO_AWB,0
Japan,FodderGrass,FodderGrassAEZ09,FodderGrassAEZ09,1990,CO_AWB,0.00016023886688182
Japan,FodderGrass,FodderGrassAEZ10,FodderGrassAEZ10,1990,CO_AWB,0.00209049231754523
Japan,FodderGrass,FodderGrassAEZ11,FodderGrassAEZ11,1990,CO_AWB,0.00167565854313881
Japan,FodderGrass,FodderGrassAEZ12,FodderGrassAEZ12,1990,CO_AWB,0.00116800920772342
Japan,FodderGrass,FodderGrassAEZ15,FodderGrassAEZ15,1990,CO_AWB,8.71867757708006e-05
Japan,FodderHerb,FodderHerbAEZ09,FodderHerbAEZ09,1990,CO_AWB,0.000156177461617159
Japan,FodderHerb,FodderHerbAEZ10,FodderHerbAEZ10,1990,CO_AWB,0.00192595585379105
Japan,FodderHerb,FodderHerbAEZ11,FodderHerbAEZ11,1990,CO_AWB,0.00154234153212807
Japan,FodderHerb,FodderHerbAEZ12,FodderHerbAEZ12,1990,CO_AWB,0.00105815031621181
Japan,FodderHerb,FodderHerbAEZ15,FodderHerbAEZ15,1990,CO_AWB,8.33610430044393e-05
Japan,MiscCrop,MiscCropAEZ09,MiscCropAEZ09,1990,CO_AWB,0.000354487601532539
Japan,MiscCrop,MiscCropAEZ10,MiscCropAEZ10,1990,CO_AWB,0.00413049829401482
Japan,MiscCrop,MiscCropAEZ11,MiscCropAEZ11,1990,CO_AWB,0.00325540872579949
Japan,MiscCrop,MiscCropAEZ12,MiscCropAEZ12,1990,CO_AWB,0.00208038361442388
Japan,MiscCrop,MiscCropAEZ15,MiscCropAEZ15,1990,CO_AWB,0.000189381015254518
Japan,OilCrop,OilCropAEZ09,OilCropAEZ09,1990,CO_AWB,3.30329009354787e-06
Japan,OilCrop,OilCropAEZ10,OilCropAEZ10,1990,CO_AWB,4.89695807427793e-05
Japan,OilCrop,OilCropAEZ11,OilCropAEZ11,1990,CO_AWB,4.74272271410679e-05
Japan,OilCrop,OilCropAEZ12,OilCropAEZ12,1990,CO_AWB,4.44728514469979e-05
Japan,OilCrop,OilCropAEZ15,OilCropAEZ15,1990,CO_AWB,1.77028763152097e-06
Japan,OtherGrain,OtherGrainAEZ09,OtherGrainAEZ09,1990,CO_AWB,6.07750661948053e-06
Japan,OtherGrain,OtherGrainAEZ10,OtherGrainAEZ10,1990,CO_AWB,7.4863029885e-05
Japan,OtherGrain,OtherGrainAEZ11,OtherGrainAEZ11,1990,CO_AWB,6.02115829200161e-05
Japan,OtherGrain,OtherGrainAEZ12,OtherGrainAEZ12,1990,CO_AWB,4.17938807646953e-05
Japan,OtherGrain,OtherGrainAEZ15,OtherGrainAEZ15,1990,CO_AWB,3.30329944813903e-06
Japan,PalmFruit,PalmFruitAEZ09,PalmFruitAEZ09,1990,CO_AWB,0
Japan,PalmFruit,PalmFruitAEZ10,PalmFruitAEZ10,1990,CO_AWB,0
Japan,PalmFruit,PalmFruitAEZ11,PalmFruitAEZ11,1990,CO_AWB,0
Japan,PalmFruit,PalmFruitAEZ12,PalmFruitAEZ12,1990,CO_AWB,0
Japan,PalmFruit,PalmFruitAEZ15,PalmFruitAEZ15,1990,CO_AWB,0
Japan,Rice,RiceAEZ09,RiceAEZ09,1990,CO_AWB,6.74111162778145e-05
Japan,Rice,RiceAEZ10,RiceAEZ10,1990,CO_AWB,0.00214713345632886
Japan,Rice,RiceAEZ11,RiceAEZ11,1990,CO_AWB,0.00271478232464035
Japan,Rice,RiceAEZ12,RiceAEZ12,1990,CO_AWB,0.00157854189178
Japan,Rice,RiceAEZ15,RiceAEZ15,1990,CO_AWB,3.67189057521874e-05
Japan,Root_Tuber,Root_TuberAEZ09,Root_TuberAEZ09,1990,CO_AWB,6.86946395652103e-05
Japan,Root_Tuber,Root_TuberAEZ10,Root_TuberAEZ10,1990,CO_AWB,0.000871653672008762
Japan,Root_Tuber,Root_TuberAEZ11,Root_TuberAEZ11,1990,CO_AWB,0.000851340960822612
Japan,Root_Tuber,Root_TuberAEZ12,Root_TuberAEZ12,1990,CO_AWB,0.00101432820278425
Japan,Root_Tuber,Root_TuberAEZ15,Root_TuberAEZ15,1990,CO_AWB,3.70324639031956e-05
Japan,SugarCrop,SugarCropAEZ09,SugarCropAEZ09,1990,CO_AWB,8.12837183123214e-05
Japan,SugarCrop,SugarCropAEZ10,SugarCropAEZ10,1990,CO_AWB,0.0010180822235693
Japan,SugarCrop,SugarCropAEZ11,SugarCropAEZ11,1990,CO_AWB,0.000859523111605551
Japan,SugarCrop,SugarCropAEZ12,SugarCropAEZ12,1990,CO_AWB,0.00105912215173725
Japan,SugarCrop,SugarCropAEZ15,SugarCropAEZ15,1990,CO_AWB,4.40468296289406e-05
Japan,Wheat,WheatAEZ09,WheatAEZ09,1990,CO_AWB,3.92646638373025e-05
Japan,Wheat,WheatAEZ10,WheatAEZ10,1990,CO_AWB,0.000258675490876638
Japan,Wheat,WheatAEZ11,WheatAEZ11,1990,CO_AWB,6.63679988136177e-05
Japan,Wheat,WheatAEZ12,WheatAEZ12,1990,CO_AWB,7.40701949595595e-05
Japan,Wheat,WheatAEZ15,WheatAEZ15,1990,CO_AWB,2.13702552026138e-05
Japan,Corn,CornAEZ09,CornAEZ09,1990,N2O_AWB,4.49517888069875e-09
Japan,Corn,CornAEZ10,CornAEZ10,1990,N2O_AWB,4.97367752582391e-08
Japan,Corn,CornAEZ11,CornAEZ11,1990,N2O_AWB,3.84811761408313e-08
Japan,Corn,CornAEZ12,CornAEZ12,1990,N2O_AWB,2.58402968361818e-08
Japan,Corn,CornAEZ15,CornAEZ15,1990,N2O_AWB,2.18620292767778e-09
Japan,FiberCrop,FiberCropAEZ09,FiberCropAEZ09,1990,N2O_AWB,0
Japan,FiberCrop,FiberCropAEZ10,FiberCropAEZ10,1990,N2O_AWB,0
Japan,FiberCrop,FiberCropAEZ11,FiberCropAEZ11,1990,N2O_AWB,0
Japan,FiberCrop,FiberCropAEZ12,FiberCropAEZ12,1990,N2O_AWB,0
Japan,FiberCrop,FiberCropAEZ15,FiberCropAEZ15,1990,N2O_AWB,0
Japan,FodderGrass,FodderGrassAEZ09,FodderGrassAEZ09,1990,N2O_AWB,9.64311743809754e-08
Japan,FodderGrass,FodderGrassAEZ10,FodderGrassAEZ10,1990,N2O_AWB,1.25805076594788e-06
Japan,FodderGrass,FodderGrassAEZ11,FodderGrassAEZ11,1990,N2O_AWB,1.00840529093084e-06
Japan,FodderGrass,FodderGrassAEZ12,FodderGrassAEZ12,1990,N2O_AWB,7.02903744767688e-07
Japan,FodderGrass,FodderGrassAEZ15,FodderGrassAEZ15,1990,N2O_AWB,5.24686884129668e-08
Japan,FodderHerb,FodderHerbAEZ09,FodderHerbAEZ09,1990,N2O_AWB,9.3987035284578e-08
Japan,FodderHerb,FodderHerbAEZ10,FodderHerbAEZ10,1990,N2O_AWB,1.15903331320959e-06
Japan,FodderHerb,FodderHerbAEZ11,FodderHerbAEZ11,1990,N2O_AWB,9.28175592687853e-07
Japan,FodderHerb,FodderHerbAEZ12,FodderHerbAEZ12,1990,N2O_AWB,6.36791058558607e-07
Japan,FodderHerb,FodderHerbAEZ15,FodderHerbAEZ15,1990,N2O_AWB,5.01663761793183e-08
Japan,MiscCrop,MiscCropAEZ09,MiscCropAEZ09,1990,N2O_AWB,2.13329364994133e-07
Japan,MiscCrop,MiscCropAEZ10,MiscCropAEZ10,1990,N2O_AWB,2.48571903322449e-06
Japan,MiscCrop,MiscCropAEZ11,MiscCropAEZ11,1990,N2O_AWB,1.95909327510688e-06
Japan,MiscCrop,MiscCropAEZ12,MiscCropAEZ12,1990,N2O_AWB,1.25196738472814e-06
Japan,MiscCrop,MiscCropAEZ15,MiscCropAEZ15,1990,N2O_AWB,1.13968814569336e-07
Japan,OilCrop,OilCropAEZ09,OilCropAEZ09,1990,N2O_AWB,1.98790811018899e-09
Japan,OilCrop,OilCropAEZ10,OilCropAEZ10,1990,N2O_AWB,2.94697177523911e-08
Japan,OilCrop,OilCropAEZ11,OilCropAEZ11,1990,N2O_AWB,2.85415348962714e-08
Japan,OilCrop,OilCropAEZ12,OilCropAEZ12,1990,N2O_AWB,2.67636022181035e-08
Japan,OilCrop,OilCropAEZ15,OilCropAEZ15,1990,N2O_AWB,1.06535273633447e-09
Japan,OtherGrain,OtherGrainAEZ09,OtherGrainAEZ09,1990,N2O_AWB,3.65742164825026e-09
Japan,OtherGrain,OtherGrainAEZ10,OtherGrainAEZ10,1990,N2O_AWB,4.50523024158234e-08
Japan,OtherGrain,OtherGrainAEZ11,OtherGrainAEZ11,1990,N2O_AWB,3.62351142722252e-08
Japan,OtherGrain,OtherGrainAEZ12,OtherGrainAEZ12,1990,N2O_AWB,2.51514072865382e-08
Japan,OtherGrain,OtherGrainAEZ15,OtherGrainAEZ15,1990,N2O_AWB,1.98791373974834e-09
Japan,PalmFruit,PalmFruitAEZ09,PalmFruitAEZ09,1990,N2O_AWB,0
Japan,PalmFruit,PalmFruitAEZ10,PalmFruitAEZ10,1990,N2O_AWB,0
Japan,PalmFruit,PalmFruitAEZ11,PalmFruitAEZ11,1990,N2O_AWB,0
Japan,PalmFruit,PalmFruitAEZ12,PalmFruitAEZ12,1990,N2O_AWB,0
Japan,PalmFruit,PalmFruitAEZ15,PalmFruitAEZ15,1990,N2O_AWB,0
Japan,Rice,RiceAEZ09,RiceAEZ09,1990,N2O_AWB,4.05677675803614e-08
Japan,Rice,RiceAEZ10,RiceAEZ10,1990,N2O_AWB,1.29213719976677e-06
Japan,Rice,RiceAEZ11,RiceAEZ11,1990,N2O_AWB,1.63374624925961e-06
Japan,Rice,RiceAEZ12,RiceAEZ12,1990,N2O_AWB,9.49960839065212e-07
Japan,Rice,RiceAEZ15,RiceAEZ15,1990,N2O_AWB,2.20973055574541e-08
Japan,Root_Tuber,Root_TuberAEZ09,Root_TuberAEZ09,1990,N2O_AWB,4.13401872832553e-08
Japan,Root_Tuber,Root_TuberAEZ10,Root_TuberAEZ10,1990,N2O_AWB,5.24558048125033e-07
Japan,Root_Tuber,Root_TuberAEZ11,Root_TuberAEZ11,1990,N2O_AWB,5.12333931513009e-07
Japan,Root_Tuber,Root_TuberAEZ12,Root_TuberAEZ12,1990,N2O_AWB,6.1041906814262e-07
Japan,Root_Tuber,Root_TuberAEZ15,Root_TuberAEZ15,1990,N2O_AWB,2.22860037261746e-08
Japan,SugarCrop,SugarCropAEZ09,SugarCropAEZ09,1990,N2O_AWB,4.89162496430437e-08
Japan,SugarCrop,SugarCropAEZ10,SugarCropAEZ10,1990,N2O_AWB,6.12678224363559e-07
Japan,SugarCrop,SugarCropAEZ11,SugarCropAEZ11,1990,N2O_AWB,5.17257920457233e-07
Japan,SugarCrop,SugarCropAEZ12,SugarCropAEZ12,1990,N2O_AWB,6.37375905686189e-07
Japan,SugarCrop,SugarCropAEZ15,SugarCropAEZ15,1990,N2O_AWB,2.6507223818614e-08
Japan,Wheat,WheatAEZ09,WheatAEZ09,1990,N2O_AWB,2.36293336266401e-08
Japan,Wheat,WheatAEZ10,WheatAEZ10,1990,N2O_AWB,1.5566998103654e-07
Japan,Wheat,WheatAEZ11,WheatAEZ11,1990,N2O_AWB,3.99400232381352e-08
Japan,Wheat,WheatAEZ12,WheatAEZ12,1990,N2O_AWB,4.4575177206202e-08
Japan,Wheat,WheatAEZ15,WheatAEZ15,1990,N2O_AWB,1.28605428015729e-08
Japan,Corn,CornAEZ09,CornAEZ09,1990,NH3_AWB,8.34179961443101e-08
Japan,Corn,CornAEZ10,CornAEZ10,1990,NH3_AWB,9.22975978672795e-07
Japan,Corn,CornAEZ11,CornAEZ11,1990,NH3_AWB,7.14103417936819e-07
Japan,Corn,CornAEZ12,CornAEZ12,1990,NH3_AWB,4.79523916412727e-07
Japan,Corn,CornAEZ15,CornAEZ15,1990,NH3_AWB,4.05698354240702e-08
Japan,FiberCrop,FiberCropAEZ09,FiberCropAEZ09,1990,NH3_AWB,0
Japan,FiberCrop,FiberCropAEZ10,FiberCropAEZ10,1990,NH3_AWB,0
Japan,FiberCrop,FiberCropAEZ11,FiberCropAEZ11,1990,NH3_AWB,0
Japan,FiberCrop,FiberCropAEZ12,FiberCropAEZ12,1990,NH3_AWB,0
Japan,FiberCrop,FiberCropAEZ15,FiberCropAEZ15,1990,NH3_AWB,0
Japan,FodderGrass,FodderGrassAEZ09,FodderGrassAEZ09,1990,NH3_AWB,1.78949393254248e-06
Japan,FodderGrass,FodderGrassAEZ10,FodderGrassAEZ10,1990,NH3_AWB,2.33459171989333e-05
Japan,FodderGrass,FodderGrassAEZ11,FodderGrassAEZ11,1990,NH3_AWB,1.87131927122987e-05
Japan,FodderGrass,FodderGrassAEZ12,FodderGrassAEZ12,1990,NH3_AWB,1.30439351640969e-05
Japan,FodderGrass,FodderGrassAEZ15,FodderGrassAEZ15,1990,NH3_AWB,9.7367267552421e-07
Japan,FodderHerb,FodderHerbAEZ09,FodderHerbAEZ09,1990,NH3_AWB,1.7441375204551e-06
Japan,FodderHerb,FodderHerbAEZ10,FodderHerbAEZ10,1990,NH3_AWB,2.15084291456306e-05
Japan,FodderHerb,FodderHerbAEZ11,FodderHerbAEZ11,1990,NH3_AWB,1.72243530384363e-05
Japan,FodderHerb,FodderHerbAEZ12,FodderHerbAEZ12,1990,NH3_AWB,1.1817067902605e-05
Japan,FodderHerb,FodderHerbAEZ15,FodderHerbAEZ15,1990,NH3_AWB,9.30948174869936e-07
Japan,MiscCrop,MiscCropAEZ09,MiscCropAEZ09,1990,NH3_AWB,3.95879866382147e-06
Japan,MiscCrop,MiscCropAEZ10,MiscCropAEZ10,1990,NH3_AWB,4.61280198702853e-05
Japan,MiscCrop,MiscCropAEZ11,MiscCropAEZ11,1990,NH3_AWB,3.6355313015665e-05
Japan,MiscCrop,MiscCropAEZ12,MiscCropAEZ12,1990,NH3_AWB,2.32330265922188e-05
Japan,MiscCrop,MiscCropAEZ15,MiscCropAEZ15,1990,NH3_AWB,2.11494367335136e-06
Japan,OilCrop,OilCropAEZ09,OilCropAEZ09,1990,NH3_AWB,3.68900360746514e-08
Japan,OilCrop,OilCropAEZ10,OilCropAEZ10,1990,NH3_AWB,5.46875856798104e-07
Japan,OilCrop,OilCropAEZ11,OilCropAEZ11,1990,NH3_AWB,5.29651368970609e-07
Japan,OilCrop,OilCropAEZ12,OilCropAEZ12,1990,NH3_AWB,4.9665789190809e-07
Japan,OilCrop,OilCropAEZ15,OilCropAEZ15,1990,NH3_AWB,1.97699786394408e-08
Japan,OtherGrain,OtherGrainAEZ09,OtherGrainAEZ09,1990,NH3_AWB,6.7871555960067e-08
Japan,OtherGrain,OtherGrainAEZ10,OtherGrainAEZ10,1990,NH3_AWB,8.3604521398518e-07
Japan,OtherGrain,OtherGrainAEZ11,OtherGrainAEZ11,1990,NH3_AWB,6.72422767340299e-07
Japan,OtherGrain,OtherGrainAEZ12,OtherGrainAEZ12,1990,NH3_AWB,4.66740045665609e-07
Japan,OtherGrain,OtherGrainAEZ15,OtherGrainAEZ15,1990,NH3_AWB,3.68901405435886e-08
Japan,PalmFruit,PalmFruitAEZ09,PalmFruitAEZ09,1990,NH3_AWB,0
Japan,PalmFruit,PalmFruitAEZ10,PalmFruitAEZ10,1990,NH3_AWB,0
Japan,PalmFruit,PalmFruitAEZ11,PalmFruitAEZ11,1990,NH3_AWB,0
Japan,PalmFruit,PalmFruitAEZ12,PalmFruitAEZ12,1990,NH3_AWB,0
Japan,PalmFruit,PalmFruitAEZ15,PalmFruitAEZ15,1990,NH3_AWB,0
Japan,Rice,RiceAEZ09,RiceAEZ09,1990,NH3_AWB,7.52824741665414e-07
Japan,Rice,RiceAEZ10,RiceAEZ10,1990,NH3_AWB,2.39784664434331e-05
Japan,Rice,RiceAEZ11,RiceAEZ11,1990,NH3_AWB,3.03177786554146e-05
Japan,Rice,RiceAEZ12,RiceAEZ12,1990,NH3_AWB,1.76286265159863e-05
Japan,Rice,RiceAEZ15,RiceAEZ15,1990,NH3_AWB,4.10064426513949e-07
Japan,Root_Tuber,Root_TuberAEZ09,Root_TuberAEZ09,1990,NH3_AWB,7.67158699336031e-07
Japan,Root_Tuber,Root_TuberAEZ10,Root_TuberAEZ10,1990,NH3_AWB,9.73433591794216e-06
Japan,Root_Tuber,Root_TuberAEZ11,Root_TuberAEZ11,1990,NH3_AWB,9.5074903708633e-06
Japan,Root_Tuber,Root_TuberAEZ12,Root_TuberAEZ12,1990,NH3_AWB,1.13276772346864e-05
Japan,Root_Tuber,Root_TuberAEZ15,Root_TuberAEZ15,1990,NH3_AWB,4.13566138799161e-07
Japan,SugarCrop,SugarCropAEZ09,SugarCropAEZ09,1990,NH3_AWB,9.07749309296284e-07
Japan,SugarCrop,SugarCropAEZ10,SugarCropAEZ10,1990,NH3_AWB,1.13696008799805e-05
Japan,SugarCrop,SugarCropAEZ11,SugarCropAEZ11,1990,NH3_AWB,9.59886588709193e-06
Japan,SugarCrop,SugarCropAEZ12,SugarCropAEZ12,1990,NH3_AWB,1.18279210358681e-05
Japan,SugarCrop,SugarCropAEZ15,SugarCropAEZ15,1990,NH3_AWB,4.91900223101642e-07
Japan,Wheat,WheatAEZ09,WheatAEZ09,1990,NH3_AWB,4.38494599141133e-07
Japan,Wheat,WheatAEZ10,WheatAEZ10,1990,NH3_AWB,2.88880114062832e-06
Japan,Wheat,WheatAEZ11,WheatAEZ11,1990,NH3_AWB,7.41175555613156e-07
Japan,Wheat,WheatAEZ12,WheatAEZ12,1990,NH3_AWB,8.27191099398674e-07
Japan,Wheat,WheatAEZ15,WheatAEZ15,1990,NH3_AWB,2.3865584402919e-07
Japan,Corn,CornAEZ09,CornAEZ09,1990,NMVOC_AWB,4.49517888069875e-07
Japan,Corn,CornAEZ10,CornAEZ10,1990,NMVOC_AWB,4.97367752582391e-06
Japan,Corn,CornAEZ11,CornAEZ11,1990,NMVOC_AWB,3.84811761408313e-06
Japan,Corn,CornAEZ12,CornAEZ12,1990,NMVOC_AWB,2.58402968361818e-06
Japan,Corn,CornAEZ15,CornAEZ15,1990,NMVOC_AWB,2.18620292767778e-07
Japan,FiberCrop,FiberCropAEZ09,FiberCropAEZ09,1990,NMVOC_AWB,0
Japan,FiberCrop,FiberCropAEZ10,FiberCropAEZ10,1990,NMVOC_AWB,0
Japan,FiberCrop,FiberCropAEZ11,FiberCropAEZ11,1990,NMVOC_AWB,0
Japan,FiberCrop,FiberCropAEZ12,FiberCropAEZ12,1990,NMVOC_AWB,0
Japan,FiberCrop,FiberCropAEZ15,FiberCropAEZ15,1990,NMVOC_AWB,0
Japan,FodderGrass,FodderGrassAEZ09,FodderGrassAEZ09,1990,NMVOC_AWB,9.64311743809754e-06
Japan,FodderGrass,FodderGrassAEZ10,FodderGrassAEZ10,1990,NMVOC_AWB,0.000125805076594788
Japan,FodderGrass,FodderGrassAEZ11,FodderGrassAEZ11,1990,NMVOC_AWB,0.000100840529093084
Japan,FodderGrass,FodderGrassAEZ12,FodderGrassAEZ12,1990,NMVOC_AWB,7.02903744767688e-05
Japan,FodderGrass,FodderGrassAEZ15,FodderGrassAEZ15,1990,NMVOC_AWB,5.24686884129668e-06
Japan,FodderHerb,FodderHerbAEZ09,FodderHerbAEZ09,1990,NMVOC_AWB,9.3987035284578e-06
Japan,FodderHerb,FodderHerbAEZ10,FodderHerbAEZ10,1990,NMVOC_AWB,0.000115903331320959
Japan,FodderHerb,FodderHerbAEZ11,FodderHerbAEZ11,1990,NMVOC_AWB,9.28175592687853e-05
Japan,FodderHerb,FodderHerbAEZ12,FodderHerbAEZ12,1990,NMVOC_AWB,6.36791058558606e-05
Japan,FodderHerb,FodderHerbAEZ15,FodderHerbAEZ15,1990,NMVOC_AWB,5.01663761793182e-06
Japan,MiscCrop,MiscCropAEZ09,MiscCropAEZ09,1990,NMVOC_AWB,2.13329364994133e-05
Japan,MiscCrop,MiscCropAEZ10,MiscCropAEZ10,1990,NMVOC_AWB,0.000248571903322449
Japan,MiscCrop,MiscCropAEZ11,MiscCropAEZ11,1990,NMVOC_AWB,0.000195909327510688
Japan,MiscCrop,MiscCropAEZ12,MiscCropAEZ12,1990,NMVOC_AWB,0.000125196738472814
Japan,MiscCrop,MiscCropAEZ15,MiscCropAEZ15,1990,NMVOC_AWB,1.13968814569336e-05
Japan,OilCrop,OilCropAEZ09,OilCropAEZ09,1990,NMVOC_AWB,1.98790811018899e-07
Japan,OilCrop,OilCropAEZ10,OilCropAEZ10,1990,NMVOC_AWB,2.94697177523911e-06
Japan,OilCrop,OilCropAEZ11,OilCropAEZ11,1990,NMVOC_AWB,2.85415348962714e-06
Japan,OilCrop,OilCropAEZ12,OilCropAEZ12,1990,NMVOC_AWB,2.67636022181035e-06
Japan,OilCrop,OilCropAEZ15,OilCropAEZ15,1990,NMVOC_AWB,1.06535273633447e-07
Japan,OtherGrain,OtherGrainAEZ09,OtherGrainAEZ09,1990,NMVOC_AWB,3.65742164825026e-07
Japan,OtherGrain,OtherGrainAEZ10,OtherGrainAEZ10,1990,NMVOC_AWB,4.50523024158234e-06
Japan,OtherGrain,OtherGrainAEZ11,OtherGrainAEZ11,1990,NMVOC_AWB,3.62351142722252e-06
Japan,OtherGrain,OtherGrainAEZ12,OtherGrainAEZ12,1990,NMVOC_AWB,2.51514072865382e-06
Japan,OtherGrain,OtherGrainAEZ15,OtherGrainAEZ15,1990,NMVOC_AWB,1.98791373974834e-07
Japan,PalmFruit,PalmFruitAEZ09,PalmFruitAEZ09,1990,NMVOC_AWB,0
Japan,PalmFruit,PalmFruitAEZ10,PalmFruitAEZ10,1990,NMVOC_AWB,0
Japan,PalmFruit,PalmFruitAEZ11,PalmFruitAEZ11,1990,NMVOC_AWB,0
Japan,PalmFruit,PalmFruitAEZ12,PalmFruitAEZ12,1990,NMVOC_AWB,0
Japan,PalmFruit,PalmFruitAEZ15,PalmFruitAEZ15,1990,NMVOC_AWB,0
Japan,Rice,RiceAEZ09,RiceAEZ09,1990,NMVOC_AWB,4.05677675803614e-06
Japan,Rice,RiceAEZ10,RiceAEZ10,1990,NMVOC_AWB,0.000129213719976677
Japan,Rice,RiceAEZ11,RiceAEZ11,1990,NMVOC_AWB,0.000163374624925961
Japan,Rice,RiceAEZ12,RiceAEZ12,1990,NMVOC_AWB,9.49960839065212e-05
Japan,Rice,RiceAEZ15,RiceAEZ15,1990,NMVOC_AWB,2.20973055574541e-06
Japan,Root_Tuber,Root_TuberAEZ09,Root_TuberAEZ09,1990,NMVOC_AWB,4.13401872832553e-06
Japan,Root_Tuber,Root_TuberAEZ10,Root_TuberAEZ10,1990,NMVOC_AWB,5.24558048125033e-05
Japan,Root_Tuber,Root_TuberAEZ11,Root_TuberAEZ11,1990,NMVOC_AWB,5.12333931513009e-05
Japan,Root_Tuber,Root_TuberAEZ12,Root_TuberAEZ12,1990,NMVOC_AWB,6.1041906814262e-05
Japan,Root_Tuber,Root_TuberAEZ15,Root_TuberAEZ15,1990,NMVOC_AWB,2.22860037261746e-06
Japan,SugarCrop,SugarCropAEZ09,SugarCropAEZ09,1990,NMVOC_AWB,4.89162496430437e-06
Japan,SugarCrop,SugarCropAEZ10,SugarCropAEZ10,1990,NMVOC_AWB,6.12678224363558e-05
Japan,SugarCrop,SugarCropAEZ11,SugarCropAEZ11,1990,NMVOC_AWB,5.17257920457233e-05
Japan,SugarCrop,SugarCropAEZ12,SugarCropAEZ12,1990,NMVOC_AWB,6.37375905686189e-05
Japan,SugarCrop,SugarCropAEZ15,SugarCropAEZ15,1990,NMVOC_AWB,2.6507223818614e-06
Japan,Wheat,WheatAEZ09,WheatAEZ09,1990,NMVOC_AWB,2.36293336266401e-06
Japan,Wheat,WheatAEZ10,WheatAEZ10,1990,NMVOC_AWB,1.5566998103654e-05
Japan,Wheat,WheatAEZ11,WheatAEZ11,1990,NMVOC_AWB,3.99400232381352e-06
Japan,Wheat,WheatAEZ12,WheatAEZ12,1990,NMVOC_AWB,4.4575177206202e-06
Japan,Wheat,WheatAEZ15,WheatAEZ15,1990,NMVOC_AWB,1.28605428015729e-06
Japan,Corn,CornAEZ09,CornAEZ09,1990,NOx_AWB,2.43768406963265e-07
Japan,Corn,CornAEZ10,CornAEZ10,1990,NOx_AWB,2.6971684095264e-06
Japan,Corn,CornAEZ11,CornAEZ11,1990,NOx_AWB,2.08679014893065e-06
Japan,Corn,CornAEZ12,CornAEZ12,1990,NOx_AWB,1.40128972892727e-06
Japan,Corn,CornAEZ15,CornAEZ15,1990,NOx_AWB,1.18555283142725e-07
Japan,FiberCrop,FiberCropAEZ09,FiberCropAEZ09,1990,NOx_AWB,0
Japan,FiberCrop,FiberCropAEZ10,FiberCropAEZ10,1990,NOx_AWB,0
Japan,FiberCrop,FiberCropAEZ11,FiberCropAEZ11,1990,NOx_AWB,0
Japan,FiberCrop,FiberCropAEZ12,FiberCropAEZ12,1990,NOx_AWB,0
Japan,FiberCrop,FiberCropAEZ15,FiberCropAEZ15,1990,NOx_AWB,0
Japan,FodderGrass,FodderGrassAEZ09,FodderGrassAEZ09,1990,NOx_AWB,5.22935224255041e-06
Japan,FodderGrass,FodderGrassAEZ10,FodderGrassAEZ10,1990,NOx_AWB,6.82226534767755e-05
Japan,FodderGrass,FodderGrassAEZ11,FodderGrassAEZ11,1990,NOx_AWB,5.4684665030578e-05
Japan,FodderGrass,FodderGrassAEZ12,FodderGrassAEZ12,1990,NOx_AWB,3.81176657610338e-05
Japan,FodderGrass,FodderGrassAEZ15,FodderGrassAEZ15,1990,NOx_AWB,2.8453169338375e-06
Japan,FodderHerb,FodderHerbAEZ09,FodderHerbAEZ09,1990,NOx_AWB,5.09680937612886e-06
Japan,FodderHerb,FodderHerbAEZ10,FodderHerbAEZ10,1990,NOx_AWB,6.28530503183308e-05
Japan,FodderHerb,FodderHerbAEZ11,FodderHerbAEZ11,1990,NOx_AWB,5.03339002999881e-05
Japan,FodderHerb,FodderHerbAEZ12,FodderHerbAEZ12,1990,NOx_AWB,3.45324504392478e-05
Japan,FodderHerb,FodderHerbAEZ15,FodderHerbAEZ15,1990,NOx_AWB,2.72046517589338e-06
Japan,MiscCrop,MiscCropAEZ09,MiscCropAEZ09,1990,NOx_AWB,1.15686073554032e-05
Japan,MiscCrop,MiscCropAEZ10,MiscCropAEZ10,1990,NOx_AWB,0.000134797698816651
Japan,MiscCrop,MiscCropAEZ11,MiscCropAEZ11,1990,NOx_AWB,0.000106239386560522
Japan,MiscCrop,MiscCropAEZ12,MiscCropAEZ12,1990,NOx_AWB,6.78927586743122e-05
Japan,MiscCrop,MiscCropAEZ15,MiscCropAEZ15,1990,NOx_AWB,6.18039840201871e-06
Japan,OilCrop,OilCropAEZ09,OilCropAEZ09,1990,NOx_AWB,1.07801982094826e-07
Japan,OilCrop,OilCropAEZ10,OilCropAEZ10,1990,NOx_AWB,1.59810907214459e-06
Japan,OilCrop,OilCropAEZ11,OilCropAEZ11,1990,NOx_AWB,1.54777477795701e-06
Japan,OilCrop,OilCropAEZ12,OilCropAEZ12,1990,NOx_AWB,1.45135952327029e-06
Japan,OilCrop,OilCropAEZ15,OilCropAEZ15,1990,NOx_AWB,5.77728598310735e-08
Japan,OtherGrain,OtherGrainAEZ09,OtherGrainAEZ09,1990,NOx_AWB,1.98337790875263e-07
Japan,OtherGrain,OtherGrainAEZ10,OtherGrainAEZ10,1990,NOx_AWB,2.44313480762425e-06
Japan,OtherGrain,OtherGrainAEZ11,OtherGrainAEZ11,1990,NOx_AWB,1.96498878391669e-06
Japan,OtherGrain,OtherGrainAEZ12,OtherGrainAEZ12,1990,NOx_AWB,1.36393203693167e-06
Japan,OtherGrain,OtherGrainAEZ15,OtherGrainAEZ15,1990,NOx_AWB,1.07802287379387e-07
Japan,PalmFruit,PalmFruitAEZ09,PalmFruitAEZ09,1990,NOx_AWB,0
Japan,PalmFruit,PalmFruitAEZ10,PalmFruitAEZ10,1990,NOx_AWB,0
Japan,PalmFruit,PalmFruitAEZ11,PalmFruitAEZ11,1990,NOx_AWB,0
Japan,PalmFruit,PalmFruitAEZ12,PalmFruitAEZ12,1990,NOx_AWB,0
Japan,PalmFruit,PalmFruitAEZ15,PalmFruitAEZ15,1990,NOx_AWB,0
Japan,Rice,RiceAEZ09,RiceAEZ09,1990,NOx_AWB,2.19994361505443e-06
Japan,Rice,RiceAEZ10,RiceAEZ10,1990,NOx_AWB,7.0071121778397e-05
Japan,Rice,RiceAEZ11,RiceAEZ11,1990,NOx_AWB,8.85961896364664e-05
Japan,Rice,RiceAEZ12,RiceAEZ12,1990,NOx_AWB,5.15152892826409e-05
Japan,Rice,RiceAEZ15,RiceAEZ15,1990,NOx_AWB,1.19831159490671e-06
Japan,Root_Tuber,Root_TuberAEZ09,Root_TuberAEZ09,1990,NOx_AWB,2.24183105167902e-06
Japan,Root_Tuber,Root_TuberAEZ10,Root_TuberAEZ10,1990,NOx_AWB,2.8446182709268e-05
Japan,Root_Tuber,Root_TuberAEZ11,Root_TuberAEZ11,1990,NOx_AWB,2.7783282853193e-05
Japan,Root_Tuber,Root_TuberAEZ12,Root_TuberAEZ12,1990,NOx_AWB,3.31023275758933e-05
Japan,Root_Tuber,Root_TuberAEZ15,Root_TuberAEZ15,1990,NOx_AWB,1.20854448067315e-06
Japan,SugarCrop,SugarCropAEZ09,SugarCropAEZ09,1990,NOx_AWB,2.65267224432426e-06
Japan,SugarCrop,SugarCropAEZ10,SugarCropAEZ10,1990,NOx_AWB,3.32248390326507e-05
Japan,SugarCrop,SugarCropAEZ11,SugarCropAEZ11,1990,NOx_AWB,2.80503051392231e-05
Japan,SugarCrop,SugarCropAEZ12,SugarCropAEZ12,1990,NOx_AWB,3.45641660297486e-05
Japan,SugarCrop,SugarCropAEZ15,SugarCropAEZ15,1990,NOx_AWB,1.43745641603429e-06
Japan,Wheat,WheatAEZ09,WheatAEZ09,1990,NOx_AWB,1.28139172403173e-06
Japan,Wheat,WheatAEZ10,WheatAEZ10,1990,NOx_AWB,8.4418049417825e-06
Japan,Wheat,WheatAEZ11,WheatAEZ11,1990,NOx_AWB,2.16590175768992e-06
Japan,Wheat,WheatAEZ12,WheatAEZ12,1990,NOx_AWB,2.41726085347066e-06
Japan,Wheat,WheatAEZ15,WheatAEZ15,1990,NOx_AWB,6.97412520085299e-07
Japan,Corn,CornAEZ09,CornAEZ09,1990,SO2_AWB,4.00316925196555e-08
Japan,Corn,CornAEZ10,CornAEZ10,1990,SO2_AWB,4.42929491105711e-07
Japan,Corn,CornAEZ11,CornAEZ11,1990,SO2_AWB,3.42693061154667e-07
Japan,Corn,CornAEZ12,CornAEZ12,1990,SO2_AWB,2.30120056401818e-07
Japan,Corn,CornAEZ15,CornAEZ15,1990,SO2_AWB,1.94691703509613e-08
Japan,FiberCrop,FiberCropAEZ09,FiberCropAEZ09,1990,SO2_AWB,0
Japan,FiberCrop,FiberCropAEZ10,FiberCropAEZ10,1990,SO2_AWB,0
Japan,FiberCrop,FiberCropAEZ11,FiberCropAEZ11,1990,SO2_AWB,0
Japan,FiberCrop,FiberCropAEZ12,FiberCropAEZ12,1990,SO2_AWB,0
Japan,FiberCrop,FiberCropAEZ15,FiberCropAEZ15,1990,SO2_AWB,0
Japan,FodderGrass,FodderGrassAEZ09,FodderGrassAEZ09,1990,SO2_AWB,8.58765184785801e-07
Japan,FodderGrass,FodderGrassAEZ10,FodderGrassAEZ10,1990,SO2_AWB,1.12035366718741e-05
Japan,FodderGrass,FodderGrassAEZ11,FodderGrassAEZ11,1990,SO2_AWB,8.98032572520501e-06
Japan,FodderGrass,FodderGrassAEZ12,FodderGrassAEZ12,1990,SO2_AWB,6.25969006534409e-06
Japan,FodderGrass,FodderGrassAEZ15,FodderGrassAEZ15,1990,SO2_AWB,4.67258468951296e-07
Japan,FodderHerb,FodderHerbAEZ09,FodderHerbAEZ09,1990,SO2_AWB,8.36998970942262e-07
Japan,FodderHerb,FodderHerbAEZ10,FodderHerbAEZ10,1990,SO2_AWB,1.03217394559461e-05
Japan,FodderHerb,FodderHerbAEZ11,FodderHerbAEZ11,1990,SO2_AWB,8.26584234284208e-06
Japan,FodderHerb,FodderHerbAEZ12,FodderHerbAEZ12,1990,SO2_AWB,5.67092534736271e-06
Japan,FodderHerb,FodderHerbAEZ15,FodderHerbAEZ15,1990,SO2_AWB,4.46755290353133e-07
Japan,MiscCrop,MiscCropAEZ09,MiscCropAEZ09,1990,SO2_AWB,1.89979882258456e-06
Japan,MiscCrop,MiscCropAEZ10,MiscCropAEZ10,1990,SO2_AWB,2.21365028331932e-05
Japan,MiscCrop,MiscCropAEZ11,MiscCropAEZ11,1990,SO2_AWB,1.74466515544344e-05
Japan,MiscCrop,MiscCropAEZ12,MiscCropAEZ12,1990,SO2_AWB,1.11493612868825e-05
Japan,MiscCrop,MiscCropAEZ15,MiscCropAEZ15,1990,SO2_AWB,1.01494615959757e-06
Japan,OilCrop,OilCropAEZ09,OilCropAEZ09,1990,SO2_AWB,1.77032612797925e-08
Japan,OilCrop,OilCropAEZ10,OilCropAEZ10,1990,SO2_AWB,2.62441765058608e-07
Japan,OilCrop,OilCropAEZ11,OilCropAEZ11,1990,SO2_AWB,2.54175858031472e-07
Japan,OilCrop,OilCropAEZ12,OilCropAEZ12,1990,SO2_AWB,2.38342527215947e-07
Japan,OilCrop,OilCropAEZ15,OilCropAEZ15,1990,SO2_AWB,9.48746964198363e-09
Japan,OtherGrain,OtherGrainAEZ09,OtherGrainAEZ09,1990,SO2_AWB,3.25710684097908e-08
Japan,OtherGrain,OtherGrainAEZ10,OtherGrainAEZ10,1990,SO2_AWB,4.01212046389671e-07
Japan,OtherGrain,OtherGrainAEZ11,OtherGrainAEZ11,1990,SO2_AWB,3.226908186432e-07
Japan,OtherGrain,OtherGrainAEZ12,OtherGrainAEZ12,1990,SO2_AWB,2.23985169367678e-07
Japan,OtherGrain,OtherGrainAEZ15,OtherGrainAEZ15,1990,SO2_AWB,1.77033114136792e-08
Japan,PalmFruit,PalmFruitAEZ09,PalmFruitAEZ09,1990,SO2_AWB,0
Japan,PalmFruit,PalmFruitAEZ10,PalmFruitAEZ10,1990,SO2_AWB,0
Japan,PalmFruit,PalmFruitAEZ11,PalmFruitAEZ11,1990,SO2_AWB,0
Japan,PalmFruit,PalmFruitAEZ12,PalmFruitAEZ12,1990,SO2_AWB,0
Japan,PalmFruit,PalmFruitAEZ15,PalmFruitAEZ15,1990,SO2_AWB,0
Japan,Rice,RiceAEZ09,RiceAEZ09,1990,SO2_AWB,3.61275144123617e-07
Japan,Rice,RiceAEZ10,RiceAEZ10,1990,SO2_AWB,1.15070924755349e-05
Japan,Rice,RiceAEZ11,RiceAEZ11,1990,SO2_AWB,1.45492825182821e-05
Japan,Rice,RiceAEZ12,RiceAEZ12,1990,SO2_AWB,8.45985025834194e-06
Japan,Rice,RiceAEZ15,RiceAEZ15,1990,SO2_AWB,1.96786949989268e-07
Japan,Root_Tuber,Root_TuberAEZ09,Root_TuberAEZ09,1990,SO2_AWB,3.68153906651875e-07
Japan,Root_Tuber,Root_TuberAEZ10,Root_TuberAEZ10,1990,SO2_AWB,4.67143734399905e-06
Japan,Root_Tuber,Root_TuberAEZ11,Root_TuberAEZ11,1990,SO2_AWB,4.56257580800142e-06
Japan,Root_Tuber,Root_TuberAEZ12,Root_TuberAEZ12,1990,SO2_AWB,5.43607030833478e-06
Japan,Root_Tuber,Root_TuberAEZ15,Root_TuberAEZ15,1990,SO2_AWB,1.98467396367426e-07
Japan,SugarCrop,SugarCropAEZ09,SugarCropAEZ09,1990,SO2_AWB,4.35622322691782e-07
Japan,SugarCrop,SugarCropAEZ10,SugarCropAEZ10,1990,SO2_AWB,5.45618916224264e-06
Japan,SugarCrop,SugarCropAEZ11,SugarCropAEZ11,1990,SO2_AWB,4.60642625680819e-06
Japan,SugarCrop,SugarCropAEZ12,SugarCropAEZ12,1990,SO2_AWB,5.67613368745412e-06
Japan,SugarCrop,SugarCropAEZ15,SugarCropAEZ15,1990,SO2_AWB,2.36059356394622e-07
Japan,Wheat,WheatAEZ09,WheatAEZ09,1990,SO2_AWB,2.10430384038238e-07
Japan,Wheat,WheatAEZ10,WheatAEZ10,1990,SO2_AWB,1.38631475649456e-06
Japan,Wheat,WheatAEZ11,WheatAEZ11,1990,SO2_AWB,3.55684784061005e-07
Japan,Wheat,WheatAEZ12,WheatAEZ12,1990,SO2_AWB,3.96963020891053e-07
Japan,Wheat,WheatAEZ15,WheatAEZ15,1990,SO2_AWB,1.14529212014008e-07
Mexico,Corn,CornAEZ01,CornAEZ01,1990,CH4_AWB,4.81484829706091e-05
Mexico,Corn,CornAEZ02,CornAEZ02,1990,CH4_AWB,1.5268716132842e-05
Mexico,Corn,CornAEZ03,CornAEZ03,1990,CH4_AWB,0.000171922403545531
Mexico,Corn,CornAEZ04,CornAEZ04,1990,CH4_AWB,0.000676672281741785
Mexico,Corn,CornAEZ05,CornAEZ05,1990,CH4_AWB,0.000223229477468348
Mexico,Corn,CornAEZ06,CornAEZ06,1990,CH4_AWB,0.00036375561854075
Mexico,Corn,CornAEZ07,CornAEZ07,1990,CH4_AWB,0.000136560389057721
Mexico,Corn,CornAEZ08,CornAEZ08,1990,CH4_AWB,0.000185596536327913
Mexico,Corn,CornAEZ09,CornAEZ09,1990,CH4_AWB,0.00116838121607832
Mexico,Corn,CornAEZ10,CornAEZ10,1990,CH4_AWB,0.000604342832441482
Mexico,Corn,CornAEZ11,CornAEZ11,1990,CH4_AWB,2.65287193888912e-05
Mexico,Corn,CornAEZ12,CornAEZ12,1990,CH4_AWB,1.37465082888231e-05
Mexico,FiberCrop,FiberCropAEZ01,FiberCropAEZ01,1990,CH4_AWB,6.58993952258897e-06
Mexico,FiberCrop,FiberCropAEZ02,FiberCropAEZ02,1990,CH4_AWB,8.66951490132979e-07
Mexico,FiberCrop,FiberCropAEZ03,FiberCropAEZ03,1990,CH4_AWB,1.69639475453749e-07
Mexico,FiberCrop,FiberCropAEZ04,FiberCropAEZ04,1990,CH4_AWB,5.20852861820303e-07
Mexico,FiberCrop,FiberCropAEZ05,FiberCropAEZ05,1990,CH4_AWB,8.92525280402387e-07
Mexico,FiberCrop,FiberCropAEZ06,FiberCropAEZ06,1990,CH4_AWB,1.41636175108746e-06
Mexico,FiberCrop,FiberCropAEZ07,FiberCropAEZ07,1990,CH4_AWB,0.000100692110657583
Mexico,FiberCrop,FiberCropAEZ08,FiberCropAEZ08,1990,CH4_AWB,2.30360178150083e-05
Mexico,FiberCrop,FiberCropAEZ09,FiberCropAEZ09,1990,CH4_AWB,1.04260080630004e-05
Mexico,FiberCrop,FiberCropAEZ10,FiberCropAEZ10,1990,CH4_AWB,1.83278830264101e-07
Mexico,FiberCrop,FiberCropAEZ11,FiberCropAEZ11,1990,CH4_AWB,3.40983870258791e-09
Mexico,FiberCrop,FiberCropAEZ12,FiberCropAEZ12,1990,CH4_AWB,3.45246168637029e-08
Mexico,FodderGrass,FodderGrassAEZ01,FodderGrassAEZ01,1990,CH4_AWB,2.23261003368421e-05
Mexico,FodderGrass,FodderGrassAEZ02,FodderGrassAEZ02,1990,CH4_AWB,2.4657507957318e-05
Mexico,FodderGrass,FodderGrassAEZ03,FodderGrassAEZ03,1990,CH4_AWB,0.000105670332305376
Mexico,FodderGrass,FodderGrassAEZ04,FodderGrassAEZ04,1990,CH4_AWB,0.000124129802678227
Mexico,FodderGrass,FodderGrassAEZ05,FodderGrassAEZ05,1990,CH4_AWB,8.96565659738183e-05
Mexico,FodderGrass,FodderGrassAEZ06,FodderGrassAEZ06,1990,CH4_AWB,0.000138855789441185
Mexico,FodderGrass,FodderGrassAEZ07,FodderGrassAEZ07,1990,CH4_AWB,0.000142754434371216
Mexico,FodderGrass,FodderGrassAEZ08,FodderGrassAEZ08,1990,CH4_AWB,8.15436145326988e-05
Mexico,FodderGrass,FodderGrassAEZ09,FodderGrassAEZ09,1990,CH4_AWB,0.000118595103221918
Mexico,FodderGrass,FodderGrassAEZ10,FodderGrassAEZ10,1990,CH4_AWB,5.98652936489279e-05
Mexico,FodderGrass,FodderGrassAEZ11,FodderGrassAEZ11,1990,CH4_AWB,4.09312836859739e-06
Mexico,FodderGrass,FodderGrassAEZ12,FodderGrassAEZ12,1990,CH4_AWB,3.75981367542357e-06
Mexico,FodderHerb,FodderHerbAEZ01,FodderHerbAEZ01,1990,CH4_AWB,7.98002998295331e-06
Mexico,FodderHerb,FodderHerbAEZ02,FodderHerbAEZ02,1990,CH4_AWB,9.90397949627829e-06
Mexico,FodderHerb,FodderHerbAEZ03,FodderHerbAEZ03,1990,CH4_AWB,0.000293893043307267
Mexico,FodderHerb,FodderHerbAEZ04,FodderHerbAEZ04,1990,CH4_AWB,0.000309542431164016
Mexico,FodderHerb,FodderHerbAEZ05,FodderHerbAEZ05,1990,CH4_AWB,1.26778528442607e-05
Mexico,FodderHerb,FodderHerbAEZ06,FodderHerbAEZ06,1990,CH4_AWB,0.000285890624462637
Mexico,FodderHerb,FodderHerbAEZ07,FodderHerbAEZ07,1990,CH4_AWB,0.000583826882961266
Mexico,FodderHerb,FodderHerbAEZ08,FodderHerbAEZ08,1990,CH4_AWB,0.000514830168412864
Mexico,FodderHerb,FodderHerbAEZ09,FodderHerbAEZ09,1990,CH4_AWB,0.00250840776218551
Mexico,FodderHerb,FodderHerbAEZ10,FodderHerbAEZ10,1990,CH4_AWB,0.000506891930971703
Mexico,FodderHerb,FodderHerbAEZ11,FodderHerbAEZ11,1990,CH4_AWB,5.2305285101093e-05
Mexico,FodderHerb,FodderHerbAEZ12,FodderHerbAEZ12,1990,CH4_AWB,5.22172222451687e-06
Mexico,MiscCrop,MiscCropAEZ01,MiscCropAEZ01,1990,CH4_AWB,0.000149010502295114
Mexico,MiscCrop,MiscCropAEZ02,MiscCropAEZ02,1990,CH4_AWB,0.000243437058843884
Mexico,MiscCrop,MiscCropAEZ03,MiscCropAEZ03,1990,CH4_AWB,0.000741825030481785
Mexico,MiscCrop,MiscCropAEZ04,MiscCropAEZ04,1990,CH4_AWB,0.000562897420083817
Mexico,MiscCrop,MiscCropAEZ05,MiscCropAEZ05,1990,CH4_AWB,0.000331846251170765
Mexico,MiscCrop,MiscCropAEZ06,MiscCropAEZ06,1990,CH4_AWB,0.001089566529632
Mexico,MiscCrop,MiscCropAEZ07,MiscCropAEZ07,1990,CH4_AWB,0.000517185492575892
Mexico,MiscCrop,MiscCropAEZ08,MiscCropAEZ08,1990,CH4_AWB,0.000345283143058666
Mexico,MiscCrop,MiscCropAEZ09,MiscCropAEZ09,1990,CH4_AWB,0.000369309494648008
Mexico,MiscCrop,MiscCropAEZ10,MiscCropAEZ10,1990,CH4_AWB,0.000255341568664252
Mexico,MiscCrop,MiscCropAEZ11,MiscCropAEZ11,1990,CH4_AWB,1.0351816355769e-05
Mexico,MiscCrop,MiscCropAEZ12,MiscCropAEZ12,1990,CH4_AWB,8.6579812497805e-05
Mexico,OilCrop,OilCropAEZ01,OilCropAEZ01,1990,CH4_AWB,3.29094494315437e-05
Mexico,OilCrop,OilCropAEZ02,OilCropAEZ02,1990,CH4_AWB,3.79941916273853e-05
Mexico,OilCrop,OilCropAEZ03,OilCropAEZ03,1990,CH4_AWB,9.44597785026543e-06
Mexico,OilCrop,OilCropAEZ04,OilCropAEZ04,1990,CH4_AWB,4.87113550266111e-05
Mexico,OilCrop,OilCropAEZ05,OilCropAEZ05,1990,CH4_AWB,3.63927354404706e-05
Mexico,OilCrop,OilCropAEZ06,OilCropAEZ06,1990,CH4_AWB,1.69525067204581e-05
Mexico,OilCrop,OilCropAEZ07,OilCropAEZ07,1990,CH4_AWB,1.20649764882871e-05
Mexico,OilCrop,OilCropAEZ08,OilCropAEZ08,1990,CH4_AWB,6.21277086755923e-06
Mexico,OilCrop,OilCropAEZ09,OilCropAEZ09,1990,CH4_AWB,3.25358159220596e-05
Mexico,OilCrop,OilCropAEZ10,OilCropAEZ10,1990,CH4_AWB,1.32470602464325e-05
Mexico,OilCrop,OilCropAEZ11,OilCropAEZ11,1990,CH4_AWB,1.75233521936127e-07
Mexico,OilCrop,OilCropAEZ12,OilCropAEZ12,1990,CH4_AWB,5.94011938766537e-09
Mexico,OtherGrain,OtherGrainAEZ01,OtherGrainAEZ01,1990,CH4_AWB,9.95030937951038e-06
Mexico,OtherGrain,OtherGrainAEZ02,OtherGrainAEZ02,1990,CH4_AWB,4.5400124517125e-05
Mexico,OtherGrain,OtherGrainAEZ03,OtherGrainAEZ03,1990,CH4_AWB,0.000135604140687032
Mexico,OtherGrain,OtherGrainAEZ04,OtherGrainAEZ04,1990,CH4_AWB,9.38476365091925e-05
Mexico,OtherGrain,OtherGrainAEZ05,OtherGrainAEZ05,1990,CH4_AWB,1.45621346675569e-05
Mexico,OtherGrain,OtherGrainAEZ06,OtherGrainAEZ06,1990,CH4_AWB,3.24230803070687e-05
Mexico,OtherGrain,OtherGrainAEZ07,OtherGrainAEZ07,1990,CH4_AWB,0.000431846794349728
Mexico,OtherGrain,OtherGrainAEZ08,OtherGrainAEZ08,1990,CH4_AWB,0.00010212059198721
Mexico,OtherGrain,OtherGrainAEZ09,OtherGrainAEZ09,1990,CH4_AWB,0.000629137465543362
Mexico,OtherGrain,OtherGrainAEZ10,OtherGrainAEZ10,1990,CH4_AWB,7.18123873634882e-05
Mexico,OtherGrain,OtherGrainAEZ11,OtherGrainAEZ11,1990,CH4_AWB,3.43731838057672e-06
Mexico,OtherGrain,OtherGrainAEZ12,OtherGrainAEZ12,1990,CH4_AWB,1.69621066376944e-06
Mexico,PalmFruit,PalmFruitAEZ01,PalmFruitAEZ01,1990,CH4_AWB,0
Mexico,PalmFruit,PalmFruitAEZ02,PalmFruitAEZ02,1990,CH4_AWB,0
Mexico,PalmFruit,PalmFruitAEZ03,PalmFruitAEZ03,1990,CH4_AWB,5.02480043107642e-05
Mexico,PalmFruit,PalmFruitAEZ04,PalmFruitAEZ04,1990,CH4_AWB,3.82450199420393e-05
Mexico,PalmFruit,PalmFruitAEZ05,PalmFruitAEZ05,1990,CH4_AWB,6.79760527088103e-05
Mexico,PalmFruit,PalmFruitAEZ06,PalmFruitAEZ06,1990,CH4_AWB,0.000137339406185054
Mexico,PalmFruit,PalmFruitAEZ07,PalmFruitAEZ07,1990,CH4_AWB,0
Mexico,PalmFruit,PalmFruitAEZ08,PalmFruitAEZ08,1990,CH4_AWB,0
Mexico,PalmFruit,PalmFruitAEZ09,PalmFruitAEZ09,1990,CH4_AWB,4.84407433595959e-09
Mexico,PalmFruit,PalmFruitAEZ10,PalmFruitAEZ10,1990,CH4_AWB,0
Mexico,PalmFruit,PalmFruitAEZ11,PalmFruitAEZ11,1990,CH4_AWB,0
Mexico,PalmFruit,PalmFruitAEZ12,PalmFruitAEZ12,1990,CH4_AWB,0
Mexico,Rice,RiceAEZ01,RiceAEZ01,1990,CH4_AWB,0
Mexico,Rice,RiceAEZ02,RiceAEZ02,1990,CH4_AWB,8.75061938579579e-07
Mexico,Rice,RiceAEZ03,RiceAEZ03,1990,CH4_AWB,2.21735413754336e-05
Mexico,Rice,RiceAEZ04,RiceAEZ04,1990,CH4_AWB,2.17676631219874e-05
Mexico,Rice,RiceAEZ05,RiceAEZ05,1990,CH4_AWB,2.43006038801248e-05
Mexico,Rice,RiceAEZ06,RiceAEZ06,1990,CH4_AWB,2.75856131667066e-05
Mexico,Rice,RiceAEZ07,RiceAEZ07,1990,CH4_AWB,0
Mexico,Rice,RiceAEZ08,RiceAEZ08,1990,CH4_AWB,8.60953870946424e-08
Mexico,Rice,RiceAEZ09,RiceAEZ09,1990,CH4_AWB,4.74356643265566e-06
Mexico,Rice,RiceAEZ10,RiceAEZ10,1990,CH4_AWB,1.11920385769796e-05
Mexico,Rice,RiceAEZ11,RiceAEZ11,1990,CH4_AWB,0
Mexico,Rice,RiceAEZ12,RiceAEZ12,1990,CH4_AWB,1.00565200051725e-07
Mexico,Root_Tuber,Root_TuberAEZ01,Root_TuberAEZ01,1990,CH4_AWB,4.37416105786652e-05
Mexico,Root_Tuber,Root_TuberAEZ02,Root_TuberAEZ02,1990,CH4_AWB,3.41226344803658e-05
Mexico,Root_Tuber,Root_TuberAEZ03,Root_TuberAEZ03,1990,CH4_AWB,1.59607830960974e-05
Mexico,Root_Tuber,Root_TuberAEZ04,Root_TuberAEZ04,1990,CH4_AWB,6.14918443528349e-06
Mexico,Root_Tuber,Root_TuberAEZ05,Root_TuberAEZ05,1990,CH4_AWB,5.27604833647543e-06
Mexico,Root_Tuber,Root_TuberAEZ06,Root_TuberAEZ06,1990,CH4_AWB,4.0548730008875e-05
Mexico,Root_Tuber,Root_TuberAEZ07,Root_TuberAEZ07,1990,CH4_AWB,5.98779516881147e-05
Mexico,Root_Tuber,Root_TuberAEZ08,Root_TuberAEZ08,1990,CH4_AWB,1.4922948242495e-05
Mexico,Root_Tuber,Root_TuberAEZ09,Root_TuberAEZ09,1990,CH4_AWB,5.39319905201287e-05
Mexico,Root_Tuber,Root_TuberAEZ10,Root_TuberAEZ10,1990,CH4_AWB,5.07755660326397e-05
Mexico,Root_Tuber,Root_TuberAEZ11,Root_TuberAEZ11,1990,CH4_AWB,2.03223267297349e-07
Mexico,Root_Tuber,Root_TuberAEZ12,Root_TuberAEZ12,1990,CH4_AWB,1.04822871536502e-05
Mexico,SugarCrop,SugarCropAEZ01,SugarCropAEZ01,1990,CH4_AWB,0.000149278565361587
Mexico,SugarCrop,SugarCropAEZ02,SugarCropAEZ02,1990,CH4_AWB,0.000158654051753495
Mexico,SugarCrop,SugarCropAEZ03,SugarCropAEZ03,1990,CH4_AWB,0.00108716254602912
Mexico,SugarCrop,SugarCropAEZ04,SugarCropAEZ04,1990,CH4_AWB,0.00242378720288131
Mexico,SugarCrop,SugarCropAEZ05,SugarCropAEZ05,1990,CH4_AWB,0.00256481337419202
Mexico,SugarCrop,SugarCropAEZ06,SugarCropAEZ06,1990,CH4_AWB,0.00229850644213754
Mexico,SugarCrop,SugarCropAEZ07,SugarCropAEZ07,1990,CH4_AWB,0.000457759435630623
Mexico,SugarCrop,SugarCropAEZ08,SugarCropAEZ08,1990,CH4_AWB,0.000193308164006751
Mexico,SugarCrop,SugarCropAEZ09,SugarCropAEZ09,1990,CH4_AWB,0.000614761802148913
Mexico,SugarCrop,SugarCropAEZ10,SugarCropAEZ10,1990,CH4_AWB,0.00103982064043182
Mexico,SugarCrop,SugarCropAEZ11,SugarCropAEZ11,1990,CH4_AWB,6.7086168325078e-06
Mexico,SugarCrop,SugarCropAEZ12,SugarCropAEZ12,1990,CH4_AWB,9.22244914233123e-06
Mexico,Wheat,WheatAEZ01,WheatAEZ01,1990,CH4_AWB,0.000464274824899223
Mexico,Wheat,WheatAEZ02,WheatAEZ02,1990,CH4_AWB,0.000189769426768043
Mexico,Wheat,WheatAEZ03,WheatAEZ03,1990,CH4_AWB,1.45772696751285e-05
Mexico,Wheat,WheatAEZ04,WheatAEZ04,1990,CH4_AWB,1.12098435184355e-05
Mexico,Wheat,WheatAEZ05,WheatAEZ05,1990,CH4_AWB,1.39863163103057e-06
Mexico,Wheat,WheatAEZ06,WheatAEZ06,1990,CH4_AWB,1.15402859916227e-05
Mexico,Wheat,WheatAEZ07,WheatAEZ07,1990,CH4_AWB,8.58463714756105e-05
Mexico,Wheat,WheatAEZ08,WheatAEZ08,1990,CH4_AWB,2.8934979384755e-05
Mexico,Wheat,WheatAEZ09,WheatAEZ09,1990,CH4_AWB,0.000198365341170648
Mexico,Wheat,WheatAEZ10,WheatAEZ10,1990,CH4_AWB,3.90391478975787e-05
Mexico,Wheat,WheatAEZ11,WheatAEZ11,1990,CH4_AWB,6.81360409441243e-07
Mexico,Wheat,WheatAEZ12,WheatAEZ12,1990,CH4_AWB,5.63862752149709e-07
Mexico,Corn,CornAEZ01,CornAEZ01,1990,CO_AWB,0.00175386226628336
Mexico,Corn,CornAEZ02,CornAEZ02,1990,CO_AWB,0.000556180037828608
Mexico,Corn,CornAEZ03,CornAEZ03,1990,CO_AWB,0.00626246555870318
Mexico,Corn,CornAEZ04,CornAEZ04,1990,CO_AWB,0.0246485435960925
Mexico,Corn,CornAEZ05,CornAEZ05,1990,CO_AWB,0.00813138302805668
Mexico,Corn,CornAEZ06,CornAEZ06,1990,CO_AWB,0.0132502046616218
Mexico,Corn,CornAEZ07,CornAEZ07,1990,CO_AWB,0.00497436468732592
Mexico,Corn,CornAEZ08,CornAEZ08,1990,CO_AWB,0.00676056111709922
Mexico,Corn,CornAEZ09,CornAEZ09,1990,CO_AWB,0.0425595906887636
Mexico,Corn,CornAEZ10,CornAEZ10,1990,CO_AWB,0.0220138626250162
Mexico,Corn,CornAEZ11,CornAEZ11,1990,CO_AWB,0.000966338232035213
Mexico,Corn,CornAEZ12,CornAEZ12,1990,CO_AWB,0.000500731917049914
Mexico,FiberCrop,FiberCropAEZ01,FiberCropAEZ01,1990,CO_AWB,0.000240045907008395
Mexico,FiberCrop,FiberCropAEZ02,FiberCropAEZ02,1990,CO_AWB,3.15796762728852e-05
Mexico,FiberCrop,FiberCropAEZ03,FiberCropAEZ03,1990,CO_AWB,6.17930735329808e-06
Mexico,FiberCrop,FiberCropAEZ04,FiberCropAEZ04,1990,CO_AWB,1.89726472003272e-05
Mexico,FiberCrop,FiberCropAEZ05,FiberCropAEZ05,1990,CO_AWB,3.25112301452416e-05
Mexico,FiberCrop,FiberCropAEZ06,FiberCropAEZ06,1990,CO_AWB,5.15925586306771e-05
Mexico,FiberCrop,FiberCropAEZ07,FiberCropAEZ07,1990,CO_AWB,0.00366782258752708
Mexico,FiberCrop,FiberCropAEZ08,FiberCropAEZ08,1990,CO_AWB,0.000839112676422983
Mexico,FiberCrop,FiberCropAEZ09,FiberCropAEZ09,1990,CO_AWB,0.000379778987861869
Mexico,FiberCrop,FiberCropAEZ10,FiberCropAEZ10,1990,CO_AWB,6.67613608522153e-06
Mexico,FiberCrop,FiberCropAEZ11,FiberCropAEZ11,1990,CO_AWB,1.24207182980866e-07
Mexico,FiberCrop,FiberCropAEZ12,FiberCropAEZ12,1990,CO_AWB,1.25759772768127e-06
Mexico,FodderGrass,FodderGrassAEZ01,FodderGrassAEZ01,1990,CO_AWB,0.000813253139417617
Mexico,FodderGrass,FodderGrassAEZ02,FodderGrassAEZ02,1990,CO_AWB,0.000898177265799212
Mexico,FodderGrass,FodderGrassAEZ03,FodderGrassAEZ03,1990,CO_AWB,0.00384915987091747
Mexico,FodderGrass,FodderGrassAEZ04,FodderGrassAEZ04,1990,CO_AWB,0.00452156669549557
Mexico,FodderGrass,FodderGrassAEZ05,FodderGrassAEZ05,1990,CO_AWB,0.00326584054749991
Mexico,FodderGrass,FodderGrassAEZ06,FodderGrassAEZ06,1990,CO_AWB,0.00505797720988509
Mexico,FodderGrass,FodderGrassAEZ07,FodderGrassAEZ07,1990,CO_AWB,0.00519998970561818
Mexico,FodderGrass,FodderGrassAEZ08,FodderGrassAEZ08,1990,CO_AWB,0.00297031723040071
Mexico,FodderGrass,FodderGrassAEZ09,FodderGrassAEZ09,1990,CO_AWB,0.00431995908643413
Mexico,FodderGrass,FodderGrassAEZ10,FodderGrassAEZ10,1990,CO_AWB,0.00218066018102624
Mexico,FodderGrass,FodderGrassAEZ11,FodderGrassAEZ11,1990,CO_AWB,0.000149096772189458
Mexico,FodderGrass,FodderGrassAEZ12,FodderGrassAEZ12,1990,CO_AWB,0.000136955412231924
Mexico,FodderHerb,FodderHerbAEZ01,FodderHerbAEZ01,1990,CO_AWB,0.000290681504533694
Mexico,FodderHerb,FodderHerbAEZ02,FodderHerbAEZ02,1990,CO_AWB,0.000360763514297422
Mexico,FodderHerb,FodderHerbAEZ03,FodderHerbAEZ03,1990,CO_AWB,0.0107053823335293
Mexico,FodderHerb,FodderHerbAEZ04,FodderHerbAEZ04,1990,CO_AWB,0.0112754287640501
Mexico,FodderHerb,FodderHerbAEZ05,FodderHerbAEZ05,1990,CO_AWB,0.000461804948966196
Mexico,FodderHerb,FodderHerbAEZ06,FodderHerbAEZ06,1990,CO_AWB,0.0104138852897043
Mexico,FodderHerb,FodderHerbAEZ07,FodderHerbAEZ07,1990,CO_AWB,0.0212665462521973
Mexico,FodderHerb,FodderHerbAEZ08,FodderHerbAEZ08,1990,CO_AWB,0.0187532638665854
Mexico,FodderHerb,FodderHerbAEZ09,FodderHerbAEZ09,1990,CO_AWB,0.0913715542239395
Mexico,FodderHerb,FodderHerbAEZ10,FodderHerbAEZ10,1990,CO_AWB,0.018464104702062
Mexico,FodderHerb,FodderHerbAEZ11,FodderHerbAEZ11,1990,CO_AWB,0.00190527842636284
Mexico,FodderHerb,FodderHerbAEZ12,FodderHerbAEZ12,1990,CO_AWB,0.000190207063848381
Mexico,MiscCrop,MiscCropAEZ01,MiscCropAEZ01,1990,CO_AWB,0.00542787396676359
Mexico,MiscCrop,MiscCropAEZ02,MiscCropAEZ02,1990,CO_AWB,0.00886746674826521
Mexico,MiscCrop,MiscCropAEZ03,MiscCropAEZ03,1990,CO_AWB,0.0270218052340444
Mexico,MiscCrop,MiscCropAEZ04,MiscCropAEZ04,1990,CO_AWB,0.0205041671920566
Mexico,MiscCrop,MiscCropAEZ05,MiscCropAEZ05,1990,CO_AWB,0.0120878703175605
Mexico,MiscCrop,MiscCropAEZ06,MiscCropAEZ06,1990,CO_AWB,0.0396886777116812
Mexico,MiscCrop,MiscCropAEZ07,MiscCropAEZ07,1990,CO_AWB,0.0188390591797404
Mexico,MiscCrop,MiscCropAEZ08,MiscCropAEZ08,1990,CO_AWB,0.0125773241114153
Mexico,MiscCrop,MiscCropAEZ09,MiscCropAEZ09,1990,CO_AWB,0.0134525108016113
Mexico,MiscCrop,MiscCropAEZ10,MiscCropAEZ10,1990,CO_AWB,0.00930110181388683
Mexico,MiscCrop,MiscCropAEZ11,MiscCropAEZ11,1990,CO_AWB,0.000377076472065814
Mexico,MiscCrop,MiscCropAEZ12,MiscCropAEZ12,1990,CO_AWB,0.00315376636589943
Mexico,OilCrop,OilCropAEZ01,OilCropAEZ01,1990,CO_AWB,0.00119876345008372
Mexico,OilCrop,OilCropAEZ02,OilCropAEZ02,1990,CO_AWB,0.00138398086340304
Mexico,OilCrop,OilCropAEZ03,OilCropAEZ03,1990,CO_AWB,0.000344080292827538
Mexico,OilCrop,OilCropAEZ04,OilCropAEZ04,1990,CO_AWB,0.0017743655095604
Mexico,OilCrop,OilCropAEZ05,OilCropAEZ05,1990,CO_AWB,0.00132564603322676
Mexico,OilCrop,OilCropAEZ06,OilCropAEZ06,1990,CO_AWB,0.000617513990504659
Mexico,OilCrop,OilCropAEZ07,OilCropAEZ07,1990,CO_AWB,0.000439480243215955
Mexico,OilCrop,OilCropAEZ08,OilCropAEZ08,1990,CO_AWB,0.000226307117512467
Mexico,OilCrop,OilCropAEZ09,OilCropAEZ09,1990,CO_AWB,0.00118515343221248
Mexico,OilCrop,OilCropAEZ10,OilCropAEZ10,1990,CO_AWB,0.000482538964303039
Mexico,OilCrop,OilCropAEZ11,OilCropAEZ11,1990,CO_AWB,6.38307674406512e-06
Mexico,OilCrop,OilCropAEZ12,OilCropAEZ12,1990,CO_AWB,2.16375482849666e-07
Mexico,OtherGrain,OtherGrainAEZ01,OtherGrainAEZ01,1990,CO_AWB,0.000362451132037148
Mexico,OtherGrain,OtherGrainAEZ02,OtherGrainAEZ02,1990,CO_AWB,0.0016537502401427
Mexico,OtherGrain,OtherGrainAEZ03,OtherGrainAEZ03,1990,CO_AWB,0.0049395322724486
Mexico,OtherGrain,OtherGrainAEZ04,OtherGrainAEZ04,1990,CO_AWB,0.0034185049724998
Mexico,OtherGrain,OtherGrainAEZ05,OtherGrainAEZ05,1990,CO_AWB,0.000530442018818224
Mexico,OtherGrain,OtherGrainAEZ06,OtherGrainAEZ06,1990,CO_AWB,0.00118104691152896
Mexico,OtherGrain,OtherGrainAEZ07,OtherGrainAEZ07,1990,CO_AWB,0.0157305017873097
Mexico,OtherGrain,OtherGrainAEZ08,OtherGrainAEZ08,1990,CO_AWB,0.00371985661534167
Mexico,OtherGrain,OtherGrainAEZ09,OtherGrainAEZ09,1990,CO_AWB,0.0229170348273527
Mexico,OtherGrain,OtherGrainAEZ10,OtherGrainAEZ10,1990,CO_AWB,0.00261584641255318
Mexico,OtherGrain,OtherGrainAEZ11,OtherGrainAEZ11,1990,CO_AWB,0.00012520816094197
Mexico,OtherGrain,OtherGrainAEZ12,OtherGrainAEZ12,1990,CO_AWB,6.17863678211549e-05
Mexico,PalmFruit,PalmFruitAEZ01,PalmFruitAEZ01,1990,CO_AWB,0
Mexico,PalmFruit,PalmFruitAEZ02,PalmFruitAEZ02,1990,CO_AWB,0
Mexico,PalmFruit,PalmFruitAEZ03,PalmFruitAEZ03,1990,CO_AWB,0.00183033967592474
Mexico,PalmFruit,PalmFruitAEZ04,PalmFruitAEZ04,1990,CO_AWB,0.00139311756489903
Mexico,PalmFruit,PalmFruitAEZ05,PalmFruitAEZ05,1990,CO_AWB,0.00247610363819034
Mexico,PalmFruit,PalmFruitAEZ06,PalmFruitAEZ06,1990,CO_AWB,0.00500274125622535
Mexico,PalmFruit,PalmFruitAEZ07,PalmFruitAEZ07,1990,CO_AWB,0
Mexico,PalmFruit,PalmFruitAEZ08,PalmFruitAEZ08,1990,CO_AWB,0
Mexico,PalmFruit,PalmFruitAEZ09,PalmFruitAEZ09,1990,CO_AWB,1.76450817735985e-07
Mexico,PalmFruit,PalmFruitAEZ10,PalmFruitAEZ10,1990,CO_AWB,0
Mexico,PalmFruit,PalmFruitAEZ11,PalmFruitAEZ11,1990,CO_AWB,0
Mexico,PalmFruit,PalmFruitAEZ12,PalmFruitAEZ12,1990,CO_AWB,0
Mexico,Rice,RiceAEZ01,RiceAEZ01,1990,CO_AWB,0
Mexico,Rice,RiceAEZ02,RiceAEZ02,1990,CO_AWB,3.18751084156135e-05
Mexico,Rice,RiceAEZ03,RiceAEZ03,1990,CO_AWB,0.000807696008864591
Mexico,Rice,RiceAEZ04,RiceAEZ04,1990,CO_AWB,0.000792911440182361
Mexico,Rice,RiceAEZ05,RiceAEZ05,1990,CO_AWB,0.00088517663618324
Mexico,Rice,RiceAEZ06,RiceAEZ06,1990,CO_AWB,0.00100483676827179
Mexico,Rice,RiceAEZ07,RiceAEZ07,1990,CO_AWB,0
Mexico,Rice,RiceAEZ08,RiceAEZ08,1990,CO_AWB,3.13612062956429e-06
Mexico,Rice,RiceAEZ09,RiceAEZ09,1990,CO_AWB,0.000172789705107045
Mexico,Rice,RiceAEZ10,RiceAEZ10,1990,CO_AWB,0.000407682504865923
Mexico,Rice,RiceAEZ11,RiceAEZ11,1990,CO_AWB,0
Mexico,Rice,RiceAEZ12,RiceAEZ12,1990,CO_AWB,3.66319972697005e-06
Mexico,Root_Tuber,Root_TuberAEZ01,Root_TuberAEZ01,1990,CO_AWB,0.0015933370176421
Mexico,Root_Tuber,Root_TuberAEZ02,Root_TuberAEZ02,1990,CO_AWB,0.00124295507041882
Mexico,Root_Tuber,Root_TuberAEZ03,Root_TuberAEZ03,1990,CO_AWB,0.000581389349892208
Mexico,Root_Tuber,Root_TuberAEZ04,Root_TuberAEZ04,1990,CO_AWB,0.000223990910701048
Mexico,Root_Tuber,Root_TuberAEZ05,Root_TuberAEZ05,1990,CO_AWB,0.000192185953149964
Mexico,Root_Tuber,Root_TuberAEZ06,Root_TuberAEZ06,1990,CO_AWB,0.00147703277695559
Mexico,Root_Tuber,Root_TuberAEZ07,Root_TuberAEZ07,1990,CO_AWB,0.0021811212642406
Mexico,Root_Tuber,Root_TuberAEZ08,Root_TuberAEZ08,1990,CO_AWB,0.000543585056255833
Mexico,Root_Tuber,Root_TuberAEZ09,Root_TuberAEZ09,1990,CO_AWB,0.00196453298801843
Mexico,Root_Tuber,Root_TuberAEZ10,Root_TuberAEZ10,1990,CO_AWB,0.00184955670084529
Mexico,Root_Tuber,Root_TuberAEZ11,Root_TuberAEZ11,1990,CO_AWB,7.4026344788725e-06
Mexico,Root_Tuber,Root_TuberAEZ12,Root_TuberAEZ12,1990,CO_AWB,0.000381829016593444
Mexico,SugarCrop,SugarCropAEZ01,SugarCropAEZ01,1990,CO_AWB,0.00543763846334304
Mexico,SugarCrop,SugarCropAEZ02,SugarCropAEZ02,1990,CO_AWB,0.00577915102607232
Mexico,SugarCrop,SugarCropAEZ03,SugarCropAEZ03,1990,CO_AWB,0.0396011099240847
Mexico,SugarCrop,SugarCropAEZ04,SugarCropAEZ04,1990,CO_AWB,0.0882891558437865
Mexico,SugarCrop,SugarCropAEZ05,SugarCropAEZ05,1990,CO_AWB,0.0934261916372352
Mexico,SugarCrop,SugarCropAEZ06,SugarCropAEZ06,1990,CO_AWB,0.0837256642153194
Mexico,SugarCrop,SugarCropAEZ07,SugarCropAEZ07,1990,CO_AWB,0.0166743986862014
Mexico,SugarCrop,SugarCropAEZ08,SugarCropAEZ08,1990,CO_AWB,0.00704146576794351
Mexico,SugarCrop,SugarCropAEZ09,SugarCropAEZ09,1990,CO_AWB,0.0223933852329157
Mexico,SugarCrop,SugarCropAEZ10,SugarCropAEZ10,1990,CO_AWB,0.0378766281394408
Mexico,SugarCrop,SugarCropAEZ11,SugarCropAEZ11,1990,CO_AWB,0.000244368860565576
Mexico,SugarCrop,SugarCropAEZ12,SugarCropAEZ12,1990,CO_AWB,0.000335938009995571
Mexico,Wheat,WheatAEZ01,WheatAEZ01,1990,CO_AWB,0.0169117290169476
Mexico,Wheat,WheatAEZ02,WheatAEZ02,1990,CO_AWB,0.00691256331182561
Mexico,Wheat,WheatAEZ03,WheatAEZ03,1990,CO_AWB,0.000530993328372377
Mexico,Wheat,WheatAEZ04,WheatAEZ04,1990,CO_AWB,0.000408331069743697
Mexico,Wheat,WheatAEZ05,WheatAEZ05,1990,CO_AWB,5.09467192059245e-05
Mexico,Wheat,WheatAEZ06,WheatAEZ06,1990,CO_AWB,0.000420367805880413
Mexico,Wheat,WheatAEZ07,WheatAEZ07,1990,CO_AWB,0.00312704995753083
Mexico,Wheat,WheatAEZ08,WheatAEZ08,1990,CO_AWB,0.00105398893978833
Mexico,Wheat,WheatAEZ09,WheatAEZ09,1990,CO_AWB,0.00722567909418854
Mexico,Wheat,WheatAEZ10,WheatAEZ10,1990,CO_AWB,0.00142204456259221
Mexico,Wheat,WheatAEZ11,WheatAEZ11,1990,CO_AWB,2.48193138834267e-05
Mexico,Wheat,WheatAEZ12,WheatAEZ12,1990,CO_AWB,2.05393304906767e-05
Mexico,Corn,CornAEZ01,CornAEZ01,1990,N2O_AWB,1.25086780500964e-06
Mexico,Corn,CornAEZ02,CornAEZ02,1990,N2O_AWB,3.96671800564554e-07
Mexico,Corn,CornAEZ03,CornAEZ03,1990,N2O_AWB,4.46643770035812e-06
Mexico,Corn,CornAEZ04,CornAEZ04,1990,N2O_AWB,1.75795273194773e-05
Mexico,Corn,CornAEZ05,CornAEZ05,1990,N2O_AWB,5.79936374453854e-06
Mexico,Corn,CornAEZ06,CornAEZ06,1990,N2O_AWB,9.4501459662133e-06
Mexico,Corn,CornAEZ07,CornAEZ07,1990,N2O_AWB,3.54775443737585e-06
Mexico,Corn,CornAEZ08,CornAEZ08,1990,N2O_AWB,4.82168321181793e-06
Mexico,Corn,CornAEZ09,CornAEZ09,1990,N2O_AWB,3.03538212836842e-05
Mexico,Corn,CornAEZ10,CornAEZ10,1990,N2O_AWB,1.5700452966521e-05
Mexico,Corn,CornAEZ11,CornAEZ11,1990,N2O_AWB,6.89199720206247e-07
Mexico,Corn,CornAEZ12,CornAEZ12,1990,N2O_AWB,3.57125782348807e-07
Mexico,FiberCrop,FiberCropAEZ01,FiberCropAEZ01,1990,N2O_AWB,1.7120255254561e-07
Mexico,FiberCrop,FiberCropAEZ02,FiberCropAEZ02,1990,N2O_AWB,2.25228634550011e-08
Mexico,FiberCrop,FiberCropAEZ03,FiberCropAEZ03,1990,N2O_AWB,4.4071286406541e-09
Mexico,FiberCrop,FiberCropAEZ04,FiberCropAEZ04,1990,N2O_AWB,1.35314351730635e-08
Mexico,FiberCrop,FiberCropAEZ05,FiberCropAEZ05,1990,N2O_AWB,2.3187254707361e-08
Mexico,FiberCrop,FiberCropAEZ06,FiberCropAEZ06,1990,N2O_AWB,3.67962021931999e-08
Mexico,FiberCrop,FiberCropAEZ07,FiberCropAEZ07,1990,N2O_AWB,2.61591875110422e-06
Mexico,FiberCrop,FiberCropAEZ08,FiberCropAEZ08,1990,N2O_AWB,5.98461493750731e-07
Mexico,FiberCrop,FiberCropAEZ09,FiberCropAEZ09,1990,N2O_AWB,2.70861240399597e-07
Mexico,FiberCrop,FiberCropAEZ10,FiberCropAEZ10,1990,N2O_AWB,4.76147064191272e-09
Mexico,FiberCrop,FiberCropAEZ11,FiberCropAEZ11,1990,N2O_AWB,8.85855003146551e-11
Mexico,FiberCrop,FiberCropAEZ12,FiberCropAEZ12,1990,N2O_AWB,8.96928190685889e-10
Mexico,FodderGrass,FodderGrassAEZ01,FodderGrassAEZ01,1990,N2O_AWB,5.80018276792187e-07
Mexico,FodderGrass,FodderGrassAEZ02,FodderGrassAEZ02,1990,N2O_AWB,6.40586804664344e-07
Mexico,FodderGrass,FodderGrassAEZ03,FodderGrassAEZ03,1990,N2O_AWB,2.74524987020152e-06
Mexico,FodderGrass,FodderGrassAEZ04,FodderGrassAEZ04,1990,N2O_AWB,3.2248154922591e-06
Mexico,FodderGrass,FodderGrassAEZ05,FodderGrassAEZ05,1990,N2O_AWB,2.32922212633013e-06
Mexico,FodderGrass,FodderGrassAEZ06,FodderGrassAEZ06,1990,N2O_AWB,3.60738751950295e-06
Mexico,FodderGrass,FodderGrassAEZ07,FodderGrassAEZ07,1990,N2O_AWB,3.70867190325221e-06
Mexico,FodderGrass,FodderGrassAEZ08,FodderGrassAEZ08,1990,N2O_AWB,2.11845266621032e-06
Mexico,FodderGrass,FodderGrassAEZ09,FodderGrassAEZ09,1990,N2O_AWB,3.08102742390962e-06
Mexico,FodderGrass,FodderGrassAEZ10,FodderGrassAEZ10,1990,N2O_AWB,1.5552632989206e-06
Mexico,FodderGrass,FodderGrassAEZ11,FodderGrassAEZ11,1990,N2O_AWB,1.0633694318418e-07
Mexico,FodderGrass,FodderGrassAEZ12,FodderGrassAEZ12,1990,N2O_AWB,9.76776336295607e-08
Mexico,FodderHerb,FodderHerbAEZ01,FodderHerbAEZ01,1990,N2O_AWB,2.07316242856107e-07
Mexico,FodderHerb,FodderHerbAEZ02,FodderHerbAEZ02,1990,N2O_AWB,2.57299261140426e-07
Mexico,FodderHerb,FodderHerbAEZ03,FodderHerbAEZ03,1990,N2O_AWB,7.63515947561148e-06
Mexico,FodderHerb,FodderHerbAEZ04,FodderHerbAEZ04,1990,N2O_AWB,8.04172089209608e-06
Mexico,FodderHerb,FodderHerbAEZ05,FodderHerbAEZ05,1990,N2O_AWB,3.29362774923061e-07
Mexico,FodderHerb,FodderHerbAEZ06,FodderHerbAEZ06,1990,N2O_AWB,7.42726158397778e-06
Mexico,FodderHerb,FodderHerbAEZ07,FodderHerbAEZ07,1990,N2O_AWB,1.5167461289303e-05
Mexico,FodderHerb,FodderHerbAEZ08,FodderHerbAEZ08,1990,N2O_AWB,1.33749693237156e-05
Mexico,FodderHerb,FodderHerbAEZ09,FodderHerbAEZ09,1990,N2O_AWB,6.51668820691493e-05
Mexico,FodderHerb,FodderHerbAEZ10,FodderHerbAEZ10,1990,N2O_AWB,1.31687388252442e-05
Mexico,FodderHerb,FodderHerbAEZ11,FodderHerbAEZ11,1990,N2O_AWB,1.3588589531418e-06
Mexico,FodderHerb,FodderHerbAEZ12,FodderHerbAEZ12,1990,N2O_AWB,1.35657113461675e-07
Mexico,MiscCrop,MiscCropAEZ01,MiscCropAEZ01,1990,N2O_AWB,3.87120067818234e-06
Mexico,MiscCrop,MiscCropAEZ02,MiscCropAEZ02,1990,N2O_AWB,6.32434420914009e-06
Mexico,MiscCrop,MiscCropAEZ03,MiscCropAEZ03,1990,N2O_AWB,1.92721554310732e-05
Mexico,MiscCrop,MiscCropAEZ04,MiscCropAEZ04,1990,N2O_AWB,1.46237267898064e-05
Mexico,MiscCrop,MiscCropAEZ05,MiscCropAEZ05,1990,N2O_AWB,8.6211603396941e-06
Mexico,MiscCrop,MiscCropAEZ06,MiscCropAEZ06,1990,N2O_AWB,2.83062644811613e-05
Mexico,MiscCrop,MiscCropAEZ07,MiscCropAEZ07,1990,N2O_AWB,1.34361591885696e-05
Mexico,MiscCrop,MiscCropAEZ08,MiscCropAEZ08,1990,N2O_AWB,8.97024247946226e-06
Mexico,MiscCrop,MiscCropAEZ09,MiscCropAEZ09,1990,N2O_AWB,9.59443223209259e-06
Mexico,MiscCrop,MiscCropAEZ10,MiscCropAEZ10,1990,N2O_AWB,6.63361601065891e-06
Mexico,MiscCrop,MiscCropAEZ11,MiscCropAEZ11,1990,N2O_AWB,2.68933785737505e-07
Mexico,MiscCrop,MiscCropAEZ12,MiscCropAEZ12,1990,N2O_AWB,2.24928997416978e-06
Mexico,OilCrop,OilCropAEZ01,OilCropAEZ01,1990,N2O_AWB,8.54967139871032e-07
Mexico,OilCrop,OilCropAEZ02,OilCropAEZ02,1990,N2O_AWB,9.87065596917638e-07
Mexico,OilCrop,OilCropAEZ03,OilCropAEZ03,1990,N2O_AWB,2.45400661676999e-07
Mexico,OilCrop,OilCropAEZ04,OilCropAEZ04,1990,N2O_AWB,1.26549087285629e-06
Mexico,OilCrop,OilCropAEZ05,OilCropAEZ05,1990,N2O_AWB,9.4546075577305e-07
Mexico,OilCrop,OilCropAEZ06,OilCropAEZ06,1990,N2O_AWB,4.4041563851087e-07
Mexico,OilCrop,OilCropAEZ07,OilCropAEZ07,1990,N2O_AWB,3.13440626293643e-07
Mexico,OilCrop,OilCropAEZ08,OilCropAEZ08,1990,N2O_AWB,1.61403944188137e-07
Mexico,OilCrop,OilCropAEZ09,OilCropAEZ09,1990,N2O_AWB,8.45260372408146e-07
Mexico,OilCrop,OilCropAEZ10,OilCropAEZ10,1990,N2O_AWB,3.44150431144432e-07
Mexico,OilCrop,OilCropAEZ11,OilCropAEZ11,1990,N2O_AWB,4.55245850803135e-09
Mexico,OilCrop,OilCropAEZ12,OilCropAEZ12,1990,N2O_AWB,1.54320627390894e-10
Mexico,OtherGrain,OtherGrainAEZ01,OtherGrainAEZ01,1990,N2O_AWB,2.58502882849136e-07
Mexico,OtherGrain,OtherGrainAEZ02,OtherGrainAEZ02,1990,N2O_AWB,1.17946715240366e-06
Mexico,OtherGrain,OtherGrainAEZ03,OtherGrainAEZ03,1990,N2O_AWB,3.52291169619919e-06
Mexico,OtherGrain,OtherGrainAEZ04,OtherGrainAEZ04,1990,N2O_AWB,2.43810354642438e-06
Mexico,OtherGrain,OtherGrainAEZ05,OtherGrainAEZ05,1990,N2O_AWB,3.78315251157149e-07
Mexico,OtherGrain,OtherGrainAEZ06,OtherGrainAEZ06,1990,N2O_AWB,8.42331570864053e-07
Mexico,OtherGrain,OtherGrainAEZ07,OtherGrainAEZ07,1990,N2O_AWB,1.12191125954775e-05
Mexico,OtherGrain,OtherGrainAEZ08,OtherGrainAEZ08,1990,N2O_AWB,2.65302981245123e-06
Mexico,OtherGrain,OtherGrainAEZ09,OtherGrainAEZ09,1990,N2O_AWB,1.63446021976214e-05
Mexico,OtherGrain,OtherGrainAEZ10,OtherGrainAEZ10,1990,N2O_AWB,1.86564140367e-06
Mexico,OtherGrain,OtherGrainAEZ11,OtherGrainAEZ11,1990,N2O_AWB,8.92994053510653e-08
Mexico,OtherGrain,OtherGrainAEZ12,OtherGrainAEZ12,1990,N2O_AWB,4.40665038422577e-08
Mexico,PalmFruit,PalmFruitAEZ01,PalmFruitAEZ01,1990,N2O_AWB,0
Mexico,PalmFruit,PalmFruitAEZ02,PalmFruitAEZ02,1990,N2O_AWB,0
Mexico,PalmFruit,PalmFruitAEZ03,PalmFruitAEZ03,1990,N2O_AWB,1.30541207075387e-06
Mexico,PalmFruit,PalmFruitAEZ04,PalmFruitAEZ04,1990,N2O_AWB,9.93581961380815e-07
Mexico,PalmFruit,PalmFruitAEZ05,PalmFruitAEZ05,1990,N2O_AWB,1.76597580233198e-06
Mexico,PalmFruit,PalmFruitAEZ06,PalmFruitAEZ06,1990,N2O_AWB,3.5679928204777e-06
Mexico,PalmFruit,PalmFruitAEZ07,PalmFruitAEZ07,1990,N2O_AWB,0
Mexico,PalmFruit,PalmFruitAEZ08,PalmFruitAEZ08,1990,N2O_AWB,0
Mexico,PalmFruit,PalmFruitAEZ09,PalmFruitAEZ09,1990,N2O_AWB,1.25846054913589e-10
Mexico,PalmFruit,PalmFruitAEZ10,PalmFruitAEZ10,1990,N2O_AWB,0
Mexico,PalmFruit,PalmFruitAEZ11,PalmFruitAEZ11,1990,N2O_AWB,0
Mexico,PalmFruit,PalmFruitAEZ12,PalmFruitAEZ12,1990,N2O_AWB,0
Mexico,Rice,RiceAEZ01,RiceAEZ01,1990,N2O_AWB,0
Mexico,Rice,RiceAEZ02,RiceAEZ02,1990,N2O_AWB,2.27335678888715e-08
Mexico,Rice,RiceAEZ03,RiceAEZ03,1990,N2O_AWB,5.76054889341161e-07
Mexico,Rice,RiceAEZ04,RiceAEZ04,1990,N2O_AWB,5.65510423375344e-07
Mexico,Rice,RiceAEZ05,RiceAEZ05,1990,N2O_AWB,6.31314657504273e-07
Mexico,Rice,RiceAEZ06,RiceAEZ06,1990,N2O_AWB,7.16657166805162e-07
Mexico,Rice,RiceAEZ07,RiceAEZ07,1990,N2O_AWB,0
Mexico,Rice,RiceAEZ08,RiceAEZ08,1990,N2O_AWB,2.23670490184019e-09
Mexico,Rice,RiceAEZ09,RiceAEZ09,1990,N2O_AWB,1.2323492175559e-07
Mexico,Rice,RiceAEZ10,RiceAEZ10,1990,N2O_AWB,2.9076223931947e-07
Mexico,Rice,RiceAEZ11,RiceAEZ11,1990,N2O_AWB,0
Mexico,Rice,RiceAEZ12,RiceAEZ12,1990,N2O_AWB,2.61262169206544e-09
Mexico,Root_Tuber,Root_TuberAEZ01,Root_TuberAEZ01,1990,N2O_AWB,1.13637998616739e-06
Mexico,Root_Tuber,Root_TuberAEZ02,Root_TuberAEZ02,1990,N2O_AWB,8.86484937015688e-07
Mexico,Root_Tuber,Root_TuberAEZ03,Root_TuberAEZ03,1990,N2O_AWB,4.14651272187273e-07
Mexico,Root_Tuber,Root_TuberAEZ04,Root_TuberAEZ04,1990,N2O_AWB,1.59752008009427e-07
Mexico,Root_Tuber,Root_TuberAEZ05,Root_TuberAEZ05,1990,N2O_AWB,1.37068472246578e-07
Mexico,Root_Tuber,Root_TuberAEZ06,Root_TuberAEZ06,1990,N2O_AWB,1.05343092394191e-06
Mexico,Root_Tuber,Root_TuberAEZ07,Root_TuberAEZ07,1990,N2O_AWB,1.55559214694896e-06
Mexico,Root_Tuber,Root_TuberAEZ08,Root_TuberAEZ08,1990,N2O_AWB,3.87688964650387e-07
Mexico,Root_Tuber,Root_TuberAEZ09,Root_TuberAEZ09,1990,N2O_AWB,1.40111975371881e-06
Mexico,Root_Tuber,Root_TuberAEZ10,Root_TuberAEZ10,1990,N2O_AWB,1.31911779796136e-06
Mexico,Root_Tuber,Root_TuberAEZ11,Root_TuberAEZ11,1990,N2O_AWB,5.27961477927133e-09
Mexico,Root_Tuber,Root_TuberAEZ12,Root_TuberAEZ12,1990,N2O_AWB,2.72323336362872e-07
Mexico,SugarCrop,SugarCropAEZ01,SugarCropAEZ01,1990,N2O_AWB,3.87816479083711e-06
Mexico,SugarCrop,SugarCropAEZ02,SugarCropAEZ02,1990,N2O_AWB,4.12173412802893e-06
Mexico,SugarCrop,SugarCropAEZ03,SugarCropAEZ03,1990,N2O_AWB,2.82438104741585e-05
Mexico,SugarCrop,SugarCropAEZ04,SugarCropAEZ04,1990,N2O_AWB,6.29684922810402e-05
Mexico,SugarCrop,SugarCropAEZ05,SugarCropAEZ05,1990,N2O_AWB,6.66322649790093e-05
Mexico,SugarCrop,SugarCropAEZ06,SugarCropAEZ06,1990,N2O_AWB,5.97137756101712e-05
Mexico,SugarCrop,SugarCropAEZ07,SugarCropAEZ07,1990,N2O_AWB,1.18923069875172e-05
Mexico,SugarCrop,SugarCropAEZ08,SugarCropAEZ08,1990,N2O_AWB,5.02202652883518e-06
Mexico,SugarCrop,SugarCropAEZ09,SugarCropAEZ09,1990,N2O_AWB,1.59711313547965e-05
Mexico,SugarCrop,SugarCropAEZ10,SugarCropAEZ10,1990,N2O_AWB,2.70138970503936e-05
Mexico,SugarCrop,SugarCropAEZ11,SugarCropAEZ11,1990,N2O_AWB,1.74285715648656e-07
Mexico,SugarCrop,SugarCropAEZ12,SugarCropAEZ12,1990,N2O_AWB,2.39593524110049e-07
Mexico,Wheat,WheatAEZ01,WheatAEZ01,1990,N2O_AWB,1.20615727705777e-05
Mexico,Wheat,WheatAEZ02,WheatAEZ02,1990,N2O_AWB,4.93009232428317e-06
Mexico,Wheat,WheatAEZ03,WheatAEZ03,1990,N2O_AWB,3.78708449291997e-07
Mexico,Wheat,WheatAEZ04,WheatAEZ04,1990,N2O_AWB,2.91224800685128e-07
Mexico,Wheat,WheatAEZ05,WheatAEZ05,1990,N2O_AWB,3.63355846412065e-08
Mexico,Wheat,WheatAEZ06,WheatAEZ06,1990,N2O_AWB,2.99809491741125e-07
Mexico,Wheat,WheatAEZ07,WheatAEZ07,1990,N2O_AWB,2.23023563008803e-06
Mexico,Wheat,WheatAEZ08,WheatAEZ08,1990,N2O_AWB,7.51712866490542e-07
Mexico,Wheat,WheatAEZ09,WheatAEZ09,1990,N2O_AWB,5.15340886340239e-06
Mexico,Wheat,WheatAEZ10,WheatAEZ10,1990,N2O_AWB,1.01421291445256e-06
Mexico,Wheat,WheatAEZ11,WheatAEZ11,1990,N2O_AWB,1.77013219772364e-08
Mexico,Wheat,WheatAEZ12,WheatAEZ12,1990,N2O_AWB,1.46488055197656e-08
Mexico,Corn,CornAEZ01,CornAEZ01,1990,NH3_AWB,2.31642186112896e-05
Mexico,Corn,CornAEZ02,CornAEZ02,1990,NH3_AWB,7.34577408452878e-06
Mexico,Corn,CornAEZ03,CornAEZ03,1990,NH3_AWB,8.27118092658911e-05
Mexico,Corn,CornAEZ04,CornAEZ04,1990,NH3_AWB,0.000325546802212542
Mexico,Corn,CornAEZ05,CornAEZ05,1990,NH3_AWB,0.000107395624898862
Mexico,Corn,CornAEZ06,CornAEZ06,1990,NH3_AWB,0.000175002703078024
Mexico,Corn,CornAEZ07,CornAEZ07,1990,NH3_AWB,6.56991562477009e-05
Mexico,Corn,CornAEZ08,CornAEZ08,1990,NH3_AWB,8.92904298484802e-05
Mexico,Corn,CornAEZ09,CornAEZ09,1990,NH3_AWB,0.000562107801549708
Mexico,Corn,CornAEZ10,CornAEZ10,1990,NH3_AWB,0.000290749129009648
Mexico,Corn,CornAEZ11,CornAEZ11,1990,NH3_AWB,1.27629577815972e-05
Mexico,Corn,CornAEZ12,CornAEZ12,1990,NH3_AWB,6.61344041386679e-06
Mexico,FiberCrop,FiberCropAEZ01,FiberCropAEZ01,1990,NH3_AWB,3.17041763973352e-06
Mexico,FiberCrop,FiberCropAEZ02,FiberCropAEZ02,1990,NH3_AWB,4.17090063981502e-07
Mexico,FiberCrop,FiberCropAEZ03,FiberCropAEZ03,1990,NH3_AWB,8.16134933454463e-08
Mexico,FiberCrop,FiberCropAEZ04,FiberCropAEZ04,1990,NH3_AWB,2.5058213283451e-07
Mexico,FiberCrop,FiberCropAEZ05,FiberCropAEZ05,1990,NH3_AWB,4.2939360569187e-07
Mexico,FiberCrop,FiberCropAEZ06,FiberCropAEZ06,1990,NH3_AWB,6.81411151725924e-07
Mexico,FiberCrop,FiberCropAEZ07,FiberCropAEZ07,1990,NH3_AWB,4.84429398352633e-05
Mexico,FiberCrop,FiberCropAEZ08,FiberCropAEZ08,1990,NH3_AWB,1.10826202546432e-05
Mexico,FiberCrop,FiberCropAEZ09,FiberCropAEZ09,1990,NH3_AWB,5.01594889628883e-06
Mexico,FiberCrop,FiberCropAEZ10,FiberCropAEZ10,1990,NH3_AWB,8.81753822576429e-08
Mexico,FiberCrop,FiberCropAEZ11,FiberCropAEZ11,1990,NH3_AWB,1.64047222804917e-09
Mexico,FiberCrop,FiberCropAEZ12,FiberCropAEZ12,1990,NH3_AWB,1.66097813089979e-08
Mexico,FodderGrass,FodderGrassAEZ01,FodderGrassAEZ01,1990,NH3_AWB,1.07410791998553e-05
Mexico,FodderGrass,FodderGrassAEZ02,FodderGrassAEZ02,1990,NH3_AWB,1.18627186048953e-05
Mexico,FodderGrass,FodderGrassAEZ03,FodderGrassAEZ03,1990,NH3_AWB,5.08379605592873e-05
Mexico,FodderGrass,FodderGrassAEZ04,FodderGrassAEZ04,1990,NH3_AWB,5.97188054122056e-05
Mexico,FodderGrass,FodderGrassAEZ05,FodderGrassAEZ05,1990,NH3_AWB,4.31337430801875e-05
Mexico,FodderGrass,FodderGrassAEZ06,FodderGrassAEZ06,1990,NH3_AWB,6.6803472583388e-05
Mexico,FodderGrass,FodderGrassAEZ07,FodderGrassAEZ07,1990,NH3_AWB,6.86791093194853e-05
Mexico,FodderGrass,FodderGrassAEZ08,FodderGrassAEZ08,1990,NH3_AWB,3.92306049298207e-05
Mexico,FodderGrass,FodderGrassAEZ09,FodderGrassAEZ09,1990,NH3_AWB,5.70560634057337e-05
Mexico,FodderGrass,FodderGrassAEZ10,FodderGrassAEZ10,1990,NH3_AWB,2.88011722022333e-05
Mexico,FodderGrass,FodderGrassAEZ11,FodderGrassAEZ11,1990,NH3_AWB,1.96920265155888e-06
Mexico,FodderGrass,FodderGrassAEZ12,FodderGrassAEZ12,1990,NH3_AWB,1.80884506721409e-06
Mexico,FodderHerb,FodderHerbAEZ01,FodderHerbAEZ01,1990,NH3_AWB,3.83918968252049e-06
Mexico,FodderHerb,FodderHerbAEZ02,FodderHerbAEZ02,1990,NH3_AWB,4.76480113223011e-06
Mexico,FodderHerb,FodderHerbAEZ03,FodderHerbAEZ03,1990,NH3_AWB,0.000141391842140953
Mexico,FodderHerb,FodderHerbAEZ04,FodderHerbAEZ04,1990,NH3_AWB,0.000148920757261038
Mexico,FodderHerb,FodderHerbAEZ05,FodderHerbAEZ05,1990,NH3_AWB,6.09931064672335e-06
Mexico,FodderHerb,FodderHerbAEZ06,FodderHerbAEZ06,1990,NH3_AWB,0.000137541881184774
Mexico,FodderHerb,FodderHerbAEZ07,FodderHerbAEZ07,1990,NH3_AWB,0.00028087891276487
Mexico,FodderHerb,FodderHerbAEZ08,FodderHerbAEZ08,1990,NH3_AWB,0.000247684617105845
Mexico,FodderHerb,FodderHerbAEZ09,FodderHerbAEZ09,1990,NH3_AWB,0.00120679411239165
Mexico,FodderHerb,FodderHerbAEZ10,FodderHerbAEZ10,1990,NH3_AWB,0.000243865533800819
Mexico,FodderHerb,FodderHerbAEZ11,FodderHerbAEZ11,1990,NH3_AWB,2.51640546878111e-05
Mexico,FodderHerb,FodderHerbAEZ12,FodderHerbAEZ12,1990,NH3_AWB,2.5121687678088e-06
Mexico,MiscCrop,MiscCropAEZ01,MiscCropAEZ01,1990,NH3_AWB,7.1688901447821e-05
Mexico,MiscCrop,MiscCropAEZ02,MiscCropAEZ02,1990,NH3_AWB,0.000117117485354446
Mexico,MiscCrop,MiscCropAEZ03,MiscCropAEZ03,1990,NH3_AWB,0.000356891767242096
Mexico,MiscCrop,MiscCropAEZ04,MiscCropAEZ04,1990,NH3_AWB,0.000270809755366785
Mexico,MiscCrop,MiscCropAEZ05,MiscCropAEZ05,1990,NH3_AWB,0.000159651117401743
Mexico,MiscCrop,MiscCropAEZ06,MiscCropAEZ06,1990,NH3_AWB,0.000524190082984469
Mexico,MiscCrop,MiscCropAEZ07,MiscCropAEZ07,1990,NH3_AWB,0.000248817762751288
Mexico,MiscCrop,MiscCropAEZ08,MiscCropAEZ08,1990,NH3_AWB,0.000166115601471523
Mexico,MiscCrop,MiscCropAEZ09,MiscCropAEZ09,1990,NH3_AWB,0.000177674670964678
Mexico,MiscCrop,MiscCropAEZ10,MiscCropAEZ10,1990,NH3_AWB,0.000122844740938128
Mexico,MiscCrop,MiscCropAEZ11,MiscCropAEZ11,1990,NH3_AWB,4.98025529143528e-06
Mexico,MiscCrop,MiscCropAEZ12,MiscCropAEZ12,1990,NH3_AWB,4.16535180401811e-05
Mexico,OilCrop,OilCropAEZ01,OilCropAEZ01,1990,NH3_AWB,1.58327248124265e-05
Mexico,OilCrop,OilCropAEZ02,OilCropAEZ02,1990,NH3_AWB,1.82789925355118e-05
Mexico,OilCrop,OilCropAEZ03,OilCropAEZ03,1990,NH3_AWB,4.5444566977222e-06
Mexico,OilCrop,OilCropAEZ04,OilCropAEZ04,1990,NH3_AWB,2.34350161640053e-05
Mexico,OilCrop,OilCropAEZ05,OilCropAEZ05,1990,NH3_AWB,1.75085325143157e-05
Mexico,OilCrop,OilCropAEZ06,OilCropAEZ06,1990,NH3_AWB,8.15584515760871e-06
Mexico,OilCrop,OilCropAEZ07,OilCropAEZ07,1990,NH3_AWB,5.80445604247488e-06
Mexico,OilCrop,OilCropAEZ08,OilCropAEZ08,1990,NH3_AWB,2.98896192940994e-06
Mexico,OilCrop,OilCropAEZ09,OilCropAEZ09,1990,NH3_AWB,1.56529698594101e-05
Mexico,OilCrop,OilCropAEZ10,OilCropAEZ10,1990,NH3_AWB,6.37315613230429e-06
Mexico,OilCrop,OilCropAEZ11,OilCropAEZ11,1990,NH3_AWB,8.43047871857658e-08
Mexico,OilCrop,OilCropAEZ12,OilCropAEZ12,1990,NH3_AWB,2.85778939612767e-09
Mexico,OtherGrain,OtherGrainAEZ01,OtherGrainAEZ01,1990,NH3_AWB,4.78709042313214e-06
Mexico,OtherGrain,OtherGrainAEZ02,OtherGrainAEZ02,1990,NH3_AWB,2.18419843037715e-05
Mexico,OtherGrain,OtherGrainAEZ03,OtherGrainAEZ03,1990,NH3_AWB,6.52391054851702e-05
Mexico,OtherGrain,OtherGrainAEZ04,OtherGrainAEZ04,1990,NH3_AWB,4.51500656745256e-05
Mexico,OtherGrain,OtherGrainAEZ05,OtherGrainAEZ05,1990,NH3_AWB,7.00583798439164e-06
Mexico,OtherGrain,OtherGrainAEZ06,OtherGrainAEZ06,1990,NH3_AWB,1.55987327937788e-05
Mexico,OtherGrain,OtherGrainAEZ07,OtherGrainAEZ07,1990,NH3_AWB,0.000207761344360694
Mexico,OtherGrain,OtherGrainAEZ08,OtherGrainAEZ08,1990,NH3_AWB,4.91301817120598e-05
Mexico,OtherGrain,OtherGrainAEZ09,OtherGrainAEZ09,1990,NH3_AWB,0.00030267781847447
Mexico,OtherGrain,OtherGrainAEZ10,OtherGrainAEZ10,1990,NH3_AWB,3.45489148827778e-05
Mexico,OtherGrain,OtherGrainAEZ11,OtherGrainAEZ11,1990,NH3_AWB,1.65369269168639e-06
Mexico,OtherGrain,OtherGrainAEZ12,OtherGrainAEZ12,1990,NH3_AWB,8.16046367449216e-07
Mexico,PalmFruit,PalmFruitAEZ01,PalmFruitAEZ01,1990,NH3_AWB,0
Mexico,PalmFruit,PalmFruitAEZ02,PalmFruitAEZ02,1990,NH3_AWB,0
Mexico,PalmFruit,PalmFruitAEZ03,PalmFruitAEZ03,1990,NH3_AWB,2.41742976065532e-05
Mexico,PalmFruit,PalmFruitAEZ04,PalmFruitAEZ04,1990,NH3_AWB,1.83996659514966e-05
Mexico,PalmFruit,PalmFruitAEZ05,PalmFruitAEZ05,1990,NH3_AWB,3.27032555987404e-05
Mexico,PalmFruit,PalmFruitAEZ06,PalmFruitAEZ06,1990,NH3_AWB,6.60739411199574e-05
Mexico,PalmFruit,PalmFruitAEZ07,PalmFruitAEZ07,1990,NH3_AWB,0
Mexico,PalmFruit,PalmFruitAEZ08,PalmFruitAEZ08,1990,NH3_AWB,0
Mexico,PalmFruit,PalmFruitAEZ09,PalmFruitAEZ09,1990,NH3_AWB,2.3304824983998e-09
Mexico,PalmFruit,PalmFruitAEZ10,PalmFruitAEZ10,1990,NH3_AWB,0
Mexico,PalmFruit,PalmFruitAEZ11,PalmFruitAEZ11,1990,NH3_AWB,0
Mexico,PalmFruit,PalmFruitAEZ12,PalmFruitAEZ12,1990,NH3_AWB,0
Mexico,Rice,RiceAEZ01,RiceAEZ01,1990,NH3_AWB,0
Mexico,Rice,RiceAEZ02,RiceAEZ02,1990,NH3_AWB,4.20991997942066e-07
Mexico,Rice,RiceAEZ03,RiceAEZ03,1990,NH3_AWB,1.06676831359474e-05
Mexico,Rice,RiceAEZ04,RiceAEZ04,1990,NH3_AWB,1.04724152476916e-05
Mexico,Rice,RiceAEZ05,RiceAEZ05,1990,NH3_AWB,1.16910121760051e-05
Mexico,Rice,RiceAEZ06,RiceAEZ06,1990,NH3_AWB,1.32714290149104e-05
Mexico,Rice,RiceAEZ07,RiceAEZ07,1990,NH3_AWB,0
Mexico,Rice,RiceAEZ08,RiceAEZ08,1990,NH3_AWB,4.14204611451888e-08
Mexico,Rice,RiceAEZ09,RiceAEZ09,1990,NH3_AWB,2.28212818065908e-06
Mexico,Rice,RiceAEZ10,RiceAEZ10,1990,NH3_AWB,5.38448591332351e-06
Mexico,Rice,RiceAEZ11,RiceAEZ11,1990,NH3_AWB,0
Mexico,Rice,RiceAEZ12,RiceAEZ12,1990,NH3_AWB,4.83818831863969e-08
Mexico,Root_Tuber,Root_TuberAEZ01,Root_TuberAEZ01,1990,NH3_AWB,2.10440738179145e-05
Mexico,Root_Tuber,Root_TuberAEZ02,Root_TuberAEZ02,1990,NH3_AWB,1.64163877225127e-05
Mexico,Root_Tuber,Root_TuberAEZ03,Root_TuberAEZ03,1990,NH3_AWB,7.67872726272728e-06
Mexico,Root_Tuber,Root_TuberAEZ04,Root_TuberAEZ04,1990,NH3_AWB,2.95837051869309e-06
Mexico,Root_Tuber,Root_TuberAEZ05,Root_TuberAEZ05,1990,NH3_AWB,2.5383050416033e-06
Mexico,Root_Tuber,Root_TuberAEZ06,Root_TuberAEZ06,1990,NH3_AWB,1.95079800729983e-05
Mexico,Root_Tuber,Root_TuberAEZ07,Root_TuberAEZ07,1990,NH3_AWB,2.88072619805363e-05
Mexico,Root_Tuber,Root_TuberAEZ08,Root_TuberAEZ08,1990,NH3_AWB,7.17942527130345e-06
Mexico,Root_Tuber,Root_TuberAEZ09,Root_TuberAEZ09,1990,NH3_AWB,2.59466621059038e-05
Mexico,Root_Tuber,Root_TuberAEZ10,Root_TuberAEZ10,1990,NH3_AWB,2.44281073696548e-05
Mexico,Root_Tuber,Root_TuberAEZ11,Root_TuberAEZ11,1990,NH3_AWB,9.77706440605801e-08
Mexico,Root_Tuber,Root_TuberAEZ12,Root_TuberAEZ12,1990,NH3_AWB,5.04302474746058e-06
Mexico,SugarCrop,SugarCropAEZ01,SugarCropAEZ01,1990,NH3_AWB,7.18178664969835e-05
Mexico,SugarCrop,SugarCropAEZ02,SugarCropAEZ02,1990,NH3_AWB,7.63284097783136e-05
Mexico,SugarCrop,SugarCropAEZ03,SugarCropAEZ03,1990,NH3_AWB,0.000523033527299232
Mexico,SugarCrop,SugarCropAEZ04,SugarCropAEZ04,1990,NH3_AWB,0.00116608319038963
Mexico,SugarCrop,SugarCropAEZ05,SugarCropAEZ05,1990,NH3_AWB,0.00123393083294462
Mexico,SugarCrop,SugarCropAEZ06,SugarCropAEZ06,1990,NH3_AWB,0.00110581065944761
Mexico,SugarCrop,SugarCropAEZ07,SugarCropAEZ07,1990,NH3_AWB,0.000220227907176245
Mexico,SugarCrop,SugarCropAEZ08,SugarCropAEZ08,1990,NH3_AWB,9.30004912747256e-05
Mexico,SugarCrop,SugarCropAEZ09,SugarCropAEZ09,1990,NH3_AWB,0.000295761691755491
Mexico,SugarCrop,SugarCropAEZ10,SugarCropAEZ10,1990,NH3_AWB,0.000500257352785067
Mexico,SugarCrop,SugarCropAEZ11,SugarCropAEZ11,1990,NH3_AWB,3.2275132527529e-06
Mexico,SugarCrop,SugarCropAEZ12,SugarCropAEZ12,1990,NH3_AWB,4.43691711314905e-06
Mexico,Wheat,WheatAEZ01,WheatAEZ01,1990,NH3_AWB,0.000223362458714403
Mexico,Wheat,WheatAEZ02,WheatAEZ02,1990,NH3_AWB,9.12980060052439e-05
Mexico,Wheat,WheatAEZ03,WheatAEZ03,1990,NH3_AWB,7.01311943133328e-06
Mexico,Wheat,WheatAEZ04,WheatAEZ04,1990,NH3_AWB,5.3930518645394e-06
Mexico,Wheat,WheatAEZ05,WheatAEZ05,1990,NH3_AWB,6.72881197059381e-07
Mexico,Wheat,WheatAEZ06,WheatAEZ06,1990,NH3_AWB,5.55202762483564e-06
Mexico,Wheat,WheatAEZ07,WheatAEZ07,1990,NH3_AWB,4.13006598164449e-05
Mexico,Wheat,WheatAEZ08,WheatAEZ08,1990,NH3_AWB,1.39206086387137e-05
Mexico,Wheat,WheatAEZ09,WheatAEZ09,1990,NH3_AWB,9.54334974704147e-05
Mexico,Wheat,WheatAEZ10,WheatAEZ10,1990,NH3_AWB,1.87817206380104e-05
Mexico,Wheat,WheatAEZ11,WheatAEZ11,1990,NH3_AWB,3.27802258837712e-07
Mexico,Wheat,WheatAEZ12,WheatAEZ12,1990,NH3_AWB,2.71274176291956e-07
Mexico,Corn,CornAEZ01,CornAEZ01,1990,NMVOC_AWB,0.000125086780500964
Mexico,Corn,CornAEZ02,CornAEZ02,1990,NMVOC_AWB,3.96671800564554e-05
Mexico,Corn,CornAEZ03,CornAEZ03,1990,NMVOC_AWB,0.000446643770035812
Mexico,Corn,CornAEZ04,CornAEZ04,1990,NMVOC_AWB,0.00175795273194773
Mexico,Corn,CornAEZ05,CornAEZ05,1990,NMVOC_AWB,0.000579936374453854
Mexico,Corn,CornAEZ06,CornAEZ06,1990,NMVOC_AWB,0.00094501459662133
Mexico,Corn,CornAEZ07,CornAEZ07,1990,NMVOC_AWB,0.000354775443737585
Mexico,Corn,CornAEZ08,CornAEZ08,1990,NMVOC_AWB,0.000482168321181793
Mexico,Corn,CornAEZ09,CornAEZ09,1990,NMVOC_AWB,0.00303538212836842
Mexico,Corn,CornAEZ10,CornAEZ10,1990,NMVOC_AWB,0.0015700452966521
Mexico,Corn,CornAEZ11,CornAEZ11,1990,NMVOC_AWB,6.89199720206247e-05
Mexico,Corn,CornAEZ12,CornAEZ12,1990,NMVOC_AWB,3.57125782348807e-05
Mexico,FiberCrop,FiberCropAEZ01,FiberCropAEZ01,1990,NMVOC_AWB,1.7120255254561e-05
Mexico,FiberCrop,FiberCropAEZ02,FiberCropAEZ02,1990,NMVOC_AWB,2.25228634550011e-06
Mexico,FiberCrop,FiberCropAEZ03,FiberCropAEZ03,1990,NMVOC_AWB,4.4071286406541e-07
Mexico,FiberCrop,FiberCropAEZ04,FiberCropAEZ04,1990,NMVOC_AWB,1.35314351730635e-06
Mexico,FiberCrop,FiberCropAEZ05,FiberCropAEZ05,1990,NMVOC_AWB,2.3187254707361e-06
Mexico,FiberCrop,FiberCropAEZ06,FiberCropAEZ06,1990,NMVOC_AWB,3.67962021931999e-06
Mexico,FiberCrop,FiberCropAEZ07,FiberCropAEZ07,1990,NMVOC_AWB,0.000261591875110422
Mexico,FiberCrop,FiberCropAEZ08,FiberCropAEZ08,1990,NMVOC_AWB,5.98461493750731e-05
Mexico,FiberCrop,FiberCropAEZ09,FiberCropAEZ09,1990,NMVOC_AWB,2.70861240399597e-05
Mexico,FiberCrop,FiberCropAEZ10,FiberCropAEZ10,1990,NMVOC_AWB,4.76147064191272e-07
Mexico,FiberCrop,FiberCropAEZ11,FiberCropAEZ11,1990,NMVOC_AWB,8.85855003146551e-09
Mexico,FiberCrop,FiberCropAEZ12,FiberCropAEZ12,1990,NMVOC_AWB,8.96928190685889e-08
Mexico,FodderGrass,FodderGrassAEZ01,FodderGrassAEZ01,1990,NMVOC_AWB,5.80018276792187e-05
Mexico,FodderGrass,FodderGrassAEZ02,FodderGrassAEZ02,1990,NMVOC_AWB,6.40586804664344e-05
Mexico,FodderGrass,FodderGrassAEZ03,FodderGrassAEZ03,1990,NMVOC_AWB,0.000274524987020152
Mexico,FodderGrass,FodderGrassAEZ04,FodderGrassAEZ04,1990,NMVOC_AWB,0.00032248154922591
Mexico,FodderGrass,FodderGrassAEZ05,FodderGrassAEZ05,1990,NMVOC_AWB,0.000232922212633013
Mexico,FodderGrass,FodderGrassAEZ06,FodderGrassAEZ06,1990,NMVOC_AWB,0.000360738751950295
Mexico,FodderGrass,FodderGrassAEZ07,FodderGrassAEZ07,1990,NMVOC_AWB,0.000370867190325221
Mexico,FodderGrass,FodderGrassAEZ08,FodderGrassAEZ08,1990,NMVOC_AWB,0.000211845266621032
Mexico,FodderGrass,FodderGrassAEZ09,FodderGrassAEZ09,1990,NMVOC_AWB,0.000308102742390962
Mexico,FodderGrass,FodderGrassAEZ10,FodderGrassAEZ10,1990,NMVOC_AWB,0.00015552632989206
Mexico,FodderGrass,FodderGrassAEZ11,FodderGrassAEZ11,1990,NMVOC_AWB,1.0633694318418e-05
Mexico,FodderGrass,FodderGrassAEZ12,FodderGrassAEZ12,1990,NMVOC_AWB,9.76776336295607e-06
Mexico,FodderHerb,FodderHerbAEZ01,FodderHerbAEZ01,1990,NMVOC_AWB,2.07316242856107e-05
Mexico,FodderHerb,FodderHerbAEZ02,FodderHerbAEZ02,1990,NMVOC_AWB,2.57299261140426e-05
Mexico,FodderHerb,FodderHerbAEZ03,FodderHerbAEZ03,1990,NMVOC_AWB,0.000763515947561148
Mexico,FodderHerb,FodderHerbAEZ04,FodderHerbAEZ04,1990,NMVOC_AWB,0.000804172089209608
Mexico,FodderHerb,FodderHerbAEZ05,FodderHerbAEZ05,1990,NMVOC_AWB,3.29362774923061e-05
Mexico,FodderHerb,FodderHerbAEZ06,FodderHerbAEZ06,1990,NMVOC_AWB,0.000742726158397778
Mexico,FodderHerb,FodderHerbAEZ07,FodderHerbAEZ07,1990,NMVOC_AWB,0.0015167461289303
Mexico,FodderHerb,FodderHerbAEZ08,FodderHerbAEZ08,1990,NMVOC_AWB,0.00133749693237156
Mexico,FodderHerb,FodderHerbAEZ09,FodderHerbAEZ09,1990,NMVOC_AWB,0.00651668820691493
Mexico,FodderHerb,FodderHerbAEZ10,FodderHerbAEZ10,1990,NMVOC_AWB,0.00131687388252442
Mexico,FodderHerb,FodderHerbAEZ11,FodderHerbAEZ11,1990,NMVOC_AWB,0.00013588589531418
Mexico,FodderHerb,FodderHerbAEZ12,FodderHerbAEZ12,1990,NMVOC_AWB,1.35657113461675e-05
Mexico,MiscCrop,MiscCropAEZ01,MiscCropAEZ01,1990,NMVOC_AWB,0.000387120067818233
Mexico,MiscCrop,MiscCropAEZ02,MiscCropAEZ02,1990,NMVOC_AWB,0.000632434420914009
Mexico,MiscCrop,MiscCropAEZ03,MiscCropAEZ03,1990,NMVOC_AWB,0.00192721554310732
Mexico,MiscCrop,MiscCropAEZ04,MiscCropAEZ04,1990,NMVOC_AWB,0.00146237267898064
Mexico,MiscCrop,MiscCropAEZ05,MiscCropAEZ05,1990,NMVOC_AWB,0.00086211603396941
Mexico,MiscCrop,MiscCropAEZ06,MiscCropAEZ06,1990,NMVOC_AWB,0.00283062644811613
Mexico,MiscCrop,MiscCropAEZ07,MiscCropAEZ07,1990,NMVOC_AWB,0.00134361591885696
Mexico,MiscCrop,MiscCropAEZ08,MiscCropAEZ08,1990,NMVOC_AWB,0.000897024247946226
Mexico,MiscCrop,MiscCropAEZ09,MiscCropAEZ09,1990,NMVOC_AWB,0.000959443223209259
Mexico,MiscCrop,MiscCropAEZ10,MiscCropAEZ10,1990,NMVOC_AWB,0.000663361601065891
Mexico,MiscCrop,MiscCropAEZ11,MiscCropAEZ11,1990,NMVOC_AWB,2.68933785737505e-05
Mexico,MiscCrop,MiscCropAEZ12,MiscCropAEZ12,1990,NMVOC_AWB,0.000224928997416978
Mexico,OilCrop,OilCropAEZ01,OilCropAEZ01,1990,NMVOC_AWB,8.54967139871032e-05
Mexico,OilCrop,OilCropAEZ02,OilCropAEZ02,1990,NMVOC_AWB,9.87065596917638e-05
Mexico,OilCrop,OilCropAEZ03,OilCropAEZ03,1990,NMVOC_AWB,2.45400661676999e-05
Mexico,OilCrop,OilCropAEZ04,OilCropAEZ04,1990,NMVOC_AWB,0.000126549087285629
Mexico,OilCrop,OilCropAEZ05,OilCropAEZ05,1990,NMVOC_AWB,9.4546075577305e-05
Mexico,OilCrop,OilCropAEZ06,OilCropAEZ06,1990,NMVOC_AWB,4.4041563851087e-05
Mexico,OilCrop,OilCropAEZ07,OilCropAEZ07,1990,NMVOC_AWB,3.13440626293643e-05
Mexico,OilCrop,OilCropAEZ08,OilCropAEZ08,1990,NMVOC_AWB,1.61403944188137e-05
Mexico,OilCrop,OilCropAEZ09,OilCropAEZ09,1990,NMVOC_AWB,8.45260372408146e-05
Mexico,OilCrop,OilCropAEZ10,OilCropAEZ10,1990,NMVOC_AWB,3.44150431144432e-05
Mexico,OilCrop,OilCropAEZ11,OilCropAEZ11,1990,NMVOC_AWB,4.55245850803135e-07
Mexico,OilCrop,OilCropAEZ12,OilCropAEZ12,1990,NMVOC_AWB,1.54320627390894e-08
Mexico,OtherGrain,OtherGrainAEZ01,OtherGrainAEZ01,1990,NMVOC_AWB,2.58502882849136e-05
Mexico,OtherGrain,OtherGrainAEZ02,OtherGrainAEZ02,1990,NMVOC_AWB,0.000117946715240366
Mexico,OtherGrain,OtherGrainAEZ03,OtherGrainAEZ03,1990,NMVOC_AWB,0.000352291169619919
Mexico,OtherGrain,OtherGrainAEZ04,OtherGrainAEZ04,1990,NMVOC_AWB,0.000243810354642438
Mexico,OtherGrain,OtherGrainAEZ05,OtherGrainAEZ05,1990,NMVOC_AWB,3.78315251157149e-05
Mexico,OtherGrain,OtherGrainAEZ06,OtherGrainAEZ06,1990,NMVOC_AWB,8.42331570864053e-05
Mexico,OtherGrain,OtherGrainAEZ07,OtherGrainAEZ07,1990,NMVOC_AWB,0.00112191125954775
Mexico,OtherGrain,OtherGrainAEZ08,OtherGrainAEZ08,1990,NMVOC_AWB,0.000265302981245123
Mexico,OtherGrain,OtherGrainAEZ09,OtherGrainAEZ09,1990,NMVOC_AWB,0.00163446021976214
Mexico,OtherGrain,OtherGrainAEZ10,OtherGrainAEZ10,1990,NMVOC_AWB,0.000186564140367
Mexico,OtherGrain,OtherGrainAEZ11,OtherGrainAEZ11,1990,NMVOC_AWB,8.92994053510653e-06
Mexico,OtherGrain,OtherGrainAEZ12,OtherGrainAEZ12,1990,NMVOC_AWB,4.40665038422577e-06
Mexico,PalmFruit,PalmFruitAEZ01,PalmFruitAEZ01,1990,NMVOC_AWB,0
Mexico,PalmFruit,PalmFruitAEZ02,PalmFruitAEZ02,1990,NMVOC_AWB,0
Mexico,PalmFruit,PalmFruitAEZ03,PalmFruitAEZ03,1990,NMVOC_AWB,0.000130541207075387
Mexico,PalmFruit,PalmFruitAEZ04,PalmFruitAEZ04,1990,NMVOC_AWB,9.93581961380815e-05
Mexico,PalmFruit,PalmFruitAEZ05,PalmFruitAEZ05,1990,NMVOC_AWB,0.000176597580233198
Mexico,PalmFruit,PalmFruitAEZ06,PalmFruitAEZ06,1990,NMVOC_AWB,0.00035679928204777
Mexico,PalmFruit,PalmFruitAEZ07,PalmFruitAEZ07,1990,NMVOC_AWB,0
Mexico,PalmFruit,PalmFruitAEZ08,PalmFruitAEZ08,1990,NMVOC_AWB,0
Mexico,PalmFruit,PalmFruitAEZ09,PalmFruitAEZ09,1990,NMVOC_AWB,1.25846054913589e-08
Mexico,PalmFruit,PalmFruitAEZ10,PalmFruitAEZ10,1990,NMVOC_AWB,0
Mexico,PalmFruit,PalmFruitAEZ11,PalmFruitAEZ11,1990,NMVOC_AWB,0
Mexico,PalmFruit,PalmFruitAEZ12,PalmFruitAEZ12,1990,NMVOC_AWB,0
Mexico,Rice,RiceAEZ01,RiceAEZ01,1990,NMVOC_AWB,0
Mexico,Rice,RiceAEZ02,RiceAEZ02,1990,NMVOC_AWB,2.27335678888715e-06
Mexico,Rice,RiceAEZ03,RiceAEZ03,1990,NMVOC_AWB,5.76054889341161e-05
Mexico,Rice,RiceAEZ04,RiceAEZ04,1990,NMVOC_AWB,5.65510423375344e-05
Mexico,Rice,RiceAEZ05,RiceAEZ05,1990,NMVOC_AWB,6.31314657504273e-05
Mexico,Rice,RiceAEZ06,RiceAEZ06,1990,NMVOC_AWB,7.16657166805162e-05
Mexico,Rice,RiceAEZ07,RiceAEZ07,1990,NMVOC_AWB,0
Mexico,Rice,RiceAEZ08,RiceAEZ08,1990,NMVOC_AWB,2.23670490184019e-07
Mexico,Rice,RiceAEZ09,RiceAEZ09,1990,NMVOC_AWB,1.2323492175559e-05
Mexico,Rice,RiceAEZ10,RiceAEZ10,1990,NMVOC_AWB,2.90762239319469e-05
Mexico,Rice,RiceAEZ11,RiceAEZ11,1990,NMVOC_AWB,0
Mexico,Rice,RiceAEZ12,RiceAEZ12,1990,NMVOC_AWB,2.61262169206544e-07
Mexico,Root_Tuber,Root_TuberAEZ01,Root_TuberAEZ01,1990,NMVOC_AWB,0.000113637998616739
Mexico,Root_Tuber,Root_TuberAEZ02,Root_TuberAEZ02,1990,NMVOC_AWB,8.86484937015688e-05
Mexico,Root_Tuber,Root_TuberAEZ03,Root_TuberAEZ03,1990,NMVOC_AWB,4.14651272187273e-05
Mexico,Root_Tuber,Root_TuberAEZ04,Root_TuberAEZ04,1990,NMVOC_AWB,1.59752008009427e-05
Mexico,Root_Tuber,Root_TuberAEZ05,Root_TuberAEZ05,1990,NMVOC_AWB,1.37068472246578e-05
Mexico,Root_Tuber,Root_TuberAEZ06,Root_TuberAEZ06,1990,NMVOC_AWB,0.000105343092394191
Mexico,Root_Tuber,Root_TuberAEZ07,Root_TuberAEZ07,1990,NMVOC_AWB,0.000155559214694896
Mexico,Root_Tuber,Root_TuberAEZ08,Root_TuberAEZ08,1990,NMVOC_AWB,3.87688964650387e-05
Mexico,Root_Tuber,Root_TuberAEZ09,Root_TuberAEZ09,1990,NMVOC_AWB,0.000140111975371881
Mexico,Root_Tuber,Root_TuberAEZ10,Root_TuberAEZ10,1990,NMVOC_AWB,0.000131911779796136
Mexico,Root_Tuber,Root_TuberAEZ11,Root_TuberAEZ11,1990,NMVOC_AWB,5.27961477927133e-07
Mexico,Root_Tuber,Root_TuberAEZ12,Root_TuberAEZ12,1990,NMVOC_AWB,2.72323336362872e-05
Mexico,SugarCrop,SugarCropAEZ01,SugarCropAEZ01,1990,NMVOC_AWB,0.000387816479083711
Mexico,SugarCrop,SugarCropAEZ02,SugarCropAEZ02,1990,NMVOC_AWB,0.000412173412802893
Mexico,SugarCrop,SugarCropAEZ03,SugarCropAEZ03,1990,NMVOC_AWB,0.00282438104741585
Mexico,SugarCrop,SugarCropAEZ04,SugarCropAEZ04,1990,NMVOC_AWB,0.00629684922810402
Mexico,SugarCrop,SugarCropAEZ05,SugarCropAEZ05,1990,NMVOC_AWB,0.00666322649790093
Mexico,SugarCrop,SugarCropAEZ06,SugarCropAEZ06,1990,NMVOC_AWB,0.00597137756101712
Mexico,SugarCrop,SugarCropAEZ07,SugarCropAEZ07,1990,NMVOC_AWB,0.00118923069875172
Mexico,SugarCrop,SugarCropAEZ08,SugarCropAEZ08,1990,NMVOC_AWB,0.000502202652883518
Mexico,SugarCrop,SugarCropAEZ09,SugarCropAEZ09,1990,NMVOC_AWB,0.00159711313547965
Mexico,SugarCrop,SugarCropAEZ10,SugarCropAEZ10,1990,NMVOC_AWB,0.00270138970503936
Mexico,SugarCrop,SugarCropAEZ11,SugarCropAEZ11,1990,NMVOC_AWB,1.74285715648656e-05
Mexico,SugarCrop,SugarCropAEZ12,SugarCropAEZ12,1990,NMVOC_AWB,2.39593524110049e-05
Mexico,Wheat,WheatAEZ01,WheatAEZ01,1990,NMVOC_AWB,0.00120615727705777
Mexico,Wheat,WheatAEZ02,WheatAEZ02,1990,NMVOC_AWB,0.000493009232428317
Mexico,Wheat,WheatAEZ03,WheatAEZ03,1990,NMVOC_AWB,3.78708449291997e-05
Mexico,Wheat,WheatAEZ04,WheatAEZ04,1990,NMVOC_AWB,2.91224800685128e-05
Mexico,Wheat,WheatAEZ05,WheatAEZ05,1990,NMVOC_AWB,3.63355846412066e-06
Mexico,Wheat,WheatAEZ06,WheatAEZ06,1990,NMVOC_AWB,2.99809491741125e-05
Mexico,Wheat,WheatAEZ07,WheatAEZ07,1990,NMVOC_AWB,0.000223023563008803
Mexico,Wheat,WheatAEZ08,WheatAEZ08,1990,NMVOC_AWB,7.51712866490542e-05
Mexico,Wheat,WheatAEZ09,WheatAEZ09,1990,NMVOC_AWB,0.000515340886340239
Mexico,Wheat,WheatAEZ10,WheatAEZ10,1990,NMVOC_AWB,0.000101421291445256
Mexico,Wheat,WheatAEZ11,WheatAEZ11,1990,NMVOC_AWB,1.77013219772364e-06
Mexico,Wheat,WheatAEZ12,WheatAEZ12,1990,NMVOC_AWB,1.46488055197656e-06
Mexico,Corn,CornAEZ01,CornAEZ01,1990,NOx_AWB,6.78380687902053e-05
Mexico,Corn,CornAEZ02,CornAEZ02,1990,NOx_AWB,2.15126241046914e-05
Mexico,Corn,CornAEZ03,CornAEZ03,1990,NOx_AWB,0.000242227441421538
Mexico,Corn,CornAEZ04,CornAEZ04,1990,NOx_AWB,0.000953387063622446
Mexico,Corn,CornAEZ05,CornAEZ05,1990,NOx_AWB,0.000314515758632381
Mexico,Corn,CornAEZ06,CornAEZ06,1990,NOx_AWB,0.00051250791615707
Mexico,Corn,CornAEZ07,CornAEZ07,1990,NOx_AWB,0.000192404671868267
Mexico,Corn,CornAEZ08,CornAEZ08,1990,NOx_AWB,0.000261493401699121
Mexico,Corn,CornAEZ09,CornAEZ09,1990,NOx_AWB,0.00164617284739557
Mexico,Corn,CornAEZ10,CornAEZ10,1990,NOx_AWB,0.000851479592099683
Mexico,Corn,CornAEZ11,CornAEZ11,1990,NOx_AWB,3.73772335032488e-05
Mexico,Corn,CornAEZ12,CornAEZ12,1990,NOx_AWB,1.93679326406099e-05
Mexico,FiberCrop,FiberCropAEZ01,FiberCropAEZ01,1990,NOx_AWB,9.28479451636246e-06
Mexico,FiberCrop,FiberCropAEZ02,FiberCropAEZ02,1990,NOx_AWB,1.22147804451726e-06
Mexico,FiberCrop,FiberCropAEZ03,FiberCropAEZ03,1990,NOx_AWB,2.39010944797378e-07
Mexico,FiberCrop,FiberCropAEZ04,FiberCropAEZ04,1990,NOx_AWB,7.33847674729636e-07
Mexico,FiberCrop,FiberCropAEZ05,FiberCropAEZ05,1990,NOx_AWB,1.25750984524048e-06
Mexico,FiberCrop,FiberCropAEZ06,FiberCropAEZ06,1990,NOx_AWB,1.99556123005449e-06
Mexico,FiberCrop,FiberCropAEZ07,FiberCropAEZ07,1990,NOx_AWB,0.000141868609517557
Mexico,FiberCrop,FiberCropAEZ08,FiberCropAEZ08,1990,NOx_AWB,3.2456245031455e-05
Mexico,FiberCrop,FiberCropAEZ09,FiberCropAEZ09,1990,NOx_AWB,1.46895646248459e-05
Mexico,FiberCrop,FiberCropAEZ10,FiberCropAEZ10,1990,NOx_AWB,2.58227905183097e-07
Mexico,FiberCrop,FiberCropAEZ11,FiberCropAEZ11,1990,NOx_AWB,4.80424009642971e-09
Mexico,FiberCrop,FiberCropAEZ12,FiberCropAEZ12,1990,NOx_AWB,4.86429309763511e-08
Mexico,FodderGrass,FodderGrassAEZ01,FodderGrassAEZ01,1990,NOx_AWB,3.14560176567191e-05
Mexico,FodderGrass,FodderGrassAEZ02,FodderGrassAEZ02,1990,NOx_AWB,3.4740818771479e-05
Mexico,FodderGrass,FodderGrassAEZ03,FodderGrassAEZ03,1990,NOx_AWB,0.00014888259878077
Mexico,FodderGrass,FodderGrassAEZ04,FodderGrassAEZ04,1990,NOx_AWB,0.000174890787278602
Mexico,FodderGrass,FodderGrassAEZ05,FodderGrassAEZ05,1990,NOx_AWB,0.000126320247591978
Mexico,FodderGrass,FodderGrassAEZ06,FodderGrassAEZ06,1990,NOx_AWB,0.000195638741137065
Mexico,FodderGrass,FodderGrassAEZ07,FodderGrassAEZ07,1990,NOx_AWB,0.000201131677292778
Mexico,FodderGrass,FodderGrassAEZ08,FodderGrassAEZ08,1990,NOx_AWB,0.000114889628723046
Mexico,FodderGrass,FodderGrassAEZ09,FodderGrassAEZ09,1990,NOx_AWB,0.000167092757116792
Mexico,FodderGrass,FodderGrassAEZ10,FodderGrassAEZ10,1990,NOx_AWB,8.43462900208262e-05
Mexico,FodderGrass,FodderGrassAEZ11,FodderGrassAEZ11,1990,NOx_AWB,5.76695062242244e-06
Mexico,FodderGrass,FodderGrassAEZ12,FodderGrassAEZ12,1990,NOx_AWB,5.29733198255554e-06
Mexico,FodderHerb,FodderHerbAEZ01,FodderHerbAEZ01,1990,NOx_AWB,1.12433412130957e-05
Mexico,FodderHerb,FodderHerbAEZ02,FodderHerbAEZ02,1990,NOx_AWB,1.39540604586739e-05
Mexico,FodderHerb,FodderHerbAEZ03,FodderHerbAEZ03,1990,NOx_AWB,0.000414076109127078
Mexico,FodderHerb,FodderHerbAEZ04,FodderHerbAEZ04,1990,NOx_AWB,0.000436125074835898
Mexico,FodderHerb,FodderHerbAEZ05,FodderHerbAEZ05,1990,NOx_AWB,1.78622668939755e-05
Mexico,FodderHerb,FodderHerbAEZ06,FodderHerbAEZ06,1990,NOx_AWB,0.000402801223469694
Mexico,FodderHerb,FodderHerbAEZ07,FodderHerbAEZ07,1990,NOx_AWB,0.000822573958811406
Mexico,FodderHerb,FodderHerbAEZ08,FodderHerbAEZ08,1990,NOx_AWB,0.000725362092952832
Mexico,FodderHerb,FodderHerbAEZ09,FodderHerbAEZ09,1990,NOx_AWB,0.00353418275771841
Mexico,FodderHerb,FodderHerbAEZ10,FodderHerbAEZ10,1990,NOx_AWB,0.0007141776347024
Mexico,FodderHerb,FodderHerbAEZ11,FodderHerbAEZ11,1990,NOx_AWB,7.36947315857324e-05
Mexico,FodderHerb,FodderHerbAEZ12,FodderHerbAEZ12,1990,NOx_AWB,7.35706567715435e-06
Mexico,MiscCrop,MiscCropAEZ01,MiscCropAEZ01,1990,NOx_AWB,0.000209946068525762
Mexico,MiscCrop,MiscCropAEZ02,MiscCropAEZ02,1990,NOx_AWB,0.000342986921395164
Mexico,MiscCrop,MiscCropAEZ03,MiscCropAEZ03,1990,NOx_AWB,0.00104518303263757
Mexico,MiscCrop,MiscCropAEZ04,MiscCropAEZ04,1990,NOx_AWB,0.000793085712145584
Mexico,MiscCrop,MiscCropAEZ05,MiscCropAEZ05,1990,NOx_AWB,0.000467549700962246
Mexico,MiscCrop,MiscCropAEZ06,MiscCropAEZ06,1990,NOx_AWB,0.0015351281001688
Mexico,MiscCrop,MiscCropAEZ07,MiscCropAEZ07,1990,NOx_AWB,0.000728680590914487
Mexico,MiscCrop,MiscCropAEZ08,MiscCropAEZ08,1990,NOx_AWB,0.000486481404309461
Mexico,MiscCrop,MiscCropAEZ09,MiscCropAEZ09,1990,NOx_AWB,0.000520332964967984
Mexico,MiscCrop,MiscCropAEZ10,MiscCropAEZ10,1990,NOx_AWB,0.00035975959846166
Mexico,MiscCrop,MiscCropAEZ11,MiscCropAEZ11,1990,NOx_AWB,1.4585033353489e-05
Mexico,MiscCrop,MiscCropAEZ12,MiscCropAEZ12,1990,NOx_AWB,0.000121985302831959
Mexico,OilCrop,OilCropAEZ01,OilCropAEZ01,1990,NOx_AWB,4.63672655221062e-05
Mexico,OilCrop,OilCropAEZ02,OilCropAEZ02,1990,NOx_AWB,5.35313352825703e-05
Mexico,OilCrop,OilCropAEZ03,OilCropAEZ03,1990,NOx_AWB,1.33087660433293e-05
Mexico,OilCrop,OilCropAEZ04,OilCropAEZ04,1990,NOx_AWB,6.86311187660157e-05
Mexico,OilCrop,OilCropAEZ05,OilCropAEZ05,1990,NOx_AWB,5.1274988077639e-05
Mexico,OilCrop,OilCropAEZ06,OilCropAEZ06,1990,NOx_AWB,2.38849751044255e-05
Mexico,OilCrop,OilCropAEZ07,OilCropAEZ07,1990,NOx_AWB,1.69987641243907e-05
Mexico,OilCrop,OilCropAEZ08,OilCropAEZ08,1990,NOx_AWB,8.75338850755768e-06
Mexico,OilCrop,OilCropAEZ09,OilCropAEZ09,1990,NOx_AWB,4.58408403025582e-05
Mexico,OilCrop,OilCropAEZ10,OilCropAEZ10,1990,NOx_AWB,1.86642429588911e-05
Mexico,OilCrop,OilCropAEZ11,OilCropAEZ11,1990,NOx_AWB,2.46892591044028e-07
Mexico,OilCrop,OilCropAEZ12,OilCropAEZ12,1990,NOx_AWB,8.36924037437389e-09
Mexico,OtherGrain,OtherGrainAEZ01,OtherGrainAEZ01,1990,NOx_AWB,1.40193362391727e-05
Mexico,OtherGrain,OtherGrainAEZ02,OtherGrainAEZ02,1990,NOx_AWB,6.39658111753308e-05
Mexico,OtherGrain,OtherGrainAEZ03,OtherGrainAEZ03,1990,NOx_AWB,0.000191057380349427
Mexico,OtherGrain,OtherGrainAEZ04,OtherGrainAEZ04,1990,NOx_AWB,0.000132225192332539
Mexico,OtherGrain,OtherGrainAEZ05,OtherGrainAEZ05,1990,NOx_AWB,2.05170969542898e-05
Mexico,OtherGrain,OtherGrainAEZ06,OtherGrainAEZ06,1990,NOx_AWB,4.56820031817807e-05
Mexico,OtherGrain,OtherGrainAEZ07,OtherGrainAEZ07,1990,NOx_AWB,0.000608443937056318
Mexico,OtherGrain,OtherGrainAEZ08,OtherGrainAEZ08,1990,NOx_AWB,0.000143881246442461
Mexico,OtherGrain,OtherGrainAEZ09,OtherGrainAEZ09,1990,NOx_AWB,0.000886413611246662
Mexico,OtherGrain,OtherGrainAEZ10,OtherGrainAEZ10,1990,NOx_AWB,0.000101178965013849
Mexico,OtherGrain,OtherGrainAEZ11,OtherGrainAEZ11,1990,NOx_AWB,4.84295716851015e-06
Mexico,OtherGrain,OtherGrainAEZ12,OtherGrainAEZ12,1990,NOx_AWB,2.38985007610128e-06
Mexico,PalmFruit,PalmFruitAEZ01,PalmFruitAEZ01,1990,NOx_AWB,0
Mexico,PalmFruit,PalmFruitAEZ02,PalmFruitAEZ02,1990,NOx_AWB,0
Mexico,PalmFruit,PalmFruitAEZ03,PalmFruitAEZ03,1990,NOx_AWB,7.07961572763344e-05
Mexico,PalmFruit,PalmFruitAEZ04,PalmFruitAEZ04,1990,NOx_AWB,5.38847360008114e-05
Mexico,PalmFruit,PalmFruitAEZ05,PalmFruitAEZ05,1990,NOx_AWB,9.57738199677396e-05
Mexico,PalmFruit,PalmFruitAEZ06,PalmFruitAEZ06,1990,NOx_AWB,0.000193502256137018
Mexico,PalmFruit,PalmFruitAEZ07,PalmFruitAEZ07,1990,NOx_AWB,0
Mexico,PalmFruit,PalmFruitAEZ08,PalmFruitAEZ08,1990,NOx_AWB,0
Mexico,PalmFruit,PalmFruitAEZ09,PalmFruitAEZ09,1990,NOx_AWB,6.82498445959943e-09
Mexico,PalmFruit,PalmFruitAEZ10,PalmFruitAEZ10,1990,NOx_AWB,0
Mexico,PalmFruit,PalmFruitAEZ11,PalmFruitAEZ11,1990,NOx_AWB,0
Mexico,PalmFruit,PalmFruitAEZ12,PalmFruitAEZ12,1990,NOx_AWB,0
Mexico,Rice,RiceAEZ01,RiceAEZ01,1990,NOx_AWB,0
Mexico,Rice,RiceAEZ02,RiceAEZ02,1990,NOx_AWB,1.23290513683034e-06
Mexico,Rice,RiceAEZ03,RiceAEZ03,1990,NOx_AWB,3.12410720409889e-05
Mexico,Rice,RiceAEZ04,RiceAEZ04,1990,NOx_AWB,3.06692160825253e-05
Mexico,Rice,RiceAEZ05,RiceAEZ05,1990,NOx_AWB,3.42379642297291e-05
Mexico,Rice,RiceAEZ06,RiceAEZ06,1990,NOx_AWB,3.88663278293805e-05
Mexico,Rice,RiceAEZ07,RiceAEZ07,1990,NOx_AWB,0
Mexico,Rice,RiceAEZ08,RiceAEZ08,1990,NOx_AWB,1.21302779068053e-07
Mexico,Rice,RiceAEZ09,RiceAEZ09,1990,NOx_AWB,6.68337538621587e-06
Mexico,Rice,RiceAEZ10,RiceAEZ10,1990,NOx_AWB,1.57688516033046e-05
Mexico,Rice,RiceAEZ11,RiceAEZ11,1990,NOx_AWB,0
Mexico,Rice,RiceAEZ12,RiceAEZ12,1990,NOx_AWB,1.41689800760163e-07
Mexico,Root_Tuber,Root_TuberAEZ01,Root_TuberAEZ01,1990,NOx_AWB,6.16290733238926e-05
Mexico,Root_Tuber,Root_TuberAEZ02,Root_TuberAEZ02,1990,NOx_AWB,4.80765640445016e-05
Mexico,Root_Tuber,Root_TuberAEZ03,Root_TuberAEZ03,1990,NOx_AWB,2.24877012694156e-05
Mexico,Root_Tuber,Root_TuberAEZ04,Root_TuberAEZ04,1990,NOx_AWB,8.66379937617262e-06
Mexico,Root_Tuber,Root_TuberAEZ05,Root_TuberAEZ05,1990,NOx_AWB,7.43360762183824e-06
Mexico,Root_Tuber,Root_TuberAEZ06,Root_TuberAEZ06,1990,NOx_AWB,5.71305130709236e-05
Mexico,Root_Tuber,Root_TuberAEZ07,Root_TuberAEZ07,1990,NOx_AWB,8.43641243715706e-05
Mexico,Root_Tuber,Root_TuberAEZ08,Root_TuberAEZ08,1990,NOx_AWB,2.1025459723103e-05
Mexico,Root_Tuber,Root_TuberAEZ09,Root_TuberAEZ09,1990,NOx_AWB,7.5986653310147e-05
Mexico,Root_Tuber,Root_TuberAEZ10,Root_TuberAEZ10,1990,NOx_AWB,7.15394572968463e-05
Mexico,Root_Tuber,Root_TuberAEZ11,Root_TuberAEZ11,1990,NOx_AWB,2.86328314748842e-07
Mexico,Root_Tuber,Root_TuberAEZ12,Root_TuberAEZ12,1990,NOx_AWB,1.47688581889917e-05
Mexico,SugarCrop,SugarCropAEZ01,SugarCropAEZ01,1990,NOx_AWB,0.000210323751884023
Mexico,SugarCrop,SugarCropAEZ02,SugarCropAEZ02,1990,NOx_AWB,0.000223533200065061
Mexico,SugarCrop,SugarCropAEZ03,SugarCropAEZ03,1990,NOx_AWB,0.00153174104423346
Mexico,SugarCrop,SugarCropAEZ04,SugarCropAEZ04,1990,NOx_AWB,0.0034149579147125
Mexico,SugarCrop,SugarCropAEZ05,SugarCropAEZ05,1990,NOx_AWB,0.00361365458219495
Mexico,SugarCrop,SugarCropAEZ06,SugarCropAEZ06,1990,NOx_AWB,0.00323844550266801
Mexico,SugarCrop,SugarCropAEZ07,SugarCropAEZ07,1990,NOx_AWB,0.000644953156730432
Mexico,SugarCrop,SugarCropAEZ08,SugarCropAEZ08,1990,NOx_AWB,0.000272358581590268
Mexico,SugarCrop,SugarCropAEZ09,SugarCropAEZ09,1990,NOx_AWB,0.000866159240141081
Mexico,SugarCrop,SugarCropAEZ10,SugarCropAEZ10,1990,NOx_AWB,0.00146503939029912
Mexico,SugarCrop,SugarCropAEZ11,SugarCropAEZ11,1990,NOx_AWB,9.45200309734777e-06
Mexico,SugarCrop,SugarCropAEZ12,SugarCropAEZ12,1990,NOx_AWB,1.29938286885079e-05
Mexico,Wheat,WheatAEZ01,WheatAEZ01,1990,NOx_AWB,0.000654132914806465
Mexico,Wheat,WheatAEZ02,WheatAEZ02,1990,NOx_AWB,0.0002673727318725
Mexico,Wheat,WheatAEZ03,WheatAEZ03,1990,NOx_AWB,2.05384211917618e-05
Mexico,Wheat,WheatAEZ04,WheatAEZ04,1990,NOx_AWB,1.5793937603294e-05
Mexico,Wheat,WheatAEZ05,WheatAEZ05,1990,NOx_AWB,1.97058064853104e-06
Mexico,Wheat,WheatAEZ06,WheatAEZ06,1990,NOx_AWB,1.62595094727329e-05
Mexico,Wheat,WheatAEZ07,WheatAEZ07,1990,NOx_AWB,0.000120951932319589
Mexico,Wheat,WheatAEZ08,WheatAEZ08,1990,NOx_AWB,4.07674967276617e-05
Mexico,Wheat,WheatAEZ09,WheatAEZ09,1990,NOx_AWB,0.0002794838140205
Mexico,Wheat,WheatAEZ10,WheatAEZ10,1990,NOx_AWB,5.50036104398876e-05
Mexico,Wheat,WheatAEZ11,WheatAEZ11,1990,NOx_AWB,9.59992329453298e-07
Mexico,Wheat,WheatAEZ12,WheatAEZ12,1990,NOx_AWB,7.94445801997871e-07
Mexico,Corn,CornAEZ01,CornAEZ01,1990,SO2_AWB,8.28948108875436e-06
Mexico,Corn,CornAEZ02,CornAEZ02,1990,SO2_AWB,2.62873772596351e-06
Mexico,Corn,CornAEZ03,CornAEZ03,1990,SO2_AWB,2.95990117444367e-05
Mexico,Corn,CornAEZ04,CornAEZ04,1990,SO2_AWB,0.00011649924850606
Mexico,Corn,CornAEZ05,CornAEZ05,1990,SO2_AWB,3.84322914816641e-05
Mexico,Corn,CornAEZ06,CornAEZ06,1990,SO2_AWB,6.26259673157786e-05
Mexico,Corn,CornAEZ07,CornAEZ07,1990,SO2_AWB,2.35109123429272e-05
Mexico,Corn,CornAEZ08,CornAEZ08,1990,SO2_AWB,3.19532181100633e-05
Mexico,Corn,CornAEZ09,CornAEZ09,1990,SO2_AWB,0.000201154291840288
Mexico,Corn,CornAEZ10,CornAEZ10,1990,SO2_AWB,0.000104046652595595
Mexico,Corn,CornAEZ11,CornAEZ11,1990,SO2_AWB,4.5673156061287e-06
Mexico,Corn,CornAEZ12,CornAEZ12,1990,SO2_AWB,2.36666689096233e-06
Mexico,FiberCrop,FiberCropAEZ01,FiberCropAEZ01,1990,SO2_AWB,1.13455659821892e-06
Mexico,FiberCrop,FiberCropAEZ02,FiberCropAEZ02,1990,SO2_AWB,1.49258658610523e-07
Mexico,FiberCrop,FiberCropAEZ03,FiberCropAEZ03,1990,SO2_AWB,2.92059715471918e-08
Mexico,FiberCrop,FiberCropAEZ04,FiberCropAEZ04,1990,SO2_AWB,8.96726061072068e-08
Mexico,FiberCrop,FiberCropAEZ05,FiberCropAEZ05,1990,SO2_AWB,1.53661568894019e-07
Mexico,FiberCrop,FiberCropAEZ06,FiberCropAEZ06,1990,SO2_AWB,2.43847847867634e-07
Mexico,FiberCrop,FiberCropAEZ07,FiberCropAEZ07,1990,SO2_AWB,1.73356520410478e-05
Mexico,FiberCrop,FiberCropAEZ08,FiberCropAEZ08,1990,SO2_AWB,3.96599481969731e-06
Mexico,FiberCrop,FiberCropAEZ09,FiberCropAEZ09,1990,SO2_AWB,1.79499314074336e-06
Mexico,FiberCrop,FiberCropAEZ10,FiberCropAEZ10,1990,SO2_AWB,3.15541903650565e-08
Mexico,FiberCrop,FiberCropAEZ11,FiberCropAEZ11,1990,SO2_AWB,5.87054704466167e-10
Mexico,FiberCrop,FiberCropAEZ12,FiberCropAEZ12,1990,SO2_AWB,5.94392888271998e-09
Mexico,FodderGrass,FodderGrassAEZ01,FodderGrassAEZ01,1990,SO2_AWB,3.84377191366251e-06
Mexico,FodderGrass,FodderGrassAEZ02,FodderGrassAEZ02,1990,SO2_AWB,4.24515858646609e-06
Mexico,FodderGrass,FodderGrassAEZ03,FodderGrassAEZ03,1990,SO2_AWB,1.81927273144307e-05
Mexico,FodderGrass,FodderGrassAEZ04,FodderGrassAEZ04,1990,SO2_AWB,2.13708010796536e-05
Mexico,FodderGrass,FodderGrassAEZ05,FodderGrassAEZ05,1990,SO2_AWB,1.543571805941e-05
Mexico,FodderGrass,FodderGrassAEZ06,FodderGrassAEZ06,1990,SO2_AWB,2.39060998316267e-05
Mexico,FodderGrass,FodderGrassAEZ07,FodderGrassAEZ07,1990,SO2_AWB,2.45773098350444e-05
Mexico,FodderGrass,FodderGrassAEZ08,FodderGrassAEZ08,1990,SO2_AWB,1.4038952192743e-05
Mexico,FodderGrass,FodderGrassAEZ09,FodderGrassAEZ09,1990,SO2_AWB,2.04179198330519e-05
Mexico,FodderGrass,FodderGrassAEZ10,FodderGrassAEZ10,1990,SO2_AWB,1.03067051952278e-05
Mexico,FodderGrass,FodderGrassAEZ11,FodderGrassAEZ11,1990,SO2_AWB,7.04693234593571e-07
Mexico,FodderGrass,FodderGrassAEZ12,FodderGrassAEZ12,1990,SO2_AWB,6.4730812762447e-07
Mexico,FodderHerb,FodderHerbAEZ01,FodderHerbAEZ01,1990,SO2_AWB,1.3738814506734e-06
Mexico,FodderHerb,FodderHerbAEZ02,FodderHerbAEZ02,1990,SO2_AWB,1.70511811946234e-06
Mexico,FodderHerb,FodderHerbAEZ03,FodderHerbAEZ03,1990,SO2_AWB,5.05980806518697e-05
Mexico,FodderHerb,FodderHerbAEZ04,FodderHerbAEZ04,1990,SO2_AWB,5.32923567055573e-05
Mexico,FodderHerb,FodderHerbAEZ05,FodderHerbAEZ05,1990,SO2_AWB,2.18268188143457e-06
Mexico,FodderHerb,FodderHerbAEZ06,FodderHerbAEZ06,1990,SO2_AWB,4.92203446239797e-05
Mexico,FodderHerb,FodderHerbAEZ07,FodderHerbAEZ07,1990,SO2_AWB,0.000100514525210857
Mexico,FodderHerb,FodderHerbAEZ08,FodderHerbAEZ08,1990,SO2_AWB,8.86357094071631e-05
Mexico,FodderHerb,FodderHerbAEZ09,FodderHerbAEZ09,1990,SO2_AWB,0.000431859893077299
Mexico,FodderHerb,FodderHerbAEZ10,FodderHerbAEZ10,1990,SO2_AWB,8.72690231672932e-05
Mexico,FodderHerb,FodderHerbAEZ11,FodderHerbAEZ11,1990,SO2_AWB,9.00513671328096e-06
Mexico,FodderHerb,FodderHerbAEZ12,FodderHerbAEZ12,1990,SO2_AWB,8.98997537623008e-07
Mexico,MiscCrop,MiscCropAEZ01,MiscCropAEZ01,1990,SO2_AWB,2.56543854466845e-05
Mexico,MiscCrop,MiscCropAEZ02,MiscCropAEZ02,1990,SO2_AWB,4.19113286875554e-05
Mexico,MiscCrop,MiscCropAEZ03,MiscCropAEZ03,1990,SO2_AWB,0.000127716268134493
Mexico,MiscCrop,MiscCropAEZ04,MiscCropAEZ04,1990,SO2_AWB,9.69112053133994e-05
Mexico,MiscCrop,MiscCropAEZ05,MiscCropAEZ05,1990,SO2_AWB,5.71322927273379e-05
Mexico,MiscCrop,MiscCropAEZ06,MiscCropAEZ06,1990,SO2_AWB,0.000187585165410871
Mexico,MiscCrop,MiscCropAEZ07,MiscCropAEZ07,1990,SO2_AWB,8.90412136702824e-05
Mexico,MiscCrop,MiscCropAEZ08,MiscCropAEZ08,1990,SO2_AWB,5.94456545265951e-05
Mexico,MiscCrop,MiscCropAEZ09,MiscCropAEZ09,1990,SO2_AWB,6.35821501095025e-05
Mexico,MiscCrop,MiscCropAEZ10,MiscCropAEZ10,1990,SO2_AWB,4.39608680071444e-05
Mexico,MiscCrop,MiscCropAEZ11,MiscCropAEZ11,1990,SO2_AWB,1.7822199292922e-06
Mexico,MiscCrop,MiscCropAEZ12,MiscCropAEZ12,1990,SO2_AWB,1.49060089558077e-05
Mexico,OilCrop,OilCropAEZ01,OilCropAEZ01,1990,SO2_AWB,5.66585366501835e-06
Mexico,OilCrop,OilCropAEZ02,OilCropAEZ02,1990,SO2_AWB,6.5412680430653e-06
Mexico,OilCrop,OilCropAEZ03,OilCropAEZ03,1990,SO2_AWB,1.62626628968487e-06
Mexico,OilCrop,OilCropAEZ04,OilCropAEZ04,1990,SO2_AWB,8.38638792726191e-06
Mexico,OilCrop,OilCropAEZ05,OilCropAEZ05,1990,SO2_AWB,6.26555342119442e-06
Mexico,OilCrop,OilCropAEZ06,OilCropAEZ06,1990,SO2_AWB,2.91862744568712e-06
Mexico,OilCrop,OilCropAEZ07,OilCropAEZ07,1990,SO2_AWB,2.07716605519994e-06
Mexico,OilCrop,OilCropAEZ08,OilCropAEZ08,1990,SO2_AWB,1.06962137616741e-06
Mexico,OilCrop,OilCropAEZ09,OilCropAEZ09,1990,SO2_AWB,5.60152707111748e-06
Mexico,OilCrop,OilCropAEZ10,OilCropAEZ10,1990,SO2_AWB,2.28067944448889e-06
Mexico,OilCrop,OilCropAEZ11,OilCropAEZ11,1990,SO2_AWB,3.01690702714776e-08
Mexico,OilCrop,OilCropAEZ12,OilCropAEZ12,1990,SO2_AWB,1.02268034818569e-09
Mexico,OtherGrain,OtherGrainAEZ01,OtherGrainAEZ01,1990,SO2_AWB,1.71309450142086e-06
Mexico,OtherGrain,OtherGrainAEZ02,OtherGrainAEZ02,1990,SO2_AWB,7.81631009727822e-06
Mexico,OtherGrain,OtherGrainAEZ03,OtherGrainAEZ03,1990,SO2_AWB,2.33462798914788e-05
Mexico,OtherGrain,OtherGrainAEZ04,OtherGrainAEZ04,1990,SO2_AWB,1.61572735020981e-05
Mexico,OtherGrain,OtherGrainAEZ05,OtherGrainAEZ05,1990,SO2_AWB,2.50708916441444e-06
Mexico,OtherGrain,OtherGrainAEZ06,OtherGrainAEZ06,1990,SO2_AWB,5.58211794977369e-06
Mexico,OtherGrain,OtherGrainAEZ07,OtherGrainAEZ07,1990,SO2_AWB,7.43488810890769e-05
Mexico,OtherGrain,OtherGrainAEZ08,OtherGrainAEZ08,1990,SO2_AWB,1.758158645553e-05
Mexico,OtherGrain,OtherGrainAEZ09,OtherGrainAEZ09,1990,SO2_AWB,0.000108315419325507
Mexico,OtherGrain,OtherGrainAEZ10,OtherGrainAEZ10,1990,SO2_AWB,1.23635759687655e-05
Mexico,OtherGrain,OtherGrainAEZ11,OtherGrainAEZ11,1990,SO2_AWB,5.91785741810631e-07
Mexico,OtherGrain,OtherGrainAEZ12,OtherGrainAEZ12,1990,SO2_AWB,2.92028021494326e-07
Mexico,PalmFruit,PalmFruitAEZ01,PalmFruitAEZ01,1990,SO2_AWB,0
Mexico,PalmFruit,PalmFruitAEZ02,PalmFruitAEZ02,1990,SO2_AWB,0
Mexico,PalmFruit,PalmFruitAEZ03,PalmFruitAEZ03,1990,SO2_AWB,8.6509450720594e-06
Mexico,PalmFruit,PalmFruitAEZ04,PalmFruitAEZ04,1990,SO2_AWB,6.58445188692842e-06
Mexico,PalmFruit,PalmFruitAEZ05,PalmFruitAEZ05,1990,SO2_AWB,1.17030936106921e-05
Mexico,PalmFruit,PalmFruitAEZ06,PalmFruitAEZ06,1990,SO2_AWB,2.3645031786499e-05
Mexico,PalmFruit,PalmFruitAEZ07,PalmFruitAEZ07,1990,SO2_AWB,0
Mexico,PalmFruit,PalmFruitAEZ08,PalmFruitAEZ08,1990,SO2_AWB,0
Mexico,PalmFruit,PalmFruitAEZ09,PalmFruitAEZ09,1990,SO2_AWB,8.3397980835593e-10
Mexico,PalmFruit,PalmFruitAEZ10,PalmFruitAEZ10,1990,SO2_AWB,0
Mexico,PalmFruit,PalmFruitAEZ11,PalmFruitAEZ11,1990,SO2_AWB,0
Mexico,PalmFruit,PalmFruitAEZ12,PalmFruitAEZ12,1990,SO2_AWB,0
Mexico,Rice,RiceAEZ01,RiceAEZ01,1990,SO2_AWB,0
Mexico,Rice,RiceAEZ02,RiceAEZ02,1990,SO2_AWB,1.50654993549268e-07
Mexico,Rice,RiceAEZ03,RiceAEZ03,1990,SO2_AWB,3.81750660793547e-06
Mexico,Rice,RiceAEZ04,RiceAEZ04,1990,SO2_AWB,3.74762859935248e-06
Mexico,Rice,RiceAEZ05,RiceAEZ05,1990,SO2_AWB,4.18371221441324e-06
Mexico,Rice,RiceAEZ06,RiceAEZ06,1990,SO2_AWB,4.74927566890723e-06
Mexico,Rice,RiceAEZ07,RiceAEZ07,1990,SO2_AWB,0
Mexico,Rice,RiceAEZ08,RiceAEZ08,1990,SO2_AWB,1.48226078812426e-08
Mexico,Rice,RiceAEZ09,RiceAEZ09,1990,SO2_AWB,8.16675870364427e-07
Mexico,Rice,RiceAEZ10,RiceAEZ10,1990,SO2_AWB,1.92687674469648e-06
Mexico,Rice,RiceAEZ11,RiceAEZ11,1990,SO2_AWB,0
Mexico,Rice,RiceAEZ12,RiceAEZ12,1990,SO2_AWB,1.7313802483132e-08
Mexico,Root_Tuber,Root_TuberAEZ01,Root_TuberAEZ01,1990,SO2_AWB,7.53077213055371e-06
Mexico,Root_Tuber,Root_TuberAEZ02,Root_TuberAEZ02,1990,SO2_AWB,5.87472160641349e-06
Mexico,Root_Tuber,Root_TuberAEZ03,Root_TuberAEZ03,1990,SO2_AWB,2.74788739901883e-06
Mexico,Root_Tuber,Root_TuberAEZ04,Root_TuberAEZ04,1990,SO2_AWB,1.05867402133231e-06
Mexico,Root_Tuber,Root_TuberAEZ05,Root_TuberAEZ05,1990,SO2_AWB,9.08350589888038e-07
Mexico,Root_Tuber,Root_TuberAEZ06,Root_TuberAEZ06,1990,SO2_AWB,6.98107001183725e-06
Mexico,Root_Tuber,Root_TuberAEZ07,Root_TuberAEZ07,1990,SO2_AWB,1.03088844658919e-05
Mexico,Root_Tuber,Root_TuberAEZ08,Root_TuberAEZ08,1990,SO2_AWB,2.56920861494502e-06
Mexico,Root_Tuber,Root_TuberAEZ09,Root_TuberAEZ09,1990,SO2_AWB,9.28519836789845e-06
Mexico,Root_Tuber,Root_TuberAEZ10,Root_TuberAEZ10,1990,SO2_AWB,8.74177270871219e-06
Mexico,Root_Tuber,Root_TuberAEZ11,Root_TuberAEZ11,1990,SO2_AWB,3.49879233388219e-08
Mexico,Root_Tuber,Root_TuberAEZ12,Root_TuberAEZ12,1990,SO2_AWB,1.80468242748411e-06
Mexico,SugarCrop,SugarCropAEZ01,SugarCropAEZ01,1990,SO2_AWB,2.57005365107062e-05
Mexico,SugarCrop,SugarCropAEZ02,SugarCropAEZ02,1990,SO2_AWB,2.73146666420965e-05
Mexico,SugarCrop,SugarCropAEZ03,SugarCropAEZ03,1990,SO2_AWB,0.000187171283697797
Mexico,SugarCrop,SugarCropAEZ04,SugarCropAEZ04,1990,SO2_AWB,0.000417291198846576
Mexico,SugarCrop,SugarCropAEZ05,SugarCropAEZ05,1990,SO2_AWB,0.000441570962360895
Mexico,SugarCrop,SugarCropAEZ06,SugarCropAEZ06,1990,SO2_AWB,0.000395722243130896
Mexico,SugarCrop,SugarCropAEZ07,SugarCropAEZ07,1990,SO2_AWB,7.88101296394991e-05
Mexico,SugarCrop,SugarCropAEZ08,SugarCropAEZ08,1990,SO2_AWB,3.32808900918839e-05
Mexico,SugarCrop,SugarCropAEZ09,SugarCropAEZ09,1990,SO2_AWB,0.000105840433978215
Mexico,SugarCrop,SugarCropAEZ10,SugarCropAEZ10,1990,SO2_AWB,0.000179020666960942
Mexico,SugarCrop,SugarCropAEZ11,SugarCropAEZ11,1990,SO2_AWB,1.15498867116371e-06
Mexico,SugarCrop,SugarCropAEZ12,SugarCropAEZ12,1990,SO2_AWB,1.58778248120548e-06
Mexico,Wheat,WheatAEZ01,WheatAEZ01,1990,SO2_AWB,7.99318512970827e-05
Mexico,Wheat,WheatAEZ02,WheatAEZ02,1990,SO2_AWB,3.26716435775909e-05
Mexico,Wheat,WheatAEZ03,WheatAEZ03,1990,SO2_AWB,2.50969488221284e-06
Mexico,Wheat,WheatAEZ04,WheatAEZ04,1990,SO2_AWB,1.92994213152446e-06
Mexico,Wheat,WheatAEZ05,WheatAEZ05,1990,SO2_AWB,2.40795342661964e-07
Mexico,Wheat,WheatAEZ06,WheatAEZ06,1990,SO2_AWB,1.98683274288761e-06
Mexico,Wheat,WheatAEZ07,WheatAEZ07,1990,SO2_AWB,1.47797361200278e-05
Mexico,Wheat,WheatAEZ08,WheatAEZ08,1990,SO2_AWB,4.98158923428256e-06
Mexico,Wheat,WheatAEZ09,WheatAEZ09,1990,SO2_AWB,3.4151558737627e-05
Mexico,Wheat,WheatAEZ10,WheatAEZ10,1990,SO2_AWB,6.72117288545943e-06
Mexico,Wheat,WheatAEZ11,WheatAEZ11,1990,SO2_AWB,1.17306379769781e-07
Mexico,Wheat,WheatAEZ12,WheatAEZ12,1990,SO2_AWB,9.70774016587642e-08
Middle East,Corn,CornAEZ01,CornAEZ01,1990,CH4_AWB,1.97904963198193e-06
Middle East,Corn,CornAEZ02,CornAEZ02,1990,CH4_AWB,9.05762295973084e-08
Middle East,Corn,CornAEZ03,CornAEZ03,1990,CH4_AWB,3.13191563124933e-07
Middle East,Corn,CornAEZ07,CornAEZ07,1990,CH4_AWB,1.53282508548427e-05
Middle East,Corn,CornAEZ08,CornAEZ08,1990,CH4_AWB,2.78162948178743e-05
Middle East,Corn,CornAEZ09,CornAEZ09,1990,CH4_AWB,9.89883432284617e-06
Middle East,Corn,CornAEZ10,CornAEZ10,1990,CH4_AWB,1.98946658146427e-06
Middle East,FiberCrop,FiberCropAEZ01,FiberCropAEZ01,1990,CH4_AWB,1.4195097284249e-06
Middle East,FiberCrop,FiberCropAEZ02,FiberCropAEZ02,1990,CH4_AWB,1.63619501407232e-07
Middle East,FiberCrop,FiberCropAEZ03,FiberCropAEZ03,1990,CH4_AWB,9.74328101777035e-07
Middle East,FiberCrop,FiberCropAEZ07,FiberCropAEZ07,1990,CH4_AWB,2.01151788678373e-05
Middle East,FiberCrop,FiberCropAEZ08,FiberCropAEZ08,1990,CH4_AWB,2.54483461605416e-05
Middle East,FiberCrop,FiberCropAEZ09,FiberCropAEZ09,1990,CH4_AWB,3.0371876945788e-05
Middle East,FiberCrop,FiberCropAEZ10,FiberCropAEZ10,1990,CH4_AWB,1.54840136850027e-05
Middle East,FodderGrass,FodderGrassAEZ01,FodderGrassAEZ01,1990,CH4_AWB,6.92214196149901e-05
Middle East,FodderGrass,FodderGrassAEZ02,FodderGrassAEZ02,1990,CH4_AWB,2.46660319003314e-06
Middle East,FodderGrass,FodderGrassAEZ03,FodderGrassAEZ03,1990,CH4_AWB,1.47952337091345e-05
Middle East,FodderGrass,FodderGrassAEZ07,FodderGrassAEZ07,1990,CH4_AWB,6.22895059445181e-05
Middle East,FodderGrass,FodderGrassAEZ08,FodderGrassAEZ08,1990,CH4_AWB,0.000111115227336407
Middle East,FodderGrass,FodderGrassAEZ09,FodderGrassAEZ09,1990,CH4_AWB,6.85360278581611e-05
Middle East,FodderGrass,FodderGrassAEZ10,FodderGrassAEZ10,1990,CH4_AWB,4.34781859419433e-06
Middle East,FodderHerb,FodderHerbAEZ01,FodderHerbAEZ01,1990,CH4_AWB,0.000324384661845329
Middle East,FodderHerb,FodderHerbAEZ02,FodderHerbAEZ02,1990,CH4_AWB,6.08472247683641e-08
Middle East,FodderHerb,FodderHerbAEZ03,FodderHerbAEZ03,1990,CH4_AWB,4.03422822523794e-07
Middle East,FodderHerb,FodderHerbAEZ07,FodderHerbAEZ07,1990,CH4_AWB,0.000439231605043626
Middle East,FodderHerb,FodderHerbAEZ08,FodderHerbAEZ08,1990,CH4_AWB,0.000761081855993981
Middle East,FodderHerb,FodderHerbAEZ09,FodderHerbAEZ09,1990,CH4_AWB,0.000147296443903059
Middle East,FodderHerb,FodderHerbAEZ10,FodderHerbAEZ10,1990,CH4_AWB,9.6572556940749e-06
Middle East,MiscCrop,MiscCropAEZ01,MiscCropAEZ01,1990,CH4_AWB,0.000405102153434138
Middle East,MiscCrop,MiscCropAEZ02,MiscCropAEZ02,1990,CH4_AWB,4.50706240138949e-06
Middle East,MiscCrop,MiscCropAEZ03,MiscCropAEZ03,1990,CH4_AWB,3.33332244742534e-05
Middle East,MiscCrop,MiscCropAEZ07,MiscCropAEZ07,1990,CH4_AWB,0.00069175301320437
Middle East,MiscCrop,MiscCropAEZ08,MiscCropAEZ08,1990,CH4_AWB,0.00129198666642942
Middle East,MiscCrop,MiscCropAEZ09,MiscCropAEZ09,1990,CH4_AWB,0.000472371537257328
Middle East,MiscCrop,MiscCropAEZ10,MiscCropAEZ10,1990,CH4_AWB,0.000193169804062306
Middle East,OilCrop,OilCropAEZ01,OilCropAEZ01,1990,CH4_AWB,1.42785217972818e-06
Middle East,OilCrop,OilCropAEZ02,OilCropAEZ02,1990,CH4_AWB,3.1380658492153e-07
Middle East,OilCrop,OilCropAEZ03,OilCropAEZ03,1990,CH4_AWB,1.77510139659513e-06
Middle East,OilCrop,OilCropAEZ07,OilCropAEZ07,1990,CH4_AWB,7.07778831506484e-06
Middle East,OilCrop,OilCropAEZ08,OilCropAEZ08,1990,CH4_AWB,2.4121223203188e-05
Middle East,OilCrop,OilCropAEZ09,OilCropAEZ09,1990,CH4_AWB,2.41047274155617e-05
Middle East,OilCrop,OilCropAEZ10,OilCropAEZ10,1990,CH4_AWB,1.74866303072383e-05
Middle East,OtherGrain,OtherGrainAEZ01,OtherGrainAEZ01,1990,CH4_AWB,8.33388425398616e-05
Middle East,OtherGrain,OtherGrainAEZ02,OtherGrainAEZ02,1990,CH4_AWB,1.38794638842626e-07
Middle East,OtherGrain,OtherGrainAEZ03,OtherGrainAEZ03,1990,CH4_AWB,2.55924454905184e-07
Middle East,OtherGrain,OtherGrainAEZ07,OtherGrainAEZ07,1990,CH4_AWB,0.000134384100243755
Middle East,OtherGrain,OtherGrainAEZ08,OtherGrainAEZ08,1990,CH4_AWB,0.000270481398763735
Middle East,OtherGrain,OtherGrainAEZ09,OtherGrainAEZ09,1990,CH4_AWB,8.59616838267512e-05
Middle East,OtherGrain,OtherGrainAEZ10,OtherGrainAEZ10,1990,CH4_AWB,3.52901792590773e-05
Middle East,PalmFruit,PalmFruitAEZ01,PalmFruitAEZ01,1990,CH4_AWB,0
Middle East,PalmFruit,PalmFruitAEZ02,PalmFruitAEZ02,1990,CH4_AWB,0
Middle East,PalmFruit,PalmFruitAEZ03,PalmFruitAEZ03,1990,CH4_AWB,0
Middle East,PalmFruit,PalmFruitAEZ07,PalmFruitAEZ07,1990,CH4_AWB,0
Middle East,PalmFruit,PalmFruitAEZ08,PalmFruitAEZ08,1990,CH4_AWB,0
Middle East,PalmFruit,PalmFruitAEZ09,PalmFruitAEZ09,1990,CH4_AWB,0
Middle East,PalmFruit,PalmFruitAEZ10,PalmFruitAEZ10,1990,CH4_AWB,0
Middle East,Rice,RiceAEZ01,RiceAEZ01,1990,CH4_AWB,5.89934943927999e-08
Middle East,Rice,RiceAEZ02,RiceAEZ02,1990,CH4_AWB,0
Middle East,Rice,RiceAEZ03,RiceAEZ03,1990,CH4_AWB,0
Middle East,Rice,RiceAEZ07,RiceAEZ07,1990,CH4_AWB,9.69064949398335e-05
Middle East,Rice,RiceAEZ08,RiceAEZ08,1990,CH4_AWB,9.57437840349018e-05
Middle East,Rice,RiceAEZ09,RiceAEZ09,1990,CH4_AWB,3.74908591971951e-06
Middle East,Rice,RiceAEZ10,RiceAEZ10,1990,CH4_AWB,0
Middle East,Root_Tuber,Root_TuberAEZ01,Root_TuberAEZ01,1990,CH4_AWB,1.45612877487361e-05
Middle East,Root_Tuber,Root_TuberAEZ02,Root_TuberAEZ02,1990,CH4_AWB,4.96356353466701e-07
Middle East,Root_Tuber,Root_TuberAEZ03,Root_TuberAEZ03,1990,CH4_AWB,2.84697753084603e-06
Middle East,Root_Tuber,Root_TuberAEZ07,Root_TuberAEZ07,1990,CH4_AWB,9.36186936749071e-05
Middle East,Root_Tuber,Root_TuberAEZ08,Root_TuberAEZ08,1990,CH4_AWB,0.000149525234535508
Middle East,Root_Tuber,Root_TuberAEZ09,Root_TuberAEZ09,1990,CH4_AWB,4.43546199445591e-05
Middle East,Root_Tuber,Root_TuberAEZ10,Root_TuberAEZ10,1990,CH4_AWB,1.66049667213279e-05
Middle East,SugarCrop,SugarCropAEZ01,SugarCropAEZ01,1990,CH4_AWB,1.19010013212854e-06
Middle East,SugarCrop,SugarCropAEZ02,SugarCropAEZ02,1990,CH4_AWB,0
Middle East,SugarCrop,SugarCropAEZ03,SugarCropAEZ03,1990,CH4_AWB,0
Middle East,SugarCrop,SugarCropAEZ07,SugarCropAEZ07,1990,CH4_AWB,0.000176897441191417
Middle East,SugarCrop,SugarCropAEZ08,SugarCropAEZ08,1990,CH4_AWB,0.000331715229461264
Middle East,SugarCrop,SugarCropAEZ09,SugarCropAEZ09,1990,CH4_AWB,6.42434891466143e-05
Middle East,SugarCrop,SugarCropAEZ10,SugarCropAEZ10,1990,CH4_AWB,3.52495658649248e-05
Middle East,Wheat,WheatAEZ01,WheatAEZ01,1990,CH4_AWB,3.49297130569981e-05
Middle East,Wheat,WheatAEZ02,WheatAEZ02,1990,CH4_AWB,9.46558726413885e-08
Middle East,Wheat,WheatAEZ03,WheatAEZ03,1990,CH4_AWB,1.30394118071265e-06
Middle East,Wheat,WheatAEZ07,WheatAEZ07,1990,CH4_AWB,0.000389947789649635
Middle East,Wheat,WheatAEZ08,WheatAEZ08,1990,CH4_AWB,0.000646051206211585
Middle East,Wheat,WheatAEZ09,WheatAEZ09,1990,CH4_AWB,0.000199832438622162
Middle East,Wheat,WheatAEZ10,WheatAEZ10,1990,CH4_AWB,0.000104275154551975
Middle East,Corn,CornAEZ01,CornAEZ01,1990,CO_AWB,8.63475273538063e-05
Middle East,Corn,CornAEZ02,CornAEZ02,1990,CO_AWB,3.95191375515216e-06
Middle East,Corn,CornAEZ03,CornAEZ03,1990,CO_AWB,1.36647998245647e-05
Middle East,Corn,CornAEZ07,CornAEZ07,1990,CO_AWB,0.000668783914554506
Middle East,Corn,CornAEZ08,CornAEZ08,1990,CO_AWB,0.0012136473178101
Middle East,Corn,CornAEZ09,CornAEZ09,1990,CO_AWB,0.000431894103942593
Middle East,Corn,CornAEZ10,CornAEZ10,1990,CO_AWB,8.68020272389198e-05
Middle East,FiberCrop,FiberCropAEZ01,FiberCropAEZ01,1990,CO_AWB,6.1934351278201e-05
Middle East,FiberCrop,FiberCropAEZ02,FiberCropAEZ02,1990,CO_AWB,7.13885045885807e-06
Middle East,FiberCrop,FiberCropAEZ03,FiberCropAEZ03,1990,CO_AWB,4.25107188117972e-05
Middle East,FiberCrop,FiberCropAEZ07,FiberCropAEZ07,1990,CO_AWB,0.000877641434276644
Middle East,FiberCrop,FiberCropAEZ08,FiberCropAEZ08,1990,CO_AWB,0.00111033181315715
Middle East,FiberCrop,FiberCropAEZ09,FiberCropAEZ09,1990,CO_AWB,0.00132514942171334
Middle East,FiberCrop,FiberCropAEZ10,FiberCropAEZ10,1990,CO_AWB,0.000675579972127089
Middle East,FodderGrass,FodderGrassAEZ01,FodderGrassAEZ01,1990,CO_AWB,0.00302018621821467
Middle East,FodderGrass,FodderGrassAEZ02,FodderGrassAEZ02,1990,CO_AWB,0.000107619881270525
Middle East,FodderGrass,FodderGrassAEZ03,FodderGrassAEZ03,1990,CO_AWB,0.000645527947738257
Middle East,FodderGrass,FodderGrassAEZ07,FodderGrassAEZ07,1990,CO_AWB,0.00271774124887054
Middle East,FodderGrass,FodderGrassAEZ08,FodderGrassAEZ08,1990,CO_AWB,0.00484804674769388
Middle East,FodderGrass,FodderGrassAEZ09,FodderGrassAEZ09,1990,CO_AWB,0.00299028202454794
Middle East,FodderGrass,FodderGrassAEZ10,FodderGrassAEZ10,1990,CO_AWB,0.000189698822568493
Middle East,FodderHerb,FodderHerbAEZ01,FodderHerbAEZ01,1990,CO_AWB,0.0141531637252544
Middle East,FodderHerb,FodderHerbAEZ02,FodderHerbAEZ02,1990,CO_AWB,2.65481336101099e-06
Middle East,FodderHerb,FodderHerbAEZ03,FodderHerbAEZ03,1990,CO_AWB,1.7601662252471e-05
Middle East,FodderHerb,FodderHerbAEZ07,FodderHerbAEZ07,1990,CO_AWB,0.0191640282377248
Middle East,FodderHerb,FodderHerbAEZ08,FodderHerbAEZ08,1990,CO_AWB,0.0332066135769989
Middle East,FodderHerb,FodderHerbAEZ09,FodderHerbAEZ09,1990,CO_AWB,0.00642666232998943
Middle East,FodderHerb,FodderHerbAEZ10,FodderHerbAEZ10,1990,CO_AWB,0.000421353834047981
Middle East,MiscCrop,MiscCropAEZ01,MiscCropAEZ01,1990,CO_AWB,0.0176749328109116
Middle East,MiscCrop,MiscCropAEZ02,MiscCropAEZ02,1990,CO_AWB,0.000196646757969152
Middle East,MiscCrop,MiscCropAEZ03,MiscCropAEZ03,1990,CO_AWB,0.00145435539643275
Middle East,MiscCrop,MiscCropAEZ07,MiscCropAEZ07,1990,CO_AWB,0.0301817403992663
Middle East,MiscCrop,MiscCropAEZ08,MiscCropAEZ08,1990,CO_AWB,0.056370417506177
Middle East,MiscCrop,MiscCropAEZ09,MiscCropAEZ09,1990,CO_AWB,0.0206099501373491
Middle East,MiscCrop,MiscCropAEZ10,MiscCropAEZ10,1990,CO_AWB,0.0084281539334086
Middle East,OilCrop,OilCropAEZ01,OilCropAEZ01,1990,CO_AWB,6.22983391390742e-05
Middle East,OilCrop,OilCropAEZ02,OilCropAEZ02,1990,CO_AWB,1.36916337202622e-05
Middle East,OilCrop,OilCropAEZ03,OilCropAEZ03,1990,CO_AWB,7.74491017917417e-05
Middle East,OilCrop,OilCropAEZ07,OilCropAEZ07,1990,CO_AWB,0.000308809597426554
Middle East,OilCrop,OilCropAEZ08,OilCropAEZ08,1990,CO_AWB,0.00105242837101498
Middle East,OilCrop,OilCropAEZ09,OilCropAEZ09,1990,CO_AWB,0.00105170864653194
Middle East,OilCrop,OilCropAEZ10,OilCropAEZ10,1990,CO_AWB,0.000762955746222509
Middle East,OtherGrain,OtherGrainAEZ01,OtherGrainAEZ01,1990,CO_AWB,0.00363614073621724
Middle East,OtherGrain,OtherGrainAEZ02,OtherGrainAEZ02,1990,CO_AWB,6.0557217365101e-06
Middle East,OtherGrain,OtherGrainAEZ03,OtherGrainAEZ03,1990,CO_AWB,1.11661898283484e-05
Middle East,OtherGrain,OtherGrainAEZ07,OtherGrainAEZ07,1990,CO_AWB,0.00586328638968678
Middle East,OtherGrain,OtherGrainAEZ08,OtherGrainAEZ08,1990,CO_AWB,0.0118013209982298
Middle East,OtherGrain,OtherGrainAEZ09,OtherGrainAEZ09,1990,CO_AWB,0.00375057741132862
Middle East,OtherGrain,OtherGrainAEZ10,OtherGrainAEZ10,1990,CO_AWB,0.00153973890783236
Middle East,PalmFruit,PalmFruitAEZ01,PalmFruitAEZ01,1990,CO_AWB,0
Middle East,PalmFruit,PalmFruitAEZ02,PalmFruitAEZ02,1990,CO_AWB,0
Middle East,PalmFruit,PalmFruitAEZ03,PalmFruitAEZ03,1990,CO_AWB,0
Middle East,PalmFruit,PalmFruitAEZ07,PalmFruitAEZ07,1990,CO_AWB,0
Middle East,PalmFruit,PalmFruitAEZ08,PalmFruitAEZ08,1990,CO_AWB,0
Middle East,PalmFruit,PalmFruitAEZ09,PalmFruitAEZ09,1990,CO_AWB,0
Middle East,PalmFruit,PalmFruitAEZ10,PalmFruitAEZ10,1990,CO_AWB,0
Middle East,Rice,RiceAEZ01,RiceAEZ01,1990,CO_AWB,2.57393361361915e-06
Middle East,Rice,RiceAEZ02,RiceAEZ02,1990,CO_AWB,0
Middle East,Rice,RiceAEZ03,RiceAEZ03,1990,CO_AWB,0
Middle East,Rice,RiceAEZ07,RiceAEZ07,1990,CO_AWB,0.00422810832399334
Middle East,Rice,RiceAEZ08,RiceAEZ08,1990,CO_AWB,0.0041773783119483
Middle East,Rice,RiceAEZ09,RiceAEZ09,1990,CO_AWB,0.000163575634371814
Middle East,Rice,RiceAEZ10,RiceAEZ10,1990,CO_AWB,0
Middle East,Root_Tuber,Root_TuberAEZ01,Root_TuberAEZ01,1990,CO_AWB,0.000635320697304326
Middle East,Root_Tuber,Root_TuberAEZ02,Root_TuberAEZ02,1990,CO_AWB,2.16564269615006e-05
Middle East,Root_Tuber,Root_TuberAEZ03,Root_TuberAEZ03,1990,CO_AWB,0.000124215919726183
Middle East,Root_Tuber,Root_TuberAEZ07,Root_TuberAEZ07,1990,CO_AWB,0.00408465891015888
Middle East,Root_Tuber,Root_TuberAEZ08,Root_TuberAEZ08,1990,CO_AWB,0.0065239062580806
Middle East,Root_Tuber,Root_TuberAEZ09,Root_TuberAEZ09,1990,CO_AWB,0.00193522774620614
Middle East,Root_Tuber,Root_TuberAEZ10,Root_TuberAEZ10,1990,CO_AWB,0.000724488054775571
Middle East,SugarCrop,SugarCropAEZ01,SugarCropAEZ01,1990,CO_AWB,5.19250260590107e-05
Middle East,SugarCrop,SugarCropAEZ02,SugarCropAEZ02,1990,CO_AWB,0
Middle East,SugarCrop,SugarCropAEZ03,SugarCropAEZ03,1990,CO_AWB,0
Middle East,SugarCrop,SugarCropAEZ07,SugarCropAEZ07,1990,CO_AWB,0.00771817765216797
Middle East,SugarCrop,SugarCropAEZ08,SugarCropAEZ08,1990,CO_AWB,0.0144730022869088
Middle East,SugarCrop,SugarCropAEZ09,SugarCropAEZ09,1990,CO_AWB,0.00280299510772546
Middle East,SugarCrop,SugarCropAEZ10,SugarCropAEZ10,1990,CO_AWB,0.00153796691277684
Middle East,Wheat,WheatAEZ01,WheatAEZ01,1990,CO_AWB,0.00152401147748339
Middle East,Wheat,WheatAEZ02,WheatAEZ02,1990,CO_AWB,4.12991186275378e-06
Middle East,Wheat,WheatAEZ03,WheatAEZ03,1990,CO_AWB,5.68920025803415e-05
Middle East,Wheat,WheatAEZ07,WheatAEZ07,1990,CO_AWB,0.0170137357291075
Middle East,Wheat,WheatAEZ08,WheatAEZ08,1990,CO_AWB,0.028187733798494
Middle East,Wheat,WheatAEZ09,WheatAEZ09,1990,CO_AWB,0.00871885003855347
Middle East,Wheat,WheatAEZ10,WheatAEZ10,1990,CO_AWB,0.00454960887008278
Middle East,Corn,CornAEZ01,CornAEZ01,1990,N2O_AWB,5.25427729736609e-08
Middle East,Corn,CornAEZ02,CornAEZ02,1990,N2O_AWB,2.40475336830007e-09
Middle East,Corn,CornAEZ03,CornAEZ03,1990,N2O_AWB,8.31507857741769e-09
Middle East,Corn,CornAEZ07,CornAEZ07,1990,N2O_AWB,4.06957355557961e-07
Middle East,Corn,CornAEZ08,CornAEZ08,1990,N2O_AWB,7.38508645748473e-07
Middle East,Corn,CornAEZ09,CornAEZ09,1990,N2O_AWB,2.62809075691709e-07
Middle East,Corn,CornAEZ10,CornAEZ10,1990,N2O_AWB,5.28193377464103e-08
Middle East,FiberCrop,FiberCropAEZ01,FiberCropAEZ01,1990,N2O_AWB,3.76872697830419e-08
Middle East,FiberCrop,FiberCropAEZ02,FiberCropAEZ02,1990,N2O_AWB,4.3440155201637e-09
Middle East,FiberCrop,FiberCropAEZ03,FiberCropAEZ03,1990,N2O_AWB,2.58679213629727e-08
Middle East,FiberCrop,FiberCropAEZ07,FiberCropAEZ07,1990,N2O_AWB,5.34047888187074e-07
Middle East,FiberCrop,FiberCropAEZ08,FiberCropAEZ08,1990,N2O_AWB,6.75640799129124e-07
Middle East,FiberCrop,FiberCropAEZ09,FiberCropAEZ09,1990,N2O_AWB,8.06358066699094e-07
Middle East,FiberCrop,FiberCropAEZ10,FiberCropAEZ10,1990,N2O_AWB,4.11092780405611e-07
Middle East,FodderGrass,FodderGrassAEZ01,FodderGrassAEZ01,1990,N2O_AWB,1.83779389711543e-06
Middle East,FodderGrass,FodderGrassAEZ02,FodderGrassAEZ02,1990,N2O_AWB,6.54870748745336e-08
Middle East,FodderGrass,FodderGrassAEZ03,FodderGrassAEZ03,1990,N2O_AWB,3.92806018256751e-07
Middle East,FodderGrass,FodderGrassAEZ07,FodderGrassAEZ07,1990,N2O_AWB,1.65375507344234e-06
Middle East,FodderGrass,FodderGrassAEZ08,FodderGrassAEZ08,1990,N2O_AWB,2.95005343448953e-06
Middle East,FodderGrass,FodderGrassAEZ09,FodderGrassAEZ09,1990,N2O_AWB,1.819597090479e-06
Middle East,FodderGrass,FodderGrassAEZ10,FodderGrassAEZ10,1990,N2O_AWB,1.15432398275244e-07
Middle East,FodderHerb,FodderHerbAEZ01,FodderHerbAEZ01,1990,N2O_AWB,8.61224972231141e-06
Middle East,FodderHerb,FodderHerbAEZ02,FodderHerbAEZ02,1990,N2O_AWB,1.615463233168e-09
Middle East,FodderHerb,FodderHerbAEZ03,FodderHerbAEZ03,1990,N2O_AWB,1.07106731603458e-08
Middle East,FodderHerb,FodderHerbAEZ07,FodderHerbAEZ07,1990,N2O_AWB,1.16613783372132e-05
Middle East,FodderHerb,FodderHerbAEZ08,FodderHerbAEZ08,1990,N2O_AWB,2.0206340724167e-05
Middle East,FodderHerb,FodderHerbAEZ09,FodderHerbAEZ09,1990,N2O_AWB,3.91064654809862e-06
Middle East,FodderHerb,FodderHerbAEZ10,FodderHerbAEZ10,1990,N2O_AWB,2.5639528452564e-07
Middle East,MiscCrop,MiscCropAEZ01,MiscCropAEZ01,1990,N2O_AWB,1.07552585519115e-05
Middle East,MiscCrop,MiscCropAEZ02,MiscCropAEZ02,1990,N2O_AWB,1.1966024131349e-07
Middle East,MiscCrop,MiscCropAEZ03,MiscCropAEZ03,1990,N2O_AWB,8.84980355079223e-07
Middle East,MiscCrop,MiscCropAEZ07,MiscCropAEZ07,1990,N2O_AWB,1.83656947957609e-05
Middle East,MiscCrop,MiscCropAEZ08,MiscCropAEZ08,1990,N2O_AWB,3.43015965856372e-05
Middle East,MiscCrop,MiscCropAEZ09,MiscCropAEZ09,1990,N2O_AWB,1.25412268799318e-05
Middle East,MiscCrop,MiscCropAEZ10,MiscCropAEZ10,1990,N2O_AWB,5.12856120240291e-06
Middle East,OilCrop,OilCropAEZ01,OilCropAEZ01,1990,N2O_AWB,3.79087576718689e-08
Middle East,OilCrop,OilCropAEZ02,OilCropAEZ02,1990,N2O_AWB,8.33140709698093e-09
Middle East,OilCrop,OilCropAEZ03,OilCropAEZ03,1990,N2O_AWB,4.71280498372958e-08
Middle East,OilCrop,OilCropAEZ07,OilCropAEZ07,1990,N2O_AWB,1.87911722164165e-07
Middle East,OilCrop,OilCropAEZ08,OilCropAEZ08,1990,N2O_AWB,6.4040635168046e-07
Middle East,OilCrop,OilCropAEZ09,OilCropAEZ09,1990,N2O_AWB,6.39968396810476e-07
Middle East,OilCrop,OilCropAEZ10,OilCropAEZ10,1990,N2O_AWB,4.64261245124725e-07
Middle East,OtherGrain,OtherGrainAEZ01,OtherGrainAEZ01,1990,N2O_AWB,2.21260437974685e-06
Middle East,OtherGrain,OtherGrainAEZ02,OtherGrainAEZ02,1990,N2O_AWB,3.684927897117e-09
Middle East,OtherGrain,OtherGrainAEZ03,OtherGrainAEZ03,1990,N2O_AWB,6.79466563909487e-09
Middle East,OtherGrain,OtherGrainAEZ07,OtherGrainAEZ07,1990,N2O_AWB,3.56783031424337e-06
Middle East,OtherGrain,OtherGrainAEZ08,OtherGrainAEZ08,1990,N2O_AWB,7.18114518159335e-06
Middle East,OtherGrain,OtherGrainAEZ09,OtherGrainAEZ09,1990,N2O_AWB,2.28223949756094e-06
Middle East,OtherGrain,OtherGrainAEZ10,OtherGrainAEZ10,1990,N2O_AWB,9.36936520966658e-07
Middle East,PalmFruit,PalmFruitAEZ01,PalmFruitAEZ01,1990,N2O_AWB,0
Middle East,PalmFruit,PalmFruitAEZ02,PalmFruitAEZ02,1990,N2O_AWB,0
Middle East,PalmFruit,PalmFruitAEZ03,PalmFruitAEZ03,1990,N2O_AWB,0
Middle East,PalmFruit,PalmFruitAEZ07,PalmFruitAEZ07,1990,N2O_AWB,0
Middle East,PalmFruit,PalmFruitAEZ08,PalmFruitAEZ08,1990,N2O_AWB,0
Middle East,PalmFruit,PalmFruitAEZ09,PalmFruitAEZ09,1990,N2O_AWB,0
Middle East,PalmFruit,PalmFruitAEZ10,PalmFruitAEZ10,1990,N2O_AWB,0
Middle East,Rice,RiceAEZ01,RiceAEZ01,1990,N2O_AWB,1.56624762346138e-09
Middle East,Rice,RiceAEZ02,RiceAEZ02,1990,N2O_AWB,0
Middle East,Rice,RiceAEZ03,RiceAEZ03,1990,N2O_AWB,0
Middle East,Rice,RiceAEZ07,RiceAEZ07,1990,N2O_AWB,2.5728187312805e-06
Middle East,Rice,RiceAEZ08,RiceAEZ08,1990,N2O_AWB,2.54194934118307e-06
Middle East,Rice,RiceAEZ09,RiceAEZ09,1990,N2O_AWB,9.95363467167301e-08
Middle East,Rice,RiceAEZ10,RiceAEZ10,1990,N2O_AWB,0
Middle East,Root_Tuber,Root_TuberAEZ01,Root_TuberAEZ01,1990,N2O_AWB,3.86594870599472e-07
Middle East,Root_Tuber,Root_TuberAEZ02,Root_TuberAEZ02,1990,N2O_AWB,1.31780116944905e-08
Middle East,Root_Tuber,Root_TuberAEZ03,Root_TuberAEZ03,1990,N2O_AWB,7.55858224306131e-08
Middle East,Root_Tuber,Root_TuberAEZ07,Root_TuberAEZ07,1990,N2O_AWB,2.48552926028702e-06
Middle East,Root_Tuber,Root_TuberAEZ08,Root_TuberAEZ08,1990,N2O_AWB,3.96981981910412e-06
Middle East,Root_Tuber,Root_TuberAEZ09,Root_TuberAEZ09,1990,N2O_AWB,1.17759286498847e-06
Middle East,Root_Tuber,Root_TuberAEZ10,Root_TuberAEZ10,1990,N2O_AWB,4.40853520080839e-07
Middle East,SugarCrop,SugarCropAEZ01,SugarCropAEZ01,1990,N2O_AWB,3.15965603125028e-08
Middle East,SugarCrop,SugarCropAEZ02,SugarCropAEZ02,1990,N2O_AWB,0
Middle East,SugarCrop,SugarCropAEZ03,SugarCropAEZ03,1990,N2O_AWB,0
Middle East,SugarCrop,SugarCropAEZ07,SugarCropAEZ07,1990,N2O_AWB,4.69653814737022e-06
Middle East,SugarCrop,SugarCropAEZ08,SugarCropAEZ08,1990,N2O_AWB,8.80687260785591e-06
Middle East,SugarCrop,SugarCropAEZ09,SugarCropAEZ09,1990,N2O_AWB,1.705632345302e-06
Middle East,SugarCrop,SugarCropAEZ10,SugarCropAEZ10,1990,N2O_AWB,9.35858255765946e-07
Middle East,Wheat,WheatAEZ01,WheatAEZ01,1990,N2O_AWB,9.27366324487269e-07
Middle East,Wheat,WheatAEZ02,WheatAEZ02,1990,N2O_AWB,2.51306584051634e-09
Middle East,Wheat,WheatAEZ03,WheatAEZ03,1990,N2O_AWB,3.46189829310039e-08
Middle East,Wheat,WheatAEZ07,WheatAEZ07,1990,N2O_AWB,1.0352917810668e-05
Middle East,Wheat,WheatAEZ08,WheatAEZ08,1990,N2O_AWB,1.71523347917962e-05
Middle East,Wheat,WheatAEZ09,WheatAEZ09,1990,N2O_AWB,5.3054508010404e-06
Middle East,Wheat,WheatAEZ10,WheatAEZ10,1990,N2O_AWB,2.76845294017763e-06
Middle East,Corn,CornAEZ01,CornAEZ01,1990,NH3_AWB,9.76869680090405e-07
Middle East,Corn,CornAEZ02,CornAEZ02,1990,NH3_AWB,4.47089203831173e-08
Middle East,Corn,CornAEZ03,CornAEZ03,1990,NH3_AWB,1.54593061807386e-07
Middle East,Corn,CornAEZ07,CornAEZ07,1990,NH3_AWB,7.56610812934496e-06
Middle East,Corn,CornAEZ08,CornAEZ08,1990,NH3_AWB,1.37302746636146e-05
Middle East,Corn,CornAEZ09,CornAEZ09,1990,NH3_AWB,4.88611855001469e-06
Middle East,Corn,CornAEZ10,CornAEZ10,1990,NH3_AWB,9.82011543105807e-07
Middle East,FiberCrop,FiberCropAEZ01,FiberCropAEZ01,1990,NH3_AWB,7.00677735354701e-07
Middle East,FiberCrop,FiberCropAEZ02,FiberCropAEZ02,1990,NH3_AWB,8.07634772838752e-08
Middle East,FiberCrop,FiberCropAEZ03,FiberCropAEZ03,1990,NH3_AWB,4.80933659118415e-07
Middle East,FiberCrop,FiberCropAEZ07,FiberCropAEZ07,1990,NH3_AWB,9.92896187545685e-06
Middle East,FiberCrop,FiberCropAEZ08,FiberCropAEZ08,1990,NH3_AWB,1.25614423059124e-05
Middle East,FiberCrop,FiberCropAEZ09,FiberCropAEZ09,1990,NH3_AWB,1.49917239246115e-05
Middle East,FiberCrop,FiberCropAEZ10,FiberCropAEZ10,1990,NH3_AWB,7.64299351089853e-06
Middle East,FodderGrass,FodderGrassAEZ01,FodderGrassAEZ01,1990,NH3_AWB,3.41680698361164e-05
Middle East,FodderGrass,FodderGrassAEZ02,FodderGrassAEZ02,1990,NH3_AWB,1.21752877250713e-06
Middle East,FodderGrass,FodderGrassAEZ03,FodderGrassAEZ03,1990,NH3_AWB,7.30300796237786e-06
Middle East,FodderGrass,FodderGrassAEZ07,FodderGrassAEZ07,1990,NH3_AWB,3.074643948372e-05
Middle East,FodderGrass,FodderGrassAEZ08,FodderGrassAEZ08,1990,NH3_AWB,5.48470815623684e-05
Middle East,FodderGrass,FodderGrassAEZ09,FodderGrassAEZ09,1990,NH3_AWB,3.38297567309722e-05
Middle East,FodderGrass,FodderGrassAEZ10,FodderGrassAEZ10,1990,NH3_AWB,2.14610694475019e-06
Middle East,FodderHerb,FodderHerbAEZ01,FodderHerbAEZ01,1990,NH3_AWB,0.000160118036315106
Middle East,FodderHerb,FodderHerbAEZ02,FodderHerbAEZ02,1990,NH3_AWB,3.00345216377087e-08
Middle East,FodderHerb,FodderHerbAEZ03,FodderHerbAEZ03,1990,NH3_AWB,1.99131703021173e-07
Middle East,FodderHerb,FodderHerbAEZ07,FodderHerbAEZ07,1990,NH3_AWB,0.000216807113157069
Middle East,FodderHerb,FodderHerbAEZ08,FodderHerbAEZ08,1990,NH3_AWB,0.000375674150447097
Middle East,FodderHerb,FodderHerbAEZ09,FodderHerbAEZ09,1990,NH3_AWB,7.27063271727734e-05
Middle East,FodderHerb,FodderHerbAEZ10,FodderHerbAEZ10,1990,NH3_AWB,4.76687402274726e-06
Middle East,MiscCrop,MiscCropAEZ01,MiscCropAEZ01,1990,NH3_AWB,0.000199960629907413
Middle East,MiscCrop,MiscCropAEZ02,MiscCropAEZ02,1990,NH3_AWB,2.22471055553246e-06
Middle East,MiscCrop,MiscCropAEZ03,MiscCropAEZ03,1990,NH3_AWB,1.64534611979064e-05
Middle East,MiscCrop,MiscCropAEZ07,MiscCropAEZ07,1990,NH3_AWB,0.000341453055946752
Middle East,MiscCrop,MiscCropAEZ08,MiscCropAEZ08,1990,NH3_AWB,0.00063773165721571
Middle East,MiscCrop,MiscCropAEZ09,MiscCropAEZ09,1990,NH3_AWB,0.000233165164242122
Middle East,MiscCrop,MiscCropAEZ10,MiscCropAEZ10,1990,NH3_AWB,9.53496676627026e-05
Middle East,OilCrop,OilCropAEZ01,OilCropAEZ01,1990,NH3_AWB,7.04795614767171e-07
Middle East,OilCrop,OilCropAEZ02,OilCropAEZ02,1990,NH3_AWB,1.54896639916788e-07
Middle East,OilCrop,OilCropAEZ03,OilCropAEZ03,1990,NH3_AWB,8.76199720005681e-07
Middle East,OilCrop,OilCropAEZ07,OilCropAEZ07,1990,NH3_AWB,3.49363487168376e-06
Middle East,OilCrop,OilCropAEZ08,OilCropAEZ08,1990,NH3_AWB,1.19063671840761e-05
Middle East,OilCrop,OilCropAEZ09,OilCropAEZ09,1990,NH3_AWB,1.18982247734357e-05
Middle East,OilCrop,OilCropAEZ10,OilCropAEZ10,1990,NH3_AWB,8.6314959857697e-06
Middle East,OtherGrain,OtherGrainAEZ01,OtherGrainAEZ01,1990,NH3_AWB,4.11365067027093e-05
Middle East,OtherGrain,OtherGrainAEZ02,OtherGrainAEZ02,1990,NH3_AWB,6.85097898776179e-08
Middle East,OtherGrain,OtherGrainAEZ03,OtherGrainAEZ03,1990,NH3_AWB,1.26325705202334e-07
Middle East,OtherGrain,OtherGrainAEZ07,OtherGrainAEZ07,1990,NH3_AWB,6.63327239968647e-05
Middle East,OtherGrain,OtherGrainAEZ08,OtherGrainAEZ08,1990,NH3_AWB,0.000133511091996275
Middle East,OtherGrain,OtherGrainAEZ09,OtherGrainAEZ09,1990,NH3_AWB,4.24311554510007e-05
Middle East,OtherGrain,OtherGrainAEZ10,OtherGrainAEZ10,1990,NH3_AWB,1.74194247410682e-05
Middle East,PalmFruit,PalmFruitAEZ01,PalmFruitAEZ01,1990,NH3_AWB,0
Middle East,PalmFruit,PalmFruitAEZ02,PalmFruitAEZ02,1990,NH3_AWB,0
Middle East,PalmFruit,PalmFruitAEZ03,PalmFruitAEZ03,1990,NH3_AWB,0
Middle East,PalmFruit,PalmFruitAEZ07,PalmFruitAEZ07,1990,NH3_AWB,0
Middle East,PalmFruit,PalmFruitAEZ08,PalmFruitAEZ08,1990,NH3_AWB,0
Middle East,PalmFruit,PalmFruitAEZ09,PalmFruitAEZ09,1990,NH3_AWB,0
Middle East,PalmFruit,PalmFruitAEZ10,PalmFruitAEZ10,1990,NH3_AWB,0
Middle East,Rice,RiceAEZ01,RiceAEZ01,1990,NH3_AWB,2.91195102253179e-08
Middle East,Rice,RiceAEZ02,RiceAEZ02,1990,NH3_AWB,0
Middle East,Rice,RiceAEZ03,RiceAEZ03,1990,NH3_AWB,0
Middle East,Rice,RiceAEZ07,RiceAEZ07,1990,NH3_AWB,4.78335738430949e-05
Middle East,Rice,RiceAEZ08,RiceAEZ08,1990,NH3_AWB,4.72596534060411e-05
Middle East,Rice,RiceAEZ09,RiceAEZ09,1990,NH3_AWB,1.85056923476959e-06
Middle East,Rice,RiceAEZ10,RiceAEZ10,1990,NH3_AWB,0
Middle East,Root_Tuber,Root_TuberAEZ01,Root_TuberAEZ01,1990,NH3_AWB,7.18753096180157e-06
Middle East,Root_Tuber,Root_TuberAEZ02,Root_TuberAEZ02,1990,NH3_AWB,2.45004200190914e-07
Middle East,Root_Tuber,Root_TuberAEZ03,Root_TuberAEZ03,1990,NH3_AWB,1.40528361938905e-06
Middle East,Root_Tuber,Root_TuberAEZ07,Root_TuberAEZ07,1990,NH3_AWB,4.62106972269824e-05
Middle East,Root_Tuber,Root_TuberAEZ08,Root_TuberAEZ08,1990,NH3_AWB,7.38064703712684e-05
Middle East,Root_Tuber,Root_TuberAEZ09,Root_TuberAEZ09,1990,NH3_AWB,2.18936820459531e-05
Middle East,Root_Tuber,Root_TuberAEZ10,Root_TuberAEZ10,1990,NH3_AWB,8.19630203651378e-06
Middle East,SugarCrop,SugarCropAEZ01,SugarCropAEZ01,1990,NH3_AWB,5.87439908813044e-07
Middle East,SugarCrop,SugarCropAEZ02,SugarCropAEZ02,1990,NH3_AWB,0
Middle East,SugarCrop,SugarCropAEZ03,SugarCropAEZ03,1990,NH3_AWB,0
Middle East,SugarCrop,SugarCropAEZ07,SugarCropAEZ07,1990,NH3_AWB,8.73175406987712e-05
Middle East,SugarCrop,SugarCropAEZ08,SugarCropAEZ08,1990,NH3_AWB,0.000163736444426826
Middle East,SugarCrop,SugarCropAEZ09,SugarCropAEZ09,1990,NH3_AWB,3.17109362374584e-05
Middle East,SugarCrop,SugarCropAEZ10,SugarCropAEZ10,1990,NH3_AWB,1.73993777484551e-05
Middle East,Wheat,WheatAEZ01,WheatAEZ01,1990,NH3_AWB,1.72414966599235e-05
Middle East,Wheat,WheatAEZ02,WheatAEZ02,1990,NH3_AWB,4.67226544153267e-08
Middle East,Wheat,WheatAEZ03,WheatAEZ03,1990,NH3_AWB,6.43632470593391e-07
Middle East,Wheat,WheatAEZ07,WheatAEZ07,1990,NH3_AWB,0.000192480353383314
Middle East,Wheat,WheatAEZ08,WheatAEZ08,1990,NH3_AWB,0.0003188943950344
Middle East,Wheat,WheatAEZ09,WheatAEZ09,1990,NH3_AWB,9.86383803790822e-05
Middle East,Wheat,WheatAEZ10,WheatAEZ10,1990,NH3_AWB,5.14707843716653e-05
Middle East,Corn,CornAEZ01,CornAEZ01,1990,NMVOC_AWB,5.25427729736609e-06
Middle East,Corn,CornAEZ02,CornAEZ02,1990,NMVOC_AWB,2.40475336830007e-07
Middle East,Corn,CornAEZ03,CornAEZ03,1990,NMVOC_AWB,8.31507857741769e-07
Middle East,Corn,CornAEZ07,CornAEZ07,1990,NMVOC_AWB,4.06957355557961e-05
Middle East,Corn,CornAEZ08,CornAEZ08,1990,NMVOC_AWB,7.38508645748473e-05
Middle East,Corn,CornAEZ09,CornAEZ09,1990,NMVOC_AWB,2.62809075691709e-05
Middle East,Corn,CornAEZ10,CornAEZ10,1990,NMVOC_AWB,5.28193377464103e-06
Middle East,FiberCrop,FiberCropAEZ01,FiberCropAEZ01,1990,NMVOC_AWB,3.76872697830419e-06
Middle East,FiberCrop,FiberCropAEZ02,FiberCropAEZ02,1990,NMVOC_AWB,4.3440155201637e-07
Middle East,FiberCrop,FiberCropAEZ03,FiberCropAEZ03,1990,NMVOC_AWB,2.58679213629727e-06
Middle East,FiberCrop,FiberCropAEZ07,FiberCropAEZ07,1990,NMVOC_AWB,5.34047888187074e-05
Middle East,FiberCrop,FiberCropAEZ08,FiberCropAEZ08,1990,NMVOC_AWB,6.75640799129124e-05
Middle East,FiberCrop,FiberCropAEZ09,FiberCropAEZ09,1990,NMVOC_AWB,8.06358066699094e-05
Middle East,FiberCrop,FiberCropAEZ10,FiberCropAEZ10,1990,NMVOC_AWB,4.11092780405611e-05
Middle East,FodderGrass,FodderGrassAEZ01,FodderGrassAEZ01,1990,NMVOC_AWB,0.000183779389711543
Middle East,FodderGrass,FodderGrassAEZ02,FodderGrassAEZ02,1990,NMVOC_AWB,6.54870748745336e-06
Middle East,FodderGrass,FodderGrassAEZ03,FodderGrassAEZ03,1990,NMVOC_AWB,3.92806018256751e-05
Middle East,FodderGrass,FodderGrassAEZ07,FodderGrassAEZ07,1990,NMVOC_AWB,0.000165375507344234
Middle East,FodderGrass,FodderGrassAEZ08,FodderGrassAEZ08,1990,NMVOC_AWB,0.000295005343448953
Middle East,FodderGrass,FodderGrassAEZ09,FodderGrassAEZ09,1990,NMVOC_AWB,0.0001819597090479
Middle East,FodderGrass,FodderGrassAEZ10,FodderGrassAEZ10,1990,NMVOC_AWB,1.15432398275244e-05
Middle East,FodderHerb,FodderHerbAEZ01,FodderHerbAEZ01,1990,NMVOC_AWB,0.000861224972231141
Middle East,FodderHerb,FodderHerbAEZ02,FodderHerbAEZ02,1990,NMVOC_AWB,1.615463233168e-07
Middle East,FodderHerb,FodderHerbAEZ03,FodderHerbAEZ03,1990,NMVOC_AWB,1.07106731603458e-06
Middle East,FodderHerb,FodderHerbAEZ07,FodderHerbAEZ07,1990,NMVOC_AWB,0.00116613783372132
Middle East,FodderHerb,FodderHerbAEZ08,FodderHerbAEZ08,1990,NMVOC_AWB,0.0020206340724167
Middle East,FodderHerb,FodderHerbAEZ09,FodderHerbAEZ09,1990,NMVOC_AWB,0.000391064654809862
Middle East,FodderHerb,FodderHerbAEZ10,FodderHerbAEZ10,1990,NMVOC_AWB,2.5639528452564e-05
Middle East,MiscCrop,MiscCropAEZ01,MiscCropAEZ01,1990,NMVOC_AWB,0.00107552585519115
Middle East,MiscCrop,MiscCropAEZ02,MiscCropAEZ02,1990,NMVOC_AWB,1.1966024131349e-05
Middle East,MiscCrop,MiscCropAEZ03,MiscCropAEZ03,1990,NMVOC_AWB,8.84980355079223e-05
Middle East,MiscCrop,MiscCropAEZ07,MiscCropAEZ07,1990,NMVOC_AWB,0.00183656947957609
Middle East,MiscCrop,MiscCropAEZ08,MiscCropAEZ08,1990,NMVOC_AWB,0.00343015965856372
Middle East,MiscCrop,MiscCropAEZ09,MiscCropAEZ09,1990,NMVOC_AWB,0.00125412268799318
Middle East,MiscCrop,MiscCropAEZ10,MiscCropAEZ10,1990,NMVOC_AWB,0.000512856120240291
Middle East,OilCrop,OilCropAEZ01,OilCropAEZ01,1990,NMVOC_AWB,3.79087576718689e-06
Middle East,OilCrop,OilCropAEZ02,OilCropAEZ02,1990,NMVOC_AWB,8.33140709698093e-07
Middle East,OilCrop,OilCropAEZ03,OilCropAEZ03,1990,NMVOC_AWB,4.71280498372957e-06
Middle East,OilCrop,OilCropAEZ07,OilCropAEZ07,1990,NMVOC_AWB,1.87911722164165e-05
Middle East,OilCrop,OilCropAEZ08,OilCropAEZ08,1990,NMVOC_AWB,6.40406351680461e-05
Middle East,OilCrop,OilCropAEZ09,OilCropAEZ09,1990,NMVOC_AWB,6.39968396810476e-05
Middle East,OilCrop,OilCropAEZ10,OilCropAEZ10,1990,NMVOC_AWB,4.64261245124725e-05
Middle East,OtherGrain,OtherGrainAEZ01,OtherGrainAEZ01,1990,NMVOC_AWB,0.000221260437974685
Middle East,OtherGrain,OtherGrainAEZ02,OtherGrainAEZ02,1990,NMVOC_AWB,3.684927897117e-07
Middle East,OtherGrain,OtherGrainAEZ03,OtherGrainAEZ03,1990,NMVOC_AWB,6.79466563909487e-07
Middle East,OtherGrain,OtherGrainAEZ07,OtherGrainAEZ07,1990,NMVOC_AWB,0.000356783031424337
Middle East,OtherGrain,OtherGrainAEZ08,OtherGrainAEZ08,1990,NMVOC_AWB,0.000718114518159335
Middle East,OtherGrain,OtherGrainAEZ09,OtherGrainAEZ09,1990,NMVOC_AWB,0.000228223949756094
Middle East,OtherGrain,OtherGrainAEZ10,OtherGrainAEZ10,1990,NMVOC_AWB,9.36936520966658e-05
Middle East,PalmFruit,PalmFruitAEZ01,PalmFruitAEZ01,1990,NMVOC_AWB,0
Middle East,PalmFruit,PalmFruitAEZ02,PalmFruitAEZ02,1990,NMVOC_AWB,0
Middle East,PalmFruit,PalmFruitAEZ03,PalmFruitAEZ03,1990,NMVOC_AWB,0
Middle East,PalmFruit,PalmFruitAEZ07,PalmFruitAEZ07,1990,NMVOC_AWB,0
Middle East,PalmFruit,PalmFruitAEZ08,PalmFruitAEZ08,1990,NMVOC_AWB,0
Middle East,PalmFruit,PalmFruitAEZ09,PalmFruitAEZ09,1990,NMVOC_AWB,0
Middle East,PalmFruit,PalmFruitAEZ10,PalmFruitAEZ10,1990,NMVOC_AWB,0
Middle East,Rice,RiceAEZ01,RiceAEZ01,1990,NMVOC_AWB,1.56624762346138e-07
Middle East,Rice,RiceAEZ02,RiceAEZ02,1990,NMVOC_AWB,0
Middle East,Rice,RiceAEZ03,RiceAEZ03,1990,NMVOC_AWB,0
Middle East,Rice,RiceAEZ07,RiceAEZ07,1990,NMVOC_AWB,0.00025728187312805
Middle East,Rice,RiceAEZ08,RiceAEZ08,1990,NMVOC_AWB,0.000254194934118307
Middle East,Rice,RiceAEZ09,RiceAEZ09,1990,NMVOC_AWB,9.95363467167301e-06
Middle East,Rice,RiceAEZ10,RiceAEZ10,1990,NMVOC_AWB,0
Middle East,Root_Tuber,Root_TuberAEZ01,Root_TuberAEZ01,1990,NMVOC_AWB,3.86594870599472e-05
Middle East,Root_Tuber,Root_TuberAEZ02,Root_TuberAEZ02,1990,NMVOC_AWB,1.31780116944905e-06
Middle East,Root_Tuber,Root_TuberAEZ03,Root_TuberAEZ03,1990,NMVOC_AWB,7.5585822430613e-06
Middle East,Root_Tuber,Root_TuberAEZ07,Root_TuberAEZ07,1990,NMVOC_AWB,0.000248552926028702
Middle East,Root_Tuber,Root_TuberAEZ08,Root_TuberAEZ08,1990,NMVOC_AWB,0.000396981981910412
Middle East,Root_Tuber,Root_TuberAEZ09,Root_TuberAEZ09,1990,NMVOC_AWB,0.000117759286498847
Middle East,Root_Tuber,Root_TuberAEZ10,Root_TuberAEZ10,1990,NMVOC_AWB,4.40853520080839e-05
Middle East,SugarCrop,SugarCropAEZ01,SugarCropAEZ01,1990,NMVOC_AWB,3.15965603125028e-06
Middle East,SugarCrop,SugarCropAEZ02,SugarCropAEZ02,1990,NMVOC_AWB,0
Middle East,SugarCrop,SugarCropAEZ03,SugarCropAEZ03,1990,NMVOC_AWB,0
Middle East,SugarCrop,SugarCropAEZ07,SugarCropAEZ07,1990,NMVOC_AWB,0.000469653814737022
Middle East,SugarCrop,SugarCropAEZ08,SugarCropAEZ08,1990,NMVOC_AWB,0.000880687260785591
Middle East,SugarCrop,SugarCropAEZ09,SugarCropAEZ09,1990,NMVOC_AWB,0.0001705632345302
Middle East,SugarCrop,SugarCropAEZ10,SugarCropAEZ10,1990,NMVOC_AWB,9.35858255765946e-05
Middle East,Wheat,WheatAEZ01,WheatAEZ01,1990,NMVOC_AWB,9.27366324487269e-05
Middle East,Wheat,WheatAEZ02,WheatAEZ02,1990,NMVOC_AWB,2.51306584051634e-07
Middle East,Wheat,WheatAEZ03,WheatAEZ03,1990,NMVOC_AWB,3.46189829310039e-06
Middle East,Wheat,WheatAEZ07,WheatAEZ07,1990,NMVOC_AWB,0.0010352917810668
Middle East,Wheat,WheatAEZ08,WheatAEZ08,1990,NMVOC_AWB,0.00171523347917962
Middle East,Wheat,WheatAEZ09,WheatAEZ09,1990,NMVOC_AWB,0.00053054508010404
Middle East,Wheat,WheatAEZ10,WheatAEZ10,1990,NMVOC_AWB,0.000276845294017763
Middle East,Corn,CornAEZ01,CornAEZ01,1990,NOx_AWB,2.85441719630929e-06
Middle East,Corn,CornAEZ02,CornAEZ02,1990,NOx_AWB,1.3063964802161e-07
Middle East,Corn,CornAEZ03,CornAEZ03,1990,NOx_AWB,4.51721558204437e-07
Middle East,Corn,CornAEZ07,CornAEZ07,1990,NOx_AWB,2.21081988659317e-05
Middle East,Corn,CornAEZ08,CornAEZ08,1990,NOx_AWB,4.01199186633003e-05
Middle East,Corn,CornAEZ09,CornAEZ09,1990,NOx_AWB,1.42772583658007e-05
Middle East,Corn,CornAEZ10,CornAEZ10,1990,NOx_AWB,2.86944174104782e-06
Middle East,FiberCrop,FiberCropAEZ01,FiberCropAEZ01,1990,NOx_AWB,2.04738320538561e-06
Middle East,FiberCrop,FiberCropAEZ02,FiberCropAEZ02,1990,NOx_AWB,2.35991210589619e-07
Middle East,FiberCrop,FiberCropAEZ03,FiberCropAEZ03,1990,NOx_AWB,1.40529011683985e-06
Middle East,FiberCrop,FiberCropAEZ07,FiberCropAEZ07,1990,NOx_AWB,2.9012467165713e-05
Middle East,FiberCrop,FiberCropAEZ08,FiberCropAEZ08,1990,NOx_AWB,3.67045857387293e-05
Middle East,FiberCrop,FiberCropAEZ09,FiberCropAEZ09,1990,NOx_AWB,4.38058785576927e-05
Middle East,FiberCrop,FiberCropAEZ10,FiberCropAEZ10,1990,NOx_AWB,2.23328582649531e-05
Middle East,FodderGrass,FodderGrassAEZ01,FodderGrassAEZ01,1990,NOx_AWB,9.98392396577212e-05
Middle East,FodderGrass,FodderGrassAEZ02,FodderGrassAEZ02,1990,NOx_AWB,3.55762404758439e-06
Middle East,FodderGrass,FodderGrassAEZ03,FodderGrassAEZ03,1990,NOx_AWB,2.13394191031355e-05
Middle East,FodderGrass,FodderGrassAEZ07,FodderGrassAEZ07,1990,NOx_AWB,8.98412217886538e-05
Middle East,FodderGrass,FodderGrassAEZ08,FodderGrassAEZ08,1990,NOx_AWB,0.000160263396407711
Middle East,FodderGrass,FodderGrassAEZ09,FodderGrassAEZ09,1990,NOx_AWB,9.88506873822828e-05
Middle East,FodderGrass,FodderGrassAEZ10,FodderGrassAEZ10,1990,NOx_AWB,6.27093326066463e-06
Middle East,FodderHerb,FodderHerbAEZ01,FodderHerbAEZ01,1990,NOx_AWB,0.000467865556288755
Middle East,FodderHerb,FodderHerbAEZ02,FodderHerbAEZ02,1990,NOx_AWB,8.77609949340072e-08
Middle East,FodderHerb,FodderHerbAEZ03,FodderHerbAEZ03,1990,NOx_AWB,5.81863649797573e-07
Middle East,FodderHerb,FodderHerbAEZ07,FodderHerbAEZ07,1990,NOx_AWB,0.00063351127042907
Middle East,FodderHerb,FodderHerbAEZ08,FodderHerbAEZ08,1990,NOx_AWB,0.00109772140245548
Middle East,FodderHerb,FodderHerbAEZ09,FodderHerbAEZ09,1990,NOx_AWB,0.000212448185046799
Middle East,FodderHerb,FodderHerbAEZ10,FodderHerbAEZ10,1990,NOx_AWB,1.39288253699415e-05
Middle East,MiscCrop,MiscCropAEZ01,MiscCropAEZ01,1990,NOx_AWB,0.000584285777545818
Middle East,MiscCrop,MiscCropAEZ02,MiscCropAEZ02,1990,NOx_AWB,6.50061333251225e-06
Middle East,MiscCrop,MiscCropAEZ03,MiscCropAEZ03,1990,NOx_AWB,4.80770808423138e-05
Middle East,MiscCrop,MiscCropAEZ07,MiscCropAEZ07,1990,NOx_AWB,0.00099772722451225
Middle East,MiscCrop,MiscCropAEZ08,MiscCropAEZ08,1990,NOx_AWB,0.00186345450789186
Middle East,MiscCrop,MiscCropAEZ09,MiscCropAEZ09,1990,NOx_AWB,0.000681309562531822
Middle East,MiscCrop,MiscCropAEZ10,MiscCropAEZ10,1990,NOx_AWB,0.000278612118469688
Middle East,OilCrop,OilCropAEZ01,OilCropAEZ01,1990,NOx_AWB,2.0594156658528e-06
Middle East,OilCrop,OilCropAEZ02,OilCropAEZ02,1990,NOx_AWB,4.52608614680404e-07
Middle East,OilCrop,OilCropAEZ03,OilCropAEZ03,1990,NOx_AWB,2.56025916164595e-06
Middle East,OilCrop,OilCropAEZ07,OilCropAEZ07,1990,NOx_AWB,1.02084153686058e-05
Middle East,OilCrop,OilCropAEZ08,OilCropAEZ08,1990,NOx_AWB,3.47904535563578e-05
Middle East,OilCrop,OilCropAEZ09,OilCropAEZ09,1990,NOx_AWB,3.47666613992001e-05
Middle East,OilCrop,OilCropAEZ10,OilCropAEZ10,1990,NOx_AWB,2.52212665351386e-05
Middle East,OtherGrain,OtherGrainAEZ01,OtherGrainAEZ01,1990,NOx_AWB,0.000120201040652054
Middle East,OtherGrain,OtherGrainAEZ02,OtherGrainAEZ02,1990,NOx_AWB,2.00185885925041e-07
Middle East,OtherGrain,OtherGrainAEZ03,OtherGrainAEZ03,1990,NOx_AWB,3.69124226715759e-07
Middle East,OtherGrain,OtherGrainAEZ07,OtherGrainAEZ07,1990,NOx_AWB,0.00019382449052689
Middle East,OtherGrain,OtherGrainAEZ08,OtherGrainAEZ08,1990,NOx_AWB,0.000390119956284171
Middle East,OtherGrain,OtherGrainAEZ09,OtherGrainAEZ09,1990,NOx_AWB,0.00012398400958396
Middle East,OtherGrain,OtherGrainAEZ10,OtherGrainAEZ10,1990,NOx_AWB,5.08996302619597e-05
Middle East,PalmFruit,PalmFruitAEZ01,PalmFruitAEZ01,1990,NOx_AWB,0
Middle East,PalmFruit,PalmFruitAEZ02,PalmFruitAEZ02,1990,NOx_AWB,0
Middle East,PalmFruit,PalmFruitAEZ03,PalmFruitAEZ03,1990,NOx_AWB,0
Middle East,PalmFruit,PalmFruitAEZ07,PalmFruitAEZ07,1990,NOx_AWB,0
Middle East,PalmFruit,PalmFruitAEZ08,PalmFruitAEZ08,1990,NOx_AWB,0
Middle East,PalmFruit,PalmFruitAEZ09,PalmFruitAEZ09,1990,NOx_AWB,0
Middle East,PalmFruit,PalmFruitAEZ10,PalmFruitAEZ10,1990,NOx_AWB,0
Middle East,Rice,RiceAEZ01,RiceAEZ01,1990,NOx_AWB,8.50873278486434e-08
Middle East,Rice,RiceAEZ02,RiceAEZ02,1990,NOx_AWB,0
Middle East,Rice,RiceAEZ03,RiceAEZ03,1990,NOx_AWB,0
Middle East,Rice,RiceAEZ07,RiceAEZ07,1990,NOx_AWB,0.000139769898197705
Middle East,Rice,RiceAEZ08,RiceAEZ08,1990,NOx_AWB,0.000138092900335832
Middle East,Rice,RiceAEZ09,RiceAEZ09,1990,NOx_AWB,5.40737086465657e-06
Middle East,Rice,RiceAEZ10,RiceAEZ10,1990,NOx_AWB,0
Middle East,Root_Tuber,Root_TuberAEZ01,Root_TuberAEZ01,1990,NOx_AWB,2.10019948356603e-05
Middle East,Root_Tuber,Root_TuberAEZ02,Root_TuberAEZ02,1990,NOx_AWB,7.15903273943591e-07
Middle East,Root_Tuber,Root_TuberAEZ03,Root_TuberAEZ03,1990,NOx_AWB,4.10624447726193e-06
Middle East,Root_Tuber,Root_TuberAEZ07,Root_TuberAEZ07,1990,NOx_AWB,0.000135027846095022
Middle East,Root_Tuber,Root_TuberAEZ08,Root_TuberAEZ08,1990,NOx_AWB,0.000215662807967532
Middle East,Root_Tuber,Root_TuberAEZ09,Root_TuberAEZ09,1990,NOx_AWB,6.39734283867967e-05
Middle East,Root_Tuber,Root_TuberAEZ10,Root_TuberAEZ10,1990,NOx_AWB,2.39496280373905e-05
Middle East,SugarCrop,SugarCropAEZ01,SugarCropAEZ01,1990,NOx_AWB,1.716501813588e-06
Middle East,SugarCrop,SugarCropAEZ02,SugarCropAEZ02,1990,NOx_AWB,0
Middle East,SugarCrop,SugarCropAEZ03,SugarCropAEZ03,1990,NOx_AWB,0
Middle East,SugarCrop,SugarCropAEZ07,SugarCropAEZ07,1990,NOx_AWB,0.000255142210665135
Middle East,SugarCrop,SugarCropAEZ08,SugarCropAEZ08,1990,NOx_AWB,0.000478438559574517
Middle East,SugarCrop,SugarCropAEZ09,SugarCropAEZ09,1990,NOx_AWB,9.26594852436118e-05
Middle East,SugarCrop,SugarCropAEZ10,SugarCropAEZ10,1990,NOx_AWB,5.08410528676407e-05
Middle East,Wheat,WheatAEZ01,WheatAEZ01,1990,NOx_AWB,5.03797236819146e-05
Middle East,Wheat,WheatAEZ02,WheatAEZ02,1990,NOx_AWB,1.36523787091009e-07
Middle East,Wheat,WheatAEZ03,WheatAEZ03,1990,NOx_AWB,1.88069670868973e-06
Middle East,Wheat,WheatAEZ07,WheatAEZ07,1990,NOx_AWB,0.000562428378981087
Middle East,Wheat,WheatAEZ08,WheatAEZ08,1990,NOx_AWB,0.000931810725161007
Middle East,Wheat,WheatAEZ09,WheatAEZ09,1990,NOx_AWB,0.000288221750463268
Middle East,Wheat,WheatAEZ10,WheatAEZ10,1990,NOx_AWB,0.000150397842222324
Middle East,Corn,CornAEZ01,CornAEZ01,1990,SO2_AWB,4.19871235209912e-07
Middle East,Corn,CornAEZ02,CornAEZ02,1990,SO2_AWB,1.92164727893119e-08
Middle East,Corn,CornAEZ03,CornAEZ03,1990,SO2_AWB,6.64460993506752e-08
Middle East,Corn,CornAEZ07,CornAEZ07,1990,SO2_AWB,3.25201122600696e-06
Middle East,Corn,CornAEZ08,CornAEZ08,1990,SO2_AWB,5.90144980469626e-06
Middle East,Corn,CornAEZ09,CornAEZ09,1990,SO2_AWB,2.10011700924822e-06
Middle East,Corn,CornAEZ10,CornAEZ10,1990,SO2_AWB,4.22081274501291e-07
Middle East,FiberCrop,FiberCropAEZ01,FiberCropAEZ01,1990,SO2_AWB,3.01160361738564e-07
Middle East,FiberCrop,FiberCropAEZ02,FiberCropAEZ02,1990,SO2_AWB,3.47131881131679e-08
Middle East,FiberCrop,FiberCropAEZ03,FiberCropAEZ03,1990,SO2_AWB,2.06711512931166e-07
Middle East,FiberCrop,FiberCropAEZ07,FiberCropAEZ07,1990,SO2_AWB,4.26759635595853e-06
Middle East,FiberCrop,FiberCropAEZ08,FiberCropAEZ08,1990,SO2_AWB,5.39907052547006e-06
Middle East,FiberCrop,FiberCropAEZ09,FiberCropAEZ09,1990,SO2_AWB,6.44363702799136e-06
Middle East,FiberCrop,FiberCropAEZ10,FiberCropAEZ10,1990,SO2_AWB,3.28505755836881e-06
Middle East,FodderGrass,FodderGrassAEZ01,FodderGrassAEZ01,1990,SO2_AWB,1.46858787607176e-05
Middle East,FodderGrass,FodderGrassAEZ02,FodderGrassAEZ02,1990,SO2_AWB,5.2330962874072e-07
Middle East,FodderGrass,FodderGrassAEZ03,FodderGrassAEZ03,1990,SO2_AWB,3.13892736810875e-06
Middle East,FodderGrass,FodderGrassAEZ07,FodderGrassAEZ07,1990,SO2_AWB,1.32152177382981e-05
Middle East,FodderGrass,FodderGrassAEZ08,FodderGrassAEZ08,1990,SO2_AWB,2.3573985714368e-05
Middle East,FodderGrass,FodderGrassAEZ09,FodderGrassAEZ09,1990,SO2_AWB,1.45404674082725e-05
Middle East,FodderGrass,FodderGrassAEZ10,FodderGrassAEZ10,1990,SO2_AWB,9.2242454868846e-07
Middle East,FodderHerb,FodderHerbAEZ01,FodderHerbAEZ01,1990,SO2_AWB,6.88208049212741e-05
Middle East,FodderHerb,FodderHerbAEZ02,FodderHerbAEZ02,1990,SO2_AWB,1.29092262314831e-08
Middle East,FodderHerb,FodderHerbAEZ03,FodderHerbAEZ03,1990,SO2_AWB,8.55893839485482e-08
Middle East,FodderHerb,FodderHerbAEZ07,FodderHerbAEZ07,1990,SO2_AWB,9.31865040535695e-05
Middle East,FodderHerb,FodderHerbAEZ08,FodderHerbAEZ08,1990,SO2_AWB,0.000161469613398237
Middle East,FodderHerb,FodderHerbAEZ09,FodderHerbAEZ09,1990,SO2_AWB,3.12501206862958e-05
Middle East,FodderHerb,FodderHerbAEZ10,FodderHerbAEZ10,1990,SO2_AWB,2.04886416767046e-06
Middle East,MiscCrop,MiscCropAEZ01,MiscCropAEZ01,1990,SO2_AWB,8.59456674556707e-05
Middle East,MiscCrop,MiscCropAEZ02,MiscCropAEZ02,1990,SO2_AWB,9.56209398217271e-07
Middle East,MiscCrop,MiscCropAEZ03,MiscCropAEZ03,1990,SO2_AWB,7.07191063193196e-06
Middle East,MiscCrop,MiscCropAEZ07,MiscCropAEZ07,1990,SO2_AWB,0.000146760943950368
Middle East,MiscCrop,MiscCropAEZ08,MiscCropAEZ08,1990,SO2_AWB,0.000274105322444693
Middle East,MiscCrop,MiscCropAEZ09,MiscCropAEZ09,1990,SO2_AWB,0.000100217406183803
Middle East,MiscCrop,MiscCropAEZ10,MiscCropAEZ10,1990,SO2_AWB,4.09825215730808e-05
Middle East,OilCrop,OilCropAEZ01,OilCropAEZ01,1990,SO2_AWB,3.02930279620752e-07
Middle East,OilCrop,OilCropAEZ02,OilCropAEZ02,1990,SO2_AWB,6.65765811522658e-08
Middle East,OilCrop,OilCropAEZ03,OilCropAEZ03,1990,SO2_AWB,3.76601983076512e-07
Middle East,OilCrop,OilCropAEZ07,OilCropAEZ07,1990,SO2_AWB,1.50160949699097e-06
Middle East,OilCrop,OilCropAEZ08,OilCropAEZ08,1990,SO2_AWB,5.11751075740024e-06
Middle East,OilCrop,OilCropAEZ09,OilCropAEZ09,1990,SO2_AWB,5.11401104389409e-06
Middle East,OilCrop,OilCropAEZ10,OilCropAEZ10,1990,SO2_AWB,3.70992871937547e-06
Middle East,OtherGrain,OtherGrainAEZ01,OtherGrainAEZ01,1990,SO2_AWB,1.76810031404485e-05
Middle East,OtherGrain,OtherGrainAEZ02,OtherGrainAEZ02,1990,SO2_AWB,2.94463946278124e-08
Middle East,OtherGrain,OtherGrainAEZ03,OtherGrainAEZ03,1990,SO2_AWB,5.4296423528222e-08
Middle East,OtherGrain,OtherGrainAEZ07,OtherGrainAEZ07,1990,SO2_AWB,2.85106635276307e-05
Middle East,OtherGrain,OtherGrainAEZ08,OtherGrainAEZ08,1990,SO2_AWB,5.73847957953946e-05
Middle East,OtherGrain,OtherGrainAEZ09,OtherGrainAEZ09,1990,SO2_AWB,1.82374599331885e-05
Middle East,OtherGrain,OtherGrainAEZ10,OtherGrainAEZ10,1990,SO2_AWB,7.4870942682974e-06
Middle East,PalmFruit,PalmFruitAEZ01,PalmFruitAEZ01,1990,SO2_AWB,0
Middle East,PalmFruit,PalmFruitAEZ02,PalmFruitAEZ02,1990,SO2_AWB,0
Middle East,PalmFruit,PalmFruitAEZ03,PalmFruitAEZ03,1990,SO2_AWB,0
Middle East,PalmFruit,PalmFruitAEZ07,PalmFruitAEZ07,1990,SO2_AWB,0
Middle East,PalmFruit,PalmFruitAEZ08,PalmFruitAEZ08,1990,SO2_AWB,0
Middle East,PalmFruit,PalmFruitAEZ09,PalmFruitAEZ09,1990,SO2_AWB,0
Middle East,PalmFruit,PalmFruitAEZ10,PalmFruitAEZ10,1990,SO2_AWB,0
Middle East,Rice,RiceAEZ01,RiceAEZ01,1990,SO2_AWB,1.25159424805573e-08
Middle East,Rice,RiceAEZ02,RiceAEZ02,1990,SO2_AWB,0
Middle East,Rice,RiceAEZ03,RiceAEZ03,1990,SO2_AWB,0
Middle East,Rice,RiceAEZ07,RiceAEZ07,1990,SO2_AWB,2.05594892986607e-05
Middle East,Rice,RiceAEZ08,RiceAEZ08,1990,SO2_AWB,2.03128108647516e-05
Middle East,Rice,RiceAEZ09,RiceAEZ09,1990,SO2_AWB,7.95398614861565e-07
Middle East,Rice,RiceAEZ10,RiceAEZ10,1990,SO2_AWB,0
Middle East,Root_Tuber,Root_TuberAEZ01,Root_TuberAEZ01,1990,SO2_AWB,3.08929385827782e-06
Middle East,Root_Tuber,Root_TuberAEZ02,Root_TuberAEZ02,1990,SO2_AWB,1.05305977104597e-07
Middle East,Root_Tuber,Root_TuberAEZ03,Root_TuberAEZ03,1990,SO2_AWB,6.04009092634065e-07
Middle East,Root_Tuber,Root_TuberAEZ07,Root_TuberAEZ07,1990,SO2_AWB,1.98619559190421e-05
Middle East,Root_Tuber,Root_TuberAEZ08,Root_TuberAEZ08,1990,SO2_AWB,3.17229764756342e-05
Middle East,Root_Tuber,Root_TuberAEZ09,Root_TuberAEZ09,1990,SO2_AWB,9.41018798236902e-06
Middle East,Root_Tuber,Root_TuberAEZ10,Root_TuberAEZ10,1990,SO2_AWB,3.52287672589661e-06
Middle East,SugarCrop,SugarCropAEZ01,SugarCropAEZ01,1990,SO2_AWB,2.52489277896417e-07
Middle East,SugarCrop,SugarCropAEZ02,SugarCropAEZ02,1990,SO2_AWB,0
Middle East,SugarCrop,SugarCropAEZ03,SugarCropAEZ03,1990,SO2_AWB,0
Middle East,SugarCrop,SugarCropAEZ07,SugarCropAEZ07,1990,SO2_AWB,3.75302094188161e-05
Middle East,SugarCrop,SugarCropAEZ08,SugarCropAEZ08,1990,SO2_AWB,7.03760435721663e-05
Middle East,SugarCrop,SugarCropAEZ09,SugarCropAEZ09,1990,SO2_AWB,1.36297709295801e-05
Middle East,SugarCrop,SugarCropAEZ10,SugarCropAEZ10,1990,SO2_AWB,7.47847781134082e-06
Middle East,Wheat,WheatAEZ01,WheatAEZ01,1990,SO2_AWB,7.41061847553677e-06
Middle East,Wheat,WheatAEZ02,WheatAEZ02,1990,SO2_AWB,2.008200174647e-08
Middle East,Wheat,WheatAEZ03,WheatAEZ03,1990,SO2_AWB,2.76641568427269e-07
Middle East,Wheat,WheatAEZ07,WheatAEZ07,1990,SO2_AWB,8.27305477647878e-05
Middle East,Wheat,WheatAEZ08,WheatAEZ08,1990,SO2_AWB,0.000137064939442301
Middle East,Wheat,WheatAEZ09,WheatAEZ09,1990,SO2_AWB,4.23960528747679e-05
Middle East,Wheat,WheatAEZ10,WheatAEZ10,1990,SO2_AWB,2.21228094717344e-05
Pakistan,Corn,CornAEZ01,CornAEZ01,1990,CH4_AWB,2.11393320095308e-08
Pakistan,Corn,CornAEZ07,CornAEZ07,1990,CH4_AWB,4.89849780245325e-05
Pakistan,Corn,CornAEZ08,CornAEZ08,1990,CH4_AWB,9.45171521293239e-06
Pakistan,Corn,CornAEZ09,CornAEZ09,1990,CH4_AWB,1.55190511860495e-05
Pakistan,Corn,CornAEZ10,CornAEZ10,1990,CH4_AWB,2.05116885532214e-05
Pakistan,Corn,CornAEZ11,CornAEZ11,1990,CH4_AWB,7.66898805922075e-06
Pakistan,Corn,CornAEZ12,CornAEZ12,1990,CH4_AWB,1.3138025306647e-05
Pakistan,Corn,CornAEZ13,CornAEZ13,1990,CH4_AWB,1.31286377743402e-07
Pakistan,Corn,CornAEZ14,CornAEZ14,1990,CH4_AWB,2.14501636348023e-06
Pakistan,FiberCrop,FiberCropAEZ01,FiberCropAEZ01,1990,CH4_AWB,6.38716499871815e-05
Pakistan,FiberCrop,FiberCropAEZ07,FiberCropAEZ07,1990,CH4_AWB,0.000288893570796294
Pakistan,FiberCrop,FiberCropAEZ08,FiberCropAEZ08,1990,CH4_AWB,4.70295793813702e-05
Pakistan,FiberCrop,FiberCropAEZ09,FiberCropAEZ09,1990,CH4_AWB,2.16347024145301e-05
Pakistan,FiberCrop,FiberCropAEZ10,FiberCropAEZ10,1990,CH4_AWB,5.26101118892668e-05
Pakistan,FiberCrop,FiberCropAEZ11,FiberCropAEZ11,1990,CH4_AWB,1.24905240865169e-05
Pakistan,FiberCrop,FiberCropAEZ12,FiberCropAEZ12,1990,CH4_AWB,1.9650053581911e-06
Pakistan,FiberCrop,FiberCropAEZ13,FiberCropAEZ13,1990,CH4_AWB,0
Pakistan,FiberCrop,FiberCropAEZ14,FiberCropAEZ14,1990,CH4_AWB,0
Pakistan,FodderGrass,FodderGrassAEZ01,FodderGrassAEZ01,1990,CH4_AWB,2.67783399293118e-07
Pakistan,FodderGrass,FodderGrassAEZ07,FodderGrassAEZ07,1990,CH4_AWB,3.61826663457431e-07
Pakistan,FodderGrass,FodderGrassAEZ08,FodderGrassAEZ08,1990,CH4_AWB,2.04016338259391e-07
Pakistan,FodderGrass,FodderGrassAEZ09,FodderGrassAEZ09,1990,CH4_AWB,1.17852963397055e-08
Pakistan,FodderGrass,FodderGrassAEZ10,FodderGrassAEZ10,1990,CH4_AWB,3.70094436723698e-07
Pakistan,FodderGrass,FodderGrassAEZ11,FodderGrassAEZ11,1990,CH4_AWB,3.89478007980348e-09
Pakistan,FodderGrass,FodderGrassAEZ12,FodderGrassAEZ12,1990,CH4_AWB,0
Pakistan,FodderGrass,FodderGrassAEZ13,FodderGrassAEZ13,1990,CH4_AWB,4.51645711846241e-10
Pakistan,FodderGrass,FodderGrassAEZ14,FodderGrassAEZ14,1990,CH4_AWB,4.31985839683523e-09
Pakistan,FodderHerb,FodderHerbAEZ01,FodderHerbAEZ01,1990,CH4_AWB,0
Pakistan,FodderHerb,FodderHerbAEZ07,FodderHerbAEZ07,1990,CH4_AWB,0
Pakistan,FodderHerb,FodderHerbAEZ08,FodderHerbAEZ08,1990,CH4_AWB,0
Pakistan,FodderHerb,FodderHerbAEZ09,FodderHerbAEZ09,1990,CH4_AWB,0
Pakistan,FodderHerb,FodderHerbAEZ10,FodderHerbAEZ10,1990,CH4_AWB,0
Pakistan,FodderHerb,FodderHerbAEZ11,FodderHerbAEZ11,1990,CH4_AWB,0
Pakistan,FodderHerb,FodderHerbAEZ12,FodderHerbAEZ12,1990,CH4_AWB,0
Pakistan,FodderHerb,FodderHerbAEZ13,FodderHerbAEZ13,1990,CH4_AWB,0
Pakistan,FodderHerb,FodderHerbAEZ14,FodderHerbAEZ14,1990,CH4_AWB,0
Pakistan,MiscCrop,MiscCropAEZ01,MiscCropAEZ01,1990,CH4_AWB,0.000104253666815987
Pakistan,MiscCrop,MiscCropAEZ07,MiscCropAEZ07,1990,CH4_AWB,0.000454189903096837
Pakistan,MiscCrop,MiscCropAEZ08,MiscCropAEZ08,1990,CH4_AWB,6.78869871814827e-05
Pakistan,MiscCrop,MiscCropAEZ09,MiscCropAEZ09,1990,CH4_AWB,4.37253937422781e-05
Pakistan,MiscCrop,MiscCropAEZ10,MiscCropAEZ10,1990,CH4_AWB,9.22616482933105e-05
Pakistan,MiscCrop,MiscCropAEZ11,MiscCropAEZ11,1990,CH4_AWB,2.89784987209409e-05
Pakistan,MiscCrop,MiscCropAEZ12,MiscCropAEZ12,1990,CH4_AWB,2.33274561676592e-05
Pakistan,MiscCrop,MiscCropAEZ13,MiscCropAEZ13,1990,CH4_AWB,6.824857619024e-07
Pakistan,MiscCrop,MiscCropAEZ14,MiscCropAEZ14,1990,CH4_AWB,1.6369728080044e-06
Pakistan,OilCrop,OilCropAEZ01,OilCropAEZ01,1990,CH4_AWB,4.77767865924453e-06
Pakistan,OilCrop,OilCropAEZ07,OilCropAEZ07,1990,CH4_AWB,2.42919777377624e-05
Pakistan,OilCrop,OilCropAEZ08,OilCropAEZ08,1990,CH4_AWB,3.72946354607926e-06
Pakistan,OilCrop,OilCropAEZ09,OilCropAEZ09,1990,CH4_AWB,2.23514990331876e-06
Pakistan,OilCrop,OilCropAEZ10,OilCropAEZ10,1990,CH4_AWB,3.75694135260019e-06
Pakistan,OilCrop,OilCropAEZ11,OilCropAEZ11,1990,CH4_AWB,9.41297836944597e-07
Pakistan,OilCrop,OilCropAEZ12,OilCropAEZ12,1990,CH4_AWB,1.04927962867213e-06
Pakistan,OilCrop,OilCropAEZ13,OilCropAEZ13,1990,CH4_AWB,0
Pakistan,OilCrop,OilCropAEZ14,OilCropAEZ14,1990,CH4_AWB,1.54354748495297e-08
Pakistan,OtherGrain,OtherGrainAEZ01,OtherGrainAEZ01,1990,CH4_AWB,6.66943379005461e-06
Pakistan,OtherGrain,OtherGrainAEZ07,OtherGrainAEZ07,1990,CH4_AWB,3.20906465857784e-05
Pakistan,OtherGrain,OtherGrainAEZ08,OtherGrainAEZ08,1990,CH4_AWB,4.63167883021638e-06
Pakistan,OtherGrain,OtherGrainAEZ09,OtherGrainAEZ09,1990,CH4_AWB,2.96466986047416e-06
Pakistan,OtherGrain,OtherGrainAEZ10,OtherGrainAEZ10,1990,CH4_AWB,6.00273005294954e-06
Pakistan,OtherGrain,OtherGrainAEZ11,OtherGrainAEZ11,1990,CH4_AWB,1.60070804396152e-06
Pakistan,OtherGrain,OtherGrainAEZ12,OtherGrainAEZ12,1990,CH4_AWB,1.35018240723895e-06
Pakistan,OtherGrain,OtherGrainAEZ13,OtherGrainAEZ13,1990,CH4_AWB,0
Pakistan,OtherGrain,OtherGrainAEZ14,OtherGrainAEZ14,1990,CH4_AWB,2.0569263118712e-08
Pakistan,PalmFruit,PalmFruitAEZ01,PalmFruitAEZ01,1990,CH4_AWB,0
Pakistan,PalmFruit,PalmFruitAEZ07,PalmFruitAEZ07,1990,CH4_AWB,0
Pakistan,PalmFruit,PalmFruitAEZ08,PalmFruitAEZ08,1990,CH4_AWB,0
Pakistan,PalmFruit,PalmFruitAEZ09,PalmFruitAEZ09,1990,CH4_AWB,0
Pakistan,PalmFruit,PalmFruitAEZ10,PalmFruitAEZ10,1990,CH4_AWB,0
Pakistan,PalmFruit,PalmFruitAEZ11,PalmFruitAEZ11,1990,CH4_AWB,0
Pakistan,PalmFruit,PalmFruitAEZ12,PalmFruitAEZ12,1990,CH4_AWB,0
Pakistan,PalmFruit,PalmFruitAEZ13,PalmFruitAEZ13,1990,CH4_AWB,0
Pakistan,PalmFruit,PalmFruitAEZ14,PalmFruitAEZ14,1990,CH4_AWB,0
Pakistan,Rice,RiceAEZ01,RiceAEZ01,1990,CH4_AWB,9.56299355684446e-05
Pakistan,Rice,RiceAEZ07,RiceAEZ07,1990,CH4_AWB,0.000255645267622642
Pakistan,Rice,RiceAEZ08,RiceAEZ08,1990,CH4_AWB,4.36095018627283e-05
Pakistan,Rice,RiceAEZ09,RiceAEZ09,1990,CH4_AWB,1.65808068203447e-05
Pakistan,Rice,RiceAEZ10,RiceAEZ10,1990,CH4_AWB,4.7895438618256e-05
Pakistan,Rice,RiceAEZ11,RiceAEZ11,1990,CH4_AWB,9.78491718037757e-06
Pakistan,Rice,RiceAEZ12,RiceAEZ12,1990,CH4_AWB,4.31800869902352e-06
Pakistan,Rice,RiceAEZ13,RiceAEZ13,1990,CH4_AWB,8.06324869746826e-08
Pakistan,Rice,RiceAEZ14,RiceAEZ14,1990,CH4_AWB,1.5222534148821e-06
Pakistan,Root_Tuber,Root_TuberAEZ01,Root_TuberAEZ01,1990,CH4_AWB,5.33109470589937e-08
Pakistan,Root_Tuber,Root_TuberAEZ07,Root_TuberAEZ07,1990,CH4_AWB,6.12422258155276e-05
Pakistan,Root_Tuber,Root_TuberAEZ08,Root_TuberAEZ08,1990,CH4_AWB,1.3859315777528e-05
Pakistan,Root_Tuber,Root_TuberAEZ09,Root_TuberAEZ09,1990,CH4_AWB,6.96517726377821e-06
Pakistan,Root_Tuber,Root_TuberAEZ10,Root_TuberAEZ10,1990,CH4_AWB,1.53921330436251e-05
Pakistan,Root_Tuber,Root_TuberAEZ11,Root_TuberAEZ11,1990,CH4_AWB,3.72532561751118e-06
Pakistan,Root_Tuber,Root_TuberAEZ12,Root_TuberAEZ12,1990,CH4_AWB,2.39567662573238e-06
Pakistan,Root_Tuber,Root_TuberAEZ13,Root_TuberAEZ13,1990,CH4_AWB,0
Pakistan,Root_Tuber,Root_TuberAEZ14,Root_TuberAEZ14,1990,CH4_AWB,0
Pakistan,SugarCrop,SugarCropAEZ01,SugarCropAEZ01,1990,CH4_AWB,0.000568997758489856
Pakistan,SugarCrop,SugarCropAEZ07,SugarCropAEZ07,1990,CH4_AWB,0.00193288500551826
Pakistan,SugarCrop,SugarCropAEZ08,SugarCropAEZ08,1990,CH4_AWB,0.000296792292469415
Pakistan,SugarCrop,SugarCropAEZ09,SugarCropAEZ09,1990,CH4_AWB,0.000203838077959408
Pakistan,SugarCrop,SugarCropAEZ10,SugarCropAEZ10,1990,CH4_AWB,0.000386268044748881
Pakistan,SugarCrop,SugarCropAEZ11,SugarCropAEZ11,1990,CH4_AWB,0.000108426085562171
Pakistan,SugarCrop,SugarCropAEZ12,SugarCropAEZ12,1990,CH4_AWB,9.50846613704455e-05
Pakistan,SugarCrop,SugarCropAEZ13,SugarCropAEZ13,1990,CH4_AWB,2.72898451549291e-08
Pakistan,SugarCrop,SugarCropAEZ14,SugarCropAEZ14,1990,CH4_AWB,3.73216216568946e-06
Pakistan,Wheat,WheatAEZ01,WheatAEZ01,1990,CH4_AWB,0.000104811653941311
Pakistan,Wheat,WheatAEZ07,WheatAEZ07,1990,CH4_AWB,0.000836364903886092
Pakistan,Wheat,WheatAEZ08,WheatAEZ08,1990,CH4_AWB,0.000157206109517248
Pakistan,Wheat,WheatAEZ09,WheatAEZ09,1990,CH4_AWB,7.85124516071822e-05
Pakistan,Wheat,WheatAEZ10,WheatAEZ10,1990,CH4_AWB,0.000173459034224042
Pakistan,Wheat,WheatAEZ11,WheatAEZ11,1990,CH4_AWB,4.15807376073456e-05
Pakistan,Wheat,WheatAEZ12,WheatAEZ12,1990,CH4_AWB,2.19791027589467e-05
Pakistan,Wheat,WheatAEZ13,WheatAEZ13,1990,CH4_AWB,9.95825052000351e-08
Pakistan,Wheat,WheatAEZ14,WheatAEZ14,1990,CH4_AWB,8.73058149802525e-07
Pakistan,Corn,CornAEZ01,CornAEZ01,1990,CO_AWB,8.77089021492487e-07
Pakistan,Corn,CornAEZ07,CornAEZ07,1990,CO_AWB,0.00203242876473095
Pakistan,Corn,CornAEZ08,CornAEZ08,1990,CO_AWB,0.000392159773251063
Pakistan,Corn,CornAEZ09,CornAEZ09,1990,CO_AWB,0.000643898748225682
Pakistan,Corn,CornAEZ10,CornAEZ10,1990,CO_AWB,0.000851047556005669
Pakistan,Corn,CornAEZ11,CornAEZ11,1990,CO_AWB,0.000318192894158948
Pakistan,Corn,CornAEZ12,CornAEZ12,1990,CO_AWB,0.000545107941696323
Pakistan,Corn,CornAEZ13,CornAEZ13,1990,CO_AWB,5.44718444926913e-06
Pakistan,Corn,CornAEZ14,CornAEZ14,1990,CO_AWB,8.89985692301926e-05
Pakistan,FiberCrop,FiberCropAEZ01,FiberCropAEZ01,1990,CO_AWB,0.00265008955643018
Pakistan,FiberCrop,FiberCropAEZ07,FiberCropAEZ07,1990,CO_AWB,0.0119864421075818
Pakistan,FiberCrop,FiberCropAEZ08,FiberCropAEZ08,1990,CO_AWB,0.00195129759739862
Pakistan,FiberCrop,FiberCropAEZ09,FiberCropAEZ09,1990,CO_AWB,0.000897642364597239
Pakistan,FiberCrop,FiberCropAEZ10,FiberCropAEZ10,1990,CO_AWB,0.00218283867894989
Pakistan,FiberCrop,FiberCropAEZ11,FiberCropAEZ11,1990,CO_AWB,0.000518242560551685
Pakistan,FiberCrop,FiberCropAEZ12,FiberCropAEZ12,1990,CO_AWB,8.15297581809248e-05
Pakistan,FiberCrop,FiberCropAEZ13,FiberCropAEZ13,1990,CO_AWB,0
Pakistan,FiberCrop,FiberCropAEZ14,FiberCropAEZ14,1990,CO_AWB,0
Pakistan,FodderGrass,FodderGrassAEZ01,FodderGrassAEZ01,1990,CO_AWB,1.11105629805162e-05
Pakistan,FodderGrass,FodderGrassAEZ07,FodderGrassAEZ07,1990,CO_AWB,1.50124986947879e-05
Pakistan,FodderGrass,FodderGrassAEZ08,FodderGrassAEZ08,1990,CO_AWB,8.46481290949654e-06
Pakistan,FodderGrass,FodderGrassAEZ09,FodderGrassAEZ09,1990,CO_AWB,4.88982056288764e-07
Pakistan,FodderGrass,FodderGrassAEZ10,FodderGrassAEZ10,1990,CO_AWB,1.53555357009129e-05
Pakistan,FodderGrass,FodderGrassAEZ11,FodderGrassAEZ11,1990,CO_AWB,1.61597767024195e-07
Pakistan,FodderGrass,FodderGrassAEZ12,FodderGrassAEZ12,1990,CO_AWB,0
Pakistan,FodderGrass,FodderGrassAEZ13,FodderGrassAEZ13,1990,CO_AWB,1.87391680723827e-08
Pakistan,FodderGrass,FodderGrassAEZ14,FodderGrassAEZ14,1990,CO_AWB,1.7923463109232e-07
Pakistan,FodderHerb,FodderHerbAEZ01,FodderHerbAEZ01,1990,CO_AWB,0
Pakistan,FodderHerb,FodderHerbAEZ07,FodderHerbAEZ07,1990,CO_AWB,0
Pakistan,FodderHerb,FodderHerbAEZ08,FodderHerbAEZ08,1990,CO_AWB,0
Pakistan,FodderHerb,FodderHerbAEZ09,FodderHerbAEZ09,1990,CO_AWB,0
Pakistan,FodderHerb,FodderHerbAEZ10,FodderHerbAEZ10,1990,CO_AWB,0
Pakistan,FodderHerb,FodderHerbAEZ11,FodderHerbAEZ11,1990,CO_AWB,0
Pakistan,FodderHerb,FodderHerbAEZ12,FodderHerbAEZ12,1990,CO_AWB,0
Pakistan,FodderHerb,FodderHerbAEZ13,FodderHerbAEZ13,1990,CO_AWB,0
Pakistan,FodderHerb,FodderHerbAEZ14,FodderHerbAEZ14,1990,CO_AWB,0
Pakistan,MiscCrop,MiscCropAEZ01,MiscCropAEZ01,1990,CO_AWB,0.00432557408026951
Pakistan,MiscCrop,MiscCropAEZ07,MiscCropAEZ07,1990,CO_AWB,0.0188447287501501
Pakistan,MiscCrop,MiscCropAEZ08,MiscCropAEZ08,1990,CO_AWB,0.00281668934156644
Pakistan,MiscCrop,MiscCropAEZ09,MiscCropAEZ09,1990,CO_AWB,0.00181420410041801
Pakistan,MiscCrop,MiscCropAEZ10,MiscCropAEZ10,1990,CO_AWB,0.00382801494325269
Pakistan,MiscCrop,MiscCropAEZ11,MiscCropAEZ11,1990,CO_AWB,0.00120234277393496
Pakistan,MiscCrop,MiscCropAEZ12,MiscCropAEZ12,1990,CO_AWB,0.000967876170106817
Pakistan,MiscCrop,MiscCropAEZ13,MiscCropAEZ13,1990,CO_AWB,2.83169197976382e-05
Pakistan,MiscCrop,MiscCropAEZ14,MiscCropAEZ14,1990,CO_AWB,6.79194062392824e-05
Pakistan,OilCrop,OilCropAEZ01,OilCropAEZ01,1990,CO_AWB,0.000198229986564998
Pakistan,OilCrop,OilCropAEZ07,OilCropAEZ07,1990,CO_AWB,0.00100789499755836
Pakistan,OilCrop,OilCropAEZ08,OilCropAEZ08,1990,CO_AWB,0.000154738642207227
Pakistan,OilCrop,OilCropAEZ09,OilCropAEZ09,1990,CO_AWB,9.27382871278528e-05
Pakistan,OilCrop,OilCropAEZ10,OilCropAEZ10,1990,CO_AWB,0.000155878719974269
Pakistan,OilCrop,OilCropAEZ11,OilCropAEZ11,1990,CO_AWB,3.9055254838067e-05
Pakistan,OilCrop,OilCropAEZ12,OilCropAEZ12,1990,CO_AWB,4.35355120194483e-05
Pakistan,OilCrop,OilCropAEZ13,OilCropAEZ13,1990,CO_AWB,0
Pakistan,OilCrop,OilCropAEZ14,OilCropAEZ14,1990,CO_AWB,6.40431094319448e-07
Pakistan,OtherGrain,OtherGrainAEZ01,OtherGrainAEZ01,1990,CO_AWB,0.000276720529967104
Pakistan,OtherGrain,OtherGrainAEZ07,OtherGrainAEZ07,1990,CO_AWB,0.00133146845890361
Pakistan,OtherGrain,OtherGrainAEZ08,OtherGrainAEZ08,1990,CO_AWB,0.00019217232839857
Pakistan,OtherGrain,OtherGrainAEZ09,OtherGrainAEZ09,1990,CO_AWB,0.000123006696039364
Pakistan,OtherGrain,OtherGrainAEZ10,OtherGrainAEZ10,1990,CO_AWB,0.000249058419918441
Pakistan,OtherGrain,OtherGrainAEZ11,OtherGrainAEZ11,1990,CO_AWB,6.64147500659139e-05
Pakistan,OtherGrain,OtherGrainAEZ12,OtherGrainAEZ12,1990,CO_AWB,5.60202264606877e-05
Pakistan,OtherGrain,OtherGrainAEZ13,OtherGrainAEZ13,1990,CO_AWB,0
Pakistan,OtherGrain,OtherGrainAEZ14,OtherGrainAEZ14,1990,CO_AWB,8.53436374123775e-07
Pakistan,PalmFruit,PalmFruitAEZ01,PalmFruitAEZ01,1990,CO_AWB,0
Pakistan,PalmFruit,PalmFruitAEZ07,PalmFruitAEZ07,1990,CO_AWB,0
Pakistan,PalmFruit,PalmFruitAEZ08,PalmFruitAEZ08,1990,CO_AWB,0
Pakistan,PalmFruit,PalmFruitAEZ09,PalmFruitAEZ09,1990,CO_AWB,0
Pakistan,PalmFruit,PalmFruitAEZ10,PalmFruitAEZ10,1990,CO_AWB,0
Pakistan,PalmFruit,PalmFruitAEZ11,PalmFruitAEZ11,1990,CO_AWB,0
Pakistan,PalmFruit,PalmFruitAEZ12,PalmFruitAEZ12,1990,CO_AWB,0
Pakistan,PalmFruit,PalmFruitAEZ13,PalmFruitAEZ13,1990,CO_AWB,0
Pakistan,PalmFruit,PalmFruitAEZ14,PalmFruitAEZ14,1990,CO_AWB,0
Pakistan,Rice,RiceAEZ01,RiceAEZ01,1990,CO_AWB,0.00396776807210846
Pakistan,Rice,RiceAEZ07,RiceAEZ07,1990,CO_AWB,0.0106069414836399
Pakistan,Rice,RiceAEZ08,RiceAEZ08,1990,CO_AWB,0.00180939564690645
Pakistan,Rice,RiceAEZ09,RiceAEZ09,1990,CO_AWB,0.000687951900422179
Pakistan,Rice,RiceAEZ10,RiceAEZ10,1990,CO_AWB,0.00198722283999796
Pakistan,Rice,RiceAEZ11,RiceAEZ11,1990,CO_AWB,0.000405984608749843
Pakistan,Rice,RiceAEZ12,RiceAEZ12,1990,CO_AWB,0.00017915788554317
Pakistan,Rice,RiceAEZ13,RiceAEZ13,1990,CO_AWB,3.34551106294393e-06
Pakistan,Rice,RiceAEZ14,RiceAEZ14,1990,CO_AWB,6.31596001955302e-05
Pakistan,Root_Tuber,Root_TuberAEZ01,Root_TuberAEZ01,1990,CO_AWB,2.21191693142098e-06
Pakistan,Root_Tuber,Root_TuberAEZ07,Root_TuberAEZ07,1990,CO_AWB,0.00254099249164285
Pakistan,Root_Tuber,Root_TuberAEZ08,Root_TuberAEZ08,1990,CO_AWB,0.000575034902161853
Pakistan,Root_Tuber,Root_TuberAEZ09,Root_TuberAEZ09,1990,CO_AWB,0.000288991180423991
Pakistan,Root_Tuber,Root_TuberAEZ10,Root_TuberAEZ10,1990,CO_AWB,0.00063863280560751
Pakistan,Root_Tuber,Root_TuberAEZ11,Root_TuberAEZ11,1990,CO_AWB,0.000154566956000815
Pakistan,Root_Tuber,Root_TuberAEZ12,Root_TuberAEZ12,1990,CO_AWB,9.93986785641423e-05
Pakistan,Root_Tuber,Root_TuberAEZ13,Root_TuberAEZ13,1990,CO_AWB,0
Pakistan,Root_Tuber,Root_TuberAEZ14,Root_TuberAEZ14,1990,CO_AWB,0
Pakistan,SugarCrop,SugarCropAEZ01,SugarCropAEZ01,1990,CO_AWB,0.0236082051694103
Pakistan,SugarCrop,SugarCropAEZ07,SugarCropAEZ07,1990,CO_AWB,0.0801970571909826
Pakistan,SugarCrop,SugarCropAEZ08,SugarCropAEZ08,1990,CO_AWB,0.0123141668464807
Pakistan,SugarCrop,SugarCropAEZ09,SugarCropAEZ09,1990,CO_AWB,0.00845741673671242
Pakistan,SugarCrop,SugarCropAEZ10,SugarCropAEZ10,1990,CO_AWB,0.016026592573969
Pakistan,SugarCrop,SugarCropAEZ11,SugarCropAEZ11,1990,CO_AWB,0.00449869131376096
Pakistan,SugarCrop,SugarCropAEZ12,SugarCropAEZ12,1990,CO_AWB,0.00394514417781736
Pakistan,SugarCrop,SugarCropAEZ13,SugarCropAEZ13,1990,CO_AWB,1.13227908870662e-06
Pakistan,SugarCrop,SugarCropAEZ14,SugarCropAEZ14,1990,CO_AWB,0.000154850610250125
Pakistan,Wheat,WheatAEZ01,WheatAEZ01,1990,CO_AWB,0.00434872544482232
Pakistan,Wheat,WheatAEZ07,WheatAEZ07,1990,CO_AWB,0.0347014974186212
Pakistan,Wheat,WheatAEZ08,WheatAEZ08,1990,CO_AWB,0.00652261635831057
Pakistan,Wheat,WheatAEZ09,WheatAEZ09,1990,CO_AWB,0.0032575489766693
Pakistan,Wheat,WheatAEZ10,WheatAEZ10,1990,CO_AWB,0.0071969641485362
Pakistan,Wheat,WheatAEZ11,WheatAEZ11,1990,CO_AWB,0.00172522047737932
Pakistan,Wheat,WheatAEZ12,WheatAEZ12,1990,CO_AWB,0.000911931830364173
Pakistan,Wheat,WheatAEZ13,WheatAEZ13,1990,CO_AWB,4.13176357721664e-06
Pakistan,Wheat,WheatAEZ14,WheatAEZ14,1990,CO_AWB,3.62239316725379e-05
Pakistan,Corn,CornAEZ01,CornAEZ01,1990,N2O_AWB,5.47065694761416e-10
Pakistan,Corn,CornAEZ07,CornAEZ07,1990,N2O_AWB,1.26768438206948e-06
Pakistan,Corn,CornAEZ08,CornAEZ08,1990,N2O_AWB,2.44601350095578e-07
Pakistan,Corn,CornAEZ09,CornAEZ09,1990,N2O_AWB,4.01618202283137e-07
Pakistan,Corn,CornAEZ10,CornAEZ10,1990,N2O_AWB,5.30822882389977e-07
Pakistan,Corn,CornAEZ11,CornAEZ11,1990,N2O_AWB,1.98466076356768e-07
Pakistan,Corn,CornAEZ12,CornAEZ12,1990,N2O_AWB,3.39999529736012e-07
Pakistan,Corn,CornAEZ13,CornAEZ13,1990,N2O_AWB,3.39756589378142e-09
Pakistan,Corn,CornAEZ14,CornAEZ14,1990,N2O_AWB,5.55109719944252e-08
Pakistan,FiberCrop,FiberCropAEZ01,FiberCropAEZ01,1990,N2O_AWB,1.65293721485814e-06
Pakistan,FiberCrop,FiberCropAEZ07,FiberCropAEZ07,1990,N2O_AWB,7.4762893145595e-06
Pakistan,FiberCrop,FiberCropAEZ08,FiberCropAEZ08,1990,N2O_AWB,1.2170805353266e-06
Pakistan,FiberCrop,FiberCropAEZ09,FiberCropAEZ09,1990,N2O_AWB,5.5988540707082e-07
Pakistan,FiberCrop,FiberCropAEZ10,FiberCropAEZ10,1990,N2O_AWB,1.36149937941281e-06
Pakistan,FiberCrop,FiberCropAEZ11,FiberCropAEZ11,1990,N2O_AWB,3.23242817428848e-07
Pakistan,FiberCrop,FiberCropAEZ12,FiberCropAEZ12,1990,N2O_AWB,5.08524593399667e-08
Pakistan,FiberCrop,FiberCropAEZ13,FiberCropAEZ13,1990,N2O_AWB,0
Pakistan,FiberCrop,FiberCropAEZ14,FiberCropAEZ14,1990,N2O_AWB,0
Pakistan,FodderGrass,FodderGrassAEZ01,FodderGrassAEZ01,1990,N2O_AWB,6.92997826581346e-09
Pakistan,FodderGrass,FodderGrassAEZ07,FodderGrassAEZ07,1990,N2O_AWB,9.36372799946096e-09
Pakistan,FodderGrass,FodderGrassAEZ08,FodderGrassAEZ08,1990,N2O_AWB,5.27974771304191e-09
Pakistan,FodderGrass,FodderGrassAEZ09,FodderGrassAEZ09,1990,N2O_AWB,3.04992197820788e-10
Pakistan,FodderGrass,FodderGrassAEZ10,FodderGrassAEZ10,1990,N2O_AWB,9.57769006429824e-09
Pakistan,FodderGrass,FodderGrassAEZ11,FodderGrassAEZ11,1990,N2O_AWB,1.00793183499837e-10
Pakistan,FodderGrass,FodderGrassAEZ12,FodderGrassAEZ12,1990,N2O_AWB,0
Pakistan,FodderGrass,FodderGrassAEZ13,FodderGrassAEZ13,1990,N2O_AWB,1.1688159068876e-11
Pakistan,FodderGrass,FodderGrassAEZ14,FodderGrassAEZ14,1990,N2O_AWB,1.11793803799955e-10
Pakistan,FodderHerb,FodderHerbAEZ01,FodderHerbAEZ01,1990,N2O_AWB,0
Pakistan,FodderHerb,FodderHerbAEZ07,FodderHerbAEZ07,1990,N2O_AWB,0
Pakistan,FodderHerb,FodderHerbAEZ08,FodderHerbAEZ08,1990,N2O_AWB,0
Pakistan,FodderHerb,FodderHerbAEZ09,FodderHerbAEZ09,1990,N2O_AWB,0
Pakistan,FodderHerb,FodderHerbAEZ10,FodderHerbAEZ10,1990,N2O_AWB,0
Pakistan,FodderHerb,FodderHerbAEZ11,FodderHerbAEZ11,1990,N2O_AWB,0
Pakistan,FodderHerb,FodderHerbAEZ12,FodderHerbAEZ12,1990,N2O_AWB,0
Pakistan,FodderHerb,FodderHerbAEZ13,FodderHerbAEZ13,1990,N2O_AWB,0
Pakistan,FodderHerb,FodderHerbAEZ14,FodderHerbAEZ14,1990,N2O_AWB,0
Pakistan,MiscCrop,MiscCropAEZ01,MiscCropAEZ01,1990,N2O_AWB,2.69798518904946e-06
Pakistan,MiscCrop,MiscCropAEZ07,MiscCropAEZ07,1990,N2O_AWB,1.17540003051783e-05
Pakistan,MiscCrop,MiscCropAEZ08,MiscCropAEZ08,1990,N2O_AWB,1.75685030118042e-06
Pakistan,MiscCrop,MiscCropAEZ09,MiscCropAEZ09,1990,N2O_AWB,1.13157137110818e-06
Pakistan,MiscCrop,MiscCropAEZ10,MiscCropAEZ10,1990,N2O_AWB,2.38764321884235e-06
Pakistan,MiscCrop,MiscCropAEZ11,MiscCropAEZ11,1990,N2O_AWB,7.49935831878076e-07
Pakistan,MiscCrop,MiscCropAEZ12,MiscCropAEZ12,1990,N2O_AWB,6.03692255253065e-07
Pakistan,MiscCrop,MiscCropAEZ13,MiscCropAEZ13,1990,N2O_AWB,1.76620787890354e-08
Pakistan,MiscCrop,MiscCropAEZ14,MiscCropAEZ14,1990,N2O_AWB,4.23632906712812e-08
Pakistan,OilCrop,OilCropAEZ01,OilCropAEZ01,1990,N2O_AWB,1.23641754332067e-07
Pakistan,OilCrop,OilCropAEZ07,OilCropAEZ07,1990,N2O_AWB,6.2865315101945e-07
Pakistan,OilCrop,OilCropAEZ08,OilCropAEZ08,1990,N2O_AWB,9.65149497156939e-08
Pakistan,OilCrop,OilCropAEZ09,OilCropAEZ09,1990,N2O_AWB,5.78435418017794e-08
Pakistan,OilCrop,OilCropAEZ10,OilCropAEZ10,1990,N2O_AWB,9.72260490686969e-08
Pakistan,OilCrop,OilCropAEZ11,OilCropAEZ11,1990,N2O_AWB,2.43598877634045e-08
Pakistan,OilCrop,OilCropAEZ12,OilCropAEZ12,1990,N2O_AWB,2.71543532595881e-08
Pakistan,OilCrop,OilCropAEZ13,OilCropAEZ13,1990,N2O_AWB,0
Pakistan,OilCrop,OilCropAEZ14,OilCropAEZ14,1990,N2O_AWB,3.99455326626367e-10
Pakistan,OtherGrain,OtherGrainAEZ01,OtherGrainAEZ01,1990,N2O_AWB,1.72598567843889e-07
Pakistan,OtherGrain,OtherGrainAEZ07,OtherGrainAEZ07,1990,N2O_AWB,8.30475242163605e-07
Pakistan,OtherGrain,OtherGrainAEZ08,OtherGrainAEZ08,1990,N2O_AWB,1.19863418390972e-07
Pakistan,OtherGrain,OtherGrainAEZ09,OtherGrainAEZ09,1990,N2O_AWB,7.67228205804845e-08
Pakistan,OtherGrain,OtherGrainAEZ10,OtherGrainAEZ10,1990,N2O_AWB,1.55344912762689e-07
Pakistan,OtherGrain,OtherGrainAEZ11,OtherGrainAEZ11,1990,N2O_AWB,4.14247932614514e-08
Pakistan,OtherGrain,OtherGrainAEZ12,OtherGrainAEZ12,1990,N2O_AWB,3.49414293856493e-08
Pakistan,OtherGrain,OtherGrainAEZ13,OtherGrainAEZ13,1990,N2O_AWB,0
Pakistan,OtherGrain,OtherGrainAEZ14,OtherGrainAEZ14,1990,N2O_AWB,5.32312857080592e-10
Pakistan,PalmFruit,PalmFruitAEZ01,PalmFruitAEZ01,1990,N2O_AWB,0
Pakistan,PalmFruit,PalmFruitAEZ07,PalmFruitAEZ07,1990,N2O_AWB,0
Pakistan,PalmFruit,PalmFruitAEZ08,PalmFruitAEZ08,1990,N2O_AWB,0
Pakistan,PalmFruit,PalmFruitAEZ09,PalmFruitAEZ09,1990,N2O_AWB,0
Pakistan,PalmFruit,PalmFruitAEZ10,PalmFruitAEZ10,1990,N2O_AWB,0
Pakistan,PalmFruit,PalmFruitAEZ11,PalmFruitAEZ11,1990,N2O_AWB,0
Pakistan,PalmFruit,PalmFruitAEZ12,PalmFruitAEZ12,1990,N2O_AWB,0
Pakistan,PalmFruit,PalmFruitAEZ13,PalmFruitAEZ13,1990,N2O_AWB,0
Pakistan,PalmFruit,PalmFruitAEZ14,PalmFruitAEZ14,1990,N2O_AWB,0
Pakistan,Rice,RiceAEZ01,RiceAEZ01,1990,N2O_AWB,2.47481127209477e-06
Pakistan,Rice,RiceAEZ07,RiceAEZ07,1990,N2O_AWB,6.61585502708385e-06
Pakistan,Rice,RiceAEZ08,RiceAEZ08,1990,N2O_AWB,1.12857220010436e-06
Pakistan,Rice,RiceAEZ09,RiceAEZ09,1990,N2O_AWB,4.29095422636207e-07
Pakistan,Rice,RiceAEZ10,RiceAEZ10,1990,N2O_AWB,1.23948814426992e-06
Pakistan,Rice,RiceAEZ11,RiceAEZ11,1990,N2O_AWB,2.53224298338885e-07
Pakistan,Rice,RiceAEZ12,RiceAEZ12,1990,N2O_AWB,1.11745935389638e-07
Pakistan,Rice,RiceAEZ13,RiceAEZ13,1990,N2O_AWB,2.08669164603961e-09
Pakistan,Rice,RiceAEZ14,RiceAEZ14,1990,N2O_AWB,3.93944624948392e-08
Pakistan,Root_Tuber,Root_TuberAEZ01,Root_TuberAEZ01,1990,N2O_AWB,1.37963632332698e-09
Pakistan,Root_Tuber,Root_TuberAEZ07,Root_TuberAEZ07,1990,N2O_AWB,1.58489023207554e-06
Pakistan,Root_Tuber,Root_TuberAEZ08,Root_TuberAEZ08,1990,N2O_AWB,3.58665837280613e-07
Pakistan,Root_Tuber,Root_TuberAEZ09,Root_TuberAEZ09,1990,N2O_AWB,1.80252126094964e-07
Pakistan,Root_Tuber,Root_TuberAEZ10,Root_TuberAEZ10,1990,N2O_AWB,3.98333682141633e-07
Pakistan,Root_Tuber,Root_TuberAEZ11,Root_TuberAEZ11,1990,N2O_AWB,9.64078640818645e-08
Pakistan,Root_Tuber,Root_TuberAEZ12,Root_TuberAEZ12,1990,N2O_AWB,6.19978198501769e-08
Pakistan,Root_Tuber,Root_TuberAEZ13,Root_TuberAEZ13,1990,N2O_AWB,0
Pakistan,Root_Tuber,Root_TuberAEZ14,Root_TuberAEZ14,1990,N2O_AWB,0
Pakistan,SugarCrop,SugarCropAEZ01,SugarCropAEZ01,1990,N2O_AWB,1.47251178005814e-05
Pakistan,SugarCrop,SugarCropAEZ07,SugarCropAEZ07,1990,N2O_AWB,5.00212153326807e-05
Pakistan,SugarCrop,SugarCropAEZ08,SugarCropAEZ08,1990,N2O_AWB,7.68070067712692e-06
Pakistan,SugarCrop,SugarCropAEZ09,SugarCropAEZ09,1990,N2O_AWB,5.27513450696639e-06
Pakistan,SugarCrop,SugarCropAEZ10,SugarCropAEZ10,1990,N2O_AWB,9.99624757156035e-06
Pakistan,SugarCrop,SugarCropAEZ11,SugarCropAEZ11,1990,N2O_AWB,2.80596339570175e-06
Pakistan,SugarCrop,SugarCropAEZ12,SugarCropAEZ12,1990,N2O_AWB,2.46070009735049e-06
Pakistan,SugarCrop,SugarCropAEZ13,SugarCropAEZ13,1990,N2O_AWB,7.06235092617013e-10
Pakistan,SugarCrop,SugarCropAEZ14,SugarCropAEZ14,1990,N2O_AWB,9.65847874102478e-08
Pakistan,Wheat,WheatAEZ01,WheatAEZ01,1990,N2O_AWB,2.71242536219426e-06
Pakistan,Wheat,WheatAEZ07,WheatAEZ07,1990,N2O_AWB,2.16443238136485e-05
Pakistan,Wheat,WheatAEZ08,WheatAEZ08,1990,N2O_AWB,4.06834376247168e-06
Pakistan,Wheat,WheatAEZ09,WheatAEZ09,1990,N2O_AWB,2.03182715832933e-06
Pakistan,Wheat,WheatAEZ10,WheatAEZ10,1990,N2O_AWB,4.48895390959546e-06
Pakistan,Wheat,WheatAEZ11,WheatAEZ11,1990,N2O_AWB,1.07606972148405e-06
Pakistan,Wheat,WheatAEZ12,WheatAEZ12,1990,N2O_AWB,5.68798158600027e-07
Pakistan,Wheat,WheatAEZ13,WheatAEZ13,1990,N2O_AWB,2.57709999392496e-09
Pakistan,Wheat,WheatAEZ14,WheatAEZ14,1990,N2O_AWB,2.2593909924566e-08
Pakistan,Corn,CornAEZ01,CornAEZ01,1990,NH3_AWB,1.01682862830654e-08
Pakistan,Corn,CornAEZ07,CornAEZ07,1990,NH3_AWB,2.35623944928131e-05
Pakistan,Corn,CornAEZ08,CornAEZ08,1990,NH3_AWB,4.5463946593852e-06
Pakistan,Corn,CornAEZ09,CornAEZ09,1990,NH3_AWB,7.4648600641757e-06
Pakistan,Corn,CornAEZ10,CornAEZ10,1990,NH3_AWB,9.86638183572674e-06
Pakistan,Corn,CornAEZ11,CornAEZ11,1990,NH3_AWB,3.6888803322834e-06
Pakistan,Corn,CornAEZ12,CornAEZ12,1990,NH3_AWB,6.319556476615e-06
Pakistan,Corn,CornAEZ13,CornAEZ13,1990,NH3_AWB,6.3150409547459e-08
Pakistan,Corn,CornAEZ14,CornAEZ14,1990,NH3_AWB,1.03178002293986e-06
Pakistan,FiberCrop,FiberCropAEZ01,FiberCropAEZ01,1990,NH3_AWB,3.07230721457329e-05
Pakistan,FiberCrop,FiberCropAEZ07,FiberCropAEZ07,1990,NH3_AWB,0.00013896146443366
Pakistan,FiberCrop,FiberCropAEZ08,FiberCropAEZ08,1990,NH3_AWB,2.26218229935705e-05
Pakistan,FiberCrop,FiberCropAEZ09,FiberCropAEZ09,1990,NH3_AWB,1.04065657183815e-05
Pakistan,FiberCrop,FiberCropAEZ10,FiberCropAEZ10,1990,NH3_AWB,2.53061297695207e-05
Pakistan,FiberCrop,FiberCropAEZ11,FiberCropAEZ11,1990,NH3_AWB,6.00810019351445e-06
Pakistan,FiberCrop,FiberCropAEZ12,FiberCropAEZ12,1990,NH3_AWB,9.45192450775467e-07
Pakistan,FiberCrop,FiberCropAEZ13,FiberCropAEZ13,1990,NH3_AWB,0
Pakistan,FiberCrop,FiberCropAEZ14,FiberCropAEZ14,1990,NH3_AWB,0
Pakistan,FodderGrass,FodderGrassAEZ01,FodderGrassAEZ01,1990,NH3_AWB,1.28807204723272e-07
Pakistan,FodderGrass,FodderGrassAEZ07,FodderGrassAEZ07,1990,NH3_AWB,1.74043205207372e-07
Pakistan,FodderGrass,FodderGrassAEZ08,FodderGrassAEZ08,1990,NH3_AWB,9.81344411880616e-08
Pakistan,FodderGrass,FodderGrassAEZ09,FodderGrassAEZ09,1990,NH3_AWB,5.66887672036465e-09
Pakistan,FodderGrass,FodderGrassAEZ10,FodderGrassAEZ10,1990,NH3_AWB,1.78020108803804e-07
Pakistan,FodderGrass,FodderGrassAEZ11,FodderGrassAEZ11,1990,NH3_AWB,1.87343851939914e-09
Pakistan,FodderGrass,FodderGrassAEZ12,FodderGrassAEZ12,1990,NH3_AWB,0
Pakistan,FodderGrass,FodderGrassAEZ13,FodderGrassAEZ13,1990,NH3_AWB,2.17247304432369e-10
Pakistan,FodderGrass,FodderGrassAEZ14,FodderGrassAEZ14,1990,NH3_AWB,2.0779065706296e-09
Pakistan,FodderHerb,FodderHerbAEZ01,FodderHerbAEZ01,1990,NH3_AWB,0
Pakistan,FodderHerb,FodderHerbAEZ07,FodderHerbAEZ07,1990,NH3_AWB,0
Pakistan,FodderHerb,FodderHerbAEZ08,FodderHerbAEZ08,1990,NH3_AWB,0
Pakistan,FodderHerb,FodderHerbAEZ09,FodderHerbAEZ09,1990,NH3_AWB,0
Pakistan,FodderHerb,FodderHerbAEZ10,FodderHerbAEZ10,1990,NH3_AWB,0
Pakistan,FodderHerb,FodderHerbAEZ11,FodderHerbAEZ11,1990,NH3_AWB,0
Pakistan,FodderHerb,FodderHerbAEZ12,FodderHerbAEZ12,1990,NH3_AWB,0
Pakistan,FodderHerb,FodderHerbAEZ13,FodderHerbAEZ13,1990,NH3_AWB,0
Pakistan,FodderHerb,FodderHerbAEZ14,FodderHerbAEZ14,1990,NH3_AWB,0
Pakistan,MiscCrop,MiscCropAEZ01,MiscCropAEZ01,1990,NH3_AWB,5.01473334051584e-05
Pakistan,MiscCrop,MiscCropAEZ07,MiscCropAEZ07,1990,NH3_AWB,0.000218471092628858
Pakistan,MiscCrop,MiscCropAEZ08,MiscCropAEZ08,1990,NH3_AWB,3.26545001632449e-05
Pakistan,MiscCrop,MiscCropAEZ09,MiscCropAEZ09,1990,NH3_AWB,2.10324678760325e-05
Pakistan,MiscCrop,MiscCropAEZ10,MiscCropAEZ10,1990,NH3_AWB,4.43790206980481e-05
Pakistan,MiscCrop,MiscCropAEZ11,MiscCropAEZ11,1990,NH3_AWB,1.39390247012121e-05
Pakistan,MiscCrop,MiscCropAEZ12,MiscCropAEZ12,1990,NH3_AWB,1.12208017008994e-05
Pakistan,MiscCrop,MiscCropAEZ13,MiscCropAEZ13,1990,NH3_AWB,3.28284290535331e-07
Pakistan,MiscCrop,MiscCropAEZ14,MiscCropAEZ14,1990,NH3_AWB,7.87404641824901e-07
Pakistan,OilCrop,OilCropAEZ01,OilCropAEZ01,1990,NH3_AWB,2.29812391204167e-06
Pakistan,OilCrop,OilCropAEZ07,OilCropAEZ07,1990,NH3_AWB,1.16847487852528e-05
Pakistan,OilCrop,OilCropAEZ08,OilCropAEZ08,1990,NH3_AWB,1.79391917406344e-06
Pakistan,OilCrop,OilCropAEZ09,OilCropAEZ09,1990,NH3_AWB,1.07513539653307e-06
Pakistan,OilCrop,OilCropAEZ10,OilCropAEZ10,1990,NH3_AWB,1.80713634682034e-06
Pakistan,OilCrop,OilCropAEZ11,OilCropAEZ11,1990,NH3_AWB,4.52776174732844e-07
Pakistan,OilCrop,OilCropAEZ12,OilCropAEZ12,1990,NH3_AWB,5.04716783411909e-07
Pakistan,OilCrop,OilCropAEZ13,OilCropAEZ13,1990,NH3_AWB,0
Pakistan,OilCrop,OilCropAEZ14,OilCropAEZ14,1990,NH3_AWB,7.42465878838140e-09
Pakistan,OtherGrain,OtherGrainAEZ01,OtherGrainAEZ01,1990,NH3_AWB,3.2080820762288e-06
Pakistan,OtherGrain,OtherGrainAEZ07,OtherGrainAEZ07,1990,NH3_AWB,1.54360072184757e-05
Pakistan,OtherGrain,OtherGrainAEZ08,OtherGrainAEZ08,1990,NH3_AWB,2.22789614618003e-06
Pakistan,OtherGrain,OtherGrainAEZ09,OtherGrainAEZ09,1990,NH3_AWB,1.42604373035466e-06
Pakistan,OtherGrain,OtherGrainAEZ10,OtherGrainAEZ10,1990,NH3_AWB,2.88738913939345e-06
Pakistan,OtherGrain,OtherGrainAEZ11,OtherGrainAEZ11,1990,NH3_AWB,7.69960831272629e-07
Pakistan,OtherGrain,OtherGrainAEZ12,OtherGrainAEZ12,1990,NH3_AWB,6.49454828798481e-07
Pakistan,OtherGrain,OtherGrainAEZ13,OtherGrainAEZ13,1990,NH3_AWB,0
Pakistan,OtherGrain,OtherGrainAEZ14,OtherGrainAEZ14,1990,NH3_AWB,9.8940759305197e-09
Pakistan,PalmFruit,PalmFruitAEZ01,PalmFruitAEZ01,1990,NH3_AWB,0
Pakistan,PalmFruit,PalmFruitAEZ07,PalmFruitAEZ07,1990,NH3_AWB,0
Pakistan,PalmFruit,PalmFruitAEZ08,PalmFruitAEZ08,1990,NH3_AWB,0
Pakistan,PalmFruit,PalmFruitAEZ09,PalmFruitAEZ09,1990,NH3_AWB,0
Pakistan,PalmFruit,PalmFruitAEZ10,PalmFruitAEZ10,1990,NH3_AWB,0
Pakistan,PalmFruit,PalmFruitAEZ11,PalmFruitAEZ11,1990,NH3_AWB,0
Pakistan,PalmFruit,PalmFruitAEZ12,PalmFruitAEZ12,1990,NH3_AWB,0
Pakistan,PalmFruit,PalmFruitAEZ13,PalmFruitAEZ13,1990,NH3_AWB,0
Pakistan,PalmFruit,PalmFruitAEZ14,PalmFruitAEZ14,1990,NH3_AWB,0
Pakistan,Rice,RiceAEZ01,RiceAEZ01,1990,NH3_AWB,4.59992095139354e-05
Pakistan,Rice,RiceAEZ07,RiceAEZ07,1990,NH3_AWB,0.000122968609742537
Pakistan,Rice,RiceAEZ08,RiceAEZ08,1990,NH3_AWB,2.09767224149832e-05
Pakistan,Rice,RiceAEZ09,RiceAEZ09,1990,NH3_AWB,7.97557796421645e-06
Pakistan,Rice,RiceAEZ10,RiceAEZ10,1990,NH3_AWB,2.3038312246756e-05
Pakistan,Rice,RiceAEZ11,RiceAEZ11,1990,NH3_AWB,4.70666902347275e-06
Pakistan,Rice,RiceAEZ12,RiceAEZ12,1990,NH3_AWB,2.07701684256827e-06
Pakistan,Rice,RiceAEZ13,RiceAEZ13,1990,NH3_AWB,3.87852468992144e-08
Pakistan,Rice,RiceAEZ14,RiceAEZ14,1990,NH3_AWB,7.32223161588859e-07
Pakistan,Root_Tuber,Root_TuberAEZ01,Root_TuberAEZ01,1990,NH3_AWB,2.56432403574906e-08
Pakistan,Root_Tuber,Root_TuberAEZ07,Root_TuberAEZ07,1990,NH3_AWB,2.94582858353171e-05
Pakistan,Root_Tuber,Root_TuberAEZ08,Root_TuberAEZ08,1990,NH3_AWB,6.66650632336792e-06
Pakistan,Root_Tuber,Root_TuberAEZ09,Root_TuberAEZ09,1990,NH3_AWB,3.35033843067813e-06
Pakistan,Root_Tuber,Root_TuberAEZ10,Root_TuberAEZ10,1990,NH3_AWB,7.40381083111079e-06
Pakistan,Root_Tuber,Root_TuberAEZ11,Root_TuberAEZ11,1990,NH3_AWB,1.79192877804335e-06
Pakistan,Root_Tuber,Root_TuberAEZ12,Root_TuberAEZ12,1990,NH3_AWB,1.15235078199785e-06
Pakistan,Root_Tuber,Root_TuberAEZ13,Root_TuberAEZ13,1990,NH3_AWB,0
Pakistan,Root_Tuber,Root_TuberAEZ14,Root_TuberAEZ14,1990,NH3_AWB,0
Pakistan,SugarCrop,SugarCropAEZ01,SugarCropAEZ01,1990,NH3_AWB,0.000273695124336893
Pakistan,SugarCrop,SugarCropAEZ07,SugarCropAEZ07,1990,NH3_AWB,0.000929742154553087
Pakistan,SugarCrop,SugarCropAEZ08,SugarCropAEZ08,1990,NH3_AWB,0.00014276084954225
Pakistan,SugarCrop,SugarCropAEZ09,SugarCropAEZ09,1990,NH3_AWB,9.804869572731e-05
Pakistan,SugarCrop,SugarCropAEZ10,SugarCropAEZ10,1990,NH3_AWB,0.000185799818993133
Pakistan,SugarCrop,SugarCropAEZ11,SugarCropAEZ11,1990,NH3_AWB,5.21543196375e-05
Pakistan,SugarCrop,SugarCropAEZ12,SugarCropAEZ12,1990,NH3_AWB,4.57369257224928e-05
Pakistan,SugarCrop,SugarCropAEZ13,SugarCropAEZ13,1990,NH3_AWB,1.31267609605988e-08
Pakistan,SugarCrop,SugarCropAEZ14,SugarCropAEZ14,1990,NH3_AWB,1.79521724425569e-06
Pakistan,Wheat,WheatAEZ01,WheatAEZ01,1990,NH3_AWB,5.04157322755672e-05
Pakistan,Wheat,WheatAEZ07,WheatAEZ07,1990,NH3_AWB,0.000402302105666728
Pakistan,Wheat,WheatAEZ08,WheatAEZ08,1990,NH3_AWB,7.56181286285497e-05
Pakistan,Wheat,WheatAEZ09,WheatAEZ09,1990,NH3_AWB,3.7765483051556e-05
Pakistan,Wheat,WheatAEZ10,WheatAEZ10,1990,NH3_AWB,8.34359911457418e-05
Pakistan,Wheat,WheatAEZ11,WheatAEZ11,1990,NH3_AWB,2.0000861127584e-05
Pakistan,Wheat,WheatAEZ12,WheatAEZ12,1990,NH3_AWB,1.0572226643544e-05
Pakistan,Wheat,WheatAEZ13,WheatAEZ13,1990,NH3_AWB,4.79004455392574e-08
Pakistan,Wheat,WheatAEZ14,WheatAEZ14,1990,NH3_AWB,4.19952021423999e-07
Pakistan,Corn,CornAEZ01,CornAEZ01,1990,NMVOC_AWB,5.47065694761416e-08
Pakistan,Corn,CornAEZ07,CornAEZ07,1990,NMVOC_AWB,0.000126768438206948
Pakistan,Corn,CornAEZ08,CornAEZ08,1990,NMVOC_AWB,2.44601350095578e-05
Pakistan,Corn,CornAEZ09,CornAEZ09,1990,NMVOC_AWB,4.01618202283137e-05
Pakistan,Corn,CornAEZ10,CornAEZ10,1990,NMVOC_AWB,5.30822882389977e-05
Pakistan,Corn,CornAEZ11,CornAEZ11,1990,NMVOC_AWB,1.98466076356768e-05
Pakistan,Corn,CornAEZ12,CornAEZ12,1990,NMVOC_AWB,3.39999529736012e-05
Pakistan,Corn,CornAEZ13,CornAEZ13,1990,NMVOC_AWB,3.39756589378142e-07
Pakistan,Corn,CornAEZ14,CornAEZ14,1990,NMVOC_AWB,5.55109719944252e-06
Pakistan,FiberCrop,FiberCropAEZ01,FiberCropAEZ01,1990,NMVOC_AWB,0.000165293721485814
Pakistan,FiberCrop,FiberCropAEZ07,FiberCropAEZ07,1990,NMVOC_AWB,0.00074762893145595
Pakistan,FiberCrop,FiberCropAEZ08,FiberCropAEZ08,1990,NMVOC_AWB,0.00012170805353266
Pakistan,FiberCrop,FiberCropAEZ09,FiberCropAEZ09,1990,NMVOC_AWB,5.5988540707082e-05
Pakistan,FiberCrop,FiberCropAEZ10,FiberCropAEZ10,1990,NMVOC_AWB,0.000136149937941281
Pakistan,FiberCrop,FiberCropAEZ11,FiberCropAEZ11,1990,NMVOC_AWB,3.23242817428848e-05
Pakistan,FiberCrop,FiberCropAEZ12,FiberCropAEZ12,1990,NMVOC_AWB,5.08524593399667e-06
Pakistan,FiberCrop,FiberCropAEZ13,FiberCropAEZ13,1990,NMVOC_AWB,0
Pakistan,FiberCrop,FiberCropAEZ14,FiberCropAEZ14,1990,NMVOC_AWB,0
Pakistan,FodderGrass,FodderGrassAEZ01,FodderGrassAEZ01,1990,NMVOC_AWB,6.92997826581346e-07
Pakistan,FodderGrass,FodderGrassAEZ07,FodderGrassAEZ07,1990,NMVOC_AWB,9.36372799946096e-07
Pakistan,FodderGrass,FodderGrassAEZ08,FodderGrassAEZ08,1990,NMVOC_AWB,5.27974771304191e-07
Pakistan,FodderGrass,FodderGrassAEZ09,FodderGrassAEZ09,1990,NMVOC_AWB,3.04992197820788e-08
Pakistan,FodderGrass,FodderGrassAEZ10,FodderGrassAEZ10,1990,NMVOC_AWB,9.57769006429824e-07
Pakistan,FodderGrass,FodderGrassAEZ11,FodderGrassAEZ11,1990,NMVOC_AWB,1.00793183499837e-08
Pakistan,FodderGrass,FodderGrassAEZ12,FodderGrassAEZ12,1990,NMVOC_AWB,0
Pakistan,FodderGrass,FodderGrassAEZ13,FodderGrassAEZ13,1990,NMVOC_AWB,1.1688159068876e-09
Pakistan,FodderGrass,FodderGrassAEZ14,FodderGrassAEZ14,1990,NMVOC_AWB,1.11793803799955e-08
Pakistan,FodderHerb,FodderHerbAEZ01,FodderHerbAEZ01,1990,NMVOC_AWB,0
Pakistan,FodderHerb,FodderHerbAEZ07,FodderHerbAEZ07,1990,NMVOC_AWB,0
Pakistan,FodderHerb,FodderHerbAEZ08,FodderHerbAEZ08,1990,NMVOC_AWB,0
Pakistan,FodderHerb,FodderHerbAEZ09,FodderHerbAEZ09,1990,NMVOC_AWB,0
Pakistan,FodderHerb,FodderHerbAEZ10,FodderHerbAEZ10,1990,NMVOC_AWB,0
Pakistan,FodderHerb,FodderHerbAEZ11,FodderHerbAEZ11,1990,NMVOC_AWB,0
Pakistan,FodderHerb,FodderHerbAEZ12,FodderHerbAEZ12,1990,NMVOC_AWB,0
Pakistan,FodderHerb,FodderHerbAEZ13,FodderHerbAEZ13,1990,NMVOC_AWB,0
Pakistan,FodderHerb,FodderHerbAEZ14,FodderHerbAEZ14,1990,NMVOC_AWB,0
Pakistan,MiscCrop,MiscCropAEZ01,MiscCropAEZ01,1990,NMVOC_AWB,0.000269798518904946
Pakistan,MiscCrop,MiscCropAEZ07,MiscCropAEZ07,1990,NMVOC_AWB,0.00117540003051783
Pakistan,MiscCrop,MiscCropAEZ08,MiscCropAEZ08,1990,NMVOC_AWB,0.000175685030118042
Pakistan,MiscCrop,MiscCropAEZ09,MiscCropAEZ09,1990,NMVOC_AWB,0.000113157137110818
Pakistan,MiscCrop,MiscCropAEZ10,MiscCropAEZ10,1990,NMVOC_AWB,0.000238764321884235
Pakistan,MiscCrop,MiscCropAEZ11,MiscCropAEZ11,1990,NMVOC_AWB,7.49935831878076e-05
Pakistan,MiscCrop,MiscCropAEZ12,MiscCropAEZ12,1990,NMVOC_AWB,6.03692255253065e-05
Pakistan,MiscCrop,MiscCropAEZ13,MiscCropAEZ13,1990,NMVOC_AWB,1.76620787890354e-06
Pakistan,MiscCrop,MiscCropAEZ14,MiscCropAEZ14,1990,NMVOC_AWB,4.23632906712812e-06
Pakistan,OilCrop,OilCropAEZ01,OilCropAEZ01,1990,NMVOC_AWB,1.23641754332067e-05
Pakistan,OilCrop,OilCropAEZ07,OilCropAEZ07,1990,NMVOC_AWB,6.2865315101945e-05
Pakistan,OilCrop,OilCropAEZ08,OilCropAEZ08,1990,NMVOC_AWB,9.65149497156939e-06
Pakistan,OilCrop,OilCropAEZ09,OilCropAEZ09,1990,NMVOC_AWB,5.78435418017794e-06
Pakistan,OilCrop,OilCropAEZ10,OilCropAEZ10,1990,NMVOC_AWB,9.72260490686969e-06
Pakistan,OilCrop,OilCropAEZ11,OilCropAEZ11,1990,NMVOC_AWB,2.43598877634045e-06
Pakistan,OilCrop,OilCropAEZ12,OilCropAEZ12,1990,NMVOC_AWB,2.71543532595881e-06
Pakistan,OilCrop,OilCropAEZ13,OilCropAEZ13,1990,NMVOC_AWB,0
Pakistan,OilCrop,OilCropAEZ14,OilCropAEZ14,1990,NMVOC_AWB,3.99455326626367e-08
Pakistan,OtherGrain,OtherGrainAEZ01,OtherGrainAEZ01,1990,NMVOC_AWB,1.72598567843889e-05
Pakistan,OtherGrain,OtherGrainAEZ07,OtherGrainAEZ07,1990,NMVOC_AWB,8.30475242163605e-05
Pakistan,OtherGrain,OtherGrainAEZ08,OtherGrainAEZ08,1990,NMVOC_AWB,1.19863418390972e-05
Pakistan,OtherGrain,OtherGrainAEZ09,OtherGrainAEZ09,1990,NMVOC_AWB,7.67228205804845e-06
Pakistan,OtherGrain,OtherGrainAEZ10,OtherGrainAEZ10,1990,NMVOC_AWB,1.55344912762689e-05
Pakistan,OtherGrain,OtherGrainAEZ11,OtherGrainAEZ11,1990,NMVOC_AWB,4.14247932614514e-06
Pakistan,OtherGrain,OtherGrainAEZ12,OtherGrainAEZ12,1990,NMVOC_AWB,3.49414293856493e-06
Pakistan,OtherGrain,OtherGrainAEZ13,OtherGrainAEZ13,1990,NMVOC_AWB,0
Pakistan,OtherGrain,OtherGrainAEZ14,OtherGrainAEZ14,1990,NMVOC_AWB,5.32312857080592e-08
Pakistan,PalmFruit,PalmFruitAEZ01,PalmFruitAEZ01,1990,NMVOC_AWB,0
Pakistan,PalmFruit,PalmFruitAEZ07,PalmFruitAEZ07,1990,NMVOC_AWB,0
Pakistan,PalmFruit,PalmFruitAEZ08,PalmFruitAEZ08,1990,NMVOC_AWB,0
Pakistan,PalmFruit,PalmFruitAEZ09,PalmFruitAEZ09,1990,NMVOC_AWB,0
Pakistan,PalmFruit,PalmFruitAEZ10,PalmFruitAEZ10,1990,NMVOC_AWB,0
Pakistan,PalmFruit,PalmFruitAEZ11,PalmFruitAEZ11,1990,NMVOC_AWB,0
Pakistan,PalmFruit,PalmFruitAEZ12,PalmFruitAEZ12,1990,NMVOC_AWB,0
Pakistan,PalmFruit,PalmFruitAEZ13,PalmFruitAEZ13,1990,NMVOC_AWB,0
Pakistan,PalmFruit,PalmFruitAEZ14,PalmFruitAEZ14,1990,NMVOC_AWB,0
Pakistan,Rice,RiceAEZ01,RiceAEZ01,1990,NMVOC_AWB,0.000247481127209477
Pakistan,Rice,RiceAEZ07,RiceAEZ07,1990,NMVOC_AWB,0.000661585502708385
Pakistan,Rice,RiceAEZ08,RiceAEZ08,1990,NMVOC_AWB,0.000112857220010436
Pakistan,Rice,RiceAEZ09,RiceAEZ09,1990,NMVOC_AWB,4.29095422636207e-05
Pakistan,Rice,RiceAEZ10,RiceAEZ10,1990,NMVOC_AWB,0.000123948814426992
Pakistan,Rice,RiceAEZ11,RiceAEZ11,1990,NMVOC_AWB,2.53224298338885e-05
Pakistan,Rice,RiceAEZ12,RiceAEZ12,1990,NMVOC_AWB,1.11745935389638e-05
Pakistan,Rice,RiceAEZ13,RiceAEZ13,1990,NMVOC_AWB,2.08669164603961e-07
Pakistan,Rice,RiceAEZ14,RiceAEZ14,1990,NMVOC_AWB,3.93944624948392e-06
Pakistan,Root_Tuber,Root_TuberAEZ01,Root_TuberAEZ01,1990,NMVOC_AWB,1.37963632332698e-07
Pakistan,Root_Tuber,Root_TuberAEZ07,Root_TuberAEZ07,1990,NMVOC_AWB,0.000158489023207554
Pakistan,Root_Tuber,Root_TuberAEZ08,Root_TuberAEZ08,1990,NMVOC_AWB,3.58665837280613e-05
Pakistan,Root_Tuber,Root_TuberAEZ09,Root_TuberAEZ09,1990,NMVOC_AWB,1.80252126094964e-05
Pakistan,Root_Tuber,Root_TuberAEZ10,Root_TuberAEZ10,1990,NMVOC_AWB,3.98333682141633e-05
Pakistan,Root_Tuber,Root_TuberAEZ11,Root_TuberAEZ11,1990,NMVOC_AWB,9.64078640818645e-06
Pakistan,Root_Tuber,Root_TuberAEZ12,Root_TuberAEZ12,1990,NMVOC_AWB,6.19978198501769e-06
Pakistan,Root_Tuber,Root_TuberAEZ13,Root_TuberAEZ13,1990,NMVOC_AWB,0
Pakistan,Root_Tuber,Root_TuberAEZ14,Root_TuberAEZ14,1990,NMVOC_AWB,0
Pakistan,SugarCrop,SugarCropAEZ01,SugarCropAEZ01,1990,NMVOC_AWB,0.00147251178005814
Pakistan,SugarCrop,SugarCropAEZ07,SugarCropAEZ07,1990,NMVOC_AWB,0.00500212153326807
Pakistan,SugarCrop,SugarCropAEZ08,SugarCropAEZ08,1990,NMVOC_AWB,0.000768070067712692
Pakistan,SugarCrop,SugarCropAEZ09,SugarCropAEZ09,1990,NMVOC_AWB,0.000527513450696639
Pakistan,SugarCrop,SugarCropAEZ10,SugarCropAEZ10,1990,NMVOC_AWB,0.000999624757156035
Pakistan,SugarCrop,SugarCropAEZ11,SugarCropAEZ11,1990,NMVOC_AWB,0.000280596339570175
Pakistan,SugarCrop,SugarCropAEZ12,SugarCropAEZ12,1990,NMVOC_AWB,0.000246070009735049
Pakistan,SugarCrop,SugarCropAEZ13,SugarCropAEZ13,1990,NMVOC_AWB,7.06235092617013e-08
Pakistan,SugarCrop,SugarCropAEZ14,SugarCropAEZ14,1990,NMVOC_AWB,9.65847874102478e-06
Pakistan,Wheat,WheatAEZ01,WheatAEZ01,1990,NMVOC_AWB,0.000271242536219426
Pakistan,Wheat,WheatAEZ07,WheatAEZ07,1990,NMVOC_AWB,0.00216443238136485
Pakistan,Wheat,WheatAEZ08,WheatAEZ08,1990,NMVOC_AWB,0.000406834376247168
Pakistan,Wheat,WheatAEZ09,WheatAEZ09,1990,NMVOC_AWB,0.000203182715832933
Pakistan,Wheat,WheatAEZ10,WheatAEZ10,1990,NMVOC_AWB,0.000448895390959546
Pakistan,Wheat,WheatAEZ11,WheatAEZ11,1990,NMVOC_AWB,0.000107606972148405
Pakistan,Wheat,WheatAEZ12,WheatAEZ12,1990,NMVOC_AWB,5.68798158600027e-05
Pakistan,Wheat,WheatAEZ13,WheatAEZ13,1990,NMVOC_AWB,2.57709999392496e-07
Pakistan,Wheat,WheatAEZ14,WheatAEZ14,1990,NMVOC_AWB,2.2593909924566e-06
Pakistan,Corn,CornAEZ01,CornAEZ01,1990,NOx_AWB,2.97318312370335e-08
Pakistan,Corn,CornAEZ07,CornAEZ07,1990,NOx_AWB,6.88958903298629e-05
Pakistan,Corn,CornAEZ08,CornAEZ08,1990,NOx_AWB,1.32935516356292e-05
Pakistan,Corn,CornAEZ09,CornAEZ09,1990,NOx_AWB,2.18270762110401e-05
Pakistan,Corn,CornAEZ10,CornAEZ10,1990,NOx_AWB,2.88490696951074e-05
Pakistan,Corn,CornAEZ11,CornAEZ11,1990,NOx_AWB,1.07861998019982e-05
Pakistan,Corn,CornAEZ12,CornAEZ12,1990,NOx_AWB,1.84782353117398e-05
Pakistan,Corn,CornAEZ13,CornAEZ13,1990,NOx_AWB,1.84650320314208e-07
Pakistan,Corn,CornAEZ14,CornAEZ14,1990,NOx_AWB,3.01690065187093e-06
Pakistan,FiberCrop,FiberCropAEZ01,FiberCropAEZ01,1990,NOx_AWB,8.98335442857687e-05
Pakistan,FiberCrop,FiberCropAEZ07,FiberCropAEZ07,1990,NOx_AWB,0.000406320071443451
Pakistan,FiberCrop,FiberCropAEZ08,FiberCropAEZ08,1990,NOx_AWB,6.61456812677499e-05
Pakistan,FiberCrop,FiberCropAEZ09,FiberCropAEZ09,1990,NOx_AWB,3.04285547321098e-05
Pakistan,FiberCrop,FiberCropAEZ10,FiberCropAEZ10,1990,NOx_AWB,7.39945314898267e-05
Pakistan,FiberCrop,FiberCropAEZ11,FiberCropAEZ11,1990,NOx_AWB,1.75675444254809e-05
Pakistan,FiberCrop,FiberCropAEZ12,FiberCropAEZ12,1990,NOx_AWB,2.76372061630254e-06
Pakistan,FiberCrop,FiberCropAEZ13,FiberCropAEZ13,1990,NOx_AWB,0
Pakistan,FiberCrop,FiberCropAEZ14,FiberCropAEZ14,1990,NOx_AWB,0
Pakistan,FodderGrass,FodderGrassAEZ01,FodderGrassAEZ01,1990,NOx_AWB,3.76629253576819e-07
Pakistan,FodderGrass,FodderGrassAEZ07,FodderGrassAEZ07,1990,NOx_AWB,5.08898260840269e-07
Pakistan,FodderGrass,FodderGrassAEZ08,FodderGrassAEZ08,1990,NOx_AWB,2.86942810491408e-07
Pakistan,FodderGrass,FodderGrassAEZ09,FodderGrassAEZ09,1990,NOx_AWB,1.65756629250428e-08
Pakistan,FodderGrass,FodderGrassAEZ10,FodderGrassAEZ10,1990,NOx_AWB,5.20526633929252e-07
Pakistan,FodderGrass,FodderGrassAEZ11,FodderGrassAEZ11,1990,NOx_AWB,5.47789040759982e-09
Pakistan,FodderGrass,FodderGrassAEZ12,FodderGrassAEZ12,1990,NOx_AWB,0
Pakistan,FodderGrass,FodderGrassAEZ13,FodderGrassAEZ13,1990,NOx_AWB,6.35226036351956e-10
Pakistan,FodderGrass,FodderGrassAEZ14,FodderGrassAEZ14,1990,NOx_AWB,6.07575020651931e-09
Pakistan,FodderHerb,FodderHerbAEZ01,FodderHerbAEZ01,1990,NOx_AWB,0
Pakistan,FodderHerb,FodderHerbAEZ07,FodderHerbAEZ07,1990,NOx_AWB,0
Pakistan,FodderHerb,FodderHerbAEZ08,FodderHerbAEZ08,1990,NOx_AWB,0
Pakistan,FodderHerb,FodderHerbAEZ09,FodderHerbAEZ09,1990,NOx_AWB,0
Pakistan,FodderHerb,FodderHerbAEZ10,FodderHerbAEZ10,1990,NOx_AWB,0
Pakistan,FodderHerb,FodderHerbAEZ11,FodderHerbAEZ11,1990,NOx_AWB,0
Pakistan,FodderHerb,FodderHerbAEZ12,FodderHerbAEZ12,1990,NOx_AWB,0
Pakistan,FodderHerb,FodderHerbAEZ13,FodderHerbAEZ13,1990,NOx_AWB,0
Pakistan,FodderHerb,FodderHerbAEZ14,FodderHerbAEZ14,1990,NOx_AWB,0
Pakistan,MiscCrop,MiscCropAEZ01,MiscCropAEZ01,1990,NOx_AWB,0.000146629629839644
Pakistan,MiscCrop,MiscCropAEZ07,MiscCropAEZ07,1990,NOx_AWB,0.000638804364411867
Pakistan,MiscCrop,MiscCropAEZ08,MiscCropAEZ08,1990,NOx_AWB,9.54809946293709e-05
Pakistan,MiscCrop,MiscCropAEZ09,MiscCropAEZ09,1990,NOx_AWB,6.14984440819663e-05
Pakistan,MiscCrop,MiscCropAEZ10,MiscCropAEZ10,1990,NOx_AWB,0.000129763218415345
Pakistan,MiscCrop,MiscCropAEZ11,MiscCropAEZ11,1990,NOx_AWB,4.07573821672867e-05
Pakistan,MiscCrop,MiscCropAEZ12,MiscCropAEZ12,1990,NOx_AWB,3.28093616985362e-05
Pakistan,MiscCrop,MiscCropAEZ13,MiscCropAEZ13,1990,NOx_AWB,9.59895586360618e-07
Pakistan,MiscCrop,MiscCropAEZ14,MiscCropAEZ14,1990,NOx_AWB,2.30235275387398e-06
Pakistan,OilCrop,OilCropAEZ01,OilCropAEZ01,1990,NOx_AWB,6.71966056152536e-06
Pakistan,OilCrop,OilCropAEZ07,OilCropAEZ07,1990,NOx_AWB,3.41659321206223e-05
Pakistan,OilCrop,OilCropAEZ08,OilCropAEZ08,1990,NOx_AWB,5.24537770193988e-06
Pakistan,OilCrop,OilCropAEZ09,OilCropAEZ09,1990,NOx_AWB,3.1436707500967e-06
Pakistan,OilCrop,OilCropAEZ10,OilCropAEZ10,1990,NOx_AWB,5.28402440590744e-06
Pakistan,OilCrop,OilCropAEZ11,OilCropAEZ11,1990,NOx_AWB,1.32390694366329e-06
Pakistan,OilCrop,OilCropAEZ12,OilCropAEZ12,1990,NOx_AWB,1.47578006845587e-06
Pakistan,OilCrop,OilCropAEZ13,OilCropAEZ13,1990,NOx_AWB,0
Pakistan,OilCrop,OilCropAEZ14,OilCropAEZ14,1990,NOx_AWB,2.17095286209982e-08
Pakistan,OtherGrain,OtherGrainAEZ01,OtherGrainAEZ01,1990,NOx_AWB,9.38035694803743e-06
Pakistan,OtherGrain,OtherGrainAEZ07,OtherGrainAEZ07,1990,NOx_AWB,4.51345240306307e-05
Pakistan,OtherGrain,OtherGrainAEZ08,OtherGrainAEZ08,1990,NOx_AWB,6.51431621690068e-06
Pakistan,OtherGrain,OtherGrainAEZ09,OtherGrainAEZ09,1990,NOx_AWB,4.16971850980894e-06
Pakistan,OtherGrain,OtherGrainAEZ10,OtherGrainAEZ10,1990,NOx_AWB,8.44265830232003e-06
Pakistan,OtherGrain,OtherGrainAEZ11,OtherGrainAEZ11,1990,NOx_AWB,2.25134745986149e-06
Pakistan,OtherGrain,OtherGrainAEZ12,OtherGrainAEZ12,1990,NOx_AWB,1.89899072748094e-06
Pakistan,OtherGrain,OtherGrainAEZ13,OtherGrainAEZ13,1990,NOx_AWB,0
Pakistan,OtherGrain,OtherGrainAEZ14,OtherGrainAEZ14,1990,NOx_AWB,2.8930046580467e-08
Pakistan,PalmFruit,PalmFruitAEZ01,PalmFruitAEZ01,1990,NOx_AWB,0
Pakistan,PalmFruit,PalmFruitAEZ07,PalmFruitAEZ07,1990,NOx_AWB,0
Pakistan,PalmFruit,PalmFruitAEZ08,PalmFruitAEZ08,1990,NOx_AWB,0
Pakistan,PalmFruit,PalmFruitAEZ09,PalmFruitAEZ09,1990,NOx_AWB,0
Pakistan,PalmFruit,PalmFruitAEZ10,PalmFruitAEZ10,1990,NOx_AWB,0
Pakistan,PalmFruit,PalmFruitAEZ11,PalmFruitAEZ11,1990,NOx_AWB,0
Pakistan,PalmFruit,PalmFruitAEZ12,PalmFruitAEZ12,1990,NOx_AWB,0
Pakistan,PalmFruit,PalmFruitAEZ13,PalmFruitAEZ13,1990,NOx_AWB,0
Pakistan,PalmFruit,PalmFruitAEZ14,PalmFruitAEZ14,1990,NOx_AWB,0
Pakistan,Rice,RiceAEZ01,RiceAEZ01,1990,NOx_AWB,0.000134500612613846
Pakistan,Rice,RiceAEZ07,RiceAEZ07,1990,NOx_AWB,0.00035955733842847
Pakistan,Rice,RiceAEZ08,RiceAEZ08,1990,NOx_AWB,6.13354456578457e-05
Pakistan,Rice,RiceAEZ09,RiceAEZ09,1990,NOx_AWB,2.33204034041417e-05
Pakistan,Rice,RiceAEZ10,RiceAEZ10,1990,NOx_AWB,6.73634861016258e-05
Pakistan,Rice,RiceAEZ11,RiceAEZ11,1990,NOx_AWB,1.37621901271133e-05
Pakistan,Rice,RiceAEZ12,RiceAEZ12,1990,NOx_AWB,6.07314866248034e-06
Pakistan,Rice,RiceAEZ13,RiceAEZ13,1990,NOx_AWB,1.13407154676066e-07
Pakistan,Rice,RiceAEZ14,RiceAEZ14,1990,NOx_AWB,2.14100339645865e-06
Pakistan,Root_Tuber,Root_TuberAEZ01,Root_TuberAEZ01,1990,NOx_AWB,7.49802349634229e-08
Pakistan,Root_Tuber,Root_TuberAEZ07,Root_TuberAEZ07,1990,NOx_AWB,8.61353386997575e-05
Pakistan,Root_Tuber,Root_TuberAEZ08,Root_TuberAEZ08,1990,NOx_AWB,1.94927085478594e-05
Pakistan,Root_Tuber,Root_TuberAEZ09,Root_TuberAEZ09,1990,NOx_AWB,9.79631120081324e-06
Pakistan,Root_Tuber,Root_TuberAEZ10,Root_TuberAEZ10,1990,NOx_AWB,2.16485696816105e-05
Pakistan,Root_Tuber,Root_TuberAEZ11,Root_TuberAEZ11,1990,NOx_AWB,5.23955783053611e-06
Pakistan,Root_Tuber,Root_TuberAEZ12,Root_TuberAEZ12,1990,NOx_AWB,3.36944673098788e-06
Pakistan,Root_Tuber,Root_TuberAEZ13,Root_TuberAEZ13,1990,NOx_AWB,0
Pakistan,Root_Tuber,Root_TuberAEZ14,Root_TuberAEZ14,1990,NOx_AWB,0
Pakistan,SugarCrop,SugarCropAEZ01,SugarCropAEZ01,1990,NOx_AWB,0.000800278141335943
Pakistan,SugarCrop,SugarCropAEZ07,SugarCropAEZ07,1990,NOx_AWB,0.00271854431155873
Pakistan,SugarCrop,SugarCropAEZ08,SugarCropAEZ08,1990,NOx_AWB,0.000417429384626463
Pakistan,SugarCrop,SugarCropAEZ09,SugarCropAEZ09,1990,NOx_AWB,0.000286692092769912
Pakistan,SugarCrop,SugarCropAEZ10,SugarCropAEZ10,1990,NOx_AWB,0.000543274324541323
Pakistan,SugarCrop,SugarCropAEZ11,SugarCropAEZ11,1990,NOx_AWB,0.000152498010635965
Pakistan,SugarCrop,SugarCropAEZ12,SugarCropAEZ12,1990,NOx_AWB,0.000133733700942961
Pakistan,SugarCrop,SugarCropAEZ13,SugarCropAEZ13,1990,NOx_AWB,3.8382341990055e-08
Pakistan,SugarCrop,SugarCropAEZ14,SugarCropAEZ14,1990,NOx_AWB,5.24917322881781e-06
Pakistan,Wheat,WheatAEZ01,WheatAEZ01,1990,NOx_AWB,0.000147414421858384
Pakistan,Wheat,WheatAEZ07,WheatAEZ07,1990,NOx_AWB,0.00117632194639394
Pakistan,Wheat,WheatAEZ08,WheatAEZ08,1990,NOx_AWB,0.000221105639264765
Pakistan,Wheat,WheatAEZ09,WheatAEZ09,1990,NOx_AWB,0.000110425389039637
Pakistan,Wheat,WheatAEZ10,WheatAEZ10,1990,NOx_AWB,0.000243964886391058
Pakistan,Wheat,WheatAEZ11,WheatAEZ11,1990,NOx_AWB,5.84820500806549e-05
Pakistan,Wheat,WheatAEZ12,WheatAEZ12,1990,NOx_AWB,3.09129434021754e-05
Pakistan,Wheat,WheatAEZ13,WheatAEZ13,1990,NOx_AWB,1.4005978227853e-07
Pakistan,Wheat,WheatAEZ14,WheatAEZ14,1990,NOx_AWB,1.22792988720468e-06
Pakistan,Corn,CornAEZ01,CornAEZ01,1990,SO2_AWB,5.20307046648086e-09
Pakistan,Corn,CornAEZ07,CornAEZ07,1990,SO2_AWB,1.2056780807726e-05
Pakistan,Corn,CornAEZ08,CornAEZ08,1990,SO2_AWB,2.32637153623512e-06
Pakistan,Corn,CornAEZ09,CornAEZ09,1990,SO2_AWB,3.81973833693201e-06
Pakistan,Corn,CornAEZ10,CornAEZ10,1990,SO2_AWB,5.0485871966438e-06
Pakistan,Corn,CornAEZ11,CornAEZ11,1990,SO2_AWB,1.88758496534969e-06
Pakistan,Corn,CornAEZ12,CornAEZ12,1990,SO2_AWB,3.23369117955446e-06
Pakistan,Corn,CornAEZ13,CornAEZ13,1990,SO2_AWB,3.23138060549863e-08
Pakistan,Corn,CornAEZ14,CornAEZ14,1990,SO2_AWB,5.27957614077413e-07
Pakistan,FiberCrop,FiberCropAEZ01,FiberCropAEZ01,1990,SO2_AWB,1.57208702500095e-05
Pakistan,FiberCrop,FiberCropAEZ07,FiberCropAEZ07,1990,SO2_AWB,7.11060125026039e-05
Pakistan,FiberCrop,FiberCropAEZ08,FiberCropAEZ08,1990,SO2_AWB,1.15754942218562e-05
Pakistan,FiberCrop,FiberCropAEZ09,FiberCropAEZ09,1990,SO2_AWB,5.32499707811921e-06
Pakistan,FiberCrop,FiberCropAEZ10,FiberCropAEZ10,1990,SO2_AWB,1.29490430107197e-05
Pakistan,FiberCrop,FiberCropAEZ11,FiberCropAEZ11,1990,SO2_AWB,3.07432027445915e-06
Pakistan,FiberCrop,FiberCropAEZ12,FiberCropAEZ12,1990,SO2_AWB,4.83651107852944e-07
Pakistan,FiberCrop,FiberCropAEZ13,FiberCropAEZ13,1990,SO2_AWB,0
Pakistan,FiberCrop,FiberCropAEZ14,FiberCropAEZ14,1990,SO2_AWB,0
Pakistan,FodderGrass,FodderGrassAEZ01,FodderGrassAEZ01,1990,SO2_AWB,6.59101193759433e-08
Pakistan,FodderGrass,FodderGrassAEZ07,FodderGrassAEZ07,1990,SO2_AWB,8.90571956470471e-08
Pakistan,FodderGrass,FodderGrassAEZ08,FodderGrassAEZ08,1990,SO2_AWB,5.02149918359964e-08
Pakistan,FodderGrass,FodderGrassAEZ09,FodderGrassAEZ09,1990,SO2_AWB,2.9007410118825e-09
Pakistan,FodderGrass,FodderGrassAEZ10,FodderGrassAEZ10,1990,SO2_AWB,9.10921609376191e-08
Pakistan,FodderGrass,FodderGrassAEZ11,FodderGrassAEZ11,1990,SO2_AWB,9.58630821329969e-10
Pakistan,FodderGrass,FodderGrassAEZ12,FodderGrassAEZ12,1990,SO2_AWB,0
Pakistan,FodderGrass,FodderGrassAEZ13,FodderGrassAEZ13,1990,SO2_AWB,1.11164556361592e-10
Pakistan,FodderGrass,FodderGrassAEZ14,FodderGrassAEZ14,1990,SO2_AWB,1.06325628614088e-09
Pakistan,FodderHerb,FodderHerbAEZ01,FodderHerbAEZ01,1990,SO2_AWB,0
Pakistan,FodderHerb,FodderHerbAEZ07,FodderHerbAEZ07,1990,SO2_AWB,0
Pakistan,FodderHerb,FodderHerbAEZ08,FodderHerbAEZ08,1990,SO2_AWB,0
Pakistan,FodderHerb,FodderHerbAEZ09,FodderHerbAEZ09,1990,SO2_AWB,0
Pakistan,FodderHerb,FodderHerbAEZ10,FodderHerbAEZ10,1990,SO2_AWB,0
Pakistan,FodderHerb,FodderHerbAEZ11,FodderHerbAEZ11,1990,SO2_AWB,0
Pakistan,FodderHerb,FodderHerbAEZ12,FodderHerbAEZ12,1990,SO2_AWB,0
Pakistan,FodderHerb,FodderHerbAEZ13,FodderHerbAEZ13,1990,SO2_AWB,0
Pakistan,FodderHerb,FodderHerbAEZ14,FodderHerbAEZ14,1990,SO2_AWB,0
Pakistan,MiscCrop,MiscCropAEZ01,MiscCropAEZ01,1990,SO2_AWB,2.56601852219378e-05
Pakistan,MiscCrop,MiscCropAEZ07,MiscCropAEZ07,1990,SO2_AWB,0.000111790763772077
Pakistan,MiscCrop,MiscCropAEZ08,MiscCropAEZ08,1990,SO2_AWB,1.67091740601399e-05
Pakistan,MiscCrop,MiscCropAEZ09,MiscCropAEZ09,1990,SO2_AWB,1.07622277143441e-05
Pakistan,MiscCrop,MiscCropAEZ10,MiscCropAEZ10,1990,SO2_AWB,2.27085632226854e-05
Pakistan,MiscCrop,MiscCropAEZ11,MiscCropAEZ11,1990,SO2_AWB,7.13254187927518e-06
Pakistan,MiscCrop,MiscCropAEZ12,MiscCropAEZ12,1990,SO2_AWB,5.74163829724383e-06
Pakistan,MiscCrop,MiscCropAEZ13,MiscCropAEZ13,1990,SO2_AWB,1.67981727613108e-07
Pakistan,MiscCrop,MiscCropAEZ14,MiscCropAEZ14,1990,SO2_AWB,4.02911731927946e-07
Pakistan,OilCrop,OilCropAEZ01,OilCropAEZ01,1990,SO2_AWB,1.17594059826694e-06
Pakistan,OilCrop,OilCropAEZ07,OilCropAEZ07,1990,SO2_AWB,5.9790381211089e-06
Pakistan,OilCrop,OilCropAEZ08,OilCropAEZ08,1990,SO2_AWB,9.1794109783948e-07
Pakistan,OilCrop,OilCropAEZ09,OilCropAEZ09,1990,SO2_AWB,5.50142381266923e-07
Pakistan,OilCrop,OilCropAEZ10,OilCropAEZ10,1990,SO2_AWB,9.24704271033802e-07
Pakistan,OilCrop,OilCropAEZ11,OilCropAEZ11,1990,SO2_AWB,2.31683715141075e-07
Pakistan,OilCrop,OilCropAEZ12,OilCropAEZ12,1990,SO2_AWB,2.58261511979778e-07
Pakistan,OilCrop,OilCropAEZ13,OilCropAEZ13,1990,SO2_AWB,0
Pakistan,OilCrop,OilCropAEZ14,OilCropAEZ14,1990,SO2_AWB,3.79916750867469e-09
Pakistan,OtherGrain,OtherGrainAEZ01,OtherGrainAEZ01,1990,SO2_AWB,1.64156246590655e-06
Pakistan,OtherGrain,OtherGrainAEZ07,OtherGrainAEZ07,1990,SO2_AWB,7.89854170536038e-06
Pakistan,OtherGrain,OtherGrainAEZ08,OtherGrainAEZ08,1990,SO2_AWB,1.14000533795762e-06
Pakistan,OtherGrain,OtherGrainAEZ09,OtherGrainAEZ09,1990,SO2_AWB,7.29700739216565e-07
Pakistan,OtherGrain,OtherGrainAEZ10,OtherGrainAEZ10,1990,SO2_AWB,1.477465202906e-06
Pakistan,OtherGrain,OtherGrainAEZ11,OtherGrainAEZ11,1990,SO2_AWB,3.9398580547576e-07
Pakistan,OtherGrain,OtherGrainAEZ12,OtherGrainAEZ12,1990,SO2_AWB,3.32323377309164e-07
Pakistan,OtherGrain,OtherGrainAEZ13,OtherGrainAEZ13,1990,SO2_AWB,0
Pakistan,OtherGrain,OtherGrainAEZ14,OtherGrainAEZ14,1990,SO2_AWB,5.06275815158172e-09
Pakistan,PalmFruit,PalmFruitAEZ01,PalmFruitAEZ01,1990,SO2_AWB,0
Pakistan,PalmFruit,PalmFruitAEZ07,PalmFruitAEZ07,1990,SO2_AWB,0
Pakistan,PalmFruit,PalmFruitAEZ08,PalmFruitAEZ08,1990,SO2_AWB,0
Pakistan,PalmFruit,PalmFruitAEZ09,PalmFruitAEZ09,1990,SO2_AWB,0
Pakistan,PalmFruit,PalmFruitAEZ10,PalmFruitAEZ10,1990,SO2_AWB,0
Pakistan,PalmFruit,PalmFruitAEZ11,PalmFruitAEZ11,1990,SO2_AWB,0
Pakistan,PalmFruit,PalmFruitAEZ12,PalmFruitAEZ12,1990,SO2_AWB,0
Pakistan,PalmFruit,PalmFruitAEZ13,PalmFruitAEZ13,1990,SO2_AWB,0
Pakistan,PalmFruit,PalmFruitAEZ14,PalmFruitAEZ14,1990,SO2_AWB,0
Pakistan,Rice,RiceAEZ01,RiceAEZ01,1990,SO2_AWB,2.35376072074231e-05
Pakistan,Rice,RiceAEZ07,RiceAEZ07,1990,SO2_AWB,6.29225342249822e-05
Pakistan,Rice,RiceAEZ08,RiceAEZ08,1990,SO2_AWB,1.0733702990123e-05
Pakistan,Rice,RiceAEZ09,RiceAEZ09,1990,SO2_AWB,4.08107059572479e-06
Pakistan,Rice,RiceAEZ10,RiceAEZ10,1990,SO2_AWB,1.17886100677845e-05
Pakistan,Rice,RiceAEZ11,RiceAEZ11,1990,SO2_AWB,2.40838327224483e-06
Pakistan,Rice,RiceAEZ12,RiceAEZ12,1990,SO2_AWB,1.06280101593406e-06
Pakistan,Rice,RiceAEZ13,RiceAEZ13,1990,SO2_AWB,1.98462520683115e-08
Pakistan,Rice,RiceAEZ14,RiceAEZ14,1990,SO2_AWB,3.74675594380264e-07
Pakistan,Root_Tuber,Root_TuberAEZ01,Root_TuberAEZ01,1990,SO2_AWB,1.3121541118599e-08
Pakistan,Root_Tuber,Root_TuberAEZ07,Root_TuberAEZ07,1990,SO2_AWB,1.50736842724576e-05
Pakistan,Root_Tuber,Root_TuberAEZ08,Root_TuberAEZ08,1990,SO2_AWB,3.4112239958754e-06
Pakistan,Root_Tuber,Root_TuberAEZ09,Root_TuberAEZ09,1990,SO2_AWB,1.71435446014232e-06
Pakistan,Root_Tuber,Root_TuberAEZ10,Root_TuberAEZ10,1990,SO2_AWB,3.78849969428184e-06
Pakistan,Root_Tuber,Root_TuberAEZ11,Root_TuberAEZ11,1990,SO2_AWB,9.1692262034382e-07
Pakistan,Root_Tuber,Root_TuberAEZ12,Root_TuberAEZ12,1990,SO2_AWB,5.89653177922878e-07
Pakistan,Root_Tuber,Root_TuberAEZ13,Root_TuberAEZ13,1990,SO2_AWB,0
Pakistan,Root_Tuber,Root_TuberAEZ14,Root_TuberAEZ14,1990,SO2_AWB,0
Pakistan,SugarCrop,SugarCropAEZ01,SugarCropAEZ01,1990,SO2_AWB,0.00014004867473379
Pakistan,SugarCrop,SugarCropAEZ07,SugarCropAEZ07,1990,SO2_AWB,0.000475745254522778
Pakistan,SugarCrop,SugarCropAEZ08,SugarCropAEZ08,1990,SO2_AWB,7.3050142309631e-05
Pakistan,SugarCrop,SugarCropAEZ09,SugarCropAEZ09,1990,SO2_AWB,5.01711162347347e-05
Pakistan,SugarCrop,SugarCropAEZ10,SugarCropAEZ10,1990,SO2_AWB,9.50730067947316e-05
Pakistan,SugarCrop,SugarCropAEZ11,SugarCropAEZ11,1990,SO2_AWB,2.66871518612938e-05
Pakistan,SugarCrop,SugarCropAEZ12,SugarCropAEZ12,1990,SO2_AWB,2.34033976650182e-05
Pakistan,SugarCrop,SugarCropAEZ13,SugarCropAEZ13,1990,SO2_AWB,6.71690984825963e-09
Pakistan,SugarCrop,SugarCropAEZ14,SugarCropAEZ14,1990,SO2_AWB,9.18605315043117e-07
Pakistan,Wheat,WheatAEZ01,WheatAEZ01,1990,SO2_AWB,2.57975238252171e-05
Pakistan,Wheat,WheatAEZ07,WheatAEZ07,1990,SO2_AWB,0.00020585634061894
Pakistan,Wheat,WheatAEZ08,WheatAEZ08,1990,SO2_AWB,3.86934868713339e-05
Pakistan,Wheat,WheatAEZ09,WheatAEZ09,1990,SO2_AWB,1.93244430819365e-05
Pakistan,Wheat,WheatAEZ10,WheatAEZ10,1990,SO2_AWB,4.26938551184351e-05
Pakistan,Wheat,WheatAEZ11,WheatAEZ11,1990,SO2_AWB,1.02343587641146e-05
Pakistan,Wheat,WheatAEZ12,WheatAEZ12,1990,SO2_AWB,5.40976509538069e-06
Pakistan,Wheat,WheatAEZ13,WheatAEZ13,1990,SO2_AWB,2.45104618987428e-08
Pakistan,Wheat,WheatAEZ14,WheatAEZ14,1990,SO2_AWB,2.14887730260818e-07
Russia,Corn,CornAEZ07,CornAEZ07,1990,CH4_AWB,8.94716061949847e-06
Russia,Corn,CornAEZ08,CornAEZ08,1990,CH4_AWB,8.38095643216386e-05
Russia,Corn,CornAEZ09,CornAEZ09,1990,CH4_AWB,7.5029223685618e-05
Russia,Corn,CornAEZ10,CornAEZ10,1990,CH4_AWB,6.98871075826091e-05
Russia,Corn,CornAEZ11,CornAEZ11,1990,CH4_AWB,3.95805004713227e-07
Russia,Corn,CornAEZ13,CornAEZ13,1990,CH4_AWB,7.21198161946004e-06
Russia,Corn,CornAEZ14,CornAEZ14,1990,CH4_AWB,1.9316372641441e-05
Russia,Corn,CornAEZ15,CornAEZ15,1990,CH4_AWB,3.74093289674145e-05
Russia,Corn,CornAEZ16,CornAEZ16,1990,CH4_AWB,4.34318024738206e-07
Russia,FiberCrop,FiberCropAEZ07,FiberCropAEZ07,1990,CH4_AWB,5.6616277286701e-06
Russia,FiberCrop,FiberCropAEZ08,FiberCropAEZ08,1990,CH4_AWB,6.49195298368801e-07
Russia,FiberCrop,FiberCropAEZ09,FiberCropAEZ09,1990,CH4_AWB,1.90465729745125e-06
Russia,FiberCrop,FiberCropAEZ10,FiberCropAEZ10,1990,CH4_AWB,2.95297684390764e-06
Russia,FiberCrop,FiberCropAEZ11,FiberCropAEZ11,1990,CH4_AWB,0
Russia,FiberCrop,FiberCropAEZ13,FiberCropAEZ13,1990,CH4_AWB,5.3604892016244e-07
Russia,FiberCrop,FiberCropAEZ14,FiberCropAEZ14,1990,CH4_AWB,5.8839308384606e-07
Russia,FiberCrop,FiberCropAEZ15,FiberCropAEZ15,1990,CH4_AWB,5.33974303918881e-07
Russia,FiberCrop,FiberCropAEZ16,FiberCropAEZ16,1990,CH4_AWB,0
Russia,FodderGrass,FodderGrassAEZ07,FodderGrassAEZ07,1990,CH4_AWB,0.000101653918498202
Russia,FodderGrass,FodderGrassAEZ08,FodderGrassAEZ08,1990,CH4_AWB,0.000644991224438966
Russia,FodderGrass,FodderGrassAEZ09,FodderGrassAEZ09,1990,CH4_AWB,0.000766621803616186
Russia,FodderGrass,FodderGrassAEZ10,FodderGrassAEZ10,1990,CH4_AWB,0.000690137415289469
Russia,FodderGrass,FodderGrassAEZ11,FodderGrassAEZ11,1990,CH4_AWB,3.29146270496583e-06
Russia,FodderGrass,FodderGrassAEZ13,FodderGrassAEZ13,1990,CH4_AWB,4.41180632902154e-05
Russia,FodderGrass,FodderGrassAEZ14,FodderGrassAEZ14,1990,CH4_AWB,0.000116538937186081
Russia,FodderGrass,FodderGrassAEZ15,FodderGrassAEZ15,1990,CH4_AWB,0.000419585182029184
Russia,FodderGrass,FodderGrassAEZ16,FodderGrassAEZ16,1990,CH4_AWB,2.31066398611232e-06
Russia,FodderHerb,FodderHerbAEZ07,FodderHerbAEZ07,1990,CH4_AWB,0.000572197871759907
Russia,FodderHerb,FodderHerbAEZ08,FodderHerbAEZ08,1990,CH4_AWB,0.00473509764156052
Russia,FodderHerb,FodderHerbAEZ09,FodderHerbAEZ09,1990,CH4_AWB,0.00445655502730892
Russia,FodderHerb,FodderHerbAEZ10,FodderHerbAEZ10,1990,CH4_AWB,0.00310940197245589
Russia,FodderHerb,FodderHerbAEZ11,FodderHerbAEZ11,1990,CH4_AWB,2.50998680895056e-05
Russia,FodderHerb,FodderHerbAEZ13,FodderHerbAEZ13,1990,CH4_AWB,0.000421466301071731
Russia,FodderHerb,FodderHerbAEZ14,FodderHerbAEZ14,1990,CH4_AWB,0.00119390994015411
Russia,FodderHerb,FodderHerbAEZ15,FodderHerbAEZ15,1990,CH4_AWB,0.00256831439688676
Russia,FodderHerb,FodderHerbAEZ16,FodderHerbAEZ16,1990,CH4_AWB,1.44374850572447e-05
Russia,MiscCrop,MiscCropAEZ07,MiscCropAEZ07,1990,CH4_AWB,8.3471967567724e-05
Russia,MiscCrop,MiscCropAEZ08,MiscCropAEZ08,1990,CH4_AWB,0.000270531650270865
Russia,MiscCrop,MiscCropAEZ09,MiscCropAEZ09,1990,CH4_AWB,0.000549159292222056
Russia,MiscCrop,MiscCropAEZ10,MiscCropAEZ10,1990,CH4_AWB,0.00063359046827612
Russia,MiscCrop,MiscCropAEZ11,MiscCropAEZ11,1990,CH4_AWB,1.51224648356591e-05
Russia,MiscCrop,MiscCropAEZ13,MiscCropAEZ13,1990,CH4_AWB,7.14400967050144e-06
Russia,MiscCrop,MiscCropAEZ14,MiscCropAEZ14,1990,CH4_AWB,1.84164628683091e-05
Russia,MiscCrop,MiscCropAEZ15,MiscCropAEZ15,1990,CH4_AWB,5.87021565775947e-05
Russia,MiscCrop,MiscCropAEZ16,MiscCropAEZ16,1990,CH4_AWB,7.56442056923554e-07
Russia,OilCrop,OilCropAEZ07,OilCropAEZ07,1990,CH4_AWB,1.30504505014834e-05
Russia,OilCrop,OilCropAEZ08,OilCropAEZ08,1990,CH4_AWB,0.000197062500882746
Russia,OilCrop,OilCropAEZ09,OilCropAEZ09,1990,CH4_AWB,0.000109072487591372
Russia,OilCrop,OilCropAEZ10,OilCropAEZ10,1990,CH4_AWB,4.6183918619468e-05
Russia,OilCrop,OilCropAEZ11,OilCropAEZ11,1990,CH4_AWB,3.2751725128539e-06
Russia,OilCrop,OilCropAEZ13,OilCropAEZ13,1990,CH4_AWB,4.40643527426015e-06
Russia,OilCrop,OilCropAEZ14,OilCropAEZ14,1990,CH4_AWB,6.66702104611001e-06
Russia,OilCrop,OilCropAEZ15,OilCropAEZ15,1990,CH4_AWB,6.71173230579865e-06
Russia,OilCrop,OilCropAEZ16,OilCropAEZ16,1990,CH4_AWB,7.59412501869939e-08
Russia,OtherGrain,OtherGrainAEZ07,OtherGrainAEZ07,1990,CH4_AWB,0.000120459167357395
Russia,OtherGrain,OtherGrainAEZ08,OtherGrainAEZ08,1990,CH4_AWB,0.00117417779647318
Russia,OtherGrain,OtherGrainAEZ09,OtherGrainAEZ09,1990,CH4_AWB,0.0011983810446737
Russia,OtherGrain,OtherGrainAEZ10,OtherGrainAEZ10,1990,CH4_AWB,0.000856997564215407
Russia,OtherGrain,OtherGrainAEZ11,OtherGrainAEZ11,1990,CH4_AWB,4.4234616406615e-06
Russia,OtherGrain,OtherGrainAEZ13,OtherGrainAEZ13,1990,CH4_AWB,0.000141224653932422
Russia,OtherGrain,OtherGrainAEZ14,OtherGrainAEZ14,1990,CH4_AWB,0.000337746328658523
Russia,OtherGrain,OtherGrainAEZ15,OtherGrainAEZ15,1990,CH4_AWB,0.000565291926912024
Russia,OtherGrain,OtherGrainAEZ16,OtherGrainAEZ16,1990,CH4_AWB,4.3720514781711e-06
Russia,PalmFruit,PalmFruitAEZ07,PalmFruitAEZ07,1990,CH4_AWB,0
Russia,PalmFruit,PalmFruitAEZ08,PalmFruitAEZ08,1990,CH4_AWB,0
Russia,PalmFruit,PalmFruitAEZ09,PalmFruitAEZ09,1990,CH4_AWB,0
Russia,PalmFruit,PalmFruitAEZ10,PalmFruitAEZ10,1990,CH4_AWB,0
Russia,PalmFruit,PalmFruitAEZ11,PalmFruitAEZ11,1990,CH4_AWB,0
Russia,PalmFruit,PalmFruitAEZ13,PalmFruitAEZ13,1990,CH4_AWB,0
Russia,PalmFruit,PalmFruitAEZ14,PalmFruitAEZ14,1990,CH4_AWB,0
Russia,PalmFruit,PalmFruitAEZ15,PalmFruitAEZ15,1990,CH4_AWB,0
Russia,PalmFruit,PalmFruitAEZ16,PalmFruitAEZ16,1990,CH4_AWB,0
Russia,Rice,RiceAEZ07,RiceAEZ07,1990,CH4_AWB,1.08270677981997e-05
Russia,Rice,RiceAEZ08,RiceAEZ08,1990,CH4_AWB,1.06981382304077e-05
Russia,Rice,RiceAEZ09,RiceAEZ09,1990,CH4_AWB,1.09332273487558e-05
Russia,Rice,RiceAEZ10,RiceAEZ10,1990,CH4_AWB,1.28926551895609e-05
Russia,Rice,RiceAEZ11,RiceAEZ11,1990,CH4_AWB,5.03353096244991e-07
Russia,Rice,RiceAEZ13,RiceAEZ13,1990,CH4_AWB,0
Russia,Rice,RiceAEZ14,RiceAEZ14,1990,CH4_AWB,0
Russia,Rice,RiceAEZ15,RiceAEZ15,1990,CH4_AWB,2.73175365058281e-05
Russia,Rice,RiceAEZ16,RiceAEZ16,1990,CH4_AWB,2.53033701467674e-07
Russia,Root_Tuber,Root_TuberAEZ07,Root_TuberAEZ07,1990,CH4_AWB,3.13067044397763e-05
Russia,Root_Tuber,Root_TuberAEZ08,Root_TuberAEZ08,1990,CH4_AWB,0.000349790585655856
Russia,Root_Tuber,Root_TuberAEZ09,Root_TuberAEZ09,1990,CH4_AWB,0.000844247610257125
Russia,Root_Tuber,Root_TuberAEZ10,Root_TuberAEZ10,1990,CH4_AWB,0.00101734092661606
Russia,Root_Tuber,Root_TuberAEZ11,Root_TuberAEZ11,1990,CH4_AWB,2.37871711174245e-06
Russia,Root_Tuber,Root_TuberAEZ13,Root_TuberAEZ13,1990,CH4_AWB,4.00617499924426e-05
Russia,Root_Tuber,Root_TuberAEZ14,Root_TuberAEZ14,1990,CH4_AWB,0.000115193892345288
Russia,Root_Tuber,Root_TuberAEZ15,Root_TuberAEZ15,1990,CH4_AWB,0.000578108305932528
Russia,Root_Tuber,Root_TuberAEZ16,Root_TuberAEZ16,1990,CH4_AWB,6.60971098610745e-06
Russia,SugarCrop,SugarCropAEZ07,SugarCropAEZ07,1990,CH4_AWB,1.00241413726078e-05
Russia,SugarCrop,SugarCropAEZ08,SugarCropAEZ08,1990,CH4_AWB,0.000547086050562869
Russia,SugarCrop,SugarCropAEZ09,SugarCropAEZ09,1990,CH4_AWB,0.00135778311941067
Russia,SugarCrop,SugarCropAEZ10,SugarCropAEZ10,1990,CH4_AWB,0.000876075661503707
Russia,SugarCrop,SugarCropAEZ11,SugarCropAEZ11,1990,CH4_AWB,2.22260401564216e-05
Russia,SugarCrop,SugarCropAEZ13,SugarCropAEZ13,1990,CH4_AWB,1.47336254433789e-05
Russia,SugarCrop,SugarCropAEZ14,SugarCropAEZ14,1990,CH4_AWB,2.94207899620566e-05
Russia,SugarCrop,SugarCropAEZ15,SugarCropAEZ15,1990,CH4_AWB,4.24597728637918e-05
Russia,SugarCrop,SugarCropAEZ16,SugarCropAEZ16,1990,CH4_AWB,5.30973559371154e-06
Russia,Wheat,WheatAEZ07,WheatAEZ07,1990,CH4_AWB,0.000145561599830051
Russia,Wheat,WheatAEZ08,WheatAEZ08,1990,CH4_AWB,0.00131602467153348
Russia,Wheat,WheatAEZ09,WheatAEZ09,1990,CH4_AWB,0.00102506985454848
Russia,Wheat,WheatAEZ10,WheatAEZ10,1990,CH4_AWB,0.000610849518377689
Russia,Wheat,WheatAEZ11,WheatAEZ11,1990,CH4_AWB,1.84505420688707e-05
Russia,Wheat,WheatAEZ13,WheatAEZ13,1990,CH4_AWB,7.75846155755983e-05
Russia,Wheat,WheatAEZ14,WheatAEZ14,1990,CH4_AWB,0.00021804156717419
Russia,Wheat,WheatAEZ15,WheatAEZ15,1990,CH4_AWB,0.000394237010370959
Russia,Wheat,WheatAEZ16,WheatAEZ16,1990,CH4_AWB,3.12698744514799e-06
Russia,Corn,CornAEZ07,CornAEZ07,1990,CO_AWB,0.000400655818950069
Russia,Corn,CornAEZ08,CornAEZ08,1990,CO_AWB,0.00375301071000744
Russia,Corn,CornAEZ09,CornAEZ09,1990,CO_AWB,0.00335982512658125
Russia,Corn,CornAEZ10,CornAEZ10,1990,CO_AWB,0.0031295600373531
Russia,Corn,CornAEZ11,CornAEZ11,1990,CO_AWB,1.77242351011692e-05
Russia,Corn,CornAEZ13,CornAEZ13,1990,CO_AWB,0.000322954121970326
Russia,Corn,CornAEZ14,CornAEZ14,1990,CO_AWB,0.000864991412240353
Russia,Corn,CornAEZ15,CornAEZ15,1990,CO_AWB,0.00167519797299136
Russia,Corn,CornAEZ16,CornAEZ16,1990,CO_AWB,1.94488566022878e-05
Russia,FiberCrop,FiberCropAEZ07,FiberCropAEZ07,1990,CO_AWB,0.000253528934003634
Russia,FiberCrop,FiberCropAEZ08,FiberCropAEZ08,1990,CO_AWB,2.90711081412403e-05
Russia,FiberCrop,FiberCropAEZ09,FiberCropAEZ09,1990,CO_AWB,8.52909723858662e-05
Russia,FiberCrop,FiberCropAEZ10,FiberCropAEZ10,1990,CO_AWB,0.000132234952076084
Russia,FiberCrop,FiberCropAEZ11,FiberCropAEZ11,1990,CO_AWB,0
Russia,FiberCrop,FiberCropAEZ13,FiberCropAEZ13,1990,CO_AWB,2.40043884578235e-05
Russia,FiberCrop,FiberCropAEZ14,FiberCropAEZ14,1990,CO_AWB,2.63483716117878e-05
Russia,FiberCrop,FiberCropAEZ15,FiberCropAEZ15,1990,CO_AWB,2.39114866864774e-05
Russia,FiberCrop,FiberCropAEZ16,FiberCropAEZ16,1990,CO_AWB,0
Russia,FodderGrass,FodderGrassAEZ07,FodderGrassAEZ07,1990,CO_AWB,0.00455208481187004
Russia,FodderGrass,FodderGrassAEZ08,FodderGrassAEZ08,1990,CO_AWB,0.02888284878669
Russia,FodderGrass,FodderGrassAEZ09,FodderGrassAEZ09,1990,CO_AWB,0.0343294928542413
Russia,FodderGrass,FodderGrassAEZ10,FodderGrassAEZ10,1990,CO_AWB,0.0309045051352152
Russia,FodderGrass,FodderGrassAEZ11,FodderGrassAEZ11,1990,CO_AWB,0.000147392423326767
Russia,FodderGrass,FodderGrassAEZ13,FodderGrassAEZ13,1990,CO_AWB,0.00197561657041349
Russia,FodderGrass,FodderGrassAEZ14,FodderGrassAEZ14,1990,CO_AWB,0.00521863922014594
Russia,FodderGrass,FodderGrassAEZ15,FodderGrassAEZ15,1990,CO_AWB,0.0187891166677904
Russia,FodderGrass,FodderGrassAEZ16,FodderGrassAEZ16,1990,CO_AWB,0.000103472041136348
Russia,FodderHerb,FodderHerbAEZ07,FodderHerbAEZ07,1990,CO_AWB,0.0256231464551826
Russia,FodderHerb,FodderHerbAEZ08,FodderHerbAEZ08,1990,CO_AWB,0.21203871306988
Russia,FodderHerb,FodderHerbAEZ09,FodderHerbAEZ09,1990,CO_AWB,0.199565513585537
Russia,FodderHerb,FodderHerbAEZ10,FodderHerbAEZ10,1990,CO_AWB,0.139239703711624
Russia,FodderHerb,FodderHerbAEZ11,FodderHerbAEZ11,1990,CO_AWB,0.00112397760950259
Russia,FodderHerb,FodderHerbAEZ13,FodderHerbAEZ13,1990,CO_AWB,0.0188733535919484
Russia,FodderHerb,FodderHerbAEZ14,FodderHerbAEZ14,1990,CO_AWB,0.0534635495178903
Russia,FodderHerb,FodderHerbAEZ15,FodderHerbAEZ15,1990,CO_AWB,0.115009683157292
Russia,FodderHerb,FodderHerbAEZ16,FodderHerbAEZ16,1990,CO_AWB,0.000646513753937056
Russia,MiscCrop,MiscCropAEZ07,MiscCropAEZ07,1990,CO_AWB,0.00373789305317006
Russia,MiscCrop,MiscCropAEZ08,MiscCropAEZ08,1990,CO_AWB,0.0121144667566349
Russia,MiscCrop,MiscCropAEZ09,MiscCropAEZ09,1990,CO_AWB,0.0245914738000536
Russia,MiscCrop,MiscCropAEZ10,MiscCropAEZ10,1990,CO_AWB,0.028372320420057
Russia,MiscCrop,MiscCropAEZ11,MiscCropAEZ11,1990,CO_AWB,0.000677187298959459
Russia,MiscCrop,MiscCropAEZ13,MiscCropAEZ13,1990,CO_AWB,0.00031991032315707
Russia,MiscCrop,MiscCropAEZ14,MiscCropAEZ14,1990,CO_AWB,0.000824693254817138
Russia,MiscCrop,MiscCropAEZ15,MiscCropAEZ15,1990,CO_AWB,0.00262869547311757
Russia,MiscCrop,MiscCropAEZ16,MiscCropAEZ16,1990,CO_AWB,3.38736415600383e-05
Russia,OilCrop,OilCropAEZ07,OilCropAEZ07,1990,CO_AWB,0.000584402041687306
Russia,OilCrop,OilCropAEZ08,OilCropAEZ08,1990,CO_AWB,0.00882450209996911
Russia,OilCrop,OilCropAEZ09,OilCropAEZ09,1990,CO_AWB,0.00488428996631692
Russia,OilCrop,OilCropAEZ10,OilCropAEZ10,1990,CO_AWB,0.00206812602609156
Russia,OilCrop,OilCropAEZ11,OilCropAEZ11,1990,CO_AWB,0.000146662944943732
Russia,OilCrop,OilCropAEZ13,OilCropAEZ13,1990,CO_AWB,0.000197321140028683
Russia,OilCrop,OilCropAEZ14,OilCropAEZ14,1990,CO_AWB,0.000298550667724157
Russia,OilCrop,OilCropAEZ15,OilCropAEZ15,1990,CO_AWB,0.000300552847759665
Russia,OilCrop,OilCropAEZ16,OilCropAEZ16,1990,CO_AWB,3.40066587375824e-06
Russia,OtherGrain,OtherGrainAEZ07,OtherGrainAEZ07,1990,CO_AWB,0.00539418798880642
Russia,OtherGrain,OtherGrainAEZ08,OtherGrainAEZ08,1990,CO_AWB,0.0525799397871231
Russia,OtherGrain,OtherGrainAEZ09,OtherGrainAEZ09,1990,CO_AWB,0.0536637665609377
Russia,OtherGrain,OtherGrainAEZ10,OtherGrainAEZ10,1990,CO_AWB,0.0383765392766789
Russia,OtherGrain,OtherGrainAEZ11,OtherGrainAEZ11,1990,CO_AWB,0.000198083584458194
Russia,OtherGrain,OtherGrainAEZ13,OtherGrainAEZ13,1990,CO_AWB,0.00632407104147933
Russia,OtherGrain,OtherGrainAEZ14,OtherGrainAEZ14,1990,CO_AWB,0.015124354827291
Russia,OtherGrain,OtherGrainAEZ15,OtherGrainAEZ15,1990,CO_AWB,0.0253138967271044
Russia,OtherGrain,OtherGrainAEZ16,OtherGrainAEZ16,1990,CO_AWB,0.000195781426082937
Russia,PalmFruit,PalmFruitAEZ07,PalmFruitAEZ07,1990,CO_AWB,0
Russia,PalmFruit,PalmFruitAEZ08,PalmFruitAEZ08,1990,CO_AWB,0
Russia,PalmFruit,PalmFruitAEZ09,PalmFruitAEZ09,1990,CO_AWB,0
Russia,PalmFruit,PalmFruitAEZ10,PalmFruitAEZ10,1990,CO_AWB,0
Russia,PalmFruit,PalmFruitAEZ11,PalmFruitAEZ11,1990,CO_AWB,0
Russia,PalmFruit,PalmFruitAEZ13,PalmFruitAEZ13,1990,CO_AWB,0
Russia,PalmFruit,PalmFruitAEZ14,PalmFruitAEZ14,1990,CO_AWB,0
Russia,PalmFruit,PalmFruitAEZ15,PalmFruitAEZ15,1990,CO_AWB,0
Russia,PalmFruit,PalmFruitAEZ16,PalmFruitAEZ16,1990,CO_AWB,0
Russia,Rice,RiceAEZ07,RiceAEZ07,1990,CO_AWB,0.000484838475578721
Russia,Rice,RiceAEZ08,RiceAEZ08,1990,CO_AWB,0.000479064981196827
Russia,Rice,RiceAEZ09,RiceAEZ09,1990,CO_AWB,0.000489592323584393
Russia,Rice,RiceAEZ10,RiceAEZ10,1990,CO_AWB,0.000577335932939128
Russia,Rice,RiceAEZ11,RiceAEZ11,1990,CO_AWB,2.25402622769048e-05
Russia,Rice,RiceAEZ13,RiceAEZ13,1990,CO_AWB,0
Russia,Rice,RiceAEZ14,RiceAEZ14,1990,CO_AWB,0
Russia,Rice,RiceAEZ15,RiceAEZ15,1990,CO_AWB,0.00122328528858516
Russia,Rice,RiceAEZ16,RiceAEZ16,1990,CO_AWB,1.13309047635249e-05
Russia,Root_Tuber,Root_TuberAEZ07,Root_TuberAEZ07,1990,CO_AWB,0.00140192110540756
Russia,Root_Tuber,Root_TuberAEZ08,Root_TuberAEZ08,1990,CO_AWB,0.015663699302721
Russia,Root_Tuber,Root_TuberAEZ09,Root_TuberAEZ09,1990,CO_AWB,0.0378055935362394
Russia,Root_Tuber,Root_TuberAEZ10,Root_TuberAEZ10,1990,CO_AWB,0.0455567502852797
Russia,Root_Tuber,Root_TuberAEZ11,Root_TuberAEZ11,1990,CO_AWB,0.000106519475058797
Russia,Root_Tuber,Root_TuberAEZ13,Root_TuberAEZ13,1990,CO_AWB,0.0017939739694418
Russia,Root_Tuber,Root_TuberAEZ14,Root_TuberAEZ14,1990,CO_AWB,0.00515840781656096
Russia,Root_Tuber,Root_TuberAEZ15,Root_TuberAEZ15,1990,CO_AWB,0.0258878169964291
Russia,Root_Tuber,Root_TuberAEZ16,Root_TuberAEZ16,1990,CO_AWB,0.000295984310641625
Russia,SugarCrop,SugarCropAEZ07,SugarCropAEZ07,1990,CO_AWB,0.000448883253773369
Russia,SugarCrop,SugarCropAEZ08,SugarCropAEZ08,1990,CO_AWB,0.0244986335828977
Russia,SugarCrop,SugarCropAEZ09,SugarCropAEZ09,1990,CO_AWB,0.060801826501082
Russia,SugarCrop,SugarCropAEZ10,SugarCropAEZ10,1990,CO_AWB,0.0392308606662374
Russia,SugarCrop,SugarCropAEZ11,SugarCropAEZ11,1990,CO_AWB,0.000995286963048548
Russia,SugarCrop,SugarCropAEZ13,SugarCropAEZ13,1990,CO_AWB,0.000659774985513945
Russia,SugarCrop,SugarCropAEZ14,SugarCropAEZ14,1990,CO_AWB,0.00131746944060858
Russia,SugarCrop,SugarCropAEZ15,SugarCropAEZ15,1990,CO_AWB,0.00190135796065881
Russia,SugarCrop,SugarCropAEZ16,SugarCropAEZ16,1990,CO_AWB,0.000237771126861259
Russia,Wheat,WheatAEZ07,WheatAEZ07,1990,CO_AWB,0.00651828043195009
Russia,Wheat,WheatAEZ08,WheatAEZ08,1990,CO_AWB,0.0589318740274608
Russia,Wheat,WheatAEZ09,WheatAEZ09,1990,CO_AWB,0.0459028533767586
Russia,Wheat,WheatAEZ10,WheatAEZ10,1990,CO_AWB,0.0273539756855943
Russia,Wheat,WheatAEZ11,WheatAEZ11,1990,CO_AWB,0.000826219328908222
Russia,Wheat,WheatAEZ13,WheatAEZ13,1990,CO_AWB,0.00347425613703916
Russia,Wheat,WheatAEZ14,WheatAEZ14,1990,CO_AWB,0.00976394929928378
Russia,Wheat,WheatAEZ15,WheatAEZ15,1990,CO_AWB,0.0176540199699083
Russia,Wheat,WheatAEZ16,WheatAEZ16,1990,CO_AWB,0.000140027185043715
Russia,Corn,CornAEZ07,CornAEZ07,1990,N2O_AWB,2.32036253428751e-07
Russia,Corn,CornAEZ08,CornAEZ08,1990,N2O_AWB,2.17352276702272e-06
Russia,Corn,CornAEZ09,CornAEZ09,1990,N2O_AWB,1.9458128340446e-06
Russia,Corn,CornAEZ10,CornAEZ10,1990,N2O_AWB,1.81245685598854e-06
Russia,Corn,CornAEZ11,CornAEZ11,1990,N2O_AWB,1.02648330892661e-08
Russia,Corn,CornAEZ13,CornAEZ13,1990,N2O_AWB,1.87036006834348e-07
Russia,Corn,CornAEZ14,CornAEZ14,1990,N2O_AWB,5.00952081690119e-07
Russia,Corn,CornAEZ15,CornAEZ15,1990,N2O_AWB,9.70176003990091e-07
Russia,Corn,CornAEZ16,CornAEZ16,1990,N2O_AWB,1.12636322899139e-08
Russia,FiberCrop,FiberCropAEZ07,FiberCropAEZ07,1990,N2O_AWB,1.46829026809466e-07
Russia,FiberCrop,FiberCropAEZ08,FiberCropAEZ08,1990,N2O_AWB,1.68362736719821e-08
Russia,FiberCrop,FiberCropAEZ09,FiberCropAEZ09,1990,N2O_AWB,4.93955079339004e-08
Russia,FiberCrop,FiberCropAEZ10,FiberCropAEZ10,1990,N2O_AWB,7.65826961716707e-08
Russia,FiberCrop,FiberCropAEZ11,FiberCropAEZ11,1990,N2O_AWB,0
Russia,FiberCrop,FiberCropAEZ13,FiberCropAEZ13,1990,N2O_AWB,1.39019280393776e-08
Russia,FiberCrop,FiberCropAEZ14,FiberCropAEZ14,1990,N2O_AWB,1.52594250316121e-08
Russia,FiberCrop,FiberCropAEZ15,FiberCropAEZ15,1990,N2O_AWB,1.38481248049292e-08
Russia,FiberCrop,FiberCropAEZ16,FiberCropAEZ16,1990,N2O_AWB,0
Russia,FodderGrass,FodderGrassAEZ07,FodderGrassAEZ07,1990,N2O_AWB,2.63629942478854e-06
Russia,FodderGrass,FodderGrassAEZ08,FodderGrassAEZ08,1990,N2O_AWB,1.67272449414941e-05
Russia,FodderGrass,FodderGrassAEZ09,FodderGrassAEZ09,1990,N2O_AWB,1.98816204014747e-05
Russia,FodderGrass,FodderGrassAEZ10,FodderGrassAEZ10,1990,N2O_AWB,1.78980692316829e-05
Russia,FodderGrass,FodderGrassAEZ11,FodderGrassAEZ11,1990,N2O_AWB,8.53610108101028e-08
Russia,FodderGrass,FodderGrassAEZ13,FodderGrassAEZ13,1990,N2O_AWB,1.14416076225174e-06
Russia,FodderGrass,FodderGrassAEZ14,FodderGrassAEZ14,1990,N2O_AWB,3.0223284808698e-06
Russia,FodderGrass,FodderGrassAEZ15,FodderGrassAEZ15,1990,N2O_AWB,1.08815497757019e-05
Russia,FodderGrass,FodderGrassAEZ16,FodderGrassAEZ16,1990,N2O_AWB,5.99249121673085e-08
Russia,FodderHerb,FodderHerbAEZ07,FodderHerbAEZ07,1990,N2O_AWB,1.48394173335536e-05
Russia,FodderHerb,FodderHerbAEZ08,FodderHerbAEZ08,1990,N2O_AWB,0.00012280033444047
Russia,FodderHerb,FodderHerbAEZ09,FodderHerbAEZ09,1990,N2O_AWB,0.000115576591917022
Russia,FodderHerb,FodderHerbAEZ10,FodderHerbAEZ10,1990,N2O_AWB,8.06394357691858e-05
Russia,FodderHerb,FodderHerbAEZ11,FodderHerbAEZ11,1990,N2O_AWB,6.50941633969595e-07
Russia,FodderHerb,FodderHerbAEZ13,FodderHerbAEZ13,1990,N2O_AWB,1.09303348409811e-05
Russia,FodderHerb,FodderHerbAEZ14,FodderHerbAEZ14,1990,N2O_AWB,3.09629391072935e-05
Russia,FodderHerb,FodderHerbAEZ15,FodderHerbAEZ15,1990,N2O_AWB,6.66068349082719e-05
Russia,FodderHerb,FodderHerbAEZ16,FodderHerbAEZ16,1990,N2O_AWB,3.74422689396675e-07
Russia,MiscCrop,MiscCropAEZ07,MiscCropAEZ07,1990,N2O_AWB,2.16476751054757e-06
Russia,MiscCrop,MiscCropAEZ08,MiscCropAEZ08,1990,N2O_AWB,7.01598565537629e-06
Russia,MiscCrop,MiscCropAEZ09,MiscCropAEZ09,1990,N2O_AWB,1.42419332927918e-05
Russia,MiscCrop,MiscCropAEZ10,MiscCropAEZ10,1990,N2O_AWB,1.64315769794686e-05
Russia,MiscCrop,MiscCropAEZ11,MiscCropAEZ11,1990,N2O_AWB,3.92187000133577e-07
Russia,MiscCrop,MiscCropAEZ13,MiscCropAEZ13,1990,N2O_AWB,1.85273217828389e-07
Russia,MiscCrop,MiscCropAEZ14,MiscCropAEZ14,1990,N2O_AWB,4.77613762299005e-07
Russia,MiscCrop,MiscCropAEZ15,MiscCropAEZ15,1990,N2O_AWB,1.5223855991552e-06
Russia,MiscCrop,MiscCropAEZ16,MiscCropAEZ16,1990,N2O_AWB,1.96176181795559e-08
Russia,OilCrop,OilCropAEZ07,OilCropAEZ07,1990,N2O_AWB,3.38451243774734e-07
Russia,OilCrop,OilCropAEZ08,OilCropAEZ08,1990,N2O_AWB,5.11063189102505e-06
Russia,OilCrop,OilCropAEZ09,OilCropAEZ09,1990,N2O_AWB,2.82869308478722e-06
Russia,OilCrop,OilCropAEZ10,OilCropAEZ10,1990,N2O_AWB,1.19773679057082e-06
Russia,OilCrop,OilCropAEZ11,OilCropAEZ11,1990,N2O_AWB,8.49385398937934e-08
Russia,OilCrop,OilCropAEZ13,OilCropAEZ13,1990,N2O_AWB,1.14276782936857e-07
Russia,OilCrop,OilCropAEZ14,OilCropAEZ14,1990,N2O_AWB,1.72902963393622e-07
Russia,OilCrop,OilCropAEZ15,OilCropAEZ15,1990,N2O_AWB,1.74062508150383e-07
Russia,OilCrop,OilCropAEZ16,OilCropAEZ16,1990,N2O_AWB,1.9694653894649e-09
Russia,OtherGrain,OtherGrainAEZ07,OtherGrainAEZ07,1990,N2O_AWB,3.12399598860936e-06
Russia,OtherGrain,OtherGrainAEZ08,OtherGrainAEZ08,1990,N2O_AWB,3.04512043920516e-05
Russia,OtherGrain,OtherGrainAEZ09,OtherGrainAEZ09,1990,N2O_AWB,3.10788930267026e-05
Russia,OtherGrain,OtherGrainAEZ10,OtherGrainAEZ10,1990,N2O_AWB,2.22254313356963e-05
Russia,OtherGrain,OtherGrainAEZ11,OtherGrainAEZ11,1990,N2O_AWB,1.14718345845727e-07
Russia,OtherGrain,OtherGrainAEZ13,OtherGrainAEZ13,1990,N2O_AWB,3.66252948659907e-06
Russia,OtherGrain,OtherGrainAEZ14,OtherGrainAEZ14,1990,N2O_AWB,8.75913555641884e-06
Russia,OtherGrain,OtherGrainAEZ15,OtherGrainAEZ15,1990,N2O_AWB,1.46603181045316e-05
Russia,OtherGrain,OtherGrainAEZ16,OtherGrainAEZ16,1990,N2O_AWB,1.1338507130202e-07
Russia,PalmFruit,PalmFruitAEZ07,PalmFruitAEZ07,1990,N2O_AWB,0
Russia,PalmFruit,PalmFruitAEZ08,PalmFruitAEZ08,1990,N2O_AWB,0
Russia,PalmFruit,PalmFruitAEZ09,PalmFruitAEZ09,1990,N2O_AWB,0
Russia,PalmFruit,PalmFruitAEZ10,PalmFruitAEZ10,1990,N2O_AWB,0
Russia,PalmFruit,PalmFruitAEZ11,PalmFruitAEZ11,1990,N2O_AWB,0
Russia,PalmFruit,PalmFruitAEZ13,PalmFruitAEZ13,1990,N2O_AWB,0
Russia,PalmFruit,PalmFruitAEZ14,PalmFruitAEZ14,1990,N2O_AWB,0
Russia,PalmFruit,PalmFruitAEZ15,PalmFruitAEZ15,1990,N2O_AWB,0
Russia,PalmFruit,PalmFruitAEZ16,PalmFruitAEZ16,1990,N2O_AWB,0
Russia,Rice,RiceAEZ07,RiceAEZ07,1990,N2O_AWB,2.80789890151112e-07
Russia,Rice,RiceAEZ08,RiceAEZ08,1990,N2O_AWB,2.77446222239144e-07
Russia,Rice,RiceAEZ09,RiceAEZ09,1990,N2O_AWB,2.83543038934765e-07
Russia,Rice,RiceAEZ10,RiceAEZ10,1990,N2O_AWB,3.3435896975125e-07
Russia,Rice,RiceAEZ11,RiceAEZ11,1990,N2O_AWB,1.30539923861338e-08
Russia,Rice,RiceAEZ13,RiceAEZ13,1990,N2O_AWB,0
Russia,Rice,RiceAEZ14,RiceAEZ14,1990,N2O_AWB,0
Russia,Rice,RiceAEZ15,RiceAEZ15,1990,N2O_AWB,7.08454792898398e-07
Russia,Rice,RiceAEZ16,RiceAEZ16,1990,N2O_AWB,6.5621926974034e-09
Russia,Root_Tuber,Root_TuberAEZ07,Root_TuberAEZ07,1990,N2O_AWB,8.11910137119472e-07
Russia,Root_Tuber,Root_TuberAEZ08,Root_TuberAEZ08,1990,N2O_AWB,9.07149211151451e-06
Russia,Root_Tuber,Root_TuberAEZ09,Root_TuberAEZ09,1990,N2O_AWB,2.18947731890859e-05
Russia,Root_Tuber,Root_TuberAEZ10,Root_TuberAEZ10,1990,N2O_AWB,2.63837866682847e-05
Russia,Root_Tuber,Root_TuberAEZ11,Root_TuberAEZ11,1990,N2O_AWB,6.16898064144197e-08
Russia,Root_Tuber,Root_TuberAEZ13,Root_TuberAEZ13,1990,N2O_AWB,1.03896406573807e-06
Russia,Root_Tuber,Root_TuberAEZ14,Root_TuberAEZ14,1990,N2O_AWB,2.98744599928439e-06
Russia,Root_Tuber,Root_TuberAEZ15,Root_TuberAEZ15,1990,N2O_AWB,1.49926989230853e-05
Russia,Root_Tuber,Root_TuberAEZ16,Root_TuberAEZ16,1990,N2O_AWB,1.71416680518831e-07
Russia,SugarCrop,SugarCropAEZ07,SugarCropAEZ07,1990,N2O_AWB,2.59966743289608e-07
Russia,SugarCrop,SugarCropAEZ08,SugarCropAEZ08,1990,N2O_AWB,1.41881657069052e-05
Russia,SugarCrop,SugarCropAEZ09,SugarCropAEZ09,1990,N2O_AWB,3.52128369429579e-05
Russia,SugarCrop,SugarCropAEZ10,SugarCropAEZ10,1990,N2O_AWB,2.27202039686676e-05
Russia,SugarCrop,SugarCropAEZ11,SugarCropAEZ11,1990,N2O_AWB,5.76411590869834e-07
Russia,SugarCrop,SugarCropAEZ13,SugarCropAEZ13,1990,N2O_AWB,3.8210281369642e-07
Russia,SugarCrop,SugarCropAEZ14,SugarCropAEZ14,1990,N2O_AWB,7.63000706708282e-07
Russia,SugarCrop,SugarCropAEZ15,SugarCropAEZ15,1990,N2O_AWB,1.10115454899504e-06
Russia,SugarCrop,SugarCropAEZ16,SugarCropAEZ16,1990,N2O_AWB,1.37703032979772e-07
Russia,Wheat,WheatAEZ07,WheatAEZ07,1990,N2O_AWB,3.77500412746067e-06
Russia,Wheat,WheatAEZ08,WheatAEZ08,1990,N2O_AWB,3.41298706024067e-05
Russia,Wheat,WheatAEZ09,WheatAEZ09,1990,N2O_AWB,2.65842291948835e-05
Russia,Wheat,WheatAEZ10,WheatAEZ10,1990,N2O_AWB,1.58418116853994e-05
Russia,Wheat,WheatAEZ11,WheatAEZ11,1990,N2O_AWB,4.78497574533351e-07
Russia,Wheat,WheatAEZ13,WheatAEZ13,1990,N2O_AWB,2.01208453580673e-06
Russia,Wheat,WheatAEZ14,WheatAEZ14,1990,N2O_AWB,5.65470437946251e-06
Russia,Wheat,WheatAEZ15,WheatAEZ15,1990,N2O_AWB,1.02241686206095e-05
Russia,Wheat,WheatAEZ16,WheatAEZ16,1990,N2O_AWB,8.10954985774643e-08
Russia,Corn,CornAEZ07,CornAEZ07,1990,NH3_AWB,4.30151952860503e-06
Russia,Corn,CornAEZ08,CornAEZ08,1990,NH3_AWB,4.02930597700186e-05
Russia,Corn,CornAEZ09,CornAEZ09,1990,NH3_AWB,3.60717421565471e-05
Russia,Corn,CornAEZ10,CornAEZ10,1990,NH3_AWB,3.35995709531775e-05
Russia,Corn,CornAEZ11,CornAEZ11,1990,NH3_AWB,1.9029086765059e-07
Russia,Corn,CornAEZ13,CornAEZ13,1990,NH3_AWB,3.46729885550964e-06
Russia,Corn,CornAEZ14,CornAEZ14,1990,NH3_AWB,9.28671761607741e-06
Russia,Corn,CornAEZ15,CornAEZ15,1990,NH3_AWB,1.7985254311257e-05
Russia,Corn,CornAEZ16,CornAEZ16,1990,NH3_AWB,2.08806742662599e-07
Russia,FiberCrop,FiberCropAEZ07,FiberCropAEZ07,1990,NH3_AWB,2.72193640801447e-06
Russia,FiberCrop,FiberCropAEZ08,FiberCropAEZ08,1990,NH3_AWB,3.1211312421577e-07
Russia,FiberCrop,FiberCropAEZ09,FiberCropAEZ09,1990,NH3_AWB,9.15700623774638e-07
Russia,FiberCrop,FiberCropAEZ10,FiberCropAEZ10,1990,NH3_AWB,1.41970040572483e-06
Russia,FiberCrop,FiberCropAEZ11,FiberCropAEZ11,1990,NH3_AWB,0
Russia,FiberCrop,FiberCropAEZ13,FiberCropAEZ13,1990,NH3_AWB,2.57715827001173e-07
Russia,FiberCrop,FiberCropAEZ14,FiberCropAEZ14,1990,NH3_AWB,2.82881290310606e-07
Russia,FiberCrop,FiberCropAEZ15,FiberCropAEZ15,1990,NH3_AWB,2.56718415345616e-07
Russia,FiberCrop,FiberCropAEZ16,FiberCropAEZ16,1990,NH3_AWB,0
Russia,FodderGrass,FodderGrassAEZ07,FodderGrassAEZ07,1990,NH3_AWB,4.88720762010587e-05
Russia,FodderGrass,FodderGrassAEZ08,FodderGrassAEZ08,1990,NH3_AWB,0.000310091934826426
Russia,FodderGrass,FodderGrassAEZ09,FodderGrassAEZ09,1990,NH3_AWB,0.000368568174815474
Russia,FodderGrass,FodderGrassAEZ10,FodderGrassAEZ10,1990,NH3_AWB,0.000331796834273783
Russia,FodderGrass,FodderGrassAEZ11,FodderGrassAEZ11,1990,NH3_AWB,1.58243399277203e-06
Russia,FodderGrass,FodderGrassAEZ13,FodderGrassAEZ13,1990,NH3_AWB,2.12106073510651e-05
Russia,FodderGrass,FodderGrassAEZ14,FodderGrassAEZ14,1990,NH3_AWB,5.60283351856159e-05
Russia,FodderGrass,FodderGrassAEZ15,FodderGrassAEZ15,1990,NH3_AWB,0.000201723645206338
Russia,FodderGrass,FodderGrassAEZ16,FodderGrassAEZ16,1990,NH3_AWB,1.11089614716939e-06
Russia,FodderHerb,FodderHerbAEZ07,FodderHerbAEZ07,1990,NH3_AWB,0.000275095130653801
Russia,FodderHerb,FodderHerbAEZ08,FodderHerbAEZ08,1990,NH3_AWB,0.00227648925075025
Russia,FodderHerb,FodderHerbAEZ09,FodderHerbAEZ09,1990,NH3_AWB,0.00214257453236006
Russia,FodderHerb,FodderHerbAEZ10,FodderHerbAEZ10,1990,NH3_AWB,0.00149490479444995
Russia,FodderHerb,FodderHerbAEZ11,FodderHerbAEZ11,1990,NH3_AWB,1.20672442738008e-05
Russia,FodderHerb,FodderHerbAEZ13,FodderHerbAEZ13,1990,NH3_AWB,0.000202628029361409
Russia,FodderHerb,FodderHerbAEZ14,FodderHerbAEZ14,1990,NH3_AWB,0.000573995163535632
Russia,FodderHerb,FodderHerbAEZ15,FodderHerbAEZ15,1990,NH3_AWB,0.00123476653696479
Russia,FodderHerb,FodderHerbAEZ16,FodderHerbAEZ16,1990,NH3_AWB,6.94109858521379e-06
Russia,MiscCrop,MiscCropAEZ07,MiscCropAEZ07,1990,NH3_AWB,4.01307536383289e-05
Russia,MiscCrop,MiscCropAEZ08,MiscCropAEZ08,1990,NH3_AWB,0.000130063293399455
Russia,MiscCrop,MiscCropAEZ09,MiscCropAEZ09,1990,NH3_AWB,0.000264018890491373
Russia,MiscCrop,MiscCropAEZ10,MiscCropAEZ10,1990,NH3_AWB,0.000304610802055827
Russia,MiscCrop,MiscCropAEZ11,MiscCropAEZ11,1990,NH3_AWB,7.27041578637457e-06
Russia,MiscCrop,MiscCropAEZ13,MiscCropAEZ13,1990,NH3_AWB,3.43462003389492e-06
Russia,MiscCrop,MiscCropAEZ14,MiscCropAEZ14,1990,NH3_AWB,8.85406868668707e-06
Russia,MiscCrop,MiscCropAEZ15,MiscCropAEZ15,1990,NH3_AWB,2.82221906623052e-05
Russia,MiscCrop,MiscCropAEZ16,MiscCropAEZ16,1990,NH3_AWB,3.63674065828632e-07
Russia,OilCrop,OilCropAEZ07,OilCropAEZ07,1990,NH3_AWB,6.27425504879009e-06
Russia,OilCrop,OilCropAEZ08,OilCropAEZ08,1990,NH3_AWB,9.47415869628585e-05
Russia,OilCrop,OilCropAEZ09,OilCropAEZ09,1990,NH3_AWB,5.24386959573903e-05
Russia,OilCrop,OilCropAEZ10,OilCropAEZ10,1990,NH3_AWB,2.22038070285904e-05
Russia,OilCrop,OilCropAEZ11,OilCropAEZ11,1990,NH3_AWB,1.5746021696413e-06
Russia,OilCrop,OilCropAEZ13,OilCropAEZ13,1990,NH3_AWB,2.11847849724046e-06
Russia,OilCrop,OilCropAEZ14,OilCropAEZ14,1990,NH3_AWB,3.20529857986058e-06
Russia,OilCrop,OilCropAEZ15,OilCropAEZ15,1990,NH3_AWB,3.22679437778781e-06
Russia,OilCrop,OilCropAEZ16,OilCropAEZ16,1990,NH3_AWB,3.65102164360547e-08
Russia,OtherGrain,OtherGrainAEZ07,OtherGrainAEZ07,1990,NH3_AWB,5.79130612295168e-05
Russia,OtherGrain,OtherGrainAEZ08,OtherGrainAEZ08,1990,NH3_AWB,0.00056450855599672
Russia,OtherGrain,OtherGrainAEZ09,OtherGrainAEZ09,1990,NH3_AWB,0.000576144733016203
Russia,OtherGrain,OtherGrainAEZ10,OtherGrainAEZ10,1990,NH3_AWB,0.000412018059718946
Russia,OtherGrain,OtherGrainAEZ11,OtherGrainAEZ11,1990,NH3_AWB,2.12666425031803e-06
Russia,OtherGrain,OtherGrainAEZ13,OtherGrainAEZ13,1990,NH3_AWB,6.78964682367412e-05
Russia,OtherGrain,OtherGrainAEZ14,OtherGrainAEZ14,1990,NH3_AWB,0.00016237804262429
Russia,OtherGrain,OtherGrainAEZ15,OtherGrainAEZ15,1990,NH3_AWB,0.00027177496486155
Russia,OtherGrain,OtherGrainAEZ16,OtherGrainAEZ16,1990,NH3_AWB,2.1019478260438e-06
Russia,PalmFruit,PalmFruitAEZ07,PalmFruitAEZ07,1990,NH3_AWB,0
Russia,PalmFruit,PalmFruitAEZ08,PalmFruitAEZ08,1990,NH3_AWB,0
Russia,PalmFruit,PalmFruitAEZ09,PalmFruitAEZ09,1990,NH3_AWB,0
Russia,PalmFruit,PalmFruitAEZ10,PalmFruitAEZ10,1990,NH3_AWB,0
Russia,PalmFruit,PalmFruitAEZ11,PalmFruitAEZ11,1990,NH3_AWB,0
Russia,PalmFruit,PalmFruitAEZ13,PalmFruitAEZ13,1990,NH3_AWB,0
Russia,PalmFruit,PalmFruitAEZ14,PalmFruitAEZ14,1990,NH3_AWB,0
Russia,PalmFruit,PalmFruitAEZ15,PalmFruitAEZ15,1990,NH3_AWB,0
Russia,PalmFruit,PalmFruitAEZ16,PalmFruitAEZ16,1990,NH3_AWB,0
Russia,Rice,RiceAEZ07,RiceAEZ07,1990,NH3_AWB,5.20532105682676e-06
Russia,Rice,RiceAEZ08,RiceAEZ08,1990,NH3_AWB,5.143335687696e-06
Russia,Rice,RiceAEZ09,RiceAEZ09,1990,NH3_AWB,5.25635930228643e-06
Russia,Rice,RiceAEZ10,RiceAEZ10,1990,NH3_AWB,6.19839191805813e-06
Russia,Rice,RiceAEZ11,RiceAEZ11,1990,NH3_AWB,2.41996680887015e-07
Russia,Rice,RiceAEZ13,RiceAEZ13,1990,NH3_AWB,0
Russia,Rice,RiceAEZ14,RiceAEZ14,1990,NH3_AWB,0
Russia,Rice,RiceAEZ15,RiceAEZ15,1990,NH3_AWB,1.31334310124173e-05
Russia,Rice,RiceAEZ16,RiceAEZ16,1990,NH3_AWB,1.21650818013305e-07
Russia,Root_Tuber,Root_TuberAEZ07,Root_TuberAEZ07,1990,NH3_AWB,1.50513002114309e-05
Russia,Root_Tuber,Root_TuberAEZ08,Root_TuberAEZ08,1990,NH3_AWB,0.000168168550796085
Russia,Root_Tuber,Root_TuberAEZ09,Root_TuberAEZ09,1990,NH3_AWB,0.000405888274162079
Russia,Root_Tuber,Root_TuberAEZ10,Root_TuberAEZ10,1990,NH3_AWB,0.000489106214719261
Russia,Root_Tuber,Root_TuberAEZ11,Root_TuberAEZ11,1990,NH3_AWB,1.14361399603003e-06
Russia,Root_Tuber,Root_TuberAEZ13,Root_TuberAEZ13,1990,NH3_AWB,1.92604567271359e-05
Russia,Root_Tuber,Root_TuberAEZ14,Root_TuberAEZ14,1990,NH3_AWB,5.53816790121576e-05
Russia,Root_Tuber,Root_TuberAEZ15,Root_TuberAEZ15,1990,NH3_AWB,0.000277936685544485
Russia,Root_Tuber,Root_TuberAEZ16,Root_TuberAEZ16,1990,NH3_AWB,3.17774566639781e-06
Russia,SugarCrop,SugarCropAEZ07,SugarCropAEZ07,1990,NH3_AWB,4.81929873683065e-06
Russia,SugarCrop,SugarCropAEZ08,SugarCropAEZ08,1990,NH3_AWB,0.000263022139693687
Russia,SugarCrop,SugarCropAEZ09,SugarCropAEZ09,1990,NH3_AWB,0.000652780345870512
Russia,SugarCrop,SugarCropAEZ10,SugarCropAEZ10,1990,NH3_AWB,0.000421190221876782
Russia,SugarCrop,SugarCropAEZ11,SugarCropAEZ11,1990,NH3_AWB,1.06855962290488e-05
Russia,SugarCrop,SugarCropAEZ13,SugarCropAEZ13,1990,NH3_AWB,7.08347377085524e-06
Russia,SugarCrop,SugarCropAEZ14,SugarCropAEZ14,1990,NH3_AWB,1.41446105586811e-05
Russia,SugarCrop,SugarCropAEZ15,SugarCropAEZ15,1990,NH3_AWB,2.04133523383614e-05
Russia,SugarCrop,SugarCropAEZ16,SugarCropAEZ16,1990,NH3_AWB,2.5527574969767e-06
Russia,Wheat,WheatAEZ07,WheatAEZ07,1990,NH3_AWB,6.99815383798323e-05
Russia,Wheat,WheatAEZ08,WheatAEZ08,1990,NH3_AWB,0.000632704169006481
Russia,Wheat,WheatAEZ09,WheatAEZ09,1990,NH3_AWB,0.000492822045455998
Russia,Wheat,WheatAEZ10,WheatAEZ10,1990,NH3_AWB,0.000293677653066196
Russia,Wheat,WheatAEZ11,WheatAEZ11,1990,NH3_AWB,8.87045291772631e-06
Russia,Wheat,WheatAEZ13,WheatAEZ13,1990,NH3_AWB,3.73002959498069e-05
Russia,Wheat,WheatAEZ14,WheatAEZ14,1990,NH3_AWB,0.000104827676526053
Russia,Wheat,WheatAEZ15,WheatAEZ15,1990,NH3_AWB,0.000189537024216807
Russia,Wheat,WheatAEZ16,WheatAEZ16,1990,NH3_AWB,1.50335934862884e-06
Russia,Corn,CornAEZ07,CornAEZ07,1990,NMVOC_AWB,2.32036253428752e-05
Russia,Corn,CornAEZ08,CornAEZ08,1990,NMVOC_AWB,0.000217352276702272
Russia,Corn,CornAEZ09,CornAEZ09,1990,NMVOC_AWB,0.00019458128340446
Russia,Corn,CornAEZ10,CornAEZ10,1990,NMVOC_AWB,0.000181245685598854
Russia,Corn,CornAEZ11,CornAEZ11,1990,NMVOC_AWB,1.02648330892661e-06
Russia,Corn,CornAEZ13,CornAEZ13,1990,NMVOC_AWB,1.87036006834348e-05
Russia,Corn,CornAEZ14,CornAEZ14,1990,NMVOC_AWB,5.00952081690119e-05
Russia,Corn,CornAEZ15,CornAEZ15,1990,NMVOC_AWB,9.70176003990091e-05
Russia,Corn,CornAEZ16,CornAEZ16,1990,NMVOC_AWB,1.12636322899139e-06
Russia,FiberCrop,FiberCropAEZ07,FiberCropAEZ07,1990,NMVOC_AWB,1.46829026809466e-05
Russia,FiberCrop,FiberCropAEZ08,FiberCropAEZ08,1990,NMVOC_AWB,1.68362736719821e-06
Russia,FiberCrop,FiberCropAEZ09,FiberCropAEZ09,1990,NMVOC_AWB,4.93955079339004e-06
Russia,FiberCrop,FiberCropAEZ10,FiberCropAEZ10,1990,NMVOC_AWB,7.65826961716708e-06
Russia,FiberCrop,FiberCropAEZ11,FiberCropAEZ11,1990,NMVOC_AWB,0
Russia,FiberCrop,FiberCropAEZ13,FiberCropAEZ13,1990,NMVOC_AWB,1.39019280393776e-06
Russia,FiberCrop,FiberCropAEZ14,FiberCropAEZ14,1990,NMVOC_AWB,1.52594250316121e-06
Russia,FiberCrop,FiberCropAEZ15,FiberCropAEZ15,1990,NMVOC_AWB,1.38481248049292e-06
Russia,FiberCrop,FiberCropAEZ16,FiberCropAEZ16,1990,NMVOC_AWB,0
Russia,FodderGrass,FodderGrassAEZ07,FodderGrassAEZ07,1990,NMVOC_AWB,0.000263629942478854
Russia,FodderGrass,FodderGrassAEZ08,FodderGrassAEZ08,1990,NMVOC_AWB,0.00167272449414941
Russia,FodderGrass,FodderGrassAEZ09,FodderGrassAEZ09,1990,NMVOC_AWB,0.00198816204014747
Russia,FodderGrass,FodderGrassAEZ10,FodderGrassAEZ10,1990,NMVOC_AWB,0.00178980692316829
Russia,FodderGrass,FodderGrassAEZ11,FodderGrassAEZ11,1990,NMVOC_AWB,8.53610108101029e-06
Russia,FodderGrass,FodderGrassAEZ13,FodderGrassAEZ13,1990,NMVOC_AWB,0.000114416076225174
Russia,FodderGrass,FodderGrassAEZ14,FodderGrassAEZ14,1990,NMVOC_AWB,0.00030223284808698
Russia,FodderGrass,FodderGrassAEZ15,FodderGrassAEZ15,1990,NMVOC_AWB,0.00108815497757019
Russia,FodderGrass,FodderGrassAEZ16,FodderGrassAEZ16,1990,NMVOC_AWB,5.99249121673086e-06
Russia,FodderHerb,FodderHerbAEZ07,FodderHerbAEZ07,1990,NMVOC_AWB,0.00148394173335536
Russia,FodderHerb,FodderHerbAEZ08,FodderHerbAEZ08,1990,NMVOC_AWB,0.0122800334440471
Russia,FodderHerb,FodderHerbAEZ09,FodderHerbAEZ09,1990,NMVOC_AWB,0.0115576591917022
Russia,FodderHerb,FodderHerbAEZ10,FodderHerbAEZ10,1990,NMVOC_AWB,0.00806394357691858
Russia,FodderHerb,FodderHerbAEZ11,FodderHerbAEZ11,1990,NMVOC_AWB,6.50941633969596e-05
Russia,FodderHerb,FodderHerbAEZ13,FodderHerbAEZ13,1990,NMVOC_AWB,0.00109303348409811
Russia,FodderHerb,FodderHerbAEZ14,FodderHerbAEZ14,1990,NMVOC_AWB,0.00309629391072935
Russia,FodderHerb,FodderHerbAEZ15,FodderHerbAEZ15,1990,NMVOC_AWB,0.00666068349082719
Russia,FodderHerb,FodderHerbAEZ16,FodderHerbAEZ16,1990,NMVOC_AWB,3.74422689396675e-05
Russia,MiscCrop,MiscCropAEZ07,MiscCropAEZ07,1990,NMVOC_AWB,0.000216476751054757
Russia,MiscCrop,MiscCropAEZ08,MiscCropAEZ08,1990,NMVOC_AWB,0.000701598565537629
Russia,MiscCrop,MiscCropAEZ09,MiscCropAEZ09,1990,NMVOC_AWB,0.00142419332927918
Russia,MiscCrop,MiscCropAEZ10,MiscCropAEZ10,1990,NMVOC_AWB,0.00164315769794686
Russia,MiscCrop,MiscCropAEZ11,MiscCropAEZ11,1990,NMVOC_AWB,3.92187000133577e-05
Russia,MiscCrop,MiscCropAEZ13,MiscCropAEZ13,1990,NMVOC_AWB,1.85273217828389e-05
Russia,MiscCrop,MiscCropAEZ14,MiscCropAEZ14,1990,NMVOC_AWB,4.77613762299005e-05
Russia,MiscCrop,MiscCropAEZ15,MiscCropAEZ15,1990,NMVOC_AWB,0.00015223855991552
Russia,MiscCrop,MiscCropAEZ16,MiscCropAEZ16,1990,NMVOC_AWB,1.96176181795559e-06
Russia,OilCrop,OilCropAEZ07,OilCropAEZ07,1990,NMVOC_AWB,3.38451243774734e-05
Russia,OilCrop,OilCropAEZ08,OilCropAEZ08,1990,NMVOC_AWB,0.000511063189102506
Russia,OilCrop,OilCropAEZ09,OilCropAEZ09,1990,NMVOC_AWB,0.000282869308478722
Russia,OilCrop,OilCropAEZ10,OilCropAEZ10,1990,NMVOC_AWB,0.000119773679057082
Russia,OilCrop,OilCropAEZ11,OilCropAEZ11,1990,NMVOC_AWB,8.49385398937935e-06
Russia,OilCrop,OilCropAEZ13,OilCropAEZ13,1990,NMVOC_AWB,1.14276782936857e-05
Russia,OilCrop,OilCropAEZ14,OilCropAEZ14,1990,NMVOC_AWB,1.72902963393622e-05
Russia,OilCrop,OilCropAEZ15,OilCropAEZ15,1990,NMVOC_AWB,1.74062508150383e-05
Russia,OilCrop,OilCropAEZ16,OilCropAEZ16,1990,NMVOC_AWB,1.9694653894649e-07
Russia,OtherGrain,OtherGrainAEZ07,OtherGrainAEZ07,1990,NMVOC_AWB,0.000312399598860937
Russia,OtherGrain,OtherGrainAEZ08,OtherGrainAEZ08,1990,NMVOC_AWB,0.00304512043920516
Russia,OtherGrain,OtherGrainAEZ09,OtherGrainAEZ09,1990,NMVOC_AWB,0.00310788930267026
Russia,OtherGrain,OtherGrainAEZ10,OtherGrainAEZ10,1990,NMVOC_AWB,0.00222254313356963
Russia,OtherGrain,OtherGrainAEZ11,OtherGrainAEZ11,1990,NMVOC_AWB,1.14718345845727e-05
Russia,OtherGrain,OtherGrainAEZ13,OtherGrainAEZ13,1990,NMVOC_AWB,0.000366252948659907
Russia,OtherGrain,OtherGrainAEZ14,OtherGrainAEZ14,1990,NMVOC_AWB,0.000875913555641884
Russia,OtherGrain,OtherGrainAEZ15,OtherGrainAEZ15,1990,NMVOC_AWB,0.00146603181045316
Russia,OtherGrain,OtherGrainAEZ16,OtherGrainAEZ16,1990,NMVOC_AWB,1.1338507130202e-05
Russia,PalmFruit,PalmFruitAEZ07,PalmFruitAEZ07,1990,NMVOC_AWB,0
Russia,PalmFruit,PalmFruitAEZ08,PalmFruitAEZ08,1990,NMVOC_AWB,0
Russia,PalmFruit,PalmFruitAEZ09,PalmFruitAEZ09,1990,NMVOC_AWB,0
Russia,PalmFruit,PalmFruitAEZ10,PalmFruitAEZ10,1990,NMVOC_AWB,0
Russia,PalmFruit,PalmFruitAEZ11,PalmFruitAEZ11,1990,NMVOC_AWB,0
Russia,PalmFruit,PalmFruitAEZ13,PalmFruitAEZ13,1990,NMVOC_AWB,0
Russia,PalmFruit,PalmFruitAEZ14,PalmFruitAEZ14,1990,NMVOC_AWB,0
Russia,PalmFruit,PalmFruitAEZ15,PalmFruitAEZ15,1990,NMVOC_AWB,0
Russia,PalmFruit,PalmFruitAEZ16,PalmFruitAEZ16,1990,NMVOC_AWB,0
Russia,Rice,RiceAEZ07,RiceAEZ07,1990,NMVOC_AWB,2.80789890151112e-05
Russia,Rice,RiceAEZ08,RiceAEZ08,1990,NMVOC_AWB,2.77446222239144e-05
Russia,Rice,RiceAEZ09,RiceAEZ09,1990,NMVOC_AWB,2.83543038934765e-05
Russia,Rice,RiceAEZ10,RiceAEZ10,1990,NMVOC_AWB,3.3435896975125e-05
Russia,Rice,RiceAEZ11,RiceAEZ11,1990,NMVOC_AWB,1.30539923861338e-06
Russia,Rice,RiceAEZ13,RiceAEZ13,1990,NMVOC_AWB,0
Russia,Rice,RiceAEZ14,RiceAEZ14,1990,NMVOC_AWB,0
Russia,Rice,RiceAEZ15,RiceAEZ15,1990,NMVOC_AWB,7.08454792898398e-05
Russia,Rice,RiceAEZ16,RiceAEZ16,1990,NMVOC_AWB,6.5621926974034e-07
Russia,Root_Tuber,Root_TuberAEZ07,Root_TuberAEZ07,1990,NMVOC_AWB,8.11910137119473e-05
Russia,Root_Tuber,Root_TuberAEZ08,Root_TuberAEZ08,1990,NMVOC_AWB,0.000907149211151451
Russia,Root_Tuber,Root_TuberAEZ09,Root_TuberAEZ09,1990,NMVOC_AWB,0.00218947731890859
Russia,Root_Tuber,Root_TuberAEZ10,Root_TuberAEZ10,1990,NMVOC_AWB,0.00263837866682847
Russia,Root_Tuber,Root_TuberAEZ11,Root_TuberAEZ11,1990,NMVOC_AWB,6.16898064144197e-06
Russia,Root_Tuber,Root_TuberAEZ13,Root_TuberAEZ13,1990,NMVOC_AWB,0.000103896406573807
Russia,Root_Tuber,Root_TuberAEZ14,Root_TuberAEZ14,1990,NMVOC_AWB,0.000298744599928439
Russia,Root_Tuber,Root_TuberAEZ15,Root_TuberAEZ15,1990,NMVOC_AWB,0.00149926989230853
Russia,Root_Tuber,Root_TuberAEZ16,Root_TuberAEZ16,1990,NMVOC_AWB,1.71416680518831e-05
Russia,SugarCrop,SugarCropAEZ07,SugarCropAEZ07,1990,NMVOC_AWB,2.59966743289608e-05
Russia,SugarCrop,SugarCropAEZ08,SugarCropAEZ08,1990,NMVOC_AWB,0.00141881657069052
Russia,SugarCrop,SugarCropAEZ09,SugarCropAEZ09,1990,NMVOC_AWB,0.00352128369429579
Russia,SugarCrop,SugarCropAEZ10,SugarCropAEZ10,1990,NMVOC_AWB,0.00227202039686676
Russia,SugarCrop,SugarCropAEZ11,SugarCropAEZ11,1990,NMVOC_AWB,5.76411590869834e-05
Russia,SugarCrop,SugarCropAEZ13,SugarCropAEZ13,1990,NMVOC_AWB,3.8210281369642e-05
Russia,SugarCrop,SugarCropAEZ14,SugarCropAEZ14,1990,NMVOC_AWB,7.63000706708282e-05
Russia,SugarCrop,SugarCropAEZ15,SugarCropAEZ15,1990,NMVOC_AWB,0.000110115454899504
Russia,SugarCrop,SugarCropAEZ16,SugarCropAEZ16,1990,NMVOC_AWB,1.37703032979772e-05
Russia,Wheat,WheatAEZ07,WheatAEZ07,1990,NMVOC_AWB,0.000377500412746067
Russia,Wheat,WheatAEZ08,WheatAEZ08,1990,NMVOC_AWB,0.00341298706024068
Russia,Wheat,WheatAEZ09,WheatAEZ09,1990,NMVOC_AWB,0.00265842291948835
Russia,Wheat,WheatAEZ10,WheatAEZ10,1990,NMVOC_AWB,0.00158418116853994
Russia,Wheat,WheatAEZ11,WheatAEZ11,1990,NMVOC_AWB,4.78497574533351e-05
Russia,Wheat,WheatAEZ13,WheatAEZ13,1990,NMVOC_AWB,0.000201208453580673
Russia,Wheat,WheatAEZ14,WheatAEZ14,1990,NMVOC_AWB,0.000565470437946251
Russia,Wheat,WheatAEZ15,WheatAEZ15,1990,NMVOC_AWB,0.00102241686206095
Russia,Wheat,WheatAEZ16,WheatAEZ16,1990,NMVOC_AWB,8.10954985774643e-06
Russia,Corn,CornAEZ07,CornAEZ07,1990,NOx_AWB,1.25850171351187e-05
Russia,Corn,CornAEZ08,CornAEZ08,1990,NOx_AWB,0.000117885980584283
Russia,Corn,CornAEZ09,CornAEZ09,1990,NOx_AWB,0.000105535611338012
Russia,Corn,CornAEZ10,CornAEZ10,1990,NOx_AWB,9.83027447315821e-05
Russia,Corn,CornAEZ11,CornAEZ11,1990,NOx_AWB,5.56736709926297e-07
Russia,Corn,CornAEZ13,CornAEZ13,1990,NOx_AWB,1.01443257944053e-05
Russia,Corn,CornAEZ14,CornAEZ14,1990,NOx_AWB,2.71702823967522e-05
Russia,Corn,CornAEZ15,CornAEZ15,1990,NOx_AWB,5.2619715470649e-05
Russia,Corn,CornAEZ16,CornAEZ16,1990,NOx_AWB,6.10908869961433e-07
Russia,FiberCrop,FiberCropAEZ07,FiberCropAEZ07,1990,NOx_AWB,7.96360823373377e-06
Russia,FiberCrop,FiberCropAEZ08,FiberCropAEZ08,1990,NOx_AWB,9.13153826276995e-07
Russia,FiberCrop,FiberCropAEZ09,FiberCropAEZ09,1990,NOx_AWB,2.67907839641494e-06
Russia,FiberCrop,FiberCropAEZ10,FiberCropAEZ10,1990,NOx_AWB,4.1536377584635e-06
Russia,FiberCrop,FiberCropAEZ11,FiberCropAEZ11,1990,NOx_AWB,0
Russia,FiberCrop,FiberCropAEZ13,FiberCropAEZ13,1990,NOx_AWB,7.54002876712004e-07
Russia,FiberCrop,FiberCropAEZ14,FiberCropAEZ14,1990,NOx_AWB,8.27629832223029e-07
Russia,FiberCrop,FiberCropAEZ15,FiberCropAEZ15,1990,NOx_AWB,7.51084735182602e-07
Russia,FiberCrop,FiberCropAEZ16,FiberCropAEZ16,1990,NOx_AWB,0
Russia,FodderGrass,FodderGrassAEZ07,FodderGrassAEZ07,1990,NOx_AWB,0.000142985731513955
Russia,FodderGrass,FodderGrassAEZ08,FodderGrassAEZ08,1990,NOx_AWB,0.000907240403606458
Russia,FodderGrass,FodderGrassAEZ09,FodderGrassAEZ09,1990,NOx_AWB,0.00107832517431727
Russia,FodderGrass,FodderGrassAEZ10,FodderGrassAEZ10,1990,NOx_AWB,0.000970742737989583
Russia,FodderGrass,FodderGrassAEZ11,FodderGrassAEZ11,1990,NOx_AWB,4.62974973885304e-06
Russia,FodderGrass,FodderGrassAEZ13,FodderGrassAEZ13,1990,NOx_AWB,6.20561769356876e-05
Russia,FodderGrass,FodderGrassAEZ14,FodderGrassAEZ14,1990,NOx_AWB,0.000163922900657345
Russia,FodderGrass,FodderGrassAEZ15,FodderGrassAEZ15,1990,NOx_AWB,0.000590185750546544
Russia,FodderGrass,FodderGrassAEZ16,FodderGrassAEZ16,1990,NOx_AWB,3.25016472771843e-06
Russia,FodderHerb,FodderHerbAEZ07,FodderHerbAEZ07,1990,NOx_AWB,0.000804849753684264
Russia,FodderHerb,FodderHerbAEZ08,FodderHerbAEZ08,1990,NOx_AWB,0.00666035712219501
Russia,FodderHerb,FodderHerbAEZ09,FodderHerbAEZ09,1990,NOx_AWB,0.00626856091753342
Russia,FodderHerb,FodderHerbAEZ10,FodderHerbAEZ10,1990,NOx_AWB,0.00437366431290499
Russia,FodderHerb,FodderHerbAEZ11,FodderHerbAEZ11,1990,NOx_AWB,3.53053089610628e-05
Russia,FodderHerb,FodderHerbAEZ13,FodderHerbAEZ13,1990,NOx_AWB,0.000592831720188808
Russia,FodderHerb,FodderHerbAEZ14,FodderHerbAEZ14,1990,NOx_AWB,0.00167934584988711
Russia,FodderHerb,FodderHerbAEZ15,FodderHerbAEZ15,1990,NOx_AWB,0.00361257409671983
Russia,FodderHerb,FodderHerbAEZ16,FodderHerbAEZ16,1990,NOx_AWB,2.03076712893112e-05
Russia,MiscCrop,MiscCropAEZ07,MiscCropAEZ07,1990,NOx_AWB,0.000117411119216139
Russia,MiscCrop,MiscCropAEZ08,MiscCropAEZ08,1990,NOx_AWB,0.000380528035545833
Russia,MiscCrop,MiscCropAEZ09,MiscCropAEZ09,1990,NOx_AWB,0.000772443839609045
Russia,MiscCrop,MiscCropAEZ10,MiscCropAEZ10,1990,NOx_AWB,0.00089120417515762
Russia,MiscCrop,MiscCropAEZ11,MiscCropAEZ11,1990,NOx_AWB,2.12711593292787e-05
Russia,MiscCrop,MiscCropAEZ13,MiscCropAEZ13,1990,NOx_AWB,1.00487168991669e-05
Russia,MiscCrop,MiscCropAEZ14,MiscCropAEZ14,1990,NOx_AWB,2.59044752433359e-05
Russia,MiscCrop,MiscCropAEZ15,MiscCropAEZ15,1990,NOx_AWB,8.25700663948585e-05
Russia,MiscCrop,MiscCropAEZ16,MiscCropAEZ16,1990,NOx_AWB,1.06400640973863e-06
Russia,OilCrop,OilCropAEZ07,OilCropAEZ07,1990,NOx_AWB,1.83566776284602e-05
Russia,OilCrop,OilCropAEZ08,OilCropAEZ08,1990,NOx_AWB,0.000277186814428478
Russia,OilCrop,OilCropAEZ09,OilCropAEZ09,1990,NOx_AWB,0.000153420641886765
Russia,OilCrop,OilCropAEZ10,OilCropAEZ10,1990,NOx_AWB,6.49619954207901e-05
Russia,OilCrop,OilCropAEZ11,OilCropAEZ11,1990,NOx_AWB,4.60683606203625e-06
Russia,OilCrop,OilCropAEZ13,OilCropAEZ13,1990,NOx_AWB,6.19806280335494e-06
Russia,OilCrop,OilCropAEZ14,OilCropAEZ14,1990,NOx_AWB,9.37778784507781e-06
Russia,OilCrop,OilCropAEZ15,OilCropAEZ15,1990,NOx_AWB,9.44067840815635e-06
Russia,OilCrop,OilCropAEZ16,OilCropAEZ16,1990,NOx_AWB,1.06818461801486e-07
Russia,OtherGrain,OtherGrainAEZ07,OtherGrainAEZ07,1990,NOx_AWB,0.000169437070568644
Russia,OtherGrain,OtherGrainAEZ08,OtherGrainAEZ08,1990,NOx_AWB,0.00165159074668755
Russia,OtherGrain,OtherGrainAEZ09,OtherGrainAEZ09,1990,NOx_AWB,0.00168563487602455
Russia,OtherGrain,OtherGrainAEZ10,OtherGrainAEZ10,1990,NOx_AWB,0.001205447123292
Russia,OtherGrain,OtherGrainAEZ11,OtherGrainAEZ11,1990,NOx_AWB,6.22201197807332e-06
Russia,OtherGrain,OtherGrainAEZ13,OtherGrainAEZ13,1990,NOx_AWB,0.00019864566706978
Russia,OtherGrain,OtherGrainAEZ14,OtherGrainAEZ14,1990,NOx_AWB,0.000475071758992208
Russia,OtherGrain,OtherGrainAEZ15,OtherGrainAEZ15,1990,NOx_AWB,0.000795135897194934
Russia,OtherGrain,OtherGrainAEZ16,OtherGrainAEZ16,1990,NOx_AWB,6.14969878248243e-06
Russia,PalmFruit,PalmFruitAEZ07,PalmFruitAEZ07,1990,NOx_AWB,0
Russia,PalmFruit,PalmFruitAEZ08,PalmFruitAEZ08,1990,NOx_AWB,0
Russia,PalmFruit,PalmFruitAEZ09,PalmFruitAEZ09,1990,NOx_AWB,0
Russia,PalmFruit,PalmFruitAEZ10,PalmFruitAEZ10,1990,NOx_AWB,0
Russia,PalmFruit,PalmFruitAEZ11,PalmFruitAEZ11,1990,NOx_AWB,0
Russia,PalmFruit,PalmFruitAEZ13,PalmFruitAEZ13,1990,NOx_AWB,0
Russia,PalmFruit,PalmFruitAEZ14,PalmFruitAEZ14,1990,NOx_AWB,0
Russia,PalmFruit,PalmFruitAEZ15,PalmFruitAEZ15,1990,NOx_AWB,0
Russia,PalmFruit,PalmFruitAEZ16,PalmFruitAEZ16,1990,NOx_AWB,0
Russia,Rice,RiceAEZ07,RiceAEZ07,1990,NOx_AWB,1.52292821776874e-05
Russia,Rice,RiceAEZ08,RiceAEZ08,1990,NOx_AWB,1.50479306977163e-05
Russia,Rice,RiceAEZ09,RiceAEZ09,1990,NOx_AWB,1.53786055015466e-05
Russia,Rice,RiceAEZ10,RiceAEZ10,1990,NOx_AWB,1.81347237831186e-05
Russia,Rice,RiceAEZ11,RiceAEZ11,1990,NOx_AWB,7.08013146366581e-07
Russia,Rice,RiceAEZ13,RiceAEZ13,1990,NOx_AWB,0
Russia,Rice,RiceAEZ14,RiceAEZ14,1990,NOx_AWB,0
Russia,Rice,RiceAEZ15,RiceAEZ15,1990,NOx_AWB,3.84246667334724e-05
Russia,Rice,RiceAEZ16,RiceAEZ16,1990,NOx_AWB,3.55915536130354e-07
Russia,Root_Tuber,Root_TuberAEZ07,Root_TuberAEZ07,1990,NOx_AWB,4.40358040471578e-05
Russia,Root_Tuber,Root_TuberAEZ08,Root_TuberAEZ08,1990,NOx_AWB,0.000492013131471973
Russia,Root_Tuber,Root_TuberAEZ09,Root_TuberAEZ09,1990,NOx_AWB,0.00118751312211991
Russia,Root_Tuber,Root_TuberAEZ10,Root_TuberAEZ10,1990,NOx_AWB,0.00143098503963578
Russia,Root_Tuber,Root_TuberAEZ11,Root_TuberAEZ11,1990,NOx_AWB,3.34588780552785e-06
Russia,Root_Tuber,Root_TuberAEZ13,Root_TuberAEZ13,1990,NOx_AWB,5.63505933959632e-05
Russia,Root_Tuber,Root_TuberAEZ14,Root_TuberAEZ14,1990,NOx_AWB,0.000162030969452712
Russia,Root_Tuber,Root_TuberAEZ15,Root_TuberAEZ15,1990,NOx_AWB,0.000813163331421577
Russia,Root_Tuber,Root_TuberAEZ16,Root_TuberAEZ16,1990,NOx_AWB,9.29717589254674e-06
Russia,SugarCrop,SugarCropAEZ07,SugarCropAEZ07,1990,NOx_AWB,1.40998911614703e-05
Russia,SugarCrop,SugarCropAEZ08,SugarCropAEZ08,1990,NOx_AWB,0.000769527631560958
Russia,SugarCrop,SugarCropAEZ09,SugarCropAEZ09,1990,NOx_AWB,0.00190984878334687
Russia,SugarCrop,SugarCropAEZ10,SugarCropAEZ10,1990,NOx_AWB,0.00123228224914807
Russia,SugarCrop,SugarCropAEZ11,SugarCropAEZ11,1990,NOx_AWB,3.12630015387028e-05
Russia,SugarCrop,SugarCropAEZ13,SugarCropAEZ13,1990,NOx_AWB,2.07242204038736e-05
Russia,SugarCrop,SugarCropAEZ14,SugarCropAEZ14,1990,NOx_AWB,4.13830891773983e-05
Russia,SugarCrop,SugarCropAEZ15,SugarCropAEZ15,1990,NOx_AWB,5.97236365556631e-05
Russia,SugarCrop,SugarCropAEZ16,SugarCropAEZ16,1990,NOx_AWB,7.46863907686898e-06
Russia,Wheat,WheatAEZ07,WheatAEZ07,1990,NOx_AWB,0.000204745986574138
Russia,Wheat,WheatAEZ08,WheatAEZ08,1990,NOx_AWB,0.00185111162589325
Russia,Wheat,WheatAEZ09,WheatAEZ09,1990,NOx_AWB,0.00144185649870555
Russia,Wheat,WheatAEZ10,WheatAEZ10,1990,NOx_AWB,0.000859216904970815
Russia,Wheat,WheatAEZ11,WheatAEZ11,1990,NOx_AWB,2.59524108221478e-05
Russia,Wheat,WheatAEZ13,WheatAEZ13,1990,NOx_AWB,0.000109130008721721
Russia,Wheat,WheatAEZ14,WheatAEZ14,1990,NOx_AWB,0.000306695830750509
Russia,Wheat,WheatAEZ15,WheatAEZ15,1990,NOx_AWB,0.000554531179422887
Russia,Wheat,WheatAEZ16,WheatAEZ16,1990,NOx_AWB,4.39839992284552e-06
Russia,Corn,CornAEZ07,CornAEZ07,1990,SO2_AWB,1.92953875997426e-06
Russia,Corn,CornAEZ08,CornAEZ08,1990,SO2_AWB,1.80743153825512e-05
Russia,Corn,CornAEZ09,CornAEZ09,1990,SO2_AWB,1.61807529102226e-05
Russia,Corn,CornAEZ10,CornAEZ10,1990,SO2_AWB,1.50718075418539e-05
Russia,Corn,CornAEZ11,CornAEZ11,1990,SO2_AWB,8.53590463461217e-08
Russia,Corn,CornAEZ13,CornAEZ13,1990,SO2_AWB,1.55533120090004e-06
Russia,Corn,CornAEZ14,CornAEZ14,1990,SO2_AWB,4.1657561877833e-06
Russia,Corn,CornAEZ15,CornAEZ15,1990,SO2_AWB,8.06767121962099e-06
Russia,Corn,CornAEZ16,CornAEZ16,1990,SO2_AWB,9.36647388515087e-08
Russia,FiberCrop,FiberCropAEZ07,FiberCropAEZ07,1990,SO2_AWB,1.22098290302363e-06
Russia,FiberCrop,FiberCropAEZ08,FiberCropAEZ08,1990,SO2_AWB,1.4000503000536e-07
Russia,FiberCrop,FiberCropAEZ09,FiberCropAEZ09,1990,SO2_AWB,4.10757136950337e-07
Russia,FiberCrop,FiberCropAEZ10,FiberCropAEZ10,1990,SO2_AWB,6.36837039139423e-07
Russia,FiberCrop,FiberCropAEZ11,FiberCropAEZ11,1990,SO2_AWB,0
Russia,FiberCrop,FiberCropAEZ13,FiberCropAEZ13,1990,SO2_AWB,1.15603956683383e-07
Russia,FiberCrop,FiberCropAEZ14,FiberCropAEZ14,1990,SO2_AWB,1.26892464510757e-07
Russia,FiberCrop,FiberCropAEZ15,FiberCropAEZ15,1990,SO2_AWB,1.15156546312176e-07
Russia,FiberCrop,FiberCropAEZ16,FiberCropAEZ16,1990,SO2_AWB,0
Russia,FodderGrass,FodderGrassAEZ07,FodderGrassAEZ07,1990,SO2_AWB,2.19226170387606e-05
Russia,FodderGrass,FodderGrassAEZ08,FodderGrassAEZ08,1990,SO2_AWB,0.000139098382193568
Russia,FodderGrass,FodderGrassAEZ09,FodderGrassAEZ09,1990,SO2_AWB,0.000165329152702941
Russia,FodderGrass,FodderGrassAEZ10,FodderGrassAEZ10,1990,SO2_AWB,0.000148834579945668
Russia,FodderGrass,FodderGrassAEZ11,FodderGrassAEZ11,1990,SO2_AWB,7.09834676757741e-07
Russia,FodderGrass,FodderGrassAEZ13,FodderGrassAEZ13,1990,SO2_AWB,9.51447244033492e-06
Russia,FodderGrass,FodderGrassAEZ14,FodderGrassAEZ14,1990,SO2_AWB,2.51327103546906e-05
Russia,FodderGrass,FodderGrassAEZ15,FodderGrassAEZ15,1990,SO2_AWB,9.04874637068432e-05
Russia,FodderGrass,FodderGrassAEZ16,FodderGrassAEZ16,1990,SO2_AWB,4.98316271730267e-07
Russia,FodderHerb,FodderHerbAEZ07,FodderHerbAEZ07,1990,SO2_AWB,0.000123399815750419
Russia,FodderHerb,FodderHerbAEZ08,FodderHerbAEZ08,1990,SO2_AWB,0.00102116803533654
Russia,FodderHerb,FodderHerbAEZ09,FodderHerbAEZ09,1990,SO2_AWB,0.000961097718801511
Russia,FodderHerb,FodderHerbAEZ10,FodderHerbAEZ10,1990,SO2_AWB,0.000670571579224691
Russia,FodderHerb,FodderHerbAEZ11,FodderHerbAEZ11,1990,SO2_AWB,5.4130210028192e-06
Russia,FodderHerb,FodderHerbAEZ13,FodderHerbAEZ13,1990,SO2_AWB,9.08931445992606e-05
Russia,FodderHerb,FodderHerbAEZ14,FodderHerbAEZ14,1990,SO2_AWB,0.000257477830500269
Russia,FodderHerb,FodderHerbAEZ15,FodderHerbAEZ15,1990,SO2_AWB,0.00055388098943849
Russia,FodderHerb,FodderHerbAEZ16,FodderHerbAEZ16,1990,SO2_AWB,3.11357850822447e-06
Russia,MiscCrop,MiscCropAEZ07,MiscCropAEZ07,1990,SO2_AWB,1.80015094891932e-05
Russia,MiscCrop,MiscCropAEZ08,MiscCropAEZ08,1990,SO2_AWB,5.83426773248982e-05
Russia,MiscCrop,MiscCropAEZ09,MiscCropAEZ09,1990,SO2_AWB,0.000118431330877559
Russia,MiscCrop,MiscCropAEZ10,MiscCropAEZ10,1990,SO2_AWB,0.000136639702636471
Russia,MiscCrop,MiscCropAEZ11,MiscCropAEZ11,1990,SO2_AWB,3.2613007956023e-06
Russia,MiscCrop,MiscCropAEZ13,MiscCropAEZ13,1990,SO2_AWB,1.54067241520429e-06
Russia,MiscCrop,MiscCropAEZ14,MiscCropAEZ14,1990,SO2_AWB,3.97168223945677e-06
Russia,MiscCrop,MiscCropAEZ15,MiscCropAEZ15,1990,SO2_AWB,1.26596683828055e-05
Russia,MiscCrop,MiscCropAEZ16,MiscCropAEZ16,1990,SO2_AWB,1.63133795243129e-07
Russia,OilCrop,OilCropAEZ07,OilCropAEZ07,1990,SO2_AWB,2.81445155045727e-06
Russia,OilCrop,OilCropAEZ08,OilCropAEZ08,1990,SO2_AWB,4.24983690090537e-05
Russia,OilCrop,OilCropAEZ09,OilCropAEZ09,1990,SO2_AWB,2.35225007580294e-05
Russia,OilCrop,OilCropAEZ10,OilCropAEZ10,1990,SO2_AWB,9.95999343853911e-06
Russia,OilCrop,OilCropAEZ11,OilCropAEZ11,1990,SO2_AWB,7.06321544667668e-07
Russia,OilCrop,OilCropAEZ13,OilCropAEZ13,1990,SO2_AWB,9.50288925905005e-07
Russia,OilCrop,OilCropAEZ14,OilCropAEZ14,1990,SO2_AWB,1.43780536296603e-06
Russia,OilCrop,OilCropAEZ15,OilCropAEZ15,1990,SO2_AWB,1.44744776375053e-06
Russia,OilCrop,OilCropAEZ16,OilCropAEZ16,1990,SO2_AWB,1.63774399441731e-08
Russia,OtherGrain,OtherGrainAEZ07,OtherGrainAEZ07,1990,SO2_AWB,2.5978144608669e-05
Russia,OtherGrain,OtherGrainAEZ08,OtherGrainAEZ08,1990,SO2_AWB,0.000253222409404243
Russia,OtherGrain,OtherGrainAEZ09,OtherGrainAEZ09,1990,SO2_AWB,0.000258442065952982
Russia,OtherGrain,OtherGrainAEZ10,OtherGrainAEZ10,1990,SO2_AWB,0.000184819529645356
Russia,OtherGrain,OtherGrainAEZ11,OtherGrainAEZ11,1990,SO2_AWB,9.53960820856944e-07
Russia,OtherGrain,OtherGrainAEZ13,OtherGrainAEZ13,1990,SO2_AWB,3.04564157519096e-05
Russia,OtherGrain,OtherGrainAEZ14,OtherGrainAEZ14,1990,SO2_AWB,7.28381505486101e-05
Russia,OtherGrain,OtherGrainAEZ15,OtherGrainAEZ15,1990,SO2_AWB,0.000121910484237895
Russia,OtherGrain,OtherGrainAEZ16,OtherGrainAEZ16,1990,SO2_AWB,9.42873739111075e-07
Russia,PalmFruit,PalmFruitAEZ07,PalmFruitAEZ07,1990,SO2_AWB,0
Russia,PalmFruit,PalmFruitAEZ08,PalmFruitAEZ08,1990,SO2_AWB,0
Russia,PalmFruit,PalmFruitAEZ09,PalmFruitAEZ09,1990,SO2_AWB,0
Russia,PalmFruit,PalmFruitAEZ10,PalmFruitAEZ10,1990,SO2_AWB,0
Russia,PalmFruit,PalmFruitAEZ11,PalmFruitAEZ11,1990,SO2_AWB,0
Russia,PalmFruit,PalmFruitAEZ13,PalmFruitAEZ13,1990,SO2_AWB,0
Russia,PalmFruit,PalmFruitAEZ14,PalmFruitAEZ14,1990,SO2_AWB,0
Russia,PalmFruit,PalmFruitAEZ15,PalmFruitAEZ15,1990,SO2_AWB,0
Russia,PalmFruit,PalmFruitAEZ16,PalmFruitAEZ16,1990,SO2_AWB,0
Russia,Rice,RiceAEZ07,RiceAEZ07,1990,SO2_AWB,2.33495830263372e-06
Russia,Rice,RiceAEZ08,RiceAEZ08,1990,SO2_AWB,2.3071534370522e-06
Russia,Rice,RiceAEZ09,RiceAEZ09,1990,SO2_AWB,2.35785260131134e-06
Russia,Rice,RiceAEZ10,RiceAEZ10,1990,SO2_AWB,2.78042151752893e-06
Russia,Rice,RiceAEZ11,RiceAEZ11,1990,SO2_AWB,1.08552796855032e-07
Russia,Rice,RiceAEZ13,RiceAEZ13,1990,SO2_AWB,0
Russia,Rice,RiceAEZ14,RiceAEZ14,1990,SO2_AWB,0
Russia,Rice,RiceAEZ15,RiceAEZ15,1990,SO2_AWB,5.89128191128435e-06
Russia,Rice,RiceAEZ16,RiceAEZ16,1990,SO2_AWB,5.45690812231109e-08
Russia,Root_Tuber,Root_TuberAEZ07,Root_TuberAEZ07,1990,SO2_AWB,6.751583237699e-06
Russia,Root_Tuber,Root_TuberAEZ08,Root_TuberAEZ08,1990,SO2_AWB,7.54356070713865e-05
Russia,Root_Tuber,Root_TuberAEZ09,Root_TuberAEZ09,1990,SO2_AWB,0.000182069882981276
Russia,Root_Tuber,Root_TuberAEZ10,Root_TuberAEZ10,1990,SO2_AWB,0.000219399073459783
Russia,Root_Tuber,Root_TuberAEZ11,Root_TuberAEZ11,1990,SO2_AWB,5.12992563933469e-07
Russia,Root_Tuber,Root_TuberAEZ13,Root_TuberAEZ13,1990,SO2_AWB,8.63969058902952e-06
Russia,Root_Tuber,Root_TuberAEZ14,Root_TuberAEZ14,1990,SO2_AWB,2.48426388711678e-05
Russia,Root_Tuber,Root_TuberAEZ15,Root_TuberAEZ15,1990,SO2_AWB,0.000124674456087097
Russia,Root_Tuber,Root_TuberAEZ16,Root_TuberAEZ16,1990,SO2_AWB,1.42544591321273e-06
Russia,SugarCrop,SugarCropAEZ07,SugarCropAEZ07,1990,SO2_AWB,2.16179971909261e-06
Russia,SugarCrop,SugarCropAEZ08,SugarCropAEZ08,1990,SO2_AWB,0.000117984216948311
Russia,SugarCrop,SugarCropAEZ09,SugarCropAEZ09,1990,SO2_AWB,0.000292818612290487
Russia,SugarCrop,SugarCropAEZ10,SugarCropAEZ10,1990,SO2_AWB,0.000188933899527585
Russia,SugarCrop,SugarCropAEZ11,SugarCropAEZ11,1990,SO2_AWB,4.7932531656019e-06
Russia,SugarCrop,SugarCropAEZ13,SugarCropAEZ13,1990,SO2_AWB,3.17744394864078e-06
Russia,SugarCrop,SugarCropAEZ14,SugarCropAEZ14,1990,SO2_AWB,6.34486816489408e-06
Russia,SugarCrop,SugarCropAEZ15,SugarCropAEZ15,1990,SO2_AWB,9.15684662035069e-06
Russia,SugarCrop,SugarCropAEZ16,SugarCropAEZ16,1990,SO2_AWB,1.14509407721526e-06
Russia,Wheat,WheatAEZ07,WheatAEZ07,1990,SO2_AWB,3.13917186446676e-05
Russia,Wheat,WheatAEZ08,WheatAEZ08,1990,SO2_AWB,0.000283813012954336
Russia,Wheat,WheatAEZ09,WheatAEZ09,1990,SO2_AWB,0.00022106588896169
Russia,Wheat,WheatAEZ10,WheatAEZ10,1990,SO2_AWB,0.000131735404375408
Russia,Wheat,WheatAEZ11,WheatAEZ11,1990,SO2_AWB,3.97903173738009e-06
Russia,Wheat,WheatAEZ13,WheatAEZ13,1990,SO2_AWB,1.67318470403419e-05
Russia,Wheat,WheatAEZ14,WheatAEZ14,1990,SO2_AWB,4.70227006131151e-05
Russia,Wheat,WheatAEZ15,WheatAEZ15,1990,SO2_AWB,8.50208937201105e-05
Russia,Wheat,WheatAEZ16,WheatAEZ16,1990,SO2_AWB,6.74364050670651e-07
South Africa,Corn,CornAEZ01,CornAEZ01,1990,CH4_AWB,2.79819129166938e-08
South Africa,Corn,CornAEZ02,CornAEZ02,1990,CH4_AWB,4.92120257108274e-07
South Africa,Corn,CornAEZ03,CornAEZ03,1990,CH4_AWB,2.57329556495927e-06
South Africa,Corn,CornAEZ04,CornAEZ04,1990,CH4_AWB,5.18295118897273e-07
South Africa,Corn,CornAEZ05,CornAEZ05,1990,CH4_AWB,2.61474822264605e-07
South Africa,Corn,CornAEZ06,CornAEZ06,1990,CH4_AWB,5.57228856830284e-07
South Africa,Corn,CornAEZ07,CornAEZ07,1990,CH4_AWB,3.80695841800998e-05
South Africa,Corn,CornAEZ08,CornAEZ08,1990,CH4_AWB,9.36328470135157e-05
South Africa,Corn,CornAEZ09,CornAEZ09,1990,CH4_AWB,9.91951694210534e-05
South Africa,Corn,CornAEZ10,CornAEZ10,1990,CH4_AWB,0.000208429329243316
South Africa,Corn,CornAEZ11,CornAEZ11,1990,CH4_AWB,4.43225834322919e-06
South Africa,FiberCrop,FiberCropAEZ01,FiberCropAEZ01,1990,CH4_AWB,9.01272083925617e-08
South Africa,FiberCrop,FiberCropAEZ02,FiberCropAEZ02,1990,CH4_AWB,9.04618391167914e-08
South Africa,FiberCrop,FiberCropAEZ03,FiberCropAEZ03,1990,CH4_AWB,4.22861691851734e-07
South Africa,FiberCrop,FiberCropAEZ04,FiberCropAEZ04,1990,CH4_AWB,3.07860266291424e-08
South Africa,FiberCrop,FiberCropAEZ05,FiberCropAEZ05,1990,CH4_AWB,2.29779763971135e-08
South Africa,FiberCrop,FiberCropAEZ06,FiberCropAEZ06,1990,CH4_AWB,1.22586388642853e-07
South Africa,FiberCrop,FiberCropAEZ07,FiberCropAEZ07,1990,CH4_AWB,2.37732820850329e-06
South Africa,FiberCrop,FiberCropAEZ08,FiberCropAEZ08,1990,CH4_AWB,3.20130059513183e-07
South Africa,FiberCrop,FiberCropAEZ09,FiberCropAEZ09,1990,CH4_AWB,2.23533323785511e-06
South Africa,FiberCrop,FiberCropAEZ10,FiberCropAEZ10,1990,CH4_AWB,2.1087312805215e-06
South Africa,FiberCrop,FiberCropAEZ11,FiberCropAEZ11,1990,CH4_AWB,3.73670975389951e-08
South Africa,FodderGrass,FodderGrassAEZ01,FodderGrassAEZ01,1990,CH4_AWB,0
South Africa,FodderGrass,FodderGrassAEZ02,FodderGrassAEZ02,1990,CH4_AWB,0
South Africa,FodderGrass,FodderGrassAEZ03,FodderGrassAEZ03,1990,CH4_AWB,0
South Africa,FodderGrass,FodderGrassAEZ04,FodderGrassAEZ04,1990,CH4_AWB,0
South Africa,FodderGrass,FodderGrassAEZ05,FodderGrassAEZ05,1990,CH4_AWB,0
South Africa,FodderGrass,FodderGrassAEZ06,FodderGrassAEZ06,1990,CH4_AWB,0
South Africa,FodderGrass,FodderGrassAEZ07,FodderGrassAEZ07,1990,CH4_AWB,0
South Africa,FodderGrass,FodderGrassAEZ08,FodderGrassAEZ08,1990,CH4_AWB,0
South Africa,FodderGrass,FodderGrassAEZ09,FodderGrassAEZ09,1990,CH4_AWB,0
South Africa,FodderGrass,FodderGrassAEZ10,FodderGrassAEZ10,1990,CH4_AWB,0
South Africa,FodderGrass,FodderGrassAEZ11,FodderGrassAEZ11,1990,CH4_AWB,0
South Africa,FodderHerb,FodderHerbAEZ01,FodderHerbAEZ01,1990,CH4_AWB,9.55830229259509e-07
South Africa,FodderHerb,FodderHerbAEZ02,FodderHerbAEZ02,1990,CH4_AWB,4.43565455914981e-08
South Africa,FodderHerb,FodderHerbAEZ03,FodderHerbAEZ03,1990,CH4_AWB,4.32441813010635e-06
South Africa,FodderHerb,FodderHerbAEZ04,FodderHerbAEZ04,1990,CH4_AWB,5.35359037039339e-06
South Africa,FodderHerb,FodderHerbAEZ05,FodderHerbAEZ05,1990,CH4_AWB,4.66427584929891e-06
South Africa,FodderHerb,FodderHerbAEZ06,FodderHerbAEZ06,1990,CH4_AWB,1.42615391246554e-05
South Africa,FodderHerb,FodderHerbAEZ07,FodderHerbAEZ07,1990,CH4_AWB,0.000168457062986622
South Africa,FodderHerb,FodderHerbAEZ08,FodderHerbAEZ08,1990,CH4_AWB,4.70349406238131e-05
South Africa,FodderHerb,FodderHerbAEZ09,FodderHerbAEZ09,1990,CH4_AWB,4.31384659130556e-05
South Africa,FodderHerb,FodderHerbAEZ10,FodderHerbAEZ10,1990,CH4_AWB,4.05515444924412e-05
South Africa,FodderHerb,FodderHerbAEZ11,FodderHerbAEZ11,1990,CH4_AWB,1.46553524721489e-05
South Africa,MiscCrop,MiscCropAEZ01,MiscCropAEZ01,1990,CH4_AWB,1.43407824042732e-06
South Africa,MiscCrop,MiscCropAEZ02,MiscCropAEZ02,1990,CH4_AWB,1.88910367942383e-06
South Africa,MiscCrop,MiscCropAEZ03,MiscCropAEZ03,1990,CH4_AWB,6.30302646300495e-06
South Africa,MiscCrop,MiscCropAEZ04,MiscCropAEZ04,1990,CH4_AWB,2.85768297461854e-06
South Africa,MiscCrop,MiscCropAEZ05,MiscCropAEZ05,1990,CH4_AWB,2.22768837261912e-06
South Africa,MiscCrop,MiscCropAEZ06,MiscCropAEZ06,1990,CH4_AWB,8.49709400047959e-06
South Africa,MiscCrop,MiscCropAEZ07,MiscCropAEZ07,1990,CH4_AWB,0.000146369273940479
South Africa,MiscCrop,MiscCropAEZ08,MiscCropAEZ08,1990,CH4_AWB,1.7538810325236e-05
South Africa,MiscCrop,MiscCropAEZ09,MiscCropAEZ09,1990,CH4_AWB,4.80683769021786e-05
South Africa,MiscCrop,MiscCropAEZ10,MiscCropAEZ10,1990,CH4_AWB,5.73973665408394e-05
South Africa,MiscCrop,MiscCropAEZ11,MiscCropAEZ11,1990,CH4_AWB,8.97421061649512e-06
South Africa,OilCrop,OilCropAEZ01,OilCropAEZ01,1990,CH4_AWB,3.50449709030915e-07
South Africa,OilCrop,OilCropAEZ02,OilCropAEZ02,1990,CH4_AWB,9.6965578626835e-07
South Africa,OilCrop,OilCropAEZ03,OilCropAEZ03,1990,CH4_AWB,2.46695584887936e-06
South Africa,OilCrop,OilCropAEZ04,OilCropAEZ04,1990,CH4_AWB,8.21270755613601e-07
South Africa,OilCrop,OilCropAEZ05,OilCropAEZ05,1990,CH4_AWB,6.26806383178719e-07
South Africa,OilCrop,OilCropAEZ06,OilCropAEZ06,1990,CH4_AWB,1.73891816562405e-06
South Africa,OilCrop,OilCropAEZ07,OilCropAEZ07,1990,CH4_AWB,6.73219979251578e-06
South Africa,OilCrop,OilCropAEZ08,OilCropAEZ08,1990,CH4_AWB,6.6046658629774e-06
South Africa,OilCrop,OilCropAEZ09,OilCropAEZ09,1990,CH4_AWB,8.83648973380939e-06
South Africa,OilCrop,OilCropAEZ10,OilCropAEZ10,1990,CH4_AWB,9.06235013445201e-06
South Africa,OilCrop,OilCropAEZ11,OilCropAEZ11,1990,CH4_AWB,1.01561575151539e-06
South Africa,OtherGrain,OtherGrainAEZ01,OtherGrainAEZ01,1990,CH4_AWB,8.93617196985061e-08
South Africa,OtherGrain,OtherGrainAEZ02,OtherGrainAEZ02,1990,CH4_AWB,8.62583296110247e-08
South Africa,OtherGrain,OtherGrainAEZ03,OtherGrainAEZ03,1990,CH4_AWB,2.38961036736076e-07
South Africa,OtherGrain,OtherGrainAEZ04,OtherGrainAEZ04,1990,CH4_AWB,5.73729295660044e-08
South Africa,OtherGrain,OtherGrainAEZ05,OtherGrainAEZ05,1990,CH4_AWB,3.73202551545855e-08
South Africa,OtherGrain,OtherGrainAEZ06,OtherGrainAEZ06,1990,CH4_AWB,1.45541037692402e-07
South Africa,OtherGrain,OtherGrainAEZ07,OtherGrainAEZ07,1990,CH4_AWB,1.09657890870635e-05
South Africa,OtherGrain,OtherGrainAEZ08,OtherGrainAEZ08,1990,CH4_AWB,1.8146078860238e-06
South Africa,OtherGrain,OtherGrainAEZ09,OtherGrainAEZ09,1990,CH4_AWB,1.01850875447999e-05
South Africa,OtherGrain,OtherGrainAEZ10,OtherGrainAEZ10,1990,CH4_AWB,1.1467503817873e-05
South Africa,OtherGrain,OtherGrainAEZ11,OtherGrainAEZ11,1990,CH4_AWB,1.40209572670319e-07
South Africa,PalmFruit,PalmFruitAEZ01,PalmFruitAEZ01,1990,CH4_AWB,0
South Africa,PalmFruit,PalmFruitAEZ02,PalmFruitAEZ02,1990,CH4_AWB,0
South Africa,PalmFruit,PalmFruitAEZ03,PalmFruitAEZ03,1990,CH4_AWB,0
South Africa,PalmFruit,PalmFruitAEZ04,PalmFruitAEZ04,1990,CH4_AWB,0
South Africa,PalmFruit,PalmFruitAEZ05,PalmFruitAEZ05,1990,CH4_AWB,0
South Africa,PalmFruit,PalmFruitAEZ06,PalmFruitAEZ06,1990,CH4_AWB,0
South Africa,PalmFruit,PalmFruitAEZ07,PalmFruitAEZ07,1990,CH4_AWB,0
South Africa,PalmFruit,PalmFruitAEZ08,PalmFruitAEZ08,1990,CH4_AWB,0
South Africa,PalmFruit,PalmFruitAEZ09,PalmFruitAEZ09,1990,CH4_AWB,0
South Africa,PalmFruit,PalmFruitAEZ10,PalmFruitAEZ10,1990,CH4_AWB,0
South Africa,PalmFruit,PalmFruitAEZ11,PalmFruitAEZ11,1990,CH4_AWB,0
South Africa,Rice,RiceAEZ01,RiceAEZ01,1990,CH4_AWB,0
South Africa,Rice,RiceAEZ02,RiceAEZ02,1990,CH4_AWB,0
South Africa,Rice,RiceAEZ03,RiceAEZ03,1990,CH4_AWB,0
South Africa,Rice,RiceAEZ04,RiceAEZ04,1990,CH4_AWB,0
South Africa,Rice,RiceAEZ05,RiceAEZ05,1990,CH4_AWB,0
South Africa,Rice,RiceAEZ06,RiceAEZ06,1990,CH4_AWB,0
South Africa,Rice,RiceAEZ07,RiceAEZ07,1990,CH4_AWB,0
South Africa,Rice,RiceAEZ08,RiceAEZ08,1990,CH4_AWB,0
South Africa,Rice,RiceAEZ09,RiceAEZ09,1990,CH4_AWB,0
South Africa,Rice,RiceAEZ10,RiceAEZ10,1990,CH4_AWB,0
South Africa,Rice,RiceAEZ11,RiceAEZ11,1990,CH4_AWB,0
South Africa,Root_Tuber,Root_TuberAEZ01,Root_TuberAEZ01,1990,CH4_AWB,5.09777776974908e-08
South Africa,Root_Tuber,Root_TuberAEZ02,Root_TuberAEZ02,1990,CH4_AWB,7.63246671654636e-08
South Africa,Root_Tuber,Root_TuberAEZ03,Root_TuberAEZ03,1990,CH4_AWB,8.18342431394539e-07
South Africa,Root_Tuber,Root_TuberAEZ04,Root_TuberAEZ04,1990,CH4_AWB,4.13857195262779e-07
South Africa,Root_Tuber,Root_TuberAEZ05,Root_TuberAEZ05,1990,CH4_AWB,2.96139708601999e-07
South Africa,Root_Tuber,Root_TuberAEZ06,Root_TuberAEZ06,1990,CH4_AWB,1.66366474513594e-06
South Africa,Root_Tuber,Root_TuberAEZ07,Root_TuberAEZ07,1990,CH4_AWB,1.67099191318382e-05
South Africa,Root_Tuber,Root_TuberAEZ08,Root_TuberAEZ08,1990,CH4_AWB,1.24657706396058e-05
South Africa,Root_Tuber,Root_TuberAEZ09,Root_TuberAEZ09,1990,CH4_AWB,1.52787783727181e-05
South Africa,Root_Tuber,Root_TuberAEZ10,Root_TuberAEZ10,1990,CH4_AWB,1.93639585581751e-05
South Africa,Root_Tuber,Root_TuberAEZ11,Root_TuberAEZ11,1990,CH4_AWB,3.29083564941324e-07
South Africa,SugarCrop,SugarCropAEZ01,SugarCropAEZ01,1990,CH4_AWB,0
South Africa,SugarCrop,SugarCropAEZ02,SugarCropAEZ02,1990,CH4_AWB,2.67504918139683e-05
South Africa,SugarCrop,SugarCropAEZ03,SugarCropAEZ03,1990,CH4_AWB,5.20602611874191e-05
South Africa,SugarCrop,SugarCropAEZ04,SugarCropAEZ04,1990,CH4_AWB,1.05743195843408e-05
South Africa,SugarCrop,SugarCropAEZ05,SugarCropAEZ05,1990,CH4_AWB,8.47949611539e-05
South Africa,SugarCrop,SugarCropAEZ06,SugarCropAEZ06,1990,CH4_AWB,0.000487692973191084
South Africa,SugarCrop,SugarCropAEZ07,SugarCropAEZ07,1990,CH4_AWB,2.44774777202265e-07
South Africa,SugarCrop,SugarCropAEZ08,SugarCropAEZ08,1990,CH4_AWB,0
South Africa,SugarCrop,SugarCropAEZ09,SugarCropAEZ09,1990,CH4_AWB,0
South Africa,SugarCrop,SugarCropAEZ10,SugarCropAEZ10,1990,CH4_AWB,0.000176261665041411
South Africa,SugarCrop,SugarCropAEZ11,SugarCropAEZ11,1990,CH4_AWB,0.000104805719518794
South Africa,Wheat,WheatAEZ01,WheatAEZ01,1990,CH4_AWB,1.14195346350016e-06
South Africa,Wheat,WheatAEZ02,WheatAEZ02,1990,CH4_AWB,1.1606659233857e-05
South Africa,Wheat,WheatAEZ03,WheatAEZ03,1990,CH4_AWB,1.29712840728594e-05
South Africa,Wheat,WheatAEZ04,WheatAEZ04,1990,CH4_AWB,0
South Africa,Wheat,WheatAEZ05,WheatAEZ05,1990,CH4_AWB,5.66095681822458e-08
South Africa,Wheat,WheatAEZ06,WheatAEZ06,1990,CH4_AWB,0
South Africa,Wheat,WheatAEZ07,WheatAEZ07,1990,CH4_AWB,1.85734560723906e-05
South Africa,Wheat,WheatAEZ08,WheatAEZ08,1990,CH4_AWB,1.4877281014703e-05
South Africa,Wheat,WheatAEZ09,WheatAEZ09,1990,CH4_AWB,3.10275610724846e-05
South Africa,Wheat,WheatAEZ10,WheatAEZ10,1990,CH4_AWB,2.32594231675738e-05
South Africa,Wheat,WheatAEZ11,WheatAEZ11,1990,CH4_AWB,3.34033590698616e-07
South Africa,Corn,CornAEZ01,CornAEZ01,1990,CO_AWB,1.02316472882346e-06
South Africa,Corn,CornAEZ02,CornAEZ02,1990,CO_AWB,1.79944841838286e-05
South Africa,Corn,CornAEZ03,CornAEZ03,1990,CO_AWB,9.40931117448152e-05
South Africa,Corn,CornAEZ04,CornAEZ04,1990,CO_AWB,1.89515736953307e-05
South Africa,Corn,CornAEZ05,CornAEZ05,1990,CO_AWB,9.56088371845796e-06
South Africa,Corn,CornAEZ06,CornAEZ06,1990,CO_AWB,2.03751942867073e-05
South Africa,Corn,CornAEZ07,CornAEZ07,1990,CO_AWB,0.00139202262154191
South Africa,Corn,CornAEZ08,CornAEZ08,1990,CO_AWB,0.00342370540601594
South Africa,Corn,CornAEZ09,CornAEZ09,1990,CO_AWB,0.00362709293404808
South Africa,Corn,CornAEZ10,CornAEZ10,1990,CO_AWB,0.00762126373450559
South Africa,Corn,CornAEZ11,CornAEZ11,1990,CO_AWB,0.000162066489854598
South Africa,FiberCrop,FiberCropAEZ01,FiberCropAEZ01,1990,CO_AWB,3.29552096774541e-06
South Africa,FiberCrop,FiberCropAEZ02,FiberCropAEZ02,1990,CO_AWB,3.30775681292268e-06
South Africa,FiberCrop,FiberCropAEZ03,FiberCropAEZ03,1990,CO_AWB,1.54620296890134e-05
South Africa,FiberCrop,FiberCropAEZ04,FiberCropAEZ04,1990,CO_AWB,1.12569775630908e-06
South Africa,FiberCrop,FiberCropAEZ05,FiberCropAEZ05,1990,CO_AWB,8.40194702172714e-07
South Africa,FiberCrop,FiberCropAEZ06,FiberCropAEZ06,1990,CO_AWB,4.48239794994084e-06
South Africa,FiberCrop,FiberCropAEZ07,FiberCropAEZ07,1990,CO_AWB,8.69275227544029e-05
South Africa,FiberCrop,FiberCropAEZ08,FiberCropAEZ08,1990,CO_AWB,1.17056252195907e-05
South Africa,FiberCrop,FiberCropAEZ09,FiberCropAEZ09,1990,CO_AWB,8.17354457841804e-05
South Africa,FiberCrop,FiberCropAEZ10,FiberCropAEZ10,1990,CO_AWB,7.71062176921122e-05
South Africa,FiberCrop,FiberCropAEZ11,FiberCropAEZ11,1990,CO_AWB,1.36633604479543e-06
South Africa,FodderGrass,FodderGrassAEZ01,FodderGrassAEZ01,1990,CO_AWB,0
South Africa,FodderGrass,FodderGrassAEZ02,FodderGrassAEZ02,1990,CO_AWB,0
South Africa,FodderGrass,FodderGrassAEZ03,FodderGrassAEZ03,1990,CO_AWB,0
South Africa,FodderGrass,FodderGrassAEZ04,FodderGrassAEZ04,1990,CO_AWB,0
South Africa,FodderGrass,FodderGrassAEZ05,FodderGrassAEZ05,1990,CO_AWB,0
South Africa,FodderGrass,FodderGrassAEZ06,FodderGrassAEZ06,1990,CO_AWB,0
South Africa,FodderGrass,FodderGrassAEZ07,FodderGrassAEZ07,1990,CO_AWB,0
South Africa,FodderGrass,FodderGrassAEZ08,FodderGrassAEZ08,1990,CO_AWB,0
South Africa,FodderGrass,FodderGrassAEZ09,FodderGrassAEZ09,1990,CO_AWB,0
South Africa,FodderGrass,FodderGrassAEZ10,FodderGrassAEZ10,1990,CO_AWB,0
South Africa,FodderGrass,FodderGrassAEZ11,FodderGrassAEZ11,1990,CO_AWB,0
South Africa,FodderHerb,FodderHerbAEZ01,FodderHerbAEZ01,1990,CO_AWB,3.49501401220542e-05
South Africa,FodderHerb,FodderHerbAEZ02,FodderHerbAEZ02,1990,CO_AWB,1.62190673228043e-06
South Africa,FodderHerb,FodderHerbAEZ03,FodderHerbAEZ03,1990,CO_AWB,0.000158123289018237
South Africa,FodderHerb,FodderHerbAEZ04,FodderHerbAEZ04,1990,CO_AWB,0.000195755195717428
South Africa,FodderHerb,FodderHerbAEZ05,FodderHerbAEZ05,1990,CO_AWB,0.000170550260402625
South Africa,FodderHerb,FodderHerbAEZ06,FodderHerbAEZ06,1990,CO_AWB,0.000521476278427618
South Africa,FodderHerb,FodderHerbAEZ07,FodderHerbAEZ07,1990,CO_AWB,0.00615966912920648
South Africa,FodderHerb,FodderHerbAEZ08,FodderHerbAEZ08,1990,CO_AWB,0.00171984282889682
South Africa,FodderHerb,FodderHerbAEZ09,FodderHerbAEZ09,1990,CO_AWB,0.00157736738403825
South Africa,FodderHerb,FodderHerbAEZ10,FodderHerbAEZ10,1990,CO_AWB,0.00148277603991926
South Africa,FodderHerb,FodderHerbAEZ11,FodderHerbAEZ11,1990,CO_AWB,0.000535876149090313
South Africa,MiscCrop,MiscCropAEZ01,MiscCropAEZ01,1990,CO_AWB,5.2437382617364e-05
South Africa,MiscCrop,MiscCropAEZ02,MiscCropAEZ02,1990,CO_AWB,6.90754867128454e-05
South Africa,MiscCrop,MiscCropAEZ03,MiscCropAEZ03,1990,CO_AWB,0.00023047153284292
South Africa,MiscCrop,MiscCropAEZ04,MiscCropAEZ04,1990,CO_AWB,0.000104491799202356
South Africa,MiscCrop,MiscCropAEZ05,MiscCropAEZ05,1990,CO_AWB,8.1455909624899e-05
South Africa,MiscCrop,MiscCropAEZ06,MiscCropAEZ06,1990,CO_AWB,0.000310698089321884
South Africa,MiscCrop,MiscCropAEZ07,MiscCropAEZ07,1990,CO_AWB,0.00535202432104099
South Africa,MiscCrop,MiscCropAEZ08,MiscCropAEZ08,1990,CO_AWB,0.000641310412327106
South Africa,MiscCrop,MiscCropAEZ09,MiscCropAEZ09,1990,CO_AWB,0.00175763065107531
South Africa,MiscCrop,MiscCropAEZ10,MiscCropAEZ10,1990,CO_AWB,0.00209874718525417
South Africa,MiscCrop,MiscCropAEZ11,MiscCropAEZ11,1990,CO_AWB,0.000328143962107495
South Africa,OilCrop,OilCropAEZ01,OilCropAEZ01,1990,CO_AWB,1.28142697954348e-05
South Africa,OilCrop,OilCropAEZ02,OilCropAEZ02,1990,CO_AWB,3.54556746196384e-05
South Africa,OilCrop,OilCropAEZ03,OilCropAEZ03,1990,CO_AWB,9.02047769090235e-05
South Africa,OilCrop,OilCropAEZ04,OilCropAEZ04,1990,CO_AWB,3.00299437161321e-05
South Africa,OilCrop,OilCropAEZ05,OilCropAEZ05,1990,CO_AWB,2.29193116631871e-05
South Africa,OilCrop,OilCropAEZ06,OilCropAEZ06,1990,CO_AWB,6.35839207517314e-05
South Africa,OilCrop,OilCropAEZ07,OilCropAEZ07,1990,CO_AWB,0.000246164348935034
South Africa,OilCrop,OilCropAEZ08,OilCropAEZ08,1990,CO_AWB,0.000241501043076696
South Africa,OilCrop,OilCropAEZ09,OilCropAEZ09,1990,CO_AWB,0.000323108168092769
South Africa,OilCrop,OilCropAEZ10,OilCropAEZ10,1990,CO_AWB,0.000331366802742354
South Africa,OilCrop,OilCropAEZ11,OilCropAEZ11,1990,CO_AWB,3.71362107401933e-05
South Africa,OtherGrain,OtherGrainAEZ01,OtherGrainAEZ01,1990,CO_AWB,3.26753070723668e-06
South Africa,OtherGrain,OtherGrainAEZ02,OtherGrainAEZ02,1990,CO_AWB,3.1540545740379e-06
South Africa,OtherGrain,OtherGrainAEZ03,OtherGrainAEZ03,1990,CO_AWB,8.73766225630609e-06
South Africa,OtherGrain,OtherGrainAEZ04,OtherGrainAEZ04,1990,CO_AWB,2.09785364195694e-06
South Africa,OtherGrain,OtherGrainAEZ05,OtherGrainAEZ05,1990,CO_AWB,1.36462324282636e-06
South Africa,OtherGrain,OtherGrainAEZ06,OtherGrainAEZ06,1990,CO_AWB,5.32173968257869e-06
South Africa,OtherGrain,OtherGrainAEZ07,OtherGrainAEZ07,1990,CO_AWB,0.000400966461835669
South Africa,OtherGrain,OtherGrainAEZ08,OtherGrainAEZ08,1990,CO_AWB,6.63515318324356e-05
South Africa,OtherGrain,OtherGrainAEZ09,OtherGrainAEZ09,1990,CO_AWB,0.000372419940225074
South Africa,OtherGrain,OtherGrainAEZ10,OtherGrainAEZ10,1990,CO_AWB,0.00041931177003614
South Africa,OtherGrain,OtherGrainAEZ11,OtherGrainAEZ11,1990,CO_AWB,5.1267935050321e-06
South Africa,PalmFruit,PalmFruitAEZ01,PalmFruitAEZ01,1990,CO_AWB,0
South Africa,PalmFruit,PalmFruitAEZ02,PalmFruitAEZ02,1990,CO_AWB,0
South Africa,PalmFruit,PalmFruitAEZ03,PalmFruitAEZ03,1990,CO_AWB,0
South Africa,PalmFruit,PalmFruitAEZ04,PalmFruitAEZ04,1990,CO_AWB,0
South Africa,PalmFruit,PalmFruitAEZ05,PalmFruitAEZ05,1990,CO_AWB,0
South Africa,PalmFruit,PalmFruitAEZ06,PalmFruitAEZ06,1990,CO_AWB,0
South Africa,PalmFruit,PalmFruitAEZ07,PalmFruitAEZ07,1990,CO_AWB,0
South Africa,PalmFruit,PalmFruitAEZ08,PalmFruitAEZ08,1990,CO_AWB,0
South Africa,PalmFruit,PalmFruitAEZ09,PalmFruitAEZ09,1990,CO_AWB,0
South Africa,PalmFruit,PalmFruitAEZ10,PalmFruitAEZ10,1990,CO_AWB,0
South Africa,PalmFruit,PalmFruitAEZ11,PalmFruitAEZ11,1990,CO_AWB,0
South Africa,Rice,RiceAEZ01,RiceAEZ01,1990,CO_AWB,0
South Africa,Rice,RiceAEZ02,RiceAEZ02,1990,CO_AWB,0
South Africa,Rice,RiceAEZ03,RiceAEZ03,1990,CO_AWB,0
South Africa,Rice,RiceAEZ04,RiceAEZ04,1990,CO_AWB,0
South Africa,Rice,RiceAEZ05,RiceAEZ05,1990,CO_AWB,0
South Africa,Rice,RiceAEZ06,RiceAEZ06,1990,CO_AWB,0
South Africa,Rice,RiceAEZ07,RiceAEZ07,1990,CO_AWB,0
South Africa,Rice,RiceAEZ08,RiceAEZ08,1990,CO_AWB,0
South Africa,Rice,RiceAEZ09,RiceAEZ09,1990,CO_AWB,0
South Africa,Rice,RiceAEZ10,RiceAEZ10,1990,CO_AWB,0
South Africa,Rice,RiceAEZ11,RiceAEZ11,1990,CO_AWB,0
South Africa,Root_Tuber,Root_TuberAEZ01,Root_TuberAEZ01,1990,CO_AWB,1.86401352363434e-06
South Africa,Root_Tuber,Root_TuberAEZ02,Root_TuberAEZ02,1990,CO_AWB,2.79082804722413e-06
South Africa,Root_Tuber,Root_TuberAEZ03,Root_TuberAEZ03,1990,CO_AWB,2.99228689044699e-05
South Africa,Root_Tuber,Root_TuberAEZ04,Root_TuberAEZ04,1990,CO_AWB,1.5132778313739e-05
South Africa,Root_Tuber,Root_TuberAEZ05,Root_TuberAEZ05,1990,CO_AWB,1.08284128232296e-05
South Africa,Root_Tuber,Root_TuberAEZ06,Root_TuberAEZ06,1990,CO_AWB,6.08322630721444e-05
South Africa,Root_Tuber,Root_TuberAEZ07,Root_TuberAEZ07,1990,CO_AWB,0.000611001825646781
South Africa,Root_Tuber,Root_TuberAEZ08,Root_TuberAEZ08,1990,CO_AWB,0.000455813613387325
South Africa,Root_Tuber,Root_TuberAEZ09,Root_TuberAEZ09,1990,CO_AWB,0.000558671852671996
South Africa,Root_Tuber,Root_TuberAEZ10,Root_TuberAEZ10,1990,CO_AWB,0.000708047354235882
South Africa,Root_Tuber,Root_TuberAEZ11,Root_TuberAEZ11,1990,CO_AWB,1.20330120919849e-05
South Africa,SugarCrop,SugarCropAEZ01,SugarCropAEZ01,1990,CO_AWB,0
South Africa,SugarCrop,SugarCropAEZ02,SugarCropAEZ02,1990,CO_AWB,0.000978137548502058
South Africa,SugarCrop,SugarCropAEZ03,SugarCropAEZ03,1990,CO_AWB,0.00190359476776606
South Africa,SugarCrop,SugarCropAEZ04,SugarCropAEZ04,1990,CO_AWB,0.000386652294366549
South Africa,SugarCrop,SugarCropAEZ05,SugarCropAEZ05,1990,CO_AWB,0.00310054618827956
South Africa,SugarCrop,SugarCropAEZ06,SugarCropAEZ06,1990,CO_AWB,0.0178325995849435
South Africa,SugarCrop,SugarCropAEZ07,SugarCropAEZ07,1990,CO_AWB,8.95024294030891e-06
South Africa,SugarCrop,SugarCropAEZ08,SugarCropAEZ08,1990,CO_AWB,0
South Africa,SugarCrop,SugarCropAEZ09,SugarCropAEZ09,1990,CO_AWB,0
South Africa,SugarCrop,SugarCropAEZ10,SugarCropAEZ10,1990,CO_AWB,0.00644504609999247
South Africa,SugarCrop,SugarCropAEZ11,SugarCropAEZ11,1990,CO_AWB,0.00383224391805678
South Africa,Wheat,WheatAEZ01,WheatAEZ01,1990,CO_AWB,4.17557766436361e-05
South Africa,Wheat,WheatAEZ02,WheatAEZ02,1990,CO_AWB,0.000424400018072772
South Africa,Wheat,WheatAEZ03,WheatAEZ03,1990,CO_AWB,0.000474297821968469
South Africa,Wheat,WheatAEZ04,WheatAEZ04,1990,CO_AWB,0
South Africa,Wheat,WheatAEZ05,WheatAEZ05,1990,CO_AWB,2.06994116701168e-06
South Africa,Wheat,WheatAEZ06,WheatAEZ06,1990,CO_AWB,0
South Africa,Wheat,WheatAEZ07,WheatAEZ07,1990,CO_AWB,0.000679142458994806
South Africa,Wheat,WheatAEZ08,WheatAEZ08,1990,CO_AWB,0.000543991014494142
South Africa,Wheat,WheatAEZ09,WheatAEZ09,1990,CO_AWB,0.00113452951573737
South Africa,Wheat,WheatAEZ10,WheatAEZ10,1990,CO_AWB,0.000850485864518678
South Africa,Wheat,WheatAEZ11,WheatAEZ11,1990,CO_AWB,1.22140108598929e-05
South Africa,Corn,CornAEZ01,CornAEZ01,1990,N2O_AWB,7.26313130924619e-10
South Africa,Corn,CornAEZ02,CornAEZ02,1990,N2O_AWB,1.27737301518974e-08
South Africa,Corn,CornAEZ03,CornAEZ03,1990,N2O_AWB,6.67938022730733e-08
South Africa,Corn,CornAEZ04,CornAEZ04,1990,N2O_AWB,1.34531385209423e-08
South Africa,Corn,CornAEZ05,CornAEZ05,1990,N2O_AWB,6.78697690834649e-09
South Africa,Corn,CornAEZ06,CornAEZ06,1990,N2O_AWB,1.44637229359861e-08
South Africa,Corn,CornAEZ07,CornAEZ07,1990,N2O_AWB,9.88153989370417e-07
South Africa,Corn,CornAEZ08,CornAEZ08,1990,N2O_AWB,2.43038302900299e-06
South Africa,Corn,CornAEZ09,CornAEZ09,1990,N2O_AWB,2.5747615714943e-06
South Africa,Corn,CornAEZ10,CornAEZ10,1990,N2O_AWB,5.4101004155765e-06
South Africa,Corn,CornAEZ11,CornAEZ11,1990,N2O_AWB,1.15046010039471e-07
South Africa,FiberCrop,FiberCropAEZ01,FiberCropAEZ01,1990,N2O_AWB,2.33938884392867e-09
South Africa,FiberCrop,FiberCropAEZ02,FiberCropAEZ02,1990,N2O_AWB,2.34807469359672e-09
South Africa,FiberCrop,FiberCropAEZ03,FiberCropAEZ03,1990,N2O_AWB,1.0976018697195e-08
South Africa,FiberCrop,FiberCropAEZ04,FiberCropAEZ04,1990,N2O_AWB,7.99098169460783e-10
South Africa,FiberCrop,FiberCropAEZ05,FiberCropAEZ05,1990,N2O_AWB,5.96428343872901e-10
South Africa,FiberCrop,FiberCropAEZ06,FiberCropAEZ06,1990,N2O_AWB,3.18191626172971e-09
South Africa,FiberCrop,FiberCropAEZ07,FiberCropAEZ07,1990,N2O_AWB,6.17071713250636e-08
South Africa,FiberCrop,FiberCropAEZ08,FiberCropAEZ08,1990,N2O_AWB,8.30946284910306e-09
South Africa,FiberCrop,FiberCropAEZ09,FiberCropAEZ09,1990,N2O_AWB,5.8021475782587e-08
South Africa,FiberCrop,FiberCropAEZ10,FiberCropAEZ10,1990,N2O_AWB,5.47353293248407e-08
South Africa,FiberCrop,FiberCropAEZ11,FiberCropAEZ11,1990,N2O_AWB,9.69919879599134e-10
South Africa,FodderGrass,FodderGrassAEZ01,FodderGrassAEZ01,1990,N2O_AWB,0
South Africa,FodderGrass,FodderGrassAEZ02,FodderGrassAEZ02,1990,N2O_AWB,0
South Africa,FodderGrass,FodderGrassAEZ03,FodderGrassAEZ03,1990,N2O_AWB,0
South Africa,FodderGrass,FodderGrassAEZ04,FodderGrassAEZ04,1990,N2O_AWB,0
South Africa,FodderGrass,FodderGrassAEZ05,FodderGrassAEZ05,1990,N2O_AWB,0
South Africa,FodderGrass,FodderGrassAEZ06,FodderGrassAEZ06,1990,N2O_AWB,0
South Africa,FodderGrass,FodderGrassAEZ07,FodderGrassAEZ07,1990,N2O_AWB,0
South Africa,FodderGrass,FodderGrassAEZ08,FodderGrassAEZ08,1990,N2O_AWB,0
South Africa,FodderGrass,FodderGrassAEZ09,FodderGrassAEZ09,1990,N2O_AWB,0
South Africa,FodderGrass,FodderGrassAEZ10,FodderGrassAEZ10,1990,N2O_AWB,0
South Africa,FodderGrass,FodderGrassAEZ11,FodderGrassAEZ11,1990,N2O_AWB,0
South Africa,FodderHerb,FodderHerbAEZ01,FodderHerbAEZ01,1990,N2O_AWB,2.48100281246925e-08
South Africa,FodderHerb,FodderHerbAEZ02,FodderHerbAEZ02,1990,N2O_AWB,1.15134163991845e-09
South Africa,FodderHerb,FodderHerbAEZ03,FodderHerbAEZ03,1990,N2O_AWB,1.12246853203195e-07
South Africa,FodderHerb,FodderHerbAEZ04,FodderHerbAEZ04,1990,N2O_AWB,1.38960584831515e-07
South Africa,FodderHerb,FodderHerbAEZ05,FodderHerbAEZ05,1990,N2O_AWB,1.21068377479628e-07
South Africa,FodderHerb,FodderHerbAEZ06,FodderHerbAEZ06,1990,N2O_AWB,3.70179950322577e-07
South Africa,FodderHerb,FodderHerbAEZ07,FodderHerbAEZ07,1990,N2O_AWB,4.37255941752232e-06
South Africa,FodderHerb,FodderHerbAEZ08,FodderHerbAEZ08,1990,N2O_AWB,1.22086345880072e-06
South Africa,FodderHerb,FodderHerbAEZ09,FodderHerbAEZ09,1990,N2O_AWB,1.11972452826496e-06
South Africa,FodderHerb,FodderHerbAEZ10,FodderHerbAEZ10,1990,N2O_AWB,1.05257704617337e-06
South Africa,FodderHerb,FodderHerbAEZ11,FodderHerbAEZ11,1990,N2O_AWB,3.80401975037951e-07
South Africa,MiscCrop,MiscCropAEZ01,MiscCropAEZ01,1990,N2O_AWB,3.72236830232656e-08
South Africa,MiscCrop,MiscCropAEZ02,MiscCropAEZ02,1990,N2O_AWB,4.9034560722436e-08
South Africa,MiscCrop,MiscCropAEZ03,MiscCropAEZ03,1990,N2O_AWB,1.63604643409302e-07
South Africa,MiscCrop,MiscCropAEZ04,MiscCropAEZ04,1990,N2O_AWB,7.41755102542291e-08
South Africa,MiscCrop,MiscCropAEZ05,MiscCropAEZ05,1990,N2O_AWB,5.78230416718962e-08
South Africa,MiscCrop,MiscCropAEZ06,MiscCropAEZ06,1990,N2O_AWB,2.20555005142883e-07
South Africa,MiscCrop,MiscCropAEZ07,MiscCropAEZ07,1990,N2O_AWB,3.79923724097678e-06
South Africa,MiscCrop,MiscCropAEZ08,MiscCropAEZ08,1990,N2O_AWB,4.55246511485473e-07
South Africa,MiscCrop,MiscCropAEZ09,MiscCropAEZ09,1990,N2O_AWB,1.24768787002611e-06
South Africa,MiscCrop,MiscCropAEZ10,MiscCropAEZ10,1990,N2O_AWB,1.48983599238614e-06
South Africa,MiscCrop,MiscCropAEZ11,MiscCropAEZ11,1990,N2O_AWB,2.32939292958591e-07
South Africa,OilCrop,OilCropAEZ01,OilCropAEZ01,1990,N2O_AWB,9.09645549093289e-09
South Africa,OilCrop,OilCropAEZ02,OilCropAEZ02,1990,N2O_AWB,2.5168891495748e-08
South Africa,OilCrop,OilCropAEZ03,OilCropAEZ03,1990,N2O_AWB,6.4033593120912e-08
South Africa,OilCrop,OilCropAEZ04,OilCropAEZ04,1990,N2O_AWB,2.13173322217965e-08
South Africa,OilCrop,OilCropAEZ05,OilCropAEZ05,1990,N2O_AWB,1.62697135112041e-08
South Africa,OilCrop,OilCropAEZ06,OilCropAEZ06,1990,N2O_AWB,4.51362671685894e-08
South Africa,OilCrop,OilCropAEZ07,OilCropAEZ07,1990,N2O_AWB,1.74744490266605e-07
South Africa,OilCrop,OilCropAEZ08,OilCropAEZ08,1990,N2O_AWB,1.71434153052066e-07
South Africa,OilCrop,OilCropAEZ09,OilCropAEZ09,1990,N2O_AWB,2.29364537873226e-07
South Africa,OilCrop,OilCropAEZ10,OilCropAEZ10,1990,N2O_AWB,2.35227088272515e-07
South Africa,OilCrop,OilCropAEZ11,OilCropAEZ11,1990,N2O_AWB,2.63618523328126e-08
South Africa,OtherGrain,OtherGrainAEZ01,OtherGrainAEZ01,1990,N2O_AWB,2.31951942000035e-09
South Africa,OtherGrain,OtherGrainAEZ02,OtherGrainAEZ02,1990,N2O_AWB,2.23896620772964e-09
South Africa,OtherGrain,OtherGrainAEZ03,OtherGrainAEZ03,1990,N2O_AWB,6.20259734484511e-09
South Africa,OtherGrain,OtherGrainAEZ04,OtherGrainAEZ04,1990,N2O_AWB,1.48920169351759e-09
South Africa,OtherGrain,OtherGrainAEZ05,OtherGrainAEZ05,1990,N2O_AWB,9.68704014229893e-10
South Africa,OtherGrain,OtherGrainAEZ06,OtherGrainAEZ06,1990,N2O_AWB,3.77773910879843e-09
South Africa,OtherGrain,OtherGrainAEZ07,OtherGrainAEZ07,1990,N2O_AWB,2.84633742825083e-07
South Africa,OtherGrain,OtherGrainAEZ08,OtherGrainAEZ08,1990,N2O_AWB,4.71009090415744e-08
South Africa,OtherGrain,OtherGrainAEZ09,OtherGrainAEZ09,1990,N2O_AWB,2.64369446271545e-07
South Africa,OtherGrain,OtherGrainAEZ10,OtherGrainAEZ10,1990,N2O_AWB,2.97656512142182e-07
South Africa,OtherGrain,OtherGrainAEZ11,OtherGrainAEZ11,1990,N2O_AWB,3.63935282105132e-09
South Africa,PalmFruit,PalmFruitAEZ01,PalmFruitAEZ01,1990,N2O_AWB,0
South Africa,PalmFruit,PalmFruitAEZ02,PalmFruitAEZ02,1990,N2O_AWB,0
South Africa,PalmFruit,PalmFruitAEZ03,PalmFruitAEZ03,1990,N2O_AWB,0
South Africa,PalmFruit,PalmFruitAEZ04,PalmFruitAEZ04,1990,N2O_AWB,0
South Africa,PalmFruit,PalmFruitAEZ05,PalmFruitAEZ05,1990,N2O_AWB,0
South Africa,PalmFruit,PalmFruitAEZ06,PalmFruitAEZ06,1990,N2O_AWB,0
South Africa,PalmFruit,PalmFruitAEZ07,PalmFruitAEZ07,1990,N2O_AWB,0
South Africa,PalmFruit,PalmFruitAEZ08,PalmFruitAEZ08,1990,N2O_AWB,0
South Africa,PalmFruit,PalmFruitAEZ09,PalmFruitAEZ09,1990,N2O_AWB,0
South Africa,PalmFruit,PalmFruitAEZ10,PalmFruitAEZ10,1990,N2O_AWB,0
South Africa,PalmFruit,PalmFruitAEZ11,PalmFruitAEZ11,1990,N2O_AWB,0
South Africa,Rice,RiceAEZ01,RiceAEZ01,1990,N2O_AWB,0
South Africa,Rice,RiceAEZ02,RiceAEZ02,1990,N2O_AWB,0
South Africa,Rice,RiceAEZ03,RiceAEZ03,1990,N2O_AWB,0
South Africa,Rice,RiceAEZ04,RiceAEZ04,1990,N2O_AWB,0
South Africa,Rice,RiceAEZ05,RiceAEZ05,1990,N2O_AWB,0
South Africa,Rice,RiceAEZ06,RiceAEZ06,1990,N2O_AWB,0
South Africa,Rice,RiceAEZ07,RiceAEZ07,1990,N2O_AWB,0
South Africa,Rice,RiceAEZ08,RiceAEZ08,1990,N2O_AWB,0
South Africa,Rice,RiceAEZ09,RiceAEZ09,1990,N2O_AWB,0
South Africa,Rice,RiceAEZ10,RiceAEZ10,1990,N2O_AWB,0
South Africa,Rice,RiceAEZ11,RiceAEZ11,1990,N2O_AWB,0
South Africa,Root_Tuber,Root_TuberAEZ01,Root_TuberAEZ01,1990,N2O_AWB,1.32320579501748e-09
South Africa,Root_Tuber,Root_TuberAEZ02,Root_TuberAEZ02,1990,N2O_AWB,1.98112288251225e-09
South Africa,Root_Tuber,Root_TuberAEZ03,Root_TuberAEZ03,1990,N2O_AWB,2.12413231105452e-08
South Africa,Root_Tuber,Root_TuberAEZ04,Root_TuberAEZ04,1990,N2O_AWB,1.07422932857339e-08
South Africa,Root_Tuber,Root_TuberAEZ05,Root_TuberAEZ05,1990,N2O_AWB,7.68675678414753e-09
South Africa,Root_Tuber,Root_TuberAEZ06,Root_TuberAEZ06,1990,N2O_AWB,4.31829501237458e-08
South Africa,Root_Tuber,Root_TuberAEZ07,Root_TuberAEZ07,1990,N2O_AWB,4.33731379204671e-07
South Africa,Root_Tuber,Root_TuberAEZ08,Root_TuberAEZ08,1990,N2O_AWB,3.23568046601942e-07
South Africa,Root_Tuber,Root_TuberAEZ09,Root_TuberAEZ09,1990,N2O_AWB,3.96583942978813e-07
South Africa,Root_Tuber,Root_TuberAEZ10,Root_TuberAEZ10,1990,N2O_AWB,5.02621011270893e-07
South Africa,Root_Tuber,Root_TuberAEZ11,Root_TuberAEZ11,1990,N2O_AWB,8.54186470739001e-09
South Africa,SugarCrop,SugarCropAEZ01,SugarCropAEZ01,1990,N2O_AWB,0
South Africa,SugarCrop,SugarCropAEZ02,SugarCropAEZ02,1990,N2O_AWB,6.94349722301699e-07
South Africa,SugarCrop,SugarCropAEZ03,SugarCropAEZ03,1990,N2O_AWB,1.35130330125605e-06
South Africa,SugarCrop,SugarCropAEZ04,SugarCropAEZ04,1990,N2O_AWB,2.74472556167455e-07
South Africa,SugarCrop,SugarCropAEZ05,SugarCropAEZ05,1990,N2O_AWB,2.20098225255993e-06
South Africa,SugarCrop,SugarCropAEZ06,SugarCropAEZ06,1990,N2O_AWB,1.26588132606555e-05
South Africa,SugarCrop,SugarCropAEZ07,SugarCropAEZ07,1990,N2O_AWB,6.3535018256414e-09
South Africa,SugarCrop,SugarCropAEZ08,SugarCropAEZ08,1990,N2O_AWB,0
South Africa,SugarCrop,SugarCropAEZ09,SugarCropAEZ09,1990,N2O_AWB,0
South Africa,SugarCrop,SugarCropAEZ10,SugarCropAEZ10,1990,N2O_AWB,4.57513974042271e-06
South Africa,SugarCrop,SugarCropAEZ11,SugarCropAEZ11,1990,N2O_AWB,2.72039193707479e-06
South Africa,Wheat,WheatAEZ01,WheatAEZ01,1990,N2O_AWB,2.96411399004171e-08
South Africa,Wheat,WheatAEZ02,WheatAEZ02,1990,N2O_AWB,3.01268502722289e-07
South Africa,Wheat,WheatAEZ03,WheatAEZ03,1990,N2O_AWB,3.36689417021612e-07
South Africa,Wheat,WheatAEZ04,WheatAEZ04,1990,N2O_AWB,0
South Africa,Wheat,WheatAEZ05,WheatAEZ05,1990,N2O_AWB,1.46938748716525e-09
South Africa,Wheat,WheatAEZ06,WheatAEZ06,1990,N2O_AWB,0
South Africa,Wheat,WheatAEZ07,WheatAEZ07,1990,N2O_AWB,4.82102316313792e-07
South Africa,Wheat,WheatAEZ08,WheatAEZ08,1990,N2O_AWB,3.86162468077292e-07
South Africa,Wheat,WheatAEZ09,WheatAEZ09,1990,N2O_AWB,8.05367563490144e-07
South Africa,Wheat,WheatAEZ10,WheatAEZ10,1990,N2O_AWB,6.03733723088764e-07
South Africa,Wheat,WheatAEZ11,WheatAEZ11,1990,N2O_AWB,8.67035015856843e-09
South Africa,Corn,CornAEZ01,CornAEZ01,1990,NH3_AWB,1.35043144945783e-08
South Africa,Corn,CornAEZ02,CornAEZ02,1990,NH3_AWB,2.37501515387037e-07
South Africa,Corn,CornAEZ03,CornAEZ03,1990,NH3_AWB,1.24189481613252e-06
South Africa,Corn,CornAEZ04,CornAEZ04,1990,NH3_AWB,2.50133731293901e-07
South Africa,Corn,CornAEZ05,CornAEZ05,1990,NH3_AWB,1.26190022919005e-07
South Africa,Corn,CornAEZ06,CornAEZ06,1990,NH3_AWB,2.68923491774615e-07
South Africa,Corn,CornAEZ07,CornAEZ07,1990,NH3_AWB,1.83727123651786e-05
South Africa,Corn,CornAEZ08,CornAEZ08,1990,NH3_AWB,4.51880261673923e-05
South Africa,Corn,CornAEZ09,CornAEZ09,1990,NH3_AWB,4.7872451329291e-05
South Africa,Corn,CornAEZ10,CornAEZ10,1990,NH3_AWB,0.000100589806721774
South Africa,Corn,CornAEZ11,CornAEZ11,1990,NH3_AWB,2.13904641781931e-06
South Africa,FiberCrop,FiberCropAEZ01,FiberCropAEZ01,1990,NH3_AWB,4.34961744851059e-08
South Africa,FiberCrop,FiberCropAEZ02,FiberCropAEZ02,1990,NH3_AWB,4.36576701824515e-08
South Africa,FiberCrop,FiberCropAEZ03,FiberCropAEZ03,1990,NH3_AWB,2.04076729545837e-07
South Africa,FiberCrop,FiberCropAEZ04,FiberCropAEZ04,1990,NH3_AWB,1.48576041558035e-08
South Africa,FiberCrop,FiberCropAEZ05,FiberCropAEZ05,1990,NH3_AWB,1.10893712177374e-08
South Africa,FiberCrop,FiberCropAEZ06,FiberCropAEZ06,1990,NH3_AWB,5.91612571276378e-08
South Africa,FiberCrop,FiberCropAEZ07,FiberCropAEZ07,1990,NH3_AWB,1.14731926584289e-06
South Africa,FiberCrop,FiberCropAEZ08,FiberCropAEZ08,1990,NH3_AWB,1.5449755046071e-07
South Africa,FiberCrop,FiberCropAEZ09,FiberCropAEZ09,1990,NH3_AWB,1.07879125826921e-06
South Africa,FiberCrop,FiberCropAEZ10,FiberCropAEZ10,1990,NH3_AWB,1.01769205277342e-06
South Africa,FiberCrop,FiberCropAEZ11,FiberCropAEZ11,1990,NH3_AWB,1.8033686203602e-08
South Africa,FodderGrass,FodderGrassAEZ01,FodderGrassAEZ01,1990,NH3_AWB,0
South Africa,FodderGrass,FodderGrassAEZ02,FodderGrassAEZ02,1990,NH3_AWB,0
South Africa,FodderGrass,FodderGrassAEZ03,FodderGrassAEZ03,1990,NH3_AWB,0
South Africa,FodderGrass,FodderGrassAEZ04,FodderGrassAEZ04,1990,NH3_AWB,0
South Africa,FodderGrass,FodderGrassAEZ05,FodderGrassAEZ05,1990,NH3_AWB,0
South Africa,FodderGrass,FodderGrassAEZ06,FodderGrassAEZ06,1990,NH3_AWB,0
South Africa,FodderGrass,FodderGrassAEZ07,FodderGrassAEZ07,1990,NH3_AWB,0
South Africa,FodderGrass,FodderGrassAEZ08,FodderGrassAEZ08,1990,NH3_AWB,0
South Africa,FodderGrass,FodderGrassAEZ09,FodderGrassAEZ09,1990,NH3_AWB,0
South Africa,FodderGrass,FodderGrassAEZ10,FodderGrassAEZ10,1990,NH3_AWB,0
South Africa,FodderGrass,FodderGrassAEZ11,FodderGrassAEZ11,1990,NH3_AWB,0
South Africa,FodderHerb,FodderHerbAEZ01,FodderHerbAEZ01,1990,NH3_AWB,4.6129198020785e-07
South Africa,FodderHerb,FodderHerbAEZ02,FodderHerbAEZ02,1990,NH3_AWB,2.14068546115491e-08
South Africa,FodderHerb,FodderHerbAEZ03,FodderHerbAEZ03,1990,NH3_AWB,2.08700179322524e-06
South Africa,FodderHerb,FodderHerbAEZ04,FodderHerbAEZ04,1990,NH3_AWB,2.58368926571159e-06
South Africa,FodderHerb,FodderHerbAEZ05,FodderHerbAEZ05,1990,NH3_AWB,2.25102008379208e-06
South Africa,FodderHerb,FodderHerbAEZ06,FodderHerbAEZ06,1990,NH3_AWB,6.8827427949424e-06
South Africa,FodderHerb,FodderHerbAEZ07,FodderHerbAEZ07,1990,NH3_AWB,8.12988434413697e-05
South Africa,FodderHerb,FodderHerbAEZ08,FodderHerbAEZ08,1990,NH3_AWB,2.26994713445359e-05
South Africa,FodderHerb,FodderHerbAEZ09,FodderHerbAEZ09,1990,NH3_AWB,2.08189987667355e-05
South Africa,FodderHerb,FodderHerbAEZ10,FodderHerbAEZ10,1990,NH3_AWB,1.95705279941782e-05
South Africa,FodderHerb,FodderHerbAEZ11,FodderHerbAEZ11,1990,NH3_AWB,7.07280054090663e-06
South Africa,MiscCrop,MiscCropAEZ01,MiscCropAEZ01,1990,NH3_AWB,6.92098629075792e-07
South Africa,MiscCrop,MiscCropAEZ02,MiscCropAEZ02,1990,NH3_AWB,9.11697862678459e-07
South Africa,MiscCrop,MiscCropAEZ03,MiscCropAEZ03,1990,NH3_AWB,3.04189537997195e-06
South Africa,MiscCrop,MiscCropAEZ04,MiscCropAEZ04,1990,NH3_AWB,1.37914265296808e-06
South Africa,MiscCrop,MiscCropAEZ05,MiscCropAEZ05,1990,NH3_AWB,1.07510177982923e-06
South Africa,MiscCrop,MiscCropAEZ06,MiscCropAEZ06,1990,NH3_AWB,4.10077145240537e-06
South Africa,MiscCrop,MiscCropAEZ07,MiscCropAEZ07,1990,NH3_AWB,7.06390843799703e-05
South Africa,MiscCrop,MiscCropAEZ08,MiscCropAEZ08,1990,NH3_AWB,8.46438237435301e-06
South Africa,MiscCrop,MiscCropAEZ09,MiscCropAEZ09,1990,NH3_AWB,2.31982166788775e-05
South Africa,MiscCrop,MiscCropAEZ10,MiscCropAEZ10,1990,NH3_AWB,2.77004682001442e-05
South Africa,MiscCrop,MiscCropAEZ11,MiscCropAEZ11,1990,NH3_AWB,4.3310320801346e-06
South Africa,OilCrop,OilCropAEZ01,OilCropAEZ01,1990,NH3_AWB,1.69130076967094e-07
South Africa,OilCrop,OilCropAEZ02,OilCropAEZ02,1990,NH3_AWB,4.67964314242551e-07
South Africa,OilCrop,OilCropAEZ03,OilCropAEZ03,1990,NH3_AWB,1.19057434445917e-06
South Africa,OilCrop,OilCropAEZ04,OilCropAEZ04,1990,NH3_AWB,3.96352408143956e-07
South Africa,OilCrop,OilCropAEZ05,OilCropAEZ05,1990,NH3_AWB,3.02502211012338e-07
South Africa,OilCrop,OilCropAEZ06,OilCropAEZ06,1990,NH3_AWB,8.39217027757692e-07
South Africa,OilCrop,OilCropAEZ07,OilCropAEZ07,1990,NH3_AWB,3.24901816073588e-06
South Africa,OilCrop,OilCropAEZ08,OilCropAEZ08,1990,NH3_AWB,3.18746917734996e-06
South Africa,OilCrop,OilCropAEZ09,OilCropAEZ09,1990,NH3_AWB,4.26456678457758e-06
South Africa,OilCrop,OilCropAEZ10,OilCropAEZ10,1990,NH3_AWB,4.37356897793119e-06
South Africa,OilCrop,OilCropAEZ11,OilCropAEZ11,1990,NH3_AWB,4.90144993122647e-07
South Africa,OtherGrain,OtherGrainAEZ01,OtherGrainAEZ01,1990,NH3_AWB,4.31267429849312e-08
South Africa,OtherGrain,OtherGrainAEZ02,OtherGrainAEZ02,1990,NH3_AWB,4.16290199427119e-08
South Africa,OtherGrain,OtherGrainAEZ03,OtherGrainAEZ03,1990,NH3_AWB,1.15324674250889e-07
South Africa,OtherGrain,OtherGrainAEZ04,OtherGrainAEZ04,1990,NH3_AWB,2.76886747035934e-08
South Africa,OtherGrain,OtherGrainAEZ05,OtherGrainAEZ05,1990,NH3_AWB,1.80110796615608e-08
South Africa,OtherGrain,OtherGrainAEZ06,OtherGrainAEZ06,1990,NH3_AWB,7.02393703645938e-08
South Africa,OtherGrain,OtherGrainAEZ07,OtherGrainAEZ07,1990,NH3_AWB,5.29218516810455e-06
South Africa,OtherGrain,OtherGrainAEZ08,OtherGrainAEZ08,1990,NH3_AWB,8.75745544994097e-07
South Africa,OtherGrain,OtherGrainAEZ09,OtherGrainAEZ09,1990,NH3_AWB,4.91541181509907e-06
South Africa,OtherGrain,OtherGrainAEZ10,OtherGrainAEZ10,1990,NH3_AWB,5.53431705993002e-06
South Africa,OtherGrain,OtherGrainAEZ11,OtherGrainAEZ11,1990,NH3_AWB,6.76663589843714e-08
South Africa,PalmFruit,PalmFruitAEZ01,PalmFruitAEZ01,1990,NH3_AWB,0
South Africa,PalmFruit,PalmFruitAEZ02,PalmFruitAEZ02,1990,NH3_AWB,0
South Africa,PalmFruit,PalmFruitAEZ03,PalmFruitAEZ03,1990,NH3_AWB,0
South Africa,PalmFruit,PalmFruitAEZ04,PalmFruitAEZ04,1990,NH3_AWB,0
South Africa,PalmFruit,PalmFruitAEZ05,PalmFruitAEZ05,1990,NH3_AWB,0
South Africa,PalmFruit,PalmFruitAEZ06,PalmFruitAEZ06,1990,NH3_AWB,0
South Africa,PalmFruit,PalmFruitAEZ07,PalmFruitAEZ07,1990,NH3_AWB,0
South Africa,PalmFruit,PalmFruitAEZ08,PalmFruitAEZ08,1990,NH3_AWB,0
South Africa,PalmFruit,PalmFruitAEZ09,PalmFruitAEZ09,1990,NH3_AWB,0
South Africa,PalmFruit,PalmFruitAEZ10,PalmFruitAEZ10,1990,NH3_AWB,0
South Africa,PalmFruit,PalmFruitAEZ11,PalmFruitAEZ11,1990,NH3_AWB,0
South Africa,Rice,RiceAEZ01,RiceAEZ01,1990,NH3_AWB,0
South Africa,Rice,RiceAEZ02,RiceAEZ02,1990,NH3_AWB,0
South Africa,Rice,RiceAEZ03,RiceAEZ03,1990,NH3_AWB,0
South Africa,Rice,RiceAEZ04,RiceAEZ04,1990,NH3_AWB,0
South Africa,Rice,RiceAEZ05,RiceAEZ05,1990,NH3_AWB,0
South Africa,Rice,RiceAEZ06,RiceAEZ06,1990,NH3_AWB,0
South Africa,Rice,RiceAEZ07,RiceAEZ07,1990,NH3_AWB,0
South Africa,Rice,RiceAEZ08,RiceAEZ08,1990,NH3_AWB,0
South Africa,Rice,RiceAEZ09,RiceAEZ09,1990,NH3_AWB,0
South Africa,Rice,RiceAEZ10,RiceAEZ10,1990,NH3_AWB,0
South Africa,Rice,RiceAEZ11,RiceAEZ11,1990,NH3_AWB,0
South Africa,Root_Tuber,Root_TuberAEZ01,Root_TuberAEZ01,1990,NH3_AWB,2.46023188018325e-08
South Africa,Root_Tuber,Root_TuberAEZ02,Root_TuberAEZ02,1990,NH3_AWB,3.68349480668107e-08
South Africa,Root_Tuber,Root_TuberAEZ03,Root_TuberAEZ03,1990,NH3_AWB,3.94939173412147e-07
South Africa,Root_Tuber,Root_TuberAEZ04,Root_TuberAEZ04,1990,NH3_AWB,1.99731081192037e-07
South Africa,Root_Tuber,Root_TuberAEZ05,Root_TuberAEZ05,1990,NH3_AWB,1.42919598499225e-07
South Africa,Root_Tuber,Root_TuberAEZ06,Root_TuberAEZ06,1990,NH3_AWB,8.0289907265256e-07
South Africa,Root_Tuber,Root_TuberAEZ07,Root_TuberAEZ07,1990,NH3_AWB,8.06435227666976e-06
South Africa,Root_Tuber,Root_TuberAEZ08,Root_TuberAEZ08,1990,NH3_AWB,6.01608930867933e-06
South Africa,Root_Tuber,Root_TuberAEZ09,Root_TuberAEZ09,1990,NH3_AWB,7.37367130161612e-06
South Africa,Root_Tuber,Root_TuberAEZ10,Root_TuberAEZ10,1990,NH3_AWB,9.34521478242365e-06
South Africa,Root_Tuber,Root_TuberAEZ11,Root_TuberAEZ11,1990,NH3_AWB,1.588185900369e-07
South Africa,SugarCrop,SugarCropAEZ01,SugarCropAEZ01,1990,NH3_AWB,0
South Africa,SugarCrop,SugarCropAEZ02,SugarCropAEZ02,1990,NH3_AWB,1.29100199623934e-05
South Africa,SugarCrop,SugarCropAEZ03,SugarCropAEZ03,1990,NH3_AWB,2.51247347469718e-05
South Africa,SugarCrop,SugarCropAEZ04,SugarCropAEZ04,1990,NH3_AWB,5.10325858200797e-06
South Africa,SugarCrop,SugarCropAEZ05,SugarCropAEZ05,1990,NH3_AWB,4.09227856003605e-05
South Africa,SugarCrop,SugarCropAEZ06,SugarCropAEZ06,1990,NH3_AWB,0.00023536486967048
South Africa,SugarCrop,SugarCropAEZ07,SugarCropAEZ07,1990,NH3_AWB,1.18130435954137e-07
South Africa,SugarCrop,SugarCropAEZ08,SugarCropAEZ08,1990,NH3_AWB,0
South Africa,SugarCrop,SugarCropAEZ09,SugarCropAEZ09,1990,NH3_AWB,0
South Africa,SugarCrop,SugarCropAEZ10,SugarCropAEZ10,1990,NH3_AWB,8.50654122591158e-05
South Africa,SugarCrop,SugarCropAEZ11,SugarCropAEZ11,1990,NH3_AWB,5.05801515938529e-05
South Africa,Wheat,WheatAEZ01,WheatAEZ01,1990,NH3_AWB,5.51116671515292e-07
South Africa,Wheat,WheatAEZ02,WheatAEZ02,1990,NH3_AWB,5.601474673731e-06
South Africa,Wheat,WheatAEZ03,WheatAEZ03,1990,NH3_AWB,6.26005448733651e-06
South Africa,Wheat,WheatAEZ04,WheatAEZ04,1990,NH3_AWB,0
South Africa,Wheat,WheatAEZ05,WheatAEZ05,1990,NH3_AWB,2.73202698618664e-08
South Africa,Wheat,WheatAEZ06,WheatAEZ06,1990,NH3_AWB,0
South Africa,Wheat,WheatAEZ07,WheatAEZ07,1990,NH3_AWB,8.9637114088494e-06
South Africa,Wheat,WheatAEZ08,WheatAEZ08,1990,NH3_AWB,7.17990518535669e-06
South Africa,Wheat,WheatAEZ09,WheatAEZ09,1990,NH3_AWB,1.497417077846e-05
South Africa,Wheat,WheatAEZ10,WheatAEZ10,1990,NH3_AWB,1.12251998765248e-05
South Africa,Wheat,WheatAEZ11,WheatAEZ11,1990,NH3_AWB,1.61207515511071e-07
South Africa,Corn,CornAEZ01,CornAEZ01,1990,NMVOC_AWB,7.26313130924619e-08
South Africa,Corn,CornAEZ02,CornAEZ02,1990,NMVOC_AWB,1.27737301518974e-06
South Africa,Corn,CornAEZ03,CornAEZ03,1990,NMVOC_AWB,6.67938022730733e-06
South Africa,Corn,CornAEZ04,CornAEZ04,1990,NMVOC_AWB,1.34531385209422e-06
South Africa,Corn,CornAEZ05,CornAEZ05,1990,NMVOC_AWB,6.78697690834649e-07
South Africa,Corn,CornAEZ06,CornAEZ06,1990,NMVOC_AWB,1.44637229359861e-06
South Africa,Corn,CornAEZ07,CornAEZ07,1990,NMVOC_AWB,9.88153989370417e-05
South Africa,Corn,CornAEZ08,CornAEZ08,1990,NMVOC_AWB,0.000243038302900299
South Africa,Corn,CornAEZ09,CornAEZ09,1990,NMVOC_AWB,0.00025747615714943
South Africa,Corn,CornAEZ10,CornAEZ10,1990,NMVOC_AWB,0.00054101004155765
South Africa,Corn,CornAEZ11,CornAEZ11,1990,NMVOC_AWB,1.15046010039471e-05
South Africa,FiberCrop,FiberCropAEZ01,FiberCropAEZ01,1990,NMVOC_AWB,2.33938884392867e-07
South Africa,FiberCrop,FiberCropAEZ02,FiberCropAEZ02,1990,NMVOC_AWB,2.34807469359672e-07
South Africa,FiberCrop,FiberCropAEZ03,FiberCropAEZ03,1990,NMVOC_AWB,1.0976018697195e-06
South Africa,FiberCrop,FiberCropAEZ04,FiberCropAEZ04,1990,NMVOC_AWB,7.99098169460783e-08
South Africa,FiberCrop,FiberCropAEZ05,FiberCropAEZ05,1990,NMVOC_AWB,5.96428343872901e-08
South Africa,FiberCrop,FiberCropAEZ06,FiberCropAEZ06,1990,NMVOC_AWB,3.18191626172971e-07
South Africa,FiberCrop,FiberCropAEZ07,FiberCropAEZ07,1990,NMVOC_AWB,6.17071713250636e-06
South Africa,FiberCrop,FiberCropAEZ08,FiberCropAEZ08,1990,NMVOC_AWB,8.30946284910305e-07
South Africa,FiberCrop,FiberCropAEZ09,FiberCropAEZ09,1990,NMVOC_AWB,5.8021475782587e-06
South Africa,FiberCrop,FiberCropAEZ10,FiberCropAEZ10,1990,NMVOC_AWB,5.47353293248407e-06
South Africa,FiberCrop,FiberCropAEZ11,FiberCropAEZ11,1990,NMVOC_AWB,9.69919879599134e-08
South Africa,FodderGrass,FodderGrassAEZ01,FodderGrassAEZ01,1990,NMVOC_AWB,0
South Africa,FodderGrass,FodderGrassAEZ02,FodderGrassAEZ02,1990,NMVOC_AWB,0
South Africa,FodderGrass,FodderGrassAEZ03,FodderGrassAEZ03,1990,NMVOC_AWB,0
South Africa,FodderGrass,FodderGrassAEZ04,FodderGrassAEZ04,1990,NMVOC_AWB,0
South Africa,FodderGrass,FodderGrassAEZ05,FodderGrassAEZ05,1990,NMVOC_AWB,0
South Africa,FodderGrass,FodderGrassAEZ06,FodderGrassAEZ06,1990,NMVOC_AWB,0
South Africa,FodderGrass,FodderGrassAEZ07,FodderGrassAEZ07,1990,NMVOC_AWB,0
South Africa,FodderGrass,FodderGrassAEZ08,FodderGrassAEZ08,1990,NMVOC_AWB,0
South Africa,FodderGrass,FodderGrassAEZ09,FodderGrassAEZ09,1990,NMVOC_AWB,0
South Africa,FodderGrass,FodderGrassAEZ10,FodderGrassAEZ10,1990,NMVOC_AWB,0
South Africa,FodderGrass,FodderGrassAEZ11,FodderGrassAEZ11,1990,NMVOC_AWB,0
South Africa,FodderHerb,FodderHerbAEZ01,FodderHerbAEZ01,1990,NMVOC_AWB,2.48100281246925e-06
South Africa,FodderHerb,FodderHerbAEZ02,FodderHerbAEZ02,1990,NMVOC_AWB,1.15134163991845e-07
South Africa,FodderHerb,FodderHerbAEZ03,FodderHerbAEZ03,1990,NMVOC_AWB,1.12246853203195e-05
South Africa,FodderHerb,FodderHerbAEZ04,FodderHerbAEZ04,1990,NMVOC_AWB,1.38960584831515e-05
South Africa,FodderHerb,FodderHerbAEZ05,FodderHerbAEZ05,1990,NMVOC_AWB,1.21068377479628e-05
South Africa,FodderHerb,FodderHerbAEZ06,FodderHerbAEZ06,1990,NMVOC_AWB,3.70179950322577e-05
South Africa,FodderHerb,FodderHerbAEZ07,FodderHerbAEZ07,1990,NMVOC_AWB,0.000437255941752232
South Africa,FodderHerb,FodderHerbAEZ08,FodderHerbAEZ08,1990,NMVOC_AWB,0.000122086345880072
South Africa,FodderHerb,FodderHerbAEZ09,FodderHerbAEZ09,1990,NMVOC_AWB,0.000111972452826496
South Africa,FodderHerb,FodderHerbAEZ10,FodderHerbAEZ10,1990,NMVOC_AWB,0.000105257704617337
South Africa,FodderHerb,FodderHerbAEZ11,FodderHerbAEZ11,1990,NMVOC_AWB,3.80401975037951e-05
South Africa,MiscCrop,MiscCropAEZ01,MiscCropAEZ01,1990,NMVOC_AWB,3.72236830232656e-06
South Africa,MiscCrop,MiscCropAEZ02,MiscCropAEZ02,1990,NMVOC_AWB,4.9034560722436e-06
South Africa,MiscCrop,MiscCropAEZ03,MiscCropAEZ03,1990,NMVOC_AWB,1.63604643409302e-05
South Africa,MiscCrop,MiscCropAEZ04,MiscCropAEZ04,1990,NMVOC_AWB,7.41755102542291e-06
South Africa,MiscCrop,MiscCropAEZ05,MiscCropAEZ05,1990,NMVOC_AWB,5.78230416718962e-06
South Africa,MiscCrop,MiscCropAEZ06,MiscCropAEZ06,1990,NMVOC_AWB,2.20555005142883e-05
South Africa,MiscCrop,MiscCropAEZ07,MiscCropAEZ07,1990,NMVOC_AWB,0.000379923724097678
South Africa,MiscCrop,MiscCropAEZ08,MiscCropAEZ08,1990,NMVOC_AWB,4.55246511485473e-05
South Africa,MiscCrop,MiscCropAEZ09,MiscCropAEZ09,1990,NMVOC_AWB,0.000124768787002611
South Africa,MiscCrop,MiscCropAEZ10,MiscCropAEZ10,1990,NMVOC_AWB,0.000148983599238614
South Africa,MiscCrop,MiscCropAEZ11,MiscCropAEZ11,1990,NMVOC_AWB,2.32939292958591e-05
South Africa,OilCrop,OilCropAEZ01,OilCropAEZ01,1990,NMVOC_AWB,9.09645549093289e-07
South Africa,OilCrop,OilCropAEZ02,OilCropAEZ02,1990,NMVOC_AWB,2.5168891495748e-06
South Africa,OilCrop,OilCropAEZ03,OilCropAEZ03,1990,NMVOC_AWB,6.4033593120912e-06
South Africa,OilCrop,OilCropAEZ04,OilCropAEZ04,1990,NMVOC_AWB,2.13173322217965e-06
South Africa,OilCrop,OilCropAEZ05,OilCropAEZ05,1990,NMVOC_AWB,1.62697135112041e-06
South Africa,OilCrop,OilCropAEZ06,OilCropAEZ06,1990,NMVOC_AWB,4.51362671685894e-06
South Africa,OilCrop,OilCropAEZ07,OilCropAEZ07,1990,NMVOC_AWB,1.74744490266605e-05
South Africa,OilCrop,OilCropAEZ08,OilCropAEZ08,1990,NMVOC_AWB,1.71434153052066e-05
South Africa,OilCrop,OilCropAEZ09,OilCropAEZ09,1990,NMVOC_AWB,2.29364537873226e-05
South Africa,OilCrop,OilCropAEZ10,OilCropAEZ10,1990,NMVOC_AWB,2.35227088272515e-05
South Africa,OilCrop,OilCropAEZ11,OilCropAEZ11,1990,NMVOC_AWB,2.63618523328126e-06
South Africa,OtherGrain,OtherGrainAEZ01,OtherGrainAEZ01,1990,NMVOC_AWB,2.31951942000035e-07
South Africa,OtherGrain,OtherGrainAEZ02,OtherGrainAEZ02,1990,NMVOC_AWB,2.23896620772964e-07
South Africa,OtherGrain,OtherGrainAEZ03,OtherGrainAEZ03,1990,NMVOC_AWB,6.20259734484511e-07
South Africa,OtherGrain,OtherGrainAEZ04,OtherGrainAEZ04,1990,NMVOC_AWB,1.48920169351759e-07
South Africa,OtherGrain,OtherGrainAEZ05,OtherGrainAEZ05,1990,NMVOC_AWB,9.68704014229892e-08
South Africa,OtherGrain,OtherGrainAEZ06,OtherGrainAEZ06,1990,NMVOC_AWB,3.77773910879842e-07
South Africa,OtherGrain,OtherGrainAEZ07,OtherGrainAEZ07,1990,NMVOC_AWB,2.84633742825083e-05
South Africa,OtherGrain,OtherGrainAEZ08,OtherGrainAEZ08,1990,NMVOC_AWB,4.71009090415744e-06
South Africa,OtherGrain,OtherGrainAEZ09,OtherGrainAEZ09,1990,NMVOC_AWB,2.64369446271545e-05
South Africa,OtherGrain,OtherGrainAEZ10,OtherGrainAEZ10,1990,NMVOC_AWB,2.97656512142182e-05
South Africa,OtherGrain,OtherGrainAEZ11,OtherGrainAEZ11,1990,NMVOC_AWB,3.63935282105132e-07
South Africa,PalmFruit,PalmFruitAEZ01,PalmFruitAEZ01,1990,NMVOC_AWB,0
South Africa,PalmFruit,PalmFruitAEZ02,PalmFruitAEZ02,1990,NMVOC_AWB,0
South Africa,PalmFruit,PalmFruitAEZ03,PalmFruitAEZ03,1990,NMVOC_AWB,0
South Africa,PalmFruit,PalmFruitAEZ04,PalmFruitAEZ04,1990,NMVOC_AWB,0
South Africa,PalmFruit,PalmFruitAEZ05,PalmFruitAEZ05,1990,NMVOC_AWB,0
South Africa,PalmFruit,PalmFruitAEZ06,PalmFruitAEZ06,1990,NMVOC_AWB,0
South Africa,PalmFruit,PalmFruitAEZ07,PalmFruitAEZ07,1990,NMVOC_AWB,0
South Africa,PalmFruit,PalmFruitAEZ08,PalmFruitAEZ08,1990,NMVOC_AWB,0
South Africa,PalmFruit,PalmFruitAEZ09,PalmFruitAEZ09,1990,NMVOC_AWB,0
South Africa,PalmFruit,PalmFruitAEZ10,PalmFruitAEZ10,1990,NMVOC_AWB,0
South Africa,PalmFruit,PalmFruitAEZ11,PalmFruitAEZ11,1990,NMVOC_AWB,0
South Africa,Rice,RiceAEZ01,RiceAEZ01,1990,NMVOC_AWB,0
South Africa,Rice,RiceAEZ02,RiceAEZ02,1990,NMVOC_AWB,0
South Africa,Rice,RiceAEZ03,RiceAEZ03,1990,NMVOC_AWB,0
South Africa,Rice,RiceAEZ04,RiceAEZ04,1990,NMVOC_AWB,0
South Africa,Rice,RiceAEZ05,RiceAEZ05,1990,NMVOC_AWB,0
South Africa,Rice,RiceAEZ06,RiceAEZ06,1990,NMVOC_AWB,0
South Africa,Rice,RiceAEZ07,RiceAEZ07,1990,NMVOC_AWB,0
South Africa,Rice,RiceAEZ08,RiceAEZ08,1990,NMVOC_AWB,0
South Africa,Rice,RiceAEZ09,RiceAEZ09,1990,NMVOC_AWB,0
South Africa,Rice,RiceAEZ10,RiceAEZ10,1990,NMVOC_AWB,0
South Africa,Rice,RiceAEZ11,RiceAEZ11,1990,NMVOC_AWB,0
South Africa,Root_Tuber,Root_TuberAEZ01,Root_TuberAEZ01,1990,NMVOC_AWB,1.32320579501748e-07
South Africa,Root_Tuber,Root_TuberAEZ02,Root_TuberAEZ02,1990,NMVOC_AWB,1.98112288251225e-07
South Africa,Root_Tuber,Root_TuberAEZ03,Root_TuberAEZ03,1990,NMVOC_AWB,2.12413231105452e-06
South Africa,Root_Tuber,Root_TuberAEZ04,Root_TuberAEZ04,1990,NMVOC_AWB,1.07422932857339e-06
South Africa,Root_Tuber,Root_TuberAEZ05,Root_TuberAEZ05,1990,NMVOC_AWB,7.68675678414753e-07
South Africa,Root_Tuber,Root_TuberAEZ06,Root_TuberAEZ06,1990,NMVOC_AWB,4.31829501237458e-06
South Africa,Root_Tuber,Root_TuberAEZ07,Root_TuberAEZ07,1990,NMVOC_AWB,4.33731379204671e-05
South Africa,Root_Tuber,Root_TuberAEZ08,Root_TuberAEZ08,1990,NMVOC_AWB,3.23568046601942e-05
South Africa,Root_Tuber,Root_TuberAEZ09,Root_TuberAEZ09,1990,NMVOC_AWB,3.96583942978813e-05
South Africa,Root_Tuber,Root_TuberAEZ10,Root_TuberAEZ10,1990,NMVOC_AWB,5.02621011270893e-05
South Africa,Root_Tuber,Root_TuberAEZ11,Root_TuberAEZ11,1990,NMVOC_AWB,8.54186470739001e-07
South Africa,SugarCrop,SugarCropAEZ01,SugarCropAEZ01,1990,NMVOC_AWB,0
South Africa,SugarCrop,SugarCropAEZ02,SugarCropAEZ02,1990,NMVOC_AWB,6.94349722301699e-05
South Africa,SugarCrop,SugarCropAEZ03,SugarCropAEZ03,1990,NMVOC_AWB,0.000135130330125605
South Africa,SugarCrop,SugarCropAEZ04,SugarCropAEZ04,1990,NMVOC_AWB,2.74472556167455e-05
South Africa,SugarCrop,SugarCropAEZ05,SugarCropAEZ05,1990,NMVOC_AWB,0.000220098225255993
South Africa,SugarCrop,SugarCropAEZ06,SugarCropAEZ06,1990,NMVOC_AWB,0.00126588132606555
South Africa,SugarCrop,SugarCropAEZ07,SugarCropAEZ07,1990,NMVOC_AWB,6.3535018256414e-07
South Africa,SugarCrop,SugarCropAEZ08,SugarCropAEZ08,1990,NMVOC_AWB,0
South Africa,SugarCrop,SugarCropAEZ09,SugarCropAEZ09,1990,NMVOC_AWB,0
South Africa,SugarCrop,SugarCropAEZ10,SugarCropAEZ10,1990,NMVOC_AWB,0.000457513974042271
South Africa,SugarCrop,SugarCropAEZ11,SugarCropAEZ11,1990,NMVOC_AWB,0.000272039193707479
South Africa,Wheat,WheatAEZ01,WheatAEZ01,1990,NMVOC_AWB,2.96411399004171e-06
South Africa,Wheat,WheatAEZ02,WheatAEZ02,1990,NMVOC_AWB,3.01268502722289e-05
South Africa,Wheat,WheatAEZ03,WheatAEZ03,1990,NMVOC_AWB,3.36689417021612e-05
South Africa,Wheat,WheatAEZ04,WheatAEZ04,1990,NMVOC_AWB,0
South Africa,Wheat,WheatAEZ05,WheatAEZ05,1990,NMVOC_AWB,1.46938748716525e-07
South Africa,Wheat,WheatAEZ06,WheatAEZ06,1990,NMVOC_AWB,0
South Africa,Wheat,WheatAEZ07,WheatAEZ07,1990,NMVOC_AWB,4.82102316313792e-05
South Africa,Wheat,WheatAEZ08,WheatAEZ08,1990,NMVOC_AWB,3.86162468077292e-05
South Africa,Wheat,WheatAEZ09,WheatAEZ09,1990,NMVOC_AWB,8.05367563490144e-05
South Africa,Wheat,WheatAEZ10,WheatAEZ10,1990,NMVOC_AWB,6.03733723088764e-05
South Africa,Wheat,WheatAEZ11,WheatAEZ11,1990,NMVOC_AWB,8.67035015856843e-07
South Africa,Corn,CornAEZ01,CornAEZ01,1990,NOx_AWB,3.94179990652557e-08
South Africa,Corn,CornAEZ02,CornAEZ02,1990,NOx_AWB,6.93247666535134e-07
South Africa,Corn,CornAEZ03,CornAEZ03,1990,NOx_AWB,3.62499027411654e-06
South Africa,Corn,CornAEZ04,CornAEZ04,1990,NOx_AWB,7.30120080533549e-07
South Africa,Corn,CornAEZ05,CornAEZ05,1990,NOx_AWB,3.68338445277096e-07
South Africa,Corn,CornAEZ06,CornAEZ06,1990,NOx_AWB,7.84965867882661e-07
South Africa,Corn,CornAEZ07,CornAEZ07,1990,NOx_AWB,5.36284577145754e-05
South Africa,Corn,CornAEZ08,CornAEZ08,1990,NOx_AWB,0.000131900184488605
South Africa,Corn,CornAEZ09,CornAEZ09,1990,NOx_AWB,0.000139735803880093
South Africa,Corn,CornAEZ10,CornAEZ10,1990,NOx_AWB,0.000293613489890584
South Africa,Corn,CornAEZ11,CornAEZ11,1990,NOx_AWB,6.24370305741851e-06
South Africa,FiberCrop,FiberCropAEZ01,FiberCropAEZ01,1990,NOx_AWB,1.26961806605174e-07
South Africa,FiberCrop,FiberCropAEZ02,FiberCropAEZ02,1990,NOx_AWB,1.2743319945148e-07
South Africa,FiberCrop,FiberCropAEZ03,FiberCropAEZ03,1990,NOx_AWB,5.95683426782442e-07
South Africa,FiberCrop,FiberCropAEZ04,FiberCropAEZ04,1990,NOx_AWB,4.33681418601832e-08
South Africa,FiberCrop,FiberCropAEZ05,FiberCropAEZ05,1990,NOx_AWB,3.23689754463685e-08
South Africa,FiberCrop,FiberCropAEZ06,FiberCropAEZ06,1990,NOx_AWB,1.72686912696889e-07
South Africa,FiberCrop,FiberCropAEZ07,FiberCropAEZ07,1990,NOx_AWB,3.34893191110898e-06
South Africa,FiberCrop,FiberCropAEZ08,FiberCropAEZ08,1990,NOx_AWB,4.50965822966397e-07
South Africa,FiberCrop,FiberCropAEZ09,FiberCropAEZ09,1990,NOx_AWB,3.14890421332633e-06
South Africa,FiberCrop,FiberCropAEZ10,FiberCropAEZ10,1990,NOx_AWB,2.97056058647377e-06
South Africa,FiberCrop,FiberCropAEZ11,FiberCropAEZ11,1990,NOx_AWB,5.2638867837541e-08
South Africa,FodderGrass,FodderGrassAEZ01,FodderGrassAEZ01,1990,NOx_AWB,0
South Africa,FodderGrass,FodderGrassAEZ02,FodderGrassAEZ02,1990,NOx_AWB,0
South Africa,FodderGrass,FodderGrassAEZ03,FodderGrassAEZ03,1990,NOx_AWB,0
South Africa,FodderGrass,FodderGrassAEZ04,FodderGrassAEZ04,1990,NOx_AWB,0
South Africa,FodderGrass,FodderGrassAEZ05,FodderGrassAEZ05,1990,NOx_AWB,0
South Africa,FodderGrass,FodderGrassAEZ06,FodderGrassAEZ06,1990,NOx_AWB,0
South Africa,FodderGrass,FodderGrassAEZ07,FodderGrassAEZ07,1990,NOx_AWB,0
South Africa,FodderGrass,FodderGrassAEZ08,FodderGrassAEZ08,1990,NOx_AWB,0
South Africa,FodderGrass,FodderGrassAEZ09,FodderGrassAEZ09,1990,NOx_AWB,0
South Africa,FodderGrass,FodderGrassAEZ10,FodderGrassAEZ10,1990,NOx_AWB,0
South Africa,FodderGrass,FodderGrassAEZ11,FodderGrassAEZ11,1990,NOx_AWB,0
South Africa,FodderHerb,FodderHerbAEZ01,FodderHerbAEZ01,1990,NOx_AWB,1.34647388817426e-06
South Africa,FodderHerb,FodderHerbAEZ02,FodderHerbAEZ02,1990,NOx_AWB,6.24848729201973e-08
South Africa,FodderHerb,FodderHerbAEZ03,FodderHerbAEZ03,1990,NOx_AWB,6.09178901806286e-06
South Africa,FodderHerb,FodderHerbAEZ04,FodderHerbAEZ04,1990,NOx_AWB,7.54157947829329e-06
South Africa,FodderHerb,FodderHerbAEZ05,FodderHerbAEZ05,1990,NOx_AWB,6.57054510944716e-06
South Africa,FodderHerb,FodderHerbAEZ06,FodderHerbAEZ06,1990,NOx_AWB,2.00901681582102e-05
South Africa,FodderHerb,FodderHerbAEZ07,FodderHerbAEZ07,1990,NOx_AWB,0.000237304732207241
South Africa,FodderHerb,FodderHerbAEZ08,FodderHerbAEZ08,1990,NOx_AWB,6.62579163570237e-05
South Africa,FodderHerb,FodderHerbAEZ09,FodderHerbAEZ09,1990,NOx_AWB,6.07689693731739e-05
South Africa,FodderHerb,FodderHerbAEZ10,FodderHerbAEZ10,1990,NOx_AWB,5.7124784415439e-05
South Africa,FodderHerb,FodderHerbAEZ11,FodderHerbAEZ11,1990,NOx_AWB,2.06449313085923e-05
South Africa,MiscCrop,MiscCropAEZ01,MiscCropAEZ01,1990,NOx_AWB,2.02017978216718e-06
South Africa,MiscCrop,MiscCropAEZ02,MiscCropAEZ02,1990,NOx_AWB,2.6611721397101e-06
South Africa,MiscCrop,MiscCropAEZ03,MiscCropAEZ03,1990,NOx_AWB,8.87904597397219e-06
South Africa,MiscCrop,MiscCropAEZ04,MiscCropAEZ04,1990,NOx_AWB,4.02560558163656e-06
South Africa,MiscCrop,MiscCropAEZ05,MiscCropAEZ05,1990,NOx_AWB,3.13813492490693e-06
South Africa,MiscCrop,MiscCropAEZ06,MiscCropAEZ06,1990,NOx_AWB,1.19698193745886e-05
South Africa,MiscCrop,MiscCropAEZ07,MiscCropAEZ07,1990,NOx_AWB,0.000206189759811805
South Africa,MiscCrop,MiscCropAEZ08,MiscCropAEZ08,1990,NOx_AWB,2.47068458494628e-05
South Africa,MiscCrop,MiscCropAEZ09,MiscCropAEZ09,1990,NOx_AWB,6.7713713549156e-05
South Africa,MiscCrop,MiscCropAEZ10,MiscCropAEZ10,1990,NOx_AWB,8.08554206923129e-05
South Africa,MiscCrop,MiscCropAEZ11,MiscCropAEZ11,1990,NOx_AWB,1.26419314771496e-05
South Africa,OilCrop,OilCropAEZ01,OilCropAEZ01,1990,NOx_AWB,4.93676981417463e-07
South Africa,OilCrop,OilCropAEZ02,OilCropAEZ02,1990,NOx_AWB,1.3659498902215e-06
South Africa,OilCrop,OilCropAEZ03,OilCropAEZ03,1990,NOx_AWB,3.47518997842136e-06
South Africa,OilCrop,OilCropAEZ04,OilCropAEZ04,1990,NOx_AWB,1.15692054269046e-06
South Africa,OilCrop,OilCropAEZ05,OilCropAEZ05,1990,NOx_AWB,8.82979426738717e-07
South Africa,OilCrop,OilCropAEZ06,OilCropAEZ06,1990,NOx_AWB,2.44960645940083e-06
South Africa,OilCrop,OilCropAEZ07,OilCropAEZ07,1990,NOx_AWB,9.4836205772831e-06
South Africa,OilCrop,OilCropAEZ08,OilCropAEZ08,1990,NOx_AWB,9.30396408523773e-06
South Africa,OilCrop,OilCropAEZ09,OilCropAEZ09,1990,NOx_AWB,1.24479246684967e-05
South Africa,OilCrop,OilCropAEZ10,OilCropAEZ10,1990,NOx_AWB,1.27660932328802e-05
South Africa,OilCrop,OilCropAEZ11,OilCropAEZ11,1990,NOx_AWB,1.43069349343908e-06
South Africa,OtherGrain,OtherGrainAEZ01,OtherGrainAEZ01,1990,NOx_AWB,1.25883466010069e-07
South Africa,OtherGrain,OtherGrainAEZ02,OtherGrainAEZ02,1990,NOx_AWB,1.21511733886835e-07
South Africa,OtherGrain,OtherGrainAEZ03,OtherGrainAEZ03,1990,NOx_AWB,3.36623373489081e-07
South Africa,OtherGrain,OtherGrainAEZ04,OtherGrainAEZ04,1990,NOx_AWB,8.08209964321106e-08
South Africa,OtherGrain,OtherGrainAEZ05,OtherGrainAEZ05,1990,NOx_AWB,5.25728811742856e-08
South Africa,OtherGrain,OtherGrainAEZ06,OtherGrainAEZ06,1990,NOx_AWB,2.05023027010166e-07
South Africa,OtherGrain,OtherGrainAEZ07,OtherGrainAEZ07,1990,NOx_AWB,1.54474594096025e-05
South Africa,OtherGrain,OtherGrainAEZ08,OtherGrainAEZ08,1990,NOx_AWB,2.55623023944223e-06
South Africa,OtherGrain,OtherGrainAEZ09,OtherGrainAEZ09,1990,NOx_AWB,1.43476885413703e-05
South Africa,OtherGrain,OtherGrainAEZ10,OtherGrainAEZ10,1990,NOx_AWB,1.61542227695255e-05
South Africa,OtherGrain,OtherGrainAEZ11,OtherGrainAEZ11,1990,NOx_AWB,1.97512615413841e-07
South Africa,PalmFruit,PalmFruitAEZ01,PalmFruitAEZ01,1990,NOx_AWB,0
South Africa,PalmFruit,PalmFruitAEZ02,PalmFruitAEZ02,1990,NOx_AWB,0
South Africa,PalmFruit,PalmFruitAEZ03,PalmFruitAEZ03,1990,NOx_AWB,0
South Africa,PalmFruit,PalmFruitAEZ04,PalmFruitAEZ04,1990,NOx_AWB,0
South Africa,PalmFruit,PalmFruitAEZ05,PalmFruitAEZ05,1990,NOx_AWB,0
South Africa,PalmFruit,PalmFruitAEZ06,PalmFruitAEZ06,1990,NOx_AWB,0
South Africa,PalmFruit,PalmFruitAEZ07,PalmFruitAEZ07,1990,NOx_AWB,0
South Africa,PalmFruit,PalmFruitAEZ08,PalmFruitAEZ08,1990,NOx_AWB,0
South Africa,PalmFruit,PalmFruitAEZ09,PalmFruitAEZ09,1990,NOx_AWB,0
South Africa,PalmFruit,PalmFruitAEZ10,PalmFruitAEZ10,1990,NOx_AWB,0
South Africa,PalmFruit,PalmFruitAEZ11,PalmFruitAEZ11,1990,NOx_AWB,0
South Africa,Rice,RiceAEZ01,RiceAEZ01,1990,NOx_AWB,0
South Africa,Rice,RiceAEZ02,RiceAEZ02,1990,NOx_AWB,0
South Africa,Rice,RiceAEZ03,RiceAEZ03,1990,NOx_AWB,0
South Africa,Rice,RiceAEZ04,RiceAEZ04,1990,NOx_AWB,0
South Africa,Rice,RiceAEZ05,RiceAEZ05,1990,NOx_AWB,0
South Africa,Rice,RiceAEZ06,RiceAEZ06,1990,NOx_AWB,0
South Africa,Rice,RiceAEZ07,RiceAEZ07,1990,NOx_AWB,0
South Africa,Rice,RiceAEZ08,RiceAEZ08,1990,NOx_AWB,0
South Africa,Rice,RiceAEZ09,RiceAEZ09,1990,NOx_AWB,0
South Africa,Rice,RiceAEZ10,RiceAEZ10,1990,NOx_AWB,0
South Africa,Rice,RiceAEZ11,RiceAEZ11,1990,NOx_AWB,0
South Africa,Root_Tuber,Root_TuberAEZ01,Root_TuberAEZ01,1990,NOx_AWB,7.18121737999436e-08
South Africa,Root_Tuber,Root_TuberAEZ02,Root_TuberAEZ02,1990,NOx_AWB,1.0751822678961e-07
South Africa,Root_Tuber,Root_TuberAEZ03,Root_TuberAEZ03,1990,NOx_AWB,1.15279542509492e-06
South Africa,Root_Tuber,Root_TuberAEZ04,Root_TuberAEZ04,1990,NOx_AWB,5.82998831587567e-07
South Africa,Root_Tuber,Root_TuberAEZ05,Root_TuberAEZ05,1990,NOx_AWB,4.17170719943685e-07
South Africa,Root_Tuber,Root_TuberAEZ06,Root_TuberAEZ06,1990,NOx_AWB,2.34359729314801e-06
South Africa,Root_Tuber,Root_TuberAEZ07,Root_TuberAEZ07,1990,NOx_AWB,2.35391904291982e-05
South Africa,Root_Tuber,Root_TuberAEZ08,Root_TuberAEZ08,1990,NOx_AWB,1.75604769010099e-05
South Africa,Root_Tuber,Root_TuberAEZ09,Root_TuberAEZ09,1990,NOx_AWB,2.15231486641768e-05
South Africa,Root_Tuber,Root_TuberAEZ10,Root_TuberAEZ10,1990,NOx_AWB,2.72779242297771e-05
South Africa,Root_Tuber,Root_TuberAEZ11,Root_TuberAEZ11,1990,NOx_AWB,4.63578587134734e-07
South Africa,SugarCrop,SugarCropAEZ01,SugarCropAEZ01,1990,NOx_AWB,0
South Africa,SugarCrop,SugarCropAEZ02,SugarCropAEZ02,1990,NOx_AWB,3.7683301511851e-05
South Africa,SugarCrop,SugarCropAEZ03,SugarCropAEZ03,1990,NOx_AWB,7.33370635857555e-05
South Africa,SugarCrop,SugarCropAEZ04,SugarCropAEZ04,1990,NOx_AWB,1.48959980231584e-05
South Africa,SugarCrop,SugarCropAEZ05,SugarCropAEZ05,1990,NOx_AWB,0.000119450293103755
South Africa,SugarCrop,SugarCropAEZ06,SugarCropAEZ06,1990,NOx_AWB,0.000687010970930049
South Africa,SugarCrop,SugarCropAEZ07,SugarCropAEZ07,1990,NOx_AWB,3.44813164406669e-07
South Africa,SugarCrop,SugarCropAEZ08,SugarCropAEZ08,1990,NOx_AWB,0
South Africa,SugarCrop,SugarCropAEZ09,SugarCropAEZ09,1990,NOx_AWB,0
South Africa,SugarCrop,SugarCropAEZ10,SugarCropAEZ10,1990,NOx_AWB,0.00024829904118877
South Africa,SugarCrop,SugarCropAEZ11,SugarCropAEZ11,1990,NOx_AWB,0.000147639361409084
South Africa,Wheat,WheatAEZ01,WheatAEZ01,1990,NOx_AWB,1.60866487901761e-06
South Africa,Wheat,WheatAEZ02,WheatAEZ02,1990,NOx_AWB,1.63502503989986e-05
South Africa,Wheat,WheatAEZ03,WheatAEZ03,1990,NOx_AWB,1.82725914765498e-05
South Africa,Wheat,WheatAEZ04,WheatAEZ04,1990,NOx_AWB,0
South Africa,Wheat,WheatAEZ05,WheatAEZ05,1990,NOx_AWB,7.97456525697723e-08
South Africa,Wheat,WheatAEZ06,WheatAEZ06,1990,NOx_AWB,0
South Africa,Wheat,WheatAEZ07,WheatAEZ07,1990,NOx_AWB,2.61643468150199e-05
South Africa,Wheat,WheatAEZ08,WheatAEZ08,1990,NOx_AWB,2.09575610815817e-05
South Africa,Wheat,WheatAEZ09,WheatAEZ09,1990,NOx_AWB,4.37083903803696e-05
South Africa,Wheat,WheatAEZ10,WheatAEZ10,1990,NOx_AWB,3.27654482882345e-05
South Africa,Wheat,WheatAEZ11,WheatAEZ11,1990,NOx_AWB,4.70551666897181e-07
South Africa,Corn,CornAEZ01,CornAEZ01,1990,SO2_AWB,3.84447151377185e-09
South Africa,Corn,CornAEZ02,CornAEZ02,1990,SO2_AWB,6.76130440200933e-08
South Africa,Corn,CornAEZ03,CornAEZ03,1990,SO2_AWB,3.53548434142231e-07
South Africa,Corn,CornAEZ04,CornAEZ04,1990,SO2_AWB,7.12092424224079e-08
South Africa,Corn,CornAEZ05,CornAEZ05,1990,SO2_AWB,3.59243668850501e-08
South Africa,Corn,CornAEZ06,CornAEZ06,1990,SO2_AWB,7.65583994601607e-08
South Africa,Corn,CornAEZ07,CornAEZ07,1990,SO2_AWB,5.23042982648328e-06
South Africa,Corn,CornAEZ08,CornAEZ08,1990,SO2_AWB,1.28643389809874e-05
South Africa,Corn,CornAEZ09,CornAEZ09,1990,SO2_AWB,1.36285537117621e-05
South Africa,Corn,CornAEZ10,CornAEZ10,1990,SO2_AWB,2.86363774090816e-05
South Africa,Corn,CornAEZ11,CornAEZ11,1990,SO2_AWB,6.08953754982793e-07
South Africa,FiberCrop,FiberCropAEZ01,FiberCropAEZ01,1990,SO2_AWB,1.23826947182824e-08
South Africa,FiberCrop,FiberCropAEZ02,FiberCropAEZ02,1990,SO2_AWB,1.24286700699592e-08
South Africa,FiberCrop,FiberCropAEZ03,FiberCropAEZ03,1990,SO2_AWB,5.80975194022382e-08
South Africa,FiberCrop,FiberCropAEZ04,FiberCropAEZ04,1990,SO2_AWB,4.22973235426478e-09
South Africa,FiberCrop,FiberCropAEZ05,FiberCropAEZ05,1990,SO2_AWB,3.15697414847298e-09
South Africa,FiberCrop,FiberCropAEZ06,FiberCropAEZ06,1990,SO2_AWB,1.68423038309311e-08
South Africa,FiberCrop,FiberCropAEZ07,FiberCropAEZ07,1990,SO2_AWB,3.26624223429147e-07
South Africa,FiberCrop,FiberCropAEZ08,FiberCropAEZ08,1990,SO2_AWB,4.39830864374634e-08
South Africa,FiberCrop,FiberCropAEZ09,FiberCropAEZ09,1990,SO2_AWB,3.07115349200963e-07
South Africa,FiberCrop,FiberCropAEZ10,FiberCropAEZ10,1990,SO2_AWB,2.8972134114991e-07
South Africa,FiberCrop,FiberCropAEZ11,FiberCropAEZ11,1990,SO2_AWB,5.13391427057498e-09
South Africa,FodderGrass,FodderGrassAEZ01,FodderGrassAEZ01,1990,SO2_AWB,0
South Africa,FodderGrass,FodderGrassAEZ02,FodderGrassAEZ02,1990,SO2_AWB,0
South Africa,FodderGrass,FodderGrassAEZ03,FodderGrassAEZ03,1990,SO2_AWB,0
South Africa,FodderGrass,FodderGrassAEZ04,FodderGrassAEZ04,1990,SO2_AWB,0
South Africa,FodderGrass,FodderGrassAEZ05,FodderGrassAEZ05,1990,SO2_AWB,0
South Africa,FodderGrass,FodderGrassAEZ06,FodderGrassAEZ06,1990,SO2_AWB,0
South Africa,FodderGrass,FodderGrassAEZ07,FodderGrassAEZ07,1990,SO2_AWB,0
South Africa,FodderGrass,FodderGrassAEZ08,FodderGrassAEZ08,1990,SO2_AWB,0
South Africa,FodderGrass,FodderGrassAEZ09,FodderGrassAEZ09,1990,SO2_AWB,0
South Africa,FodderGrass,FodderGrassAEZ10,FodderGrassAEZ10,1990,SO2_AWB,0
South Africa,FodderGrass,FodderGrassAEZ11,FodderGrassAEZ11,1990,SO2_AWB,0
South Africa,FodderHerb,FodderHerbAEZ01,FodderHerbAEZ01,1990,SO2_AWB,1.31322761933046e-07
South Africa,FodderHerb,FodderHerbAEZ02,FodderHerbAEZ02,1990,SO2_AWB,6.09420365517973e-09
South Africa,FodderHerb,FodderHerbAEZ03,FodderHerbAEZ03,1990,SO2_AWB,5.94137447440699e-07
South Africa,FodderHerb,FodderHerbAEZ04,FodderHerbAEZ04,1990,SO2_AWB,7.35536763932309e-07
South Africa,FodderHerb,FodderHerbAEZ05,FodderHerbAEZ05,1990,SO2_AWB,6.40830942773241e-07
South Africa,FodderHerb,FodderHerbAEZ06,FodderHerbAEZ06,1990,SO2_AWB,1.95941146234396e-06
South Africa,FodderHerb,FodderHerbAEZ07,FodderHerbAEZ07,1990,SO2_AWB,2.31445356103359e-05
South Africa,FodderHerb,FodderHerbAEZ08,FodderHerbAEZ08,1990,SO2_AWB,6.46219184222824e-06
South Africa,FodderHerb,FodderHerbAEZ09,FodderHerbAEZ09,1990,SO2_AWB,5.92685009935894e-06
South Africa,FodderHerb,FodderHerbAEZ10,FodderHerbAEZ10,1990,SO2_AWB,5.57142959113541e-06
South Africa,FodderHerb,FodderHerbAEZ11,FodderHerbAEZ11,1990,SO2_AWB,2.01351799182567e-06
South Africa,MiscCrop,MiscCropAEZ01,MiscCropAEZ01,1990,SO2_AWB,1.97029879989144e-07
South Africa,MiscCrop,MiscCropAEZ02,MiscCropAEZ02,1990,SO2_AWB,2.59546418564318e-07
South Africa,MiscCrop,MiscCropAEZ03,MiscCropAEZ03,1990,SO2_AWB,8.65981027091114e-07
South Africa,MiscCrop,MiscCropAEZ04,MiscCropAEZ04,1990,SO2_AWB,3.92620791295417e-07
South Africa,MiscCrop,MiscCropAEZ05,MiscCropAEZ05,1990,SO2_AWB,3.06065011194627e-07
South Africa,MiscCrop,MiscCropAEZ06,MiscCropAEZ06,1990,SO2_AWB,1.16742682789198e-06
South Africa,MiscCrop,MiscCropAEZ07,MiscCropAEZ07,1990,SO2_AWB,2.01098654631267e-05
South Africa,MiscCrop,MiscCropAEZ08,MiscCropAEZ08,1990,SO2_AWB,2.40968002729329e-06
South Africa,MiscCrop,MiscCropAEZ09,MiscCropAEZ09,1990,SO2_AWB,6.60417700047324e-06
South Africa,MiscCrop,MiscCropAEZ10,MiscCropAEZ10,1990,SO2_AWB,7.88589905517619e-06
South Africa,MiscCrop,MiscCropAEZ11,MiscCropAEZ11,1990,SO2_AWB,1.23297850209237e-06
South Africa,OilCrop,OilCropAEZ01,OilCropAEZ01,1990,SO2_AWB,4.81487426320736e-08
South Africa,OilCrop,OilCropAEZ02,OilCropAEZ02,1990,SO2_AWB,1.33222273243825e-07
South Africa,OilCrop,OilCropAEZ03,OilCropAEZ03,1990,SO2_AWB,3.38938281846033e-07
South Africa,OilCrop,OilCropAEZ04,OilCropAEZ04,1990,SO2_AWB,1.12835460336477e-07
South Africa,OilCrop,OilCropAEZ05,OilCropAEZ05,1990,SO2_AWB,8.61177465584674e-08
South Africa,OilCrop,OilCropAEZ06,OilCropAEZ06,1990,SO2_AWB,2.38912234929217e-07
South Africa,OilCrop,OilCropAEZ07,OilCropAEZ07,1990,SO2_AWB,9.24945710623907e-07
South Africa,OilCrop,OilCropAEZ08,OilCropAEZ08,1990,SO2_AWB,9.07423657696026e-07
South Africa,OilCrop,OilCropAEZ09,OilCropAEZ09,1990,SO2_AWB,1.21405685038425e-06
South Africa,OilCrop,OilCropAEZ10,OilCropAEZ10,1990,SO2_AWB,1.24508810542906e-06
South Africa,OilCrop,OilCropAEZ11,OilCropAEZ11,1990,SO2_AWB,1.39536772816898e-07
South Africa,OtherGrain,OtherGrainAEZ01,OtherGrainAEZ01,1990,SO2_AWB,1.22775232281426e-08
South Africa,OtherGrain,OtherGrainAEZ02,OtherGrainAEZ02,1990,SO2_AWB,1.18511444161234e-08
South Africa,OtherGrain,OtherGrainAEZ03,OtherGrainAEZ03,1990,SO2_AWB,3.28311685254783e-08
South Africa,OtherGrain,OtherGrainAEZ04,OtherGrainAEZ04,1990,SO2_AWB,7.8825416273293e-09
South Africa,OtherGrain,OtherGrainAEZ05,OtherGrainAEZ05,1990,SO2_AWB,5.12747853428218e-09
South Africa,OtherGrain,OtherGrainAEZ06,OtherGrainAEZ06,1990,SO2_AWB,1.99960730046952e-08
South Africa,OtherGrain,OtherGrainAEZ07,OtherGrainAEZ07,1990,SO2_AWB,1.50660406587481e-06
South Africa,OtherGrain,OtherGrainAEZ08,OtherGrainAEZ08,1990,SO2_AWB,2.49311344340662e-07
South Africa,OtherGrain,OtherGrainAEZ09,OtherGrainAEZ09,1990,SO2_AWB,1.39934246267685e-06
South Africa,OtherGrain,OtherGrainAEZ10,OtherGrainAEZ10,1990,SO2_AWB,1.57553530715125e-06
South Africa,OtherGrain,OtherGrainAEZ11,OtherGrainAEZ11,1990,SO2_AWB,1.92635760712264e-08
South Africa,PalmFruit,PalmFruitAEZ01,PalmFruitAEZ01,1990,SO2_AWB,0
South Africa,PalmFruit,PalmFruitAEZ02,PalmFruitAEZ02,1990,SO2_AWB,0
South Africa,PalmFruit,PalmFruitAEZ03,PalmFruitAEZ03,1990,SO2_AWB,0
South Africa,PalmFruit,PalmFruitAEZ04,PalmFruitAEZ04,1990,SO2_AWB,0
South Africa,PalmFruit,PalmFruitAEZ05,PalmFruitAEZ05,1990,SO2_AWB,0
South Africa,PalmFruit,PalmFruitAEZ06,PalmFruitAEZ06,1990,SO2_AWB,0
South Africa,PalmFruit,PalmFruitAEZ07,PalmFruitAEZ07,1990,SO2_AWB,0
South Africa,PalmFruit,PalmFruitAEZ08,PalmFruitAEZ08,1990,SO2_AWB,0
South Africa,PalmFruit,PalmFruitAEZ09,PalmFruitAEZ09,1990,SO2_AWB,0
South Africa,PalmFruit,PalmFruitAEZ10,PalmFruitAEZ10,1990,SO2_AWB,0
South Africa,PalmFruit,PalmFruitAEZ11,PalmFruitAEZ11,1990,SO2_AWB,0
South Africa,Rice,RiceAEZ01,RiceAEZ01,1990,SO2_AWB,0
South Africa,Rice,RiceAEZ02,RiceAEZ02,1990,SO2_AWB,0
South Africa,Rice,RiceAEZ03,RiceAEZ03,1990,SO2_AWB,0
South Africa,Rice,RiceAEZ04,RiceAEZ04,1990,SO2_AWB,0
South Africa,Rice,RiceAEZ05,RiceAEZ05,1990,SO2_AWB,0
South Africa,Rice,RiceAEZ06,RiceAEZ06,1990,SO2_AWB,0
South Africa,Rice,RiceAEZ07,RiceAEZ07,1990,SO2_AWB,0
South Africa,Rice,RiceAEZ08,RiceAEZ08,1990,SO2_AWB,0
South Africa,Rice,RiceAEZ09,RiceAEZ09,1990,SO2_AWB,0
South Africa,Rice,RiceAEZ10,RiceAEZ10,1990,SO2_AWB,0
South Africa,Rice,RiceAEZ11,RiceAEZ11,1990,SO2_AWB,0
South Africa,Root_Tuber,Root_TuberAEZ01,Root_TuberAEZ01,1990,SO2_AWB,7.00390337061178e-09
South Africa,Root_Tuber,Root_TuberAEZ02,Root_TuberAEZ02,1990,SO2_AWB,1.04863455757767e-08
South Africa,Root_Tuber,Root_TuberAEZ03,Root_TuberAEZ03,1990,SO2_AWB,1.12433134052467e-07
South Africa,Root_Tuber,Root_TuberAEZ04,Root_TuberAEZ04,1990,SO2_AWB,5.68603798708861e-08
South Africa,Root_Tuber,Root_TuberAEZ05,Root_TuberAEZ05,1990,SO2_AWB,4.06870208340137e-08
South Africa,Root_Tuber,Root_TuberAEZ06,Root_TuberAEZ06,1990,SO2_AWB,2.2857306933172e-07
South Africa,Root_Tuber,Root_TuberAEZ07,Root_TuberAEZ07,1990,SO2_AWB,2.29579758506995e-06
South Africa,Root_Tuber,Root_TuberAEZ08,Root_TuberAEZ08,1990,SO2_AWB,1.71268848787628e-06
South Africa,Root_Tuber,Root_TuberAEZ09,Root_TuberAEZ09,1990,SO2_AWB,2.09917128946909e-06
South Africa,Root_Tuber,Root_TuberAEZ10,Root_TuberAEZ10,1990,SO2_AWB,2.66043952364493e-06
South Africa,Root_Tuber,Root_TuberAEZ11,Root_TuberAEZ11,1990,SO2_AWB,4.5213220226721e-08
South Africa,SugarCrop,SugarCropAEZ01,SugarCropAEZ01,1990,SO2_AWB,0
South Africa,SugarCrop,SugarCropAEZ02,SugarCropAEZ02,1990,SO2_AWB,3.67528496226695e-06
South Africa,SugarCrop,SugarCropAEZ03,SugarCropAEZ03,1990,SO2_AWB,7.15262718922801e-06
South Africa,SugarCrop,SugarCropAEZ04,SugarCropAEZ04,1990,SO2_AWB,1.45281956028335e-06
South Africa,SugarCrop,SugarCropAEZ05,SugarCropAEZ05,1990,SO2_AWB,1.16500903150576e-05
South Africa,SugarCrop,SugarCropAEZ06,SugarCropAEZ06,1990,SO2_AWB,6.70047737079924e-05
South Africa,SugarCrop,SugarCropAEZ07,SugarCropAEZ07,1990,SO2_AWB,3.36299259112677e-08
South Africa,SugarCrop,SugarCropAEZ08,SugarCropAEZ08,1990,SO2_AWB,0
South Africa,SugarCrop,SugarCropAEZ09,SugarCropAEZ09,1990,SO2_AWB,0
South Africa,SugarCrop,SugarCropAEZ10,SugarCropAEZ10,1990,SO2_AWB,2.42168200665591e-05
South Africa,SugarCrop,SugarCropAEZ11,SugarCropAEZ11,1990,SO2_AWB,1.43993945077995e-05
South Africa,Wheat,WheatAEZ01,WheatAEZ01,1990,SO2_AWB,1.56894475854804e-07
South Africa,Wheat,WheatAEZ02,WheatAEZ02,1990,SO2_AWB,1.59465405126036e-06
South Africa,Wheat,WheatAEZ03,WheatAEZ03,1990,SO2_AWB,1.78214163783634e-06
South Africa,Wheat,WheatAEZ04,WheatAEZ04,1990,SO2_AWB,0
South Africa,Wheat,WheatAEZ05,WheatAEZ05,1990,SO2_AWB,7.77766241112594e-09
South Africa,Wheat,WheatAEZ06,WheatAEZ06,1990,SO2_AWB,0
South Africa,Wheat,WheatAEZ07,WheatAEZ07,1990,SO2_AWB,2.5518313560328e-06
South Africa,Wheat,WheatAEZ08,WheatAEZ08,1990,SO2_AWB,2.0440090437592e-06
South Africa,Wheat,WheatAEZ09,WheatAEZ09,1990,SO2_AWB,4.26291708648049e-06
South Africa,Wheat,WheatAEZ10,WheatAEZ10,1990,SO2_AWB,3.19564248737101e-06
South Africa,Wheat,WheatAEZ11,WheatAEZ11,1990,SO2_AWB,4.58933107220708e-08
South America_Northern,Corn,CornAEZ01,CornAEZ01,1990,CH4_AWB,2.57406360114049e-07
South America_Northern,Corn,CornAEZ02,CornAEZ02,1990,CH4_AWB,1.53581689503454e-06
South America_Northern,Corn,CornAEZ03,CornAEZ03,1990,CH4_AWB,2.36117112285067e-07
South America_Northern,Corn,CornAEZ04,CornAEZ04,1990,CH4_AWB,0.000115310659674822
South America_Northern,Corn,CornAEZ05,CornAEZ05,1990,CH4_AWB,0.000118899921292271
South America_Northern,Corn,CornAEZ06,CornAEZ06,1990,CH4_AWB,1.52823370014669e-05
South America_Northern,FiberCrop,FiberCropAEZ01,FiberCropAEZ01,1990,CH4_AWB,0
South America_Northern,FiberCrop,FiberCropAEZ02,FiberCropAEZ02,1990,CH4_AWB,0
South America_Northern,FiberCrop,FiberCropAEZ03,FiberCropAEZ03,1990,CH4_AWB,0
South America_Northern,FiberCrop,FiberCropAEZ04,FiberCropAEZ04,1990,CH4_AWB,6.61608168749072e-06
South America_Northern,FiberCrop,FiberCropAEZ05,FiberCropAEZ05,1990,CH4_AWB,1.37718334351898e-05
South America_Northern,FiberCrop,FiberCropAEZ06,FiberCropAEZ06,1990,CH4_AWB,9.29052255548522e-07
South America_Northern,FodderGrass,FodderGrassAEZ01,FodderGrassAEZ01,1990,CH4_AWB,0
South America_Northern,FodderGrass,FodderGrassAEZ02,FodderGrassAEZ02,1990,CH4_AWB,0
South America_Northern,FodderGrass,FodderGrassAEZ03,FodderGrassAEZ03,1990,CH4_AWB,0
South America_Northern,FodderGrass,FodderGrassAEZ04,FodderGrassAEZ04,1990,CH4_AWB,0
South America_Northern,FodderGrass,FodderGrassAEZ05,FodderGrassAEZ05,1990,CH4_AWB,0
South America_Northern,FodderGrass,FodderGrassAEZ06,FodderGrassAEZ06,1990,CH4_AWB,0
South America_Northern,FodderHerb,FodderHerbAEZ01,FodderHerbAEZ01,1990,CH4_AWB,0
South America_Northern,FodderHerb,FodderHerbAEZ02,FodderHerbAEZ02,1990,CH4_AWB,0
South America_Northern,FodderHerb,FodderHerbAEZ03,FodderHerbAEZ03,1990,CH4_AWB,0
South America_Northern,FodderHerb,FodderHerbAEZ04,FodderHerbAEZ04,1990,CH4_AWB,0
South America_Northern,FodderHerb,FodderHerbAEZ05,FodderHerbAEZ05,1990,CH4_AWB,0
South America_Northern,FodderHerb,FodderHerbAEZ06,FodderHerbAEZ06,1990,CH4_AWB,0
South America_Northern,MiscCrop,MiscCropAEZ01,MiscCropAEZ01,1990,CH4_AWB,5.64963557326327e-09
South America_Northern,MiscCrop,MiscCropAEZ02,MiscCropAEZ02,1990,CH4_AWB,6.10866846359094e-07
South America_Northern,MiscCrop,MiscCropAEZ03,MiscCropAEZ03,1990,CH4_AWB,4.99639646010473e-07
South America_Northern,MiscCrop,MiscCropAEZ04,MiscCropAEZ04,1990,CH4_AWB,0.000179777406679034
South America_Northern,MiscCrop,MiscCropAEZ05,MiscCropAEZ05,1990,CH4_AWB,0.000595885778329917
South America_Northern,MiscCrop,MiscCropAEZ06,MiscCropAEZ06,1990,CH4_AWB,7.76842546434869e-05
South America_Northern,OilCrop,OilCropAEZ01,OilCropAEZ01,1990,CH4_AWB,0
South America_Northern,OilCrop,OilCropAEZ02,OilCropAEZ02,1990,CH4_AWB,3.93799997376788e-08
South America_Northern,OilCrop,OilCropAEZ03,OilCropAEZ03,1990,CH4_AWB,0
South America_Northern,OilCrop,OilCropAEZ04,OilCropAEZ04,1990,CH4_AWB,1.1330188495955e-05
South America_Northern,OilCrop,OilCropAEZ05,OilCropAEZ05,1990,CH4_AWB,1.87711332082936e-05
South America_Northern,OilCrop,OilCropAEZ06,OilCropAEZ06,1990,CH4_AWB,3.30229426371677e-06
South America_Northern,OtherGrain,OtherGrainAEZ01,OtherGrainAEZ01,1990,CH4_AWB,1.75920098063133e-08
South America_Northern,OtherGrain,OtherGrainAEZ02,OtherGrainAEZ02,1990,CH4_AWB,3.11671773735185e-07
South America_Northern,OtherGrain,OtherGrainAEZ03,OtherGrainAEZ03,1990,CH4_AWB,3.10792173244868e-08
South America_Northern,OtherGrain,OtherGrainAEZ04,OtherGrainAEZ04,1990,CH4_AWB,8.0798048639253e-05
South America_Northern,OtherGrain,OtherGrainAEZ05,OtherGrainAEZ05,1990,CH4_AWB,5.86110058715307e-05
South America_Northern,OtherGrain,OtherGrainAEZ06,OtherGrainAEZ06,1990,CH4_AWB,4.40533245566428e-06
South America_Northern,PalmFruit,PalmFruitAEZ01,PalmFruitAEZ01,1990,CH4_AWB,0
South America_Northern,PalmFruit,PalmFruitAEZ02,PalmFruitAEZ02,1990,CH4_AWB,0
South America_Northern,PalmFruit,PalmFruitAEZ03,PalmFruitAEZ03,1990,CH4_AWB,0
South America_Northern,PalmFruit,PalmFruitAEZ04,PalmFruitAEZ04,1990,CH4_AWB,2.04485613863049e-05
South America_Northern,PalmFruit,PalmFruitAEZ05,PalmFruitAEZ05,1990,CH4_AWB,3.6234875901473e-05
South America_Northern,PalmFruit,PalmFruitAEZ06,PalmFruitAEZ06,1990,CH4_AWB,1.03002443820683e-05
South America_Northern,Rice,RiceAEZ01,RiceAEZ01,1990,CH4_AWB,0
South America_Northern,Rice,RiceAEZ02,RiceAEZ02,1990,CH4_AWB,0
South America_Northern,Rice,RiceAEZ03,RiceAEZ03,1990,CH4_AWB,0
South America_Northern,Rice,RiceAEZ04,RiceAEZ04,1990,CH4_AWB,2.3718895057107e-05
South America_Northern,Rice,RiceAEZ05,RiceAEZ05,1990,CH4_AWB,0.000101606904967106
South America_Northern,Rice,RiceAEZ06,RiceAEZ06,1990,CH4_AWB,0.000123368990282236
South America_Northern,Root_Tuber,Root_TuberAEZ01,Root_TuberAEZ01,1990,CH4_AWB,0
South America_Northern,Root_Tuber,Root_TuberAEZ02,Root_TuberAEZ02,1990,CH4_AWB,4.83759205489005e-07
South America_Northern,Root_Tuber,Root_TuberAEZ03,Root_TuberAEZ03,1990,CH4_AWB,8.62254943241749e-07
South America_Northern,Root_Tuber,Root_TuberAEZ04,Root_TuberAEZ04,1990,CH4_AWB,3.0345533577448e-05
South America_Northern,Root_Tuber,Root_TuberAEZ05,Root_TuberAEZ05,1990,CH4_AWB,0.000109375307796392
South America_Northern,Root_Tuber,Root_TuberAEZ06,Root_TuberAEZ06,1990,CH4_AWB,4.31036922401315e-05
South America_Northern,SugarCrop,SugarCropAEZ01,SugarCropAEZ01,1990,CH4_AWB,0
South America_Northern,SugarCrop,SugarCropAEZ02,SugarCropAEZ02,1990,CH4_AWB,8.39915140820148e-06
South America_Northern,SugarCrop,SugarCropAEZ03,SugarCropAEZ03,1990,CH4_AWB,9.69803332680614e-06
South America_Northern,SugarCrop,SugarCropAEZ04,SugarCropAEZ04,1990,CH4_AWB,0.000756419287108242
South America_Northern,SugarCrop,SugarCropAEZ05,SugarCropAEZ05,1990,CH4_AWB,0.00107153744552132
South America_Northern,SugarCrop,SugarCropAEZ06,SugarCropAEZ06,1990,CH4_AWB,0.000703276515466813
South America_Northern,Wheat,WheatAEZ01,WheatAEZ01,1990,CH4_AWB,0
South America_Northern,Wheat,WheatAEZ02,WheatAEZ02,1990,CH4_AWB,0
South America_Northern,Wheat,WheatAEZ03,WheatAEZ03,1990,CH4_AWB,0
South America_Northern,Wheat,WheatAEZ04,WheatAEZ04,1990,CH4_AWB,0
South America_Northern,Wheat,WheatAEZ05,WheatAEZ05,1990,CH4_AWB,0
South America_Northern,Wheat,WheatAEZ06,WheatAEZ06,1990,CH4_AWB,0
South America_Northern,Corn,CornAEZ01,CornAEZ01,1990,CO_AWB,9.33794910669357e-06
South America_Northern,Corn,CornAEZ02,CornAEZ02,1990,CO_AWB,5.57149403638605e-05
South America_Northern,Corn,CornAEZ03,CornAEZ03,1990,CO_AWB,8.5656375264407e-06
South America_Northern,Corn,CornAEZ04,CornAEZ04,1990,CO_AWB,0.00418313312470474
South America_Northern,Corn,CornAEZ05,CornAEZ05,1990,CO_AWB,0.00431334102749118
South America_Northern,Corn,CornAEZ06,CornAEZ06,1990,CO_AWB,0.000554398442555225
South America_Northern,FiberCrop,FiberCropAEZ01,FiberCropAEZ01,1990,CO_AWB,0
South America_Northern,FiberCrop,FiberCropAEZ02,FiberCropAEZ02,1990,CO_AWB,0
South America_Northern,FiberCrop,FiberCropAEZ03,FiberCropAEZ03,1990,CO_AWB,0
South America_Northern,FiberCrop,FiberCropAEZ04,FiberCropAEZ04,1990,CO_AWB,0.000240012072957881
South America_Northern,FiberCrop,FiberCropAEZ05,FiberCropAEZ05,1990,CO_AWB,0.000499601795645937
South America_Northern,FiberCrop,FiberCropAEZ06,FiberCropAEZ06,1990,CO_AWB,3.37032957380197e-05
South America_Northern,FodderGrass,FodderGrassAEZ01,FodderGrassAEZ01,1990,CO_AWB,0
South America_Northern,FodderGrass,FodderGrassAEZ02,FodderGrassAEZ02,1990,CO_AWB,0
South America_Northern,FodderGrass,FodderGrassAEZ03,FodderGrassAEZ03,1990,CO_AWB,0
South America_Northern,FodderGrass,FodderGrassAEZ04,FodderGrassAEZ04,1990,CO_AWB,0
South America_Northern,FodderGrass,FodderGrassAEZ05,FodderGrassAEZ05,1990,CO_AWB,0
South America_Northern,FodderGrass,FodderGrassAEZ06,FodderGrassAEZ06,1990,CO_AWB,0
South America_Northern,FodderHerb,FodderHerbAEZ01,FodderHerbAEZ01,1990,CO_AWB,0
South America_Northern,FodderHerb,FodderHerbAEZ02,FodderHerbAEZ02,1990,CO_AWB,0
South America_Northern,FodderHerb,FodderHerbAEZ03,FodderHerbAEZ03,1990,CO_AWB,0
South America_Northern,FodderHerb,FodderHerbAEZ04,FodderHerbAEZ04,1990,CO_AWB,0
South America_Northern,FodderHerb,FodderHerbAEZ05,FodderHerbAEZ05,1990,CO_AWB,0
South America_Northern,FodderHerb,FodderHerbAEZ06,FodderHerbAEZ06,1990,CO_AWB,0
South America_Northern,MiscCrop,MiscCropAEZ01,MiscCropAEZ01,1990,CO_AWB,2.04952237509296e-07
South America_Northern,MiscCrop,MiscCropAEZ02,MiscCropAEZ02,1990,CO_AWB,2.21604606806927e-05
South America_Northern,MiscCrop,MiscCropAEZ03,MiscCropAEZ03,1990,CO_AWB,1.81254635047285e-05
South America_Northern,MiscCrop,MiscCropAEZ04,MiscCropAEZ04,1990,CO_AWB,0.00652179795929818
South America_Northern,MiscCrop,MiscCropAEZ05,MiscCropAEZ05,1990,CO_AWB,0.0216169913943924
South America_Northern,MiscCrop,MiscCropAEZ06,MiscCropAEZ06,1990,CO_AWB,0.00281815731332706
South America_Northern,OilCrop,OilCropAEZ01,OilCropAEZ01,1990,CO_AWB,0
South America_Northern,OilCrop,OilCropAEZ02,OilCropAEZ02,1990,CO_AWB,1.42859109312265e-06
South America_Northern,OilCrop,OilCropAEZ03,OilCropAEZ03,1990,CO_AWB,0
South America_Northern,OilCrop,OilCropAEZ04,OilCropAEZ04,1990,CO_AWB,0.000411026065935573
South America_Northern,OilCrop,OilCropAEZ05,OilCropAEZ05,1990,CO_AWB,0.000680961754388462
South America_Northern,OilCrop,OilCropAEZ06,OilCropAEZ06,1990,CO_AWB,0.000119797567380427
South America_Northern,OtherGrain,OtherGrainAEZ01,OtherGrainAEZ01,1990,CO_AWB,6.38186609619991e-07
South America_Northern,OtherGrain,OtherGrainAEZ02,OtherGrainAEZ02,1990,CO_AWB,1.13065394337676e-05
South America_Northern,OtherGrain,OtherGrainAEZ03,OtherGrainAEZ03,1990,CO_AWB,1.12746301032865e-06
South America_Northern,OtherGrain,OtherGrainAEZ04,OtherGrainAEZ04,1990,CO_AWB,0.00293111664288017
South America_Northern,OtherGrain,OtherGrainAEZ05,OtherGrainAEZ05,1990,CO_AWB,0.00212623569082744
South America_Northern,OtherGrain,OtherGrainAEZ06,OtherGrainAEZ06,1990,CO_AWB,0.00015981256349234
South America_Northern,PalmFruit,PalmFruitAEZ01,PalmFruitAEZ01,1990,CO_AWB,0
South America_Northern,PalmFruit,PalmFruitAEZ02,PalmFruitAEZ02,1990,CO_AWB,0
South America_Northern,PalmFruit,PalmFruitAEZ03,PalmFruitAEZ03,1990,CO_AWB,0
South America_Northern,PalmFruit,PalmFruitAEZ04,PalmFruitAEZ04,1990,CO_AWB,0.00074181393748706
South America_Northern,PalmFruit,PalmFruitAEZ05,PalmFruitAEZ05,1990,CO_AWB,0.00131449520868636
South America_Northern,PalmFruit,PalmFruitAEZ06,PalmFruitAEZ06,1990,CO_AWB,0.000373662708969755
South America_Northern,Rice,RiceAEZ01,RiceAEZ01,1990,CO_AWB,0
South America_Northern,Rice,RiceAEZ02,RiceAEZ02,1990,CO_AWB,0
South America_Northern,Rice,RiceAEZ03,RiceAEZ03,1990,CO_AWB,0
South America_Northern,Rice,RiceAEZ04,RiceAEZ04,1990,CO_AWB,0.000860452068131251
South America_Northern,Rice,RiceAEZ05,RiceAEZ05,1990,CO_AWB,0.00368600102596959
South America_Northern,Rice,RiceAEZ06,RiceAEZ06,1990,CO_AWB,0.00447546576583918
South America_Northern,Root_Tuber,Root_TuberAEZ01,Root_TuberAEZ01,1990,CO_AWB,0
South America_Northern,Root_Tuber,Root_TuberAEZ02,Root_TuberAEZ02,1990,CO_AWB,1.75493676176042e-05
South America_Northern,Root_Tuber,Root_TuberAEZ03,Root_TuberAEZ03,1990,CO_AWB,3.12800848177137e-05
South America_Northern,Root_Tuber,Root_TuberAEZ04,Root_TuberAEZ04,1990,CO_AWB,0.00110084711207648
South America_Northern,Root_Tuber,Root_TuberAEZ05,Root_TuberAEZ05,1990,CO_AWB,0.0039678159361685
South America_Northern,Root_Tuber,Root_TuberAEZ06,Root_TuberAEZ06,1990,CO_AWB,0.00156367575482826
South America_Northern,SugarCrop,SugarCropAEZ01,SugarCropAEZ01,1990,CO_AWB,0
South America_Northern,SugarCrop,SugarCropAEZ02,SugarCropAEZ02,1990,CO_AWB,0.000304696621926703
South America_Northern,SugarCrop,SugarCropAEZ03,SugarCropAEZ03,1990,CO_AWB,0.000351816255047504
South America_Northern,SugarCrop,SugarCropAEZ04,SugarCropAEZ04,1990,CO_AWB,0.0274406770804289
South America_Northern,SugarCrop,SugarCropAEZ05,SugarCropAEZ05,1990,CO_AWB,0.038872241259933
South America_Northern,SugarCrop,SugarCropAEZ06,SugarCropAEZ06,1990,CO_AWB,0.0255128129174904
South America_Northern,Wheat,WheatAEZ01,WheatAEZ01,1990,CO_AWB,0
South America_Northern,Wheat,WheatAEZ02,WheatAEZ02,1990,CO_AWB,0
South America_Northern,Wheat,WheatAEZ03,WheatAEZ03,1990,CO_AWB,0
South America_Northern,Wheat,WheatAEZ04,WheatAEZ04,1990,CO_AWB,0
South America_Northern,Wheat,WheatAEZ05,WheatAEZ05,1990,CO_AWB,0
South America_Northern,Wheat,WheatAEZ06,WheatAEZ06,1990,CO_AWB,0
South America_Northern,Corn,CornAEZ01,CornAEZ01,1990,N2O_AWB,6.66604495848509e-09
South America_Northern,Corn,CornAEZ02,CornAEZ02,1990,N2O_AWB,3.97730050872291e-08
South America_Northern,Corn,CornAEZ03,CornAEZ03,1990,N2O_AWB,6.11471793184345e-09
South America_Northern,Corn,CornAEZ04,CornAEZ04,1990,N2O_AWB,2.98619677168959e-06
South America_Northern,Corn,CornAEZ05,CornAEZ05,1990,N2O_AWB,3.07914777452834e-06
South America_Northern,Corn,CornAEZ06,CornAEZ06,1990,N2O_AWB,3.95766233116237e-07
South America_Northern,FiberCrop,FiberCropAEZ01,FiberCropAEZ01,1990,N2O_AWB,0
South America_Northern,FiberCrop,FiberCropAEZ02,FiberCropAEZ02,1990,N2O_AWB,0
South America_Northern,FiberCrop,FiberCropAEZ03,FiberCropAEZ03,1990,N2O_AWB,0
South America_Northern,FiberCrop,FiberCropAEZ04,FiberCropAEZ04,1990,N2O_AWB,1.71336473420013e-07
South America_Northern,FiberCrop,FiberCropAEZ05,FiberCropAEZ05,1990,N2O_AWB,3.56648766561433e-07
South America_Northern,FiberCrop,FiberCropAEZ06,FiberCropAEZ06,1990,N2O_AWB,2.4059639014065e-08
South America_Northern,FodderGrass,FodderGrassAEZ01,FodderGrassAEZ01,1990,N2O_AWB,0
South America_Northern,FodderGrass,FodderGrassAEZ02,FodderGrassAEZ02,1990,N2O_AWB,0
South America_Northern,FodderGrass,FodderGrassAEZ03,FodderGrassAEZ03,1990,N2O_AWB,0
South America_Northern,FodderGrass,FodderGrassAEZ04,FodderGrassAEZ04,1990,N2O_AWB,0
South America_Northern,FodderGrass,FodderGrassAEZ05,FodderGrassAEZ05,1990,N2O_AWB,0
South America_Northern,FodderGrass,FodderGrassAEZ06,FodderGrassAEZ06,1990,N2O_AWB,0
South America_Northern,FodderHerb,FodderHerbAEZ01,FodderHerbAEZ01,1990,N2O_AWB,0
South America_Northern,FodderHerb,FodderHerbAEZ02,FodderHerbAEZ02,1990,N2O_AWB,0
South America_Northern,FodderHerb,FodderHerbAEZ03,FodderHerbAEZ03,1990,N2O_AWB,0
South America_Northern,FodderHerb,FodderHerbAEZ04,FodderHerbAEZ04,1990,N2O_AWB,0
South America_Northern,FodderHerb,FodderHerbAEZ05,FodderHerbAEZ05,1990,N2O_AWB,0
South America_Northern,FodderHerb,FodderHerbAEZ06,FodderHerbAEZ06,1990,N2O_AWB,0
South America_Northern,MiscCrop,MiscCropAEZ01,MiscCropAEZ01,1990,N2O_AWB,1.46308446744452e-10
South America_Northern,MiscCrop,MiscCropAEZ02,MiscCropAEZ02,1990,N2O_AWB,1.5819600804244e-08
South America_Northern,MiscCrop,MiscCropAEZ03,MiscCropAEZ03,1990,N2O_AWB,1.29391532589626e-08
South America_Northern,MiscCrop,MiscCropAEZ04,MiscCropAEZ04,1990,N2O_AWB,4.65569022813315e-06
South America_Northern,MiscCrop,MiscCropAEZ05,MiscCropAEZ05,1990,N2O_AWB,1.54316365248673e-05
South America_Northern,MiscCrop,MiscCropAEZ06,MiscCropAEZ06,1990,N2O_AWB,2.01178686412583e-06
South America_Northern,OilCrop,OilCropAEZ01,OilCropAEZ01,1990,N2O_AWB,0
South America_Northern,OilCrop,OilCropAEZ02,OilCropAEZ02,1990,N2O_AWB,1.01982269824331e-09
South America_Northern,OilCrop,OilCropAEZ03,OilCropAEZ03,1990,N2O_AWB,0
South America_Northern,OilCrop,OilCropAEZ04,OilCropAEZ04,1990,N2O_AWB,2.93417559180289e-07
South America_Northern,OilCrop,OilCropAEZ05,OilCropAEZ05,1990,N2O_AWB,4.86115486162643e-07
South America_Northern,OilCrop,OilCropAEZ06,OilCropAEZ06,1990,N2O_AWB,8.55194176955457e-08
South America_Northern,OtherGrain,OtherGrainAEZ01,OtherGrainAEZ01,1990,N2O_AWB,4.55579762003691e-10
South America_Northern,OtherGrain,OtherGrainAEZ02,OtherGrainAEZ02,1990,N2O_AWB,8.07135478349876e-09
South America_Northern,OtherGrain,OtherGrainAEZ03,OtherGrainAEZ03,1990,N2O_AWB,8.04857579539854e-10
South America_Northern,OtherGrain,OtherGrainAEZ04,OtherGrainAEZ04,1990,N2O_AWB,2.09242469591072e-06
South America_Northern,OtherGrain,OtherGrainAEZ05,OtherGrainAEZ05,1990,N2O_AWB,1.51784750007167e-06
South America_Northern,OtherGrain,OtherGrainAEZ06,OtherGrainAEZ06,1990,N2O_AWB,1.14084765401758e-07
South America_Northern,PalmFruit,PalmFruitAEZ01,PalmFruitAEZ01,1990,N2O_AWB,0
South America_Northern,PalmFruit,PalmFruitAEZ02,PalmFruitAEZ02,1990,N2O_AWB,0
South America_Northern,PalmFruit,PalmFruitAEZ03,PalmFruitAEZ03,1990,N2O_AWB,0
South America_Northern,PalmFruit,PalmFruitAEZ04,PalmFruitAEZ04,1990,N2O_AWB,5.29555794491852e-07
South America_Northern,PalmFruit,PalmFruitAEZ05,PalmFruitAEZ05,1990,N2O_AWB,9.38373518499412e-07
South America_Northern,PalmFruit,PalmFruitAEZ06,PalmFruitAEZ06,1990,N2O_AWB,2.66745126669864e-07
South America_Northern,Rice,RiceAEZ01,RiceAEZ01,1990,N2O_AWB,0
South America_Northern,Rice,RiceAEZ02,RiceAEZ02,1990,N2O_AWB,0
South America_Northern,Rice,RiceAEZ03,RiceAEZ03,1990,N2O_AWB,0
South America_Northern,Rice,RiceAEZ04,RiceAEZ04,1990,N2O_AWB,6.14247529650047e-07
South America_Northern,Rice,RiceAEZ05,RiceAEZ05,1990,N2O_AWB,2.63131103793686e-06
South America_Northern,Rice,RiceAEZ06,RiceAEZ06,1990,N2O_AWB,3.1948831230896e-06
South America_Northern,Root_Tuber,Root_TuberAEZ01,Root_TuberAEZ01,1990,N2O_AWB,0
South America_Northern,Root_Tuber,Root_TuberAEZ02,Root_TuberAEZ02,1990,N2O_AWB,1.25278979565304e-08
South America_Northern,Root_Tuber,Root_TuberAEZ03,Root_TuberAEZ03,1990,N2O_AWB,2.23297909763334e-08
South America_Northern,Root_Tuber,Root_TuberAEZ04,Root_TuberAEZ04,1990,N2O_AWB,7.85857393060766e-07
South America_Northern,Root_Tuber,Root_TuberAEZ05,Root_TuberAEZ05,1990,N2O_AWB,2.83248913816989e-06
South America_Northern,Root_Tuber,Root_TuberAEZ06,Root_TuberAEZ06,1990,N2O_AWB,1.11625505376834e-06
South America_Northern,SugarCrop,SugarCropAEZ01,SugarCropAEZ01,1990,N2O_AWB,0
South America_Northern,SugarCrop,SugarCropAEZ02,SugarCropAEZ02,1990,N2O_AWB,2.17512577682181e-07
South America_Northern,SugarCrop,SugarCropAEZ03,SugarCropAEZ03,1990,N2O_AWB,2.51149684633795e-07
South America_Northern,SugarCrop,SugarCropAEZ04,SugarCropAEZ04,1990,N2O_AWB,1.95889680934639e-05
South America_Northern,SugarCrop,SugarCropAEZ05,SugarCropAEZ05,1990,N2O_AWB,2.77495737998881e-05
South America_Northern,SugarCrop,SugarCropAEZ06,SugarCropAEZ06,1990,N2O_AWB,1.82127312948731e-05
South America_Northern,Wheat,WheatAEZ01,WheatAEZ01,1990,N2O_AWB,0
South America_Northern,Wheat,WheatAEZ02,WheatAEZ02,1990,N2O_AWB,0
South America_Northern,Wheat,WheatAEZ03,WheatAEZ03,1990,N2O_AWB,0
South America_Northern,Wheat,WheatAEZ04,WheatAEZ04,1990,N2O_AWB,0
South America_Northern,Wheat,WheatAEZ05,WheatAEZ05,1990,N2O_AWB,0
South America_Northern,Wheat,WheatAEZ06,WheatAEZ06,1990,N2O_AWB,0
South America_Northern,Corn,CornAEZ01,CornAEZ01,1990,NH3_AWB,1.2393470964826e-07
South America_Northern,Corn,CornAEZ02,CornAEZ02,1990,NH3_AWB,7.39457334599906e-07
South America_Northern,Corn,CornAEZ03,CornAEZ03,1990,NH3_AWB,1.13684470504419e-07
South America_Northern,Corn,CornAEZ04,CornAEZ04,1990,NH3_AWB,5.55191919881723e-05
South America_Northern,Corn,CornAEZ05,CornAEZ05,1990,NH3_AWB,5.72473314801919e-05
South America_Northern,Corn,CornAEZ06,CornAEZ06,1990,NH3_AWB,7.35806216359414e-06
South America_Northern,FiberCrop,FiberCropAEZ01,FiberCropAEZ01,1990,NH3_AWB,0
South America_Northern,FiberCrop,FiberCropAEZ02,FiberCropAEZ02,1990,NH3_AWB,0
South America_Northern,FiberCrop,FiberCropAEZ03,FiberCropAEZ03,1990,NH3_AWB,0
South America_Northern,FiberCrop,FiberCropAEZ04,FiberCropAEZ04,1990,NH3_AWB,3.18547747843152e-06
South America_Northern,FiberCrop,FiberCropAEZ05,FiberCropAEZ05,1990,NH3_AWB,6.63079256222815e-06
South America_Northern,FiberCrop,FiberCropAEZ06,FiberCropAEZ06,1990,NH3_AWB,4.47315371261424e-07
South America_Northern,FodderGrass,FodderGrassAEZ01,FodderGrassAEZ01,1990,NH3_AWB,0
South America_Northern,FodderGrass,FodderGrassAEZ02,FodderGrassAEZ02,1990,NH3_AWB,0
South America_Northern,FodderGrass,FodderGrassAEZ03,FodderGrassAEZ03,1990,NH3_AWB,0
South America_Northern,FodderGrass,FodderGrassAEZ04,FodderGrassAEZ04,1990,NH3_AWB,0
South America_Northern,FodderGrass,FodderGrassAEZ05,FodderGrassAEZ05,1990,NH3_AWB,0
South America_Northern,FodderGrass,FodderGrassAEZ06,FodderGrassAEZ06,1990,NH3_AWB,0
South America_Northern,FodderHerb,FodderHerbAEZ01,FodderHerbAEZ01,1990,NH3_AWB,0
South America_Northern,FodderHerb,FodderHerbAEZ02,FodderHerbAEZ02,1990,NH3_AWB,0
South America_Northern,FodderHerb,FodderHerbAEZ03,FodderHerbAEZ03,1990,NH3_AWB,0
South America_Northern,FodderHerb,FodderHerbAEZ04,FodderHerbAEZ04,1990,NH3_AWB,0
South America_Northern,FodderHerb,FodderHerbAEZ05,FodderHerbAEZ05,1990,NH3_AWB,0
South America_Northern,FodderHerb,FodderHerbAEZ06,FodderHerbAEZ06,1990,NH3_AWB,0
South America_Northern,MiscCrop,MiscCropAEZ01,MiscCropAEZ01,1990,NH3_AWB,2.72015790161765e-09
South America_Northern,MiscCrop,MiscCropAEZ02,MiscCropAEZ02,1990,NH3_AWB,2.94117073112409e-07
South America_Northern,MiscCrop,MiscCropAEZ03,MiscCropAEZ03,1990,NH3_AWB,2.40563964424312e-07
South America_Northern,MiscCrop,MiscCropAEZ04,MiscCropAEZ04,1990,NH3_AWB,8.65583145972442e-05
South America_Northern,MiscCrop,MiscCropAEZ05,MiscCropAEZ05,1990,NH3_AWB,0.000286904064406664
South America_Northern,MiscCrop,MiscCropAEZ06,MiscCropAEZ06,1990,NH3_AWB,3.7403021196587e-05
South America_Northern,OilCrop,OilCropAEZ01,OilCropAEZ01,1990,NH3_AWB,0
South America_Northern,OilCrop,OilCropAEZ02,OilCropAEZ02,1990,NH3_AWB,1.89604826830051e-08
South America_Northern,OilCrop,OilCropAEZ03,OilCropAEZ03,1990,NH3_AWB,0
South America_Northern,OilCrop,OilCropAEZ04,OilCropAEZ04,1990,NH3_AWB,5.45520173193889e-06
South America_Northern,OilCrop,OilCropAEZ05,OilCropAEZ05,1990,NH3_AWB,9.0378300788991e-06
South America_Northern,OilCrop,OilCropAEZ06,OilCropAEZ06,1990,NH3_AWB,1.58997190498914e-06
South America_Northern,OtherGrain,OtherGrainAEZ01,OtherGrainAEZ01,1990,NH3_AWB,8.47011171949589e-09
South America_Northern,OtherGrain,OtherGrainAEZ02,OtherGrainAEZ02,1990,NH3_AWB,1.50062145963736e-07
South America_Northern,OtherGrain,OtherGrainAEZ03,OtherGrainAEZ03,1990,NH3_AWB,1.49638640377761e-08
South America_Northern,OtherGrain,OtherGrainAEZ04,OtherGrainAEZ04,1990,NH3_AWB,3.89022349479441e-05
South America_Northern,OtherGrain,OtherGrainAEZ05,OtherGrainAEZ05,1990,NH3_AWB,2.82197300473159e-05
South America_Northern,OtherGrain,OtherGrainAEZ06,OtherGrainAEZ06,1990,NH3_AWB,2.12105714309043e-06
South America_Northern,PalmFruit,PalmFruitAEZ01,PalmFruitAEZ01,1990,NH3_AWB,0
South America_Northern,PalmFruit,PalmFruitAEZ02,PalmFruitAEZ02,1990,NH3_AWB,0
South America_Northern,PalmFruit,PalmFruitAEZ03,PalmFruitAEZ03,1990,NH3_AWB,0
South America_Northern,PalmFruit,PalmFruitAEZ04,PalmFruitAEZ04,1990,NH3_AWB,9.84546969629448e-06
South America_Northern,PalmFruit,PalmFruitAEZ05,PalmFruitAEZ05,1990,NH3_AWB,1.74461843988629e-05
South America_Northern,PalmFruit,PalmFruitAEZ06,PalmFruitAEZ06,1990,NH3_AWB,4.95930946007765e-06
South America_Northern,Rice,RiceAEZ01,RiceAEZ01,1990,NH3_AWB,0
South America_Northern,Rice,RiceAEZ02,RiceAEZ02,1990,NH3_AWB,0
South America_Northern,Rice,RiceAEZ03,RiceAEZ03,1990,NH3_AWB,0
South America_Northern,Rice,RiceAEZ04,RiceAEZ04,1990,NH3_AWB,1.14200533769938e-05
South America_Northern,Rice,RiceAEZ05,RiceAEZ05,1990,NH3_AWB,4.89211776266026e-05
South America_Northern,Rice,RiceAEZ06,RiceAEZ06,1990,NH3_AWB,5.93990761667802e-05
South America_Northern,Root_Tuber,Root_TuberAEZ01,Root_TuberAEZ01,1990,NH3_AWB,0
South America_Northern,Root_Tuber,Root_TuberAEZ02,Root_TuberAEZ02,1990,NH3_AWB,2.32917930409291e-07
South America_Northern,Root_Tuber,Root_TuberAEZ03,Root_TuberAEZ03,1990,NH3_AWB,4.15154139882541e-07
South America_Northern,Root_Tuber,Root_TuberAEZ04,Root_TuberAEZ04,1990,NH3_AWB,1.46106137058006e-05
South America_Northern,Root_Tuber,Root_TuberAEZ05,Root_TuberAEZ05,1990,NH3_AWB,5.26614688480461e-05
South America_Northern,Root_Tuber,Root_TuberAEZ06,Root_TuberAEZ06,1990,NH3_AWB,2.0753347276197e-05
South America_Northern,SugarCrop,SugarCropAEZ01,SugarCropAEZ01,1990,NH3_AWB,0
South America_Northern,SugarCrop,SugarCropAEZ02,SugarCropAEZ02,1990,NH3_AWB,4.04398085037999e-06
South America_Northern,SugarCrop,SugarCropAEZ03,SugarCropAEZ03,1990,NH3_AWB,4.66935993339223e-06
South America_Northern,SugarCrop,SugarCropAEZ04,SugarCropAEZ04,1990,NH3_AWB,0.00036419692457703
South America_Northern,SugarCrop,SugarCropAEZ05,SugarCropAEZ05,1990,NH3_AWB,0.000515918418368076
South America_Northern,SugarCrop,SugarCropAEZ06,SugarCropAEZ06,1990,NH3_AWB,0.000338610012232028
South America_Northern,Wheat,WheatAEZ01,WheatAEZ01,1990,NH3_AWB,0
South America_Northern,Wheat,WheatAEZ02,WheatAEZ02,1990,NH3_AWB,0
South America_Northern,Wheat,WheatAEZ03,WheatAEZ03,1990,NH3_AWB,0
South America_Northern,Wheat,WheatAEZ04,WheatAEZ04,1990,NH3_AWB,0
South America_Northern,Wheat,WheatAEZ05,WheatAEZ05,1990,NH3_AWB,0
South America_Northern,Wheat,WheatAEZ06,WheatAEZ06,1990,NH3_AWB,0
South America_Northern,Corn,CornAEZ01,CornAEZ01,1990,NMVOC_AWB,6.66604495848509e-07
South America_Northern,Corn,CornAEZ02,CornAEZ02,1990,NMVOC_AWB,3.97730050872291e-06
South America_Northern,Corn,CornAEZ03,CornAEZ03,1990,NMVOC_AWB,6.11471793184345e-07
South America_Northern,Corn,CornAEZ04,CornAEZ04,1990,NMVOC_AWB,0.000298619677168959
South America_Northern,Corn,CornAEZ05,CornAEZ05,1990,NMVOC_AWB,0.000307914777452834
South America_Northern,Corn,CornAEZ06,CornAEZ06,1990,NMVOC_AWB,3.95766233116237e-05
South America_Northern,FiberCrop,FiberCropAEZ01,FiberCropAEZ01,1990,NMVOC_AWB,0
South America_Northern,FiberCrop,FiberCropAEZ02,FiberCropAEZ02,1990,NMVOC_AWB,0
South America_Northern,FiberCrop,FiberCropAEZ03,FiberCropAEZ03,1990,NMVOC_AWB,0
South America_Northern,FiberCrop,FiberCropAEZ04,FiberCropAEZ04,1990,NMVOC_AWB,1.71336473420013e-05
South America_Northern,FiberCrop,FiberCropAEZ05,FiberCropAEZ05,1990,NMVOC_AWB,3.56648766561433e-05
South America_Northern,FiberCrop,FiberCropAEZ06,FiberCropAEZ06,1990,NMVOC_AWB,2.4059639014065e-06
South America_Northern,FodderGrass,FodderGrassAEZ01,FodderGrassAEZ01,1990,NMVOC_AWB,0
South America_Northern,FodderGrass,FodderGrassAEZ02,FodderGrassAEZ02,1990,NMVOC_AWB,0
South America_Northern,FodderGrass,FodderGrassAEZ03,FodderGrassAEZ03,1990,NMVOC_AWB,0
South America_Northern,FodderGrass,FodderGrassAEZ04,FodderGrassAEZ04,1990,NMVOC_AWB,0
South America_Northern,FodderGrass,FodderGrassAEZ05,FodderGrassAEZ05,1990,NMVOC_AWB,0
South America_Northern,FodderGrass,FodderGrassAEZ06,FodderGrassAEZ06,1990,NMVOC_AWB,0
South America_Northern,FodderHerb,FodderHerbAEZ01,FodderHerbAEZ01,1990,NMVOC_AWB,0
South America_Northern,FodderHerb,FodderHerbAEZ02,FodderHerbAEZ02,1990,NMVOC_AWB,0
South America_Northern,FodderHerb,FodderHerbAEZ03,FodderHerbAEZ03,1990,NMVOC_AWB,0
South America_Northern,FodderHerb,FodderHerbAEZ04,FodderHerbAEZ04,1990,NMVOC_AWB,0
South America_Northern,FodderHerb,FodderHerbAEZ05,FodderHerbAEZ05,1990,NMVOC_AWB,0
South America_Northern,FodderHerb,FodderHerbAEZ06,FodderHerbAEZ06,1990,NMVOC_AWB,0
South America_Northern,MiscCrop,MiscCropAEZ01,MiscCropAEZ01,1990,NMVOC_AWB,1.46308446744452e-08
South America_Northern,MiscCrop,MiscCropAEZ02,MiscCropAEZ02,1990,NMVOC_AWB,1.5819600804244e-06
South America_Northern,MiscCrop,MiscCropAEZ03,MiscCropAEZ03,1990,NMVOC_AWB,1.29391532589626e-06
South America_Northern,MiscCrop,MiscCropAEZ04,MiscCropAEZ04,1990,NMVOC_AWB,0.000465569022813315
South America_Northern,MiscCrop,MiscCropAEZ05,MiscCropAEZ05,1990,NMVOC_AWB,0.00154316365248673
South America_Northern,MiscCrop,MiscCropAEZ06,MiscCropAEZ06,1990,NMVOC_AWB,0.000201178686412584
South America_Northern,OilCrop,OilCropAEZ01,OilCropAEZ01,1990,NMVOC_AWB,0
South America_Northern,OilCrop,OilCropAEZ02,OilCropAEZ02,1990,NMVOC_AWB,1.01982269824331e-07
South America_Northern,OilCrop,OilCropAEZ03,OilCropAEZ03,1990,NMVOC_AWB,0
South America_Northern,OilCrop,OilCropAEZ04,OilCropAEZ04,1990,NMVOC_AWB,2.93417559180289e-05
South America_Northern,OilCrop,OilCropAEZ05,OilCropAEZ05,1990,NMVOC_AWB,4.86115486162643e-05
South America_Northern,OilCrop,OilCropAEZ06,OilCropAEZ06,1990,NMVOC_AWB,8.55194176955457e-06
South America_Northern,OtherGrain,OtherGrainAEZ01,OtherGrainAEZ01,1990,NMVOC_AWB,4.55579762003691e-08
South America_Northern,OtherGrain,OtherGrainAEZ02,OtherGrainAEZ02,1990,NMVOC_AWB,8.07135478349876e-07
South America_Northern,OtherGrain,OtherGrainAEZ03,OtherGrainAEZ03,1990,NMVOC_AWB,8.04857579539854e-08
South America_Northern,OtherGrain,OtherGrainAEZ04,OtherGrainAEZ04,1990,NMVOC_AWB,0.000209242469591072
South America_Northern,OtherGrain,OtherGrainAEZ05,OtherGrainAEZ05,1990,NMVOC_AWB,0.000151784750007167
South America_Northern,OtherGrain,OtherGrainAEZ06,OtherGrainAEZ06,1990,NMVOC_AWB,1.14084765401758e-05
South America_Northern,PalmFruit,PalmFruitAEZ01,PalmFruitAEZ01,1990,NMVOC_AWB,0
South America_Northern,PalmFruit,PalmFruitAEZ02,PalmFruitAEZ02,1990,NMVOC_AWB,0
South America_Northern,PalmFruit,PalmFruitAEZ03,PalmFruitAEZ03,1990,NMVOC_AWB,0
South America_Northern,PalmFruit,PalmFruitAEZ04,PalmFruitAEZ04,1990,NMVOC_AWB,5.29555794491852e-05
South America_Northern,PalmFruit,PalmFruitAEZ05,PalmFruitAEZ05,1990,NMVOC_AWB,9.38373518499413e-05
South America_Northern,PalmFruit,PalmFruitAEZ06,PalmFruitAEZ06,1990,NMVOC_AWB,2.66745126669864e-05
South America_Northern,Rice,RiceAEZ01,RiceAEZ01,1990,NMVOC_AWB,0
South America_Northern,Rice,RiceAEZ02,RiceAEZ02,1990,NMVOC_AWB,0
South America_Northern,Rice,RiceAEZ03,RiceAEZ03,1990,NMVOC_AWB,0
South America_Northern,Rice,RiceAEZ04,RiceAEZ04,1990,NMVOC_AWB,6.14247529650047e-05
South America_Northern,Rice,RiceAEZ05,RiceAEZ05,1990,NMVOC_AWB,0.000263131103793686
South America_Northern,Rice,RiceAEZ06,RiceAEZ06,1990,NMVOC_AWB,0.00031948831230896
South America_Northern,Root_Tuber,Root_TuberAEZ01,Root_TuberAEZ01,1990,NMVOC_AWB,0
South America_Northern,Root_Tuber,Root_TuberAEZ02,Root_TuberAEZ02,1990,NMVOC_AWB,1.25278979565304e-06
South America_Northern,Root_Tuber,Root_TuberAEZ03,Root_TuberAEZ03,1990,NMVOC_AWB,2.23297909763334e-06
South America_Northern,Root_Tuber,Root_TuberAEZ04,Root_TuberAEZ04,1990,NMVOC_AWB,7.85857393060766e-05
South America_Northern,Root_Tuber,Root_TuberAEZ05,Root_TuberAEZ05,1990,NMVOC_AWB,0.000283248913816989
South America_Northern,Root_Tuber,Root_TuberAEZ06,Root_TuberAEZ06,1990,NMVOC_AWB,0.000111625505376834
South America_Northern,SugarCrop,SugarCropAEZ01,SugarCropAEZ01,1990,NMVOC_AWB,0
South America_Northern,SugarCrop,SugarCropAEZ02,SugarCropAEZ02,1990,NMVOC_AWB,2.17512577682181e-05
South America_Northern,SugarCrop,SugarCropAEZ03,SugarCropAEZ03,1990,NMVOC_AWB,2.51149684633795e-05
South America_Northern,SugarCrop,SugarCropAEZ04,SugarCropAEZ04,1990,NMVOC_AWB,0.00195889680934639
South America_Northern,SugarCrop,SugarCropAEZ05,SugarCropAEZ05,1990,NMVOC_AWB,0.00277495737998881
South America_Northern,SugarCrop,SugarCropAEZ06,SugarCropAEZ06,1990,NMVOC_AWB,0.00182127312948731
South America_Northern,Wheat,WheatAEZ01,WheatAEZ01,1990,NMVOC_AWB,0
South America_Northern,Wheat,WheatAEZ02,WheatAEZ02,1990,NMVOC_AWB,0
South America_Northern,Wheat,WheatAEZ03,WheatAEZ03,1990,NMVOC_AWB,0
South America_Northern,Wheat,WheatAEZ04,WheatAEZ04,1990,NMVOC_AWB,0
South America_Northern,Wheat,WheatAEZ05,WheatAEZ05,1990,NMVOC_AWB,0
South America_Northern,Wheat,WheatAEZ06,WheatAEZ06,1990,NMVOC_AWB,0
South America_Northern,Corn,CornAEZ01,CornAEZ01,1990,NOx_AWB,3.62299703112684e-07
South America_Northern,Corn,CornAEZ02,CornAEZ02,1990,NOx_AWB,2.16166377885893e-06
South America_Northern,Corn,CornAEZ03,CornAEZ03,1990,NOx_AWB,3.32335066013138e-07
South America_Northern,Corn,CornAEZ04,CornAEZ04,1990,NOx_AWB,0.000162299866046067
South America_Northern,Corn,CornAEZ05,CornAEZ05,1990,NOx_AWB,0.000167351755276074
South America_Northern,Corn,CornAEZ06,CornAEZ06,1990,NOx_AWB,2.15099042465239e-05
South America_Northern,FiberCrop,FiberCropAEZ01,FiberCropAEZ01,1990,NOx_AWB,0
South America_Northern,FiberCrop,FiberCropAEZ02,FiberCropAEZ02,1990,NOx_AWB,0
South America_Northern,FiberCrop,FiberCropAEZ03,FiberCropAEZ03,1990,NOx_AWB,0
South America_Northern,FiberCrop,FiberCropAEZ04,FiberCropAEZ04,1990,NOx_AWB,9.31214143304429e-06
South America_Northern,FiberCrop,FiberCropAEZ05,FiberCropAEZ05,1990,NOx_AWB,1.93838690025992e-05
South America_Northern,FiberCrop,FiberCropAEZ06,FiberCropAEZ06,1990,NOx_AWB,1.30764195652456e-06
South America_Northern,FodderGrass,FodderGrassAEZ01,FodderGrassAEZ01,1990,NOx_AWB,0
South America_Northern,FodderGrass,FodderGrassAEZ02,FodderGrassAEZ02,1990,NOx_AWB,0
South America_Northern,FodderGrass,FodderGrassAEZ03,FodderGrassAEZ03,1990,NOx_AWB,0
South America_Northern,FodderGrass,FodderGrassAEZ04,FodderGrassAEZ04,1990,NOx_AWB,0
South America_Northern,FodderGrass,FodderGrassAEZ05,FodderGrassAEZ05,1990,NOx_AWB,0
South America_Northern,FodderGrass,FodderGrassAEZ06,FodderGrassAEZ06,1990,NOx_AWB,0
South America_Northern,FodderHerb,FodderHerbAEZ01,FodderHerbAEZ01,1990,NOx_AWB,0
South America_Northern,FodderHerb,FodderHerbAEZ02,FodderHerbAEZ02,1990,NOx_AWB,0
South America_Northern,FodderHerb,FodderHerbAEZ03,FodderHerbAEZ03,1990,NOx_AWB,0
South America_Northern,FodderHerb,FodderHerbAEZ04,FodderHerbAEZ04,1990,NOx_AWB,0
South America_Northern,FodderHerb,FodderHerbAEZ05,FodderHerbAEZ05,1990,NOx_AWB,0
South America_Northern,FodderHerb,FodderHerbAEZ06,FodderHerbAEZ06,1990,NOx_AWB,0
South America_Northern,MiscCrop,MiscCropAEZ01,MiscCropAEZ01,1990,NOx_AWB,7.95186758392932e-09
South America_Northern,MiscCrop,MiscCropAEZ02,MiscCropAEZ02,1990,NOx_AWB,8.59795682512361e-07
South America_Northern,MiscCrop,MiscCropAEZ03,MiscCropAEZ03,1990,NOx_AWB,7.03243289453753e-07
South America_Northern,MiscCrop,MiscCropAEZ04,MiscCropAEZ04,1990,NOx_AWB,0.000253036875379939
South America_Northern,MiscCrop,MiscCropAEZ05,MiscCropAEZ05,1990,NOx_AWB,0.000838709814638402
South America_Northern,MiscCrop,MiscCropAEZ06,MiscCropAEZ06,1990,NOx_AWB,0.000109340664237648
South America_Northern,OilCrop,OilCropAEZ01,OilCropAEZ01,1990,NOx_AWB,0
South America_Northern,OilCrop,OilCropAEZ02,OilCropAEZ02,1990,NOx_AWB,5.5427388069266e-08
South America_Northern,OilCrop,OilCropAEZ03,OilCropAEZ03,1990,NOx_AWB,0
South America_Northern,OilCrop,OilCropAEZ04,OilCropAEZ04,1990,NOx_AWB,1.59472513673574e-05
South America_Northern,OilCrop,OilCropAEZ05,OilCropAEZ05,1990,NOx_AWB,2.64203883130168e-05
South America_Northern,OilCrop,OilCropAEZ06,OilCropAEZ06,1990,NOx_AWB,4.64798239952272e-06
South America_Northern,OtherGrain,OtherGrainAEZ01,OtherGrainAEZ01,1990,NOx_AWB,2.47607709737971e-08
South America_Northern,OtherGrain,OtherGrainAEZ02,OtherGrainAEZ02,1990,NOx_AWB,4.38678325752442e-07
South America_Northern,OtherGrain,OtherGrainAEZ03,OtherGrainAEZ03,1990,NOx_AWB,4.3744028720375e-08
South America_Northern,OtherGrain,OtherGrainAEZ04,OtherGrainAEZ04,1990,NOx_AWB,0.000113723332326037
South America_Northern,OtherGrain,OtherGrainAEZ05,OtherGrainAEZ05,1990,NOx_AWB,8.24950479738841e-05
South America_Northern,OtherGrain,OtherGrainAEZ06,OtherGrainAEZ06,1990,NOx_AWB,6.20050973135504e-06
South America_Northern,PalmFruit,PalmFruitAEZ01,PalmFruitAEZ01,1990,NOx_AWB,0
South America_Northern,PalmFruit,PalmFruitAEZ02,PalmFruitAEZ02,1990,NOx_AWB,0
South America_Northern,PalmFruit,PalmFruitAEZ03,PalmFruitAEZ03,1990,NOx_AWB,0
South America_Northern,PalmFruit,PalmFruitAEZ04,PalmFruitAEZ04,1990,NOx_AWB,2.87813701108911e-05
South America_Northern,PalmFruit,PalmFruitAEZ05,PalmFruitAEZ05,1990,NOx_AWB,5.10006231998776e-05
South America_Northern,PalmFruit,PalmFruitAEZ06,PalmFruitAEZ06,1990,NOx_AWB,1.44976040217421e-05
South America_Northern,Rice,RiceAEZ01,RiceAEZ01,1990,NOx_AWB,0
South America_Northern,Rice,RiceAEZ02,RiceAEZ02,1990,NOx_AWB,0
South America_Northern,Rice,RiceAEZ03,RiceAEZ03,1990,NOx_AWB,0
South America_Northern,Rice,RiceAEZ04,RiceAEZ04,1990,NOx_AWB,3.338436794469e-05
South America_Northern,Rice,RiceAEZ05,RiceAEZ05,1990,NOx_AWB,0.000143011817918837
South America_Northern,Rice,RiceAEZ06,RiceAEZ06,1990,NOx_AWB,0.000173641974241671
South America_Northern,Root_Tuber,Root_TuberAEZ01,Root_TuberAEZ01,1990,NOx_AWB,0
South America_Northern,Root_Tuber,Root_TuberAEZ02,Root_TuberAEZ02,1990,NOx_AWB,6.80891553919023e-07
South America_Northern,Root_Tuber,Root_TuberAEZ03,Root_TuberAEZ03,1990,NOx_AWB,1.21362467425248e-06
South America_Northern,Root_Tuber,Root_TuberAEZ04,Root_TuberAEZ04,1990,NOx_AWB,4.27113681302754e-05
South America_Northern,Root_Tuber,Root_TuberAEZ05,Root_TuberAEZ05,1990,NOx_AWB,0.00015394585248373
South America_Northern,Root_Tuber,Root_TuberAEZ06,Root_TuberAEZ06,1990,NOx_AWB,6.06684889011327e-05
South America_Northern,SugarCrop,SugarCropAEZ01,SugarCropAEZ01,1990,NOx_AWB,0
South America_Northern,SugarCrop,SugarCropAEZ02,SugarCropAEZ02,1990,NOx_AWB,1.18218138053839e-05
South America_Northern,SugarCrop,SugarCropAEZ03,SugarCropAEZ03,1990,NOx_AWB,1.36499913736475e-05
South America_Northern,SugarCrop,SugarCropAEZ04,SugarCropAEZ04,1990,NOx_AWB,0.00106466088493929
South America_Northern,SugarCrop,SugarCropAEZ05,SugarCropAEZ05,1990,NOx_AWB,0.00150819000048985
South America_Northern,SugarCrop,SugarCropAEZ06,SugarCropAEZ06,1990,NOx_AWB,0.000989862381981768
South America_Northern,Wheat,WheatAEZ01,WheatAEZ01,1990,NOx_AWB,0
South America_Northern,Wheat,WheatAEZ02,WheatAEZ02,1990,NOx_AWB,0
South America_Northern,Wheat,WheatAEZ03,WheatAEZ03,1990,NOx_AWB,0
South America_Northern,Wheat,WheatAEZ04,WheatAEZ04,1990,NOx_AWB,0
South America_Northern,Wheat,WheatAEZ05,WheatAEZ05,1990,NOx_AWB,0
South America_Northern,Wheat,WheatAEZ06,WheatAEZ06,1990,NOx_AWB,0
South America_Northern,Corn,CornAEZ01,CornAEZ01,1990,SO2_AWB,5.01611636143335e-08
South America_Northern,Corn,CornAEZ02,CornAEZ02,1990,SO2_AWB,2.99286942713271e-07
South America_Northern,Corn,CornAEZ03,CornAEZ03,1990,SO2_AWB,4.60124959469825e-08
South America_Northern,Corn,CornAEZ04,CornAEZ04,1990,SO2_AWB,2.24707612658161e-05
South America_Northern,Corn,CornAEZ05,CornAEZ05,1990,SO2_AWB,2.31702060626258e-05
South America_Northern,Corn,CornAEZ06,CornAEZ06,1990,SO2_AWB,2.97809194147463e-06
South America_Northern,FiberCrop,FiberCropAEZ01,FiberCropAEZ01,1990,SO2_AWB,0
South America_Northern,FiberCrop,FiberCropAEZ02,FiberCropAEZ02,1990,SO2_AWB,0
South America_Northern,FiberCrop,FiberCropAEZ03,FiberCropAEZ03,1990,SO2_AWB,0
South America_Northern,FiberCrop,FiberCropAEZ04,FiberCropAEZ04,1990,SO2_AWB,1.28928576537493e-06
South America_Northern,FiberCrop,FiberCropAEZ05,FiberCropAEZ05,1990,SO2_AWB,2.68373784511707e-06
South America_Northern,FiberCrop,FiberCropAEZ06,FiberCropAEZ06,1990,SO2_AWB,1.81045807011866e-07
South America_Northern,FodderGrass,FodderGrassAEZ01,FodderGrassAEZ01,1990,SO2_AWB,0
South America_Northern,FodderGrass,FodderGrassAEZ02,FodderGrassAEZ02,1990,SO2_AWB,0
South America_Northern,FodderGrass,FodderGrassAEZ03,FodderGrassAEZ03,1990,SO2_AWB,0
South America_Northern,FodderGrass,FodderGrassAEZ04,FodderGrassAEZ04,1990,SO2_AWB,0
South America_Northern,FodderGrass,FodderGrassAEZ05,FodderGrassAEZ05,1990,SO2_AWB,0
South America_Northern,FodderGrass,FodderGrassAEZ06,FodderGrassAEZ06,1990,SO2_AWB,0
South America_Northern,FodderHerb,FodderHerbAEZ01,FodderHerbAEZ01,1990,SO2_AWB,0
South America_Northern,FodderHerb,FodderHerbAEZ02,FodderHerbAEZ02,1990,SO2_AWB,0
South America_Northern,FodderHerb,FodderHerbAEZ03,FodderHerbAEZ03,1990,SO2_AWB,0
South America_Northern,FodderHerb,FodderHerbAEZ04,FodderHerbAEZ04,1990,SO2_AWB,0
South America_Northern,FodderHerb,FodderHerbAEZ05,FodderHerbAEZ05,1990,SO2_AWB,0
South America_Northern,FodderHerb,FodderHerbAEZ06,FodderHerbAEZ06,1990,SO2_AWB,0
South America_Northern,MiscCrop,MiscCropAEZ01,MiscCropAEZ01,1990,SO2_AWB,1.10095296101563e-09
South America_Northern,MiscCrop,MiscCropAEZ02,MiscCropAEZ02,1990,SO2_AWB,1.19040538909815e-07
South America_Northern,MiscCrop,MiscCropAEZ03,MiscCropAEZ03,1990,SO2_AWB,9.73655274898203e-08
South America_Northern,MiscCrop,MiscCropAEZ04,MiscCropAEZ04,1990,SO2_AWB,3.50334929820385e-05
South America_Northern,MiscCrop,MiscCropAEZ05,MiscCropAEZ05,1990,SO2_AWB,0.000116121155705003
South America_Northern,MiscCrop,MiscCropAEZ06,MiscCropAEZ06,1990,SO2_AWB,1.51384472617653e-05
South America_Northern,OilCrop,OilCropAEZ01,OilCropAEZ01,1990,SO2_AWB,0
South America_Northern,OilCrop,OilCropAEZ02,OilCropAEZ02,1990,SO2_AWB,7.67403963561313e-09
South America_Northern,OilCrop,OilCropAEZ03,OilCropAEZ03,1990,SO2_AWB,0
South America_Northern,OilCrop,OilCropAEZ04,OilCropAEZ04,1990,SO2_AWB,2.20793083230354e-06
South America_Northern,OilCrop,OilCropAEZ05,OilCropAEZ05,1990,SO2_AWB,3.65795889297559e-06
South America_Northern,OilCrop,OilCropAEZ06,OilCropAEZ06,1990,SO2_AWB,6.43523038014984e-07
South America_Northern,OtherGrain,OtherGrainAEZ01,OtherGrainAEZ01,1990,SO2_AWB,3.42818134644559e-09
South America_Northern,OtherGrain,OtherGrainAEZ02,OtherGrainAEZ02,1990,SO2_AWB,6.07359461878613e-08
South America_Northern,OtherGrain,OtherGrainAEZ03,OtherGrainAEZ03,1990,SO2_AWB,6.05645371205387e-09
South America_Northern,OtherGrain,OtherGrainAEZ04,OtherGrainAEZ04,1990,SO2_AWB,1.57452369697342e-05
South America_Northern,OtherGrain,OtherGrainAEZ05,OtherGrainAEZ05,1990,SO2_AWB,1.1421614655597e-05
South America_Northern,OtherGrain,OtherGrainAEZ06,OtherGrainAEZ06,1990,SO2_AWB,8.5847374550575e-07
South America_Northern,PalmFruit,PalmFruitAEZ01,PalmFruitAEZ01,1990,SO2_AWB,0
South America_Northern,PalmFruit,PalmFruitAEZ02,PalmFruitAEZ02,1990,SO2_AWB,0
South America_Northern,PalmFruit,PalmFruitAEZ03,PalmFruitAEZ03,1990,SO2_AWB,0
South America_Northern,PalmFruit,PalmFruitAEZ04,PalmFruitAEZ04,1990,SO2_AWB,3.98484183887965e-06
South America_Northern,PalmFruit,PalmFruitAEZ05,PalmFruitAEZ05,1990,SO2_AWB,7.06114463462962e-06
South America_Northern,PalmFruit,PalmFruitAEZ06,PalmFruitAEZ06,1990,SO2_AWB,2.00722407747666e-06
South America_Northern,Rice,RiceAEZ01,RiceAEZ01,1990,SO2_AWB,0
South America_Northern,Rice,RiceAEZ02,RiceAEZ02,1990,SO2_AWB,0
South America_Northern,Rice,RiceAEZ03,RiceAEZ03,1990,SO2_AWB,0
South America_Northern,Rice,RiceAEZ04,RiceAEZ04,1990,SO2_AWB,4.62213666819887e-06
South America_Northern,Rice,RiceAEZ05,RiceAEZ05,1990,SO2_AWB,1.98002900244688e-05
South America_Northern,Rice,RiceAEZ06,RiceAEZ06,1990,SO2_AWB,2.40411002422027e-05
South America_Northern,Root_Tuber,Root_TuberAEZ01,Root_TuberAEZ01,1990,SO2_AWB,0
South America_Northern,Root_Tuber,Root_TuberAEZ02,Root_TuberAEZ02,1990,SO2_AWB,9.42708822179936e-08
South America_Northern,Root_Tuber,Root_TuberAEZ03,Root_TuberAEZ03,1990,SO2_AWB,1.68028914538295e-07
South America_Northern,Root_Tuber,Root_TuberAEZ04,Root_TuberAEZ04,1990,SO2_AWB,5.91347965943108e-06
South America_Northern,Root_Tuber,Root_TuberAEZ05,Root_TuberAEZ05,1990,SO2_AWB,2.13141303397167e-05
South America_Northern,Root_Tuber,Root_TuberAEZ06,Root_TuberAEZ06,1990,SO2_AWB,8.39968118068698e-06
South America_Northern,SugarCrop,SugarCropAEZ01,SugarCropAEZ01,1990,SO2_AWB,0
South America_Northern,SugarCrop,SugarCropAEZ02,SugarCropAEZ02,1990,SO2_AWB,1.63675523721202e-06
South America_Northern,SugarCrop,SugarCropAEZ03,SugarCropAEZ03,1990,SO2_AWB,1.88987030556527e-06
South America_Northern,SugarCrop,SugarCropAEZ04,SugarCropAEZ04,1990,SO2_AWB,0.000147404561429106
South America_Northern,SugarCrop,SugarCropAEZ05,SugarCropAEZ05,1990,SO2_AWB,0.00020881210977019
South America_Northern,SugarCrop,SugarCropAEZ06,SugarCropAEZ06,1990,SO2_AWB,0.000137048549782604
South America_Northern,Wheat,WheatAEZ01,WheatAEZ01,1990,SO2_AWB,0
South America_Northern,Wheat,WheatAEZ02,WheatAEZ02,1990,SO2_AWB,0
South America_Northern,Wheat,WheatAEZ03,WheatAEZ03,1990,SO2_AWB,0
South America_Northern,Wheat,WheatAEZ04,WheatAEZ04,1990,SO2_AWB,0
South America_Northern,Wheat,WheatAEZ05,WheatAEZ05,1990,SO2_AWB,0
South America_Northern,Wheat,WheatAEZ06,WheatAEZ06,1990,SO2_AWB,0
South America_Southern,Corn,CornAEZ01,CornAEZ01,1990,CH4_AWB,1.79730965060851e-05
South America_Southern,Corn,CornAEZ02,CornAEZ02,1990,CH4_AWB,3.33355933958948e-06
South America_Southern,Corn,CornAEZ03,CornAEZ03,1990,CH4_AWB,1.07026412666018e-05
South America_Southern,Corn,CornAEZ04,CornAEZ04,1990,CH4_AWB,1.80533370907606e-05
South America_Southern,Corn,CornAEZ05,CornAEZ05,1990,CH4_AWB,2.44860897057883e-05
South America_Southern,Corn,CornAEZ06,CornAEZ06,1990,CH4_AWB,3.94392120709524e-05
South America_Southern,Corn,CornAEZ07,CornAEZ07,1990,CH4_AWB,1.85928897633879e-05
South America_Southern,Corn,CornAEZ08,CornAEZ08,1990,CH4_AWB,5.05536112459031e-05
South America_Southern,Corn,CornAEZ09,CornAEZ09,1990,CH4_AWB,5.83178808898042e-05
South America_Southern,Corn,CornAEZ10,CornAEZ10,1990,CH4_AWB,8.21653372575879e-05
South America_Southern,Corn,CornAEZ11,CornAEZ11,1990,CH4_AWB,1.6952894786639e-05
South America_Southern,Corn,CornAEZ12,CornAEZ12,1990,CH4_AWB,0.000123630311981827
South America_Southern,Corn,CornAEZ13,CornAEZ13,1990,CH4_AWB,7.86176138680933e-06
South America_Southern,Corn,CornAEZ14,CornAEZ14,1990,CH4_AWB,1.64934692042251e-05
South America_Southern,Corn,CornAEZ15,CornAEZ15,1990,CH4_AWB,1.06462345189586e-05
South America_Southern,Corn,CornAEZ16,CornAEZ16,1990,CH4_AWB,5.61343609342559e-06
South America_Southern,Corn,CornAEZ17,CornAEZ17,1990,CH4_AWB,0
South America_Southern,Corn,CornAEZ18,CornAEZ18,1990,CH4_AWB,0
South America_Southern,FiberCrop,FiberCropAEZ01,FiberCropAEZ01,1990,CH4_AWB,5.11738548218962e-06
South America_Southern,FiberCrop,FiberCropAEZ02,FiberCropAEZ02,1990,CH4_AWB,4.02692585665098e-07
South America_Southern,FiberCrop,FiberCropAEZ03,FiberCropAEZ03,1990,CH4_AWB,3.49099917292343e-06
South America_Southern,FiberCrop,FiberCropAEZ04,FiberCropAEZ04,1990,CH4_AWB,6.86770276047656e-06
South America_Southern,FiberCrop,FiberCropAEZ05,FiberCropAEZ05,1990,CH4_AWB,8.12894125485339e-06
South America_Southern,FiberCrop,FiberCropAEZ06,FiberCropAEZ06,1990,CH4_AWB,8.43494774940587e-06
South America_Southern,FiberCrop,FiberCropAEZ07,FiberCropAEZ07,1990,CH4_AWB,3.47372193327444e-06
South America_Southern,FiberCrop,FiberCropAEZ08,FiberCropAEZ08,1990,CH4_AWB,6.45703606420423e-06
South America_Southern,FiberCrop,FiberCropAEZ09,FiberCropAEZ09,1990,CH4_AWB,6.41982354803717e-06
South America_Southern,FiberCrop,FiberCropAEZ10,FiberCropAEZ10,1990,CH4_AWB,5.03000252011877e-06
South America_Southern,FiberCrop,FiberCropAEZ11,FiberCropAEZ11,1990,CH4_AWB,3.7282289634885e-06
South America_Southern,FiberCrop,FiberCropAEZ12,FiberCropAEZ12,1990,CH4_AWB,6.4184280786809e-05
South America_Southern,FiberCrop,FiberCropAEZ13,FiberCropAEZ13,1990,CH4_AWB,6.73480091702274e-07
South America_Southern,FiberCrop,FiberCropAEZ14,FiberCropAEZ14,1990,CH4_AWB,2.55437343118257e-06
South America_Southern,FiberCrop,FiberCropAEZ15,FiberCropAEZ15,1990,CH4_AWB,3.08730982343242e-06
South America_Southern,FiberCrop,FiberCropAEZ16,FiberCropAEZ16,1990,CH4_AWB,3.11023539142821e-06
South America_Southern,FiberCrop,FiberCropAEZ17,FiberCropAEZ17,1990,CH4_AWB,0
South America_Southern,FiberCrop,FiberCropAEZ18,FiberCropAEZ18,1990,CH4_AWB,0
South America_Southern,FodderGrass,FodderGrassAEZ01,FodderGrassAEZ01,1990,CH4_AWB,1.32617278642403e-05
South America_Southern,FodderGrass,FodderGrassAEZ02,FodderGrassAEZ02,1990,CH4_AWB,3.0157852598177e-08
South America_Southern,FodderGrass,FodderGrassAEZ03,FodderGrassAEZ03,1990,CH4_AWB,6.8374613209155e-06
South America_Southern,FodderGrass,FodderGrassAEZ04,FodderGrassAEZ04,1990,CH4_AWB,9.84237472853322e-05
South America_Southern,FodderGrass,FodderGrassAEZ05,FodderGrassAEZ05,1990,CH4_AWB,3.57741891971635e-05
South America_Southern,FodderGrass,FodderGrassAEZ06,FodderGrassAEZ06,1990,CH4_AWB,0.000103731422019293
South America_Southern,FodderGrass,FodderGrassAEZ07,FodderGrassAEZ07,1990,CH4_AWB,4.56102640468799e-05
South America_Southern,FodderGrass,FodderGrassAEZ08,FodderGrassAEZ08,1990,CH4_AWB,6.80708882167963e-05
South America_Southern,FodderGrass,FodderGrassAEZ09,FodderGrassAEZ09,1990,CH4_AWB,0.000132178862884882
South America_Southern,FodderGrass,FodderGrassAEZ10,FodderGrassAEZ10,1990,CH4_AWB,0.000470799066459488
South America_Southern,FodderGrass,FodderGrassAEZ11,FodderGrassAEZ11,1990,CH4_AWB,0.000159557578141316
South America_Southern,FodderGrass,FodderGrassAEZ12,FodderGrassAEZ12,1990,CH4_AWB,0.00361185736288705
South America_Southern,FodderGrass,FodderGrassAEZ13,FodderGrassAEZ13,1990,CH4_AWB,1.89693966075722e-05
South America_Southern,FodderGrass,FodderGrassAEZ14,FodderGrassAEZ14,1990,CH4_AWB,1.13601733007723e-05
South America_Southern,FodderGrass,FodderGrassAEZ15,FodderGrassAEZ15,1990,CH4_AWB,2.44321535372775e-06
South America_Southern,FodderGrass,FodderGrassAEZ16,FodderGrassAEZ16,1990,CH4_AWB,3.81512933864765e-06
South America_Southern,FodderGrass,FodderGrassAEZ17,FodderGrassAEZ17,1990,CH4_AWB,2.51351212757759e-07
South America_Southern,FodderGrass,FodderGrassAEZ18,FodderGrassAEZ18,1990,CH4_AWB,8.8112444779727e-08
South America_Southern,FodderHerb,FodderHerbAEZ01,FodderHerbAEZ01,1990,CH4_AWB,8.7797216603842e-05
South America_Southern,FodderHerb,FodderHerbAEZ02,FodderHerbAEZ02,1990,CH4_AWB,4.50132649976854e-06
South America_Southern,FodderHerb,FodderHerbAEZ03,FodderHerbAEZ03,1990,CH4_AWB,4.00704493057468e-06
South America_Southern,FodderHerb,FodderHerbAEZ04,FodderHerbAEZ04,1990,CH4_AWB,9.00472328883215e-06
South America_Southern,FodderHerb,FodderHerbAEZ05,FodderHerbAEZ05,1990,CH4_AWB,2.32648759531558e-05
South America_Southern,FodderHerb,FodderHerbAEZ06,FodderHerbAEZ06,1990,CH4_AWB,4.76779861065802e-05
South America_Southern,FodderHerb,FodderHerbAEZ07,FodderHerbAEZ07,1990,CH4_AWB,7.2313134786899e-05
South America_Southern,FodderHerb,FodderHerbAEZ08,FodderHerbAEZ08,1990,CH4_AWB,0.000127270516841047
South America_Southern,FodderHerb,FodderHerbAEZ09,FodderHerbAEZ09,1990,CH4_AWB,0.000130758436730887
South America_Southern,FodderHerb,FodderHerbAEZ10,FodderHerbAEZ10,1990,CH4_AWB,0.000233000320532475
South America_Southern,FodderHerb,FodderHerbAEZ11,FodderHerbAEZ11,1990,CH4_AWB,8.20146398165976e-05
South America_Southern,FodderHerb,FodderHerbAEZ12,FodderHerbAEZ12,1990,CH4_AWB,7.8385034503127e-05
South America_Southern,FodderHerb,FodderHerbAEZ13,FodderHerbAEZ13,1990,CH4_AWB,2.05496915426941e-05
South America_Southern,FodderHerb,FodderHerbAEZ14,FodderHerbAEZ14,1990,CH4_AWB,4.93149379735623e-05
South America_Southern,FodderHerb,FodderHerbAEZ15,FodderHerbAEZ15,1990,CH4_AWB,5.16722211221418e-05
South America_Southern,FodderHerb,FodderHerbAEZ16,FodderHerbAEZ16,1990,CH4_AWB,5.18419848443362e-05
South America_Southern,FodderHerb,FodderHerbAEZ17,FodderHerbAEZ17,1990,CH4_AWB,0
South America_Southern,FodderHerb,FodderHerbAEZ18,FodderHerbAEZ18,1990,CH4_AWB,0
South America_Southern,MiscCrop,MiscCropAEZ01,MiscCropAEZ01,1990,CH4_AWB,0.000109394148345883
South America_Southern,MiscCrop,MiscCropAEZ02,MiscCropAEZ02,1990,CH4_AWB,0.000111092967706287
South America_Southern,MiscCrop,MiscCropAEZ03,MiscCropAEZ03,1990,CH4_AWB,0.000216740485790984
South America_Southern,MiscCrop,MiscCropAEZ04,MiscCropAEZ04,1990,CH4_AWB,0.000172017240991211
South America_Southern,MiscCrop,MiscCropAEZ05,MiscCropAEZ05,1990,CH4_AWB,0.000109974394256429
South America_Southern,MiscCrop,MiscCropAEZ06,MiscCropAEZ06,1990,CH4_AWB,0.000319758821738948
South America_Southern,MiscCrop,MiscCropAEZ07,MiscCropAEZ07,1990,CH4_AWB,4.7953772698343e-05
South America_Southern,MiscCrop,MiscCropAEZ08,MiscCropAEZ08,1990,CH4_AWB,9.69964383890591e-05
South America_Southern,MiscCrop,MiscCropAEZ09,MiscCropAEZ09,1990,CH4_AWB,0.000186029370903269
South America_Southern,MiscCrop,MiscCropAEZ10,MiscCropAEZ10,1990,CH4_AWB,0.000416673111373639
South America_Southern,MiscCrop,MiscCropAEZ11,MiscCropAEZ11,1990,CH4_AWB,0.000142393471773442
South America_Southern,MiscCrop,MiscCropAEZ12,MiscCropAEZ12,1990,CH4_AWB,0.000237627228585518
South America_Southern,MiscCrop,MiscCropAEZ13,MiscCropAEZ13,1990,CH4_AWB,1.94879633195108e-05
South America_Southern,MiscCrop,MiscCropAEZ14,MiscCropAEZ14,1990,CH4_AWB,3.04928017596736e-05
South America_Southern,MiscCrop,MiscCropAEZ15,MiscCropAEZ15,1990,CH4_AWB,2.10041986333962e-05
South America_Southern,MiscCrop,MiscCropAEZ16,MiscCropAEZ16,1990,CH4_AWB,2.68384481814725e-05
South America_Southern,MiscCrop,MiscCropAEZ17,MiscCropAEZ17,1990,CH4_AWB,2.57418185769591e-08
South America_Southern,MiscCrop,MiscCropAEZ18,MiscCropAEZ18,1990,CH4_AWB,0
South America_Southern,OilCrop,OilCropAEZ01,OilCropAEZ01,1990,CH4_AWB,1.17236275549754e-06
South America_Southern,OilCrop,OilCropAEZ02,OilCropAEZ02,1990,CH4_AWB,6.36364482947663e-07
South America_Southern,OilCrop,OilCropAEZ03,OilCropAEZ03,1990,CH4_AWB,1.41752781624581e-05
South America_Southern,OilCrop,OilCropAEZ04,OilCropAEZ04,1990,CH4_AWB,2.92099992010352e-05
South America_Southern,OilCrop,OilCropAEZ05,OilCropAEZ05,1990,CH4_AWB,2.79568706272921e-05
South America_Southern,OilCrop,OilCropAEZ06,OilCropAEZ06,1990,CH4_AWB,4.74954872244112e-06
South America_Southern,OilCrop,OilCropAEZ07,OilCropAEZ07,1990,CH4_AWB,4.00397115948614e-08
South America_Southern,OilCrop,OilCropAEZ08,OilCropAEZ08,1990,CH4_AWB,1.10143526638664e-06
South America_Southern,OilCrop,OilCropAEZ09,OilCropAEZ09,1990,CH4_AWB,6.32940134279838e-06
South America_Southern,OilCrop,OilCropAEZ10,OilCropAEZ10,1990,CH4_AWB,1.48617494844873e-05
South America_Southern,OilCrop,OilCropAEZ11,OilCropAEZ11,1990,CH4_AWB,8.88828211123794e-06
South America_Southern,OilCrop,OilCropAEZ12,OilCropAEZ12,1990,CH4_AWB,0.000247821180816296
South America_Southern,OilCrop,OilCropAEZ13,OilCropAEZ13,1990,CH4_AWB,1.60158846379445e-09
South America_Southern,OilCrop,OilCropAEZ14,OilCropAEZ14,1990,CH4_AWB,2.97437857561827e-09
South America_Southern,OilCrop,OilCropAEZ15,OilCropAEZ15,1990,CH4_AWB,0
South America_Southern,OilCrop,OilCropAEZ16,OilCropAEZ16,1990,CH4_AWB,3.50824139688309e-09
South America_Southern,OilCrop,OilCropAEZ17,OilCropAEZ17,1990,CH4_AWB,0
South America_Southern,OilCrop,OilCropAEZ18,OilCropAEZ18,1990,CH4_AWB,0
South America_Southern,OtherGrain,OtherGrainAEZ01,OtherGrainAEZ01,1990,CH4_AWB,5.3074178393075e-07
South America_Southern,OtherGrain,OtherGrainAEZ02,OtherGrainAEZ02,1990,CH4_AWB,4.91161483529318e-08
South America_Southern,OtherGrain,OtherGrainAEZ03,OtherGrainAEZ03,1990,CH4_AWB,2.99608504952886e-06
South America_Southern,OtherGrain,OtherGrainAEZ04,OtherGrainAEZ04,1990,CH4_AWB,6.25133615845188e-06
South America_Southern,OtherGrain,OtherGrainAEZ05,OtherGrainAEZ05,1990,CH4_AWB,6.66359829728661e-06
South America_Southern,OtherGrain,OtherGrainAEZ06,OtherGrainAEZ06,1990,CH4_AWB,1.95210564092078e-06
South America_Southern,OtherGrain,OtherGrainAEZ07,OtherGrainAEZ07,1990,CH4_AWB,1.14025228450197e-06
South America_Southern,OtherGrain,OtherGrainAEZ08,OtherGrainAEZ08,1990,CH4_AWB,4.99247360079974e-06
South America_Southern,OtherGrain,OtherGrainAEZ09,OtherGrainAEZ09,1990,CH4_AWB,7.74310853661806e-06
South America_Southern,OtherGrain,OtherGrainAEZ10,OtherGrainAEZ10,1990,CH4_AWB,1.98830267472024e-05
South America_Southern,OtherGrain,OtherGrainAEZ11,OtherGrainAEZ11,1990,CH4_AWB,2.18954825491313e-05
South America_Southern,OtherGrain,OtherGrainAEZ12,OtherGrainAEZ12,1990,CH4_AWB,6.02067314046888e-05
South America_Southern,OtherGrain,OtherGrainAEZ13,OtherGrainAEZ13,1990,CH4_AWB,1.08852357506644e-06
South America_Southern,OtherGrain,OtherGrainAEZ14,OtherGrainAEZ14,1990,CH4_AWB,2.73626584986402e-06
South America_Southern,OtherGrain,OtherGrainAEZ15,OtherGrainAEZ15,1990,CH4_AWB,4.7118845405282e-06
South America_Southern,OtherGrain,OtherGrainAEZ16,OtherGrainAEZ16,1990,CH4_AWB,3.0210350078677e-06
South America_Southern,OtherGrain,OtherGrainAEZ17,OtherGrainAEZ17,1990,CH4_AWB,0
South America_Southern,OtherGrain,OtherGrainAEZ18,OtherGrainAEZ18,1990,CH4_AWB,0
South America_Southern,PalmFruit,PalmFruitAEZ01,PalmFruitAEZ01,1990,CH4_AWB,1.50742913125196e-06
South America_Southern,PalmFruit,PalmFruitAEZ02,PalmFruitAEZ02,1990,CH4_AWB,8.62748394997508e-06
South America_Southern,PalmFruit,PalmFruitAEZ03,PalmFruitAEZ03,1990,CH4_AWB,1.85892762567561e-05
South America_Southern,PalmFruit,PalmFruitAEZ04,PalmFruitAEZ04,1990,CH4_AWB,2.00108021189767e-05
South America_Southern,PalmFruit,PalmFruitAEZ05,PalmFruitAEZ05,1990,CH4_AWB,2.02664808334792e-05
South America_Southern,PalmFruit,PalmFruitAEZ06,PalmFruitAEZ06,1990,CH4_AWB,5.5346675747548e-05
South America_Southern,PalmFruit,PalmFruitAEZ07,PalmFruitAEZ07,1990,CH4_AWB,7.83762788381774e-08
South America_Southern,PalmFruit,PalmFruitAEZ08,PalmFruitAEZ08,1990,CH4_AWB,3.07985322544289e-06
South America_Southern,PalmFruit,PalmFruitAEZ09,PalmFruitAEZ09,1990,CH4_AWB,4.38178357681426e-06
South America_Southern,PalmFruit,PalmFruitAEZ10,PalmFruitAEZ10,1990,CH4_AWB,9.80683188962697e-06
South America_Southern,PalmFruit,PalmFruitAEZ11,PalmFruitAEZ11,1990,CH4_AWB,1.70765901799724e-05
South America_Southern,PalmFruit,PalmFruitAEZ12,PalmFruitAEZ12,1990,CH4_AWB,1.5683260661968e-05
South America_Southern,PalmFruit,PalmFruitAEZ13,PalmFruitAEZ13,1990,CH4_AWB,2.29393986843446e-08
South America_Southern,PalmFruit,PalmFruitAEZ14,PalmFruitAEZ14,1990,CH4_AWB,2.24973373555318e-07
South America_Southern,PalmFruit,PalmFruitAEZ15,PalmFruitAEZ15,1990,CH4_AWB,2.53289193806305e-08
South America_Southern,PalmFruit,PalmFruitAEZ16,PalmFruitAEZ16,1990,CH4_AWB,0
South America_Southern,PalmFruit,PalmFruitAEZ17,PalmFruitAEZ17,1990,CH4_AWB,0
South America_Southern,PalmFruit,PalmFruitAEZ18,PalmFruitAEZ18,1990,CH4_AWB,0
South America_Southern,Rice,RiceAEZ01,RiceAEZ01,1990,CH4_AWB,2.64575985537959e-05
South America_Southern,Rice,RiceAEZ02,RiceAEZ02,1990,CH4_AWB,1.24157475397933e-05
South America_Southern,Rice,RiceAEZ03,RiceAEZ03,1990,CH4_AWB,2.15453076971685e-05
South America_Southern,Rice,RiceAEZ04,RiceAEZ04,1990,CH4_AWB,3.1496707634924e-05
South America_Southern,Rice,RiceAEZ05,RiceAEZ05,1990,CH4_AWB,4.07758898624276e-05
South America_Southern,Rice,RiceAEZ06,RiceAEZ06,1990,CH4_AWB,1.64404910924719e-05
South America_Southern,Rice,RiceAEZ07,RiceAEZ07,1990,CH4_AWB,1.65268392510159e-05
South America_Southern,Rice,RiceAEZ08,RiceAEZ08,1990,CH4_AWB,3.90791215069044e-05
South America_Southern,Rice,RiceAEZ09,RiceAEZ09,1990,CH4_AWB,3.30911741533413e-05
South America_Southern,Rice,RiceAEZ10,RiceAEZ10,1990,CH4_AWB,1.97846344936205e-05
South America_Southern,Rice,RiceAEZ11,RiceAEZ11,1990,CH4_AWB,1.13762346875091e-05
South America_Southern,Rice,RiceAEZ12,RiceAEZ12,1990,CH4_AWB,0.000105775592878655
South America_Southern,Rice,RiceAEZ13,RiceAEZ13,1990,CH4_AWB,6.07663899031406e-06
South America_Southern,Rice,RiceAEZ14,RiceAEZ14,1990,CH4_AWB,1.58999588306884e-05
South America_Southern,Rice,RiceAEZ15,RiceAEZ15,1990,CH4_AWB,1.11751462306075e-05
South America_Southern,Rice,RiceAEZ16,RiceAEZ16,1990,CH4_AWB,8.19496302173539e-06
South America_Southern,Rice,RiceAEZ17,RiceAEZ17,1990,CH4_AWB,0
South America_Southern,Rice,RiceAEZ18,RiceAEZ18,1990,CH4_AWB,0
South America_Southern,Root_Tuber,Root_TuberAEZ01,Root_TuberAEZ01,1990,CH4_AWB,3.29292136909495e-05
South America_Southern,Root_Tuber,Root_TuberAEZ02,Root_TuberAEZ02,1990,CH4_AWB,1.86234486734021e-06
South America_Southern,Root_Tuber,Root_TuberAEZ03,Root_TuberAEZ03,1990,CH4_AWB,6.03706408215895e-06
South America_Southern,Root_Tuber,Root_TuberAEZ04,Root_TuberAEZ04,1990,CH4_AWB,2.14014748779549e-05
South America_Southern,Root_Tuber,Root_TuberAEZ05,Root_TuberAEZ05,1990,CH4_AWB,3.33259432968358e-05
South America_Southern,Root_Tuber,Root_TuberAEZ06,Root_TuberAEZ06,1990,CH4_AWB,0.000106707923618422
South America_Southern,Root_Tuber,Root_TuberAEZ07,Root_TuberAEZ07,1990,CH4_AWB,4.63901888296494e-05
South America_Southern,Root_Tuber,Root_TuberAEZ08,Root_TuberAEZ08,1990,CH4_AWB,0.00012228697799649
South America_Southern,Root_Tuber,Root_TuberAEZ09,Root_TuberAEZ09,1990,CH4_AWB,0.000142258283342173
South America_Southern,Root_Tuber,Root_TuberAEZ10,Root_TuberAEZ10,1990,CH4_AWB,5.6653959196095e-05
South America_Southern,Root_Tuber,Root_TuberAEZ11,Root_TuberAEZ11,1990,CH4_AWB,4.9120954061959e-05
South America_Southern,Root_Tuber,Root_TuberAEZ12,Root_TuberAEZ12,1990,CH4_AWB,0.000507163269483165
South America_Southern,Root_Tuber,Root_TuberAEZ13,Root_TuberAEZ13,1990,CH4_AWB,1.76140330745737e-05
South America_Southern,Root_Tuber,Root_TuberAEZ14,Root_TuberAEZ14,1990,CH4_AWB,3.9504921576203e-05
South America_Southern,Root_Tuber,Root_TuberAEZ15,Root_TuberAEZ15,1990,CH4_AWB,5.51634006437345e-05
South America_Southern,Root_Tuber,Root_TuberAEZ16,Root_TuberAEZ16,1990,CH4_AWB,3.82925463576856e-05
South America_Southern,Root_Tuber,Root_TuberAEZ17,Root_TuberAEZ17,1990,CH4_AWB,0
South America_Southern,Root_Tuber,Root_TuberAEZ18,Root_TuberAEZ18,1990,CH4_AWB,0
South America_Southern,SugarCrop,SugarCropAEZ01,SugarCropAEZ01,1990,CH4_AWB,0.000159903372967539
South America_Southern,SugarCrop,SugarCropAEZ02,SugarCropAEZ02,1990,CH4_AWB,3.82168990687272e-05
South America_Southern,SugarCrop,SugarCropAEZ03,SugarCropAEZ03,1990,CH4_AWB,0.000172092939857744
South America_Southern,SugarCrop,SugarCropAEZ04,SugarCropAEZ04,1990,CH4_AWB,0.000201250665450039
South America_Southern,SugarCrop,SugarCropAEZ05,SugarCropAEZ05,1990,CH4_AWB,0.000334995901721964
South America_Southern,SugarCrop,SugarCropAEZ06,SugarCropAEZ06,1990,CH4_AWB,0.000132938582798709
South America_Southern,SugarCrop,SugarCropAEZ07,SugarCropAEZ07,1990,CH4_AWB,0.000116137810840585
South America_Southern,SugarCrop,SugarCropAEZ08,SugarCropAEZ08,1990,CH4_AWB,0.000277249012122246
South America_Southern,SugarCrop,SugarCropAEZ09,SugarCropAEZ09,1990,CH4_AWB,0.000299691439774133
South America_Southern,SugarCrop,SugarCropAEZ10,SugarCropAEZ10,1990,CH4_AWB,0.00059033646373919
South America_Southern,SugarCrop,SugarCropAEZ11,SugarCropAEZ11,1990,CH4_AWB,0.000207026353504443
South America_Southern,SugarCrop,SugarCropAEZ12,SugarCropAEZ12,1990,CH4_AWB,0.000490564434511987
South America_Southern,SugarCrop,SugarCropAEZ13,SugarCropAEZ13,1990,CH4_AWB,1.84751005182851e-05
South America_Southern,SugarCrop,SugarCropAEZ14,SugarCropAEZ14,1990,CH4_AWB,7.62525777782856e-05
South America_Southern,SugarCrop,SugarCropAEZ15,SugarCropAEZ15,1990,CH4_AWB,5.66377410740465e-05
South America_Southern,SugarCrop,SugarCropAEZ16,SugarCropAEZ16,1990,CH4_AWB,4.76637211845355e-05
South America_Southern,SugarCrop,SugarCropAEZ17,SugarCropAEZ17,1990,CH4_AWB,0
South America_Southern,SugarCrop,SugarCropAEZ18,SugarCropAEZ18,1990,CH4_AWB,0
South America_Southern,Wheat,WheatAEZ01,WheatAEZ01,1990,CH4_AWB,3.43161560260263e-06
South America_Southern,Wheat,WheatAEZ02,WheatAEZ02,1990,CH4_AWB,1.21413056151857e-07
South America_Southern,Wheat,WheatAEZ03,WheatAEZ03,1990,CH4_AWB,2.01387308356232e-06
South America_Southern,Wheat,WheatAEZ04,WheatAEZ04,1990,CH4_AWB,4.09769064512517e-06
South America_Southern,Wheat,WheatAEZ05,WheatAEZ05,1990,CH4_AWB,4.97227941451721e-06
South America_Southern,Wheat,WheatAEZ06,WheatAEZ06,1990,CH4_AWB,5.14874311103606e-06
South America_Southern,Wheat,WheatAEZ07,WheatAEZ07,1990,CH4_AWB,6.87341180308137e-06
South America_Southern,Wheat,WheatAEZ08,WheatAEZ08,1990,CH4_AWB,1.31516356895923e-05
South America_Southern,Wheat,WheatAEZ09,WheatAEZ09,1990,CH4_AWB,2.62191871819116e-05
South America_Southern,Wheat,WheatAEZ10,WheatAEZ10,1990,CH4_AWB,9.64615419351087e-05
South America_Southern,Wheat,WheatAEZ11,WheatAEZ11,1990,CH4_AWB,4.40833085105906e-05
South America_Southern,Wheat,WheatAEZ12,WheatAEZ12,1990,CH4_AWB,0.000164578602616878
South America_Southern,Wheat,WheatAEZ13,WheatAEZ13,1990,CH4_AWB,4.82805427793933e-06
South America_Southern,Wheat,WheatAEZ14,WheatAEZ14,1990,CH4_AWB,9.22362167573518e-06
South America_Southern,Wheat,WheatAEZ15,WheatAEZ15,1990,CH4_AWB,4.07318179838645e-06
South America_Southern,Wheat,WheatAEZ16,WheatAEZ16,1990,CH4_AWB,3.7990597740933e-06
South America_Southern,Wheat,WheatAEZ17,WheatAEZ17,1990,CH4_AWB,2.13038437036645e-07
South America_Southern,Wheat,WheatAEZ18,WheatAEZ18,1990,CH4_AWB,0
South America_Southern,Corn,CornAEZ01,CornAEZ01,1990,CO_AWB,0.000756235715948031
South America_Southern,Corn,CornAEZ02,CornAEZ02,1990,CO_AWB,0.000140262788494803
South America_Southern,Corn,CornAEZ03,CornAEZ03,1990,CO_AWB,0.000450324159670723
South America_Southern,Corn,CornAEZ04,CornAEZ04,1990,CO_AWB,0.000759611917482342
South America_Southern,Corn,CornAEZ05,CornAEZ05,1990,CO_AWB,0.00103027631177272
South America_Southern,Corn,CornAEZ06,CornAEZ06,1990,CO_AWB,0.00165944364493926
South America_Southern,Corn,CornAEZ07,CornAEZ07,1990,CO_AWB,0.000782314126950692
South America_Southern,Corn,CornAEZ08,CornAEZ08,1990,CO_AWB,0.00212709292365733
South America_Southern,Corn,CornAEZ09,CornAEZ09,1990,CO_AWB,0.00245378220677453
South America_Southern,Corn,CornAEZ10,CornAEZ10,1990,CO_AWB,0.00345718739261574
South America_Southern,Corn,CornAEZ11,CornAEZ11,1990,CO_AWB,0.000713309725011772
South America_Southern,Corn,CornAEZ12,CornAEZ12,1990,CO_AWB,0.00520186699397076
South America_Southern,Corn,CornAEZ13,CornAEZ13,1990,CO_AWB,0.00033079134410442
South America_Southern,Corn,CornAEZ14,CornAEZ14,1990,CO_AWB,0.000693978941686597
South America_Southern,Corn,CornAEZ15,CornAEZ15,1990,CO_AWB,0.000447950790275315
South America_Southern,Corn,CornAEZ16,CornAEZ16,1990,CO_AWB,0.000236190845667744
South America_Southern,Corn,CornAEZ17,CornAEZ17,1990,CO_AWB,0
South America_Southern,Corn,CornAEZ18,CornAEZ18,1990,CO_AWB,0
South America_Southern,FiberCrop,FiberCropAEZ01,FiberCropAEZ01,1990,CO_AWB,0.000215319028226188
South America_Southern,FiberCrop,FiberCropAEZ02,FiberCropAEZ02,1990,CO_AWB,1.69436866777133e-05
South America_Southern,FiberCrop,FiberCropAEZ03,FiberCropAEZ03,1990,CO_AWB,0.000146887224358691
South America_Southern,FiberCrop,FiberCropAEZ04,FiberCropAEZ04,1990,CO_AWB,0.000288965349528329
South America_Southern,FiberCrop,FiberCropAEZ05,FiberCropAEZ05,1990,CO_AWB,0.000342033199881959
South America_Southern,FiberCrop,FiberCropAEZ06,FiberCropAEZ06,1990,CO_AWB,0.000354908724164282
South America_Southern,FiberCrop,FiberCropAEZ07,FiberCropAEZ07,1990,CO_AWB,0.000146160267504532
South America_Southern,FiberCrop,FiberCropAEZ08,FiberCropAEZ08,1990,CO_AWB,0.000271686144302542
South America_Southern,FiberCrop,FiberCropAEZ09,FiberCropAEZ09,1990,CO_AWB,0.000270120391078199
South America_Southern,FiberCrop,FiberCropAEZ10,FiberCropAEZ10,1990,CO_AWB,0.000211642304136883
South America_Southern,FiberCrop,FiberCropAEZ11,FiberCropAEZ11,1990,CO_AWB,0.000156868901163878
South America_Southern,FiberCrop,FiberCropAEZ12,FiberCropAEZ12,1990,CO_AWB,0.00270061675332286
South America_Southern,FiberCrop,FiberCropAEZ13,FiberCropAEZ13,1990,CO_AWB,2.83373373727103e-05
South America_Southern,FiberCrop,FiberCropAEZ14,FiberCropAEZ14,1990,CO_AWB,0.000107477774899554
South America_Southern,FiberCrop,FiberCropAEZ15,FiberCropAEZ15,1990,CO_AWB,0.000129901597862468
South America_Southern,FiberCrop,FiberCropAEZ16,FiberCropAEZ16,1990,CO_AWB,0.00013086621368818
South America_Southern,FiberCrop,FiberCropAEZ17,FiberCropAEZ17,1990,CO_AWB,0
South America_Southern,FiberCrop,FiberCropAEZ18,FiberCropAEZ18,1990,CO_AWB,0
South America_Southern,FodderGrass,FodderGrassAEZ01,FodderGrassAEZ01,1990,CO_AWB,0.000558000245685334
South America_Southern,FodderGrass,FodderGrassAEZ02,FodderGrassAEZ02,1990,CO_AWB,1.26892131488395e-06
South America_Southern,FodderGrass,FodderGrassAEZ03,FodderGrassAEZ03,1990,CO_AWB,0.000287692911209755
South America_Southern,FodderGrass,FodderGrassAEZ04,FodderGrassAEZ04,1990,CO_AWB,0.00414127598822002
South America_Southern,FodderGrass,FodderGrassAEZ05,FodderGrassAEZ05,1990,CO_AWB,0.00150523420217645
South America_Southern,FodderGrass,FodderGrassAEZ06,FodderGrassAEZ06,1990,CO_AWB,0.00436460162390538
South America_Southern,FodderGrass,FodderGrassAEZ07,FodderGrassAEZ07,1990,CO_AWB,0.00191909672739993
South America_Southern,FodderGrass,FodderGrassAEZ08,FodderGrassAEZ08,1990,CO_AWB,0.00286414958426439
South America_Southern,FodderGrass,FodderGrassAEZ09,FodderGrassAEZ09,1990,CO_AWB,0.00556155568257826
South America_Southern,FodderGrass,FodderGrassAEZ10,FodderGrassAEZ10,1990,CO_AWB,0.019809333854693
South America_Southern,FodderGrass,FodderGrassAEZ11,FodderGrassAEZ11,1990,CO_AWB,0.00671354205992157
South America_Southern,FodderGrass,FodderGrassAEZ12,FodderGrassAEZ12,1990,CO_AWB,0.15197245159176
South America_Southern,FodderGrass,FodderGrassAEZ13,FodderGrassAEZ13,1990,CO_AWB,0.000798156022796219
South America_Southern,FodderGrass,FodderGrassAEZ14,FodderGrassAEZ14,1990,CO_AWB,0.000477990466834397
South America_Southern,FodderGrass,FodderGrassAEZ15,FodderGrassAEZ15,1990,CO_AWB,0.000102800689442466
South America_Southern,FodderGrass,FodderGrassAEZ16,FodderGrassAEZ16,1990,CO_AWB,0.000160525319934143
South America_Southern,FodderGrass,FodderGrassAEZ17,FodderGrassAEZ17,1990,CO_AWB,1.05758495354384e-05
South America_Southern,FodderGrass,FodderGrassAEZ18,FodderGrassAEZ18,1990,CO_AWB,3.70741779188512e-06
South America_Southern,FodderHerb,FodderHerbAEZ01,FodderHerbAEZ01,1990,CO_AWB,0.0036941542562892
South America_Southern,FodderHerb,FodderHerbAEZ02,FodderHerbAEZ02,1990,CO_AWB,0.000189397740512649
South America_Southern,FodderHerb,FodderHerbAEZ03,FodderHerbAEZ03,1990,CO_AWB,0.000168600357255252
South America_Southern,FodderHerb,FodderHerbAEZ04,FodderHerbAEZ04,1990,CO_AWB,0.000378882590483969
South America_Southern,FodderHerb,FodderHerbAEZ05,FodderHerbAEZ05,1990,CO_AWB,0.000978892541801032
South America_Southern,FodderHerb,FodderHerbAEZ06,FodderHerbAEZ06,1990,CO_AWB,0.00200609816711676
South America_Southern,FodderHerb,FodderHerbAEZ07,FodderHerbAEZ07,1990,CO_AWB,0.00304264628187482
South America_Southern,FodderHerb,FodderHerbAEZ08,FodderHerbAEZ08,1990,CO_AWB,0.00535503219435667
South America_Southern,FodderHerb,FodderHerbAEZ09,FodderHerbAEZ09,1990,CO_AWB,0.00550178985485049
South America_Southern,FodderHerb,FodderHerbAEZ10,FodderHerbAEZ10,1990,CO_AWB,0.0098037176929607
South America_Southern,FodderHerb,FodderHerbAEZ11,FodderHerbAEZ11,1990,CO_AWB,0.00345084664954232
South America_Southern,FodderHerb,FodderHerbAEZ12,FodderHerbAEZ12,1990,CO_AWB,0.00329812743547079
South America_Southern,FodderHerb,FodderHerbAEZ13,FodderHerbAEZ13,1990,CO_AWB,0.000864648486755689
South America_Southern,FodderHerb,FodderHerbAEZ14,FodderHerbAEZ14,1990,CO_AWB,0.00207497452721868
South America_Southern,FodderHerb,FodderHerbAEZ15,FodderHerbAEZ15,1990,CO_AWB,0.00217415953459649
South America_Southern,FodderHerb,FodderHerbAEZ16,FodderHerbAEZ16,1990,CO_AWB,0.00218130251020742
South America_Southern,FodderHerb,FodderHerbAEZ17,FodderHerbAEZ17,1990,CO_AWB,0
South America_Southern,FodderHerb,FodderHerbAEZ18,FodderHerbAEZ18,1990,CO_AWB,0
South America_Southern,MiscCrop,MiscCropAEZ01,MiscCropAEZ01,1990,CO_AWB,0.00460286640462122
South America_Southern,MiscCrop,MiscCropAEZ02,MiscCropAEZ02,1990,CO_AWB,0.00467434590036901
South America_Southern,MiscCrop,MiscCropAEZ03,MiscCropAEZ03,1990,CO_AWB,0.00911956915112402
South America_Southern,MiscCrop,MiscCropAEZ04,MiscCropAEZ04,1990,CO_AWB,0.00723779463112274
South America_Southern,MiscCrop,MiscCropAEZ05,MiscCropAEZ05,1990,CO_AWB,0.00462728082210567
South America_Southern,MiscCrop,MiscCropAEZ06,MiscCropAEZ06,1990,CO_AWB,0.0134541669771028
South America_Southern,MiscCrop,MiscCropAEZ07,MiscCropAEZ07,1990,CO_AWB,0.00201770215926135
South America_Southern,MiscCrop,MiscCropAEZ08,MiscCropAEZ08,1990,CO_AWB,0.00408122056234019
South America_Southern,MiscCrop,MiscCropAEZ09,MiscCropAEZ09,1990,CO_AWB,0.00782736878115381
South America_Southern,MiscCrop,MiscCropAEZ10,MiscCropAEZ10,1990,CO_AWB,0.0175319310497918
South America_Southern,MiscCrop,MiscCropAEZ11,MiscCropAEZ11,1990,CO_AWB,0.00599134539985675
South America_Southern,MiscCrop,MiscCropAEZ12,MiscCropAEZ12,1990,CO_AWB,0.0099983994008642
South America_Southern,MiscCrop,MiscCropAEZ13,MiscCropAEZ13,1990,CO_AWB,0.00081997522732433
South America_Southern,MiscCrop,MiscCropAEZ14,MiscCropAEZ14,1990,CO_AWB,0.00128301463034936
South America_Southern,MiscCrop,MiscCropAEZ15,MiscCropAEZ15,1990,CO_AWB,0.000883772319703686
South America_Southern,MiscCrop,MiscCropAEZ16,MiscCropAEZ16,1990,CO_AWB,0.00112925410869398
South America_Southern,MiscCrop,MiscCropAEZ17,MiscCropAEZ17,1990,CO_AWB,1.08311233931004e-06
South America_Southern,MiscCrop,MiscCropAEZ18,MiscCropAEZ18,1990,CO_AWB,0
South America_Southern,OilCrop,OilCropAEZ01,OilCropAEZ01,1990,CO_AWB,4.93283162116399e-05
South America_Southern,OilCrop,OilCropAEZ02,OilCropAEZ02,1990,CO_AWB,2.6775661623076e-05
South America_Southern,OilCrop,OilCropAEZ03,OilCropAEZ03,1990,CO_AWB,0.000596438773158513
South America_Southern,OilCrop,OilCropAEZ04,OilCropAEZ04,1990,CO_AWB,0.00122903945077897
South America_Southern,OilCrop,OilCropAEZ05,OilCropAEZ05,1990,CO_AWB,0.00117631283331388
South America_Southern,OilCrop,OilCropAEZ06,OilCropAEZ06,1990,CO_AWB,0.000199841934712211
South America_Southern,OilCrop,OilCropAEZ07,OilCropAEZ07,1990,CO_AWB,1.68471025312979e-06
South America_Southern,OilCrop,OilCropAEZ08,OilCropAEZ08,1990,CO_AWB,4.63439723346673e-05
South America_Southern,OilCrop,OilCropAEZ09,OilCropAEZ09,1990,CO_AWB,0.000266315787842846
South America_Southern,OilCrop,OilCropAEZ10,OilCropAEZ10,1990,CO_AWB,0.000625322729326933
South America_Southern,OilCrop,OilCropAEZ11,OilCropAEZ11,1990,CO_AWB,0.000373983213391436
South America_Southern,OilCrop,OilCropAEZ12,OilCropAEZ12,1990,CO_AWB,0.0104273199689462
South America_Southern,OilCrop,OilCropAEZ13,OilCropAEZ13,1990,CO_AWB,6.73884101251913e-08
South America_Southern,OilCrop,OilCropAEZ14,OilCropAEZ14,1990,CO_AWB,1.25149904518212e-07
South America_Southern,OilCrop,OilCropAEZ15,OilCropAEZ15,1990,CO_AWB,0
South America_Southern,OilCrop,OilCropAEZ16,OilCropAEZ16,1990,CO_AWB,1.47612707893276e-07
South America_Southern,OilCrop,OilCropAEZ17,OilCropAEZ17,1990,CO_AWB,0
South America_Southern,OilCrop,OilCropAEZ18,OilCropAEZ18,1990,CO_AWB,0
South America_Southern,OtherGrain,OtherGrainAEZ01,OtherGrainAEZ01,1990,CO_AWB,2.2331482659013e-05
South America_Southern,OtherGrain,OtherGrainAEZ02,OtherGrainAEZ02,1990,CO_AWB,2.06661025837777e-06
South America_Southern,OtherGrain,OtherGrainAEZ03,OtherGrainAEZ03,1990,CO_AWB,0.000126063225761045
South America_Southern,OtherGrain,OtherGrainAEZ04,OtherGrainAEZ04,1990,CO_AWB,0.000263031118417358
South America_Southern,OtherGrain,OtherGrainAEZ05,OtherGrainAEZ05,1990,CO_AWB,0.000280377453458423
South America_Southern,OtherGrain,OtherGrainAEZ06,OtherGrainAEZ06,1990,CO_AWB,8.21367651627589e-05
South America_Southern,OtherGrain,OtherGrainAEZ07,OtherGrainAEZ07,1990,CO_AWB,4.79772365568606e-05
South America_Southern,OtherGrain,OtherGrainAEZ08,OtherGrainAEZ08,1990,CO_AWB,0.00021006323793867
South America_Southern,OtherGrain,OtherGrainAEZ09,OtherGrainAEZ09,1990,CO_AWB,0.000325798908711704
South America_Southern,OtherGrain,OtherGrainAEZ10,OtherGrainAEZ10,1990,CO_AWB,0.000836597909675367
South America_Southern,OtherGrain,OtherGrainAEZ11,OtherGrainAEZ11,1990,CO_AWB,0.000921273967230068
South America_Southern,OtherGrain,OtherGrainAEZ12,OtherGrainAEZ12,1990,CO_AWB,0.00253325745028412
South America_Southern,OtherGrain,OtherGrainAEZ13,OtherGrainAEZ13,1990,CO_AWB,4.58007002209096e-05
South America_Southern,OtherGrain,OtherGrainAEZ14,OtherGrainAEZ14,1990,CO_AWB,0.000115131077346381
South America_Southern,OtherGrain,OtherGrainAEZ15,OtherGrainAEZ15,1990,CO_AWB,0.000198257177207299
South America_Southern,OtherGrain,OtherGrainAEZ16,OtherGrainAEZ16,1990,CO_AWB,0.000127113019801869
South America_Southern,OtherGrain,OtherGrainAEZ17,OtherGrainAEZ17,1990,CO_AWB,0
South America_Southern,OtherGrain,OtherGrainAEZ18,OtherGrainAEZ18,1990,CO_AWB,0
South America_Southern,PalmFruit,PalmFruitAEZ01,PalmFruitAEZ01,1990,CO_AWB,6.34265635822569e-05
South America_Southern,PalmFruit,PalmFruitAEZ02,PalmFruitAEZ02,1990,CO_AWB,0.000363009874204515
South America_Southern,PalmFruit,PalmFruitAEZ03,PalmFruitAEZ03,1990,CO_AWB,0.000782162085104487
South America_Southern,PalmFruit,PalmFruitAEZ04,PalmFruitAEZ04,1990,CO_AWB,0.000841974184137679
South America_Southern,PalmFruit,PalmFruitAEZ05,PalmFruitAEZ05,1990,CO_AWB,0.000852732117566064
South America_Southern,PalmFruit,PalmFruitAEZ06,PalmFruitAEZ06,1990,CO_AWB,0.00232876582758679
South America_Southern,PalmFruit,PalmFruitAEZ07,PalmFruitAEZ07,1990,CO_AWB,3.29775903225493e-06
South America_Southern,PalmFruit,PalmFruitAEZ08,PalmFruitAEZ08,1990,CO_AWB,0.000129587854166871
South America_Southern,PalmFruit,PalmFruitAEZ09,PalmFruitAEZ09,1990,CO_AWB,0.00018436785443285
South America_Southern,PalmFruit,PalmFruitAEZ10,PalmFruitAEZ10,1990,CO_AWB,0.000412632098910899
South America_Southern,PalmFruit,PalmFruitAEZ11,PalmFruitAEZ11,1990,CO_AWB,0.000718514330367631
South America_Southern,PalmFruit,PalmFruitAEZ12,PalmFruitAEZ12,1990,CO_AWB,0.000659888620254585
South America_Southern,PalmFruit,PalmFruitAEZ13,PalmFruitAEZ13,1990,CO_AWB,9.65197765538026e-07
South America_Southern,PalmFruit,PalmFruitAEZ14,PalmFruitAEZ14,1990,CO_AWB,9.4659760026464e-06
South America_Southern,PalmFruit,PalmFruitAEZ15,PalmFruitAEZ15,1990,CO_AWB,1.06573919944824e-06
South America_Southern,PalmFruit,PalmFruitAEZ16,PalmFruitAEZ16,1990,CO_AWB,0
South America_Southern,PalmFruit,PalmFruitAEZ17,PalmFruitAEZ17,1990,CO_AWB,0
South America_Southern,PalmFruit,PalmFruitAEZ18,PalmFruitAEZ18,1990,CO_AWB,0
South America_Southern,Rice,RiceAEZ01,RiceAEZ01,1990,CO_AWB,0.00111322948596094
South America_Southern,Rice,RiceAEZ02,RiceAEZ02,1990,CO_AWB,0.000522404791328343
South America_Southern,Rice,RiceAEZ03,RiceAEZ03,1990,CO_AWB,0.000906540015860507
South America_Southern,Rice,RiceAEZ04,RiceAEZ04,1990,CO_AWB,0.00132525495761057
South America_Southern,Rice,RiceAEZ05,RiceAEZ05,1990,CO_AWB,0.00171568567792928
South America_Southern,Rice,RiceAEZ06,RiceAEZ06,1990,CO_AWB,0.00069174983551907
South America_Southern,Rice,RiceAEZ07,RiceAEZ07,1990,CO_AWB,0.000695383019232028
South America_Southern,Rice,RiceAEZ08,RiceAEZ08,1990,CO_AWB,0.00164429248022945
South America_Southern,Rice,RiceAEZ09,RiceAEZ09,1990,CO_AWB,0.00139234370487804
South America_Southern,Rice,RiceAEZ10,RiceAEZ10,1990,CO_AWB,0.0008324579588157
South America_Southern,Rice,RiceAEZ11,RiceAEZ11,1990,CO_AWB,0.000478666265481217
South America_Southern,Rice,RiceAEZ12,RiceAEZ12,1990,CO_AWB,0.00445061212370026
South America_Southern,Rice,RiceAEZ13,RiceAEZ13,1990,CO_AWB,0.00025568056321525
South America_Southern,Rice,RiceAEZ14,RiceAEZ14,1990,CO_AWB,0.000669006408873336
South America_Southern,Rice,RiceAEZ15,RiceAEZ15,1990,CO_AWB,0.000470205270842794
South America_Southern,Rice,RiceAEZ16,RiceAEZ16,1990,CO_AWB,0.000344811130670304
South America_Southern,Rice,RiceAEZ17,RiceAEZ17,1990,CO_AWB,0
South America_Southern,Rice,RiceAEZ18,RiceAEZ18,1990,CO_AWB,0
South America_Southern,Root_Tuber,Root_TuberAEZ01,Root_TuberAEZ01,1990,CO_AWB,0.00138552905909952
South America_Southern,Root_Tuber,Root_TuberAEZ02,Root_TuberAEZ02,1990,CO_AWB,7.83599923150883e-05
South America_Southern,Root_Tuber,Root_TuberAEZ03,Root_TuberAEZ03,1990,CO_AWB,0.000254015410024083
South America_Southern,Root_Tuber,Root_TuberAEZ04,Root_TuberAEZ04,1990,CO_AWB,0.000900488108501195
South America_Southern,Root_Tuber,Root_TuberAEZ05,Root_TuberAEZ05,1990,CO_AWB,0.00140222184753715
South America_Southern,Root_Tuber,Root_TuberAEZ06,Root_TuberAEZ06,1990,CO_AWB,0.00448984085672628
South America_Southern,Root_Tuber,Root_TuberAEZ07,Root_TuberAEZ07,1990,CO_AWB,0.00195191282986083
South America_Southern,Root_Tuber,Root_TuberAEZ08,Root_TuberAEZ08,1990,CO_AWB,0.00514534489507618
South America_Southern,Root_Tuber,Root_TuberAEZ09,Root_TuberAEZ09,1990,CO_AWB,0.00598565721362387
South America_Southern,Root_Tuber,Root_TuberAEZ10,Root_TuberAEZ10,1990,CO_AWB,0.00238377106468237
South America_Southern,Root_Tuber,Root_TuberAEZ11,Root_TuberAEZ11,1990,CO_AWB,0.00206681246331255
South America_Southern,Root_Tuber,Root_TuberAEZ12,Root_TuberAEZ12,1990,CO_AWB,0.021339393469027
South America_Southern,Root_Tuber,Root_TuberAEZ13,Root_TuberAEZ13,1990,CO_AWB,0.000741127768850111
South America_Southern,Root_Tuber,Root_TuberAEZ14,Root_TuberAEZ14,1990,CO_AWB,0.00166220843701229
South America_Southern,Root_Tuber,Root_TuberAEZ15,Root_TuberAEZ15,1990,CO_AWB,0.00232105434730286
South America_Southern,Root_Tuber,Root_TuberAEZ16,Root_TuberAEZ16,1990,CO_AWB,0.00161119655705812
South America_Southern,Root_Tuber,Root_TuberAEZ17,Root_TuberAEZ17,1990,CO_AWB,0
South America_Southern,Root_Tuber,Root_TuberAEZ18,Root_TuberAEZ18,1990,CO_AWB,0
South America_Southern,SugarCrop,SugarCropAEZ01,SugarCropAEZ01,1990,CO_AWB,0.00672809171739944
South America_Southern,SugarCrop,SugarCropAEZ02,SugarCropAEZ02,1990,CO_AWB,0.00160801362295961
South America_Southern,SugarCrop,SugarCropAEZ03,SugarCropAEZ03,1990,CO_AWB,0.00724097973539845
South America_Southern,SugarCrop,SugarCropAEZ04,SugarCropAEZ04,1990,CO_AWB,0.00846781972266719
South America_Southern,SugarCrop,SugarCropAEZ05,SugarCropAEZ05,1990,CO_AWB,0.0140952821063746
South America_Southern,SugarCrop,SugarCropAEZ06,SugarCropAEZ06,1990,CO_AWB,0.00559352164530253
South America_Southern,SugarCrop,SugarCropAEZ07,SugarCropAEZ07,1990,CO_AWB,0.00488661263794647
South America_Southern,SugarCrop,SugarCropAEZ08,SugarCropAEZ08,1990,CO_AWB,0.0116655249198248
South America_Southern,SugarCrop,SugarCropAEZ09,SugarCropAEZ09,1990,CO_AWB,0.0126098121402929
South America_Southern,SugarCrop,SugarCropAEZ10,SugarCropAEZ10,1990,CO_AWB,0.0248389874362989
South America_Southern,SugarCrop,SugarCropAEZ11,SugarCropAEZ11,1990,CO_AWB,0.00871083747920322
South America_Southern,SugarCrop,SugarCropAEZ12,SugarCropAEZ12,1990,CO_AWB,0.0206409811590458
South America_Southern,SugarCrop,SugarCropAEZ13,SugarCropAEZ13,1990,CO_AWB,0.000777358028591615
South America_Southern,SugarCrop,SugarCropAEZ14,SugarCropAEZ14,1990,CO_AWB,0.0032084022210375
South America_Southern,SugarCrop,SugarCropAEZ15,SugarCropAEZ15,1990,CO_AWB,0.00238308867124312
South America_Southern,SugarCrop,SugarCropAEZ16,SugarCropAEZ16,1990,CO_AWB,0.00200549795648907
South America_Southern,SugarCrop,SugarCropAEZ17,SugarCropAEZ17,1990,CO_AWB,0
South America_Southern,SugarCrop,SugarCropAEZ18,SugarCropAEZ18,1990,CO_AWB,0
South America_Southern,Wheat,WheatAEZ01,WheatAEZ01,1990,CO_AWB,0.00014438860222077
South America_Southern,Wheat,WheatAEZ02,WheatAEZ02,1990,CO_AWB,5.10857377377082e-06
South America_Southern,Wheat,WheatAEZ03,WheatAEZ03,1990,CO_AWB,8.47356910736329e-05
South America_Southern,Wheat,WheatAEZ04,WheatAEZ04,1990,CO_AWB,0.000172414364864765
South America_Southern,Wheat,WheatAEZ05,WheatAEZ05,1990,CO_AWB,0.000209213547685453
South America_Southern,Wheat,WheatAEZ06,WheatAEZ06,1990,CO_AWB,0.000216638431306958
South America_Southern,Wheat,WheatAEZ07,WheatAEZ07,1990,CO_AWB,0.000289205563112013
South America_Southern,Wheat,WheatAEZ08,WheatAEZ08,1990,CO_AWB,0.000553368009137389
South America_Southern,Wheat,WheatAEZ09,WheatAEZ09,1990,CO_AWB,0.0011031980929594
South America_Southern,Wheat,WheatAEZ10,WheatAEZ10,1990,CO_AWB,0.00405871426785308
South America_Southern,Wheat,WheatAEZ11,WheatAEZ11,1990,CO_AWB,0.00185484857111725
South America_Southern,Wheat,WheatAEZ12,WheatAEZ12,1990,CO_AWB,0.00692480660400187
South America_Southern,Wheat,WheatAEZ13,WheatAEZ13,1990,CO_AWB,0.000203145133187108
South America_Southern,Wheat,WheatAEZ14,WheatAEZ14,1990,CO_AWB,0.000388092955447148
South America_Southern,Wheat,WheatAEZ15,WheatAEZ15,1990,CO_AWB,0.000171383131028445
South America_Southern,Wheat,WheatAEZ16,WheatAEZ16,1990,CO_AWB,0.000159849177197603
South America_Southern,Wheat,WheatAEZ17,WheatAEZ17,1990,CO_AWB,8.96380180801405e-06
South America_Southern,Wheat,WheatAEZ18,WheatAEZ18,1990,CO_AWB,0
South America_Southern,Corn,CornAEZ01,CornAEZ01,1990,N2O_AWB,4.65910459631962e-07
South America_Southern,Corn,CornAEZ02,CornAEZ02,1990,N2O_AWB,8.6414723450281e-08
South America_Southern,Corn,CornAEZ03,CornAEZ03,1990,N2O_AWB,2.7744092455689e-07
South America_Southern,Corn,CornAEZ04,CornAEZ04,1990,N2O_AWB,4.67990508980979e-07
South America_Southern,Corn,CornAEZ05,CornAEZ05,1990,N2O_AWB,6.34744564218569e-07
South America_Southern,Corn,CornAEZ06,CornAEZ06,1990,N2O_AWB,1.02236926270766e-06
South America_Southern,Corn,CornAEZ07,CornAEZ07,1990,N2O_AWB,4.81977149158109e-07
South America_Southern,Corn,CornAEZ08,CornAEZ08,1990,N2O_AWB,1.31048404729034e-06
South America_Southern,Corn,CornAEZ09,CornAEZ09,1990,N2O_AWB,1.51175456499282e-06
South America_Southern,Corn,CornAEZ10,CornAEZ10,1990,N2O_AWB,2.12994405468957e-06
South America_Southern,Corn,CornAEZ11,CornAEZ11,1990,N2O_AWB,4.39464117908736e-07
South America_Southern,Corn,CornAEZ12,CornAEZ12,1990,N2O_AWB,3.20482647274464e-06
South America_Southern,Corn,CornAEZ13,CornAEZ13,1990,N2O_AWB,2.03797762951143e-07
South America_Southern,Corn,CornAEZ14,CornAEZ14,1990,N2O_AWB,4.27554585002336e-07
South America_Southern,Corn,CornAEZ15,CornAEZ15,1990,N2O_AWB,2.75978711648174e-07
South America_Southern,Corn,CornAEZ16,CornAEZ16,1990,N2O_AWB,1.45515192082627e-07
South America_Southern,Corn,CornAEZ17,CornAEZ17,1990,N2O_AWB,0
South America_Southern,Corn,CornAEZ18,CornAEZ18,1990,N2O_AWB,0
South America_Southern,FiberCrop,FiberCropAEZ01,FiberCropAEZ01,1990,N2O_AWB,1.32656241027453e-07
South America_Southern,FiberCrop,FiberCropAEZ02,FiberCropAEZ02,1990,N2O_AWB,1.04388627532316e-08
South America_Southern,FiberCrop,FiberCropAEZ03,FiberCropAEZ03,1990,N2O_AWB,9.0495982630532e-08
South America_Southern,FiberCrop,FiberCropAEZ04,FiberCropAEZ04,1990,N2O_AWB,1.78029119727143e-07
South America_Southern,FiberCrop,FiberCropAEZ05,FiberCropAEZ05,1990,N2O_AWB,2.10723775677034e-07
South America_Southern,FiberCrop,FiberCropAEZ06,FiberCropAEZ06,1990,N2O_AWB,2.18656277818723e-07
South America_Southern,FiberCrop,FiberCropAEZ07,FiberCropAEZ07,1990,N2O_AWB,9.00481106312187e-08
South America_Southern,FiberCrop,FiberCropAEZ08,FiberCropAEZ08,1990,N2O_AWB,1.67383546820382e-07
South America_Southern,FiberCrop,FiberCropAEZ09,FiberCropAEZ09,1990,N2O_AWB,1.66418899437246e-07
South America_Southern,FiberCrop,FiberCropAEZ10,FiberCropAEZ10,1990,N2O_AWB,1.30391042261695e-07
South America_Southern,FiberCrop,FiberCropAEZ11,FiberCropAEZ11,1990,N2O_AWB,9.66456096980296e-08
South America_Southern,FiberCrop,FiberCropAEZ12,FiberCropAEZ12,1990,N2O_AWB,1.66382725160378e-06
South America_Southern,FiberCrop,FiberCropAEZ13,FiberCropAEZ13,1990,N2O_AWB,1.74583950501655e-08
South America_Southern,FiberCrop,FiberCropAEZ14,FiberCropAEZ14,1990,N2O_AWB,6.62161525138983e-08
South America_Southern,FiberCrop,FiberCropAEZ15,FiberCropAEZ15,1990,N2O_AWB,8.0031281108109e-08
South America_Southern,FiberCrop,FiberCropAEZ16,FiberCropAEZ16,1990,N2O_AWB,8.06255727995061e-08
South America_Southern,FiberCrop,FiberCropAEZ17,FiberCropAEZ17,1990,N2O_AWB,0
South America_Southern,FiberCrop,FiberCropAEZ18,FiberCropAEZ18,1990,N2O_AWB,0
South America_Southern,FodderGrass,FodderGrassAEZ01,FodderGrassAEZ01,1990,N2O_AWB,3.43779254879661e-07
South America_Southern,FodderGrass,FodderGrassAEZ02,FodderGrassAEZ02,1990,N2O_AWB,7.81771742046365e-10
South America_Southern,FodderGrass,FodderGrassAEZ03,FodderGrassAEZ03,1990,N2O_AWB,1.77245181188725e-07
South America_Southern,FodderGrass,FodderGrassAEZ04,FodderGrassAEZ04,1990,N2O_AWB,2.55140528071407e-06
South America_Southern,FodderGrass,FodderGrassAEZ05,FodderGrassAEZ05,1990,N2O_AWB,9.27362122946823e-07
South America_Southern,FodderGrass,FodderGrassAEZ06,FodderGrassAEZ06,1990,N2O_AWB,2.68899432520839e-06
South America_Southern,FodderGrass,FodderGrassAEZ07,FodderGrassAEZ07,1990,N2O_AWB,1.18233934140521e-06
South America_Southern,FodderGrass,FodderGrassAEZ08,FodderGrassAEZ08,1990,N2O_AWB,1.76457845234992e-06
South America_Southern,FodderGrass,FodderGrassAEZ09,FodderGrassAEZ09,1990,N2O_AWB,3.42642764642559e-06
South America_Southern,FodderGrass,FodderGrassAEZ10,FodderGrassAEZ10,1990,N2O_AWB,1.22043638598487e-05
South America_Southern,FodderGrass,FodderGrassAEZ11,FodderGrassAEZ11,1990,N2O_AWB,4.13615675765242e-06
South America_Southern,FodderGrass,FodderGrassAEZ12,FodderGrassAEZ12,1990,N2O_AWB,9.36289483283e-05
South America_Southern,FodderGrass,FodderGrassAEZ13,FodderGrassAEZ13,1990,N2O_AWB,4.91737207853007e-07
South America_Southern,FodderGrass,FodderGrassAEZ14,FodderGrassAEZ14,1990,N2O_AWB,2.94485903543088e-07
South America_Southern,FodderGrass,FodderGrassAEZ15,FodderGrassAEZ15,1990,N2O_AWB,6.33346395291297e-08
South America_Southern,FodderGrass,FodderGrassAEZ16,FodderGrassAEZ16,1990,N2O_AWB,9.88982985276301e-08
South America_Southern,FodderGrass,FodderGrassAEZ17,FodderGrassAEZ17,1990,N2O_AWB,6.51569188566755e-09
South America_Southern,FodderGrass,FodderGrassAEZ18,FodderGrassAEZ18,1990,N2O_AWB,2.28410889758031e-09
South America_Southern,FodderHerb,FodderHerbAEZ01,FodderHerbAEZ01,1990,N2O_AWB,2.27593734493406e-06
South America_Southern,FodderHerb,FodderHerbAEZ02,FodderHerbAEZ02,1990,N2O_AWB,1.16686353837284e-07
South America_Southern,FodderHerb,FodderHerbAEZ03,FodderHerbAEZ03,1990,N2O_AWB,1.03873261056485e-07
South America_Southern,FodderHerb,FodderHerbAEZ04,FodderHerbAEZ04,1990,N2O_AWB,2.33426375078885e-07
South America_Southern,FodderHerb,FodderHerbAEZ05,FodderHerbAEZ05,1990,N2O_AWB,6.03087456017695e-07
South America_Southern,FodderHerb,FodderHerbAEZ06,FodderHerbAEZ06,1990,N2O_AWB,1.23594019615497e-06
South America_Southern,FodderHerb,FodderHerbAEZ07,FodderHerbAEZ07,1990,N2O_AWB,1.8745487654053e-06
South America_Southern,FodderHerb,FodderHerbAEZ08,FodderHerbAEZ08,1990,N2O_AWB,3.29919026356608e-06
South America_Southern,FodderHerb,FodderHerbAEZ09,FodderHerbAEZ09,1990,N2O_AWB,3.38960642298996e-06
South America_Southern,FodderHerb,FodderHerbAEZ10,FodderHerbAEZ10,1990,N2O_AWB,6.03998795627263e-06
South America_Southern,FodderHerb,FodderHerbAEZ11,FodderHerbAEZ11,1990,N2O_AWB,2.12603757624979e-06
South America_Southern,FodderHerb,FodderHerbAEZ12,FodderHerbAEZ12,1990,N2O_AWB,2.03194855384293e-06
South America_Southern,FodderHerb,FodderHerbAEZ13,FodderHerbAEZ13,1990,N2O_AWB,5.32702655255319e-07
South America_Southern,FodderHerb,FodderHerbAEZ14,FodderHerbAEZ14,1990,N2O_AWB,1.27837434190625e-06
South America_Southern,FodderHerb,FodderHerbAEZ15,FodderHerbAEZ15,1990,N2O_AWB,1.33948139014724e-06
South America_Southern,FodderHerb,FodderHerbAEZ16,FodderHerbAEZ16,1990,N2O_AWB,1.34388211730128e-06
South America_Southern,FodderHerb,FodderHerbAEZ17,FodderHerbAEZ17,1990,N2O_AWB,0
South America_Southern,FodderHerb,FodderHerbAEZ18,FodderHerbAEZ18,1990,N2O_AWB,0
South America_Southern,MiscCrop,MiscCropAEZ01,MiscCropAEZ01,1990,N2O_AWB,2.83578725121858e-06
South America_Southern,MiscCrop,MiscCropAEZ02,MiscCropAEZ02,1990,N2O_AWB,2.87982516693163e-06
South America_Southern,MiscCrop,MiscCropAEZ03,MiscCropAEZ03,1990,N2O_AWB,5.61848979787889e-06
South America_Southern,MiscCrop,MiscCropAEZ04,MiscCropAEZ04,1990,N2O_AWB,4.45914435432441e-06
South America_Southern,MiscCrop,MiscCropAEZ05,MiscCropAEZ05,1990,N2O_AWB,2.8508287683434e-06
South America_Southern,MiscCrop,MiscCropAEZ06,MiscCropAEZ06,1990,N2O_AWB,8.28899903571589e-06
South America_Southern,MiscCrop,MiscCropAEZ07,MiscCropAEZ07,1990,N2O_AWB,1.24308931804863e-06
South America_Southern,MiscCrop,MiscCropAEZ08,MiscCropAEZ08,1990,N2O_AWB,2.5144056382944e-06
South America_Southern,MiscCrop,MiscCropAEZ09,MiscCropAEZ09,1990,N2O_AWB,4.8223760259253e-06
South America_Southern,MiscCrop,MiscCropAEZ10,MiscCropAEZ10,1990,N2O_AWB,1.08012751598282e-05
South America_Southern,MiscCrop,MiscCropAEZ11,MiscCropAEZ11,1990,N2O_AWB,3.69121747385564e-06
South America_Southern,MiscCrop,MiscCropAEZ12,MiscCropAEZ12,1990,N2O_AWB,6.15992971794616e-06
South America_Southern,MiscCrop,MiscCropAEZ13,MiscCropAEZ13,1990,N2O_AWB,5.05179836118391e-07
South America_Southern,MiscCrop,MiscCropAEZ14,MiscCropAEZ14,1990,N2O_AWB,7.90454515086248e-07
South America_Southern,MiscCrop,MiscCropAEZ15,MiscCropAEZ15,1990,N2O_AWB,5.44484687776167e-07
South America_Southern,MiscCrop,MiscCropAEZ16,MiscCropAEZ16,1990,N2O_AWB,6.95723951841291e-07
South America_Southern,MiscCrop,MiscCropAEZ17,MiscCropAEZ17,1990,N2O_AWB,6.67296396082501e-10
South America_Southern,MiscCrop,MiscCropAEZ18,MiscCropAEZ18,1990,N2O_AWB,0
South America_Southern,OilCrop,OilCropAEZ01,OilCropAEZ01,1990,N2O_AWB,3.03907604393221e-08
South America_Southern,OilCrop,OilCropAEZ02,OilCropAEZ02,1990,N2O_AWB,1.6496259764878e-08
South America_Southern,OilCrop,OilCropAEZ03,OilCropAEZ03,1990,N2O_AWB,3.67460908132647e-07
South America_Southern,OilCrop,OilCropAEZ04,OilCropAEZ04,1990,N2O_AWB,7.57200861242574e-07
South America_Southern,OilCrop,OilCropAEZ05,OilCropAEZ05,1990,N2O_AWB,7.24716436003277e-07
South America_Southern,OilCrop,OilCropAEZ06,OilCropAEZ06,1990,N2O_AWB,1.23120933978613e-07
South America_Southern,OilCrop,OilCropAEZ07,OilCropAEZ07,1990,N2O_AWB,1.0379358073539e-09
South America_Southern,OilCrop,OilCropAEZ08,OilCropAEZ08,1990,N2O_AWB,2.85521312948668e-08
South America_Southern,OilCrop,OilCropAEZ09,OilCropAEZ09,1990,N2O_AWB,1.6407491540592e-07
South America_Southern,OilCrop,OilCropAEZ10,OilCropAEZ10,1990,N2O_AWB,3.85256070422156e-07
South America_Southern,OilCrop,OilCropAEZ11,OilCropAEZ11,1990,N2O_AWB,2.30407910088468e-07
South America_Southern,OilCrop,OilCropAEZ12,OilCropAEZ12,1990,N2O_AWB,6.42418406987155e-06
South America_Southern,OilCrop,OilCropAEZ13,OilCropAEZ13,1990,N2O_AWB,4.15174322941561e-11
South America_Southern,OilCrop,OilCropAEZ14,OilCropAEZ14,1990,N2O_AWB,7.71038028320041e-11
South America_Southern,OilCrop,OilCropAEZ15,OilCropAEZ15,1990,N2O_AWB,0
South America_Southern,OilCrop,OilCropAEZ16,OilCropAEZ16,1990,N2O_AWB,9.09429469300561e-11
South America_Southern,OilCrop,OilCropAEZ17,OilCropAEZ17,1990,N2O_AWB,0
South America_Southern,OilCrop,OilCropAEZ18,OilCropAEZ18,1990,N2O_AWB,0
South America_Southern,OtherGrain,OtherGrainAEZ01,OtherGrainAEZ01,1990,N2O_AWB,1.37582385101723e-08
South America_Southern,OtherGrain,OtherGrainAEZ02,OtherGrainAEZ02,1990,N2O_AWB,1.2732211862724e-09
South America_Southern,OtherGrain,OtherGrainAEZ03,OtherGrainAEZ03,1990,N2O_AWB,7.76664923626173e-08
South America_Southern,OtherGrain,OtherGrainAEZ04,OtherGrainAEZ04,1990,N2O_AWB,1.62051258218756e-07
South America_Southern,OtherGrain,OtherGrainAEZ05,OtherGrainAEZ05,1990,N2O_AWB,1.72738189239702e-07
South America_Southern,OtherGrain,OtherGrainAEZ06,OtherGrainAEZ06,1990,N2O_AWB,5.06037697012096e-08
South America_Southern,OtherGrain,OtherGrainAEZ07,OtherGrainAEZ07,1990,N2O_AWB,2.95583716355634e-08
South America_Southern,OtherGrain,OtherGrainAEZ08,OtherGrainAEZ08,1990,N2O_AWB,1.29418192867407e-07
South America_Southern,OtherGrain,OtherGrainAEZ09,OtherGrainAEZ09,1990,N2O_AWB,2.00721965525221e-07
South America_Southern,OtherGrain,OtherGrainAEZ10,OtherGrainAEZ10,1990,N2O_AWB,5.15420930807736e-07
South America_Southern,OtherGrain,OtherGrainAEZ11,OtherGrainAEZ11,1990,N2O_AWB,5.67589137179312e-07
South America_Southern,OtherGrain,OtherGrainAEZ12,OtherGrainAEZ12,1990,N2O_AWB,1.56071859360459e-06
South America_Southern,OtherGrain,OtherGrainAEZ13,OtherGrainAEZ13,1990,N2O_AWB,2.82174259181063e-08
South America_Southern,OtherGrain,OtherGrainAEZ14,OtherGrainAEZ14,1990,N2O_AWB,7.09312877362985e-08
South America_Southern,OtherGrain,OtherGrainAEZ15,OtherGrainAEZ15,1990,N2O_AWB,1.2214457821817e-07
South America_Southern,OtherGrain,OtherGrainAEZ16,OtherGrainAEZ16,1990,N2O_AWB,7.83132616354308e-08
South America_Southern,OtherGrain,OtherGrainAEZ17,OtherGrainAEZ17,1990,N2O_AWB,0
South America_Southern,OtherGrain,OtherGrainAEZ18,OtherGrainAEZ18,1990,N2O_AWB,0
South America_Southern,PalmFruit,PalmFruitAEZ01,PalmFruitAEZ01,1990,N2O_AWB,3.90765719844894e-08
South America_Southern,PalmFruit,PalmFruitAEZ02,PalmFruitAEZ02,1990,N2O_AWB,2.23647328174049e-07
South America_Southern,PalmFruit,PalmFruitAEZ03,PalmFruitAEZ03,1990,N2O_AWB,4.81883477456344e-07
South America_Southern,PalmFruit,PalmFruitAEZ04,PalmFruitAEZ04,1990,N2O_AWB,5.187332082538e-07
South America_Southern,PalmFruit,PalmFruitAEZ05,PalmFruitAEZ05,1990,N2O_AWB,5.25361080493378e-07
South America_Southern,PalmFruit,PalmFruitAEZ06,PalmFruitAEZ06,1990,N2O_AWB,1.43473302599309e-06
South America_Southern,PalmFruit,PalmFruitAEZ07,PalmFruitAEZ07,1990,N2O_AWB,2.03172158372236e-09
South America_Southern,PalmFruit,PalmFruitAEZ08,PalmFruitAEZ08,1990,N2O_AWB,7.98379862579192e-08
South America_Southern,PalmFruit,PalmFruitAEZ09,PalmFruitAEZ09,1990,N2O_AWB,1.13587483358258e-07
South America_Southern,PalmFruit,PalmFruitAEZ10,PalmFruitAEZ10,1990,N2O_AWB,2.54219163163261e-07
South America_Southern,PalmFruit,PalmFruitAEZ11,PalmFruitAEZ11,1990,N2O_AWB,4.42670631463192e-07
South America_Southern,PalmFruit,PalmFruitAEZ12,PalmFruitAEZ12,1990,N2O_AWB,4.06551824894029e-07
South America_Southern,PalmFruit,PalmFruitAEZ13,PalmFruitAEZ13,1990,N2O_AWB,5.94650219626056e-10
South America_Southern,PalmFruit,PalmFruitAEZ14,PalmFruitAEZ14,1990,N2O_AWB,5.83190814352014e-09
South America_Southern,PalmFruit,PalmFruitAEZ15,PalmFruitAEZ15,1990,N2O_AWB,6.56592950837105e-10
South America_Southern,PalmFruit,PalmFruitAEZ16,PalmFruitAEZ16,1990,N2O_AWB,0
South America_Southern,PalmFruit,PalmFruitAEZ17,PalmFruitAEZ17,1990,N2O_AWB,0
South America_Southern,PalmFruit,PalmFruitAEZ18,PalmFruitAEZ18,1990,N2O_AWB,0
South America_Southern,Rice,RiceAEZ01,RiceAEZ01,1990,N2O_AWB,6.85851316648943e-07
South America_Southern,Rice,RiceAEZ02,RiceAEZ02,1990,N2O_AWB,3.21849195044437e-07
South America_Southern,Rice,RiceAEZ03,RiceAEZ03,1990,N2O_AWB,5.58511673750886e-07
South America_Southern,Rice,RiceAEZ04,RiceAEZ04,1990,N2O_AWB,8.16478425190262e-07
South America_Southern,Rice,RiceAEZ05,RiceAEZ05,1990,N2O_AWB,1.05701950586388e-06
South America_Southern,Rice,RiceAEZ06,RiceAEZ06,1990,N2O_AWB,4.26181251454106e-07
South America_Southern,Rice,RiceAEZ07,RiceAEZ07,1990,N2O_AWB,4.28419625360461e-07
South America_Southern,Rice,RiceAEZ08,RiceAEZ08,1990,N2O_AWB,1.01303475765184e-06
South America_Southern,Rice,RiceAEZ09,RiceAEZ09,1990,N2O_AWB,8.57811237719926e-07
South America_Southern,Rice,RiceAEZ10,RiceAEZ10,1990,N2O_AWB,5.1287034192757e-07
South America_Southern,Rice,RiceAEZ11,RiceAEZ11,1990,N2O_AWB,2.9490225740144e-07
South America_Southern,Rice,RiceAEZ12,RiceAEZ12,1990,N2O_AWB,2.74198467021262e-06
South America_Southern,Rice,RiceAEZ13,RiceAEZ13,1990,N2O_AWB,1.57522643025712e-07
South America_Southern,Rice,RiceAEZ14,RiceAEZ14,1990,N2O_AWB,4.12169217720899e-07
South America_Southern,Rice,RiceAEZ15,RiceAEZ15,1990,N2O_AWB,2.89689509817852e-07
South America_Southern,Rice,RiceAEZ16,RiceAEZ16,1990,N2O_AWB,2.12435235454891e-07
South America_Southern,Rice,RiceAEZ17,RiceAEZ17,1990,N2O_AWB,0
South America_Southern,Rice,RiceAEZ18,RiceAEZ18,1990,N2O_AWB,0
South America_Southern,Root_Tuber,Root_TuberAEZ01,Root_TuberAEZ01,1990,N2O_AWB,8.536127918122e-07
South America_Southern,Root_Tuber,Root_TuberAEZ02,Root_TuberAEZ02,1990,N2O_AWB,4.82769317374963e-08
South America_Southern,Root_Tuber,Root_TuberAEZ03,Root_TuberAEZ03,1990,N2O_AWB,1.56496756159629e-07
South America_Southern,Root_Tuber,Root_TuberAEZ04,Root_TuberAEZ04,1990,N2O_AWB,5.54783144563538e-07
South America_Southern,Root_Tuber,Root_TuberAEZ05,Root_TuberAEZ05,1990,N2O_AWB,8.63897078271436e-07
South America_Southern,Root_Tuber,Root_TuberAEZ06,Root_TuberAEZ06,1990,N2O_AWB,2.76615316245584e-06
South America_Southern,Root_Tuber,Root_TuberAEZ07,Root_TuberAEZ07,1990,N2O_AWB,1.20255706593006e-06
South America_Southern,Root_Tuber,Root_TuberAEZ08,Root_TuberAEZ08,1990,N2O_AWB,3.17000368334184e-06
South America_Southern,Root_Tuber,Root_TuberAEZ09,Root_TuberAEZ09,1990,N2O_AWB,3.68771303019297e-06
South America_Southern,Root_Tuber,Root_TuberAEZ10,Root_TuberAEZ10,1990,N2O_AWB,1.46862128960841e-06
South America_Southern,Root_Tuber,Root_TuberAEZ11,Root_TuberAEZ11,1990,N2O_AWB,1.27334576303084e-06
South America_Southern,Root_Tuber,Root_TuberAEZ12,Root_TuberAEZ12,1990,N2O_AWB,1.31470207102793e-05
South America_Southern,Root_Tuber,Root_TuberAEZ13,Root_TuberAEZ13,1990,N2O_AWB,4.56602580583082e-07
South America_Southern,Root_Tuber,Root_TuberAEZ14,Root_TuberAEZ14,1990,N2O_AWB,1.02407262783359e-06
South America_Southern,Root_Tuber,Root_TuberAEZ15,Root_TuberAEZ15,1990,N2O_AWB,1.42998204789491e-06
South America_Southern,Root_Tuber,Root_TuberAEZ16,Root_TuberAEZ16,1990,N2O_AWB,9.92644637942447e-07
South America_Southern,Root_Tuber,Root_TuberAEZ17,Root_TuberAEZ17,1990,N2O_AWB,0
South America_Southern,Root_Tuber,Root_TuberAEZ18,Root_TuberAEZ18,1990,N2O_AWB,0
South America_Southern,SugarCrop,SugarCropAEZ01,SugarCropAEZ01,1990,N2O_AWB,4.14512067916531e-06
South America_Southern,SugarCrop,SugarCropAEZ02,SugarCropAEZ02,1990,N2O_AWB,9.90683659033966e-07
South America_Southern,SugarCrop,SugarCropAEZ03,SugarCropAEZ03,1990,N2O_AWB,4.4611066702608e-06
South America_Southern,SugarCrop,SugarCropAEZ04,SugarCropAEZ04,1990,N2O_AWB,5.21695246054681e-06
South America_Southern,SugarCrop,SugarCropAEZ05,SugarCropAEZ05,1990,N2O_AWB,8.68398467082513e-06
South America_Southern,SugarCrop,SugarCropAEZ06,SugarCropAEZ06,1990,N2O_AWB,3.44612160701402e-06
South America_Southern,SugarCrop,SugarCropAEZ07,SugarCropAEZ07,1990,N2O_AWB,3.01060091738044e-06
South America_Southern,SugarCrop,SugarCropAEZ08,SugarCropAEZ08,1990,N2O_AWB,7.18703171858278e-06
South America_Southern,SugarCrop,SugarCropAEZ09,SugarCropAEZ09,1990,N2O_AWB,7.76879912738781e-06
South America_Southern,SugarCrop,SugarCropAEZ10,SugarCropAEZ10,1990,N2O_AWB,1.53030910986937e-05
South America_Southern,SugarCrop,SugarCropAEZ11,SugarCropAEZ11,1990,N2O_AWB,5.36667365495574e-06
South America_Southern,SugarCrop,SugarCropAEZ12,SugarCropAEZ12,1990,N2O_AWB,1.27167347643847e-05
South America_Southern,SugarCrop,SugarCropAEZ13,SugarCropAEZ13,1990,N2O_AWB,4.78923738672777e-07
South America_Southern,SugarCrop,SugarCropAEZ14,SugarCropAEZ14,1990,N2O_AWB,1.97666960441539e-06
South America_Southern,SugarCrop,SugarCropAEZ15,SugarCropAEZ15,1990,N2O_AWB,1.46820087275395e-06
South America_Southern,SugarCrop,SugarCropAEZ16,SugarCropAEZ16,1990,N2O_AWB,1.23557041143901e-06
South America_Southern,SugarCrop,SugarCropAEZ17,SugarCropAEZ17,1990,N2O_AWB,0
South America_Southern,SugarCrop,SugarCropAEZ18,SugarCropAEZ18,1990,N2O_AWB,0
South America_Southern,Wheat,WheatAEZ01,WheatAEZ01,1990,N2O_AWB,8.89566025613613e-08
South America_Southern,Wheat,WheatAEZ02,WheatAEZ02,1990,N2O_AWB,3.14734930499489e-09
South America_Southern,Wheat,WheatAEZ03,WheatAEZ03,1990,N2O_AWB,5.22049460806758e-08
South America_Southern,Wheat,WheatAEZ04,WheatAEZ04,1990,N2O_AWB,1.06223039043577e-07
South America_Southern,Wheat,WheatAEZ05,WheatAEZ05,1990,N2O_AWB,1.28894705853937e-07
South America_Southern,Wheat,WheatAEZ06,WheatAEZ06,1990,N2O_AWB,1.33469114160575e-07
South America_Southern,Wheat,WheatAEZ07,WheatAEZ07,1990,N2O_AWB,1.7817711329426e-07
South America_Southern,Wheat,WheatAEZ08,WheatAEZ08,1990,N2O_AWB,3.40925372930339e-07
South America_Southern,Wheat,WheatAEZ09,WheatAEZ09,1990,N2O_AWB,6.79671059851319e-07
South America_Southern,Wheat,WheatAEZ10,WheatAEZ10,1990,N2O_AWB,2.50053969968827e-06
South America_Southern,Wheat,WheatAEZ11,WheatAEZ11,1990,N2O_AWB,1.14275659307304e-06
South America_Southern,Wheat,WheatAEZ12,WheatAEZ12,1990,N2O_AWB,4.26631506512273e-06
South America_Southern,Wheat,WheatAEZ13,WheatAEZ13,1990,N2O_AWB,1.25156006757165e-07
South America_Southern,Wheat,WheatAEZ14,WheatAEZ14,1990,N2O_AWB,2.39100803412375e-07
South America_Southern,Wheat,WheatAEZ15,WheatAEZ15,1990,N2O_AWB,1.05587704556544e-07
South America_Southern,Wheat,WheatAEZ16,WheatAEZ16,1990,N2O_AWB,9.84817326784973e-08
South America_Southern,Wheat,WheatAEZ17,WheatAEZ17,1990,N2O_AWB,5.52252284882646e-09
South America_Southern,Wheat,WheatAEZ18,WheatAEZ18,1990,N2O_AWB,0
South America_Southern,Corn,CornAEZ01,CornAEZ01,1990,NH3_AWB,8.64391323823862e-06
South America_Southern,Corn,CornAEZ02,CornAEZ02,1990,NH3_AWB,1.6032294544335e-06
South America_Southern,Corn,CornAEZ03,CornAEZ03,1990,NH3_AWB,5.14728791987384e-06
South America_Southern,Corn,CornAEZ04,CornAEZ04,1990,NH3_AWB,8.68250384236105e-06
South America_Southern,Corn,CornAEZ05,CornAEZ05,1990,NH3_AWB,1.17762476203754e-05
South America_Southern,Corn,CornAEZ06,CornAEZ06,1990,NH3_AWB,1.89677458867695e-05
South America_Southern,Corn,CornAEZ07,CornAEZ07,1990,NH3_AWB,8.94199426951541e-06
South America_Southern,Corn,CornAEZ08,CornAEZ08,1990,NH3_AWB,2.43130631019136e-05
South America_Southern,Corn,CornAEZ09,CornAEZ09,1990,NH3_AWB,2.80471816572471e-05
South America_Southern,Corn,CornAEZ10,CornAEZ10,1990,NH3_AWB,3.95162873689987e-05
South America_Southern,Corn,CornAEZ11,CornAEZ11,1990,NH3_AWB,8.15326127153894e-06
South America_Southern,Corn,CornAEZ12,CornAEZ12,1990,NH3_AWB,5.94582959049641e-05
South America_Southern,Corn,CornAEZ13,CornAEZ13,1990,NH3_AWB,3.78100586642411e-06
South America_Southern,Corn,CornAEZ14,CornAEZ14,1990,NH3_AWB,7.93230686490855e-06
South America_Southern,Corn,CornAEZ15,CornAEZ15,1990,NH3_AWB,5.12015987143132e-06
South America_Southern,Corn,CornAEZ16,CornAEZ16,1990,NH3_AWB,2.69970478061696e-06
South America_Southern,Corn,CornAEZ17,CornAEZ17,1990,NH3_AWB,0
South America_Southern,Corn,CornAEZ18,CornAEZ18,1990,NH3_AWB,0
South America_Southern,FiberCrop,FiberCropAEZ01,FiberCropAEZ01,1990,NH3_AWB,2.46113607077627e-06
South America_Southern,FiberCrop,FiberCropAEZ02,FiberCropAEZ02,1990,NH3_AWB,1.93669453173669e-07
South America_Southern,FiberCrop,FiberCropAEZ03,FiberCropAEZ03,1990,NH3_AWB,1.67894797400639e-06
South America_Southern,FiberCrop,FiberCropAEZ04,FiberCropAEZ04,1990,NH3_AWB,3.30292706031332e-06
South America_Southern,FiberCrop,FiberCropAEZ05,FiberCropAEZ05,1990,NH3_AWB,3.9095023443457e-06
South America_Southern,FiberCrop,FiberCropAEZ06,FiberCropAEZ06,1990,NH3_AWB,4.05667195356433e-06
South America_Southern,FiberCrop,FiberCropAEZ07,FiberCropAEZ07,1990,NH3_AWB,1.6706387235402e-06
South America_Southern,FiberCrop,FiberCropAEZ08,FiberCropAEZ08,1990,NH3_AWB,3.10542256846294e-06
South America_Southern,FiberCrop,FiberCropAEZ09,FiberCropAEZ09,1990,NH3_AWB,3.08752572130499e-06
South America_Southern,FiberCrop,FiberCropAEZ10,FiberCropAEZ10,1990,NH3_AWB,2.41911043861072e-06
South America_Southern,FiberCrop,FiberCropAEZ11,FiberCropAEZ11,1990,NH3_AWB,1.7930403746384e-06
South America_Southern,FiberCrop,FiberCropAEZ12,FiberCropAEZ12,1990,NH3_AWB,3.08685458953656e-05
South America_Southern,FiberCrop,FiberCropAEZ13,FiberCropAEZ13,1990,NH3_AWB,3.23900974903489e-07
South America_Southern,FiberCrop,FiberCropAEZ14,FiberCropAEZ14,1990,NH3_AWB,1.22849072277159e-06
South America_Southern,FiberCrop,FiberCropAEZ15,FiberCropAEZ15,1990,NH3_AWB,1.48479914099813e-06
South America_Southern,FiberCrop,FiberCropAEZ16,FiberCropAEZ16,1990,NH3_AWB,1.49582487719366e-06
South America_Southern,FiberCrop,FiberCropAEZ17,FiberCropAEZ17,1990,NH3_AWB,0
South America_Southern,FiberCrop,FiberCropAEZ18,FiberCropAEZ18,1990,NH3_AWB,0
South America_Southern,FodderGrass,FodderGrassAEZ01,FodderGrassAEZ01,1990,NH3_AWB,6.37804537514242e-06
South America_Southern,FodderGrass,FodderGrassAEZ02,FodderGrassAEZ02,1990,NH3_AWB,1.45040038716741e-08
South America_Southern,FodderGrass,FodderGrassAEZ03,FodderGrassAEZ03,1990,NH3_AWB,3.28838285644301e-06
South America_Southern,FodderGrass,FodderGrassAEZ04,FodderGrassAEZ04,1990,NH3_AWB,4.73355457602252e-05
South America_Southern,FodderGrass,FodderGrassAEZ05,FodderGrassAEZ05,1990,NH3_AWB,1.72051036104947e-05
South America_Southern,FodderGrass,FodderGrassAEZ06,FodderGrassAEZ06,1990,NH3_AWB,4.98881988259678e-05
South America_Southern,FodderGrass,FodderGrassAEZ07,FodderGrassAEZ07,1990,NH3_AWB,2.19356283465625e-05
South America_Southern,FodderGrass,FodderGrassAEZ08,FodderGrassAEZ08,1990,NH3_AWB,3.27377562122706e-05
South America_Southern,FodderGrass,FodderGrassAEZ09,FodderGrassAEZ09,1990,NH3_AWB,6.35696037307277e-05
South America_Southern,FodderGrass,FodderGrassAEZ10,FodderGrassAEZ10,1990,NH3_AWB,0.000226424327145951
South America_Southern,FodderGrass,FodderGrassAEZ11,FodderGrassAEZ11,1990,NH3_AWB,7.67370197723057e-05
South America_Southern,FodderGrass,FodderGrassAEZ12,FodderGrassAEZ12,1990,NH3_AWB,0.0017370730560045
South America_Southern,FodderGrass,FodderGrassAEZ13,FodderGrassAEZ13,1990,NH3_AWB,9.12307005095516e-06
South America_Southern,FodderGrass,FodderGrassAEZ14,FodderGrassAEZ14,1990,NH3_AWB,5.46351889614486e-06
South America_Southern,FodderGrass,FodderGrassAEZ15,FodderGrassAEZ15,1990,NH3_AWB,1.17503077629417e-06
South America_Southern,FodderGrass,FodderGrassAEZ16,FodderGrassAEZ16,1990,NH3_AWB,1.83483391327498e-06
South America_Southern,FodderGrass,FodderGrassAEZ17,FodderGrassAEZ17,1990,NH3_AWB,1.20883904154664e-07
South America_Southern,FodderGrass,FodderGrassAEZ18,FodderGrassAEZ18,1990,NH3_AWB,4.23764668279162e-08
South America_Southern,FodderHerb,FodderHerbAEZ01,FodderHerbAEZ01,1990,NH3_AWB,4.22248621780622e-05
South America_Southern,FodderHerb,FodderHerbAEZ02,FodderHerbAEZ02,1990,NH3_AWB,2.16485098757525e-06
South America_Southern,FodderHerb,FodderHerbAEZ03,FodderHerbAEZ03,1990,NH3_AWB,1.92713307414138e-06
South America_Southern,FodderHerb,FodderHerbAEZ04,FodderHerbAEZ04,1990,NH3_AWB,4.33069765227484e-06
South America_Southern,FodderHerb,FodderHerbAEZ05,FodderHerbAEZ05,1990,NH3_AWB,1.11889216846622e-05
South America_Southern,FodderHerb,FodderHerbAEZ06,FodderHerbAEZ06,1990,NH3_AWB,2.29300707944062e-05
South America_Southern,FodderHerb,FodderHerbAEZ07,FodderHerbAEZ07,1990,NH3_AWB,3.47780062757345e-05
South America_Southern,FodderHerb,FodderHerbAEZ08,FodderHerbAEZ08,1990,NH3_AWB,6.12090022989268e-05
South America_Southern,FodderHerb,FodderHerbAEZ09,FodderHerbAEZ09,1990,NH3_AWB,6.28864693341424e-05
South America_Southern,FodderHerb,FodderHerbAEZ10,FodderHerbAEZ10,1990,NH3_AWB,0.000112058295268298
South America_Southern,FodderHerb,FodderHerbAEZ11,FodderHerbAEZ11,1990,NH3_AWB,3.94438115101669e-05
South America_Southern,FodderHerb,FodderHerbAEZ12,FodderHerbAEZ12,1990,NH3_AWB,3.76982028217549e-05
South America_Southern,FodderHerb,FodderHerbAEZ13,FodderHerbAEZ13,1990,NH3_AWB,9.883091136103e-06
South America_Southern,FodderHerb,FodderHerbAEZ14,FodderHerbAEZ14,1990,NH3_AWB,2.37173402506501e-05
South America_Southern,FodderHerb,FodderHerbAEZ15,FodderHerbAEZ15,1990,NH3_AWB,2.48510431163408e-05
South America_Southern,FodderHerb,FodderHerbAEZ16,FodderHerbAEZ16,1990,NH3_AWB,2.49326886405359e-05
South America_Southern,FodderHerb,FodderHerbAEZ17,FodderHerbAEZ17,1990,NH3_AWB,0
South America_Southern,FodderHerb,FodderHerbAEZ18,FodderHerbAEZ18,1990,NH3_AWB,0
South America_Southern,MiscCrop,MiscCropAEZ01,MiscCropAEZ01,1990,NH3_AWB,5.26116090653979e-05
South America_Southern,MiscCrop,MiscCropAEZ02,MiscCropAEZ02,1990,NH3_AWB,5.3428632840561e-05
South America_Southern,MiscCrop,MiscCropAEZ03,MiscCropAEZ03,1990,NH3_AWB,0.000104238351680616
South America_Southern,MiscCrop,MiscCropAEZ04,MiscCropAEZ04,1990,NH3_AWB,8.27293230248777e-05
South America_Southern,MiscCrop,MiscCropAEZ05,MiscCropAEZ05,1990,NH3_AWB,5.28906703449001e-05
South America_Southern,MiscCrop,MiscCropAEZ06,MiscCropAEZ06,1990,NH3_AWB,0.000153783601581235
South America_Southern,MiscCrop,MiscCropAEZ07,MiscCropAEZ07,1990,NH3_AWB,2.30627065575681e-05
South America_Southern,MiscCrop,MiscCropAEZ08,MiscCropAEZ08,1990,NH3_AWB,4.66491012035305e-05
South America_Southern,MiscCrop,MiscCropAEZ09,MiscCropAEZ09,1990,NH3_AWB,8.9468263930344e-05
South America_Southern,MiscCrop,MiscCropAEZ10,MiscCropAEZ10,1990,NH3_AWB,0.000200393194472709
South America_Southern,MiscCrop,MiscCropAEZ11,MiscCropAEZ11,1990,NH3_AWB,6.84821791995881e-05
South America_Southern,MiscCrop,MiscCropAEZ12,MiscCropAEZ12,1990,NH3_AWB,0.000114283542974406
South America_Southern,MiscCrop,MiscCropAEZ13,MiscCropAEZ13,1990,NH3_AWB,9.37246756933598e-06
South America_Southern,MiscCrop,MiscCropAEZ14,MiscCropAEZ14,1990,NH3_AWB,1.46650930579597e-05
South America_Southern,MiscCrop,MiscCropAEZ15,MiscCropAEZ15,1990,NH3_AWB,1.01016800618823e-05
South America_Southern,MiscCrop,MiscCropAEZ16,MiscCropAEZ16,1990,NH3_AWB,1.29075820324599e-05
South America_Southern,MiscCrop,MiscCropAEZ17,MiscCropAEZ17,1990,NH3_AWB,1.23801731270056e-08
South America_Southern,MiscCrop,MiscCropAEZ18,MiscCropAEZ18,1990,NH3_AWB,0
South America_Southern,OilCrop,OilCropAEZ01,OilCropAEZ01,1990,NH3_AWB,5.63831721419405e-07
South America_Southern,OilCrop,OilCropAEZ02,OilCropAEZ02,1990,NH3_AWB,3.06050734030935e-07
South America_Southern,OilCrop,OilCropAEZ03,OilCropAEZ03,1990,NH3_AWB,6.81740480961093e-06
South America_Southern,OilCrop,OilCropAEZ04,OilCropAEZ04,1990,NH3_AWB,1.40481468342021e-05
South America_Southern,OilCrop,OilCropAEZ05,OilCropAEZ05,1990,NH3_AWB,1.34454719048082e-05
South America_Southern,OilCrop,OilCropAEZ06,OilCropAEZ06,1990,NH3_AWB,2.28423004704105e-06
South America_Southern,OilCrop,OilCropAEZ07,OilCropAEZ07,1990,NH3_AWB,1.92565478626847e-08
South America_Southern,OilCrop,OilCropAEZ08,OilCropAEZ08,1990,NH3_AWB,5.29720122348366e-07
South America_Southern,OilCrop,OilCropAEZ09,OilCropAEZ09,1990,NH3_AWB,3.04403840699442e-06
South America_Southern,OilCrop,OilCropAEZ10,OilCropAEZ10,1990,NH3_AWB,7.1475537378243e-06
South America_Southern,OilCrop,OilCropAEZ11,OilCropAEZ11,1990,NH3_AWB,4.27469687154449e-06
South America_Southern,OilCrop,OilCropAEZ12,OilCropAEZ12,1990,NH3_AWB,0.00011918618390819
South America_Southern,OilCrop,OilCropAEZ13,OilCropAEZ13,1990,NH3_AWB,7.70261914507386e-10
South America_Southern,OilCrop,OilCropAEZ14,OilCropAEZ14,1990,NH3_AWB,1.43048641265657e-09
South America_Southern,OilCrop,OilCropAEZ15,OilCropAEZ15,1990,NH3_AWB,0
South America_Southern,OilCrop,OilCropAEZ16,OilCropAEZ16,1990,NH3_AWB,1.68724038415904e-09
South America_Southern,OilCrop,OilCropAEZ17,OilCropAEZ17,1990,NH3_AWB,0
South America_Southern,OilCrop,OilCropAEZ18,OilCropAEZ18,1990,NH3_AWB,0
South America_Southern,OtherGrain,OtherGrainAEZ01,OtherGrainAEZ01,1990,NH3_AWB,2.55252951579721e-07
South America_Southern,OtherGrain,OtherGrainAEZ02,OtherGrainAEZ02,1990,NH3_AWB,2.36217351203483e-08
South America_Southern,OtherGrain,OtherGrainAEZ03,OtherGrainAEZ03,1990,NH3_AWB,1.44092584234126e-06
South America_Southern,OtherGrain,OtherGrainAEZ04,OtherGrainAEZ04,1990,NH3_AWB,3.0064940317005e-06
South America_Southern,OtherGrain,OtherGrainAEZ05,OtherGrainAEZ05,1990,NH3_AWB,3.20476582967875e-06
South America_Southern,OtherGrain,OtherGrainAEZ06,OtherGrainAEZ06,1990,NH3_AWB,9.38838323506607e-07
South America_Southern,OtherGrain,OtherGrainAEZ07,OtherGrainAEZ07,1990,NH3_AWB,5.48388632621065e-07
South America_Southern,OtherGrain,OtherGrainAEZ08,OtherGrainAEZ08,1990,NH3_AWB,2.40106142171434e-06
South America_Southern,OtherGrain,OtherGrainAEZ09,OtherGrainAEZ09,1990,NH3_AWB,3.72394141221747e-06
South America_Southern,OtherGrain,OtherGrainAEZ10,OtherGrainAEZ10,1990,NH3_AWB,9.5624678840514e-06
South America_Southern,OtherGrain,OtherGrainAEZ11,OtherGrainAEZ11,1990,NH3_AWB,1.05303307863495e-05
South America_Southern,OtherGrain,OtherGrainAEZ12,OtherGrainAEZ12,1990,NH3_AWB,2.89555982990393e-05
South America_Southern,OtherGrain,OtherGrainAEZ13,OtherGrainAEZ13,1990,NH3_AWB,5.23510422228358e-07
South America_Southern,OtherGrain,OtherGrainAEZ14,OtherGrainAEZ14,1990,NH3_AWB,1.31596937650516e-06
South America_Southern,OtherGrain,OtherGrainAEZ15,OtherGrainAEZ15,1990,NH3_AWB,2.26611597746299e-06
South America_Southern,OtherGrain,OtherGrainAEZ16,OtherGrainAEZ16,1990,NH3_AWB,1.45292518119228e-06
South America_Southern,OtherGrain,OtherGrainAEZ17,OtherGrainAEZ17,1990,NH3_AWB,0
South America_Southern,OtherGrain,OtherGrainAEZ18,OtherGrainAEZ18,1990,NH3_AWB,0
South America_Southern,PalmFruit,PalmFruitAEZ01,PalmFruitAEZ01,1990,NH3_AWB,7.24977280288002e-07
South America_Southern,PalmFruit,PalmFruitAEZ02,PalmFruitAEZ02,1990,NH3_AWB,4.14926958761013e-06
South America_Southern,PalmFruit,PalmFruitAEZ03,PalmFruitAEZ03,1990,NH3_AWB,8.94025640326622e-06
South America_Southern,PalmFruit,PalmFruitAEZ04,PalmFruitAEZ04,1990,NH3_AWB,9.62391968937763e-06
South America_Southern,PalmFruit,PalmFruitAEZ05,PalmFruitAEZ05,1990,NH3_AWB,9.74688484589782e-06
South America_Southern,PalmFruit,PalmFruitAEZ06,PalmFruitAEZ06,1990,NH3_AWB,2.66182214636613e-05
South America_Southern,PalmFruit,PalmFruitAEZ07,PalmFruitAEZ07,1990,NH3_AWB,3.76939919052808e-08
South America_Southern,PalmFruit,PalmFruitAEZ08,PalmFruitAEZ08,1990,NH3_AWB,1.4812129928877e-06
South America_Southern,PalmFruit,PalmFruitAEZ09,PalmFruitAEZ09,1990,NH3_AWB,2.10735846513136e-06
South America_Southern,PalmFruit,PalmFruitAEZ10,PalmFruitAEZ10,1990,NH3_AWB,4.71646073714827e-06
South America_Southern,PalmFruit,PalmFruitAEZ11,PalmFruitAEZ11,1990,NH3_AWB,8.21275086742363e-06
South America_Southern,PalmFruit,PalmFruitAEZ12,PalmFruitAEZ12,1990,NH3_AWB,7.54264822474162e-06
South America_Southern,PalmFruit,PalmFruitAEZ13,PalmFruitAEZ13,1990,NH3_AWB,1.10323878747163e-08
South America_Southern,PalmFruit,PalmFruitAEZ14,PalmFruitAEZ14,1990,NH3_AWB,1.0819784566714e-07
South America_Southern,PalmFruit,PalmFruitAEZ15,PalmFruitAEZ15,1990,NH3_AWB,1.21815949449993e-08
South America_Southern,PalmFruit,PalmFruitAEZ16,PalmFruitAEZ16,1990,NH3_AWB,0
South America_Southern,PalmFruit,PalmFruitAEZ17,PalmFruitAEZ17,1990,NH3_AWB,0
South America_Southern,PalmFruit,PalmFruitAEZ18,PalmFruitAEZ18,1990,NH3_AWB,0
South America_Southern,Rice,RiceAEZ01,RiceAEZ01,1990,NH3_AWB,1.27244176491085e-05
South America_Southern,Rice,RiceAEZ02,RiceAEZ02,1990,NH3_AWB,5.97118278898198e-06
South America_Southern,Rice,RiceAEZ03,RiceAEZ03,1990,NH3_AWB,1.03619190139231e-05
South America_Southern,Rice,RiceAEZ04,RiceAEZ04,1990,NH3_AWB,1.51479077628206e-05
South America_Southern,Rice,RiceAEZ05,RiceAEZ05,1990,NH3_AWB,1.96106026617876e-05
South America_Southern,Rice,RiceAEZ06,RiceAEZ06,1990,NH3_AWB,7.90682777167798e-06
South America_Southern,Rice,RiceAEZ07,RiceAEZ07,1990,NH3_AWB,7.94835572933867e-06
South America_Southern,Rice,RiceAEZ08,RiceAEZ08,1990,NH3_AWB,1.87945652891754e-05
South America_Southern,Rice,RiceAEZ09,RiceAEZ09,1990,NH3_AWB,1.59147444757827e-05
South America_Southern,Rice,RiceAEZ10,RiceAEZ10,1990,NH3_AWB,9.51514748475411e-06
South America_Southern,Rice,RiceAEZ11,RiceAEZ11,1990,NH3_AWB,5.47124339889769e-06
South America_Southern,Rice,RiceAEZ12,RiceAEZ12,1990,NH3_AWB,5.08713146483572e-05
South America_Southern,Rice,RiceAEZ13,RiceAEZ13,1990,NH3_AWB,2.92247583462255e-06
South America_Southern,Rice,RiceAEZ14,RiceAEZ14,1990,NH3_AWB,7.64686622460993e-06
South America_Southern,Rice,RiceAEZ15,RiceAEZ15,1990,NH3_AWB,5.37453267495093e-06
South America_Southern,Rice,RiceAEZ16,RiceAEZ16,1990,NH3_AWB,3.9412546038726e-06
South America_Southern,Rice,RiceAEZ17,RiceAEZ17,1990,NH3_AWB,0
South America_Southern,Rice,RiceAEZ18,RiceAEZ18,1990,NH3_AWB,0
South America_Southern,Root_Tuber,Root_TuberAEZ01,Root_TuberAEZ01,1990,NH3_AWB,1.58368518219228e-05
South America_Southern,Root_Tuber,Root_TuberAEZ02,Root_TuberAEZ02,1990,NH3_AWB,8.95669115642794e-07
South America_Southern,Root_Tuber,Root_TuberAEZ03,Root_TuberAEZ03,1990,NH3_AWB,2.90344282757291e-06
South America_Southern,Root_Tuber,Root_TuberAEZ04,Root_TuberAEZ04,1990,NH3_AWB,1.0292744600395e-05
South America_Southern,Root_Tuber,Root_TuberAEZ05,Root_TuberAEZ05,1990,NH3_AWB,1.60276534620942e-05
South America_Southern,Root_Tuber,Root_TuberAEZ06,Root_TuberAEZ06,1990,NH3_AWB,5.13197062775437e-05
South America_Southern,Root_Tuber,Root_TuberAEZ07,Root_TuberAEZ07,1990,NH3_AWB,2.23107224296733e-05
South America_Southern,Root_Tuber,Root_TuberAEZ08,Root_TuberAEZ08,1990,NH3_AWB,5.88122379251774e-05
South America_Southern,Root_Tuber,Root_TuberAEZ09,Root_TuberAEZ09,1990,NH3_AWB,6.84171621853912e-05
South America_Southern,Root_Tuber,Root_TuberAEZ10,Root_TuberAEZ10,1990,NH3_AWB,2.72469414342685e-05
South America_Southern,Root_Tuber,Root_TuberAEZ11,Root_TuberAEZ11,1990,NH3_AWB,2.36240463599204e-05
South America_Southern,Root_Tuber,Root_TuberAEZ12,Root_TuberAEZ12,1990,NH3_AWB,0.000243913189780607
South America_Southern,Root_Tuber,Root_TuberAEZ13,Root_TuberAEZ13,1990,NH3_AWB,8.47122662589235e-06
South America_Southern,Root_Tuber,Root_TuberAEZ14,Root_TuberAEZ14,1990,NH3_AWB,1.89993479683652e-05
South America_Southern,Root_Tuber,Root_TuberAEZ15,Root_TuberAEZ15,1990,NH3_AWB,2.65300778265559e-05
South America_Southern,Root_Tuber,Root_TuberAEZ16,Root_TuberAEZ16,1990,NH3_AWB,1.841627280391e-05
South America_Southern,Root_Tuber,Root_TuberAEZ17,Root_TuberAEZ17,1990,NH3_AWB,0
South America_Southern,Root_Tuber,Root_TuberAEZ18,Root_TuberAEZ18,1990,NH3_AWB,0
South America_Southern,SugarCrop,SugarCropAEZ01,SugarCropAEZ01,1990,NH3_AWB,7.69033250316746e-05
South America_Southern,SugarCrop,SugarCropAEZ02,SugarCropAEZ02,1990,NH3_AWB,1.83798912821036e-05
South America_Southern,SugarCrop,SugarCropAEZ03,SugarCropAEZ03,1990,NH3_AWB,8.27657293522083e-05
South America_Southern,SugarCrop,SugarCropAEZ04,SugarCropAEZ04,1990,NH3_AWB,9.67887359142014e-05
South America_Southern,SugarCrop,SugarCropAEZ05,SugarCropAEZ05,1990,NH3_AWB,0.000161111665353257
South America_Southern,SugarCrop,SugarCropAEZ06,SugarCropAEZ06,1990,NH3_AWB,6.39349805603832e-05
South America_Southern,SugarCrop,SugarCropAEZ07,SugarCropAEZ07,1990,NH3_AWB,5.58548806681757e-05
South America_Southern,SugarCrop,SugarCropAEZ08,SugarCropAEZ08,1990,NH3_AWB,0.000133339094093256
South America_Southern,SugarCrop,SugarCropAEZ09,SugarCropAEZ09,1990,NH3_AWB,0.000144132470594222
South America_Southern,SugarCrop,SugarCropAEZ10,SugarCropAEZ10,1990,NH3_AWB,0.000283914192092749
South America_Southern,SugarCrop,SugarCropAEZ11,SugarCropAEZ11,1990,NH3_AWB,9.95664735409088e-05
South America_Southern,SugarCrop,SugarCropAEZ12,SugarCropAEZ12,1990,NH3_AWB,0.000235930208701186
South America_Southern,SugarCrop,SugarCropAEZ13,SugarCropAEZ13,1990,NH3_AWB,8.88534515428242e-06
South America_Southern,SugarCrop,SugarCropAEZ14,SugarCropAEZ14,1990,NH3_AWB,3.66726271282406e-05
South America_Southern,SugarCrop,SugarCropAEZ15,SugarCropAEZ15,1990,NH3_AWB,2.7239141551826e-05
South America_Southern,SugarCrop,SugarCropAEZ16,SugarCropAEZ16,1990,NH3_AWB,2.2923210276606e-05
South America_Southern,SugarCrop,SugarCropAEZ17,SugarCropAEZ17,1990,NH3_AWB,0
South America_Southern,SugarCrop,SugarCropAEZ18,SugarCropAEZ18,1990,NH3_AWB,0
South America_Southern,Wheat,WheatAEZ01,WheatAEZ01,1990,NH3_AWB,1.65038826369403e-06
South America_Southern,Wheat,WheatAEZ02,WheatAEZ02,1990,NH3_AWB,5.83919372496958e-08
South America_Southern,Wheat,WheatAEZ03,WheatAEZ03,1990,NH3_AWB,9.68544524380818e-07
South America_Southern,Wheat,WheatAEZ04,WheatAEZ04,1990,NH3_AWB,1.97072788217723e-06
South America_Southern,Wheat,WheatAEZ05,WheatAEZ05,1990,NH3_AWB,2.39134930593708e-06
South America_Southern,Wheat,WheatAEZ06,WheatAEZ06,1990,NH3_AWB,2.47621709051117e-06
South America_Southern,Wheat,WheatAEZ07,WheatAEZ07,1990,NH3_AWB,3.30567274572889e-06
South America_Southern,Wheat,WheatAEZ08,WheatAEZ08,1990,NH3_AWB,6.32509805994027e-06
South America_Southern,Wheat,WheatAEZ09,WheatAEZ09,1990,NH3_AWB,1.26097569832138e-05
South America_Southern,Wheat,WheatAEZ10,WheatAEZ10,1990,NH3_AWB,4.63918501206232e-05
South America_Southern,Wheat,WheatAEZ11,WheatAEZ11,1990,NH3_AWB,2.12012601106904e-05
South America_Southern,Wheat,WheatAEZ12,WheatAEZ12,1990,NH3_AWB,7.9151812344033e-05
South America_Southern,Wheat,WheatAEZ13,WheatAEZ13,1990,NH3_AWB,2.32198621277557e-06
South America_Southern,Wheat,WheatAEZ14,WheatAEZ14,1990,NH3_AWB,4.43597381677658e-06
South America_Southern,Wheat,WheatAEZ15,WheatAEZ15,1990,NH3_AWB,1.95894068987527e-06
South America_Southern,Wheat,WheatAEZ16,WheatAEZ16,1990,NH3_AWB,1.82710547751339e-06
South America_Southern,Wheat,WheatAEZ17,WheatAEZ17,1990,NH3_AWB,1.02457902317013e-07
South America_Southern,Wheat,WheatAEZ18,WheatAEZ18,1990,NH3_AWB,0
South America_Southern,Corn,CornAEZ01,CornAEZ01,1990,NMVOC_AWB,4.65910459631962e-05
South America_Southern,Corn,CornAEZ02,CornAEZ02,1990,NMVOC_AWB,8.6414723450281e-06
South America_Southern,Corn,CornAEZ03,CornAEZ03,1990,NMVOC_AWB,2.7744092455689e-05
South America_Southern,Corn,CornAEZ04,CornAEZ04,1990,NMVOC_AWB,4.67990508980979e-05
South America_Southern,Corn,CornAEZ05,CornAEZ05,1990,NMVOC_AWB,6.34744564218569e-05
South America_Southern,Corn,CornAEZ06,CornAEZ06,1990,NMVOC_AWB,0.000102236926270766
South America_Southern,Corn,CornAEZ07,CornAEZ07,1990,NMVOC_AWB,4.81977149158109e-05
South America_Southern,Corn,CornAEZ08,CornAEZ08,1990,NMVOC_AWB,0.000131048404729034
South America_Southern,Corn,CornAEZ09,CornAEZ09,1990,NMVOC_AWB,0.000151175456499282
South America_Southern,Corn,CornAEZ10,CornAEZ10,1990,NMVOC_AWB,0.000212994405468957
South America_Southern,Corn,CornAEZ11,CornAEZ11,1990,NMVOC_AWB,4.39464117908736e-05
South America_Southern,Corn,CornAEZ12,CornAEZ12,1990,NMVOC_AWB,0.000320482647274464
South America_Southern,Corn,CornAEZ13,CornAEZ13,1990,NMVOC_AWB,2.03797762951143e-05
South America_Southern,Corn,CornAEZ14,CornAEZ14,1990,NMVOC_AWB,4.27554585002336e-05
South America_Southern,Corn,CornAEZ15,CornAEZ15,1990,NMVOC_AWB,2.75978711648174e-05
South America_Southern,Corn,CornAEZ16,CornAEZ16,1990,NMVOC_AWB,1.45515192082627e-05
South America_Southern,Corn,CornAEZ17,CornAEZ17,1990,NMVOC_AWB,0
South America_Southern,Corn,CornAEZ18,CornAEZ18,1990,NMVOC_AWB,0
South America_Southern,FiberCrop,FiberCropAEZ01,FiberCropAEZ01,1990,NMVOC_AWB,1.32656241027453e-05
South America_Southern,FiberCrop,FiberCropAEZ02,FiberCropAEZ02,1990,NMVOC_AWB,1.04388627532316e-06
South America_Southern,FiberCrop,FiberCropAEZ03,FiberCropAEZ03,1990,NMVOC_AWB,9.0495982630532e-06
South America_Southern,FiberCrop,FiberCropAEZ04,FiberCropAEZ04,1990,NMVOC_AWB,1.78029119727143e-05
South America_Southern,FiberCrop,FiberCropAEZ05,FiberCropAEZ05,1990,NMVOC_AWB,2.10723775677034e-05
South America_Southern,FiberCrop,FiberCropAEZ06,FiberCropAEZ06,1990,NMVOC_AWB,2.18656277818723e-05
South America_Southern,FiberCrop,FiberCropAEZ07,FiberCropAEZ07,1990,NMVOC_AWB,9.00481106312187e-06
South America_Southern,FiberCrop,FiberCropAEZ08,FiberCropAEZ08,1990,NMVOC_AWB,1.67383546820382e-05
South America_Southern,FiberCrop,FiberCropAEZ09,FiberCropAEZ09,1990,NMVOC_AWB,1.66418899437246e-05
South America_Southern,FiberCrop,FiberCropAEZ10,FiberCropAEZ10,1990,NMVOC_AWB,1.30391042261695e-05
South America_Southern,FiberCrop,FiberCropAEZ11,FiberCropAEZ11,1990,NMVOC_AWB,9.66456096980296e-06
South America_Southern,FiberCrop,FiberCropAEZ12,FiberCropAEZ12,1990,NMVOC_AWB,0.000166382725160378
South America_Southern,FiberCrop,FiberCropAEZ13,FiberCropAEZ13,1990,NMVOC_AWB,1.74583950501655e-06
South America_Southern,FiberCrop,FiberCropAEZ14,FiberCropAEZ14,1990,NMVOC_AWB,6.62161525138983e-06
South America_Southern,FiberCrop,FiberCropAEZ15,FiberCropAEZ15,1990,NMVOC_AWB,8.0031281108109e-06
South America_Southern,FiberCrop,FiberCropAEZ16,FiberCropAEZ16,1990,NMVOC_AWB,8.06255727995061e-06
South America_Southern,FiberCrop,FiberCropAEZ17,FiberCropAEZ17,1990,NMVOC_AWB,0
South America_Southern,FiberCrop,FiberCropAEZ18,FiberCropAEZ18,1990,NMVOC_AWB,0
South America_Southern,FodderGrass,FodderGrassAEZ01,FodderGrassAEZ01,1990,NMVOC_AWB,3.43779254879661e-05
South America_Southern,FodderGrass,FodderGrassAEZ02,FodderGrassAEZ02,1990,NMVOC_AWB,7.81771742046365e-08
South America_Southern,FodderGrass,FodderGrassAEZ03,FodderGrassAEZ03,1990,NMVOC_AWB,1.77245181188725e-05
South America_Southern,FodderGrass,FodderGrassAEZ04,FodderGrassAEZ04,1990,NMVOC_AWB,0.000255140528071407
South America_Southern,FodderGrass,FodderGrassAEZ05,FodderGrassAEZ05,1990,NMVOC_AWB,9.27362122946823e-05
South America_Southern,FodderGrass,FodderGrassAEZ06,FodderGrassAEZ06,1990,NMVOC_AWB,0.000268899432520839
South America_Southern,FodderGrass,FodderGrassAEZ07,FodderGrassAEZ07,1990,NMVOC_AWB,0.000118233934140521
South America_Southern,FodderGrass,FodderGrassAEZ08,FodderGrassAEZ08,1990,NMVOC_AWB,0.000176457845234992
South America_Southern,FodderGrass,FodderGrassAEZ09,FodderGrassAEZ09,1990,NMVOC_AWB,0.000342642764642559
South America_Southern,FodderGrass,FodderGrassAEZ10,FodderGrassAEZ10,1990,NMVOC_AWB,0.00122043638598487
South America_Southern,FodderGrass,FodderGrassAEZ11,FodderGrassAEZ11,1990,NMVOC_AWB,0.000413615675765242
South America_Southern,FodderGrass,FodderGrassAEZ12,FodderGrassAEZ12,1990,NMVOC_AWB,0.00936289483283
South America_Southern,FodderGrass,FodderGrassAEZ13,FodderGrassAEZ13,1990,NMVOC_AWB,4.91737207853007e-05
South America_Southern,FodderGrass,FodderGrassAEZ14,FodderGrassAEZ14,1990,NMVOC_AWB,2.94485903543088e-05
South America_Southern,FodderGrass,FodderGrassAEZ15,FodderGrassAEZ15,1990,NMVOC_AWB,6.33346395291297e-06
South America_Southern,FodderGrass,FodderGrassAEZ16,FodderGrassAEZ16,1990,NMVOC_AWB,9.88982985276301e-06
South America_Southern,FodderGrass,FodderGrassAEZ17,FodderGrassAEZ17,1990,NMVOC_AWB,6.51569188566755e-07
South America_Southern,FodderGrass,FodderGrassAEZ18,FodderGrassAEZ18,1990,NMVOC_AWB,2.28410889758031e-07
South America_Southern,FodderHerb,FodderHerbAEZ01,FodderHerbAEZ01,1990,NMVOC_AWB,0.000227593734493406
South America_Southern,FodderHerb,FodderHerbAEZ02,FodderHerbAEZ02,1990,NMVOC_AWB,1.16686353837284e-05
South America_Southern,FodderHerb,FodderHerbAEZ03,FodderHerbAEZ03,1990,NMVOC_AWB,1.03873261056485e-05
South America_Southern,FodderHerb,FodderHerbAEZ04,FodderHerbAEZ04,1990,NMVOC_AWB,2.33426375078885e-05
South America_Southern,FodderHerb,FodderHerbAEZ05,FodderHerbAEZ05,1990,NMVOC_AWB,6.03087456017695e-05
South America_Southern,FodderHerb,FodderHerbAEZ06,FodderHerbAEZ06,1990,NMVOC_AWB,0.000123594019615497
South America_Southern,FodderHerb,FodderHerbAEZ07,FodderHerbAEZ07,1990,NMVOC_AWB,0.00018745487654053
South America_Southern,FodderHerb,FodderHerbAEZ08,FodderHerbAEZ08,1990,NMVOC_AWB,0.000329919026356608
South America_Southern,FodderHerb,FodderHerbAEZ09,FodderHerbAEZ09,1990,NMVOC_AWB,0.000338960642298996
South America_Southern,FodderHerb,FodderHerbAEZ10,FodderHerbAEZ10,1990,NMVOC_AWB,0.000603998795627263
South America_Southern,FodderHerb,FodderHerbAEZ11,FodderHerbAEZ11,1990,NMVOC_AWB,0.000212603757624979
South America_Southern,FodderHerb,FodderHerbAEZ12,FodderHerbAEZ12,1990,NMVOC_AWB,0.000203194855384293
South America_Southern,FodderHerb,FodderHerbAEZ13,FodderHerbAEZ13,1990,NMVOC_AWB,5.32702655255319e-05
South America_Southern,FodderHerb,FodderHerbAEZ14,FodderHerbAEZ14,1990,NMVOC_AWB,0.000127837434190625
South America_Southern,FodderHerb,FodderHerbAEZ15,FodderHerbAEZ15,1990,NMVOC_AWB,0.000133948139014724
South America_Southern,FodderHerb,FodderHerbAEZ16,FodderHerbAEZ16,1990,NMVOC_AWB,0.000134388211730128
South America_Southern,FodderHerb,FodderHerbAEZ17,FodderHerbAEZ17,1990,NMVOC_AWB,0
South America_Southern,FodderHerb,FodderHerbAEZ18,FodderHerbAEZ18,1990,NMVOC_AWB,0
South America_Southern,MiscCrop,MiscCropAEZ01,MiscCropAEZ01,1990,NMVOC_AWB,0.000283578725121858
South America_Southern,MiscCrop,MiscCropAEZ02,MiscCropAEZ02,1990,NMVOC_AWB,0.000287982516693163
South America_Southern,MiscCrop,MiscCropAEZ03,MiscCropAEZ03,1990,NMVOC_AWB,0.000561848979787889
South America_Southern,MiscCrop,MiscCropAEZ04,MiscCropAEZ04,1990,NMVOC_AWB,0.000445914435432441
South America_Southern,MiscCrop,MiscCropAEZ05,MiscCropAEZ05,1990,NMVOC_AWB,0.00028508287683434
South America_Southern,MiscCrop,MiscCropAEZ06,MiscCropAEZ06,1990,NMVOC_AWB,0.000828899903571589
South America_Southern,MiscCrop,MiscCropAEZ07,MiscCropAEZ07,1990,NMVOC_AWB,0.000124308931804863
South America_Southern,MiscCrop,MiscCropAEZ08,MiscCropAEZ08,1990,NMVOC_AWB,0.00025144056382944
South America_Southern,MiscCrop,MiscCropAEZ09,MiscCropAEZ09,1990,NMVOC_AWB,0.00048223760259253
South America_Southern,MiscCrop,MiscCropAEZ10,MiscCropAEZ10,1990,NMVOC_AWB,0.00108012751598282
South America_Southern,MiscCrop,MiscCropAEZ11,MiscCropAEZ11,1990,NMVOC_AWB,0.000369121747385564
South America_Southern,MiscCrop,MiscCropAEZ12,MiscCropAEZ12,1990,NMVOC_AWB,0.000615992971794616
South America_Southern,MiscCrop,MiscCropAEZ13,MiscCropAEZ13,1990,NMVOC_AWB,5.05179836118391e-05
South America_Southern,MiscCrop,MiscCropAEZ14,MiscCropAEZ14,1990,NMVOC_AWB,7.90454515086248e-05
South America_Southern,MiscCrop,MiscCropAEZ15,MiscCropAEZ15,1990,NMVOC_AWB,5.44484687776167e-05
South America_Southern,MiscCrop,MiscCropAEZ16,MiscCropAEZ16,1990,NMVOC_AWB,6.95723951841291e-05
South America_Southern,MiscCrop,MiscCropAEZ17,MiscCropAEZ17,1990,NMVOC_AWB,6.67296396082501e-08
South America_Southern,MiscCrop,MiscCropAEZ18,MiscCropAEZ18,1990,NMVOC_AWB,0
South America_Southern,OilCrop,OilCropAEZ01,OilCropAEZ01,1990,NMVOC_AWB,3.03907604393221e-06
South America_Southern,OilCrop,OilCropAEZ02,OilCropAEZ02,1990,NMVOC_AWB,1.6496259764878e-06
South America_Southern,OilCrop,OilCropAEZ03,OilCropAEZ03,1990,NMVOC_AWB,3.67460908132647e-05
South America_Southern,OilCrop,OilCropAEZ04,OilCropAEZ04,1990,NMVOC_AWB,7.57200861242574e-05
South America_Southern,OilCrop,OilCropAEZ05,OilCropAEZ05,1990,NMVOC_AWB,7.24716436003277e-05
South America_Southern,OilCrop,OilCropAEZ06,OilCropAEZ06,1990,NMVOC_AWB,1.23120933978613e-05
South America_Southern,OilCrop,OilCropAEZ07,OilCropAEZ07,1990,NMVOC_AWB,1.0379358073539e-07
South America_Southern,OilCrop,OilCropAEZ08,OilCropAEZ08,1990,NMVOC_AWB,2.85521312948668e-06
South America_Southern,OilCrop,OilCropAEZ09,OilCropAEZ09,1990,NMVOC_AWB,1.6407491540592e-05
South America_Southern,OilCrop,OilCropAEZ10,OilCropAEZ10,1990,NMVOC_AWB,3.85256070422156e-05
South America_Southern,OilCrop,OilCropAEZ11,OilCropAEZ11,1990,NMVOC_AWB,2.30407910088468e-05
South America_Southern,OilCrop,OilCropAEZ12,OilCropAEZ12,1990,NMVOC_AWB,0.000642418406987155
South America_Southern,OilCrop,OilCropAEZ13,OilCropAEZ13,1990,NMVOC_AWB,4.15174322941561e-09
South America_Southern,OilCrop,OilCropAEZ14,OilCropAEZ14,1990,NMVOC_AWB,7.71038028320041e-09
South America_Southern,OilCrop,OilCropAEZ15,OilCropAEZ15,1990,NMVOC_AWB,0
South America_Southern,OilCrop,OilCropAEZ16,OilCropAEZ16,1990,NMVOC_AWB,9.09429469300561e-09
South America_Southern,OilCrop,OilCropAEZ17,OilCropAEZ17,1990,NMVOC_AWB,0
South America_Southern,OilCrop,OilCropAEZ18,OilCropAEZ18,1990,NMVOC_AWB,0
South America_Southern,OtherGrain,OtherGrainAEZ01,OtherGrainAEZ01,1990,NMVOC_AWB,1.37582385101723e-06
South America_Southern,OtherGrain,OtherGrainAEZ02,OtherGrainAEZ02,1990,NMVOC_AWB,1.2732211862724e-07
South America_Southern,OtherGrain,OtherGrainAEZ03,OtherGrainAEZ03,1990,NMVOC_AWB,7.76664923626173e-06
South America_Southern,OtherGrain,OtherGrainAEZ04,OtherGrainAEZ04,1990,NMVOC_AWB,1.62051258218756e-05
South America_Southern,OtherGrain,OtherGrainAEZ05,OtherGrainAEZ05,1990,NMVOC_AWB,1.72738189239702e-05
South America_Southern,OtherGrain,OtherGrainAEZ06,OtherGrainAEZ06,1990,NMVOC_AWB,5.06037697012096e-06
South America_Southern,OtherGrain,OtherGrainAEZ07,OtherGrainAEZ07,1990,NMVOC_AWB,2.95583716355634e-06
South America_Southern,OtherGrain,OtherGrainAEZ08,OtherGrainAEZ08,1990,NMVOC_AWB,1.29418192867407e-05
South America_Southern,OtherGrain,OtherGrainAEZ09,OtherGrainAEZ09,1990,NMVOC_AWB,2.00721965525221e-05
South America_Southern,OtherGrain,OtherGrainAEZ10,OtherGrainAEZ10,1990,NMVOC_AWB,5.15420930807736e-05
South America_Southern,OtherGrain,OtherGrainAEZ11,OtherGrainAEZ11,1990,NMVOC_AWB,5.67589137179312e-05
South America_Southern,OtherGrain,OtherGrainAEZ12,OtherGrainAEZ12,1990,NMVOC_AWB,0.000156071859360459
South America_Southern,OtherGrain,OtherGrainAEZ13,OtherGrainAEZ13,1990,NMVOC_AWB,2.82174259181063e-06
South America_Southern,OtherGrain,OtherGrainAEZ14,OtherGrainAEZ14,1990,NMVOC_AWB,7.09312877362985e-06
South America_Southern,OtherGrain,OtherGrainAEZ15,OtherGrainAEZ15,1990,NMVOC_AWB,1.2214457821817e-05
South America_Southern,OtherGrain,OtherGrainAEZ16,OtherGrainAEZ16,1990,NMVOC_AWB,7.83132616354308e-06
South America_Southern,OtherGrain,OtherGrainAEZ17,OtherGrainAEZ17,1990,NMVOC_AWB,0
South America_Southern,OtherGrain,OtherGrainAEZ18,OtherGrainAEZ18,1990,NMVOC_AWB,0
South America_Southern,PalmFruit,PalmFruitAEZ01,PalmFruitAEZ01,1990,NMVOC_AWB,3.90765719844894e-06
South America_Southern,PalmFruit,PalmFruitAEZ02,PalmFruitAEZ02,1990,NMVOC_AWB,2.23647328174049e-05
South America_Southern,PalmFruit,PalmFruitAEZ03,PalmFruitAEZ03,1990,NMVOC_AWB,4.81883477456344e-05
South America_Southern,PalmFruit,PalmFruitAEZ04,PalmFruitAEZ04,1990,NMVOC_AWB,5.187332082538e-05
South America_Southern,PalmFruit,PalmFruitAEZ05,PalmFruitAEZ05,1990,NMVOC_AWB,5.25361080493378e-05
South America_Southern,PalmFruit,PalmFruitAEZ06,PalmFruitAEZ06,1990,NMVOC_AWB,0.000143473302599309
South America_Southern,PalmFruit,PalmFruitAEZ07,PalmFruitAEZ07,1990,NMVOC_AWB,2.03172158372236e-07
South America_Southern,PalmFruit,PalmFruitAEZ08,PalmFruitAEZ08,1990,NMVOC_AWB,7.98379862579192e-06
South America_Southern,PalmFruit,PalmFruitAEZ09,PalmFruitAEZ09,1990,NMVOC_AWB,1.13587483358258e-05
South America_Southern,PalmFruit,PalmFruitAEZ10,PalmFruitAEZ10,1990,NMVOC_AWB,2.54219163163261e-05
South America_Southern,PalmFruit,PalmFruitAEZ11,PalmFruitAEZ11,1990,NMVOC_AWB,4.42670631463192e-05
South America_Southern,PalmFruit,PalmFruitAEZ12,PalmFruitAEZ12,1990,NMVOC_AWB,4.06551824894029e-05
South America_Southern,PalmFruit,PalmFruitAEZ13,PalmFruitAEZ13,1990,NMVOC_AWB,5.94650219626056e-08
South America_Southern,PalmFruit,PalmFruitAEZ14,PalmFruitAEZ14,1990,NMVOC_AWB,5.83190814352014e-07
South America_Southern,PalmFruit,PalmFruitAEZ15,PalmFruitAEZ15,1990,NMVOC_AWB,6.56592950837105e-08
South America_Southern,PalmFruit,PalmFruitAEZ16,PalmFruitAEZ16,1990,NMVOC_AWB,0
South America_Southern,PalmFruit,PalmFruitAEZ17,PalmFruitAEZ17,1990,NMVOC_AWB,0
South America_Southern,PalmFruit,PalmFruitAEZ18,PalmFruitAEZ18,1990,NMVOC_AWB,0
South America_Southern,Rice,RiceAEZ01,RiceAEZ01,1990,NMVOC_AWB,6.85851316648943e-05
South America_Southern,Rice,RiceAEZ02,RiceAEZ02,1990,NMVOC_AWB,3.21849195044437e-05
South America_Southern,Rice,RiceAEZ03,RiceAEZ03,1990,NMVOC_AWB,5.58511673750886e-05
South America_Southern,Rice,RiceAEZ04,RiceAEZ04,1990,NMVOC_AWB,8.16478425190262e-05
South America_Southern,Rice,RiceAEZ05,RiceAEZ05,1990,NMVOC_AWB,0.000105701950586388
South America_Southern,Rice,RiceAEZ06,RiceAEZ06,1990,NMVOC_AWB,4.26181251454106e-05
South America_Southern,Rice,RiceAEZ07,RiceAEZ07,1990,NMVOC_AWB,4.28419625360461e-05
South America_Southern,Rice,RiceAEZ08,RiceAEZ08,1990,NMVOC_AWB,0.000101303475765184
South America_Southern,Rice,RiceAEZ09,RiceAEZ09,1990,NMVOC_AWB,8.57811237719926e-05
South America_Southern,Rice,RiceAEZ10,RiceAEZ10,1990,NMVOC_AWB,5.1287034192757e-05
South America_Southern,Rice,RiceAEZ11,RiceAEZ11,1990,NMVOC_AWB,2.9490225740144e-05
South America_Southern,Rice,RiceAEZ12,RiceAEZ12,1990,NMVOC_AWB,0.000274198467021262
South America_Southern,Rice,RiceAEZ13,RiceAEZ13,1990,NMVOC_AWB,1.57522643025712e-05
South America_Southern,Rice,RiceAEZ14,RiceAEZ14,1990,NMVOC_AWB,4.12169217720899e-05
South America_Southern,Rice,RiceAEZ15,RiceAEZ15,1990,NMVOC_AWB,2.89689509817852e-05
South America_Southern,Rice,RiceAEZ16,RiceAEZ16,1990,NMVOC_AWB,2.12435235454891e-05
South America_Southern,Rice,RiceAEZ17,RiceAEZ17,1990,NMVOC_AWB,0
South America_Southern,Rice,RiceAEZ18,RiceAEZ18,1990,NMVOC_AWB,0
South America_Southern,Root_Tuber,Root_TuberAEZ01,Root_TuberAEZ01,1990,NMVOC_AWB,8.536127918122e-05
South America_Southern,Root_Tuber,Root_TuberAEZ02,Root_TuberAEZ02,1990,NMVOC_AWB,4.82769317374963e-06
South America_Southern,Root_Tuber,Root_TuberAEZ03,Root_TuberAEZ03,1990,NMVOC_AWB,1.56496756159629e-05
South America_Southern,Root_Tuber,Root_TuberAEZ04,Root_TuberAEZ04,1990,NMVOC_AWB,5.54783144563538e-05
South America_Southern,Root_Tuber,Root_TuberAEZ05,Root_TuberAEZ05,1990,NMVOC_AWB,8.63897078271436e-05
South America_Southern,Root_Tuber,Root_TuberAEZ06,Root_TuberAEZ06,1990,NMVOC_AWB,0.000276615316245584
South America_Southern,Root_Tuber,Root_TuberAEZ07,Root_TuberAEZ07,1990,NMVOC_AWB,0.000120255706593006
South America_Southern,Root_Tuber,Root_TuberAEZ08,Root_TuberAEZ08,1990,NMVOC_AWB,0.000317000368334184
South America_Southern,Root_Tuber,Root_TuberAEZ09,Root_TuberAEZ09,1990,NMVOC_AWB,0.000368771303019297
South America_Southern,Root_Tuber,Root_TuberAEZ10,Root_TuberAEZ10,1990,NMVOC_AWB,0.000146862128960841
South America_Southern,Root_Tuber,Root_TuberAEZ11,Root_TuberAEZ11,1990,NMVOC_AWB,0.000127334576303084
South America_Southern,Root_Tuber,Root_TuberAEZ12,Root_TuberAEZ12,1990,NMVOC_AWB,0.00131470207102793
South America_Southern,Root_Tuber,Root_TuberAEZ13,Root_TuberAEZ13,1990,NMVOC_AWB,4.56602580583082e-05
South America_Southern,Root_Tuber,Root_TuberAEZ14,Root_TuberAEZ14,1990,NMVOC_AWB,0.000102407262783359
South America_Southern,Root_Tuber,Root_TuberAEZ15,Root_TuberAEZ15,1990,NMVOC_AWB,0.000142998204789491
South America_Southern,Root_Tuber,Root_TuberAEZ16,Root_TuberAEZ16,1990,NMVOC_AWB,9.92644637942448e-05
South America_Southern,Root_Tuber,Root_TuberAEZ17,Root_TuberAEZ17,1990,NMVOC_AWB,0
South America_Southern,Root_Tuber,Root_TuberAEZ18,Root_TuberAEZ18,1990,NMVOC_AWB,0
South America_Southern,SugarCrop,SugarCropAEZ01,SugarCropAEZ01,1990,NMVOC_AWB,0.000414512067916531
South America_Southern,SugarCrop,SugarCropAEZ02,SugarCropAEZ02,1990,NMVOC_AWB,9.90683659033966e-05
South America_Southern,SugarCrop,SugarCropAEZ03,SugarCropAEZ03,1990,NMVOC_AWB,0.00044611066702608
South America_Southern,SugarCrop,SugarCropAEZ04,SugarCropAEZ04,1990,NMVOC_AWB,0.000521695246054681
South America_Southern,SugarCrop,SugarCropAEZ05,SugarCropAEZ05,1990,NMVOC_AWB,0.000868398467082512
South America_Southern,SugarCrop,SugarCropAEZ06,SugarCropAEZ06,1990,NMVOC_AWB,0.000344612160701402
South America_Southern,SugarCrop,SugarCropAEZ07,SugarCropAEZ07,1990,NMVOC_AWB,0.000301060091738044
South America_Southern,SugarCrop,SugarCropAEZ08,SugarCropAEZ08,1990,NMVOC_AWB,0.000718703171858278
South America_Southern,SugarCrop,SugarCropAEZ09,SugarCropAEZ09,1990,NMVOC_AWB,0.000776879912738781
South America_Southern,SugarCrop,SugarCropAEZ10,SugarCropAEZ10,1990,NMVOC_AWB,0.00153030910986937
South America_Southern,SugarCrop,SugarCropAEZ11,SugarCropAEZ11,1990,NMVOC_AWB,0.000536667365495574
South America_Southern,SugarCrop,SugarCropAEZ12,SugarCropAEZ12,1990,NMVOC_AWB,0.00127167347643847
South America_Southern,SugarCrop,SugarCropAEZ13,SugarCropAEZ13,1990,NMVOC_AWB,4.78923738672777e-05
South America_Southern,SugarCrop,SugarCropAEZ14,SugarCropAEZ14,1990,NMVOC_AWB,0.000197666960441539
South America_Southern,SugarCrop,SugarCropAEZ15,SugarCropAEZ15,1990,NMVOC_AWB,0.000146820087275395
South America_Southern,SugarCrop,SugarCropAEZ16,SugarCropAEZ16,1990,NMVOC_AWB,0.000123557041143901
South America_Southern,SugarCrop,SugarCropAEZ17,SugarCropAEZ17,1990,NMVOC_AWB,0
South America_Southern,SugarCrop,SugarCropAEZ18,SugarCropAEZ18,1990,NMVOC_AWB,0
South America_Southern,Wheat,WheatAEZ01,WheatAEZ01,1990,NMVOC_AWB,8.89566025613613e-06
South America_Southern,Wheat,WheatAEZ02,WheatAEZ02,1990,NMVOC_AWB,3.14734930499489e-07
South America_Southern,Wheat,WheatAEZ03,WheatAEZ03,1990,NMVOC_AWB,5.22049460806758e-06
South America_Southern,Wheat,WheatAEZ04,WheatAEZ04,1990,NMVOC_AWB,1.06223039043577e-05
South America_Southern,Wheat,WheatAEZ05,WheatAEZ05,1990,NMVOC_AWB,1.28894705853937e-05
South America_Southern,Wheat,WheatAEZ06,WheatAEZ06,1990,NMVOC_AWB,1.33469114160575e-05
South America_Southern,Wheat,WheatAEZ07,WheatAEZ07,1990,NMVOC_AWB,1.7817711329426e-05
South America_Southern,Wheat,WheatAEZ08,WheatAEZ08,1990,NMVOC_AWB,3.40925372930339e-05
South America_Southern,Wheat,WheatAEZ09,WheatAEZ09,1990,NMVOC_AWB,6.79671059851319e-05
South America_Southern,Wheat,WheatAEZ10,WheatAEZ10,1990,NMVOC_AWB,0.000250053969968827
South America_Southern,Wheat,WheatAEZ11,WheatAEZ11,1990,NMVOC_AWB,0.000114275659307304
South America_Southern,Wheat,WheatAEZ12,WheatAEZ12,1990,NMVOC_AWB,0.000426631506512273
South America_Southern,Wheat,WheatAEZ13,WheatAEZ13,1990,NMVOC_AWB,1.25156006757165e-05
South America_Southern,Wheat,WheatAEZ14,WheatAEZ14,1990,NMVOC_AWB,2.39100803412375e-05
South America_Southern,Wheat,WheatAEZ15,WheatAEZ15,1990,NMVOC_AWB,1.05587704556544e-05
South America_Southern,Wheat,WheatAEZ16,WheatAEZ16,1990,NMVOC_AWB,9.84817326784974e-06
South America_Southern,Wheat,WheatAEZ17,WheatAEZ17,1990,NMVOC_AWB,5.52252284882646e-07
South America_Southern,Wheat,WheatAEZ18,WheatAEZ18,1990,NMVOC_AWB,0
South America_Southern,Corn,CornAEZ01,CornAEZ01,1990,NOx_AWB,2.52891466442473e-05
South America_Southern,Corn,CornAEZ02,CornAEZ02,1990,NOx_AWB,4.69050343982944e-06
South America_Southern,Corn,CornAEZ03,CornAEZ03,1990,NOx_AWB,1.50592116600626e-05
South America_Southern,Corn,CornAEZ04,CornAEZ04,1990,NOx_AWB,2.54020496107446e-05
South America_Southern,Corn,CornAEZ05,CornAEZ05,1990,NOx_AWB,3.4453290400139e-05
South America_Southern,Corn,CornAEZ06,CornAEZ06,1990,NOx_AWB,5.54931654241217e-05
South America_Southern,Corn,CornAEZ07,CornAEZ07,1990,NOx_AWB,2.61612302369516e-05
South America_Southern,Corn,CornAEZ08,CornAEZ08,1990,NOx_AWB,7.1131743367709e-05
South America_Southern,Corn,CornAEZ09,CornAEZ09,1990,NOx_AWB,8.20565026902672e-05
South America_Southern,Corn,CornAEZ10,CornAEZ10,1990,NOx_AWB,0.000115611200456063
South America_Southern,Corn,CornAEZ11,CornAEZ11,1990,NOx_AWB,2.38536660702098e-05
South America_Southern,Corn,CornAEZ12,CornAEZ12,1990,NOx_AWB,0.000173954726628432
South America_Southern,Corn,CornAEZ13,CornAEZ13,1990,NOx_AWB,1.10619356283871e-05
South America_Southern,Corn,CornAEZ14,CornAEZ14,1990,NOx_AWB,2.32072287174783e-05
South America_Southern,Corn,CornAEZ15,CornAEZ15,1990,NOx_AWB,1.49798442281684e-05
South America_Southern,Corn,CornAEZ16,CornAEZ16,1990,NOx_AWB,7.89841686415514e-06
South America_Southern,Corn,CornAEZ17,CornAEZ17,1990,NOx_AWB,0
South America_Southern,Corn,CornAEZ18,CornAEZ18,1990,NOx_AWB,0
South America_Southern,FiberCrop,FiberCropAEZ01,FiberCropAEZ01,1990,NOx_AWB,7.20044605838621e-06
South America_Southern,FiberCrop,FiberCropAEZ02,FiberCropAEZ02,1990,NOx_AWB,5.66610870196346e-07
South America_Southern,FiberCrop,FiberCropAEZ03,FiberCropAEZ03,1990,NOx_AWB,4.91203004385562e-06
South America_Southern,FiberCrop,FiberCropAEZ04,FiberCropAEZ04,1990,NOx_AWB,9.66323984072482e-06
South America_Southern,FiberCrop,FiberCropAEZ05,FiberCropAEZ05,1990,NOx_AWB,1.14378725661913e-05
South America_Southern,FiberCrop,FiberCropAEZ06,FiberCropAEZ06,1990,NOx_AWB,1.18684407274544e-05
South America_Southern,FiberCrop,FiberCropAEZ07,FiberCropAEZ07,1990,NOx_AWB,4.88772000652048e-06
South America_Southern,FiberCrop,FiberCropAEZ08,FiberCropAEZ08,1990,NOx_AWB,9.08540895329686e-06
South America_Southern,FiberCrop,FiberCropAEZ09,FiberCropAEZ09,1990,NOx_AWB,9.0330488728827e-06
South America_Southern,FiberCrop,FiberCropAEZ10,FiberCropAEZ10,1990,NOx_AWB,7.07749336955653e-06
South America_Southern,FiberCrop,FiberCropAEZ11,FiberCropAEZ11,1990,NOx_AWB,5.24582555649603e-06
South America_Southern,FiberCrop,FiberCropAEZ12,FiberCropAEZ12,1990,NOx_AWB,9.03108536986716e-05
South America_Southern,FiberCrop,FiberCropAEZ13,FiberCropAEZ13,1990,NOx_AWB,9.47623955353132e-07
South America_Southern,FiberCrop,FiberCropAEZ14,FiberCropAEZ14,1990,NOx_AWB,3.59414551985933e-06
South America_Southern,FiberCrop,FiberCropAEZ15,FiberCropAEZ15,1990,NOx_AWB,4.34401667150531e-06
South America_Southern,FiberCrop,FiberCropAEZ16,FiberCropAEZ16,1990,NOx_AWB,4.37627422104621e-06
South America_Southern,FiberCrop,FiberCropAEZ17,FiberCropAEZ17,1990,NOx_AWB,0
South America_Southern,FiberCrop,FiberCropAEZ18,FiberCropAEZ18,1990,NOx_AWB,0
South America_Southern,FodderGrass,FodderGrassAEZ01,FodderGrassAEZ01,1990,NOx_AWB,1.86599888673232e-05
South America_Southern,FodderGrass,FodderGrassAEZ02,FodderGrassAEZ02,1990,NOx_AWB,4.24337763152097e-08
South America_Southern,FodderGrass,FodderGrassAEZ03,FodderGrassAEZ03,1990,NOx_AWB,9.62068845290281e-06
South America_Southern,FodderGrass,FodderGrassAEZ04,FodderGrassAEZ04,1990,NOx_AWB,0.000138487687835671
South America_Southern,FodderGrass,FodderGrassAEZ05,FodderGrassAEZ05,1990,NOx_AWB,5.03362743520469e-05
South America_Southern,FodderGrass,FodderGrassAEZ06,FodderGrassAEZ06,1990,NOx_AWB,0.000145955881457268
South America_Southern,FodderGrass,FodderGrassAEZ07,FodderGrassAEZ07,1990,NOx_AWB,6.41761788556506e-05
South America_Southern,FodderGrass,FodderGrassAEZ08,FodderGrassAEZ08,1990,NOx_AWB,9.57795265682738e-05
South America_Southern,FodderGrass,FodderGrassAEZ09,FodderGrassAEZ09,1990,NOx_AWB,0.00018598301331292
South America_Southern,FodderGrass,FodderGrassAEZ10,FodderGrassAEZ10,1990,NOx_AWB,0.000662440477501342
South America_Southern,FodderGrass,FodderGrassAEZ11,FodderGrassAEZ11,1990,NOx_AWB,0.000224506388782285
South America_Southern,FodderGrass,FodderGrassAEZ12,FodderGrassAEZ12,1990,NOx_AWB,0.0050820842405887
South America_Southern,FodderGrass,FodderGrassAEZ13,FodderGrassAEZ13,1990,NOx_AWB,2.6690996312147e-05
South America_Southern,FodderGrass,FodderGrassAEZ14,FodderGrassAEZ14,1990,NOx_AWB,1.59843958112631e-05
South America_Southern,FodderGrass,FodderGrassAEZ15,FodderGrassAEZ15,1990,NOx_AWB,3.43773992105248e-06
South America_Southern,FodderGrass,FodderGrassAEZ16,FodderGrassAEZ16,1990,NOx_AWB,5.36809921869419e-06
South America_Southern,FodderGrass,FodderGrassAEZ17,FodderGrassAEZ17,1990,NOx_AWB,3.53665139253455e-07
South America_Southern,FodderGrass,FodderGrassAEZ18,FodderGrassAEZ18,1990,NOx_AWB,1.23979111582872e-07
South America_Southern,FodderHerb,FodderHerbAEZ01,FodderHerbAEZ01,1990,NOx_AWB,0.000123535568002964
South America_Southern,FodderHerb,FodderHerbAEZ02,FodderHerbAEZ02,1990,NOx_AWB,6.33361679818179e-06
South America_Southern,FodderHerb,FodderHerbAEZ03,FodderHerbAEZ03,1990,NOx_AWB,5.63813513297958e-06
South America_Southern,FodderHerb,FodderHerbAEZ04,FodderHerbAEZ04,1990,NOx_AWB,1.26701466085739e-05
South America_Southern,FodderHerb,FodderHerbAEZ05,FodderHerbAEZ05,1990,NOx_AWB,3.27349747129207e-05
South America_Southern,FodderHerb,FodderHerbAEZ06,FodderHerbAEZ06,1990,NOx_AWB,6.70855788229629e-05
South America_Southern,FodderHerb,FodderHerbAEZ07,FodderHerbAEZ07,1990,NOx_AWB,0.000101748603492557
South America_Southern,FodderHerb,FodderHerbAEZ08,FodderHerbAEZ08,1990,NOx_AWB,0.000179076697373359
South America_Southern,FodderHerb,FodderHerbAEZ09,FodderHerbAEZ09,1990,NOx_AWB,0.000183984394694613
South America_Southern,FodderHerb,FodderHerbAEZ10,FodderHerbAEZ10,1990,NOx_AWB,0.000327844413015164
South America_Southern,FodderHerb,FodderHerbAEZ11,FodderHerbAEZ11,1990,NOx_AWB,0.00011539916077315
South America_Southern,FodderHerb,FodderHerbAEZ12,FodderHerbAEZ12,1990,NOx_AWB,0.000110292104178755
South America_Southern,FodderHerb,FodderHerbAEZ13,FodderHerbAEZ13,1990,NOx_AWB,2.89145591991503e-05
South America_Southern,FodderHerb,FodderHerbAEZ14,FodderHerbAEZ14,1990,NOx_AWB,6.93888611649716e-05
South America_Southern,FodderHerb,FodderHerbAEZ15,FodderHerbAEZ15,1990,NOx_AWB,7.27056896928915e-05
South America_Southern,FodderHerb,FodderHerbAEZ16,FodderHerbAEZ16,1990,NOx_AWB,7.29445566941338e-05
South America_Southern,FodderHerb,FodderHerbAEZ17,FodderHerbAEZ17,1990,NOx_AWB,0
South America_Southern,FodderHerb,FodderHerbAEZ18,FodderHerbAEZ18,1990,NOx_AWB,0
South America_Southern,MiscCrop,MiscCropAEZ01,MiscCropAEZ01,1990,NOx_AWB,0.000153923652421548
South America_Southern,MiscCrop,MiscCropAEZ02,MiscCropAEZ02,1990,NOx_AWB,0.000156313985768548
South America_Southern,MiscCrop,MiscCropAEZ03,MiscCropAEZ03,1990,NOx_AWB,0.000304965920984057
South America_Southern,MiscCrop,MiscCropAEZ04,MiscCropAEZ04,1990,NOx_AWB,0.000242037827554798
South America_Southern,MiscCrop,MiscCropAEZ05,MiscCropAEZ05,1990,NOx_AWB,0.00015474009069731
South America_Southern,MiscCrop,MiscCropAEZ06,MiscCropAEZ06,1990,NOx_AWB,0.000449918450669321
South America_Southern,MiscCrop,MiscCropAEZ07,MiscCropAEZ07,1990,NOx_AWB,6.74736258998394e-05
South America_Southern,MiscCrop,MiscCropAEZ08,MiscCropAEZ08,1990,NOx_AWB,0.000136479384816084
South America_Southern,MiscCrop,MiscCropAEZ09,MiscCropAEZ09,1990,NOx_AWB,0.000261753673848968
South America_Southern,MiscCrop,MiscCropAEZ10,MiscCropAEZ10,1990,NOx_AWB,0.000586282247617997
South America_Southern,MiscCrop,MiscCropAEZ11,MiscCropAEZ11,1990,NOx_AWB,0.00020035553626738
South America_Southern,MiscCrop,MiscCropAEZ12,MiscCropAEZ12,1990,NOx_AWB,0.000334354730045023
South America_Southern,MiscCrop,MiscCropAEZ13,MiscCropAEZ13,1990,NOx_AWB,2.74206485241964e-05
South America_Southern,MiscCrop,MiscCropAEZ14,MiscCropAEZ14,1990,NOx_AWB,4.29050684189709e-05
South America_Southern,MiscCrop,MiscCropAEZ15,MiscCropAEZ15,1990,NOx_AWB,2.95540759604232e-05
South America_Southern,MiscCrop,MiscCropAEZ16,MiscCropAEZ16,1990,NOx_AWB,3.7763189639331e-05
South America_Southern,MiscCrop,MiscCropAEZ17,MiscCropAEZ17,1990,NOx_AWB,3.62201707792491e-08
South America_Southern,MiscCrop,MiscCropAEZ18,MiscCropAEZ18,1990,NOx_AWB,0
South America_Southern,OilCrop,OilCropAEZ01,OilCropAEZ01,1990,NOx_AWB,1.64957961662272e-06
South America_Southern,OilCrop,OilCropAEZ02,OilCropAEZ02,1990,NOx_AWB,8.95400229059331e-07
South America_Southern,OilCrop,OilCropAEZ03,OilCropAEZ03,1990,NOx_AWB,1.9945404958574e-05
South America_Southern,OilCrop,OilCropAEZ04,OilCropAEZ04,1990,NOx_AWB,4.11000938554593e-05
South America_Southern,OilCrop,OilCropAEZ05,OilCropAEZ05,1990,NOx_AWB,3.93368722394869e-05
South America_Southern,OilCrop,OilCropAEZ06,OilCropAEZ06,1990,NOx_AWB,6.68287927431675e-06
South America_Southern,OilCrop,OilCropAEZ07,OilCropAEZ07,1990,NOx_AWB,5.63381016606123e-08
South America_Southern,OilCrop,OilCropAEZ08,OilCropAEZ08,1990,NOx_AWB,1.54978069368107e-06
South America_Southern,OilCrop,OilCropAEZ09,OilCropAEZ09,1990,NOx_AWB,8.90581979983978e-06
South America_Southern,OilCrop,OilCropAEZ10,OilCropAEZ10,1990,NOx_AWB,2.09113082977114e-05
South America_Southern,OilCrop,OilCropAEZ11,OilCropAEZ11,1990,NOx_AWB,1.25063073939671e-05
South America_Southern,OilCrop,OilCropAEZ12,OilCropAEZ12,1990,NOx_AWB,0.000348698187932834
South America_Southern,OilCrop,OilCropAEZ13,OilCropAEZ13,1990,NOx_AWB,2.25352406642449e-09
South America_Southern,OilCrop,OilCropAEZ14,OilCropAEZ14,1990,NOx_AWB,4.18511612335976e-09
South America_Southern,OilCrop,OilCropAEZ15,OilCropAEZ15,1990,NOx_AWB,0
South America_Southern,OilCrop,OilCropAEZ16,OilCropAEZ16,1990,NOx_AWB,4.93629081216793e-09
South America_Southern,OilCrop,OilCropAEZ17,OilCropAEZ17,1990,NOx_AWB,0
South America_Southern,OilCrop,OilCropAEZ18,OilCropAEZ18,1990,NOx_AWB,0
South America_Southern,OtherGrain,OtherGrainAEZ01,OtherGrainAEZ01,1990,NOx_AWB,7.467832156529e-07
South America_Southern,OtherGrain,OtherGrainAEZ02,OtherGrainAEZ02,1990,NOx_AWB,6.91091531098918e-08
South America_Southern,OtherGrain,OtherGrainAEZ03,OtherGrainAEZ03,1990,NOx_AWB,4.21565833970343e-06
South America_Southern,OtherGrain,OtherGrainAEZ04,OtherGrainAEZ04,1990,NOx_AWB,8.79597774262496e-06
South America_Southern,OtherGrain,OtherGrainAEZ05,OtherGrainAEZ05,1990,NOx_AWB,9.37605350649418e-06
South America_Southern,OtherGrain,OtherGrainAEZ06,OtherGrainAEZ06,1990,NOx_AWB,2.74672123423995e-06
South America_Southern,OtherGrain,OtherGrainAEZ07,OtherGrainAEZ07,1990,NOx_AWB,1.6043983975964e-06
South America_Southern,OtherGrain,OtherGrainAEZ08,OtherGrainAEZ08,1990,NOx_AWB,7.02468809230575e-06
South America_Southern,OtherGrain,OtherGrainAEZ09,OtherGrainAEZ09,1990,NOx_AWB,1.08949844673988e-05
South America_Southern,OtherGrain,OtherGrainAEZ10,OtherGrainAEZ10,1990,NOx_AWB,2.79765247447067e-05
South America_Southern,OtherGrain,OtherGrainAEZ11,OtherGrainAEZ11,1990,NOx_AWB,3.0808162012821e-05
South America_Southern,OtherGrain,OtherGrainAEZ12,OtherGrainAEZ12,1990,NOx_AWB,8.47142204432324e-05
South America_Southern,OtherGrain,OtherGrainAEZ13,OtherGrainAEZ13,1990,NOx_AWB,1.53161322570407e-06
South America_Southern,OtherGrain,OtherGrainAEZ14,OtherGrainAEZ14,1990,NOx_AWB,3.85007827178967e-06
South America_Southern,OtherGrain,OtherGrainAEZ15,OtherGrainAEZ15,1990,NOx_AWB,6.62988367507157e-06
South America_Southern,OtherGrain,OtherGrainAEZ16,OtherGrainAEZ16,1990,NOx_AWB,4.25076431907572e-06
South America_Southern,OtherGrain,OtherGrainAEZ17,OtherGrainAEZ17,1990,NOx_AWB,0
South America_Southern,OtherGrain,OtherGrainAEZ18,OtherGrainAEZ18,1990,NOx_AWB,0
South America_Southern,PalmFruit,PalmFruitAEZ01,PalmFruitAEZ01,1990,NOx_AWB,2.12103664736538e-06
South America_Southern,PalmFruit,PalmFruitAEZ02,PalmFruitAEZ02,1990,NOx_AWB,1.21393498726244e-05
South America_Southern,PalmFruit,PalmFruitAEZ03,PalmFruitAEZ03,1990,NOx_AWB,2.61561458320978e-05
South America_Southern,PalmFruit,PalmFruitAEZ04,PalmFruitAEZ04,1990,NOx_AWB,2.81563118010568e-05
South America_Southern,PalmFruit,PalmFruitAEZ05,PalmFruitAEZ05,1990,NOx_AWB,2.8516065976008e-05
South America_Southern,PalmFruit,PalmFruitAEZ06,PalmFruitAEZ06,1990,NOx_AWB,7.7875851764189e-05
South America_Southern,PalmFruit,PalmFruitAEZ07,PalmFruitAEZ07,1990,NOx_AWB,1.10279784471085e-07
South America_Southern,PalmFruit,PalmFruitAEZ08,PalmFruitAEZ08,1990,NOx_AWB,4.33352482331653e-06
South America_Southern,PalmFruit,PalmFruitAEZ09,PalmFruitAEZ09,1990,NOx_AWB,6.16541325530038e-06
South America_Southern,PalmFruit,PalmFruitAEZ10,PalmFruitAEZ10,1990,NOx_AWB,1.37987580319446e-05
South America_Southern,PalmFruit,PalmFruitAEZ11,PalmFruitAEZ11,1990,NOx_AWB,2.40277123699204e-05
South America_Southern,PalmFruit,PalmFruitAEZ12,PalmFruitAEZ12,1990,NOx_AWB,2.20672202258628e-05
South America_Southern,PalmFruit,PalmFruitAEZ13,PalmFruitAEZ13,1990,NOx_AWB,3.22770100890981e-08
South America_Southern,PalmFruit,PalmFruitAEZ14,PalmFruitAEZ14,1990,NOx_AWB,3.16550052071729e-07
South America_Southern,PalmFruit,PalmFruitAEZ15,PalmFruitAEZ15,1990,NOx_AWB,3.56391986400459e-08
South America_Southern,PalmFruit,PalmFruitAEZ16,PalmFruitAEZ16,1990,NOx_AWB,0
South America_Southern,PalmFruit,PalmFruitAEZ17,PalmFruitAEZ17,1990,NOx_AWB,0
South America_Southern,PalmFruit,PalmFruitAEZ18,PalmFruitAEZ18,1990,NOx_AWB,0
South America_Southern,Rice,RiceAEZ01,RiceAEZ01,1990,NOx_AWB,3.72273130261687e-05
South America_Southern,Rice,RiceAEZ02,RiceAEZ02,1990,NOx_AWB,1.74696474881487e-05
South America_Southern,Rice,RiceAEZ03,RiceAEZ03,1990,NOx_AWB,3.03154465155545e-05
South America_Southern,Rice,RiceAEZ04,RiceAEZ04,1990,NOx_AWB,4.43176198336719e-05
South America_Southern,Rice,RiceAEZ05,RiceAEZ05,1990,NOx_AWB,5.73739454373643e-05
South America_Southern,Rice,RiceAEZ06,RiceAEZ06,1990,NOx_AWB,2.31326855670195e-05
South America_Southern,Rice,RiceAEZ07,RiceAEZ07,1990,NOx_AWB,2.32541822297199e-05
South America_Southern,Rice,RiceAEZ08,RiceAEZ08,1990,NOx_AWB,5.49864979683308e-05
South America_Southern,Rice,RiceAEZ09,RiceAEZ09,1990,NOx_AWB,4.65611229267503e-05
South America_Southern,Rice,RiceAEZ10,RiceAEZ10,1990,NOx_AWB,2.78380813702638e-05
South America_Southern,Rice,RiceAEZ11,RiceAEZ11,1990,NOx_AWB,1.60069950759117e-05
South America_Southern,Rice,RiceAEZ12,RiceAEZ12,1990,NOx_AWB,0.00014883214357553
South America_Southern,Rice,RiceAEZ13,RiceAEZ13,1990,NOx_AWB,8.55016910848803e-06
South America_Southern,Rice,RiceAEZ14,RiceAEZ14,1990,NOx_AWB,2.23721266043744e-05
South America_Southern,Rice,RiceAEZ15,RiceAEZ15,1990,NOx_AWB,1.57240524303121e-05
South America_Southern,Rice,RiceAEZ16,RiceAEZ16,1990,NOx_AWB,1.15307688650469e-05
South America_Southern,Rice,RiceAEZ17,RiceAEZ17,1990,NOx_AWB,0
South America_Southern,Rice,RiceAEZ18,RiceAEZ18,1990,NOx_AWB,0
South America_Southern,Root_Tuber,Root_TuberAEZ01,Root_TuberAEZ01,1990,NOx_AWB,4.63332355461529e-05
South America_Southern,Root_Tuber,Root_TuberAEZ02,Root_TuberAEZ02,1990,NOx_AWB,2.62042283233623e-06
South America_Southern,Root_Tuber,Root_TuberAEZ03,Root_TuberAEZ03,1990,NOx_AWB,8.49448501112459e-06
South America_Southern,Root_Tuber,Root_TuberAEZ04,Root_TuberAEZ04,1990,NOx_AWB,3.01130657373666e-05
South America_Southern,Root_Tuber,Root_TuberAEZ05,Root_TuberAEZ05,1990,NOx_AWB,4.68914561720743e-05
South America_Southern,Root_Tuber,Root_TuberAEZ06,Root_TuberAEZ06,1990,NOx_AWB,0.000150143984792814
South America_Southern,Root_Tuber,Root_TuberAEZ07,Root_TuberAEZ07,1990,NOx_AWB,6.52735764129532e-05
South America_Southern,Root_Tuber,Root_TuberAEZ08,Root_TuberAEZ08,1990,NOx_AWB,0.000172064580980135
South America_Southern,Root_Tuber,Root_TuberAEZ09,Root_TuberAEZ09,1990,NOx_AWB,0.000200165318623926
South America_Southern,Root_Tuber,Root_TuberAEZ10,Root_TuberAEZ10,1990,NOx_AWB,7.97152723016968e-05
South America_Southern,Root_Tuber,Root_TuberAEZ11,Root_TuberAEZ11,1990,NOx_AWB,6.91159150098392e-05
South America_Southern,Root_Tuber,Root_TuberAEZ12,Root_TuberAEZ12,1990,NOx_AWB,0.000713606934130314
South America_Southern,Root_Tuber,Root_TuberAEZ13,Root_TuberAEZ13,1990,NOx_AWB,2.47839244210759e-05
South America_Southern,Root_Tuber,Root_TuberAEZ14,Root_TuberAEZ14,1990,NOx_AWB,5.55856223534906e-05
South America_Southern,Root_Tuber,Root_TuberAEZ15,Root_TuberAEZ15,1990,NOx_AWB,7.76179734973578e-05
South America_Southern,Root_Tuber,Root_TuberAEZ16,Root_TuberAEZ16,1990,NOx_AWB,5.38797429754681e-05
South America_Southern,Root_Tuber,Root_TuberAEZ17,Root_TuberAEZ17,1990,NOx_AWB,0
South America_Southern,Root_Tuber,Root_TuberAEZ18,Root_TuberAEZ18,1990,NOx_AWB,0
South America_Southern,SugarCrop,SugarCropAEZ01,SugarCropAEZ01,1990,NOx_AWB,0.000224992941339672
South America_Southern,SugarCrop,SugarCropAEZ02,SugarCropAEZ02,1990,NOx_AWB,5.37733030315741e-05
South America_Southern,SugarCrop,SugarCropAEZ03,SugarCropAEZ03,1990,NOx_AWB,0.000242144340071209
South America_Southern,SugarCrop,SugarCropAEZ04,SugarCropAEZ04,1990,NOx_AWB,0.000283170882051141
South America_Southern,SugarCrop,SugarCropAEZ05,SugarCropAEZ05,1990,NOx_AWB,0.000471357869858448
South America_Southern,SugarCrop,SugarCropAEZ06,SugarCropAEZ06,1990,NOx_AWB,0.000187051981495605
South America_Southern,SugarCrop,SugarCropAEZ07,SugarCropAEZ07,1990,NOx_AWB,0.000163412360707852
South America_Southern,SugarCrop,SugarCropAEZ08,SugarCropAEZ08,1990,NOx_AWB,0.000390104783678113
South America_Southern,SugarCrop,SugarCropAEZ09,SugarCropAEZ09,1990,NOx_AWB,0.00042168252787758
South America_Southern,SugarCrop,SugarCropAEZ10,SugarCropAEZ10,1990,NOx_AWB,0.000830636245451207
South America_Southern,SugarCrop,SugarCropAEZ11,SugarCropAEZ11,1990,NOx_AWB,0.00029129759645062
South America_Southern,SugarCrop,SugarCropAEZ12,SugarCropAEZ12,1990,NOx_AWB,0.000690251449917139
South America_Southern,SugarCrop,SugarCropAEZ13,SugarCropAEZ13,1990,NOx_AWB,2.59954942163658e-05
South America_Southern,SugarCrop,SugarCropAEZ14,SugarCropAEZ14,1990,NOx_AWB,0.000107291618936339
South America_Southern,SugarCrop,SugarCropAEZ15,SugarCropAEZ15,1990,NOx_AWB,7.96924525017452e-05
South America_Southern,SugarCrop,SugarCropAEZ16,SugarCropAEZ16,1990,NOx_AWB,6.7065507284075e-05
South America_Southern,SugarCrop,SugarCropAEZ17,SugarCropAEZ17,1990,NOx_AWB,0
South America_Southern,SugarCrop,SugarCropAEZ18,SugarCropAEZ18,1990,NOx_AWB,0
South America_Southern,Wheat,WheatAEZ01,WheatAEZ01,1990,NOx_AWB,4.82847405685065e-06
South America_Southern,Wheat,WheatAEZ02,WheatAEZ02,1990,NOx_AWB,1.70834924327647e-07
South America_Southern,Wheat,WheatAEZ03,WheatAEZ03,1990,NOx_AWB,2.83363146221726e-06
South America_Southern,Wheat,WheatAEZ04,WheatAEZ04,1990,NOx_AWB,5.76567869605808e-06
South America_Southern,Wheat,WheatAEZ05,WheatAEZ05,1990,NOx_AWB,6.99627374878474e-06
South America_Southern,Wheat,WheatAEZ06,WheatAEZ06,1990,NOx_AWB,7.2445679866274e-06
South America_Southern,Wheat,WheatAEZ07,WheatAEZ07,1990,NOx_AWB,9.67127278126918e-06
South America_Southern,Wheat,WheatAEZ08,WheatAEZ08,1990,NOx_AWB,1.85050830530627e-05
South America_Southern,Wheat,WheatAEZ09,WheatAEZ09,1990,NOx_AWB,3.68918549628797e-05
South America_Southern,Wheat,WheatAEZ10,WheatAEZ10,1990,NOx_AWB,0.000135726755748586
South America_Southern,Wheat,WheatAEZ11,WheatAEZ11,1990,NOx_AWB,6.20276674701254e-05
South America_Southern,Wheat,WheatAEZ12,WheatAEZ12,1990,NOx_AWB,0.000231571249543694
South America_Southern,Wheat,WheatAEZ13,WheatAEZ13,1990,NOx_AWB,6.79334095824027e-06
South America_Southern,Wheat,WheatAEZ14,WheatAEZ14,1990,NOx_AWB,1.29781488164686e-05
South America_Southern,Wheat,WheatAEZ15,WheatAEZ15,1990,NOx_AWB,5.73119338524661e-06
South America_Southern,Wheat,WheatAEZ16,WheatAEZ16,1990,NOx_AWB,5.3454884474013e-06
South America_Southern,Wheat,WheatAEZ17,WheatAEZ17,1990,NOx_AWB,2.99756932438264e-07
South America_Southern,Wheat,WheatAEZ18,WheatAEZ18,1990,NOx_AWB,0
South America_Southern,Corn,CornAEZ01,CornAEZ01,1990,SO2_AWB,3.96042180812513e-06
South America_Southern,Corn,CornAEZ02,CornAEZ02,1990,SO2_AWB,7.34559072929894e-07
South America_Southern,Corn,CornAEZ03,CornAEZ03,1990,SO2_AWB,2.3583567729934e-06
South America_Southern,Corn,CornAEZ04,CornAEZ04,1990,SO2_AWB,3.97810304415132e-06
South America_Southern,Corn,CornAEZ05,CornAEZ05,1990,SO2_AWB,5.3955779758752e-06
South America_Southern,Corn,CornAEZ06,CornAEZ06,1990,SO2_AWB,8.69054008184895e-06
South America_Southern,Corn,CornAEZ07,CornAEZ07,1990,SO2_AWB,4.09699497635577e-06
South America_Southern,Corn,CornAEZ08,CornAEZ08,1990,SO2_AWB,1.11396288552709e-05
South America_Southern,Corn,CornAEZ09,CornAEZ09,1990,SO2_AWB,1.2850507267984e-05
South America_Southern,Corn,CornAEZ10,CornAEZ10,1990,SO2_AWB,1.81053606114413e-05
South America_Southern,Corn,CornAEZ11,CornAEZ11,1990,SO2_AWB,3.73561752150634e-06
South America_Southern,Corn,CornAEZ12,CornAEZ12,1990,SO2_AWB,2.72422831286956e-05
South America_Southern,Corn,CornAEZ13,CornAEZ13,1990,SO2_AWB,1.73236098944075e-06
South America_Southern,Corn,CornAEZ14,CornAEZ14,1990,SO2_AWB,3.63438181650769e-06
South America_Southern,Corn,CornAEZ15,CornAEZ15,1990,SO2_AWB,2.34592738925221e-06
South America_Southern,Corn,CornAEZ16,CornAEZ16,1990,SO2_AWB,1.2369362572216e-06
South America_Southern,Corn,CornAEZ17,CornAEZ17,1990,SO2_AWB,0
South America_Southern,Corn,CornAEZ18,CornAEZ18,1990,SO2_AWB,0
South America_Southern,FiberCrop,FiberCropAEZ01,FiberCropAEZ01,1990,SO2_AWB,1.12763012524775e-06
South America_Southern,FiberCrop,FiberCropAEZ02,FiberCropAEZ02,1990,SO2_AWB,8.8734431359582e-08
South America_Southern,FiberCrop,FiberCropAEZ03,FiberCropAEZ03,1990,SO2_AWB,7.69251378131295e-07
South America_Southern,FiberCrop,FiberCropAEZ04,FiberCropAEZ04,1990,SO2_AWB,1.51331740610772e-06
South America_Southern,FiberCrop,FiberCropAEZ05,FiberCropAEZ05,1990,SO2_AWB,1.79123481653757e-06
South America_Southern,FiberCrop,FiberCropAEZ06,FiberCropAEZ06,1990,SO2_AWB,1.8586641987836e-06
South America_Southern,FiberCrop,FiberCropAEZ07,FiberCropAEZ07,1990,SO2_AWB,7.6544429031719e-07
South America_Southern,FiberCrop,FiberCropAEZ08,FiberCropAEZ08,1990,SO2_AWB,1.42282585729548e-06
South America_Southern,FiberCrop,FiberCropAEZ09,FiberCropAEZ09,1990,SO2_AWB,1.41462597584971e-06
South America_Southern,FiberCrop,FiberCropAEZ10,FiberCropAEZ10,1990,SO2_AWB,1.10837504649564e-06
South America_Southern,FiberCrop,FiberCropAEZ11,FiberCropAEZ11,1990,SO2_AWB,8.21525622348076e-07
South America_Southern,FiberCrop,FiberCropAEZ12,FiberCropAEZ12,1990,SO2_AWB,1.41431848029549e-05
South America_Southern,FiberCrop,FiberCropAEZ13,FiberCropAEZ13,1990,SO2_AWB,1.48403211522998e-07
South America_Southern,FiberCrop,FiberCropAEZ14,FiberCropAEZ14,1990,SO2_AWB,5.62863290670352e-07
South America_Southern,FiberCrop,FiberCropAEZ15,FiberCropAEZ15,1990,SO2_AWB,6.80297307090128e-07
South America_Southern,FiberCrop,FiberCropAEZ16,FiberCropAEZ16,1990,SO2_AWB,6.85349019766542e-07
South America_Southern,FiberCrop,FiberCropAEZ17,FiberCropAEZ17,1990,SO2_AWB,0
South America_Southern,FiberCrop,FiberCropAEZ18,FiberCropAEZ18,1990,SO2_AWB,0
South America_Southern,FodderGrass,FodderGrassAEZ01,FodderGrassAEZ01,1990,SO2_AWB,2.9222586230022e-06
South America_Southern,FodderGrass,FodderGrassAEZ02,FodderGrassAEZ02,1990,SO2_AWB,6.64536670548703e-09
South America_Southern,FodderGrass,FodderGrassAEZ03,FodderGrassAEZ03,1990,SO2_AWB,1.50665362078246e-06
South America_Southern,FodderGrass,FodderGrassAEZ04,FodderGrassAEZ04,1990,SO2_AWB,2.16879464845834e-05
South America_Southern,FodderGrass,FodderGrassAEZ05,FodderGrassAEZ05,1990,SO2_AWB,7.88294209717687e-06
South America_Southern,FodderGrass,FodderGrassAEZ06,FodderGrassAEZ06,1990,SO2_AWB,2.28575073757573e-05
South America_Southern,FodderGrass,FodderGrassAEZ07,FodderGrassAEZ07,1990,SO2_AWB,1.00503485498145e-05
South America_Southern,FodderGrass,FodderGrassAEZ08,FodderGrassAEZ08,1990,SO2_AWB,1.49996095609331e-05
South America_Southern,FodderGrass,FodderGrassAEZ09,FodderGrassAEZ09,1990,SO2_AWB,2.91259800983782e-05
South America_Southern,FodderGrass,FodderGrassAEZ10,FodderGrassAEZ10,1990,SO2_AWB,0.00010374188384399
South America_Southern,FodderGrass,FodderGrassAEZ11,FodderGrassAEZ11,1990,SO2_AWB,3.51589561603116e-05
South America_Southern,FodderGrass,FodderGrassAEZ12,FodderGrassAEZ12,1990,SO2_AWB,0.000795882816462492
South America_Southern,FodderGrass,FodderGrassAEZ13,FodderGrassAEZ13,1990,SO2_AWB,4.17995930674318e-06
South America_Southern,FodderGrass,FodderGrassAEZ14,FodderGrassAEZ14,1990,SO2_AWB,2.50324578567901e-06
South America_Southern,FodderGrass,FodderGrassAEZ15,FodderGrassAEZ15,1990,SO2_AWB,5.38369299111786e-07
South America_Southern,FodderGrass,FodderGrassAEZ16,FodderGrassAEZ16,1990,SO2_AWB,8.40674361731857e-07
South America_Southern,FodderGrass,FodderGrassAEZ17,FodderGrassAEZ17,1990,SO2_AWB,5.53859388763366e-08
South America_Southern,FodderGrass,FodderGrassAEZ18,FodderGrassAEZ18,1990,SO2_AWB,1.94158222961027e-08
South America_Southern,FodderHerb,FodderHerbAEZ01,FodderHerbAEZ01,1990,SO2_AWB,1.93463608907245e-05
South America_Southern,FodderHerb,FodderHerbAEZ02,FodderHerbAEZ02,1990,SO2_AWB,9.9187981487437e-07
South America_Southern,FodderHerb,FodderHerbAEZ03,FodderHerbAEZ03,1990,SO2_AWB,8.82963496235182e-07
South America_Southern,FodderHerb,FodderHerbAEZ04,FodderHerbAEZ04,1990,SO2_AWB,1.98421582375351e-06
South America_Southern,FodderHerb,FodderHerbAEZ05,FodderHerbAEZ05,1990,SO2_AWB,5.1264801286194e-06
South America_Southern,FodderHerb,FodderHerbAEZ06,FodderHerbAEZ06,1990,SO2_AWB,1.05059768571352e-05
South America_Southern,FodderHerb,FodderHerbAEZ07,FodderHerbAEZ07,1990,SO2_AWB,1.59344003926627e-05
South America_Southern,FodderHerb,FodderHerbAEZ08,FodderHerbAEZ08,1990,SO2_AWB,2.8044412394825e-05
South America_Southern,FodderHerb,FodderHerbAEZ09,FodderHerbAEZ09,1990,SO2_AWB,2.88129852443637e-05
South America_Southern,FodderHerb,FodderHerbAEZ10,FodderHerbAEZ10,1990,SO2_AWB,5.13422687306294e-05
South America_Southern,FodderHerb,FodderHerbAEZ11,FodderHerbAEZ11,1990,SO2_AWB,1.80721540111472e-05
South America_Southern,FodderHerb,FodderHerbAEZ12,FodderHerbAEZ12,1990,SO2_AWB,1.72723603844068e-05
South America_Southern,FodderHerb,FodderHerbAEZ13,FodderHerbAEZ13,1990,SO2_AWB,4.52818169136162e-06
South America_Southern,FodderHerb,FodderHerbAEZ14,FodderHerbAEZ14,1990,SO2_AWB,1.08666837542829e-05
South America_Southern,FodderHerb,FodderHerbAEZ15,FodderHerbAEZ15,1990,SO2_AWB,1.13861176529658e-05
South America_Southern,FodderHerb,FodderHerbAEZ16,FodderHerbAEZ16,1990,SO2_AWB,1.14235255613571e-05
South America_Southern,FodderHerb,FodderHerbAEZ17,FodderHerbAEZ17,1990,SO2_AWB,0
South America_Southern,FodderHerb,FodderHerbAEZ18,FodderHerbAEZ18,1990,SO2_AWB,0
South America_Southern,MiscCrop,MiscCropAEZ01,MiscCropAEZ01,1990,SO2_AWB,2.41053048729599e-05
South America_Southern,MiscCrop,MiscCropAEZ02,MiscCropAEZ02,1990,SO2_AWB,2.44796444443704e-05
South America_Southern,MiscCrop,MiscCropAEZ03,MiscCropAEZ03,1990,SO2_AWB,4.77593689178504e-05
South America_Southern,MiscCrop,MiscCropAEZ04,MiscCropAEZ04,1990,SO2_AWB,3.79044775264216e-05
South America_Southern,MiscCrop,MiscCropAEZ05,MiscCropAEZ05,1990,SO2_AWB,2.42331636733299e-05
South America_Southern,MiscCrop,MiscCropAEZ06,MiscCropAEZ06,1990,SO2_AWB,7.04597457943083e-05
South America_Southern,MiscCrop,MiscCropAEZ07,MiscCropAEZ07,1990,SO2_AWB,1.05667471997434e-05
South America_Southern,MiscCrop,MiscCropAEZ08,MiscCropAEZ08,1990,SO2_AWB,2.13734349991631e-05
South America_Southern,MiscCrop,MiscCropAEZ09,MiscCropAEZ09,1990,SO2_AWB,4.09920893279387e-05
South America_Southern,MiscCrop,MiscCropAEZ10,MiscCropAEZ10,1990,SO2_AWB,9.18150790869458e-05
South America_Southern,MiscCrop,MiscCropAEZ11,MiscCropAEZ11,1990,SO2_AWB,3.13767975793852e-05
South America_Southern,MiscCrop,MiscCropAEZ12,MiscCropAEZ12,1990,SO2_AWB,5.23618207900789e-05
South America_Southern,MiscCrop,MiscCropAEZ13,MiscCropAEZ13,1990,SO2_AWB,4.29422692413644e-06
South America_Southern,MiscCrop,MiscCropAEZ14,MiscCropAEZ14,1990,SO2_AWB,6.71917368489959e-06
South America_Southern,MiscCrop,MiscCropAEZ15,MiscCropAEZ15,1990,SO2_AWB,4.62833359303059e-06
South America_Southern,MiscCrop,MiscCropAEZ16,MiscCropAEZ16,1990,SO2_AWB,5.91392670918742e-06
South America_Southern,MiscCrop,MiscCropAEZ17,MiscCropAEZ17,1990,SO2_AWB,5.67228132550631e-09
South America_Southern,MiscCrop,MiscCropAEZ18,MiscCropAEZ18,1990,SO2_AWB,0
South America_Southern,OilCrop,OilCropAEZ01,OilCropAEZ01,1990,SO2_AWB,2.58333394155766e-07
South America_Southern,OilCrop,OilCropAEZ02,OilCropAEZ02,1990,SO2_AWB,1.40224683895116e-07
South America_Southern,OilCrop,OilCropAEZ03,OilCropAEZ03,1990,SO2_AWB,3.12356197229741e-06
South America_Southern,OilCrop,OilCropAEZ04,OilCropAEZ04,1990,SO2_AWB,6.43650457292824e-06
South America_Southern,OilCrop,OilCropAEZ05,OilCropAEZ05,1990,SO2_AWB,6.16037420606816e-06
South America_Southern,OilCrop,OilCropAEZ06,OilCropAEZ06,1990,SO2_AWB,1.04657627208201e-06
South America_Southern,OilCrop,OilCropAEZ07,OilCropAEZ07,1990,SO2_AWB,8.82286182225982e-09
South America_Southern,OilCrop,OilCropAEZ08,OilCropAEZ08,1990,SO2_AWB,2.4270432464205e-07
South America_Southern,OilCrop,OilCropAEZ09,OilCropAEZ09,1990,SO2_AWB,1.39470119141174e-06
South America_Southern,OilCrop,OilCropAEZ10,OilCropAEZ10,1990,SO2_AWB,3.27482783755866e-06
South America_Southern,OilCrop,OilCropAEZ11,OilCropAEZ11,1990,SO2_AWB,1.95855768638404e-06
South America_Southern,OilCrop,OilCropAEZ12,OilCropAEZ12,1990,SO2_AWB,5.46080865190861e-05
South America_Southern,OilCrop,OilCropAEZ13,OilCropAEZ13,1990,SO2_AWB,3.52914472890392e-10
South America_Southern,OilCrop,OilCropAEZ14,OilCropAEZ14,1990,SO2_AWB,6.55412592510728e-10
South America_Southern,OilCrop,OilCropAEZ15,OilCropAEZ15,1990,SO2_AWB,0
South America_Southern,OilCrop,OilCropAEZ16,OilCropAEZ16,1990,SO2_AWB,7.73050750140859e-10
South America_Southern,OilCrop,OilCropAEZ17,OilCropAEZ17,1990,SO2_AWB,0
South America_Southern,OilCrop,OilCropAEZ18,OilCropAEZ18,1990,SO2_AWB,0
South America_Southern,OtherGrain,OtherGrainAEZ01,OtherGrainAEZ01,1990,SO2_AWB,1.16950428372257e-07
South America_Southern,OtherGrain,OtherGrainAEZ02,OtherGrainAEZ02,1990,SO2_AWB,1.08228799084344e-08
South America_Southern,OtherGrain,OtherGrainAEZ03,OtherGrainAEZ03,1990,SO2_AWB,6.60195674414501e-07
South America_Southern,OtherGrain,OtherGrainAEZ04,OtherGrainAEZ04,1990,SO2_AWB,1.37749931089903e-06
South America_Southern,OtherGrain,OtherGrainAEZ05,OtherGrainAEZ05,1990,SO2_AWB,1.4683424199177e-06
South America_Southern,OtherGrain,OtherGrainAEZ06,OtherGrainAEZ06,1990,SO2_AWB,4.30151907850114e-07
South America_Southern,OtherGrain,OtherGrainAEZ07,OtherGrainAEZ07,1990,SO2_AWB,2.51257762555116e-07
South America_Southern,OtherGrain,OtherGrainAEZ08,OtherGrainAEZ08,1990,SO2_AWB,1.10010544473525e-06
South America_Southern,OtherGrain,OtherGrainAEZ09,OtherGrainAEZ09,1990,SO2_AWB,1.70621550386265e-06
South America_Southern,OtherGrain,OtherGrainAEZ10,OtherGrainAEZ10,1990,SO2_AWB,4.38128024931569e-06
South America_Southern,OtherGrain,OtherGrainAEZ11,OtherGrainAEZ11,1990,SO2_AWB,4.82473048301074e-06
South America_Southern,OtherGrain,OtherGrainAEZ12,OtherGrainAEZ12,1990,SO2_AWB,1.32667207328649e-05
South America_Southern,OtherGrain,OtherGrainAEZ13,OtherGrainAEZ13,1990,SO2_AWB,2.3985919754517e-07
South America_Southern,OtherGrain,OtherGrainAEZ14,OtherGrainAEZ14,1990,SO2_AWB,6.02943791069086e-07
South America_Southern,OtherGrain,OtherGrainAEZ15,OtherGrainAEZ15,1990,SO2_AWB,1.03827686483281e-06
South America_Southern,OtherGrain,OtherGrainAEZ16,OtherGrainAEZ16,1990,SO2_AWB,6.65693467133942e-07
South America_Southern,OtherGrain,OtherGrainAEZ17,OtherGrainAEZ17,1990,SO2_AWB,0
South America_Southern,OtherGrain,OtherGrainAEZ18,OtherGrainAEZ18,1990,SO2_AWB,0
South America_Southern,PalmFruit,PalmFruitAEZ01,PalmFruitAEZ01,1990,SO2_AWB,3.32166202056063e-07
South America_Southern,PalmFruit,PalmFruitAEZ02,PalmFruitAEZ02,1990,SO2_AWB,1.90109008612748e-06
South America_Southern,PalmFruit,PalmFruitAEZ03,PalmFruitAEZ03,1990,SO2_AWB,4.09619873011831e-06
South America_Southern,PalmFruit,PalmFruitAEZ04,PalmFruitAEZ04,1990,SO2_AWB,4.40943590789935e-06
South America_Southern,PalmFruit,PalmFruitAEZ05,PalmFruitAEZ05,1990,SO2_AWB,4.46577542382228e-06
South America_Southern,PalmFruit,PalmFruitAEZ06,PalmFruitAEZ06,1990,SO2_AWB,1.21957939503416e-05
South America_Southern,PalmFruit,PalmFruitAEZ07,PalmFruitAEZ07,1990,SO2_AWB,1.72704310492809e-08
South America_Southern,PalmFruit,PalmFruitAEZ08,PalmFruitAEZ08,1990,SO2_AWB,6.7865422498226e-07
South America_Southern,PalmFruit,PalmFruitAEZ09,PalmFruitAEZ09,1990,SO2_AWB,9.65538199287158e-07
South America_Southern,PalmFruit,PalmFruitAEZ10,PalmFruitAEZ10,1990,SO2_AWB,2.16096268504127e-06
South America_Southern,PalmFruit,PalmFruitAEZ11,PalmFruitAEZ11,1990,SO2_AWB,3.76287414549188e-06
South America_Southern,PalmFruit,PalmFruitAEZ12,PalmFruitAEZ12,1990,SO2_AWB,3.45585011058835e-06
South America_Southern,PalmFruit,PalmFruitAEZ13,PalmFruitAEZ13,1990,SO2_AWB,5.05476030710659e-09
South America_Southern,PalmFruit,PalmFruitAEZ14,PalmFruitAEZ14,1990,SO2_AWB,4.95735086368841e-08
South America_Southern,PalmFruit,PalmFruitAEZ15,PalmFruitAEZ15,1990,SO2_AWB,5.58129783909687e-09
South America_Southern,PalmFruit,PalmFruitAEZ16,PalmFruitAEZ16,1990,SO2_AWB,0
South America_Southern,PalmFruit,PalmFruitAEZ17,PalmFruitAEZ17,1990,SO2_AWB,0
South America_Southern,PalmFruit,PalmFruitAEZ18,PalmFruitAEZ18,1990,SO2_AWB,0
South America_Southern,Rice,RiceAEZ01,RiceAEZ01,1990,SO2_AWB,5.83000543437782e-06
South America_Southern,Rice,RiceAEZ02,RiceAEZ02,1990,SO2_AWB,2.73584450537642e-06
South America_Southern,Rice,RiceAEZ03,RiceAEZ03,1990,SO2_AWB,4.74756848035299e-06
South America_Southern,Rice,RiceAEZ04,RiceAEZ04,1990,SO2_AWB,6.9403871369222e-06
South America_Southern,Rice,RiceAEZ05,RiceAEZ05,1990,SO2_AWB,8.98508075123236e-06
South America_Southern,Rice,RiceAEZ06,RiceAEZ06,1990,SO2_AWB,3.62270794222176e-06
South America_Southern,Rice,RiceAEZ07,RiceAEZ07,1990,SO2_AWB,3.64173499913838e-06
South America_Southern,Rice,RiceAEZ08,RiceAEZ08,1990,SO2_AWB,8.61119312445219e-06
South America_Southern,Rice,RiceAEZ09,RiceAEZ09,1990,SO2_AWB,7.29173226933871e-06
South America_Southern,Rice,RiceAEZ10,RiceAEZ10,1990,SO2_AWB,4.35959924255626e-06
South America_Southern,Rice,RiceAEZ11,RiceAEZ11,1990,SO2_AWB,2.50678495692195e-06
South America_Southern,Rice,RiceAEZ12,RiceAEZ12,1990,SO2_AWB,2.33079461105747e-05
South America_Southern,Rice,RiceAEZ13,RiceAEZ13,1990,SO2_AWB,1.33900430397151e-06
South America_Southern,Rice,RiceAEZ14,RiceAEZ14,1990,SO2_AWB,3.50360015482199e-06
South America_Southern,Rice,RiceAEZ15,RiceAEZ15,1990,SO2_AWB,2.46247455610673e-06
South America_Southern,Rice,RiceAEZ16,RiceAEZ16,1990,SO2_AWB,1.80578289651265e-06
South America_Southern,Rice,RiceAEZ17,RiceAEZ17,1990,SO2_AWB,0
South America_Southern,Rice,RiceAEZ18,RiceAEZ18,1990,SO2_AWB,0
South America_Southern,Root_Tuber,Root_TuberAEZ01,Root_TuberAEZ01,1990,SO2_AWB,7.25604383095007e-06
South America_Southern,Root_Tuber,Root_TuberAEZ02,Root_TuberAEZ02,1990,SO2_AWB,4.10372871717844e-07
South America_Southern,Root_Tuber,Root_TuberAEZ03,Root_TuberAEZ03,1990,SO2_AWB,1.33028386288007e-06
South America_Southern,Root_Tuber,Root_TuberAEZ04,Root_TuberAEZ04,1990,SO2_AWB,4.71587451856156e-06
South America_Southern,Root_Tuber,Root_TuberAEZ05,Root_TuberAEZ05,1990,SO2_AWB,7.34346430312908e-06
South America_Southern,Root_Tuber,Root_TuberAEZ06,Root_TuberAEZ06,1990,SO2_AWB,2.3513387782404e-05
South America_Southern,Root_Tuber,Root_TuberAEZ07,Root_TuberAEZ07,1990,SO2_AWB,1.02222071450951e-05
South America_Southern,Root_Tuber,Root_TuberAEZ08,Root_TuberAEZ08,1990,SO2_AWB,2.69462757484802e-05
South America_Southern,Root_Tuber,Root_TuberAEZ09,Root_TuberAEZ09,1990,SO2_AWB,3.13470084325223e-05
South America_Southern,Root_Tuber,Root_TuberAEZ10,Root_TuberAEZ10,1990,SO2_AWB,1.24838574944991e-05
South America_Southern,Root_Tuber,Root_TuberAEZ11,Root_TuberAEZ11,1990,SO2_AWB,1.08239388597858e-05
South America_Southern,Root_Tuber,Root_TuberAEZ12,Root_TuberAEZ12,1990,SO2_AWB,0.00011175483712899
South America_Southern,Root_Tuber,Root_TuberAEZ13,Root_TuberAEZ13,1990,SO2_AWB,3.88130118223986e-06
South America_Southern,Root_Tuber,Root_TuberAEZ14,Root_TuberAEZ14,1990,SO2_AWB,8.70501935410498e-06
South America_Southern,Root_Tuber,Root_TuberAEZ15,Root_TuberAEZ15,1990,SO2_AWB,1.21554087714281e-05
South America_Southern,Root_Tuber,Root_TuberAEZ16,Root_TuberAEZ16,1990,SO2_AWB,8.43786910242625e-06
South America_Southern,Root_Tuber,Root_TuberAEZ17,Root_TuberAEZ17,1990,SO2_AWB,0
South America_Southern,Root_Tuber,Root_TuberAEZ18,Root_TuberAEZ18,1990,SO2_AWB,0
South America_Southern,SugarCrop,SugarCropAEZ01,SugarCropAEZ01,1990,SO2_AWB,3.52351530121144e-05
South America_Southern,SugarCrop,SugarCropAEZ02,SugarCropAEZ02,1990,SO2_AWB,8.42120001188778e-06
South America_Southern,SugarCrop,SugarCropAEZ03,SugarCropAEZ03,1990,SO2_AWB,3.79211579822221e-05
South America_Southern,SugarCrop,SugarCropAEZ04,SugarCropAEZ04,1990,SO2_AWB,4.43461439200629e-05
South America_Southern,SugarCrop,SugarCropAEZ05,SugarCropAEZ05,1990,SO2_AWB,7.3817278751217e-05
South America_Southern,SugarCrop,SugarCropAEZ06,SugarCropAEZ06,1990,SO2_AWB,2.92933864945866e-05
South America_Southern,SugarCrop,SugarCropAEZ07,SugarCropAEZ07,1990,SO2_AWB,2.55912896614804e-05
South America_Southern,SugarCrop,SugarCropAEZ08,SugarCropAEZ08,1990,SO2_AWB,6.10925910022425e-05
South America_Southern,SugarCrop,SugarCropAEZ09,SugarCropAEZ09,1990,SO2_AWB,6.6037842359999e-05
South America_Southern,SugarCrop,SugarCropAEZ10,SugarCropAEZ10,1990,SO2_AWB,0.000130082281833439
South America_Southern,SugarCrop,SugarCropAEZ11,SugarCropAEZ11,1990,SO2_AWB,4.56188328481975e-05
South America_Southern,SugarCrop,SugarCropAEZ12,SugarCropAEZ12,1990,SO2_AWB,0.000108097237672655
South America_Southern,SugarCrop,SugarCropAEZ13,SugarCropAEZ13,1990,SO2_AWB,4.07103978856105e-06
South America_Southern,SugarCrop,SugarCropAEZ14,SugarCropAEZ14,1990,SO2_AWB,1.68024676135598e-05
South America_Southern,SugarCrop,SugarCropAEZ15,SugarCropAEZ15,1990,SO2_AWB,1.24802837861942e-05
South America_Southern,SugarCrop,SugarCropAEZ16,SugarCropAEZ16,1990,SO2_AWB,1.05028335418841e-05
South America_Southern,SugarCrop,SugarCropAEZ17,SugarCropAEZ17,1990,SO2_AWB,0
South America_Southern,SugarCrop,SugarCropAEZ18,SugarCropAEZ18,1990,SO2_AWB,0
South America_Southern,Wheat,WheatAEZ01,WheatAEZ01,1990,SO2_AWB,7.56166043232927e-07
South America_Southern,Wheat,WheatAEZ02,WheatAEZ02,1990,SO2_AWB,2.67537046391609e-08
South America_Southern,Wheat,WheatAEZ03,WheatAEZ03,1990,SO2_AWB,4.4376253564521e-07
South America_Southern,Wheat,WheatAEZ04,WheatAEZ04,1990,SO2_AWB,9.0293753157168e-07
South America_Southern,Wheat,WheatAEZ05,WheatAEZ05,1990,SO2_AWB,1.09565559961682e-06
South America_Southern,Wheat,WheatAEZ06,WheatAEZ06,1990,SO2_AWB,1.13453986598678e-06
South America_Southern,Wheat,WheatAEZ07,WheatAEZ07,1990,SO2_AWB,1.51457540952566e-06
South America_Southern,Wheat,WheatAEZ08,WheatAEZ08,1990,SO2_AWB,2.89799950609197e-06
South America_Southern,Wheat,WheatAEZ09,WheatAEZ09,1990,SO2_AWB,5.77747082543073e-06
South America_Southern,Wheat,WheatAEZ10,WheatAEZ10,1990,SO2_AWB,2.12555690776956e-05
South America_Southern,Wheat,WheatAEZ11,WheatAEZ11,1990,SO2_AWB,9.71387965009486e-06
South America_Southern,Wheat,WheatAEZ12,WheatAEZ12,1990,SO2_AWB,3.62653528697163e-05
South America_Southern,Wheat,WheatAEZ13,WheatAEZ13,1990,SO2_AWB,1.06387518960291e-06
South America_Southern,Wheat,WheatAEZ14,WheatAEZ14,1990,SO2_AWB,2.03245069218371e-06
South America_Southern,Wheat,WheatAEZ15,WheatAEZ15,1990,SO2_AWB,8.97536939020297e-07
South America_Southern,Wheat,WheatAEZ16,WheatAEZ16,1990,SO2_AWB,8.3713338848406e-07
South America_Southern,Wheat,WheatAEZ17,WheatAEZ17,1990,SO2_AWB,4.69436121774099e-08
South America_Southern,Wheat,WheatAEZ18,WheatAEZ18,1990,SO2_AWB,0
South Asia,Corn,CornAEZ03,CornAEZ03,1990,CH4_AWB,1.07367417279978e-05
South Asia,Corn,CornAEZ04,CornAEZ04,1990,CH4_AWB,0.000125398645937847
South Asia,Corn,CornAEZ05,CornAEZ05,1990,CH4_AWB,6.00174902012634e-05
South Asia,Corn,CornAEZ06,CornAEZ06,1990,CH4_AWB,9.22939991457816e-06
South Asia,Corn,CornAEZ07,CornAEZ07,1990,CH4_AWB,8.52319145367638e-06
South Asia,Corn,CornAEZ08,CornAEZ08,1990,CH4_AWB,3.24233970311137e-05
South Asia,Corn,CornAEZ09,CornAEZ09,1990,CH4_AWB,7.28712206759047e-07
South Asia,Corn,CornAEZ10,CornAEZ10,1990,CH4_AWB,9.03013947398773e-05
South Asia,Corn,CornAEZ11,CornAEZ11,1990,CH4_AWB,0.00024095374427872
South Asia,Corn,CornAEZ12,CornAEZ12,1990,CH4_AWB,0.000144345572472597
South Asia,Corn,CornAEZ13,CornAEZ13,1990,CH4_AWB,5.69426601991334e-06
South Asia,Corn,CornAEZ14,CornAEZ14,1990,CH4_AWB,6.34237390060187e-06
South Asia,Corn,CornAEZ15,CornAEZ15,1990,CH4_AWB,7.26461832173324e-06
South Asia,Corn,CornAEZ16,CornAEZ16,1990,CH4_AWB,2.1128971564872e-06
South Asia,FiberCrop,FiberCropAEZ03,FiberCropAEZ03,1990,CH4_AWB,2.66726728237808e-07
South Asia,FiberCrop,FiberCropAEZ04,FiberCropAEZ04,1990,CH4_AWB,0.000173740346123003
South Asia,FiberCrop,FiberCropAEZ05,FiberCropAEZ05,1990,CH4_AWB,0.000224549646697378
South Asia,FiberCrop,FiberCropAEZ06,FiberCropAEZ06,1990,CH4_AWB,4.28230985702904e-08
South Asia,FiberCrop,FiberCropAEZ07,FiberCropAEZ07,1990,CH4_AWB,1.27796361304766e-06
South Asia,FiberCrop,FiberCropAEZ08,FiberCropAEZ08,1990,CH4_AWB,2.71868558858997e-05
South Asia,FiberCrop,FiberCropAEZ09,FiberCropAEZ09,1990,CH4_AWB,0
South Asia,FiberCrop,FiberCropAEZ10,FiberCropAEZ10,1990,CH4_AWB,5.4385335184269e-07
South Asia,FiberCrop,FiberCropAEZ11,FiberCropAEZ11,1990,CH4_AWB,4.60715364761223e-06
South Asia,FiberCrop,FiberCropAEZ12,FiberCropAEZ12,1990,CH4_AWB,2.41338748371136e-07
South Asia,FiberCrop,FiberCropAEZ13,FiberCropAEZ13,1990,CH4_AWB,5.54253247209757e-07
South Asia,FiberCrop,FiberCropAEZ14,FiberCropAEZ14,1990,CH4_AWB,6.30723066085279e-07
South Asia,FiberCrop,FiberCropAEZ15,FiberCropAEZ15,1990,CH4_AWB,0
South Asia,FiberCrop,FiberCropAEZ16,FiberCropAEZ16,1990,CH4_AWB,0
South Asia,FodderGrass,FodderGrassAEZ03,FodderGrassAEZ03,1990,CH4_AWB,1.65577146379008e-06
South Asia,FodderGrass,FodderGrassAEZ04,FodderGrassAEZ04,1990,CH4_AWB,2.99063463769449e-05
South Asia,FodderGrass,FodderGrassAEZ05,FodderGrassAEZ05,1990,CH4_AWB,6.77960333632107e-06
South Asia,FodderGrass,FodderGrassAEZ06,FodderGrassAEZ06,1990,CH4_AWB,0
South Asia,FodderGrass,FodderGrassAEZ07,FodderGrassAEZ07,1990,CH4_AWB,1.45128639681632e-06
South Asia,FodderGrass,FodderGrassAEZ08,FodderGrassAEZ08,1990,CH4_AWB,9.13638171990304e-06
South Asia,FodderGrass,FodderGrassAEZ09,FodderGrassAEZ09,1990,CH4_AWB,0
South Asia,FodderGrass,FodderGrassAEZ10,FodderGrassAEZ10,1990,CH4_AWB,8.801043609685e-07
South Asia,FodderGrass,FodderGrassAEZ11,FodderGrassAEZ11,1990,CH4_AWB,3.84215221565867e-06
South Asia,FodderGrass,FodderGrassAEZ12,FodderGrassAEZ12,1990,CH4_AWB,1.1434317755843e-06
South Asia,FodderGrass,FodderGrassAEZ13,FodderGrassAEZ13,1990,CH4_AWB,7.2999310313976e-08
South Asia,FodderGrass,FodderGrassAEZ14,FodderGrassAEZ14,1990,CH4_AWB,1.16577446806935e-07
South Asia,FodderGrass,FodderGrassAEZ15,FodderGrassAEZ15,1990,CH4_AWB,0
South Asia,FodderGrass,FodderGrassAEZ16,FodderGrassAEZ16,1990,CH4_AWB,0
South Asia,FodderHerb,FodderHerbAEZ03,FodderHerbAEZ03,1990,CH4_AWB,0
South Asia,FodderHerb,FodderHerbAEZ04,FodderHerbAEZ04,1990,CH4_AWB,0
South Asia,FodderHerb,FodderHerbAEZ05,FodderHerbAEZ05,1990,CH4_AWB,0
South Asia,FodderHerb,FodderHerbAEZ06,FodderHerbAEZ06,1990,CH4_AWB,0
South Asia,FodderHerb,FodderHerbAEZ07,FodderHerbAEZ07,1990,CH4_AWB,0
South Asia,FodderHerb,FodderHerbAEZ08,FodderHerbAEZ08,1990,CH4_AWB,0
South Asia,FodderHerb,FodderHerbAEZ09,FodderHerbAEZ09,1990,CH4_AWB,0
South Asia,FodderHerb,FodderHerbAEZ10,FodderHerbAEZ10,1990,CH4_AWB,0
South Asia,FodderHerb,FodderHerbAEZ11,FodderHerbAEZ11,1990,CH4_AWB,0
South Asia,FodderHerb,FodderHerbAEZ12,FodderHerbAEZ12,1990,CH4_AWB,0
South Asia,FodderHerb,FodderHerbAEZ13,FodderHerbAEZ13,1990,CH4_AWB,0
South Asia,FodderHerb,FodderHerbAEZ14,FodderHerbAEZ14,1990,CH4_AWB,0
South Asia,FodderHerb,FodderHerbAEZ15,FodderHerbAEZ15,1990,CH4_AWB,0
South Asia,FodderHerb,FodderHerbAEZ16,FodderHerbAEZ16,1990,CH4_AWB,0
South Asia,MiscCrop,MiscCropAEZ03,MiscCropAEZ03,1990,CH4_AWB,2.70112822572229e-05
South Asia,MiscCrop,MiscCropAEZ04,MiscCropAEZ04,1990,CH4_AWB,0.00119795269846186
South Asia,MiscCrop,MiscCropAEZ05,MiscCropAEZ05,1990,CH4_AWB,0.00117552675961509
South Asia,MiscCrop,MiscCropAEZ06,MiscCropAEZ06,1990,CH4_AWB,0.000441398801657002
South Asia,MiscCrop,MiscCropAEZ07,MiscCropAEZ07,1990,CH4_AWB,3.37431957446319e-05
South Asia,MiscCrop,MiscCropAEZ08,MiscCropAEZ08,1990,CH4_AWB,3.53169284419488e-05
South Asia,MiscCrop,MiscCropAEZ09,MiscCropAEZ09,1990,CH4_AWB,4.54270288998633e-06
South Asia,MiscCrop,MiscCropAEZ10,MiscCropAEZ10,1990,CH4_AWB,0.000144350392015049
South Asia,MiscCrop,MiscCropAEZ11,MiscCropAEZ11,1990,CH4_AWB,0.000335655269093436
South Asia,MiscCrop,MiscCropAEZ12,MiscCropAEZ12,1990,CH4_AWB,0.000162966780486564
South Asia,MiscCrop,MiscCropAEZ13,MiscCropAEZ13,1990,CH4_AWB,5.03753125543124e-07
South Asia,MiscCrop,MiscCropAEZ14,MiscCropAEZ14,1990,CH4_AWB,2.81295216428609e-06
South Asia,MiscCrop,MiscCropAEZ15,MiscCropAEZ15,1990,CH4_AWB,6.5778787390474e-06
South Asia,MiscCrop,MiscCropAEZ16,MiscCropAEZ16,1990,CH4_AWB,3.99531760396311e-06
South Asia,OilCrop,OilCropAEZ03,OilCropAEZ03,1990,CH4_AWB,1.57954510791323e-06
South Asia,OilCrop,OilCropAEZ04,OilCropAEZ04,1990,CH4_AWB,9.86765106016586e-05
South Asia,OilCrop,OilCropAEZ05,OilCropAEZ05,1990,CH4_AWB,0.000128949399519841
South Asia,OilCrop,OilCropAEZ06,OilCropAEZ06,1990,CH4_AWB,3.30212743972828e-06
South Asia,OilCrop,OilCropAEZ07,OilCropAEZ07,1990,CH4_AWB,3.92681279558908e-07
South Asia,OilCrop,OilCropAEZ08,OilCropAEZ08,1990,CH4_AWB,5.13476790360721e-07
South Asia,OilCrop,OilCropAEZ09,OilCropAEZ09,1990,CH4_AWB,5.60261083433173e-07
South Asia,OilCrop,OilCropAEZ10,OilCropAEZ10,1990,CH4_AWB,1.01422211736075e-05
South Asia,OilCrop,OilCropAEZ11,OilCropAEZ11,1990,CH4_AWB,2.40655335742176e-05
South Asia,OilCrop,OilCropAEZ12,OilCropAEZ12,1990,CH4_AWB,1.18045974889276e-05
South Asia,OilCrop,OilCropAEZ13,OilCropAEZ13,1990,CH4_AWB,3.37460474620936e-08
South Asia,OilCrop,OilCropAEZ14,OilCropAEZ14,1990,CH4_AWB,1.60293725444945e-07
South Asia,OilCrop,OilCropAEZ15,OilCropAEZ15,1990,CH4_AWB,6.84891372355675e-07
South Asia,OilCrop,OilCropAEZ16,OilCropAEZ16,1990,CH4_AWB,2.06694540705325e-07
South Asia,OtherGrain,OtherGrainAEZ03,OtherGrainAEZ03,1990,CH4_AWB,1.97461015986137e-06
South Asia,OtherGrain,OtherGrainAEZ04,OtherGrainAEZ04,1990,CH4_AWB,3.13318065756624e-05
South Asia,OtherGrain,OtherGrainAEZ05,OtherGrainAEZ05,1990,CH4_AWB,3.46951342746622e-05
South Asia,OtherGrain,OtherGrainAEZ06,OtherGrainAEZ06,1990,CH4_AWB,1.52788165463955e-06
South Asia,OtherGrain,OtherGrainAEZ07,OtherGrainAEZ07,1990,CH4_AWB,8.02591029145903e-06
South Asia,OtherGrain,OtherGrainAEZ08,OtherGrainAEZ08,1990,CH4_AWB,3.52237240242963e-05
South Asia,OtherGrain,OtherGrainAEZ09,OtherGrainAEZ09,1990,CH4_AWB,2.95869926233299e-07
South Asia,OtherGrain,OtherGrainAEZ10,OtherGrainAEZ10,1990,CH4_AWB,2.51565451310972e-05
South Asia,OtherGrain,OtherGrainAEZ11,OtherGrainAEZ11,1990,CH4_AWB,5.74215698930609e-05
South Asia,OtherGrain,OtherGrainAEZ12,OtherGrainAEZ12,1990,CH4_AWB,4.22228604215546e-05
South Asia,OtherGrain,OtherGrainAEZ13,OtherGrainAEZ13,1990,CH4_AWB,4.11995948663997e-06
South Asia,OtherGrain,OtherGrainAEZ14,OtherGrainAEZ14,1990,CH4_AWB,4.53218932457374e-06
South Asia,OtherGrain,OtherGrainAEZ15,OtherGrainAEZ15,1990,CH4_AWB,2.70843774370088e-06
South Asia,OtherGrain,OtherGrainAEZ16,OtherGrainAEZ16,1990,CH4_AWB,2.05939502014561e-06
South Asia,PalmFruit,PalmFruitAEZ03,PalmFruitAEZ03,1990,CH4_AWB,1.73019027335823e-05
South Asia,PalmFruit,PalmFruitAEZ04,PalmFruitAEZ04,1990,CH4_AWB,0.000138872804551428
South Asia,PalmFruit,PalmFruitAEZ05,PalmFruitAEZ05,1990,CH4_AWB,0.000175911580595609
South Asia,PalmFruit,PalmFruitAEZ06,PalmFruitAEZ06,1990,CH4_AWB,0.000438336214528264
South Asia,PalmFruit,PalmFruitAEZ07,PalmFruitAEZ07,1990,CH4_AWB,0
South Asia,PalmFruit,PalmFruitAEZ08,PalmFruitAEZ08,1990,CH4_AWB,0
South Asia,PalmFruit,PalmFruitAEZ09,PalmFruitAEZ09,1990,CH4_AWB,0
South Asia,PalmFruit,PalmFruitAEZ10,PalmFruitAEZ10,1990,CH4_AWB,1.21635903014695e-07
South Asia,PalmFruit,PalmFruitAEZ11,PalmFruitAEZ11,1990,CH4_AWB,1.78882006576372e-06
South Asia,PalmFruit,PalmFruitAEZ12,PalmFruitAEZ12,1990,CH4_AWB,3.93289419747513e-06
South Asia,PalmFruit,PalmFruitAEZ13,PalmFruitAEZ13,1990,CH4_AWB,0
South Asia,PalmFruit,PalmFruitAEZ14,PalmFruitAEZ14,1990,CH4_AWB,0
South Asia,PalmFruit,PalmFruitAEZ15,PalmFruitAEZ15,1990,CH4_AWB,0
South Asia,PalmFruit,PalmFruitAEZ16,PalmFruitAEZ16,1990,CH4_AWB,0
South Asia,Rice,RiceAEZ03,RiceAEZ03,1990,CH4_AWB,7.66090122631124e-05
South Asia,Rice,RiceAEZ04,RiceAEZ04,1990,CH4_AWB,0.00346400287802967
South Asia,Rice,RiceAEZ05,RiceAEZ05,1990,CH4_AWB,0.00914260304611975
South Asia,Rice,RiceAEZ06,RiceAEZ06,1990,CH4_AWB,0.000475843914473417
South Asia,Rice,RiceAEZ07,RiceAEZ07,1990,CH4_AWB,7.48280409234196e-06
South Asia,Rice,RiceAEZ08,RiceAEZ08,1990,CH4_AWB,3.32864550256223e-05
South Asia,Rice,RiceAEZ09,RiceAEZ09,1990,CH4_AWB,3.42631167280342e-07
South Asia,Rice,RiceAEZ10,RiceAEZ10,1990,CH4_AWB,0.000213102075307494
South Asia,Rice,RiceAEZ11,RiceAEZ11,1990,CH4_AWB,0.000546014007574749
South Asia,Rice,RiceAEZ12,RiceAEZ12,1990,CH4_AWB,0.000203207822991156
South Asia,Rice,RiceAEZ13,RiceAEZ13,1990,CH4_AWB,4.51580178898697e-06
South Asia,Rice,RiceAEZ14,RiceAEZ14,1990,CH4_AWB,3.93862966709467e-06
South Asia,Rice,RiceAEZ15,RiceAEZ15,1990,CH4_AWB,1.38616073276217e-05
South Asia,Rice,RiceAEZ16,RiceAEZ16,1990,CH4_AWB,3.55572379043653e-06
South Asia,Root_Tuber,Root_TuberAEZ03,Root_TuberAEZ03,1990,CH4_AWB,1.14854362687097e-05
South Asia,Root_Tuber,Root_TuberAEZ04,Root_TuberAEZ04,1990,CH4_AWB,0.000315963759624028
South Asia,Root_Tuber,Root_TuberAEZ05,Root_TuberAEZ05,1990,CH4_AWB,0.000402967435099955
South Asia,Root_Tuber,Root_TuberAEZ06,Root_TuberAEZ06,1990,CH4_AWB,3.74464019091655e-05
South Asia,Root_Tuber,Root_TuberAEZ07,Root_TuberAEZ07,1990,CH4_AWB,8.10248770702746e-05
South Asia,Root_Tuber,Root_TuberAEZ08,Root_TuberAEZ08,1990,CH4_AWB,0.000416194560894672
South Asia,Root_Tuber,Root_TuberAEZ09,Root_TuberAEZ09,1990,CH4_AWB,4.74195983211648e-06
South Asia,Root_Tuber,Root_TuberAEZ10,Root_TuberAEZ10,1990,CH4_AWB,4.24176572105314e-05
South Asia,Root_Tuber,Root_TuberAEZ11,Root_TuberAEZ11,1990,CH4_AWB,7.77456588799203e-05
South Asia,Root_Tuber,Root_TuberAEZ12,Root_TuberAEZ12,1990,CH4_AWB,4.04155238058682e-05
South Asia,Root_Tuber,Root_TuberAEZ13,Root_TuberAEZ13,1990,CH4_AWB,6.52380305024988e-05
South Asia,Root_Tuber,Root_TuberAEZ14,Root_TuberAEZ14,1990,CH4_AWB,2.96287679481666e-05
South Asia,Root_Tuber,Root_TuberAEZ15,Root_TuberAEZ15,1990,CH4_AWB,2.44622953878433e-06
South Asia,Root_Tuber,Root_TuberAEZ16,Root_TuberAEZ16,1990,CH4_AWB,1.31131719603013e-06
South Asia,SugarCrop,SugarCropAEZ03,SugarCropAEZ03,1990,CH4_AWB,0.000260737944494866
South Asia,SugarCrop,SugarCropAEZ04,SugarCropAEZ04,1990,CH4_AWB,0.0012363828853801
South Asia,SugarCrop,SugarCropAEZ05,SugarCropAEZ05,1990,CH4_AWB,0.001820766887608
South Asia,SugarCrop,SugarCropAEZ06,SugarCropAEZ06,1990,CH4_AWB,0.00025788210299235
South Asia,SugarCrop,SugarCropAEZ07,SugarCropAEZ07,1990,CH4_AWB,4.53602677360657e-06
South Asia,SugarCrop,SugarCropAEZ08,SugarCropAEZ08,1990,CH4_AWB,4.32178687641227e-06
South Asia,SugarCrop,SugarCropAEZ09,SugarCropAEZ09,1990,CH4_AWB,1.86986451708656e-06
South Asia,SugarCrop,SugarCropAEZ10,SugarCropAEZ10,1990,CH4_AWB,0.000123864394484759
South Asia,SugarCrop,SugarCropAEZ11,SugarCropAEZ11,1990,CH4_AWB,0.000225934909924824
South Asia,SugarCrop,SugarCropAEZ12,SugarCropAEZ12,1990,CH4_AWB,0.000106607725859512
South Asia,SugarCrop,SugarCropAEZ13,SugarCropAEZ13,1990,CH4_AWB,2.237090639211e-07
South Asia,SugarCrop,SugarCropAEZ14,SugarCropAEZ14,1990,CH4_AWB,1.18926815859643e-06
South Asia,SugarCrop,SugarCropAEZ15,SugarCropAEZ15,1990,CH4_AWB,3.62964997097385e-06
South Asia,SugarCrop,SugarCropAEZ16,SugarCropAEZ16,1990,CH4_AWB,2.39096459852181e-07
South Asia,Wheat,WheatAEZ03,WheatAEZ03,1990,CH4_AWB,3.30878741980273e-05
South Asia,Wheat,WheatAEZ04,WheatAEZ04,1990,CH4_AWB,0.000353733961522207
South Asia,Wheat,WheatAEZ05,WheatAEZ05,1990,CH4_AWB,0.000425833926206034
South Asia,Wheat,WheatAEZ06,WheatAEZ06,1990,CH4_AWB,0
South Asia,Wheat,WheatAEZ07,WheatAEZ07,1990,CH4_AWB,7.42852157654479e-05
South Asia,Wheat,WheatAEZ08,WheatAEZ08,1990,CH4_AWB,0.000343356895011593
South Asia,Wheat,WheatAEZ09,WheatAEZ09,1990,CH4_AWB,3.19552856282931e-06
South Asia,Wheat,WheatAEZ10,WheatAEZ10,1990,CH4_AWB,6.40525611093542e-05
South Asia,Wheat,WheatAEZ11,WheatAEZ11,1990,CH4_AWB,0.000107082147002899
South Asia,Wheat,WheatAEZ12,WheatAEZ12,1990,CH4_AWB,3.67699223629852e-05
South Asia,Wheat,WheatAEZ13,WheatAEZ13,1990,CH4_AWB,3.92373366488268e-05
South Asia,Wheat,WheatAEZ14,WheatAEZ14,1990,CH4_AWB,1.92509781832901e-05
South Asia,Wheat,WheatAEZ15,WheatAEZ15,1990,CH4_AWB,3.8294875216701e-06
South Asia,Wheat,WheatAEZ16,WheatAEZ16,1990,CH4_AWB,1.96666542341441e-06
South Asia,Corn,CornAEZ03,CornAEZ03,1990,CO_AWB,0.000495655715883866
South Asia,Corn,CornAEZ04,CornAEZ04,1990,CO_AWB,0.00578895881057776
South Asia,Corn,CornAEZ05,CornAEZ05,1990,CO_AWB,0.00277067408575986
South Asia,Corn,CornAEZ06,CornAEZ06,1990,CO_AWB,0.000426070118638478
South Asia,Corn,CornAEZ07,CornAEZ07,1990,CO_AWB,0.00039346839745348
South Asia,Corn,CornAEZ08,CornAEZ08,1990,CO_AWB,0.00149680810752261
South Asia,Corn,CornAEZ09,CornAEZ09,1990,CO_AWB,3.36405941080434e-05
South Asia,Corn,CornAEZ10,CornAEZ10,1990,CO_AWB,0.00416871371119885
South Asia,Corn,CornAEZ11,CornAEZ11,1990,CO_AWB,0.0111234957160172
South Asia,Corn,CornAEZ12,CornAEZ12,1990,CO_AWB,0.00666363314598546
South Asia,Corn,CornAEZ13,CornAEZ13,1990,CO_AWB,0.000262872626727479
South Asia,Corn,CornAEZ14,CornAEZ14,1990,CO_AWB,0.000292792166911161
South Asia,Corn,CornAEZ15,CornAEZ15,1990,CO_AWB,0.000335367068157389
South Asia,Corn,CornAEZ16,CornAEZ16,1990,CO_AWB,9.75407231745844e-05
South Asia,FiberCrop,FiberCropAEZ03,FiberCropAEZ03,1990,CO_AWB,1.23132911994452e-05
South Asia,FiberCrop,FiberCropAEZ04,FiberCropAEZ04,1990,CO_AWB,0.00802062653802575
South Asia,FiberCrop,FiberCropAEZ05,FiberCropAEZ05,1990,CO_AWB,0.0103662096662926
South Asia,FiberCrop,FiberCropAEZ06,FiberCropAEZ06,1990,CO_AWB,1.97690455036965e-06
South Asia,FiberCrop,FiberCropAEZ07,FiberCropAEZ07,1990,CO_AWB,5.89964800817454e-05
South Asia,FiberCrop,FiberCropAEZ08,FiberCropAEZ08,1990,CO_AWB,0.00125506609529574
South Asia,FiberCrop,FiberCropAEZ09,FiberCropAEZ09,1990,CO_AWB,0
South Asia,FiberCrop,FiberCropAEZ10,FiberCropAEZ10,1990,CO_AWB,2.51066877896946e-05
South Asia,FiberCrop,FiberCropAEZ11,FiberCropAEZ11,1990,CO_AWB,0.000212686688126197
South Asia,FiberCrop,FiberCropAEZ12,FiberCropAEZ12,1990,CO_AWB,1.11412692160118e-05
South Asia,FiberCrop,FiberCropAEZ13,FiberCropAEZ13,1990,CO_AWB,2.55867931804986e-05
South Asia,FiberCrop,FiberCropAEZ14,FiberCropAEZ14,1990,CO_AWB,2.91169798775874e-05
South Asia,FiberCrop,FiberCropAEZ15,FiberCropAEZ15,1990,CO_AWB,0
South Asia,FiberCrop,FiberCropAEZ16,FiberCropAEZ16,1990,CO_AWB,0
South Asia,FodderGrass,FodderGrassAEZ03,FodderGrassAEZ03,1990,CO_AWB,7.64377695781634e-05
South Asia,FodderGrass,FodderGrassAEZ04,FodderGrassAEZ04,1990,CO_AWB,0.00138060986269991
South Asia,FodderGrass,FodderGrassAEZ05,FodderGrassAEZ05,1990,CO_AWB,0.000312976620859771
South Asia,FodderGrass,FodderGrassAEZ06,FodderGrassAEZ06,1990,CO_AWB,0
South Asia,FodderGrass,FodderGrassAEZ07,FodderGrassAEZ07,1990,CO_AWB,6.69978300857059e-05
South Asia,FodderGrass,FodderGrassAEZ08,FodderGrassAEZ08,1990,CO_AWB,0.000421775985367888
South Asia,FodderGrass,FodderGrassAEZ09,FodderGrassAEZ09,1990,CO_AWB,0
South Asia,FodderGrass,FodderGrassAEZ10,FodderGrassAEZ10,1990,CO_AWB,4.06295287843998e-05
South Asia,FodderGrass,FodderGrassAEZ11,FodderGrassAEZ11,1990,CO_AWB,0.000177370822101558
South Asia,FodderGrass,FodderGrassAEZ12,FodderGrassAEZ12,1990,CO_AWB,5.2785892559351e-05
South Asia,FodderGrass,FodderGrassAEZ13,FodderGrassAEZ13,1990,CO_AWB,3.36997259777147e-06
South Asia,FodderGrass,FodderGrassAEZ14,FodderGrassAEZ14,1990,CO_AWB,5.38173305429594e-06
South Asia,FodderGrass,FodderGrassAEZ15,FodderGrassAEZ15,1990,CO_AWB,0
South Asia,FodderGrass,FodderGrassAEZ16,FodderGrassAEZ16,1990,CO_AWB,0
South Asia,FodderHerb,FodderHerbAEZ03,FodderHerbAEZ03,1990,CO_AWB,0
South Asia,FodderHerb,FodderHerbAEZ04,FodderHerbAEZ04,1990,CO_AWB,0
South Asia,FodderHerb,FodderHerbAEZ05,FodderHerbAEZ05,1990,CO_AWB,0
South Asia,FodderHerb,FodderHerbAEZ06,FodderHerbAEZ06,1990,CO_AWB,0
South Asia,FodderHerb,FodderHerbAEZ07,FodderHerbAEZ07,1990,CO_AWB,0
South Asia,FodderHerb,FodderHerbAEZ08,FodderHerbAEZ08,1990,CO_AWB,0
South Asia,FodderHerb,FodderHerbAEZ09,FodderHerbAEZ09,1990,CO_AWB,0
South Asia,FodderHerb,FodderHerbAEZ10,FodderHerbAEZ10,1990,CO_AWB,0
South Asia,FodderHerb,FodderHerbAEZ11,FodderHerbAEZ11,1990,CO_AWB,0
South Asia,FodderHerb,FodderHerbAEZ12,FodderHerbAEZ12,1990,CO_AWB,0
South Asia,FodderHerb,FodderHerbAEZ13,FodderHerbAEZ13,1990,CO_AWB,0
South Asia,FodderHerb,FodderHerbAEZ14,FodderHerbAEZ14,1990,CO_AWB,0
South Asia,FodderHerb,FodderHerbAEZ15,FodderHerbAEZ15,1990,CO_AWB,0
South Asia,FodderHerb,FodderHerbAEZ16,FodderHerbAEZ16,1990,CO_AWB,0
South Asia,MiscCrop,MiscCropAEZ03,MiscCropAEZ03,1990,CO_AWB,0.0012469608362873
South Asia,MiscCrop,MiscCropAEZ04,MiscCropAEZ04,1990,CO_AWB,0.0553028206688406
South Asia,MiscCrop,MiscCropAEZ05,MiscCropAEZ05,1990,CO_AWB,0.0542675396632002
South Asia,MiscCrop,MiscCropAEZ06,MiscCropAEZ06,1990,CO_AWB,0.020376930410375
South Asia,MiscCrop,MiscCropAEZ07,MiscCropAEZ07,1990,CO_AWB,0.00155773588177144
South Asia,MiscCrop,MiscCropAEZ08,MiscCropAEZ08,1990,CO_AWB,0.00163038637728112
South Asia,MiscCrop,MiscCropAEZ09,MiscCropAEZ09,1990,CO_AWB,0.000209711354713173
South Asia,MiscCrop,MiscCropAEZ10,MiscCropAEZ10,1990,CO_AWB,0.00666385563748471
South Asia,MiscCrop,MiscCropAEZ11,MiscCropAEZ11,1990,CO_AWB,0.0154953389871401
South Asia,MiscCrop,MiscCropAEZ12,MiscCropAEZ12,1990,CO_AWB,0.0075232708668703
South Asia,MiscCrop,MiscCropAEZ13,MiscCropAEZ13,1990,CO_AWB,2.3255483124709e-05
South Asia,MiscCrop,MiscCropAEZ14,MiscCropAEZ14,1990,CO_AWB,0.000129858373616321
South Asia,MiscCrop,MiscCropAEZ15,MiscCropAEZ15,1990,CO_AWB,0.000303664116917133
South Asia,MiscCrop,MiscCropAEZ16,MiscCropAEZ16,1990,CO_AWB,0.000184441617144593
South Asia,OilCrop,OilCropAEZ03,OilCropAEZ03,1990,CO_AWB,7.2918822215125e-05
South Asia,OilCrop,OilCropAEZ04,OilCropAEZ04,1990,CO_AWB,0.00455534628123234
South Asia,OilCrop,OilCropAEZ05,OilCropAEZ05,1990,CO_AWB,0.00595287737667507
South Asia,OilCrop,OilCropAEZ06,OilCropAEZ06,1990,CO_AWB,0.000152440878391464
South Asia,OilCrop,OilCropAEZ07,OilCropAEZ07,1990,CO_AWB,1.81279130731459e-05
South Asia,OilCrop,OilCropAEZ08,OilCropAEZ08,1990,CO_AWB,2.37043707079515e-05
South Asia,OilCrop,OilCropAEZ09,OilCropAEZ09,1990,CO_AWB,2.5864141601432e-05
South Asia,OilCrop,OilCropAEZ10,OilCropAEZ10,1990,CO_AWB,0.000468210004842349
South Asia,OilCrop,OilCropAEZ11,OilCropAEZ11,1990,CO_AWB,0.00111097198517417
South Asia,OilCrop,OilCropAEZ12,OilCropAEZ12,1990,CO_AWB,0.000544952683721338
South Asia,OilCrop,OilCropAEZ13,OilCropAEZ13,1990,CO_AWB,1.55786752972347e-06
South Asia,OilCrop,OilCropAEZ14,OilCropAEZ14,1990,CO_AWB,7.39987076618651e-06
South Asia,OilCrop,OilCropAEZ15,OilCropAEZ15,1990,CO_AWB,3.16176296373424e-05
South Asia,OilCrop,OilCropAEZ16,OilCropAEZ16,1990,CO_AWB,9.54193861955633e-06
South Asia,OtherGrain,OtherGrainAEZ03,OtherGrainAEZ03,1990,CO_AWB,9.11567808160504e-05
South Asia,OtherGrain,OtherGrainAEZ04,OtherGrainAEZ04,1990,CO_AWB,0.00144641544070099
South Asia,OtherGrain,OtherGrainAEZ05,OtherGrainAEZ05,1990,CO_AWB,0.00160168159505513
South Asia,OtherGrain,OtherGrainAEZ06,OtherGrainAEZ06,1990,CO_AWB,7.05338076021141e-05
South Asia,OtherGrain,OtherGrainAEZ07,OtherGrainAEZ07,1990,CO_AWB,0.000370511688919487
South Asia,OtherGrain,OtherGrainAEZ08,OtherGrainAEZ08,1990,CO_AWB,0.00162608364713025
South Asia,OtherGrain,OtherGrainAEZ09,OtherGrainAEZ09,1990,CO_AWB,1.36586707411671e-05
South Asia,OtherGrain,OtherGrainAEZ10,OtherGrainAEZ10,1990,CO_AWB,0.00116133792746489
South Asia,OtherGrain,OtherGrainAEZ11,OtherGrainAEZ11,1990,CO_AWB,0.00265083486718349
South Asia,OtherGrain,OtherGrainAEZ12,OtherGrainAEZ12,1990,CO_AWB,0.00194919488976222
South Asia,OtherGrain,OtherGrainAEZ13,OtherGrainAEZ13,1990,CO_AWB,0.000190195640399731
South Asia,OtherGrain,OtherGrainAEZ14,OtherGrainAEZ14,1990,CO_AWB,0.00020922600180788
South Asia,OtherGrain,OtherGrainAEZ15,OtherGrainAEZ15,1990,CO_AWB,0.000125033523464598
South Asia,OtherGrain,OtherGrainAEZ16,OtherGrainAEZ16,1990,CO_AWB,9.50708267794283e-05
South Asia,PalmFruit,PalmFruitAEZ03,PalmFruitAEZ03,1990,CO_AWB,0.000798732725702431
South Asia,PalmFruit,PalmFruitAEZ04,PalmFruitAEZ04,1990,CO_AWB,0.00641098585590863
South Asia,PalmFruit,PalmFruitAEZ05,PalmFruitAEZ05,1990,CO_AWB,0.00812086037098315
South Asia,PalmFruit,PalmFruitAEZ06,PalmFruitAEZ06,1990,CO_AWB,0.0202355477773372
South Asia,PalmFruit,PalmFruitAEZ07,PalmFruitAEZ07,1990,CO_AWB,0
South Asia,PalmFruit,PalmFruitAEZ08,PalmFruitAEZ08,1990,CO_AWB,0
South Asia,PalmFruit,PalmFruitAEZ09,PalmFruitAEZ09,1990,CO_AWB,0
South Asia,PalmFruit,PalmFruitAEZ10,PalmFruitAEZ10,1990,CO_AWB,5.61525387434012e-06
South Asia,PalmFruit,PalmFruitAEZ11,PalmFruitAEZ11,1990,CO_AWB,8.25798843583509e-05
South Asia,PalmFruit,PalmFruitAEZ12,PalmFruitAEZ12,1990,CO_AWB,0.00018155987527033
South Asia,PalmFruit,PalmFruitAEZ13,PalmFruitAEZ13,1990,CO_AWB,0
South Asia,PalmFruit,PalmFruitAEZ14,PalmFruitAEZ14,1990,CO_AWB,0
South Asia,PalmFruit,PalmFruitAEZ15,PalmFruitAEZ15,1990,CO_AWB,0
South Asia,PalmFruit,PalmFruitAEZ16,PalmFruitAEZ16,1990,CO_AWB,0
South Asia,Rice,RiceAEZ03,RiceAEZ03,1990,CO_AWB,0.00353661248248259
South Asia,Rice,RiceAEZ04,RiceAEZ04,1990,CO_AWB,0.159913768052772
South Asia,Rice,RiceAEZ05,RiceAEZ05,1990,CO_AWB,0.422063189435734
South Asia,Rice,RiceAEZ06,RiceAEZ06,1990,CO_AWB,0.0219670699037374
South Asia,Rice,RiceAEZ07,RiceAEZ07,1990,CO_AWB,0.000345439493020207
South Asia,Rice,RiceAEZ08,RiceAEZ08,1990,CO_AWB,0.00153665070027139
South Asia,Rice,RiceAEZ09,RiceAEZ09,1990,CO_AWB,1.58173774507037e-05
South Asia,Rice,RiceAEZ10,RiceAEZ10,1990,CO_AWB,0.00983773889404808
South Asia,Rice,RiceAEZ11,RiceAEZ11,1990,CO_AWB,0.025206433260973
South Asia,Rice,RiceAEZ12,RiceAEZ12,1990,CO_AWB,0.00938097623371494
South Asia,Rice,RiceAEZ13,RiceAEZ13,1990,CO_AWB,0.000208469480333432
South Asia,Rice,RiceAEZ14,RiceAEZ14,1990,CO_AWB,0.000181824650038339
South Asia,Rice,RiceAEZ15,RiceAEZ15,1990,CO_AWB,0.000639913399924407
South Asia,Rice,RiceAEZ16,RiceAEZ16,1990,CO_AWB,0.000164148013008297
South Asia,Root_Tuber,Root_TuberAEZ03,Root_TuberAEZ03,1990,CO_AWB,0.000530218783335438
South Asia,Root_Tuber,Root_TuberAEZ04,Root_TuberAEZ04,1990,CO_AWB,0.0145862913942896
South Asia,Root_Tuber,Root_TuberAEZ05,Root_TuberAEZ05,1990,CO_AWB,0.0186027677280824
South Asia,Root_Tuber,Root_TuberAEZ06,Root_TuberAEZ06,1990,CO_AWB,0.00172869233662972
South Asia,Root_Tuber,Root_TuberAEZ07,Root_TuberAEZ07,1990,CO_AWB,0.00374046842758117
South Asia,Root_Tuber,Root_TuberAEZ08,Root_TuberAEZ08,1990,CO_AWB,0.0192133906405969
South Asia,Root_Tuber,Root_TuberAEZ09,Root_TuberAEZ09,1990,CO_AWB,0.00021890994072729
South Asia,Root_Tuber,Root_TuberAEZ10,Root_TuberAEZ10,1990,CO_AWB,0.00195818757528435
South Asia,Root_Tuber,Root_TuberAEZ11,Root_TuberAEZ11,1990,CO_AWB,0.00358908514195728
South Asia,Root_Tuber,Root_TuberAEZ12,Root_TuberAEZ12,1990,CO_AWB,0.00186576019916562
South Asia,Root_Tuber,Root_TuberAEZ13,Root_TuberAEZ13,1990,CO_AWB,0.0030116774279155
South Asia,Root_Tuber,Root_TuberAEZ14,Root_TuberAEZ14,1990,CO_AWB,0.00136779560877488
South Asia,Root_Tuber,Root_TuberAEZ15,Root_TuberAEZ15,1990,CO_AWB,0.000112928827383511
South Asia,Root_Tuber,Root_TuberAEZ16,Root_TuberAEZ16,1990,CO_AWB,6.05362297068443e-05
South Asia,SugarCrop,SugarCropAEZ03,SugarCropAEZ03,1990,CO_AWB,0.0120368223256862
South Asia,SugarCrop,SugarCropAEZ04,SugarCropAEZ04,1990,CO_AWB,0.0570769288937633
South Asia,SugarCrop,SugarCropAEZ05,SugarCropAEZ05,1990,CO_AWB,0.0840546916371875
South Asia,SugarCrop,SugarCropAEZ06,SugarCropAEZ06,1990,CO_AWB,0.0119049839896024
South Asia,SugarCrop,SugarCropAEZ07,SugarCropAEZ07,1990,CO_AWB,0.000209403155510159
South Asia,SugarCrop,SugarCropAEZ08,SugarCropAEZ08,1990,CO_AWB,0.00019951288970095
South Asia,SugarCrop,SugarCropAEZ09,SugarCropAEZ09,1990,CO_AWB,8.63212564204249e-05
South Asia,SugarCrop,SugarCropAEZ10,SugarCropAEZ10,1990,CO_AWB,0.00571813094476974
South Asia,SugarCrop,SugarCropAEZ11,SugarCropAEZ11,1990,CO_AWB,0.0104301595734508
South Asia,SugarCrop,SugarCropAEZ12,SugarCropAEZ12,1990,CO_AWB,0.00492148642654377
South Asia,SugarCrop,SugarCropAEZ13,SugarCropAEZ13,1990,CO_AWB,1.03274046295048e-05
South Asia,SugarCrop,SugarCropAEZ14,SugarCropAEZ14,1990,CO_AWB,5.49019037116137e-05
South Asia,SugarCrop,SugarCropAEZ15,SugarCropAEZ15,1990,CO_AWB,0.000167560774054903
South Asia,SugarCrop,SugarCropAEZ16,SugarCropAEZ16,1990,CO_AWB,1.10377552124866e-05
South Asia,Wheat,WheatAEZ03,WheatAEZ03,1990,CO_AWB,0.0015274833267091
South Asia,Wheat,WheatAEZ04,WheatAEZ04,1990,CO_AWB,0.0163299317774891
South Asia,Wheat,WheatAEZ05,WheatAEZ05,1990,CO_AWB,0.0196583865839761
South Asia,Wheat,WheatAEZ06,WheatAEZ06,1990,CO_AWB,0
South Asia,Wheat,WheatAEZ07,WheatAEZ07,1990,CO_AWB,0.0034293357084111
South Asia,Wheat,WheatAEZ08,WheatAEZ08,1990,CO_AWB,0.0158508802681583
South Asia,Wheat,WheatAEZ09,WheatAEZ09,1990,CO_AWB,0.000147519800472267
South Asia,Wheat,WheatAEZ10,WheatAEZ10,1990,CO_AWB,0.00295695089210014
South Asia,Wheat,WheatAEZ11,WheatAEZ11,1990,CO_AWB,0.00494338781501086
South Asia,Wheat,WheatAEZ12,WheatAEZ12,1990,CO_AWB,0.00169746303427364
South Asia,Wheat,WheatAEZ13,WheatAEZ13,1990,CO_AWB,0.00181136984373351
South Asia,Wheat,WheatAEZ14,WheatAEZ14,1990,CO_AWB,0.000888710710812887
South Asia,Wheat,WheatAEZ15,WheatAEZ15,1990,CO_AWB,0.000176786163540853
South Asia,Wheat,WheatAEZ16,WheatAEZ16,1990,CO_AWB,9.07900164725574e-05
South Asia,Corn,CornAEZ03,CornAEZ03,1990,N2O_AWB,2.78256392369813e-07
South Asia,Corn,CornAEZ04,CornAEZ04,1990,N2O_AWB,3.24986627327875e-06
South Asia,Corn,CornAEZ05,CornAEZ05,1990,N2O_AWB,1.55543001085194e-06
South Asia,Corn,CornAEZ06,CornAEZ06,1990,N2O_AWB,2.39191701638117e-07
South Asia,Corn,CornAEZ07,CornAEZ07,1990,N2O_AWB,2.20889406251879e-07
South Asia,Corn,CornAEZ08,CornAEZ08,1990,N2O_AWB,8.40293798138537e-07
South Asia,Corn,CornAEZ09,CornAEZ09,1990,N2O_AWB,1.88855087386394e-08
South Asia,Corn,CornAEZ10,CornAEZ10,1990,N2O_AWB,2.34027612499591e-06
South Asia,Corn,CornAEZ11,CornAEZ11,1990,N2O_AWB,6.24462442233839e-06
South Asia,Corn,CornAEZ12,CornAEZ12,1990,N2O_AWB,3.7409001043625e-06
South Asia,Corn,CornAEZ13,CornAEZ13,1990,N2O_AWB,1.47574185915578e-07
South Asia,Corn,CornAEZ14,CornAEZ14,1990,N2O_AWB,1.6437073046471e-07
South Asia,Corn,CornAEZ15,CornAEZ15,1990,N2O_AWB,1.88271874033994e-07
South Asia,Corn,CornAEZ16,CornAEZ16,1990,N2O_AWB,5.47584318508329e-08
South Asia,FiberCrop,FiberCropAEZ03,FiberCropAEZ03,1990,N2O_AWB,6.91256426095444e-09
South Asia,FiberCrop,FiberCropAEZ04,FiberCropAEZ04,1990,N2O_AWB,4.50270325448955e-06
South Asia,FiberCrop,FiberCropAEZ05,FiberCropAEZ05,1990,N2O_AWB,5.81949125543324e-06
South Asia,FiberCrop,FiberCropAEZ06,FiberCropAEZ06,1990,N2O_AWB,1.10981536299727e-09
South Asia,FiberCrop,FiberCropAEZ07,FiberCropAEZ07,1990,N2O_AWB,3.31200613328756e-08
South Asia,FiberCrop,FiberCropAEZ08,FiberCropAEZ08,1990,N2O_AWB,7.04582137704002e-07
South Asia,FiberCrop,FiberCropAEZ09,FiberCropAEZ09,1990,N2O_AWB,0
South Asia,FiberCrop,FiberCropAEZ10,FiberCropAEZ10,1990,N2O_AWB,1.40946551100654e-08
South Asia,FiberCrop,FiberCropAEZ11,FiberCropAEZ11,1990,N2O_AWB,1.19400278553321e-07
South Asia,FiberCrop,FiberCropAEZ12,FiberCropAEZ12,1990,N2O_AWB,6.25460229574892e-09
South Asia,FiberCrop,FiberCropAEZ13,FiberCropAEZ13,1990,N2O_AWB,1.43641816982218e-08
South Asia,FiberCrop,FiberCropAEZ14,FiberCropAEZ14,1990,N2O_AWB,1.63459948464313e-08
South Asia,FiberCrop,FiberCropAEZ15,FiberCropAEZ15,1990,N2O_AWB,0
South Asia,FiberCrop,FiberCropAEZ16,FiberCropAEZ16,1990,N2O_AWB,0
South Asia,FodderGrass,FodderGrassAEZ03,FodderGrassAEZ03,1990,N2O_AWB,4.29114349376297e-08
South Asia,FodderGrass,FodderGrassAEZ04,FodderGrassAEZ04,1990,N2O_AWB,7.75061211550864e-07
South Asia,FodderGrass,FodderGrassAEZ05,FodderGrassAEZ05,1990,N2O_AWB,1.75702090434361e-07
South Asia,FodderGrass,FodderGrassAEZ06,FodderGrassAEZ06,1990,N2O_AWB,0
South Asia,FodderGrass,FodderGrassAEZ07,FodderGrassAEZ07,1990,N2O_AWB,3.76119429249602e-08
South Asia,FodderGrass,FodderGrassAEZ08,FodderGrassAEZ08,1990,N2O_AWB,2.36781016168469e-07
South Asia,FodderGrass,FodderGrassAEZ09,FodderGrassAEZ09,1990,N2O_AWB,0
South Asia,FodderGrass,FodderGrassAEZ10,FodderGrassAEZ10,1990,N2O_AWB,2.28090300201067e-08
South Asia,FodderGrass,FodderGrassAEZ11,FodderGrassAEZ11,1990,N2O_AWB,9.95742881359436e-08
South Asia,FodderGrass,FodderGrassAEZ12,FodderGrassAEZ12,1990,N2O_AWB,2.96334967213957e-08
South Asia,FodderGrass,FodderGrassAEZ13,FodderGrassAEZ13,1990,N2O_AWB,1.89187048063969e-09
South Asia,FodderGrass,FodderGrassAEZ14,FodderGrassAEZ14,1990,N2O_AWB,3.02125361696955e-09
South Asia,FodderGrass,FodderGrassAEZ15,FodderGrassAEZ15,1990,N2O_AWB,0
South Asia,FodderGrass,FodderGrassAEZ16,FodderGrassAEZ16,1990,N2O_AWB,0
South Asia,FodderHerb,FodderHerbAEZ03,FodderHerbAEZ03,1990,N2O_AWB,0
South Asia,FodderHerb,FodderHerbAEZ04,FodderHerbAEZ04,1990,N2O_AWB,0
South Asia,FodderHerb,FodderHerbAEZ05,FodderHerbAEZ05,1990,N2O_AWB,0
South Asia,FodderHerb,FodderHerbAEZ06,FodderHerbAEZ06,1990,N2O_AWB,0
South Asia,FodderHerb,FodderHerbAEZ07,FodderHerbAEZ07,1990,N2O_AWB,0
South Asia,FodderHerb,FodderHerbAEZ08,FodderHerbAEZ08,1990,N2O_AWB,0
South Asia,FodderHerb,FodderHerbAEZ09,FodderHerbAEZ09,1990,N2O_AWB,0
South Asia,FodderHerb,FodderHerbAEZ10,FodderHerbAEZ10,1990,N2O_AWB,0
South Asia,FodderHerb,FodderHerbAEZ11,FodderHerbAEZ11,1990,N2O_AWB,0
South Asia,FodderHerb,FodderHerbAEZ12,FodderHerbAEZ12,1990,N2O_AWB,0
South Asia,FodderHerb,FodderHerbAEZ13,FodderHerbAEZ13,1990,N2O_AWB,0
South Asia,FodderHerb,FodderHerbAEZ14,FodderHerbAEZ14,1990,N2O_AWB,0
South Asia,FodderHerb,FodderHerbAEZ15,FodderHerbAEZ15,1990,N2O_AWB,0
South Asia,FodderHerb,FodderHerbAEZ16,FodderHerbAEZ16,1990,N2O_AWB,0
South Asia,MiscCrop,MiscCropAEZ03,MiscCropAEZ03,1990,N2O_AWB,7.00031922587669e-07
South Asia,MiscCrop,MiscCropAEZ04,MiscCropAEZ04,1990,N2O_AWB,3.10464761608678e-05
South Asia,MiscCrop,MiscCropAEZ05,MiscCropAEZ05,1990,N2O_AWB,3.04652792766459e-05
South Asia,MiscCrop,MiscCropAEZ06,MiscCropAEZ06,1990,N2O_AWB,1.14394144198474e-05
South Asia,MiscCrop,MiscCropAEZ07,MiscCropAEZ07,1990,N2O_AWB,8.7449806960017e-07
South Asia,MiscCrop,MiscCropAEZ08,MiscCropAEZ08,1990,N2O_AWB,9.15283364990848e-07
South Asia,MiscCrop,MiscCropAEZ09,MiscCropAEZ09,1990,N2O_AWB,1.17729954747755e-07
South Asia,MiscCrop,MiscCropAEZ10,MiscCropAEZ10,1990,N2O_AWB,3.74102500896852e-06
South Asia,MiscCrop,MiscCropAEZ11,MiscCropAEZ11,1990,N2O_AWB,8.69893554525083e-06
South Asia,MiscCrop,MiscCropAEZ12,MiscCropAEZ12,1990,N2O_AWB,4.22349252344088e-06
South Asia,MiscCrop,MiscCropAEZ13,MiscCropAEZ13,1990,N2O_AWB,1.30554064640601e-08
South Asia,MiscCrop,MiscCropAEZ14,MiscCropAEZ14,1990,N2O_AWB,7.29012526306772e-08
South Asia,MiscCrop,MiscCropAEZ15,MiscCropAEZ15,1990,N2O_AWB,1.70474139524146e-07
South Asia,MiscCrop,MiscCropAEZ16,MiscCropAEZ16,1990,N2O_AWB,1.03543765046651e-07
South Asia,OilCrop,OilCropAEZ03,OilCropAEZ03,1990,N2O_AWB,4.09359314443789e-08
South Asia,OilCrop,OilCropAEZ04,OilCropAEZ04,1990,N2O_AWB,2.55732796292003e-06
South Asia,OilCrop,OilCropAEZ05,OilCropAEZ05,1990,N2O_AWB,3.34188859317339e-06
South Asia,OilCrop,OilCropAEZ06,OilCropAEZ06,1990,N2O_AWB,8.55788554667509e-08
South Asia,OilCrop,OilCropAEZ07,OilCropAEZ07,1990,N2O_AWB,1.01768375331498e-08
South Asia,OilCrop,OilCropAEZ08,OilCropAEZ08,1990,N2O_AWB,1.33074076727418e-08
South Asia,OilCrop,OilCropAEZ09,OilCropAEZ09,1990,N2O_AWB,1.45198824569648e-08
South Asia,OilCrop,OilCropAEZ10,OilCropAEZ10,1990,N2O_AWB,2.62848631910885e-07
South Asia,OilCrop,OilCropAEZ11,OilCropAEZ11,1990,N2O_AWB,6.23689078349949e-07
South Asia,OilCrop,OilCropAEZ12,OilCropAEZ12,1990,N2O_AWB,3.05931240022412e-07
South Asia,OilCrop,OilCropAEZ13,OilCropAEZ13,1990,N2O_AWB,8.74571975505058e-10
South Asia,OilCrop,OilCropAEZ14,OilCropAEZ14,1990,N2O_AWB,4.15421688364903e-09
South Asia,OilCrop,OilCropAEZ15,OilCropAEZ15,1990,N2O_AWB,1.77498357755913e-08
South Asia,OilCrop,OilCropAEZ16,OilCropAEZ16,1990,N2O_AWB,5.35675334996851e-09
South Asia,OtherGrain,OtherGrainAEZ03,OtherGrainAEZ03,1990,N2O_AWB,5.117454748744e-08
South Asia,OtherGrain,OtherGrainAEZ04,OtherGrainAEZ04,1990,N2O_AWB,8.12003835524724e-07
South Asia,OtherGrain,OtherGrainAEZ05,OtherGrainAEZ05,1990,N2O_AWB,8.99168773975345e-07
South Asia,OtherGrain,OtherGrainAEZ06,OtherGrainAEZ06,1990,N2O_AWB,3.95970069839149e-08
South Asia,OtherGrain,OtherGrainAEZ07,OtherGrainAEZ07,1990,N2O_AWB,2.0800172899396e-07
South Asia,OtherGrain,OtherGrainAEZ08,OtherGrainAEZ08,1990,N2O_AWB,9.12867853314593e-07
South Asia,OtherGrain,OtherGrainAEZ09,OtherGrainAEZ09,1990,N2O_AWB,7.66784750626136e-09
South Asia,OtherGrain,OtherGrainAEZ10,OtherGrainAEZ10,1990,N2O_AWB,6.51964038066961e-07
South Asia,OtherGrain,OtherGrainAEZ11,OtherGrainAEZ11,1990,N2O_AWB,1.48815341631895e-06
South Asia,OtherGrain,OtherGrainAEZ12,OtherGrainAEZ12,1990,N2O_AWB,1.09425942376904e-06
South Asia,OtherGrain,OtherGrainAEZ13,OtherGrainAEZ13,1990,N2O_AWB,1.06774018832248e-07
South Asia,OtherGrain,OtherGrainAEZ14,OtherGrainAEZ14,1990,N2O_AWB,1.17457482255004e-07
South Asia,OtherGrain,OtherGrainAEZ15,OtherGrainAEZ15,1990,N2O_AWB,7.01926277648275e-08
South Asia,OtherGrain,OtherGrainAEZ16,OtherGrainAEZ16,1990,N2O_AWB,5.33718555672975e-08
South Asia,PalmFruit,PalmFruitAEZ03,PalmFruitAEZ03,1990,N2O_AWB,4.48400935567422e-07
South Asia,PalmFruit,PalmFruitAEZ04,PalmFruitAEZ04,1990,N2O_AWB,3.59906632493472e-06
South Asia,PalmFruit,PalmFruitAEZ05,PalmFruitAEZ05,1990,N2O_AWB,4.5589735724912e-06
South Asia,PalmFruit,PalmFruitAEZ06,PalmFruitAEZ06,1990,N2O_AWB,1.13600435578718e-05
South Asia,PalmFruit,PalmFruitAEZ07,PalmFruitAEZ07,1990,N2O_AWB,0
South Asia,PalmFruit,PalmFruitAEZ08,PalmFruitAEZ08,1990,N2O_AWB,0
South Asia,PalmFruit,PalmFruitAEZ09,PalmFruitAEZ09,1990,N2O_AWB,0
South Asia,PalmFruit,PalmFruitAEZ10,PalmFruitAEZ10,1990,N2O_AWB,3.15234997850926e-09
South Asia,PalmFruit,PalmFruitAEZ11,PalmFruitAEZ11,1990,N2O_AWB,4.63595596045845e-08
South Asia,PalmFruit,PalmFruitAEZ12,PalmFruitAEZ12,1990,N2O_AWB,1.01925982638466e-07
South Asia,PalmFruit,PalmFruitAEZ13,PalmFruitAEZ13,1990,N2O_AWB,0
South Asia,PalmFruit,PalmFruitAEZ14,PalmFruitAEZ14,1990,N2O_AWB,0
South Asia,PalmFruit,PalmFruitAEZ15,PalmFruitAEZ15,1990,N2O_AWB,0
South Asia,PalmFruit,PalmFruitAEZ16,PalmFruitAEZ16,1990,N2O_AWB,0
South Asia,Rice,RiceAEZ03,RiceAEZ03,1990,N2O_AWB,1.98542052285387e-06
South Asia,Rice,RiceAEZ04,RiceAEZ04,1990,N2O_AWB,8.97740644618196e-05
South Asia,Rice,RiceAEZ05,RiceAEZ05,1990,N2O_AWB,0.000236942249793406
South Asia,Rice,RiceAEZ06,RiceAEZ06,1990,N2O_AWB,1.23321035679969e-05
South Asia,Rice,RiceAEZ07,RiceAEZ07,1990,N2O_AWB,1.93926437302262e-07
South Asia,Rice,RiceAEZ08,RiceAEZ08,1990,N2O_AWB,8.62661049772396e-07
South Asia,Rice,RiceAEZ09,RiceAEZ09,1990,N2O_AWB,8.87972486776625e-09
South Asia,Rice,RiceAEZ10,RiceAEZ10,1990,N2O_AWB,5.52281280334393e-06
South Asia,Rice,RiceAEZ11,RiceAEZ11,1990,N2O_AWB,1.41506512664774e-05
South Asia,Rice,RiceAEZ12,RiceAEZ12,1990,N2O_AWB,5.26639060147968e-06
South Asia,Rice,RiceAEZ13,RiceAEZ13,1990,N2O_AWB,1.17032778313368e-07
South Asia,Rice,RiceAEZ14,RiceAEZ14,1990,N2O_AWB,1.02074624668358e-07
South Asia,Rice,RiceAEZ15,RiceAEZ15,1990,N2O_AWB,3.59241280562146e-07
South Asia,Rice,RiceAEZ16,RiceAEZ16,1990,N2O_AWB,9.215112920248e-08
South Asia,Root_Tuber,Root_TuberAEZ03,Root_TuberAEZ03,1990,N2O_AWB,2.97659768846888e-07
South Asia,Root_Tuber,Root_TuberAEZ04,Root_TuberAEZ04,1990,N2O_AWB,8.18860489521897e-06
South Asia,Root_Tuber,Root_TuberAEZ05,Root_TuberAEZ05,1990,N2O_AWB,1.04434164082607e-05
South Asia,Root_Tuber,Root_TuberAEZ06,Root_TuberAEZ06,1990,N2O_AWB,9.70471393132553e-07
South Asia,Root_Tuber,Root_TuberAEZ07,Root_TuberAEZ07,1990,N2O_AWB,2.09986330648064e-06
South Asia,Root_Tuber,Root_TuberAEZ08,Root_TuberAEZ08,1990,N2O_AWB,1.07862142885024e-05
South Asia,Root_Tuber,Root_TuberAEZ09,Root_TuberAEZ09,1990,N2O_AWB,1.22893953219209e-07
South Asia,Root_Tuber,Root_TuberAEZ10,Root_TuberAEZ10,1990,N2O_AWB,1.09930783166774e-06
South Asia,Root_Tuber,Root_TuberAEZ11,Root_TuberAEZ11,1990,N2O_AWB,2.0148781735085e-06
South Asia,Root_Tuber,Root_TuberAEZ12,Root_TuberAEZ12,1990,N2O_AWB,1.04741998409366e-06
South Asia,Root_Tuber,Root_TuberAEZ13,Root_TuberAEZ13,1990,N2O_AWB,1.69072698895238e-06
South Asia,Root_Tuber,Root_TuberAEZ14,Root_TuberAEZ14,1990,N2O_AWB,7.67867411592901e-07
South Asia,Root_Tuber,Root_TuberAEZ15,Root_TuberAEZ15,1990,N2O_AWB,6.33971668141756e-08
South Asia,Root_Tuber,Root_TuberAEZ16,Root_TuberAEZ16,1990,N2O_AWB,3.39844620894951e-08
South Asia,SugarCrop,SugarCropAEZ03,SugarCropAEZ03,1990,N2O_AWB,6.75735727160788e-06
South Asia,SugarCrop,SugarCropAEZ04,SugarCropAEZ04,1990,N2O_AWB,3.20424436006063e-05
South Asia,SugarCrop,SugarCropAEZ05,SugarCropAEZ05,1990,N2O_AWB,4.71875023472966e-05
South Asia,SugarCrop,SugarCropAEZ06,SugarCropAEZ06,1990,N2O_AWB,6.68334448692871e-06
South Asia,SugarCrop,SugarCropAEZ07,SugarCropAEZ07,1990,N2O_AWB,1.17556934654142e-07
South Asia,SugarCrop,SugarCropAEZ08,SugarCropAEZ08,1990,N2O_AWB,1.12004633741519e-07
South Asia,SugarCrop,SugarCropAEZ09,SugarCropAEZ09,1990,N2O_AWB,4.84599302028524e-08
South Asia,SugarCrop,SugarCropAEZ10,SugarCropAEZ10,1990,N2O_AWB,3.21010418482215e-06
South Asia,SugarCrop,SugarCropAEZ11,SugarCropAEZ11,1990,N2O_AWB,5.85539212349142e-06
South Asia,SugarCrop,SugarCropAEZ12,SugarCropAEZ12,1990,N2O_AWB,2.76287554901906e-06
South Asia,SugarCrop,SugarCropAEZ13,SugarCropAEZ13,1990,N2O_AWB,5.79770647782184e-09
South Asia,SugarCrop,SugarCropAEZ14,SugarCropAEZ14,1990,N2O_AWB,3.08214052041879e-08
South Asia,SugarCrop,SugarCropAEZ15,SugarCropAEZ15,1990,N2O_AWB,9.40670207102689e-08
South Asia,SugarCrop,SugarCropAEZ16,SugarCropAEZ16,1990,N2O_AWB,6.19649052126992e-09
South Asia,Wheat,WheatAEZ03,WheatAEZ03,1990,N2O_AWB,8.57514573673756e-07
South Asia,Wheat,WheatAEZ04,WheatAEZ04,1990,N2O_AWB,9.16746797915258e-06
South Asia,Wheat,WheatAEZ05,WheatAEZ05,1990,N2O_AWB,1.1036030767675e-05
South Asia,Wheat,WheatAEZ06,WheatAEZ06,1990,N2O_AWB,0
South Asia,Wheat,WheatAEZ07,WheatAEZ07,1990,N2O_AWB,1.9251963648716e-06
South Asia,Wheat,WheatAEZ08,WheatAEZ08,1990,N2O_AWB,8.89853303000544e-06
South Asia,Wheat,WheatAEZ09,WheatAEZ09,1990,N2O_AWB,8.28162092498604e-08
South Asia,Wheat,WheatAEZ10,WheatAEZ10,1990,N2O_AWB,1.66000403361286e-06
South Asia,Wheat,WheatAEZ11,WheatAEZ11,1990,N2O_AWB,2.77517077965486e-06
South Asia,Wheat,WheatAEZ12,WheatAEZ12,1990,N2O_AWB,9.52939560589608e-07
South Asia,Wheat,WheatAEZ13,WheatAEZ13,1990,N2O_AWB,1.0168857572155e-06
South Asia,Wheat,WheatAEZ14,WheatAEZ14,1990,N2O_AWB,4.98913718386629e-07
South Asia,Wheat,WheatAEZ15,WheatAEZ15,1990,N2O_AWB,9.92460663952141e-08
South Asia,Wheat,WheatAEZ16,WheatAEZ16,1990,N2O_AWB,5.09686494824341e-08
South Asia,Corn,CornAEZ03,CornAEZ03,1990,NH3_AWB,5.1714570537061e-06
South Asia,Corn,CornAEZ04,CornAEZ04,1990,NH3_AWB,6.03994888290381e-05
South Asia,Corn,CornAEZ05,CornAEZ05,1990,NH3_AWB,2.89080133349672e-05
South Asia,Corn,CornAEZ06,CornAEZ06,1990,NH3_AWB,4.44543107200365e-06
South Asia,Corn,CornAEZ07,CornAEZ07,1990,NH3_AWB,4.10527883410507e-06
South Asia,Corn,CornAEZ08,CornAEZ08,1990,NH3_AWB,1.56170474739486e-05
South Asia,Corn,CornAEZ09,CornAEZ09,1990,NH3_AWB,3.50991388005433e-07
South Asia,Corn,CornAEZ10,CornAEZ10,1990,NH3_AWB,4.34945532469393e-05
South Asia,Corn,CornAEZ11,CornAEZ11,1990,NH3_AWB,0.000116057736325883
South Asia,Corn,CornAEZ12,CornAEZ12,1990,NH3_AWB,6.95254619926356e-05
South Asia,Corn,CornAEZ13,CornAEZ13,1990,NH3_AWB,2.74269912794588e-06
South Asia,Corn,CornAEZ14,CornAEZ14,1990,NH3_AWB,3.05486665102313e-06
South Asia,Corn,CornAEZ15,CornAEZ15,1990,NH3_AWB,3.49907472994749e-06
South Asia,Corn,CornAEZ16,CornAEZ16,1990,NH3_AWB,1.01769765730491e-06
South Asia,FiberCrop,FiberCropAEZ03,FiberCropAEZ03,1990,NH3_AWB,1.28471547057934e-07
South Asia,FiberCrop,FiberCropAEZ04,FiberCropAEZ04,1990,NH3_AWB,8.36837432838849e-05
South Asia,FiberCrop,FiberCropAEZ05,FiberCropAEZ05,1990,NH3_AWB,0.000108156541690131
South Asia,FiberCrop,FiberCropAEZ06,FiberCropAEZ06,1990,NH3_AWB,2.06261658120537e-08
South Asia,FiberCrop,FiberCropAEZ07,FiberCropAEZ07,1990,NH3_AWB,6.15543719734e-07
South Asia,FiberCrop,FiberCropAEZ08,FiberCropAEZ08,1990,NH3_AWB,1.30948160252939e-05
South Asia,FiberCrop,FiberCropAEZ09,FiberCropAEZ09,1990,NH3_AWB,0
South Asia,FiberCrop,FiberCropAEZ10,FiberCropAEZ10,1990,NH3_AWB,2.61952305813083e-07
South Asia,FiberCrop,FiberCropAEZ11,FiberCropAEZ11,1990,NH3_AWB,2.21908078186538e-06
South Asia,FiberCrop,FiberCropAEZ12,FiberCropAEZ12,1990,NH3_AWB,1.16243177326503e-07
South Asia,FiberCrop,FiberCropAEZ13,FiberCropAEZ13,1990,NH3_AWB,2.66961517510295e-07
South Asia,FiberCrop,FiberCropAEZ14,FiberCropAEZ14,1990,NH3_AWB,3.03793956460392e-07
South Asia,FiberCrop,FiberCropAEZ15,FiberCropAEZ15,1990,NH3_AWB,0
South Asia,FiberCrop,FiberCropAEZ16,FiberCropAEZ16,1990,NH3_AWB,0
South Asia,FodderGrass,FodderGrassAEZ03,FodderGrassAEZ03,1990,NH3_AWB,7.97518579907134e-07
South Asia,FodderGrass,FodderGrassAEZ04,FodderGrassAEZ04,1990,NH3_AWB,1.44046853169924e-05
South Asia,FodderGrass,FodderGrassAEZ05,FodderGrassAEZ05,1990,NH3_AWB,3.26546250092997e-06
South Asia,FodderGrass,FodderGrassAEZ06,FodderGrassAEZ06,1990,NH3_AWB,0
South Asia,FodderGrass,FodderGrassAEZ07,FodderGrassAEZ07,1990,NH3_AWB,6.9902634001079e-07
South Asia,FodderGrass,FodderGrassAEZ08,FodderGrassAEZ08,1990,NH3_AWB,4.40062794539762e-06
South Asia,FodderGrass,FodderGrassAEZ09,FodderGrassAEZ09,1990,NH3_AWB,0
South Asia,FodderGrass,FodderGrassAEZ10,FodderGrassAEZ10,1990,NH3_AWB,4.23910905266489e-07
South Asia,FodderGrass,FodderGrassAEZ11,FodderGrassAEZ11,1990,NH3_AWB,1.85061033230104e-06
South Asia,FodderGrass,FodderGrassAEZ12,FodderGrassAEZ12,1990,NH3_AWB,5.50745139548009e-07
South Asia,FodderGrass,FodderGrassAEZ13,FodderGrassAEZ13,1990,NH3_AWB,3.51608344321504e-08
South Asia,FodderGrass,FodderGrassAEZ14,FodderGrassAEZ14,1990,NH3_AWB,5.61506716717114e-08
South Asia,FodderGrass,FodderGrassAEZ15,FodderGrassAEZ15,1990,NH3_AWB,0
South Asia,FodderGrass,FodderGrassAEZ16,FodderGrassAEZ16,1990,NH3_AWB,0
South Asia,FodderHerb,FodderHerbAEZ03,FodderHerbAEZ03,1990,NH3_AWB,0
South Asia,FodderHerb,FodderHerbAEZ04,FodderHerbAEZ04,1990,NH3_AWB,0
South Asia,FodderHerb,FodderHerbAEZ05,FodderHerbAEZ05,1990,NH3_AWB,0
South Asia,FodderHerb,FodderHerbAEZ06,FodderHerbAEZ06,1990,NH3_AWB,0
South Asia,FodderHerb,FodderHerbAEZ07,FodderHerbAEZ07,1990,NH3_AWB,0
South Asia,FodderHerb,FodderHerbAEZ08,FodderHerbAEZ08,1990,NH3_AWB,0
South Asia,FodderHerb,FodderHerbAEZ09,FodderHerbAEZ09,1990,NH3_AWB,0
South Asia,FodderHerb,FodderHerbAEZ10,FodderHerbAEZ10,1990,NH3_AWB,0
South Asia,FodderHerb,FodderHerbAEZ11,FodderHerbAEZ11,1990,NH3_AWB,0
South Asia,FodderHerb,FodderHerbAEZ12,FodderHerbAEZ12,1990,NH3_AWB,0
South Asia,FodderHerb,FodderHerbAEZ13,FodderHerbAEZ13,1990,NH3_AWB,0
South Asia,FodderHerb,FodderHerbAEZ14,FodderHerbAEZ14,1990,NH3_AWB,0
South Asia,FodderHerb,FodderHerbAEZ15,FodderHerbAEZ15,1990,NH3_AWB,0
South Asia,FodderHerb,FodderHerbAEZ16,FodderHerbAEZ16,1990,NH3_AWB,0
South Asia,MiscCrop,MiscCropAEZ03,MiscCropAEZ03,1990,NH3_AWB,1.30102492634709e-05
South Asia,MiscCrop,MiscCropAEZ04,MiscCropAEZ04,1990,NH3_AWB,0.00057700567727283
South Asia,MiscCrop,MiscCropAEZ05,MiscCropAEZ05,1990,NH3_AWB,0.00056620400367639
South Asia,MiscCrop,MiscCropAEZ06,MiscCropAEZ06,1990,NH3_AWB,0.000212604065940607
South Asia,MiscCrop,MiscCropAEZ07,MiscCropAEZ07,1990,NH3_AWB,1.62527414805109e-05
South Asia,MiscCrop,MiscCropAEZ08,MiscCropAEZ08,1990,NH3_AWB,1.70107452831882e-05
South Asia,MiscCrop,MiscCropAEZ09,MiscCropAEZ09,1990,NH3_AWB,2.18803744175485e-06
South Asia,MiscCrop,MiscCropAEZ10,MiscCropAEZ10,1990,NH3_AWB,6.95277833725699e-05
South Asia,MiscCrop,MiscCropAEZ11,MiscCropAEZ11,1990,NH3_AWB,0.000161671655418553
South Asia,MiscCrop,MiscCropAEZ12,MiscCropAEZ12,1990,NH3_AWB,7.84945496331851e-05
South Asia,MiscCrop,MiscCropAEZ13,MiscCropAEZ13,1990,NH3_AWB,2.42637638160109e-07
South Asia,MiscCrop,MiscCropAEZ14,MiscCropAEZ14,1990,NH3_AWB,1.35488602410927e-06
South Asia,MiscCrop,MiscCropAEZ15,MiscCropAEZ15,1990,NH3_AWB,3.16829986836365e-06
South Asia,MiscCrop,MiscCropAEZ16,MiscCropAEZ16,1990,NH3_AWB,1.92438394517143e-06
South Asia,OilCrop,OilCropAEZ03,OilCropAEZ03,1990,NH3_AWB,7.6080340730037e-07
South Asia,OilCrop,OilCropAEZ04,OilCropAEZ04,1990,NH3_AWB,4.75285100185801e-05
South Asia,OilCrop,OilCropAEZ05,OilCropAEZ05,1990,NH3_AWB,6.21097441488334e-05
South Asia,OilCrop,OilCropAEZ06,OilCropAEZ06,1990,NH3_AWB,1.59050209766047e-06
South Asia,OilCrop,OilCropAEZ07,OilCropAEZ07,1990,NH3_AWB,1.89138793172027e-07
South Asia,OilCrop,OilCropAEZ08,OilCropAEZ08,1990,NH3_AWB,2.4732113677475e-07
South Asia,OilCrop,OilCropAEZ09,OilCropAEZ09,1990,NH3_AWB,2.69855250805013e-07
South Asia,OilCrop,OilCropAEZ10,OilCropAEZ10,1990,NH3_AWB,4.88510039239628e-06
South Asia,OilCrop,OilCropAEZ11,OilCropAEZ11,1990,NH3_AWB,1.15914004924841e-05
South Asia,OilCrop,OilCropAEZ12,OilCropAEZ12,1990,NH3_AWB,5.68580026388135e-06
South Asia,OilCrop,OilCropAEZ13,OilCropAEZ13,1990,NH3_AWB,1.6254115038221e-08
South Asia,OilCrop,OilCropAEZ14,OilCropAEZ14,1990,NH3_AWB,7.720704643155e-08
South Asia,OilCrop,OilCropAEZ15,OilCropAEZ15,1990,NH3_AWB,3.29884652934805e-07
South Asia,OilCrop,OilCropAEZ16,OilCropAEZ16,1990,NH3_AWB,9.95564546091044e-08
South Asia,OtherGrain,OtherGrainAEZ03,OtherGrainAEZ03,1990,NH3_AWB,9.51090367844682e-07
South Asia,OtherGrain,OtherGrainAEZ04,OtherGrainAEZ04,1990,NH3_AWB,1.50912722151583e-05
South Asia,OtherGrain,OtherGrainAEZ05,OtherGrainAEZ05,1990,NH3_AWB,1.67112520184874e-05
South Asia,OtherGrain,OtherGrainAEZ06,OtherGrainAEZ06,1990,NH3_AWB,7.3591919786146e-07
South Asia,OtherGrain,OtherGrainAEZ07,OtherGrainAEZ07,1990,NH3_AWB,3.86575848061478e-06
South Asia,OtherGrain,OtherGrainAEZ08,OtherGrainAEZ08,1990,NH3_AWB,1.69658524604571e-05
South Asia,OtherGrain,OtherGrainAEZ09,OtherGrainAEZ09,1990,NH3_AWB,1.42508654465327e-07
South Asia,OtherGrain,OtherGrainAEZ10,OtherGrainAEZ10,1990,NH3_AWB,1.21168969190944e-05
South Asia,OtherGrain,OtherGrainAEZ11,OtherGrainAEZ11,1990,NH3_AWB,2.76576628348983e-05
South Asia,OtherGrain,OtherGrainAEZ12,OtherGrainAEZ12,1990,NH3_AWB,2.0337055215299e-05
South Asia,OtherGrain,OtherGrainAEZ13,OtherGrainAEZ13,1990,NH3_AWB,1.98441893154682e-06
South Asia,OtherGrain,OtherGrainAEZ14,OtherGrainAEZ14,1990,NH3_AWB,2.18297347976434e-06
South Asia,OtherGrain,OtherGrainAEZ15,OtherGrainAEZ15,1990,NH3_AWB,1.30454562743754e-06
South Asia,OtherGrain,OtherGrainAEZ16,OtherGrainAEZ16,1990,NH3_AWB,9.91927828116366e-07
South Asia,PalmFruit,PalmFruitAEZ03,PalmFruitAEZ03,1990,NH3_AWB,8.33363130089991e-06
South Asia,PalmFruit,PalmFruitAEZ04,PalmFruitAEZ04,1990,NH3_AWB,6.68894495983516e-05
South Asia,PalmFruit,PalmFruitAEZ05,PalmFruitAEZ05,1990,NH3_AWB,8.47295396821836e-05
South Asia,PalmFruit,PalmFruitAEZ06,PalmFruitAEZ06,1990,NH3_AWB,0.000211128940785254
South Asia,PalmFruit,PalmFruitAEZ07,PalmFruitAEZ07,1990,NH3_AWB,0
South Asia,PalmFruit,PalmFruitAEZ08,PalmFruitAEZ08,1990,NH3_AWB,0
South Asia,PalmFruit,PalmFruitAEZ09,PalmFruitAEZ09,1990,NH3_AWB,0
South Asia,PalmFruit,PalmFruitAEZ10,PalmFruitAEZ10,1990,NH3_AWB,5.85871267620178e-08
South Asia,PalmFruit,PalmFruitAEZ11,PalmFruitAEZ11,1990,NH3_AWB,8.61602745158879e-07
South Asia,PalmFruit,PalmFruitAEZ12,PalmFruitAEZ12,1990,NH3_AWB,1.89431709863857e-06
South Asia,PalmFruit,PalmFruitAEZ13,PalmFruitAEZ13,1990,NH3_AWB,0
South Asia,PalmFruit,PalmFruitAEZ14,PalmFruitAEZ14,1990,NH3_AWB,0
South Asia,PalmFruit,PalmFruitAEZ15,PalmFruitAEZ15,1990,NH3_AWB,0
South Asia,PalmFruit,PalmFruitAEZ16,PalmFruitAEZ16,1990,NH3_AWB,0
South Asia,Rice,RiceAEZ03,RiceAEZ03,1990,NH3_AWB,3.68994828116638e-05
South Asia,Rice,RiceAEZ04,RiceAEZ04,1990,NH3_AWB,0.00166847099161668
South Asia,Rice,RiceAEZ05,RiceAEZ05,1990,NH3_AWB,0.0044036245082434
South Asia,Rice,RiceAEZ06,RiceAEZ06,1990,NH3_AWB,0.00022919489266932
South Asia,Rice,RiceAEZ07,RiceAEZ07,1990,NH3_AWB,3.60416604824663e-06
South Asia,Rice,RiceAEZ08,RiceAEZ08,1990,NH3_AWB,1.60327478294689e-05
South Asia,Rice,RiceAEZ09,RiceAEZ09,1990,NH3_AWB,1.65031665261254e-07
South Asia,Rice,RiceAEZ10,RiceAEZ10,1990,NH3_AWB,0.000102642706551707
South Asia,Rice,RiceAEZ11,RiceAEZ11,1990,NH3_AWB,0.000262993006857149
South Asia,Rice,RiceAEZ12,RiceAEZ12,1990,NH3_AWB,9.78770427936743e-05
South Asia,Rice,RiceAEZ13,RiceAEZ13,1990,NH3_AWB,2.17508026237585e-06
South Asia,Rice,RiceAEZ14,RiceAEZ14,1990,NH3_AWB,1.89707964388477e-06
South Asia,Rice,RiceAEZ15,RiceAEZ15,1990,NH3_AWB,6.67657924593673e-06
South Asia,Rice,RiceAEZ16,RiceAEZ16,1990,NH3_AWB,1.71264926948304e-06
South Asia,Root_Tuber,Root_TuberAEZ03,Root_TuberAEZ03,1990,NH3_AWB,5.53207312902244e-06
South Asia,Root_Tuber,Root_TuberAEZ04,Root_TuberAEZ04,1990,NH3_AWB,0.000152187046575058
South Asia,Root_Tuber,Root_TuberAEZ05,Root_TuberAEZ05,1990,NH3_AWB,0.000194093220965475
South Asia,Root_Tuber,Root_TuberAEZ06,Root_TuberAEZ06,1990,NH3_AWB,1.80364270832823e-05
South Asia,Root_Tuber,Root_TuberAEZ07,Root_TuberAEZ07,1990,NH3_AWB,3.90264274456827e-05
South Asia,Root_Tuber,Root_TuberAEZ08,Root_TuberAEZ08,1990,NH3_AWB,0.000200464195952511
South Asia,Root_Tuber,Root_TuberAEZ09,Root_TuberAEZ09,1990,NH3_AWB,2.28401150399682e-06
South Asia,Root_Tuber,Root_TuberAEZ10,Root_TuberAEZ10,1990,NH3_AWB,2.04308810009902e-05
South Asia,Root_Tuber,Root_TuberAEZ11,Root_TuberAEZ11,1990,NH3_AWB,3.74469598128787e-05
South Asia,Root_Tuber,Root_TuberAEZ12,Root_TuberAEZ12,1990,NH3_AWB,1.94665337920967e-05
South Asia,Root_Tuber,Root_TuberAEZ13,Root_TuberAEZ13,1990,NH3_AWB,3.14225378200426e-05
South Asia,Root_Tuber,Root_TuberAEZ14,Root_TuberAEZ14,1990,NH3_AWB,1.42709869418402e-05
South Asia,Root_Tuber,Root_TuberAEZ15,Root_TuberAEZ15,1990,NH3_AWB,1.17825047149472e-06
South Asia,Root_Tuber,Root_TuberAEZ16,Root_TuberAEZ16,1990,NH3_AWB,6.31608800402867e-07
South Asia,SugarCrop,SugarCropAEZ03,SugarCropAEZ03,1990,NH3_AWB,0.000125586990577471
South Asia,SugarCrop,SugarCropAEZ04,SugarCropAEZ04,1990,NH3_AWB,0.000595515954063351
South Asia,SugarCrop,SugarCropAEZ05,SugarCropAEZ05,1990,NH3_AWB,0.000876990245515646
South Asia,SugarCrop,SugarCropAEZ06,SugarCropAEZ06,1990,NH3_AWB,0.000124211446482567
South Asia,SugarCrop,SugarCropAEZ07,SugarCropAEZ07,1990,NH3_AWB,2.18482182476245e-06
South Asia,SugarCrop,SugarCropAEZ08,SugarCropAEZ08,1990,NH3_AWB,2.0816310751292e-06
South Asia,SugarCrop,SugarCropAEZ09,SugarCropAEZ09,1990,NH3_AWB,9.00638600735463e-07
South Asia,SugarCrop,SugarCropAEZ10,SugarCropAEZ10,1990,NH3_AWB,5.96605015552231e-05
South Asia,SugarCrop,SugarCropAEZ11,SugarCropAEZ11,1990,NH3_AWB,0.000108823767322479
South Asia,SugarCrop,SugarCropAEZ12,SugarCropAEZ12,1990,NH3_AWB,5.13486577066569e-05
South Asia,SugarCrop,SugarCropAEZ13,SugarCropAEZ13,1990,NH3_AWB,1.07751666744106e-07
South Asia,SugarCrop,SugarCropAEZ14,SugarCropAEZ14,1990,NH3_AWB,5.72822683392281e-07
South Asia,SugarCrop,SugarCropAEZ15,SugarCropAEZ15,1990,NH3_AWB,1.74825654005716e-06
South Asia,SugarCrop,SugarCropAEZ16,SugarCropAEZ16,1990,NH3_AWB,1.15163157049256e-07
South Asia,Wheat,WheatAEZ03,WheatAEZ03,1990,NH3_AWB,1.593709942443e-05
South Asia,Wheat,WheatAEZ04,WheatAEZ04,1990,NH3_AWB,0.000170379435101728
South Asia,Wheat,WheatAEZ05,WheatAEZ05,1990,NH3_AWB,0.000205107090882423
South Asia,Wheat,WheatAEZ06,WheatAEZ06,1990,NH3_AWB,0
South Asia,Wheat,WheatAEZ07,WheatAEZ07,1990,NH3_AWB,3.57802034163248e-05
South Asia,Wheat,WheatAEZ08,WheatAEZ08,1990,NH3_AWB,0.000165381219147333
South Asia,Wheat,WheatAEZ09,WheatAEZ09,1990,NH3_AWB,1.53915770214253e-06
South Asia,Wheat,WheatAEZ10,WheatAEZ10,1990,NH3_AWB,3.08515448493219e-05
South Asia,Wheat,WheatAEZ11,WheatAEZ11,1990,NH3_AWB,5.15771673076652e-05
South Asia,Wheat,WheatAEZ12,WheatAEZ12,1990,NH3_AWB,1.77105940690021e-05
South Asia,Wheat,WheatAEZ13,WheatAEZ13,1990,NH3_AWB,1.88990483818833e-05
South Asia,Wheat,WheatAEZ14,WheatAEZ14,1990,NH3_AWB,9.27242262493007e-06
South Asia,Wheat,WheatAEZ15,WheatAEZ15,1990,NH3_AWB,1.84451025811472e-06
South Asia,Wheat,WheatAEZ16,WheatAEZ16,1990,NH3_AWB,9.4726370754314e-07
South Asia,Corn,CornAEZ03,CornAEZ03,1990,NMVOC_AWB,2.78256392369813e-05
South Asia,Corn,CornAEZ04,CornAEZ04,1990,NMVOC_AWB,0.000324986627327875
South Asia,Corn,CornAEZ05,CornAEZ05,1990,NMVOC_AWB,0.000155543001085194
South Asia,Corn,CornAEZ06,CornAEZ06,1990,NMVOC_AWB,2.39191701638117e-05
South Asia,Corn,CornAEZ07,CornAEZ07,1990,NMVOC_AWB,2.20889406251879e-05
South Asia,Corn,CornAEZ08,CornAEZ08,1990,NMVOC_AWB,8.40293798138537e-05
South Asia,Corn,CornAEZ09,CornAEZ09,1990,NMVOC_AWB,1.88855087386394e-06
South Asia,Corn,CornAEZ10,CornAEZ10,1990,NMVOC_AWB,0.000234027612499591
South Asia,Corn,CornAEZ11,CornAEZ11,1990,NMVOC_AWB,0.000624462442233839
South Asia,Corn,CornAEZ12,CornAEZ12,1990,NMVOC_AWB,0.00037409001043625
South Asia,Corn,CornAEZ13,CornAEZ13,1990,NMVOC_AWB,1.47574185915578e-05
South Asia,Corn,CornAEZ14,CornAEZ14,1990,NMVOC_AWB,1.6437073046471e-05
South Asia,Corn,CornAEZ15,CornAEZ15,1990,NMVOC_AWB,1.88271874033994e-05
South Asia,Corn,CornAEZ16,CornAEZ16,1990,NMVOC_AWB,5.47584318508329e-06
South Asia,FiberCrop,FiberCropAEZ03,FiberCropAEZ03,1990,NMVOC_AWB,6.91256426095444e-07
South Asia,FiberCrop,FiberCropAEZ04,FiberCropAEZ04,1990,NMVOC_AWB,0.000450270325448955
South Asia,FiberCrop,FiberCropAEZ05,FiberCropAEZ05,1990,NMVOC_AWB,0.000581949125543324
South Asia,FiberCrop,FiberCropAEZ06,FiberCropAEZ06,1990,NMVOC_AWB,1.10981536299727e-07
South Asia,FiberCrop,FiberCropAEZ07,FiberCropAEZ07,1990,NMVOC_AWB,3.31200613328756e-06
South Asia,FiberCrop,FiberCropAEZ08,FiberCropAEZ08,1990,NMVOC_AWB,7.04582137704002e-05
South Asia,FiberCrop,FiberCropAEZ09,FiberCropAEZ09,1990,NMVOC_AWB,0
South Asia,FiberCrop,FiberCropAEZ10,FiberCropAEZ10,1990,NMVOC_AWB,1.40946551100654e-06
South Asia,FiberCrop,FiberCropAEZ11,FiberCropAEZ11,1990,NMVOC_AWB,1.19400278553321e-05
South Asia,FiberCrop,FiberCropAEZ12,FiberCropAEZ12,1990,NMVOC_AWB,6.25460229574892e-07
South Asia,FiberCrop,FiberCropAEZ13,FiberCropAEZ13,1990,NMVOC_AWB,1.43641816982218e-06
South Asia,FiberCrop,FiberCropAEZ14,FiberCropAEZ14,1990,NMVOC_AWB,1.63459948464313e-06
South Asia,FiberCrop,FiberCropAEZ15,FiberCropAEZ15,1990,NMVOC_AWB,0
South Asia,FiberCrop,FiberCropAEZ16,FiberCropAEZ16,1990,NMVOC_AWB,0
South Asia,FodderGrass,FodderGrassAEZ03,FodderGrassAEZ03,1990,NMVOC_AWB,4.29114349376297e-06
South Asia,FodderGrass,FodderGrassAEZ04,FodderGrassAEZ04,1990,NMVOC_AWB,7.75061211550864e-05
South Asia,FodderGrass,FodderGrassAEZ05,FodderGrassAEZ05,1990,NMVOC_AWB,1.75702090434361e-05
South Asia,FodderGrass,FodderGrassAEZ06,FodderGrassAEZ06,1990,NMVOC_AWB,0
South Asia,FodderGrass,FodderGrassAEZ07,FodderGrassAEZ07,1990,NMVOC_AWB,3.76119429249602e-06
South Asia,FodderGrass,FodderGrassAEZ08,FodderGrassAEZ08,1990,NMVOC_AWB,2.36781016168469e-05
South Asia,FodderGrass,FodderGrassAEZ09,FodderGrassAEZ09,1990,NMVOC_AWB,0
South Asia,FodderGrass,FodderGrassAEZ10,FodderGrassAEZ10,1990,NMVOC_AWB,2.28090300201067e-06
South Asia,FodderGrass,FodderGrassAEZ11,FodderGrassAEZ11,1990,NMVOC_AWB,9.95742881359436e-06
South Asia,FodderGrass,FodderGrassAEZ12,FodderGrassAEZ12,1990,NMVOC_AWB,2.96334967213957e-06
South Asia,FodderGrass,FodderGrassAEZ13,FodderGrassAEZ13,1990,NMVOC_AWB,1.89187048063969e-07
South Asia,FodderGrass,FodderGrassAEZ14,FodderGrassAEZ14,1990,NMVOC_AWB,3.02125361696955e-07
South Asia,FodderGrass,FodderGrassAEZ15,FodderGrassAEZ15,1990,NMVOC_AWB,0
South Asia,FodderGrass,FodderGrassAEZ16,FodderGrassAEZ16,1990,NMVOC_AWB,0
South Asia,FodderHerb,FodderHerbAEZ03,FodderHerbAEZ03,1990,NMVOC_AWB,0
South Asia,FodderHerb,FodderHerbAEZ04,FodderHerbAEZ04,1990,NMVOC_AWB,0
South Asia,FodderHerb,FodderHerbAEZ05,FodderHerbAEZ05,1990,NMVOC_AWB,0
South Asia,FodderHerb,FodderHerbAEZ06,FodderHerbAEZ06,1990,NMVOC_AWB,0
South Asia,FodderHerb,FodderHerbAEZ07,FodderHerbAEZ07,1990,NMVOC_AWB,0
South Asia,FodderHerb,FodderHerbAEZ08,FodderHerbAEZ08,1990,NMVOC_AWB,0
South Asia,FodderHerb,FodderHerbAEZ09,FodderHerbAEZ09,1990,NMVOC_AWB,0
South Asia,FodderHerb,FodderHerbAEZ10,FodderHerbAEZ10,1990,NMVOC_AWB,0
South Asia,FodderHerb,FodderHerbAEZ11,FodderHerbAEZ11,1990,NMVOC_AWB,0
South Asia,FodderHerb,FodderHerbAEZ12,FodderHerbAEZ12,1990,NMVOC_AWB,0
South Asia,FodderHerb,FodderHerbAEZ13,FodderHerbAEZ13,1990,NMVOC_AWB,0
South Asia,FodderHerb,FodderHerbAEZ14,FodderHerbAEZ14,1990,NMVOC_AWB,0
South Asia,FodderHerb,FodderHerbAEZ15,FodderHerbAEZ15,1990,NMVOC_AWB,0
South Asia,FodderHerb,FodderHerbAEZ16,FodderHerbAEZ16,1990,NMVOC_AWB,0
South Asia,MiscCrop,MiscCropAEZ03,MiscCropAEZ03,1990,NMVOC_AWB,7.00031922587669e-05
South Asia,MiscCrop,MiscCropAEZ04,MiscCropAEZ04,1990,NMVOC_AWB,0.00310464761608678
South Asia,MiscCrop,MiscCropAEZ05,MiscCropAEZ05,1990,NMVOC_AWB,0.00304652792766459
South Asia,MiscCrop,MiscCropAEZ06,MiscCropAEZ06,1990,NMVOC_AWB,0.00114394144198474
South Asia,MiscCrop,MiscCropAEZ07,MiscCropAEZ07,1990,NMVOC_AWB,8.7449806960017e-05
South Asia,MiscCrop,MiscCropAEZ08,MiscCropAEZ08,1990,NMVOC_AWB,9.15283364990848e-05
South Asia,MiscCrop,MiscCropAEZ09,MiscCropAEZ09,1990,NMVOC_AWB,1.17729954747755e-05
South Asia,MiscCrop,MiscCropAEZ10,MiscCropAEZ10,1990,NMVOC_AWB,0.000374102500896852
South Asia,MiscCrop,MiscCropAEZ11,MiscCropAEZ11,1990,NMVOC_AWB,0.000869893554525083
South Asia,MiscCrop,MiscCropAEZ12,MiscCropAEZ12,1990,NMVOC_AWB,0.000422349252344088
South Asia,MiscCrop,MiscCropAEZ13,MiscCropAEZ13,1990,NMVOC_AWB,1.30554064640601e-06
South Asia,MiscCrop,MiscCropAEZ14,MiscCropAEZ14,1990,NMVOC_AWB,7.29012526306772e-06
South Asia,MiscCrop,MiscCropAEZ15,MiscCropAEZ15,1990,NMVOC_AWB,1.70474139524146e-05
South Asia,MiscCrop,MiscCropAEZ16,MiscCropAEZ16,1990,NMVOC_AWB,1.03543765046651e-05
South Asia,OilCrop,OilCropAEZ03,OilCropAEZ03,1990,NMVOC_AWB,4.09359314443789e-06
South Asia,OilCrop,OilCropAEZ04,OilCropAEZ04,1990,NMVOC_AWB,0.000255732796292002
South Asia,OilCrop,OilCropAEZ05,OilCropAEZ05,1990,NMVOC_AWB,0.000334188859317339
South Asia,OilCrop,OilCropAEZ06,OilCropAEZ06,1990,NMVOC_AWB,8.55788554667509e-06
South Asia,OilCrop,OilCropAEZ07,OilCropAEZ07,1990,NMVOC_AWB,1.01768375331498e-06
South Asia,OilCrop,OilCropAEZ08,OilCropAEZ08,1990,NMVOC_AWB,1.33074076727418e-06
South Asia,OilCrop,OilCropAEZ09,OilCropAEZ09,1990,NMVOC_AWB,1.45198824569648e-06
South Asia,OilCrop,OilCropAEZ10,OilCropAEZ10,1990,NMVOC_AWB,2.62848631910885e-05
South Asia,OilCrop,OilCropAEZ11,OilCropAEZ11,1990,NMVOC_AWB,6.23689078349949e-05
South Asia,OilCrop,OilCropAEZ12,OilCropAEZ12,1990,NMVOC_AWB,3.05931240022412e-05
South Asia,OilCrop,OilCropAEZ13,OilCropAEZ13,1990,NMVOC_AWB,8.74571975505058e-08
South Asia,OilCrop,OilCropAEZ14,OilCropAEZ14,1990,NMVOC_AWB,4.15421688364903e-07
South Asia,OilCrop,OilCropAEZ15,OilCropAEZ15,1990,NMVOC_AWB,1.77498357755913e-06
South Asia,OilCrop,OilCropAEZ16,OilCropAEZ16,1990,NMVOC_AWB,5.35675334996851e-07
South Asia,OtherGrain,OtherGrainAEZ03,OtherGrainAEZ03,1990,NMVOC_AWB,5.117454748744e-06
South Asia,OtherGrain,OtherGrainAEZ04,OtherGrainAEZ04,1990,NMVOC_AWB,8.12003835524724e-05
South Asia,OtherGrain,OtherGrainAEZ05,OtherGrainAEZ05,1990,NMVOC_AWB,8.99168773975345e-05
South Asia,OtherGrain,OtherGrainAEZ06,OtherGrainAEZ06,1990,NMVOC_AWB,3.95970069839149e-06
South Asia,OtherGrain,OtherGrainAEZ07,OtherGrainAEZ07,1990,NMVOC_AWB,2.0800172899396e-05
South Asia,OtherGrain,OtherGrainAEZ08,OtherGrainAEZ08,1990,NMVOC_AWB,9.12867853314593e-05
South Asia,OtherGrain,OtherGrainAEZ09,OtherGrainAEZ09,1990,NMVOC_AWB,7.66784750626136e-07
South Asia,OtherGrain,OtherGrainAEZ10,OtherGrainAEZ10,1990,NMVOC_AWB,6.51964038066961e-05
South Asia,OtherGrain,OtherGrainAEZ11,OtherGrainAEZ11,1990,NMVOC_AWB,0.000148815341631895
South Asia,OtherGrain,OtherGrainAEZ12,OtherGrainAEZ12,1990,NMVOC_AWB,0.000109425942376904
South Asia,OtherGrain,OtherGrainAEZ13,OtherGrainAEZ13,1990,NMVOC_AWB,1.06774018832248e-05
South Asia,OtherGrain,OtherGrainAEZ14,OtherGrainAEZ14,1990,NMVOC_AWB,1.17457482255004e-05
South Asia,OtherGrain,OtherGrainAEZ15,OtherGrainAEZ15,1990,NMVOC_AWB,7.01926277648275e-06
South Asia,OtherGrain,OtherGrainAEZ16,OtherGrainAEZ16,1990,NMVOC_AWB,5.33718555672975e-06
South Asia,PalmFruit,PalmFruitAEZ03,PalmFruitAEZ03,1990,NMVOC_AWB,4.48400935567422e-05
South Asia,PalmFruit,PalmFruitAEZ04,PalmFruitAEZ04,1990,NMVOC_AWB,0.000359906632493472
South Asia,PalmFruit,PalmFruitAEZ05,PalmFruitAEZ05,1990,NMVOC_AWB,0.00045589735724912
South Asia,PalmFruit,PalmFruitAEZ06,PalmFruitAEZ06,1990,NMVOC_AWB,0.00113600435578718
South Asia,PalmFruit,PalmFruitAEZ07,PalmFruitAEZ07,1990,NMVOC_AWB,0
South Asia,PalmFruit,PalmFruitAEZ08,PalmFruitAEZ08,1990,NMVOC_AWB,0
South Asia,PalmFruit,PalmFruitAEZ09,PalmFruitAEZ09,1990,NMVOC_AWB,0
South Asia,PalmFruit,PalmFruitAEZ10,PalmFruitAEZ10,1990,NMVOC_AWB,3.15234997850926e-07
South Asia,PalmFruit,PalmFruitAEZ11,PalmFruitAEZ11,1990,NMVOC_AWB,4.63595596045845e-06
South Asia,PalmFruit,PalmFruitAEZ12,PalmFruitAEZ12,1990,NMVOC_AWB,1.01925982638466e-05
South Asia,PalmFruit,PalmFruitAEZ13,PalmFruitAEZ13,1990,NMVOC_AWB,0
South Asia,PalmFruit,PalmFruitAEZ14,PalmFruitAEZ14,1990,NMVOC_AWB,0
South Asia,PalmFruit,PalmFruitAEZ15,PalmFruitAEZ15,1990,NMVOC_AWB,0
South Asia,PalmFruit,PalmFruitAEZ16,PalmFruitAEZ16,1990,NMVOC_AWB,0
South Asia,Rice,RiceAEZ03,RiceAEZ03,1990,NMVOC_AWB,0.000198542052285387
South Asia,Rice,RiceAEZ04,RiceAEZ04,1990,NMVOC_AWB,0.00897740644618196
South Asia,Rice,RiceAEZ05,RiceAEZ05,1990,NMVOC_AWB,0.0236942249793406
South Asia,Rice,RiceAEZ06,RiceAEZ06,1990,NMVOC_AWB,0.00123321035679969
South Asia,Rice,RiceAEZ07,RiceAEZ07,1990,NMVOC_AWB,1.93926437302262e-05
South Asia,Rice,RiceAEZ08,RiceAEZ08,1990,NMVOC_AWB,8.62661049772396e-05
South Asia,Rice,RiceAEZ09,RiceAEZ09,1990,NMVOC_AWB,8.87972486776625e-07
South Asia,Rice,RiceAEZ10,RiceAEZ10,1990,NMVOC_AWB,0.000552281280334393
South Asia,Rice,RiceAEZ11,RiceAEZ11,1990,NMVOC_AWB,0.00141506512664774
South Asia,Rice,RiceAEZ12,RiceAEZ12,1990,NMVOC_AWB,0.000526639060147968
South Asia,Rice,RiceAEZ13,RiceAEZ13,1990,NMVOC_AWB,1.17032778313368e-05
South Asia,Rice,RiceAEZ14,RiceAEZ14,1990,NMVOC_AWB,1.02074624668358e-05
South Asia,Rice,RiceAEZ15,RiceAEZ15,1990,NMVOC_AWB,3.59241280562146e-05
South Asia,Rice,RiceAEZ16,RiceAEZ16,1990,NMVOC_AWB,9.215112920248e-06
South Asia,Root_Tuber,Root_TuberAEZ03,Root_TuberAEZ03,1990,NMVOC_AWB,2.97659768846888e-05
South Asia,Root_Tuber,Root_TuberAEZ04,Root_TuberAEZ04,1990,NMVOC_AWB,0.000818860489521897
South Asia,Root_Tuber,Root_TuberAEZ05,Root_TuberAEZ05,1990,NMVOC_AWB,0.00104434164082607
South Asia,Root_Tuber,Root_TuberAEZ06,Root_TuberAEZ06,1990,NMVOC_AWB,9.70471393132553e-05
South Asia,Root_Tuber,Root_TuberAEZ07,Root_TuberAEZ07,1990,NMVOC_AWB,0.000209986330648064
South Asia,Root_Tuber,Root_TuberAEZ08,Root_TuberAEZ08,1990,NMVOC_AWB,0.00107862142885024
South Asia,Root_Tuber,Root_TuberAEZ09,Root_TuberAEZ09,1990,NMVOC_AWB,1.22893953219209e-05
South Asia,Root_Tuber,Root_TuberAEZ10,Root_TuberAEZ10,1990,NMVOC_AWB,0.000109930783166774
South Asia,Root_Tuber,Root_TuberAEZ11,Root_TuberAEZ11,1990,NMVOC_AWB,0.00020148781735085
South Asia,Root_Tuber,Root_TuberAEZ12,Root_TuberAEZ12,1990,NMVOC_AWB,0.000104741998409366
South Asia,Root_Tuber,Root_TuberAEZ13,Root_TuberAEZ13,1990,NMVOC_AWB,0.000169072698895238
South Asia,Root_Tuber,Root_TuberAEZ14,Root_TuberAEZ14,1990,NMVOC_AWB,7.67867411592901e-05
South Asia,Root_Tuber,Root_TuberAEZ15,Root_TuberAEZ15,1990,NMVOC_AWB,6.33971668141756e-06
South Asia,Root_Tuber,Root_TuberAEZ16,Root_TuberAEZ16,1990,NMVOC_AWB,3.39844620894951e-06
South Asia,SugarCrop,SugarCropAEZ03,SugarCropAEZ03,1990,NMVOC_AWB,0.000675735727160788
South Asia,SugarCrop,SugarCropAEZ04,SugarCropAEZ04,1990,NMVOC_AWB,0.00320424436006063
South Asia,SugarCrop,SugarCropAEZ05,SugarCropAEZ05,1990,NMVOC_AWB,0.00471875023472966
South Asia,SugarCrop,SugarCropAEZ06,SugarCropAEZ06,1990,NMVOC_AWB,0.000668334448692871
South Asia,SugarCrop,SugarCropAEZ07,SugarCropAEZ07,1990,NMVOC_AWB,1.17556934654142e-05
South Asia,SugarCrop,SugarCropAEZ08,SugarCropAEZ08,1990,NMVOC_AWB,1.12004633741519e-05
South Asia,SugarCrop,SugarCropAEZ09,SugarCropAEZ09,1990,NMVOC_AWB,4.84599302028524e-06
South Asia,SugarCrop,SugarCropAEZ10,SugarCropAEZ10,1990,NMVOC_AWB,0.000321010418482215
South Asia,SugarCrop,SugarCropAEZ11,SugarCropAEZ11,1990,NMVOC_AWB,0.000585539212349142
South Asia,SugarCrop,SugarCropAEZ12,SugarCropAEZ12,1990,NMVOC_AWB,0.000276287554901906
South Asia,SugarCrop,SugarCropAEZ13,SugarCropAEZ13,1990,NMVOC_AWB,5.79770647782184e-07
South Asia,SugarCrop,SugarCropAEZ14,SugarCropAEZ14,1990,NMVOC_AWB,3.08214052041879e-06
South Asia,SugarCrop,SugarCropAEZ15,SugarCropAEZ15,1990,NMVOC_AWB,9.40670207102689e-06
South Asia,SugarCrop,SugarCropAEZ16,SugarCropAEZ16,1990,NMVOC_AWB,6.19649052126992e-07
South Asia,Wheat,WheatAEZ03,WheatAEZ03,1990,NMVOC_AWB,8.57514573673756e-05
South Asia,Wheat,WheatAEZ04,WheatAEZ04,1990,NMVOC_AWB,0.000916746797915258
South Asia,Wheat,WheatAEZ05,WheatAEZ05,1990,NMVOC_AWB,0.0011036030767675
South Asia,Wheat,WheatAEZ06,WheatAEZ06,1990,NMVOC_AWB,0
South Asia,Wheat,WheatAEZ07,WheatAEZ07,1990,NMVOC_AWB,0.00019251963648716
South Asia,Wheat,WheatAEZ08,WheatAEZ08,1990,NMVOC_AWB,0.000889853303000544
South Asia,Wheat,WheatAEZ09,WheatAEZ09,1990,NMVOC_AWB,8.28162092498603e-06
South Asia,Wheat,WheatAEZ10,WheatAEZ10,1990,NMVOC_AWB,0.000166000403361286
South Asia,Wheat,WheatAEZ11,WheatAEZ11,1990,NMVOC_AWB,0.000277517077965486
South Asia,Wheat,WheatAEZ12,WheatAEZ12,1990,NMVOC_AWB,9.52939560589608e-05
South Asia,Wheat,WheatAEZ13,WheatAEZ13,1990,NMVOC_AWB,0.00010168857572155
South Asia,Wheat,WheatAEZ14,WheatAEZ14,1990,NMVOC_AWB,4.98913718386629e-05
South Asia,Wheat,WheatAEZ15,WheatAEZ15,1990,NMVOC_AWB,9.92460663952141e-06
South Asia,Wheat,WheatAEZ16,WheatAEZ16,1990,NMVOC_AWB,5.09686494824341e-06
South Asia,Corn,CornAEZ03,CornAEZ03,1990,NOx_AWB,1.51013322458372e-05
South Asia,Corn,CornAEZ04,CornAEZ04,1990,NOx_AWB,0.000176374421911205
South Asia,Corn,CornAEZ05,CornAEZ05,1990,NOx_AWB,8.44151869395453e-05
South Asia,Corn,CornAEZ06,CornAEZ06,1990,NOx_AWB,1.29812412434491e-05
South Asia,Corn,CornAEZ07,CornAEZ07,1990,NOx_AWB,1.19879521364671e-05
South Asia,Corn,CornAEZ08,CornAEZ08,1990,NOx_AWB,4.56038250253082e-05
South Asia,Corn,CornAEZ09,CornAEZ09,1990,NOx_AWB,1.02494084561701e-06
South Asia,Corn,CornAEZ10,CornAEZ10,1990,NOx_AWB,0.000127009794849901
South Asia,Corn,CornAEZ11,CornAEZ11,1990,NOx_AWB,0.000338903797857301
South Asia,Corn,CornAEZ12,CornAEZ12,1990,NOx_AWB,0.000203023459383403
South Asia,Corn,CornAEZ13,CornAEZ13,1990,NOx_AWB,8.00904084696909e-06
South Asia,Corn,CornAEZ14,CornAEZ14,1990,NOx_AWB,8.92061091965706e-06
South Asia,Corn,CornAEZ15,CornAEZ15,1990,NOx_AWB,1.02177567175351e-05
South Asia,Corn,CornAEZ16,CornAEZ16,1990,NOx_AWB,2.97181051474801e-06
South Asia,FiberCrop,FiberCropAEZ03,FiberCropAEZ03,1990,NOx_AWB,3.7515375185572e-07
South Asia,FiberCrop,FiberCropAEZ04,FiberCropAEZ04,1990,NOx_AWB,0.000244367496003789
South Asia,FiberCrop,FiberCropAEZ05,FiberCropAEZ05,1990,NOx_AWB,0.000315831274176957
South Asia,FiberCrop,FiberCropAEZ06,FiberCropAEZ06,1990,NOx_AWB,6.02311069493129e-08
South Asia,FiberCrop,FiberCropAEZ07,FiberCropAEZ07,1990,NOx_AWB,1.79746832024449e-06
South Asia,FiberCrop,FiberCropAEZ08,FiberCropAEZ08,1990,NOx_AWB,3.82385786911561e-05
South Asia,FiberCrop,FiberCropAEZ09,FiberCropAEZ09,1990,NOx_AWB,0
South Asia,FiberCrop,FiberCropAEZ10,FiberCropAEZ10,1990,NOx_AWB,7.64935058256277e-07
South Asia,FiberCrop,FiberCropAEZ11,FiberCropAEZ11,1990,NOx_AWB,6.48000666336107e-06
South Asia,FiberCrop,FiberCropAEZ12,FiberCropAEZ12,1990,NOx_AWB,3.39445309878628e-07
South Asia,FiberCrop,FiberCropAEZ13,FiberCropAEZ13,1990,NOx_AWB,7.79562612801106e-07
South Asia,FiberCrop,FiberCropAEZ14,FiberCropAEZ14,1990,NOx_AWB,8.87118160924884e-07
South Asia,FiberCrop,FiberCropAEZ15,FiberCropAEZ15,1990,NOx_AWB,0
South Asia,FiberCrop,FiberCropAEZ16,FiberCropAEZ16,1990,NOx_AWB,0
South Asia,FodderGrass,FodderGrassAEZ03,FodderGrassAEZ03,1990,NOx_AWB,2.3288587572771e-06
South Asia,FodderGrass,FodderGrassAEZ04,FodderGrassAEZ04,1990,NOx_AWB,4.2063568663447e-05
South Asia,FodderGrass,FodderGrassAEZ05,FodderGrassAEZ05,1990,NOx_AWB,9.535578397103e-06
South Asia,FodderGrass,FodderGrassAEZ06,FodderGrassAEZ06,1990,NOx_AWB,0
South Asia,FodderGrass,FodderGrassAEZ07,FodderGrassAEZ07,1990,NOx_AWB,2.04124851071313e-06
South Asia,FodderGrass,FodderGrassAEZ08,FodderGrassAEZ08,1990,NOx_AWB,1.28504102429199e-05
South Asia,FodderGrass,FodderGrassAEZ09,FodderGrassAEZ09,1990,NOx_AWB,0
South Asia,FodderGrass,FodderGrassAEZ10,FodderGrassAEZ10,1990,NOx_AWB,1.23787539112892e-06
South Asia,FodderGrass,FodderGrassAEZ11,FodderGrassAEZ11,1990,NOx_AWB,5.4040246675991e-06
South Asia,FodderGrass,FodderGrassAEZ12,FodderGrassAEZ12,1990,NOx_AWB,1.60824797512997e-06
South Asia,FodderGrass,FodderGrassAEZ13,FodderGrassAEZ13,1990,NOx_AWB,1.02674243890366e-07
South Asia,FodderGrass,FodderGrassAEZ14,FodderGrassAEZ14,1990,NOx_AWB,1.63967319062188e-07
South Asia,FodderGrass,FodderGrassAEZ15,FodderGrassAEZ15,1990,NOx_AWB,0
South Asia,FodderGrass,FodderGrassAEZ16,FodderGrassAEZ16,1990,NOx_AWB,0
South Asia,FodderHerb,FodderHerbAEZ03,FodderHerbAEZ03,1990,NOx_AWB,0
South Asia,FodderHerb,FodderHerbAEZ04,FodderHerbAEZ04,1990,NOx_AWB,0
South Asia,FodderHerb,FodderHerbAEZ05,FodderHerbAEZ05,1990,NOx_AWB,0
South Asia,FodderHerb,FodderHerbAEZ06,FodderHerbAEZ06,1990,NOx_AWB,0
South Asia,FodderHerb,FodderHerbAEZ07,FodderHerbAEZ07,1990,NOx_AWB,0
South Asia,FodderHerb,FodderHerbAEZ08,FodderHerbAEZ08,1990,NOx_AWB,0
South Asia,FodderHerb,FodderHerbAEZ09,FodderHerbAEZ09,1990,NOx_AWB,0
South Asia,FodderHerb,FodderHerbAEZ10,FodderHerbAEZ10,1990,NOx_AWB,0
South Asia,FodderHerb,FodderHerbAEZ11,FodderHerbAEZ11,1990,NOx_AWB,0
South Asia,FodderHerb,FodderHerbAEZ12,FodderHerbAEZ12,1990,NOx_AWB,0
South Asia,FodderHerb,FodderHerbAEZ13,FodderHerbAEZ13,1990,NOx_AWB,0
South Asia,FodderHerb,FodderHerbAEZ14,FodderHerbAEZ14,1990,NOx_AWB,0
South Asia,FodderHerb,FodderHerbAEZ15,FodderHerbAEZ15,1990,NOx_AWB,0
South Asia,FodderHerb,FodderHerbAEZ16,FodderHerbAEZ16,1990,NOx_AWB,0
South Asia,MiscCrop,MiscCropAEZ03,MiscCropAEZ03,1990,NOx_AWB,3.79916326653108e-05
South Asia,MiscCrop,MiscCropAEZ04,MiscCropAEZ04,1990,NOx_AWB,0.00168493218637227
South Asia,MiscCrop,MiscCropAEZ05,MiscCropAEZ05,1990,NOx_AWB,0.00165338988405845
South Asia,MiscCrop,MiscCropAEZ06,MiscCropAEZ06,1990,NOx_AWB,0.000620831731413899
South Asia,MiscCrop,MiscCropAEZ07,MiscCropAEZ07,1990,NOx_AWB,4.74601348235121e-05
South Asia,MiscCrop,MiscCropAEZ08,MiscCropAEZ08,1990,NOx_AWB,4.96736052534049e-05
South Asia,MiscCrop,MiscCropAEZ09,MiscCropAEZ09,1990,NOx_AWB,6.38935604243139e-06
South Asia,MiscCrop,MiscCropAEZ10,MiscCropAEZ10,1990,NOx_AWB,0.000203030238116996
South Asia,MiscCrop,MiscCropAEZ11,MiscCropAEZ11,1990,NOx_AWB,0.000472102418690766
South Asia,MiscCrop,MiscCropAEZ12,MiscCropAEZ12,1990,NOx_AWB,0.00022921437057059
South Asia,MiscCrop,MiscCropAEZ13,MiscCropAEZ13,1990,NOx_AWB,7.08533697785449e-07
South Asia,MiscCrop,MiscCropAEZ14,MiscCropAEZ14,1990,NOx_AWB,3.95644472975996e-06
South Asia,MiscCrop,MiscCropAEZ15,MiscCropAEZ15,1990,NOx_AWB,9.25185077816963e-06
South Asia,MiscCrop,MiscCropAEZ16,MiscCropAEZ16,1990,NOx_AWB,5.61945328420786e-06
South Asia,OilCrop,OilCropAEZ03,OilCropAEZ03,1990,NOx_AWB,2.22164564224201e-06
South Asia,OilCrop,OilCropAEZ04,OilCropAEZ04,1990,NOx_AWB,0.000138789477218188
South Asia,OilCrop,OilCropAEZ05,OilCropAEZ05,1990,NOx_AWB,0.000181368591550674
South Asia,OilCrop,OilCropAEZ06,OilCropAEZ06,1990,NOx_AWB,4.64447453880698e-06
South Asia,OilCrop,OilCropAEZ07,OilCropAEZ07,1990,NOx_AWB,5.52310060125228e-07
South Asia,OilCrop,OilCropAEZ08,OilCropAEZ08,1990,NOx_AWB,7.22210127448908e-07
South Asia,OilCrop,OilCropAEZ09,OilCropAEZ09,1990,NOx_AWB,7.8801269320602e-07
South Asia,OilCrop,OilCropAEZ10,OilCropAEZ10,1990,NOx_AWB,1.4265133271672e-05
South Asia,OilCrop,OilCropAEZ11,OilCropAEZ11,1990,NOx_AWB,3.38484083332216e-05
South Asia,OilCrop,OilCropAEZ12,OilCropAEZ12,1990,NOx_AWB,1.66032818172216e-05
South Asia,OilCrop,OilCropAEZ13,OilCropAEZ13,1990,NOx_AWB,4.74641457920118e-08
South Asia,OilCrop,OilCropAEZ14,OilCropAEZ14,1990,NOx_AWB,2.25454692512056e-07
South Asia,OilCrop,OilCropAEZ15,OilCropAEZ15,1990,NOx_AWB,9.63306413460605e-07
South Asia,OilCrop,OilCropAEZ16,OilCropAEZ16,1990,NOx_AWB,2.90717892976074e-07
South Asia,OtherGrain,OtherGrainAEZ03,OtherGrainAEZ03,1990,NOx_AWB,2.77730850154601e-06
South Asia,OtherGrain,OtherGrainAEZ04,OtherGrainAEZ04,1990,NOx_AWB,4.40684923739537e-05
South Asia,OtherGrain,OtherGrainAEZ05,OtherGrainAEZ05,1990,NOx_AWB,4.8799045675965e-05
South Asia,OtherGrain,OtherGrainAEZ06,OtherGrainAEZ06,1990,NOx_AWB,2.14898048994365e-06
South Asia,OtherGrain,OtherGrainAEZ07,OtherGrainAEZ07,1990,NOx_AWB,1.12885213183952e-05
South Asia,OtherGrain,OtherGrainAEZ08,OtherGrainAEZ08,1990,NOx_AWB,4.95425123284368e-05
South Asia,OtherGrain,OtherGrainAEZ09,OtherGrainAEZ09,1990,NOx_AWB,4.16143944857055e-07
South Asia,OtherGrain,OtherGrainAEZ10,OtherGrainAEZ10,1990,NOx_AWB,3.53829267580733e-05
South Asia,OtherGrain,OtherGrainAEZ11,OtherGrainAEZ11,1990,NOx_AWB,8.076399963794e-05
South Asia,OtherGrain,OtherGrainAEZ12,OtherGrainAEZ12,1990,NOx_AWB,5.93868661227829e-05
South Asia,OtherGrain,OtherGrainAEZ13,OtherGrainAEZ13,1990,NOx_AWB,5.79476331119134e-06
South Asia,OtherGrain,OtherGrainAEZ14,OtherGrainAEZ14,1990,NOx_AWB,6.37456860985585e-06
South Asia,OtherGrain,OtherGrainAEZ15,OtherGrainAEZ15,1990,NOx_AWB,3.80944417505511e-06
South Asia,OtherGrain,OtherGrainAEZ16,OtherGrainAEZ16,1990,NOx_AWB,2.89655923673231e-06
South Asia,PalmFruit,PalmFruitAEZ03,PalmFruitAEZ03,1990,NOx_AWB,2.43352954075116e-05
South Asia,PalmFruit,PalmFruitAEZ04,PalmFruitAEZ04,1990,NOx_AWB,0.00019532595777857
South Asia,PalmFruit,PalmFruitAEZ05,PalmFruitAEZ05,1990,NOx_AWB,0.000247421358524196
South Asia,PalmFruit,PalmFruitAEZ06,PalmFruitAEZ06,1990,NOx_AWB,0.000616524172665206
South Asia,PalmFruit,PalmFruitAEZ07,PalmFruitAEZ07,1990,NOx_AWB,0
South Asia,PalmFruit,PalmFruitAEZ08,PalmFruitAEZ08,1990,NOx_AWB,0
South Asia,PalmFruit,PalmFruitAEZ09,PalmFruitAEZ09,1990,NOx_AWB,0
South Asia,PalmFruit,PalmFruitAEZ10,PalmFruitAEZ10,1990,NOx_AWB,1.71082087190139e-07
South Asia,PalmFruit,PalmFruitAEZ11,PalmFruitAEZ11,1990,NOx_AWB,2.51599291716927e-06
South Asia,PalmFruit,PalmFruitAEZ12,PalmFruitAEZ12,1990,NOx_AWB,5.53165415248117e-06
South Asia,PalmFruit,PalmFruitAEZ13,PalmFruitAEZ13,1990,NOx_AWB,0
South Asia,PalmFruit,PalmFruitAEZ14,PalmFruitAEZ14,1990,NOx_AWB,0
South Asia,PalmFruit,PalmFruitAEZ15,PalmFruitAEZ15,1990,NOx_AWB,0
South Asia,PalmFruit,PalmFruitAEZ16,PalmFruitAEZ16,1990,NOx_AWB,0
South Asia,Rice,RiceAEZ03,RiceAEZ03,1990,NOx_AWB,0.000107751324984736
South Asia,Rice,RiceAEZ04,RiceAEZ04,1990,NOx_AWB,0.00487215392592079
South Asia,Rice,RiceAEZ05,RiceAEZ05,1990,NOx_AWB,0.0128591605990883
South Asia,Rice,RiceAEZ06,RiceAEZ06,1990,NOx_AWB,0.000669279119463628
South Asia,Rice,RiceAEZ07,RiceAEZ07,1990,NOx_AWB,1.05246371377546e-05
South Asia,Rice,RiceAEZ08,RiceAEZ08,1990,NOx_AWB,4.68177245352977e-05
South Asia,Rice,RiceAEZ09,RiceAEZ09,1990,NOx_AWB,4.81914087714982e-07
South Asia,Rice,RiceAEZ10,RiceAEZ10,1990,NOx_AWB,0.000299730153059757
South Asia,Rice,RiceAEZ11,RiceAEZ11,1990,NOx_AWB,0.000767974041674648
South Asia,Rice,RiceAEZ12,RiceAEZ12,1990,NOx_AWB,0.000285813790410972
South Asia,Rice,RiceAEZ13,RiceAEZ13,1990,NOx_AWB,6.35151938078284e-06
South Asia,Rice,RiceAEZ14,RiceAEZ14,1990,NOx_AWB,5.53972114659398e-06
South Asia,Rice,RiceAEZ15,RiceAEZ15,1990,NOx_AWB,1.94964862729152e-05
South Asia,Rice,RiceAEZ16,RiceAEZ16,1990,NOx_AWB,5.00116028625219e-06
South Asia,Root_Tuber,Root_TuberAEZ03,Root_TuberAEZ03,1990,NOx_AWB,1.61543784395862e-05
South Asia,Root_Tuber,Root_TuberAEZ04,Root_TuberAEZ04,1990,NOx_AWB,0.000444406118038945
South Asia,Root_Tuber,Root_TuberAEZ05,Root_TuberAEZ05,1990,NOx_AWB,0.000566777638492384
South Asia,Root_Tuber,Root_TuberAEZ06,Root_TuberAEZ06,1990,NOx_AWB,5.26687305113104e-05
South Asia,Root_Tuber,Root_TuberAEZ07,Root_TuberAEZ07,1990,NOx_AWB,0.000113962282023198
South Asia,Root_Tuber,Root_TuberAEZ08,Root_TuberAEZ08,1990,NOx_AWB,0.000585381720284034
South Asia,Root_Tuber,Root_TuberAEZ09,Root_TuberAEZ09,1990,NOx_AWB,6.66961288027171e-06
South Asia,Root_Tuber,Root_TuberAEZ10,Root_TuberAEZ10,1990,NOx_AWB,5.96608497115927e-05
South Asia,Root_Tuber,Root_TuberAEZ11,Root_TuberAEZ11,1990,NOx_AWB,0.000109350029567688
South Asia,Root_Tuber,Root_TuberAEZ12,Root_TuberAEZ12,1990,NOx_AWB,5.68448294970554e-05
South Asia,Root_Tuber,Root_TuberAEZ13,Root_TuberAEZ13,1990,NOx_AWB,9.17579279301531e-05
South Asia,Root_Tuber,Root_TuberAEZ14,Root_TuberAEZ14,1990,NOx_AWB,4.16731518886514e-05
South Asia,Root_Tuber,Root_TuberAEZ15,Root_TuberAEZ15,1990,NOx_AWB,3.44064577044193e-06
South Asia,Root_Tuber,Root_TuberAEZ16,Root_TuberAEZ16,1990,NOx_AWB,1.84438046090761e-06
South Asia,SugarCrop,SugarCropAEZ03,SugarCropAEZ03,1990,NOx_AWB,0.000366730468950926
South Asia,SugarCrop,SugarCropAEZ04,SugarCropAEZ04,1990,NOx_AWB,0.00173898462012026
South Asia,SugarCrop,SugarCropAEZ05,SugarCropAEZ05,1990,NOx_AWB,0.00256092643453338
South Asia,SugarCrop,SugarCropAEZ06,SugarCropAEZ06,1990,NOx_AWB,0.000362713699947487
South Asia,SugarCrop,SugarCropAEZ07,SugarCropAEZ07,1990,NOx_AWB,6.37996601945079e-06
South Asia,SugarCrop,SugarCropAEZ08,SugarCropAEZ08,1990,NOx_AWB,6.07863550877934e-06
South Asia,SugarCrop,SugarCropAEZ09,SugarCropAEZ09,1990,NOx_AWB,2.62998273057013e-06
South Asia,SugarCrop,SugarCropAEZ10,SugarCropAEZ10,1990,NOx_AWB,0.000174216482237447
South Asia,SugarCrop,SugarCropAEZ11,SugarCropAEZ11,1990,NOx_AWB,0.000317779660454243
South Asia,SugarCrop,SugarCropAEZ12,SugarCropAEZ12,1990,NOx_AWB,0.000149944809045699
South Asia,SugarCrop,SugarCropAEZ13,SugarCropAEZ13,1990,NOx_AWB,3.14648986281216e-07
South Asia,SugarCrop,SugarCropAEZ14,SugarCropAEZ14,1990,NOx_AWB,1.67271729611668e-06
South Asia,SugarCrop,SugarCropAEZ15,SugarCropAEZ15,1990,NOx_AWB,5.10513818217649e-06
South Asia,SugarCrop,SugarCropAEZ16,SugarCropAEZ16,1990,NOx_AWB,3.3629150914712e-07
South Asia,Wheat,WheatAEZ03,WheatAEZ03,1990,NOx_AWB,4.65384186591634e-05
South Asia,Wheat,WheatAEZ04,WheatAEZ04,1990,NOx_AWB,0.000497530276401569
South Asia,Wheat,WheatAEZ05,WheatAEZ05,1990,NOx_AWB,0.000598939581867524
South Asia,Wheat,WheatAEZ06,WheatAEZ06,1990,NOx_AWB,0
South Asia,Wheat,WheatAEZ07,WheatAEZ07,1990,NOx_AWB,0.000104482882484025
South Asia,Wheat,WheatAEZ08,WheatAEZ08,1990,NOx_AWB,0.000482934830866608
South Asia,Wheat,WheatAEZ09,WheatAEZ09,1990,NOx_AWB,4.49454217591082e-06
South Asia,Wheat,WheatAEZ10,WheatAEZ10,1990,NOx_AWB,9.00905536347964e-05
South Asia,Wheat,WheatAEZ11,WheatAEZ11,1990,NOx_AWB,0.000150612087023714
South Asia,Wheat,WheatAEZ12,WheatAEZ12,1990,NOx_AWB,5.17172554136331e-05
South Asia,Wheat,WheatAEZ13,WheatAEZ13,1990,NOx_AWB,5.51876977379981e-05
South Asia,Wheat,WheatAEZ14,WheatAEZ14,1990,NOx_AWB,2.7076689089497e-05
South Asia,Wheat,WheatAEZ15,WheatAEZ15,1990,NOx_AWB,5.38621165164339e-06
South Asia,Wheat,WheatAEZ16,WheatAEZ16,1990,NOx_AWB,2.76613415203379e-06
South Asia,Corn,CornAEZ03,CornAEZ03,1990,SO2_AWB,3.10573318652815e-06
South Asia,Corn,CornAEZ04,CornAEZ04,1990,SO2_AWB,3.62730841535748e-05
South Asia,Corn,CornAEZ05,CornAEZ05,1990,SO2_AWB,1.73607893169421e-05
South Asia,Corn,CornAEZ06,CornAEZ06,1990,SO2_AWB,2.66971622607808e-06
South Asia,Corn,CornAEZ07,CornAEZ07,1990,SO2_AWB,2.46543683581294e-06
South Asia,Corn,CornAEZ08,CornAEZ08,1990,SO2_AWB,9.37886211018006e-06
South Asia,Corn,CornAEZ09,CornAEZ09,1990,SO2_AWB,2.10788872573706e-07
South Asia,Corn,CornAEZ10,CornAEZ10,1990,SO2_AWB,2.61207771909135e-05
South Asia,Corn,CornAEZ11,CornAEZ11,1990,SO2_AWB,6.96988023911593e-05
South Asia,Corn,CornAEZ12,CornAEZ12,1990,SO2_AWB,4.17537131947148e-05
South Asia,Corn,CornAEZ13,CornAEZ13,1990,SO2_AWB,1.64713573251447e-06
South Asia,Corn,CornAEZ14,CornAEZ14,1990,SO2_AWB,1.83460882300113e-06
South Asia,Corn,CornAEZ15,CornAEZ15,1990,SO2_AWB,2.1013792434285e-06
South Asia,Corn,CornAEZ16,CornAEZ16,1990,SO2_AWB,6.11181211662332e-07
South Asia,FiberCrop,FiberCropAEZ03,FiberCropAEZ03,1990,SO2_AWB,7.71539515998685e-08
South Asia,FiberCrop,FiberCropAEZ04,FiberCropAEZ04,1990,SO2_AWB,5.02565091405733e-05
South Asia,FiberCrop,FiberCropAEZ05,FiberCropAEZ05,1990,SO2_AWB,6.49537175652325e-05
South Asia,FiberCrop,FiberCropAEZ06,FiberCropAEZ06,1990,SO2_AWB,1.23871023210798e-08
South Asia,FiberCrop,FiberCropAEZ07,FiberCropAEZ07,1990,SO2_AWB,3.69666524981938e-07
South Asia,FiberCrop,FiberCropAEZ08,FiberCropAEZ08,1990,SO2_AWB,7.86412886714208e-06
South Asia,FiberCrop,FiberCropAEZ09,FiberCropAEZ09,1990,SO2_AWB,0
South Asia,FiberCrop,FiberCropAEZ10,FiberCropAEZ10,1990,SO2_AWB,1.57316199477714e-07
South Asia,FiberCrop,FiberCropAEZ11,FiberCropAEZ11,1990,SO2_AWB,1.3326752511436e-06
South Asia,FiberCrop,FiberCropAEZ12,FiberCropAEZ12,1990,SO2_AWB,6.98101695095141e-08
South Asia,FiberCrop,FiberCropAEZ13,FiberCropAEZ13,1990,SO2_AWB,1.6032449575569e-07
South Asia,FiberCrop,FiberCropAEZ14,FiberCropAEZ14,1990,SO2_AWB,1.82444321329048e-07
South Asia,FiberCrop,FiberCropAEZ15,FiberCropAEZ15,1990,SO2_AWB,0
South Asia,FiberCrop,FiberCropAEZ16,FiberCropAEZ16,1990,SO2_AWB,0
South Asia,FodderGrass,FodderGrassAEZ03,FodderGrassAEZ03,1990,SO2_AWB,4.78952042870653e-07
South Asia,FodderGrass,FodderGrassAEZ04,FodderGrassAEZ04,1990,SO2_AWB,8.6507745816853e-06
South Asia,FodderGrass,FodderGrassAEZ05,FodderGrassAEZ05,1990,SO2_AWB,1.96108275736979e-06
South Asia,FodderGrass,FodderGrassAEZ06,FodderGrassAEZ06,1990,SO2_AWB,0
South Asia,FodderGrass,FodderGrassAEZ07,FodderGrassAEZ07,1990,SO2_AWB,4.19802249130733e-07
South Asia,FodderGrass,FodderGrassAEZ08,FodderGrassAEZ08,1990,SO2_AWB,2.64280958144862e-06
South Asia,FodderGrass,FodderGrassAEZ09,FodderGrassAEZ09,1990,SO2_AWB,0
South Asia,FodderGrass,FodderGrassAEZ10,FodderGrassAEZ10,1990,SO2_AWB,2.54580895276665e-07
South Asia,FodderGrass,FodderGrassAEZ11,FodderGrassAEZ11,1990,SO2_AWB,1.11138927862512e-06
South Asia,FodderGrass,FodderGrassAEZ12,FodderGrassAEZ12,1990,SO2_AWB,3.30751554049458e-07
South Asia,FodderGrass,FodderGrassAEZ13,FodderGrassAEZ13,1990,SO2_AWB,2.11159387437421e-08
South Asia,FodderGrass,FodderGrassAEZ14,FodderGrassAEZ14,1990,SO2_AWB,3.37214449710464e-08
South Asia,FodderGrass,FodderGrassAEZ15,FodderGrassAEZ15,1990,SO2_AWB,0
South Asia,FodderGrass,FodderGrassAEZ16,FodderGrassAEZ16,1990,SO2_AWB,0
South Asia,FodderHerb,FodderHerbAEZ03,FodderHerbAEZ03,1990,SO2_AWB,0
South Asia,FodderHerb,FodderHerbAEZ04,FodderHerbAEZ04,1990,SO2_AWB,0
South Asia,FodderHerb,FodderHerbAEZ05,FodderHerbAEZ05,1990,SO2_AWB,0
South Asia,FodderHerb,FodderHerbAEZ06,FodderHerbAEZ06,1990,SO2_AWB,0
South Asia,FodderHerb,FodderHerbAEZ07,FodderHerbAEZ07,1990,SO2_AWB,0
South Asia,FodderHerb,FodderHerbAEZ08,FodderHerbAEZ08,1990,SO2_AWB,0
South Asia,FodderHerb,FodderHerbAEZ09,FodderHerbAEZ09,1990,SO2_AWB,0
South Asia,FodderHerb,FodderHerbAEZ10,FodderHerbAEZ10,1990,SO2_AWB,0
South Asia,FodderHerb,FodderHerbAEZ11,FodderHerbAEZ11,1990,SO2_AWB,0
South Asia,FodderHerb,FodderHerbAEZ12,FodderHerbAEZ12,1990,SO2_AWB,0
South Asia,FodderHerb,FodderHerbAEZ13,FodderHerbAEZ13,1990,SO2_AWB,0
South Asia,FodderHerb,FodderHerbAEZ14,FodderHerbAEZ14,1990,SO2_AWB,0
South Asia,FodderHerb,FodderHerbAEZ15,FodderHerbAEZ15,1990,SO2_AWB,0
South Asia,FodderHerb,FodderHerbAEZ16,FodderHerbAEZ16,1990,SO2_AWB,0
South Asia,MiscCrop,MiscCropAEZ03,MiscCropAEZ03,1990,SO2_AWB,7.81334205871593e-06
South Asia,MiscCrop,MiscCropAEZ04,MiscCropAEZ04,1990,SO2_AWB,0.000346522394387309
South Asia,MiscCrop,MiscCropAEZ05,MiscCropAEZ05,1990,SO2_AWB,0.000340035418703258
South Asia,MiscCrop,MiscCropAEZ06,MiscCropAEZ06,1990,SO2_AWB,0.000127679974197865
South Asia,MiscCrop,MiscCropAEZ07,MiscCropAEZ07,1990,SO2_AWB,9.76062994701103e-06
South Asia,MiscCrop,MiscCropAEZ08,MiscCropAEZ08,1990,SO2_AWB,1.02158512784543e-05
South Asia,MiscCrop,MiscCropAEZ09,MiscCropAEZ09,1990,SO2_AWB,1.31403208528131e-06
South Asia,MiscCrop,MiscCropAEZ10,MiscCropAEZ10,1990,SO2_AWB,4.17551073060118e-05
South Asia,MiscCrop,MiscCropAEZ11,MiscCropAEZ11,1990,SO2_AWB,9.70923707457861e-05
South Asia,MiscCrop,MiscCropAEZ12,MiscCropAEZ12,1990,SO2_AWB,4.71401241904654e-05
South Asia,MiscCrop,MiscCropAEZ13,MiscCropAEZ13,1990,SO2_AWB,1.45716721092099e-07
South Asia,MiscCrop,MiscCropAEZ14,MiscCropAEZ14,1990,SO2_AWB,8.13680640743939e-07
South Asia,MiscCrop,MiscCropAEZ15,MiscCropAEZ15,1990,SO2_AWB,1.90273146307926e-06
South Asia,MiscCrop,MiscCropAEZ16,MiscCropAEZ16,1990,SO2_AWB,1.15569423086628e-06
South Asia,OilCrop,OilCropAEZ03,OilCropAEZ03,1990,SO2_AWB,4.56902641932049e-07
South Asia,OilCrop,OilCropAEZ04,OilCropAEZ04,1990,SO2_AWB,2.85433813600279e-05
South Asia,OilCrop,OilCropAEZ05,OilCropAEZ05,1990,SO2_AWB,3.73001828317545e-05
South Asia,OilCrop,OilCropAEZ06,OilCropAEZ06,1990,SO2_AWB,9.55180541315095e-07
South Asia,OilCrop,OilCropAEZ07,OilCropAEZ07,1990,SO2_AWB,1.13587838149652e-07
South Asia,OilCrop,OilCropAEZ08,OilCropAEZ08,1990,SO2_AWB,1.48529409455454e-07
South Asia,OilCrop,OilCropAEZ09,OilCropAEZ09,1990,SO2_AWB,1.62062335485003e-07
South Asia,OilCrop,OilCropAEZ10,OilCropAEZ10,1990,SO2_AWB,2.933760882209e-06
South Asia,OilCrop,OilCropAEZ11,OilCropAEZ11,1990,SO2_AWB,6.96124840910116e-06
South Asia,OilCrop,OilCropAEZ12,OilCropAEZ12,1990,SO2_AWB,3.41462345875073e-06
South Asia,OilCrop,OilCropAEZ13,OilCropAEZ13,1990,SO2_AWB,9.76145484098574e-09
South Asia,OilCrop,OilCropAEZ14,OilCropAEZ14,1990,SO2_AWB,4.63669104946823e-08
South Asia,OilCrop,OilCropAEZ15,OilCropAEZ15,1990,SO2_AWB,1.98113163022734e-07
South Asia,OilCrop,OilCropAEZ16,OilCropAEZ16,1990,SO2_AWB,5.9788910901038e-08
South Asia,OtherGrain,OtherGrainAEZ03,OtherGrainAEZ03,1990,SO2_AWB,5.71180015250371e-07
South Asia,OtherGrain,OtherGrainAEZ04,OtherGrainAEZ04,1990,SO2_AWB,9.06310628876989e-06
South Asia,OtherGrain,OtherGrainAEZ05,OtherGrainAEZ05,1990,SO2_AWB,1.00359897497471e-05
South Asia,OtherGrain,OtherGrainAEZ06,OtherGrainAEZ06,1990,SO2_AWB,4.41958359446022e-07
South Asia,OtherGrain,OtherGrainAEZ07,OtherGrainAEZ07,1990,SO2_AWB,2.32159220886189e-06
South Asia,OtherGrain,OtherGrainAEZ08,OtherGrainAEZ08,1990,SO2_AWB,1.01888907665627e-05
South Asia,OtherGrain,OtherGrainAEZ09,OtherGrainAEZ09,1990,SO2_AWB,8.55839762264397e-08
South Asia,OtherGrain,OtherGrainAEZ10,OtherGrainAEZ10,1990,SO2_AWB,7.27683677705556e-06
South Asia,OtherGrain,OtherGrainAEZ11,OtherGrainAEZ11,1990,SO2_AWB,1.6609887781354e-05
South Asia,OtherGrain,OtherGrainAEZ12,OtherGrainAEZ12,1990,SO2_AWB,1.22134761330262e-05
South Asia,OtherGrain,OtherGrainAEZ13,OtherGrainAEZ13,1990,SO2_AWB,1.19174841203853e-06
South Asia,OtherGrain,OtherGrainAEZ14,OtherGrainAEZ14,1990,SO2_AWB,1.31099090855956e-06
South Asia,OtherGrain,OtherGrainAEZ15,OtherGrainAEZ15,1990,SO2_AWB,7.83448572887095e-07
South Asia,OtherGrain,OtherGrainAEZ16,OtherGrainAEZ16,1990,SO2_AWB,5.95705067726326e-07
South Asia,PalmFruit,PalmFruitAEZ03,PalmFruitAEZ03,1990,SO2_AWB,5.00478589045738e-06
South Asia,PalmFruit,PalmFruitAEZ04,PalmFruitAEZ04,1990,SO2_AWB,4.01706484823897e-05
South Asia,PalmFruit,PalmFruitAEZ05,PalmFruitAEZ05,1990,SO2_AWB,5.08845651307551e-05
South Asia,PalmFruit,PalmFruitAEZ06,PalmFruitAEZ06,1990,SO2_AWB,0.000126794083606164
South Asia,PalmFruit,PalmFruitAEZ07,PalmFruitAEZ07,1990,SO2_AWB,0
South Asia,PalmFruit,PalmFruitAEZ08,PalmFruitAEZ08,1990,SO2_AWB,0
South Asia,PalmFruit,PalmFruitAEZ09,PalmFruitAEZ09,1990,SO2_AWB,0
South Asia,PalmFruit,PalmFruitAEZ10,PalmFruitAEZ10,1990,SO2_AWB,3.51846649790375e-08
South Asia,PalmFruit,PalmFruitAEZ11,PalmFruitAEZ11,1990,SO2_AWB,5.17437969890131e-07
South Asia,PalmFruit,PalmFruitAEZ12,PalmFruitAEZ12,1990,SO2_AWB,1.13763750098888e-06
South Asia,PalmFruit,PalmFruitAEZ13,PalmFruitAEZ13,1990,SO2_AWB,0
South Asia,PalmFruit,PalmFruitAEZ14,PalmFruitAEZ14,1990,SO2_AWB,0
South Asia,PalmFruit,PalmFruitAEZ15,PalmFruitAEZ15,1990,SO2_AWB,0
South Asia,PalmFruit,PalmFruitAEZ16,PalmFruitAEZ16,1990,SO2_AWB,0
South Asia,Rice,RiceAEZ03,RiceAEZ03,1990,SO2_AWB,2.2160088954385e-05
South Asia,Rice,RiceAEZ04,RiceAEZ04,1990,SO2_AWB,0.00100200498149935
South Asia,Rice,RiceAEZ05,RiceAEZ05,1990,SO2_AWB,0.00264460917575619
South Asia,Rice,RiceAEZ06,RiceAEZ06,1990,SO2_AWB,0.000137643642198622
South Asia,Rice,RiceAEZ07,RiceAEZ07,1990,SO2_AWB,2.1644921324012e-06
South Asia,Rice,RiceAEZ08,RiceAEZ08,1990,SO2_AWB,9.62851213654272e-06
South Asia,Rice,RiceAEZ09,RiceAEZ09,1990,SO2_AWB,9.91102341771492e-08
South Asia,Rice,RiceAEZ10,RiceAEZ10,1990,SO2_AWB,6.16423682498248e-05
South Asia,Rice,RiceAEZ11,RiceAEZ11,1990,SO2_AWB,0.000157941195438474
South Asia,Rice,RiceAEZ12,RiceAEZ12,1990,SO2_AWB,5.87803353767975e-05
South Asia,Rice,RiceAEZ13,RiceAEZ13,1990,SO2_AWB,1.30625061449209e-06
South Asia,Rice,RiceAEZ14,RiceAEZ14,1990,SO2_AWB,1.13929655536394e-06
South Asia,Rice,RiceAEZ15,RiceAEZ15,1990,SO2_AWB,4.00963858371996e-06
South Asia,Rice,RiceAEZ16,RiceAEZ16,1990,SO2_AWB,1.02853637144774e-06
South Asia,Root_Tuber,Root_TuberAEZ03,Root_TuberAEZ03,1990,SO2_AWB,3.32230219233723e-06
South Asia,Root_Tuber,Root_TuberAEZ04,Root_TuberAEZ04,1990,SO2_AWB,9.13963620309172e-05
South Asia,Root_Tuber,Root_TuberAEZ05,Root_TuberAEZ05,1990,SO2_AWB,0.000116563233798997
South Asia,Root_Tuber,Root_TuberAEZ06,Root_TuberAEZ06,1990,SO2_AWB,1.08318273896911e-05
South Asia,Root_Tuber,Root_TuberAEZ07,Root_TuberAEZ07,1990,SO2_AWB,2.34374315808788e-05
South Asia,Root_Tuber,Root_TuberAEZ08,Root_TuberAEZ08,1990,SO2_AWB,0.000120389340879128
South Asia,Root_Tuber,Root_TuberAEZ09,Root_TuberAEZ09,1990,SO2_AWB,1.37166958029583e-06
South Asia,Root_Tuber,Root_TuberAEZ10,Root_TuberAEZ10,1990,SO2_AWB,1.22698234744712e-05
South Asia,Root_Tuber,Root_TuberAEZ11,Root_TuberAEZ11,1990,SO2_AWB,2.24888778186985e-05
South Asia,Root_Tuber,Root_TuberAEZ12,Root_TuberAEZ12,1990,SO2_AWB,1.16906820257667e-05
South Asia,Root_Tuber,Root_TuberAEZ13,Root_TuberAEZ13,1990,SO2_AWB,1.88708941211654e-05
South Asia,Root_Tuber,Root_TuberAEZ14,Root_TuberAEZ14,1990,SO2_AWB,8.5704816436636e-06
South Asia,Root_Tuber,Root_TuberAEZ15,Root_TuberAEZ15,1990,SO2_AWB,7.07601659138043e-07
South Asia,Root_Tuber,Root_TuberAEZ16,Root_TuberAEZ16,1990,SO2_AWB,3.79314454696793e-07
South Asia,SugarCrop,SugarCropAEZ03,SugarCropAEZ03,1990,SO2_AWB,7.54216230323578e-05
South Asia,SugarCrop,SugarCropAEZ04,SugarCropAEZ04,1990,SO2_AWB,0.000357638793561299
South Asia,SugarCrop,SugarCropAEZ05,SugarCropAEZ05,1990,SO2_AWB,0.000526678976828683
South Asia,SugarCrop,SugarCropAEZ06,SugarCropAEZ06,1990,SO2_AWB,7.45955361286651e-05
South Asia,SugarCrop,SugarCropAEZ07,SugarCropAEZ07,1990,SO2_AWB,1.31210093738533e-06
South Asia,SugarCrop,SugarCropAEZ08,SugarCropAEZ08,1990,SO2_AWB,1.25012944031004e-06
South Asia,SugarCrop,SugarCropAEZ09,SugarCropAEZ09,1990,SO2_AWB,5.40881063561736e-07
South Asia,SugarCrop,SugarCropAEZ10,SugarCropAEZ10,1990,SO2_AWB,3.58292832524217e-05
South Asia,SugarCrop,SugarCropAEZ11,SugarCropAEZ11,1990,SO2_AWB,6.5354421809271e-05
South Asia,SugarCrop,SugarCropAEZ12,SugarCropAEZ12,1990,SO2_AWB,3.08375818781964e-05
South Asia,SugarCrop,SugarCropAEZ13,SugarCropAEZ13,1990,SO2_AWB,6.47105687692151e-08
South Asia,SugarCrop,SugarCropAEZ14,SugarCropAEZ14,1990,SO2_AWB,3.44010285560154e-07
South Asia,SugarCrop,SugarCropAEZ15,SugarCropAEZ15,1990,SO2_AWB,1.04992041868148e-06
South Asia,SugarCrop,SugarCropAEZ16,SugarCropAEZ16,1990,SO2_AWB,6.91615602718597e-08
South Asia,Wheat,WheatAEZ03,WheatAEZ03,1990,SO2_AWB,9.57107021588424e-06
South Asia,Wheat,WheatAEZ04,WheatAEZ04,1990,SO2_AWB,0.000102321852507339
South Asia,Wheat,WheatAEZ05,WheatAEZ05,1990,SO2_AWB,0.000123177644584572
South Asia,Wheat,WheatAEZ06,WheatAEZ06,1990,SO2_AWB,0
South Asia,Wheat,WheatAEZ07,WheatAEZ07,1990,SO2_AWB,2.14879025421223e-05
South Asia,Wheat,WheatAEZ08,WheatAEZ08,1990,SO2_AWB,9.93201597538677e-05
South Asia,Wheat,WheatAEZ09,WheatAEZ09,1990,SO2_AWB,9.24345519106405e-07
South Asia,Wheat,WheatAEZ10,WheatAEZ10,1990,SO2_AWB,1.85279826747345e-05
South Asia,Wheat,WheatAEZ11,WheatAEZ11,1990,SO2_AWB,3.09748139665463e-05
South Asia,Wheat,WheatAEZ12,WheatAEZ12,1990,SO2_AWB,1.06361474497423e-05
South Asia,Wheat,WheatAEZ13,WheatAEZ13,1990,SO2_AWB,1.13498770547368e-05
South Asia,Wheat,WheatAEZ14,WheatAEZ14,1990,SO2_AWB,5.56857968009654e-06
South Asia,Wheat,WheatAEZ15,WheatAEZ15,1990,SO2_AWB,1.10772586178843e-06
South Asia,Wheat,WheatAEZ16,WheatAEZ16,1990,SO2_AWB,5.68881903563733e-07
South Korea,Corn,CornAEZ10,CornAEZ10,1990,CH4_AWB,6.36892256956306e-07
South Korea,Corn,CornAEZ11,CornAEZ11,1990,CH4_AWB,1.68216784521499e-06
South Korea,FiberCrop,FiberCropAEZ10,FiberCropAEZ10,1990,CH4_AWB,5.31994230347092e-08
South Korea,FiberCrop,FiberCropAEZ11,FiberCropAEZ11,1990,CH4_AWB,0
South Korea,FodderGrass,FodderGrassAEZ10,FodderGrassAEZ10,1990,CH4_AWB,1.93116805143397e-05
South Korea,FodderGrass,FodderGrassAEZ11,FodderGrassAEZ11,1990,CH4_AWB,4.80634997548019e-05
South Korea,FodderHerb,FodderHerbAEZ10,FodderHerbAEZ10,1990,CH4_AWB,0
South Korea,FodderHerb,FodderHerbAEZ11,FodderHerbAEZ11,1990,CH4_AWB,0
South Korea,MiscCrop,MiscCropAEZ10,MiscCropAEZ10,1990,CH4_AWB,7.36319840686479e-05
South Korea,MiscCrop,MiscCropAEZ11,MiscCropAEZ11,1990,CH4_AWB,0.000195061729959972
South Korea,OilCrop,OilCropAEZ10,OilCropAEZ10,1990,CH4_AWB,2.02373526090166e-06
South Korea,OilCrop,OilCropAEZ11,OilCropAEZ11,1990,CH4_AWB,5.05949767105456e-06
South Korea,OtherGrain,OtherGrainAEZ10,OtherGrainAEZ10,1990,CH4_AWB,4.02802495628266e-06
South Korea,OtherGrain,OtherGrainAEZ11,OtherGrainAEZ11,1990,CH4_AWB,9.75300268212595e-06
South Korea,PalmFruit,PalmFruitAEZ10,PalmFruitAEZ10,1990,CH4_AWB,0
South Korea,PalmFruit,PalmFruitAEZ11,PalmFruitAEZ11,1990,CH4_AWB,0
South Korea,Rice,RiceAEZ10,RiceAEZ10,1990,CH4_AWB,5.21690278097035e-05
South Korea,Rice,RiceAEZ11,RiceAEZ11,1990,CH4_AWB,0.00012262085805179
South Korea,Root_Tuber,Root_TuberAEZ10,Root_TuberAEZ10,1990,CH4_AWB,5.98076777884915e-06
South Korea,Root_Tuber,Root_TuberAEZ11,Root_TuberAEZ11,1990,CH4_AWB,1.58986879995336e-05
South Korea,SugarCrop,SugarCropAEZ10,SugarCropAEZ10,1990,CH4_AWB,0
South Korea,SugarCrop,SugarCropAEZ11,SugarCropAEZ11,1990,CH4_AWB,0
South Korea,Wheat,WheatAEZ10,WheatAEZ10,1990,CH4_AWB,2.52439667916994e-08
South Korea,Wheat,WheatAEZ11,WheatAEZ11,1990,CH4_AWB,0
South Korea,Corn,CornAEZ10,CornAEZ10,1990,CO_AWB,3.78011591358958e-05
South Korea,Corn,CornAEZ11,CornAEZ11,1990,CO_AWB,9.98408972879398e-05
South Korea,FiberCrop,FiberCropAEZ10,FiberCropAEZ10,1990,CO_AWB,3.15751971249173e-06
South Korea,FiberCrop,FiberCropAEZ11,FiberCropAEZ11,1990,CO_AWB,0
South Korea,FodderGrass,FodderGrassAEZ10,FodderGrassAEZ10,1990,CO_AWB,0.00114619686505973
South Korea,FodderGrass,FodderGrassAEZ11,FodderGrassAEZ11,1990,CO_AWB,0.00285268973364831
South Korea,FodderHerb,FodderHerbAEZ10,FodderHerbAEZ10,1990,CO_AWB,0
South Korea,FodderHerb,FodderHerbAEZ11,FodderHerbAEZ11,1990,CO_AWB,0
South Korea,MiscCrop,MiscCropAEZ10,MiscCropAEZ10,1990,CO_AWB,0.00437024365875069
South Korea,MiscCrop,MiscCropAEZ11,MiscCropAEZ11,1990,CO_AWB,0.0115774048357537
South Korea,OilCrop,OilCropAEZ10,OilCropAEZ10,1990,CO_AWB,0.000120113783470782
South Korea,OilCrop,OilCropAEZ11,OilCropAEZ11,1990,CO_AWB,0.000300293926519425
South Korea,OtherGrain,OtherGrainAEZ10,OtherGrainAEZ10,1990,CO_AWB,0.000239073423664259
South Korea,OtherGrain,OtherGrainAEZ11,OtherGrainAEZ11,1990,CO_AWB,0.000578865267104598
South Korea,PalmFruit,PalmFruitAEZ10,PalmFruitAEZ10,1990,CO_AWB,0
South Korea,PalmFruit,PalmFruitAEZ11,PalmFruitAEZ11,1990,CO_AWB,0
South Korea,Rice,RiceAEZ10,RiceAEZ10,1990,CO_AWB,0.00309636316136729
South Korea,Rice,RiceAEZ11,RiceAEZ11,1990,CO_AWB,0.00727785668292998
South Korea,Root_Tuber,Root_TuberAEZ10,Root_TuberAEZ10,1990,CO_AWB,0.00035497362716191
South Korea,Root_Tuber,Root_TuberAEZ11,Root_TuberAEZ11,1990,CO_AWB,0.000943627165439942
South Korea,SugarCrop,SugarCropAEZ10,SugarCropAEZ10,1990,CO_AWB,0
South Korea,SugarCrop,SugarCropAEZ11,SugarCropAEZ11,1990,CO_AWB,0
South Korea,Wheat,WheatAEZ10,WheatAEZ10,1990,CO_AWB,1.49829299303252e-06
South Korea,Wheat,WheatAEZ11,WheatAEZ11,1990,CO_AWB,0
South Korea,Corn,CornAEZ10,CornAEZ10,1990,N2O_AWB,1.64950512593e-08
South Korea,Corn,CornAEZ11,CornAEZ11,1990,N2O_AWB,4.35669369983737e-08
South Korea,FiberCrop,FiberCropAEZ10,FiberCropAEZ10,1990,N2O_AWB,1.37782678363276e-09
South Korea,FiberCrop,FiberCropAEZ11,FiberCropAEZ11,1990,N2O_AWB,0
South Korea,FodderGrass,FodderGrassAEZ10,FodderGrassAEZ10,1990,N2O_AWB,5.00158632026063e-07
South Korea,FodderGrass,FodderGrassAEZ11,FodderGrassAEZ11,1990,N2O_AWB,1.24481006559199e-06
South Korea,FodderHerb,FodderHerbAEZ10,FodderHerbAEZ10,1990,N2O_AWB,0
South Korea,FodderHerb,FodderHerbAEZ11,FodderHerbAEZ11,1990,N2O_AWB,0
South Korea,MiscCrop,MiscCropAEZ10,MiscCropAEZ10,1990,N2O_AWB,1.90701541472757e-06
South Korea,MiscCrop,MiscCropAEZ11,MiscCropAEZ11,1990,N2O_AWB,5.05195847378345e-06
South Korea,OilCrop,OilCropAEZ10,OilCropAEZ10,1990,N2O_AWB,5.24132873327049e-08
South Korea,OilCrop,OilCropAEZ11,OilCropAEZ11,1990,N2O_AWB,1.31037349753931e-07
South Korea,OtherGrain,OtherGrainAEZ10,OtherGrainAEZ10,1990,N2O_AWB,1.0432294850804e-07
South Korea,OtherGrain,OtherGrainAEZ11,OtherGrainAEZ11,1990,N2O_AWB,2.5259575291837e-07
South Korea,PalmFruit,PalmFruitAEZ10,PalmFruitAEZ10,1990,N2O_AWB,0
South Korea,PalmFruit,PalmFruitAEZ11,PalmFruitAEZ11,1990,N2O_AWB,0
South Korea,Rice,RiceAEZ10,RiceAEZ10,1990,N2O_AWB,1.35114028859664e-06
South Korea,Rice,RiceAEZ11,RiceAEZ11,1990,N2O_AWB,3.17579200709672e-06
South Korea,Root_Tuber,Root_TuberAEZ10,Root_TuberAEZ10,1990,N2O_AWB,1.54897582761561e-07
South Korea,Root_Tuber,Root_TuberAEZ11,Root_TuberAEZ11,1990,N2O_AWB,4.11764581282884e-07
South Korea,SugarCrop,SugarCropAEZ10,SugarCropAEZ10,1990,N2O_AWB,0
South Korea,SugarCrop,SugarCropAEZ11,SugarCropAEZ11,1990,N2O_AWB,0
South Korea,Wheat,WheatAEZ10,WheatAEZ10,1990,N2O_AWB,6.53800578777826e-10
South Korea,Wheat,WheatAEZ11,WheatAEZ11,1990,N2O_AWB,0
South Korea,Corn,CornAEZ10,CornAEZ10,1990,NH3_AWB,3.06991231770306e-07
South Korea,Corn,CornAEZ11,CornAEZ11,1990,NH3_AWB,8.10829105247511e-07
South Korea,FiberCrop,FiberCropAEZ10,FiberCropAEZ10,1990,NH3_AWB,2.56428873620541e-08
South Korea,FiberCrop,FiberCropAEZ11,FiberCropAEZ11,1990,NH3_AWB,0
South Korea,FodderGrass,FodderGrassAEZ10,FodderGrassAEZ10,1990,NH3_AWB,9.3085078738184e-06
South Korea,FodderGrass,FodderGrassAEZ11,FodderGrassAEZ11,1990,NH3_AWB,2.3167298442962e-05
South Korea,FodderHerb,FodderHerbAEZ10,FodderHerbAEZ10,1990,NH3_AWB,0
South Korea,FodderHerb,FodderHerbAEZ11,FodderHerbAEZ11,1990,NH3_AWB,0
South Korea,MiscCrop,MiscCropAEZ10,MiscCropAEZ10,1990,NH3_AWB,3.54916757740965e-05
South Korea,MiscCrop,MiscCropAEZ11,MiscCropAEZ11,1990,NH3_AWB,9.4022560484303e-05
South Korea,OilCrop,OilCropAEZ10,OilCropAEZ10,1990,NH3_AWB,9.75469514247563e-07
South Korea,OilCrop,OilCropAEZ11,OilCropAEZ11,1990,NH3_AWB,2.43875067597594e-06
South Korea,OtherGrain,OtherGrainAEZ10,OtherGrainAEZ10,1990,NH3_AWB,1.94156598612186e-06
South Korea,OtherGrain,OtherGrainAEZ11,OtherGrainAEZ11,1990,NH3_AWB,4.70108762375855e-06
South Korea,PalmFruit,PalmFruitAEZ10,PalmFruitAEZ10,1990,NH3_AWB,0
South Korea,PalmFruit,PalmFruitAEZ11,PalmFruitAEZ11,1990,NH3_AWB,0
South Korea,Rice,RiceAEZ10,RiceAEZ10,1990,NH3_AWB,2.51462220377707e-05
South Korea,Rice,RiceAEZ11,RiceAEZ11,1990,NH3_AWB,5.91050179098556e-05
South Korea,Root_Tuber,Root_TuberAEZ10,Root_TuberAEZ10,1990,NH3_AWB,2.88281612361794e-06
South Korea,Root_Tuber,Root_TuberAEZ11,Root_TuberAEZ11,1990,NH3_AWB,7.66339637387589e-06
South Korea,SugarCrop,SugarCropAEZ10,SugarCropAEZ10,1990,NH3_AWB,0
South Korea,SugarCrop,SugarCropAEZ11,SugarCropAEZ11,1990,NH3_AWB,0
South Korea,Wheat,WheatAEZ10,WheatAEZ10,1990,NH3_AWB,1.21679552161429e-08
South Korea,Wheat,WheatAEZ11,WheatAEZ11,1990,NH3_AWB,0
South Korea,Corn,CornAEZ10,CornAEZ10,1990,NMVOC_AWB,1.64950512593e-06
South Korea,Corn,CornAEZ11,CornAEZ11,1990,NMVOC_AWB,4.35669369983737e-06
South Korea,FiberCrop,FiberCropAEZ10,FiberCropAEZ10,1990,NMVOC_AWB,1.37782678363276e-07
South Korea,FiberCrop,FiberCropAEZ11,FiberCropAEZ11,1990,NMVOC_AWB,0
South Korea,FodderGrass,FodderGrassAEZ10,FodderGrassAEZ10,1990,NMVOC_AWB,5.00158632026063e-05
South Korea,FodderGrass,FodderGrassAEZ11,FodderGrassAEZ11,1990,NMVOC_AWB,0.000124481006559199
South Korea,FodderHerb,FodderHerbAEZ10,FodderHerbAEZ10,1990,NMVOC_AWB,0
South Korea,FodderHerb,FodderHerbAEZ11,FodderHerbAEZ11,1990,NMVOC_AWB,0
South Korea,MiscCrop,MiscCropAEZ10,MiscCropAEZ10,1990,NMVOC_AWB,0.000190701541472757
South Korea,MiscCrop,MiscCropAEZ11,MiscCropAEZ11,1990,NMVOC_AWB,0.000505195847378344
South Korea,OilCrop,OilCropAEZ10,OilCropAEZ10,1990,NMVOC_AWB,5.24132873327049e-06
South Korea,OilCrop,OilCropAEZ11,OilCropAEZ11,1990,NMVOC_AWB,1.31037349753931e-05
South Korea,OtherGrain,OtherGrainAEZ10,OtherGrainAEZ10,1990,NMVOC_AWB,1.0432294850804e-05
South Korea,OtherGrain,OtherGrainAEZ11,OtherGrainAEZ11,1990,NMVOC_AWB,2.5259575291837e-05
South Korea,PalmFruit,PalmFruitAEZ10,PalmFruitAEZ10,1990,NMVOC_AWB,0
South Korea,PalmFruit,PalmFruitAEZ11,PalmFruitAEZ11,1990,NMVOC_AWB,0
South Korea,Rice,RiceAEZ10,RiceAEZ10,1990,NMVOC_AWB,0.000135114028859664
South Korea,Rice,RiceAEZ11,RiceAEZ11,1990,NMVOC_AWB,0.000317579200709672
South Korea,Root_Tuber,Root_TuberAEZ10,Root_TuberAEZ10,1990,NMVOC_AWB,1.54897582761561e-05
South Korea,Root_Tuber,Root_TuberAEZ11,Root_TuberAEZ11,1990,NMVOC_AWB,4.11764581282884e-05
South Korea,SugarCrop,SugarCropAEZ10,SugarCropAEZ10,1990,NMVOC_AWB,0
South Korea,SugarCrop,SugarCropAEZ11,SugarCropAEZ11,1990,NMVOC_AWB,0
South Korea,Wheat,WheatAEZ10,WheatAEZ10,1990,NMVOC_AWB,6.53800578777826e-08
South Korea,Wheat,WheatAEZ11,WheatAEZ11,1990,NMVOC_AWB,0
South Korea,Corn,CornAEZ10,CornAEZ10,1990,NOx_AWB,8.96918412224438e-07
South Korea,Corn,CornAEZ11,CornAEZ11,1990,NOx_AWB,2.36895219928657e-06
South Korea,FiberCrop,FiberCropAEZ10,FiberCropAEZ10,1990,NOx_AWB,7.49193313600311e-08
South Korea,FiberCrop,FiberCropAEZ11,FiberCropAEZ11,1990,NOx_AWB,0
South Korea,FodderGrass,FodderGrassAEZ10,FodderGrassAEZ10,1990,NOx_AWB,2.71961256164172e-05
South Korea,FodderGrass,FodderGrassAEZ11,FodderGrassAEZ11,1990,NOx_AWB,6.76865473165645e-05
South Korea,FodderHerb,FodderHerbAEZ10,FodderHerbAEZ10,1990,NOx_AWB,0
South Korea,FodderHerb,FodderHerbAEZ11,FodderHerbAEZ11,1990,NOx_AWB,0
South Korea,MiscCrop,MiscCropAEZ10,MiscCropAEZ10,1990,NOx_AWB,0.000103693963175812
South Korea,MiscCrop,MiscCropAEZ11,MiscCropAEZ11,1990,NOx_AWB,0.000274700242011975
South Korea,OilCrop,OilCropAEZ10,OilCropAEZ10,1990,NOx_AWB,2.84997249871583e-06
South Korea,OilCrop,OilCropAEZ11,OilCropAEZ11,1990,NOx_AWB,7.12515589287e-06
South Korea,OtherGrain,OtherGrainAEZ10,OtherGrainAEZ10,1990,NOx_AWB,5.67256032512469e-06
South Korea,OtherGrain,OtherGrainAEZ11,OtherGrainAEZ11,1990,NOx_AWB,1.37348940649364e-05
South Korea,PalmFruit,PalmFruitAEZ10,PalmFruitAEZ10,1990,NOx_AWB,0
South Korea,PalmFruit,PalmFruitAEZ11,PalmFruitAEZ11,1990,NOx_AWB,0
South Korea,Rice,RiceAEZ10,RiceAEZ10,1990,NOx_AWB,7.34682531924421e-05
South Korea,Rice,RiceAEZ11,RiceAEZ11,1990,NOx_AWB,0.000172683690385884
South Korea,Root_Tuber,Root_TuberAEZ10,Root_TuberAEZ10,1990,NOx_AWB,8.42255606265986e-06
South Korea,Root_Tuber,Root_TuberAEZ11,Root_TuberAEZ11,1990,NOx_AWB,2.23896991072568e-05
South Korea,SugarCrop,SugarCropAEZ10,SugarCropAEZ10,1990,NOx_AWB,0
South Korea,SugarCrop,SugarCropAEZ11,SugarCropAEZ11,1990,NOx_AWB,0
South Korea,Wheat,WheatAEZ10,WheatAEZ10,1990,NOx_AWB,3.55504064710443e-08
South Korea,Wheat,WheatAEZ11,WheatAEZ11,1990,NOx_AWB,0
South Korea,Corn,CornAEZ10,CornAEZ10,1990,SO2_AWB,1.58077574568292e-07
South Korea,Corn,CornAEZ11,CornAEZ11,1990,SO2_AWB,4.17516479567748e-07
South Korea,FiberCrop,FiberCropAEZ10,FiberCropAEZ10,1990,SO2_AWB,1.32041733431472e-08
South Korea,FiberCrop,FiberCropAEZ11,FiberCropAEZ11,1990,SO2_AWB,0
South Korea,FodderGrass,FodderGrassAEZ10,FodderGrassAEZ10,1990,SO2_AWB,4.79318689024977e-06
South Korea,FodderGrass,FodderGrassAEZ11,FodderGrassAEZ11,1990,SO2_AWB,1.19294297952566e-05
South Korea,FodderHerb,FodderHerbAEZ10,FodderHerbAEZ10,1990,SO2_AWB,0
South Korea,FodderHerb,FodderHerbAEZ11,FodderHerbAEZ11,1990,SO2_AWB,0
South Korea,MiscCrop,MiscCropAEZ10,MiscCropAEZ10,1990,SO2_AWB,1.82755643911392e-05
South Korea,MiscCrop,MiscCropAEZ11,MiscCropAEZ11,1990,SO2_AWB,4.84146020404247e-05
South Korea,OilCrop,OilCropAEZ10,OilCropAEZ10,1990,SO2_AWB,5.02294003605089e-07
South Korea,OilCrop,OilCropAEZ11,OilCropAEZ11,1990,SO2_AWB,1.25577460180851e-06
South Korea,OtherGrain,OtherGrainAEZ10,OtherGrainAEZ10,1990,SO2_AWB,9.99761589868719e-07
South Korea,OtherGrain,OtherGrainAEZ11,OtherGrainAEZ11,1990,SO2_AWB,2.42070929880104e-06
South Korea,PalmFruit,PalmFruitAEZ10,PalmFruitAEZ10,1990,SO2_AWB,0
South Korea,PalmFruit,PalmFruitAEZ11,PalmFruitAEZ11,1990,SO2_AWB,0
South Korea,Rice,RiceAEZ10,RiceAEZ10,1990,SO2_AWB,1.29484277657178e-05
South Korea,Rice,RiceAEZ11,RiceAEZ11,1990,SO2_AWB,3.04346734013435e-05
South Korea,Root_Tuber,Root_TuberAEZ10,Root_TuberAEZ10,1990,SO2_AWB,1.48443516813162e-06
South Korea,Root_Tuber,Root_TuberAEZ11,Root_TuberAEZ11,1990,SO2_AWB,3.9460772372943e-06
South Korea,SugarCrop,SugarCropAEZ10,SugarCropAEZ10,1990,SO2_AWB,0
South Korea,SugarCrop,SugarCropAEZ11,SugarCropAEZ11,1990,SO2_AWB,0
South Korea,Wheat,WheatAEZ10,WheatAEZ10,1990,SO2_AWB,6.26558887995417e-09
South Korea,Wheat,WheatAEZ11,WheatAEZ11,1990,SO2_AWB,0
Southeast Asia,Corn,CornAEZ04,CornAEZ04,1990,CH4_AWB,0.00308839472216489
Southeast Asia,Corn,CornAEZ05,CornAEZ05,1990,CH4_AWB,0.00245118967552264
Southeast Asia,Corn,CornAEZ06,CornAEZ06,1990,CH4_AWB,0.00460680669024057
Southeast Asia,Corn,CornAEZ09,CornAEZ09,1990,CH4_AWB,4.56693290357355e-05
Southeast Asia,Corn,CornAEZ10,CornAEZ10,1990,CH4_AWB,0.00106864514302019
Southeast Asia,Corn,CornAEZ11,CornAEZ11,1990,CH4_AWB,0.000170374590271872
Southeast Asia,Corn,CornAEZ12,CornAEZ12,1990,CH4_AWB,0.000120796924628926
Southeast Asia,Corn,CornAEZ15,CornAEZ15,1990,CH4_AWB,0.000108921358503503
Southeast Asia,Corn,CornAEZ16,CornAEZ16,1990,CH4_AWB,2.88858024720988e-06
Southeast Asia,FiberCrop,FiberCropAEZ04,FiberCropAEZ04,1990,CH4_AWB,0.000146865880269639
Southeast Asia,FiberCrop,FiberCropAEZ05,FiberCropAEZ05,1990,CH4_AWB,0.000192978883908876
Southeast Asia,FiberCrop,FiberCropAEZ06,FiberCropAEZ06,1990,CH4_AWB,0.00011036696679764
Southeast Asia,FiberCrop,FiberCropAEZ09,FiberCropAEZ09,1990,CH4_AWB,8.83718263530513e-07
Southeast Asia,FiberCrop,FiberCropAEZ10,FiberCropAEZ10,1990,CH4_AWB,3.82910851158504e-05
Southeast Asia,FiberCrop,FiberCropAEZ11,FiberCropAEZ11,1990,CH4_AWB,1.26767473553517e-05
Southeast Asia,FiberCrop,FiberCropAEZ12,FiberCropAEZ12,1990,CH4_AWB,5.25958528854416e-06
Southeast Asia,FiberCrop,FiberCropAEZ15,FiberCropAEZ15,1990,CH4_AWB,3.07052745254684e-06
Southeast Asia,FiberCrop,FiberCropAEZ16,FiberCropAEZ16,1990,CH4_AWB,7.42053503727905e-08
Southeast Asia,FodderGrass,FodderGrassAEZ04,FodderGrassAEZ04,1990,CH4_AWB,0.000565353949020249
Southeast Asia,FodderGrass,FodderGrassAEZ05,FodderGrassAEZ05,1990,CH4_AWB,0.00159109090464301
Southeast Asia,FodderGrass,FodderGrassAEZ06,FodderGrassAEZ06,1990,CH4_AWB,0.000596478789068332
Southeast Asia,FodderGrass,FodderGrassAEZ09,FodderGrassAEZ09,1990,CH4_AWB,0
Southeast Asia,FodderGrass,FodderGrassAEZ10,FodderGrassAEZ10,1990,CH4_AWB,4.64574455325411e-06
Southeast Asia,FodderGrass,FodderGrassAEZ11,FodderGrassAEZ11,1990,CH4_AWB,0.000190096866017994
Southeast Asia,FodderGrass,FodderGrassAEZ12,FodderGrassAEZ12,1990,CH4_AWB,6.26496737568185e-05
Southeast Asia,FodderGrass,FodderGrassAEZ15,FodderGrassAEZ15,1990,CH4_AWB,1.37694787426859e-07
Southeast Asia,FodderGrass,FodderGrassAEZ16,FodderGrassAEZ16,1990,CH4_AWB,2.0222709801318e-06
Southeast Asia,FodderHerb,FodderHerbAEZ04,FodderHerbAEZ04,1990,CH4_AWB,1.23087345082559e-06
Southeast Asia,FodderHerb,FodderHerbAEZ05,FodderHerbAEZ05,1990,CH4_AWB,0.000189753368364101
Southeast Asia,FodderHerb,FodderHerbAEZ06,FodderHerbAEZ06,1990,CH4_AWB,0.000150316468537815
Southeast Asia,FodderHerb,FodderHerbAEZ09,FodderHerbAEZ09,1990,CH4_AWB,0
Southeast Asia,FodderHerb,FodderHerbAEZ10,FodderHerbAEZ10,1990,CH4_AWB,0
Southeast Asia,FodderHerb,FodderHerbAEZ11,FodderHerbAEZ11,1990,CH4_AWB,0
Southeast Asia,FodderHerb,FodderHerbAEZ12,FodderHerbAEZ12,1990,CH4_AWB,6.90594449792122e-06
Southeast Asia,FodderHerb,FodderHerbAEZ15,FodderHerbAEZ15,1990,CH4_AWB,0
Southeast Asia,FodderHerb,FodderHerbAEZ16,FodderHerbAEZ16,1990,CH4_AWB,0
Southeast Asia,MiscCrop,MiscCropAEZ04,MiscCropAEZ04,1990,CH4_AWB,0.00570936285656687
Southeast Asia,MiscCrop,MiscCropAEZ05,MiscCropAEZ05,1990,CH4_AWB,0.0112238696598566
Southeast Asia,MiscCrop,MiscCropAEZ06,MiscCropAEZ06,1990,CH4_AWB,0.015375082581506
Southeast Asia,MiscCrop,MiscCropAEZ09,MiscCropAEZ09,1990,CH4_AWB,7.88791621658386e-05
Southeast Asia,MiscCrop,MiscCropAEZ10,MiscCropAEZ10,1990,CH4_AWB,0.00317459260150764
Southeast Asia,MiscCrop,MiscCropAEZ11,MiscCropAEZ11,1990,CH4_AWB,0.00111482448485032
Southeast Asia,MiscCrop,MiscCropAEZ12,MiscCropAEZ12,1990,CH4_AWB,0.000386199508186151
Southeast Asia,MiscCrop,MiscCropAEZ15,MiscCropAEZ15,1990,CH4_AWB,0.000190827679150294
Southeast Asia,MiscCrop,MiscCropAEZ16,MiscCropAEZ16,1990,CH4_AWB,1.24016374904386e-06
Southeast Asia,OilCrop,OilCropAEZ04,OilCropAEZ04,1990,CH4_AWB,0.000484613692760134
Southeast Asia,OilCrop,OilCropAEZ05,OilCropAEZ05,1990,CH4_AWB,0.000989138694709964
Southeast Asia,OilCrop,OilCropAEZ06,OilCropAEZ06,1990,CH4_AWB,0.000322223948953673
Southeast Asia,OilCrop,OilCropAEZ09,OilCropAEZ09,1990,CH4_AWB,8.96370208895563e-06
Southeast Asia,OilCrop,OilCropAEZ10,OilCropAEZ10,1990,CH4_AWB,0.000210960717932026
Southeast Asia,OilCrop,OilCropAEZ11,OilCropAEZ11,1990,CH4_AWB,0.000104262686290188
Southeast Asia,OilCrop,OilCropAEZ12,OilCropAEZ12,1990,CH4_AWB,3.38415704534904e-05
Southeast Asia,OilCrop,OilCropAEZ15,OilCropAEZ15,1990,CH4_AWB,2.14952852791661e-05
Southeast Asia,OilCrop,OilCropAEZ16,OilCropAEZ16,1990,CH4_AWB,6.91111518711082e-07
Southeast Asia,OtherGrain,OtherGrainAEZ04,OtherGrainAEZ04,1990,CH4_AWB,0.000169742054043377
Southeast Asia,OtherGrain,OtherGrainAEZ05,OtherGrainAEZ05,1990,CH4_AWB,0.00017991471405156
Southeast Asia,OtherGrain,OtherGrainAEZ06,OtherGrainAEZ06,1990,CH4_AWB,1.96416549340148e-05
Southeast Asia,OtherGrain,OtherGrainAEZ09,OtherGrainAEZ09,1990,CH4_AWB,4.96503033736833e-06
Southeast Asia,OtherGrain,OtherGrainAEZ10,OtherGrainAEZ10,1990,CH4_AWB,0.000195808145776166
Southeast Asia,OtherGrain,OtherGrainAEZ11,OtherGrainAEZ11,1990,CH4_AWB,4.89987145880426e-05
Southeast Asia,OtherGrain,OtherGrainAEZ12,OtherGrainAEZ12,1990,CH4_AWB,7.92067771394956e-06
Southeast Asia,OtherGrain,OtherGrainAEZ15,OtherGrainAEZ15,1990,CH4_AWB,1.34496562400597e-05
Southeast Asia,OtherGrain,OtherGrainAEZ16,OtherGrainAEZ16,1990,CH4_AWB,1.65119965172138e-07
Southeast Asia,PalmFruit,PalmFruitAEZ04,PalmFruitAEZ04,1990,CH4_AWB,0.00186650775182637
Southeast Asia,PalmFruit,PalmFruitAEZ05,PalmFruitAEZ05,1990,CH4_AWB,0.00190008661272403
Southeast Asia,PalmFruit,PalmFruitAEZ06,PalmFruitAEZ06,1990,CH4_AWB,0.0366818527185072
Southeast Asia,PalmFruit,PalmFruitAEZ09,PalmFruitAEZ09,1990,CH4_AWB,0
Southeast Asia,PalmFruit,PalmFruitAEZ10,PalmFruitAEZ10,1990,CH4_AWB,6.19776387635938e-06
Southeast Asia,PalmFruit,PalmFruitAEZ11,PalmFruitAEZ11,1990,CH4_AWB,2.76096029963739e-06
Southeast Asia,PalmFruit,PalmFruitAEZ12,PalmFruitAEZ12,1990,CH4_AWB,1.58244994714241e-05
Southeast Asia,PalmFruit,PalmFruitAEZ15,PalmFruitAEZ15,1990,CH4_AWB,0
Southeast Asia,PalmFruit,PalmFruitAEZ16,PalmFruitAEZ16,1990,CH4_AWB,0
Southeast Asia,Rice,RiceAEZ04,RiceAEZ04,1990,CH4_AWB,0.0179733552161571
Southeast Asia,Rice,RiceAEZ05,RiceAEZ05,1990,CH4_AWB,0.0240274808478901
Southeast Asia,Rice,RiceAEZ06,RiceAEZ06,1990,CH4_AWB,0.0140483723252099
Southeast Asia,Rice,RiceAEZ09,RiceAEZ09,1990,CH4_AWB,4.0755682881193e-05
Southeast Asia,Rice,RiceAEZ10,RiceAEZ10,1990,CH4_AWB,0.00105567649343272
Southeast Asia,Rice,RiceAEZ11,RiceAEZ11,1990,CH4_AWB,0.000778587843386122
Southeast Asia,Rice,RiceAEZ12,RiceAEZ12,1990,CH4_AWB,0.00052691065910058
Southeast Asia,Rice,RiceAEZ15,RiceAEZ15,1990,CH4_AWB,0.000102155589861969
Southeast Asia,Rice,RiceAEZ16,RiceAEZ16,1990,CH4_AWB,3.23287754571213e-06
Southeast Asia,Root_Tuber,Root_TuberAEZ04,Root_TuberAEZ04,1990,CH4_AWB,0.0134844077151585
Southeast Asia,Root_Tuber,Root_TuberAEZ05,Root_TuberAEZ05,1990,CH4_AWB,0.0065136055838172
Southeast Asia,Root_Tuber,Root_TuberAEZ06,Root_TuberAEZ06,1990,CH4_AWB,0.00530747061886606
Southeast Asia,Root_Tuber,Root_TuberAEZ09,Root_TuberAEZ09,1990,CH4_AWB,6.2824465772173e-05
Southeast Asia,Root_Tuber,Root_TuberAEZ10,Root_TuberAEZ10,1990,CH4_AWB,0.00163443098938851
Southeast Asia,Root_Tuber,Root_TuberAEZ11,Root_TuberAEZ11,1990,CH4_AWB,0.000205587243955152
Southeast Asia,Root_Tuber,Root_TuberAEZ12,Root_TuberAEZ12,1990,CH4_AWB,0.000245293021482786
Southeast Asia,Root_Tuber,Root_TuberAEZ15,Root_TuberAEZ15,1990,CH4_AWB,0.000117101620585533
Southeast Asia,Root_Tuber,Root_TuberAEZ16,Root_TuberAEZ16,1990,CH4_AWB,1.7446434312019e-06
Southeast Asia,SugarCrop,SugarCropAEZ04,SugarCropAEZ04,1990,CH4_AWB,0.0220909007214048
Southeast Asia,SugarCrop,SugarCropAEZ05,SugarCropAEZ05,1990,CH4_AWB,0.021288287819517
Southeast Asia,SugarCrop,SugarCropAEZ06,SugarCropAEZ06,1990,CH4_AWB,0.0188079690394606
Southeast Asia,SugarCrop,SugarCropAEZ09,SugarCropAEZ09,1990,CH4_AWB,0
Southeast Asia,SugarCrop,SugarCropAEZ10,SugarCropAEZ10,1990,CH4_AWB,5.97800308510443e-05
Southeast Asia,SugarCrop,SugarCropAEZ11,SugarCropAEZ11,1990,CH4_AWB,0.00102592250753905
Southeast Asia,SugarCrop,SugarCropAEZ12,SugarCropAEZ12,1990,CH4_AWB,0.0002604418243611
Southeast Asia,SugarCrop,SugarCropAEZ15,SugarCropAEZ15,1990,CH4_AWB,0
Southeast Asia,SugarCrop,SugarCropAEZ16,SugarCropAEZ16,1990,CH4_AWB,0
Southeast Asia,Wheat,WheatAEZ04,WheatAEZ04,1990,CH4_AWB,1.72631351024899e-05
Southeast Asia,Wheat,WheatAEZ05,WheatAEZ05,1990,CH4_AWB,6.33985271154839e-05
Southeast Asia,Wheat,WheatAEZ06,WheatAEZ06,1990,CH4_AWB,1.40785136558195e-07
Southeast Asia,Wheat,WheatAEZ09,WheatAEZ09,1990,CH4_AWB,1.62159814225425e-06
Southeast Asia,Wheat,WheatAEZ10,WheatAEZ10,1990,CH4_AWB,0.000103171869636275
Southeast Asia,Wheat,WheatAEZ11,WheatAEZ11,1990,CH4_AWB,2.12215609858634e-05
Southeast Asia,Wheat,WheatAEZ12,WheatAEZ12,1990,CH4_AWB,5.23782365720527e-06
Southeast Asia,Wheat,WheatAEZ15,WheatAEZ15,1990,CH4_AWB,7.04439497157975e-06
Southeast Asia,Wheat,WheatAEZ16,WheatAEZ16,1990,CH4_AWB,1.08723120057351e-06
Southeast Asia,Corn,CornAEZ04,CornAEZ04,1990,CO_AWB,0.140322894666759
Southeast Asia,Corn,CornAEZ05,CornAEZ05,1990,CO_AWB,0.111371136654936
Southeast Asia,Corn,CornAEZ06,CornAEZ06,1990,CO_AWB,0.209312768638462
Southeast Asia,Corn,CornAEZ09,CornAEZ09,1990,CO_AWB,0.0020750108144502
Southeast Asia,Corn,CornAEZ10,CornAEZ10,1990,CO_AWB,0.0485544735470376
Southeast Asia,Corn,CornAEZ11,CornAEZ11,1990,CO_AWB,0.00774106221365821
Southeast Asia,Corn,CornAEZ12,CornAEZ12,1990,CO_AWB,0.00548847399884535
Southeast Asia,Corn,CornAEZ15,CornAEZ15,1990,CO_AWB,0.00494890119017348
Southeast Asia,Corn,CornAEZ16,CornAEZ16,1990,CO_AWB,0.000131244215273617
Southeast Asia,FiberCrop,FiberCropAEZ04,FiberCropAEZ04,1990,CO_AWB,0.00667293118308763
Southeast Asia,FiberCrop,FiberCropAEZ05,FiberCropAEZ05,1990,CO_AWB,0.00876810059456127
Southeast Asia,FiberCrop,FiberCropAEZ06,FiberCropAEZ06,1990,CO_AWB,0.00501458318960565
Southeast Asia,FiberCrop,FiberCropAEZ09,FiberCropAEZ09,1990,CO_AWB,4.01522201545397e-05
Southeast Asia,FiberCrop,FiberCropAEZ10,FiberCropAEZ10,1990,CO_AWB,0.00173977628728135
Southeast Asia,FiberCrop,FiberCropAEZ11,FiberCropAEZ11,1990,CO_AWB,0.00057597491379444
Southeast Asia,FiberCrop,FiberCropAEZ12,FiberCropAEZ12,1990,CO_AWB,0.000238972119443938
Southeast Asia,FiberCrop,FiberCropAEZ15,FiberCropAEZ15,1990,CO_AWB,0.000139511085549678
Southeast Asia,FiberCrop,FiberCropAEZ16,FiberCropAEZ16,1990,CO_AWB,3.37156047099185e-06
Southeast Asia,FodderGrass,FodderGrassAEZ04,FodderGrassAEZ04,1990,CO_AWB,0.0256871642955647
Southeast Asia,FodderGrass,FodderGrassAEZ05,FodderGrassAEZ05,1990,CO_AWB,0.072292081000888
Southeast Asia,FodderGrass,FodderGrassAEZ06,FodderGrassAEZ06,1990,CO_AWB,0.0271013383388766
Southeast Asia,FodderGrass,FodderGrassAEZ09,FodderGrassAEZ09,1990,CO_AWB,0
Southeast Asia,FodderGrass,FodderGrassAEZ10,FodderGrassAEZ10,1990,CO_AWB,0.000211081931631451
Southeast Asia,FodderGrass,FodderGrassAEZ11,FodderGrassAEZ11,1990,CO_AWB,0.00863715454351814
Southeast Asia,FodderGrass,FodderGrassAEZ12,FodderGrassAEZ12,1990,CO_AWB,0.00284652201624099
Southeast Asia,FodderGrass,FodderGrassAEZ15,FodderGrassAEZ15,1990,CO_AWB,6.25623758957754e-06
Southeast Asia,FodderGrass,FodderGrassAEZ16,FodderGrassAEZ16,1990,CO_AWB,9.18829823455211e-05
Southeast Asia,FodderHerb,FodderHerbAEZ04,FodderHerbAEZ04,1990,CO_AWB,5.59254049842557e-05
Southeast Asia,FodderHerb,FodderHerbAEZ05,FodderHerbAEZ05,1990,CO_AWB,0.0086215475407087
Southeast Asia,FodderHerb,FodderHerbAEZ06,FodderHerbAEZ06,1990,CO_AWB,0.00682971053859509
Southeast Asia,FodderHerb,FodderHerbAEZ09,FodderHerbAEZ09,1990,CO_AWB,0
Southeast Asia,FodderHerb,FodderHerbAEZ10,FodderHerbAEZ10,1990,CO_AWB,0
Southeast Asia,FodderHerb,FodderHerbAEZ11,FodderHerbAEZ11,1990,CO_AWB,0
Southeast Asia,FodderHerb,FodderHerbAEZ12,FodderHerbAEZ12,1990,CO_AWB,0.000313775345943148
Southeast Asia,FodderHerb,FodderHerbAEZ15,FodderHerbAEZ15,1990,CO_AWB,0
Southeast Asia,FodderHerb,FodderHerbAEZ16,FodderHerbAEZ16,1990,CO_AWB,0
Southeast Asia,MiscCrop,MiscCropAEZ04,MiscCropAEZ04,1990,CO_AWB,0.259408007981165
Southeast Asia,MiscCrop,MiscCropAEZ05,MiscCropAEZ05,1990,CO_AWB,0.509962625156111
Southeast Asia,MiscCrop,MiscCropAEZ06,MiscCropAEZ06,1990,CO_AWB,0.698575243019792
Southeast Asia,MiscCrop,MiscCropAEZ09,MiscCropAEZ09,1990,CO_AWB,0.00358391765293536
Southeast Asia,MiscCrop,MiscCropAEZ10,MiscCropAEZ10,1990,CO_AWB,0.144239342216906
Southeast Asia,MiscCrop,MiscCropAEZ11,MiscCropAEZ11,1990,CO_AWB,0.0506526570703103
Southeast Asia,MiscCrop,MiscCropAEZ12,MiscCropAEZ12,1990,CO_AWB,0.0175471847942971
Southeast Asia,MiscCrop,MiscCropAEZ15,MiscCropAEZ15,1990,CO_AWB,0.0086703594358361
Southeast Asia,MiscCrop,MiscCropAEZ16,MiscCropAEZ16,1990,CO_AWB,5.63475147388634e-05
Southeast Asia,OilCrop,OilCropAEZ04,OilCropAEZ04,1990,CO_AWB,0.0220186868197926
Southeast Asia,OilCrop,OilCropAEZ05,OilCropAEZ05,1990,CO_AWB,0.0449420548068114
Southeast Asia,OilCrop,OilCropAEZ06,OilCropAEZ06,1990,CO_AWB,0.0146404204500254
Southeast Asia,OilCrop,OilCropAEZ09,OilCropAEZ09,1990,CO_AWB,0.000407270681764094
Southeast Asia,OilCrop,OilCropAEZ10,OilCropAEZ10,1990,CO_AWB,0.00958511500772437
Southeast Asia,OilCrop,OilCropAEZ11,OilCropAEZ11,1990,CO_AWB,0.00473723188327294
Southeast Asia,OilCrop,OilCropAEZ12,OilCropAEZ12,1990,CO_AWB,0.00153761016751578
Southeast Asia,OilCrop,OilCropAEZ15,OilCropAEZ15,1990,CO_AWB,0.000976649982728248
Southeast Asia,OilCrop,OilCropAEZ16,OilCropAEZ16,1990,CO_AWB,3.14010279019966e-05
Southeast Asia,OtherGrain,OtherGrainAEZ04,OtherGrainAEZ04,1990,CO_AWB,0.00771232258593933
Southeast Asia,OtherGrain,OtherGrainAEZ05,OtherGrainAEZ05,1990,CO_AWB,0.00817452292858477
Southeast Asia,OtherGrain,OtherGrainAEZ06,OtherGrainAEZ06,1990,CO_AWB,0.000892429279394237
Southeast Asia,OtherGrain,OtherGrainAEZ09,OtherGrainAEZ09,1990,CO_AWB,0.000225588854963274
Southeast Asia,OtherGrain,OtherGrainAEZ10,OtherGrainAEZ10,1990,CO_AWB,0.00889664964696674
Southeast Asia,OtherGrain,OtherGrainAEZ11,OtherGrainAEZ11,1990,CO_AWB,0.00222628325861301
Southeast Asia,OtherGrain,OtherGrainAEZ12,OtherGrainAEZ12,1990,CO_AWB,0.000359880301752616
Southeast Asia,OtherGrain,OtherGrainAEZ15,OtherGrainAEZ15,1990,CO_AWB,0.000611092449528298
Southeast Asia,OtherGrain,OtherGrainAEZ16,OtherGrainAEZ16,1990,CO_AWB,7.50231546309179e-06
Southeast Asia,PalmFruit,PalmFruitAEZ04,PalmFruitAEZ04,1990,CO_AWB,0.0848057953131799
Southeast Asia,PalmFruit,PalmFruitAEZ05,PalmFruitAEZ05,1990,CO_AWB,0.0863314691290804
Southeast Asia,PalmFruit,PalmFruitAEZ06,PalmFruitAEZ06,1990,CO_AWB,1.66665993768844
Southeast Asia,PalmFruit,PalmFruitAEZ09,PalmFruitAEZ09,1990,CO_AWB,0
Southeast Asia,PalmFruit,PalmFruitAEZ10,PalmFruitAEZ10,1990,CO_AWB,0.000281598774065444
Southeast Asia,PalmFruit,PalmFruitAEZ11,PalmFruitAEZ11,1990,CO_AWB,0.00012544573351477
Southeast Asia,PalmFruit,PalmFruitAEZ12,PalmFruitAEZ12,1990,CO_AWB,0.000718994743951082
Southeast Asia,PalmFruit,PalmFruitAEZ15,PalmFruitAEZ15,1990,CO_AWB,0
Southeast Asia,PalmFruit,PalmFruitAEZ16,PalmFruitAEZ16,1990,CO_AWB,0
Southeast Asia,Rice,RiceAEZ04,RiceAEZ04,1990,CO_AWB,0.816629173953886
Southeast Asia,Rice,RiceAEZ05,RiceAEZ05,1990,CO_AWB,1.09170166621792
Southeast Asia,Rice,RiceAEZ06,RiceAEZ06,1990,CO_AWB,0.638295440632017
Southeast Asia,Rice,RiceAEZ09,RiceAEZ09,1990,CO_AWB,0.00185175662779291
Southeast Asia,Rice,RiceAEZ10,RiceAEZ10,1990,CO_AWB,0.0479652358964961
Southeast Asia,Rice,RiceAEZ11,RiceAEZ11,1990,CO_AWB,0.0353755623114475
Southeast Asia,Rice,RiceAEZ12,RiceAEZ12,1990,CO_AWB,0.0239404725002038
Southeast Asia,Rice,RiceAEZ15,RiceAEZ15,1990,CO_AWB,0.00464149481053812
Southeast Asia,Rice,RiceAEZ16,RiceAEZ16,1990,CO_AWB,0.000146887550370989
Southeast Asia,Root_Tuber,Root_TuberAEZ04,Root_TuberAEZ04,1990,CO_AWB,0.612671401708475
Southeast Asia,Root_Tuber,Root_TuberAEZ05,Root_TuberAEZ05,1990,CO_AWB,0.295949213900383
Southeast Asia,Root_Tuber,Root_TuberAEZ06,Root_TuberAEZ06,1990,CO_AWB,0.241147815482601
Southeast Asia,Root_Tuber,Root_TuberAEZ09,Root_TuberAEZ09,1990,CO_AWB,0.0028544637865669
Southeast Asia,Root_Tuber,Root_TuberAEZ10,Root_TuberAEZ10,1990,CO_AWB,0.0742612613336168
Southeast Asia,Root_Tuber,Root_TuberAEZ11,Root_TuberAEZ11,1990,CO_AWB,0.00934096829375678
Southeast Asia,Root_Tuber,Root_TuberAEZ12,Root_TuberAEZ12,1990,CO_AWB,0.0111450219005336
Southeast Asia,Root_Tuber,Root_TuberAEZ15,Root_TuberAEZ15,1990,CO_AWB,0.00532057584893551
Southeast Asia,Root_Tuber,Root_TuberAEZ16,Root_TuberAEZ16,1990,CO_AWB,7.92688235964827e-05
Southeast Asia,SugarCrop,SugarCropAEZ04,SugarCropAEZ04,1990,CO_AWB,1.00371209443416
Southeast Asia,SugarCrop,SugarCropAEZ05,SugarCropAEZ05,1990,CO_AWB,0.967244940517105
Southeast Asia,SugarCrop,SugarCropAEZ06,SugarCropAEZ06,1990,CO_AWB,0.854550307147878
Southeast Asia,SugarCrop,SugarCropAEZ09,SugarCropAEZ09,1990,CO_AWB,0
Southeast Asia,SugarCrop,SugarCropAEZ10,SugarCropAEZ10,1990,CO_AWB,0.00271613822937974
Southeast Asia,SugarCrop,SugarCropAEZ11,SugarCropAEZ11,1990,CO_AWB,0.0466133473576027
Southeast Asia,SugarCrop,SugarCropAEZ12,SugarCropAEZ12,1990,CO_AWB,0.011833316002115
Southeast Asia,SugarCrop,SugarCropAEZ15,SugarCropAEZ15,1990,CO_AWB,0
Southeast Asia,SugarCrop,SugarCropAEZ16,SugarCropAEZ16,1990,CO_AWB,0
Southeast Asia,Wheat,WheatAEZ04,WheatAEZ04,1990,CO_AWB,0.000784359936642639
Southeast Asia,Wheat,WheatAEZ05,WheatAEZ05,1990,CO_AWB,0.00288054657605995
Southeast Asia,Wheat,WheatAEZ06,WheatAEZ06,1990,CO_AWB,6.39664928388844e-06
Southeast Asia,Wheat,WheatAEZ09,WheatAEZ09,1990,CO_AWB,7.36781939414305e-05
Southeast Asia,Wheat,WheatAEZ10,WheatAEZ10,1990,CO_AWB,0.00468767003506445
Southeast Asia,Wheat,WheatAEZ11,WheatAEZ11,1990,CO_AWB,0.000964213170522482
Southeast Asia,Wheat,WheatAEZ12,WheatAEZ12,1990,CO_AWB,0.000237983367883061
Southeast Asia,Wheat,WheatAEZ15,WheatAEZ15,1990,CO_AWB,0.000320065918547847
Southeast Asia,Wheat,WheatAEZ16,WheatAEZ16,1990,CO_AWB,4.93989411850656e-05
Southeast Asia,Corn,CornAEZ04,CornAEZ04,1990,N2O_AWB,7.99412487459731e-05
Southeast Asia,Corn,CornAEZ05,CornAEZ05,1990,N2O_AWB,6.3447577528937e-05
Southeast Asia,Corn,CornAEZ06,CornAEZ06,1990,N2O_AWB,0.000119244433655483
Southeast Asia,Corn,CornAEZ09,CornAEZ09,1990,N2O_AWB,1.18212324555077e-06
Southeast Asia,Corn,CornAEZ10,CornAEZ10,1990,N2O_AWB,2.76612398623288e-05
Southeast Asia,Corn,CornAEZ11,CornAEZ11,1990,N2O_AWB,4.41004428714013e-06
Southeast Asia,Corn,CornAEZ12,CornAEZ12,1990,N2O_AWB,3.12675608794607e-06
Southeast Asia,Corn,CornAEZ15,CornAEZ15,1990,N2O_AWB,2.81936416721184e-06
Southeast Asia,Corn,CornAEZ16,CornAEZ16,1990,N2O_AWB,7.47691706658022e-08
Southeast Asia,FiberCrop,FiberCropAEZ04,FiberCropAEZ04,1990,N2O_AWB,3.80153540046903e-06
Southeast Asia,FiberCrop,FiberCropAEZ05,FiberCropAEZ05,1990,N2O_AWB,4.99514289755871e-06
Southeast Asia,FiberCrop,FiberCropAEZ06,FiberCropAEZ06,1990,N2O_AWB,2.85678287259994e-06
Southeast Asia,FiberCrop,FiberCropAEZ09,FiberCropAEZ09,1990,N2O_AWB,2.28745182794288e-08
Southeast Asia,FiberCrop,FiberCropAEZ10,FiberCropAEZ10,1990,N2O_AWB,9.91141818120228e-07
Southeast Asia,FiberCrop,FiberCropAEZ11,FiberCropAEZ11,1990,N2O_AWB,3.28130017303508e-07
Southeast Asia,FiberCrop,FiberCropAEZ12,FiberCropAEZ12,1990,N2O_AWB,1.36141216935327e-07
Southeast Asia,FiberCrop,FiberCropAEZ15,FiberCropAEZ15,1990,N2O_AWB,7.94787651668189e-08
Southeast Asia,FiberCrop,FiberCropAEZ16,FiberCropAEZ16,1990,N2O_AWB,1.92076107689858e-09
Southeast Asia,FodderGrass,FodderGrassAEZ04,FodderGrassAEZ04,1990,N2O_AWB,1.46338485633939e-05
Southeast Asia,FodderGrass,FodderGrassAEZ05,FodderGrassAEZ05,1990,N2O_AWB,4.11844356787279e-05
Southeast Asia,FodderGrass,FodderGrassAEZ06,FodderGrassAEZ06,1990,N2O_AWB,1.54394964174733e-05
Southeast Asia,FodderGrass,FodderGrassAEZ09,FodderGrassAEZ09,1990,N2O_AWB,0
Southeast Asia,FodderGrass,FodderGrassAEZ10,FodderGrassAEZ10,1990,N2O_AWB,1.20252316932339e-07
Southeast Asia,FodderGrass,FodderGrassAEZ11,FodderGrassAEZ11,1990,N2O_AWB,4.92054358955839e-06
Southeast Asia,FodderGrass,FodderGrassAEZ12,FodderGrassAEZ12,1990,N2O_AWB,1.6216493046385e-06
Southeast Asia,FodderGrass,FodderGrassAEZ15,FodderGrassAEZ15,1990,N2O_AWB,3.5641471518247e-09
Southeast Asia,FodderGrass,FodderGrassAEZ16,FodderGrassAEZ16,1990,N2O_AWB,5.23452738389468e-08
Southeast Asia,FodderHerb,FodderHerbAEZ04,FodderHerbAEZ04,1990,N2O_AWB,3.1860422503989e-08
Southeast Asia,FodderHerb,FodderHerbAEZ05,FodderHerbAEZ05,1990,N2O_AWB,4.91165235839663e-06
Southeast Asia,FodderHerb,FodderHerbAEZ06,FodderHerbAEZ06,1990,N2O_AWB,3.89085181235334e-06
Southeast Asia,FodderHerb,FodderHerbAEZ09,FodderHerbAEZ09,1990,N2O_AWB,0
Southeast Asia,FodderHerb,FodderHerbAEZ10,FodderHerbAEZ10,1990,N2O_AWB,0
Southeast Asia,FodderHerb,FodderHerbAEZ11,FodderHerbAEZ11,1990,N2O_AWB,0
Southeast Asia,FodderHerb,FodderHerbAEZ12,FodderHerbAEZ12,1990,N2O_AWB,1.78756239599846e-07
Southeast Asia,FodderHerb,FodderHerbAEZ15,FodderHerbAEZ15,1990,N2O_AWB,0
Southeast Asia,FodderHerb,FodderHerbAEZ16,FodderHerbAEZ16,1990,N2O_AWB,0
Southeast Asia,MiscCrop,MiscCropAEZ04,MiscCropAEZ04,1990,N2O_AWB,0.000147783440057784
Southeast Asia,MiscCrop,MiscCropAEZ05,MiscCropAEZ05,1990,N2O_AWB,0.00029052314781254
Southeast Asia,MiscCrop,MiscCropAEZ06,MiscCropAEZ06,1990,N2O_AWB,0.000397974809475286
Southeast Asia,MiscCrop,MiscCropAEZ09,MiscCropAEZ09,1990,N2O_AWB,2.04173989753263e-06
Southeast Asia,MiscCrop,MiscCropAEZ10,MiscCropAEZ10,1990,N2O_AWB,8.21724292568257e-05
Southeast Asia,MiscCrop,MiscCropAEZ11,MiscCropAEZ11,1990,N2O_AWB,2.88565644837812e-05
Southeast Asia,MiscCrop,MiscCropAEZ12,MiscCropAEZ12,1990,N2O_AWB,9.99654309985358e-06
Southeast Asia,MiscCrop,MiscCropAEZ15,MiscCropAEZ15,1990,N2O_AWB,4.93946025004118e-06
Southeast Asia,MiscCrop,MiscCropAEZ16,MiscCropAEZ16,1990,N2O_AWB,3.21008963124244e-08
Southeast Asia,OilCrop,OilCropAEZ04,OilCropAEZ04,1990,N2O_AWB,1.25439353592362e-05
Southeast Asia,OilCrop,OilCropAEZ05,OilCropAEZ05,1990,N2O_AWB,2.56032630384267e-05
Southeast Asia,OilCrop,OilCropAEZ06,OilCropAEZ06,1990,N2O_AWB,8.34057404332011e-06
Southeast Asia,OilCrop,OilCropAEZ09,OilCropAEZ09,1990,N2O_AWB,2.32020063120592e-07
Southeast Asia,OilCrop,OilCropAEZ10,OilCropAEZ10,1990,N2O_AWB,5.46059190776351e-06
Southeast Asia,OilCrop,OilCropAEZ11,OilCropAEZ11,1990,N2O_AWB,2.69877722553701e-06
Southeast Asia,OilCrop,OilCropAEZ12,OilCropAEZ12,1990,N2O_AWB,8.75968794455287e-07
Southeast Asia,OilCrop,OilCropAEZ15,OilCropAEZ15,1990,N2O_AWB,5.56392592901125e-07
Southeast Asia,OilCrop,OilCropAEZ16,OilCropAEZ16,1990,N2O_AWB,1.78890079794471e-08
Southeast Asia,OtherGrain,OtherGrainAEZ04,OtherGrainAEZ04,1990,N2O_AWB,4.3936714654862e-06
Southeast Asia,OtherGrain,OtherGrainAEZ05,OtherGrainAEZ05,1990,N2O_AWB,4.65698468069345e-06
Southeast Asia,OtherGrain,OtherGrainAEZ06,OtherGrainAEZ06,1990,N2O_AWB,5.08412480954504e-07
Southeast Asia,OtherGrain,OtherGrainAEZ09,OtherGrainAEZ09,1990,N2O_AWB,1.28516838337504e-07
Southeast Asia,OtherGrain,OtherGrainAEZ10,OtherGrainAEZ10,1990,N2O_AWB,5.0683766474668e-06
Southeast Asia,OtherGrain,OtherGrainAEZ11,OtherGrainAEZ11,1990,N2O_AWB,1.26830239768378e-06
Southeast Asia,OtherGrain,OtherGrainAEZ12,OtherGrainAEZ12,1990,N2O_AWB,2.05022001502346e-07
Southeast Asia,OtherGrain,OtherGrainAEZ15,OtherGrainAEZ15,1990,N2O_AWB,3.4813630113989e-07
Southeast Asia,OtherGrain,OtherGrainAEZ16,OtherGrainAEZ16,1990,N2O_AWB,4.27403146172309e-09
Southeast Asia,PalmFruit,PalmFruitAEZ04,PalmFruitAEZ04,1990,N2O_AWB,4.83134359103055e-05
Southeast Asia,PalmFruit,PalmFruitAEZ05,PalmFruitAEZ05,1990,N2O_AWB,4.91826046251597e-05
Southeast Asia,PalmFruit,PalmFruitAEZ06,PalmFruitAEZ06,1990,N2O_AWB,0.000949487800762009
Southeast Asia,PalmFruit,PalmFruitAEZ09,PalmFruitAEZ09,1990,N2O_AWB,0
Southeast Asia,PalmFruit,PalmFruitAEZ10,PalmFruitAEZ10,1990,N2O_AWB,1.60425408110253e-07
Southeast Asia,PalmFruit,PalmFruitAEZ11,PalmFruitAEZ11,1990,N2O_AWB,7.14658047130561e-08
Southeast Asia,PalmFruit,PalmFruitAEZ12,PalmFruitAEZ12,1990,N2O_AWB,4.09607696660898e-07
Southeast Asia,PalmFruit,PalmFruitAEZ15,PalmFruitAEZ15,1990,N2O_AWB,0
Southeast Asia,PalmFruit,PalmFruitAEZ16,PalmFruitAEZ16,1990,N2O_AWB,0
Southeast Asia,Rice,RiceAEZ04,RiceAEZ04,1990,N2O_AWB,0.000465229541361016
Southeast Asia,Rice,RiceAEZ05,RiceAEZ05,1990,N2O_AWB,0.00062193695948744
Southeast Asia,Rice,RiceAEZ06,RiceAEZ06,1990,N2O_AWB,0.000363633708627251
Southeast Asia,Rice,RiceAEZ09,RiceAEZ09,1990,N2O_AWB,1.0549364560284e-06
Southeast Asia,Rice,RiceAEZ10,RiceAEZ10,1990,N2O_AWB,2.73255541304723e-05
Southeast Asia,Rice,RiceAEZ11,RiceAEZ11,1990,N2O_AWB,2.01532802824799e-05
Southeast Asia,Rice,RiceAEZ12,RiceAEZ12,1990,N2O_AWB,1.36387670150329e-05
Southeast Asia,Rice,RiceAEZ15,RiceAEZ15,1990,N2O_AWB,2.64423629574875e-06
Southeast Asia,Rice,RiceAEZ16,RiceAEZ16,1990,N2O_AWB,8.36811001496221e-08
Southeast Asia,Root_Tuber,Root_TuberAEZ04,Root_TuberAEZ04,1990,N2O_AWB,0.000349035822271443
Southeast Asia,Root_Tuber,Root_TuberAEZ05,Root_TuberAEZ05,1990,N2O_AWB,0.000168600781652705
Southeast Asia,Root_Tuber,Root_TuberAEZ06,Root_TuberAEZ06,1990,N2O_AWB,0.000137380700047726
Southeast Asia,Root_Tuber,Root_TuberAEZ09,Root_TuberAEZ09,1990,N2O_AWB,1.62617369132974e-06
Southeast Asia,Root_Tuber,Root_TuberAEZ10,Root_TuberAEZ10,1990,N2O_AWB,4.23062678300542e-05
Southeast Asia,Root_Tuber,Root_TuberAEZ11,Root_TuberAEZ11,1990,N2O_AWB,5.32150275030176e-06
Southeast Asia,Root_Tuber,Root_TuberAEZ12,Root_TuberAEZ12,1990,N2O_AWB,6.34926303470086e-06
Southeast Asia,Root_Tuber,Root_TuberAEZ15,Root_TuberAEZ15,1990,N2O_AWB,3.03110535470111e-06
Southeast Asia,Root_Tuber,Root_TuberAEZ16,Root_TuberAEZ16,1990,N2O_AWB,4.51590509159318e-08
Southeast Asia,SugarCrop,SugarCropAEZ04,SugarCropAEZ04,1990,N2O_AWB,0.000571809742102693
Southeast Asia,SugarCrop,SugarCropAEZ05,SugarCropAEZ05,1990,N2O_AWB,0.000551034587561705
Southeast Asia,SugarCrop,SugarCropAEZ06,SugarCropAEZ06,1990,N2O_AWB,0.000486833020597881
Southeast Asia,SugarCrop,SugarCropAEZ09,SugarCropAEZ09,1990,N2O_AWB,0
Southeast Asia,SugarCrop,SugarCropAEZ10,SugarCropAEZ10,1990,N2O_AWB,1.54737031572033e-06
Southeast Asia,SugarCrop,SugarCropAEZ11,SugarCropAEZ11,1990,N2O_AWB,2.65553900156202e-05
Southeast Asia,SugarCrop,SugarCropAEZ12,SugarCropAEZ12,1990,N2O_AWB,6.7413807295045e-06
Southeast Asia,SugarCrop,SugarCropAEZ15,SugarCropAEZ15,1990,N2O_AWB,0
Southeast Asia,SugarCrop,SugarCropAEZ16,SugarCropAEZ16,1990,N2O_AWB,0
Southeast Asia,Wheat,WheatAEZ04,WheatAEZ04,1990,N2O_AWB,4.46845918839064e-07
Southeast Asia,Wheat,WheatAEZ05,WheatAEZ05,1990,N2O_AWB,1.64103292558231e-06
Southeast Asia,Wheat,WheatAEZ06,WheatAEZ06,1990,N2O_AWB,3.64413898928222e-09
Southeast Asia,Wheat,WheatAEZ09,WheatAEZ09,1990,N2O_AWB,4.19740972634113e-08
Southeast Asia,Wheat,WheatAEZ10,WheatAEZ10,1990,N2O_AWB,2.67054208938653e-06
Southeast Asia,Wheat,WheatAEZ11,WheatAEZ11,1990,N2O_AWB,5.49307403413628e-07
Southeast Asia,Wheat,WheatAEZ12,WheatAEZ12,1990,N2O_AWB,1.35577930134098e-07
Southeast Asia,Wheat,WheatAEZ15,WheatAEZ15,1990,N2O_AWB,1.82339947237442e-07
Southeast Asia,Wheat,WheatAEZ16,WheatAEZ16,1990,N2O_AWB,2.81423288369387e-08
Southeast Asia,Corn,CornAEZ04,CornAEZ04,1990,NH3_AWB,0.00148656877361485
Southeast Asia,Corn,CornAEZ05,CornAEZ05,1990,NH3_AWB,0.00117985631942954
Southeast Asia,Corn,CornAEZ06,CornAEZ06,1990,NH3_AWB,0.00221744161218845
Southeast Asia,Corn,CornAEZ09,CornAEZ09,1990,NH3_AWB,2.19824875263602e-05
Southeast Asia,Corn,CornAEZ10,CornAEZ10,1990,NH3_AWB,0.000514381950042776
Southeast Asia,Corn,CornAEZ11,CornAEZ11,1990,NH3_AWB,8.20081526165964e-05
Southeast Asia,Corn,CornAEZ12,CornAEZ12,1990,NH3_AWB,5.81444252618694e-05
Southeast Asia,Corn,CornAEZ15,CornAEZ15,1990,NH3_AWB,5.24282369636724e-05
Southeast Asia,Corn,CornAEZ16,CornAEZ16,1990,NH3_AWB,1.39039001872559e-06
Southeast Asia,FiberCrop,FiberCropAEZ04,FiberCropAEZ04,1990,NH3_AWB,7.06924636127021e-05
Southeast Asia,FiberCrop,FiberCropAEZ05,FiberCropAEZ05,1990,NH3_AWB,9.28885095959777e-05
Southeast Asia,FiberCrop,FiberCropAEZ06,FiberCropAEZ06,1990,NH3_AWB,5.31240664616052e-05
Southeast Asia,FiberCrop,FiberCropAEZ09,FiberCropAEZ09,1990,NH3_AWB,4.2536919449102e-07
Southeast Asia,FiberCrop,FiberCropAEZ10,FiberCropAEZ10,1990,NH3_AWB,1.84310415480668e-05
Southeast Asia,FiberCrop,FiberCropAEZ11,FiberCropAEZ11,1990,NH3_AWB,6.10182909400281e-06
Southeast Asia,FiberCrop,FiberCropAEZ12,FiberCropAEZ12,1990,NH3_AWB,2.53165024405723e-06
Southeast Asia,FiberCrop,FiberCropAEZ15,FiberCropAEZ15,1990,NH3_AWB,1.47796853709284e-06
Southeast Asia,FiberCrop,FiberCropAEZ16,FiberCropAEZ16,1990,NH3_AWB,3.57180239648945e-08
Southeast Asia,FodderGrass,FodderGrassAEZ04,FodderGrassAEZ04,1990,NH3_AWB,0.000272127626893565
Southeast Asia,FodderGrass,FodderGrassAEZ05,FodderGrassAEZ05,1990,NH3_AWB,0.00076585613809329
Southeast Asia,FodderGrass,FodderGrassAEZ06,FodderGrassAEZ06,1990,NH3_AWB,0.000287109266049717
Southeast Asia,FodderGrass,FodderGrassAEZ09,FodderGrassAEZ09,1990,NH3_AWB,0
Southeast Asia,FodderGrass,FodderGrassAEZ10,FodderGrassAEZ10,1990,NH3_AWB,2.23618397398948e-06
Southeast Asia,FodderGrass,FodderGrassAEZ11,FodderGrassAEZ11,1990,NH3_AWB,9.15012783036702e-05
Southeast Asia,FodderGrass,FodderGrassAEZ12,FodderGrassAEZ12,1990,NH3_AWB,3.01558113720516e-05
Southeast Asia,FodderGrass,FodderGrassAEZ15,FodderGrassAEZ15,1990,NH3_AWB,6.62780472357557e-08
Southeast Asia,FodderGrass,FodderGrassAEZ16,FodderGrassAEZ16,1990,NH3_AWB,9.73400475423724e-07
Southeast Asia,FodderHerb,FodderHerbAEZ04,FodderHerbAEZ04,1990,NH3_AWB,5.92468968793681e-07
Southeast Asia,FodderHerb,FodderHerbAEZ05,FodderHerbAEZ05,1990,NH3_AWB,9.13359390475115e-05
Southeast Asia,FodderHerb,FodderHerbAEZ06,FodderHerbAEZ06,1990,NH3_AWB,7.23533707283822e-05
Southeast Asia,FodderHerb,FodderHerbAEZ09,FodderHerbAEZ09,1990,NH3_AWB,0
Southeast Asia,FodderHerb,FodderHerbAEZ10,FodderHerbAEZ10,1990,NH3_AWB,0
Southeast Asia,FodderHerb,FodderHerbAEZ11,FodderHerbAEZ11,1990,NH3_AWB,0
Southeast Asia,FodderHerb,FodderHerbAEZ12,FodderHerbAEZ12,1990,NH3_AWB,3.32410924330639e-06
Southeast Asia,FodderHerb,FodderHerbAEZ15,FodderHerbAEZ15,1990,NH3_AWB,0
Southeast Asia,FodderHerb,FodderHerbAEZ16,FodderHerbAEZ16,1990,NH3_AWB,0
Southeast Asia,MiscCrop,MiscCropAEZ04,MiscCropAEZ04,1990,NH3_AWB,0.00274814630361088
Southeast Asia,MiscCrop,MiscCropAEZ05,MiscCropAEZ05,1990,NH3_AWB,0.00540250054040052
Southeast Asia,MiscCrop,MiscCropAEZ06,MiscCropAEZ06,1990,NH3_AWB,0.00740064652143778
Southeast Asia,MiscCrop,MiscCropAEZ09,MiscCropAEZ09,1990,NH3_AWB,3.79677178318844e-05
Southeast Asia,MiscCrop,MiscCropAEZ10,MiscCropAEZ10,1990,NH3_AWB,0.00152805928480602
Southeast Asia,MiscCrop,MiscCropAEZ11,MiscCropAEZ11,1990,NH3_AWB,0.000536609927269284
Southeast Asia,MiscCrop,MiscCropAEZ12,MiscCropAEZ12,1990,NH3_AWB,0.000185893378568043
Southeast Asia,MiscCrop,MiscCropAEZ15,MiscCropAEZ15,1990,NH3_AWB,9.18530480998132e-05
Southeast Asia,MiscCrop,MiscCropAEZ16,MiscCropAEZ16,1990,NH3_AWB,5.96940763519183e-07
Southeast Asia,OilCrop,OilCropAEZ04,OilCropAEZ04,1990,NH3_AWB,0.000233264089513275
Southeast Asia,OilCrop,OilCropAEZ05,OilCropAEZ05,1990,NH3_AWB,0.000476112294123872
Southeast Asia,OilCrop,OilCropAEZ06,OilCropAEZ06,1990,NH3_AWB,0.000155099365112767
Southeast Asia,OilCrop,OilCropAEZ09,OilCropAEZ09,1990,NH3_AWB,4.31459085388121e-06
Southeast Asia,OilCrop,OilCropAEZ10,OilCropAEZ10,1990,NH3_AWB,0.000101543890580569
Southeast Asia,OilCrop,OilCropAEZ11,OilCropAEZ11,1990,NH3_AWB,5.01858303861975e-05
Southeast Asia,OilCrop,OilCropAEZ12,OilCropAEZ12,1990,NH3_AWB,1.62893109242788e-05
Southeast Asia,OilCrop,OilCropAEZ15,OilCropAEZ15,1990,NH3_AWB,1.0346546588304e-05
Southeast Asia,OilCrop,OilCropAEZ16,OilCropAEZ16,1990,NH3_AWB,3.32659810427748e-07
Southeast Asia,OtherGrain,OtherGrainAEZ04,OtherGrainAEZ04,1990,NH3_AWB,8.17036874526354e-05
Southeast Asia,OtherGrain,OtherGrainAEZ05,OtherGrainAEZ05,1990,NH3_AWB,8.66001984472419e-05
Southeast Asia,OtherGrain,OtherGrainAEZ06,OtherGrainAEZ06,1990,NH3_AWB,9.45431964297519e-06
Southeast Asia,OtherGrain,OtherGrainAEZ09,OtherGrainAEZ09,1990,NH3_AWB,2.38986908202212e-06
Southeast Asia,OtherGrain,OtherGrainAEZ10,OtherGrainAEZ10,1990,NH3_AWB,9.4250347289232e-05
Southeast Asia,OtherGrain,OtherGrainAEZ11,OtherGrainAEZ11,1990,NH3_AWB,2.35850548931101e-05
Southeast Asia,OtherGrain,OtherGrainAEZ12,OtherGrainAEZ12,1990,NH3_AWB,3.81254121143256e-06
Southeast Asia,OtherGrain,OtherGrainAEZ15,OtherGrainAEZ15,1990,NH3_AWB,6.47386127130526e-06
Southeast Asia,OtherGrain,OtherGrainAEZ16,OtherGrainAEZ16,1990,NH3_AWB,7.94788899111989e-08
Southeast Asia,PalmFruit,PalmFruitAEZ04,PalmFruitAEZ04,1990,NH3_AWB,0.000898425359835529
Southeast Asia,PalmFruit,PalmFruitAEZ05,PalmFruitAEZ05,1990,NH3_AWB,0.000914588218069216
Southeast Asia,PalmFruit,PalmFruitAEZ06,PalmFruitAEZ06,1990,NH3_AWB,0.017656453178837
Southeast Asia,PalmFruit,PalmFruitAEZ09,PalmFruitAEZ09,1990,NH3_AWB,0
Southeast Asia,PalmFruit,PalmFruitAEZ10,PalmFruitAEZ10,1990,NH3_AWB,2.98323338617015e-06
Southeast Asia,PalmFruit,PalmFruitAEZ11,PalmFruitAEZ11,1990,NH3_AWB,1.32896139770443e-06
Southeast Asia,PalmFruit,PalmFruitAEZ12,PalmFruitAEZ12,1990,NH3_AWB,7.61696897209234e-06
Southeast Asia,PalmFruit,PalmFruitAEZ15,PalmFruitAEZ15,1990,NH3_AWB,0
Southeast Asia,PalmFruit,PalmFruitAEZ16,PalmFruitAEZ16,1990,NH3_AWB,0
Southeast Asia,Rice,RiceAEZ04,RiceAEZ04,1990,NH3_AWB,0.00865129979327826
Southeast Asia,Rice,RiceAEZ05,RiceAEZ05,1990,NH3_AWB,0.0115653943068729
Southeast Asia,Rice,RiceAEZ06,RiceAEZ06,1990,NH3_AWB,0.0067620474380726
Southeast Asia,Rice,RiceAEZ09,RiceAEZ09,1990,NH3_AWB,1.96173517211755e-05
Southeast Asia,Rice,RiceAEZ10,RiceAEZ10,1990,NH3_AWB,0.000508139616647264
Southeast Asia,Rice,RiceAEZ11,RiceAEZ11,1990,NH3_AWB,0.000374765688850359
Southeast Asia,Rice,RiceAEZ12,RiceAEZ12,1990,NH3_AWB,0.000253623323042942
Southeast Asia,Rice,RiceAEZ15,RiceAEZ15,1990,NH3_AWB,4.91716000060243e-05
Southeast Asia,Rice,RiceAEZ16,RiceAEZ16,1990,NH3_AWB,1.55611417604271e-06
Southeast Asia,Root_Tuber,Root_TuberAEZ04,Root_TuberAEZ04,1990,NH3_AWB,0.00649058855598432
Southeast Asia,Root_Tuber,Root_TuberAEZ05,Root_TuberAEZ05,1990,NH3_AWB,0.00313526072138812
Southeast Asia,Root_Tuber,Root_TuberAEZ06,Root_TuberAEZ06,1990,NH3_AWB,0.00255469938225834
Southeast Asia,Root_Tuber,Root_TuberAEZ09,Root_TuberAEZ09,1990,NH3_AWB,3.02399458092847e-05
Southeast Asia,Root_Tuber,Root_TuberAEZ10,Root_TuberAEZ10,1990,NH3_AWB,0.000786717466525853
Southeast Asia,Root_Tuber,Root_TuberAEZ11,Root_TuberAEZ11,1990,NH3_AWB,9.895742112363e-05
Southeast Asia,Root_Tuber,Root_TuberAEZ12,Root_TuberAEZ12,1990,NH3_AWB,0.000118069411110228
Southeast Asia,Root_Tuber,Root_TuberAEZ15,Root_TuberAEZ15,1990,NH3_AWB,5.63657265869567e-05
Southeast Asia,Root_Tuber,Root_TuberAEZ16,Root_TuberAEZ16,1990,NH3_AWB,8.3976715388861e-07
Southeast Asia,SugarCrop,SugarCropAEZ04,SugarCropAEZ04,1990,NH3_AWB,0.0106332402907509
Southeast Asia,SugarCrop,SugarCropAEZ05,SugarCropAEZ05,1990,NH3_AWB,0.0102469103735664
Southeast Asia,SugarCrop,SugarCropAEZ06,SugarCropAEZ06,1990,NH3_AWB,0.00905303304286773
Southeast Asia,SugarCrop,SugarCropAEZ09,SugarCropAEZ09,1990,NH3_AWB,0
Southeast Asia,SugarCrop,SugarCropAEZ10,SugarCropAEZ10,1990,NH3_AWB,2.8774536658514e-05
Southeast Asia,SugarCrop,SugarCropAEZ11,SugarCropAEZ11,1990,NH3_AWB,0.000493817824810662
Southeast Asia,SugarCrop,SugarCropAEZ12,SugarCropAEZ12,1990,NH3_AWB,0.000125361140096465
Southeast Asia,SugarCrop,SugarCropAEZ15,SugarCropAEZ15,1990,NH3_AWB,0
Southeast Asia,SugarCrop,SugarCropAEZ16,SugarCropAEZ16,1990,NH3_AWB,0
Southeast Asia,Wheat,WheatAEZ04,WheatAEZ04,1990,NH3_AWB,8.30944224644537e-06
Southeast Asia,Wheat,WheatAEZ05,WheatAEZ05,1990,NH3_AWB,3.05162646557653e-05
Southeast Asia,Wheat,WheatAEZ06,WheatAEZ06,1990,NH3_AWB,6.77655567452241e-08
Southeast Asia,Wheat,WheatAEZ09,WheatAEZ09,1990,NH3_AWB,7.80540500320904e-07
Southeast Asia,Wheat,WheatAEZ10,WheatAEZ10,1990,NH3_AWB,4.96607763949415e-05
Southeast Asia,Wheat,WheatAEZ11,WheatAEZ11,1990,NH3_AWB,1.02147920609169e-05
Southeast Asia,Wheat,WheatAEZ12,WheatAEZ12,1990,NH3_AWB,2.52117549438254e-06
Southeast Asia,Wheat,WheatAEZ15,WheatAEZ15,1990,NH3_AWB,3.39075103276284e-06
Southeast Asia,Wheat,WheatAEZ16,WheatAEZ16,1990,NH3_AWB,5.2332816814925e-07
Southeast Asia,Corn,CornAEZ04,CornAEZ04,1990,NMVOC_AWB,0.00799412487459731
Southeast Asia,Corn,CornAEZ05,CornAEZ05,1990,NMVOC_AWB,0.0063447577528937
Southeast Asia,Corn,CornAEZ06,CornAEZ06,1990,NMVOC_AWB,0.0119244433655483
Southeast Asia,Corn,CornAEZ09,CornAEZ09,1990,NMVOC_AWB,0.000118212324555077
Southeast Asia,Corn,CornAEZ10,CornAEZ10,1990,NMVOC_AWB,0.00276612398623288
Southeast Asia,Corn,CornAEZ11,CornAEZ11,1990,NMVOC_AWB,0.000441004428714013
Southeast Asia,Corn,CornAEZ12,CornAEZ12,1990,NMVOC_AWB,0.000312675608794607
Southeast Asia,Corn,CornAEZ15,CornAEZ15,1990,NMVOC_AWB,0.000281936416721184
Southeast Asia,Corn,CornAEZ16,CornAEZ16,1990,NMVOC_AWB,7.47691706658022e-06
Southeast Asia,FiberCrop,FiberCropAEZ04,FiberCropAEZ04,1990,NMVOC_AWB,0.000380153540046903
Southeast Asia,FiberCrop,FiberCropAEZ05,FiberCropAEZ05,1990,NMVOC_AWB,0.000499514289755871
Southeast Asia,FiberCrop,FiberCropAEZ06,FiberCropAEZ06,1990,NMVOC_AWB,0.000285678287259994
Southeast Asia,FiberCrop,FiberCropAEZ09,FiberCropAEZ09,1990,NMVOC_AWB,2.28745182794288e-06
Southeast Asia,FiberCrop,FiberCropAEZ10,FiberCropAEZ10,1990,NMVOC_AWB,9.91141818120228e-05
Southeast Asia,FiberCrop,FiberCropAEZ11,FiberCropAEZ11,1990,NMVOC_AWB,3.28130017303508e-05
Southeast Asia,FiberCrop,FiberCropAEZ12,FiberCropAEZ12,1990,NMVOC_AWB,1.36141216935327e-05
Southeast Asia,FiberCrop,FiberCropAEZ15,FiberCropAEZ15,1990,NMVOC_AWB,7.9478765166819e-06
Southeast Asia,FiberCrop,FiberCropAEZ16,FiberCropAEZ16,1990,NMVOC_AWB,1.92076107689858e-07
Southeast Asia,FodderGrass,FodderGrassAEZ04,FodderGrassAEZ04,1990,NMVOC_AWB,0.00146338485633939
Southeast Asia,FodderGrass,FodderGrassAEZ05,FodderGrassAEZ05,1990,NMVOC_AWB,0.00411844356787279
Southeast Asia,FodderGrass,FodderGrassAEZ06,FodderGrassAEZ06,1990,NMVOC_AWB,0.00154394964174733
Southeast Asia,FodderGrass,FodderGrassAEZ09,FodderGrassAEZ09,1990,NMVOC_AWB,0
Southeast Asia,FodderGrass,FodderGrassAEZ10,FodderGrassAEZ10,1990,NMVOC_AWB,1.20252316932339e-05
Southeast Asia,FodderGrass,FodderGrassAEZ11,FodderGrassAEZ11,1990,NMVOC_AWB,0.000492054358955839
Southeast Asia,FodderGrass,FodderGrassAEZ12,FodderGrassAEZ12,1990,NMVOC_AWB,0.00016216493046385
Southeast Asia,FodderGrass,FodderGrassAEZ15,FodderGrassAEZ15,1990,NMVOC_AWB,3.5641471518247e-07
Southeast Asia,FodderGrass,FodderGrassAEZ16,FodderGrassAEZ16,1990,NMVOC_AWB,5.23452738389468e-06
Southeast Asia,FodderHerb,FodderHerbAEZ04,FodderHerbAEZ04,1990,NMVOC_AWB,3.1860422503989e-06
Southeast Asia,FodderHerb,FodderHerbAEZ05,FodderHerbAEZ05,1990,NMVOC_AWB,0.000491165235839663
Southeast Asia,FodderHerb,FodderHerbAEZ06,FodderHerbAEZ06,1990,NMVOC_AWB,0.000389085181235334
Southeast Asia,FodderHerb,FodderHerbAEZ09,FodderHerbAEZ09,1990,NMVOC_AWB,0
Southeast Asia,FodderHerb,FodderHerbAEZ10,FodderHerbAEZ10,1990,NMVOC_AWB,0
Southeast Asia,FodderHerb,FodderHerbAEZ11,FodderHerbAEZ11,1990,NMVOC_AWB,0
Southeast Asia,FodderHerb,FodderHerbAEZ12,FodderHerbAEZ12,1990,NMVOC_AWB,1.78756239599846e-05
Southeast Asia,FodderHerb,FodderHerbAEZ15,FodderHerbAEZ15,1990,NMVOC_AWB,0
Southeast Asia,FodderHerb,FodderHerbAEZ16,FodderHerbAEZ16,1990,NMVOC_AWB,0
Southeast Asia,MiscCrop,MiscCropAEZ04,MiscCropAEZ04,1990,NMVOC_AWB,0.0147783440057784
Southeast Asia,MiscCrop,MiscCropAEZ05,MiscCropAEZ05,1990,NMVOC_AWB,0.029052314781254
Southeast Asia,MiscCrop,MiscCropAEZ06,MiscCropAEZ06,1990,NMVOC_AWB,0.0397974809475286
Southeast Asia,MiscCrop,MiscCropAEZ09,MiscCropAEZ09,1990,NMVOC_AWB,0.000204173989753263
Southeast Asia,MiscCrop,MiscCropAEZ10,MiscCropAEZ10,1990,NMVOC_AWB,0.00821724292568257
Southeast Asia,MiscCrop,MiscCropAEZ11,MiscCropAEZ11,1990,NMVOC_AWB,0.00288565644837812
Southeast Asia,MiscCrop,MiscCropAEZ12,MiscCropAEZ12,1990,NMVOC_AWB,0.000999654309985358
Southeast Asia,MiscCrop,MiscCropAEZ15,MiscCropAEZ15,1990,NMVOC_AWB,0.000493946025004118
Southeast Asia,MiscCrop,MiscCropAEZ16,MiscCropAEZ16,1990,NMVOC_AWB,3.21008963124244e-06
Southeast Asia,OilCrop,OilCropAEZ04,OilCropAEZ04,1990,NMVOC_AWB,0.00125439353592362
Southeast Asia,OilCrop,OilCropAEZ05,OilCropAEZ05,1990,NMVOC_AWB,0.00256032630384267
Southeast Asia,OilCrop,OilCropAEZ06,OilCropAEZ06,1990,NMVOC_AWB,0.000834057404332011
Southeast Asia,OilCrop,OilCropAEZ09,OilCropAEZ09,1990,NMVOC_AWB,2.32020063120592e-05
Southeast Asia,OilCrop,OilCropAEZ10,OilCropAEZ10,1990,NMVOC_AWB,0.000546059190776351
Southeast Asia,OilCrop,OilCropAEZ11,OilCropAEZ11,1990,NMVOC_AWB,0.000269877722553701
Southeast Asia,OilCrop,OilCropAEZ12,OilCropAEZ12,1990,NMVOC_AWB,8.75968794455287e-05
Southeast Asia,OilCrop,OilCropAEZ15,OilCropAEZ15,1990,NMVOC_AWB,5.56392592901125e-05
Southeast Asia,OilCrop,OilCropAEZ16,OilCropAEZ16,1990,NMVOC_AWB,1.78890079794471e-06
Southeast Asia,OtherGrain,OtherGrainAEZ04,OtherGrainAEZ04,1990,NMVOC_AWB,0.00043936714654862
Southeast Asia,OtherGrain,OtherGrainAEZ05,OtherGrainAEZ05,1990,NMVOC_AWB,0.000465698468069345
Southeast Asia,OtherGrain,OtherGrainAEZ06,OtherGrainAEZ06,1990,NMVOC_AWB,5.08412480954504e-05
Southeast Asia,OtherGrain,OtherGrainAEZ09,OtherGrainAEZ09,1990,NMVOC_AWB,1.28516838337504e-05
Southeast Asia,OtherGrain,OtherGrainAEZ10,OtherGrainAEZ10,1990,NMVOC_AWB,0.00050683766474668
Southeast Asia,OtherGrain,OtherGrainAEZ11,OtherGrainAEZ11,1990,NMVOC_AWB,0.000126830239768378
Southeast Asia,OtherGrain,OtherGrainAEZ12,OtherGrainAEZ12,1990,NMVOC_AWB,2.05022001502346e-05
Southeast Asia,OtherGrain,OtherGrainAEZ15,OtherGrainAEZ15,1990,NMVOC_AWB,3.4813630113989e-05
Southeast Asia,OtherGrain,OtherGrainAEZ16,OtherGrainAEZ16,1990,NMVOC_AWB,4.27403146172309e-07
Southeast Asia,PalmFruit,PalmFruitAEZ04,PalmFruitAEZ04,1990,NMVOC_AWB,0.00483134359103055
Southeast Asia,PalmFruit,PalmFruitAEZ05,PalmFruitAEZ05,1990,NMVOC_AWB,0.00491826046251597
Southeast Asia,PalmFruit,PalmFruitAEZ06,PalmFruitAEZ06,1990,NMVOC_AWB,0.0949487800762009
Southeast Asia,PalmFruit,PalmFruitAEZ09,PalmFruitAEZ09,1990,NMVOC_AWB,0
Southeast Asia,PalmFruit,PalmFruitAEZ10,PalmFruitAEZ10,1990,NMVOC_AWB,1.60425408110253e-05
Southeast Asia,PalmFruit,PalmFruitAEZ11,PalmFruitAEZ11,1990,NMVOC_AWB,7.14658047130561e-06
Southeast Asia,PalmFruit,PalmFruitAEZ12,PalmFruitAEZ12,1990,NMVOC_AWB,4.09607696660898e-05
Southeast Asia,PalmFruit,PalmFruitAEZ15,PalmFruitAEZ15,1990,NMVOC_AWB,0
Southeast Asia,PalmFruit,PalmFruitAEZ16,PalmFruitAEZ16,1990,NMVOC_AWB,0
Southeast Asia,Rice,RiceAEZ04,RiceAEZ04,1990,NMVOC_AWB,0.0465229541361016
Southeast Asia,Rice,RiceAEZ05,RiceAEZ05,1990,NMVOC_AWB,0.062193695948744
Southeast Asia,Rice,RiceAEZ06,RiceAEZ06,1990,NMVOC_AWB,0.0363633708627251
Southeast Asia,Rice,RiceAEZ09,RiceAEZ09,1990,NMVOC_AWB,0.00010549364560284
Southeast Asia,Rice,RiceAEZ10,RiceAEZ10,1990,NMVOC_AWB,0.00273255541304723
Southeast Asia,Rice,RiceAEZ11,RiceAEZ11,1990,NMVOC_AWB,0.00201532802824799
Southeast Asia,Rice,RiceAEZ12,RiceAEZ12,1990,NMVOC_AWB,0.00136387670150329
Southeast Asia,Rice,RiceAEZ15,RiceAEZ15,1990,NMVOC_AWB,0.000264423629574875
Southeast Asia,Rice,RiceAEZ16,RiceAEZ16,1990,NMVOC_AWB,8.36811001496221e-06
Southeast Asia,Root_Tuber,Root_TuberAEZ04,Root_TuberAEZ04,1990,NMVOC_AWB,0.0349035822271443
Southeast Asia,Root_Tuber,Root_TuberAEZ05,Root_TuberAEZ05,1990,NMVOC_AWB,0.0168600781652705
Southeast Asia,Root_Tuber,Root_TuberAEZ06,Root_TuberAEZ06,1990,NMVOC_AWB,0.0137380700047726
Southeast Asia,Root_Tuber,Root_TuberAEZ09,Root_TuberAEZ09,1990,NMVOC_AWB,0.000162617369132974
Southeast Asia,Root_Tuber,Root_TuberAEZ10,Root_TuberAEZ10,1990,NMVOC_AWB,0.00423062678300542
Southeast Asia,Root_Tuber,Root_TuberAEZ11,Root_TuberAEZ11,1990,NMVOC_AWB,0.000532150275030176
Southeast Asia,Root_Tuber,Root_TuberAEZ12,Root_TuberAEZ12,1990,NMVOC_AWB,0.000634926303470086
Southeast Asia,Root_Tuber,Root_TuberAEZ15,Root_TuberAEZ15,1990,NMVOC_AWB,0.000303110535470111
Southeast Asia,Root_Tuber,Root_TuberAEZ16,Root_TuberAEZ16,1990,NMVOC_AWB,4.51590509159318e-06
Southeast Asia,SugarCrop,SugarCropAEZ04,SugarCropAEZ04,1990,NMVOC_AWB,0.0571809742102693
Southeast Asia,SugarCrop,SugarCropAEZ05,SugarCropAEZ05,1990,NMVOC_AWB,0.0551034587561705
Southeast Asia,SugarCrop,SugarCropAEZ06,SugarCropAEZ06,1990,NMVOC_AWB,0.0486833020597881
Southeast Asia,SugarCrop,SugarCropAEZ09,SugarCropAEZ09,1990,NMVOC_AWB,0
Southeast Asia,SugarCrop,SugarCropAEZ10,SugarCropAEZ10,1990,NMVOC_AWB,0.000154737031572033
Southeast Asia,SugarCrop,SugarCropAEZ11,SugarCropAEZ11,1990,NMVOC_AWB,0.00265553900156202
Southeast Asia,SugarCrop,SugarCropAEZ12,SugarCropAEZ12,1990,NMVOC_AWB,0.00067413807295045
Southeast Asia,SugarCrop,SugarCropAEZ15,SugarCropAEZ15,1990,NMVOC_AWB,0
Southeast Asia,SugarCrop,SugarCropAEZ16,SugarCropAEZ16,1990,NMVOC_AWB,0
Southeast Asia,Wheat,WheatAEZ04,WheatAEZ04,1990,NMVOC_AWB,4.46845918839064e-05
Southeast Asia,Wheat,WheatAEZ05,WheatAEZ05,1990,NMVOC_AWB,0.000164103292558231
Southeast Asia,Wheat,WheatAEZ06,WheatAEZ06,1990,NMVOC_AWB,3.64413898928222e-07
Southeast Asia,Wheat,WheatAEZ09,WheatAEZ09,1990,NMVOC_AWB,4.19740972634113e-06
Southeast Asia,Wheat,WheatAEZ10,WheatAEZ10,1990,NMVOC_AWB,0.000267054208938653
Southeast Asia,Wheat,WheatAEZ11,WheatAEZ11,1990,NMVOC_AWB,5.49307403413628e-05
Southeast Asia,Wheat,WheatAEZ12,WheatAEZ12,1990,NMVOC_AWB,1.35577930134098e-05
Southeast Asia,Wheat,WheatAEZ15,WheatAEZ15,1990,NMVOC_AWB,1.82339947237442e-05
Southeast Asia,Wheat,WheatAEZ16,WheatAEZ16,1990,NMVOC_AWB,2.81423288369387e-06
Southeast Asia,Corn,CornAEZ04,CornAEZ04,1990,NOx_AWB,0.00434578012337716
Southeast Asia,Corn,CornAEZ05,CornAEZ05,1990,NOx_AWB,0.00344914828861208
Southeast Asia,Corn,CornAEZ06,CornAEZ06,1990,NOx_AWB,0.00648238672440638
Southeast Asia,Corn,CornAEZ09,CornAEZ09,1990,NOx_AWB,6.42627902926699e-05
Southeast Asia,Corn,CornAEZ10,CornAEZ10,1990,NOx_AWB,0.00150372515150049
Southeast Asia,Corn,CornAEZ11,CornAEZ11,1990,NOx_AWB,0.000239739597603321
Southeast Asia,Corn,CornAEZ12,CornAEZ12,1990,NOx_AWB,0.00016997726043564
Southeast Asia,Corn,CornAEZ15,CornAEZ15,1990,NOx_AWB,0.000153266767165033
Southeast Asia,Corn,CornAEZ16,CornAEZ16,1990,NOx_AWB,4.06461471165355e-06
Southeast Asia,FiberCrop,FiberCropAEZ04,FiberCropAEZ04,1990,NOx_AWB,0.00020665973125051
Southeast Asia,FiberCrop,FiberCropAEZ05,FiberCropAEZ05,1990,NOx_AWB,0.000271546830430676
Southeast Asia,FiberCrop,FiberCropAEZ06,FiberCropAEZ06,1990,NOx_AWB,0.000155300929361258
Southeast Asia,FiberCrop,FiberCropAEZ09,FiberCropAEZ09,1990,NOx_AWB,1.24350855697106e-06
Southeast Asia,FiberCrop,FiberCropAEZ10,FiberCropAEZ10,1990,NOx_AWB,5.38806245862122e-05
Southeast Asia,FiberCrop,FiberCropAEZ11,FiberCropAEZ11,1990,NOx_AWB,1.78378612975172e-05
Southeast Asia,FiberCrop,FiberCropAEZ12,FiberCropAEZ12,1990,NOx_AWB,7.4009326075198e-06
Southeast Asia,FiberCrop,FiberCropAEZ15,FiberCropAEZ15,1990,NOx_AWB,4.32063851028999e-06
Southeast Asia,FiberCrop,FiberCropAEZ16,FiberCropAEZ16,1990,NOx_AWB,1.04416749058637e-07
Southeast Asia,FodderGrass,FodderGrassAEZ04,FodderGrassAEZ04,1990,NOx_AWB,0.00079552783091235
Southeast Asia,FodderGrass,FodderGrassAEZ05,FodderGrassAEZ05,1990,NOx_AWB,0.00223887548384258
Southeast Asia,FodderGrass,FodderGrassAEZ06,FodderGrassAEZ06,1990,NOx_AWB,0.0008393246002351
Southeast Asia,FodderGrass,FodderGrassAEZ09,FodderGrassAEZ09,1990,NOx_AWB,0
Southeast Asia,FodderGrass,FodderGrassAEZ10,FodderGrassAEZ10,1990,NOx_AWB,6.53717745109575e-06
Southeast Asia,FodderGrass,FodderGrassAEZ11,FodderGrassAEZ11,1990,NOx_AWB,0.000267491449822904
Southeast Asia,FodderGrass,FodderGrassAEZ12,FodderGrassAEZ12,1990,NOx_AWB,8.81563826652303e-05
Southeast Asia,FodderGrass,FodderGrassAEZ15,FodderGrassAEZ15,1990,NOx_AWB,1.93754789825839e-07
Southeast Asia,FodderGrass,FodderGrassAEZ16,FodderGrassAEZ16,1990,NOx_AWB,2.84560291677315e-06
Southeast Asia,FodderHerb,FodderHerbAEZ04,FodderHerbAEZ04,1990,NOx_AWB,1.73200185151234e-06
Southeast Asia,FodderHerb,FodderHerbAEZ05,FodderHerbAEZ05,1990,NOx_AWB,0.000267008103161934
Southeast Asia,FodderHerb,FodderHerbAEZ06,FodderHerbAEZ06,1990,NOx_AWB,0.00021151516562947
Southeast Asia,FodderHerb,FodderHerbAEZ09,FodderHerbAEZ09,1990,NOx_AWB,0
Southeast Asia,FodderHerb,FodderHerbAEZ10,FodderHerbAEZ10,1990,NOx_AWB,0
Southeast Asia,FodderHerb,FodderHerbAEZ11,FodderHerbAEZ11,1990,NOx_AWB,0
Southeast Asia,FodderHerb,FodderHerbAEZ12,FodderHerbAEZ12,1990,NOx_AWB,9.71757791088779e-06
Southeast Asia,FodderHerb,FodderHerbAEZ15,FodderHerbAEZ15,1990,NOx_AWB,0
Southeast Asia,FodderHerb,FodderHerbAEZ16,FodderHerbAEZ16,1990,NOx_AWB,0
Southeast Asia,MiscCrop,MiscCropAEZ04,MiscCropAEZ04,1990,NOx_AWB,0.00803382917382524
Southeast Asia,MiscCrop,MiscCropAEZ05,MiscCropAEZ05,1990,NOx_AWB,0.0157934700914751
Southeast Asia,MiscCrop,MiscCropAEZ06,MiscCropAEZ06,1990,NOx_AWB,0.0216347760856016
Southeast Asia,MiscCrop,MiscCropAEZ09,MiscCropAEZ09,1990,NOx_AWB,0.000110993420830825
Southeast Asia,MiscCrop,MiscCropAEZ10,MiscCropAEZ10,1990,NOx_AWB,0.00446707194790871
Southeast Asia,MiscCrop,MiscCropAEZ11,MiscCropAEZ11,1990,NOx_AWB,0.0015687055972951
Southeast Asia,MiscCrop,MiscCropAEZ12,MiscCropAEZ12,1990,NOx_AWB,0.000543433821554046
Southeast Asia,MiscCrop,MiscCropAEZ15,MiscCropAEZ15,1990,NOx_AWB,0.000268519800623227
Southeast Asia,MiscCrop,MiscCropAEZ16,MiscCropAEZ16,1990,NOx_AWB,1.74507453067716e-06
Southeast Asia,OilCrop,OilCropAEZ04,OilCropAEZ04,1990,NOx_AWB,0.000681915604374925
Southeast Asia,OilCrop,OilCropAEZ05,OilCropAEZ05,1990,NOx_AWB,0.00139184905604313
Southeast Asia,OilCrop,OilCropAEZ06,OilCropAEZ06,1990,NOx_AWB,0.000453411742543512
Southeast Asia,OilCrop,OilCropAEZ09,OilCropAEZ09,1990,NOx_AWB,1.26131151858567e-05
Southeast Asia,OilCrop,OilCropAEZ10,OilCropAEZ10,1990,NOx_AWB,0.000296849650798434
Southeast Asia,OilCrop,OilCropAEZ11,OilCropAEZ11,1990,NOx_AWB,0.000146711398785255
Southeast Asia,OilCrop,OilCropAEZ12,OilCropAEZ12,1990,NOx_AWB,4.76195685626465e-05
Southeast Asia,OilCrop,OilCropAEZ15,OilCropAEZ15,1990,NOx_AWB,3.02467112905312e-05
Southeast Asia,OilCrop,OilCropAEZ16,OilCropAEZ16,1990,NOx_AWB,9.72485375491867e-07
Southeast Asia,OtherGrain,OtherGrainAEZ04,OtherGrainAEZ04,1990,NOx_AWB,0.000238849535413608
Southeast Asia,OtherGrain,OtherGrainAEZ05,OtherGrainAEZ05,1990,NOx_AWB,0.000253163814397495
Southeast Asia,OtherGrain,OtherGrainAEZ06,OtherGrainAEZ06,1990,NOx_AWB,2.76384080667773e-05
Southeast Asia,OtherGrain,OtherGrainAEZ09,OtherGrainAEZ09,1990,NOx_AWB,6.9864548068438e-06
Southeast Asia,OtherGrain,OtherGrainAEZ10,OtherGrainAEZ10,1990,NOx_AWB,0.000275527976330989
Southeast Asia,OtherGrain,OtherGrainAEZ11,OtherGrainAEZ11,1990,NOx_AWB,6.8947676409213e-05
Southeast Asia,OtherGrain,OtherGrainAEZ12,OtherGrainAEZ12,1990,NOx_AWB,1.11454418458628e-05
Southeast Asia,OtherGrain,OtherGrainAEZ15,OtherGrainAEZ15,1990,NOx_AWB,1.89254463928547e-05
Southeast Asia,OtherGrain,OtherGrainAEZ16,OtherGrainAEZ16,1990,NOx_AWB,2.32345644637938e-07
Southeast Asia,PalmFruit,PalmFruitAEZ04,PalmFruitAEZ04,1990,NOx_AWB,0.00262642343927156
Southeast Asia,PalmFruit,PalmFruitAEZ05,PalmFruitAEZ05,1990,NOx_AWB,0.00267367334071953
Southeast Asia,PalmFruit,PalmFruitAEZ06,PalmFruitAEZ06,1990,NOx_AWB,0.0516162216211125
Southeast Asia,PalmFruit,PalmFruitAEZ09,PalmFruitAEZ09,1990,NOx_AWB,0
Southeast Asia,PalmFruit,PalmFruitAEZ10,PalmFruitAEZ10,1990,NOx_AWB,8.72107404858776e-06
Southeast Asia,PalmFruit,PalmFruitAEZ11,PalmFruitAEZ11,1990,NOx_AWB,3.88503655490868e-06
Southeast Asia,PalmFruit,PalmFruitAEZ12,PalmFruitAEZ12,1990,NOx_AWB,2.22671651300781e-05
Southeast Asia,PalmFruit,PalmFruitAEZ15,PalmFruitAEZ15,1990,NOx_AWB,0
Southeast Asia,PalmFruit,PalmFruitAEZ16,PalmFruitAEZ16,1990,NOx_AWB,0
Southeast Asia,Rice,RiceAEZ04,RiceAEZ04,1990,NOx_AWB,0.025290889564149
Southeast Asia,Rice,RiceAEZ05,RiceAEZ05,1990,NOx_AWB,0.0338098455920141
Southeast Asia,Rice,RiceAEZ06,RiceAEZ06,1990,NOx_AWB,0.0197679191647833
Southeast Asia,Rice,RiceAEZ09,RiceAEZ09,1990,NOx_AWB,5.73486398317629e-05
Southeast Asia,Rice,RiceAEZ10,RiceAEZ10,1990,NOx_AWB,0.00148547654512909
Southeast Asia,Rice,RiceAEZ11,RiceAEZ11,1990,NOx_AWB,0.00109557614180829
Southeast Asia,Rice,RiceAEZ12,RiceAEZ12,1990,NOx_AWB,0.000741433034022848
Southeast Asia,Rice,RiceAEZ15,RiceAEZ15,1990,NOx_AWB,0.000143746435236367
Southeast Asia,Rice,RiceAEZ16,RiceAEZ16,1990,NOx_AWB,4.5490865784215e-06
Southeast Asia,Root_Tuber,Root_TuberAEZ04,Root_TuberAEZ04,1990,NOx_AWB,0.0189743463176793
Southeast Asia,Root_Tuber,Root_TuberAEZ05,Root_TuberAEZ05,1990,NOx_AWB,0.00916550513265642
Southeast Asia,Root_Tuber,Root_TuberAEZ06,Root_TuberAEZ06,1990,NOx_AWB,0.00746831360491005
Southeast Asia,Root_Tuber,Root_TuberAEZ09,Root_TuberAEZ09,1990,NOx_AWB,8.84023381645716e-05
Southeast Asia,Root_Tuber,Root_TuberAEZ10,Root_TuberAEZ10,1990,NOx_AWB,0.00229986071914321
Southeast Asia,Root_Tuber,Root_TuberAEZ11,Root_TuberAEZ11,1990,NOx_AWB,0.000289288461733258
Southeast Asia,Root_Tuber,Root_TuberAEZ12,Root_TuberAEZ12,1990,NOx_AWB,0.000345159745777505
Southeast Asia,Root_Tuber,Root_TuberAEZ15,Root_TuberAEZ15,1990,NOx_AWB,0.000164777478572796
Southeast Asia,Root_Tuber,Root_TuberAEZ16,Root_TuberAEZ16,1990,NOx_AWB,2.45494421140024e-06
Southeast Asia,SugarCrop,SugarCropAEZ04,SugarCropAEZ04,1990,NOx_AWB,0.0310848210475131
Southeast Asia,SugarCrop,SugarCropAEZ05,SugarCropAEZ05,1990,NOx_AWB,0.0299554384686744
Southeast Asia,SugarCrop,SugarCropAEZ06,SugarCropAEZ06,1990,NOx_AWB,0.0264653016747441
Southeast Asia,SugarCrop,SugarCropAEZ09,SugarCropAEZ09,1990,NOx_AWB,0
Southeast Asia,SugarCrop,SugarCropAEZ10,SugarCropAEZ10,1990,NOx_AWB,8.41184152993355e-05
Southeast Asia,SugarCrop,SugarCropAEZ11,SugarCropAEZ11,1990,NOx_AWB,0.00144360874903426
Southeast Asia,SugarCrop,SugarCropAEZ12,SugarCropAEZ12,1990,NOx_AWB,0.000366476116372578
Southeast Asia,SugarCrop,SugarCropAEZ15,SugarCropAEZ15,1990,NOx_AWB,0
Southeast Asia,SugarCrop,SugarCropAEZ16,SugarCropAEZ16,1990,NOx_AWB,0
Southeast Asia,Wheat,WheatAEZ04,WheatAEZ04,1990,NOx_AWB,2.42915158665298e-05
Southeast Asia,Wheat,WheatAEZ05,WheatAEZ05,1990,NOx_AWB,8.92101184516752e-05
Southeast Asia,Wheat,WheatAEZ06,WheatAEZ06,1990,NOx_AWB,1.98103320061586e-07
Southeast Asia,Wheat,WheatAEZ09,WheatAEZ09,1990,NOx_AWB,2.28180320479696e-06
Southeast Asia,Wheat,WheatAEZ10,WheatAEZ10,1990,NOx_AWB,0.000145176475383526
Southeast Asia,Wheat,WheatAEZ11,WheatAEZ11,1990,NOx_AWB,2.9861544982422e-05
Southeast Asia,Wheat,WheatAEZ12,WheatAEZ12,1990,NOx_AWB,7.37031111207231e-06
Southeast Asia,Wheat,WheatAEZ15,WheatAEZ15,1990,NOx_AWB,9.91239605125671e-06
Southeast Asia,Wheat,WheatAEZ16,WheatAEZ16,1990,NOx_AWB,1.52987819434423e-06
Southeast Asia,Corn,CornAEZ04,CornAEZ04,1990,SO2_AWB,0.000865143263628831
Southeast Asia,Corn,CornAEZ05,CornAEZ05,1990,SO2_AWB,0.000686644819211595
Southeast Asia,Corn,CornAEZ06,CornAEZ06,1990,SO2_AWB,0.0012904917063542
Southeast Asia,Corn,CornAEZ09,CornAEZ09,1990,SO2_AWB,1.27932197546366e-05
Southeast Asia,Corn,CornAEZ10,CornAEZ10,1990,SO2_AWB,0.000299356536280283
Southeast Asia,Corn,CornAEZ11,CornAEZ11,1990,SO2_AWB,4.7726551275774e-05
Southeast Asia,Corn,CornAEZ12,CornAEZ12,1990,SO2_AWB,3.38385002602707e-05
Southeast Asia,Corn,CornAEZ15,CornAEZ15,1990,SO2_AWB,3.0511831566838e-05
Southeast Asia,Corn,CornAEZ16,CornAEZ16,1990,SO2_AWB,8.09169800864433e-07
Southeast Asia,FiberCrop,FiberCropAEZ04,FiberCropAEZ04,1990,SO2_AWB,4.11411229465937e-05
Southeast Asia,FiberCrop,FiberCropAEZ05,FiberCropAEZ05,1990,SO2_AWB,5.40586280109116e-05
Southeast Asia,FiberCrop,FiberCropAEZ06,FiberCropAEZ06,1990,SO2_AWB,3.09167857226468e-05
Southeast Asia,FiberCrop,FiberCropAEZ09,FiberCropAEZ09,1990,SO2_AWB,2.4755349345477e-07
Southeast Asia,FiberCrop,FiberCropAEZ10,FiberCropAEZ10,1990,SO2_AWB,1.07263731890445e-05
Southeast Asia,FiberCrop,FiberCropAEZ11,FiberCropAEZ11,1990,SO2_AWB,3.55110132150445e-06
Southeast Asia,FiberCrop,FiberCropAEZ12,FiberCropAEZ12,1990,SO2_AWB,1.47335272567609e-06
Southeast Asia,FiberCrop,FiberCropAEZ15,FiberCropAEZ15,1990,SO2_AWB,8.60138156011415e-07
Southeast Asia,FiberCrop,FiberCropAEZ16,FiberCropAEZ16,1990,SO2_AWB,2.07869345649042e-08
Southeast Asia,FodderGrass,FodderGrassAEZ04,FodderGrassAEZ04,1990,SO2_AWB,0.000158371000005456
Southeast Asia,FodderGrass,FodderGrassAEZ05,FodderGrassAEZ05,1990,SO2_AWB,0.000445707787315508
Southeast Asia,FodderGrass,FodderGrassAEZ06,FodderGrassAEZ06,1990,SO2_AWB,0.000167089913266727
Southeast Asia,FodderGrass,FodderGrassAEZ09,FodderGrassAEZ09,1990,SO2_AWB,0
Southeast Asia,FodderGrass,FodderGrassAEZ10,FodderGrassAEZ10,1990,SO2_AWB,1.3013992596033e-06
Southeast Asia,FodderGrass,FodderGrassAEZ11,FodderGrassAEZ11,1990,SO2_AWB,5.32512965043331e-05
Southeast Asia,FodderGrass,FodderGrassAEZ12,FodderGrassAEZ12,1990,SO2_AWB,1.75498756134585e-05
Southeast Asia,FodderGrass,FodderGrassAEZ15,FodderGrassAEZ15,1990,SO2_AWB,3.85720506916444e-08
Southeast Asia,FodderGrass,FodderGrassAEZ16,FodderGrassAEZ16,1990,SO2_AWB,5.66493040263553e-07
Southeast Asia,FodderHerb,FodderHerbAEZ04,FodderHerbAEZ04,1990,SO2_AWB,3.4480109252838e-07
Southeast Asia,FodderHerb,FodderHerbAEZ05,FodderHerbAEZ05,1990,SO2_AWB,5.31550734797292e-05
Southeast Asia,FodderHerb,FodderHerbAEZ06,FodderHerbAEZ06,1990,SO2_AWB,4.21077264621174e-05
Southeast Asia,FodderHerb,FodderHerbAEZ09,FodderHerbAEZ09,1990,SO2_AWB,0
Southeast Asia,FodderHerb,FodderHerbAEZ10,FodderHerbAEZ10,1990,SO2_AWB,0
Southeast Asia,FodderHerb,FodderHerbAEZ11,FodderHerbAEZ11,1990,SO2_AWB,0
Southeast Asia,FodderHerb,FodderHerbAEZ12,FodderHerbAEZ12,1990,SO2_AWB,1.93454266661325e-06
Southeast Asia,FodderHerb,FodderHerbAEZ15,FodderHerbAEZ15,1990,SO2_AWB,0
Southeast Asia,FodderHerb,FodderHerbAEZ16,FodderHerbAEZ16,1990,SO2_AWB,0
Southeast Asia,MiscCrop,MiscCropAEZ04,MiscCropAEZ04,1990,SO2_AWB,0.00159934764151814
Southeast Asia,MiscCrop,MiscCropAEZ05,MiscCropAEZ05,1990,SO2_AWB,0.00314411080888855
Southeast Asia,MiscCrop,MiscCropAEZ06,MiscCropAEZ06,1990,SO2_AWB,0.00430697832361362
Southeast Asia,MiscCrop,MiscCropAEZ09,MiscCropAEZ09,1990,SO2_AWB,2.20961962208722e-05
Southeast Asia,MiscCrop,MiscCropAEZ10,MiscCropAEZ10,1990,SO2_AWB,0.000889289631357435
Southeast Asia,MiscCrop,MiscCropAEZ11,MiscCropAEZ11,1990,SO2_AWB,0.000312292624474068
Southeast Asia,MiscCrop,MiscCropAEZ12,MiscCropAEZ12,1990,SO2_AWB,0.000108184974066336
Southeast Asia,MiscCrop,MiscCropAEZ15,MiscCropAEZ15,1990,SO2_AWB,5.34560171165798e-05
Southeast Asia,MiscCrop,MiscCropAEZ16,MiscCropAEZ16,1990,SO2_AWB,3.47403557447437e-07
Southeast Asia,OilCrop,OilCropAEZ04,OilCropAEZ04,1990,SO2_AWB,0.000135753460768716
Southeast Asia,OilCrop,OilCropAEZ05,OilCropAEZ05,1990,SO2_AWB,0.00027708462016898
Southeast Asia,OilCrop,OilCropAEZ06,OilCropAEZ06,1990,SO2_AWB,9.02636819110154e-05
Southeast Asia,OilCrop,OilCropAEZ09,OilCropAEZ09,1990,SO2_AWB,2.51097647064999e-06
Southeast Asia,OilCrop,OilCropAEZ10,OilCropAEZ10,1990,SO2_AWB,5.90958282305502e-05
Southeast Asia,OilCrop,OilCropAEZ11,OilCropAEZ11,1990,SO2_AWB,2.92068109184479e-05
Southeast Asia,OilCrop,OilCropAEZ12,OilCropAEZ12,1990,SO2_AWB,9.47994325282834e-06
Southeast Asia,OilCrop,OilCropAEZ15,OilCropAEZ15,1990,SO2_AWB,6.02141336584556e-06
Southeast Asia,OilCrop,OilCropAEZ16,OilCropAEZ16,1990,SO2_AWB,1.93599111712658e-07
Southeast Asia,OtherGrain,OtherGrainAEZ04,OtherGrainAEZ04,1990,SO2_AWB,4.75493606941569e-05
Southeast Asia,OtherGrain,OtherGrainAEZ05,OtherGrainAEZ05,1990,SO2_AWB,5.03989991215587e-05
Southeast Asia,OtherGrain,OtherGrainAEZ06,OtherGrainAEZ06,1990,SO2_AWB,5.50216114887456e-06
Southeast Asia,OtherGrain,OtherGrainAEZ09,OtherGrainAEZ09,1990,SO2_AWB,1.39083988172211e-06
Southeast Asia,OtherGrain,OtherGrainAEZ10,OtherGrainAEZ10,1990,SO2_AWB,5.48511811220669e-05
Southeast Asia,OtherGrain,OtherGrainAEZ11,OtherGrainAEZ11,1990,SO2_AWB,1.37258710967495e-05
Southeast Asia,OtherGrain,OtherGrainAEZ12,OtherGrainAEZ12,1990,SO2_AWB,2.21879700752598e-06
Southeast Asia,OtherGrain,OtherGrainAEZ15,OtherGrainAEZ15,1990,SO2_AWB,3.76761409760947e-06
Southeast Asia,OtherGrain,OtherGrainAEZ16,OtherGrainAEZ16,1990,SO2_AWB,4.62545880337362e-08
Southeast Asia,PalmFruit,PalmFruitAEZ04,PalmFruitAEZ04,1990,SO2_AWB,0.000522859528419233
Southeast Asia,PalmFruit,PalmFruitAEZ05,PalmFruitAEZ05,1990,SO2_AWB,0.000532265879588483
Southeast Asia,PalmFruit,PalmFruitAEZ06,PalmFruitAEZ06,1990,SO2_AWB,0.0102755834767766
Southeast Asia,PalmFruit,PalmFruitAEZ09,PalmFruitAEZ09,1990,SO2_AWB,0
Southeast Asia,PalmFruit,PalmFruitAEZ10,PalmFruitAEZ10,1990,SO2_AWB,1.73616203547837e-06
Southeast Asia,PalmFruit,PalmFruitAEZ11,PalmFruitAEZ11,1990,SO2_AWB,7.73419986517643e-07
Southeast Asia,PalmFruit,PalmFruitAEZ12,PalmFruitAEZ12,1990,SO2_AWB,4.43287220372008e-06
Southeast Asia,PalmFruit,PalmFruitAEZ15,PalmFruitAEZ15,1990,SO2_AWB,0
Southeast Asia,PalmFruit,PalmFruitAEZ16,PalmFruitAEZ16,1990,SO2_AWB,0
Southeast Asia,Rice,RiceAEZ04,RiceAEZ04,1990,SO2_AWB,0.00503482507545753
Southeast Asia,Rice,RiceAEZ05,RiceAEZ05,1990,SO2_AWB,0.00673075013641765
Southeast Asia,Rice,RiceAEZ06,RiceAEZ06,1990,SO2_AWB,0.00393533073828901
Southeast Asia,Rice,RiceAEZ09,RiceAEZ09,1990,SO2_AWB,1.14167739784703e-05
Southeast Asia,Rice,RiceAEZ10,RiceAEZ10,1990,SO2_AWB,0.000295723665213497
Southeast Asia,Rice,RiceAEZ11,RiceAEZ11,1990,SO2_AWB,0.000218103606710166
Southeast Asia,Rice,RiceAEZ12,RiceAEZ12,1990,SO2_AWB,0.000147601990115937
Southeast Asia,Rice,RiceAEZ15,RiceAEZ15,1990,SO2_AWB,2.8616555965735e-05
Southeast Asia,Rice,RiceAEZ16,RiceAEZ16,1990,SO2_AWB,9.0561682764734e-07
Southeast Asia,Root_Tuber,Root_TuberAEZ04,Root_TuberAEZ04,1990,SO2_AWB,0.0037773489298727
Southeast Asia,Root_Tuber,Root_TuberAEZ05,Root_TuberAEZ05,1990,SO2_AWB,0.00182463787816101
Southeast Asia,Root_Tuber,Root_TuberAEZ06,Root_TuberAEZ06,1990,SO2_AWB,0.00148676670759275
Southeast Asia,Root_Tuber,Root_TuberAEZ09,Root_TuberAEZ09,1990,SO2_AWB,1.75988396055074e-05
Southeast Asia,Root_Tuber,Root_TuberAEZ10,Root_TuberAEZ10,1990,SO2_AWB,0.000457848522466222
Southeast Asia,Root_Tuber,Root_TuberAEZ11,Root_TuberAEZ11,1990,SO2_AWB,5.75905721892763e-05
Southeast Asia,Root_Tuber,Root_TuberAEZ12,Root_TuberAEZ12,1990,SO2_AWB,6.87132391555954e-05
Southeast Asia,Root_Tuber,Root_TuberAEZ15,Root_TuberAEZ15,1990,SO2_AWB,3.28033452079523e-05
Southeast Asia,Root_Tuber,Root_TuberAEZ16,Root_TuberAEZ16,1990,SO2_AWB,4.88722021542825e-07
Southeast Asia,SugarCrop,SugarCropAEZ04,SugarCropAEZ04,1990,SO2_AWB,0.0061882614322109
Southeast Asia,SugarCrop,SugarCropAEZ05,SugarCropAEZ05,1990,SO2_AWB,0.00596342775392928
Southeast Asia,SugarCrop,SugarCropAEZ06,SugarCropAEZ06,1990,SO2_AWB,0.00526862308119184
Southeast Asia,SugarCrop,SugarCropAEZ09,SugarCropAEZ09,1990,SO2_AWB,0
Southeast Asia,SugarCrop,SugarCropAEZ10,SugarCropAEZ10,1990,SO2_AWB,1.67460106763981e-05
Southeast Asia,SugarCrop,SugarCropAEZ11,SugarCropAEZ11,1990,SO2_AWB,0.000287388765442664
Southeast Asia,SugarCrop,SugarCropAEZ12,SugarCropAEZ12,1990,SO2_AWB,7.29568303870387e-05
Southeast Asia,SugarCrop,SugarCropAEZ15,SugarCropAEZ15,1990,SO2_AWB,0
Southeast Asia,SugarCrop,SugarCropAEZ16,SugarCropAEZ16,1990,SO2_AWB,0
Southeast Asia,Wheat,WheatAEZ04,WheatAEZ04,1990,SO2_AWB,4.83587312717735e-06
Southeast Asia,Wheat,WheatAEZ05,WheatAEZ05,1990,SO2_AWB,1.77596497832062e-05
Southeast Asia,Wheat,WheatAEZ06,WheatAEZ06,1990,SO2_AWB,3.94377414383772e-08
Southeast Asia,Wheat,WheatAEZ09,WheatAEZ09,1990,SO2_AWB,4.54253693355908e-07
Southeast Asia,Wheat,WheatAEZ10,WheatAEZ10,1990,SO2_AWB,2.89012435396364e-05
Southeast Asia,Wheat,WheatAEZ11,WheatAEZ11,1990,SO2_AWB,5.94473575506517e-06
Southeast Asia,Wheat,WheatAEZ12,WheatAEZ12,1990,SO2_AWB,1.46725670154313e-06
Southeast Asia,Wheat,WheatAEZ15,WheatAEZ15,1990,SO2_AWB,1.97332640554799e-06
Southeast Asia,Wheat,WheatAEZ16,WheatAEZ16,1990,SO2_AWB,3.04562995925571e-07
Argentina,Corn,CornAEZ07,CornAEZ07,1990,CH4_AWB,4.21668497932425e-06
Argentina,Corn,CornAEZ08,CornAEZ08,1990,CH4_AWB,3.75264669161774e-05
Argentina,Corn,CornAEZ09,CornAEZ09,1990,CH4_AWB,8.56513044044956e-05
Argentina,Corn,CornAEZ10,CornAEZ10,1990,CH4_AWB,0.000174612860907507
Argentina,Corn,CornAEZ11,CornAEZ11,1990,CH4_AWB,0.000148036122611591
Argentina,Corn,CornAEZ12,CornAEZ12,1990,CH4_AWB,0.000336416907609754
Argentina,Corn,CornAEZ13,CornAEZ13,1990,CH4_AWB,2.09397162020742e-07
Argentina,Corn,CornAEZ14,CornAEZ14,1990,CH4_AWB,3.78691830225316e-09
Argentina,Corn,CornAEZ15,CornAEZ15,1990,CH4_AWB,0
Argentina,Corn,CornAEZ16,CornAEZ16,1990,CH4_AWB,0
Argentina,FiberCrop,FiberCropAEZ07,FiberCropAEZ07,1990,CH4_AWB,1.4127500086206e-07
Argentina,FiberCrop,FiberCropAEZ08,FiberCropAEZ08,1990,CH4_AWB,3.10979955457972e-06
Argentina,FiberCrop,FiberCropAEZ09,FiberCropAEZ09,1990,CH4_AWB,1.53351170440393e-05
Argentina,FiberCrop,FiberCropAEZ10,FiberCropAEZ10,1990,CH4_AWB,1.76646237146008e-05
Argentina,FiberCrop,FiberCropAEZ11,FiberCropAEZ11,1990,CH4_AWB,3.30144660167278e-05
Argentina,FiberCrop,FiberCropAEZ12,FiberCropAEZ12,1990,CH4_AWB,1.06355727945164e-05
Argentina,FiberCrop,FiberCropAEZ13,FiberCropAEZ13,1990,CH4_AWB,0
Argentina,FiberCrop,FiberCropAEZ14,FiberCropAEZ14,1990,CH4_AWB,0
Argentina,FiberCrop,FiberCropAEZ15,FiberCropAEZ15,1990,CH4_AWB,0
Argentina,FiberCrop,FiberCropAEZ16,FiberCropAEZ16,1990,CH4_AWB,0
Argentina,FodderGrass,FodderGrassAEZ07,FodderGrassAEZ07,1990,CH4_AWB,0.000679957941542962
Argentina,FodderGrass,FodderGrassAEZ08,FodderGrassAEZ08,1990,CH4_AWB,0.00126262606854351
Argentina,FodderGrass,FodderGrassAEZ09,FodderGrassAEZ09,1990,CH4_AWB,0.0015322757380757
Argentina,FodderGrass,FodderGrassAEZ10,FodderGrassAEZ10,1990,CH4_AWB,0.00105739142424835
Argentina,FodderGrass,FodderGrassAEZ11,FodderGrassAEZ11,1990,CH4_AWB,0.00173368349789884
Argentina,FodderGrass,FodderGrassAEZ12,FodderGrassAEZ12,1990,CH4_AWB,0.00296071102752906
Argentina,FodderGrass,FodderGrassAEZ13,FodderGrassAEZ13,1990,CH4_AWB,1.03876249117146e-05
Argentina,FodderGrass,FodderGrassAEZ14,FodderGrassAEZ14,1990,CH4_AWB,5.50642443210938e-06
Argentina,FodderGrass,FodderGrassAEZ15,FodderGrassAEZ15,1990,CH4_AWB,8.2700855964114e-07
Argentina,FodderGrass,FodderGrassAEZ16,FodderGrassAEZ16,1990,CH4_AWB,0
Argentina,FodderHerb,FodderHerbAEZ07,FodderHerbAEZ07,1990,CH4_AWB,0.000281967679272616
Argentina,FodderHerb,FodderHerbAEZ08,FodderHerbAEZ08,1990,CH4_AWB,0.00159434140666619
Argentina,FodderHerb,FodderHerbAEZ09,FodderHerbAEZ09,1990,CH4_AWB,0.00176917728348861
Argentina,FodderHerb,FodderHerbAEZ10,FodderHerbAEZ10,1990,CH4_AWB,0.00329593418235552
Argentina,FodderHerb,FodderHerbAEZ11,FodderHerbAEZ11,1990,CH4_AWB,0.00234141019476992
Argentina,FodderHerb,FodderHerbAEZ12,FodderHerbAEZ12,1990,CH4_AWB,0.00157230227131718
Argentina,FodderHerb,FodderHerbAEZ13,FodderHerbAEZ13,1990,CH4_AWB,3.44523195580768e-06
Argentina,FodderHerb,FodderHerbAEZ14,FodderHerbAEZ14,1990,CH4_AWB,2.46910331422266e-06
Argentina,FodderHerb,FodderHerbAEZ15,FodderHerbAEZ15,1990,CH4_AWB,2.97921320032071e-07
Argentina,FodderHerb,FodderHerbAEZ16,FodderHerbAEZ16,1990,CH4_AWB,0
Argentina,MiscCrop,MiscCropAEZ07,MiscCropAEZ07,1990,CH4_AWB,0.00046864378832427
Argentina,MiscCrop,MiscCropAEZ08,MiscCropAEZ08,1990,CH4_AWB,7.95704800497755e-05
Argentina,MiscCrop,MiscCropAEZ09,MiscCropAEZ09,1990,CH4_AWB,8.3499530420978e-05
Argentina,MiscCrop,MiscCropAEZ10,MiscCropAEZ10,1990,CH4_AWB,9.96353057133189e-05
Argentina,MiscCrop,MiscCropAEZ11,MiscCropAEZ11,1990,CH4_AWB,7.53273060822236e-06
Argentina,MiscCrop,MiscCropAEZ12,MiscCropAEZ12,1990,CH4_AWB,0.000243767037285597
Argentina,MiscCrop,MiscCropAEZ13,MiscCropAEZ13,1990,CH4_AWB,2.10997298480404e-05
Argentina,MiscCrop,MiscCropAEZ14,MiscCropAEZ14,1990,CH4_AWB,1.25493545935824e-07
Argentina,MiscCrop,MiscCropAEZ15,MiscCropAEZ15,1990,CH4_AWB,1.73708901206642e-08
Argentina,MiscCrop,MiscCropAEZ16,MiscCropAEZ16,1990,CH4_AWB,0
Argentina,OilCrop,OilCropAEZ07,OilCropAEZ07,1990,CH4_AWB,4.0366249646861e-06
Argentina,OilCrop,OilCropAEZ08,OilCropAEZ08,1990,CH4_AWB,7.28231450324782e-05
Argentina,OilCrop,OilCropAEZ09,OilCropAEZ09,1990,CH4_AWB,0.00017093027751998
Argentina,OilCrop,OilCropAEZ10,OilCropAEZ10,1990,CH4_AWB,0.000355452736415562
Argentina,OilCrop,OilCropAEZ11,OilCropAEZ11,1990,CH4_AWB,0.000320223153649187
Argentina,OilCrop,OilCropAEZ12,OilCropAEZ12,1990,CH4_AWB,0.000564423679776465
Argentina,OilCrop,OilCropAEZ13,OilCropAEZ13,1990,CH4_AWB,0
Argentina,OilCrop,OilCropAEZ14,OilCropAEZ14,1990,CH4_AWB,6.87526197375985e-10
Argentina,OilCrop,OilCropAEZ15,OilCropAEZ15,1990,CH4_AWB,0
Argentina,OilCrop,OilCropAEZ16,OilCropAEZ16,1990,CH4_AWB,0
Argentina,OtherGrain,OtherGrainAEZ07,OtherGrainAEZ07,1990,CH4_AWB,2.77171825472958e-06
Argentina,OtherGrain,OtherGrainAEZ08,OtherGrainAEZ08,1990,CH4_AWB,1.58831201023565e-05
Argentina,OtherGrain,OtherGrainAEZ09,OtherGrainAEZ09,1990,CH4_AWB,5.12263616725185e-05
Argentina,OtherGrain,OtherGrainAEZ10,OtherGrainAEZ10,1990,CH4_AWB,0.000114750272361375
Argentina,OtherGrain,OtherGrainAEZ11,OtherGrainAEZ11,1990,CH4_AWB,8.87619181793692e-05
Argentina,OtherGrain,OtherGrainAEZ12,OtherGrainAEZ12,1990,CH4_AWB,9.9230869241479e-05
Argentina,OtherGrain,OtherGrainAEZ13,OtherGrainAEZ13,1990,CH4_AWB,0
Argentina,OtherGrain,OtherGrainAEZ14,OtherGrainAEZ14,1990,CH4_AWB,1.64177804582695e-08
Argentina,OtherGrain,OtherGrainAEZ15,OtherGrainAEZ15,1990,CH4_AWB,0
Argentina,OtherGrain,OtherGrainAEZ16,OtherGrainAEZ16,1990,CH4_AWB,0
Argentina,PalmFruit,PalmFruitAEZ07,PalmFruitAEZ07,1990,CH4_AWB,0
Argentina,PalmFruit,PalmFruitAEZ08,PalmFruitAEZ08,1990,CH4_AWB,0
Argentina,PalmFruit,PalmFruitAEZ09,PalmFruitAEZ09,1990,CH4_AWB,0
Argentina,PalmFruit,PalmFruitAEZ10,PalmFruitAEZ10,1990,CH4_AWB,0
Argentina,PalmFruit,PalmFruitAEZ11,PalmFruitAEZ11,1990,CH4_AWB,0
Argentina,PalmFruit,PalmFruitAEZ12,PalmFruitAEZ12,1990,CH4_AWB,0
Argentina,PalmFruit,PalmFruitAEZ13,PalmFruitAEZ13,1990,CH4_AWB,0
Argentina,PalmFruit,PalmFruitAEZ14,PalmFruitAEZ14,1990,CH4_AWB,0
Argentina,PalmFruit,PalmFruitAEZ15,PalmFruitAEZ15,1990,CH4_AWB,0
Argentina,PalmFruit,PalmFruitAEZ16,PalmFruitAEZ16,1990,CH4_AWB,0
Argentina,Rice,RiceAEZ07,RiceAEZ07,1990,CH4_AWB,0
Argentina,Rice,RiceAEZ08,RiceAEZ08,1990,CH4_AWB,0
Argentina,Rice,RiceAEZ09,RiceAEZ09,1990,CH4_AWB,0
Argentina,Rice,RiceAEZ10,RiceAEZ10,1990,CH4_AWB,4.82536221292882e-09
Argentina,Rice,RiceAEZ11,RiceAEZ11,1990,CH4_AWB,4.27191414694162e-06
Argentina,Rice,RiceAEZ12,RiceAEZ12,1990,CH4_AWB,4.51737822472972e-05
Argentina,Rice,RiceAEZ13,RiceAEZ13,1990,CH4_AWB,6.62962808385005e-09
Argentina,Rice,RiceAEZ14,RiceAEZ14,1990,CH4_AWB,0
Argentina,Rice,RiceAEZ15,RiceAEZ15,1990,CH4_AWB,0
Argentina,Rice,RiceAEZ16,RiceAEZ16,1990,CH4_AWB,0
Argentina,Root_Tuber,Root_TuberAEZ07,Root_TuberAEZ07,1990,CH4_AWB,8.19555335235141e-06
Argentina,Root_Tuber,Root_TuberAEZ08,Root_TuberAEZ08,1990,CH4_AWB,2.73212411238598e-05
Argentina,Root_Tuber,Root_TuberAEZ09,Root_TuberAEZ09,1990,CH4_AWB,2.51443979123529e-05
Argentina,Root_Tuber,Root_TuberAEZ10,Root_TuberAEZ10,1990,CH4_AWB,6.24332362558276e-05
Argentina,Root_Tuber,Root_TuberAEZ11,Root_TuberAEZ11,1990,CH4_AWB,8.14882520799892e-05
Argentina,Root_Tuber,Root_TuberAEZ12,Root_TuberAEZ12,1990,CH4_AWB,5.11916115479089e-05
Argentina,Root_Tuber,Root_TuberAEZ13,Root_TuberAEZ13,1990,CH4_AWB,6.96045064754736e-07
Argentina,Root_Tuber,Root_TuberAEZ14,Root_TuberAEZ14,1990,CH4_AWB,2.41094403709334e-08
Argentina,Root_Tuber,Root_TuberAEZ15,Root_TuberAEZ15,1990,CH4_AWB,0
Argentina,Root_Tuber,Root_TuberAEZ16,Root_TuberAEZ16,1990,CH4_AWB,0
Argentina,SugarCrop,SugarCropAEZ07,SugarCropAEZ07,1990,CH4_AWB,0
Argentina,SugarCrop,SugarCropAEZ08,SugarCropAEZ08,1990,CH4_AWB,6.76656147674122e-06
Argentina,SugarCrop,SugarCropAEZ09,SugarCropAEZ09,1990,CH4_AWB,0.000381119157934311
Argentina,SugarCrop,SugarCropAEZ10,SugarCropAEZ10,1990,CH4_AWB,0.0011267096742145
Argentina,SugarCrop,SugarCropAEZ11,SugarCropAEZ11,1990,CH4_AWB,2.87453514179907e-08
Argentina,SugarCrop,SugarCropAEZ12,SugarCropAEZ12,1990,CH4_AWB,0.000111837795191481
Argentina,SugarCrop,SugarCropAEZ13,SugarCropAEZ13,1990,CH4_AWB,2.16956717915458e-07
Argentina,SugarCrop,SugarCropAEZ14,SugarCropAEZ14,1990,CH4_AWB,0
Argentina,SugarCrop,SugarCropAEZ15,SugarCropAEZ15,1990,CH4_AWB,0
Argentina,SugarCrop,SugarCropAEZ16,SugarCropAEZ16,1990,CH4_AWB,0
Argentina,Wheat,WheatAEZ07,WheatAEZ07,1990,CH4_AWB,2.40983123245449e-05
Argentina,Wheat,WheatAEZ08,WheatAEZ08,1990,CH4_AWB,6.39326128264728e-05
Argentina,Wheat,WheatAEZ09,WheatAEZ09,1990,CH4_AWB,0.000140423308233683
Argentina,Wheat,WheatAEZ10,WheatAEZ10,1990,CH4_AWB,0.000210231512009638
Argentina,Wheat,WheatAEZ11,WheatAEZ11,1990,CH4_AWB,0.000292700250912192
Argentina,Wheat,WheatAEZ12,WheatAEZ12,1990,CH4_AWB,0.000299765236681774
Argentina,Wheat,WheatAEZ13,WheatAEZ13,1990,CH4_AWB,3.45516693005928e-07
Argentina,Wheat,WheatAEZ14,WheatAEZ14,1990,CH4_AWB,1.29560071567702e-07
Argentina,Wheat,WheatAEZ15,WheatAEZ15,1990,CH4_AWB,3.43361992244876e-08
Argentina,Wheat,WheatAEZ16,WheatAEZ16,1990,CH4_AWB,0
Argentina,Corn,CornAEZ07,CornAEZ07,1990,CO_AWB,0.000206114079213238
Argentina,Corn,CornAEZ08,CornAEZ08,1990,CO_AWB,0.0018343161067236
Argentina,Corn,CornAEZ09,CornAEZ09,1990,CO_AWB,0.00418668689439885
Argentina,Corn,CornAEZ10,CornAEZ10,1990,CO_AWB,0.00853518088764305
Argentina,Corn,CornAEZ11,CornAEZ11,1990,CO_AWB,0.00723609405302924
Argentina,Corn,CornAEZ12,CornAEZ12,1990,CO_AWB,0.0164442592898798
Argentina,Corn,CornAEZ13,CornAEZ13,1990,CO_AWB,1.02354582928049e-05
Argentina,Corn,CornAEZ14,CornAEZ14,1990,CO_AWB,1.85106827460882e-07
Argentina,Corn,CornAEZ15,CornAEZ15,1990,CO_AWB,0
Argentina,Corn,CornAEZ16,CornAEZ16,1990,CO_AWB,0
Argentina,FiberCrop,FiberCropAEZ07,FiberCropAEZ07,1990,CO_AWB,6.9056063854216e-06
Argentina,FiberCrop,FiberCropAEZ08,FiberCropAEZ08,1990,CO_AWB,0.000152008858824606
Argentina,FiberCrop,FiberCropAEZ09,FiberCropAEZ09,1990,CO_AWB,0.0007495896764064
Argentina,FiberCrop,FiberCropAEZ10,FiberCropAEZ10,1990,CO_AWB,0.000863457353213695
Argentina,FiberCrop,FiberCropAEZ11,FiberCropAEZ11,1990,CO_AWB,0.00161376680902662
Argentina,FiberCrop,FiberCropAEZ12,FiberCropAEZ12,1990,CO_AWB,0.000519873147791662
Argentina,FiberCrop,FiberCropAEZ13,FiberCropAEZ13,1990,CO_AWB,0
Argentina,FiberCrop,FiberCropAEZ14,FiberCropAEZ14,1990,CO_AWB,0
Argentina,FiberCrop,FiberCropAEZ15,FiberCropAEZ15,1990,CO_AWB,0
Argentina,FiberCrop,FiberCropAEZ16,FiberCropAEZ16,1990,CO_AWB,0
Argentina,FodderGrass,FodderGrassAEZ07,FodderGrassAEZ07,1990,CO_AWB,0.0332367501276597
Argentina,FodderGrass,FodderGrassAEZ08,FodderGrassAEZ08,1990,CO_AWB,0.0617179160370147
Argentina,FodderGrass,FodderGrassAEZ09,FodderGrassAEZ09,1990,CO_AWB,0.0748985528686258
Argentina,FodderGrass,FodderGrassAEZ10,FodderGrassAEZ10,1990,CO_AWB,0.0516859240957217
Argentina,FodderGrass,FodderGrassAEZ11,FodderGrassAEZ11,1990,CO_AWB,0.0847434844122193
Argentina,FodderGrass,FodderGrassAEZ12,FodderGrassAEZ12,1990,CO_AWB,0.144721322614294
Argentina,FodderGrass,FodderGrassAEZ13,FodderGrassAEZ13,1990,CO_AWB,0.000507753307251723
Argentina,FodderGrass,FodderGrassAEZ14,FodderGrassAEZ14,1990,CO_AWB,0.000269157313659078
Argentina,FodderGrass,FodderGrassAEZ15,FodderGrassAEZ15,1990,CO_AWB,4.04246721317124e-05
Argentina,FodderGrass,FodderGrassAEZ16,FodderGrassAEZ16,1990,CO_AWB,0
Argentina,FodderHerb,FodderHerbAEZ07,FodderHerbAEZ07,1990,CO_AWB,0.0137827485017585
Argentina,FodderHerb,FodderHerbAEZ08,FodderHerbAEZ08,1990,CO_AWB,0.0779323598034593
Argentina,FodderHerb,FodderHerbAEZ09,FodderHerbAEZ09,1990,CO_AWB,0.0864784418421671
Argentina,FodderHerb,FodderHerbAEZ10,FodderHerbAEZ10,1990,CO_AWB,0.161107230555438
Argentina,FodderHerb,FodderHerbAEZ11,FodderHerbAEZ11,1990,CO_AWB,0.114449528177186
Argentina,FodderHerb,FodderHerbAEZ12,FodderHerbAEZ12,1990,CO_AWB,0.0768550737099068
Argentina,FodderHerb,FodderHerbAEZ13,FodderHerbAEZ13,1990,CO_AWB,0.000168404994854779
Argentina,FodderHerb,FodderHerbAEZ14,FodderHerbAEZ14,1990,CO_AWB,0.000120691244090734
Argentina,FodderHerb,FodderHerbAEZ15,FodderHerbAEZ15,1990,CO_AWB,1.45625719866423e-05
Argentina,FodderHerb,FodderHerbAEZ16,FodderHerbAEZ16,1990,CO_AWB,0
Argentina,MiscCrop,MiscCropAEZ07,MiscCropAEZ07,1990,CO_AWB,0.0229075881606266
Argentina,MiscCrop,MiscCropAEZ08,MiscCropAEZ08,1990,CO_AWB,0.00388945256959723
Argentina,MiscCrop,MiscCropAEZ09,MiscCropAEZ09,1990,CO_AWB,0.00408150689744333
Argentina,MiscCrop,MiscCropAEZ10,MiscCropAEZ10,1990,CO_AWB,0.00487023322703163
Argentina,MiscCrop,MiscCropAEZ11,MiscCropAEZ11,1990,CO_AWB,0.000368204369282511
Argentina,MiscCrop,MiscCropAEZ12,MiscCropAEZ12,1990,CO_AWB,0.0119154783150796
Argentina,MiscCrop,MiscCropAEZ13,MiscCropAEZ13,1990,CO_AWB,0.00103136739182586
Argentina,MiscCrop,MiscCropAEZ14,MiscCropAEZ14,1990,CO_AWB,6.13419944686304e-06
Argentina,MiscCrop,MiscCropAEZ15,MiscCropAEZ15,1990,CO_AWB,8.49099479778736e-07
Argentina,MiscCrop,MiscCropAEZ16,MiscCropAEZ16,1990,CO_AWB,0
Argentina,OilCrop,OilCropAEZ07,OilCropAEZ07,1990,CO_AWB,0.000197312638199209
Argentina,OilCrop,OilCropAEZ08,OilCropAEZ08,1990,CO_AWB,0.00355963880569203
Argentina,OilCrop,OilCropAEZ09,OilCropAEZ09,1990,CO_AWB,0.00835517401310352
Argentina,OilCrop,OilCropAEZ10,OilCropAEZ10,1990,CO_AWB,0.0173747419665816
Argentina,OilCrop,OilCropAEZ11,OilCropAEZ11,1990,CO_AWB,0.0156526989283745
Argentina,OilCrop,OilCropAEZ12,OilCropAEZ12,1990,CO_AWB,0.0275893664368347
Argentina,OilCrop,OilCropAEZ13,OilCropAEZ13,1990,CO_AWB,0
Argentina,OilCrop,OilCropAEZ14,OilCropAEZ14,1990,CO_AWB,3.36066909911395e-08
Argentina,OilCrop,OilCropAEZ15,OilCropAEZ15,1990,CO_AWB,0
Argentina,OilCrop,OilCropAEZ16,OilCropAEZ16,1990,CO_AWB,0
Argentina,OtherGrain,OtherGrainAEZ07,OtherGrainAEZ07,1990,CO_AWB,0.000135483243048349
Argentina,OtherGrain,OtherGrainAEZ08,OtherGrainAEZ08,1990,CO_AWB,0.000776376393062946
Argentina,OtherGrain,OtherGrainAEZ09,OtherGrainAEZ09,1990,CO_AWB,0.00250397514145519
Argentina,OtherGrain,OtherGrainAEZ10,OtherGrainAEZ10,1990,CO_AWB,0.0056090618206493
Argentina,OtherGrain,OtherGrainAEZ11,OtherGrainAEZ11,1990,CO_AWB,0.00433873555279752
Argentina,OtherGrain,OtherGrainAEZ12,OtherGrainAEZ12,1990,CO_AWB,0.00485046413083349
Argentina,OtherGrain,OtherGrainAEZ13,OtherGrainAEZ13,1990,CO_AWB,0
Argentina,OtherGrain,OtherGrainAEZ14,OtherGrainAEZ14,1990,CO_AWB,8.02510910460187e-07
Argentina,OtherGrain,OtherGrainAEZ15,OtherGrainAEZ15,1990,CO_AWB,0
Argentina,OtherGrain,OtherGrainAEZ16,OtherGrainAEZ16,1990,CO_AWB,0
Argentina,PalmFruit,PalmFruitAEZ07,PalmFruitAEZ07,1990,CO_AWB,0
Argentina,PalmFruit,PalmFruitAEZ08,PalmFruitAEZ08,1990,CO_AWB,0
Argentina,PalmFruit,PalmFruitAEZ09,PalmFruitAEZ09,1990,CO_AWB,0
Argentina,PalmFruit,PalmFruitAEZ10,PalmFruitAEZ10,1990,CO_AWB,0
Argentina,PalmFruit,PalmFruitAEZ11,PalmFruitAEZ11,1990,CO_AWB,0
Argentina,PalmFruit,PalmFruitAEZ12,PalmFruitAEZ12,1990,CO_AWB,0
Argentina,PalmFruit,PalmFruitAEZ13,PalmFruitAEZ13,1990,CO_AWB,0
Argentina,PalmFruit,PalmFruitAEZ14,PalmFruitAEZ14,1990,CO_AWB,0
Argentina,PalmFruit,PalmFruitAEZ15,PalmFruitAEZ15,1990,CO_AWB,0
Argentina,PalmFruit,PalmFruitAEZ16,PalmFruitAEZ16,1990,CO_AWB,0
Argentina,Rice,RiceAEZ07,RiceAEZ07,1990,CO_AWB,0
Argentina,Rice,RiceAEZ08,RiceAEZ08,1990,CO_AWB,0
Argentina,Rice,RiceAEZ09,RiceAEZ09,1990,CO_AWB,0
Argentina,Rice,RiceAEZ10,RiceAEZ10,1990,CO_AWB,2.35866585781222e-07
Argentina,Rice,RiceAEZ11,RiceAEZ11,1990,CO_AWB,0.000208813713899012
Argentina,Rice,RiceAEZ12,RiceAEZ12,1990,CO_AWB,0.00220812144567013
Argentina,Rice,RiceAEZ13,RiceAEZ13,1990,CO_AWB,3.24060178725506e-07
Argentina,Rice,RiceAEZ14,RiceAEZ14,1990,CO_AWB,0
Argentina,Rice,RiceAEZ15,RiceAEZ15,1990,CO_AWB,0
Argentina,Rice,RiceAEZ16,RiceAEZ16,1990,CO_AWB,0
Argentina,Root_Tuber,Root_TuberAEZ07,Root_TuberAEZ07,1990,CO_AWB,0.00040060354073061
Argentina,Root_Tuber,Root_TuberAEZ08,Root_TuberAEZ08,1990,CO_AWB,0.001335478577323
Argentina,Root_Tuber,Root_TuberAEZ09,Root_TuberAEZ09,1990,CO_AWB,0.00122907318153665
Argentina,Root_Tuber,Root_TuberAEZ10,Root_TuberAEZ10,1990,CO_AWB,0.00305177386175874
Argentina,Root_Tuber,Root_TuberAEZ11,Root_TuberAEZ11,1990,CO_AWB,0.00398319441137261
Argentina,Root_Tuber,Root_TuberAEZ12,Root_TuberAEZ12,1990,CO_AWB,0.00250227653461793
Argentina,Root_Tuber,Root_TuberAEZ13,Root_TuberAEZ13,1990,CO_AWB,3.40230983145039e-05
Argentina,Root_Tuber,Root_TuberAEZ14,Root_TuberAEZ14,1990,CO_AWB,1.17848383902697e-06
Argentina,Root_Tuber,Root_TuberAEZ15,Root_TuberAEZ15,1990,CO_AWB,0
Argentina,Root_Tuber,Root_TuberAEZ16,Root_TuberAEZ16,1990,CO_AWB,0
Argentina,SugarCrop,SugarCropAEZ07,SugarCropAEZ07,1990,CO_AWB,0
Argentina,SugarCrop,SugarCropAEZ08,SugarCropAEZ08,1990,CO_AWB,0.000330753564721306
Argentina,SugarCrop,SugarCropAEZ09,SugarCropAEZ09,1990,CO_AWB,0.0186293319736548
Argentina,SugarCrop,SugarCropAEZ10,SugarCropAEZ10,1990,CO_AWB,0.0550742415380966
Argentina,SugarCrop,SugarCropAEZ11,SugarCropAEZ11,1990,CO_AWB,1.40508993871522e-06
Argentina,SugarCrop,SugarCropAEZ12,SugarCropAEZ12,1990,CO_AWB,0.00546669819779252
Argentina,SugarCrop,SugarCropAEZ13,SugarCropAEZ13,1990,CO_AWB,1.06049738981064e-05
Argentina,SugarCrop,SugarCropAEZ14,SugarCropAEZ14,1990,CO_AWB,0
Argentina,SugarCrop,SugarCropAEZ15,SugarCropAEZ15,1990,CO_AWB,0
Argentina,SugarCrop,SugarCropAEZ16,SugarCropAEZ16,1990,CO_AWB,0
Argentina,Wheat,WheatAEZ07,WheatAEZ07,1990,CO_AWB,0.00117793989347589
Argentina,Wheat,WheatAEZ08,WheatAEZ08,1990,CO_AWB,0.00312506428368207
Argentina,Wheat,WheatAEZ09,WheatAEZ09,1990,CO_AWB,0.00686397514127329
Argentina,Wheat,WheatAEZ10,WheatAEZ10,1990,CO_AWB,0.0102762418183815
Argentina,Wheat,WheatAEZ11,WheatAEZ11,1990,CO_AWB,0.0143073630110064
Argentina,Wheat,WheatAEZ12,WheatAEZ12,1990,CO_AWB,0.0146527037333255
Argentina,Wheat,WheatAEZ13,WheatAEZ13,1990,CO_AWB,1.68890622327525e-05
Argentina,Wheat,WheatAEZ14,WheatAEZ14,1990,CO_AWB,6.33297364752574e-06
Argentina,Wheat,WheatAEZ15,WheatAEZ15,1990,CO_AWB,1.67837391731637e-06
Argentina,Wheat,WheatAEZ16,WheatAEZ16,1990,CO_AWB,0
Argentina,Corn,CornAEZ07,CornAEZ07,1990,N2O_AWB,1.09350599277252e-07
Argentina,Corn,CornAEZ08,CornAEZ08,1990,N2O_AWB,9.73167705475497e-07
Argentina,Corn,CornAEZ09,CornAEZ09,1990,N2O_AWB,2.22118121496733e-06
Argentina,Corn,CornAEZ10,CornAEZ10,1990,N2O_AWB,4.52820665413124e-06
Argentina,Corn,CornAEZ11,CornAEZ11,1990,N2O_AWB,3.83899646324834e-06
Argentina,Corn,CornAEZ12,CornAEZ12,1990,N2O_AWB,8.72424443241712e-06
Argentina,Corn,CornAEZ13,CornAEZ13,1990,N2O_AWB,5.43026222404536e-09
Argentina,Corn,CornAEZ14,CornAEZ14,1990,N2O_AWB,9.82055305994757e-11
Argentina,Corn,CornAEZ15,CornAEZ15,1990,N2O_AWB,0
Argentina,Corn,CornAEZ16,CornAEZ16,1990,N2O_AWB,0
Argentina,FiberCrop,FiberCropAEZ07,FiberCropAEZ07,1990,N2O_AWB,3.66366140295268e-09
Argentina,FiberCrop,FiberCropAEZ08,FiberCropAEZ08,1990,N2O_AWB,8.064592128481e-08
Argentina,FiberCrop,FiberCropAEZ09,FiberCropAEZ09,1990,N2O_AWB,3.97683072597289e-07
Argentina,FiberCrop,FiberCropAEZ10,FiberCropAEZ10,1990,N2O_AWB,4.5809378662864e-07
Argentina,FiberCrop,FiberCropAEZ11,FiberCropAEZ11,1990,N2O_AWB,8.56158726926335e-07
Argentina,FiberCrop,FiberCropAEZ12,FiberCropAEZ12,1990,N2O_AWB,2.75810563141378e-07
Argentina,FiberCrop,FiberCropAEZ13,FiberCropAEZ13,1990,N2O_AWB,0
Argentina,FiberCrop,FiberCropAEZ14,FiberCropAEZ14,1990,N2O_AWB,0
Argentina,FiberCrop,FiberCropAEZ15,FiberCropAEZ15,1990,N2O_AWB,0
Argentina,FiberCrop,FiberCropAEZ16,FiberCropAEZ16,1990,N2O_AWB,0
Argentina,FodderGrass,FodderGrassAEZ07,FodderGrassAEZ07,1990,N2O_AWB,1.76332376631477e-05
Argentina,FodderGrass,FodderGrassAEZ08,FodderGrassAEZ08,1990,N2O_AWB,3.27434745387215e-05
Argentina,FodderGrass,FodderGrassAEZ09,FodderGrassAEZ09,1990,N2O_AWB,3.97362551478587e-05
Argentina,FodderGrass,FodderGrassAEZ10,FodderGrassAEZ10,1990,N2O_AWB,2.74211582034554e-05
Argentina,FodderGrass,FodderGrassAEZ11,FodderGrassAEZ11,1990,N2O_AWB,4.49593295164064e-05
Argentina,FodderGrass,FodderGrassAEZ12,FodderGrassAEZ12,1990,N2O_AWB,7.6779632990026e-05
Argentina,FodderGrass,FodderGrassAEZ13,FodderGrassAEZ13,1990,N2O_AWB,2.6938057140454e-07
Argentina,FodderGrass,FodderGrassAEZ14,FodderGrassAEZ14,1990,N2O_AWB,1.4279720075806e-07
Argentina,FodderGrass,FodderGrassAEZ15,FodderGrassAEZ15,1990,N2O_AWB,2.1446677199649e-08
Argentina,FodderGrass,FodderGrassAEZ16,FodderGrassAEZ16,1990,N2O_AWB,0
Argentina,FodderHerb,FodderHerbAEZ07,FodderHerbAEZ07,1990,N2O_AWB,7.31222153337568e-06
Argentina,FodderHerb,FodderHerbAEZ08,FodderHerbAEZ08,1990,N2O_AWB,4.13457939415299e-05
Argentina,FodderHerb,FodderHerbAEZ09,FodderHerbAEZ09,1990,N2O_AWB,4.5879784030768e-05
Argentina,FodderHerb,FodderHerbAEZ10,FodderHerbAEZ10,1990,N2O_AWB,8.54729200275032e-05
Argentina,FodderHerb,FodderHerbAEZ11,FodderHerbAEZ11,1990,N2O_AWB,6.07194061703394e-05
Argentina,FodderHerb,FodderHerbAEZ12,FodderHerbAEZ12,1990,N2O_AWB,4.07742566628895e-05
Argentina,FodderHerb,FodderHerbAEZ13,FodderHerbAEZ13,1990,N2O_AWB,8.93446346748634e-08
Argentina,FodderHerb,FodderHerbAEZ14,FodderHerbAEZ14,1990,N2O_AWB,6.40308508725652e-08
Argentina,FodderHerb,FodderHerbAEZ15,FodderHerbAEZ15,1990,N2O_AWB,7.72594467993616e-09
Argentina,FodderHerb,FodderHerbAEZ16,FodderHerbAEZ16,1990,N2O_AWB,0
Argentina,MiscCrop,MiscCropAEZ07,MiscCropAEZ07,1990,N2O_AWB,1.21532624210958e-05
Argentina,MiscCrop,MiscCropAEZ08,MiscCropAEZ08,1990,N2O_AWB,2.06348819532067e-06
Argentina,MiscCrop,MiscCropAEZ09,MiscCropAEZ09,1990,N2O_AWB,2.16537961352909e-06
Argentina,MiscCrop,MiscCropAEZ10,MiscCropAEZ10,1990,N2O_AWB,2.58382602502823e-06
Argentina,MiscCrop,MiscCropAEZ11,MiscCropAEZ11,1990,N2O_AWB,1.95345066146065e-07
Argentina,MiscCrop,MiscCropAEZ12,MiscCropAEZ12,1990,N2O_AWB,6.32157055647351e-06
Argentina,MiscCrop,MiscCropAEZ13,MiscCropAEZ13,1990,N2O_AWB,5.47175830014481e-07
Argentina,MiscCrop,MiscCropAEZ14,MiscCropAEZ14,1990,N2O_AWB,3.25440352333574e-09
Argentina,MiscCrop,MiscCropAEZ15,MiscCropAEZ15,1990,N2O_AWB,4.50476441562001e-10
Argentina,MiscCrop,MiscCropAEZ16,MiscCropAEZ16,1990,N2O_AWB,0
Argentina,OilCrop,OilCropAEZ07,OilCropAEZ07,1990,N2O_AWB,1.04681132479733e-07
Argentina,OilCrop,OilCropAEZ08,OilCropAEZ08,1990,N2O_AWB,1.88851066408852e-06
Argentina,OilCrop,OilCropAEZ09,OilCropAEZ09,1990,N2O_AWB,4.43270682374576e-06
Argentina,OilCrop,OilCropAEZ10,OilCropAEZ10,1990,N2O_AWB,9.21789745555282e-06
Argentina,OilCrop,OilCropAEZ11,OilCropAEZ11,1990,N2O_AWB,8.30429446963378e-06
Argentina,OilCrop,OilCropAEZ12,OilCropAEZ12,1990,N2O_AWB,1.46371066210688e-05
Argentina,OilCrop,OilCropAEZ13,OilCropAEZ13,1990,N2O_AWB,0
Argentina,OilCrop,OilCropAEZ14,OilCropAEZ14,1990,N2O_AWB,1.7829503999116e-11
Argentina,OilCrop,OilCropAEZ15,OilCropAEZ15,1990,N2O_AWB,0
Argentina,OilCrop,OilCropAEZ16,OilCropAEZ16,1990,N2O_AWB,0
Argentina,OtherGrain,OtherGrainAEZ07,OtherGrainAEZ07,1990,N2O_AWB,7.18785144416813e-08
Argentina,OtherGrain,OtherGrainAEZ08,OtherGrainAEZ08,1990,N2O_AWB,4.11894345937975e-07
Argentina,OtherGrain,OtherGrainAEZ09,OtherGrainAEZ09,1990,N2O_AWB,1.32844482695524e-06
Argentina,OtherGrain,OtherGrainAEZ10,OtherGrainAEZ10,1990,N2O_AWB,2.97579997355058e-06
Argentina,OtherGrain,OtherGrainAEZ11,OtherGrainAEZ11,1990,N2O_AWB,2.30184825129334e-06
Argentina,OtherGrain,OtherGrainAEZ12,OtherGrainAEZ12,1990,N2O_AWB,2.57333784040403e-06
Argentina,OtherGrain,OtherGrainAEZ13,OtherGrainAEZ13,1990,N2O_AWB,0
Argentina,OtherGrain,OtherGrainAEZ14,OtherGrainAEZ14,1990,N2O_AWB,4.25759605167809e-10
Argentina,OtherGrain,OtherGrainAEZ15,OtherGrainAEZ15,1990,N2O_AWB,0
Argentina,OtherGrain,OtherGrainAEZ16,OtherGrainAEZ16,1990,N2O_AWB,0
Argentina,PalmFruit,PalmFruitAEZ07,PalmFruitAEZ07,1990,N2O_AWB,0
Argentina,PalmFruit,PalmFruitAEZ08,PalmFruitAEZ08,1990,N2O_AWB,0
Argentina,PalmFruit,PalmFruitAEZ09,PalmFruitAEZ09,1990,N2O_AWB,0
Argentina,PalmFruit,PalmFruitAEZ10,PalmFruitAEZ10,1990,N2O_AWB,0
Argentina,PalmFruit,PalmFruitAEZ11,PalmFruitAEZ11,1990,N2O_AWB,0
Argentina,PalmFruit,PalmFruitAEZ12,PalmFruitAEZ12,1990,N2O_AWB,0
Argentina,PalmFruit,PalmFruitAEZ13,PalmFruitAEZ13,1990,N2O_AWB,0
Argentina,PalmFruit,PalmFruitAEZ14,PalmFruitAEZ14,1990,N2O_AWB,0
Argentina,PalmFruit,PalmFruitAEZ15,PalmFruitAEZ15,1990,N2O_AWB,0
Argentina,PalmFruit,PalmFruitAEZ16,PalmFruitAEZ16,1990,N2O_AWB,0
Argentina,Rice,RiceAEZ07,RiceAEZ07,1990,N2O_AWB,0
Argentina,Rice,RiceAEZ08,RiceAEZ08,1990,N2O_AWB,0
Argentina,Rice,RiceAEZ09,RiceAEZ09,1990,N2O_AWB,0
Argentina,Rice,RiceAEZ10,RiceAEZ10,1990,N2O_AWB,1.25135326044236e-10
Argentina,Rice,RiceAEZ11,RiceAEZ11,1990,N2O_AWB,1.10782848213598e-07
Argentina,Rice,RiceAEZ12,RiceAEZ12,1990,N2O_AWB,1.17148427842804e-06
Argentina,Rice,RiceAEZ13,RiceAEZ13,1990,N2O_AWB,1.71925056652082e-10
Argentina,Rice,RiceAEZ14,RiceAEZ14,1990,N2O_AWB,0
Argentina,Rice,RiceAEZ15,RiceAEZ15,1990,N2O_AWB,0
Argentina,Rice,RiceAEZ16,RiceAEZ16,1990,N2O_AWB,0
Argentina,Root_Tuber,Root_TuberAEZ07,Root_TuberAEZ07,1990,N2O_AWB,2.12533939547919e-07
Argentina,Root_Tuber,Root_TuberAEZ08,Root_TuberAEZ08,1990,N2O_AWB,7.08517260488157e-07
Argentina,Root_Tuber,Root_TuberAEZ09,Root_TuberAEZ09,1990,N2O_AWB,6.52065542876316e-07
Argentina,Root_Tuber,Root_TuberAEZ10,Root_TuberAEZ10,1990,N2O_AWB,1.61907086558956e-06
Argentina,Root_Tuber,Root_TuberAEZ11,Root_TuberAEZ11,1990,N2O_AWB,2.11322146252211e-06
Argentina,Root_Tuber,Root_TuberAEZ12,Root_TuberAEZ12,1990,N2O_AWB,1.32754365767898e-06
Argentina,Root_Tuber,Root_TuberAEZ13,Root_TuberAEZ13,1990,N2O_AWB,1.80504223882292e-08
Argentina,Root_Tuber,Root_TuberAEZ14,Root_TuberAEZ14,1990,N2O_AWB,6.25226158873087e-10
Argentina,Root_Tuber,Root_TuberAEZ15,Root_TuberAEZ15,1990,N2O_AWB,0
Argentina,Root_Tuber,Root_TuberAEZ16,Root_TuberAEZ16,1990,N2O_AWB,0
Argentina,SugarCrop,SugarCropAEZ07,SugarCropAEZ07,1990,N2O_AWB,0
Argentina,SugarCrop,SugarCropAEZ08,SugarCropAEZ08,1990,N2O_AWB,1.75476127848326e-07
Argentina,SugarCrop,SugarCropAEZ09,SugarCropAEZ09,1990,N2O_AWB,9.88350055090844e-06
Argentina,SugarCrop,SugarCropAEZ10,SugarCropAEZ10,1990,N2O_AWB,2.92187769992192e-05
Argentina,SugarCrop,SugarCropAEZ11,SugarCropAEZ11,1990,N2O_AWB,7.45448478936698e-10
Argentina,SugarCrop,SugarCropAEZ12,SugarCropAEZ12,1990,N2O_AWB,2.9002711812716e-06
Argentina,SugarCrop,SugarCropAEZ13,SugarCropAEZ13,1990,N2O_AWB,5.62630294594192e-09
Argentina,SugarCrop,SugarCropAEZ14,SugarCropAEZ14,1990,N2O_AWB,0
Argentina,SugarCrop,SugarCropAEZ15,SugarCropAEZ15,1990,N2O_AWB,0
Argentina,SugarCrop,SugarCropAEZ16,SugarCropAEZ16,1990,N2O_AWB,0
Argentina,Wheat,WheatAEZ07,WheatAEZ07,1990,N2O_AWB,6.24937577073086e-07
Argentina,Wheat,WheatAEZ08,WheatAEZ08,1990,N2O_AWB,1.6579539520298e-06
Argentina,Wheat,WheatAEZ09,WheatAEZ09,1990,N2O_AWB,3.64157459785109e-06
Argentina,Wheat,WheatAEZ10,WheatAEZ10,1990,N2O_AWB,5.45189928532456e-06
Argentina,Wheat,WheatAEZ11,WheatAEZ11,1990,N2O_AWB,7.5905475516408e-06
Argentina,Wheat,WheatAEZ12,WheatAEZ12,1990,N2O_AWB,7.77376266768034e-06
Argentina,Wheat,WheatAEZ13,WheatAEZ13,1990,N2O_AWB,8.9602276731015e-09
Argentina,Wheat,WheatAEZ14,WheatAEZ14,1990,N2O_AWB,3.35986006490869e-09
Argentina,Wheat,WheatAEZ15,WheatAEZ15,1990,N2O_AWB,8.90435017202198e-10
Argentina,Wheat,WheatAEZ16,WheatAEZ16,1990,N2O_AWB,0
Argentina,Corn,CornAEZ07,CornAEZ07,1990,NH3_AWB,2.02967299377921e-06
Argentina,Corn,CornAEZ08,CornAEZ08,1990,NH3_AWB,1.80631128066675e-05
Argentina,Corn,CornAEZ09,CornAEZ09,1990,NH3_AWB,4.1227680105149e-05
Argentina,Corn,CornAEZ10,CornAEZ10,1990,NH3_AWB,8.40487278248819e-05
Argentina,Corn,CornAEZ11,CornAEZ11,1990,NH3_AWB,7.12561933466238e-05
Argentina,Corn,CornAEZ12,CornAEZ12,1990,NH3_AWB,0.000161932018961411
Argentina,Corn,CornAEZ13,CornAEZ13,1990,NH3_AWB,1.00791917539835e-07
Argentina,Corn,CornAEZ14,CornAEZ14,1990,NH3_AWB,1.82280769026365e-09
Argentina,Corn,CornAEZ15,CornAEZ15,1990,NH3_AWB,0
Argentina,Corn,CornAEZ16,CornAEZ16,1990,NH3_AWB,0
Argentina,FiberCrop,FiberCropAEZ07,FiberCropAEZ07,1990,NH3_AWB,6.80017728030066e-08
Argentina,FiberCrop,FiberCropAEZ08,FiberCropAEZ08,1990,NH3_AWB,1.49688112888352e-06
Argentina,FiberCrop,FiberCropAEZ09,FiberCropAEZ09,1990,NH3_AWB,7.38145559209356e-06
Argentina,FiberCrop,FiberCropAEZ10,FiberCropAEZ10,1990,NH3_AWB,8.50274798202799e-06
Argentina,FiberCrop,FiberCropAEZ11,FiberCropAEZ11,1990,NH3_AWB,1.5891291478201e-05
Argentina,FiberCrop,FiberCropAEZ12,FiberCropAEZ12,1990,NH3_AWB,5.11936153168888e-06
Argentina,FiberCrop,FiberCropAEZ13,FiberCropAEZ13,1990,NH3_AWB,0
Argentina,FiberCrop,FiberCropAEZ14,FiberCropAEZ14,1990,NH3_AWB,0
Argentina,FiberCrop,FiberCropAEZ15,FiberCropAEZ15,1990,NH3_AWB,0
Argentina,FiberCrop,FiberCropAEZ16,FiberCropAEZ16,1990,NH3_AWB,0
Argentina,FodderGrass,FodderGrassAEZ07,FodderGrassAEZ07,1990,NH3_AWB,0.000327293188280008
Argentina,FodderGrass,FodderGrassAEZ08,FodderGrassAEZ08,1990,NH3_AWB,0.000607756577769076
Argentina,FodderGrass,FodderGrassAEZ09,FodderGrassAEZ09,1990,NH3_AWB,0.000737550635118529
Argentina,FodderGrass,FodderGrassAEZ10,FodderGrassAEZ10,1990,NH3_AWB,0.000508968260179244
Argentina,FodderGrass,FodderGrassAEZ11,FodderGrassAEZ11,1990,NH3_AWB,0.00083449690757071
Argentina,FodderGrass,FodderGrassAEZ12,FodderGrassAEZ12,1990,NH3_AWB,0.00142511836772854
Argentina,FodderGrass,FodderGrassAEZ13,FodderGrassAEZ13,1990,NH3_AWB,5.00001348362383e-06
Argentina,FodderGrass,FodderGrassAEZ14,FodderGrassAEZ14,1990,NH3_AWB,2.65048041694817e-06
Argentina,FodderGrass,FodderGrassAEZ15,FodderGrassAEZ15,1990,NH3_AWB,3.98075015648161e-07
Argentina,FodderGrass,FodderGrassAEZ16,FodderGrassAEZ16,1990,NH3_AWB,0
Argentina,FodderHerb,FodderHerbAEZ07,FodderHerbAEZ07,1990,NH3_AWB,0.000135723248605102
Argentina,FodderHerb,FodderHerbAEZ08,FodderHerbAEZ08,1990,NH3_AWB,0.000767425527835592
Argentina,FodderHerb,FodderHerbAEZ09,FodderHerbAEZ09,1990,NH3_AWB,0.000851581602873249
Argentina,FodderHerb,FodderHerbAEZ10,FodderHerbAEZ10,1990,NH3_AWB,0.00158647578180546
Argentina,FodderHerb,FodderHerbAEZ11,FodderHerbAEZ11,1990,NH3_AWB,0.00112702207136313
Argentina,FodderHerb,FodderHerbAEZ12,FodderHerbAEZ12,1990,NH3_AWB,0.000756817138059388
Argentina,FodderHerb,FodderHerbAEZ13,FodderHerbAEZ13,1990,NH3_AWB,1.65833926231042e-06
Argentina,FodderHerb,FodderHerbAEZ14,FodderHerbAEZ14,1990,NH3_AWB,1.18848629677135e-06
Argentina,FodderHerb,FodderHerbAEZ15,FodderHerbAEZ15,1990,NH3_AWB,1.43402426433347e-07
Argentina,FodderHerb,FodderHerbAEZ16,FodderHerbAEZ16,1990,NH3_AWB,0
Argentina,MiscCrop,MiscCropAEZ07,MiscCropAEZ07,1990,NH3_AWB,0.000225578539902354
Argentina,MiscCrop,MiscCropAEZ08,MiscCropAEZ08,1990,NH3_AWB,3.83007161433621e-05
Argentina,MiscCrop,MiscCropAEZ09,MiscCropAEZ09,1990,NH3_AWB,4.01919381503961e-05
Argentina,MiscCrop,MiscCropAEZ10,MiscCropAEZ10,1990,NH3_AWB,4.79587852127543e-05
Argentina,MiscCrop,MiscCropAEZ11,MiscCropAEZ11,1990,NH3_AWB,3.62582928530106e-06
Argentina,MiscCrop,MiscCropAEZ12,MiscCropAEZ12,1990,NH3_AWB,0.000117335626156127
Argentina,MiscCrop,MiscCropAEZ13,MiscCropAEZ13,1990,NH3_AWB,1.01562132477508e-05
Argentina,MiscCrop,MiscCropAEZ14,MiscCropAEZ14,1990,NH3_AWB,6.04054754691094e-08
Argentina,MiscCrop,MiscCropAEZ15,MiscCropAEZ15,1990,NH3_AWB,8.36136128942419e-09
Argentina,MiscCrop,MiscCropAEZ16,MiscCropAEZ16,1990,NH3_AWB,0
Argentina,OilCrop,OilCropAEZ07,OilCropAEZ07,1990,NH3_AWB,1.94300231509144e-06
Argentina,OilCrop,OilCropAEZ08,OilCropAEZ08,1990,NH3_AWB,3.50529317507078e-05
Argentina,OilCrop,OilCropAEZ09,OilCropAEZ09,1990,NH3_AWB,8.22761410450652e-05
Argentina,OilCrop,OilCropAEZ10,OilCropAEZ10,1990,NH3_AWB,0.000171094787304505
Argentina,OilCrop,OilCropAEZ11,OilCropAEZ11,1990,NH3_AWB,0.000154137264256512
Argentina,OilCrop,OilCropAEZ12,OilCropAEZ12,1990,NH3_AWB,0.00027168154735509
Argentina,OilCrop,OilCropAEZ13,OilCropAEZ13,1990,NH3_AWB,0
Argentina,OilCrop,OilCropAEZ14,OilCropAEZ14,1990,NH3_AWB,3.30936117393664e-10
Argentina,OilCrop,OilCropAEZ15,OilCropAEZ15,1990,NH3_AWB,0
Argentina,OilCrop,OilCropAEZ16,OilCropAEZ16,1990,NH3_AWB,0
Argentina,OtherGrain,OtherGrainAEZ07,OtherGrainAEZ07,1990,NH3_AWB,1.33414796589595e-06
Argentina,OtherGrain,OtherGrainAEZ08,OtherGrainAEZ08,1990,NH3_AWB,7.64523318359695e-06
Argentina,OtherGrain,OtherGrainAEZ09,OtherGrainAEZ09,1990,NH3_AWB,2.46574651334137e-05
Argentina,OtherGrain,OtherGrainAEZ10,OtherGrainAEZ10,1990,NH3_AWB,5.52342728903633e-05
Argentina,OtherGrain,OtherGrainAEZ11,OtherGrainAEZ11,1990,NH3_AWB,4.27249531535023e-05
Argentina,OtherGrain,OtherGrainAEZ12,OtherGrainAEZ12,1990,NH3_AWB,4.77641124333985e-05
Argentina,OtherGrain,OtherGrainAEZ13,OtherGrainAEZ13,1990,NH3_AWB,0
Argentina,OtherGrain,OtherGrainAEZ14,OtherGrainAEZ14,1990,NH3_AWB,7.90258835491329e-09
Argentina,OtherGrain,OtherGrainAEZ15,OtherGrainAEZ15,1990,NH3_AWB,0
Argentina,OtherGrain,OtherGrainAEZ16,OtherGrainAEZ16,1990,NH3_AWB,0
Argentina,PalmFruit,PalmFruitAEZ07,PalmFruitAEZ07,1990,NH3_AWB,0
Argentina,PalmFruit,PalmFruitAEZ08,PalmFruitAEZ08,1990,NH3_AWB,0
Argentina,PalmFruit,PalmFruitAEZ09,PalmFruitAEZ09,1990,NH3_AWB,0
Argentina,PalmFruit,PalmFruitAEZ10,PalmFruitAEZ10,1990,NH3_AWB,0
Argentina,PalmFruit,PalmFruitAEZ11,PalmFruitAEZ11,1990,NH3_AWB,0
Argentina,PalmFruit,PalmFruitAEZ12,PalmFruitAEZ12,1990,NH3_AWB,0
Argentina,PalmFruit,PalmFruitAEZ13,PalmFruitAEZ13,1990,NH3_AWB,0
Argentina,PalmFruit,PalmFruitAEZ14,PalmFruitAEZ14,1990,NH3_AWB,0
Argentina,PalmFruit,PalmFruitAEZ15,PalmFruitAEZ15,1990,NH3_AWB,0
Argentina,PalmFruit,PalmFruitAEZ16,PalmFruitAEZ16,1990,NH3_AWB,0
Argentina,Rice,RiceAEZ07,RiceAEZ07,1990,NH3_AWB,0
Argentina,Rice,RiceAEZ08,RiceAEZ08,1990,NH3_AWB,0
Argentina,Rice,RiceAEZ09,RiceAEZ09,1990,NH3_AWB,0
Argentina,Rice,RiceAEZ10,RiceAEZ10,1990,NH3_AWB,2.3226556920441e-09
Argentina,Rice,RiceAEZ11,RiceAEZ11,1990,NH3_AWB,2.05625718266966e-06
Argentina,Rice,RiceAEZ12,RiceAEZ12,1990,NH3_AWB,2.17440966787364e-05
Argentina,Rice,RiceAEZ13,RiceAEZ13,1990,NH3_AWB,3.19112695080842e-09
Argentina,Rice,RiceAEZ14,RiceAEZ14,1990,NH3_AWB,0
Argentina,Rice,RiceAEZ15,RiceAEZ15,1990,NH3_AWB,0
Argentina,Rice,RiceAEZ16,RiceAEZ16,1990,NH3_AWB,0
Argentina,Root_Tuber,Root_TuberAEZ07,Root_TuberAEZ07,1990,NH3_AWB,3.94487456139303e-06
Argentina,Root_Tuber,Root_TuberAEZ08,Root_TuberAEZ08,1990,NH3_AWB,1.31508959140967e-05
Argentina,Root_Tuber,Root_TuberAEZ09,Root_TuberAEZ09,1990,NH3_AWB,1.21030870548266e-05
Argentina,Root_Tuber,Root_TuberAEZ10,Root_TuberAEZ10,1990,NH3_AWB,3.00518189440364e-05
Argentina,Root_Tuber,Root_TuberAEZ11,Root_TuberAEZ11,1990,NH3_AWB,3.9223822829547e-05
Argentina,Root_Tuber,Root_TuberAEZ12,Root_TuberAEZ12,1990,NH3_AWB,2.46407383943293e-05
Argentina,Root_Tuber,Root_TuberAEZ13,Root_TuberAEZ13,1990,NH3_AWB,3.35036616990153e-07
Argentina,Root_Tuber,Root_TuberAEZ14,Root_TuberAEZ14,1990,NH3_AWB,1.16049171934717e-08
Argentina,Root_Tuber,Root_TuberAEZ15,Root_TuberAEZ15,1990,NH3_AWB,0
Argentina,Root_Tuber,Root_TuberAEZ16,Root_TuberAEZ16,1990,NH3_AWB,0
Argentina,SugarCrop,SugarCropAEZ07,SugarCropAEZ07,1990,NH3_AWB,0
Argentina,SugarCrop,SugarCropAEZ08,SugarCropAEZ08,1990,NH3_AWB,3.25703891977469e-06
Argentina,SugarCrop,SugarCropAEZ09,SugarCropAEZ09,1990,NH3_AWB,0.000183449146916142
Argentina,SugarCrop,SugarCropAEZ10,SugarCropAEZ10,1990,NH3_AWB,0.000542334134230112
Argentina,SugarCrop,SugarCropAEZ11,SugarCropAEZ11,1990,NH3_AWB,1.38363818392567e-08
Argentina,SugarCrop,SugarCropAEZ12,SugarCropAEZ12,1990,NH3_AWB,5.38323715660485e-05
Argentina,SugarCrop,SugarCropAEZ13,SugarCropAEZ13,1990,NH3_AWB,1.0443065899662e-07
Argentina,SugarCrop,SugarCropAEZ14,SugarCropAEZ14,1990,NH3_AWB,0
Argentina,SugarCrop,SugarCropAEZ15,SugarCropAEZ15,1990,NH3_AWB,0
Argentina,SugarCrop,SugarCropAEZ16,SugarCropAEZ16,1990,NH3_AWB,0
Argentina,Wheat,WheatAEZ07,WheatAEZ07,1990,NH3_AWB,1.15995607830832e-05
Argentina,Wheat,WheatAEZ08,WheatAEZ08,1990,NH3_AWB,3.07735337858769e-05
Argentina,Wheat,WheatAEZ09,WheatAEZ09,1990,NH3_AWB,6.75918162766606e-05
Argentina,Wheat,WheatAEZ10,WheatAEZ10,1990,NH3_AWB,0.000101193526303146
Argentina,Wheat,WheatAEZ11,WheatAEZ11,1990,NH3_AWB,0.000140889299879376
Argentina,Wheat,WheatAEZ12,WheatAEZ12,1990,NH3_AWB,0.000144289983328167
Argentina,Wheat,WheatAEZ13,WheatAEZ13,1990,NH3_AWB,1.66312139543898e-07
Argentina,Wheat,WheatAEZ14,WheatAEZ14,1990,NH3_AWB,6.23628702695283e-08
Argentina,Wheat,WheatAEZ15,WheatAEZ15,1990,NH3_AWB,1.65274988804437e-08
Argentina,Wheat,WheatAEZ16,WheatAEZ16,1990,NH3_AWB,0
Argentina,Corn,CornAEZ07,CornAEZ07,1990,NMVOC_AWB,1.09350599277252e-05
Argentina,Corn,CornAEZ08,CornAEZ08,1990,NMVOC_AWB,9.73167705475497e-05
Argentina,Corn,CornAEZ09,CornAEZ09,1990,NMVOC_AWB,0.000222118121496733
Argentina,Corn,CornAEZ10,CornAEZ10,1990,NMVOC_AWB,0.000452820665413124
Argentina,Corn,CornAEZ11,CornAEZ11,1990,NMVOC_AWB,0.000383899646324834
Argentina,Corn,CornAEZ12,CornAEZ12,1990,NMVOC_AWB,0.000872424443241712
Argentina,Corn,CornAEZ13,CornAEZ13,1990,NMVOC_AWB,5.43026222404536e-07
Argentina,Corn,CornAEZ14,CornAEZ14,1990,NMVOC_AWB,9.82055305994757e-09
Argentina,Corn,CornAEZ15,CornAEZ15,1990,NMVOC_AWB,0
Argentina,Corn,CornAEZ16,CornAEZ16,1990,NMVOC_AWB,0
Argentina,FiberCrop,FiberCropAEZ07,FiberCropAEZ07,1990,NMVOC_AWB,3.66366140295268e-07
Argentina,FiberCrop,FiberCropAEZ08,FiberCropAEZ08,1990,NMVOC_AWB,8.064592128481e-06
Argentina,FiberCrop,FiberCropAEZ09,FiberCropAEZ09,1990,NMVOC_AWB,3.97683072597289e-05
Argentina,FiberCrop,FiberCropAEZ10,FiberCropAEZ10,1990,NMVOC_AWB,4.5809378662864e-05
Argentina,FiberCrop,FiberCropAEZ11,FiberCropAEZ11,1990,NMVOC_AWB,8.56158726926335e-05
Argentina,FiberCrop,FiberCropAEZ12,FiberCropAEZ12,1990,NMVOC_AWB,2.75810563141378e-05
Argentina,FiberCrop,FiberCropAEZ13,FiberCropAEZ13,1990,NMVOC_AWB,0
Argentina,FiberCrop,FiberCropAEZ14,FiberCropAEZ14,1990,NMVOC_AWB,0
Argentina,FiberCrop,FiberCropAEZ15,FiberCropAEZ15,1990,NMVOC_AWB,0
Argentina,FiberCrop,FiberCropAEZ16,FiberCropAEZ16,1990,NMVOC_AWB,0
Argentina,FodderGrass,FodderGrassAEZ07,FodderGrassAEZ07,1990,NMVOC_AWB,0.00176332376631477
Argentina,FodderGrass,FodderGrassAEZ08,FodderGrassAEZ08,1990,NMVOC_AWB,0.00327434745387215
Argentina,FodderGrass,FodderGrassAEZ09,FodderGrassAEZ09,1990,NMVOC_AWB,0.00397362551478588
Argentina,FodderGrass,FodderGrassAEZ10,FodderGrassAEZ10,1990,NMVOC_AWB,0.00274211582034554
Argentina,FodderGrass,FodderGrassAEZ11,FodderGrassAEZ11,1990,NMVOC_AWB,0.00449593295164064
Argentina,FodderGrass,FodderGrassAEZ12,FodderGrassAEZ12,1990,NMVOC_AWB,0.0076779632990026
Argentina,FodderGrass,FodderGrassAEZ13,FodderGrassAEZ13,1990,NMVOC_AWB,2.6938057140454e-05
Argentina,FodderGrass,FodderGrassAEZ14,FodderGrassAEZ14,1990,NMVOC_AWB,1.4279720075806e-05
Argentina,FodderGrass,FodderGrassAEZ15,FodderGrassAEZ15,1990,NMVOC_AWB,2.1446677199649e-06
Argentina,FodderGrass,FodderGrassAEZ16,FodderGrassAEZ16,1990,NMVOC_AWB,0
Argentina,FodderHerb,FodderHerbAEZ07,FodderHerbAEZ07,1990,NMVOC_AWB,0.000731222153337568
Argentina,FodderHerb,FodderHerbAEZ08,FodderHerbAEZ08,1990,NMVOC_AWB,0.004134579394153
Argentina,FodderHerb,FodderHerbAEZ09,FodderHerbAEZ09,1990,NMVOC_AWB,0.00458797840307681
Argentina,FodderHerb,FodderHerbAEZ10,FodderHerbAEZ10,1990,NMVOC_AWB,0.00854729200275032
Argentina,FodderHerb,FodderHerbAEZ11,FodderHerbAEZ11,1990,NMVOC_AWB,0.00607194061703394
Argentina,FodderHerb,FodderHerbAEZ12,FodderHerbAEZ12,1990,NMVOC_AWB,0.00407742566628895
Argentina,FodderHerb,FodderHerbAEZ13,FodderHerbAEZ13,1990,NMVOC_AWB,8.93446346748635e-06
Argentina,FodderHerb,FodderHerbAEZ14,FodderHerbAEZ14,1990,NMVOC_AWB,6.40308508725652e-06
Argentina,FodderHerb,FodderHerbAEZ15,FodderHerbAEZ15,1990,NMVOC_AWB,7.72594467993616e-07
Argentina,FodderHerb,FodderHerbAEZ16,FodderHerbAEZ16,1990,NMVOC_AWB,0
Argentina,MiscCrop,MiscCropAEZ07,MiscCropAEZ07,1990,NMVOC_AWB,0.00121532624210958
Argentina,MiscCrop,MiscCropAEZ08,MiscCropAEZ08,1990,NMVOC_AWB,0.000206348819532067
Argentina,MiscCrop,MiscCropAEZ09,MiscCropAEZ09,1990,NMVOC_AWB,0.000216537961352909
Argentina,MiscCrop,MiscCropAEZ10,MiscCropAEZ10,1990,NMVOC_AWB,0.000258382602502823
Argentina,MiscCrop,MiscCropAEZ11,MiscCropAEZ11,1990,NMVOC_AWB,1.95345066146065e-05
Argentina,MiscCrop,MiscCropAEZ12,MiscCropAEZ12,1990,NMVOC_AWB,0.000632157055647351
Argentina,MiscCrop,MiscCropAEZ13,MiscCropAEZ13,1990,NMVOC_AWB,5.47175830014481e-05
Argentina,MiscCrop,MiscCropAEZ14,MiscCropAEZ14,1990,NMVOC_AWB,3.25440352333574e-07
Argentina,MiscCrop,MiscCropAEZ15,MiscCropAEZ15,1990,NMVOC_AWB,4.50476441562001e-08
Argentina,MiscCrop,MiscCropAEZ16,MiscCropAEZ16,1990,NMVOC_AWB,0
Argentina,OilCrop,OilCropAEZ07,OilCropAEZ07,1990,NMVOC_AWB,1.04681132479733e-05
Argentina,OilCrop,OilCropAEZ08,OilCropAEZ08,1990,NMVOC_AWB,0.000188851066408852
Argentina,OilCrop,OilCropAEZ09,OilCropAEZ09,1990,NMVOC_AWB,0.000443270682374576
Argentina,OilCrop,OilCropAEZ10,OilCropAEZ10,1990,NMVOC_AWB,0.000921789745555282
Argentina,OilCrop,OilCropAEZ11,OilCropAEZ11,1990,NMVOC_AWB,0.000830429446963378
Argentina,OilCrop,OilCropAEZ12,OilCropAEZ12,1990,NMVOC_AWB,0.00146371066210688
Argentina,OilCrop,OilCropAEZ13,OilCropAEZ13,1990,NMVOC_AWB,0
Argentina,OilCrop,OilCropAEZ14,OilCropAEZ14,1990,NMVOC_AWB,1.7829503999116e-09
Argentina,OilCrop,OilCropAEZ15,OilCropAEZ15,1990,NMVOC_AWB,0
Argentina,OilCrop,OilCropAEZ16,OilCropAEZ16,1990,NMVOC_AWB,0
Argentina,OtherGrain,OtherGrainAEZ07,OtherGrainAEZ07,1990,NMVOC_AWB,7.18785144416813e-06
Argentina,OtherGrain,OtherGrainAEZ08,OtherGrainAEZ08,1990,NMVOC_AWB,4.11894345937975e-05
Argentina,OtherGrain,OtherGrainAEZ09,OtherGrainAEZ09,1990,NMVOC_AWB,0.000132844482695524
Argentina,OtherGrain,OtherGrainAEZ10,OtherGrainAEZ10,1990,NMVOC_AWB,0.000297579997355058
Argentina,OtherGrain,OtherGrainAEZ11,OtherGrainAEZ11,1990,NMVOC_AWB,0.000230184825129334
Argentina,OtherGrain,OtherGrainAEZ12,OtherGrainAEZ12,1990,NMVOC_AWB,0.000257333784040403
Argentina,OtherGrain,OtherGrainAEZ13,OtherGrainAEZ13,1990,NMVOC_AWB,0
Argentina,OtherGrain,OtherGrainAEZ14,OtherGrainAEZ14,1990,NMVOC_AWB,4.25759605167809e-08
Argentina,OtherGrain,OtherGrainAEZ15,OtherGrainAEZ15,1990,NMVOC_AWB,0
Argentina,OtherGrain,OtherGrainAEZ16,OtherGrainAEZ16,1990,NMVOC_AWB,0
Argentina,PalmFruit,PalmFruitAEZ07,PalmFruitAEZ07,1990,NMVOC_AWB,0
Argentina,PalmFruit,PalmFruitAEZ08,PalmFruitAEZ08,1990,NMVOC_AWB,0
Argentina,PalmFruit,PalmFruitAEZ09,PalmFruitAEZ09,1990,NMVOC_AWB,0
Argentina,PalmFruit,PalmFruitAEZ10,PalmFruitAEZ10,1990,NMVOC_AWB,0
Argentina,PalmFruit,PalmFruitAEZ11,PalmFruitAEZ11,1990,NMVOC_AWB,0
Argentina,PalmFruit,PalmFruitAEZ12,PalmFruitAEZ12,1990,NMVOC_AWB,0
Argentina,PalmFruit,PalmFruitAEZ13,PalmFruitAEZ13,1990,NMVOC_AWB,0
Argentina,PalmFruit,PalmFruitAEZ14,PalmFruitAEZ14,1990,NMVOC_AWB,0
Argentina,PalmFruit,PalmFruitAEZ15,PalmFruitAEZ15,1990,NMVOC_AWB,0
Argentina,PalmFruit,PalmFruitAEZ16,PalmFruitAEZ16,1990,NMVOC_AWB,0
Argentina,Rice,RiceAEZ07,RiceAEZ07,1990,NMVOC_AWB,0
Argentina,Rice,RiceAEZ08,RiceAEZ08,1990,NMVOC_AWB,0
Argentina,Rice,RiceAEZ09,RiceAEZ09,1990,NMVOC_AWB,0
Argentina,Rice,RiceAEZ10,RiceAEZ10,1990,NMVOC_AWB,1.25135326044236e-08
Argentina,Rice,RiceAEZ11,RiceAEZ11,1990,NMVOC_AWB,1.10782848213598e-05
Argentina,Rice,RiceAEZ12,RiceAEZ12,1990,NMVOC_AWB,0.000117148427842804
Argentina,Rice,RiceAEZ13,RiceAEZ13,1990,NMVOC_AWB,1.71925056652082e-08
Argentina,Rice,RiceAEZ14,RiceAEZ14,1990,NMVOC_AWB,0
Argentina,Rice,RiceAEZ15,RiceAEZ15,1990,NMVOC_AWB,0
Argentina,Rice,RiceAEZ16,RiceAEZ16,1990,NMVOC_AWB,0
Argentina,Root_Tuber,Root_TuberAEZ07,Root_TuberAEZ07,1990,NMVOC_AWB,2.12533939547919e-05
Argentina,Root_Tuber,Root_TuberAEZ08,Root_TuberAEZ08,1990,NMVOC_AWB,7.08517260488157e-05
Argentina,Root_Tuber,Root_TuberAEZ09,Root_TuberAEZ09,1990,NMVOC_AWB,6.52065542876316e-05
Argentina,Root_Tuber,Root_TuberAEZ10,Root_TuberAEZ10,1990,NMVOC_AWB,0.000161907086558956
Argentina,Root_Tuber,Root_TuberAEZ11,Root_TuberAEZ11,1990,NMVOC_AWB,0.000211322146252211
Argentina,Root_Tuber,Root_TuberAEZ12,Root_TuberAEZ12,1990,NMVOC_AWB,0.000132754365767898
Argentina,Root_Tuber,Root_TuberAEZ13,Root_TuberAEZ13,1990,NMVOC_AWB,1.80504223882292e-06
Argentina,Root_Tuber,Root_TuberAEZ14,Root_TuberAEZ14,1990,NMVOC_AWB,6.25226158873087e-08
Argentina,Root_Tuber,Root_TuberAEZ15,Root_TuberAEZ15,1990,NMVOC_AWB,0
Argentina,Root_Tuber,Root_TuberAEZ16,Root_TuberAEZ16,1990,NMVOC_AWB,0
Argentina,SugarCrop,SugarCropAEZ07,SugarCropAEZ07,1990,NMVOC_AWB,0
Argentina,SugarCrop,SugarCropAEZ08,SugarCropAEZ08,1990,NMVOC_AWB,1.75476127848327e-05
Argentina,SugarCrop,SugarCropAEZ09,SugarCropAEZ09,1990,NMVOC_AWB,0.000988350055090844
Argentina,SugarCrop,SugarCropAEZ10,SugarCropAEZ10,1990,NMVOC_AWB,0.00292187769992192
Argentina,SugarCrop,SugarCropAEZ11,SugarCropAEZ11,1990,NMVOC_AWB,7.45448478936699e-08
Argentina,SugarCrop,SugarCropAEZ12,SugarCropAEZ12,1990,NMVOC_AWB,0.00029002711812716
Argentina,SugarCrop,SugarCropAEZ13,SugarCropAEZ13,1990,NMVOC_AWB,5.62630294594192e-07
Argentina,SugarCrop,SugarCropAEZ14,SugarCropAEZ14,1990,NMVOC_AWB,0
Argentina,SugarCrop,SugarCropAEZ15,SugarCropAEZ15,1990,NMVOC_AWB,0
Argentina,SugarCrop,SugarCropAEZ16,SugarCropAEZ16,1990,NMVOC_AWB,0
Argentina,Wheat,WheatAEZ07,WheatAEZ07,1990,NMVOC_AWB,6.24937577073086e-05
Argentina,Wheat,WheatAEZ08,WheatAEZ08,1990,NMVOC_AWB,0.00016579539520298
Argentina,Wheat,WheatAEZ09,WheatAEZ09,1990,NMVOC_AWB,0.000364157459785109
Argentina,Wheat,WheatAEZ10,WheatAEZ10,1990,NMVOC_AWB,0.000545189928532456
Argentina,Wheat,WheatAEZ11,WheatAEZ11,1990,NMVOC_AWB,0.00075905475516408
Argentina,Wheat,WheatAEZ12,WheatAEZ12,1990,NMVOC_AWB,0.000777376266768034
Argentina,Wheat,WheatAEZ13,WheatAEZ13,1990,NMVOC_AWB,8.9602276731015e-07
Argentina,Wheat,WheatAEZ14,WheatAEZ14,1990,NMVOC_AWB,3.35986006490869e-07
Argentina,Wheat,WheatAEZ15,WheatAEZ15,1990,NMVOC_AWB,8.90435017202198e-08
Argentina,Wheat,WheatAEZ16,WheatAEZ16,1990,NMVOC_AWB,0
Argentina,Corn,CornAEZ07,CornAEZ07,1990,NOx_AWB,5.9316799895718e-06
Argentina,Corn,CornAEZ08,CornAEZ08,1990,NOx_AWB,5.27890971171601e-05
Argentina,Corn,CornAEZ09,CornAEZ09,1990,NOx_AWB,0.000120487096121249
Argentina,Corn,CornAEZ10,CornAEZ10,1990,NOx_AWB,0.000245630778216903
Argentina,Corn,CornAEZ11,CornAEZ11,1990,NOx_AWB,0.000208244844121529
Argentina,Corn,CornAEZ12,CornAEZ12,1990,NOx_AWB,0.000473243187197303
Argentina,Corn,CornAEZ13,CornAEZ13,1990,NOx_AWB,2.94562425678432e-07
Argentina,Corn,CornAEZ14,CornAEZ14,1990,NOx_AWB,5.32712014906509e-09
Argentina,Corn,CornAEZ15,CornAEZ15,1990,NOx_AWB,0
Argentina,Corn,CornAEZ16,CornAEZ16,1990,NOx_AWB,0
Argentina,FiberCrop,FiberCropAEZ07,FiberCropAEZ07,1990,NOx_AWB,1.98733863152973e-07
Argentina,FiberCrop,FiberCropAEZ08,FiberCropAEZ08,1990,NOx_AWB,4.3746060898379e-06
Argentina,FiberCrop,FiberCropAEZ09,FiberCropAEZ09,1990,NOx_AWB,2.15721609164285e-05
Argentina,FiberCrop,FiberCropAEZ10,FiberCropAEZ10,1990,NOx_AWB,2.48491161955392e-05
Argentina,FiberCrop,FiberCropAEZ11,FiberCropAEZ11,1990,NOx_AWB,4.64419913742775e-05
Argentina,FiberCrop,FiberCropAEZ12,FiberCropAEZ12,1990,NOx_AWB,1.4961234863928e-05
Argentina,FiberCrop,FiberCropAEZ13,FiberCropAEZ13,1990,NOx_AWB,0
Argentina,FiberCrop,FiberCropAEZ14,FiberCropAEZ14,1990,NOx_AWB,0
Argentina,FiberCrop,FiberCropAEZ15,FiberCropAEZ15,1990,NOx_AWB,0
Argentina,FiberCrop,FiberCropAEZ16,FiberCropAEZ16,1990,NOx_AWB,0
Argentina,FodderGrass,FodderGrassAEZ07,FodderGrassAEZ07,1990,NOx_AWB,0.000956507999857078
Argentina,FodderGrass,FodderGrassAEZ08,FodderGrassAEZ08,1990,NOx_AWB,0.00177615682030187
Argentina,FodderGrass,FodderGrassAEZ09,FodderGrassAEZ09,1990,NOx_AWB,0.00215547743751694
Argentina,FodderGrass,FodderGrassAEZ10,FodderGrassAEZ10,1990,NOx_AWB,0.00148744987664787
Argentina,FodderGrass,FodderGrassAEZ11,FodderGrassAEZ11,1990,NOx_AWB,0.00243880103995471
Argentina,FodderGrass,FodderGrassAEZ12,FodderGrassAEZ12,1990,NOx_AWB,0.00416488081111364
Argentina,FodderGrass,FodderGrassAEZ13,FodderGrassAEZ13,1990,NOx_AWB,1.46124425064045e-05
Argentina,FodderGrass,FodderGrassAEZ14,FodderGrassAEZ14,1990,NOx_AWB,7.74597765263148e-06
Argentina,FodderGrass,FodderGrassAEZ15,FodderGrassAEZ15,1990,NOx_AWB,1.16336651859966e-06
Argentina,FodderGrass,FodderGrassAEZ16,FodderGrassAEZ16,1990,NOx_AWB,0
Argentina,FodderHerb,FodderHerbAEZ07,FodderHerbAEZ07,1990,NOx_AWB,0.000396648563752896
Argentina,FodderHerb,FodderHerbAEZ08,FodderHerbAEZ08,1990,NOx_AWB,0.00224278623251177
Argentina,FodderHerb,FodderHerbAEZ09,FodderHerbAEZ09,1990,NOx_AWB,0.00248873073087763
Argentina,FodderHerb,FodderHerbAEZ10,FodderHerbAEZ10,1990,NOx_AWB,0.00463644472667176
Argentina,FodderHerb,FodderHerbAEZ11,FodderHerbAEZ11,1990,NOx_AWB,0.00329370016204575
Argentina,FodderHerb,FodderHerbAEZ12,FodderHerbAEZ12,1990,NOx_AWB,0.00221178341897976
Argentina,FodderHerb,FodderHerbAEZ13,FodderHerbAEZ13,1990,NOx_AWB,4.84646435574439e-06
Argentina,FodderHerb,FodderHerbAEZ14,FodderHerbAEZ14,1990,NOx_AWB,3.47332816963411e-06
Argentina,FodderHerb,FodderHerbAEZ15,FodderHerbAEZ15,1990,NOx_AWB,4.19090812134666e-07
Argentina,FodderHerb,FodderHerbAEZ16,FodderHerbAEZ16,1990,NOx_AWB,0
Argentina,MiscCrop,MiscCropAEZ07,MiscCropAEZ07,1990,NOx_AWB,0.000659248911187499
Argentina,MiscCrop,MiscCropAEZ08,MiscCropAEZ08,1990,NOx_AWB,0.000111933100667035
Argentina,MiscCrop,MiscCropAEZ09,MiscCropAEZ09,1990,NOx_AWB,0.000117460160331003
Argentina,MiscCrop,MiscCropAEZ10,MiscCropAEZ10,1990,NOx_AWB,0.000140158620350452
Argentina,MiscCrop,MiscCropAEZ11,MiscCropAEZ11,1990,NOx_AWB,1.0596415818283e-05
Argentina,MiscCrop,MiscCropAEZ12,MiscCropAEZ12,1990,NOx_AWB,0.000342911093495038
Argentina,MiscCrop,MiscCropAEZ13,MiscCropAEZ13,1990,NOx_AWB,2.96813363907136e-05
Argentina,MiscCrop,MiscCropAEZ14,MiscCropAEZ14,1990,NOx_AWB,1.76533831409723e-07
Argentina,MiscCrop,MiscCropAEZ15,MiscCropAEZ15,1990,NOx_AWB,2.44359163264568e-08
Argentina,MiscCrop,MiscCropAEZ16,MiscCropAEZ16,1990,NOx_AWB,0
Argentina,OilCrop,OilCropAEZ07,OilCropAEZ07,1990,NOx_AWB,5.67838661077112e-06
Argentina,OilCrop,OilCropAEZ08,OilCropAEZ08,1990,NOx_AWB,0.000102441513721061
Argentina,OilCrop,OilCropAEZ09,OilCropAEZ09,1990,NOx_AWB,0.000240450427705345
Argentina,OilCrop,OilCropAEZ10,OilCropAEZ10,1990,NOx_AWB,0.000500021200106966
Argentina,OilCrop,OilCropAEZ11,OilCropAEZ11,1990,NOx_AWB,0.000450463167633372
Argentina,OilCrop,OilCropAEZ12,OilCropAEZ12,1990,NOx_AWB,0.000793984056998983
Argentina,OilCrop,OilCropAEZ13,OilCropAEZ13,1990,NOx_AWB,0
Argentina,OilCrop,OilCropAEZ14,OilCropAEZ14,1990,NOx_AWB,9.67154389592337e-10
Argentina,OilCrop,OilCropAEZ15,OilCropAEZ15,1990,NOx_AWB,0
Argentina,OilCrop,OilCropAEZ16,OilCropAEZ16,1990,NOx_AWB,0
Argentina,OtherGrain,OtherGrainAEZ07,OtherGrainAEZ07,1990,NOx_AWB,3.89902157475019e-06
Argentina,OtherGrain,OtherGrainAEZ08,OtherGrainAEZ08,1990,NOx_AWB,2.23430458156283e-05
Argentina,OtherGrain,OtherGrainAEZ09,OtherGrainAEZ09,1990,NOx_AWB,7.20609639945503e-05
Argentina,OtherGrain,OtherGrainAEZ10,OtherGrainAEZ10,1990,NOx_AWB,0.000161421092090442
Argentina,OtherGrain,OtherGrainAEZ11,OtherGrainAEZ11,1990,NOx_AWB,0.000124862847588143
Argentina,OtherGrain,OtherGrainAEZ12,OtherGrainAEZ12,1990,NOx_AWB,0.000139589692925513
Argentina,OtherGrain,OtherGrainAEZ13,OtherGrainAEZ13,1990,NOx_AWB,0
Argentina,OtherGrain,OtherGrainAEZ14,OtherGrainAEZ14,1990,NOx_AWB,2.3095161316297e-08
Argentina,OtherGrain,OtherGrainAEZ15,OtherGrainAEZ15,1990,NOx_AWB,0
Argentina,OtherGrain,OtherGrainAEZ16,OtherGrainAEZ16,1990,NOx_AWB,0
Argentina,PalmFruit,PalmFruitAEZ07,PalmFruitAEZ07,1990,NOx_AWB,0
Argentina,PalmFruit,PalmFruitAEZ08,PalmFruitAEZ08,1990,NOx_AWB,0
Argentina,PalmFruit,PalmFruitAEZ09,PalmFruitAEZ09,1990,NOx_AWB,0
Argentina,PalmFruit,PalmFruitAEZ10,PalmFruitAEZ10,1990,NOx_AWB,0
Argentina,PalmFruit,PalmFruitAEZ11,PalmFruitAEZ11,1990,NOx_AWB,0
Argentina,PalmFruit,PalmFruitAEZ12,PalmFruitAEZ12,1990,NOx_AWB,0
Argentina,PalmFruit,PalmFruitAEZ13,PalmFruitAEZ13,1990,NOx_AWB,0
Argentina,PalmFruit,PalmFruitAEZ14,PalmFruitAEZ14,1990,NOx_AWB,0
Argentina,PalmFruit,PalmFruitAEZ15,PalmFruitAEZ15,1990,NOx_AWB,0
Argentina,PalmFruit,PalmFruitAEZ16,PalmFruitAEZ16,1990,NOx_AWB,0
Argentina,Rice,RiceAEZ07,RiceAEZ07,1990,NOx_AWB,0
Argentina,Rice,RiceAEZ08,RiceAEZ08,1990,NOx_AWB,0
Argentina,Rice,RiceAEZ09,RiceAEZ09,1990,NOx_AWB,0
Argentina,Rice,RiceAEZ10,RiceAEZ10,1990,NOx_AWB,6.78791624729166e-09
Argentina,Rice,RiceAEZ11,RiceAEZ11,1990,NOx_AWB,6.00937176640669e-06
Argentina,Rice,RiceAEZ12,RiceAEZ12,1990,NOx_AWB,6.35467011463846e-05
Argentina,Rice,RiceAEZ13,RiceAEZ13,1990,NOx_AWB,9.32600667019206e-09
Argentina,Rice,RiceAEZ14,RiceAEZ14,1990,NOx_AWB,0
Argentina,Rice,RiceAEZ15,RiceAEZ15,1990,NOx_AWB,0
Argentina,Rice,RiceAEZ16,RiceAEZ16,1990,NOx_AWB,0
Argentina,Root_Tuber,Root_TuberAEZ07,Root_TuberAEZ07,1990,NOx_AWB,1.15288194546137e-05
Argentina,Root_Tuber,Root_TuberAEZ08,Root_TuberAEZ08,1990,NOx_AWB,3.84332384466237e-05
Argentina,Root_Tuber,Root_TuberAEZ09,Root_TuberAEZ09,1990,NOx_AWB,3.537103736178e-05
Argentina,Root_Tuber,Root_TuberAEZ10,Root_TuberAEZ10,1990,NOx_AWB,8.78258584643545e-05
Argentina,Root_Tuber,Root_TuberAEZ11,Root_TuberAEZ11,1990,NOx_AWB,0.000114630862067746
Argentina,Root_Tuber,Root_TuberAEZ12,Root_TuberAEZ12,1990,NOx_AWB,7.20120804237375e-05
Argentina,Root_Tuber,Root_TuberAEZ13,Root_TuberAEZ13,1990,NOx_AWB,9.79138020196028e-07
Argentina,Root_Tuber,Root_TuberAEZ14,Root_TuberAEZ14,1990,NOx_AWB,3.3915145596425e-08
Argentina,Root_Tuber,Root_TuberAEZ15,Root_TuberAEZ15,1990,NOx_AWB,0
Argentina,Root_Tuber,Root_TuberAEZ16,Root_TuberAEZ16,1990,NOx_AWB,0
Argentina,SugarCrop,SugarCropAEZ07,SugarCropAEZ07,1990,NOx_AWB,0
Argentina,SugarCrop,SugarCropAEZ08,SugarCropAEZ08,1990,NOx_AWB,9.51863312213225e-06
Argentina,SugarCrop,SugarCropAEZ09,SugarCropAEZ09,1990,NOx_AWB,0.0005361265766464
Argentina,SugarCrop,SugarCropAEZ10,SugarCropAEZ10,1990,NOx_AWB,0.00158496099693606
Argentina,SugarCrop,SugarCropAEZ11,SugarCropAEZ11,1990,NOx_AWB,4.04365577782929e-08
Argentina,SugarCrop,SugarCropAEZ12,SugarCropAEZ12,1990,NOx_AWB,0.000157324062638762
Argentina,SugarCrop,SugarCropAEZ13,SugarCropAEZ13,1990,NOx_AWB,3.05196577067641e-07
Argentina,SugarCrop,SugarCropAEZ14,SugarCropAEZ14,1990,NOx_AWB,0
Argentina,SugarCrop,SugarCropAEZ15,SugarCropAEZ15,1990,NOx_AWB,0
Argentina,SugarCrop,SugarCropAEZ16,SugarCropAEZ16,1990,NOx_AWB,0
Argentina,Wheat,WheatAEZ07,WheatAEZ07,1990,NOx_AWB,3.3899491590871e-05
Argentina,Wheat,WheatAEZ08,WheatAEZ08,1990,NOx_AWB,8.99350561029114e-05
Argentina,Wheat,WheatAEZ09,WheatAEZ09,1990,NOx_AWB,0.000197535773149621
Argentina,Wheat,WheatAEZ10,WheatAEZ10,1990,NOx_AWB,0.000295736119506095
Argentina,Wheat,WheatAEZ11,WheatAEZ11,1990,NOx_AWB,0.000411746248484688
Argentina,Wheat,WheatAEZ12,WheatAEZ12,1990,NOx_AWB,0.000421684679959063
Argentina,Wheat,WheatAEZ13,WheatAEZ13,1990,NOx_AWB,4.86044004713563e-07
Argentina,Wheat,WheatAEZ14,WheatAEZ14,1990,NOx_AWB,1.82254279779939e-07
Argentina,Wheat,WheatAEZ15,WheatAEZ15,1990,NOx_AWB,4.83012951777308e-08
Argentina,Wheat,WheatAEZ16,WheatAEZ16,1990,NOx_AWB,0
Argentina,Corn,CornAEZ07,CornAEZ07,1990,SO2_AWB,1.04315751540745e-06
Argentina,Corn,CornAEZ08,CornAEZ08,1990,SO2_AWB,9.28359983784539e-06
Argentina,Corn,CornAEZ09,CornAEZ09,1990,SO2_AWB,2.11891100075301e-05
Argentina,Corn,CornAEZ10,CornAEZ10,1990,SO2_AWB,4.31971368588347e-05
Argentina,Corn,CornAEZ11,CornAEZ11,1990,SO2_AWB,3.66223691386136e-05
Argentina,Corn,CornAEZ12,CornAEZ12,1990,SO2_AWB,8.32255260243533e-05
Argentina,Corn,CornAEZ13,CornAEZ13,1990,SO2_AWB,5.18023576193104e-08
Argentina,Corn,CornAEZ14,CornAEZ14,1990,SO2_AWB,9.3683837104248e-10
Argentina,Corn,CornAEZ15,CornAEZ15,1990,SO2_AWB,0
Argentina,Corn,CornAEZ16,CornAEZ16,1990,SO2_AWB,0
Argentina,FiberCrop,FiberCropAEZ07,FiberCropAEZ07,1990,SO2_AWB,3.49497483475918e-08
Argentina,FiberCrop,FiberCropAEZ08,FiberCropAEZ08,1990,SO2_AWB,7.69327277868044e-07
Argentina,FiberCrop,FiberCropAEZ09,FiberCropAEZ09,1990,SO2_AWB,3.79372485082018e-06
Argentina,FiberCrop,FiberCropAEZ10,FiberCropAEZ10,1990,SO2_AWB,4.37001698611206e-06
Argentina,FiberCrop,FiberCropAEZ11,FiberCropAEZ11,1990,SO2_AWB,8.16738468995914e-06
Argentina,FiberCrop,FiberCropAEZ12,FiberCropAEZ12,1990,SO2_AWB,2.6311137174494e-06
Argentina,FiberCrop,FiberCropAEZ13,FiberCropAEZ13,1990,SO2_AWB,0
Argentina,FiberCrop,FiberCropAEZ14,FiberCropAEZ14,1990,SO2_AWB,0
Argentina,FiberCrop,FiberCropAEZ15,FiberCropAEZ15,1990,SO2_AWB,0
Argentina,FiberCrop,FiberCropAEZ16,FiberCropAEZ16,1990,SO2_AWB,0
Argentina,FodderGrass,FodderGrassAEZ07,FodderGrassAEZ07,1990,SO2_AWB,0.000168213475836934
Argentina,FodderGrass,FodderGrassAEZ08,FodderGrassAEZ08,1990,SO2_AWB,0.000312358613225502
Argentina,FodderGrass,FodderGrassAEZ09,FodderGrassAEZ09,1990,SO2_AWB,0.000379066721770221
Argentina,FodderGrass,FodderGrassAEZ10,FodderGrassAEZ10,1990,SO2_AWB,0.000261586012789797
Argentina,FodderGrass,FodderGrassAEZ11,FodderGrassAEZ11,1990,SO2_AWB,0.00042889259668169
Argentina,FodderGrass,FodderGrassAEZ12,FodderGrassAEZ12,1990,SO2_AWB,0.000732444556437227
Argentina,FodderGrass,FodderGrassAEZ13,FodderGrassAEZ13,1990,SO2_AWB,2.56977437181597e-06
Argentina,FodderGrass,FodderGrassAEZ14,FodderGrassAEZ14,1990,SO2_AWB,1.36222365615243e-06
Argentina,FodderGrass,FodderGrassAEZ15,FodderGrassAEZ15,1990,SO2_AWB,2.04592042926148e-07
Argentina,FodderGrass,FodderGrassAEZ16,FodderGrassAEZ16,1990,SO2_AWB,0
Argentina,FodderHerb,FodderHerbAEZ07,FodderHerbAEZ07,1990,SO2_AWB,6.97554370737852e-05
Argentina,FodderHerb,FodderHerbAEZ08,FodderHerbAEZ08,1990,SO2_AWB,0.000394421027096897
Argentina,FodderHerb,FodderHerbAEZ09,FodderHerbAEZ09,1990,SO2_AWB,0.000437673335430205
Argentina,FodderHerb,FodderHerbAEZ10,FodderHerbAEZ10,1990,SO2_AWB,0.000815374762276757
Argentina,FodderHerb,FodderHerbAEZ11,FodderHerbAEZ11,1990,SO2_AWB,0.000579236925049425
Argentina,FodderHerb,FodderHerbAEZ12,FodderHerbAEZ12,1990,SO2_AWB,0.000388968808165406
Argentina,FodderHerb,FodderHerbAEZ13,FodderHerbAEZ13,1990,SO2_AWB,8.52309248768841e-07
Argentina,FodderHerb,FodderHerbAEZ14,FodderHerbAEZ14,1990,SO2_AWB,6.10826678108068e-07
Argentina,FodderHerb,FodderHerbAEZ15,FodderHerbAEZ15,1990,SO2_AWB,7.37021773064413e-08
Argentina,FodderHerb,FodderHerbAEZ16,FodderHerbAEZ16,1990,SO2_AWB,0
Argentina,MiscCrop,MiscCropAEZ07,MiscCropAEZ07,1990,SO2_AWB,0.000115936877484698
Argentina,MiscCrop,MiscCropAEZ08,MiscCropAEZ08,1990,SO2_AWB,1.96847866690303e-05
Argentina,MiscCrop,MiscCropAEZ09,MiscCropAEZ09,1990,SO2_AWB,2.06567868168315e-05
Argentina,MiscCrop,MiscCropAEZ10,MiscCropAEZ10,1990,SO2_AWB,2.4648584958183e-05
Argentina,MiscCrop,MiscCropAEZ11,MiscCropAEZ11,1990,SO2_AWB,1.86350760942217e-06
Argentina,MiscCrop,MiscCropAEZ12,MiscCropAEZ12,1990,SO2_AWB,6.03050543732653e-05
Argentina,MiscCrop,MiscCropAEZ13,MiscCropAEZ13,1990,SO2_AWB,5.21982122733238e-06
Argentina,MiscCrop,MiscCropAEZ14,MiscCropAEZ14,1990,SO2_AWB,3.10456048341236e-08
Argentina,MiscCrop,MiscCropAEZ15,MiscCropAEZ15,1990,SO2_AWB,4.29735080223895e-09
Argentina,MiscCrop,MiscCropAEZ16,MiscCropAEZ16,1990,SO2_AWB,0
Argentina,OilCrop,OilCropAEZ07,OilCropAEZ07,1990,SO2_AWB,9.986128177563e-07
Argentina,OilCrop,OilCropAEZ08,OilCropAEZ08,1990,SO2_AWB,1.80155765509452e-05
Argentina,OilCrop,OilCropAEZ09,OilCropAEZ09,1990,SO2_AWB,4.22861096999056e-05
Argentina,OilCrop,OilCropAEZ10,OilCropAEZ10,1990,SO2_AWB,8.79347627774319e-05
Argentina,OilCrop,OilCropAEZ11,OilCropAEZ11,1990,SO2_AWB,7.92193846527654e-05
Argentina,OilCrop,OilCropAEZ12,OilCropAEZ12,1990,SO2_AWB,0.000139631678989476
Argentina,OilCrop,OilCropAEZ13,OilCropAEZ13,1990,SO2_AWB,0
Argentina,OilCrop,OilCropAEZ14,OilCropAEZ14,1990,SO2_AWB,1.7008577196279e-10
Argentina,OilCrop,OilCropAEZ15,OilCropAEZ15,1990,SO2_AWB,0
Argentina,OilCrop,OilCropAEZ16,OilCropAEZ16,1990,SO2_AWB,0
Argentina,OtherGrain,OtherGrainAEZ07,OtherGrainAEZ07,1990,SO2_AWB,6.85690001076758e-07
Argentina,OtherGrain,OtherGrainAEZ08,OtherGrainAEZ08,1990,SO2_AWB,3.92929426412773e-06
Argentina,OtherGrain,OtherGrainAEZ09,OtherGrainAEZ09,1990,SO2_AWB,1.26727902197313e-05
Argentina,OtherGrain,OtherGrainAEZ10,OtherGrainAEZ10,1990,SO2_AWB,2.83878472296984e-05
Argentina,OtherGrain,OtherGrainAEZ11,OtherGrainAEZ11,1990,SO2_AWB,2.19586387137768e-05
Argentina,OtherGrain,OtherGrainAEZ12,OtherGrainAEZ12,1990,SO2_AWB,2.4548532204142e-05
Argentina,OtherGrain,OtherGrainAEZ13,OtherGrainAEZ13,1990,SO2_AWB,0
Argentina,OtherGrain,OtherGrainAEZ14,OtherGrainAEZ14,1990,SO2_AWB,4.06156285217636e-09
Argentina,OtherGrain,OtherGrainAEZ15,OtherGrainAEZ15,1990,SO2_AWB,0
Argentina,OtherGrain,OtherGrainAEZ16,OtherGrainAEZ16,1990,SO2_AWB,0
Argentina,PalmFruit,PalmFruitAEZ07,PalmFruitAEZ07,1990,SO2_AWB,0
Argentina,PalmFruit,PalmFruitAEZ08,PalmFruitAEZ08,1990,SO2_AWB,0
Argentina,PalmFruit,PalmFruitAEZ09,PalmFruitAEZ09,1990,SO2_AWB,0
Argentina,PalmFruit,PalmFruitAEZ10,PalmFruitAEZ10,1990,SO2_AWB,0
Argentina,PalmFruit,PalmFruitAEZ11,PalmFruitAEZ11,1990,SO2_AWB,0
Argentina,PalmFruit,PalmFruitAEZ12,PalmFruitAEZ12,1990,SO2_AWB,0
Argentina,PalmFruit,PalmFruitAEZ13,PalmFruitAEZ13,1990,SO2_AWB,0
Argentina,PalmFruit,PalmFruitAEZ14,PalmFruitAEZ14,1990,SO2_AWB,0
Argentina,PalmFruit,PalmFruitAEZ15,PalmFruitAEZ15,1990,SO2_AWB,0
Argentina,PalmFruit,PalmFruitAEZ16,PalmFruitAEZ16,1990,SO2_AWB,0
Argentina,Rice,RiceAEZ07,RiceAEZ07,1990,SO2_AWB,0
Argentina,Rice,RiceAEZ08,RiceAEZ08,1990,SO2_AWB,0
Argentina,Rice,RiceAEZ09,RiceAEZ09,1990,SO2_AWB,0
Argentina,Rice,RiceAEZ10,RiceAEZ10,1990,SO2_AWB,1.19373699521336e-09
Argentina,Rice,RiceAEZ11,RiceAEZ11,1990,SO2_AWB,1.05682055202324e-06
Argentina,Rice,RiceAEZ12,RiceAEZ12,1990,SO2_AWB,1.11754543395366e-05
Argentina,Rice,RiceAEZ13,RiceAEZ13,1990,SO2_AWB,1.64009082820619e-09
Argentina,Rice,RiceAEZ14,RiceAEZ14,1990,SO2_AWB,0
Argentina,Rice,RiceAEZ15,RiceAEZ15,1990,SO2_AWB,0
Argentina,Rice,RiceAEZ16,RiceAEZ16,1990,SO2_AWB,0
Argentina,Root_Tuber,Root_TuberAEZ07,Root_TuberAEZ07,1990,SO2_AWB,2.02748204201828e-06
Argentina,Root_Tuber,Root_TuberAEZ08,Root_TuberAEZ08,1990,SO2_AWB,6.75894883026831e-06
Argentina,Root_Tuber,Root_TuberAEZ09,Root_TuberAEZ09,1990,SO2_AWB,6.22042381189925e-06
Argentina,Root_Tuber,Root_TuberAEZ10,Root_TuberAEZ10,1990,SO2_AWB,1.54452371782141e-05
Argentina,Root_Tuber,Root_TuberAEZ11,Root_TuberAEZ11,1990,SO2_AWB,2.01592205705346e-05
Argentina,Root_Tuber,Root_TuberAEZ12,Root_TuberAEZ12,1990,SO2_AWB,1.26641934538297e-05
Argentina,Root_Tuber,Root_TuberAEZ13,Root_TuberAEZ13,1990,SO2_AWB,1.72193238034474e-07
Argentina,Root_Tuber,Root_TuberAEZ14,Root_TuberAEZ14,1990,SO2_AWB,5.96438767385405e-09
Argentina,Root_Tuber,Root_TuberAEZ15,Root_TuberAEZ15,1990,SO2_AWB,0
Argentina,Root_Tuber,Root_TuberAEZ16,Root_TuberAEZ16,1990,SO2_AWB,0
Argentina,SugarCrop,SugarCropAEZ07,SugarCropAEZ07,1990,SO2_AWB,0
Argentina,SugarCrop,SugarCropAEZ08,SugarCropAEZ08,1990,SO2_AWB,1.67396651458188e-06
Argentina,SugarCrop,SugarCropAEZ09,SugarCropAEZ09,1990,SO2_AWB,9.42843289964359e-05
Argentina,SugarCrop,SugarCropAEZ10,SugarCropAEZ10,1990,SO2_AWB,0.000278734520150825
Argentina,SugarCrop,SugarCropAEZ11,SugarCropAEZ11,1990,SO2_AWB,7.11125671273426e-09
Argentina,SugarCrop,SugarCropAEZ12,SugarCropAEZ12,1990,SO2_AWB,2.76673351537133e-05
Argentina,SugarCrop,SugarCropAEZ13,SugarCropAEZ13,1990,SO2_AWB,5.36725014843093e-08
Argentina,SugarCrop,SugarCropAEZ14,SugarCropAEZ14,1990,SO2_AWB,0
Argentina,SugarCrop,SugarCropAEZ15,SugarCropAEZ15,1990,SO2_AWB,0
Argentina,SugarCrop,SugarCropAEZ16,SugarCropAEZ16,1990,SO2_AWB,0
Argentina,Wheat,WheatAEZ07,WheatAEZ07,1990,SO2_AWB,5.96163472804973e-06
Argentina,Wheat,WheatAEZ08,WheatAEZ08,1990,SO2_AWB,1.58161650387879e-05
Argentina,Wheat,WheatAEZ09,WheatAEZ09,1990,SO2_AWB,3.47390497607953e-05
Argentina,Wheat,WheatAEZ10,WheatAEZ10,1990,SO2_AWB,5.20087658441753e-05
Argentina,Wheat,WheatAEZ11,WheatAEZ11,1990,SO2_AWB,7.24105471473072e-05
Argentina,Wheat,WheatAEZ12,WheatAEZ12,1990,SO2_AWB,7.41583402686628e-05
Argentina,Wheat,WheatAEZ13,WheatAEZ13,1990,SO2_AWB,8.54767042772128e-08
Argentina,Wheat,WheatAEZ14,WheatAEZ14,1990,SO2_AWB,3.20516147199203e-08
Argentina,Wheat,WheatAEZ15,WheatAEZ15,1990,SO2_AWB,8.49436570366989e-09
Argentina,Wheat,WheatAEZ16,WheatAEZ16,1990,SO2_AWB,0
Colombia,Corn,CornAEZ02,CornAEZ02,1990,CH4_AWB,0
Colombia,Corn,CornAEZ03,CornAEZ03,1990,CH4_AWB,0
Colombia,Corn,CornAEZ04,CornAEZ04,1990,CH4_AWB,6.31755823283023e-06
Colombia,Corn,CornAEZ05,CornAEZ05,1990,CH4_AWB,8.67292298642902e-05
Colombia,Corn,CornAEZ06,CornAEZ06,1990,CH4_AWB,0.000177304681267075
Colombia,Corn,CornAEZ11,CornAEZ11,1990,CH4_AWB,3.2673373257806e-06
Colombia,Corn,CornAEZ12,CornAEZ12,1990,CH4_AWB,1.26136556643224e-05
Colombia,FiberCrop,FiberCropAEZ02,FiberCropAEZ02,1990,CH4_AWB,0
Colombia,FiberCrop,FiberCropAEZ03,FiberCropAEZ03,1990,CH4_AWB,0
Colombia,FiberCrop,FiberCropAEZ04,FiberCropAEZ04,1990,CH4_AWB,1.13372311612388e-06
Colombia,FiberCrop,FiberCropAEZ05,FiberCropAEZ05,1990,CH4_AWB,1.61347139063071e-05
Colombia,FiberCrop,FiberCropAEZ06,FiberCropAEZ06,1990,CH4_AWB,7.50369093818855e-05
Colombia,FiberCrop,FiberCropAEZ11,FiberCropAEZ11,1990,CH4_AWB,7.1691314696069e-07
Colombia,FiberCrop,FiberCropAEZ12,FiberCropAEZ12,1990,CH4_AWB,5.23652257925357e-06
Colombia,FodderGrass,FodderGrassAEZ02,FodderGrassAEZ02,1990,CH4_AWB,0
Colombia,FodderGrass,FodderGrassAEZ03,FodderGrassAEZ03,1990,CH4_AWB,0
Colombia,FodderGrass,FodderGrassAEZ04,FodderGrassAEZ04,1990,CH4_AWB,0
Colombia,FodderGrass,FodderGrassAEZ05,FodderGrassAEZ05,1990,CH4_AWB,0
Colombia,FodderGrass,FodderGrassAEZ06,FodderGrassAEZ06,1990,CH4_AWB,0
Colombia,FodderGrass,FodderGrassAEZ11,FodderGrassAEZ11,1990,CH4_AWB,0
Colombia,FodderGrass,FodderGrassAEZ12,FodderGrassAEZ12,1990,CH4_AWB,0
Colombia,FodderHerb,FodderHerbAEZ02,FodderHerbAEZ02,1990,CH4_AWB,0
Colombia,FodderHerb,FodderHerbAEZ03,FodderHerbAEZ03,1990,CH4_AWB,0
Colombia,FodderHerb,FodderHerbAEZ04,FodderHerbAEZ04,1990,CH4_AWB,0
Colombia,FodderHerb,FodderHerbAEZ05,FodderHerbAEZ05,1990,CH4_AWB,0
Colombia,FodderHerb,FodderHerbAEZ06,FodderHerbAEZ06,1990,CH4_AWB,0
Colombia,FodderHerb,FodderHerbAEZ11,FodderHerbAEZ11,1990,CH4_AWB,0
Colombia,FodderHerb,FodderHerbAEZ12,FodderHerbAEZ12,1990,CH4_AWB,0
Colombia,MiscCrop,MiscCropAEZ02,MiscCropAEZ02,1990,CH4_AWB,0
Colombia,MiscCrop,MiscCropAEZ03,MiscCropAEZ03,1990,CH4_AWB,0
Colombia,MiscCrop,MiscCropAEZ04,MiscCropAEZ04,1990,CH4_AWB,1.61361584406715e-05
Colombia,MiscCrop,MiscCropAEZ05,MiscCropAEZ05,1990,CH4_AWB,0.000247449678823946
Colombia,MiscCrop,MiscCropAEZ06,MiscCropAEZ06,1990,CH4_AWB,0.0015594408883241
Colombia,MiscCrop,MiscCropAEZ11,MiscCropAEZ11,1990,CH4_AWB,1.50796304065255e-05
Colombia,MiscCrop,MiscCropAEZ12,MiscCropAEZ12,1990,CH4_AWB,7.80071013112098e-05
Colombia,OilCrop,OilCropAEZ02,OilCropAEZ02,1990,CH4_AWB,0
Colombia,OilCrop,OilCropAEZ03,OilCropAEZ03,1990,CH4_AWB,0
Colombia,OilCrop,OilCropAEZ04,OilCropAEZ04,1990,CH4_AWB,4.91098769702467e-08
Colombia,OilCrop,OilCropAEZ05,OilCropAEZ05,1990,CH4_AWB,3.91811409740882e-07
Colombia,OilCrop,OilCropAEZ06,OilCropAEZ06,1990,CH4_AWB,4.57586616700379e-05
Colombia,OilCrop,OilCropAEZ11,OilCropAEZ11,1990,CH4_AWB,0
Colombia,OilCrop,OilCropAEZ12,OilCropAEZ12,1990,CH4_AWB,2.08183174113002e-07
Colombia,OtherGrain,OtherGrainAEZ02,OtherGrainAEZ02,1990,CH4_AWB,0
Colombia,OtherGrain,OtherGrainAEZ03,OtherGrainAEZ03,1990,CH4_AWB,0
Colombia,OtherGrain,OtherGrainAEZ04,OtherGrainAEZ04,1990,CH4_AWB,1.44221658622124e-06
Colombia,OtherGrain,OtherGrainAEZ05,OtherGrainAEZ05,1990,CH4_AWB,7.97799810330768e-05
Colombia,OtherGrain,OtherGrainAEZ06,OtherGrainAEZ06,1990,CH4_AWB,0.000123206502651472
Colombia,OtherGrain,OtherGrainAEZ11,OtherGrainAEZ11,1990,CH4_AWB,3.10046561531611e-08
Colombia,OtherGrain,OtherGrainAEZ12,OtherGrainAEZ12,1990,CH4_AWB,1.01415230126792e-05
Colombia,PalmFruit,PalmFruitAEZ02,PalmFruitAEZ02,1990,CH4_AWB,0
Colombia,PalmFruit,PalmFruitAEZ03,PalmFruitAEZ03,1990,CH4_AWB,0
Colombia,PalmFruit,PalmFruitAEZ04,PalmFruitAEZ04,1990,CH4_AWB,3.5883504193987e-06
Colombia,PalmFruit,PalmFruitAEZ05,PalmFruitAEZ05,1990,CH4_AWB,6.70303018595148e-05
Colombia,PalmFruit,PalmFruitAEZ06,PalmFruitAEZ06,1990,CH4_AWB,0.000303047223365002
Colombia,PalmFruit,PalmFruitAEZ11,PalmFruitAEZ11,1990,CH4_AWB,5.08205310970272e-06
Colombia,PalmFruit,PalmFruitAEZ12,PalmFruitAEZ12,1990,CH4_AWB,2.07811517999255e-05
Colombia,Rice,RiceAEZ02,RiceAEZ02,1990,CH4_AWB,0
Colombia,Rice,RiceAEZ03,RiceAEZ03,1990,CH4_AWB,0
Colombia,Rice,RiceAEZ04,RiceAEZ04,1990,CH4_AWB,1.04714591708307e-06
Colombia,Rice,RiceAEZ05,RiceAEZ05,1990,CH4_AWB,3.0323835951964e-05
Colombia,Rice,RiceAEZ06,RiceAEZ06,1990,CH4_AWB,0.000435742436398937
Colombia,Rice,RiceAEZ11,RiceAEZ11,1990,CH4_AWB,1.12286227413526e-06
Colombia,Rice,RiceAEZ12,RiceAEZ12,1990,CH4_AWB,2.4988884035964e-05
Colombia,Root_Tuber,Root_TuberAEZ02,Root_TuberAEZ02,1990,CH4_AWB,0
Colombia,Root_Tuber,Root_TuberAEZ03,Root_TuberAEZ03,1990,CH4_AWB,0
Colombia,Root_Tuber,Root_TuberAEZ04,Root_TuberAEZ04,1990,CH4_AWB,9.48972901292847e-06
Colombia,Root_Tuber,Root_TuberAEZ05,Root_TuberAEZ05,1990,CH4_AWB,0.000185997218085153
Colombia,Root_Tuber,Root_TuberAEZ06,Root_TuberAEZ06,1990,CH4_AWB,0.000767721054806658
Colombia,Root_Tuber,Root_TuberAEZ11,Root_TuberAEZ11,1990,CH4_AWB,2.43006331566235e-05
Colombia,Root_Tuber,Root_TuberAEZ12,Root_TuberAEZ12,1990,CH4_AWB,0.000110221878973743
Colombia,SugarCrop,SugarCropAEZ02,SugarCropAEZ02,1990,CH4_AWB,0
Colombia,SugarCrop,SugarCropAEZ03,SugarCropAEZ03,1990,CH4_AWB,0
Colombia,SugarCrop,SugarCropAEZ04,SugarCropAEZ04,1990,CH4_AWB,1.37755195224543e-05
Colombia,SugarCrop,SugarCropAEZ05,SugarCropAEZ05,1990,CH4_AWB,0.000590908336245419
Colombia,SugarCrop,SugarCropAEZ06,SugarCropAEZ06,1990,CH4_AWB,0.00597358416797638
Colombia,SugarCrop,SugarCropAEZ11,SugarCropAEZ11,1990,CH4_AWB,5.68767501468035e-05
Colombia,SugarCrop,SugarCropAEZ12,SugarCropAEZ12,1990,CH4_AWB,0.000491078015963236
Colombia,Wheat,WheatAEZ02,WheatAEZ02,1990,CH4_AWB,0
Colombia,Wheat,WheatAEZ03,WheatAEZ03,1990,CH4_AWB,0
Colombia,Wheat,WheatAEZ04,WheatAEZ04,1990,CH4_AWB,0
Colombia,Wheat,WheatAEZ05,WheatAEZ05,1990,CH4_AWB,0
Colombia,Wheat,WheatAEZ06,WheatAEZ06,1990,CH4_AWB,1.79560320685797e-05
Colombia,Wheat,WheatAEZ11,WheatAEZ11,1990,CH4_AWB,4.7277221706876e-07
Colombia,Wheat,WheatAEZ12,WheatAEZ12,1990,CH4_AWB,3.24995083157725e-06
Colombia,Corn,CornAEZ02,CornAEZ02,1990,CO_AWB,0
Colombia,Corn,CornAEZ03,CornAEZ03,1990,CO_AWB,0
Colombia,Corn,CornAEZ04,CornAEZ04,1990,CO_AWB,0.000232183764112564
Colombia,Corn,CornAEZ05,CornAEZ05,1990,CO_AWB,0.0031874845163799
Colombia,Corn,CornAEZ06,CornAEZ06,1990,CO_AWB,0.00651632589272156
Colombia,Corn,CornAEZ11,CornAEZ11,1990,CO_AWB,0.000120081628212449
Colombia,Corn,CornAEZ12,CornAEZ12,1990,CO_AWB,0.000463578797919541
Colombia,FiberCrop,FiberCropAEZ02,FiberCropAEZ02,1990,CO_AWB,0
Colombia,FiberCrop,FiberCropAEZ03,FiberCropAEZ03,1990,CO_AWB,0
Colombia,FiberCrop,FiberCropAEZ04,FiberCropAEZ04,1990,CO_AWB,4.16667470028434e-05
Colombia,FiberCrop,FiberCropAEZ05,FiberCropAEZ05,1990,CO_AWB,0.000592985211941203
Colombia,FiberCrop,FiberCropAEZ06,FiberCropAEZ06,1990,CO_AWB,0.00275776675506075
Colombia,FiberCrop,FiberCropAEZ11,FiberCropAEZ11,1990,CO_AWB,2.6348090016504e-05
Colombia,FiberCrop,FiberCropAEZ12,FiberCropAEZ12,1990,CO_AWB,0.000192453393938379
Colombia,FodderGrass,FodderGrassAEZ02,FodderGrassAEZ02,1990,CO_AWB,0
Colombia,FodderGrass,FodderGrassAEZ03,FodderGrassAEZ03,1990,CO_AWB,0
Colombia,FodderGrass,FodderGrassAEZ04,FodderGrassAEZ04,1990,CO_AWB,0
Colombia,FodderGrass,FodderGrassAEZ05,FodderGrassAEZ05,1990,CO_AWB,0
Colombia,FodderGrass,FodderGrassAEZ06,FodderGrassAEZ06,1990,CO_AWB,0
Colombia,FodderGrass,FodderGrassAEZ11,FodderGrassAEZ11,1990,CO_AWB,0
Colombia,FodderGrass,FodderGrassAEZ12,FodderGrassAEZ12,1990,CO_AWB,0
Colombia,FodderHerb,FodderHerbAEZ02,FodderHerbAEZ02,1990,CO_AWB,0
Colombia,FodderHerb,FodderHerbAEZ03,FodderHerbAEZ03,1990,CO_AWB,0
Colombia,FodderHerb,FodderHerbAEZ04,FodderHerbAEZ04,1990,CO_AWB,0
Colombia,FodderHerb,FodderHerbAEZ05,FodderHerbAEZ05,1990,CO_AWB,0
Colombia,FodderHerb,FodderHerbAEZ06,FodderHerbAEZ06,1990,CO_AWB,0
Colombia,FodderHerb,FodderHerbAEZ11,FodderHerbAEZ11,1990,CO_AWB,0
Colombia,FodderHerb,FodderHerbAEZ12,FodderHerbAEZ12,1990,CO_AWB,0
Colombia,MiscCrop,MiscCropAEZ02,MiscCropAEZ02,1990,CO_AWB,0
Colombia,MiscCrop,MiscCropAEZ03,MiscCropAEZ03,1990,CO_AWB,0
Colombia,MiscCrop,MiscCropAEZ04,MiscCropAEZ04,1990,CO_AWB,0.000593038301665706
Colombia,MiscCrop,MiscCropAEZ05,MiscCropAEZ05,1990,CO_AWB,0.00909430443540997
Colombia,MiscCrop,MiscCropAEZ06,MiscCropAEZ06,1990,CO_AWB,0.0573127847845609
Colombia,MiscCrop,MiscCropAEZ11,MiscCropAEZ11,1990,CO_AWB,0.000554208638872306
Colombia,MiscCrop,MiscCropAEZ12,MiscCropAEZ12,1990,CO_AWB,0.00286692765502737
Colombia,OilCrop,OilCropAEZ02,OilCropAEZ02,1990,CO_AWB,0
Colombia,OilCrop,OilCropAEZ03,OilCropAEZ03,1990,CO_AWB,0
Colombia,OilCrop,OilCropAEZ04,OilCropAEZ04,1990,CO_AWB,1.80489291429112e-06
Colombia,OilCrop,OilCropAEZ05,OilCropAEZ05,1990,CO_AWB,1.43999065118444e-05
Colombia,OilCrop,OilCropAEZ06,OilCropAEZ06,1990,CO_AWB,0.00168172859129199
Colombia,OilCrop,OilCropAEZ11,OilCropAEZ11,1990,CO_AWB,0
Colombia,OilCrop,OilCropAEZ12,OilCropAEZ12,1990,CO_AWB,7.65117648449495e-06
Colombia,OtherGrain,OtherGrainAEZ02,OtherGrainAEZ02,1990,CO_AWB,0
Colombia,OtherGrain,OtherGrainAEZ03,OtherGrainAEZ03,1990,CO_AWB,0
Colombia,OtherGrain,OtherGrainAEZ04,OtherGrainAEZ04,1990,CO_AWB,5.3004541203003e-05
Colombia,OtherGrain,OtherGrainAEZ05,OtherGrainAEZ05,1990,CO_AWB,0.00293208477301051
Colombia,OtherGrain,OtherGrainAEZ06,OtherGrainAEZ06,1990,CO_AWB,0.0045281022341994
Colombia,OtherGrain,OtherGrainAEZ11,OtherGrainAEZ11,1990,CO_AWB,1.13948736289395e-06
Colombia,OtherGrain,OtherGrainAEZ12,OtherGrainAEZ12,1990,CO_AWB,0.000372722640636927
Colombia,PalmFruit,PalmFruitAEZ02,PalmFruitAEZ02,1990,CO_AWB,0
Colombia,PalmFruit,PalmFruitAEZ03,PalmFruitAEZ03,1990,CO_AWB,0
Colombia,PalmFruit,PalmFruitAEZ04,PalmFruitAEZ04,1990,CO_AWB,0.000131879545328328
Colombia,PalmFruit,PalmFruitAEZ05,PalmFruitAEZ05,1990,CO_AWB,0.00246350682047789
Colombia,PalmFruit,PalmFruitAEZ06,PalmFruitAEZ06,1990,CO_AWB,0.0111376329954659
Colombia,PalmFruit,PalmFruitAEZ11,PalmFruitAEZ11,1990,CO_AWB,0.000186776310869416
Colombia,PalmFruit,PalmFruitAEZ12,PalmFruitAEZ12,1990,CO_AWB,0.000763751732817775
Colombia,Rice,RiceAEZ02,RiceAEZ02,1990,CO_AWB,0
Colombia,Rice,RiceAEZ03,RiceAEZ03,1990,CO_AWB,0
Colombia,Rice,RiceAEZ04,RiceAEZ04,1990,CO_AWB,3.84848499440786e-05
Colombia,Rice,RiceAEZ05,RiceAEZ05,1990,CO_AWB,0.00111446576575594
Colombia,Rice,RiceAEZ06,RiceAEZ06,1990,CO_AWB,0.016014465611243
Colombia,Rice,RiceAEZ11,RiceAEZ11,1990,CO_AWB,4.12675878528343e-05
Colombia,Rice,RiceAEZ12,RiceAEZ12,1990,CO_AWB,0.000918394883373035
Colombia,Root_Tuber,Root_TuberAEZ02,Root_TuberAEZ02,1990,CO_AWB,0
Colombia,Root_Tuber,Root_TuberAEZ03,Root_TuberAEZ03,1990,CO_AWB,0
Colombia,Root_Tuber,Root_TuberAEZ04,Root_TuberAEZ04,1990,CO_AWB,0.000348767818423867
Colombia,Root_Tuber,Root_TuberAEZ05,Root_TuberAEZ05,1990,CO_AWB,0.00683579519458255
Colombia,Root_Tuber,Root_TuberAEZ06,Root_TuberAEZ06,1990,CO_AWB,0.028215389193749
Colombia,Root_Tuber,Root_TuberAEZ11,Root_TuberAEZ11,1990,CO_AWB,0.000893100192935734
Colombia,Root_Tuber,Root_TuberAEZ12,Root_TuberAEZ12,1990,CO_AWB,0.00405088956912048
Colombia,SugarCrop,SugarCropAEZ02,SugarCropAEZ02,1990,CO_AWB,0
Colombia,SugarCrop,SugarCropAEZ03,SugarCropAEZ03,1990,CO_AWB,0
Colombia,SugarCrop,SugarCropAEZ04,SugarCropAEZ04,1990,CO_AWB,0.000506279777320972
Colombia,SugarCrop,SugarCropAEZ05,SugarCropAEZ05,1990,CO_AWB,0.0217171439816692
Colombia,SugarCrop,SugarCropAEZ06,SugarCropAEZ06,1990,CO_AWB,0.219541982241867
Colombia,SugarCrop,SugarCropAEZ11,SugarCropAEZ11,1990,CO_AWB,0.00209034209941244
Colombia,SugarCrop,SugarCropAEZ12,SugarCropAEZ12,1990,CO_AWB,0.0180481663986488
Colombia,Wheat,WheatAEZ02,WheatAEZ02,1990,CO_AWB,0
Colombia,Wheat,WheatAEZ03,WheatAEZ03,1990,CO_AWB,0
Colombia,Wheat,WheatAEZ04,WheatAEZ04,1990,CO_AWB,0
Colombia,Wheat,WheatAEZ05,WheatAEZ05,1990,CO_AWB,0
Colombia,Wheat,WheatAEZ06,WheatAEZ06,1990,CO_AWB,0.000659922546110196
Colombia,Wheat,WheatAEZ11,WheatAEZ11,1990,CO_AWB,1.73753891743219e-05
Colombia,Wheat,WheatAEZ12,WheatAEZ12,1990,CO_AWB,0.000119442637399848
Colombia,Corn,CornAEZ02,CornAEZ02,1990,N2O_AWB,0
Colombia,Corn,CornAEZ03,CornAEZ03,1990,N2O_AWB,0
Colombia,Corn,CornAEZ04,CornAEZ04,1990,N2O_AWB,1.64148521605161e-07
Colombia,Corn,CornAEZ05,CornAEZ05,1990,N2O_AWB,2.25347742553369e-06
Colombia,Corn,CornAEZ06,CornAEZ06,1990,N2O_AWB,4.60689086369152e-06
Colombia,Corn,CornAEZ11,CornAEZ11,1990,N2O_AWB,8.48949185501968e-08
Colombia,Corn,CornAEZ12,CornAEZ12,1990,N2O_AWB,3.27739429226838e-07
Colombia,FiberCrop,FiberCropAEZ02,FiberCropAEZ02,1990,N2O_AWB,0
Colombia,FiberCrop,FiberCropAEZ03,FiberCropAEZ03,1990,N2O_AWB,0
Colombia,FiberCrop,FiberCropAEZ04,FiberCropAEZ04,1990,N2O_AWB,2.94574211368939e-08
Colombia,FiberCrop,FiberCropAEZ05,FiberCropAEZ05,1990,N2O_AWB,4.19226754488664e-07
Colombia,FiberCrop,FiberCropAEZ06,FiberCropAEZ06,1990,N2O_AWB,1.94967696171737e-06
Colombia,FiberCrop,FiberCropAEZ11,FiberCropAEZ11,1990,N2O_AWB,1.86274868953889e-08
Colombia,FiberCrop,FiberCropAEZ12,FiberCropAEZ12,1990,N2O_AWB,1.3606007385411e-07
Colombia,FodderGrass,FodderGrassAEZ02,FodderGrassAEZ02,1990,N2O_AWB,0
Colombia,FodderGrass,FodderGrassAEZ03,FodderGrassAEZ03,1990,N2O_AWB,0
Colombia,FodderGrass,FodderGrassAEZ04,FodderGrassAEZ04,1990,N2O_AWB,0
Colombia,FodderGrass,FodderGrassAEZ05,FodderGrassAEZ05,1990,N2O_AWB,0
Colombia,FodderGrass,FodderGrassAEZ06,FodderGrassAEZ06,1990,N2O_AWB,0
Colombia,FodderGrass,FodderGrassAEZ11,FodderGrassAEZ11,1990,N2O_AWB,0
Colombia,FodderGrass,FodderGrassAEZ12,FodderGrassAEZ12,1990,N2O_AWB,0
Colombia,FodderHerb,FodderHerbAEZ02,FodderHerbAEZ02,1990,N2O_AWB,0
Colombia,FodderHerb,FodderHerbAEZ03,FodderHerbAEZ03,1990,N2O_AWB,0
Colombia,FodderHerb,FodderHerbAEZ04,FodderHerbAEZ04,1990,N2O_AWB,0
Colombia,FodderHerb,FodderHerbAEZ05,FodderHerbAEZ05,1990,N2O_AWB,0
Colombia,FodderHerb,FodderHerbAEZ06,FodderHerbAEZ06,1990,N2O_AWB,0
Colombia,FodderHerb,FodderHerbAEZ11,FodderHerbAEZ11,1990,N2O_AWB,0
Colombia,FodderHerb,FodderHerbAEZ12,FodderHerbAEZ12,1990,N2O_AWB,0
Colombia,MiscCrop,MiscCropAEZ02,MiscCropAEZ02,1990,N2O_AWB,0
Colombia,MiscCrop,MiscCropAEZ03,MiscCropAEZ03,1990,N2O_AWB,0
Colombia,MiscCrop,MiscCropAEZ04,MiscCropAEZ04,1990,N2O_AWB,4.19264287689243e-07
Colombia,MiscCrop,MiscCropAEZ05,MiscCropAEZ05,1990,N2O_AWB,6.42946174038286e-06
Colombia,MiscCrop,MiscCropAEZ06,MiscCropAEZ06,1990,N2O_AWB,4.05188059872244e-05
Colombia,MiscCrop,MiscCropAEZ11,MiscCropAEZ11,1990,N2O_AWB,3.91812619109724e-07
Colombia,MiscCrop,MiscCropAEZ12,MiscCropAEZ12,1990,N2O_AWB,2.02685117936819e-06
Colombia,OilCrop,OilCropAEZ02,OilCropAEZ02,1990,N2O_AWB,0
Colombia,OilCrop,OilCropAEZ03,OilCropAEZ03,1990,N2O_AWB,0
Colombia,OilCrop,OilCropAEZ04,OilCropAEZ04,1990,N2O_AWB,1.27601731615e-09
Colombia,OilCrop,OilCropAEZ05,OilCropAEZ05,1990,N2O_AWB,1.01803990223272e-08
Colombia,OilCrop,OilCropAEZ06,OilCropAEZ06,1990,N2O_AWB,1.1889430040762e-06
Colombia,OilCrop,OilCropAEZ11,OilCropAEZ11,1990,N2O_AWB,0
Colombia,OilCrop,OilCropAEZ12,OilCropAEZ12,1990,N2O_AWB,5.40920384020108e-09
Colombia,OtherGrain,OtherGrainAEZ02,OtherGrainAEZ02,1990,N2O_AWB,0
Colombia,OtherGrain,OtherGrainAEZ03,OtherGrainAEZ03,1990,N2O_AWB,0
Colombia,OtherGrain,OtherGrainAEZ04,OtherGrainAEZ04,1990,N2O_AWB,3.74729779667742e-08
Colombia,OtherGrain,OtherGrainAEZ05,OtherGrainAEZ05,1990,N2O_AWB,2.07291574650046e-06
Colombia,OtherGrain,OtherGrainAEZ06,OtherGrainAEZ06,1990,N2O_AWB,3.20126297487586e-06
Colombia,OtherGrain,OtherGrainAEZ11,OtherGrainAEZ11,1990,N2O_AWB,8.05591065859912e-10
Colombia,OtherGrain,OtherGrainAEZ12,OtherGrainAEZ12,1990,N2O_AWB,2.63506238961921e-07
Colombia,PalmFruit,PalmFruitAEZ02,PalmFruitAEZ02,1990,N2O_AWB,0
Colombia,PalmFruit,PalmFruitAEZ03,PalmFruitAEZ03,1990,N2O_AWB,0
Colombia,PalmFruit,PalmFruitAEZ04,PalmFruitAEZ04,1990,N2O_AWB,9.32357715809578e-08
Colombia,PalmFruit,PalmFruitAEZ05,PalmFruitAEZ05,1990,N2O_AWB,1.74164203122158e-06
Colombia,PalmFruit,PalmFruitAEZ06,PalmFruitAEZ06,1990,N2O_AWB,7.87404751307356e-06
Colombia,PalmFruit,PalmFruitAEZ11,PalmFruitAEZ11,1990,N2O_AWB,1.32046508149541e-07
Colombia,PalmFruit,PalmFruitAEZ12,PalmFruitAEZ12,1990,N2O_AWB,5.39954713433962e-07
Colombia,Rice,RiceAEZ02,RiceAEZ02,1990,N2O_AWB,0
Colombia,Rice,RiceAEZ03,RiceAEZ03,1990,N2O_AWB,0
Colombia,Rice,RiceAEZ04,RiceAEZ04,1990,N2O_AWB,2.72078939139533e-08
Colombia,Rice,RiceAEZ05,RiceAEZ05,1990,N2O_AWB,7.87901378580946e-07
Colombia,Rice,RiceAEZ06,RiceAEZ06,1990,N2O_AWB,1.1321854757716e-05
Colombia,Rice,RiceAEZ11,RiceAEZ11,1990,N2O_AWB,2.91752249006084e-08
Colombia,Rice,RiceAEZ12,RiceAEZ12,1990,N2O_AWB,6.49283824524192e-07
Colombia,Root_Tuber,Root_TuberAEZ02,Root_TuberAEZ02,1990,N2O_AWB,0
Colombia,Root_Tuber,Root_TuberAEZ03,Root_TuberAEZ03,1990,N2O_AWB,0
Colombia,Root_Tuber,Root_TuberAEZ04,Root_TuberAEZ04,1990,N2O_AWB,2.46570736746176e-07
Colombia,Root_Tuber,Root_TuberAEZ05,Root_TuberAEZ05,1990,N2O_AWB,4.83274823058859e-06
Colombia,Root_Tuber,Root_TuberAEZ06,Root_TuberAEZ06,1990,N2O_AWB,1.99476239881388e-05
Colombia,Root_Tuber,Root_TuberAEZ11,Root_TuberAEZ11,1990,N2O_AWB,6.31401066633636e-07
Colombia,Root_Tuber,Root_TuberAEZ12,Root_TuberAEZ12,1990,N2O_AWB,2.86388471863402e-06
Colombia,SugarCrop,SugarCropAEZ02,SugarCropAEZ02,1990,N2O_AWB,0
Colombia,SugarCrop,SugarCropAEZ03,SugarCropAEZ03,1990,N2O_AWB,0
Colombia,SugarCrop,SugarCropAEZ04,SugarCropAEZ04,1990,N2O_AWB,3.57928028617617e-07
Colombia,SugarCrop,SugarCropAEZ05,SugarCropAEZ05,1990,N2O_AWB,1.53535157451801e-05
Colombia,SugarCrop,SugarCropAEZ06,SugarCropAEZ06,1990,N2O_AWB,0.000155211075817506
Colombia,SugarCrop,SugarCropAEZ11,SugarCropAEZ11,1990,N2O_AWB,1.47782325167763e-06
Colombia,SugarCrop,SugarCropAEZ12,SugarCropAEZ12,1990,N2O_AWB,1.27596339190448e-05
Colombia,Wheat,WheatAEZ02,WheatAEZ02,1990,N2O_AWB,0
Colombia,Wheat,WheatAEZ03,WheatAEZ03,1990,N2O_AWB,0
Colombia,Wheat,WheatAEZ04,WheatAEZ04,1990,N2O_AWB,0
Colombia,Wheat,WheatAEZ05,WheatAEZ05,1990,N2O_AWB,0
Colombia,Wheat,WheatAEZ06,WheatAEZ06,1990,N2O_AWB,4.66549893063952e-07
Colombia,Wheat,WheatAEZ11,WheatAEZ11,1990,N2O_AWB,1.22839960674276e-08
Colombia,Wheat,WheatAEZ12,WheatAEZ12,1990,N2O_AWB,8.44431669059388e-08
Colombia,Corn,CornAEZ02,CornAEZ02,1990,NH3_AWB,0
Colombia,Corn,CornAEZ03,CornAEZ03,1990,NH3_AWB,0
Colombia,Corn,CornAEZ04,CornAEZ04,1990,NH3_AWB,3.04538704556944e-06
Colombia,Corn,CornAEZ05,CornAEZ05,1990,NH3_AWB,4.18079364474014e-05
Colombia,Corn,CornAEZ06,CornAEZ06,1990,NH3_AWB,8.54699489184874e-05
Colombia,Corn,CornAEZ11,CornAEZ11,1990,NH3_AWB,1.57502414678655e-06
Colombia,Corn,CornAEZ12,CornAEZ12,1990,NH3_AWB,6.08042888434002e-06
Colombia,FiberCrop,FiberCropAEZ02,FiberCropAEZ02,1990,NH3_AWB,0
Colombia,FiberCrop,FiberCropAEZ03,FiberCropAEZ03,1990,NH3_AWB,0
Colombia,FiberCrop,FiberCropAEZ04,FiberCropAEZ04,1990,NH3_AWB,5.4651268161869e-07
Colombia,FiberCrop,FiberCropAEZ05,FiberCropAEZ05,1990,NH3_AWB,7.77775952406601e-06
Colombia,FiberCrop,FiberCropAEZ06,FiberCropAEZ06,1990,NH3_AWB,3.61716383687038e-05
Colombia,FiberCrop,FiberCropAEZ11,FiberCropAEZ11,1990,NH3_AWB,3.4558890161182e-07
Colombia,FiberCrop,FiberCropAEZ12,FiberCropAEZ12,1990,NH3_AWB,2.52427242281967e-06
Colombia,FodderGrass,FodderGrassAEZ02,FodderGrassAEZ02,1990,NH3_AWB,0
Colombia,FodderGrass,FodderGrassAEZ03,FodderGrassAEZ03,1990,NH3_AWB,0
Colombia,FodderGrass,FodderGrassAEZ04,FodderGrassAEZ04,1990,NH3_AWB,0
Colombia,FodderGrass,FodderGrassAEZ05,FodderGrassAEZ05,1990,NH3_AWB,0
Colombia,FodderGrass,FodderGrassAEZ06,FodderGrassAEZ06,1990,NH3_AWB,0
Colombia,FodderGrass,FodderGrassAEZ11,FodderGrassAEZ11,1990,NH3_AWB,0
Colombia,FodderGrass,FodderGrassAEZ12,FodderGrassAEZ12,1990,NH3_AWB,0
Colombia,FodderHerb,FodderHerbAEZ02,FodderHerbAEZ02,1990,NH3_AWB,0
Colombia,FodderHerb,FodderHerbAEZ03,FodderHerbAEZ03,1990,NH3_AWB,0
Colombia,FodderHerb,FodderHerbAEZ04,FodderHerbAEZ04,1990,NH3_AWB,0
Colombia,FodderHerb,FodderHerbAEZ05,FodderHerbAEZ05,1990,NH3_AWB,0
Colombia,FodderHerb,FodderHerbAEZ06,FodderHerbAEZ06,1990,NH3_AWB,0
Colombia,FodderHerb,FodderHerbAEZ11,FodderHerbAEZ11,1990,NH3_AWB,0
Colombia,FodderHerb,FodderHerbAEZ12,FodderHerbAEZ12,1990,NH3_AWB,0
Colombia,MiscCrop,MiscCropAEZ02,MiscCropAEZ02,1990,NH3_AWB,0
Colombia,MiscCrop,MiscCropAEZ03,MiscCropAEZ03,1990,NH3_AWB,0
Colombia,MiscCrop,MiscCropAEZ04,MiscCropAEZ04,1990,NH3_AWB,7.77845586370832e-06
Colombia,MiscCrop,MiscCropAEZ05,MiscCropAEZ05,1990,NH3_AWB,0.000119283434920261
Colombia,MiscCrop,MiscCropAEZ06,MiscCropAEZ06,1990,NH3_AWB,0.000751730479499822
Colombia,MiscCrop,MiscCropAEZ11,MiscCropAEZ11,1990,NH3_AWB,7.26915517032513e-06
Colombia,MiscCrop,MiscCropAEZ12,MiscCropAEZ12,1990,NH3_AWB,3.76034231961729e-05
Colombia,OilCrop,OilCropAEZ02,OilCropAEZ02,1990,NH3_AWB,0
Colombia,OilCrop,OilCropAEZ03,OilCropAEZ03,1990,NH3_AWB,0
Colombia,OilCrop,OilCropAEZ04,OilCropAEZ04,1990,NH3_AWB,2.36734791548881e-08
Colombia,OilCrop,OilCropAEZ05,OilCropAEZ05,1990,NH3_AWB,1.88873192387912e-07
Colombia,OilCrop,OilCropAEZ06,OilCropAEZ06,1990,NH3_AWB,2.20580215229926e-05
Colombia,OilCrop,OilCropAEZ11,OilCropAEZ11,1990,NH3_AWB,0
Colombia,OilCrop,OilCropAEZ12,OilCropAEZ12,1990,NH3_AWB,1.00354965982678e-07
Colombia,OtherGrain,OtherGrainAEZ02,OtherGrainAEZ02,1990,NH3_AWB,0
Colombia,OtherGrain,OtherGrainAEZ03,OtherGrainAEZ03,1990,NH3_AWB,0
Colombia,OtherGrain,OtherGrainAEZ04,OtherGrainAEZ04,1990,NH3_AWB,6.95222354383574e-07
Colombia,OtherGrain,OtherGrainAEZ05,OtherGrainAEZ05,1990,NH3_AWB,3.84580421390216e-05
Colombia,OtherGrain,OtherGrainAEZ06,OtherGrainAEZ06,1990,NH3_AWB,5.93918525601968e-05
Colombia,OtherGrain,OtherGrainAEZ11,OtherGrainAEZ11,1990,NH3_AWB,1.49458342481905e-08
Colombia,OtherGrain,OtherGrainAEZ12,OtherGrainAEZ12,1990,NH3_AWB,4.88873417021458e-06
Colombia,PalmFruit,PalmFruitAEZ02,PalmFruitAEZ02,1990,NH3_AWB,0
Colombia,PalmFruit,PalmFruitAEZ03,PalmFruitAEZ03,1990,NH3_AWB,0
Colombia,PalmFruit,PalmFruitAEZ04,PalmFruitAEZ04,1990,NH3_AWB,1.7297689201204e-06
Colombia,PalmFruit,PalmFruitAEZ05,PalmFruitAEZ05,1990,NH3_AWB,3.23120429476635e-05
Colombia,PalmFruit,PalmFruitAEZ06,PalmFruitAEZ06,1990,NH3_AWB,0.000146084302545181
Colombia,PalmFruit,PalmFruitAEZ11,PalmFruitAEZ11,1990,NH3_AWB,2.4498102169849e-06
Colombia,PalmFruit,PalmFruitAEZ12,PalmFruitAEZ12,1990,NH3_AWB,1.00175808676564e-05
Colombia,Rice,RiceAEZ02,RiceAEZ02,1990,NH3_AWB,0
Colombia,Rice,RiceAEZ03,RiceAEZ03,1990,NH3_AWB,0
Colombia,Rice,RiceAEZ04,RiceAEZ04,1990,NH3_AWB,5.04778031824659e-07
Colombia,Rice,RiceAEZ05,RiceAEZ05,1990,NH3_AWB,1.4617643997357e-05
Colombia,Rice,RiceAEZ06,RiceAEZ06,1990,NH3_AWB,0.000210050200110257
Colombia,Rice,RiceAEZ11,RiceAEZ11,1990,NH3_AWB,5.4127719881392e-07
Colombia,Rice,RiceAEZ12,RiceAEZ12,1990,NH3_AWB,1.20459235865672e-05
Colombia,Root_Tuber,Root_TuberAEZ02,Root_TuberAEZ02,1990,NH3_AWB,0
Colombia,Root_Tuber,Root_TuberAEZ03,Root_TuberAEZ03,1990,NH3_AWB,0
Colombia,Root_Tuber,Root_TuberAEZ04,Root_TuberAEZ04,1990,NH3_AWB,4.57453603700142e-06
Colombia,Root_Tuber,Root_TuberAEZ05,Root_TuberAEZ05,1990,NH3_AWB,8.966019743592e-05
Colombia,Root_Tuber,Root_TuberAEZ06,Root_TuberAEZ06,1990,NH3_AWB,0.000370080918727312
Colombia,Root_Tuber,Root_TuberAEZ11,Root_TuberAEZ11,1990,NH3_AWB,1.17141513678082e-05
Colombia,Root_Tuber,Root_TuberAEZ12,Root_TuberAEZ12,1990,NH3_AWB,5.31325980693942e-05
Colombia,SugarCrop,SugarCropAEZ02,SugarCropAEZ02,1990,NH3_AWB,0
Colombia,SugarCrop,SugarCropAEZ03,SugarCropAEZ03,1990,NH3_AWB,0
Colombia,SugarCrop,SugarCropAEZ04,SugarCropAEZ04,1990,NH3_AWB,6.64050684672158e-06
Colombia,SugarCrop,SugarCropAEZ05,SugarCropAEZ05,1990,NH3_AWB,0.000284848121061894
Colombia,SugarCrop,SugarCropAEZ06,SugarCropAEZ06,1990,NH3_AWB,0.00287957390661426
Colombia,SugarCrop,SugarCropAEZ11,SugarCropAEZ11,1990,NH3_AWB,2.74175103271771e-05
Colombia,SugarCrop,SugarCropAEZ12,SugarCropAEZ12,1990,NH3_AWB,0.000236724787182278
Colombia,Wheat,WheatAEZ02,WheatAEZ02,1990,NH3_AWB,0
Colombia,Wheat,WheatAEZ03,WheatAEZ03,1990,NH3_AWB,0
Colombia,Wheat,WheatAEZ04,WheatAEZ04,1990,NH3_AWB,0
Colombia,Wheat,WheatAEZ05,WheatAEZ05,1990,NH3_AWB,0
Colombia,Wheat,WheatAEZ06,WheatAEZ06,1990,NH3_AWB,8.6557282792128e-06
Colombia,Wheat,WheatAEZ11,WheatAEZ11,1990,NH3_AWB,2.27900453356223e-07
Colombia,Wheat,WheatAEZ12,WheatAEZ12,1990,NH3_AWB,1.56664296496544e-06
Colombia,Corn,CornAEZ02,CornAEZ02,1990,NMVOC_AWB,0
Colombia,Corn,CornAEZ03,CornAEZ03,1990,NMVOC_AWB,0
Colombia,Corn,CornAEZ04,CornAEZ04,1990,NMVOC_AWB,1.64148521605161e-05
Colombia,Corn,CornAEZ05,CornAEZ05,1990,NMVOC_AWB,0.000225347742553369
Colombia,Corn,CornAEZ06,CornAEZ06,1990,NMVOC_AWB,0.000460689086369152
Colombia,Corn,CornAEZ11,CornAEZ11,1990,NMVOC_AWB,8.48949185501968e-06
Colombia,Corn,CornAEZ12,CornAEZ12,1990,NMVOC_AWB,3.27739429226838e-05
Colombia,FiberCrop,FiberCropAEZ02,FiberCropAEZ02,1990,NMVOC_AWB,0
Colombia,FiberCrop,FiberCropAEZ03,FiberCropAEZ03,1990,NMVOC_AWB,0
Colombia,FiberCrop,FiberCropAEZ04,FiberCropAEZ04,1990,NMVOC_AWB,2.94574211368939e-06
Colombia,FiberCrop,FiberCropAEZ05,FiberCropAEZ05,1990,NMVOC_AWB,4.19226754488664e-05
Colombia,FiberCrop,FiberCropAEZ06,FiberCropAEZ06,1990,NMVOC_AWB,0.000194967696171737
Colombia,FiberCrop,FiberCropAEZ11,FiberCropAEZ11,1990,NMVOC_AWB,1.86274868953889e-06
Colombia,FiberCrop,FiberCropAEZ12,FiberCropAEZ12,1990,NMVOC_AWB,1.3606007385411e-05
Colombia,FodderGrass,FodderGrassAEZ02,FodderGrassAEZ02,1990,NMVOC_AWB,0
Colombia,FodderGrass,FodderGrassAEZ03,FodderGrassAEZ03,1990,NMVOC_AWB,0
Colombia,FodderGrass,FodderGrassAEZ04,FodderGrassAEZ04,1990,NMVOC_AWB,0
Colombia,FodderGrass,FodderGrassAEZ05,FodderGrassAEZ05,1990,NMVOC_AWB,0
Colombia,FodderGrass,FodderGrassAEZ06,FodderGrassAEZ06,1990,NMVOC_AWB,0
Colombia,FodderGrass,FodderGrassAEZ11,FodderGrassAEZ11,1990,NMVOC_AWB,0
Colombia,FodderGrass,FodderGrassAEZ12,FodderGrassAEZ12,1990,NMVOC_AWB,0
Colombia,FodderHerb,FodderHerbAEZ02,FodderHerbAEZ02,1990,NMVOC_AWB,0
Colombia,FodderHerb,FodderHerbAEZ03,FodderHerbAEZ03,1990,NMVOC_AWB,0
Colombia,FodderHerb,FodderHerbAEZ04,FodderHerbAEZ04,1990,NMVOC_AWB,0
Colombia,FodderHerb,FodderHerbAEZ05,FodderHerbAEZ05,1990,NMVOC_AWB,0
Colombia,FodderHerb,FodderHerbAEZ06,FodderHerbAEZ06,1990,NMVOC_AWB,0
Colombia,FodderHerb,FodderHerbAEZ11,FodderHerbAEZ11,1990,NMVOC_AWB,0
Colombia,FodderHerb,FodderHerbAEZ12,FodderHerbAEZ12,1990,NMVOC_AWB,0
Colombia,MiscCrop,MiscCropAEZ02,MiscCropAEZ02,1990,NMVOC_AWB,0
Colombia,MiscCrop,MiscCropAEZ03,MiscCropAEZ03,1990,NMVOC_AWB,0
Colombia,MiscCrop,MiscCropAEZ04,MiscCropAEZ04,1990,NMVOC_AWB,4.19264287689243e-05
Colombia,MiscCrop,MiscCropAEZ05,MiscCropAEZ05,1990,NMVOC_AWB,0.000642946174038286
Colombia,MiscCrop,MiscCropAEZ06,MiscCropAEZ06,1990,NMVOC_AWB,0.00405188059872244
Colombia,MiscCrop,MiscCropAEZ11,MiscCropAEZ11,1990,NMVOC_AWB,3.91812619109724e-05
Colombia,MiscCrop,MiscCropAEZ12,MiscCropAEZ12,1990,NMVOC_AWB,0.000202685117936819
Colombia,OilCrop,OilCropAEZ02,OilCropAEZ02,1990,NMVOC_AWB,0
Colombia,OilCrop,OilCropAEZ03,OilCropAEZ03,1990,NMVOC_AWB,0
Colombia,OilCrop,OilCropAEZ04,OilCropAEZ04,1990,NMVOC_AWB,1.27601731615e-07
Colombia,OilCrop,OilCropAEZ05,OilCropAEZ05,1990,NMVOC_AWB,1.01803990223272e-06
Colombia,OilCrop,OilCropAEZ06,OilCropAEZ06,1990,NMVOC_AWB,0.00011889430040762
Colombia,OilCrop,OilCropAEZ11,OilCropAEZ11,1990,NMVOC_AWB,0
Colombia,OilCrop,OilCropAEZ12,OilCropAEZ12,1990,NMVOC_AWB,5.40920384020108e-07
Colombia,OtherGrain,OtherGrainAEZ02,OtherGrainAEZ02,1990,NMVOC_AWB,0
Colombia,OtherGrain,OtherGrainAEZ03,OtherGrainAEZ03,1990,NMVOC_AWB,0
Colombia,OtherGrain,OtherGrainAEZ04,OtherGrainAEZ04,1990,NMVOC_AWB,3.74729779667742e-06
Colombia,OtherGrain,OtherGrainAEZ05,OtherGrainAEZ05,1990,NMVOC_AWB,0.000207291574650046
Colombia,OtherGrain,OtherGrainAEZ06,OtherGrainAEZ06,1990,NMVOC_AWB,0.000320126297487586
Colombia,OtherGrain,OtherGrainAEZ11,OtherGrainAEZ11,1990,NMVOC_AWB,8.05591065859912e-08
Colombia,OtherGrain,OtherGrainAEZ12,OtherGrainAEZ12,1990,NMVOC_AWB,2.63506238961921e-05
Colombia,PalmFruit,PalmFruitAEZ02,PalmFruitAEZ02,1990,NMVOC_AWB,0
Colombia,PalmFruit,PalmFruitAEZ03,PalmFruitAEZ03,1990,NMVOC_AWB,0
Colombia,PalmFruit,PalmFruitAEZ04,PalmFruitAEZ04,1990,NMVOC_AWB,9.32357715809578e-06
Colombia,PalmFruit,PalmFruitAEZ05,PalmFruitAEZ05,1990,NMVOC_AWB,0.000174164203122158
Colombia,PalmFruit,PalmFruitAEZ06,PalmFruitAEZ06,1990,NMVOC_AWB,0.000787404751307356
Colombia,PalmFruit,PalmFruitAEZ11,PalmFruitAEZ11,1990,NMVOC_AWB,1.32046508149541e-05
Colombia,PalmFruit,PalmFruitAEZ12,PalmFruitAEZ12,1990,NMVOC_AWB,5.39954713433962e-05
Colombia,Rice,RiceAEZ02,RiceAEZ02,1990,NMVOC_AWB,0
Colombia,Rice,RiceAEZ03,RiceAEZ03,1990,NMVOC_AWB,0
Colombia,Rice,RiceAEZ04,RiceAEZ04,1990,NMVOC_AWB,2.72078939139533e-06
Colombia,Rice,RiceAEZ05,RiceAEZ05,1990,NMVOC_AWB,7.87901378580946e-05
Colombia,Rice,RiceAEZ06,RiceAEZ06,1990,NMVOC_AWB,0.0011321854757716
Colombia,Rice,RiceAEZ11,RiceAEZ11,1990,NMVOC_AWB,2.91752249006084e-06
Colombia,Rice,RiceAEZ12,RiceAEZ12,1990,NMVOC_AWB,6.49283824524192e-05
Colombia,Root_Tuber,Root_TuberAEZ02,Root_TuberAEZ02,1990,NMVOC_AWB,0
Colombia,Root_Tuber,Root_TuberAEZ03,Root_TuberAEZ03,1990,NMVOC_AWB,0
Colombia,Root_Tuber,Root_TuberAEZ04,Root_TuberAEZ04,1990,NMVOC_AWB,2.46570736746176e-05
Colombia,Root_Tuber,Root_TuberAEZ05,Root_TuberAEZ05,1990,NMVOC_AWB,0.000483274823058859
Colombia,Root_Tuber,Root_TuberAEZ06,Root_TuberAEZ06,1990,NMVOC_AWB,0.00199476239881388
Colombia,Root_Tuber,Root_TuberAEZ11,Root_TuberAEZ11,1990,NMVOC_AWB,6.31401066633635e-05
Colombia,Root_Tuber,Root_TuberAEZ12,Root_TuberAEZ12,1990,NMVOC_AWB,0.000286388471863402
Colombia,SugarCrop,SugarCropAEZ02,SugarCropAEZ02,1990,NMVOC_AWB,0
Colombia,SugarCrop,SugarCropAEZ03,SugarCropAEZ03,1990,NMVOC_AWB,0
Colombia,SugarCrop,SugarCropAEZ04,SugarCropAEZ04,1990,NMVOC_AWB,3.57928028617617e-05
Colombia,SugarCrop,SugarCropAEZ05,SugarCropAEZ05,1990,NMVOC_AWB,0.00153535157451801
Colombia,SugarCrop,SugarCropAEZ06,SugarCropAEZ06,1990,NMVOC_AWB,0.0155211075817506
Colombia,SugarCrop,SugarCropAEZ11,SugarCropAEZ11,1990,NMVOC_AWB,0.000147782325167763
Colombia,SugarCrop,SugarCropAEZ12,SugarCropAEZ12,1990,NMVOC_AWB,0.00127596339190448
Colombia,Wheat,WheatAEZ02,WheatAEZ02,1990,NMVOC_AWB,0
Colombia,Wheat,WheatAEZ03,WheatAEZ03,1990,NMVOC_AWB,0
Colombia,Wheat,WheatAEZ04,WheatAEZ04,1990,NMVOC_AWB,0
Colombia,Wheat,WheatAEZ05,WheatAEZ05,1990,NMVOC_AWB,0
Colombia,Wheat,WheatAEZ06,WheatAEZ06,1990,NMVOC_AWB,4.66549893063952e-05
Colombia,Wheat,WheatAEZ11,WheatAEZ11,1990,NMVOC_AWB,1.22839960674276e-06
Colombia,Wheat,WheatAEZ12,WheatAEZ12,1990,NMVOC_AWB,8.44431669059388e-06
Colombia,Corn,CornAEZ02,CornAEZ02,1990,NOx_AWB,0
Colombia,Corn,CornAEZ03,CornAEZ03,1990,NOx_AWB,0
Colombia,Corn,CornAEZ04,CornAEZ04,1990,NOx_AWB,8.90937699501699e-06
Colombia,Corn,CornAEZ05,CornAEZ05,1990,NOx_AWB,0.000122310452372717
Colombia,Corn,CornAEZ06,CornAEZ06,1990,NOx_AWB,0.000250045063325362
Colombia,Corn,CornAEZ11,CornAEZ11,1990,NOx_AWB,4.60778340815213e-06
Colombia,Corn,CornAEZ12,CornAEZ12,1990,NOx_AWB,1.77884887573777e-05
Colombia,FiberCrop,FiberCropAEZ02,FiberCropAEZ02,1990,NOx_AWB,0
Colombia,FiberCrop,FiberCropAEZ03,FiberCropAEZ03,1990,NOx_AWB,0
Colombia,FiberCrop,FiberCropAEZ04,FiberCropAEZ04,1990,NOx_AWB,1.59884029196957e-06
Colombia,FiberCrop,FiberCropAEZ05,FiberCropAEZ05,1990,NOx_AWB,2.27540837140229e-05
Colombia,FiberCrop,FiberCropAEZ06,FiberCropAEZ06,1990,NOx_AWB,0.000105821282461633
Colombia,FiberCrop,FiberCropAEZ11,FiberCropAEZ11,1990,NOx_AWB,1.01103136109841e-06
Colombia,FiberCrop,FiberCropAEZ12,FiberCropAEZ12,1990,NOx_AWB,7.38483953484478e-06
Colombia,FodderGrass,FodderGrassAEZ02,FodderGrassAEZ02,1990,NOx_AWB,0
Colombia,FodderGrass,FodderGrassAEZ03,FodderGrassAEZ03,1990,NOx_AWB,0
Colombia,FodderGrass,FodderGrassAEZ04,FodderGrassAEZ04,1990,NOx_AWB,0
Colombia,FodderGrass,FodderGrassAEZ05,FodderGrassAEZ05,1990,NOx_AWB,0
Colombia,FodderGrass,FodderGrassAEZ06,FodderGrassAEZ06,1990,NOx_AWB,0
Colombia,FodderGrass,FodderGrassAEZ11,FodderGrassAEZ11,1990,NOx_AWB,0
Colombia,FodderGrass,FodderGrassAEZ12,FodderGrassAEZ12,1990,NOx_AWB,0
Colombia,FodderHerb,FodderHerbAEZ02,FodderHerbAEZ02,1990,NOx_AWB,0
Colombia,FodderHerb,FodderHerbAEZ03,FodderHerbAEZ03,1990,NOx_AWB,0
Colombia,FodderHerb,FodderHerbAEZ04,FodderHerbAEZ04,1990,NOx_AWB,0
Colombia,FodderHerb,FodderHerbAEZ05,FodderHerbAEZ05,1990,NOx_AWB,0
Colombia,FodderHerb,FodderHerbAEZ06,FodderHerbAEZ06,1990,NOx_AWB,0
Colombia,FodderHerb,FodderHerbAEZ11,FodderHerbAEZ11,1990,NOx_AWB,0
Colombia,FodderHerb,FodderHerbAEZ12,FodderHerbAEZ12,1990,NOx_AWB,0
Colombia,MiscCrop,MiscCropAEZ02,MiscCropAEZ02,1990,NOx_AWB,0
Colombia,MiscCrop,MiscCropAEZ03,MiscCropAEZ03,1990,NOx_AWB,0
Colombia,MiscCrop,MiscCropAEZ04,MiscCropAEZ04,1990,NOx_AWB,2.27561208778701e-05
Colombia,MiscCrop,MiscCropAEZ05,MiscCropAEZ05,1990,NOx_AWB,0.000348967495777359
Colombia,MiscCrop,MiscCropAEZ06,MiscCropAEZ06,1990,NOx_AWB,0.00219921150917501
Colombia,MiscCrop,MiscCropAEZ11,MiscCropAEZ11,1990,NOx_AWB,2.12661454451001e-05
Colombia,MiscCrop,MiscCropAEZ12,MiscCropAEZ12,1990,NOx_AWB,0.000110010014669655
Colombia,OilCrop,OilCropAEZ02,OilCropAEZ02,1990,NOx_AWB,0
Colombia,OilCrop,OilCropAEZ03,OilCropAEZ03,1990,NOx_AWB,0
Colombia,OilCrop,OilCropAEZ04,OilCropAEZ04,1990,NOx_AWB,6.9257518804194e-08
Colombia,OilCrop,OilCropAEZ05,OilCropAEZ05,1990,NOx_AWB,5.5255455219868e-07
Colombia,OilCrop,OilCropAEZ06,OilCropAEZ06,1990,NOx_AWB,6.45314459449252e-05
Colombia,OilCrop,OilCropAEZ11,OilCropAEZ11,1990,NOx_AWB,0
Colombia,OilCrop,OilCropAEZ12,OilCropAEZ12,1990,NOx_AWB,2.93591655800388e-07
Colombia,OtherGrain,OtherGrainAEZ02,OtherGrainAEZ02,1990,NOx_AWB,0
Colombia,OtherGrain,OtherGrainAEZ03,OtherGrainAEZ03,1990,NOx_AWB,0
Colombia,OtherGrain,OtherGrainAEZ04,OtherGrainAEZ04,1990,NOx_AWB,2.03389518569663e-06
Colombia,OtherGrain,OtherGrainAEZ05,OtherGrainAEZ05,1990,NOx_AWB,0.000112510229662031
Colombia,OtherGrain,OtherGrainAEZ06,OtherGrainAEZ06,1990,NOx_AWB,0.000173752760149512
Colombia,OtherGrain,OtherGrainAEZ11,OtherGrainAEZ11,1990,NOx_AWB,4.37245150877913e-08
Colombia,OtherGrain,OtherGrainAEZ12,OtherGrainAEZ12,1990,NOx_AWB,1.43021478383937e-05
Colombia,PalmFruit,PalmFruitAEZ02,PalmFruitAEZ02,1990,NOx_AWB,0
Colombia,PalmFruit,PalmFruitAEZ03,PalmFruitAEZ03,1990,NOx_AWB,0
Colombia,PalmFruit,PalmFruitAEZ04,PalmFruitAEZ04,1990,NOx_AWB,5.0604941812033e-06
Colombia,PalmFruit,PalmFruitAEZ05,PalmFruitAEZ05,1990,NOx_AWB,9.45299128788029e-05
Colombia,PalmFruit,PalmFruitAEZ06,PalmFruitAEZ06,1990,NOx_AWB,0.0004273742893609
Colombia,PalmFruit,PalmFruitAEZ11,PalmFruitAEZ11,1990,NOx_AWB,7.16699797522178e-06
Colombia,PalmFruit,PalmFruitAEZ12,PalmFruitAEZ12,1990,NOx_AWB,2.93067525383565e-05
Colombia,Rice,RiceAEZ02,RiceAEZ02,1990,NOx_AWB,0
Colombia,Rice,RiceAEZ03,RiceAEZ03,1990,NOx_AWB,0
Colombia,Rice,RiceAEZ04,RiceAEZ04,1990,NOx_AWB,1.47674424204023e-06
Colombia,Rice,RiceAEZ05,RiceAEZ05,1990,NOx_AWB,4.27643840348211e-05
Colombia,Rice,RiceAEZ06,RiceAEZ06,1990,NOx_AWB,0.000614508564152347
Colombia,Rice,RiceAEZ11,RiceAEZ11,1990,NOx_AWB,1.58352371993434e-06
Colombia,Rice,RiceAEZ12,RiceAEZ12,1990,NOx_AWB,3.52407338968723e-05
Colombia,Root_Tuber,Root_TuberAEZ02,Root_TuberAEZ02,1990,NOx_AWB,0
Colombia,Root_Tuber,Root_TuberAEZ03,Root_TuberAEZ03,1990,NOx_AWB,0
Colombia,Root_Tuber,Root_TuberAEZ04,Root_TuberAEZ04,1990,NOx_AWB,1.33829511720786e-05
Colombia,Root_Tuber,Root_TuberAEZ05,Root_TuberAEZ05,1990,NOx_AWB,0.000262303769094447
Colombia,Root_Tuber,Root_TuberAEZ06,Root_TuberAEZ06,1990,NOx_AWB,0.0010826835388299
Colombia,Root_Tuber,Root_TuberAEZ11,Root_TuberAEZ11,1990,NOx_AWB,3.42701236824177e-05
Colombia,Root_Tuber,Root_TuberAEZ12,Root_TuberAEZ12,1990,NOx_AWB,0.000155441111373228
Colombia,SugarCrop,SugarCropAEZ02,SugarCropAEZ02,1990,NOx_AWB,0
Colombia,SugarCrop,SugarCropAEZ03,SugarCropAEZ03,1990,NOx_AWB,0
Colombia,SugarCrop,SugarCropAEZ04,SugarCropAEZ04,1990,NOx_AWB,1.94270147111536e-05
Colombia,SugarCrop,SugarCropAEZ05,SugarCropAEZ05,1990,NOx_AWB,0.000833332269064052
Colombia,SugarCrop,SugarCropAEZ06,SugarCropAEZ06,1990,NOx_AWB,0.0084242853650949
Colombia,SugarCrop,SugarCropAEZ11,SugarCropAEZ11,1990,NOx_AWB,8.02108014890818e-05
Colombia,SugarCrop,SugarCropAEZ12,SugarCropAEZ12,1990,NOx_AWB,0.000692545919948153
Colombia,Wheat,WheatAEZ02,WheatAEZ02,1990,NOx_AWB,0
Colombia,Wheat,WheatAEZ03,WheatAEZ03,1990,NOx_AWB,0
Colombia,Wheat,WheatAEZ04,WheatAEZ04,1990,NOx_AWB,0
Colombia,Wheat,WheatAEZ05,WheatAEZ05,1990,NOx_AWB,0
Colombia,Wheat,WheatAEZ06,WheatAEZ06,1990,NOx_AWB,2.53226093274843e-05
Colombia,Wheat,WheatAEZ11,WheatAEZ11,1990,NOx_AWB,6.66730049712353e-07
Colombia,Wheat,WheatAEZ12,WheatAEZ12,1990,NOx_AWB,4.58326399324997e-06
Colombia,Corn,CornAEZ02,CornAEZ02,1990,SO2_AWB,0
Colombia,Corn,CornAEZ03,CornAEZ03,1990,SO2_AWB,0
Colombia,Corn,CornAEZ04,CornAEZ04,1990,SO2_AWB,1.27971051382971e-06
Colombia,Corn,CornAEZ05,CornAEZ05,1990,SO2_AWB,1.75682286135357e-05
Colombia,Corn,CornAEZ06,CornAEZ06,1990,SO2_AWB,3.59155636412793e-05
Colombia,Corn,CornAEZ11,CornAEZ11,1990,SO2_AWB,6.61845253170942e-07
Colombia,Corn,CornAEZ12,CornAEZ12,1990,SO2_AWB,2.55507383969607e-06
Colombia,FiberCrop,FiberCropAEZ02,FiberCropAEZ02,1990,SO2_AWB,0
Colombia,FiberCrop,FiberCropAEZ03,FiberCropAEZ03,1990,SO2_AWB,0
Colombia,FiberCrop,FiberCropAEZ04,FiberCropAEZ04,1990,SO2_AWB,2.29651605573811e-07
Colombia,FiberCrop,FiberCropAEZ05,FiberCropAEZ05,1990,SO2_AWB,3.26831384255965e-06
Colombia,FiberCrop,FiberCropAEZ06,FiberCropAEZ06,1990,SO2_AWB,1.51997842081255e-05
Colombia,FiberCrop,FiberCropAEZ11,FiberCropAEZ11,1990,SO2_AWB,1.45220868230499e-07
Colombia,FiberCrop,FiberCropAEZ12,FiberCropAEZ12,1990,SO2_AWB,1.06073149682316e-06
Colombia,FodderGrass,FodderGrassAEZ02,FodderGrassAEZ02,1990,SO2_AWB,0
Colombia,FodderGrass,FodderGrassAEZ03,FodderGrassAEZ03,1990,SO2_AWB,0
Colombia,FodderGrass,FodderGrassAEZ04,FodderGrassAEZ04,1990,SO2_AWB,0
Colombia,FodderGrass,FodderGrassAEZ05,FodderGrassAEZ05,1990,SO2_AWB,0
Colombia,FodderGrass,FodderGrassAEZ06,FodderGrassAEZ06,1990,SO2_AWB,0
Colombia,FodderGrass,FodderGrassAEZ11,FodderGrassAEZ11,1990,SO2_AWB,0
Colombia,FodderGrass,FodderGrassAEZ12,FodderGrassAEZ12,1990,SO2_AWB,0
Colombia,FodderHerb,FodderHerbAEZ02,FodderHerbAEZ02,1990,SO2_AWB,0
Colombia,FodderHerb,FodderHerbAEZ03,FodderHerbAEZ03,1990,SO2_AWB,0
Colombia,FodderHerb,FodderHerbAEZ04,FodderHerbAEZ04,1990,SO2_AWB,0
Colombia,FodderHerb,FodderHerbAEZ05,FodderHerbAEZ05,1990,SO2_AWB,0
Colombia,FodderHerb,FodderHerbAEZ06,FodderHerbAEZ06,1990,SO2_AWB,0
Colombia,FodderHerb,FodderHerbAEZ11,FodderHerbAEZ11,1990,SO2_AWB,0
Colombia,FodderHerb,FodderHerbAEZ12,FodderHerbAEZ12,1990,SO2_AWB,0
Colombia,MiscCrop,MiscCropAEZ02,MiscCropAEZ02,1990,SO2_AWB,0
Colombia,MiscCrop,MiscCropAEZ03,MiscCropAEZ03,1990,SO2_AWB,0
Colombia,MiscCrop,MiscCropAEZ04,MiscCropAEZ04,1990,SO2_AWB,3.2686064533668e-06
Colombia,MiscCrop,MiscCropAEZ05,MiscCropAEZ05,1990,SO2_AWB,5.0124422120748e-05
Colombia,MiscCrop,MiscCropAEZ06,MiscCropAEZ06,1990,SO2_AWB,0.000315886744045138
Colombia,MiscCrop,MiscCropAEZ11,MiscCropAEZ11,1990,SO2_AWB,3.0545918002962e-06
Colombia,MiscCrop,MiscCropAEZ12,MiscCropAEZ12,1990,SO2_AWB,1.58014384707322e-05
Colombia,OilCrop,OilCropAEZ02,OilCropAEZ02,1990,SO2_AWB,0
Colombia,OilCrop,OilCropAEZ03,OilCropAEZ03,1990,SO2_AWB,0
Colombia,OilCrop,OilCropAEZ04,OilCropAEZ04,1990,SO2_AWB,9.94789815551151e-09
Colombia,OilCrop,OilCropAEZ05,OilCropAEZ05,1990,SO2_AWB,7.93669265885376e-08
Colombia,OilCrop,OilCropAEZ06,OilCropAEZ06,1990,SO2_AWB,9.26906223572562e-06
Colombia,OilCrop,OilCropAEZ11,OilCropAEZ11,1990,SO2_AWB,0
Colombia,OilCrop,OilCropAEZ12,OilCropAEZ12,1990,SO2_AWB,4.21704378331466e-08
Colombia,OtherGrain,OtherGrainAEZ02,OtherGrainAEZ02,1990,SO2_AWB,0
Colombia,OtherGrain,OtherGrainAEZ03,OtherGrainAEZ03,1990,SO2_AWB,0
Colombia,OtherGrain,OtherGrainAEZ04,OtherGrainAEZ04,1990,SO2_AWB,2.9214130849097e-07
Colombia,OtherGrain,OtherGrainAEZ05,OtherGrainAEZ05,1990,SO2_AWB,1.61605602605463e-05
Colombia,OtherGrain,OtherGrainAEZ06,OtherGrainAEZ06,1990,SO2_AWB,2.49572146396572e-05
Colombia,OtherGrain,OtherGrainAEZ11,OtherGrainAEZ11,1990,SO2_AWB,6.28043034897366e-09
Colombia,OtherGrain,OtherGrainAEZ12,OtherGrainAEZ12,1990,SO2_AWB,2.05430850769655e-06
Colombia,PalmFruit,PalmFruitAEZ02,PalmFruitAEZ02,1990,SO2_AWB,0
Colombia,PalmFruit,PalmFruitAEZ03,PalmFruitAEZ03,1990,SO2_AWB,0
Colombia,PalmFruit,PalmFruitAEZ04,PalmFruitAEZ04,1990,SO2_AWB,7.2687098239102e-07
Colombia,PalmFruit,PalmFruitAEZ05,PalmFruitAEZ05,1990,SO2_AWB,1.35779329407735e-05
Colombia,PalmFruit,PalmFruitAEZ06,PalmFruitAEZ06,1990,SO2_AWB,6.13864888354748e-05
Colombia,PalmFruit,PalmFruitAEZ11,PalmFruitAEZ11,1990,SO2_AWB,1.02944152735004e-06
Colombia,PalmFruit,PalmFruitAEZ12,PalmFruitAEZ12,1990,SO2_AWB,4.2095153646003e-06
Colombia,Rice,RiceAEZ02,RiceAEZ02,1990,SO2_AWB,0
Colombia,Rice,RiceAEZ03,RiceAEZ03,1990,SO2_AWB,0
Colombia,Rice,RiceAEZ04,RiceAEZ04,1990,SO2_AWB,2.12114172947596e-07
Colombia,Rice,RiceAEZ05,RiceAEZ05,1990,SO2_AWB,6.14252061591066e-06
Colombia,Rice,RiceAEZ06,RiceAEZ06,1990,SO2_AWB,8.82657755782462e-05
Colombia,Rice,RiceAEZ11,RiceAEZ11,1990,SO2_AWB,2.27451588863296e-07
Colombia,Rice,RiceAEZ12,RiceAEZ12,1990,SO2_AWB,5.06185086882347e-06
Colombia,Root_Tuber,Root_TuberAEZ02,Root_TuberAEZ02,1990,SO2_AWB,0
Colombia,Root_Tuber,Root_TuberAEZ03,Root_TuberAEZ03,1990,SO2_AWB,0
Colombia,Root_Tuber,Root_TuberAEZ04,Root_TuberAEZ04,1990,SO2_AWB,1.92227844108038e-06
Colombia,Root_Tuber,Root_TuberAEZ05,Root_TuberAEZ05,1990,SO2_AWB,3.76763595608387e-05
Colombia,Root_Tuber,Root_TuberAEZ06,Root_TuberAEZ06,1990,SO2_AWB,0.000155512726486477
Colombia,Root_Tuber,Root_TuberAEZ11,Root_TuberAEZ11,1990,SO2_AWB,4.92243594711091e-06
Colombia,Root_Tuber,Root_TuberAEZ12,Root_TuberAEZ12,1990,SO2_AWB,2.23269959972455e-05
Colombia,SugarCrop,SugarCropAEZ02,SugarCropAEZ02,1990,SO2_AWB,0
Colombia,SugarCrop,SugarCropAEZ03,SugarCropAEZ03,1990,SO2_AWB,0
Colombia,SugarCrop,SugarCropAEZ04,SugarCropAEZ04,1990,SO2_AWB,2.79042574942024e-06
Colombia,SugarCrop,SugarCropAEZ05,SugarCropAEZ05,1990,SO2_AWB,0.0001196968168292
Colombia,SugarCrop,SugarCropAEZ06,SugarCropAEZ06,1990,SO2_AWB,0.00121003371607727
Colombia,SugarCrop,SugarCropAEZ11,SugarCropAEZ11,1990,SO2_AWB,1.15211878502499e-05
Colombia,SugarCrop,SugarCropAEZ12,SugarCropAEZ12,1990,SO2_AWB,9.94747775925529e-05
Colombia,Wheat,WheatAEZ02,WheatAEZ02,1990,SO2_AWB,0
Colombia,Wheat,WheatAEZ03,WheatAEZ03,1990,SO2_AWB,0
Colombia,Wheat,WheatAEZ04,WheatAEZ04,1990,SO2_AWB,0
Colombia,Wheat,WheatAEZ05,WheatAEZ05,1990,SO2_AWB,0
Colombia,Wheat,WheatAEZ06,WheatAEZ06,1990,SO2_AWB,3.6372475215841e-06
Colombia,Wheat,WheatAEZ11,WheatAEZ11,1990,SO2_AWB,9.57666798677744e-08
Colombia,Wheat,WheatAEZ12,WheatAEZ12,1990,SO2_AWB,6.58323373575904e-07
USA,Corn,CornAEZ07,CornAEZ07,2005,CH4_AWB,0.000801786814395795
USA,Corn,CornAEZ08,CornAEZ08,2005,CH4_AWB,0.000736332942655466
USA,Corn,CornAEZ09,CornAEZ09,2005,CH4_AWB,0.00106151510312771
USA,Corn,CornAEZ10,CornAEZ10,2005,CH4_AWB,0.0052039386473638
USA,Corn,CornAEZ11,CornAEZ11,2005,CH4_AWB,0.00241575731283637
USA,Corn,CornAEZ12,CornAEZ12,2005,CH4_AWB,0.000326619295334434
USA,Corn,CornAEZ13,CornAEZ13,2005,CH4_AWB,4.92044011154207e-07
USA,Corn,CornAEZ14,CornAEZ14,2005,CH4_AWB,1.65354636949826e-08
USA,Corn,CornAEZ15,CornAEZ15,2005,CH4_AWB,0
USA,Corn,CornAEZ16,CornAEZ16,2005,CH4_AWB,0
USA,FiberCrop,FiberCropAEZ07,FiberCropAEZ07,2005,CH4_AWB,0.000126341057794402
USA,FiberCrop,FiberCropAEZ08,FiberCropAEZ08,2005,CH4_AWB,3.0074420095227e-05
USA,FiberCrop,FiberCropAEZ09,FiberCropAEZ09,2005,CH4_AWB,2.63775179067283e-05
USA,FiberCrop,FiberCropAEZ10,FiberCropAEZ10,2005,CH4_AWB,7.32873674358788e-06
USA,FiberCrop,FiberCropAEZ11,FiberCropAEZ11,2005,CH4_AWB,6.9862309907271e-05
USA,FiberCrop,FiberCropAEZ12,FiberCropAEZ12,2005,CH4_AWB,0.000153779439069641
USA,FiberCrop,FiberCropAEZ13,FiberCropAEZ13,2005,CH4_AWB,1.91330828899962e-07
USA,FiberCrop,FiberCropAEZ14,FiberCropAEZ14,2005,CH4_AWB,0
USA,FiberCrop,FiberCropAEZ15,FiberCropAEZ15,2005,CH4_AWB,0
USA,FiberCrop,FiberCropAEZ16,FiberCropAEZ16,2005,CH4_AWB,0
USA,FodderGrass,FodderGrassAEZ07,FodderGrassAEZ07,2005,CH4_AWB,0.000642306789862565
USA,FodderGrass,FodderGrassAEZ08,FodderGrassAEZ08,2005,CH4_AWB,0.000666146393331492
USA,FodderGrass,FodderGrassAEZ09,FodderGrassAEZ09,2005,CH4_AWB,0.00027354598074151
USA,FodderGrass,FodderGrassAEZ10,FodderGrassAEZ10,2005,CH4_AWB,0.00283688193505285
USA,FodderGrass,FodderGrassAEZ11,FodderGrassAEZ11,2005,CH4_AWB,0.00218394110191593
USA,FodderGrass,FodderGrassAEZ12,FodderGrassAEZ12,2005,CH4_AWB,0.000782519241894319
USA,FodderGrass,FodderGrassAEZ13,FodderGrassAEZ13,2005,CH4_AWB,4.49250384896938e-05
USA,FodderGrass,FodderGrassAEZ14,FodderGrassAEZ14,2005,CH4_AWB,1.14839605866846e-05
USA,FodderGrass,FodderGrassAEZ15,FodderGrassAEZ15,2005,CH4_AWB,4.51253608596066e-06
USA,FodderGrass,FodderGrassAEZ16,FodderGrassAEZ16,2005,CH4_AWB,6.11268497432112e-07
USA,FodderHerb,FodderHerbAEZ07,FodderHerbAEZ07,2005,CH4_AWB,0.00164216416604699
USA,FodderHerb,FodderHerbAEZ08,FodderHerbAEZ08,2005,CH4_AWB,0.00193894565474854
USA,FodderHerb,FodderHerbAEZ09,FodderHerbAEZ09,2005,CH4_AWB,0.000461969505334591
USA,FodderHerb,FodderHerbAEZ10,FodderHerbAEZ10,2005,CH4_AWB,0.00195659830219705
USA,FodderHerb,FodderHerbAEZ11,FodderHerbAEZ11,2005,CH4_AWB,0.000534739918688866
USA,FodderHerb,FodderHerbAEZ12,FodderHerbAEZ12,2005,CH4_AWB,4.16765634958945e-05
USA,FodderHerb,FodderHerbAEZ13,FodderHerbAEZ13,2005,CH4_AWB,7.15788237978584e-05
USA,FodderHerb,FodderHerbAEZ14,FodderHerbAEZ14,2005,CH4_AWB,1.97327662474023e-05
USA,FodderHerb,FodderHerbAEZ15,FodderHerbAEZ15,2005,CH4_AWB,1.55618316092592e-06
USA,FodderHerb,FodderHerbAEZ16,FodderHerbAEZ16,2005,CH4_AWB,1.44156960382412e-07
USA,MiscCrop,MiscCropAEZ07,MiscCropAEZ07,2005,CH4_AWB,0.000282140904384798
USA,MiscCrop,MiscCropAEZ08,MiscCropAEZ08,2005,CH4_AWB,0.000324544603126953
USA,MiscCrop,MiscCropAEZ09,MiscCropAEZ09,2005,CH4_AWB,0.000484855287286041
USA,MiscCrop,MiscCropAEZ10,MiscCropAEZ10,2005,CH4_AWB,0.000659567634893118
USA,MiscCrop,MiscCropAEZ11,MiscCropAEZ11,2005,CH4_AWB,0.000154716789163813
USA,MiscCrop,MiscCropAEZ12,MiscCropAEZ12,2005,CH4_AWB,0.000442896012583024
USA,MiscCrop,MiscCropAEZ13,MiscCropAEZ13,2005,CH4_AWB,4.22146140110871e-06
USA,MiscCrop,MiscCropAEZ14,MiscCropAEZ14,2005,CH4_AWB,1.39855474463386e-06
USA,MiscCrop,MiscCropAEZ15,MiscCropAEZ15,2005,CH4_AWB,7.7047269405974e-07
USA,MiscCrop,MiscCropAEZ16,MiscCropAEZ16,2005,CH4_AWB,7.63385560211624e-08
USA,OilCrop,OilCropAEZ07,OilCropAEZ07,2005,CH4_AWB,4.3643538584203e-05
USA,OilCrop,OilCropAEZ08,OilCropAEZ08,2005,CH4_AWB,0.000224556204606699
USA,OilCrop,OilCropAEZ09,OilCropAEZ09,2005,CH4_AWB,0.000298367420186313
USA,OilCrop,OilCropAEZ10,OilCropAEZ10,2005,CH4_AWB,0.00131191556110516
USA,OilCrop,OilCropAEZ11,OilCropAEZ11,2005,CH4_AWB,0.000919981550787358
USA,OilCrop,OilCropAEZ12,OilCropAEZ12,2005,CH4_AWB,0.000212818113377714
USA,OilCrop,OilCropAEZ13,OilCropAEZ13,2005,CH4_AWB,5.07583433480661e-07
USA,OilCrop,OilCropAEZ14,OilCropAEZ14,2005,CH4_AWB,1.98531823201407e-08
USA,OilCrop,OilCropAEZ15,OilCropAEZ15,2005,CH4_AWB,1.06182745365724e-08
USA,OilCrop,OilCropAEZ16,OilCropAEZ16,2005,CH4_AWB,0
USA,OtherGrain,OtherGrainAEZ07,OtherGrainAEZ07,2005,CH4_AWB,0.000191278676686716
USA,OtherGrain,OtherGrainAEZ08,OtherGrainAEZ08,2005,CH4_AWB,0.00012970117420106
USA,OtherGrain,OtherGrainAEZ09,OtherGrainAEZ09,2005,CH4_AWB,7.51807079530625e-05
USA,OtherGrain,OtherGrainAEZ10,OtherGrainAEZ10,2005,CH4_AWB,0.000141050220828668
USA,OtherGrain,OtherGrainAEZ11,OtherGrainAEZ11,2005,CH4_AWB,7.22322006764234e-05
USA,OtherGrain,OtherGrainAEZ12,OtherGrainAEZ12,2005,CH4_AWB,1.83507037757731e-05
USA,OtherGrain,OtherGrainAEZ13,OtherGrainAEZ13,2005,CH4_AWB,3.49065779542901e-06
USA,OtherGrain,OtherGrainAEZ14,OtherGrainAEZ14,2005,CH4_AWB,3.39605063833905e-06
USA,OtherGrain,OtherGrainAEZ15,OtherGrainAEZ15,2005,CH4_AWB,2.40286464500686e-07
USA,OtherGrain,OtherGrainAEZ16,OtherGrainAEZ16,2005,CH4_AWB,0
USA,PalmFruit,PalmFruitAEZ07,PalmFruitAEZ07,2005,CH4_AWB,0
USA,PalmFruit,PalmFruitAEZ08,PalmFruitAEZ08,2005,CH4_AWB,0
USA,PalmFruit,PalmFruitAEZ09,PalmFruitAEZ09,2005,CH4_AWB,0
USA,PalmFruit,PalmFruitAEZ10,PalmFruitAEZ10,2005,CH4_AWB,0
USA,PalmFruit,PalmFruitAEZ11,PalmFruitAEZ11,2005,CH4_AWB,0
USA,PalmFruit,PalmFruitAEZ12,PalmFruitAEZ12,2005,CH4_AWB,0
USA,PalmFruit,PalmFruitAEZ13,PalmFruitAEZ13,2005,CH4_AWB,0
USA,PalmFruit,PalmFruitAEZ14,PalmFruitAEZ14,2005,CH4_AWB,0
USA,PalmFruit,PalmFruitAEZ15,PalmFruitAEZ15,2005,CH4_AWB,0
USA,PalmFruit,PalmFruitAEZ16,PalmFruitAEZ16,2005,CH4_AWB,0
USA,Rice,RiceAEZ07,RiceAEZ07,2005,CH4_AWB,0
USA,Rice,RiceAEZ08,RiceAEZ08,2005,CH4_AWB,1.271469079397e-07
USA,Rice,RiceAEZ09,RiceAEZ09,2005,CH4_AWB,1.14105044627934e-05
USA,Rice,RiceAEZ10,RiceAEZ10,2005,CH4_AWB,7.65316817130731e-05
USA,Rice,RiceAEZ11,RiceAEZ11,2005,CH4_AWB,0.000150905811416301
USA,Rice,RiceAEZ12,RiceAEZ12,2005,CH4_AWB,0.000104742439133186
USA,Rice,RiceAEZ13,RiceAEZ13,2005,CH4_AWB,0
USA,Rice,RiceAEZ14,RiceAEZ14,2005,CH4_AWB,2.47519595374415e-08
USA,Rice,RiceAEZ15,RiceAEZ15,2005,CH4_AWB,0
USA,Rice,RiceAEZ16,RiceAEZ16,2005,CH4_AWB,0
USA,Root_Tuber,Root_TuberAEZ07,Root_TuberAEZ07,2005,CH4_AWB,0.000381099917160175
USA,Root_Tuber,Root_TuberAEZ08,Root_TuberAEZ08,2005,CH4_AWB,0.000128179009627764
USA,Root_Tuber,Root_TuberAEZ09,Root_TuberAEZ09,2005,CH4_AWB,5.8693836017728e-05
USA,Root_Tuber,Root_TuberAEZ10,Root_TuberAEZ10,2005,CH4_AWB,0.00012239704534193
USA,Root_Tuber,Root_TuberAEZ11,Root_TuberAEZ11,2005,CH4_AWB,2.19944426695005e-05
USA,Root_Tuber,Root_TuberAEZ12,Root_TuberAEZ12,2005,CH4_AWB,3.80121835414455e-05
USA,Root_Tuber,Root_TuberAEZ13,Root_TuberAEZ13,2005,CH4_AWB,3.7039067584413e-06
USA,Root_Tuber,Root_TuberAEZ14,Root_TuberAEZ14,2005,CH4_AWB,1.85109597685755e-06
USA,Root_Tuber,Root_TuberAEZ15,Root_TuberAEZ15,2005,CH4_AWB,4.94792613711802e-07
USA,Root_Tuber,Root_TuberAEZ16,Root_TuberAEZ16,2005,CH4_AWB,2.26461399156615e-07
USA,SugarCrop,SugarCropAEZ07,SugarCropAEZ07,2005,CH4_AWB,0.00034379302972564
USA,SugarCrop,SugarCropAEZ08,SugarCropAEZ08,2005,CH4_AWB,0.000111210983482141
USA,SugarCrop,SugarCropAEZ09,SugarCropAEZ09,2005,CH4_AWB,0.000347395680589514
USA,SugarCrop,SugarCropAEZ10,SugarCropAEZ10,2005,CH4_AWB,0.000528926847378505
USA,SugarCrop,SugarCropAEZ11,SugarCropAEZ11,2005,CH4_AWB,7.40955654427447e-05
USA,SugarCrop,SugarCropAEZ12,SugarCropAEZ12,2005,CH4_AWB,0.000754915542134108
USA,SugarCrop,SugarCropAEZ13,SugarCropAEZ13,2005,CH4_AWB,1.35024276455627e-05
USA,SugarCrop,SugarCropAEZ14,SugarCropAEZ14,2005,CH4_AWB,2.09912351005823e-06
USA,SugarCrop,SugarCropAEZ15,SugarCropAEZ15,2005,CH4_AWB,0
USA,SugarCrop,SugarCropAEZ16,SugarCropAEZ16,2005,CH4_AWB,0
USA,Wheat,WheatAEZ07,WheatAEZ07,2005,CH4_AWB,0.000648495076287453
USA,Wheat,WheatAEZ08,WheatAEZ08,2005,CH4_AWB,0.000532869724048296
USA,Wheat,WheatAEZ09,WheatAEZ09,2005,CH4_AWB,0.000215955862878102
USA,Wheat,WheatAEZ10,WheatAEZ10,2005,CH4_AWB,0.000318790322160329
USA,Wheat,WheatAEZ11,WheatAEZ11,2005,CH4_AWB,0.000231472246781898
USA,Wheat,WheatAEZ12,WheatAEZ12,2005,CH4_AWB,7.20043325489034e-05
USA,Wheat,WheatAEZ13,WheatAEZ13,2005,CH4_AWB,3.3481538125301e-05
USA,Wheat,WheatAEZ14,WheatAEZ14,2005,CH4_AWB,5.2263888654166e-06
USA,Wheat,WheatAEZ15,WheatAEZ15,2005,CH4_AWB,8.27708043662335e-07
USA,Wheat,WheatAEZ16,WheatAEZ16,2005,CH4_AWB,1.95975903931909e-08
USA,Corn,CornAEZ07,CornAEZ07,2005,CO_AWB,0.0356807220706749
USA,Corn,CornAEZ08,CornAEZ08,2005,CO_AWB,0.0327679260953803
USA,Corn,CornAEZ09,CornAEZ09,2005,CO_AWB,0.0472390225038381
USA,Corn,CornAEZ10,CornAEZ10,2005,CO_AWB,0.231583115630749
USA,Corn,CornAEZ11,CornAEZ11,2005,CO_AWB,0.107504842586455
USA,Corn,CornAEZ12,CornAEZ12,2005,CO_AWB,0.0145350510765505
USA,Corn,CornAEZ13,CornAEZ13,2005,CO_AWB,2.18967003364397e-05
USA,Corn,CornAEZ14,CornAEZ14,2005,CO_AWB,7.35853064452071e-07
USA,Corn,CornAEZ15,CornAEZ15,2005,CO_AWB,0
USA,Corn,CornAEZ16,CornAEZ16,2005,CO_AWB,0
USA,FiberCrop,FiberCropAEZ07,FiberCropAEZ07,2005,CO_AWB,0.00562236755249484
USA,FiberCrop,FiberCropAEZ08,FiberCropAEZ08,2005,CO_AWB,0.00133835703654363
USA,FiberCrop,FiberCropAEZ09,FiberCropAEZ09,2005,CO_AWB,0.00117383931544629
USA,FiberCrop,FiberCropAEZ10,FiberCropAEZ10,2005,CO_AWB,0.000326139834407426
USA,FiberCrop,FiberCropAEZ11,FiberCropAEZ11,2005,CO_AWB,0.00310897812019414
USA,FiberCrop,FiberCropAEZ12,FiberCropAEZ12,2005,CO_AWB,0.00684341688727193
USA,FiberCrop,FiberCropAEZ13,FiberCropAEZ13,2005,CO_AWB,8.51451034983146e-06
USA,FiberCrop,FiberCropAEZ14,FiberCropAEZ14,2005,CO_AWB,0
USA,FiberCrop,FiberCropAEZ15,FiberCropAEZ15,2005,CO_AWB,0
USA,FiberCrop,FiberCropAEZ16,FiberCropAEZ16,2005,CO_AWB,0
USA,FodderGrass,FodderGrassAEZ07,FodderGrassAEZ07,2005,CO_AWB,0.0285836205356706
USA,FodderGrass,FodderGrassAEZ08,FodderGrassAEZ08,2005,CO_AWB,0.0296445188322968
USA,FodderGrass,FodderGrassAEZ09,FodderGrassAEZ09,2005,CO_AWB,0.0121732085601122
USA,FodderGrass,FodderGrassAEZ10,FodderGrassAEZ10,2005,CO_AWB,0.126245523192118
USA,FodderGrass,FodderGrassAEZ11,FodderGrassAEZ11,2005,CO_AWB,0.097188671698109
USA,FodderGrass,FodderGrassAEZ12,FodderGrassAEZ12,2005,CO_AWB,0.0348232860452149
USA,FodderGrass,FodderGrassAEZ13,FodderGrassAEZ13,2005,CO_AWB,0.00199923194493174
USA,FodderGrass,FodderGrassAEZ14,FodderGrassAEZ14,2005,CO_AWB,0.000511053560132265
USA,FodderGrass,FodderGrassAEZ15,FodderGrassAEZ15,2005,CO_AWB,0.000200814659241293
USA,FodderGrass,FodderGrassAEZ16,FodderGrassAEZ16,2005,CO_AWB,2.72023697270078e-05
USA,FodderHerb,FodderHerbAEZ07,FodderHerbAEZ07,2005,CO_AWB,0.0730787812310168
USA,FodderHerb,FodderHerbAEZ08,FodderHerbAEZ08,2005,CO_AWB,0.0862860049268328
USA,FodderHerb,FodderHerbAEZ09,FodderHerbAEZ09,2005,CO_AWB,0.0205583394850315
USA,FodderHerb,FodderHerbAEZ10,FodderHerbAEZ10,2005,CO_AWB,0.0870715743526615
USA,FodderHerb,FodderHerbAEZ11,FodderHerbAEZ11,2005,CO_AWB,0.0237967325930781
USA,FodderHerb,FodderHerbAEZ12,FodderHerbAEZ12,2005,CO_AWB,0.00185466991007883
USA,FodderHerb,FodderHerbAEZ13,FodderHerbAEZ13,2005,CO_AWB,0.00318536557626207
USA,FodderHerb,FodderHerbAEZ14,FodderHerbAEZ14,2005,CO_AWB,0.000878137848512424
USA,FodderHerb,FodderHerbAEZ15,FodderHerbAEZ15,2005,CO_AWB,6.92524968721327e-05
USA,FodderHerb,FodderHerbAEZ16,FodderHerbAEZ16,2005,CO_AWB,6.41520207816617e-06
USA,MiscCrop,MiscCropAEZ07,MiscCropAEZ07,2005,CO_AWB,0.0125556956205485
USA,MiscCrop,MiscCropAEZ08,MiscCropAEZ08,2005,CO_AWB,0.0144427241453661
USA,MiscCrop,MiscCropAEZ09,MiscCropAEZ09,2005,CO_AWB,0.0215767912860817
USA,MiscCrop,MiscCropAEZ10,MiscCropAEZ10,2005,CO_AWB,0.0293517541631913
USA,MiscCrop,MiscCropAEZ11,MiscCropAEZ11,2005,CO_AWB,0.00688513037967732
USA,MiscCrop,MiscCropAEZ12,MiscCropAEZ12,2005,CO_AWB,0.0197095403010507
USA,MiscCrop,MiscCropAEZ13,MiscCropAEZ13,2005,CO_AWB,0.000187861396920762
USA,MiscCrop,MiscCropAEZ14,MiscCropAEZ14,2005,CO_AWB,6.22377946954748e-05
USA,MiscCrop,MiscCropAEZ15,MiscCropAEZ15,2005,CO_AWB,3.42871965043553e-05
USA,MiscCrop,MiscCropAEZ16,MiscCropAEZ16,2005,CO_AWB,3.39718083630538e-06
USA,OilCrop,OilCropAEZ07,OilCropAEZ07,2005,CO_AWB,0.00194220326705823
USA,OilCrop,OilCropAEZ08,OilCropAEZ08,2005,CO_AWB,0.00999308966168904
USA,OilCrop,OilCropAEZ09,OilCropAEZ09,2005,CO_AWB,0.0132778000379497
USA,OilCrop,OilCropAEZ10,OilCropAEZ10,2005,CO_AWB,0.0583822204051355
USA,OilCrop,OilCropAEZ11,OilCropAEZ11,2005,CO_AWB,0.0409405660387776
USA,OilCrop,OilCropAEZ12,OilCropAEZ12,2005,CO_AWB,0.00947072690482925
USA,OilCrop,OilCropAEZ13,OilCropAEZ13,2005,CO_AWB,2.25882280582903e-05
USA,OilCrop,OilCropAEZ14,OilCropAEZ14,2005,CO_AWB,8.83496545297006e-07
USA,OilCrop,OilCropAEZ15,OilCropAEZ15,2005,CO_AWB,4.72529225733237e-07
USA,OilCrop,OilCropAEZ16,OilCropAEZ16,2005,CO_AWB,0
USA,OtherGrain,OtherGrainAEZ07,OtherGrainAEZ07,2005,CO_AWB,0.00851218949771365
USA,OtherGrain,OtherGrainAEZ08,OtherGrainAEZ08,2005,CO_AWB,0.00577189779853838
USA,OtherGrain,OtherGrainAEZ09,OtherGrainAEZ09,2005,CO_AWB,0.00334565485162195
USA,OtherGrain,OtherGrainAEZ10,OtherGrainAEZ10,2005,CO_AWB,0.00627694748408599
USA,OtherGrain,OtherGrainAEZ11,OtherGrainAEZ11,2005,CO_AWB,0.00321444183243504
USA,OtherGrain,OtherGrainAEZ12,OtherGrainAEZ12,2005,CO_AWB,0.000816633984830566
USA,OtherGrain,OtherGrainAEZ13,OtherGrainAEZ13,2005,CO_AWB,0.000155339534657219
USA,OtherGrain,OtherGrainAEZ14,OtherGrainAEZ14,2005,CO_AWB,0.000151129373530328
USA,OtherGrain,OtherGrainAEZ15,OtherGrainAEZ15,2005,CO_AWB,1.06931099430151e-05
USA,OtherGrain,OtherGrainAEZ16,OtherGrainAEZ16,2005,CO_AWB,0
USA,PalmFruit,PalmFruitAEZ07,PalmFruitAEZ07,2005,CO_AWB,0
USA,PalmFruit,PalmFruitAEZ08,PalmFruitAEZ08,2005,CO_AWB,0
USA,PalmFruit,PalmFruitAEZ09,PalmFruitAEZ09,2005,CO_AWB,0
USA,PalmFruit,PalmFruitAEZ10,PalmFruitAEZ10,2005,CO_AWB,0
USA,PalmFruit,PalmFruitAEZ11,PalmFruitAEZ11,2005,CO_AWB,0
USA,PalmFruit,PalmFruitAEZ12,PalmFruitAEZ12,2005,CO_AWB,0
USA,PalmFruit,PalmFruitAEZ13,PalmFruitAEZ13,2005,CO_AWB,0
USA,PalmFruit,PalmFruitAEZ14,PalmFruitAEZ14,2005,CO_AWB,0
USA,PalmFruit,PalmFruitAEZ15,PalmFruitAEZ15,2005,CO_AWB,0
USA,PalmFruit,PalmFruitAEZ16,PalmFruitAEZ16,2005,CO_AWB,0
USA,Rice,RiceAEZ07,RiceAEZ07,2005,CO_AWB,0
USA,Rice,RiceAEZ08,RiceAEZ08,2005,CO_AWB,5.65822909891681e-06
USA,Rice,RiceAEZ09,RiceAEZ09,2005,CO_AWB,0.000507784651871497
USA,Rice,RiceAEZ10,RiceAEZ10,2005,CO_AWB,0.00340577522076526
USA,Rice,RiceAEZ11,RiceAEZ11,2005,CO_AWB,0.0067155361242156
USA,Rice,RiceAEZ12,RiceAEZ12,2005,CO_AWB,0.00466119645847768
USA,Rice,RiceAEZ13,RiceAEZ13,2005,CO_AWB,0
USA,Rice,RiceAEZ14,RiceAEZ14,2005,CO_AWB,1.10149951720717e-06
USA,Rice,RiceAEZ15,RiceAEZ15,2005,CO_AWB,0
USA,Rice,RiceAEZ16,RiceAEZ16,2005,CO_AWB,0
USA,Root_Tuber,Root_TuberAEZ07,Root_TuberAEZ07,2005,CO_AWB,0.0169595208866043
USA,Root_Tuber,Root_TuberAEZ08,Root_TuberAEZ08,2005,CO_AWB,0.00570415918010463
USA,Root_Tuber,Root_TuberAEZ09,Root_TuberAEZ09,2005,CO_AWB,0.00261196419373456
USA,Root_Tuber,Root_TuberAEZ10,Root_TuberAEZ10,2005,CO_AWB,0.00544685305208993
USA,Root_Tuber,Root_TuberAEZ11,Root_TuberAEZ11,2005,CO_AWB,0.00097878585915787
USA,Root_Tuber,Root_TuberAEZ12,Root_TuberAEZ12,2005,CO_AWB,0.00169159947742951
USA,Root_Tuber,Root_TuberAEZ13,Root_TuberAEZ13,2005,CO_AWB,0.000164829435020366
USA,Root_Tuber,Root_TuberAEZ14,Root_TuberAEZ14,2005,CO_AWB,8.23765618123454e-05
USA,Root_Tuber,Root_TuberAEZ15,Root_TuberAEZ15,2005,CO_AWB,2.20190172942387e-05
USA,Root_Tuber,Root_TuberAEZ16,Root_TuberAEZ16,2005,CO_AWB,1.00778736915653e-05
USA,SugarCrop,SugarCropAEZ07,SugarCropAEZ07,2005,CO_AWB,0.0152993081492862
USA,SugarCrop,SugarCropAEZ08,SugarCropAEZ08,2005,CO_AWB,0.00494905643443755
USA,SugarCrop,SugarCropAEZ09,SugarCropAEZ09,2005,CO_AWB,0.0154596315443378
USA,SugarCrop,SugarCropAEZ10,SugarCropAEZ10,2005,CO_AWB,0.0235380421555729
USA,SugarCrop,SugarCropAEZ11,SugarCropAEZ11,2005,CO_AWB,0.00329736437387581
USA,SugarCrop,SugarCropAEZ12,SugarCropAEZ12,2005,CO_AWB,0.0335948797886108
USA,SugarCrop,SugarCropAEZ13,SugarCropAEZ13,2005,CO_AWB,0.000600878387434909
USA,SugarCrop,SugarCropAEZ14,SugarCropAEZ14,2005,CO_AWB,9.34141609834883e-05
USA,SugarCrop,SugarCropAEZ15,SugarCropAEZ15,2005,CO_AWB,0
USA,SugarCrop,SugarCropAEZ16,SugarCropAEZ16,2005,CO_AWB,0
USA,Wheat,WheatAEZ07,WheatAEZ07,2005,CO_AWB,0.0288590086114729
USA,Wheat,WheatAEZ08,WheatAEZ08,2005,CO_AWB,0.0237135061119361
USA,Wheat,WheatAEZ09,WheatAEZ09,2005,CO_AWB,0.0096103614882878
USA,Wheat,WheatAEZ10,WheatAEZ10,2005,CO_AWB,0.0141866499667935
USA,Wheat,WheatAEZ11,WheatAEZ11,2005,CO_AWB,0.0103008639655959
USA,Wheat,WheatAEZ12,WheatAEZ12,2005,CO_AWB,0.00320430135721042
USA,Wheat,WheatAEZ13,WheatAEZ13,2005,CO_AWB,0.00148997892569214
USA,Wheat,WheatAEZ14,WheatAEZ14,2005,CO_AWB,0.000232582184181623
USA,Wheat,WheatAEZ15,WheatAEZ15,2005,CO_AWB,3.68342558537e-05
USA,Wheat,WheatAEZ16,WheatAEZ16,2005,CO_AWB,8.72122319199416e-07
USA,Corn,CornAEZ07,CornAEZ07,2005,N2O_AWB,2.0749534985461e-05
USA,Corn,CornAEZ08,CornAEZ08,2005,N2O_AWB,1.90556465637197e-05
USA,Corn,CornAEZ09,CornAEZ09,2005,N2O_AWB,2.74710738247071e-05
USA,Corn,CornAEZ10,CornAEZ10,2005,N2O_AWB,0.000134673338457228
USA,Corn,CornAEZ11,CornAEZ11,2005,N2O_AWB,6.25176667651424e-05
USA,Corn,CornAEZ12,CornAEZ12,2005,N2O_AWB,8.4526190426012e-06
USA,Corn,CornAEZ13,CornAEZ13,2005,N2O_AWB,1.27336646606299e-08
USA,Corn,CornAEZ14,CornAEZ14,2005,N2O_AWB,4.27923203873607e-10
USA,Corn,CornAEZ15,CornAEZ15,2005,N2O_AWB,0
USA,Corn,CornAEZ16,CornAEZ16,2005,N2O_AWB,0
USA,FiberCrop,FiberCropAEZ07,FiberCropAEZ07,2005,N2O_AWB,3.2695950491286e-06
USA,FiberCrop,FiberCropAEZ08,FiberCropAEZ08,2005,N2O_AWB,7.78299444103e-07
USA,FiberCrop,FiberCropAEZ09,FiberCropAEZ09,2005,N2O_AWB,6.82626878876437e-07
USA,FiberCrop,FiberCropAEZ10,FiberCropAEZ10,2005,N2O_AWB,1.8966123753844e-07
USA,FiberCrop,FiberCropAEZ11,FiberCropAEZ11,2005,N2O_AWB,1.80797490998704e-06
USA,FiberCrop,FiberCropAEZ12,FiberCropAEZ12,2005,N2O_AWB,3.97967613551318e-06
USA,FiberCrop,FiberCropAEZ13,FiberCropAEZ13,2005,N2O_AWB,4.95147295612327e-09
USA,FiberCrop,FiberCropAEZ14,FiberCropAEZ14,2005,N2O_AWB,0
USA,FiberCrop,FiberCropAEZ15,FiberCropAEZ15,2005,N2O_AWB,0
USA,FiberCrop,FiberCropAEZ16,FiberCropAEZ16,2005,N2O_AWB,0
USA,FodderGrass,FodderGrassAEZ07,FodderGrassAEZ07,2005,N2O_AWB,1.66223327302978e-05
USA,FodderGrass,FodderGrassAEZ08,FodderGrassAEZ08,2005,N2O_AWB,1.72392806238482e-05
USA,FodderGrass,FodderGrassAEZ09,FodderGrassAEZ09,2005,N2O_AWB,7.07912851099382e-06
USA,FodderGrass,FodderGrassAEZ10,FodderGrassAEZ10,2005,N2O_AWB,7.34160002436055e-05
USA,FodderGrass,FodderGrassAEZ11,FodderGrassAEZ11,2005,N2O_AWB,5.65184678604866e-05
USA,FodderGrass,FodderGrassAEZ12,FodderGrassAEZ12,2005,N2O_AWB,2.02509072174232e-05
USA,FodderGrass,FodderGrassAEZ13,FodderGrassAEZ13,2005,N2O_AWB,1.1626203388834e-06
USA,FodderGrass,FodderGrassAEZ14,FodderGrassAEZ14,2005,N2O_AWB,2.9719476260611e-07
USA,FodderGrass,FodderGrassAEZ15,FodderGrassAEZ15,2005,N2O_AWB,1.16780450498372e-07
USA,FodderGrass,FodderGrassAEZ16,FodderGrassAEZ16,2005,N2O_AWB,1.581908912101e-08
USA,FodderHerb,FodderHerbAEZ07,FodderHerbAEZ07,2005,N2O_AWB,4.24977590095937e-05
USA,FodderHerb,FodderHerbAEZ08,FodderHerbAEZ08,2005,N2O_AWB,5.01782019556285e-05
USA,FodderHerb,FodderHerbAEZ09,FodderHerbAEZ09,2005,N2O_AWB,1.19553629980554e-05
USA,FodderHerb,FodderHerbAEZ10,FodderHerbAEZ10,2005,N2O_AWB,5.06350368888581e-05
USA,FodderHerb,FodderHerbAEZ11,FodderHerbAEZ11,2005,N2O_AWB,1.38385970581451e-05
USA,FodderHerb,FodderHerbAEZ12,FodderHerbAEZ12,2005,N2O_AWB,1.07855267361002e-06
USA,FodderHerb,FodderHerbAEZ13,FodderHerbAEZ13,2005,N2O_AWB,1.8523967742361e-06
USA,FodderHerb,FodderHerbAEZ14,FodderHerbAEZ14,2005,N2O_AWB,5.10666571536155e-07
USA,FodderHerb,FodderHerbAEZ15,FodderHerbAEZ15,2005,N2O_AWB,4.02726464961269e-08
USA,FodderHerb,FodderHerbAEZ16,FodderHerbAEZ16,2005,N2O_AWB,3.73065488125625e-09
USA,MiscCrop,MiscCropAEZ07,MiscCropAEZ07,2005,N2O_AWB,7.30155754777983e-06
USA,MiscCrop,MiscCropAEZ08,MiscCropAEZ08,2005,N2O_AWB,8.39892783969007e-06
USA,MiscCrop,MiscCropAEZ09,MiscCropAEZ09,2005,N2O_AWB,1.25476268327121e-05
USA,MiscCrop,MiscCropAEZ10,MiscCropAEZ10,2005,N2O_AWB,1.70690281628112e-05
USA,MiscCrop,MiscCropAEZ11,MiscCropAEZ11,2005,N2O_AWB,4.0039339285118e-06
USA,MiscCrop,MiscCropAEZ12,MiscCropAEZ12,2005,N2O_AWB,1.14617578426229e-05
USA,MiscCrop,MiscCropAEZ13,MiscCropAEZ13,2005,N2O_AWB,1.09247694598328e-07
USA,MiscCrop,MiscCropAEZ14,MiscCropAEZ14,2005,N2O_AWB,3.61933622277523e-08
USA,MiscCrop,MiscCropAEZ15,MiscCropAEZ15,2005,N2O_AWB,1.99391531934611e-08
USA,MiscCrop,MiscCropAEZ16,MiscCropAEZ16,2005,N2O_AWB,1.97557444255844e-09
USA,OilCrop,OilCropAEZ07,OilCropAEZ07,2005,N2O_AWB,1.12945625256342e-06
USA,OilCrop,OilCropAEZ08,OilCropAEZ08,2005,N2O_AWB,5.81131634997047e-06
USA,OilCrop,OilCropAEZ09,OilCropAEZ09,2005,N2O_AWB,7.72148545289185e-06
USA,OilCrop,OilCropAEZ10,OilCropAEZ10,2005,N2O_AWB,3.39512166380981e-05
USA,OilCrop,OilCropAEZ11,OilCropAEZ11,2005,N2O_AWB,2.38083104277862e-05
USA,OilCrop,OilCropAEZ12,OilCropAEZ12,2005,N2O_AWB,5.5075449106735e-06
USA,OilCrop,OilCropAEZ13,OilCropAEZ13,2005,N2O_AWB,1.31358111931338e-08
USA,OilCrop,OilCropAEZ14,OilCropAEZ14,2005,N2O_AWB,5.13782833202271e-10
USA,OilCrop,OilCropAEZ15,OilCropAEZ15,2005,N2O_AWB,2.74791571806863e-10
USA,OilCrop,OilCropAEZ16,OilCropAEZ16,2005,N2O_AWB,0
USA,OtherGrain,OtherGrainAEZ07,OtherGrainAEZ07,2005,N2O_AWB,4.95012330288142e-06
USA,OtherGrain,OtherGrainAEZ08,OtherGrainAEZ08,2005,N2O_AWB,3.35655189561617e-06
USA,OtherGrain,OtherGrainAEZ09,OtherGrainAEZ09,2005,N2O_AWB,1.94561035663743e-06
USA,OtherGrain,OtherGrainAEZ10,OtherGrainAEZ10,2005,N2O_AWB,3.65025520405563e-06
USA,OtherGrain,OtherGrainAEZ11,OtherGrainAEZ11,2005,N2O_AWB,1.86930559108998e-06
USA,OtherGrain,OtherGrainAEZ12,OtherGrainAEZ12,2005,N2O_AWB,4.74900014775338e-07
USA,OtherGrain,OtherGrainAEZ13,OtherGrainAEZ13,2005,N2O_AWB,9.03351423945617e-08
USA,OtherGrain,OtherGrainAEZ14,OtherGrainAEZ14,2005,N2O_AWB,8.78867926828091e-08
USA,OtherGrain,OtherGrainAEZ15,OtherGrainAEZ15,2005,N2O_AWB,6.21840159026173e-09
USA,OtherGrain,OtherGrainAEZ16,OtherGrainAEZ16,2005,N2O_AWB,0
USA,PalmFruit,PalmFruitAEZ07,PalmFruitAEZ07,2005,N2O_AWB,0
USA,PalmFruit,PalmFruitAEZ08,PalmFruitAEZ08,2005,N2O_AWB,0
USA,PalmFruit,PalmFruitAEZ09,PalmFruitAEZ09,2005,N2O_AWB,0
USA,PalmFruit,PalmFruitAEZ10,PalmFruitAEZ10,2005,N2O_AWB,0
USA,PalmFruit,PalmFruitAEZ11,PalmFruitAEZ11,2005,N2O_AWB,0
USA,PalmFruit,PalmFruitAEZ12,PalmFruitAEZ12,2005,N2O_AWB,0
USA,PalmFruit,PalmFruitAEZ13,PalmFruitAEZ13,2005,N2O_AWB,0
USA,PalmFruit,PalmFruitAEZ14,PalmFruitAEZ14,2005,N2O_AWB,0
USA,PalmFruit,PalmFruitAEZ15,PalmFruitAEZ15,2005,N2O_AWB,0
USA,PalmFruit,PalmFruitAEZ16,PalmFruitAEZ16,2005,N2O_AWB,0
USA,Rice,RiceAEZ07,RiceAEZ07,2005,N2O_AWB,0
USA,Rice,RiceAEZ08,RiceAEZ08,2005,N2O_AWB,3.29044973953093e-09
USA,Rice,RiceAEZ09,RiceAEZ09,2005,N2O_AWB,2.95293782962629e-07
USA,Rice,RiceAEZ10,RiceAEZ10,2005,N2O_AWB,1.98057236498488e-06
USA,Rice,RiceAEZ11,RiceAEZ11,2005,N2O_AWB,3.9053091885173e-06
USA,Rice,RiceAEZ12,RiceAEZ12,2005,N2O_AWB,2.71064186418972e-06
USA,Rice,RiceAEZ13,RiceAEZ13,2005,N2O_AWB,0
USA,Rice,RiceAEZ14,RiceAEZ14,2005,N2O_AWB,6.40558863228358e-10
USA,Rice,RiceAEZ15,RiceAEZ15,2005,N2O_AWB,0
USA,Rice,RiceAEZ16,RiceAEZ16,2005,N2O_AWB,0
USA,Root_Tuber,Root_TuberAEZ07,Root_TuberAEZ07,2005,N2O_AWB,9.86252944310428e-06
USA,Root_Tuber,Root_TuberAEZ08,Root_TuberAEZ08,2005,N2O_AWB,3.31715962013828e-06
USA,Root_Tuber,Root_TuberAEZ09,Root_TuberAEZ09,2005,N2O_AWB,1.51894466460952e-06
USA,Root_Tuber,Root_TuberAEZ10,Root_TuberAEZ10,2005,N2O_AWB,3.16752748840509e-06
USA,Root_Tuber,Root_TuberAEZ11,Root_TuberAEZ11,2005,N2O_AWB,5.69196760862709e-07
USA,Root_Tuber,Root_TuberAEZ12,Root_TuberAEZ12,2005,N2O_AWB,9.83721755091914e-07
USA,Root_Tuber,Root_TuberAEZ13,Root_TuberAEZ13,2005,N2O_AWB,9.5853837313449e-08
USA,Root_Tuber,Root_TuberAEZ14,Root_TuberAEZ14,2005,N2O_AWB,4.79047298404328e-08
USA,Root_Tuber,Root_TuberAEZ15,Root_TuberAEZ15,2005,N2O_AWB,1.28047960685128e-08
USA,Root_Tuber,Root_TuberAEZ16,Root_TuberAEZ16,2005,N2O_AWB,5.86062110312658e-09
USA,SugarCrop,SugarCropAEZ07,SugarCropAEZ07,2005,N2O_AWB,8.89706012866453e-06
USA,SugarCrop,SugarCropAEZ08,SugarCropAEZ08,2005,N2O_AWB,2.87804208188325e-06
USA,SugarCrop,SugarCropAEZ09,SugarCropAEZ09,2005,N2O_AWB,8.99029355280945e-06
USA,SugarCrop,SugarCropAEZ10,SugarCropAEZ10,2005,N2O_AWB,1.36881599040766e-05
USA,SugarCrop,SugarCropAEZ11,SugarCropAEZ11,2005,N2O_AWB,1.91752782637156e-06
USA,SugarCrop,SugarCropAEZ12,SugarCropAEZ12,2005,N2O_AWB,1.95365478345812e-05
USA,SugarCrop,SugarCropAEZ13,SugarCropAEZ13,2005,N2O_AWB,3.49430908303706e-07
USA,SugarCrop,SugarCropAEZ14,SugarCropAEZ14,2005,N2O_AWB,5.43234634552818e-08
USA,SugarCrop,SugarCropAEZ15,SugarCropAEZ15,2005,N2O_AWB,0
USA,SugarCrop,SugarCropAEZ16,SugarCropAEZ16,2005,N2O_AWB,0
USA,Wheat,WheatAEZ07,WheatAEZ07,2005,N2O_AWB,1.67824801203119e-05
USA,Wheat,WheatAEZ08,WheatAEZ08,2005,N2O_AWB,1.3790198071747e-05
USA,Wheat,WheatAEZ09,WheatAEZ09,2005,N2O_AWB,5.58874709791945e-06
USA,Wheat,WheatAEZ10,WheatAEZ10,2005,N2O_AWB,8.2500121278208e-06
USA,Wheat,WheatAEZ11,WheatAEZ11,2005,N2O_AWB,5.99029741638196e-06
USA,Wheat,WheatAEZ12,WheatAEZ12,2005,N2O_AWB,1.86340856509859e-06
USA,Wheat,WheatAEZ13,WheatAEZ13,2005,N2O_AWB,8.66472651114256e-07
USA,Wheat,WheatAEZ14,WheatAEZ14,2005,N2O_AWB,1.35254330282678e-07
USA,Wheat,WheatAEZ15,WheatAEZ15,2005,N2O_AWB,2.14203535171146e-08
USA,Wheat,WheatAEZ16,WheatAEZ16,2005,N2O_AWB,5.07168339754604e-10
USA,Corn,CornAEZ07,CornAEZ07,2005,NH3_AWB,0.000385474328372921
USA,Corn,CornAEZ08,CornAEZ08,2005,NH3_AWB,0.000354006129101617
USA,Corn,CornAEZ09,CornAEZ09,2005,NH3_AWB,0.000510343665035472
USA,Corn,CornAEZ10,CornAEZ10,2005,NH3_AWB,0.00250189292087336
USA,Corn,CornAEZ11,CornAEZ11,2005,NH3_AWB,0.00116142147882453
USA,Corn,CornAEZ12,CornAEZ12,2005,NH3_AWB,0.000157028465973907
USA,Corn,CornAEZ13,CornAEZ13,2005,NH3_AWB,2.36559558381508e-07
USA,Corn,CornAEZ14,CornAEZ14,2005,NH3_AWB,7.94974006520863e-09
USA,Corn,CornAEZ15,CornAEZ15,2005,NH3_AWB,0
USA,Corn,CornAEZ16,CornAEZ16,2005,NH3_AWB,0
USA,FiberCrop,FiberCropAEZ07,FiberCropAEZ07,2005,NH3_AWB,6.07408771568803e-05
USA,FiberCrop,FiberCropAEZ08,FiberCropAEZ08,2005,NH3_AWB,1.44588520031335e-05
USA,FiberCrop,FiberCropAEZ09,FiberCropAEZ09,2005,NH3_AWB,1.26814956503157e-05
USA,FiberCrop,FiberCropAEZ10,FiberCropAEZ10,2005,NH3_AWB,3.52343019782055e-06
USA,FiberCrop,FiberCropAEZ11,FiberCropAEZ11,2005,NH3_AWB,3.35876401389563e-05
USA,FiberCrop,FiberCropAEZ12,FiberCropAEZ12,2005,NH3_AWB,7.39324031383639e-05
USA,FiberCrop,FiberCropAEZ13,FiberCropAEZ13,2005,NH3_AWB,9.19859511818307e-08
USA,FiberCrop,FiberCropAEZ14,FiberCropAEZ14,2005,NH3_AWB,0
USA,FiberCrop,FiberCropAEZ15,FiberCropAEZ15,2005,NH3_AWB,0
USA,FiberCrop,FiberCropAEZ16,FiberCropAEZ16,2005,NH3_AWB,0
USA,FodderGrass,FodderGrassAEZ07,FodderGrassAEZ07,2005,NH3_AWB,0.000308801259868832
USA,FodderGrass,FodderGrassAEZ08,FodderGrassAEZ08,2005,NH3_AWB,0.000320262604668804
USA,FodderGrass,FodderGrassAEZ09,FodderGrassAEZ09,2005,NH3_AWB,0.000131512456069642
USA,FodderGrass,FodderGrassAEZ10,FodderGrassAEZ10,2005,NH3_AWB,0.00136388518612873
USA,FodderGrass,FodderGrassAEZ11,FodderGrassAEZ11,2005,NH3_AWB,0.00104997140680276
USA,FodderGrass,FodderGrassAEZ12,FodderGrassAEZ12,2005,NH3_AWB,0.000376211074804726
USA,FodderGrass,FodderGrassAEZ13,FodderGrassAEZ13,2005,NH3_AWB,2.15985705027991e-05
USA,FodderGrass,FodderGrassAEZ14,FodderGrassAEZ14,2005,NH3_AWB,5.52113344187289e-06
USA,FodderGrass,FodderGrassAEZ15,FodderGrassAEZ15,2005,NH3_AWB,2.16948793090975e-06
USA,FodderGrass,FodderGrassAEZ16,FodderGrassAEZ16,2005,NH3_AWB,2.93879007826701e-07
USA,FodderHerb,FodderHerbAEZ07,FodderHerbAEZ07,2005,NH3_AWB,0.000789501794765809
USA,FodderHerb,FodderHerbAEZ08,FodderHerbAEZ08,2005,NH3_AWB,0.000932185165178871
USA,FodderHerb,FodderHerbAEZ09,FodderHerbAEZ09,2005,NH3_AWB,0.000222100665164737
USA,FodderHerb,FodderHerbAEZ10,FodderHerbAEZ10,2005,NH3_AWB,0.00094067201267629
USA,FodderHerb,FodderHerbAEZ11,FodderHerbAEZ11,2005,NH3_AWB,0.00025708643159231
USA,FodderHerb,FodderHerbAEZ12,FodderHerbAEZ12,2005,NH3_AWB,2.00368040905956e-05
USA,FodderHerb,FodderHerbAEZ13,FodderHerbAEZ13,2005,NH3_AWB,3.44128869841737e-05
USA,FodderHerb,FodderHerbAEZ14,FodderHerbAEZ14,2005,NH3_AWB,9.48690434861948e-06
USA,FodderHerb,FodderHerbAEZ15,FodderHerbAEZ15,2005,NH3_AWB,7.48164783970927e-07
USA,FodderHerb,FodderHerbAEZ16,FodderHerbAEZ16,2005,NH3_AWB,6.93062126814436e-08
USA,MiscCrop,MiscCropAEZ07,MiscCropAEZ07,2005,NH3_AWB,0.000135644629808755
USA,MiscCrop,MiscCropAEZ08,MiscCropAEZ08,2005,NH3_AWB,0.000156031018060197
USA,MiscCrop,MiscCropAEZ09,MiscCropAEZ09,2005,NH3_AWB,0.000233103442048356
USA,MiscCrop,MiscCropAEZ10,MiscCropAEZ10,2005,NH3_AWB,0.000317099740868816
USA,MiscCrop,MiscCropAEZ11,MiscCropAEZ11,2005,NH3_AWB,7.43830521032926e-05
USA,MiscCrop,MiscCropAEZ12,MiscCropAEZ12,2005,NH3_AWB,0.000212930719144015
USA,MiscCrop,MiscCropAEZ13,MiscCropAEZ13,2005,NH3_AWB,2.02954821547028e-06
USA,MiscCrop,MiscCropAEZ14,MiscCropAEZ14,2005,NH3_AWB,6.72381911501941e-07
USA,MiscCrop,MiscCropAEZ15,MiscCropAEZ15,2005,NH3_AWB,3.7041946679575e-07
USA,MiscCrop,MiscCropAEZ16,MiscCropAEZ16,2005,NH3_AWB,3.67012191805514e-08
USA,OilCrop,OilCropAEZ07,OilCropAEZ07,2005,NH3_AWB,2.09824649414334e-05
USA,OilCrop,OilCropAEZ08,OilCropAEZ08,2005,NH3_AWB,0.00010795968529112
USA,OilCrop,OilCropAEZ09,OilCropAEZ09,2005,NH3_AWB,0.000143445837272032
USA,OilCrop,OilCropAEZ10,OilCropAEZ10,2005,NH3_AWB,0.00063072846886374
USA,OilCrop,OilCropAEZ11,OilCropAEZ11,2005,NH3_AWB,0.000442298705887891
USA,OilCrop,OilCropAEZ12,OilCropAEZ12,2005,NH3_AWB,0.000102316373688044
USA,OilCrop,OilCropAEZ13,OilCropAEZ13,2005,NH3_AWB,2.44030432530402e-07
USA,OilCrop,OilCropAEZ14,OilCropAEZ14,2005,NH3_AWB,9.54479667601967e-09
USA,OilCrop,OilCropAEZ15,OilCropAEZ15,2005,NH3_AWB,5.10493833519695e-09
USA,OilCrop,OilCropAEZ16,OilCropAEZ16,2005,NH3_AWB,0
USA,OtherGrain,OtherGrainAEZ07,OtherGrainAEZ07,2005,NH3_AWB,9.19608780089954e-05
USA,OtherGrain,OtherGrainAEZ08,OtherGrainAEZ08,2005,NH3_AWB,6.23563173111155e-05
USA,OtherGrain,OtherGrainAEZ09,OtherGrainAEZ09,2005,NH3_AWB,3.61445616022586e-05
USA,OtherGrain,OtherGrainAEZ10,OtherGrainAEZ10,2005,NH3_AWB,6.78125882897632e-05
USA,OtherGrain,OtherGrainAEZ11,OtherGrainAEZ11,2005,NH3_AWB,3.47270104006693e-05
USA,OtherGrain,OtherGrainAEZ12,OtherGrainAEZ12,2005,NH3_AWB,8.82245141243327e-06
USA,OtherGrain,OtherGrainAEZ13,OtherGrainAEZ13,2005,NH3_AWB,1.67820042075233e-06
USA,OtherGrain,OtherGrainAEZ14,OtherGrainAEZ14,2005,NH3_AWB,1.63271622260422e-06
USA,OtherGrain,OtherGrainAEZ15,OtherGrainAEZ15,2005,NH3_AWB,1.15522308246369e-07
USA,OtherGrain,OtherGrainAEZ16,OtherGrainAEZ16,2005,NH3_AWB,0
USA,PalmFruit,PalmFruitAEZ07,PalmFruitAEZ07,2005,NH3_AWB,0
USA,PalmFruit,PalmFruitAEZ08,PalmFruitAEZ08,2005,NH3_AWB,0
USA,PalmFruit,PalmFruitAEZ09,PalmFruitAEZ09,2005,NH3_AWB,0
USA,PalmFruit,PalmFruitAEZ10,PalmFruitAEZ10,2005,NH3_AWB,0
USA,PalmFruit,PalmFruitAEZ11,PalmFruitAEZ11,2005,NH3_AWB,0
USA,PalmFruit,PalmFruitAEZ12,PalmFruitAEZ12,2005,NH3_AWB,0
USA,PalmFruit,PalmFruitAEZ13,PalmFruitAEZ13,2005,NH3_AWB,0
USA,PalmFruit,PalmFruitAEZ14,PalmFruitAEZ14,2005,NH3_AWB,0
USA,PalmFruit,PalmFruitAEZ15,PalmFruitAEZ15,2005,NH3_AWB,0
USA,PalmFruit,PalmFruitAEZ16,PalmFruitAEZ16,2005,NH3_AWB,0
USA,Rice,RiceAEZ07,RiceAEZ07,2005,NH3_AWB,0
USA,Rice,RiceAEZ08,RiceAEZ08,2005,NH3_AWB,6.11283050092103e-08
USA,Rice,RiceAEZ09,RiceAEZ09,2005,NH3_AWB,5.48581800700483e-06
USA,Rice,RiceAEZ10,RiceAEZ10,2005,NH3_AWB,3.67940680464148e-05
USA,Rice,RiceAEZ11,RiceAEZ11,2005,NH3_AWB,7.25508517461775e-05
USA,Rice,RiceAEZ12,RiceAEZ12,2005,NH3_AWB,5.03569286150362e-05
USA,Rice,RiceAEZ13,RiceAEZ13,2005,NH3_AWB,0
USA,Rice,RiceAEZ14,RiceAEZ14,2005,NH3_AWB,1.18999774095799e-08
USA,Rice,RiceAEZ15,RiceAEZ15,2005,NH3_AWB,0
USA,Rice,RiceAEZ16,RiceAEZ16,2005,NH3_AWB,0
USA,Root_Tuber,Root_TuberAEZ07,Root_TuberAEZ07,2005,NH3_AWB,0.000183221065715576
USA,Root_Tuber,Root_TuberAEZ08,Root_TuberAEZ08,2005,NH3_AWB,6.16245076130398e-05
USA,Root_Tuber,Root_TuberAEZ09,Root_TuberAEZ09,2005,NH3_AWB,2.82181829537988e-05
USA,Root_Tuber,Root_TuberAEZ10,Root_TuberAEZ10,2005,NH3_AWB,5.88447178238579e-05
USA,Root_Tuber,Root_TuberAEZ11,Root_TuberAEZ11,2005,NH3_AWB,1.05742484956571e-05
USA,Root_Tuber,Root_TuberAEZ12,Root_TuberAEZ12,2005,NH3_AWB,1.82750834231027e-05
USA,Root_Tuber,Root_TuberAEZ13,Root_TuberAEZ13,2005,NH3_AWB,1.78072393363316e-06
USA,Root_Tuber,Root_TuberAEZ14,Root_TuberAEZ14,2005,NH3_AWB,8.8994975425069e-07
USA,Root_Tuber,Root_TuberAEZ15,Root_TuberAEZ15,2005,NH3_AWB,2.37881001570434e-07
USA,Root_Tuber,Root_TuberAEZ16,Root_TuberAEZ16,2005,NH3_AWB,1.08875643967869e-07
USA,SugarCrop,SugarCropAEZ07,SugarCropAEZ07,2005,NH3_AWB,0.000165285066869862
USA,SugarCrop,SugarCropAEZ08,SugarCropAEZ08,2005,NH3_AWB,5.34668048860037e-05
USA,SugarCrop,SugarCropAEZ09,SugarCropAEZ09,2005,NH3_AWB,0.000167017110097787
USA,SugarCrop,SugarCropAEZ10,SugarCropAEZ10,2005,NH3_AWB,0.000254291686506818
USA,SugarCrop,SugarCropAEZ11,SugarCropAEZ11,2005,NH3_AWB,3.5622858609838e-05
USA,SugarCrop,SugarCropAEZ12,SugarCropAEZ12,2005,NH3_AWB,0.000362940068803345
USA,SugarCrop,SugarCropAEZ13,SugarCropAEZ13,2005,NH3_AWB,6.49155004126558e-06
USA,SugarCrop,SugarCropAEZ14,SugarCropAEZ14,2005,NH3_AWB,1.00919372916012e-06
USA,SugarCrop,SugarCropAEZ15,SugarCropAEZ15,2005,NH3_AWB,0
USA,SugarCrop,SugarCropAEZ16,SugarCropAEZ16,2005,NH3_AWB,0
USA,Wheat,WheatAEZ07,WheatAEZ07,2005,NH3_AWB,0.000311776396788751
USA,Wheat,WheatAEZ08,WheatAEZ08,2005,NH3_AWB,0.000256187299790618
USA,Wheat,WheatAEZ09,WheatAEZ09,2005,NH3_AWB,0.000103824906703987
USA,Wheat,WheatAEZ10,WheatAEZ10,2005,NH3_AWB,0.000153264537555588
USA,Wheat,WheatAEZ11,WheatAEZ11,2005,NH3_AWB,0.000111284704691062
USA,Wheat,WheatAEZ12,WheatAEZ12,2005,NH3_AWB,3.46174584451666e-05
USA,Wheat,WheatAEZ13,WheatAEZ13,2005,NH3_AWB,1.6096889085746e-05
USA,Wheat,WheatAEZ14,WheatAEZ14,2005,NH3_AWB,2.51268629209169e-06
USA,Wheat,WheatAEZ15,WheatAEZ15,2005,NH3_AWB,3.97936454542518e-07
USA,Wheat,WheatAEZ16,WheatAEZ16,2005,NH3_AWB,9.42191597430502e-09
USA,Corn,CornAEZ07,CornAEZ07,2005,NMVOC_AWB,0.0020749534985461
USA,Corn,CornAEZ08,CornAEZ08,2005,NMVOC_AWB,0.00190556465637197
USA,Corn,CornAEZ09,CornAEZ09,2005,NMVOC_AWB,0.00274710738247071
USA,Corn,CornAEZ10,CornAEZ10,2005,NMVOC_AWB,0.0134673338457228
USA,Corn,CornAEZ11,CornAEZ11,2005,NMVOC_AWB,0.00625176667651424
USA,Corn,CornAEZ12,CornAEZ12,2005,NMVOC_AWB,0.00084526190426012
USA,Corn,CornAEZ13,CornAEZ13,2005,NMVOC_AWB,1.27336646606299e-06
USA,Corn,CornAEZ14,CornAEZ14,2005,NMVOC_AWB,4.27923203873607e-08
USA,Corn,CornAEZ15,CornAEZ15,2005,NMVOC_AWB,0
USA,Corn,CornAEZ16,CornAEZ16,2005,NMVOC_AWB,0
USA,FiberCrop,FiberCropAEZ07,FiberCropAEZ07,2005,NMVOC_AWB,0.00032695950491286
USA,FiberCrop,FiberCropAEZ08,FiberCropAEZ08,2005,NMVOC_AWB,7.78299444103e-05
USA,FiberCrop,FiberCropAEZ09,FiberCropAEZ09,2005,NMVOC_AWB,6.82626878876437e-05
USA,FiberCrop,FiberCropAEZ10,FiberCropAEZ10,2005,NMVOC_AWB,1.8966123753844e-05
USA,FiberCrop,FiberCropAEZ11,FiberCropAEZ11,2005,NMVOC_AWB,0.000180797490998704
USA,FiberCrop,FiberCropAEZ12,FiberCropAEZ12,2005,NMVOC_AWB,0.000397967613551318
USA,FiberCrop,FiberCropAEZ13,FiberCropAEZ13,2005,NMVOC_AWB,4.95147295612327e-07
USA,FiberCrop,FiberCropAEZ14,FiberCropAEZ14,2005,NMVOC_AWB,0
USA,FiberCrop,FiberCropAEZ15,FiberCropAEZ15,2005,NMVOC_AWB,0
USA,FiberCrop,FiberCropAEZ16,FiberCropAEZ16,2005,NMVOC_AWB,0
USA,FodderGrass,FodderGrassAEZ07,FodderGrassAEZ07,2005,NMVOC_AWB,0.00166223327302978
USA,FodderGrass,FodderGrassAEZ08,FodderGrassAEZ08,2005,NMVOC_AWB,0.00172392806238482
USA,FodderGrass,FodderGrassAEZ09,FodderGrassAEZ09,2005,NMVOC_AWB,0.000707912851099382
USA,FodderGrass,FodderGrassAEZ10,FodderGrassAEZ10,2005,NMVOC_AWB,0.00734160002436055
USA,FodderGrass,FodderGrassAEZ11,FodderGrassAEZ11,2005,NMVOC_AWB,0.00565184678604866
USA,FodderGrass,FodderGrassAEZ12,FodderGrassAEZ12,2005,NMVOC_AWB,0.00202509072174232
USA,FodderGrass,FodderGrassAEZ13,FodderGrassAEZ13,2005,NMVOC_AWB,0.00011626203388834
USA,FodderGrass,FodderGrassAEZ14,FodderGrassAEZ14,2005,NMVOC_AWB,2.9719476260611e-05
USA,FodderGrass,FodderGrassAEZ15,FodderGrassAEZ15,2005,NMVOC_AWB,1.16780450498372e-05
USA,FodderGrass,FodderGrassAEZ16,FodderGrassAEZ16,2005,NMVOC_AWB,1.581908912101e-06
USA,FodderHerb,FodderHerbAEZ07,FodderHerbAEZ07,2005,NMVOC_AWB,0.00424977590095937
USA,FodderHerb,FodderHerbAEZ08,FodderHerbAEZ08,2005,NMVOC_AWB,0.00501782019556285
USA,FodderHerb,FodderHerbAEZ09,FodderHerbAEZ09,2005,NMVOC_AWB,0.00119553629980554
USA,FodderHerb,FodderHerbAEZ10,FodderHerbAEZ10,2005,NMVOC_AWB,0.00506350368888581
USA,FodderHerb,FodderHerbAEZ11,FodderHerbAEZ11,2005,NMVOC_AWB,0.00138385970581451
USA,FodderHerb,FodderHerbAEZ12,FodderHerbAEZ12,2005,NMVOC_AWB,0.000107855267361002
USA,FodderHerb,FodderHerbAEZ13,FodderHerbAEZ13,2005,NMVOC_AWB,0.00018523967742361
USA,FodderHerb,FodderHerbAEZ14,FodderHerbAEZ14,2005,NMVOC_AWB,5.10666571536155e-05
USA,FodderHerb,FodderHerbAEZ15,FodderHerbAEZ15,2005,NMVOC_AWB,4.02726464961269e-06
USA,FodderHerb,FodderHerbAEZ16,FodderHerbAEZ16,2005,NMVOC_AWB,3.73065488125625e-07
USA,MiscCrop,MiscCropAEZ07,MiscCropAEZ07,2005,NMVOC_AWB,0.000730155754777983
USA,MiscCrop,MiscCropAEZ08,MiscCropAEZ08,2005,NMVOC_AWB,0.000839892783969007
USA,MiscCrop,MiscCropAEZ09,MiscCropAEZ09,2005,NMVOC_AWB,0.00125476268327121
USA,MiscCrop,MiscCropAEZ10,MiscCropAEZ10,2005,NMVOC_AWB,0.00170690281628112
USA,MiscCrop,MiscCropAEZ11,MiscCropAEZ11,2005,NMVOC_AWB,0.00040039339285118
USA,MiscCrop,MiscCropAEZ12,MiscCropAEZ12,2005,NMVOC_AWB,0.00114617578426229
USA,MiscCrop,MiscCropAEZ13,MiscCropAEZ13,2005,NMVOC_AWB,1.09247694598328e-05
USA,MiscCrop,MiscCropAEZ14,MiscCropAEZ14,2005,NMVOC_AWB,3.61933622277523e-06
USA,MiscCrop,MiscCropAEZ15,MiscCropAEZ15,2005,NMVOC_AWB,1.99391531934611e-06
USA,MiscCrop,MiscCropAEZ16,MiscCropAEZ16,2005,NMVOC_AWB,1.97557444255844e-07
USA,OilCrop,OilCropAEZ07,OilCropAEZ07,2005,NMVOC_AWB,0.000112945625256342
USA,OilCrop,OilCropAEZ08,OilCropAEZ08,2005,NMVOC_AWB,0.000581131634997047
USA,OilCrop,OilCropAEZ09,OilCropAEZ09,2005,NMVOC_AWB,0.000772148545289185
USA,OilCrop,OilCropAEZ10,OilCropAEZ10,2005,NMVOC_AWB,0.00339512166380981
USA,OilCrop,OilCropAEZ11,OilCropAEZ11,2005,NMVOC_AWB,0.00238083104277862
USA,OilCrop,OilCropAEZ12,OilCropAEZ12,2005,NMVOC_AWB,0.00055075449106735
USA,OilCrop,OilCropAEZ13,OilCropAEZ13,2005,NMVOC_AWB,1.31358111931338e-06
USA,OilCrop,OilCropAEZ14,OilCropAEZ14,2005,NMVOC_AWB,5.13782833202271e-08
USA,OilCrop,OilCropAEZ15,OilCropAEZ15,2005,NMVOC_AWB,2.74791571806863e-08
USA,OilCrop,OilCropAEZ16,OilCropAEZ16,2005,NMVOC_AWB,0
USA,OtherGrain,OtherGrainAEZ07,OtherGrainAEZ07,2005,NMVOC_AWB,0.000495012330288142
USA,OtherGrain,OtherGrainAEZ08,OtherGrainAEZ08,2005,NMVOC_AWB,0.000335655189561617
USA,OtherGrain,OtherGrainAEZ09,OtherGrainAEZ09,2005,NMVOC_AWB,0.000194561035663743
USA,OtherGrain,OtherGrainAEZ10,OtherGrainAEZ10,2005,NMVOC_AWB,0.000365025520405563
USA,OtherGrain,OtherGrainAEZ11,OtherGrainAEZ11,2005,NMVOC_AWB,0.000186930559108998
USA,OtherGrain,OtherGrainAEZ12,OtherGrainAEZ12,2005,NMVOC_AWB,4.74900014775338e-05
USA,OtherGrain,OtherGrainAEZ13,OtherGrainAEZ13,2005,NMVOC_AWB,9.03351423945617e-06
USA,OtherGrain,OtherGrainAEZ14,OtherGrainAEZ14,2005,NMVOC_AWB,8.78867926828091e-06
USA,OtherGrain,OtherGrainAEZ15,OtherGrainAEZ15,2005,NMVOC_AWB,6.21840159026173e-07
USA,OtherGrain,OtherGrainAEZ16,OtherGrainAEZ16,2005,NMVOC_AWB,0
USA,PalmFruit,PalmFruitAEZ07,PalmFruitAEZ07,2005,NMVOC_AWB,0
USA,PalmFruit,PalmFruitAEZ08,PalmFruitAEZ08,2005,NMVOC_AWB,0
USA,PalmFruit,PalmFruitAEZ09,PalmFruitAEZ09,2005,NMVOC_AWB,0
USA,PalmFruit,PalmFruitAEZ10,PalmFruitAEZ10,2005,NMVOC_AWB,0
USA,PalmFruit,PalmFruitAEZ11,PalmFruitAEZ11,2005,NMVOC_AWB,0
USA,PalmFruit,PalmFruitAEZ12,PalmFruitAEZ12,2005,NMVOC_AWB,0
USA,PalmFruit,PalmFruitAEZ13,PalmFruitAEZ13,2005,NMVOC_AWB,0
USA,PalmFruit,PalmFruitAEZ14,PalmFruitAEZ14,2005,NMVOC_AWB,0
USA,PalmFruit,PalmFruitAEZ15,PalmFruitAEZ15,2005,NMVOC_AWB,0
USA,PalmFruit,PalmFruitAEZ16,PalmFruitAEZ16,2005,NMVOC_AWB,0
USA,Rice,RiceAEZ07,RiceAEZ07,2005,NMVOC_AWB,0
USA,Rice,RiceAEZ08,RiceAEZ08,2005,NMVOC_AWB,3.29044973953093e-07
USA,Rice,RiceAEZ09,RiceAEZ09,2005,NMVOC_AWB,2.95293782962629e-05
USA,Rice,RiceAEZ10,RiceAEZ10,2005,NMVOC_AWB,0.000198057236498488
USA,Rice,RiceAEZ11,RiceAEZ11,2005,NMVOC_AWB,0.00039053091885173
USA,Rice,RiceAEZ12,RiceAEZ12,2005,NMVOC_AWB,0.000271064186418972
USA,Rice,RiceAEZ13,RiceAEZ13,2005,NMVOC_AWB,0
USA,Rice,RiceAEZ14,RiceAEZ14,2005,NMVOC_AWB,6.40558863228358e-08
USA,Rice,RiceAEZ15,RiceAEZ15,2005,NMVOC_AWB,0
USA,Rice,RiceAEZ16,RiceAEZ16,2005,NMVOC_AWB,0
USA,Root_Tuber,Root_TuberAEZ07,Root_TuberAEZ07,2005,NMVOC_AWB,0.000986252944310428
USA,Root_Tuber,Root_TuberAEZ08,Root_TuberAEZ08,2005,NMVOC_AWB,0.000331715962013828
USA,Root_Tuber,Root_TuberAEZ09,Root_TuberAEZ09,2005,NMVOC_AWB,0.000151894466460952
USA,Root_Tuber,Root_TuberAEZ10,Root_TuberAEZ10,2005,NMVOC_AWB,0.000316752748840509
USA,Root_Tuber,Root_TuberAEZ11,Root_TuberAEZ11,2005,NMVOC_AWB,5.69196760862709e-05
USA,Root_Tuber,Root_TuberAEZ12,Root_TuberAEZ12,2005,NMVOC_AWB,9.83721755091914e-05
USA,Root_Tuber,Root_TuberAEZ13,Root_TuberAEZ13,2005,NMVOC_AWB,9.5853837313449e-06
USA,Root_Tuber,Root_TuberAEZ14,Root_TuberAEZ14,2005,NMVOC_AWB,4.79047298404329e-06
USA,Root_Tuber,Root_TuberAEZ15,Root_TuberAEZ15,2005,NMVOC_AWB,1.28047960685128e-06
USA,Root_Tuber,Root_TuberAEZ16,Root_TuberAEZ16,2005,NMVOC_AWB,5.86062110312658e-07
USA,SugarCrop,SugarCropAEZ07,SugarCropAEZ07,2005,NMVOC_AWB,0.000889706012866453
USA,SugarCrop,SugarCropAEZ08,SugarCropAEZ08,2005,NMVOC_AWB,0.000287804208188325
USA,SugarCrop,SugarCropAEZ09,SugarCropAEZ09,2005,NMVOC_AWB,0.000899029355280945
USA,SugarCrop,SugarCropAEZ10,SugarCropAEZ10,2005,NMVOC_AWB,0.00136881599040766
USA,SugarCrop,SugarCropAEZ11,SugarCropAEZ11,2005,NMVOC_AWB,0.000191752782637156
USA,SugarCrop,SugarCropAEZ12,SugarCropAEZ12,2005,NMVOC_AWB,0.00195365478345812
USA,SugarCrop,SugarCropAEZ13,SugarCropAEZ13,2005,NMVOC_AWB,3.49430908303706e-05
USA,SugarCrop,SugarCropAEZ14,SugarCropAEZ14,2005,NMVOC_AWB,5.43234634552818e-06
USA,SugarCrop,SugarCropAEZ15,SugarCropAEZ15,2005,NMVOC_AWB,0
USA,SugarCrop,SugarCropAEZ16,SugarCropAEZ16,2005,NMVOC_AWB,0
USA,Wheat,WheatAEZ07,WheatAEZ07,2005,NMVOC_AWB,0.00167824801203119
USA,Wheat,WheatAEZ08,WheatAEZ08,2005,NMVOC_AWB,0.0013790198071747
USA,Wheat,WheatAEZ09,WheatAEZ09,2005,NMVOC_AWB,0.000558874709791945
USA,Wheat,WheatAEZ10,WheatAEZ10,2005,NMVOC_AWB,0.00082500121278208
USA,Wheat,WheatAEZ11,WheatAEZ11,2005,NMVOC_AWB,0.000599029741638196
USA,Wheat,WheatAEZ12,WheatAEZ12,2005,NMVOC_AWB,0.000186340856509859
USA,Wheat,WheatAEZ13,WheatAEZ13,2005,NMVOC_AWB,8.66472651114256e-05
USA,Wheat,WheatAEZ14,WheatAEZ14,2005,NMVOC_AWB,1.35254330282678e-05
USA,Wheat,WheatAEZ15,WheatAEZ15,2005,NMVOC_AWB,2.14203535171146e-06
USA,Wheat,WheatAEZ16,WheatAEZ16,2005,NMVOC_AWB,5.07168339754604e-08
USA,Corn,CornAEZ07,CornAEZ07,2005,NOx_AWB,0.00112778780465823
USA,Corn,CornAEZ08,CornAEZ08,2005,NOx_AWB,0.00103572083998504
USA,Corn,CornAEZ09,CornAEZ09,2005,NOx_AWB,0.00149311982471314
USA,Corn,CornAEZ10,CornAEZ10,2005,NOx_AWB,0.00731982421924614
USA,Corn,CornAEZ11,CornAEZ11,2005,NOx_AWB,0.00339798757913459
USA,Corn,CornAEZ12,CornAEZ12,2005,NOx_AWB,0.000459420448715941
USA,Corn,CornAEZ13,CornAEZ13,2005,NOx_AWB,6.92105713353503e-07
USA,Corn,CornAEZ14,CornAEZ14,2005,NOx_AWB,2.32586692182303e-08
USA,Corn,CornAEZ15,CornAEZ15,2005,NOx_AWB,0
USA,Corn,CornAEZ16,CornAEZ16,2005,NOx_AWB,0
USA,FiberCrop,FiberCropAEZ07,FiberCropAEZ07,2005,NOx_AWB,0.000177710460748249
USA,FiberCrop,FiberCropAEZ08,FiberCropAEZ08,2005,NOx_AWB,4.23024719371631e-05
USA,FiberCrop,FiberCropAEZ09,FiberCropAEZ09,2005,NOx_AWB,3.71024348096568e-05
USA,FiberCrop,FiberCropAEZ10,FiberCropAEZ10,2005,NOx_AWB,1.03085505705124e-05
USA,FiberCrop,FiberCropAEZ11,FiberCropAEZ11,2005,NOx_AWB,9.82678434018002e-05
USA,FiberCrop,FiberCropAEZ12,FiberCropAEZ12,2005,NOx_AWB,0.000216305098657201
USA,FiberCrop,FiberCropAEZ13,FiberCropAEZ13,2005,NOx_AWB,2.69124624668635e-07
USA,FiberCrop,FiberCropAEZ14,FiberCropAEZ14,2005,NOx_AWB,0
USA,FiberCrop,FiberCropAEZ15,FiberCropAEZ15,2005,NOx_AWB,0
USA,FiberCrop,FiberCropAEZ16,FiberCropAEZ16,2005,NOx_AWB,0
USA,FodderGrass,FodderGrassAEZ07,FodderGrassAEZ07,2005,NOx_AWB,0.000903464301794557
USA,FodderGrass,FodderGrassAEZ08,FodderGrassAEZ08,2005,NOx_AWB,0.0009369969236554
USA,FodderGrass,FodderGrassAEZ09,FodderGrassAEZ09,2005,NOx_AWB,0.000384767890360019
USA,FodderGrass,FodderGrassAEZ10,FodderGrassAEZ10,2005,NOx_AWB,0.00399033856901082
USA,FodderGrass,FodderGrassAEZ11,FodderGrassAEZ11,2005,NOx_AWB,0.00307191649527027
USA,FodderGrass,FodderGrassAEZ12,FodderGrassAEZ12,2005,NOx_AWB,0.00110068617003119
USA,FodderGrass,FodderGrassAEZ13,FodderGrassAEZ13,2005,NOx_AWB,6.3191249373013e-05
USA,FodderGrass,FodderGrassAEZ14,FodderGrassAEZ14,2005,NOx_AWB,1.61532597771624e-05
USA,FodderGrass,FodderGrassAEZ15,FodderGrassAEZ15,2005,NOx_AWB,6.3473021437272e-06
USA,FodderGrass,FodderGrassAEZ16,FodderGrassAEZ16,2005,NOx_AWB,8.59806053676747e-07
USA,FodderHerb,FodderHerbAEZ07,FodderHerbAEZ07,2005,NOx_AWB,0.0023098567929309
USA,FodderHerb,FodderHerbAEZ08,FodderHerbAEZ08,2005,NOx_AWB,0.00272730758857431
USA,FodderHerb,FodderHerbAEZ09,FodderHerbAEZ09,2005,NOx_AWB,0.000649803120837005
USA,FodderHerb,FodderHerbAEZ10,FodderHerbAEZ10,2005,NOx_AWB,0.00275213768075706
USA,FodderHerb,FodderHerbAEZ11,FodderHerbAEZ11,2005,NOx_AWB,0.000752161482495442
USA,FodderHerb,FodderHerbAEZ12,FodderHerbAEZ12,2005,NOx_AWB,5.8621966845581e-05
USA,FodderHerb,FodderHerbAEZ13,FodderHerbAEZ13,2005,NOx_AWB,0.000100682280004614
USA,FodderHerb,FodderHerbAEZ14,FodderHerbAEZ14,2005,NOx_AWB,2.77559729424612e-05
USA,FodderHerb,FodderHerbAEZ15,FodderHerbAEZ15,2005,NOx_AWB,2.1889165039828e-06
USA,FodderHerb,FodderHerbAEZ16,FodderHerbAEZ16,2005,NOx_AWB,2.02770186484545e-07
USA,MiscCrop,MiscCropAEZ07,MiscCropAEZ07,2005,NOx_AWB,0.000396857450693054
USA,MiscCrop,MiscCropAEZ08,MiscCropAEZ08,2005,NOx_AWB,0.000456502200962291
USA,MiscCrop,MiscCropAEZ09,MiscCropAEZ09,2005,NOx_AWB,0.000681994103928143
USA,MiscCrop,MiscCropAEZ10,MiscCropAEZ10,2005,NOx_AWB,0.00092774328739776
USA,MiscCrop,MiscCropAEZ11,MiscCropAEZ11,2005,NOx_AWB,0.000217623568836457
USA,MiscCrop,MiscCropAEZ12,MiscCropAEZ12,2005,NOx_AWB,0.000622974477447971
USA,MiscCrop,MiscCropAEZ13,MiscCropAEZ13,2005,NOx_AWB,5.93787849902914e-06
USA,MiscCrop,MiscCropAEZ14,MiscCropAEZ14,2005,NOx_AWB,1.96719746050397e-06
USA,MiscCrop,MiscCropAEZ15,MiscCropAEZ15,2005,NOx_AWB,1.08374157891029e-06
USA,MiscCrop,MiscCropAEZ16,MiscCropAEZ16,2005,NOx_AWB,1.07377286530665e-07
USA,OilCrop,OilCropAEZ07,OilCropAEZ07,2005,NOx_AWB,6.13887004421326e-05
USA,OilCrop,OilCropAEZ08,OilCropAEZ08,2005,NOx_AWB,0.000315859209042515
USA,OilCrop,OilCropAEZ09,OilCropAEZ09,2005,NOx_AWB,0.000419681555934586
USA,OilCrop,OilCropAEZ10,OilCropAEZ10,2005,NOx_AWB,0.00184533138234597
USA,OilCrop,OilCropAEZ11,OilCropAEZ11,2005,NOx_AWB,0.00129403970589167
USA,OilCrop,OilCropAEZ12,OilCropAEZ12,2005,NOx_AWB,0.000299348490856173
USA,OilCrop,OilCropAEZ13,OilCropAEZ13,2005,NOx_AWB,7.13963357650653e-07
USA,OilCrop,OilCropAEZ14,OilCropAEZ14,2005,NOx_AWB,2.79253493600837e-08
USA,OilCrop,OilCropAEZ15,OilCropAEZ15,2005,NOx_AWB,1.49355917481426e-08
USA,OilCrop,OilCropAEZ16,OilCropAEZ16,2005,NOx_AWB,0
USA,OtherGrain,OtherGrainAEZ07,OtherGrainAEZ07,2005,NOx_AWB,0.000269051267725081
USA,OtherGrain,OtherGrainAEZ08,OtherGrainAEZ08,2005,NOx_AWB,0.000182436777317219
USA,OtherGrain,OtherGrainAEZ09,OtherGrainAEZ09,2005,NOx_AWB,0.000105748665421656
USA,OtherGrain,OtherGrainAEZ10,OtherGrainAEZ10,2005,NOx_AWB,0.000198400268049801
USA,OtherGrain,OtherGrainAEZ11,OtherGrainAEZ11,2005,NOx_AWB,0.000101601315416847
USA,OtherGrain,OtherGrainAEZ12,OtherGrainAEZ12,2005,NOx_AWB,2.58119733994483e-05
USA,OtherGrain,OtherGrainAEZ13,OtherGrainAEZ13,2005,NOx_AWB,4.90993518630839e-06
USA,OtherGrain,OtherGrainAEZ14,OtherGrainAEZ14,2005,NOx_AWB,4.7768614114798e-06
USA,OtherGrain,OtherGrainAEZ15,OtherGrainAEZ15,2005,NOx_AWB,3.37985284146297e-07
USA,OtherGrain,OtherGrainAEZ16,OtherGrainAEZ16,2005,NOx_AWB,0
USA,PalmFruit,PalmFruitAEZ07,PalmFruitAEZ07,2005,NOx_AWB,0
USA,PalmFruit,PalmFruitAEZ08,PalmFruitAEZ08,2005,NOx_AWB,0
USA,PalmFruit,PalmFruitAEZ09,PalmFruitAEZ09,2005,NOx_AWB,0
USA,PalmFruit,PalmFruitAEZ10,PalmFruitAEZ10,2005,NOx_AWB,0
USA,PalmFruit,PalmFruitAEZ11,PalmFruitAEZ11,2005,NOx_AWB,0
USA,PalmFruit,PalmFruitAEZ12,PalmFruitAEZ12,2005,NOx_AWB,0
USA,PalmFruit,PalmFruitAEZ13,PalmFruitAEZ13,2005,NOx_AWB,0
USA,PalmFruit,PalmFruitAEZ14,PalmFruitAEZ14,2005,NOx_AWB,0
USA,PalmFruit,PalmFruitAEZ15,PalmFruitAEZ15,2005,NOx_AWB,0
USA,PalmFruit,PalmFruitAEZ16,PalmFruitAEZ16,2005,NOx_AWB,0
USA,Rice,RiceAEZ07,RiceAEZ07,2005,NOx_AWB,0
USA,Rice,RiceAEZ08,RiceAEZ08,2005,NOx_AWB,1.78843964006136e-07
USA,Rice,RiceAEZ09,RiceAEZ09,2005,NOx_AWB,1.60499368997907e-05
USA,Rice,RiceAEZ10,RiceAEZ10,2005,NOx_AWB,0.000107648935797269
USA,Rice,RiceAEZ11,RiceAEZ11,2005,NOx_AWB,0.000212263073814216
USA,Rice,RiceAEZ12,RiceAEZ12,2005,NOx_AWB,0.000147329992665921
USA,Rice,RiceAEZ13,RiceAEZ13,2005,NOx_AWB,0
USA,Rice,RiceAEZ14,RiceAEZ14,2005,NOx_AWB,3.48159356159487e-08
USA,Rice,RiceAEZ15,RiceAEZ15,2005,NOx_AWB,0
USA,Rice,RiceAEZ16,RiceAEZ16,2005,NOx_AWB,0
USA,Root_Tuber,Root_TuberAEZ07,Root_TuberAEZ07,2005,NOx_AWB,0.000536052515721893
USA,Root_Tuber,Root_TuberAEZ08,Root_TuberAEZ08,2005,NOx_AWB,0.000180295711124033
USA,Root_Tuber,Root_TuberAEZ09,Root_TuberAEZ09,2005,NOx_AWB,8.25583450374972e-05
USA,Root_Tuber,Root_TuberAEZ10,Root_TuberAEZ10,2005,NOx_AWB,0.00017216284002731
USA,Root_Tuber,Root_TuberAEZ11,Root_TuberAEZ11,2005,NOx_AWB,3.09372314031003e-05
USA,Root_Tuber,Root_TuberAEZ12,Root_TuberAEZ12,2005,NOx_AWB,5.34676752682421e-05
USA,Root_Tuber,Root_TuberAEZ13,Root_TuberAEZ13,2005,NOx_AWB,5.20988970728977e-06
USA,Root_Tuber,Root_TuberAEZ14,Root_TuberAEZ14,2005,NOx_AWB,2.60373883739291e-06
USA,Root_Tuber,Root_TuberAEZ15,Root_TuberAEZ15,2005,NOx_AWB,6.95971878758885e-07
USA,Root_Tuber,Root_TuberAEZ16,Root_TuberAEZ16,2005,NOx_AWB,3.18539042559753e-07
USA,SugarCrop,SugarCropAEZ07,SugarCropAEZ07,2005,NOx_AWB,0.000483576905094481
USA,SugarCrop,SugarCropAEZ08,SugarCropAEZ08,2005,NOx_AWB,0.000156428602545332
USA,SugarCrop,SugarCropAEZ09,SugarCropAEZ09,2005,NOx_AWB,0.000488644368958652
USA,SugarCrop,SugarCropAEZ10,SugarCropAEZ10,2005,NOx_AWB,0.000743984856472508
USA,SugarCrop,SugarCropAEZ11,SugarCropAEZ11,2005,NOx_AWB,0.000104222311448905
USA,SugarCrop,SugarCropAEZ12,SugarCropAEZ12,2005,NOx_AWB,0.00106185899628118
USA,SugarCrop,SugarCropAEZ13,SugarCropAEZ13,2005,NOx_AWB,1.89924216244702e-05
USA,SugarCrop,SugarCropAEZ14,SugarCropAEZ14,2005,NOx_AWB,2.95261265539648e-06
USA,SugarCrop,SugarCropAEZ15,SugarCropAEZ15,2005,NOx_AWB,0
USA,SugarCrop,SugarCropAEZ16,SugarCropAEZ16,2005,NOx_AWB,0
USA,Wheat,WheatAEZ07,WheatAEZ07,2005,NOx_AWB,0.000912168702810406
USA,Wheat,WheatAEZ08,WheatAEZ08,2005,NOx_AWB,0.000749530879609359
USA,Wheat,WheatAEZ09,WheatAEZ09,2005,NOx_AWB,0.000303762027668044
USA,Wheat,WheatAEZ10,WheatAEZ10,2005,NOx_AWB,0.000448408269031487
USA,Wheat,WheatAEZ11,WheatAEZ11,2005,NOx_AWB,0.000325587266278739
USA,Wheat,WheatAEZ12,WheatAEZ12,2005,NOx_AWB,0.000101280797679871
USA,Wheat,WheatAEZ13,WheatAEZ13,2005,NOx_AWB,4.70949006655456e-05
USA,Wheat,WheatAEZ14,WheatAEZ14,2005,NOx_AWB,7.35140254116075e-06
USA,Wheat,WheatAEZ15,WheatAEZ15,2005,NOx_AWB,1.1642484270128e-06
USA,Wheat,WheatAEZ16,WheatAEZ16,2005,NOx_AWB,2.75658355179905e-08
USA,Corn,CornAEZ07,CornAEZ07,2005,SO2_AWB,0.000148684336120518
USA,Corn,CornAEZ08,CornAEZ08,2005,SO2_AWB,0.00013654648938683
USA,Corn,CornAEZ09,CornAEZ09,2005,SO2_AWB,0.000196848670440389
USA,Corn,CornAEZ10,CornAEZ10,2005,SO2_AWB,0.000965024803480046
USA,Corn,CornAEZ11,CornAEZ11,2005,SO2_AWB,0.000447981016697107
USA,Corn,CornAEZ12,CornAEZ12,2005,SO2_AWB,6.05686851155663e-05
USA,Corn,CornAEZ13,CornAEZ13,2005,SO2_AWB,9.12452485211683e-08
USA,Corn,CornAEZ14,CornAEZ14,2005,SO2_AWB,3.06635678934947e-09
USA,Corn,CornAEZ15,CornAEZ15,2005,SO2_AWB,0
USA,Corn,CornAEZ16,CornAEZ16,2005,SO2_AWB,0
USA,FiberCrop,FiberCropAEZ07,FiberCropAEZ07,2005,SO2_AWB,2.34288416392586e-05
USA,FiberCrop,FiberCropAEZ08,FiberCropAEZ08,2005,SO2_AWB,5.57703756881819e-06
USA,FiberCrop,FiberCropAEZ09,FiberCropAEZ09,2005,SO2_AWB,4.89147946567872e-06
USA,FiberCrop,FiberCropAEZ10,FiberCropAEZ10,2005,SO2_AWB,1.35904998405787e-06
USA,FiberCrop,FiberCropAEZ11,FiberCropAEZ11,2005,SO2_AWB,1.29553529465762e-05
USA,FiberCrop,FiberCropAEZ12,FiberCropAEZ12,2005,SO2_AWB,2.85170489169063e-05
USA,FiberCrop,FiberCropAEZ13,FiberCropAEZ13,2005,SO2_AWB,3.54806249786197e-08
USA,FiberCrop,FiberCropAEZ14,FiberCropAEZ14,2005,SO2_AWB,0
USA,FiberCrop,FiberCropAEZ15,FiberCropAEZ15,2005,SO2_AWB,0
USA,FiberCrop,FiberCropAEZ16,FiberCropAEZ16,2005,SO2_AWB,0
USA,FodderGrass,FodderGrassAEZ07,FodderGrassAEZ07,2005,SO2_AWB,0.00011911016360176
USA,FodderGrass,FodderGrassAEZ08,FodderGrassAEZ08,2005,SO2_AWB,0.000123531009082768
USA,FodderGrass,FodderGrassAEZ09,FodderGrassAEZ09,2005,SO2_AWB,5.07267041746462e-05
USA,FodderGrass,FodderGrassAEZ10,FodderGrassAEZ10,2005,SO2_AWB,0.000526074886232049
USA,FodderGrass,FodderGrassAEZ11,FodderGrassAEZ11,2005,SO2_AWB,0.000404992732525019
USA,FodderGrass,FodderGrassAEZ12,FodderGrassAEZ12,2005,SO2_AWB,0.000145111333703168
USA,FodderGrass,FodderGrassAEZ13,FodderGrassAEZ13,2005,SO2_AWB,8.33095456684762e-06
USA,FodderGrass,FodderGrassAEZ14,FodderGrassAEZ14,2005,SO2_AWB,2.12959982031149e-06
USA,FodderGrass,FodderGrassAEZ15,FodderGrassAEZ15,2005,SO2_AWB,8.3681025942856e-07
USA,FodderGrass,FodderGrassAEZ16,FodderGrassAEZ16,2005,SO2_AWB,1.13354384357854e-07
USA,FodderHerb,FodderHerbAEZ07,FodderHerbAEZ07,2005,SO2_AWB,0.000304524949083376
USA,FodderHerb,FodderHerbAEZ08,FodderHerbAEZ08,2005,SO2_AWB,0.000359560474522518
USA,FodderHerb,FodderHerbAEZ09,FodderHerbAEZ09,2005,SO2_AWB,8.56681950555137e-05
USA,FodderHerb,FodderHerbAEZ10,FodderHerbAEZ10,2005,SO2_AWB,0.000362834003245523
USA,FodderHerb,FodderHerbAEZ11,FodderHerbAEZ11,2005,SO2_AWB,9.91628302933726e-05
USA,FodderHerb,FodderHerbAEZ12,FodderHerbAEZ12,2005,SO2_AWB,7.72855335597073e-06
USA,FodderHerb,FodderHerbAEZ13,FodderHerbAEZ13,2005,SO2_AWB,1.32736654003124e-05
USA,FodderHerb,FodderHerbAEZ14,FodderHerbAEZ14,2005,SO2_AWB,3.65926851955944e-06
USA,FodderHerb,FodderHerbAEZ15,FodderHerbAEZ15,2005,SO2_AWB,2.88580525408817e-07
USA,FodderHerb,FodderHerbAEZ16,FodderHerbAEZ16,2005,SO2_AWB,2.67326445967596e-08
USA,MiscCrop,MiscCropAEZ07,MiscCropAEZ07,2005,SO2_AWB,5.23205574196287e-05
USA,MiscCrop,MiscCropAEZ08,MiscCropAEZ08,2005,SO2_AWB,6.01839516328185e-05
USA,MiscCrop,MiscCropAEZ09,MiscCropAEZ09,2005,SO2_AWB,8.99121626974791e-05
USA,MiscCrop,MiscCropAEZ10,MiscCropAEZ10,2005,SO2_AWB,0.000122311036000966
USA,MiscCrop,MiscCropAEZ11,MiscCropAEZ11,2005,SO2_AWB,2.86908722748887e-05
USA,MiscCrop,MiscCropAEZ12,MiscCropAEZ12,2005,SO2_AWB,8.21311830264455e-05
USA,MiscCrop,MiscCropAEZ13,MiscCropAEZ13,2005,SO2_AWB,7.82833010736443e-07
USA,MiscCrop,MiscCropAEZ14,MiscCropAEZ14,2005,SO2_AWB,2.59349717406848e-07
USA,MiscCrop,MiscCropAEZ15,MiscCropAEZ15,2005,SO2_AWB,1.42877407009477e-07
USA,MiscCrop,MiscCropAEZ16,MiscCropAEZ16,2005,SO2_AWB,1.41563160164449e-08
USA,OilCrop,OilCropAEZ07,OilCropAEZ07,2005,SO2_AWB,8.09331164323584e-06
USA,OilCrop,OilCropAEZ08,OilCropAEZ08,2005,SO2_AWB,4.16419796437418e-05
USA,OilCrop,OilCropAEZ09,OilCropAEZ09,2005,SO2_AWB,5.5329622530428e-05
USA,OilCrop,OilCropAEZ10,OilCropAEZ10,2005,SO2_AWB,0.000243283240316307
USA,OilCrop,OilCropAEZ11,OilCropAEZ11,2005,SO2_AWB,0.000170602513867757
USA,OilCrop,OilCropAEZ12,OilCropAEZ12,2005,SO2_AWB,3.94652535235713e-05
USA,OilCrop,OilCropAEZ13,OilCropAEZ13,2005,SO2_AWB,9.41268981702041e-08
USA,OilCrop,OilCropAEZ14,OilCropAEZ14,2005,SO2_AWB,3.68159862465957e-09
USA,OilCrop,OilCropAEZ15,OilCropAEZ15,2005,SO2_AWB,1.96906593107969e-09
USA,OilCrop,OilCropAEZ16,OilCropAEZ16,2005,SO2_AWB,0
USA,OtherGrain,OtherGrainAEZ07,OtherGrainAEZ07,2005,SO2_AWB,3.54709538078489e-05
USA,OtherGrain,OtherGrainAEZ08,OtherGrainAEZ08,2005,SO2_AWB,2.40519457714811e-05
USA,OtherGrain,OtherGrainAEZ09,OtherGrainAEZ09,2005,SO2_AWB,1.39416032421227e-05
USA,OtherGrain,OtherGrainAEZ10,OtherGrainAEZ10,2005,SO2_AWB,2.61565269807622e-05
USA,OtherGrain,OtherGrainAEZ11,OtherGrainAEZ11,2005,SO2_AWB,1.33948284148216e-05
USA,OtherGrain,OtherGrainAEZ12,OtherGrainAEZ12,2005,SO2_AWB,3.40297714960704e-06
USA,OtherGrain,OtherGrainAEZ13,OtherGrainAEZ13,2005,SO2_AWB,6.47311888420594e-07
USA,OtherGrain,OtherGrainAEZ14,OtherGrainAEZ14,2005,SO2_AWB,6.29767820481824e-07
USA,OtherGrain,OtherGrainAEZ15,OtherGrainAEZ15,2005,SO2_AWB,4.45590184467597e-08
USA,OtherGrain,OtherGrainAEZ16,OtherGrainAEZ16,2005,SO2_AWB,0
USA,PalmFruit,PalmFruitAEZ07,PalmFruitAEZ07,2005,SO2_AWB,0
USA,PalmFruit,PalmFruitAEZ08,PalmFruitAEZ08,2005,SO2_AWB,0
USA,PalmFruit,PalmFruitAEZ09,PalmFruitAEZ09,2005,SO2_AWB,0
USA,PalmFruit,PalmFruitAEZ10,PalmFruitAEZ10,2005,SO2_AWB,0
USA,PalmFruit,PalmFruitAEZ11,PalmFruitAEZ11,2005,SO2_AWB,0
USA,PalmFruit,PalmFruitAEZ12,PalmFruitAEZ12,2005,SO2_AWB,0
USA,PalmFruit,PalmFruitAEZ13,PalmFruitAEZ13,2005,SO2_AWB,0
USA,PalmFruit,PalmFruitAEZ14,PalmFruitAEZ14,2005,SO2_AWB,0
USA,PalmFruit,PalmFruitAEZ15,PalmFruitAEZ15,2005,SO2_AWB,0
USA,PalmFruit,PalmFruitAEZ16,PalmFruitAEZ16,2005,SO2_AWB,0
USA,Rice,RiceAEZ07,RiceAEZ07,2005,SO2_AWB,0
USA,Rice,RiceAEZ08,RiceAEZ08,2005,SO2_AWB,2.3578279484475e-08
USA,Rice,RiceAEZ09,RiceAEZ09,2005,SO2_AWB,2.11597802606561e-06
USA,Rice,RiceAEZ10,RiceAEZ10,2005,SO2_AWB,1.41921294830348e-05
USA,Rice,RiceAEZ11,RiceAEZ11,2005,SO2_AWB,2.79841598593375e-05
USA,Rice,RiceAEZ12,RiceAEZ12,2005,SO2_AWB,1.94235671459593e-05
USA,Rice,RiceAEZ13,RiceAEZ13,2005,SO2_AWB,0
USA,Rice,RiceAEZ14,RiceAEZ14,2005,SO2_AWB,4.59003391603509e-09
USA,Rice,RiceAEZ15,RiceAEZ15,2005,SO2_AWB,0
USA,Rice,RiceAEZ16,RiceAEZ16,2005,SO2_AWB,0
USA,Root_Tuber,Root_TuberAEZ07,Root_TuberAEZ07,2005,SO2_AWB,7.06716388461006e-05
USA,Root_Tuber,Root_TuberAEZ08,Root_TuberAEZ08,2005,SO2_AWB,2.37696736949353e-05
USA,Root_Tuber,Root_TuberAEZ09,Root_TuberAEZ09,2005,SO2_AWB,1.08842573686358e-05
USA,Root_Tuber,Root_TuberAEZ10,Root_TuberAEZ10,2005,SO2_AWB,2.26974591038789e-05
USA,Root_Tuber,Root_TuberAEZ11,Root_TuberAEZ11,2005,SO2_AWB,4.0786765857703e-06
USA,Root_Tuber,Root_TuberAEZ12,Root_TuberAEZ12,2005,SO2_AWB,7.04902621603995e-06
USA,Root_Tuber,Root_TuberAEZ13,Root_TuberAEZ13,2005,SO2_AWB,6.86857039231992e-07
USA,Root_Tuber,Root_TuberAEZ14,Root_TuberAEZ14,2005,SO2_AWB,3.43269521863905e-07
USA,Root_Tuber,Root_TuberAEZ15,Root_TuberAEZ15,2005,SO2_AWB,9.1754952770724e-08
USA,Root_Tuber,Root_TuberAEZ16,Root_TuberAEZ16,2005,SO2_AWB,4.19952812717416e-08
USA,SugarCrop,SugarCropAEZ07,SugarCropAEZ07,2005,SO2_AWB,6.37534036103331e-05
USA,SugarCrop,SugarCropAEZ08,SugarCropAEZ08,2005,SO2_AWB,2.06231019910358e-05
USA,SugarCrop,SugarCropAEZ09,SugarCropAEZ09,2005,SO2_AWB,6.44214836315453e-05
USA,SugarCrop,SugarCropAEZ10,SugarCropAEZ10,2005,SO2_AWB,9.80848471773075e-05
USA,SugarCrop,SugarCropAEZ11,SugarCropAEZ11,2005,SO2_AWB,1.37403730761411e-05
USA,SugarCrop,SugarCropAEZ12,SugarCropAEZ12,2005,SO2_AWB,0.000139992469561694
USA,SugarCrop,SugarCropAEZ13,SugarCropAEZ13,2005,SO2_AWB,2.50390684213071e-06
USA,SugarCrop,SugarCropAEZ14,SugarCropAEZ14,2005,SO2_AWB,3.8926405364146e-07
USA,SugarCrop,SugarCropAEZ15,SugarCropAEZ15,2005,SO2_AWB,0
USA,SugarCrop,SugarCropAEZ16,SugarCropAEZ16,2005,SO2_AWB,0
USA,Wheat,WheatAEZ07,WheatAEZ07,2005,SO2_AWB,0.00012025772707161
USA,Wheat,WheatAEZ08,WheatAEZ08,2005,SO2_AWB,9.88160190917455e-05
USA,Wheat,WheatAEZ09,WheatAEZ09,2005,SO2_AWB,4.00471216623348e-05
USA,Wheat,WheatAEZ10,WheatAEZ10,2005,SO2_AWB,5.91168706706326e-05
USA,Wheat,WheatAEZ11,WheatAEZ11,2005,SO2_AWB,4.29244990378478e-05
USA,Wheat,WheatAEZ12,WheatAEZ12,2005,SO2_AWB,1.33525722681065e-05
USA,Wheat,WheatAEZ13,WheatAEZ13,2005,SO2_AWB,6.20885774007849e-06
USA,Wheat,WheatAEZ14,WheatAEZ14,2005,SO2_AWB,9.69187999615241e-07
USA,Wheat,WheatAEZ15,WheatAEZ15,2005,SO2_AWB,1.53491200857784e-07
USA,Wheat,WheatAEZ16,WheatAEZ16,2005,SO2_AWB,3.63420134237209e-09
Africa_Eastern,Corn,CornAEZ01,CornAEZ01,2005,CH4_AWB,0.000116885611688207
Africa_Eastern,Corn,CornAEZ02,CornAEZ02,2005,CH4_AWB,0.000266753811252097
Africa_Eastern,Corn,CornAEZ03,CornAEZ03,2005,CH4_AWB,0.000154858249810798
Africa_Eastern,Corn,CornAEZ04,CornAEZ04,2005,CH4_AWB,0.000136308235621822
Africa_Eastern,Corn,CornAEZ05,CornAEZ05,2005,CH4_AWB,0.000257387113169093
Africa_Eastern,Corn,CornAEZ06,CornAEZ06,2005,CH4_AWB,0.000170772096568156
Africa_Eastern,Corn,CornAEZ07,CornAEZ07,2005,CH4_AWB,9.00426111941036e-08
Africa_Eastern,Corn,CornAEZ08,CornAEZ08,2005,CH4_AWB,6.13670272126769e-06
Africa_Eastern,Corn,CornAEZ09,CornAEZ09,2005,CH4_AWB,4.26499087727202e-05
Africa_Eastern,Corn,CornAEZ10,CornAEZ10,2005,CH4_AWB,6.40388408038761e-05
Africa_Eastern,Corn,CornAEZ11,CornAEZ11,2005,CH4_AWB,6.07620727356383e-05
Africa_Eastern,Corn,CornAEZ12,CornAEZ12,2005,CH4_AWB,1.39308488394356e-06
Africa_Eastern,FiberCrop,FiberCropAEZ01,FiberCropAEZ01,2005,CH4_AWB,7.0879182040111e-06
Africa_Eastern,FiberCrop,FiberCropAEZ02,FiberCropAEZ02,2005,CH4_AWB,2.2984698671506e-05
Africa_Eastern,FiberCrop,FiberCropAEZ03,FiberCropAEZ03,2005,CH4_AWB,1.13890381220357e-05
Africa_Eastern,FiberCrop,FiberCropAEZ04,FiberCropAEZ04,2005,CH4_AWB,1.20344541558708e-05
Africa_Eastern,FiberCrop,FiberCropAEZ05,FiberCropAEZ05,2005,CH4_AWB,1.06084369466018e-05
Africa_Eastern,FiberCrop,FiberCropAEZ06,FiberCropAEZ06,2005,CH4_AWB,9.69165844504368e-06
Africa_Eastern,FiberCrop,FiberCropAEZ07,FiberCropAEZ07,2005,CH4_AWB,8.38395924044009e-07
Africa_Eastern,FiberCrop,FiberCropAEZ08,FiberCropAEZ08,2005,CH4_AWB,9.490244986368e-07
Africa_Eastern,FiberCrop,FiberCropAEZ09,FiberCropAEZ09,2005,CH4_AWB,5.0006100084992e-07
Africa_Eastern,FiberCrop,FiberCropAEZ10,FiberCropAEZ10,2005,CH4_AWB,1.22509984285603e-06
Africa_Eastern,FiberCrop,FiberCropAEZ11,FiberCropAEZ11,2005,CH4_AWB,1.75542247173357e-06
Africa_Eastern,FiberCrop,FiberCropAEZ12,FiberCropAEZ12,2005,CH4_AWB,1.19558235322252e-07
Africa_Eastern,FodderGrass,FodderGrassAEZ01,FodderGrassAEZ01,2005,CH4_AWB,2.95761020907827e-05
Africa_Eastern,FodderGrass,FodderGrassAEZ02,FodderGrassAEZ02,2005,CH4_AWB,9.74167908682447e-05
Africa_Eastern,FodderGrass,FodderGrassAEZ03,FodderGrassAEZ03,2005,CH4_AWB,3.86291004424244e-05
Africa_Eastern,FodderGrass,FodderGrassAEZ04,FodderGrassAEZ04,2005,CH4_AWB,4.32030408115303e-05
Africa_Eastern,FodderGrass,FodderGrassAEZ05,FodderGrassAEZ05,2005,CH4_AWB,6.68246202845817e-06
Africa_Eastern,FodderGrass,FodderGrassAEZ06,FodderGrassAEZ06,2005,CH4_AWB,0
Africa_Eastern,FodderGrass,FodderGrassAEZ07,FodderGrassAEZ07,2005,CH4_AWB,4.27775934130335e-06
Africa_Eastern,FodderGrass,FodderGrassAEZ08,FodderGrassAEZ08,2005,CH4_AWB,3.80378264875827e-06
Africa_Eastern,FodderGrass,FodderGrassAEZ09,FodderGrassAEZ09,2005,CH4_AWB,0
Africa_Eastern,FodderGrass,FodderGrassAEZ10,FodderGrassAEZ10,2005,CH4_AWB,0
Africa_Eastern,FodderGrass,FodderGrassAEZ11,FodderGrassAEZ11,2005,CH4_AWB,0
Africa_Eastern,FodderGrass,FodderGrassAEZ12,FodderGrassAEZ12,2005,CH4_AWB,0
Africa_Eastern,FodderHerb,FodderHerbAEZ01,FodderHerbAEZ01,2005,CH4_AWB,4.95125568643724e-07
Africa_Eastern,FodderHerb,FodderHerbAEZ02,FodderHerbAEZ02,2005,CH4_AWB,3.26101837362408e-06
Africa_Eastern,FodderHerb,FodderHerbAEZ03,FodderHerbAEZ03,2005,CH4_AWB,1.3758064885774e-06
Africa_Eastern,FodderHerb,FodderHerbAEZ04,FodderHerbAEZ04,2005,CH4_AWB,4.36880347839878e-06
Africa_Eastern,FodderHerb,FodderHerbAEZ05,FodderHerbAEZ05,2005,CH4_AWB,9.14238515323732e-06
Africa_Eastern,FodderHerb,FodderHerbAEZ06,FodderHerbAEZ06,2005,CH4_AWB,9.39173291603734e-08
Africa_Eastern,FodderHerb,FodderHerbAEZ07,FodderHerbAEZ07,2005,CH4_AWB,0
Africa_Eastern,FodderHerb,FodderHerbAEZ08,FodderHerbAEZ08,2005,CH4_AWB,4.11918110352516e-07
Africa_Eastern,FodderHerb,FodderHerbAEZ09,FodderHerbAEZ09,2005,CH4_AWB,2.53192331830013e-07
Africa_Eastern,FodderHerb,FodderHerbAEZ10,FodderHerbAEZ10,2005,CH4_AWB,1.73197834799554e-06
Africa_Eastern,FodderHerb,FodderHerbAEZ11,FodderHerbAEZ11,2005,CH4_AWB,1.33186855680647e-06
Africa_Eastern,FodderHerb,FodderHerbAEZ12,FodderHerbAEZ12,2005,CH4_AWB,1.25772329694302e-07
Africa_Eastern,MiscCrop,MiscCropAEZ01,MiscCropAEZ01,2005,CH4_AWB,0.000189357811847331
Africa_Eastern,MiscCrop,MiscCropAEZ02,MiscCropAEZ02,2005,CH4_AWB,0.000368630913569397
Africa_Eastern,MiscCrop,MiscCropAEZ03,MiscCropAEZ03,2005,CH4_AWB,0.000423542082738255
Africa_Eastern,MiscCrop,MiscCropAEZ04,MiscCropAEZ04,2005,CH4_AWB,0.000485319740571867
Africa_Eastern,MiscCrop,MiscCropAEZ05,MiscCropAEZ05,2005,CH4_AWB,0.00207210107648666
Africa_Eastern,MiscCrop,MiscCropAEZ06,MiscCropAEZ06,2005,CH4_AWB,0.00164272526456004
Africa_Eastern,MiscCrop,MiscCropAEZ07,MiscCropAEZ07,2005,CH4_AWB,3.56730565806732e-06
Africa_Eastern,MiscCrop,MiscCropAEZ08,MiscCropAEZ08,2005,CH4_AWB,6.8784829678915e-06
Africa_Eastern,MiscCrop,MiscCropAEZ09,MiscCropAEZ09,2005,CH4_AWB,1.62065524702487e-05
Africa_Eastern,MiscCrop,MiscCropAEZ10,MiscCropAEZ10,2005,CH4_AWB,3.38319310491067e-05
Africa_Eastern,MiscCrop,MiscCropAEZ11,MiscCropAEZ11,2005,CH4_AWB,4.7842276638664e-05
Africa_Eastern,MiscCrop,MiscCropAEZ12,MiscCropAEZ12,2005,CH4_AWB,5.97191355576849e-06
Africa_Eastern,OilCrop,OilCropAEZ01,OilCropAEZ01,2005,CH4_AWB,3.43317615987079e-05
Africa_Eastern,OilCrop,OilCropAEZ02,OilCropAEZ02,2005,CH4_AWB,0.000106104623583402
Africa_Eastern,OilCrop,OilCropAEZ03,OilCropAEZ03,2005,CH4_AWB,5.28252909465138e-05
Africa_Eastern,OilCrop,OilCropAEZ04,OilCropAEZ04,2005,CH4_AWB,7.5749557500209e-05
Africa_Eastern,OilCrop,OilCropAEZ05,OilCropAEZ05,2005,CH4_AWB,7.14420083373122e-05
Africa_Eastern,OilCrop,OilCropAEZ06,OilCropAEZ06,2005,CH4_AWB,2.46444635795708e-05
Africa_Eastern,OilCrop,OilCropAEZ07,OilCropAEZ07,2005,CH4_AWB,3.80370805088749e-06
Africa_Eastern,OilCrop,OilCropAEZ08,OilCropAEZ08,2005,CH4_AWB,4.37468765441307e-06
Africa_Eastern,OilCrop,OilCropAEZ09,OilCropAEZ09,2005,CH4_AWB,5.33277207388819e-07
Africa_Eastern,OilCrop,OilCropAEZ10,OilCropAEZ10,2005,CH4_AWB,4.02306744659224e-06
Africa_Eastern,OilCrop,OilCropAEZ11,OilCropAEZ11,2005,CH4_AWB,3.03957927357045e-06
Africa_Eastern,OilCrop,OilCropAEZ12,OilCropAEZ12,2005,CH4_AWB,5.69769900975727e-07
Africa_Eastern,OtherGrain,OtherGrainAEZ01,OtherGrainAEZ01,2005,CH4_AWB,9.4748790700534e-05
Africa_Eastern,OtherGrain,OtherGrainAEZ02,OtherGrainAEZ02,2005,CH4_AWB,0.00039035071746952
Africa_Eastern,OtherGrain,OtherGrainAEZ03,OtherGrainAEZ03,2005,CH4_AWB,0.000202726981001445
Africa_Eastern,OtherGrain,OtherGrainAEZ04,OtherGrainAEZ04,2005,CH4_AWB,0.000333400988105022
Africa_Eastern,OtherGrain,OtherGrainAEZ05,OtherGrainAEZ05,2005,CH4_AWB,0.000526149761829981
Africa_Eastern,OtherGrain,OtherGrainAEZ06,OtherGrainAEZ06,2005,CH4_AWB,0.00015573540870468
Africa_Eastern,OtherGrain,OtherGrainAEZ07,OtherGrainAEZ07,2005,CH4_AWB,0
Africa_Eastern,OtherGrain,OtherGrainAEZ08,OtherGrainAEZ08,2005,CH4_AWB,2.94629321727595e-05
Africa_Eastern,OtherGrain,OtherGrainAEZ09,OtherGrainAEZ09,2005,CH4_AWB,6.4363888759329e-05
Africa_Eastern,OtherGrain,OtherGrainAEZ10,OtherGrainAEZ10,2005,CH4_AWB,9.55440023695953e-05
Africa_Eastern,OtherGrain,OtherGrainAEZ11,OtherGrainAEZ11,2005,CH4_AWB,0.00011516500071856
Africa_Eastern,OtherGrain,OtherGrainAEZ12,OtherGrainAEZ12,2005,CH4_AWB,2.55361497642124e-05
Africa_Eastern,PalmFruit,PalmFruitAEZ01,PalmFruitAEZ01,2005,CH4_AWB,2.31342671098424e-07
Africa_Eastern,PalmFruit,PalmFruitAEZ02,PalmFruitAEZ02,2005,CH4_AWB,1.23584100539784e-06
Africa_Eastern,PalmFruit,PalmFruitAEZ03,PalmFruitAEZ03,2005,CH4_AWB,6.48363506937458e-06
Africa_Eastern,PalmFruit,PalmFruitAEZ04,PalmFruitAEZ04,2005,CH4_AWB,5.75517746795239e-06
Africa_Eastern,PalmFruit,PalmFruitAEZ05,PalmFruitAEZ05,2005,CH4_AWB,1.19005569346766e-05
Africa_Eastern,PalmFruit,PalmFruitAEZ06,PalmFruitAEZ06,2005,CH4_AWB,2.03098328277111e-05
Africa_Eastern,PalmFruit,PalmFruitAEZ07,PalmFruitAEZ07,2005,CH4_AWB,0
Africa_Eastern,PalmFruit,PalmFruitAEZ08,PalmFruitAEZ08,2005,CH4_AWB,0
Africa_Eastern,PalmFruit,PalmFruitAEZ09,PalmFruitAEZ09,2005,CH4_AWB,0
Africa_Eastern,PalmFruit,PalmFruitAEZ10,PalmFruitAEZ10,2005,CH4_AWB,0
Africa_Eastern,PalmFruit,PalmFruitAEZ11,PalmFruitAEZ11,2005,CH4_AWB,0
Africa_Eastern,PalmFruit,PalmFruitAEZ12,PalmFruitAEZ12,2005,CH4_AWB,0
Africa_Eastern,Rice,RiceAEZ01,RiceAEZ01,2005,CH4_AWB,1.70672617694465e-08
Africa_Eastern,Rice,RiceAEZ02,RiceAEZ02,2005,CH4_AWB,3.94931761382865e-06
Africa_Eastern,Rice,RiceAEZ03,RiceAEZ03,2005,CH4_AWB,5.78166351335852e-05
Africa_Eastern,Rice,RiceAEZ04,RiceAEZ04,2005,CH4_AWB,0.000103956925235805
Africa_Eastern,Rice,RiceAEZ05,RiceAEZ05,2005,CH4_AWB,0.00010136527322602
Africa_Eastern,Rice,RiceAEZ06,RiceAEZ06,2005,CH4_AWB,0.000279230222068615
Africa_Eastern,Rice,RiceAEZ07,RiceAEZ07,2005,CH4_AWB,0
Africa_Eastern,Rice,RiceAEZ08,RiceAEZ08,2005,CH4_AWB,0
Africa_Eastern,Rice,RiceAEZ09,RiceAEZ09,2005,CH4_AWB,0
Africa_Eastern,Rice,RiceAEZ10,RiceAEZ10,2005,CH4_AWB,1.05153036348305e-05
Africa_Eastern,Rice,RiceAEZ11,RiceAEZ11,2005,CH4_AWB,2.86168882271268e-06
Africa_Eastern,Rice,RiceAEZ12,RiceAEZ12,2005,CH4_AWB,0
Africa_Eastern,Root_Tuber,Root_TuberAEZ01,Root_TuberAEZ01,2005,CH4_AWB,0.000120283816522355
Africa_Eastern,Root_Tuber,Root_TuberAEZ02,Root_TuberAEZ02,2005,CH4_AWB,0.000358101150448922
Africa_Eastern,Root_Tuber,Root_TuberAEZ03,Root_TuberAEZ03,2005,CH4_AWB,0.000212442036129222
Africa_Eastern,Root_Tuber,Root_TuberAEZ04,Root_TuberAEZ04,2005,CH4_AWB,0.00031577676006403
Africa_Eastern,Root_Tuber,Root_TuberAEZ05,Root_TuberAEZ05,2005,CH4_AWB,0.00144594650507432
Africa_Eastern,Root_Tuber,Root_TuberAEZ06,Root_TuberAEZ06,2005,CH4_AWB,0.00132466638223966
Africa_Eastern,Root_Tuber,Root_TuberAEZ07,Root_TuberAEZ07,2005,CH4_AWB,2.71075771139252e-07
Africa_Eastern,Root_Tuber,Root_TuberAEZ08,Root_TuberAEZ08,2005,CH4_AWB,1.4011371772663e-05
Africa_Eastern,Root_Tuber,Root_TuberAEZ09,Root_TuberAEZ09,2005,CH4_AWB,4.34240071934511e-05
Africa_Eastern,Root_Tuber,Root_TuberAEZ10,Root_TuberAEZ10,2005,CH4_AWB,0.00010876561044243
Africa_Eastern,Root_Tuber,Root_TuberAEZ11,Root_TuberAEZ11,2005,CH4_AWB,0.000137892770620256
Africa_Eastern,Root_Tuber,Root_TuberAEZ12,Root_TuberAEZ12,2005,CH4_AWB,1.15415195104955e-05
Africa_Eastern,SugarCrop,SugarCropAEZ01,SugarCropAEZ01,2005,CH4_AWB,0.000385547455634143
Africa_Eastern,SugarCrop,SugarCropAEZ02,SugarCropAEZ02,2005,CH4_AWB,0.000927579072094159
Africa_Eastern,SugarCrop,SugarCropAEZ03,SugarCropAEZ03,2005,CH4_AWB,0.000589835489213196
Africa_Eastern,SugarCrop,SugarCropAEZ04,SugarCropAEZ04,2005,CH4_AWB,0.000435167545932885
Africa_Eastern,SugarCrop,SugarCropAEZ05,SugarCropAEZ05,2005,CH4_AWB,0.000713625663747413
Africa_Eastern,SugarCrop,SugarCropAEZ06,SugarCropAEZ06,2005,CH4_AWB,0.000879860088669952
Africa_Eastern,SugarCrop,SugarCropAEZ07,SugarCropAEZ07,2005,CH4_AWB,2.5193082365434e-05
Africa_Eastern,SugarCrop,SugarCropAEZ08,SugarCropAEZ08,2005,CH4_AWB,1.57711950388716e-05
Africa_Eastern,SugarCrop,SugarCropAEZ09,SugarCropAEZ09,2005,CH4_AWB,7.1803949475932e-07
Africa_Eastern,SugarCrop,SugarCropAEZ10,SugarCropAEZ10,2005,CH4_AWB,1.51459126645426e-05
Africa_Eastern,SugarCrop,SugarCropAEZ11,SugarCropAEZ11,2005,CH4_AWB,2.92512063842582e-05
Africa_Eastern,SugarCrop,SugarCropAEZ12,SugarCropAEZ12,2005,CH4_AWB,1.58556702735492e-06
Africa_Eastern,Wheat,WheatAEZ01,WheatAEZ01,2005,CH4_AWB,2.49237083117444e-05
Africa_Eastern,Wheat,WheatAEZ02,WheatAEZ02,2005,CH4_AWB,8.56035533143812e-05
Africa_Eastern,Wheat,WheatAEZ03,WheatAEZ03,2005,CH4_AWB,5.07382759986286e-05
Africa_Eastern,Wheat,WheatAEZ04,WheatAEZ04,2005,CH4_AWB,8.12891915098486e-05
Africa_Eastern,Wheat,WheatAEZ05,WheatAEZ05,2005,CH4_AWB,0.000119683376893015
Africa_Eastern,Wheat,WheatAEZ06,WheatAEZ06,2005,CH4_AWB,2.08804934243291e-05
Africa_Eastern,Wheat,WheatAEZ07,WheatAEZ07,2005,CH4_AWB,0
Africa_Eastern,Wheat,WheatAEZ08,WheatAEZ08,2005,CH4_AWB,3.33554324180247e-06
Africa_Eastern,Wheat,WheatAEZ09,WheatAEZ09,2005,CH4_AWB,1.21423660323521e-05
Africa_Eastern,Wheat,WheatAEZ10,WheatAEZ10,2005,CH4_AWB,2.59813993691321e-05
Africa_Eastern,Wheat,WheatAEZ11,WheatAEZ11,2005,CH4_AWB,5.06121527007201e-05
Africa_Eastern,Wheat,WheatAEZ12,WheatAEZ12,2005,CH4_AWB,1.24756659291302e-05
Africa_Eastern,Corn,CornAEZ01,CornAEZ01,2005,CO_AWB,0.00452905631790052
Africa_Eastern,Corn,CornAEZ02,CornAEZ02,2005,CO_AWB,0.010336114229338
Africa_Eastern,Corn,CornAEZ03,CornAEZ03,2005,CO_AWB,0.00600041121019667
Africa_Eastern,Corn,CornAEZ04,CornAEZ04,2005,CO_AWB,0.00528163960309899
Africa_Eastern,Corn,CornAEZ05,CornAEZ05,2005,CO_AWB,0.0099731756048317
Africa_Eastern,Corn,CornAEZ06,CornAEZ06,2005,CO_AWB,0.00661703721880047
Africa_Eastern,Corn,CornAEZ07,CornAEZ07,2005,CO_AWB,3.48895001890177e-06
Africa_Eastern,Corn,CornAEZ08,CornAEZ08,2005,CO_AWB,0.000237783520395769
Africa_Eastern,Corn,CornAEZ09,CornAEZ09,2005,CO_AWB,0.00165258868046338
Africa_Eastern,Corn,CornAEZ10,CornAEZ10,2005,CO_AWB,0.00248136201149798
Africa_Eastern,Corn,CornAEZ11,CornAEZ11,2005,CO_AWB,0.00235439456950576
Africa_Eastern,Corn,CornAEZ12,CornAEZ12,2005,CO_AWB,5.39789269514758e-05
Africa_Eastern,FiberCrop,FiberCropAEZ01,FiberCropAEZ01,2005,CO_AWB,0.000274640995234467
Africa_Eastern,FiberCrop,FiberCropAEZ02,FiberCropAEZ02,2005,CO_AWB,0.000890605723233998
Africa_Eastern,FiberCrop,FiberCropAEZ03,FiberCropAEZ03,2005,CO_AWB,0.000441299782893809
Africa_Eastern,FiberCrop,FiberCropAEZ04,FiberCropAEZ04,2005,CO_AWB,0.000466308212276138
Africa_Eastern,FiberCrop,FiberCropAEZ05,FiberCropAEZ05,2005,CO_AWB,0.000411053231292658
Africa_Eastern,FiberCrop,FiberCropAEZ06,FiberCropAEZ06,2005,CO_AWB,0.000375530112538973
Africa_Eastern,FiberCrop,FiberCropAEZ07,FiberCropAEZ07,2005,CO_AWB,3.24859689901137e-05
Africa_Eastern,FiberCrop,FiberCropAEZ08,FiberCropAEZ08,2005,CO_AWB,3.67725790994601e-05
Africa_Eastern,FiberCrop,FiberCropAEZ09,FiberCropAEZ09,2005,CO_AWB,1.937624659292e-05
Africa_Eastern,FiberCrop,FiberCropAEZ10,FiberCropAEZ10,2005,CO_AWB,4.7469881905968e-05
Africa_Eastern,FiberCrop,FiberCropAEZ11,FiberCropAEZ11,2005,CO_AWB,6.80186989772293e-05
Africa_Eastern,FiberCrop,FiberCropAEZ12,FiberCropAEZ12,2005,CO_AWB,4.63261451279137e-06
Africa_Eastern,FodderGrass,FodderGrassAEZ01,FodderGrassAEZ01,2005,CO_AWB,0.0011460078798274
Africa_Eastern,FodderGrass,FodderGrassAEZ02,FodderGrassAEZ02,2005,CO_AWB,0.00377468300656489
Africa_Eastern,FodderGrass,FodderGrassAEZ03,FodderGrassAEZ03,2005,CO_AWB,0.00149679134058232
Africa_Eastern,FodderGrass,FodderGrassAEZ04,FodderGrassAEZ04,2005,CO_AWB,0.00167402131121086
Africa_Eastern,FodderGrass,FodderGrassAEZ05,FodderGrassAEZ05,2005,CO_AWB,0.000258930474264459
Africa_Eastern,FodderGrass,FodderGrassAEZ06,FodderGrassAEZ06,2005,CO_AWB,0
Africa_Eastern,FodderGrass,FodderGrassAEZ07,FodderGrassAEZ07,2005,CO_AWB,0.000165753617501432
Africa_Eastern,FodderGrass,FodderGrassAEZ08,FodderGrassAEZ08,2005,CO_AWB,0.000147388079580176
Africa_Eastern,FodderGrass,FodderGrassAEZ09,FodderGrassAEZ09,2005,CO_AWB,0
Africa_Eastern,FodderGrass,FodderGrassAEZ10,FodderGrassAEZ10,2005,CO_AWB,0
Africa_Eastern,FodderGrass,FodderGrassAEZ11,FodderGrassAEZ11,2005,CO_AWB,0
Africa_Eastern,FodderGrass,FodderGrassAEZ12,FodderGrassAEZ12,2005,CO_AWB,0
Africa_Eastern,FodderHerb,FodderHerbAEZ01,FodderHerbAEZ01,2005,CO_AWB,1.91850096212158e-05
Africa_Eastern,FodderHerb,FodderHerbAEZ02,FodderHerbAEZ02,2005,CO_AWB,0.000126357176512445
Africa_Eastern,FodderHerb,FodderHerbAEZ03,FodderHerbAEZ03,2005,CO_AWB,5.3309427732829e-05
Africa_Eastern,FodderHerb,FodderHerbAEZ04,FodderHerbAEZ04,2005,CO_AWB,0.000169281374411493
Africa_Eastern,FodderHerb,FodderHerbAEZ05,FodderHerbAEZ05,2005,CO_AWB,0.000354246999617037
Africa_Eastern,FodderHerb,FodderHerbAEZ06,FodderHerbAEZ06,2005,CO_AWB,3.6390866835584e-06
Africa_Eastern,FodderHerb,FodderHerbAEZ07,FodderHerbAEZ07,2005,CO_AWB,0
Africa_Eastern,FodderHerb,FodderHerbAEZ08,FodderHerbAEZ08,2005,CO_AWB,1.59609065068351e-05
Africa_Eastern,FodderHerb,FodderHerbAEZ09,FodderHerbAEZ09,2005,CO_AWB,9.81063719953463e-06
Africa_Eastern,FodderHerb,FodderHerbAEZ10,FodderHerbAEZ10,2005,CO_AWB,6.71102915590727e-05
Africa_Eastern,FodderHerb,FodderHerbAEZ11,FodderHerbAEZ11,2005,CO_AWB,5.1606931038767e-05
Africa_Eastern,FodderHerb,FodderHerbAEZ12,FodderHerbAEZ12,2005,CO_AWB,4.87339678675367e-06
Africa_Eastern,MiscCrop,MiscCropAEZ01,MiscCropAEZ01,2005,CO_AWB,0.00733719216338325
Africa_Eastern,MiscCrop,MiscCropAEZ02,MiscCropAEZ02,2005,CO_AWB,0.0142836243397387
Africa_Eastern,MiscCrop,MiscCropAEZ03,MiscCropAEZ03,2005,CO_AWB,0.016411309467579
Africa_Eastern,MiscCrop,MiscCropAEZ04,MiscCropAEZ04,2005,CO_AWB,0.018805055690705
Africa_Eastern,MiscCrop,MiscCropAEZ05,MiscCropAEZ05,2005,CO_AWB,0.0802892874173772
Africa_Eastern,MiscCrop,MiscCropAEZ06,MiscCropAEZ06,2005,CO_AWB,0.0636519339769267
Africa_Eastern,MiscCrop,MiscCropAEZ07,MiscCropAEZ07,2005,CO_AWB,0.000138225124505912
Africa_Eastern,MiscCrop,MiscCropAEZ08,MiscCropAEZ08,2005,CO_AWB,0.000266525847735657
Africa_Eastern,MiscCrop,MiscCropAEZ09,MiscCropAEZ09,2005,CO_AWB,0.000627967701042299
Africa_Eastern,MiscCrop,MiscCropAEZ10,MiscCropAEZ10,2005,CO_AWB,0.00131091174398321
Africa_Eastern,MiscCrop,MiscCropAEZ11,MiscCropAEZ11,2005,CO_AWB,0.0018537813349609
Africa_Eastern,MiscCrop,MiscCropAEZ12,MiscCropAEZ12,2005,CO_AWB,0.00023139830838938
Africa_Eastern,OilCrop,OilCropAEZ01,OilCropAEZ01,2005,CO_AWB,0.00133027906110509
Africa_Eastern,OilCrop,OilCropAEZ02,OilCropAEZ02,2005,CO_AWB,0.00411131711472532
Africa_Eastern,OilCrop,OilCropAEZ03,OilCropAEZ03,2005,CO_AWB,0.00204686200680062
Africa_Eastern,OilCrop,OilCropAEZ04,OilCropAEZ04,2005,CO_AWB,0.0029351261204813
Africa_Eastern,OilCrop,OilCropAEZ05,OilCropAEZ05,2005,CO_AWB,0.00276821821394678
Africa_Eastern,OilCrop,OilCropAEZ06,OilCropAEZ06,2005,CO_AWB,0.00095491790532834
Africa_Eastern,OilCrop,OilCropAEZ07,OilCropAEZ07,2005,CO_AWB,0.000147385189079343
Africa_Eastern,OilCrop,OilCropAEZ08,OilCropAEZ08,2005,CO_AWB,0.000169509373086165
Africa_Eastern,OilCrop,OilCropAEZ09,OilCropAEZ09,2005,CO_AWB,2.06633003877273e-05
Africa_Eastern,OilCrop,OilCropAEZ10,OilCropAEZ10,2005,CO_AWB,0.000155884875590439
Africa_Eastern,OilCrop,OilCropAEZ11,OilCropAEZ11,2005,CO_AWB,0.000117776906104113
Africa_Eastern,OilCrop,OilCropAEZ12,OilCropAEZ12,2005,CO_AWB,2.20773107356209e-05
Africa_Eastern,OtherGrain,OtherGrainAEZ01,OtherGrainAEZ01,2005,CO_AWB,0.00367130396066519
Africa_Eastern,OtherGrain,OtherGrainAEZ02,OtherGrainAEZ02,2005,CO_AWB,0.0151252182164924
Africa_Eastern,OtherGrain,OtherGrainAEZ03,OtherGrainAEZ03,2005,CO_AWB,0.0078552175999446
Africa_Eastern,OtherGrain,OtherGrainAEZ04,OtherGrainAEZ04,2005,CO_AWB,0.0129185434354336
Africa_Eastern,OtherGrain,OtherGrainAEZ05,OtherGrainAEZ05,2005,CO_AWB,0.0203871277958017
Africa_Eastern,OtherGrain,OtherGrainAEZ06,OtherGrainAEZ06,2005,CO_AWB,0.00603439915766735
Africa_Eastern,OtherGrain,OtherGrainAEZ07,OtherGrainAEZ07,2005,CO_AWB,0
Africa_Eastern,OtherGrain,OtherGrainAEZ08,OtherGrainAEZ08,2005,CO_AWB,0.00114162279833775
Africa_Eastern,OtherGrain,OtherGrainAEZ09,OtherGrainAEZ09,2005,CO_AWB,0.00249395689357971
Africa_Eastern,OtherGrain,OtherGrainAEZ10,OtherGrainAEZ10,2005,CO_AWB,0.00370211663625299
Africa_Eastern,OtherGrain,OtherGrainAEZ11,OtherGrainAEZ11,2005,CO_AWB,0.00446238648685652
Africa_Eastern,OtherGrain,OtherGrainAEZ12,OtherGrainAEZ12,2005,CO_AWB,0.000989468752860442
Africa_Eastern,PalmFruit,PalmFruitAEZ01,PalmFruitAEZ01,2005,CO_AWB,8.96401166067568e-06
Africa_Eastern,PalmFruit,PalmFruitAEZ02,PalmFruitAEZ02,2005,CO_AWB,4.7886077957552e-05
Africa_Eastern,PalmFruit,PalmFruitAEZ03,PalmFruitAEZ03,2005,CO_AWB,0.000251226373800763
Africa_Eastern,PalmFruit,PalmFruitAEZ04,PalmFruitAEZ04,2005,CO_AWB,0.000223000269198218
Africa_Eastern,PalmFruit,PalmFruitAEZ05,PalmFruitAEZ05,2005,CO_AWB,0.000461119994095644
Africa_Eastern,PalmFruit,PalmFruitAEZ06,PalmFruitAEZ06,2005,CO_AWB,0.000786960647724694
Africa_Eastern,PalmFruit,PalmFruitAEZ07,PalmFruitAEZ07,2005,CO_AWB,0
Africa_Eastern,PalmFruit,PalmFruitAEZ08,PalmFruitAEZ08,2005,CO_AWB,0
Africa_Eastern,PalmFruit,PalmFruitAEZ09,PalmFruitAEZ09,2005,CO_AWB,0
Africa_Eastern,PalmFruit,PalmFruitAEZ10,PalmFruitAEZ10,2005,CO_AWB,0
Africa_Eastern,PalmFruit,PalmFruitAEZ11,PalmFruitAEZ11,2005,CO_AWB,0
Africa_Eastern,PalmFruit,PalmFruitAEZ12,PalmFruitAEZ12,2005,CO_AWB,0
Africa_Eastern,Rice,RiceAEZ01,RiceAEZ01,2005,CO_AWB,6.61318263469144e-07
Africa_Eastern,Rice,RiceAEZ02,RiceAEZ02,2005,CO_AWB,0.000153027234335902
Africa_Eastern,Rice,RiceAEZ03,RiceAEZ03,2005,CO_AWB,0.00224026544285033
Africa_Eastern,Rice,RiceAEZ04,RiceAEZ04,2005,CO_AWB,0.00402809860194485
Africa_Eastern,Rice,RiceAEZ05,RiceAEZ05,2005,CO_AWB,0.00392767787659477
Africa_Eastern,Rice,RiceAEZ06,RiceAEZ06,2005,CO_AWB,0.0108195472748355
Africa_Eastern,Rice,RiceAEZ07,RiceAEZ07,2005,CO_AWB,0
Africa_Eastern,Rice,RiceAEZ08,RiceAEZ08,2005,CO_AWB,0
Africa_Eastern,Rice,RiceAEZ09,RiceAEZ09,2005,CO_AWB,0
Africa_Eastern,Rice,RiceAEZ10,RiceAEZ10,2005,CO_AWB,0.000407444523531346
Africa_Eastern,Rice,RiceAEZ11,RiceAEZ11,2005,CO_AWB,0.000110884048559758
Africa_Eastern,Rice,RiceAEZ12,RiceAEZ12,2005,CO_AWB,0
Africa_Eastern,Root_Tuber,Root_TuberAEZ01,Root_TuberAEZ01,2005,CO_AWB,0.00466072916326899
Africa_Eastern,Root_Tuber,Root_TuberAEZ02,Root_TuberAEZ02,2005,CO_AWB,0.0138756195434427
Africa_Eastern,Root_Tuber,Root_TuberAEZ03,Root_TuberAEZ03,2005,CO_AWB,0.00823165428166879
Africa_Eastern,Root_Tuber,Root_TuberAEZ04,Root_TuberAEZ04,2005,CO_AWB,0.0122356439732645
Africa_Eastern,Root_Tuber,Root_TuberAEZ05,Root_TuberAEZ05,2005,CO_AWB,0.0560271966717506
Africa_Eastern,Root_Tuber,Root_TuberAEZ06,Root_TuberAEZ06,2005,CO_AWB,0.0513278628647349
Africa_Eastern,Root_Tuber,Root_TuberAEZ07,Root_TuberAEZ07,2005,CO_AWB,1.05035805192424e-05
Africa_Eastern,Root_Tuber,Root_TuberAEZ08,Root_TuberAEZ08,2005,CO_AWB,0.000542909353280436
Africa_Eastern,Root_Tuber,Root_TuberAEZ09,Root_TuberAEZ09,2005,CO_AWB,0.00168258326484764
Africa_Eastern,Root_Tuber,Root_TuberAEZ10,Root_TuberAEZ10,2005,CO_AWB,0.00421442441058206
Africa_Eastern,Root_Tuber,Root_TuberAEZ11,Root_TuberAEZ11,2005,CO_AWB,0.00534303679426686
Africa_Eastern,Root_Tuber,Root_TuberAEZ12,Root_TuberAEZ12,2005,CO_AWB,0.000447208096036816
Africa_Eastern,SugarCrop,SugarCropAEZ01,SugarCropAEZ01,2005,CO_AWB,0.0149391025513747
Africa_Eastern,SugarCrop,SugarCropAEZ02,SugarCropAEZ02,2005,CO_AWB,0.0359416167323203
Africa_Eastern,SugarCrop,SugarCropAEZ03,SugarCropAEZ03,2005,CO_AWB,0.0228548074511424
Africa_Eastern,SugarCrop,SugarCropAEZ04,SugarCropAEZ04,2005,CO_AWB,0.0168617701938369
Africa_Eastern,SugarCrop,SugarCropAEZ05,SugarCropAEZ05,2005,CO_AWB,0.0276514001537904
Africa_Eastern,SugarCrop,SugarCropAEZ06,SugarCropAEZ06,2005,CO_AWB,0.0340926127339693
Africa_Eastern,SugarCrop,SugarCropAEZ07,SugarCropAEZ07,2005,CO_AWB,0.000976175657607214
Africa_Eastern,SugarCrop,SugarCropAEZ08,SugarCropAEZ08,2005,CO_AWB,0.000611098573211724
Africa_Eastern,SugarCrop,SugarCropAEZ09,SugarCropAEZ09,2005,CO_AWB,2.7822426244529e-05
Africa_Eastern,SugarCrop,SugarCropAEZ10,SugarCropAEZ10,2005,CO_AWB,0.000586870278154492
Africa_Eastern,SugarCrop,SugarCropAEZ11,SugarCropAEZ11,2005,CO_AWB,0.00113341889705149
Africa_Eastern,SugarCrop,SugarCropAEZ12,SugarCropAEZ12,2005,CO_AWB,6.14371799828726e-05
Africa_Eastern,Wheat,WheatAEZ01,WheatAEZ01,2005,CO_AWB,0.000965738014837327
Africa_Eastern,Wheat,WheatAEZ02,WheatAEZ02,2005,CO_AWB,0.00331694644339487
Africa_Eastern,Wheat,WheatAEZ03,WheatAEZ03,2005,CO_AWB,0.00196599484018574
Africa_Eastern,Wheat,WheatAEZ04,WheatAEZ04,2005,CO_AWB,0.00314977456221714
Africa_Eastern,Wheat,WheatAEZ05,WheatAEZ05,2005,CO_AWB,0.0046374634690787
Africa_Eastern,Wheat,WheatAEZ06,WheatAEZ06,2005,CO_AWB,0.000809072470926544
Africa_Eastern,Wheat,WheatAEZ07,WheatAEZ07,2005,CO_AWB,0
Africa_Eastern,Wheat,WheatAEZ08,WheatAEZ08,2005,CO_AWB,0.000129244848657793
Africa_Eastern,Wheat,WheatAEZ09,WheatAEZ09,2005,CO_AWB,0.00047048955640306
Africa_Eastern,Wheat,WheatAEZ10,WheatAEZ10,2005,CO_AWB,0.00100672118031561
Africa_Eastern,Wheat,WheatAEZ11,WheatAEZ11,2005,CO_AWB,0.00196110784416479
Africa_Eastern,Wheat,WheatAEZ12,WheatAEZ12,2005,CO_AWB,0.000483404182775424
Africa_Eastern,Corn,CornAEZ01,CornAEZ01,2005,N2O_AWB,3.02119487908513e-06
Africa_Eastern,Corn,CornAEZ02,CornAEZ02,2005,N2O_AWB,6.89490551395716e-06
Africa_Eastern,Corn,CornAEZ03,CornAEZ03,2005,N2O_AWB,4.0026907038009e-06
Africa_Eastern,Corn,CornAEZ04,CornAEZ04,2005,N2O_AWB,3.52322015934939e-06
Africa_Eastern,Corn,CornAEZ05,CornAEZ05,2005,N2O_AWB,6.65280026358816e-06
Africa_Eastern,Corn,CornAEZ06,CornAEZ06,2005,N2O_AWB,4.41402304518545e-06
Africa_Eastern,Corn,CornAEZ07,CornAEZ07,2005,N2O_AWB,2.32737179461178e-09
Africa_Eastern,Corn,CornAEZ08,CornAEZ08,2005,N2O_AWB,1.58618110203484e-07
Africa_Eastern,Corn,CornAEZ09,CornAEZ09,2005,N2O_AWB,1.10239133898968e-06
Africa_Eastern,Corn,CornAEZ10,CornAEZ10,2005,N2O_AWB,1.65524066739121e-06
Africa_Eastern,Corn,CornAEZ11,CornAEZ11,2005,N2O_AWB,1.57054457208294e-06
Africa_Eastern,Corn,CornAEZ12,CornAEZ12,2005,N2O_AWB,3.60076903967284e-08
Africa_Eastern,FiberCrop,FiberCropAEZ01,FiberCropAEZ01,2005,N2O_AWB,1.83204603817743e-07
Africa_Eastern,FiberCrop,FiberCropAEZ02,FiberCropAEZ02,2005,N2O_AWB,5.94095825146583e-07
Africa_Eastern,FiberCrop,FiberCropAEZ03,FiberCropAEZ03,2005,N2O_AWB,2.94377581252554e-07
Africa_Eastern,FiberCrop,FiberCropAEZ04,FiberCropAEZ04,2005,N2O_AWB,3.11059939227488e-07
Africa_Eastern,FiberCrop,FiberCropAEZ05,FiberCropAEZ05,2005,N2O_AWB,2.74201032233675e-07
Africa_Eastern,FiberCrop,FiberCropAEZ06,FiberCropAEZ06,2005,N2O_AWB,2.50504646732e-07
Africa_Eastern,FiberCrop,FiberCropAEZ07,FiberCropAEZ07,2005,N2O_AWB,2.16703958321601e-08
Africa_Eastern,FiberCrop,FiberCropAEZ08,FiberCropAEZ08,2005,N2O_AWB,2.4529862264451e-08
Africa_Eastern,FiberCrop,FiberCropAEZ09,FiberCropAEZ09,2005,N2O_AWB,1.29253011827322e-08
Africa_Eastern,FiberCrop,FiberCropAEZ10,FiberCropAEZ10,2005,N2O_AWB,3.16657056257511e-08
Africa_Eastern,FiberCrop,FiberCropAEZ11,FiberCropAEZ11,2005,N2O_AWB,4.53731926935494e-08
Africa_Eastern,FiberCrop,FiberCropAEZ12,FiberCropAEZ12,2005,N2O_AWB,3.09027538198259e-09
Africa_Eastern,FodderGrass,FodderGrassAEZ01,FodderGrassAEZ01,2005,N2O_AWB,7.64466788421546e-07
Africa_Eastern,FodderGrass,FodderGrassAEZ02,FodderGrassAEZ02,2005,N2O_AWB,2.51797552716013e-06
Africa_Eastern,FodderGrass,FodderGrassAEZ03,FodderGrassAEZ03,2005,N2O_AWB,9.98463701003948e-07
Africa_Eastern,FodderGrass,FodderGrassAEZ04,FodderGrassAEZ04,2005,N2O_AWB,1.11668839111589e-06
Africa_Eastern,FodderGrass,FodderGrassAEZ05,FodderGrassAEZ05,2005,N2O_AWB,1.72724596025668e-07
Africa_Eastern,FodderGrass,FodderGrassAEZ06,FodderGrassAEZ06,2005,N2O_AWB,0
Africa_Eastern,FodderGrass,FodderGrassAEZ07,FodderGrassAEZ07,2005,N2O_AWB,1.10569166120967e-07
Africa_Eastern,FodderGrass,FodderGrassAEZ08,FodderGrassAEZ08,2005,N2O_AWB,9.83180777650908e-08
Africa_Eastern,FodderGrass,FodderGrassAEZ09,FodderGrassAEZ09,2005,N2O_AWB,0
Africa_Eastern,FodderGrass,FodderGrassAEZ10,FodderGrassAEZ10,2005,N2O_AWB,0
Africa_Eastern,FodderGrass,FodderGrassAEZ11,FodderGrassAEZ11,2005,N2O_AWB,0
Africa_Eastern,FodderGrass,FodderGrassAEZ12,FodderGrassAEZ12,2005,N2O_AWB,0
Africa_Eastern,FodderHerb,FodderHerbAEZ01,FodderHerbAEZ01,2005,N2O_AWB,1.27977328508215e-08
Africa_Eastern,FodderHerb,FodderHerbAEZ02,FodderHerbAEZ02,2005,N2O_AWB,8.42890058810343e-08
Africa_Eastern,FodderHerb,FodderHerbAEZ03,FodderHerbAEZ03,2005,N2O_AWB,3.55610879548615e-08
Africa_Eastern,FodderHerb,FodderHerbAEZ04,FodderHerbAEZ04,2005,N2O_AWB,1.12922424805168e-07
Africa_Eastern,FodderHerb,FodderHerbAEZ05,FodderHerbAEZ05,2005,N2O_AWB,2.36307333371908e-07
Africa_Eastern,FodderHerb,FodderHerbAEZ06,FodderHerbAEZ06,2005,N2O_AWB,2.42752336937378e-09
Africa_Eastern,FodderHerb,FodderHerbAEZ07,FodderHerbAEZ07,2005,N2O_AWB,0
Africa_Eastern,FodderHerb,FodderHerbAEZ08,FodderHerbAEZ08,2005,N2O_AWB,1.06470323218149e-08
Africa_Eastern,FodderHerb,FodderHerbAEZ09,FodderHerbAEZ09,2005,N2O_AWB,6.54437586714219e-09
Africa_Eastern,FodderHerb,FodderHerbAEZ10,FodderHerbAEZ10,2005,N2O_AWB,4.47672219024575e-08
Africa_Eastern,FodderHerb,FodderHerbAEZ11,FodderHerbAEZ11,2005,N2O_AWB,3.44254045072015e-08
Africa_Eastern,FodderHerb,FodderHerbAEZ12,FodderHerbAEZ12,2005,N2O_AWB,3.25089386892748e-09
Africa_Eastern,MiscCrop,MiscCropAEZ01,MiscCropAEZ01,2005,N2O_AWB,4.89441637174269e-06
Africa_Eastern,MiscCrop,MiscCropAEZ02,MiscCropAEZ02,2005,N2O_AWB,9.52816871352094e-06
Africa_Eastern,MiscCrop,MiscCropAEZ03,MiscCropAEZ03,2005,N2O_AWB,1.0947482354451e-05
Africa_Eastern,MiscCrop,MiscCropAEZ04,MiscCropAEZ04,2005,N2O_AWB,1.25442772104907e-05
Africa_Eastern,MiscCrop,MiscCropAEZ05,MiscCropAEZ05,2005,N2O_AWB,5.35585267580021e-05
Africa_Eastern,MiscCrop,MiscCropAEZ06,MiscCropAEZ06,2005,N2O_AWB,4.24602573862671e-05
Africa_Eastern,MiscCrop,MiscCropAEZ07,MiscCropAEZ07,2005,N2O_AWB,9.2205750824434e-08
Africa_Eastern,MiscCrop,MiscCropAEZ08,MiscCropAEZ08,2005,N2O_AWB,1.77791237247422e-07
Africa_Eastern,MiscCrop,MiscCropAEZ09,MiscCropAEZ09,2005,N2O_AWB,4.18898037350818e-07
Africa_Eastern,MiscCrop,MiscCropAEZ10,MiscCropAEZ10,2005,N2O_AWB,8.74469110088379e-07
Africa_Eastern,MiscCrop,MiscCropAEZ11,MiscCropAEZ11,2005,N2O_AWB,1.23660080224475e-06
Africa_Eastern,MiscCrop,MiscCropAEZ12,MiscCropAEZ12,2005,N2O_AWB,1.54358730663572e-07
Africa_Eastern,OilCrop,OilCropAEZ01,OilCropAEZ01,2005,N2O_AWB,8.87388454694229e-07
Africa_Eastern,OilCrop,OilCropAEZ02,OilCropAEZ02,2005,N2O_AWB,2.7425338396015e-06
Africa_Eastern,OilCrop,OilCropAEZ03,OilCropAEZ03,2005,N2O_AWB,1.3653990100981e-06
Africa_Eastern,OilCrop,OilCropAEZ04,OilCropAEZ04,2005,N2O_AWB,1.95793281916568e-06
Africa_Eastern,OilCrop,OilCropAEZ05,OilCropAEZ05,2005,N2O_AWB,1.84659366215235e-06
Africa_Eastern,OilCrop,OilCropAEZ06,OilCropAEZ06,2005,N2O_AWB,6.36996513848173e-07
Africa_Eastern,OilCrop,OilCropAEZ07,OilCropAEZ07,2005,N2O_AWB,9.83161496004351e-08
Africa_Eastern,OilCrop,OilCropAEZ08,OilCropAEZ08,2005,N2O_AWB,1.13074515744209e-07
Africa_Eastern,OilCrop,OilCropAEZ09,OilCropAEZ09,2005,N2O_AWB,1.37838553849863e-08
Africa_Eastern,OilCrop,OilCropAEZ10,OilCropAEZ10,2005,N2O_AWB,1.03986030378834e-07
Africa_Eastern,OilCrop,OilCropAEZ11,OilCropAEZ11,2005,N2O_AWB,7.85653700506822e-08
Africa_Eastern,OilCrop,OilCropAEZ12,OilCropAEZ12,2005,N2O_AWB,1.47270984188927e-08
Africa_Eastern,OtherGrain,OtherGrainAEZ01,OtherGrainAEZ01,2005,N2O_AWB,2.44901452907264e-06
Africa_Eastern,OtherGrain,OtherGrainAEZ02,OtherGrainAEZ02,2005,N2O_AWB,1.00895702356589e-05
Africa_Eastern,OtherGrain,OtherGrainAEZ03,OtherGrainAEZ03,2005,N2O_AWB,5.23997528872707e-06
Africa_Eastern,OtherGrain,OtherGrainAEZ04,OtherGrainAEZ04,2005,N2O_AWB,8.61756501417563e-06
Africa_Eastern,OtherGrain,OtherGrainAEZ05,OtherGrainAEZ05,2005,N2O_AWB,1.35996290998833e-05
Africa_Eastern,OtherGrain,OtherGrainAEZ06,OtherGrainAEZ06,2005,N2O_AWB,4.02536302351642e-06
Africa_Eastern,OtherGrain,OtherGrainAEZ07,OtherGrainAEZ07,2005,N2O_AWB,0
Africa_Eastern,OtherGrain,OtherGrainAEZ08,OtherGrainAEZ08,2005,N2O_AWB,7.61541634744716e-07
Africa_Eastern,OtherGrain,OtherGrainAEZ09,OtherGrainAEZ09,2005,N2O_AWB,1.66364232782048e-06
Africa_Eastern,OtherGrain,OtherGrainAEZ10,OtherGrainAEZ10,2005,N2O_AWB,2.46956872207943e-06
Africa_Eastern,OtherGrain,OtherGrainAEZ11,OtherGrainAEZ11,2005,N2O_AWB,2.97672147491403e-06
Africa_Eastern,OtherGrain,OtherGrainAEZ12,OtherGrainAEZ12,2005,N2O_AWB,6.60044326969743e-07
Africa_Eastern,PalmFruit,PalmFruitAEZ01,PalmFruitAEZ01,2005,N2O_AWB,5.97961787718436e-09
Africa_Eastern,PalmFruit,PalmFruitAEZ02,PalmFruitAEZ02,2005,N2O_AWB,3.19433372760291e-08
Africa_Eastern,PalmFruit,PalmFruitAEZ03,PalmFruitAEZ03,2005,N2O_AWB,1.67585426354299e-07
Africa_Eastern,PalmFruit,PalmFruitAEZ04,PalmFruitAEZ04,2005,N2O_AWB,1.4875665570186e-07
Africa_Eastern,PalmFruit,PalmFruitAEZ05,PalmFruitAEZ05,2005,N2O_AWB,3.07599037640433e-07
Africa_Eastern,PalmFruit,PalmFruitAEZ06,PalmFruitAEZ06,2005,N2O_AWB,5.24957366847117e-07
Africa_Eastern,PalmFruit,PalmFruitAEZ07,PalmFruitAEZ07,2005,N2O_AWB,0
Africa_Eastern,PalmFruit,PalmFruitAEZ08,PalmFruitAEZ08,2005,N2O_AWB,0
Africa_Eastern,PalmFruit,PalmFruitAEZ09,PalmFruitAEZ09,2005,N2O_AWB,0
Africa_Eastern,PalmFruit,PalmFruitAEZ10,PalmFruitAEZ10,2005,N2O_AWB,0
Africa_Eastern,PalmFruit,PalmFruitAEZ11,PalmFruitAEZ11,2005,N2O_AWB,0
Africa_Eastern,PalmFruit,PalmFruitAEZ12,PalmFruitAEZ12,2005,N2O_AWB,0
Africa_Eastern,Rice,RiceAEZ01,RiceAEZ01,2005,N2O_AWB,4.41145177007783e-10
Africa_Eastern,Rice,RiceAEZ02,RiceAEZ02,2005,N2O_AWB,1.02079785342678e-07
Africa_Eastern,Rice,RiceAEZ03,RiceAEZ03,2005,N2O_AWB,1.49441252407925e-06
Africa_Eastern,Rice,RiceAEZ04,RiceAEZ04,2005,N2O_AWB,2.68702131623902e-06
Africa_Eastern,Rice,RiceAEZ05,RiceAEZ05,2005,N2O_AWB,2.62003372326462e-06
Africa_Eastern,Rice,RiceAEZ06,RiceAEZ06,2005,N2O_AWB,7.21738890540122e-06
Africa_Eastern,Rice,RiceAEZ07,RiceAEZ07,2005,N2O_AWB,0
Africa_Eastern,Rice,RiceAEZ08,RiceAEZ08,2005,N2O_AWB,0
Africa_Eastern,Rice,RiceAEZ09,RiceAEZ09,2005,N2O_AWB,0
Africa_Eastern,Rice,RiceAEZ10,RiceAEZ10,2005,N2O_AWB,2.71793773713727e-07
Africa_Eastern,Rice,RiceAEZ11,RiceAEZ11,2005,N2O_AWB,7.39673557065105e-08
Africa_Eastern,Rice,RiceAEZ12,RiceAEZ12,2005,N2O_AWB,0
Africa_Eastern,Root_Tuber,Root_TuberAEZ01,Root_TuberAEZ01,2005,N2O_AWB,3.10902980499883e-06
Africa_Eastern,Root_Tuber,Root_TuberAEZ02,Root_TuberAEZ02,2005,N2O_AWB,9.25600119899044e-06
Africa_Eastern,Root_Tuber,Root_TuberAEZ03,Root_TuberAEZ03,2005,N2O_AWB,5.49108468002122e-06
Africa_Eastern,Root_Tuber,Root_TuberAEZ04,Root_TuberAEZ04,2005,N2O_AWB,8.16202367990681e-06
Africa_Eastern,Root_Tuber,Root_TuberAEZ05,Root_TuberAEZ05,2005,N2O_AWB,3.73740284494086e-05
Africa_Eastern,Root_Tuber,Root_TuberAEZ06,Root_TuberAEZ06,2005,N2O_AWB,3.4239246667881e-05
Africa_Eastern,Root_Tuber,Root_TuberAEZ07,Root_TuberAEZ07,2005,N2O_AWB,7.00661715142982e-09
Africa_Eastern,Root_Tuber,Root_TuberAEZ08,Root_TuberAEZ08,2005,N2O_AWB,3.62158216371796e-07
Africa_Eastern,Root_Tuber,Root_TuberAEZ09,Root_TuberAEZ09,2005,N2O_AWB,1.12239980838845e-06
Africa_Eastern,Root_Tuber,Root_TuberAEZ10,Root_TuberAEZ10,2005,N2O_AWB,2.81131356155097e-06
Africa_Eastern,Root_Tuber,Root_TuberAEZ11,Root_TuberAEZ11,2005,N2O_AWB,3.5641763468036e-06
Africa_Eastern,Root_Tuber,Root_TuberAEZ12,Root_TuberAEZ12,2005,N2O_AWB,2.98318836153963e-07
Africa_Eastern,SugarCrop,SugarCropAEZ01,SugarCropAEZ01,2005,N2O_AWB,9.96541817065832e-06
Africa_Eastern,SugarCrop,SugarCropAEZ02,SugarCropAEZ02,2005,N2O_AWB,2.39755526970489e-05
Africa_Eastern,SugarCrop,SugarCropAEZ03,SugarCropAEZ03,2005,N2O_AWB,1.52457426861665e-05
Africa_Eastern,SugarCrop,SugarCropAEZ04,SugarCropAEZ04,2005,N2O_AWB,1.12479709206939e-05
Africa_Eastern,SugarCrop,SugarCropAEZ05,SugarCropAEZ05,2005,N2O_AWB,1.84454029008169e-05
Africa_Eastern,SugarCrop,SugarCropAEZ06,SugarCropAEZ06,2005,N2O_AWB,2.27421387098686e-05
Africa_Eastern,SugarCrop,SugarCropAEZ07,SugarCropAEZ07,2005,N2O_AWB,6.51176909899323e-07
Africa_Eastern,SugarCrop,SugarCropAEZ08,SugarCropAEZ08,2005,N2O_AWB,4.07645158375802e-07
Africa_Eastern,SugarCrop,SugarCropAEZ09,SugarCropAEZ09,2005,N2O_AWB,1.85594891724949e-08
Africa_Eastern,SugarCrop,SugarCropAEZ10,SugarCropAEZ10,2005,N2O_AWB,3.91483204136778e-07
Africa_Eastern,SugarCrop,SugarCropAEZ11,SugarCropAEZ11,2005,N2O_AWB,7.56069063238682e-07
Africa_Eastern,SugarCrop,SugarCropAEZ12,SugarCropAEZ12,2005,N2O_AWB,4.09828627690212e-08
Africa_Eastern,Wheat,WheatAEZ01,WheatAEZ01,2005,N2O_AWB,6.44214277802772e-07
Africa_Eastern,Wheat,WheatAEZ02,WheatAEZ02,2005,N2O_AWB,2.2126334727561e-06
Africa_Eastern,Wheat,WheatAEZ03,WheatAEZ03,2005,N2O_AWB,1.31145499781074e-06
Africa_Eastern,Wheat,WheatAEZ04,WheatAEZ04,2005,N2O_AWB,2.101118226336e-06
Africa_Eastern,Wheat,WheatAEZ05,WheatAEZ05,2005,N2O_AWB,3.09350997234224e-06
Africa_Eastern,Wheat,WheatAEZ06,WheatAEZ06,2005,N2O_AWB,5.39707487476138e-07
Africa_Eastern,Wheat,WheatAEZ07,WheatAEZ07,2005,N2O_AWB,0
Africa_Eastern,Wheat,WheatAEZ08,WheatAEZ08,2005,N2O_AWB,8.62152836054958e-08
Africa_Eastern,Wheat,WheatAEZ09,WheatAEZ09,2005,N2O_AWB,3.13849185944077e-07
Africa_Eastern,Wheat,WheatAEZ10,WheatAEZ10,2005,N2O_AWB,6.71552893395234e-07
Africa_Eastern,Wheat,WheatAEZ11,WheatAEZ11,2005,N2O_AWB,1.30819503230882e-06
Africa_Eastern,Wheat,WheatAEZ12,WheatAEZ12,2005,N2O_AWB,3.22464138005342e-07
Africa_Eastern,Corn,CornAEZ01,CornAEZ01,2005,NH3_AWB,5.61882402621956e-05
Africa_Eastern,Corn,CornAEZ02,CornAEZ02,2005,NH3_AWB,0.000128231584888916
Africa_Eastern,Corn,CornAEZ03,CornAEZ03,2005,NH3_AWB,7.44421184205525e-05
Africa_Eastern,Corn,CornAEZ04,CornAEZ04,2005,NH3_AWB,6.55249160458268e-05
Africa_Eastern,Corn,CornAEZ05,CornAEZ05,2005,NH3_AWB,0.000123728906802624
Africa_Eastern,Corn,CornAEZ06,CornAEZ06,2005,NH3_AWB,8.20920851887753e-05
Africa_Eastern,Corn,CornAEZ07,CornAEZ07,2005,NH3_AWB,4.32845052400936e-08
Africa_Eastern,Corn,CornAEZ08,CornAEZ08,2005,NH3_AWB,2.94998265346844e-06
Africa_Eastern,Corn,CornAEZ09,CornAEZ09,2005,NH3_AWB,2.05022952497763e-05
Africa_Eastern,Corn,CornAEZ10,CornAEZ10,2005,NH3_AWB,3.07841976547035e-05
Africa_Eastern,Corn,CornAEZ11,CornAEZ11,2005,NH3_AWB,2.9209018050966e-05
Africa_Eastern,Corn,CornAEZ12,CornAEZ12,2005,NH3_AWB,6.69671716083006e-07
Africa_Eastern,FiberCrop,FiberCropAEZ01,FiberCropAEZ01,2005,NH3_AWB,3.40724273290471e-06
Africa_Eastern,FiberCrop,FiberCropAEZ02,FiberCropAEZ02,2005,NH3_AWB,1.10490055418775e-05
Africa_Eastern,FiberCrop,FiberCropAEZ03,FiberCropAEZ03,2005,NH3_AWB,5.47483989785898e-06
Africa_Eastern,FiberCrop,FiberCropAEZ04,FiberCropAEZ04,2005,NH3_AWB,5.78509871119293e-06
Africa_Eastern,FiberCrop,FiberCropAEZ05,FiberCropAEZ05,2005,NH3_AWB,5.09959605252385e-06
Africa_Eastern,FiberCrop,FiberCropAEZ06,FiberCropAEZ06,2005,NH3_AWB,4.65889022082427e-06
Africa_Eastern,FiberCrop,FiberCropAEZ07,FiberCropAEZ07,2005,NH3_AWB,4.03026436998003e-07
Africa_Eastern,FiberCrop,FiberCropAEZ08,FiberCropAEZ08,2005,NH3_AWB,4.56206848507208e-07
Africa_Eastern,FiberCrop,FiberCropAEZ09,FiberCropAEZ09,2005,NH3_AWB,2.40384999108869e-07
Africa_Eastern,FiberCrop,FiberCropAEZ10,FiberCropAEZ10,2005,NH3_AWB,5.88919400098562e-07
Africa_Eastern,FiberCrop,FiberCropAEZ11,FiberCropAEZ11,2005,NH3_AWB,8.43851507288423e-07
Africa_Eastern,FiberCrop,FiberCropAEZ12,FiberCropAEZ12,2005,NH3_AWB,5.74730007790053e-08
Africa_Eastern,FodderGrass,FodderGrassAEZ01,FodderGrassAEZ01,2005,NH3_AWB,1.42175679820119e-05
Africa_Eastern,FodderGrass,FodderGrassAEZ02,FodderGrassAEZ02,2005,NH3_AWB,4.68293571109338e-05
Africa_Eastern,FodderGrass,FodderGrassAEZ03,FodderGrassAEZ03,2005,NH3_AWB,1.85694470467524e-05
Africa_Eastern,FodderGrass,FodderGrassAEZ04,FodderGrassAEZ04,2005,NH3_AWB,2.07681920992216e-05
Africa_Eastern,FodderGrass,FodderGrassAEZ05,FodderGrassAEZ05,2005,NH3_AWB,3.21233534713913e-06
Africa_Eastern,FodderGrass,FodderGrassAEZ06,FodderGrassAEZ06,2005,NH3_AWB,0
Africa_Eastern,FodderGrass,FodderGrassAEZ07,FodderGrassAEZ07,2005,NH3_AWB,2.05636747056742e-06
Africa_Eastern,FodderGrass,FodderGrassAEZ08,FodderGrassAEZ08,2005,NH3_AWB,1.82852149453365e-06
Africa_Eastern,FodderGrass,FodderGrassAEZ09,FodderGrassAEZ09,2005,NH3_AWB,0
Africa_Eastern,FodderGrass,FodderGrassAEZ10,FodderGrassAEZ10,2005,NH3_AWB,0
Africa_Eastern,FodderGrass,FodderGrassAEZ11,FodderGrassAEZ11,2005,NH3_AWB,0
Africa_Eastern,FodderGrass,FodderGrassAEZ12,FodderGrassAEZ12,2005,NH3_AWB,0
Africa_Eastern,FodderHerb,FodderHerbAEZ01,FodderHerbAEZ01,2005,NH3_AWB,2.38012480827156e-07
Africa_Eastern,FodderHerb,FodderHerbAEZ02,FodderHerbAEZ02,2005,NH3_AWB,1.56760854676787e-06
Africa_Eastern,FodderHerb,FodderHerbAEZ03,FodderHerbAEZ03,2005,NH3_AWB,6.61365795310064e-07
Africa_Eastern,FodderHerb,FodderHerbAEZ04,FodderHerbAEZ04,2005,NH3_AWB,2.10013342067621e-06
Africa_Eastern,FodderHerb,FodderHerbAEZ05,FodderHerbAEZ05,2005,NH3_AWB,4.39484831486283e-06
Africa_Eastern,FodderHerb,FodderHerbAEZ06,FodderHerbAEZ06,2005,NH3_AWB,4.51471261469146e-08
Africa_Eastern,FodderHerb,FodderHerbAEZ07,FodderHerbAEZ07,2005,NH3_AWB,0
Africa_Eastern,FodderHerb,FodderHerbAEZ08,FodderHerbAEZ08,2005,NH3_AWB,1.98013711170679e-07
Africa_Eastern,FodderHerb,FodderHerbAEZ09,FodderHerbAEZ09,2005,NH3_AWB,1.21712427799577e-07
Africa_Eastern,FodderHerb,FodderHerbAEZ10,FodderHerbAEZ10,2005,NH3_AWB,8.32581650902313e-07
Africa_Eastern,FodderHerb,FodderHerbAEZ11,FodderHerbAEZ11,2005,NH3_AWB,6.40244332785196e-07
Africa_Eastern,FodderHerb,FodderHerbAEZ12,FodderHerbAEZ12,2005,NH3_AWB,6.04601864774474e-08
Africa_Eastern,MiscCrop,MiscCropAEZ01,MiscCropAEZ01,2005,NH3_AWB,9.10264494827886e-05
Africa_Eastern,MiscCrop,MiscCropAEZ02,MiscCropAEZ02,2005,NH3_AWB,0.000177205064340692
Africa_Eastern,MiscCrop,MiscCropAEZ03,MiscCropAEZ03,2005,NH3_AWB,0.000203601486635748
Africa_Eastern,MiscCrop,MiscCropAEZ04,MiscCropAEZ04,2005,NH3_AWB,0.000233298707970827
Africa_Eastern,MiscCrop,MiscCropAEZ05,MiscCropAEZ05,2005,NH3_AWB,0.000996082507090421
Africa_Eastern,MiscCrop,MiscCropAEZ06,MiscCropAEZ06,2005,NH3_AWB,0.000789676680617403
Africa_Eastern,MiscCrop,MiscCropAEZ07,MiscCropAEZ07,2005,NH3_AWB,1.71484432094904e-06
Africa_Eastern,MiscCrop,MiscCropAEZ08,MiscCropAEZ08,2005,NH3_AWB,3.30656483768311e-06
Africa_Eastern,MiscCrop,MiscCropAEZ09,MiscCropAEZ09,2005,NH3_AWB,7.79067372679959e-06
Africa_Eastern,MiscCrop,MiscCropAEZ10,MiscCropAEZ10,2005,NH3_AWB,1.62633932685578e-05
Africa_Eastern,MiscCrop,MiscCropAEZ11,MiscCropAEZ11,2005,NH3_AWB,2.29983254195084e-05
Africa_Eastern,MiscCrop,MiscCropAEZ12,MiscCropAEZ12,2005,NH3_AWB,2.87076663115446e-06
Africa_Eastern,OilCrop,OilCropAEZ01,OilCropAEZ01,2005,NH3_AWB,1.65036674871356e-05
Africa_Eastern,OilCrop,OilCropAEZ02,OilCropAEZ02,2005,NH3_AWB,5.10056969093615e-05
Africa_Eastern,OilCrop,OilCropAEZ03,OilCropAEZ03,2005,NH3_AWB,2.53937169575729e-05
Africa_Eastern,OilCrop,OilCropAEZ04,OilCropAEZ04,2005,NH3_AWB,3.6413672094477e-05
Africa_Eastern,OilCrop,OilCropAEZ05,OilCropAEZ05,2005,NH3_AWB,3.43429843185368e-05
Africa_Eastern,OilCrop,OilCropAEZ06,OilCropAEZ06,2005,NH3_AWB,1.18468733725381e-05
Africa_Eastern,OilCrop,OilCropAEZ07,OilCropAEZ07,2005,NH3_AWB,1.82848563449043e-06
Africa_Eastern,OilCrop,OilCropAEZ08,OilCropAEZ08,2005,NH3_AWB,2.10296201087531e-06
Africa_Eastern,OilCrop,OilCropAEZ09,OilCropAEZ09,2005,NH3_AWB,2.56352406616517e-07
Africa_Eastern,OilCrop,OilCropAEZ10,OilCropAEZ10,2005,NH3_AWB,1.93393418586993e-06
Africa_Eastern,OilCrop,OilCropAEZ11,OilCropAEZ11,2005,NH3_AWB,1.46116025790194e-06
Africa_Eastern,OilCrop,OilCropAEZ12,OilCropAEZ12,2005,NH3_AWB,2.7389485863829e-07
Africa_Eastern,OtherGrain,OtherGrainAEZ01,OtherGrainAEZ01,2005,NH3_AWB,4.55468191468704e-05
Africa_Eastern,OtherGrain,OtherGrainAEZ02,OtherGrainAEZ02,2005,NH3_AWB,0.000187646020608631
Africa_Eastern,OtherGrain,OtherGrainAEZ03,OtherGrainAEZ03,2005,NH3_AWB,9.74531608434745e-05
Africa_Eastern,OtherGrain,OtherGrainAEZ04,OtherGrainAEZ04,2005,NH3_AWB,0.000160269639288617
Africa_Eastern,OtherGrain,OtherGrainAEZ05,OtherGrainAEZ05,2005,NH3_AWB,0.000252926162635488
Africa_Eastern,OtherGrain,OtherGrainAEZ06,OtherGrainAEZ06,2005,NH3_AWB,7.48637786571349e-05
Africa_Eastern,OtherGrain,OtherGrainAEZ07,OtherGrainAEZ07,2005,NH3_AWB,0
Africa_Eastern,OtherGrain,OtherGrainAEZ08,OtherGrainAEZ08,2005,NH3_AWB,1.41631659178698e-05
Africa_Eastern,OtherGrain,OtherGrainAEZ09,OtherGrainAEZ09,2005,NH3_AWB,3.09404518963841e-05
Africa_Eastern,OtherGrain,OtherGrainAEZ10,OtherGrainAEZ10,2005,NH3_AWB,4.59290864223303e-05
Africa_Eastern,OtherGrain,OtherGrainAEZ11,OtherGrainAEZ11,2005,NH3_AWB,5.53611230390922e-05
Africa_Eastern,OtherGrain,OtherGrainAEZ12,OtherGrainAEZ12,2005,NH3_AWB,1.22755170426827e-05
Africa_Eastern,PalmFruit,PalmFruitAEZ01,PalmFruitAEZ01,2005,NH3_AWB,1.11209047878797e-07
Africa_Eastern,PalmFruit,PalmFruitAEZ02,PalmFruitAEZ02,2005,NH3_AWB,5.94082798851223e-07
Africa_Eastern,PalmFruit,PalmFruitAEZ03,PalmFruitAEZ03,2005,NH3_AWB,3.11675697109922e-06
Africa_Eastern,PalmFruit,PalmFruitAEZ04,PalmFruitAEZ04,2005,NH3_AWB,2.76657913365319e-06
Africa_Eastern,PalmFruit,PalmFruitAEZ05,PalmFruitAEZ05,2005,NH3_AWB,5.72073279714897e-06
Africa_Eastern,PalmFruit,PalmFruitAEZ06,PalmFruitAEZ06,2005,NH3_AWB,9.76316716939075e-06
Africa_Eastern,PalmFruit,PalmFruitAEZ07,PalmFruitAEZ07,2005,NH3_AWB,0
Africa_Eastern,PalmFruit,PalmFruitAEZ08,PalmFruitAEZ08,2005,NH3_AWB,0
Africa_Eastern,PalmFruit,PalmFruitAEZ09,PalmFruitAEZ09,2005,NH3_AWB,0
Africa_Eastern,PalmFruit,PalmFruitAEZ10,PalmFruitAEZ10,2005,NH3_AWB,0
Africa_Eastern,PalmFruit,PalmFruitAEZ11,PalmFruitAEZ11,2005,NH3_AWB,0
Africa_Eastern,PalmFruit,PalmFruitAEZ12,PalmFruitAEZ12,2005,NH3_AWB,0
Africa_Eastern,Rice,RiceAEZ01,RiceAEZ01,2005,NH3_AWB,8.20442645650456e-09
Africa_Eastern,Rice,RiceAEZ02,RiceAEZ02,2005,NH3_AWB,1.89848180415446e-06
Africa_Eastern,Rice,RiceAEZ03,RiceAEZ03,2005,NH3_AWB,2.77931127631284e-05
Africa_Eastern,Rice,RiceAEZ04,RiceAEZ04,2005,NH3_AWB,4.99732739359728e-05
Africa_Eastern,Rice,RiceAEZ05,RiceAEZ05,2005,NH3_AWB,4.87274373980227e-05
Africa_Eastern,Rice,RiceAEZ06,RiceAEZ06,2005,NH3_AWB,0.000134229137183362
Africa_Eastern,Rice,RiceAEZ07,RiceAEZ07,2005,NH3_AWB,0
Africa_Eastern,Rice,RiceAEZ08,RiceAEZ08,2005,NH3_AWB,0
Africa_Eastern,Rice,RiceAEZ09,RiceAEZ09,2005,NH3_AWB,0
Africa_Eastern,Rice,RiceAEZ10,RiceAEZ10,2005,NH3_AWB,5.05482581243492e-06
Africa_Eastern,Rice,RiceAEZ11,RiceAEZ11,2005,NH3_AWB,1.37564629900844e-06
Africa_Eastern,Rice,RiceAEZ12,RiceAEZ12,2005,NH3_AWB,0
Africa_Eastern,Root_Tuber,Root_TuberAEZ01,Root_TuberAEZ01,2005,NH3_AWB,5.78217958976883e-05
Africa_Eastern,Root_Tuber,Root_TuberAEZ02,Root_TuberAEZ02,2005,NH3_AWB,0.000172143287689384
Africa_Eastern,Root_Tuber,Root_TuberAEZ03,Root_TuberAEZ03,2005,NH3_AWB,0.000102123298115255
Africa_Eastern,Root_Tuber,Root_TuberAEZ04,Root_TuberAEZ04,2005,NH3_AWB,0.000151797472823471
Africa_Eastern,Root_Tuber,Root_TuberAEZ05,Root_TuberAEZ05,2005,NH3_AWB,0.000695082897372518
Africa_Eastern,Root_Tuber,Root_TuberAEZ06,Root_TuberAEZ06,2005,NH3_AWB,0.000636782165721812
Africa_Eastern,Root_Tuber,Root_TuberAEZ07,Root_TuberAEZ07,2005,NH3_AWB,1.30309200063577e-07
Africa_Eastern,Root_Tuber,Root_TuberAEZ08,Root_TuberAEZ08,2005,NH3_AWB,6.73542544881738e-06
Africa_Eastern,Root_Tuber,Root_TuberAEZ09,Root_TuberAEZ09,2005,NH3_AWB,2.08744131471154e-05
Africa_Eastern,Root_Tuber,Root_TuberAEZ10,Root_TuberAEZ10,2005,NH3_AWB,5.22848634963359e-05
Africa_Eastern,Root_Tuber,Root_TuberAEZ11,Root_TuberAEZ11,2005,NH3_AWB,6.62866200050223e-05
Africa_Eastern,Root_Tuber,Root_TuberAEZ12,Root_TuberAEZ12,2005,NH3_AWB,5.54813943204924e-06
Africa_Eastern,SugarCrop,SugarCropAEZ01,SugarCropAEZ01,2005,NH3_AWB,0.000185337038124386
Africa_Eastern,SugarCrop,SugarCropAEZ02,SugarCropAEZ02,2005,NH3_AWB,0.000445897788549362
Africa_Eastern,SugarCrop,SugarCropAEZ03,SugarCropAEZ03,2005,NH3_AWB,0.000283540614660825
Africa_Eastern,SugarCrop,SugarCropAEZ04,SugarCropAEZ04,2005,NH3_AWB,0.000209189978749574
Africa_Eastern,SugarCrop,SugarCropAEZ05,SugarCropAEZ05,2005,NH3_AWB,0.000343047956654138
Africa_Eastern,SugarCrop,SugarCropAEZ06,SugarCropAEZ06,2005,NH3_AWB,0.000422958731577497
Africa_Eastern,SugarCrop,SugarCropAEZ07,SugarCropAEZ07,2005,NH3_AWB,1.21106006500636e-05
Africa_Eastern,SugarCrop,SugarCropAEZ08,SugarCropAEZ08,2005,NH3_AWB,7.58139246796167e-06
Africa_Eastern,SugarCrop,SugarCropAEZ09,SugarCropAEZ09,2005,NH3_AWB,3.45169735321261e-07
Africa_Eastern,SugarCrop,SugarCropAEZ10,SugarCropAEZ10,2005,NH3_AWB,7.28081213328167e-06
Africa_Eastern,SugarCrop,SugarCropAEZ11,SugarCropAEZ11,2005,NH3_AWB,1.40613869281192e-05
Africa_Eastern,SugarCrop,SugarCropAEZ12,SugarCropAEZ12,2005,NH3_AWB,7.62200067211709e-07
Africa_Eastern,Wheat,WheatAEZ01,WheatAEZ01,2005,NH3_AWB,1.19811094848937e-05
Africa_Eastern,Wheat,WheatAEZ02,WheatAEZ02,2005,NH3_AWB,4.11505997312705e-05
Africa_Eastern,Wheat,WheatAEZ03,WheatAEZ03,2005,NH3_AWB,2.43904651832196e-05
Africa_Eastern,Wheat,WheatAEZ04,WheatAEZ04,2005,NH3_AWB,3.90766370411682e-05
Africa_Eastern,Wheat,WheatAEZ05,WheatAEZ05,2005,NH3_AWB,5.75331577525047e-05
Africa_Eastern,Wheat,WheatAEZ06,WheatAEZ06,2005,NH3_AWB,1.00374901955342e-05
Africa_Eastern,Wheat,WheatAEZ07,WheatAEZ07,2005,NH3_AWB,0
Africa_Eastern,Wheat,WheatAEZ08,WheatAEZ08,2005,NH3_AWB,1.60343349680437e-06
Africa_Eastern,Wheat,WheatAEZ09,WheatAEZ09,2005,NH3_AWB,5.83697317508376e-06
Africa_Eastern,Wheat,WheatAEZ10,WheatAEZ10,2005,NH3_AWB,1.24895535816248e-05
Africa_Eastern,Wheat,WheatAEZ11,WheatAEZ11,2005,NH3_AWB,2.43298362823378e-05
Africa_Eastern,Wheat,WheatAEZ12,WheatAEZ12,2005,NH3_AWB,5.99719421862407e-06
Africa_Eastern,Corn,CornAEZ01,CornAEZ01,2005,NMVOC_AWB,0.000302119487908513
Africa_Eastern,Corn,CornAEZ02,CornAEZ02,2005,NMVOC_AWB,0.000689490551395716
Africa_Eastern,Corn,CornAEZ03,CornAEZ03,2005,NMVOC_AWB,0.00040026907038009
Africa_Eastern,Corn,CornAEZ04,CornAEZ04,2005,NMVOC_AWB,0.000352322015934939
Africa_Eastern,Corn,CornAEZ05,CornAEZ05,2005,NMVOC_AWB,0.000665280026358816
Africa_Eastern,Corn,CornAEZ06,CornAEZ06,2005,NMVOC_AWB,0.000441402304518545
Africa_Eastern,Corn,CornAEZ07,CornAEZ07,2005,NMVOC_AWB,2.32737179461178e-07
Africa_Eastern,Corn,CornAEZ08,CornAEZ08,2005,NMVOC_AWB,1.58618110203484e-05
Africa_Eastern,Corn,CornAEZ09,CornAEZ09,2005,NMVOC_AWB,0.000110239133898968
Africa_Eastern,Corn,CornAEZ10,CornAEZ10,2005,NMVOC_AWB,0.000165524066739121
Africa_Eastern,Corn,CornAEZ11,CornAEZ11,2005,NMVOC_AWB,0.000157054457208294
Africa_Eastern,Corn,CornAEZ12,CornAEZ12,2005,NMVOC_AWB,3.60076903967284e-06
Africa_Eastern,FiberCrop,FiberCropAEZ01,FiberCropAEZ01,2005,NMVOC_AWB,1.83204603817743e-05
Africa_Eastern,FiberCrop,FiberCropAEZ02,FiberCropAEZ02,2005,NMVOC_AWB,5.94095825146583e-05
Africa_Eastern,FiberCrop,FiberCropAEZ03,FiberCropAEZ03,2005,NMVOC_AWB,2.94377581252554e-05
Africa_Eastern,FiberCrop,FiberCropAEZ04,FiberCropAEZ04,2005,NMVOC_AWB,3.11059939227488e-05
Africa_Eastern,FiberCrop,FiberCropAEZ05,FiberCropAEZ05,2005,NMVOC_AWB,2.74201032233675e-05
Africa_Eastern,FiberCrop,FiberCropAEZ06,FiberCropAEZ06,2005,NMVOC_AWB,2.50504646732e-05
Africa_Eastern,FiberCrop,FiberCropAEZ07,FiberCropAEZ07,2005,NMVOC_AWB,2.16703958321601e-06
Africa_Eastern,FiberCrop,FiberCropAEZ08,FiberCropAEZ08,2005,NMVOC_AWB,2.4529862264451e-06
Africa_Eastern,FiberCrop,FiberCropAEZ09,FiberCropAEZ09,2005,NMVOC_AWB,1.29253011827322e-06
Africa_Eastern,FiberCrop,FiberCropAEZ10,FiberCropAEZ10,2005,NMVOC_AWB,3.16657056257511e-06
Africa_Eastern,FiberCrop,FiberCropAEZ11,FiberCropAEZ11,2005,NMVOC_AWB,4.53731926935494e-06
Africa_Eastern,FiberCrop,FiberCropAEZ12,FiberCropAEZ12,2005,NMVOC_AWB,3.09027538198259e-07
Africa_Eastern,FodderGrass,FodderGrassAEZ01,FodderGrassAEZ01,2005,NMVOC_AWB,7.64466788421546e-05
Africa_Eastern,FodderGrass,FodderGrassAEZ02,FodderGrassAEZ02,2005,NMVOC_AWB,0.000251797552716013
Africa_Eastern,FodderGrass,FodderGrassAEZ03,FodderGrassAEZ03,2005,NMVOC_AWB,9.98463701003948e-05
Africa_Eastern,FodderGrass,FodderGrassAEZ04,FodderGrassAEZ04,2005,NMVOC_AWB,0.000111668839111589
Africa_Eastern,FodderGrass,FodderGrassAEZ05,FodderGrassAEZ05,2005,NMVOC_AWB,1.72724596025668e-05
Africa_Eastern,FodderGrass,FodderGrassAEZ06,FodderGrassAEZ06,2005,NMVOC_AWB,0
Africa_Eastern,FodderGrass,FodderGrassAEZ07,FodderGrassAEZ07,2005,NMVOC_AWB,1.10569166120967e-05
Africa_Eastern,FodderGrass,FodderGrassAEZ08,FodderGrassAEZ08,2005,NMVOC_AWB,9.83180777650908e-06
Africa_Eastern,FodderGrass,FodderGrassAEZ09,FodderGrassAEZ09,2005,NMVOC_AWB,0
Africa_Eastern,FodderGrass,FodderGrassAEZ10,FodderGrassAEZ10,2005,NMVOC_AWB,0
Africa_Eastern,FodderGrass,FodderGrassAEZ11,FodderGrassAEZ11,2005,NMVOC_AWB,0
Africa_Eastern,FodderGrass,FodderGrassAEZ12,FodderGrassAEZ12,2005,NMVOC_AWB,0
Africa_Eastern,FodderHerb,FodderHerbAEZ01,FodderHerbAEZ01,2005,NMVOC_AWB,1.27977328508215e-06
Africa_Eastern,FodderHerb,FodderHerbAEZ02,FodderHerbAEZ02,2005,NMVOC_AWB,8.42890058810343e-06
Africa_Eastern,FodderHerb,FodderHerbAEZ03,FodderHerbAEZ03,2005,NMVOC_AWB,3.55610879548615e-06
Africa_Eastern,FodderHerb,FodderHerbAEZ04,FodderHerbAEZ04,2005,NMVOC_AWB,1.12922424805168e-05
Africa_Eastern,FodderHerb,FodderHerbAEZ05,FodderHerbAEZ05,2005,NMVOC_AWB,2.36307333371907e-05
Africa_Eastern,FodderHerb,FodderHerbAEZ06,FodderHerbAEZ06,2005,NMVOC_AWB,2.42752336937378e-07
Africa_Eastern,FodderHerb,FodderHerbAEZ07,FodderHerbAEZ07,2005,NMVOC_AWB,0
Africa_Eastern,FodderHerb,FodderHerbAEZ08,FodderHerbAEZ08,2005,NMVOC_AWB,1.06470323218149e-06
Africa_Eastern,FodderHerb,FodderHerbAEZ09,FodderHerbAEZ09,2005,NMVOC_AWB,6.54437586714219e-07
Africa_Eastern,FodderHerb,FodderHerbAEZ10,FodderHerbAEZ10,2005,NMVOC_AWB,4.47672219024575e-06
Africa_Eastern,FodderHerb,FodderHerbAEZ11,FodderHerbAEZ11,2005,NMVOC_AWB,3.44254045072015e-06
Africa_Eastern,FodderHerb,FodderHerbAEZ12,FodderHerbAEZ12,2005,NMVOC_AWB,3.25089386892748e-07
Africa_Eastern,MiscCrop,MiscCropAEZ01,MiscCropAEZ01,2005,NMVOC_AWB,0.000489441637174269
Africa_Eastern,MiscCrop,MiscCropAEZ02,MiscCropAEZ02,2005,NMVOC_AWB,0.000952816871352094
Africa_Eastern,MiscCrop,MiscCropAEZ03,MiscCropAEZ03,2005,NMVOC_AWB,0.0010947482354451
Africa_Eastern,MiscCrop,MiscCropAEZ04,MiscCropAEZ04,2005,NMVOC_AWB,0.00125442772104907
Africa_Eastern,MiscCrop,MiscCropAEZ05,MiscCropAEZ05,2005,NMVOC_AWB,0.00535585267580021
Africa_Eastern,MiscCrop,MiscCropAEZ06,MiscCropAEZ06,2005,NMVOC_AWB,0.00424602573862671
Africa_Eastern,MiscCrop,MiscCropAEZ07,MiscCropAEZ07,2005,NMVOC_AWB,9.2205750824434e-06
Africa_Eastern,MiscCrop,MiscCropAEZ08,MiscCropAEZ08,2005,NMVOC_AWB,1.77791237247422e-05
Africa_Eastern,MiscCrop,MiscCropAEZ09,MiscCropAEZ09,2005,NMVOC_AWB,4.18898037350818e-05
Africa_Eastern,MiscCrop,MiscCropAEZ10,MiscCropAEZ10,2005,NMVOC_AWB,8.74469110088379e-05
Africa_Eastern,MiscCrop,MiscCropAEZ11,MiscCropAEZ11,2005,NMVOC_AWB,0.000123660080224475
Africa_Eastern,MiscCrop,MiscCropAEZ12,MiscCropAEZ12,2005,NMVOC_AWB,1.54358730663572e-05
Africa_Eastern,OilCrop,OilCropAEZ01,OilCropAEZ01,2005,NMVOC_AWB,8.87388454694229e-05
Africa_Eastern,OilCrop,OilCropAEZ02,OilCropAEZ02,2005,NMVOC_AWB,0.00027425338396015
Africa_Eastern,OilCrop,OilCropAEZ03,OilCropAEZ03,2005,NMVOC_AWB,0.00013653990100981
Africa_Eastern,OilCrop,OilCropAEZ04,OilCropAEZ04,2005,NMVOC_AWB,0.000195793281916567
Africa_Eastern,OilCrop,OilCropAEZ05,OilCropAEZ05,2005,NMVOC_AWB,0.000184659366215235
Africa_Eastern,OilCrop,OilCropAEZ06,OilCropAEZ06,2005,NMVOC_AWB,6.36996513848173e-05
Africa_Eastern,OilCrop,OilCropAEZ07,OilCropAEZ07,2005,NMVOC_AWB,9.83161496004351e-06
Africa_Eastern,OilCrop,OilCropAEZ08,OilCropAEZ08,2005,NMVOC_AWB,1.13074515744209e-05
Africa_Eastern,OilCrop,OilCropAEZ09,OilCropAEZ09,2005,NMVOC_AWB,1.37838553849863e-06
Africa_Eastern,OilCrop,OilCropAEZ10,OilCropAEZ10,2005,NMVOC_AWB,1.03986030378834e-05
Africa_Eastern,OilCrop,OilCropAEZ11,OilCropAEZ11,2005,NMVOC_AWB,7.85653700506821e-06
Africa_Eastern,OilCrop,OilCropAEZ12,OilCropAEZ12,2005,NMVOC_AWB,1.47270984188927e-06
Africa_Eastern,OtherGrain,OtherGrainAEZ01,OtherGrainAEZ01,2005,NMVOC_AWB,0.000244901452907264
Africa_Eastern,OtherGrain,OtherGrainAEZ02,OtherGrainAEZ02,2005,NMVOC_AWB,0.00100895702356589
Africa_Eastern,OtherGrain,OtherGrainAEZ03,OtherGrainAEZ03,2005,NMVOC_AWB,0.000523997528872707
Africa_Eastern,OtherGrain,OtherGrainAEZ04,OtherGrainAEZ04,2005,NMVOC_AWB,0.000861756501417563
Africa_Eastern,OtherGrain,OtherGrainAEZ05,OtherGrainAEZ05,2005,NMVOC_AWB,0.00135996290998833
Africa_Eastern,OtherGrain,OtherGrainAEZ06,OtherGrainAEZ06,2005,NMVOC_AWB,0.000402536302351642
Africa_Eastern,OtherGrain,OtherGrainAEZ07,OtherGrainAEZ07,2005,NMVOC_AWB,0
Africa_Eastern,OtherGrain,OtherGrainAEZ08,OtherGrainAEZ08,2005,NMVOC_AWB,7.61541634744716e-05
Africa_Eastern,OtherGrain,OtherGrainAEZ09,OtherGrainAEZ09,2005,NMVOC_AWB,0.000166364232782048
Africa_Eastern,OtherGrain,OtherGrainAEZ10,OtherGrainAEZ10,2005,NMVOC_AWB,0.000246956872207943
Africa_Eastern,OtherGrain,OtherGrainAEZ11,OtherGrainAEZ11,2005,NMVOC_AWB,0.000297672147491403
Africa_Eastern,OtherGrain,OtherGrainAEZ12,OtherGrainAEZ12,2005,NMVOC_AWB,6.60044326969743e-05
Africa_Eastern,PalmFruit,PalmFruitAEZ01,PalmFruitAEZ01,2005,NMVOC_AWB,5.97961787718436e-07
Africa_Eastern,PalmFruit,PalmFruitAEZ02,PalmFruitAEZ02,2005,NMVOC_AWB,3.19433372760291e-06
Africa_Eastern,PalmFruit,PalmFruitAEZ03,PalmFruitAEZ03,2005,NMVOC_AWB,1.67585426354299e-05
Africa_Eastern,PalmFruit,PalmFruitAEZ04,PalmFruitAEZ04,2005,NMVOC_AWB,1.4875665570186e-05
Africa_Eastern,PalmFruit,PalmFruitAEZ05,PalmFruitAEZ05,2005,NMVOC_AWB,3.07599037640433e-05
Africa_Eastern,PalmFruit,PalmFruitAEZ06,PalmFruitAEZ06,2005,NMVOC_AWB,5.24957366847117e-05
Africa_Eastern,PalmFruit,PalmFruitAEZ07,PalmFruitAEZ07,2005,NMVOC_AWB,0
Africa_Eastern,PalmFruit,PalmFruitAEZ08,PalmFruitAEZ08,2005,NMVOC_AWB,0
Africa_Eastern,PalmFruit,PalmFruitAEZ09,PalmFruitAEZ09,2005,NMVOC_AWB,0
Africa_Eastern,PalmFruit,PalmFruitAEZ10,PalmFruitAEZ10,2005,NMVOC_AWB,0
Africa_Eastern,PalmFruit,PalmFruitAEZ11,PalmFruitAEZ11,2005,NMVOC_AWB,0
Africa_Eastern,PalmFruit,PalmFruitAEZ12,PalmFruitAEZ12,2005,NMVOC_AWB,0
Africa_Eastern,Rice,RiceAEZ01,RiceAEZ01,2005,NMVOC_AWB,4.41145177007783e-08
Africa_Eastern,Rice,RiceAEZ02,RiceAEZ02,2005,NMVOC_AWB,1.02079785342678e-05
Africa_Eastern,Rice,RiceAEZ03,RiceAEZ03,2005,NMVOC_AWB,0.000149441252407925
Africa_Eastern,Rice,RiceAEZ04,RiceAEZ04,2005,NMVOC_AWB,0.000268702131623902
Africa_Eastern,Rice,RiceAEZ05,RiceAEZ05,2005,NMVOC_AWB,0.000262003372326462
Africa_Eastern,Rice,RiceAEZ06,RiceAEZ06,2005,NMVOC_AWB,0.000721738890540122
Africa_Eastern,Rice,RiceAEZ07,RiceAEZ07,2005,NMVOC_AWB,0
Africa_Eastern,Rice,RiceAEZ08,RiceAEZ08,2005,NMVOC_AWB,0
Africa_Eastern,Rice,RiceAEZ09,RiceAEZ09,2005,NMVOC_AWB,0
Africa_Eastern,Rice,RiceAEZ10,RiceAEZ10,2005,NMVOC_AWB,2.71793773713727e-05
Africa_Eastern,Rice,RiceAEZ11,RiceAEZ11,2005,NMVOC_AWB,7.39673557065105e-06
Africa_Eastern,Rice,RiceAEZ12,RiceAEZ12,2005,NMVOC_AWB,0
Africa_Eastern,Root_Tuber,Root_TuberAEZ01,Root_TuberAEZ01,2005,NMVOC_AWB,0.000310902980499883
Africa_Eastern,Root_Tuber,Root_TuberAEZ02,Root_TuberAEZ02,2005,NMVOC_AWB,0.000925600119899044
Africa_Eastern,Root_Tuber,Root_TuberAEZ03,Root_TuberAEZ03,2005,NMVOC_AWB,0.000549108468002122
Africa_Eastern,Root_Tuber,Root_TuberAEZ04,Root_TuberAEZ04,2005,NMVOC_AWB,0.000816202367990681
Africa_Eastern,Root_Tuber,Root_TuberAEZ05,Root_TuberAEZ05,2005,NMVOC_AWB,0.00373740284494086
Africa_Eastern,Root_Tuber,Root_TuberAEZ06,Root_TuberAEZ06,2005,NMVOC_AWB,0.0034239246667881
Africa_Eastern,Root_Tuber,Root_TuberAEZ07,Root_TuberAEZ07,2005,NMVOC_AWB,7.00661715142982e-07
Africa_Eastern,Root_Tuber,Root_TuberAEZ08,Root_TuberAEZ08,2005,NMVOC_AWB,3.62158216371796e-05
Africa_Eastern,Root_Tuber,Root_TuberAEZ09,Root_TuberAEZ09,2005,NMVOC_AWB,0.000112239980838845
Africa_Eastern,Root_Tuber,Root_TuberAEZ10,Root_TuberAEZ10,2005,NMVOC_AWB,0.000281131356155097
Africa_Eastern,Root_Tuber,Root_TuberAEZ11,Root_TuberAEZ11,2005,NMVOC_AWB,0.000356417634680359
Africa_Eastern,Root_Tuber,Root_TuberAEZ12,Root_TuberAEZ12,2005,NMVOC_AWB,2.98318836153963e-05
Africa_Eastern,SugarCrop,SugarCropAEZ01,SugarCropAEZ01,2005,NMVOC_AWB,0.000996541817065832
Africa_Eastern,SugarCrop,SugarCropAEZ02,SugarCropAEZ02,2005,NMVOC_AWB,0.00239755526970489
Africa_Eastern,SugarCrop,SugarCropAEZ03,SugarCropAEZ03,2005,NMVOC_AWB,0.00152457426861665
Africa_Eastern,SugarCrop,SugarCropAEZ04,SugarCropAEZ04,2005,NMVOC_AWB,0.00112479709206939
Africa_Eastern,SugarCrop,SugarCropAEZ05,SugarCropAEZ05,2005,NMVOC_AWB,0.00184454029008169
Africa_Eastern,SugarCrop,SugarCropAEZ06,SugarCropAEZ06,2005,NMVOC_AWB,0.00227421387098686
Africa_Eastern,SugarCrop,SugarCropAEZ07,SugarCropAEZ07,2005,NMVOC_AWB,6.51176909899323e-05
Africa_Eastern,SugarCrop,SugarCropAEZ08,SugarCropAEZ08,2005,NMVOC_AWB,4.07645158375802e-05
Africa_Eastern,SugarCrop,SugarCropAEZ09,SugarCropAEZ09,2005,NMVOC_AWB,1.85594891724949e-06
Africa_Eastern,SugarCrop,SugarCropAEZ10,SugarCropAEZ10,2005,NMVOC_AWB,3.91483204136778e-05
Africa_Eastern,SugarCrop,SugarCropAEZ11,SugarCropAEZ11,2005,NMVOC_AWB,7.56069063238682e-05
Africa_Eastern,SugarCrop,SugarCropAEZ12,SugarCropAEZ12,2005,NMVOC_AWB,4.09828627690212e-06
Africa_Eastern,Wheat,WheatAEZ01,WheatAEZ01,2005,NMVOC_AWB,6.44214277802772e-05
Africa_Eastern,Wheat,WheatAEZ02,WheatAEZ02,2005,NMVOC_AWB,0.00022126334727561
Africa_Eastern,Wheat,WheatAEZ03,WheatAEZ03,2005,NMVOC_AWB,0.000131145499781074
Africa_Eastern,Wheat,WheatAEZ04,WheatAEZ04,2005,NMVOC_AWB,0.0002101118226336
Africa_Eastern,Wheat,WheatAEZ05,WheatAEZ05,2005,NMVOC_AWB,0.000309350997234224
Africa_Eastern,Wheat,WheatAEZ06,WheatAEZ06,2005,NMVOC_AWB,5.39707487476138e-05
Africa_Eastern,Wheat,WheatAEZ07,WheatAEZ07,2005,NMVOC_AWB,0
Africa_Eastern,Wheat,WheatAEZ08,WheatAEZ08,2005,NMVOC_AWB,8.62152836054958e-06
Africa_Eastern,Wheat,WheatAEZ09,WheatAEZ09,2005,NMVOC_AWB,3.13849185944077e-05
Africa_Eastern,Wheat,WheatAEZ10,WheatAEZ10,2005,NMVOC_AWB,6.71552893395234e-05
Africa_Eastern,Wheat,WheatAEZ11,WheatAEZ11,2005,NMVOC_AWB,0.000130819503230882
Africa_Eastern,Wheat,WheatAEZ12,WheatAEZ12,2005,NMVOC_AWB,3.22464138005342e-05
Africa_Eastern,Corn,CornAEZ01,CornAEZ01,2005,NOx_AWB,0.000164158781345698
Africa_Eastern,Corn,CornAEZ02,CornAEZ02,2005,NOx_AWB,0.000374639615107415
Africa_Eastern,Corn,CornAEZ03,CornAEZ03,2005,NOx_AWB,0.000217489057918265
Africa_Eastern,Corn,CornAEZ04,CornAEZ04,2005,NOx_AWB,0.000191436683470923
Africa_Eastern,Corn,CornAEZ05,CornAEZ05,2005,NOx_AWB,0.000361484653428807
Africa_Eastern,Corn,CornAEZ06,CornAEZ06,2005,NOx_AWB,0.00023983909444097
Africa_Eastern,Corn,CornAEZ07,CornAEZ07,2005,NOx_AWB,1.26459408556099e-07
Africa_Eastern,Corn,CornAEZ08,CornAEZ08,2005,NOx_AWB,8.6186282952547e-06
Africa_Eastern,Corn,CornAEZ09,CornAEZ09,2005,NOx_AWB,5.98992206783425e-05
Africa_Eastern,Corn,CornAEZ10,CornAEZ10,2005,NOx_AWB,8.99386837551719e-05
Africa_Eastern,Corn,CornAEZ11,CornAEZ11,2005,NOx_AWB,8.53366609307605e-05
Africa_Eastern,Corn,CornAEZ12,CornAEZ12,2005,NOx_AWB,1.9565035726494e-06
Africa_Eastern,FiberCrop,FiberCropAEZ01,FiberCropAEZ01,2005,NOx_AWB,9.95455298426475e-06
Africa_Eastern,FiberCrop,FiberCropAEZ02,FiberCropAEZ02,2005,NOx_AWB,3.22806209337158e-05
Africa_Eastern,FiberCrop,FiberCropAEZ03,FiberCropAEZ03,2005,NOx_AWB,1.59952161075247e-05
Africa_Eastern,FiberCrop,FiberCropAEZ04,FiberCropAEZ04,2005,NOx_AWB,1.69016639418223e-05
Africa_Eastern,FiberCrop,FiberCropAEZ05,FiberCropAEZ05,2005,NOx_AWB,1.48989089074728e-05
Africa_Eastern,FiberCrop,FiberCropAEZ06,FiberCropAEZ06,2005,NOx_AWB,1.3611348878432e-05
Africa_Eastern,FiberCrop,FiberCropAEZ07,FiberCropAEZ07,2005,NOx_AWB,1.17747643348434e-06
Africa_Eastern,FiberCrop,FiberCropAEZ08,FiberCropAEZ08,2005,NOx_AWB,1.33284758417488e-06
Africa_Eastern,FiberCrop,FiberCropAEZ09,FiberCropAEZ09,2005,NOx_AWB,7.02305470385927e-07
Africa_Eastern,FiberCrop,FiberCropAEZ10,FiberCropAEZ10,2005,NOx_AWB,1.72057872928377e-06
Africa_Eastern,FiberCrop,FiberCropAEZ11,FiberCropAEZ11,2005,NOx_AWB,2.46538482833392e-06
Africa_Eastern,FiberCrop,FiberCropAEZ12,FiberCropAEZ12,2005,NOx_AWB,1.67912319804571e-07
Africa_Eastern,FodderGrass,FodderGrassAEZ01,FodderGrassAEZ01,2005,NOx_AWB,4.1537848893926e-05
Africa_Eastern,FodderGrass,FodderGrassAEZ02,FodderGrassAEZ02,2005,NOx_AWB,0.00013681599848404
Africa_Eastern,FodderGrass,FodderGrassAEZ03,FodderGrassAEZ03,2005,NOx_AWB,5.42522382483178e-05
Africa_Eastern,FodderGrass,FodderGrassAEZ04,FodderGrassAEZ04,2005,NOx_AWB,6.06760612158805e-05
Africa_Eastern,FodderGrass,FodderGrassAEZ05,FodderGrassAEZ05,2005,NOx_AWB,9.38511427656989e-06
Africa_Eastern,FodderGrass,FodderGrassAEZ06,FodderGrassAEZ06,2005,NOx_AWB,0
Africa_Eastern,FodderGrass,FodderGrassAEZ07,FodderGrassAEZ07,2005,NOx_AWB,6.00785460430957e-06
Africa_Eastern,FodderGrass,FodderGrassAEZ08,FodderGrassAEZ08,2005,NOx_AWB,5.34218296936089e-06
Africa_Eastern,FodderGrass,FodderGrassAEZ09,FodderGrassAEZ09,2005,NOx_AWB,0
Africa_Eastern,FodderGrass,FodderGrassAEZ10,FodderGrassAEZ10,2005,NOx_AWB,0
Africa_Eastern,FodderGrass,FodderGrassAEZ11,FodderGrassAEZ11,2005,NOx_AWB,0
Africa_Eastern,FodderGrass,FodderGrassAEZ12,FodderGrassAEZ12,2005,NOx_AWB,0
Africa_Eastern,FodderHerb,FodderHerbAEZ01,FodderHerbAEZ01,2005,NOx_AWB,6.95373953968452e-07
Africa_Eastern,FodderHerb,FodderHerbAEZ02,FodderHerbAEZ02,2005,NOx_AWB,4.5799033296591e-06
Africa_Eastern,FodderHerb,FodderHerbAEZ03,FodderHerbAEZ03,2005,NOx_AWB,1.9322371100288e-06
Africa_Eastern,FodderHerb,FodderHerbAEZ04,FodderHerbAEZ04,2005,NOx_AWB,6.13572059549866e-06
Africa_Eastern,FodderHerb,FodderHerbAEZ05,FodderHerbAEZ05,2005,NOx_AWB,1.28399277179799e-05
Africa_Eastern,FodderHerb,FodderHerbAEZ06,FodderHerbAEZ06,2005,NOx_AWB,1.31901215894182e-07
Africa_Eastern,FodderHerb,FodderHerbAEZ07,FodderHerbAEZ07,2005,NOx_AWB,0
Africa_Eastern,FodderHerb,FodderHerbAEZ08,FodderHerbAEZ08,2005,NOx_AWB,5.78514104799044e-07
Africa_Eastern,FodderHerb,FodderHerbAEZ09,FodderHerbAEZ09,2005,NOx_AWB,3.55593336416479e-07
Africa_Eastern,FodderHerb,FodderHerbAEZ10,FodderHerbAEZ10,2005,NOx_AWB,2.43245897264505e-06
Africa_Eastern,FodderHerb,FodderHerbAEZ11,FodderHerbAEZ11,2005,NOx_AWB,1.87052893885025e-06
Africa_Eastern,FodderHerb,FodderHerbAEZ12,FodderHerbAEZ12,2005,NOx_AWB,1.76639639998642e-07
Africa_Eastern,MiscCrop,MiscCropAEZ01,MiscCropAEZ01,2005,NOx_AWB,0.000265941608913033
Africa_Eastern,MiscCrop,MiscCropAEZ02,MiscCropAEZ02,2005,NOx_AWB,0.000517719851604361
Africa_Eastern,MiscCrop,MiscCropAEZ03,MiscCropAEZ03,2005,NOx_AWB,0.000594839271889148
Africa_Eastern,MiscCrop,MiscCropAEZ04,MiscCropAEZ04,2005,NOx_AWB,0.000681602260745376
Africa_Eastern,MiscCrop,MiscCropAEZ05,MiscCropAEZ05,2005,NOx_AWB,0.00291014080029389
Africa_Eastern,MiscCrop,MiscCropAEZ06,MiscCropAEZ06,2005,NOx_AWB,0.00230710840813586
Africa_Eastern,MiscCrop,MiscCropAEZ07,MiscCropAEZ07,2005,NOx_AWB,5.01006531991335e-06
Africa_Eastern,MiscCrop,MiscCropAEZ08,MiscCropAEZ08,2005,NOx_AWB,9.66041384570292e-06
Africa_Eastern,MiscCrop,MiscCropAEZ09,MiscCropAEZ09,2005,NOx_AWB,2.27611240160842e-05
Africa_Eastern,MiscCrop,MiscCropAEZ10,MiscCropAEZ10,2005,NOx_AWB,4.75149036000074e-05
Africa_Eastern,MiscCrop,MiscCropAEZ11,MiscCropAEZ11,2005,NOx_AWB,6.71915877101856e-05
Africa_Eastern,MiscCrop,MiscCropAEZ12,MiscCropAEZ12,2005,NOx_AWB,8.38719186611162e-06
Africa_Eastern,OilCrop,OilCropAEZ01,OilCropAEZ01,2005,NOx_AWB,4.82168854155345e-05
Africa_Eastern,OilCrop,OilCropAEZ02,OilCropAEZ02,2005,NOx_AWB,0.000149017534759179
Africa_Eastern,OilCrop,OilCropAEZ03,OilCropAEZ03,2005,NOx_AWB,7.41899303153202e-05
Africa_Eastern,OilCrop,OilCropAEZ04,OilCropAEZ04,2005,NOx_AWB,0.000106385677989867
Africa_Eastern,OilCrop,OilCropAEZ05,OilCropAEZ05,2005,NOx_AWB,0.000100335985380531
Africa_Eastern,OilCrop,OilCropAEZ06,OilCropAEZ06,2005,NOx_AWB,3.46116604919043e-05
Africa_Eastern,OilCrop,OilCropAEZ07,OilCropAEZ07,2005,NOx_AWB,5.34207820115733e-06
Africa_Eastern,OilCrop,OilCropAEZ08,OilCropAEZ08,2005,NOx_AWB,6.1439845652874e-06
Africa_Eastern,OilCrop,OilCropAEZ09,OilCropAEZ09,2005,NOx_AWB,7.48955626103106e-07
Africa_Eastern,OilCrop,OilCropAEZ10,OilCropAEZ10,2005,NOx_AWB,5.65015522240505e-06
Africa_Eastern,OilCrop,OilCropAEZ11,OilCropAEZ11,2005,NOx_AWB,4.26890548927427e-06
Africa_Eastern,OilCrop,OilCropAEZ12,OilCropAEZ12,2005,NOx_AWB,8.00207409968761e-07
Africa_Eastern,OtherGrain,OtherGrainAEZ01,OtherGrainAEZ01,2005,NOx_AWB,0.000133068953404361
Africa_Eastern,OtherGrain,OtherGrainAEZ02,OtherGrainAEZ02,2005,NOx_AWB,0.000548224004235421
Africa_Eastern,OtherGrain,OtherGrainAEZ03,OtherGrainAEZ03,2005,NOx_AWB,0.00028471779944877
Africa_Eastern,OtherGrain,OtherGrainAEZ04,OtherGrainAEZ04,2005,NOx_AWB,0.000468241549291511
Africa_Eastern,OtherGrain,OtherGrainAEZ05,OtherGrainAEZ05,2005,NOx_AWB,0.000738945559336568
Africa_Eastern,OtherGrain,OtherGrainAEZ06,OtherGrainAEZ06,2005,NOx_AWB,0.000218720974601477
Africa_Eastern,OtherGrain,OtherGrainAEZ07,OtherGrainAEZ07,2005,NOx_AWB,0
Africa_Eastern,OtherGrain,OtherGrainAEZ08,OtherGrainAEZ08,2005,NOx_AWB,4.13789085798927e-05
Africa_Eastern,OtherGrain,OtherGrainAEZ09,OtherGrainAEZ09,2005,NOx_AWB,9.03951939746538e-05
Africa_Eastern,OtherGrain,OtherGrainAEZ10,OtherGrainAEZ10,2005,NOx_AWB,0.000134185780160192
Africa_Eastern,OtherGrain,OtherGrainAEZ11,OtherGrainAEZ11,2005,NOx_AWB,0.000161742287169317
Africa_Eastern,OtherGrain,OtherGrainAEZ12,OtherGrainAEZ12,2005,NOx_AWB,3.58639798774933e-05
Africa_Eastern,PalmFruit,PalmFruitAEZ01,PalmFruitAEZ01,2005,NOx_AWB,3.249068077094e-07
Africa_Eastern,PalmFruit,PalmFruitAEZ02,PalmFruitAEZ02,2005,NOx_AWB,1.73566404327267e-06
Africa_Eastern,PalmFruit,PalmFruitAEZ03,PalmFruitAEZ03,2005,NOx_AWB,9.10587382233075e-06
Africa_Eastern,PalmFruit,PalmFruitAEZ04,PalmFruitAEZ04,2005,NOx_AWB,8.0827991223372e-06
Africa_Eastern,PalmFruit,PalmFruitAEZ05,PalmFruitAEZ05,2005,NOx_AWB,1.67136133824819e-05
Africa_Eastern,PalmFruit,PalmFruitAEZ06,PalmFruitAEZ06,2005,NOx_AWB,2.85239334266862e-05
Africa_Eastern,PalmFruit,PalmFruitAEZ07,PalmFruitAEZ07,2005,NOx_AWB,0
Africa_Eastern,PalmFruit,PalmFruitAEZ08,PalmFruitAEZ08,2005,NOx_AWB,0
Africa_Eastern,PalmFruit,PalmFruitAEZ09,PalmFruitAEZ09,2005,NOx_AWB,0
Africa_Eastern,PalmFruit,PalmFruitAEZ10,PalmFruitAEZ10,2005,NOx_AWB,0
Africa_Eastern,PalmFruit,PalmFruitAEZ11,PalmFruitAEZ11,2005,NOx_AWB,0
Africa_Eastern,PalmFruit,PalmFruitAEZ12,PalmFruitAEZ12,2005,NOx_AWB,0
Africa_Eastern,Rice,RiceAEZ01,RiceAEZ01,2005,NOx_AWB,2.39699382371718e-08
Africa_Eastern,Rice,RiceAEZ02,RiceAEZ02,2005,NOx_AWB,5.5465780370179e-06
Africa_Eastern,Rice,RiceAEZ03,RiceAEZ03,2005,NOx_AWB,8.11999717326698e-05
Africa_Eastern,Rice,RiceAEZ04,RiceAEZ04,2005,NOx_AWB,0.000146001222157931
Africa_Eastern,Rice,RiceAEZ05,RiceAEZ05,2005,NOx_AWB,0.000142361403454383
Africa_Eastern,Rice,RiceAEZ06,RiceAEZ06,2005,NOx_AWB,0.000392161980483499
Africa_Eastern,Rice,RiceAEZ07,RiceAEZ07,2005,NOx_AWB,0
Africa_Eastern,Rice,RiceAEZ08,RiceAEZ08,2005,NOx_AWB,0
Africa_Eastern,Rice,RiceAEZ09,RiceAEZ09,2005,NOx_AWB,0
Africa_Eastern,Rice,RiceAEZ10,RiceAEZ10,2005,NOx_AWB,1.47681087966443e-05
Africa_Eastern,Rice,RiceAEZ11,RiceAEZ11,2005,NOx_AWB,4.01906909620524e-06
Africa_Eastern,Rice,RiceAEZ12,RiceAEZ12,2005,NOx_AWB,0
Africa_Eastern,Root_Tuber,Root_TuberAEZ01,Root_TuberAEZ01,2005,NOx_AWB,0.000168931354772656
Africa_Eastern,Root_Tuber,Root_TuberAEZ02,Root_TuberAEZ02,2005,NOx_AWB,0.00050293143533353
Africa_Eastern,Root_Tuber,Root_TuberAEZ03,Root_TuberAEZ03,2005,NOx_AWB,0.000298362007554866
Africa_Eastern,Root_Tuber,Root_TuberAEZ04,Root_TuberAEZ04,2005,NOx_AWB,0.000443489385568524
Africa_Eastern,Root_Tuber,Root_TuberAEZ05,Root_TuberAEZ05,2005,NOx_AWB,0.00203074452651404
Africa_Eastern,Root_Tuber,Root_TuberAEZ06,Root_TuberAEZ06,2005,NOx_AWB,0.00186041391970588
Africa_Eastern,Root_Tuber,Root_TuberAEZ07,Root_TuberAEZ07,2005,NOx_AWB,3.80709546708516e-07
Africa_Eastern,Root_Tuber,Root_TuberAEZ08,Root_TuberAEZ08,2005,NOx_AWB,1.96781253223654e-05
Africa_Eastern,Root_Tuber,Root_TuberAEZ09,Root_TuberAEZ09,2005,NOx_AWB,6.09863951522014e-05
Africa_Eastern,Root_Tuber,Root_TuberAEZ10,Root_TuberAEZ10,2005,NOx_AWB,0.00015275473007044
Africa_Eastern,Root_Tuber,Root_TuberAEZ11,Root_TuberAEZ11,2005,NOx_AWB,0.000193662067165167
Africa_Eastern,Root_Tuber,Root_TuberAEZ12,Root_TuberAEZ12,2005,NOx_AWB,1.62093670072455e-05
Africa_Eastern,SugarCrop,SugarCropAEZ01,SugarCropAEZ01,2005,NOx_AWB,0.000541478113120241
Africa_Eastern,SugarCrop,SugarCropAEZ02,SugarCropAEZ02,2005,NOx_AWB,0.00130272877796912
Africa_Eastern,SugarCrop,SugarCropAEZ03,SugarCropAEZ03,2005,NOx_AWB,0.000828388316621618
Africa_Eastern,SugarCrop,SugarCropAEZ04,SugarCropAEZ04,2005,NOx_AWB,0.00061116653273029
Africa_Eastern,SugarCrop,SugarCropAEZ05,SugarCropAEZ05,2005,NOx_AWB,0.00100224413942653
Africa_Eastern,SugarCrop,SugarCropAEZ06,SugarCropAEZ06,2005,NOx_AWB,0.00123571034813133
Africa_Eastern,SugarCrop,SugarCropAEZ07,SugarCropAEZ07,2005,NOx_AWB,3.53821624382935e-05
Africa_Eastern,SugarCrop,SugarCropAEZ08,SugarCropAEZ08,2005,NOx_AWB,2.21496908007172e-05
Africa_Eastern,SugarCrop,SugarCropAEZ09,SugarCropAEZ09,2005,NOx_AWB,1.00844309847303e-06
Africa_Eastern,SugarCrop,SugarCropAEZ10,SugarCropAEZ10,2005,NOx_AWB,2.12715194750573e-05
Africa_Eastern,SugarCrop,SugarCropAEZ11,SugarCropAEZ11,2005,NOx_AWB,4.10815524988677e-05
Africa_Eastern,SugarCrop,SugarCropAEZ12,SugarCropAEZ12,2005,NOx_AWB,2.22683311652434e-06
Africa_Eastern,Wheat,WheatAEZ01,WheatAEZ01,2005,NOx_AWB,3.50038428509538e-05
Africa_Eastern,Wheat,WheatAEZ02,WheatAEZ02,2005,NOx_AWB,0.000120225019897536
Africa_Eastern,Wheat,WheatAEZ03,WheatAEZ03,2005,NOx_AWB,7.12588438834933e-05
Africa_Eastern,Wheat,WheatAEZ04,WheatAEZ04,2005,NOx_AWB,0.000114165759344528
Africa_Eastern,Wheat,WheatAEZ05,WheatAEZ05,2005,NOx_AWB,0.00016808807358175
Africa_Eastern,Wheat,WheatAEZ06,WheatAEZ06,2005,NOx_AWB,2.93253917648837e-05
Africa_Eastern,Wheat,WheatAEZ07,WheatAEZ07,2005,NOx_AWB,0
Africa_Eastern,Wheat,WheatAEZ08,WheatAEZ08,2005,NOx_AWB,4.68456900547168e-06
Africa_Eastern,Wheat,WheatAEZ09,WheatAEZ09,2005,NOx_AWB,1.70532196541127e-05
Africa_Eastern,Wheat,WheatAEZ10,WheatAEZ10,2005,NOx_AWB,3.64893060530814e-05
Africa_Eastern,Wheat,WheatAEZ11,WheatAEZ11,2005,NOx_AWB,7.10817113298374e-05
Africa_Eastern,Wheat,WheatAEZ12,WheatAEZ12,2005,NOx_AWB,1.75213192267418e-05
Africa_Eastern,Corn,CornAEZ01,CornAEZ01,2005,SO2_AWB,2.43007355934961e-05
Africa_Eastern,Corn,CornAEZ02,CornAEZ02,2005,SO2_AWB,5.54586124174648e-05
Africa_Eastern,Corn,CornAEZ03,CornAEZ03,2005,SO2_AWB,3.21953175311436e-05
Africa_Eastern,Corn,CornAEZ04,CornAEZ04,2005,SO2_AWB,2.83387351549964e-05
Africa_Eastern,Corn,CornAEZ05,CornAEZ05,2005,SO2_AWB,5.35112585027131e-05
Africa_Eastern,Corn,CornAEZ06,CornAEZ06,2005,SO2_AWB,3.55038358058953e-05
Africa_Eastern,Corn,CornAEZ07,CornAEZ07,2005,SO2_AWB,1.87200259738782e-08
Africa_Eastern,Corn,CornAEZ08,CornAEZ08,2005,SO2_AWB,1.27583188462246e-06
Africa_Eastern,Corn,CornAEZ09,CornAEZ09,2005,SO2_AWB,8.8669951861763e-06
Africa_Eastern,Corn,CornAEZ10,CornAEZ10,2005,SO2_AWB,1.33137938503512e-05
Africa_Eastern,Corn,CornAEZ11,CornAEZ11,2005,SO2_AWB,1.26325476877365e-05
Africa_Eastern,Corn,CornAEZ12,CornAEZ12,2005,SO2_AWB,2.89624932744602e-07
Africa_Eastern,FiberCrop,FiberCropAEZ01,FiberCropAEZ01,2005,SO2_AWB,1.4735913488091e-06
Africa_Eastern,FiberCrop,FiberCropAEZ02,FiberCropAEZ02,2005,SO2_AWB,4.77856151022565e-06
Africa_Eastern,FiberCrop,FiberCropAEZ03,FiberCropAEZ03,2005,SO2_AWB,2.36780216204969e-06
Africa_Eastern,FiberCrop,FiberCropAEZ04,FiberCropAEZ04,2005,SO2_AWB,2.50198535328683e-06
Africa_Eastern,FiberCrop,FiberCropAEZ05,FiberCropAEZ05,2005,SO2_AWB,2.20551372898925e-06
Africa_Eastern,FiberCrop,FiberCropAEZ06,FiberCropAEZ06,2005,SO2_AWB,2.01491377710129e-06
Africa_Eastern,FiberCrop,FiberCropAEZ07,FiberCropAEZ07,2005,SO2_AWB,1.74304068555547e-07
Africa_Eastern,FiberCrop,FiberCropAEZ08,FiberCropAEZ08,2005,SO2_AWB,1.97303954524711e-07
Africa_Eastern,FiberCrop,FiberCropAEZ09,FiberCropAEZ09,2005,SO2_AWB,1.03963610120706e-07
Africa_Eastern,FiberCrop,FiberCropAEZ10,FiberCropAEZ10,2005,SO2_AWB,2.54700530945518e-07
Africa_Eastern,FiberCrop,FiberCropAEZ11,FiberCropAEZ11,2005,SO2_AWB,3.64955589694559e-07
Africa_Eastern,FiberCrop,FiberCropAEZ12,FiberCropAEZ12,2005,SO2_AWB,2.48563790070337e-08
Africa_Eastern,FodderGrass,FodderGrassAEZ01,FodderGrassAEZ01,2005,SO2_AWB,6.14892651382576e-06
Africa_Eastern,FodderGrass,FodderGrassAEZ02,FodderGrassAEZ02,2005,SO2_AWB,2.0253131613589e-05
Africa_Eastern,FodderGrass,FodderGrassAEZ03,FodderGrassAEZ03,2005,SO2_AWB,8.03106167224404e-06
Africa_Eastern,FodderGrass,FodderGrassAEZ04,FodderGrassAEZ04,2005,SO2_AWB,8.98199236358143e-06
Africa_Eastern,FodderGrass,FodderGrassAEZ05,FodderGrassAEZ05,2005,SO2_AWB,1.3892962574411e-06
Africa_Eastern,FodderGrass,FodderGrassAEZ06,FodderGrassAEZ06,2005,SO2_AWB,0
Africa_Eastern,FodderGrass,FodderGrassAEZ07,FodderGrassAEZ07,2005,SO2_AWB,8.89354105986246e-07
Africa_Eastern,FodderGrass,FodderGrassAEZ08,FodderGrassAEZ08,2005,SO2_AWB,7.90813471970982e-07
Africa_Eastern,FodderGrass,FodderGrassAEZ09,FodderGrassAEZ09,2005,SO2_AWB,0
Africa_Eastern,FodderGrass,FodderGrassAEZ10,FodderGrassAEZ10,2005,SO2_AWB,0
Africa_Eastern,FodderGrass,FodderGrassAEZ11,FodderGrassAEZ11,2005,SO2_AWB,0
Africa_Eastern,FodderGrass,FodderGrassAEZ12,FodderGrassAEZ12,2005,SO2_AWB,0
Africa_Eastern,FodderHerb,FodderHerbAEZ01,FodderHerbAEZ01,2005,SO2_AWB,1.02937524605558e-07
Africa_Eastern,FodderHerb,FodderHerbAEZ02,FodderHerbAEZ02,2005,SO2_AWB,6.7797177187521e-07
Africa_Eastern,FodderHerb,FodderHerbAEZ03,FodderHerbAEZ03,2005,SO2_AWB,2.86032722281666e-07
Africa_Eastern,FodderHerb,FodderHerbAEZ04,FodderHerbAEZ04,2005,SO2_AWB,9.08282351053702e-07
Africa_Eastern,FodderHerb,FodderHerbAEZ05,FodderHerbAEZ05,2005,SO2_AWB,1.90071884035954e-06
Africa_Eastern,FodderHerb,FodderHerbAEZ06,FodderHerbAEZ06,2005,SO2_AWB,1.9525587030006e-08
Africa_Eastern,FodderHerb,FodderHerbAEZ07,FodderHerbAEZ07,2005,SO2_AWB,0
Africa_Eastern,FodderHerb,FodderHerbAEZ08,FodderHerbAEZ08,2005,SO2_AWB,8.56385396052897e-08
Africa_Eastern,FodderHerb,FodderHerbAEZ09,FodderHerbAEZ09,2005,SO2_AWB,5.26391556773847e-08
Africa_Eastern,FodderHerb,FodderHerbAEZ10,FodderHerbAEZ10,2005,SO2_AWB,3.60081512860375e-07
Africa_Eastern,FodderHerb,FodderHerbAEZ11,FodderHerbAEZ11,2005,SO2_AWB,2.76897944723771e-07
Africa_Eastern,FodderHerb,FodderHerbAEZ12,FodderHerbAEZ12,2005,SO2_AWB,2.61483007594819e-08
Africa_Eastern,MiscCrop,MiscCropAEZ01,MiscCropAEZ01,2005,SO2_AWB,3.93678405049509e-05
Africa_Eastern,MiscCrop,MiscCropAEZ02,MiscCropAEZ02,2005,SO2_AWB,7.66390510590332e-05
Africa_Eastern,MiscCrop,MiscCropAEZ03,MiscCropAEZ03,2005,SO2_AWB,8.80551850367688e-05
Africa_Eastern,MiscCrop,MiscCropAEZ04,MiscCropAEZ04,2005,SO2_AWB,0.000100898874751159
Africa_Eastern,MiscCrop,MiscCropAEZ05,MiscCropAEZ05,2005,SO2_AWB,0.000430793659334388
Africa_Eastern,MiscCrop,MiscCropAEZ06,MiscCropAEZ06,2005,SO2_AWB,0.000341525631172763
Africa_Eastern,MiscCrop,MiscCropAEZ07,MiscCropAEZ07,2005,SO2_AWB,7.41649466737768e-07
Africa_Eastern,MiscCrop,MiscCropAEZ08,MiscCropAEZ08,2005,SO2_AWB,1.43004937453702e-06
Africa_Eastern,MiscCrop,MiscCropAEZ09,MiscCropAEZ09,2005,SO2_AWB,3.36937233568304e-06
Africa_Eastern,MiscCrop,MiscCropAEZ10,MiscCropAEZ10,2005,SO2_AWB,7.03372125249084e-06
Africa_Eastern,MiscCrop,MiscCropAEZ11,MiscCropAEZ11,2005,SO2_AWB,9.94649810182213e-06
Africa_Eastern,MiscCrop,MiscCropAEZ12,MiscCropAEZ12,2005,SO2_AWB,1.24157191128929e-06
Africa_Eastern,OilCrop,OilCropAEZ01,OilCropAEZ01,2005,SO2_AWB,7.13763695136926e-06
Africa_Eastern,OilCrop,OilCropAEZ02,OilCropAEZ02,2005,SO2_AWB,2.20593481584853e-05
Africa_Eastern,OilCrop,OilCropAEZ03,OilCropAEZ03,2005,SO2_AWB,1.0982476024209e-05
Africa_Eastern,OilCrop,OilCropAEZ04,OilCropAEZ04,2005,SO2_AWB,1.57484735849881e-05
Africa_Eastern,OilCrop,OilCropAEZ05,OilCropAEZ05,2005,SO2_AWB,1.48529261198068e-05
Africa_Eastern,OilCrop,OilCropAEZ06,OilCropAEZ06,2005,SO2_AWB,5.12362971490628e-06
Africa_Eastern,OilCrop,OilCropAEZ07,OilCropAEZ07,2005,SO2_AWB,7.90797962935203e-07
Africa_Eastern,OilCrop,OilCropAEZ08,OilCropAEZ08,2005,SO2_AWB,9.09505682167289e-07
Africa_Eastern,OilCrop,OilCropAEZ09,OilCropAEZ09,2005,SO2_AWB,1.10869321104825e-07
Africa_Eastern,OilCrop,OilCropAEZ10,OilCropAEZ10,2005,SO2_AWB,8.36403188402898e-07
Africa_Eastern,OilCrop,OilCropAEZ11,OilCropAEZ11,2005,SO2_AWB,6.31934172013739e-07
Africa_Eastern,OilCrop,OilCropAEZ12,OilCropAEZ12,2005,SO2_AWB,1.18456219826931e-07
Africa_Eastern,OtherGrain,OtherGrainAEZ01,OtherGrainAEZ01,2005,SO2_AWB,1.9698449427283e-05
Africa_Eastern,OtherGrain,OtherGrainAEZ02,OtherGrainAEZ02,2005,SO2_AWB,8.11546385988187e-05
Africa_Eastern,OtherGrain,OtherGrainAEZ03,OtherGrainAEZ03,2005,SO2_AWB,4.21473155834189e-05
Africa_Eastern,OtherGrain,OtherGrainAEZ04,OtherGrainAEZ04,2005,SO2_AWB,6.93146841731239e-05
Africa_Eastern,OtherGrain,OtherGrainAEZ05,OtherGrainAEZ05,2005,SO2_AWB,0.00010938751194559
Africa_Eastern,OtherGrain,OtherGrainAEZ06,OtherGrainAEZ06,2005,SO2_AWB,3.23776804930671e-05
Africa_Eastern,OtherGrain,OtherGrainAEZ07,OtherGrainAEZ07,2005,SO2_AWB,0
Africa_Eastern,OtherGrain,OtherGrainAEZ08,OtherGrainAEZ08,2005,SO2_AWB,6.12539827784102e-06
Africa_Eastern,OtherGrain,OtherGrainAEZ09,OtherGrainAEZ09,2005,SO2_AWB,1.33813719235338e-05
Africa_Eastern,OtherGrain,OtherGrainAEZ10,OtherGrainAEZ10,2005,SO2_AWB,1.98637754090836e-05
Africa_Eastern,OtherGrain,OtherGrainAEZ11,OtherGrainAEZ11,2005,SO2_AWB,2.39430173796907e-05
Africa_Eastern,OtherGrain,OtherGrainAEZ12,OtherGrainAEZ12,2005,SO2_AWB,5.30901292753942e-06
Africa_Eastern,PalmFruit,PalmFruitAEZ01,PalmFruitAEZ01,2005,SO2_AWB,4.80965706613411e-08
Africa_Eastern,PalmFruit,PalmFruitAEZ02,PalmFruitAEZ02,2005,SO2_AWB,2.56933638572072e-07
Africa_Eastern,PalmFruit,PalmFruitAEZ03,PalmFruitAEZ03,2005,SO2_AWB,1.3479597636523e-06
Africa_Eastern,PalmFruit,PalmFruitAEZ04,PalmFruitAEZ04,2005,SO2_AWB,1.19651207640014e-06
Africa_Eastern,PalmFruit,PalmFruitAEZ05,PalmFruitAEZ05,2005,SO2_AWB,2.47414787250585e-06
Africa_Eastern,PalmFruit,PalmFruitAEZ06,PalmFruitAEZ06,2005,SO2_AWB,4.22245193711991e-06
Africa_Eastern,PalmFruit,PalmFruitAEZ07,PalmFruitAEZ07,2005,SO2_AWB,0
Africa_Eastern,PalmFruit,PalmFruitAEZ08,PalmFruitAEZ08,2005,SO2_AWB,0
Africa_Eastern,PalmFruit,PalmFruitAEZ09,PalmFruitAEZ09,2005,SO2_AWB,0
Africa_Eastern,PalmFruit,PalmFruitAEZ10,PalmFruitAEZ10,2005,SO2_AWB,0
Africa_Eastern,PalmFruit,PalmFruitAEZ11,PalmFruitAEZ11,2005,SO2_AWB,0
Africa_Eastern,PalmFruit,PalmFruitAEZ12,PalmFruitAEZ12,2005,SO2_AWB,0
Africa_Eastern,Rice,RiceAEZ01,RiceAEZ01,2005,SO2_AWB,3.5483153963436e-09
Africa_Eastern,Rice,RiceAEZ02,RiceAEZ02,2005,SO2_AWB,8.21070461301866e-07
Africa_Eastern,Rice,RiceAEZ03,RiceAEZ03,2005,SO2_AWB,1.20201857439451e-05
Africa_Eastern,Rice,RiceAEZ04,RiceAEZ04,2005,SO2_AWB,2.16128376861891e-05
Africa_Eastern,Rice,RiceAEZ05,RiceAEZ05,2005,SO2_AWB,2.10740284236073e-05
Africa_Eastern,Rice,RiceAEZ06,RiceAEZ06,2005,SO2_AWB,5.80524813807106e-05
Africa_Eastern,Rice,RiceAEZ07,RiceAEZ07,2005,SO2_AWB,0
Africa_Eastern,Rice,RiceAEZ08,RiceAEZ08,2005,SO2_AWB,0
Africa_Eastern,Rice,RiceAEZ09,RiceAEZ09,2005,SO2_AWB,0
Africa_Eastern,Rice,RiceAEZ10,RiceAEZ10,2005,SO2_AWB,2.18615114062945e-06
Africa_Eastern,Rice,RiceAEZ11,RiceAEZ11,2005,SO2_AWB,5.94950417140351e-07
Africa_Eastern,Rice,RiceAEZ12,RiceAEZ12,2005,SO2_AWB,0
Africa_Eastern,Root_Tuber,Root_TuberAEZ01,Root_TuberAEZ01,2005,SO2_AWB,2.50072286851134e-05
Africa_Eastern,Root_Tuber,Root_TuberAEZ02,Root_TuberAEZ02,2005,SO2_AWB,7.44498937645035e-05
Africa_Eastern,Root_Tuber,Root_TuberAEZ03,Root_TuberAEZ03,2005,SO2_AWB,4.41670935742815e-05
Africa_Eastern,Root_Tuber,Root_TuberAEZ04,Root_TuberAEZ04,2005,SO2_AWB,6.56505744552737e-05
Africa_Eastern,Root_Tuber,Root_TuberAEZ05,Root_TuberAEZ05,2005,SO2_AWB,0.000300614961881541
Africa_Eastern,Root_Tuber,Root_TuberAEZ06,Root_TuberAEZ06,2005,SO2_AWB,0.000275400599265091
Africa_Eastern,Root_Tuber,Root_TuberAEZ07,Root_TuberAEZ07,2005,SO2_AWB,5.63571558989637e-08
Africa_Eastern,Root_Tuber,Root_TuberAEZ08,Root_TuberAEZ08,2005,SO2_AWB,2.91299019470343e-06
Africa_Eastern,Root_Tuber,Root_TuberAEZ09,Root_TuberAEZ09,2005,SO2_AWB,9.02793168446578e-06
Africa_Eastern,Root_Tuber,Root_TuberAEZ10,Root_TuberAEZ10,2005,SO2_AWB,2.26125722649006e-05
Africa_Eastern,Root_Tuber,Root_TuberAEZ11,Root_TuberAEZ11,2005,SO2_AWB,2.86681629218486e-05
Africa_Eastern,Root_Tuber,Root_TuberAEZ12,Root_TuberAEZ12,2005,SO2_AWB,2.39950332569483e-06
Africa_Eastern,SugarCrop,SugarCropAEZ01,SugarCropAEZ01,2005,SO2_AWB,8.01560315490546e-05
Africa_Eastern,SugarCrop,SugarCropAEZ02,SugarCropAEZ02,2005,SO2_AWB,0.000192845410546753
Africa_Eastern,SugarCrop,SugarCropAEZ03,SugarCropAEZ03,2005,SO2_AWB,0.000122627892860456
Africa_Eastern,SugarCrop,SugarCropAEZ04,SugarCropAEZ04,2005,SO2_AWB,9.04721404101831e-05
Africa_Eastern,SugarCrop,SugarCropAEZ05,SugarCropAEZ05,2005,SO2_AWB,0.00014836409988355
Africa_Eastern,SugarCrop,SugarCropAEZ06,SugarCropAEZ06,2005,SO2_AWB,0.000182924545333031
Africa_Eastern,SugarCrop,SugarCropAEZ07,SugarCropAEZ07,2005,SO2_AWB,5.23768857864777e-06
Africa_Eastern,SugarCrop,SugarCropAEZ08,SugarCropAEZ08,2005,SO2_AWB,3.27886071773661e-06
Africa_Eastern,SugarCrop,SugarCropAEZ09,SugarCropAEZ09,2005,SO2_AWB,1.49281743542385e-07
Africa_Eastern,SugarCrop,SugarCropAEZ10,SugarCropAEZ10,2005,SO2_AWB,3.14886335167605e-06
Africa_Eastern,SugarCrop,SugarCropAEZ11,SugarCropAEZ11,2005,SO2_AWB,6.08138009347785e-06
Africa_Eastern,SugarCrop,SugarCropAEZ12,SugarCropAEZ12,2005,SO2_AWB,3.29642327580041e-07
Africa_Eastern,Wheat,WheatAEZ01,WheatAEZ01,2005,SO2_AWB,5.18168521296475e-06
Africa_Eastern,Wheat,WheatAEZ02,WheatAEZ02,2005,SO2_AWB,1.77971376024069e-05
Africa_Eastern,Wheat,WheatAEZ03,WheatAEZ03,2005,SO2_AWB,1.05485817433328e-05
Africa_Eastern,Wheat,WheatAEZ04,WheatAEZ04,2005,SO2_AWB,1.69001737763862e-05
Africa_Eastern,Wheat,WheatAEZ05,WheatAEZ05,2005,SO2_AWB,2.48823961718406e-05
Africa_Eastern,Wheat,WheatAEZ06,WheatAEZ06,2005,SO2_AWB,4.34109333422388e-06
Africa_Eastern,Wheat,WheatAEZ07,WheatAEZ07,2005,SO2_AWB,0
Africa_Eastern,Wheat,WheatAEZ08,WheatAEZ08,2005,SO2_AWB,6.93465630277338e-07
Africa_Eastern,Wheat,WheatAEZ09,WheatAEZ09,2005,SO2_AWB,2.5244204326768e-06
Africa_Eastern,Wheat,WheatAEZ10,WheatAEZ10,2005,SO2_AWB,5.40158114672385e-06
Africa_Eastern,Wheat,WheatAEZ11,WheatAEZ11,2005,SO2_AWB,1.05223604756302e-05
Africa_Eastern,Wheat,WheatAEZ12,WheatAEZ12,2005,SO2_AWB,2.59371409977545e-06
Africa_Northern,Corn,CornAEZ01,CornAEZ01,2005,CH4_AWB,2.83431747021759e-05
Africa_Northern,Corn,CornAEZ02,CornAEZ02,2005,CH4_AWB,1.67593425343484e-06
Africa_Northern,Corn,CornAEZ03,CornAEZ03,2005,CH4_AWB,9.79528557880816e-08
Africa_Northern,Corn,CornAEZ04,CornAEZ04,2005,CH4_AWB,2.06287633643535e-08
Africa_Northern,Corn,CornAEZ07,CornAEZ07,2005,CH4_AWB,1.01687710441104e-05
Africa_Northern,Corn,CornAEZ08,CornAEZ08,2005,CH4_AWB,1.95178848383094e-07
Africa_Northern,Corn,CornAEZ09,CornAEZ09,2005,CH4_AWB,5.8982696771368e-07
Africa_Northern,Corn,CornAEZ10,CornAEZ10,2005,CH4_AWB,8.31197007153655e-08
Africa_Northern,FiberCrop,FiberCropAEZ01,FiberCropAEZ01,2005,CH4_AWB,2.92434114888848e-06
Africa_Northern,FiberCrop,FiberCropAEZ02,FiberCropAEZ02,2005,CH4_AWB,2.62233216129956e-07
Africa_Northern,FiberCrop,FiberCropAEZ03,FiberCropAEZ03,2005,CH4_AWB,0
Africa_Northern,FiberCrop,FiberCropAEZ04,FiberCropAEZ04,2005,CH4_AWB,0
Africa_Northern,FiberCrop,FiberCropAEZ07,FiberCropAEZ07,2005,CH4_AWB,7.47923106197706e-07
Africa_Northern,FiberCrop,FiberCropAEZ08,FiberCropAEZ08,2005,CH4_AWB,0
Africa_Northern,FiberCrop,FiberCropAEZ09,FiberCropAEZ09,2005,CH4_AWB,0
Africa_Northern,FiberCrop,FiberCropAEZ10,FiberCropAEZ10,2005,CH4_AWB,0
Africa_Northern,FodderGrass,FodderGrassAEZ01,FodderGrassAEZ01,2005,CH4_AWB,5.46147666295764e-09
Africa_Northern,FodderGrass,FodderGrassAEZ02,FodderGrassAEZ02,2005,CH4_AWB,5.54817871144008e-07
Africa_Northern,FodderGrass,FodderGrassAEZ03,FodderGrassAEZ03,2005,CH4_AWB,2.73905889560066e-07
Africa_Northern,FodderGrass,FodderGrassAEZ04,FodderGrassAEZ04,2005,CH4_AWB,6.30840387059423e-07
Africa_Northern,FodderGrass,FodderGrassAEZ07,FodderGrassAEZ07,2005,CH4_AWB,5.25240036023631e-07
Africa_Northern,FodderGrass,FodderGrassAEZ08,FodderGrassAEZ08,2005,CH4_AWB,4.34313088333356e-06
Africa_Northern,FodderGrass,FodderGrassAEZ09,FodderGrassAEZ09,2005,CH4_AWB,1.67568681757972e-05
Africa_Northern,FodderGrass,FodderGrassAEZ10,FodderGrassAEZ10,2005,CH4_AWB,2.31592855693044e-05
Africa_Northern,FodderHerb,FodderHerbAEZ01,FodderHerbAEZ01,2005,CH4_AWB,0.000239542383679526
Africa_Northern,FodderHerb,FodderHerbAEZ02,FodderHerbAEZ02,2005,CH4_AWB,2.14643333792795e-05
Africa_Northern,FodderHerb,FodderHerbAEZ03,FodderHerbAEZ03,2005,CH4_AWB,1.1883804194971e-09
Africa_Northern,FodderHerb,FodderHerbAEZ04,FodderHerbAEZ04,2005,CH4_AWB,2.55760133761333e-09
Africa_Northern,FodderHerb,FodderHerbAEZ07,FodderHerbAEZ07,2005,CH4_AWB,6.13141971074371e-05
Africa_Northern,FodderHerb,FodderHerbAEZ08,FodderHerbAEZ08,2005,CH4_AWB,6.84610459058113e-09
Africa_Northern,FodderHerb,FodderHerbAEZ09,FodderHerbAEZ09,2005,CH4_AWB,1.96341112786477e-08
Africa_Northern,FodderHerb,FodderHerbAEZ10,FodderHerbAEZ10,2005,CH4_AWB,1.52874807225523e-08
Africa_Northern,MiscCrop,MiscCropAEZ01,MiscCropAEZ01,2005,CH4_AWB,0.000125079286408771
Africa_Northern,MiscCrop,MiscCropAEZ02,MiscCropAEZ02,2005,CH4_AWB,1.37926624623499e-05
Africa_Northern,MiscCrop,MiscCropAEZ03,MiscCropAEZ03,2005,CH4_AWB,1.14519506626665e-06
Africa_Northern,MiscCrop,MiscCropAEZ04,MiscCropAEZ04,2005,CH4_AWB,2.63008456191116e-06
Africa_Northern,MiscCrop,MiscCropAEZ07,MiscCropAEZ07,2005,CH4_AWB,3.78794137206094e-05
Africa_Northern,MiscCrop,MiscCropAEZ08,MiscCropAEZ08,2005,CH4_AWB,1.32586426266506e-05
Africa_Northern,MiscCrop,MiscCropAEZ09,MiscCropAEZ09,2005,CH4_AWB,3.99897465061892e-05
Africa_Northern,MiscCrop,MiscCropAEZ10,MiscCropAEZ10,2005,CH4_AWB,4.79577708073072e-05
Africa_Northern,OilCrop,OilCropAEZ01,OilCropAEZ01,2005,CH4_AWB,3.49931252263968e-06
Africa_Northern,OilCrop,OilCropAEZ02,OilCropAEZ02,2005,CH4_AWB,5.50111163128772e-07
Africa_Northern,OilCrop,OilCropAEZ03,OilCropAEZ03,2005,CH4_AWB,8.03153254343775e-08
Africa_Northern,OilCrop,OilCropAEZ04,OilCropAEZ04,2005,CH4_AWB,3.45134942298489e-07
Africa_Northern,OilCrop,OilCropAEZ07,OilCropAEZ07,2005,CH4_AWB,1.1796332692686e-06
Africa_Northern,OilCrop,OilCropAEZ08,OilCropAEZ08,2005,CH4_AWB,2.04186941624478e-06
Africa_Northern,OilCrop,OilCropAEZ09,OilCropAEZ09,2005,CH4_AWB,5.4192752990505e-06
Africa_Northern,OilCrop,OilCropAEZ10,OilCropAEZ10,2005,CH4_AWB,5.81247611173367e-06
Africa_Northern,OtherGrain,OtherGrainAEZ01,OtherGrainAEZ01,2005,CH4_AWB,2.76669726444992e-06
Africa_Northern,OtherGrain,OtherGrainAEZ02,OtherGrainAEZ02,2005,CH4_AWB,4.28730378550961e-07
Africa_Northern,OtherGrain,OtherGrainAEZ03,OtherGrainAEZ03,2005,CH4_AWB,4.53274965130959e-07
Africa_Northern,OtherGrain,OtherGrainAEZ04,OtherGrainAEZ04,2005,CH4_AWB,2.74285975994639e-07
Africa_Northern,OtherGrain,OtherGrainAEZ07,OtherGrainAEZ07,2005,CH4_AWB,6.81498079252961e-06
Africa_Northern,OtherGrain,OtherGrainAEZ08,OtherGrainAEZ08,2005,CH4_AWB,3.19523319542983e-06
Africa_Northern,OtherGrain,OtherGrainAEZ09,OtherGrainAEZ09,2005,CH4_AWB,1.05684464488187e-05
Africa_Northern,OtherGrain,OtherGrainAEZ10,OtherGrainAEZ10,2005,CH4_AWB,5.81507835111967e-06
Africa_Northern,PalmFruit,PalmFruitAEZ01,PalmFruitAEZ01,2005,CH4_AWB,0
Africa_Northern,PalmFruit,PalmFruitAEZ02,PalmFruitAEZ02,2005,CH4_AWB,0
Africa_Northern,PalmFruit,PalmFruitAEZ03,PalmFruitAEZ03,2005,CH4_AWB,0
Africa_Northern,PalmFruit,PalmFruitAEZ04,PalmFruitAEZ04,2005,CH4_AWB,0
Africa_Northern,PalmFruit,PalmFruitAEZ07,PalmFruitAEZ07,2005,CH4_AWB,0
Africa_Northern,PalmFruit,PalmFruitAEZ08,PalmFruitAEZ08,2005,CH4_AWB,0
Africa_Northern,PalmFruit,PalmFruitAEZ09,PalmFruitAEZ09,2005,CH4_AWB,0
Africa_Northern,PalmFruit,PalmFruitAEZ10,PalmFruitAEZ10,2005,CH4_AWB,0
Africa_Northern,Rice,RiceAEZ01,RiceAEZ01,2005,CH4_AWB,3.72703712061414e-05
Africa_Northern,Rice,RiceAEZ02,RiceAEZ02,2005,CH4_AWB,2.46219101086337e-06
Africa_Northern,Rice,RiceAEZ03,RiceAEZ03,2005,CH4_AWB,0
Africa_Northern,Rice,RiceAEZ04,RiceAEZ04,2005,CH4_AWB,2.92500857365272e-08
Africa_Northern,Rice,RiceAEZ07,RiceAEZ07,2005,CH4_AWB,2.11090746771986e-07
Africa_Northern,Rice,RiceAEZ08,RiceAEZ08,2005,CH4_AWB,0
Africa_Northern,Rice,RiceAEZ09,RiceAEZ09,2005,CH4_AWB,2.18981437016723e-08
Africa_Northern,Rice,RiceAEZ10,RiceAEZ10,2005,CH4_AWB,1.25975099710731e-07
Africa_Northern,Root_Tuber,Root_TuberAEZ01,Root_TuberAEZ01,2005,CH4_AWB,1.40315251968636e-05
Africa_Northern,Root_Tuber,Root_TuberAEZ02,Root_TuberAEZ02,2005,CH4_AWB,1.54885717251938e-06
Africa_Northern,Root_Tuber,Root_TuberAEZ03,Root_TuberAEZ03,2005,CH4_AWB,2.89676720961749e-07
Africa_Northern,Root_Tuber,Root_TuberAEZ04,Root_TuberAEZ04,2005,CH4_AWB,6.58946094919588e-07
Africa_Northern,Root_Tuber,Root_TuberAEZ07,Root_TuberAEZ07,2005,CH4_AWB,3.32862211973346e-06
Africa_Northern,Root_Tuber,Root_TuberAEZ08,Root_TuberAEZ08,2005,CH4_AWB,2.3412368073781e-06
Africa_Northern,Root_Tuber,Root_TuberAEZ09,Root_TuberAEZ09,2005,CH4_AWB,9.47668259780103e-06
Africa_Northern,Root_Tuber,Root_TuberAEZ10,Root_TuberAEZ10,2005,CH4_AWB,1.17759614340854e-05
Africa_Northern,SugarCrop,SugarCropAEZ01,SugarCropAEZ01,2005,CH4_AWB,9.3706915046546e-05
Africa_Northern,SugarCrop,SugarCropAEZ02,SugarCropAEZ02,2005,CH4_AWB,7.22388836223254e-06
Africa_Northern,SugarCrop,SugarCropAEZ03,SugarCropAEZ03,2005,CH4_AWB,0
Africa_Northern,SugarCrop,SugarCropAEZ04,SugarCropAEZ04,2005,CH4_AWB,4.11326292599682e-06
Africa_Northern,SugarCrop,SugarCropAEZ07,SugarCropAEZ07,2005,CH4_AWB,2.02534644273964e-05
Africa_Northern,SugarCrop,SugarCropAEZ08,SugarCropAEZ08,2005,CH4_AWB,8.26322788085719e-07
Africa_Northern,SugarCrop,SugarCropAEZ09,SugarCropAEZ09,2005,CH4_AWB,1.16431355098341e-05
Africa_Northern,SugarCrop,SugarCropAEZ10,SugarCropAEZ10,2005,CH4_AWB,1.09343053387441e-05
Africa_Northern,Wheat,WheatAEZ01,WheatAEZ01,2005,CH4_AWB,3.64938648090088e-05
Africa_Northern,Wheat,WheatAEZ02,WheatAEZ02,2005,CH4_AWB,2.53919756233847e-06
Africa_Northern,Wheat,WheatAEZ03,WheatAEZ03,2005,CH4_AWB,4.07425071458858e-07
Africa_Northern,Wheat,WheatAEZ04,WheatAEZ04,2005,CH4_AWB,2.92334835145968e-06
Africa_Northern,Wheat,WheatAEZ07,WheatAEZ07,2005,CH4_AWB,1.41267547415222e-05
Africa_Northern,Wheat,WheatAEZ08,WheatAEZ08,2005,CH4_AWB,3.2462013168592e-06
Africa_Northern,Wheat,WheatAEZ09,WheatAEZ09,2005,CH4_AWB,1.79307476864897e-05
Africa_Northern,Wheat,WheatAEZ10,WheatAEZ10,2005,CH4_AWB,2.27238613025828e-05
Africa_Northern,Corn,CornAEZ01,CornAEZ01,2005,CO_AWB,0.00118979054240296
Africa_Northern,Corn,CornAEZ02,CornAEZ02,2005,CO_AWB,7.03524127194138e-05
Africa_Northern,Corn,CornAEZ03,CornAEZ03,2005,CO_AWB,4.11186758867464e-06
Africa_Northern,Corn,CornAEZ04,CornAEZ04,2005,CO_AWB,8.65954777835534e-07
Africa_Northern,Corn,CornAEZ07,CornAEZ07,2005,CO_AWB,0.000426864941675529
Africa_Northern,Corn,CornAEZ08,CornAEZ08,2005,CO_AWB,8.19322289487489e-06
Africa_Northern,Corn,CornAEZ09,CornAEZ09,2005,CO_AWB,2.47597721572833e-05
Africa_Northern,Corn,CornAEZ10,CornAEZ10,2005,CO_AWB,3.48920101003766e-06
Africa_Northern,FiberCrop,FiberCropAEZ01,FiberCropAEZ01,2005,CO_AWB,0.000122758070620798
Africa_Northern,FiberCrop,FiberCropAEZ02,FiberCropAEZ02,2005,CO_AWB,1.10080329297543e-05
Africa_Northern,FiberCrop,FiberCropAEZ03,FiberCropAEZ03,2005,CO_AWB,0
Africa_Northern,FiberCrop,FiberCropAEZ04,FiberCropAEZ04,2005,CO_AWB,0
Africa_Northern,FiberCrop,FiberCropAEZ07,FiberCropAEZ07,2005,CO_AWB,3.13963360685336e-05
Africa_Northern,FiberCrop,FiberCropAEZ08,FiberCropAEZ08,2005,CO_AWB,0
Africa_Northern,FiberCrop,FiberCropAEZ09,FiberCropAEZ09,2005,CO_AWB,0
Africa_Northern,FiberCrop,FiberCropAEZ10,FiberCropAEZ10,2005,CO_AWB,0
Africa_Northern,FodderGrass,FodderGrassAEZ01,FodderGrassAEZ01,2005,CO_AWB,2.29262012792188e-07
Africa_Northern,FodderGrass,FodderGrassAEZ02,FodderGrassAEZ02,2005,CO_AWB,2.32901593692187e-05
Africa_Northern,FodderGrass,FodderGrassAEZ03,FodderGrassAEZ03,2005,CO_AWB,1.1498028725837e-05
Africa_Northern,FodderGrass,FodderGrassAEZ04,FodderGrassAEZ04,2005,CO_AWB,2.64814345667319e-05
Africa_Northern,FodderGrass,FodderGrassAEZ07,FodderGrassAEZ07,2005,CO_AWB,2.20485402189025e-05
Africa_Northern,FodderGrass,FodderGrassAEZ08,FodderGrassAEZ08,2005,CO_AWB,0.000182316063874516
Africa_Northern,FodderGrass,FodderGrassAEZ09,FodderGrassAEZ09,2005,CO_AWB,0.000703420258504988
Africa_Northern,FodderGrass,FodderGrassAEZ10,FodderGrassAEZ10,2005,CO_AWB,0.000972181106340647
Africa_Northern,FodderHerb,FodderHerbAEZ01,FodderHerbAEZ01,2005,CO_AWB,0.0100555165609123
Africa_Northern,FodderHerb,FodderHerbAEZ02,FodderHerbAEZ02,2005,CO_AWB,0.000901030358172623
Africa_Northern,FodderHerb,FodderHerbAEZ03,FodderHerbAEZ03,2005,CO_AWB,4.9885864895225e-08
Africa_Northern,FodderHerb,FodderHerbAEZ04,FodderHerbAEZ04,2005,CO_AWB,1.07363057057115e-07
Africa_Northern,FodderHerb,FodderHerbAEZ07,FodderHerbAEZ07,2005,CO_AWB,0.00257384899892174
Africa_Northern,FodderHerb,FodderHerbAEZ08,FodderHerbAEZ08,2005,CO_AWB,2.87385960809449e-07
Africa_Northern,FodderHerb,FodderHerbAEZ09,FodderHerbAEZ09,2005,CO_AWB,8.24201246095022e-07
Africa_Northern,FodderHerb,FodderHerbAEZ10,FodderHerbAEZ10,2005,CO_AWB,6.41738272864117e-07
Africa_Northern,MiscCrop,MiscCropAEZ01,MiscCropAEZ01,2005,CO_AWB,0.00525058161562408
Africa_Northern,MiscCrop,MiscCropAEZ02,MiscCropAEZ02,2005,CO_AWB,0.000578988752131579
Africa_Northern,MiscCrop,MiscCropAEZ03,MiscCropAEZ03,2005,CO_AWB,4.80730289873276e-05
Africa_Northern,MiscCrop,MiscCropAEZ04,MiscCropAEZ04,2005,CO_AWB,0.000110405759776857
Africa_Northern,MiscCrop,MiscCropAEZ07,MiscCropAEZ07,2005,CO_AWB,0.00159010303786082
Africa_Northern,MiscCrop,MiscCropAEZ08,MiscCropAEZ08,2005,CO_AWB,0.000556571653248096
Africa_Northern,MiscCrop,MiscCropAEZ09,MiscCropAEZ09,2005,CO_AWB,0.00167869064373028
Africa_Northern,MiscCrop,MiscCropAEZ10,MiscCropAEZ10,2005,CO_AWB,0.00201317258002443
Africa_Northern,OilCrop,OilCropAEZ01,OilCropAEZ01,2005,CO_AWB,0.000146894234259132
Africa_Northern,OilCrop,OilCropAEZ02,OilCropAEZ02,2005,CO_AWB,2.30925810548194e-05
Africa_Northern,OilCrop,OilCropAEZ03,OilCropAEZ03,2005,CO_AWB,3.37147886981418e-06
Africa_Northern,OilCrop,OilCropAEZ04,OilCropAEZ04,2005,CO_AWB,1.44880837984606e-05
Africa_Northern,OilCrop,OilCropAEZ07,OilCropAEZ07,2005,CO_AWB,4.95186767900038e-05
Africa_Northern,OilCrop,OilCropAEZ08,OilCropAEZ08,2005,CO_AWB,8.57136487283968e-05
Africa_Northern,OilCrop,OilCropAEZ09,OilCropAEZ09,2005,CO_AWB,0.000227490482814307
Africa_Northern,OilCrop,OilCropAEZ10,OilCropAEZ10,2005,CO_AWB,0.000243996276999729
Africa_Northern,OtherGrain,OtherGrainAEZ01,OtherGrainAEZ01,2005,CO_AWB,0.000116140491441911
Africa_Northern,OtherGrain,OtherGrainAEZ02,OtherGrainAEZ02,2005,CO_AWB,1.79972552475433e-05
Africa_Northern,OtherGrain,OtherGrainAEZ03,OtherGrainAEZ03,2005,CO_AWB,1.90275885566003e-05
Africa_Northern,OtherGrain,OtherGrainAEZ04,OtherGrainAEZ04,2005,CO_AWB,1.15139840043089e-05
Africa_Northern,OtherGrain,OtherGrainAEZ07,OtherGrainAEZ07,2005,CO_AWB,0.000286079445186042
Africa_Northern,OtherGrain,OtherGrainAEZ08,OtherGrainAEZ08,2005,CO_AWB,0.000134129584164139
Africa_Northern,OtherGrain,OtherGrainAEZ09,OtherGrainAEZ09,2005,CO_AWB,0.000443642526457393
Africa_Northern,OtherGrain,OtherGrainAEZ10,OtherGrainAEZ10,2005,CO_AWB,0.00024410551387397
Africa_Northern,PalmFruit,PalmFruitAEZ01,PalmFruitAEZ01,2005,CO_AWB,0
Africa_Northern,PalmFruit,PalmFruitAEZ02,PalmFruitAEZ02,2005,CO_AWB,0
Africa_Northern,PalmFruit,PalmFruitAEZ03,PalmFruitAEZ03,2005,CO_AWB,0
Africa_Northern,PalmFruit,PalmFruitAEZ04,PalmFruitAEZ04,2005,CO_AWB,0
Africa_Northern,PalmFruit,PalmFruitAEZ07,PalmFruitAEZ07,2005,CO_AWB,0
Africa_Northern,PalmFruit,PalmFruitAEZ08,PalmFruitAEZ08,2005,CO_AWB,0
Africa_Northern,PalmFruit,PalmFruitAEZ09,PalmFruitAEZ09,2005,CO_AWB,0
Africa_Northern,PalmFruit,PalmFruitAEZ10,PalmFruitAEZ10,2005,CO_AWB,0
Africa_Northern,Rice,RiceAEZ01,RiceAEZ01,2005,CO_AWB,0.00156453663497019
Africa_Northern,Rice,RiceAEZ02,RiceAEZ02,2005,CO_AWB,0.000103357919820108
Africa_Northern,Rice,RiceAEZ03,RiceAEZ03,2005,CO_AWB,0
Africa_Northern,Rice,RiceAEZ04,RiceAEZ04,2005,CO_AWB,1.22786087795324e-06
Africa_Northern,Rice,RiceAEZ07,RiceAEZ07,2005,CO_AWB,8.8611729891643e-06
Africa_Northern,Rice,RiceAEZ08,RiceAEZ08,2005,CO_AWB,0
Africa_Northern,Rice,RiceAEZ09,RiceAEZ09,2005,CO_AWB,9.19240859438037e-07
Africa_Northern,Rice,RiceAEZ10,RiceAEZ10,2005,CO_AWB,5.28818609026851e-06
Africa_Northern,Root_Tuber,Root_TuberAEZ01,Root_TuberAEZ01,2005,CO_AWB,0.000589015738361713
Africa_Northern,Root_Tuber,Root_TuberAEZ02,Root_TuberAEZ02,2005,CO_AWB,6.50179676327886e-05
Africa_Northern,Root_Tuber,Root_TuberAEZ03,Root_TuberAEZ03,2005,CO_AWB,1.21600571063809e-05
Africa_Northern,Root_Tuber,Root_TuberAEZ04,Root_TuberAEZ04,2005,CO_AWB,2.76612567197174e-05
Africa_Northern,Root_Tuber,Root_TuberAEZ07,Root_TuberAEZ07,2005,CO_AWB,0.000139728987980592
Africa_Northern,Root_Tuber,Root_TuberAEZ08,Root_TuberAEZ08,2005,CO_AWB,9.82805010452944e-05
Africa_Northern,Root_Tuber,Root_TuberAEZ09,Root_TuberAEZ09,2005,CO_AWB,0.000397812434446616
Africa_Northern,Root_Tuber,Root_TuberAEZ10,Root_TuberAEZ10,2005,CO_AWB,0.000494331622664032
Africa_Northern,SugarCrop,SugarCropAEZ01,SugarCropAEZ01,2005,CO_AWB,0.00393363137516061
Africa_Northern,SugarCrop,SugarCropAEZ02,SugarCropAEZ02,2005,CO_AWB,0.000303244578035898
Africa_Northern,SugarCrop,SugarCropAEZ03,SugarCropAEZ03,2005,CO_AWB,0
Africa_Northern,SugarCrop,SugarCropAEZ04,SugarCropAEZ04,2005,CO_AWB,0.000172666660640243
Africa_Northern,SugarCrop,SugarCropAEZ07,SugarCropAEZ07,2005,CO_AWB,0.00085020046906605
Africa_Northern,SugarCrop,SugarCropAEZ08,SugarCropAEZ08,2005,CO_AWB,3.46874000025465e-05
Africa_Northern,SugarCrop,SugarCropAEZ09,SugarCropAEZ09,2005,CO_AWB,0.000488755852478769
Africa_Northern,SugarCrop,SugarCropAEZ10,SugarCropAEZ10,2005,CO_AWB,0.000459000560681199
Africa_Northern,Wheat,WheatAEZ01,WheatAEZ01,2005,CO_AWB,0.00153194042875364
Africa_Northern,Wheat,WheatAEZ02,WheatAEZ02,2005,CO_AWB,0.00010659050288855
Africa_Northern,Wheat,WheatAEZ03,WheatAEZ03,2005,CO_AWB,1.71029004990886e-05
Africa_Northern,Wheat,WheatAEZ04,WheatAEZ04,2005,CO_AWB,0.000122716394943894
Africa_Northern,Wheat,WheatAEZ07,WheatAEZ07,2005,CO_AWB,0.000593013286723272
Africa_Northern,Wheat,WheatAEZ08,WheatAEZ08,2005,CO_AWB,0.000136269125322739
Africa_Northern,Wheat,WheatAEZ09,WheatAEZ09,2005,CO_AWB,0.000752697403864268
Africa_Northern,Wheat,WheatAEZ10,WheatAEZ10,2005,CO_AWB,0.000953902854877224
Africa_Northern,Corn,CornAEZ01,CornAEZ01,2005,N2O_AWB,7.3453352561598e-07
Africa_Northern,Corn,CornAEZ02,CornAEZ02,2005,N2O_AWB,4.34330278386764e-08
Africa_Northern,Corn,CornAEZ03,CornAEZ03,2005,N2O_AWB,2.5385179064168e-09
Africa_Northern,Corn,CornAEZ04,CornAEZ04,2005,N2O_AWB,5.34609070520004e-10
Africa_Northern,Corn,CornAEZ07,CornAEZ07,2005,N2O_AWB,2.63530932039124e-07
Africa_Northern,Corn,CornAEZ08,CornAEZ08,2005,N2O_AWB,5.0581986363544e-09
Africa_Northern,Corn,CornAEZ09,CornAEZ09,2005,N2O_AWB,1.52857852604935e-08
Africa_Northern,Corn,CornAEZ10,CornAEZ10,2005,N2O_AWB,2.15410614569988e-09
Africa_Northern,FiberCrop,FiberCropAEZ01,FiberCropAEZ01,2005,N2O_AWB,7.57863802050387e-08
Africa_Northern,FiberCrop,FiberCropAEZ02,FiberCropAEZ02,2005,N2O_AWB,6.79596025503685e-09
Africa_Northern,FiberCrop,FiberCropAEZ03,FiberCropAEZ03,2005,N2O_AWB,0
Africa_Northern,FiberCrop,FiberCropAEZ04,FiberCropAEZ04,2005,N2O_AWB,0
Africa_Northern,FiberCrop,FiberCropAEZ07,FiberCropAEZ07,2005,N2O_AWB,1.93829591024212e-08
Africa_Northern,FiberCrop,FiberCropAEZ08,FiberCropAEZ08,2005,N2O_AWB,0
Africa_Northern,FiberCrop,FiberCropAEZ09,FiberCropAEZ09,2005,N2O_AWB,0
Africa_Northern,FiberCrop,FiberCropAEZ10,FiberCropAEZ10,2005,N2O_AWB,0
Africa_Northern,FodderGrass,FodderGrassAEZ01,FodderGrassAEZ01,2005,N2O_AWB,1.41538051063973e-10
Africa_Northern,FodderGrass,FodderGrassAEZ02,FodderGrassAEZ02,2005,N2O_AWB,1.43784996299259e-08
Africa_Northern,FodderGrass,FodderGrassAEZ03,FodderGrassAEZ03,2005,N2O_AWB,7.09846588674806e-09
Africa_Northern,FodderGrass,FodderGrassAEZ04,FodderGrassAEZ04,2005,N2O_AWB,1.63486771851332e-08
Africa_Northern,FodderGrass,FodderGrassAEZ07,FodderGrassAEZ07,2005,N2O_AWB,1.36119690016758e-08
Africa_Northern,FodderGrass,FodderGrassAEZ08,FodderGrassAEZ08,2005,N2O_AWB,1.12555324993348e-07
Africa_Northern,FodderGrass,FodderGrassAEZ09,FodderGrassAEZ09,2005,N2O_AWB,4.34266153625535e-07
Africa_Northern,FodderGrass,FodderGrassAEZ10,FodderGrassAEZ10,2005,N2O_AWB,6.0018935277079e-07
Africa_Northern,FodderHerb,FodderHerbAEZ01,FodderHerbAEZ01,2005,N2O_AWB,6.20791119793189e-06
Africa_Northern,FodderHerb,FodderHerbAEZ02,FodderHerbAEZ02,2005,N2O_AWB,5.56263461582816e-07
Africa_Northern,FodderHerb,FodderHerbAEZ03,FodderHerbAEZ03,2005,N2O_AWB,3.07977235605575e-11
Africa_Northern,FodderHerb,FodderHerbAEZ04,FodderHerbAEZ04,2005,N2O_AWB,6.62820572281565e-11
Africa_Northern,FodderHerb,FodderHerbAEZ07,FodderHerbAEZ07,2005,N2O_AWB,1.589001015055e-06
Africa_Northern,FodderHerb,FodderHerbAEZ08,FodderHerbAEZ08,2005,N2O_AWB,1.77421668337995e-10
Africa_Northern,FodderHerb,FodderHerbAEZ09,FodderHerbAEZ09,2005,N2O_AWB,5.08831954478776e-10
Africa_Northern,FodderHerb,FodderHerbAEZ10,FodderHerbAEZ10,2005,N2O_AWB,3.96185932977389e-10
Africa_Northern,MiscCrop,MiscCropAEZ01,MiscCropAEZ01,2005,N2O_AWB,3.24151864400398e-06
Africa_Northern,MiscCrop,MiscCropAEZ02,MiscCropAEZ02,2005,N2O_AWB,3.57446654884544e-07
Africa_Northern,MiscCrop,MiscCropAEZ03,MiscCropAEZ03,2005,N2O_AWB,2.96785444249579e-08
Africa_Northern,MiscCrop,MiscCropAEZ04,MiscCropAEZ04,2005,N2O_AWB,6.81605115245066e-08
Africa_Northern,MiscCrop,MiscCropAEZ07,MiscCropAEZ07,2005,N2O_AWB,9.81671940452369e-07
Africa_Northern,MiscCrop,MiscCropAEZ08,MiscCropAEZ08,2005,N2O_AWB,3.43607151131463e-07
Africa_Northern,MiscCrop,MiscCropAEZ09,MiscCropAEZ09,2005,N2O_AWB,1.03636271512751e-06
Africa_Northern,MiscCrop,MiscCropAEZ10,MiscCropAEZ10,2005,N2O_AWB,1.24285973049695e-06
Africa_Northern,OilCrop,OilCropAEZ01,OilCropAEZ01,2005,N2O_AWB,9.0687172185032e-08
Africa_Northern,OilCrop,OilCropAEZ02,OilCropAEZ02,2005,N2O_AWB,1.42565219450404e-08
Africa_Northern,OilCrop,OilCropAEZ03,OilCropAEZ03,2005,N2O_AWB,2.08142876626234e-09
Africa_Northern,OilCrop,OilCropAEZ04,OilCropAEZ04,2005,N2O_AWB,8.94441743536635e-09
Africa_Northern,OilCrop,OilCropAEZ07,OilCropAEZ07,2005,N2O_AWB,3.05710349427881e-08
Africa_Northern,OilCrop,OilCropAEZ08,OilCropAEZ08,2005,N2O_AWB,5.29164977784432e-08
Africa_Northern,OilCrop,OilCropAEZ09,OilCropAEZ09,2005,N2O_AWB,1.40444372711345e-07
Africa_Northern,OilCrop,OilCropAEZ10,OilCropAEZ10,2005,N2O_AWB,1.50634451354619e-07
Africa_Northern,OtherGrain,OtherGrainAEZ01,OtherGrainAEZ01,2005,N2O_AWB,7.1700926848271e-08
Africa_Northern,OtherGrain,OtherGrainAEZ02,OtherGrainAEZ02,2005,N2O_AWB,1.11108526057786e-08
Africa_Northern,OtherGrain,OtherGrainAEZ03,OtherGrainAEZ03,2005,N2O_AWB,1.17469430192498e-08
Africa_Northern,OtherGrain,OtherGrainAEZ04,OtherGrainAEZ04,2005,N2O_AWB,7.10831609695772e-09
Africa_Northern,OtherGrain,OtherGrainAEZ07,OtherGrainAEZ07,2005,N2O_AWB,1.76615072981138e-07
Africa_Northern,OtherGrain,OtherGrainAEZ08,OtherGrainAEZ08,2005,N2O_AWB,8.28067402069855e-08
Africa_Northern,OtherGrain,OtherGrainAEZ09,OtherGrainAEZ09,2005,N2O_AWB,2.73888804338439e-07
Africa_Northern,OtherGrain,OtherGrainAEZ10,OtherGrainAEZ10,2005,N2O_AWB,1.50701890238611e-07
Africa_Northern,PalmFruit,PalmFruitAEZ01,PalmFruitAEZ01,2005,N2O_AWB,0
Africa_Northern,PalmFruit,PalmFruitAEZ02,PalmFruitAEZ02,2005,N2O_AWB,0
Africa_Northern,PalmFruit,PalmFruitAEZ03,PalmFruitAEZ03,2005,N2O_AWB,0
Africa_Northern,PalmFruit,PalmFruitAEZ04,PalmFruitAEZ04,2005,N2O_AWB,0
Africa_Northern,PalmFruit,PalmFruitAEZ07,PalmFruitAEZ07,2005,N2O_AWB,0
Africa_Northern,PalmFruit,PalmFruitAEZ08,PalmFruitAEZ08,2005,N2O_AWB,0
Africa_Northern,PalmFruit,PalmFruitAEZ09,PalmFruitAEZ09,2005,N2O_AWB,0
Africa_Northern,PalmFruit,PalmFruitAEZ10,PalmFruitAEZ10,2005,N2O_AWB,0
Africa_Northern,Rice,RiceAEZ01,RiceAEZ01,2005,N2O_AWB,9.65888170634661e-07
Africa_Northern,Rice,RiceAEZ02,RiceAEZ02,2005,N2O_AWB,6.38094307696096e-08
Africa_Northern,Rice,RiceAEZ03,RiceAEZ03,2005,N2O_AWB,0
Africa_Northern,Rice,RiceAEZ04,RiceAEZ04,2005,N2O_AWB,7.58036769923715e-10
Africa_Northern,Rice,RiceAEZ07,RiceAEZ07,2005,N2O_AWB,5.47056679714263e-09
Africa_Northern,Rice,RiceAEZ08,RiceAEZ08,2005,N2O_AWB,0
Africa_Northern,Rice,RiceAEZ09,RiceAEZ09,2005,N2O_AWB,5.67505964545315e-10
Africa_Northern,Rice,RiceAEZ10,RiceAEZ10,2005,N2O_AWB,3.26473428268583e-09
Africa_Northern,Root_Tuber,Root_TuberAEZ01,Root_TuberAEZ01,2005,N2O_AWB,3.63636952491086e-07
Africa_Northern,Root_Tuber,Root_TuberAEZ02,Root_TuberAEZ02,2005,N2O_AWB,4.01397349295144e-08
Africa_Northern,Root_Tuber,Root_TuberAEZ03,Root_TuberAEZ03,2005,N2O_AWB,7.50717819625811e-09
Africa_Northern,Root_Tuber,Root_TuberAEZ04,Root_TuberAEZ04,2005,N2O_AWB,1.70770565886894e-08
Africa_Northern,Root_Tuber,Root_TuberAEZ07,Root_TuberAEZ07,2005,N2O_AWB,8.62636090255425e-08
Africa_Northern,Root_Tuber,Root_TuberAEZ08,Root_TuberAEZ08,2005,N2O_AWB,6.06748165826785e-08
Africa_Northern,Root_Tuber,Root_TuberAEZ09,Root_TuberAEZ09,2005,N2O_AWB,2.45594967848538e-07
Africa_Northern,Root_Tuber,Root_TuberAEZ10,Root_TuberAEZ10,2005,N2O_AWB,3.05182413776411e-07
Africa_Northern,SugarCrop,SugarCropAEZ01,SugarCropAEZ01,2005,N2O_AWB,2.42848133305449e-06
Africa_Northern,SugarCrop,SugarCropAEZ02,SugarCropAEZ02,2005,N2O_AWB,1.87212203400756e-07
Africa_Northern,SugarCrop,SugarCropAEZ03,SugarCropAEZ03,2005,N2O_AWB,0
Africa_Northern,SugarCrop,SugarCropAEZ04,SugarCropAEZ04,2005,N2O_AWB,1.0659813343302e-07
Africa_Northern,SugarCrop,SugarCropAEZ07,SugarCropAEZ07,2005,N2O_AWB,5.24882931715169e-07
Africa_Northern,SugarCrop,SugarCropAEZ08,SugarCropAEZ08,2005,N2O_AWB,2.1414742604075e-08
Africa_Northern,SugarCrop,SugarCropAEZ09,SugarCropAEZ09,2005,N2O_AWB,3.01740135504528e-07
Africa_Northern,SugarCrop,SugarCropAEZ10,SugarCropAEZ10,2005,N2O_AWB,2.83370297612171e-07
Africa_Northern,Wheat,WheatAEZ01,WheatAEZ01,2005,N2O_AWB,9.4576445522372e-07
Africa_Northern,Wheat,WheatAEZ02,WheatAEZ02,2005,N2O_AWB,6.58051103060373e-08
Africa_Northern,Wheat,WheatAEZ03,WheatAEZ03,2005,N2O_AWB,1.05587104235025e-08
Africa_Northern,Wheat,WheatAEZ04,WheatAEZ04,2005,N2O_AWB,7.576065115375e-08
Africa_Northern,Wheat,WheatAEZ07,WheatAEZ07,2005,N2O_AWB,3.6610489385319e-07
Africa_Northern,Wheat,WheatAEZ08,WheatAEZ08,2005,N2O_AWB,8.41276153143411e-08
Africa_Northern,Wheat,WheatAEZ09,WheatAEZ09,2005,N2O_AWB,4.64688075823657e-07
Africa_Northern,Wheat,WheatAEZ10,WheatAEZ10,2005,N2O_AWB,5.88905023293429e-07
Africa_Northern,Corn,CornAEZ01,CornAEZ01,2005,NH3_AWB,1.36467138429284e-05
Africa_Northern,Corn,CornAEZ02,CornAEZ02,2005,NH3_AWB,8.06931312970782e-07
Africa_Northern,Corn,CornAEZ03,CornAEZ03,2005,NH3_AWB,4.71624864569233e-08
Africa_Northern,Corn,CornAEZ04,CornAEZ04,2005,NH3_AWB,9.93236761671606e-09
Africa_Northern,Corn,CornAEZ07,CornAEZ07,2005,NH3_AWB,4.89607498212182e-06
Africa_Northern,Corn,CornAEZ08,CornAEZ08,2005,NH3_AWB,9.39750017443147e-08
Africa_Northern,Corn,CornAEZ09,CornAEZ09,2005,NH3_AWB,2.83990764260181e-07
Africa_Northern,Corn,CornAEZ10,CornAEZ10,2005,NH3_AWB,4.0020596926475e-08
Africa_Northern,FiberCrop,FiberCropAEZ01,FiberCropAEZ01,2005,NH3_AWB,1.40801611877719e-06
Africa_Northern,FiberCrop,FiberCropAEZ02,FiberCropAEZ02,2005,NH3_AWB,1.26260438297393e-07
Africa_Northern,FiberCrop,FiberCropAEZ03,FiberCropAEZ03,2005,NH3_AWB,0
Africa_Northern,FiberCrop,FiberCropAEZ04,FiberCropAEZ04,2005,NH3_AWB,0
Africa_Northern,FiberCrop,FiberCropAEZ07,FiberCropAEZ07,2005,NH3_AWB,3.60111127777464e-07
Africa_Northern,FiberCrop,FiberCropAEZ08,FiberCropAEZ08,2005,NH3_AWB,0
Africa_Northern,FiberCrop,FiberCropAEZ09,FiberCropAEZ09,2005,NH3_AWB,0
Africa_Northern,FiberCrop,FiberCropAEZ10,FiberCropAEZ10,2005,NH3_AWB,0
Africa_Northern,FodderGrass,FodderGrassAEZ01,FodderGrassAEZ01,2005,NH3_AWB,2.62959989353249e-09
Africa_Northern,FodderGrass,FodderGrassAEZ02,FodderGrassAEZ02,2005,NH3_AWB,2.67134532458135e-07
Africa_Northern,FodderGrass,FodderGrassAEZ03,FodderGrassAEZ03,2005,NH3_AWB,1.31880614433499e-07
Africa_Northern,FodderGrass,FodderGrassAEZ04,FodderGrassAEZ04,2005,NH3_AWB,3.03737966308384e-07
Africa_Northern,FodderGrass,FodderGrassAEZ07,FodderGrassAEZ07,2005,NH3_AWB,2.5289335248368e-07
Africa_Northern,FodderGrass,FodderGrassAEZ08,FodderGrassAEZ08,2005,NH3_AWB,2.09113710690595e-06
Africa_Northern,FodderGrass,FodderGrassAEZ09,FodderGrassAEZ09,2005,NH3_AWB,8.06812177187838e-06
Africa_Northern,FodderGrass,FodderGrassAEZ10,FodderGrassAEZ10,2005,NH3_AWB,1.11507672055768e-05
Africa_Northern,FodderHerb,FodderHerbAEZ01,FodderHerbAEZ01,2005,NH3_AWB,0.000115335222595107
Africa_Northern,FodderHerb,FodderHerbAEZ02,FodderHerbAEZ02,2005,NH3_AWB,1.03346791082566e-05
Africa_Northern,FodderHerb,FodderHerbAEZ03,FodderHerbAEZ03,2005,NH3_AWB,5.72183169028383e-10
Africa_Northern,FodderHerb,FodderHerbAEZ04,FodderHerbAEZ04,2005,NH3_AWB,1.23143768986544e-09
Africa_Northern,FodderHerb,FodderHerbAEZ07,FodderHerbAEZ07,2005,NH3_AWB,2.95216506699183e-05
Africa_Northern,FodderHerb,FodderHerbAEZ08,FodderHerbAEZ08,2005,NH3_AWB,3.29627260418526e-09
Africa_Northern,FodderHerb,FodderHerbAEZ09,FodderHerbAEZ09,2005,NH3_AWB,9.45346105351242e-09
Africa_Northern,FodderHerb,FodderHerbAEZ10,FodderHerbAEZ10,2005,NH3_AWB,7.36063891896839e-09
Africa_Northern,MiscCrop,MiscCropAEZ01,MiscCropAEZ01,2005,NH3_AWB,6.02233605527309e-05
Africa_Northern,MiscCrop,MiscCropAEZ02,MiscCropAEZ02,2005,NH3_AWB,6.64091160336174e-06
Africa_Northern,MiscCrop,MiscCropAEZ03,MiscCropAEZ03,2005,NH3_AWB,5.51390221028228e-07
Africa_Northern,MiscCrop,MiscCropAEZ04,MiscCropAEZ04,2005,NH3_AWB,1.26633702033209e-06
Africa_Northern,MiscCrop,MiscCropAEZ07,MiscCropAEZ07,2005,NH3_AWB,1.82382363660683e-05
Africa_Northern,MiscCrop,MiscCropAEZ08,MiscCropAEZ08,2005,NH3_AWB,6.38379093989297e-06
Africa_Northern,MiscCrop,MiscCropAEZ09,MiscCropAEZ09,2005,NH3_AWB,1.9254322529343e-05
Africa_Northern,MiscCrop,MiscCropAEZ10,MiscCropAEZ10,2005,NH3_AWB,2.30907787017177e-05
Africa_Northern,OilCrop,OilCropAEZ01,OilCropAEZ01,2005,NH3_AWB,1.68485418959696e-06
Africa_Northern,OilCrop,OilCropAEZ02,OilCropAEZ02,2005,NH3_AWB,2.64868339693878e-07
Africa_Northern,OilCrop,OilCropAEZ03,OilCropAEZ03,2005,NH3_AWB,3.86703421519141e-08
Africa_Northern,OilCrop,OilCropAEZ04,OilCropAEZ04,2005,NH3_AWB,1.66176084515384e-07
Africa_Northern,OilCrop,OilCropAEZ07,OilCropAEZ07,2005,NH3_AWB,5.67971578147554e-07
Africa_Northern,OilCrop,OilCropAEZ08,OilCropAEZ08,2005,NH3_AWB,9.83122318544669e-07
Africa_Northern,OilCrop,OilCropAEZ09,OilCropAEZ09,2005,NH3_AWB,2.60928071817286e-06
Africa_Northern,OilCrop,OilCropAEZ10,OilCropAEZ10,2005,NH3_AWB,2.798599629335e-06
Africa_Northern,OtherGrain,OtherGrainAEZ01,OtherGrainAEZ01,2005,NH3_AWB,1.33211350720928e-06
Africa_Northern,OtherGrain,OtherGrainAEZ02,OtherGrainAEZ02,2005,NH3_AWB,2.06425739294694e-07
Africa_Northern,OtherGrain,OtherGrainAEZ03,OtherGrainAEZ03,2005,NH3_AWB,2.1824350328796e-07
Africa_Northern,OtherGrain,OtherGrainAEZ04,OtherGrainAEZ04,2005,NH3_AWB,1.32063619014415e-07
Africa_Northern,OtherGrain,OtherGrainAEZ07,OtherGrainAEZ07,2005,NH3_AWB,3.28128707168309e-06
Africa_Northern,OtherGrain,OtherGrainAEZ08,OtherGrainAEZ08,2005,NH3_AWB,1.53844562359873e-06
Africa_Northern,OtherGrain,OtherGrainAEZ09,OtherGrainAEZ09,2005,NH3_AWB,5.08851128946643e-06
Africa_Northern,OtherGrain,OtherGrainAEZ10,OtherGrainAEZ10,2005,NH3_AWB,2.79985255941868e-06
Africa_Northern,PalmFruit,PalmFruitAEZ01,PalmFruitAEZ01,2005,NH3_AWB,0
Africa_Northern,PalmFruit,PalmFruitAEZ02,PalmFruitAEZ02,2005,NH3_AWB,0
Africa_Northern,PalmFruit,PalmFruitAEZ03,PalmFruitAEZ03,2005,NH3_AWB,0
Africa_Northern,PalmFruit,PalmFruitAEZ04,PalmFruitAEZ04,2005,NH3_AWB,0
Africa_Northern,PalmFruit,PalmFruitAEZ07,PalmFruitAEZ07,2005,NH3_AWB,0
Africa_Northern,PalmFruit,PalmFruitAEZ08,PalmFruitAEZ08,2005,NH3_AWB,0
Africa_Northern,PalmFruit,PalmFruitAEZ09,PalmFruitAEZ09,2005,NH3_AWB,0
Africa_Northern,PalmFruit,PalmFruitAEZ10,PalmFruitAEZ10,2005,NH3_AWB,0
Africa_Northern,Rice,RiceAEZ01,RiceAEZ01,2005,NH3_AWB,1.79449936718233e-05
Africa_Northern,Rice,RiceAEZ02,RiceAEZ02,2005,NH3_AWB,1.18549938406524e-06
Africa_Northern,Rice,RiceAEZ03,RiceAEZ03,2005,NH3_AWB,0
Africa_Northern,Rice,RiceAEZ04,RiceAEZ04,2005,NH3_AWB,1.40833747144375e-08
Africa_Northern,Rice,RiceAEZ07,RiceAEZ07,2005,NH3_AWB,1.01636286208482e-07
Africa_Northern,Rice,RiceAEZ08,RiceAEZ08,2005,NH3_AWB,0
Africa_Northern,Rice,RiceAEZ09,RiceAEZ09,2005,NH3_AWB,1.05435507464556e-08
Africa_Northern,Rice,RiceAEZ10,RiceAEZ10,2005,NH3_AWB,6.06546780715689e-08
Africa_Northern,Root_Tuber,Root_TuberAEZ01,Root_TuberAEZ01,2005,NH3_AWB,6.7559195874673e-06
Africa_Northern,Root_Tuber,Root_TuberAEZ02,Root_TuberAEZ02,2005,NH3_AWB,7.4574605135241e-07
Africa_Northern,Root_Tuber,Root_TuberAEZ03,Root_TuberAEZ03,2005,NH3_AWB,1.39473977755192e-07
Africa_Northern,Root_Tuber,Root_TuberAEZ04,Root_TuberAEZ04,2005,NH3_AWB,3.17270344263602e-07
Africa_Northern,Root_Tuber,Root_TuberAEZ07,Root_TuberAEZ07,2005,NH3_AWB,1.60266992094421e-06
Africa_Northern,Root_Tuber,Root_TuberAEZ08,Root_TuberAEZ08,2005,NH3_AWB,1.12726217456393e-06
Africa_Northern,Root_Tuber,Root_TuberAEZ09,Root_TuberAEZ09,2005,NH3_AWB,4.56284720929733e-06
Africa_Northern,Root_Tuber,Root_TuberAEZ10,Root_TuberAEZ10,2005,NH3_AWB,5.66990739763485e-06
Africa_Northern,SugarCrop,SugarCropAEZ01,SugarCropAEZ01,2005,NH3_AWB,4.51181446038097e-05
Africa_Northern,SugarCrop,SugarCropAEZ02,SugarCropAEZ02,2005,NH3_AWB,3.47816849553837e-06
Africa_Northern,SugarCrop,SugarCropAEZ03,SugarCropAEZ03,2005,NH3_AWB,0
Africa_Northern,SugarCrop,SugarCropAEZ04,SugarCropAEZ04,2005,NH3_AWB,1.98045994147211e-06
Africa_Northern,SugarCrop,SugarCropAEZ07,SugarCropAEZ07,2005,NH3_AWB,9.75166812726134e-06
Africa_Northern,SugarCrop,SugarCropAEZ08,SugarCropAEZ08,2005,NH3_AWB,3.97859123030098e-07
Africa_Northern,SugarCrop,SugarCropAEZ09,SugarCropAEZ09,2005,NH3_AWB,5.60595417439058e-06
Africa_Northern,SugarCrop,SugarCropAEZ10,SugarCropAEZ10,2005,NH3_AWB,5.26466557105863e-06
Africa_Northern,Wheat,WheatAEZ01,WheatAEZ01,2005,NH3_AWB,1.75711202186827e-05
Africa_Northern,Wheat,WheatAEZ02,WheatAEZ02,2005,NH3_AWB,1.22257661281798e-06
Africa_Northern,Wheat,WheatAEZ03,WheatAEZ03,2005,NH3_AWB,1.96167628399329e-07
Africa_Northern,Wheat,WheatAEZ04,WheatAEZ04,2005,NH3_AWB,1.40753810519695e-06
Africa_Northern,Wheat,WheatAEZ07,WheatAEZ07,2005,NH3_AWB,6.80177085003768e-06
Africa_Northern,Wheat,WheatAEZ08,WheatAEZ08,2005,NH3_AWB,1.56298583038808e-06
Africa_Northern,Wheat,WheatAEZ09,WheatAEZ09,2005,NH3_AWB,8.63332302180287e-06
Africa_Northern,Wheat,WheatAEZ10,WheatAEZ10,2005,NH3_AWB,1.09411184830659e-05
Africa_Northern,Corn,CornAEZ01,CornAEZ01,2005,NMVOC_AWB,7.3453352561598e-05
Africa_Northern,Corn,CornAEZ02,CornAEZ02,2005,NMVOC_AWB,4.34330278386764e-06
Africa_Northern,Corn,CornAEZ03,CornAEZ03,2005,NMVOC_AWB,2.5385179064168e-07
Africa_Northern,Corn,CornAEZ04,CornAEZ04,2005,NMVOC_AWB,5.34609070520004e-08
Africa_Northern,Corn,CornAEZ07,CornAEZ07,2005,NMVOC_AWB,2.63530932039124e-05
Africa_Northern,Corn,CornAEZ08,CornAEZ08,2005,NMVOC_AWB,5.05819863635441e-07
Africa_Northern,Corn,CornAEZ09,CornAEZ09,2005,NMVOC_AWB,1.52857852604935e-06
Africa_Northern,Corn,CornAEZ10,CornAEZ10,2005,NMVOC_AWB,2.15410614569988e-07
Africa_Northern,FiberCrop,FiberCropAEZ01,FiberCropAEZ01,2005,NMVOC_AWB,7.57863802050387e-06
Africa_Northern,FiberCrop,FiberCropAEZ02,FiberCropAEZ02,2005,NMVOC_AWB,6.79596025503685e-07
Africa_Northern,FiberCrop,FiberCropAEZ03,FiberCropAEZ03,2005,NMVOC_AWB,0
Africa_Northern,FiberCrop,FiberCropAEZ04,FiberCropAEZ04,2005,NMVOC_AWB,0
Africa_Northern,FiberCrop,FiberCropAEZ07,FiberCropAEZ07,2005,NMVOC_AWB,1.93829591024212e-06
Africa_Northern,FiberCrop,FiberCropAEZ08,FiberCropAEZ08,2005,NMVOC_AWB,0
Africa_Northern,FiberCrop,FiberCropAEZ09,FiberCropAEZ09,2005,NMVOC_AWB,0
Africa_Northern,FiberCrop,FiberCropAEZ10,FiberCropAEZ10,2005,NMVOC_AWB,0
Africa_Northern,FodderGrass,FodderGrassAEZ01,FodderGrassAEZ01,2005,NMVOC_AWB,1.41538051063973e-08
Africa_Northern,FodderGrass,FodderGrassAEZ02,FodderGrassAEZ02,2005,NMVOC_AWB,1.43784996299259e-06
Africa_Northern,FodderGrass,FodderGrassAEZ03,FodderGrassAEZ03,2005,NMVOC_AWB,7.09846588674806e-07
Africa_Northern,FodderGrass,FodderGrassAEZ04,FodderGrassAEZ04,2005,NMVOC_AWB,1.63486771851332e-06
Africa_Northern,FodderGrass,FodderGrassAEZ07,FodderGrassAEZ07,2005,NMVOC_AWB,1.36119690016758e-06
Africa_Northern,FodderGrass,FodderGrassAEZ08,FodderGrassAEZ08,2005,NMVOC_AWB,1.12555324993348e-05
Africa_Northern,FodderGrass,FodderGrassAEZ09,FodderGrassAEZ09,2005,NMVOC_AWB,4.34266153625535e-05
Africa_Northern,FodderGrass,FodderGrassAEZ10,FodderGrassAEZ10,2005,NMVOC_AWB,6.0018935277079e-05
Africa_Northern,FodderHerb,FodderHerbAEZ01,FodderHerbAEZ01,2005,NMVOC_AWB,0.000620791119793189
Africa_Northern,FodderHerb,FodderHerbAEZ02,FodderHerbAEZ02,2005,NMVOC_AWB,5.56263461582816e-05
Africa_Northern,FodderHerb,FodderHerbAEZ03,FodderHerbAEZ03,2005,NMVOC_AWB,3.07977235605575e-09
Africa_Northern,FodderHerb,FodderHerbAEZ04,FodderHerbAEZ04,2005,NMVOC_AWB,6.62820572281565e-09
Africa_Northern,FodderHerb,FodderHerbAEZ07,FodderHerbAEZ07,2005,NMVOC_AWB,0.0001589001015055
Africa_Northern,FodderHerb,FodderHerbAEZ08,FodderHerbAEZ08,2005,NMVOC_AWB,1.77421668337995e-08
Africa_Northern,FodderHerb,FodderHerbAEZ09,FodderHerbAEZ09,2005,NMVOC_AWB,5.08831954478776e-08
Africa_Northern,FodderHerb,FodderHerbAEZ10,FodderHerbAEZ10,2005,NMVOC_AWB,3.96185932977389e-08
Africa_Northern,MiscCrop,MiscCropAEZ01,MiscCropAEZ01,2005,NMVOC_AWB,0.000324151864400398
Africa_Northern,MiscCrop,MiscCropAEZ02,MiscCropAEZ02,2005,NMVOC_AWB,3.57446654884544e-05
Africa_Northern,MiscCrop,MiscCropAEZ03,MiscCropAEZ03,2005,NMVOC_AWB,2.96785444249579e-06
Africa_Northern,MiscCrop,MiscCropAEZ04,MiscCropAEZ04,2005,NMVOC_AWB,6.81605115245066e-06
Africa_Northern,MiscCrop,MiscCropAEZ07,MiscCropAEZ07,2005,NMVOC_AWB,9.81671940452369e-05
Africa_Northern,MiscCrop,MiscCropAEZ08,MiscCropAEZ08,2005,NMVOC_AWB,3.43607151131463e-05
Africa_Northern,MiscCrop,MiscCropAEZ09,MiscCropAEZ09,2005,NMVOC_AWB,0.000103636271512751
Africa_Northern,MiscCrop,MiscCropAEZ10,MiscCropAEZ10,2005,NMVOC_AWB,0.000124285973049695
Africa_Northern,OilCrop,OilCropAEZ01,OilCropAEZ01,2005,NMVOC_AWB,9.0687172185032e-06
Africa_Northern,OilCrop,OilCropAEZ02,OilCropAEZ02,2005,NMVOC_AWB,1.42565219450404e-06
Africa_Northern,OilCrop,OilCropAEZ03,OilCropAEZ03,2005,NMVOC_AWB,2.08142876626234e-07
Africa_Northern,OilCrop,OilCropAEZ04,OilCropAEZ04,2005,NMVOC_AWB,8.94441743536635e-07
Africa_Northern,OilCrop,OilCropAEZ07,OilCropAEZ07,2005,NMVOC_AWB,3.05710349427881e-06
Africa_Northern,OilCrop,OilCropAEZ08,OilCropAEZ08,2005,NMVOC_AWB,5.29164977784432e-06
Africa_Northern,OilCrop,OilCropAEZ09,OilCropAEZ09,2005,NMVOC_AWB,1.40444372711345e-05
Africa_Northern,OilCrop,OilCropAEZ10,OilCropAEZ10,2005,NMVOC_AWB,1.50634451354619e-05
Africa_Northern,OtherGrain,OtherGrainAEZ01,OtherGrainAEZ01,2005,NMVOC_AWB,7.1700926848271e-06
Africa_Northern,OtherGrain,OtherGrainAEZ02,OtherGrainAEZ02,2005,NMVOC_AWB,1.11108526057786e-06
Africa_Northern,OtherGrain,OtherGrainAEZ03,OtherGrainAEZ03,2005,NMVOC_AWB,1.17469430192498e-06
Africa_Northern,OtherGrain,OtherGrainAEZ04,OtherGrainAEZ04,2005,NMVOC_AWB,7.10831609695772e-07
Africa_Northern,OtherGrain,OtherGrainAEZ07,OtherGrainAEZ07,2005,NMVOC_AWB,1.76615072981138e-05
Africa_Northern,OtherGrain,OtherGrainAEZ08,OtherGrainAEZ08,2005,NMVOC_AWB,8.28067402069855e-06
Africa_Northern,OtherGrain,OtherGrainAEZ09,OtherGrainAEZ09,2005,NMVOC_AWB,2.73888804338439e-05
Africa_Northern,OtherGrain,OtherGrainAEZ10,OtherGrainAEZ10,2005,NMVOC_AWB,1.50701890238611e-05
Africa_Northern,PalmFruit,PalmFruitAEZ01,PalmFruitAEZ01,2005,NMVOC_AWB,0
Africa_Northern,PalmFruit,PalmFruitAEZ02,PalmFruitAEZ02,2005,NMVOC_AWB,0
Africa_Northern,PalmFruit,PalmFruitAEZ03,PalmFruitAEZ03,2005,NMVOC_AWB,0
Africa_Northern,PalmFruit,PalmFruitAEZ04,PalmFruitAEZ04,2005,NMVOC_AWB,0
Africa_Northern,PalmFruit,PalmFruitAEZ07,PalmFruitAEZ07,2005,NMVOC_AWB,0
Africa_Northern,PalmFruit,PalmFruitAEZ08,PalmFruitAEZ08,2005,NMVOC_AWB,0
Africa_Northern,PalmFruit,PalmFruitAEZ09,PalmFruitAEZ09,2005,NMVOC_AWB,0
Africa_Northern,PalmFruit,PalmFruitAEZ10,PalmFruitAEZ10,2005,NMVOC_AWB,0
Africa_Northern,Rice,RiceAEZ01,RiceAEZ01,2005,NMVOC_AWB,9.65888170634661e-05
Africa_Northern,Rice,RiceAEZ02,RiceAEZ02,2005,NMVOC_AWB,6.38094307696096e-06
Africa_Northern,Rice,RiceAEZ03,RiceAEZ03,2005,NMVOC_AWB,0
Africa_Northern,Rice,RiceAEZ04,RiceAEZ04,2005,NMVOC_AWB,7.58036769923715e-08
Africa_Northern,Rice,RiceAEZ07,RiceAEZ07,2005,NMVOC_AWB,5.47056679714263e-07
Africa_Northern,Rice,RiceAEZ08,RiceAEZ08,2005,NMVOC_AWB,0
Africa_Northern,Rice,RiceAEZ09,RiceAEZ09,2005,NMVOC_AWB,5.67505964545315e-08
Africa_Northern,Rice,RiceAEZ10,RiceAEZ10,2005,NMVOC_AWB,3.26473428268583e-07
Africa_Northern,Root_Tuber,Root_TuberAEZ01,Root_TuberAEZ01,2005,NMVOC_AWB,3.63636952491086e-05
Africa_Northern,Root_Tuber,Root_TuberAEZ02,Root_TuberAEZ02,2005,NMVOC_AWB,4.01397349295144e-06
Africa_Northern,Root_Tuber,Root_TuberAEZ03,Root_TuberAEZ03,2005,NMVOC_AWB,7.50717819625811e-07
Africa_Northern,Root_Tuber,Root_TuberAEZ04,Root_TuberAEZ04,2005,NMVOC_AWB,1.70770565886893e-06
Africa_Northern,Root_Tuber,Root_TuberAEZ07,Root_TuberAEZ07,2005,NMVOC_AWB,8.62636090255425e-06
Africa_Northern,Root_Tuber,Root_TuberAEZ08,Root_TuberAEZ08,2005,NMVOC_AWB,6.06748165826785e-06
Africa_Northern,Root_Tuber,Root_TuberAEZ09,Root_TuberAEZ09,2005,NMVOC_AWB,2.45594967848538e-05
Africa_Northern,Root_Tuber,Root_TuberAEZ10,Root_TuberAEZ10,2005,NMVOC_AWB,3.05182413776411e-05
Africa_Northern,SugarCrop,SugarCropAEZ01,SugarCropAEZ01,2005,NMVOC_AWB,0.000242848133305449
Africa_Northern,SugarCrop,SugarCropAEZ02,SugarCropAEZ02,2005,NMVOC_AWB,1.87212203400756e-05
Africa_Northern,SugarCrop,SugarCropAEZ03,SugarCropAEZ03,2005,NMVOC_AWB,0
Africa_Northern,SugarCrop,SugarCropAEZ04,SugarCropAEZ04,2005,NMVOC_AWB,1.0659813343302e-05
Africa_Northern,SugarCrop,SugarCropAEZ07,SugarCropAEZ07,2005,NMVOC_AWB,5.24882931715169e-05
Africa_Northern,SugarCrop,SugarCropAEZ08,SugarCropAEZ08,2005,NMVOC_AWB,2.1414742604075e-06
Africa_Northern,SugarCrop,SugarCropAEZ09,SugarCropAEZ09,2005,NMVOC_AWB,3.01740135504528e-05
Africa_Northern,SugarCrop,SugarCropAEZ10,SugarCropAEZ10,2005,NMVOC_AWB,2.83370297612171e-05
Africa_Northern,Wheat,WheatAEZ01,WheatAEZ01,2005,NMVOC_AWB,9.4576445522372e-05
Africa_Northern,Wheat,WheatAEZ02,WheatAEZ02,2005,NMVOC_AWB,6.58051103060373e-06
Africa_Northern,Wheat,WheatAEZ03,WheatAEZ03,2005,NMVOC_AWB,1.05587104235025e-06
Africa_Northern,Wheat,WheatAEZ04,WheatAEZ04,2005,NMVOC_AWB,7.576065115375e-06
Africa_Northern,Wheat,WheatAEZ07,WheatAEZ07,2005,NMVOC_AWB,3.6610489385319e-05
Africa_Northern,Wheat,WheatAEZ08,WheatAEZ08,2005,NMVOC_AWB,8.41276153143411e-06
Africa_Northern,Wheat,WheatAEZ09,WheatAEZ09,2005,NMVOC_AWB,4.64688075823657e-05
Africa_Northern,Wheat,WheatAEZ10,WheatAEZ10,2005,NMVOC_AWB,5.88905023293429e-05
Africa_Northern,Corn,CornAEZ01,CornAEZ01,2005,NOx_AWB,3.99009150019549e-05
Africa_Northern,Corn,CornAEZ02,CornAEZ02,2005,NOx_AWB,2.35934438882862e-06
Africa_Northern,Corn,CornAEZ03,CornAEZ03,2005,NOx_AWB,1.37895934879128e-07
Africa_Northern,Corn,CornAEZ04,CornAEZ04,2005,NOx_AWB,2.90407317544891e-08
Africa_Northern,Corn,CornAEZ07,CornAEZ07,2005,NOx_AWB,1.43153783360141e-05
Africa_Northern,Corn,CornAEZ08,CornAEZ08,2005,NOx_AWB,2.74768607304792e-07
Africa_Northern,Corn,CornAEZ09,CornAEZ09,2005,NOx_AWB,8.30345787015793e-07
Africa_Northern,Corn,CornAEZ10,CornAEZ10,2005,NOx_AWB,1.17014136492519e-07
Africa_Northern,FiberCrop,FiberCropAEZ01,FiberCropAEZ01,2005,NOx_AWB,4.11682490915743e-06
Africa_Northern,FiberCrop,FiberCropAEZ02,FiberCropAEZ02,2005,NOx_AWB,3.69166311728917e-07
Africa_Northern,FiberCrop,FiberCropAEZ03,FiberCropAEZ03,2005,NOx_AWB,0
Africa_Northern,FiberCrop,FiberCropAEZ04,FiberCropAEZ04,2005,NOx_AWB,0
Africa_Northern,FiberCrop,FiberCropAEZ07,FiberCropAEZ07,2005,NOx_AWB,1.05291014863278e-06
Africa_Northern,FiberCrop,FiberCropAEZ08,FiberCropAEZ08,2005,NOx_AWB,0
Africa_Northern,FiberCrop,FiberCropAEZ09,FiberCropAEZ09,2005,NOx_AWB,0
Africa_Northern,FiberCrop,FiberCropAEZ10,FiberCropAEZ10,2005,NOx_AWB,0
Africa_Northern,FodderGrass,FodderGrassAEZ01,FodderGrassAEZ01,2005,NOx_AWB,7.68855000908221e-09
Africa_Northern,FodderGrass,FodderGrassAEZ02,FodderGrassAEZ02,2005,NOx_AWB,7.81060729812427e-07
Africa_Northern,FodderGrass,FodderGrassAEZ03,FodderGrassAEZ03,2005,NOx_AWB,3.85598851671052e-07
Africa_Northern,FodderGrass,FodderGrassAEZ04,FodderGrassAEZ04,2005,NOx_AWB,8.88083601373207e-07
Africa_Northern,FodderGrass,FodderGrassAEZ07,FodderGrassAEZ07,2005,NOx_AWB,7.39421686286741e-07
Africa_Northern,FodderGrass,FodderGrassAEZ08,FodderGrassAEZ08,2005,NOx_AWB,6.11416674522892e-06
Africa_Northern,FodderGrass,FodderGrassAEZ09,FodderGrassAEZ09,2005,NOx_AWB,2.35899605392517e-05
Africa_Northern,FodderGrass,FodderGrassAEZ10,FodderGrassAEZ10,2005,NOx_AWB,3.26031467793152e-05
Africa_Northern,FodderHerb,FodderHerbAEZ01,FodderHerbAEZ01,2005,NOx_AWB,0.000337222643228765
Africa_Northern,FodderHerb,FodderHerbAEZ02,FodderHerbAEZ02,2005,NOx_AWB,3.02170293462046e-05
Africa_Northern,FodderHerb,FodderHerbAEZ03,FodderHerbAEZ03,2005,NOx_AWB,1.67297653161983e-09
Africa_Northern,FodderHerb,FodderHerbAEZ04,FodderHerbAEZ04,2005,NOx_AWB,3.60053644848617e-09
Africa_Northern,FodderHerb,FodderHerbAEZ07,FodderHerbAEZ07,2005,NOx_AWB,8.63168149970561e-05
Africa_Northern,FodderHerb,FodderHerbAEZ08,FodderHerbAEZ08,2005,NOx_AWB,9.63779958433167e-09
Africa_Northern,FodderHerb,FodderHerbAEZ09,FodderHerbAEZ09,2005,NOx_AWB,2.76404818267624e-08
Africa_Northern,FodderHerb,FodderHerbAEZ10,FodderHerbAEZ10,2005,NOx_AWB,2.15213883170877e-08
Africa_Northern,MiscCrop,MiscCropAEZ01,MiscCropAEZ01,2005,NOx_AWB,0.000176083943592896
Africa_Northern,MiscCrop,MiscCropAEZ02,MiscCropAEZ02,2005,NOx_AWB,1.94170151489285e-05
Africa_Northern,MiscCrop,MiscCropAEZ03,MiscCropAEZ03,2005,NOx_AWB,1.61218111520358e-06
Africa_Northern,MiscCrop,MiscCropAEZ04,MiscCropAEZ04,2005,NOx_AWB,3.70257678102357e-06
Africa_Northern,MiscCrop,MiscCropAEZ07,MiscCropAEZ07,2005,NOx_AWB,5.33258282839392e-05
Africa_Northern,MiscCrop,MiscCropAEZ08,MiscCropAEZ08,2005,NOx_AWB,1.86652334484841e-05
Africa_Northern,MiscCrop,MiscCropAEZ09,MiscCropAEZ09,2005,NOx_AWB,5.62967096332607e-05
Africa_Northern,MiscCrop,MiscCropAEZ10,MiscCropAEZ10,2005,NOx_AWB,6.75139237849278e-05
Africa_Northern,OilCrop,OilCropAEZ01,OilCropAEZ01,2005,NOx_AWB,4.92625730879763e-06
Africa_Northern,OilCrop,OilCropAEZ02,OilCropAEZ02,2005,NOx_AWB,7.74434726958888e-07
Africa_Northern,OilCrop,OilCropAEZ03,OilCropAEZ03,2005,NOx_AWB,1.1306619696577e-07
Africa_Northern,OilCrop,OilCropAEZ04,OilCropAEZ04,2005,NOx_AWB,4.85873588317522e-07
Africa_Northern,OilCrop,OilCropAEZ07,OilCropAEZ07,2005,NOx_AWB,1.66066248065539e-06
Africa_Northern,OilCrop,OilCropAEZ08,OilCropAEZ08,2005,NOx_AWB,2.87450008260435e-06
Africa_Northern,OilCrop,OilCropAEZ09,OilCropAEZ09,2005,NOx_AWB,7.62913983178487e-06
Africa_Northern,OilCrop,OilCropAEZ10,OilCropAEZ10,2005,NOx_AWB,8.18267952415979e-06
Africa_Northern,OtherGrain,OtherGrainAEZ01,OtherGrainAEZ01,2005,NOx_AWB,3.8948972211106e-06
Africa_Northern,OtherGrain,OtherGrainAEZ02,OtherGrainAEZ02,2005,NOx_AWB,6.03557455121799e-07
Africa_Northern,OtherGrain,OtherGrainAEZ03,OtherGrainAEZ03,2005,NOx_AWB,6.3811079902831e-07
Africa_Northern,OtherGrain,OtherGrainAEZ04,OtherGrainAEZ04,2005,NOx_AWB,3.86133929222478e-07
Africa_Northern,OtherGrain,OtherGrainAEZ07,OtherGrainAEZ07,2005,NOx_AWB,9.59398416726421e-06
Africa_Northern,OtherGrain,OtherGrainAEZ08,OtherGrainAEZ08,2005,NOx_AWB,4.49818093710169e-06
Africa_Northern,OtherGrain,OtherGrainAEZ09,OtherGrainAEZ09,2005,NOx_AWB,1.48780328205313e-05
Africa_Northern,OtherGrain,OtherGrainAEZ10,OtherGrainAEZ10,2005,NOx_AWB,8.18634290109786e-06
Africa_Northern,PalmFruit,PalmFruitAEZ01,PalmFruitAEZ01,2005,NOx_AWB,0
Africa_Northern,PalmFruit,PalmFruitAEZ02,PalmFruitAEZ02,2005,NOx_AWB,0
Africa_Northern,PalmFruit,PalmFruitAEZ03,PalmFruitAEZ03,2005,NOx_AWB,0
Africa_Northern,PalmFruit,PalmFruitAEZ04,PalmFruitAEZ04,2005,NOx_AWB,0
Africa_Northern,PalmFruit,PalmFruitAEZ07,PalmFruitAEZ07,2005,NOx_AWB,0
Africa_Northern,PalmFruit,PalmFruitAEZ08,PalmFruitAEZ08,2005,NOx_AWB,0
Africa_Northern,PalmFruit,PalmFruitAEZ09,PalmFruitAEZ09,2005,NOx_AWB,0
Africa_Northern,PalmFruit,PalmFruitAEZ10,PalmFruitAEZ10,2005,NOx_AWB,0
Africa_Northern,Rice,RiceAEZ01,RiceAEZ01,2005,NOx_AWB,5.24684312612796e-05
Africa_Northern,Rice,RiceAEZ02,RiceAEZ02,2005,NOx_AWB,3.46621983159475e-06
Africa_Northern,Rice,RiceAEZ03,RiceAEZ03,2005,NOx_AWB,0
Africa_Northern,Rice,RiceAEZ04,RiceAEZ04,2005,NOx_AWB,4.11776449546235e-08
Africa_Northern,Rice,RiceAEZ07,RiceAEZ07,2005,NOx_AWB,2.97169037454423e-07
Africa_Northern,Rice,RiceAEZ08,RiceAEZ08,2005,NOx_AWB,0
Africa_Northern,Rice,RiceAEZ09,RiceAEZ09,2005,NOx_AWB,3.08277382375921e-08
Africa_Northern,Rice,RiceAEZ10,RiceAEZ10,2005,NOx_AWB,1.77345050395317e-07
Africa_Northern,Root_Tuber,Root_TuberAEZ01,Root_TuberAEZ01,2005,NOx_AWB,1.97532809966014e-05
Africa_Northern,Root_Tuber,Root_TuberAEZ02,Root_TuberAEZ02,2005,NOx_AWB,2.18044799286791e-06
Africa_Northern,Root_Tuber,Root_TuberAEZ03,Root_TuberAEZ03,2005,NOx_AWB,4.07800690733928e-07
Africa_Northern,Root_Tuber,Root_TuberAEZ04,Root_TuberAEZ04,2005,NOx_AWB,9.27650215635093e-07
Africa_Northern,Root_Tuber,Root_TuberAEZ07,Root_TuberAEZ07,2005,NOx_AWB,4.6859630111554e-06
Africa_Northern,Root_Tuber,Root_TuberAEZ08,Root_TuberAEZ08,2005,NOx_AWB,3.29594309149392e-06
Africa_Northern,Root_Tuber,Root_TuberAEZ09,Root_TuberAEZ09,2005,NOx_AWB,1.33410710271046e-05
Africa_Northern,Root_Tuber,Root_TuberAEZ10,Root_TuberAEZ10,2005,NOx_AWB,1.6577946584497e-05
Africa_Northern,SugarCrop,SugarCropAEZ01,SugarCropAEZ01,2005,NOx_AWB,0.000131918590336339
Africa_Northern,SugarCrop,SugarCropAEZ02,SugarCropAEZ02,2005,NOx_AWB,1.01696354961579e-05
Africa_Northern,SugarCrop,SugarCropAEZ03,SugarCropAEZ03,2005,NOx_AWB,0
Africa_Northern,SugarCrop,SugarCropAEZ04,SugarCropAEZ04,2005,NOx_AWB,5.79056355244113e-06
Africa_Northern,SugarCrop,SugarCropAEZ07,SugarCropAEZ07,2005,NOx_AWB,2.85123939397876e-05
Africa_Northern,SugarCrop,SugarCropAEZ08,SugarCropAEZ08,2005,NOx_AWB,1.16327954359522e-06
Africa_Northern,SugarCrop,SugarCropAEZ09,SugarCropAEZ09,2005,NOx_AWB,1.63909570898728e-05
Africa_Northern,SugarCrop,SugarCropAEZ10,SugarCropAEZ10,2005,NOx_AWB,1.53930811389719e-05
Africa_Northern,Wheat,WheatAEZ01,WheatAEZ01,2005,NOx_AWB,5.13752821671492e-05
Africa_Northern,Wheat,WheatAEZ02,WheatAEZ02,2005,NOx_AWB,3.57462800736504e-06
Africa_Northern,Wheat,WheatAEZ03,WheatAEZ03,2005,NOx_AWB,5.73564299580642e-07
Africa_Northern,Wheat,WheatAEZ04,WheatAEZ04,2005,NOx_AWB,4.11542727017602e-06
Africa_Northern,Wheat,WheatAEZ07,WheatAEZ07,2005,NOx_AWB,1.9887343112332e-05
Africa_Northern,Wheat,WheatAEZ08,WheatAEZ08,2005,NOx_AWB,4.5699327680921e-06
Africa_Northern,Wheat,WheatAEZ09,WheatAEZ09,2005,NOx_AWB,2.52425230016735e-05
Africa_Northern,Wheat,WheatAEZ10,WheatAEZ10,2005,NOx_AWB,3.19901658116287e-05
Africa_Northern,Corn,CornAEZ01,CornAEZ01,2005,SO2_AWB,6.41997178449646e-06
Africa_Northern,Corn,CornAEZ02,CornAEZ02,2005,SO2_AWB,3.79613460128613e-07
Africa_Northern,Corn,CornAEZ03,CornAEZ03,2005,SO2_AWB,2.2187160647253e-08
Africa_Northern,Corn,CornAEZ04,CornAEZ04,2005,SO2_AWB,4.67259155475046e-09
Africa_Northern,Corn,CornAEZ07,CornAEZ07,2005,SO2_AWB,2.30331372092844e-06
Africa_Northern,Corn,CornAEZ08,CornAEZ08,2005,SO2_AWB,4.42096805568425e-08
Africa_Northern,Corn,CornAEZ09,CornAEZ09,2005,SO2_AWB,1.33600859122046e-07
Africa_Northern,Corn,CornAEZ10,CornAEZ10,2005,SO2_AWB,1.8827324000775e-08
Africa_Northern,FiberCrop,FiberCropAEZ01,FiberCropAEZ01,2005,SO2_AWB,6.62388312578996e-07
Africa_Northern,FiberCrop,FiberCropAEZ02,FiberCropAEZ02,2005,SO2_AWB,5.93980690660892e-08
Africa_Northern,FiberCrop,FiberCropAEZ03,FiberCropAEZ03,2005,SO2_AWB,0
Africa_Northern,FiberCrop,FiberCropAEZ04,FiberCropAEZ04,2005,SO2_AWB,0
Africa_Northern,FiberCrop,FiberCropAEZ07,FiberCropAEZ07,2005,SO2_AWB,1.69410988332002e-07
Africa_Northern,FiberCrop,FiberCropAEZ08,FiberCropAEZ08,2005,SO2_AWB,0
Africa_Northern,FiberCrop,FiberCropAEZ09,FiberCropAEZ09,2005,SO2_AWB,0
Africa_Northern,FiberCrop,FiberCropAEZ10,FiberCropAEZ10,2005,SO2_AWB,0
Africa_Northern,FodderGrass,FodderGrassAEZ01,FodderGrassAEZ01,2005,SO2_AWB,1.2370712330677e-09
Africa_Northern,FodderGrass,FodderGrassAEZ02,FodderGrassAEZ02,2005,SO2_AWB,1.25670998951486e-07
Africa_Northern,FodderGrass,FodderGrassAEZ03,FodderGrassAEZ03,2005,SO2_AWB,6.20420295559914e-08
Africa_Northern,FodderGrass,FodderGrassAEZ04,FodderGrassAEZ04,2005,SO2_AWB,1.42890749818911e-07
Africa_Northern,FodderGrass,FodderGrassAEZ07,FodderGrassAEZ07,2005,SO2_AWB,1.18971366009353e-07
Africa_Northern,FodderGrass,FodderGrassAEZ08,FodderGrassAEZ08,2005,SO2_AWB,9.83756337120416e-07
Africa_Northern,FodderGrass,FodderGrassAEZ09,FodderGrassAEZ09,2005,SO2_AWB,3.79557413788533e-06
Africa_Northern,FodderGrass,FodderGrassAEZ10,FodderGrassAEZ10,2005,SO2_AWB,5.24577650409132e-06
Africa_Northern,FodderHerb,FodderHerbAEZ01,FodderHerbAEZ01,2005,SO2_AWB,5.42584012049828e-05
Africa_Northern,FodderHerb,FodderHerbAEZ02,FodderHerbAEZ02,2005,SO2_AWB,4.86185531846652e-06
Africa_Northern,FodderHerb,FodderHerbAEZ03,FodderHerbAEZ03,2005,SO2_AWB,2.69178341614418e-10
Africa_Northern,FodderHerb,FodderHerbAEZ04,FodderHerbAEZ04,2005,SO2_AWB,5.79318604778858e-10
Africa_Northern,FodderHerb,FodderHerbAEZ07,FodderHerbAEZ07,2005,SO2_AWB,1.38881907039362e-05
Africa_Northern,FodderHerb,FodderHerbAEZ08,FodderHerbAEZ08,2005,SO2_AWB,1.55070131582219e-09
Africa_Northern,FodderHerb,FodderHerbAEZ09,FodderHerbAEZ09,2005,SO2_AWB,4.44729433971647e-09
Africa_Northern,FodderHerb,FodderHerbAEZ10,FodderHerbAEZ10,2005,SO2_AWB,3.46274529674634e-09
Africa_Northern,MiscCrop,MiscCropAEZ01,MiscCropAEZ01,2005,SO2_AWB,2.83315294778045e-05
Africa_Northern,MiscCrop,MiscCropAEZ02,MiscCropAEZ02,2005,SO2_AWB,3.12415616005682e-06
Africa_Northern,MiscCrop,MiscCropAEZ03,MiscCropAEZ03,2005,SO2_AWB,2.59396489293489e-07
Africa_Northern,MiscCrop,MiscCropAEZ04,MiscCropAEZ04,2005,SO2_AWB,5.95736675786468e-07
Africa_Northern,MiscCrop,MiscCropAEZ07,MiscCropAEZ07,2005,SO2_AWB,8.58001158497291e-06
Africa_Northern,MiscCrop,MiscCropAEZ08,MiscCropAEZ08,2005,SO2_AWB,3.00319609423585e-06
Africa_Northern,MiscCrop,MiscCropAEZ09,MiscCropAEZ09,2005,SO2_AWB,9.05802003256858e-06
Africa_Northern,MiscCrop,MiscCropAEZ10,MiscCropAEZ10,2005,SO2_AWB,1.08628457702949e-05
Africa_Northern,OilCrop,OilCropAEZ01,OilCropAEZ01,2005,SO2_AWB,7.92624252453879e-07
Africa_Northern,OilCrop,OilCropAEZ02,OilCropAEZ02,2005,SO2_AWB,1.24604889280526e-07
Africa_Northern,OilCrop,OilCropAEZ03,OilCropAEZ03,2005,SO2_AWB,1.81921089845934e-08
Africa_Northern,OilCrop,OilCropAEZ04,OilCropAEZ04,2005,SO2_AWB,7.81760199653996e-08
Africa_Northern,OilCrop,OilCropAEZ07,OilCropAEZ07,2005,SO2_AWB,2.67197037182159e-07
Africa_Northern,OilCrop,OilCropAEZ08,OilCropAEZ08,2005,SO2_AWB,4.62500908160841e-07
Africa_Northern,OilCrop,OilCropAEZ09,OilCropAEZ09,2005,SO2_AWB,1.22751226275481e-06
Africa_Northern,OilCrop,OilCropAEZ10,OilCropAEZ10,2005,SO2_AWB,1.31657561397048e-06
Africa_Northern,OtherGrain,OtherGrainAEZ01,OtherGrainAEZ01,2005,SO2_AWB,6.26680622783177e-07
Africa_Northern,OtherGrain,OtherGrainAEZ02,OtherGrainAEZ02,2005,SO2_AWB,9.71111021392515e-08
Africa_Northern,OtherGrain,OtherGrainAEZ03,OtherGrainAEZ03,2005,SO2_AWB,1.02670661185177e-07
Africa_Northern,OtherGrain,OtherGrainAEZ04,OtherGrainAEZ04,2005,SO2_AWB,6.21281223882612e-08
Africa_Northern,OtherGrain,OtherGrainAEZ07,OtherGrainAEZ07,2005,SO2_AWB,1.54365150903743e-06
Africa_Northern,OtherGrain,OtherGrainAEZ08,OtherGrainAEZ08,2005,SO2_AWB,7.23747680882451e-07
Africa_Northern,OtherGrain,OtherGrainAEZ09,OtherGrainAEZ09,2005,SO2_AWB,2.39384362268243e-06
Africa_Northern,OtherGrain,OtherGrainAEZ10,OtherGrainAEZ10,2005,SO2_AWB,1.31716504347547e-06
Africa_Northern,PalmFruit,PalmFruitAEZ01,PalmFruitAEZ01,2005,SO2_AWB,0
Africa_Northern,PalmFruit,PalmFruitAEZ02,PalmFruitAEZ02,2005,SO2_AWB,0
Africa_Northern,PalmFruit,PalmFruitAEZ03,PalmFruitAEZ03,2005,SO2_AWB,0
Africa_Northern,PalmFruit,PalmFruitAEZ04,PalmFruitAEZ04,2005,SO2_AWB,0
Africa_Northern,PalmFruit,PalmFruitAEZ07,PalmFruitAEZ07,2005,SO2_AWB,0
Africa_Northern,PalmFruit,PalmFruitAEZ08,PalmFruitAEZ08,2005,SO2_AWB,0
Africa_Northern,PalmFruit,PalmFruitAEZ09,PalmFruitAEZ09,2005,SO2_AWB,0
Africa_Northern,PalmFruit,PalmFruitAEZ10,PalmFruitAEZ10,2005,SO2_AWB,0
Africa_Northern,Rice,RiceAEZ01,RiceAEZ01,2005,SO2_AWB,8.44205823996024e-06
Africa_Northern,Rice,RiceAEZ02,RiceAEZ02,2005,SO2_AWB,5.57707348731479e-07
Africa_Northern,Rice,RiceAEZ03,RiceAEZ03,2005,SO2_AWB,0
Africa_Northern,Rice,RiceAEZ04,RiceAEZ04,2005,SO2_AWB,6.62539490003534e-09
Africa_Northern,Rice,RiceAEZ07,RiceAEZ07,2005,SO2_AWB,4.78138618021641e-08
Africa_Northern,Rice,RiceAEZ08,RiceAEZ08,2005,SO2_AWB,0
Africa_Northern,Rice,RiceAEZ09,RiceAEZ09,2005,SO2_AWB,4.96011707138764e-09
Africa_Northern,Rice,RiceAEZ10,RiceAEZ10,2005,SO2_AWB,2.85344388619222e-08
Africa_Northern,Root_Tuber,Root_TuberAEZ01,Root_TuberAEZ01,2005,SO2_AWB,3.17826061490564e-06
Africa_Northern,Root_Tuber,Root_TuberAEZ02,Root_TuberAEZ02,2005,SO2_AWB,3.50829413087096e-07
Africa_Northern,Root_Tuber,Root_TuberAEZ03,Root_TuberAEZ03,2005,SO2_AWB,6.56142579206947e-08
Africa_Northern,Root_Tuber,Root_TuberAEZ04,Root_TuberAEZ04,2005,SO2_AWB,1.49256933330165e-07
Africa_Northern,Root_Tuber,Root_TuberAEZ07,Root_TuberAEZ07,2005,SO2_AWB,7.53961414502344e-07
Africa_Northern,Root_Tuber,Root_TuberAEZ08,Root_TuberAEZ08,2005,SO2_AWB,5.30310185860657e-07
Africa_Northern,Root_Tuber,Root_TuberAEZ09,Root_TuberAEZ09,2005,SO2_AWB,2.14654976119667e-06
Africa_Northern,Root_Tuber,Root_TuberAEZ10,Root_TuberAEZ10,2005,SO2_AWB,2.66735610730095e-06
Africa_Northern,SugarCrop,SugarCropAEZ01,SugarCropAEZ01,2005,SO2_AWB,2.12254187095296e-05
Africa_Northern,SugarCrop,SugarCropAEZ02,SugarCropAEZ02,2005,SO2_AWB,1.63627257522161e-06
Africa_Northern,SugarCrop,SugarCropAEZ03,SugarCropAEZ03,2005,SO2_AWB,0
Africa_Northern,SugarCrop,SugarCropAEZ04,SugarCropAEZ04,2005,SO2_AWB,9.31689276328231e-07
Africa_Northern,SugarCrop,SugarCropAEZ07,SugarCropAEZ07,2005,SO2_AWB,4.58758313168798e-06
Africa_Northern,SugarCrop,SugarCropAEZ08,SugarCropAEZ08,2005,SO2_AWB,1.87169187648887e-07
Africa_Northern,SugarCrop,SugarCropAEZ09,SugarCropAEZ09,2005,SO2_AWB,2.63726989801412e-06
Africa_Northern,SugarCrop,SugarCropAEZ10,SugarCropAEZ10,2005,SO2_AWB,2.47671379425316e-06
Africa_Northern,Wheat,WheatAEZ01,WheatAEZ01,2005,SO2_AWB,8.26617289146081e-06
Africa_Northern,Wheat,WheatAEZ02,WheatAEZ02,2005,SO2_AWB,5.7514999207988e-07
Africa_Northern,Wheat,WheatAEZ03,WheatAEZ03,2005,SO2_AWB,9.22852676366391e-08
Africa_Northern,Wheat,WheatAEZ04,WheatAEZ04,2005,SO2_AWB,6.62163435459634e-07
Africa_Northern,Wheat,WheatAEZ07,WheatAEZ07,2005,SO2_AWB,3.1998309222612e-06
Africa_Northern,Wheat,WheatAEZ08,WheatAEZ08,2005,SO2_AWB,7.35292396847533e-07
Africa_Northern,Wheat,WheatAEZ09,WheatAEZ09,2005,SO2_AWB,4.06146789947817e-06
Africa_Northern,Wheat,WheatAEZ10,WheatAEZ10,2005,SO2_AWB,5.14714917895886e-06
Africa_Southern,Corn,CornAEZ01,CornAEZ01,2005,CH4_AWB,6.32047958547109e-06
Africa_Southern,Corn,CornAEZ02,CornAEZ02,2005,CH4_AWB,3.06926173272271e-05
Africa_Southern,Corn,CornAEZ03,CornAEZ03,2005,CH4_AWB,0.000299397406382667
Africa_Southern,Corn,CornAEZ04,CornAEZ04,2005,CH4_AWB,0.000527087489933657
Africa_Southern,Corn,CornAEZ05,CornAEZ05,2005,CH4_AWB,8.28046805183946e-05
Africa_Southern,Corn,CornAEZ06,CornAEZ06,2005,CH4_AWB,5.86819086094209e-06
Africa_Southern,Corn,CornAEZ07,CornAEZ07,2005,CH4_AWB,4.36737084107355e-06
Africa_Southern,Corn,CornAEZ08,CornAEZ08,2005,CH4_AWB,9.16043652342726e-06
Africa_Southern,Corn,CornAEZ09,CornAEZ09,2005,CH4_AWB,0.000185127922376335
Africa_Southern,Corn,CornAEZ10,CornAEZ10,2005,CH4_AWB,6.85534424458061e-05
Africa_Southern,Corn,CornAEZ11,CornAEZ11,2005,CH4_AWB,2.00149804935243e-05
Africa_Southern,FiberCrop,FiberCropAEZ01,FiberCropAEZ01,2005,CH4_AWB,5.64787833590504e-07
Africa_Southern,FiberCrop,FiberCropAEZ02,FiberCropAEZ02,2005,CH4_AWB,2.97567011479362e-06
Africa_Southern,FiberCrop,FiberCropAEZ03,FiberCropAEZ03,2005,CH4_AWB,2.76511488568881e-05
Africa_Southern,FiberCrop,FiberCropAEZ04,FiberCropAEZ04,2005,CH4_AWB,3.26005666782645e-05
Africa_Southern,FiberCrop,FiberCropAEZ05,FiberCropAEZ05,2005,CH4_AWB,4.26693991000366e-06
Africa_Southern,FiberCrop,FiberCropAEZ06,FiberCropAEZ06,2005,CH4_AWB,1.44445370597439e-06
Africa_Southern,FiberCrop,FiberCropAEZ07,FiberCropAEZ07,2005,CH4_AWB,1.33257548388498e-07
Africa_Southern,FiberCrop,FiberCropAEZ08,FiberCropAEZ08,2005,CH4_AWB,6.27680414839279e-07
Africa_Southern,FiberCrop,FiberCropAEZ09,FiberCropAEZ09,2005,CH4_AWB,3.20563279058741e-05
Africa_Southern,FiberCrop,FiberCropAEZ10,FiberCropAEZ10,2005,CH4_AWB,1.43677375380869e-06
Africa_Southern,FiberCrop,FiberCropAEZ11,FiberCropAEZ11,2005,CH4_AWB,5.34898290026726e-07
Africa_Southern,FodderGrass,FodderGrassAEZ01,FodderGrassAEZ01,2005,CH4_AWB,0
Africa_Southern,FodderGrass,FodderGrassAEZ02,FodderGrassAEZ02,2005,CH4_AWB,0
Africa_Southern,FodderGrass,FodderGrassAEZ03,FodderGrassAEZ03,2005,CH4_AWB,0
Africa_Southern,FodderGrass,FodderGrassAEZ04,FodderGrassAEZ04,2005,CH4_AWB,0
Africa_Southern,FodderGrass,FodderGrassAEZ05,FodderGrassAEZ05,2005,CH4_AWB,0
Africa_Southern,FodderGrass,FodderGrassAEZ06,FodderGrassAEZ06,2005,CH4_AWB,0
Africa_Southern,FodderGrass,FodderGrassAEZ07,FodderGrassAEZ07,2005,CH4_AWB,0
Africa_Southern,FodderGrass,FodderGrassAEZ08,FodderGrassAEZ08,2005,CH4_AWB,0
Africa_Southern,FodderGrass,FodderGrassAEZ09,FodderGrassAEZ09,2005,CH4_AWB,0
Africa_Southern,FodderGrass,FodderGrassAEZ10,FodderGrassAEZ10,2005,CH4_AWB,0
Africa_Southern,FodderGrass,FodderGrassAEZ11,FodderGrassAEZ11,2005,CH4_AWB,0
Africa_Southern,FodderHerb,FodderHerbAEZ01,FodderHerbAEZ01,2005,CH4_AWB,0
Africa_Southern,FodderHerb,FodderHerbAEZ02,FodderHerbAEZ02,2005,CH4_AWB,0
Africa_Southern,FodderHerb,FodderHerbAEZ03,FodderHerbAEZ03,2005,CH4_AWB,0
Africa_Southern,FodderHerb,FodderHerbAEZ04,FodderHerbAEZ04,2005,CH4_AWB,0
Africa_Southern,FodderHerb,FodderHerbAEZ05,FodderHerbAEZ05,2005,CH4_AWB,0
Africa_Southern,FodderHerb,FodderHerbAEZ06,FodderHerbAEZ06,2005,CH4_AWB,0
Africa_Southern,FodderHerb,FodderHerbAEZ07,FodderHerbAEZ07,2005,CH4_AWB,0
Africa_Southern,FodderHerb,FodderHerbAEZ08,FodderHerbAEZ08,2005,CH4_AWB,0
Africa_Southern,FodderHerb,FodderHerbAEZ09,FodderHerbAEZ09,2005,CH4_AWB,0
Africa_Southern,FodderHerb,FodderHerbAEZ10,FodderHerbAEZ10,2005,CH4_AWB,0
Africa_Southern,FodderHerb,FodderHerbAEZ11,FodderHerbAEZ11,2005,CH4_AWB,0
Africa_Southern,MiscCrop,MiscCropAEZ01,MiscCropAEZ01,2005,CH4_AWB,3.62738112915971e-05
Africa_Southern,MiscCrop,MiscCropAEZ02,MiscCropAEZ02,2005,CH4_AWB,5.68192345319747e-05
Africa_Southern,MiscCrop,MiscCropAEZ03,MiscCropAEZ03,2005,CH4_AWB,0.000280633041345843
Africa_Southern,MiscCrop,MiscCropAEZ04,MiscCropAEZ04,2005,CH4_AWB,0.00072414138006939
Africa_Southern,MiscCrop,MiscCropAEZ05,MiscCropAEZ05,2005,CH4_AWB,0.000161465774929139
Africa_Southern,MiscCrop,MiscCropAEZ06,MiscCropAEZ06,2005,CH4_AWB,3.74289662784198e-05
Africa_Southern,MiscCrop,MiscCropAEZ07,MiscCropAEZ07,2005,CH4_AWB,2.35157662149111e-05
Africa_Southern,MiscCrop,MiscCropAEZ08,MiscCropAEZ08,2005,CH4_AWB,2.10207092315887e-05
Africa_Southern,MiscCrop,MiscCropAEZ09,MiscCropAEZ09,2005,CH4_AWB,8.02455443000949e-05
Africa_Southern,MiscCrop,MiscCropAEZ10,MiscCropAEZ10,2005,CH4_AWB,3.37239136169811e-05
Africa_Southern,MiscCrop,MiscCropAEZ11,MiscCropAEZ11,2005,CH4_AWB,1.19424356465961e-05
Africa_Southern,OilCrop,OilCropAEZ01,OilCropAEZ01,2005,CH4_AWB,6.54206090042795e-06
Africa_Southern,OilCrop,OilCropAEZ02,OilCropAEZ02,2005,CH4_AWB,1.3823238097021e-05
Africa_Southern,OilCrop,OilCropAEZ03,OilCropAEZ03,2005,CH4_AWB,4.77959879024367e-05
Africa_Southern,OilCrop,OilCropAEZ04,OilCropAEZ04,2005,CH4_AWB,5.82607747984843e-05
Africa_Southern,OilCrop,OilCropAEZ05,OilCropAEZ05,2005,CH4_AWB,1.39490642032425e-05
Africa_Southern,OilCrop,OilCropAEZ06,OilCropAEZ06,2005,CH4_AWB,1.43848230224129e-06
Africa_Southern,OilCrop,OilCropAEZ07,OilCropAEZ07,2005,CH4_AWB,5.21177111707534e-06
Africa_Southern,OilCrop,OilCropAEZ08,OilCropAEZ08,2005,CH4_AWB,5.27752347662099e-06
Africa_Southern,OilCrop,OilCropAEZ09,OilCropAEZ09,2005,CH4_AWB,2.74247114177563e-05
Africa_Southern,OilCrop,OilCropAEZ10,OilCropAEZ10,2005,CH4_AWB,7.79912646519565e-06
Africa_Southern,OilCrop,OilCropAEZ11,OilCropAEZ11,2005,CH4_AWB,2.08644191812726e-06
Africa_Southern,OtherGrain,OtherGrainAEZ01,OtherGrainAEZ01,2005,CH4_AWB,2.05946782229612e-06
Africa_Southern,OtherGrain,OtherGrainAEZ02,OtherGrainAEZ02,2005,CH4_AWB,2.05562111515677e-06
Africa_Southern,OtherGrain,OtherGrainAEZ03,OtherGrainAEZ03,2005,CH4_AWB,3.69815026863015e-05
Africa_Southern,OtherGrain,OtherGrainAEZ04,OtherGrainAEZ04,2005,CH4_AWB,0.000104468724540089
Africa_Southern,OtherGrain,OtherGrainAEZ05,OtherGrainAEZ05,2005,CH4_AWB,2.01802695038339e-05
Africa_Southern,OtherGrain,OtherGrainAEZ06,OtherGrainAEZ06,2005,CH4_AWB,1.14010481599238e-06
Africa_Southern,OtherGrain,OtherGrainAEZ07,OtherGrainAEZ07,2005,CH4_AWB,4.83249981894096e-06
Africa_Southern,OtherGrain,OtherGrainAEZ08,OtherGrainAEZ08,2005,CH4_AWB,8.56765245124612e-06
Africa_Southern,OtherGrain,OtherGrainAEZ09,OtherGrainAEZ09,2005,CH4_AWB,1.0179866593456e-05
Africa_Southern,OtherGrain,OtherGrainAEZ10,OtherGrainAEZ10,2005,CH4_AWB,5.43584103871995e-06
Africa_Southern,OtherGrain,OtherGrainAEZ11,OtherGrainAEZ11,2005,CH4_AWB,6.42400092270812e-07
Africa_Southern,PalmFruit,PalmFruitAEZ01,PalmFruitAEZ01,2005,CH4_AWB,7.60891866357186e-07
Africa_Southern,PalmFruit,PalmFruitAEZ02,PalmFruitAEZ02,2005,CH4_AWB,4.32333949115737e-06
Africa_Southern,PalmFruit,PalmFruitAEZ03,PalmFruitAEZ03,2005,CH4_AWB,2.57845052665205e-05
Africa_Southern,PalmFruit,PalmFruitAEZ04,PalmFruitAEZ04,2005,CH4_AWB,8.08530889152537e-05
Africa_Southern,PalmFruit,PalmFruitAEZ05,PalmFruitAEZ05,2005,CH4_AWB,1.87666069885591e-05
Africa_Southern,PalmFruit,PalmFruitAEZ06,PalmFruitAEZ06,2005,CH4_AWB,2.05323879390731e-06
Africa_Southern,PalmFruit,PalmFruitAEZ07,PalmFruitAEZ07,2005,CH4_AWB,0
Africa_Southern,PalmFruit,PalmFruitAEZ08,PalmFruitAEZ08,2005,CH4_AWB,0
Africa_Southern,PalmFruit,PalmFruitAEZ09,PalmFruitAEZ09,2005,CH4_AWB,2.12802636789834e-06
Africa_Southern,PalmFruit,PalmFruitAEZ10,PalmFruitAEZ10,2005,CH4_AWB,2.98841438726425e-06
Africa_Southern,PalmFruit,PalmFruitAEZ11,PalmFruitAEZ11,2005,CH4_AWB,2.69147021442669e-08
Africa_Southern,Rice,RiceAEZ01,RiceAEZ01,2005,CH4_AWB,1.77568207848343e-08
Africa_Southern,Rice,RiceAEZ02,RiceAEZ02,2005,CH4_AWB,2.5652878027381e-06
Africa_Southern,Rice,RiceAEZ03,RiceAEZ03,2005,CH4_AWB,2.72670303167895e-05
Africa_Southern,Rice,RiceAEZ04,RiceAEZ04,2005,CH4_AWB,0.000116460400320018
Africa_Southern,Rice,RiceAEZ05,RiceAEZ05,2005,CH4_AWB,2.03693646428871e-05
Africa_Southern,Rice,RiceAEZ06,RiceAEZ06,2005,CH4_AWB,6.97098415972369e-07
Africa_Southern,Rice,RiceAEZ07,RiceAEZ07,2005,CH4_AWB,0
Africa_Southern,Rice,RiceAEZ08,RiceAEZ08,2005,CH4_AWB,0
Africa_Southern,Rice,RiceAEZ09,RiceAEZ09,2005,CH4_AWB,2.59192303391535e-07
Africa_Southern,Rice,RiceAEZ10,RiceAEZ10,2005,CH4_AWB,2.83536331886871e-08
Africa_Southern,Rice,RiceAEZ11,RiceAEZ11,2005,CH4_AWB,0
Africa_Southern,Root_Tuber,Root_TuberAEZ01,Root_TuberAEZ01,2005,CH4_AWB,1.72840933026114e-05
Africa_Southern,Root_Tuber,Root_TuberAEZ02,Root_TuberAEZ02,2005,CH4_AWB,4.6744784244144e-05
Africa_Southern,Root_Tuber,Root_TuberAEZ03,Root_TuberAEZ03,2005,CH4_AWB,0.000445283242988105
Africa_Southern,Root_Tuber,Root_TuberAEZ04,Root_TuberAEZ04,2005,CH4_AWB,0.00183917280068615
Africa_Southern,Root_Tuber,Root_TuberAEZ05,Root_TuberAEZ05,2005,CH4_AWB,0.000889242303276591
Africa_Southern,Root_Tuber,Root_TuberAEZ06,Root_TuberAEZ06,2005,CH4_AWB,2.40604251305067e-05
Africa_Southern,Root_Tuber,Root_TuberAEZ07,Root_TuberAEZ07,2005,CH4_AWB,2.46158545714176e-05
Africa_Southern,Root_Tuber,Root_TuberAEZ08,Root_TuberAEZ08,2005,CH4_AWB,4.78060760282367e-05
Africa_Southern,Root_Tuber,Root_TuberAEZ09,Root_TuberAEZ09,2005,CH4_AWB,0.000124583657435369
Africa_Southern,Root_Tuber,Root_TuberAEZ10,Root_TuberAEZ10,2005,CH4_AWB,0.000127564400335738
Africa_Southern,Root_Tuber,Root_TuberAEZ11,Root_TuberAEZ11,2005,CH4_AWB,2.58344176609225e-05
Africa_Southern,SugarCrop,SugarCropAEZ01,SugarCropAEZ01,2005,CH4_AWB,7.87913521251712e-05
Africa_Southern,SugarCrop,SugarCropAEZ02,SugarCropAEZ02,2005,CH4_AWB,0.000276329103092132
Africa_Southern,SugarCrop,SugarCropAEZ03,SugarCropAEZ03,2005,CH4_AWB,0.000418436630996694
Africa_Southern,SugarCrop,SugarCropAEZ04,SugarCropAEZ04,2005,CH4_AWB,0.000179275500558255
Africa_Southern,SugarCrop,SugarCropAEZ05,SugarCropAEZ05,2005,CH4_AWB,2.43119474122594e-05
Africa_Southern,SugarCrop,SugarCropAEZ06,SugarCropAEZ06,2005,CH4_AWB,2.27548182139957e-06
Africa_Southern,SugarCrop,SugarCropAEZ07,SugarCropAEZ07,2005,CH4_AWB,8.36963230699984e-05
Africa_Southern,SugarCrop,SugarCropAEZ08,SugarCropAEZ08,2005,CH4_AWB,0.000158466465178767
Africa_Southern,SugarCrop,SugarCropAEZ09,SugarCropAEZ09,2005,CH4_AWB,0.000400699663719648
Africa_Southern,SugarCrop,SugarCropAEZ10,SugarCropAEZ10,2005,CH4_AWB,0.000296950936504487
Africa_Southern,SugarCrop,SugarCropAEZ11,SugarCropAEZ11,2005,CH4_AWB,0.000265439816129287
Africa_Southern,Wheat,WheatAEZ01,WheatAEZ01,2005,CH4_AWB,2.02713619115074e-06
Africa_Southern,Wheat,WheatAEZ02,WheatAEZ02,2005,CH4_AWB,4.38751003266467e-06
Africa_Southern,Wheat,WheatAEZ03,WheatAEZ03,2005,CH4_AWB,1.43637854085618e-05
Africa_Southern,Wheat,WheatAEZ04,WheatAEZ04,2005,CH4_AWB,6.75716824934946e-06
Africa_Southern,Wheat,WheatAEZ05,WheatAEZ05,2005,CH4_AWB,6.92757224286994e-07
Africa_Southern,Wheat,WheatAEZ06,WheatAEZ06,2005,CH4_AWB,1.22125242632038e-07
Africa_Southern,Wheat,WheatAEZ07,WheatAEZ07,2005,CH4_AWB,1.99328393091237e-06
Africa_Southern,Wheat,WheatAEZ08,WheatAEZ08,2005,CH4_AWB,5.30780586690821e-06
Africa_Southern,Wheat,WheatAEZ09,WheatAEZ09,2005,CH4_AWB,1.12136683313607e-05
Africa_Southern,Wheat,WheatAEZ10,WheatAEZ10,2005,CH4_AWB,4.42978964882734e-06
Africa_Southern,Wheat,WheatAEZ11,WheatAEZ11,2005,CH4_AWB,1.33894973617862e-06
Africa_Southern,Corn,CornAEZ01,CornAEZ01,2005,CO_AWB,0.000233715613453069
Africa_Southern,Corn,CornAEZ02,CornAEZ02,2005,CO_AWB,0.00113493664366903
Africa_Southern,Corn,CornAEZ03,CornAEZ03,2005,CO_AWB,0.0110709713642351
Africa_Southern,Corn,CornAEZ04,CornAEZ04,2005,CO_AWB,0.0194903842955932
Africa_Southern,Corn,CornAEZ05,CornAEZ05,2005,CO_AWB,0.00306191111646468
Africa_Southern,Corn,CornAEZ06,CornAEZ06,2005,CO_AWB,0.00021699110144702
Africa_Southern,Corn,CornAEZ07,CornAEZ07,2005,CO_AWB,0.000161494510265469
Africa_Southern,Corn,CornAEZ08,CornAEZ08,2005,CO_AWB,0.00033873015688431
Africa_Southern,Corn,CornAEZ09,CornAEZ09,2005,CO_AWB,0.0068455700806211
Africa_Southern,Corn,CornAEZ10,CornAEZ10,2005,CO_AWB,0.00253493578119785
Africa_Southern,Corn,CornAEZ11,CornAEZ11,2005,CO_AWB,0.000740104193208401
Africa_Southern,FiberCrop,FiberCropAEZ01,FiberCropAEZ01,2005,CO_AWB,2.08844492278502e-05
Africa_Southern,FiberCrop,FiberCropAEZ02,FiberCropAEZ02,2005,CO_AWB,0.000110032879136516
Africa_Southern,FiberCrop,FiberCropAEZ03,FiberCropAEZ03,2005,CO_AWB,0.00102247070501187
Africa_Southern,FiberCrop,FiberCropAEZ04,FiberCropAEZ04,2005,CO_AWB,0.00120548786482005
Africa_Southern,FiberCrop,FiberCropAEZ05,FiberCropAEZ05,2005,CO_AWB,0.000157780824247304
Africa_Southern,FiberCrop,FiberCropAEZ06,FiberCropAEZ06,2005,CO_AWB,5.34123050998196e-05
Africa_Southern,FiberCrop,FiberCropAEZ07,FiberCropAEZ07,2005,CO_AWB,4.92753267338471e-06
Africa_Southern,FiberCrop,FiberCropAEZ08,FiberCropAEZ08,2005,CO_AWB,2.32100604428588e-05
Africa_Southern,FiberCrop,FiberCropAEZ09,FiberCropAEZ09,2005,CO_AWB,0.00118536326876146
Africa_Southern,FiberCrop,FiberCropAEZ10,FiberCropAEZ10,2005,CO_AWB,5.3128319571914e-05
Africa_Southern,FiberCrop,FiberCropAEZ11,FiberCropAEZ11,2005,CO_AWB,1.97792082543806e-05
Africa_Southern,FodderGrass,FodderGrassAEZ01,FodderGrassAEZ01,2005,CO_AWB,0
Africa_Southern,FodderGrass,FodderGrassAEZ02,FodderGrassAEZ02,2005,CO_AWB,0
Africa_Southern,FodderGrass,FodderGrassAEZ03,FodderGrassAEZ03,2005,CO_AWB,0
Africa_Southern,FodderGrass,FodderGrassAEZ04,FodderGrassAEZ04,2005,CO_AWB,0
Africa_Southern,FodderGrass,FodderGrassAEZ05,FodderGrassAEZ05,2005,CO_AWB,0
Africa_Southern,FodderGrass,FodderGrassAEZ06,FodderGrassAEZ06,2005,CO_AWB,0
Africa_Southern,FodderGrass,FodderGrassAEZ07,FodderGrassAEZ07,2005,CO_AWB,0
Africa_Southern,FodderGrass,FodderGrassAEZ08,FodderGrassAEZ08,2005,CO_AWB,0
Africa_Southern,FodderGrass,FodderGrassAEZ09,FodderGrassAEZ09,2005,CO_AWB,0
Africa_Southern,FodderGrass,FodderGrassAEZ10,FodderGrassAEZ10,2005,CO_AWB,0
Africa_Southern,FodderGrass,FodderGrassAEZ11,FodderGrassAEZ11,2005,CO_AWB,0
Africa_Southern,FodderHerb,FodderHerbAEZ01,FodderHerbAEZ01,2005,CO_AWB,0
Africa_Southern,FodderHerb,FodderHerbAEZ02,FodderHerbAEZ02,2005,CO_AWB,0
Africa_Southern,FodderHerb,FodderHerbAEZ03,FodderHerbAEZ03,2005,CO_AWB,0
Africa_Southern,FodderHerb,FodderHerbAEZ04,FodderHerbAEZ04,2005,CO_AWB,0
Africa_Southern,FodderHerb,FodderHerbAEZ05,FodderHerbAEZ05,2005,CO_AWB,0
Africa_Southern,FodderHerb,FodderHerbAEZ06,FodderHerbAEZ06,2005,CO_AWB,0
Africa_Southern,FodderHerb,FodderHerbAEZ07,FodderHerbAEZ07,2005,CO_AWB,0
Africa_Southern,FodderHerb,FodderHerbAEZ08,FodderHerbAEZ08,2005,CO_AWB,0
Africa_Southern,FodderHerb,FodderHerbAEZ09,FodderHerbAEZ09,2005,CO_AWB,0
Africa_Southern,FodderHerb,FodderHerbAEZ10,FodderHerbAEZ10,2005,CO_AWB,0
Africa_Southern,FodderHerb,FodderHerbAEZ11,FodderHerbAEZ11,2005,CO_AWB,0
Africa_Southern,MiscCrop,MiscCropAEZ01,MiscCropAEZ01,2005,CO_AWB,0.00134131531375947
Africa_Southern,MiscCrop,MiscCropAEZ02,MiscCropAEZ02,2005,CO_AWB,0.00210103396031846
Africa_Southern,MiscCrop,MiscCropAEZ03,MiscCropAEZ03,2005,CO_AWB,0.0103771118198234
Africa_Southern,MiscCrop,MiscCropAEZ04,MiscCropAEZ04,2005,CO_AWB,0.0267769469991976
Africa_Southern,MiscCrop,MiscCropAEZ05,MiscCropAEZ05,2005,CO_AWB,0.00597060272546173
Africa_Southern,MiscCrop,MiscCropAEZ06,MiscCropAEZ06,2005,CO_AWB,0.00138403007182929
Africa_Southern,MiscCrop,MiscCropAEZ07,MiscCropAEZ07,2005,CO_AWB,0.000869554541299459
Africa_Southern,MiscCrop,MiscCropAEZ08,MiscCropAEZ08,2005,CO_AWB,0.000777293540283333
Africa_Southern,MiscCrop,MiscCropAEZ09,MiscCropAEZ09,2005,CO_AWB,0.00296728062473036
Africa_Southern,MiscCrop,MiscCropAEZ10,MiscCropAEZ10,2005,CO_AWB,0.00124702644039054
Africa_Southern,MiscCrop,MiscCropAEZ11,MiscCropAEZ11,2005,CO_AWB,0.000441601564489504
Africa_Southern,OilCrop,OilCropAEZ01,OilCropAEZ01,2005,CO_AWB,0.000241909139316822
Africa_Southern,OilCrop,OilCropAEZ02,OilCropAEZ02,2005,CO_AWB,0.00051114896078132
Africa_Southern,OilCrop,OilCropAEZ03,OilCropAEZ03,2005,CO_AWB,0.0017673767444628
Africa_Southern,OilCrop,OilCropAEZ04,OilCropAEZ04,2005,CO_AWB,0.00215433853367378
Africa_Southern,OilCrop,OilCropAEZ05,OilCropAEZ05,2005,CO_AWB,0.000515801697208404
Africa_Southern,OilCrop,OilCropAEZ06,OilCropAEZ06,2005,CO_AWB,5.31914974430928e-05
Africa_Southern,OilCrop,OilCropAEZ07,OilCropAEZ07,2005,CO_AWB,0.00019271833210319
Africa_Southern,OilCrop,OilCropAEZ08,OilCropAEZ08,2005,CO_AWB,0.000195149690806179
Africa_Southern,OilCrop,OilCropAEZ09,OilCropAEZ09,2005,CO_AWB,0.00101409761175529
Africa_Southern,OilCrop,OilCropAEZ10,OilCropAEZ10,2005,CO_AWB,0.000288392297065763
Africa_Southern,OilCrop,OilCropAEZ11,OilCropAEZ11,2005,CO_AWB,7.71514322979917e-05
Africa_Southern,OtherGrain,OtherGrainAEZ01,OtherGrainAEZ01,2005,CO_AWB,7.6153997329764e-05
Africa_Southern,OtherGrain,OtherGrainAEZ02,OtherGrainAEZ02,2005,CO_AWB,7.6011755668085e-05
Africa_Southern,OtherGrain,OtherGrainAEZ03,OtherGrainAEZ03,2005,CO_AWB,0.00136748398121771
Africa_Southern,OtherGrain,OtherGrainAEZ04,OtherGrainAEZ04,2005,CO_AWB,0.0038629935770494
Africa_Southern,OtherGrain,OtherGrainAEZ05,OtherGrainAEZ05,2005,CO_AWB,0.000746216169668281
Africa_Southern,OtherGrain,OtherGrainAEZ06,OtherGrainAEZ06,2005,CO_AWB,4.21582401884455e-05
Africa_Southern,OtherGrain,OtherGrainAEZ07,OtherGrainAEZ07,2005,CO_AWB,0.000178693822901012
Africa_Southern,OtherGrain,OtherGrainAEZ08,OtherGrainAEZ08,2005,CO_AWB,0.000316810476391473
Africa_Southern,OtherGrain,OtherGrainAEZ09,OtherGrainAEZ09,2005,CO_AWB,0.000376426145134465
Africa_Southern,OtherGrain,OtherGrainAEZ10,OtherGrainAEZ10,2005,CO_AWB,0.000201003880452074
Africa_Southern,OtherGrain,OtherGrainAEZ11,OtherGrainAEZ11,2005,CO_AWB,2.37543575004191e-05
Africa_Southern,PalmFruit,PalmFruitAEZ01,PalmFruitAEZ01,2005,CO_AWB,2.81358885686308e-05
Africa_Southern,PalmFruit,PalmFruitAEZ02,PalmFruitAEZ02,2005,CO_AWB,0.000159866340469544
Africa_Southern,PalmFruit,PalmFruitAEZ03,PalmFruitAEZ03,2005,CO_AWB,0.000953446868146094
Africa_Southern,PalmFruit,PalmFruitAEZ04,PalmFruitAEZ04,2005,CO_AWB,0.002989746113387
Africa_Southern,PalmFruit,PalmFruitAEZ05,PalmFruitAEZ05,2005,CO_AWB,0.000693942446210249
Africa_Southern,PalmFruit,PalmFruitAEZ06,PalmFruitAEZ06,2005,CO_AWB,7.59236633540873e-05
Africa_Southern,PalmFruit,PalmFruitAEZ07,PalmFruitAEZ07,2005,CO_AWB,0
Africa_Southern,PalmFruit,PalmFruitAEZ08,PalmFruitAEZ08,2005,CO_AWB,0
Africa_Southern,PalmFruit,PalmFruitAEZ09,PalmFruitAEZ09,2005,CO_AWB,7.86891218129927e-05
Africa_Southern,PalmFruit,PalmFruitAEZ10,PalmFruitAEZ10,2005,CO_AWB,0.000110504130632262
Africa_Southern,PalmFruit,PalmFruitAEZ11,PalmFruitAEZ11,2005,CO_AWB,9.95238737423296e-07
Africa_Southern,Rice,RiceAEZ01,RiceAEZ01,2005,CO_AWB,6.56603064147774e-07
Africa_Southern,Rice,RiceAEZ02,RiceAEZ02,2005,CO_AWB,9.4857962025349e-05
Africa_Southern,Rice,RiceAEZ03,RiceAEZ03,2005,CO_AWB,0.00100826695685893
Africa_Southern,Rice,RiceAEZ04,RiceAEZ04,2005,CO_AWB,0.0043064159191892
Africa_Southern,Rice,RiceAEZ05,RiceAEZ05,2005,CO_AWB,0.000753208437553522
Africa_Southern,Rice,RiceAEZ06,RiceAEZ06,2005,CO_AWB,2.57769654538014e-05
Africa_Southern,Rice,RiceAEZ07,RiceAEZ07,2005,CO_AWB,0
Africa_Southern,Rice,RiceAEZ08,RiceAEZ08,2005,CO_AWB,0
Africa_Southern,Rice,RiceAEZ09,RiceAEZ09,2005,CO_AWB,9.58428666215706e-06
Africa_Southern,Rice,RiceAEZ10,RiceAEZ10,2005,CO_AWB,1.04844682823596e-06
Africa_Southern,Rice,RiceAEZ11,RiceAEZ11,2005,CO_AWB,0
Africa_Southern,Root_Tuber,Root_TuberAEZ01,Root_TuberAEZ01,2005,CO_AWB,0.000639122777721753
Africa_Southern,Root_Tuber,Root_TuberAEZ02,Root_TuberAEZ02,2005,CO_AWB,0.00172850584795255
Africa_Southern,Root_Tuber,Root_TuberAEZ03,Root_TuberAEZ03,2005,CO_AWB,0.0164654667241648
Africa_Southern,Root_Tuber,Root_TuberAEZ04,Root_TuberAEZ04,2005,CO_AWB,0.0680080353944414
Africa_Southern,Root_Tuber,Root_TuberAEZ05,Root_TuberAEZ05,2005,CO_AWB,0.0328819684658816
Africa_Southern,Root_Tuber,Root_TuberAEZ06,Root_TuberAEZ06,2005,CO_AWB,0.000889694673208707
Africa_Southern,Root_Tuber,Root_TuberAEZ07,Root_TuberAEZ07,2005,CO_AWB,0.000910233072353417
Africa_Southern,Root_Tuber,Root_TuberAEZ08,Root_TuberAEZ08,2005,CO_AWB,0.00176774977826159
Africa_Southern,Root_Tuber,Root_TuberAEZ09,Root_TuberAEZ09,2005,CO_AWB,0.00460679376145221
Africa_Southern,Root_Tuber,Root_TuberAEZ10,Root_TuberAEZ10,2005,CO_AWB,0.0047170142195812
Africa_Southern,Root_Tuber,Root_TuberAEZ11,Root_TuberAEZ11,2005,CO_AWB,0.000955292504338542
Africa_Southern,SugarCrop,SugarCropAEZ01,SugarCropAEZ01,2005,CO_AWB,0.00291350821527235
Africa_Southern,SugarCrop,SugarCropAEZ02,SugarCropAEZ02,2005,CO_AWB,0.0102179628888557
Africa_Southern,SugarCrop,SugarCropAEZ03,SugarCropAEZ03,2005,CO_AWB,0.015472745791226
Africa_Southern,SugarCrop,SugarCropAEZ04,SugarCropAEZ04,2005,CO_AWB,0.00662916207915507
Africa_Southern,SugarCrop,SugarCropAEZ05,SugarCropAEZ05,2005,CO_AWB,0.000898995341549144
Africa_Southern,SugarCrop,SugarCropAEZ06,SugarCropAEZ06,2005,CO_AWB,8.41416577014496e-05
Africa_Southern,SugarCrop,SugarCropAEZ07,SugarCropAEZ07,2005,CO_AWB,0.0030948818401433
Africa_Southern,SugarCrop,SugarCropAEZ08,SugarCropAEZ08,2005,CO_AWB,0.00585969571140298
Africa_Southern,SugarCrop,SugarCropAEZ09,SugarCropAEZ09,2005,CO_AWB,0.0148168768604125
Africa_Southern,SugarCrop,SugarCropAEZ10,SugarCropAEZ10,2005,CO_AWB,0.0109805069935111
Africa_Southern,SugarCrop,SugarCropAEZ11,SugarCropAEZ11,2005,CO_AWB,0.00981530414307989
Africa_Southern,Wheat,WheatAEZ01,WheatAEZ01,2005,CO_AWB,7.49584540319975e-05
Africa_Southern,Wheat,WheatAEZ02,WheatAEZ02,2005,CO_AWB,0.000162239207476103
Africa_Southern,Wheat,WheatAEZ03,WheatAEZ03,2005,CO_AWB,0.000531137055799866
Africa_Southern,Wheat,WheatAEZ04,WheatAEZ04,2005,CO_AWB,0.000249863274019989
Africa_Southern,Wheat,WheatAEZ05,WheatAEZ05,2005,CO_AWB,2.56164389835954e-05
Africa_Southern,Wheat,WheatAEZ06,WheatAEZ06,2005,CO_AWB,4.51588769710807e-06
Africa_Southern,Wheat,WheatAEZ07,WheatAEZ07,2005,CO_AWB,7.37066816527987e-05
Africa_Southern,Wheat,WheatAEZ08,WheatAEZ08,2005,CO_AWB,0.000196269458274311
Africa_Southern,Wheat,WheatAEZ09,WheatAEZ09,2005,CO_AWB,0.00041465356191446
Africa_Southern,Wheat,WheatAEZ10,WheatAEZ10,2005,CO_AWB,0.000163802602515102
Africa_Southern,Wheat,WheatAEZ11,WheatAEZ11,2005,CO_AWB,4.95110307282935e-05
Africa_Southern,Corn,CornAEZ01,CornAEZ01,2005,N2O_AWB,1.63642832103693e-07
Africa_Southern,Corn,CornAEZ02,CornAEZ02,2005,N2O_AWB,7.94659132456951e-07
Africa_Southern,Corn,CornAEZ03,CornAEZ03,2005,N2O_AWB,7.75166486061963e-06
Africa_Southern,Corn,CornAEZ04,CornAEZ04,2005,N2O_AWB,1.36467634224218e-05
Africa_Southern,Corn,CornAEZ05,CornAEZ05,2005,N2O_AWB,2.14388674913529e-06
Africa_Southern,Corn,CornAEZ06,CornAEZ06,2005,N2O_AWB,1.51932675174996e-07
Africa_Southern,Corn,CornAEZ07,CornAEZ07,2005,N2O_AWB,1.13075111408195e-07
Africa_Southern,Corn,CornAEZ08,CornAEZ08,2005,N2O_AWB,2.37171840479573e-07
Africa_Southern,Corn,CornAEZ09,CornAEZ09,2005,N2O_AWB,4.79312639325267e-06
Africa_Southern,Corn,CornAEZ10,CornAEZ10,2005,N2O_AWB,1.77490953345957e-06
Africa_Southern,Corn,CornAEZ11,CornAEZ11,2005,N2O_AWB,5.18205627938338e-07
Africa_Southern,FiberCrop,FiberCropAEZ01,FiberCropAEZ01,2005,N2O_AWB,1.46228588157952e-08
Africa_Southern,FiberCrop,FiberCropAEZ02,FiberCropAEZ02,2005,N2O_AWB,7.70427431029914e-08
Africa_Southern,FiberCrop,FiberCropAEZ03,FiberCropAEZ03,2005,N2O_AWB,7.15912811468199e-07
Africa_Southern,FiberCrop,FiberCropAEZ04,FiberCropAEZ04,2005,N2O_AWB,8.44057636335023e-07
Africa_Southern,FiberCrop,FiberCropAEZ05,FiberCropAEZ05,2005,N2O_AWB,1.10474865371665e-07
Africa_Southern,FiberCrop,FiberCropAEZ06,FiberCropAEZ06,2005,N2O_AWB,3.73981898195952e-08
Africa_Southern,FiberCrop,FiberCropAEZ07,FiberCropAEZ07,2005,N2O_AWB,3.45015632478519e-09
Africa_Southern,FiberCrop,FiberCropAEZ08,FiberCropAEZ08,2005,N2O_AWB,1.62512036232872e-08
Africa_Southern,FiberCrop,FiberCropAEZ09,FiberCropAEZ09,2005,N2O_AWB,8.2996681097118e-07
Africa_Southern,FiberCrop,FiberCropAEZ10,FiberCropAEZ10,2005,N2O_AWB,3.71993490345217e-08
Africa_Southern,FiberCrop,FiberCropAEZ11,FiberCropAEZ11,2005,N2O_AWB,1.3848991976591e-08
Africa_Southern,FodderGrass,FodderGrassAEZ01,FodderGrassAEZ01,2005,N2O_AWB,0
Africa_Southern,FodderGrass,FodderGrassAEZ02,FodderGrassAEZ02,2005,N2O_AWB,0
Africa_Southern,FodderGrass,FodderGrassAEZ03,FodderGrassAEZ03,2005,N2O_AWB,0
Africa_Southern,FodderGrass,FodderGrassAEZ04,FodderGrassAEZ04,2005,N2O_AWB,0
Africa_Southern,FodderGrass,FodderGrassAEZ05,FodderGrassAEZ05,2005,N2O_AWB,0
Africa_Southern,FodderGrass,FodderGrassAEZ06,FodderGrassAEZ06,2005,N2O_AWB,0
Africa_Southern,FodderGrass,FodderGrassAEZ07,FodderGrassAEZ07,2005,N2O_AWB,0
Africa_Southern,FodderGrass,FodderGrassAEZ08,FodderGrassAEZ08,2005,N2O_AWB,0
Africa_Southern,FodderGrass,FodderGrassAEZ09,FodderGrassAEZ09,2005,N2O_AWB,0
Africa_Southern,FodderGrass,FodderGrassAEZ10,FodderGrassAEZ10,2005,N2O_AWB,0
Africa_Southern,FodderGrass,FodderGrassAEZ11,FodderGrassAEZ11,2005,N2O_AWB,0
Africa_Southern,FodderHerb,FodderHerbAEZ01,FodderHerbAEZ01,2005,N2O_AWB,0
Africa_Southern,FodderHerb,FodderHerbAEZ02,FodderHerbAEZ02,2005,N2O_AWB,0
Africa_Southern,FodderHerb,FodderHerbAEZ03,FodderHerbAEZ03,2005,N2O_AWB,0
Africa_Southern,FodderHerb,FodderHerbAEZ04,FodderHerbAEZ04,2005,N2O_AWB,0
Africa_Southern,FodderHerb,FodderHerbAEZ05,FodderHerbAEZ05,2005,N2O_AWB,0
Africa_Southern,FodderHerb,FodderHerbAEZ06,FodderHerbAEZ06,2005,N2O_AWB,0
Africa_Southern,FodderHerb,FodderHerbAEZ07,FodderHerbAEZ07,2005,N2O_AWB,0
Africa_Southern,FodderHerb,FodderHerbAEZ08,FodderHerbAEZ08,2005,N2O_AWB,0
Africa_Southern,FodderHerb,FodderHerbAEZ09,FodderHerbAEZ09,2005,N2O_AWB,0
Africa_Southern,FodderHerb,FodderHerbAEZ10,FodderHerbAEZ10,2005,N2O_AWB,0
Africa_Southern,FodderHerb,FodderHerbAEZ11,FodderHerbAEZ11,2005,N2O_AWB,0
Africa_Southern,MiscCrop,MiscCropAEZ01,MiscCropAEZ01,2005,N2O_AWB,9.39161202987962e-07
Africa_Southern,MiscCrop,MiscCropAEZ02,MiscCropAEZ02,2005,N2O_AWB,1.47110046493146e-06
Africa_Southern,MiscCrop,MiscCropAEZ03,MiscCropAEZ03,2005,N2O_AWB,7.26583877800529e-06
Africa_Southern,MiscCrop,MiscCropAEZ04,MiscCropAEZ04,2005,N2O_AWB,1.87486637169796e-05
Africa_Southern,MiscCrop,MiscCropAEZ05,MiscCropAEZ05,2005,N2O_AWB,4.18049237243956e-06
Africa_Southern,MiscCrop,MiscCropAEZ06,MiscCropAEZ06,2005,N2O_AWB,9.69069191931856e-07
Africa_Southern,MiscCrop,MiscCropAEZ07,MiscCropAEZ07,2005,N2O_AWB,6.08844080652083e-07
Africa_Southern,MiscCrop,MiscCropAEZ08,MiscCropAEZ08,2005,N2O_AWB,5.44244838539265e-07
Africa_Southern,MiscCrop,MiscCropAEZ09,MiscCropAEZ09,2005,N2O_AWB,2.07762843869563e-06
Africa_Southern,MiscCrop,MiscCropAEZ10,MiscCropAEZ10,2005,N2O_AWB,8.73142086652555e-07
Africa_Southern,MiscCrop,MiscCropAEZ11,MiscCropAEZ11,2005,N2O_AWB,3.09200269536101e-07
Africa_Southern,OilCrop,OilCropAEZ01,OilCropAEZ01,2005,N2O_AWB,1.69379769219059e-07
Africa_Southern,OilCrop,OilCropAEZ02,OilCropAEZ02,2005,N2O_AWB,3.57895916037767e-07
Africa_Southern,OilCrop,OilCropAEZ03,OilCropAEZ03,2005,N2O_AWB,1.23748059269551e-06
Africa_Southern,OilCrop,OilCropAEZ04,OilCropAEZ04,2005,N2O_AWB,1.50842322321477e-06
Africa_Southern,OilCrop,OilCropAEZ05,OilCropAEZ05,2005,N2O_AWB,3.61153665722142e-07
Africa_Southern,OilCrop,OilCropAEZ06,OilCropAEZ06,2005,N2O_AWB,3.72435848714572e-08
Africa_Southern,OilCrop,OilCropAEZ07,OilCropAEZ07,2005,N2O_AWB,1.34937384788795e-07
Africa_Southern,OilCrop,OilCropAEZ08,OilCropAEZ08,2005,N2O_AWB,1.36639771797257e-07
Africa_Southern,OilCrop,OilCropAEZ09,OilCropAEZ09,2005,N2O_AWB,7.10050144983364e-07
Africa_Southern,OilCrop,OilCropAEZ10,OilCropAEZ10,2005,N2O_AWB,2.01926313571719e-07
Africa_Southern,OilCrop,OilCropAEZ11,OilCropAEZ11,2005,N2O_AWB,5.40198350275597e-08
Africa_Southern,OtherGrain,OtherGrainAEZ01,OtherGrainAEZ01,2005,N2O_AWB,5.33214517204778e-08
Africa_Southern,OtherGrain,OtherGrainAEZ02,OtherGrainAEZ02,2005,N2O_AWB,5.32218570549081e-08
Africa_Southern,OtherGrain,OtherGrainAEZ03,OtherGrainAEZ03,2005,N2O_AWB,9.57483961968315e-07
Africa_Southern,OtherGrain,OtherGrainAEZ04,OtherGrainAEZ04,2005,N2O_AWB,2.70478809698214e-06
Africa_Southern,OtherGrain,OtherGrainAEZ05,OtherGrainAEZ05,2005,N2O_AWB,5.22485107271656e-07
Africa_Southern,OtherGrain,OtherGrainAEZ06,OtherGrainAEZ06,2005,N2O_AWB,2.95183266492817e-08
Africa_Southern,OtherGrain,OtherGrainAEZ07,OtherGrainAEZ07,2005,N2O_AWB,1.25117713904165e-07
Africa_Southern,OtherGrain,OtherGrainAEZ08,OtherGrainAEZ08,2005,N2O_AWB,2.21824134172497e-07
Africa_Southern,OtherGrain,OtherGrainAEZ09,OtherGrainAEZ09,2005,N2O_AWB,2.63565790738449e-07
Africa_Southern,OtherGrain,OtherGrainAEZ10,OtherGrainAEZ10,2005,N2O_AWB,1.40738754142391e-07
Africa_Southern,OtherGrain,OtherGrainAEZ11,OtherGrainAEZ11,2005,N2O_AWB,1.66323091501662e-08
Africa_Southern,PalmFruit,PalmFruitAEZ01,PalmFruitAEZ01,2005,N2O_AWB,1.97001664591365e-08
Africa_Southern,PalmFruit,PalmFruitAEZ02,PalmFruitAEZ02,2005,N2O_AWB,1.11935100637779e-07
Africa_Southern,PalmFruit,PalmFruitAEZ03,PalmFruitAEZ03,2005,N2O_AWB,6.67583750433317e-07
Africa_Southern,PalmFruit,PalmFruitAEZ04,PalmFruitAEZ04,2005,N2O_AWB,2.09335830857488e-06
Africa_Southern,PalmFruit,PalmFruitAEZ05,PalmFruitAEZ05,2005,N2O_AWB,4.85884128736709e-07
Africa_Southern,PalmFruit,PalmFruitAEZ06,PalmFruitAEZ06,2005,N2O_AWB,5.31601766411087e-08
Africa_Southern,PalmFruit,PalmFruitAEZ07,PalmFruitAEZ07,2005,N2O_AWB,0
Africa_Southern,PalmFruit,PalmFruitAEZ08,PalmFruitAEZ08,2005,N2O_AWB,0
Africa_Southern,PalmFruit,PalmFruitAEZ09,PalmFruitAEZ09,2005,N2O_AWB,5.50964933791912e-08
Africa_Southern,PalmFruit,PalmFruitAEZ10,PalmFruitAEZ10,2005,N2O_AWB,7.73727036403197e-08
Africa_Southern,PalmFruit,PalmFruitAEZ11,PalmFruitAEZ11,2005,N2O_AWB,6.9684555175838e-10
Africa_Southern,Rice,RiceAEZ01,RiceAEZ01,2005,N2O_AWB,4.59739866744849e-10
Africa_Southern,Rice,RiceAEZ02,RiceAEZ02,2005,N2O_AWB,6.6417580426349e-08
Africa_Southern,Rice,RiceAEZ03,RiceAEZ03,2005,N2O_AWB,7.05967641182426e-07
Africa_Southern,Rice,RiceAEZ04,RiceAEZ04,2005,N2O_AWB,3.01526323731922e-06
Africa_Southern,Rice,RiceAEZ05,RiceAEZ05,2005,N2O_AWB,5.27380948429475e-07
Africa_Southern,Rice,RiceAEZ06,RiceAEZ06,2005,N2O_AWB,1.80484973493059e-08
Africa_Southern,Rice,RiceAEZ07,RiceAEZ07,2005,N2O_AWB,0
Africa_Southern,Rice,RiceAEZ08,RiceAEZ08,2005,N2O_AWB,0
Africa_Southern,Rice,RiceAEZ09,RiceAEZ09,2005,N2O_AWB,6.71071902264661e-09
Africa_Southern,Rice,RiceAEZ10,RiceAEZ10,2005,N2O_AWB,7.3410075496355e-10
Africa_Southern,Rice,RiceAEZ11,RiceAEZ11,2005,N2O_AWB,0
Africa_Southern,Root_Tuber,Root_TuberAEZ01,Root_TuberAEZ01,2005,N2O_AWB,4.47500532219977e-07
Africa_Southern,Root_Tuber,Root_TuberAEZ02,Root_TuberAEZ02,2005,N2O_AWB,1.2102639960062e-06
Africa_Southern,Root_Tuber,Root_TuberAEZ03,Root_TuberAEZ03,2005,N2O_AWB,1.15287787873552e-05
Africa_Southern,Root_Tuber,Root_TuberAEZ04,Root_TuberAEZ04,2005,N2O_AWB,4.76178178827122e-05
Africa_Southern,Root_Tuber,Root_TuberAEZ05,Root_TuberAEZ05,2005,N2O_AWB,2.3023273308104e-05
Africa_Southern,Root_Tuber,Root_TuberAEZ06,Root_TuberAEZ06,2005,N2O_AWB,6.22945783896796e-07
Africa_Southern,Root_Tuber,Root_TuberAEZ07,Root_TuberAEZ07,2005,N2O_AWB,6.37326345611349e-07
Africa_Southern,Root_Tuber,Root_TuberAEZ08,Root_TuberAEZ08,2005,N2O_AWB,1.23774178323559e-06
Africa_Southern,Root_Tuber,Root_TuberAEZ09,Root_TuberAEZ09,2005,N2O_AWB,3.22558158140789e-06
Africa_Southern,Root_Tuber,Root_TuberAEZ10,Root_TuberAEZ10,2005,N2O_AWB,3.3027556634365e-06
Africa_Southern,Root_Tuber,Root_TuberAEZ11,Root_TuberAEZ11,2005,N2O_AWB,6.68876026670677e-07
Africa_Southern,SugarCrop,SugarCropAEZ01,SugarCropAEZ01,2005,N2O_AWB,2.03997811126248e-06
Africa_Southern,SugarCrop,SugarCropAEZ02,SugarCropAEZ02,2005,N2O_AWB,7.15440599264264e-06
Africa_Southern,SugarCrop,SugarCropAEZ03,SugarCropAEZ03,2005,N2O_AWB,1.08336961501511e-05
Africa_Southern,SugarCrop,SugarCropAEZ04,SugarCropAEZ04,2005,N2O_AWB,4.6416019926079e-06
Africa_Southern,SugarCrop,SugarCropAEZ05,SugarCropAEZ05,2005,N2O_AWB,6.29457919244535e-07
Africa_Southern,SugarCrop,SugarCropAEZ06,SugarCropAEZ06,2005,N2O_AWB,5.8914246081936e-08
Africa_Southern,SugarCrop,SugarCropAEZ07,SugarCropAEZ07,2005,N2O_AWB,2.16697216700517e-06
Africa_Southern,SugarCrop,SugarCropAEZ08,SugarCropAEZ08,2005,N2O_AWB,4.10283757816805e-06
Africa_Southern,SugarCrop,SugarCropAEZ09,SugarCropAEZ09,2005,N2O_AWB,1.03744703083624e-05
Africa_Southern,SugarCrop,SugarCropAEZ10,SugarCropAEZ10,2005,N2O_AWB,7.68832358182774e-06
Africa_Southern,SugarCrop,SugarCropAEZ11,SugarCropAEZ11,2005,N2O_AWB,6.87247267823311e-06
Africa_Southern,Wheat,WheatAEZ01,WheatAEZ01,2005,N2O_AWB,5.24843570640338e-08
Africa_Southern,Wheat,WheatAEZ02,WheatAEZ02,2005,N2O_AWB,1.13596532971809e-07
Africa_Southern,Wheat,WheatAEZ03,WheatAEZ03,2005,N2O_AWB,3.71891166200416e-07
Africa_Southern,Wheat,WheatAEZ04,WheatAEZ04,2005,N2O_AWB,1.74949089601764e-07
Africa_Southern,Wheat,WheatAEZ05,WheatAEZ05,2005,N2O_AWB,1.79361000394985e-08
Africa_Southern,Wheat,WheatAEZ06,WheatAEZ06,2005,N2O_AWB,3.16193103789098e-09
Africa_Southern,Wheat,WheatAEZ07,WheatAEZ07,2005,N2O_AWB,5.16078919693198e-08
Africa_Southern,Wheat,WheatAEZ08,WheatAEZ08,2005,N2O_AWB,1.37423809787168e-07
Africa_Southern,Wheat,WheatAEZ09,WheatAEZ09,2005,N2O_AWB,2.90331836247611e-07
Africa_Southern,Wheat,WheatAEZ10,WheatAEZ10,2005,N2O_AWB,1.14691189798962e-07
Africa_Southern,Wheat,WheatAEZ11,WheatAEZ11,2005,N2O_AWB,3.46665983031461e-08
Africa_Southern,Corn,CornAEZ01,CornAEZ01,2005,NH3_AWB,3.03794477450492e-06
Africa_Southern,Corn,CornAEZ02,CornAEZ02,2005,NH3_AWB,1.47524369257462e-05
Africa_Southern,Corn,CornAEZ03,CornAEZ03,2005,NH3_AWB,0.000143905659993166
Africa_Southern,Corn,CornAEZ04,CornAEZ04,2005,NH3_AWB,0.000253345124226284
Africa_Southern,Corn,CornAEZ05,CornAEZ05,2005,NH3_AWB,3.98001517264068e-05
Africa_Southern,Corn,CornAEZ06,CornAEZ06,2005,NH3_AWB,2.8205517509741e-06
Africa_Southern,Corn,CornAEZ07,CornAEZ07,2005,NH3_AWB,2.09918112155023e-06
Africa_Southern,Corn,CornAEZ08,CornAEZ08,2005,NH3_AWB,4.40297289030096e-06
Africa_Southern,Corn,CornAEZ09,CornAEZ09,2005,NH3_AWB,8.89819192978567e-05
Africa_Southern,Corn,CornAEZ10,CornAEZ10,2005,NH3_AWB,3.29502800280048e-05
Africa_Southern,Corn,CornAEZ11,CornAEZ11,2005,NH3_AWB,9.62022020320916e-06
Africa_Southern,FiberCrop,FiberCropAEZ01,FiberCropAEZ01,2005,NH3_AWB,2.71465831754971e-07
Africa_Southern,FiberCrop,FiberCropAEZ02,FiberCropAEZ02,2005,NH3_AWB,1.43025878869506e-06
Africa_Southern,FiberCrop,FiberCropAEZ03,FiberCropAEZ03,2005,NH3_AWB,1.32905520922713e-05
Africa_Southern,FiberCrop,FiberCropAEZ04,FiberCropAEZ04,2005,NH3_AWB,1.56694946715426e-05
Africa_Southern,FiberCrop,FiberCropAEZ05,FiberCropAEZ05,2005,NH3_AWB,2.05090889503379e-06
Africa_Southern,FiberCrop,FiberCropAEZ06,FiberCropAEZ06,2005,NH3_AWB,6.94278104808099e-07
Africa_Southern,FiberCrop,FiberCropAEZ07,FiberCropAEZ07,2005,NH3_AWB,6.40503726522202e-08
Africa_Southern,FiberCrop,FiberCropAEZ08,FiberCropAEZ08,2005,NH3_AWB,3.01695213240364e-07
Africa_Southern,FiberCrop,FiberCropAEZ09,FiberCropAEZ09,2005,NH3_AWB,1.54079057664115e-05
Africa_Southern,FiberCrop,FiberCropAEZ10,FiberCropAEZ10,2005,NH3_AWB,6.90586728191068e-07
Africa_Southern,FiberCrop,FiberCropAEZ11,FiberCropAEZ11,2005,NH3_AWB,2.57099393029239e-07
Africa_Southern,FodderGrass,FodderGrassAEZ01,FodderGrassAEZ01,2005,NH3_AWB,0
Africa_Southern,FodderGrass,FodderGrassAEZ02,FodderGrassAEZ02,2005,NH3_AWB,0
Africa_Southern,FodderGrass,FodderGrassAEZ03,FodderGrassAEZ03,2005,NH3_AWB,0
Africa_Southern,FodderGrass,FodderGrassAEZ04,FodderGrassAEZ04,2005,NH3_AWB,0
Africa_Southern,FodderGrass,FodderGrassAEZ05,FodderGrassAEZ05,2005,NH3_AWB,0
Africa_Southern,FodderGrass,FodderGrassAEZ06,FodderGrassAEZ06,2005,NH3_AWB,0
Africa_Southern,FodderGrass,FodderGrassAEZ07,FodderGrassAEZ07,2005,NH3_AWB,0
Africa_Southern,FodderGrass,FodderGrassAEZ08,FodderGrassAEZ08,2005,NH3_AWB,0
Africa_Southern,FodderGrass,FodderGrassAEZ09,FodderGrassAEZ09,2005,NH3_AWB,0
Africa_Southern,FodderGrass,FodderGrassAEZ10,FodderGrassAEZ10,2005,NH3_AWB,0
Africa_Southern,FodderGrass,FodderGrassAEZ11,FodderGrassAEZ11,2005,NH3_AWB,0
Africa_Southern,FodderHerb,FodderHerbAEZ01,FodderHerbAEZ01,2005,NH3_AWB,0
Africa_Southern,FodderHerb,FodderHerbAEZ02,FodderHerbAEZ02,2005,NH3_AWB,0
Africa_Southern,FodderHerb,FodderHerbAEZ03,FodderHerbAEZ03,2005,NH3_AWB,0
Africa_Southern,FodderHerb,FodderHerbAEZ04,FodderHerbAEZ04,2005,NH3_AWB,0
Africa_Southern,FodderHerb,FodderHerbAEZ05,FodderHerbAEZ05,2005,NH3_AWB,0
Africa_Southern,FodderHerb,FodderHerbAEZ06,FodderHerbAEZ06,2005,NH3_AWB,0
Africa_Southern,FodderHerb,FodderHerbAEZ07,FodderHerbAEZ07,2005,NH3_AWB,0
Africa_Southern,FodderHerb,FodderHerbAEZ08,FodderHerbAEZ08,2005,NH3_AWB,0
Africa_Southern,FodderHerb,FodderHerbAEZ09,FodderHerbAEZ09,2005,NH3_AWB,0
Africa_Southern,FodderHerb,FodderHerbAEZ10,FodderHerbAEZ10,2005,NH3_AWB,0
Africa_Southern,FodderHerb,FodderHerbAEZ11,FodderHerbAEZ11,2005,NH3_AWB,0
Africa_Southern,MiscCrop,MiscCropAEZ01,MiscCropAEZ01,2005,NH3_AWB,1.74350433340529e-05
Africa_Southern,MiscCrop,MiscCropAEZ02,MiscCropAEZ02,2005,NH3_AWB,2.73102213690508e-05
Africa_Southern,MiscCrop,MiscCropAEZ03,MiscCropAEZ03,2005,NH3_AWB,0.000134886549348214
Africa_Southern,MiscCrop,MiscCropAEZ04,MiscCropAEZ04,2005,NH3_AWB,0.000348059271742845
Africa_Southern,MiscCrop,MiscCropAEZ05,MiscCropAEZ05,2005,NH3_AWB,7.76086846850886e-05
Africa_Southern,MiscCrop,MiscCropAEZ06,MiscCropAEZ06,2005,NH3_AWB,1.79902697228902e-05
Africa_Southern,MiscCrop,MiscCropAEZ07,MiscCropAEZ07,2005,NH3_AWB,1.13028763284493e-05
Africa_Southern,MiscCrop,MiscCropAEZ08,MiscCropAEZ08,2005,NH3_AWB,1.01036247175431e-05
Africa_Southern,MiscCrop,MiscCropAEZ09,MiscCropAEZ09,2005,NH3_AWB,3.85701003677249e-05
Africa_Southern,MiscCrop,MiscCropAEZ10,MiscCropAEZ10,2005,NH3_AWB,1.62094324905453e-05
Africa_Southern,MiscCrop,MiscCropAEZ11,MiscCropAEZ11,2005,NH3_AWB,5.7401435250002e-06
Africa_Southern,OilCrop,OilCropAEZ01,OilCropAEZ01,2005,NH3_AWB,3.14444805306126e-06
Africa_Southern,OilCrop,OilCropAEZ02,OilCropAEZ02,2005,NH3_AWB,6.64415308612253e-06
Africa_Southern,OilCrop,OilCropAEZ03,OilCropAEZ03,2005,NH3_AWB,2.29731889371628e-05
Africa_Southern,OilCrop,OilCropAEZ04,OilCropAEZ04,2005,NH3_AWB,2.80030991262938e-05
Africa_Southern,OilCrop,OilCropAEZ05,OilCropAEZ05,2005,NH3_AWB,6.70463152873479e-06
Africa_Southern,OilCrop,OilCropAEZ06,OilCropAEZ06,2005,NH3_AWB,6.9140794368787e-07
Africa_Southern,OilCrop,OilCropAEZ07,OilCropAEZ07,2005,NH3_AWB,2.50504295076441e-06
Africa_Southern,OilCrop,OilCropAEZ08,OilCropAEZ08,2005,NH3_AWB,2.5366468875214e-06
Africa_Southern,OilCrop,OilCropAEZ09,OilCropAEZ09,2005,NH3_AWB,1.31817147128193e-05
Africa_Southern,OilCrop,OilCropAEZ10,OilCropAEZ10,2005,NH3_AWB,3.74865786215148e-06
Africa_Southern,OilCrop,OilCropAEZ11,OilCropAEZ11,2005,NH3_AWB,1.00285037500209e-06
Africa_Southern,OtherGrain,OtherGrainAEZ01,OtherGrainAEZ01,2005,NH3_AWB,9.89885249117404e-07
Africa_Southern,OtherGrain,OtherGrainAEZ02,OtherGrainAEZ02,2005,NH3_AWB,9.88036325519916e-07
Africa_Southern,OtherGrain,OtherGrainAEZ03,OtherGrainAEZ03,2005,NH3_AWB,1.77751959040329e-05
Africa_Southern,OtherGrain,OtherGrainAEZ04,OtherGrainAEZ04,2005,NH3_AWB,5.02129959481712e-05
Africa_Southern,OtherGrain,OtherGrainAEZ05,OtherGrainAEZ05,2005,NH3_AWB,9.69966652976757e-06
Africa_Southern,OtherGrain,OtherGrainAEZ06,OtherGrainAEZ06,2005,NH3_AWB,5.47992509317436e-07
Africa_Southern,OtherGrain,OtherGrainAEZ07,OtherGrainAEZ07,2005,NH3_AWB,2.3227458255691e-06
Africa_Southern,OtherGrain,OtherGrainAEZ08,OtherGrainAEZ08,2005,NH3_AWB,4.11805063873131e-06
Africa_Southern,OtherGrain,OtherGrainAEZ09,OtherGrainAEZ09,2005,NH3_AWB,4.89296296341755e-06
Africa_Southern,OtherGrain,OtherGrainAEZ10,OtherGrainAEZ10,2005,NH3_AWB,2.6127423805907e-06
Africa_Southern,OtherGrain,OtherGrainAEZ11,OtherGrainAEZ11,2005,NH3_AWB,3.08770240780729e-07
Africa_Southern,PalmFruit,PalmFruitAEZ01,PalmFruitAEZ01,2005,NH3_AWB,3.65723429386066e-07
Africa_Southern,PalmFruit,PalmFruitAEZ02,PalmFruitAEZ02,2005,NH3_AWB,2.07801740959082e-06
Africa_Southern,PalmFruit,PalmFruitAEZ03,PalmFruitAEZ03,2005,NH3_AWB,1.23933480012628e-05
Africa_Southern,PalmFruit,PalmFruitAEZ04,PalmFruitAEZ04,2005,NH3_AWB,3.88621172889001e-05
Africa_Southern,PalmFruit,PalmFruitAEZ05,PalmFruitAEZ05,2005,NH3_AWB,9.02018824127431e-06
Africa_Southern,PalmFruit,PalmFruitAEZ06,PalmFruitAEZ06,2005,NH3_AWB,9.86891260451179e-07
Africa_Southern,PalmFruit,PalmFruitAEZ07,PalmFruitAEZ07,2005,NH3_AWB,0
Africa_Southern,PalmFruit,PalmFruitAEZ08,PalmFruitAEZ08,2005,NH3_AWB,0
Africa_Southern,PalmFruit,PalmFruitAEZ09,PalmFruitAEZ09,2005,NH3_AWB,1.0228379819826e-06
Africa_Southern,PalmFruit,PalmFruitAEZ10,PalmFruitAEZ10,2005,NH3_AWB,1.43638433588392e-06
Africa_Southern,PalmFruit,PalmFruitAEZ11,PalmFruitAEZ11,2005,NH3_AWB,1.29365782502464e-08
Africa_Southern,Rice,RiceAEZ01,RiceAEZ01,2005,NH3_AWB,8.53483350205096e-09
Africa_Southern,Rice,RiceAEZ02,RiceAEZ02,2005,NH3_AWB,1.23300812383663e-06
Africa_Southern,Rice,RiceAEZ03,RiceAEZ03,2005,NH3_AWB,1.31059251354237e-05
Africa_Southern,Rice,RiceAEZ04,RiceAEZ04,2005,NH3_AWB,5.59768067920403e-05
Africa_Southern,Rice,RiceAEZ05,RiceAEZ05,2005,NH3_AWB,9.79055529569151e-06
Africa_Southern,Rice,RiceAEZ06,RiceAEZ06,2005,NH3_AWB,3.35061044257937e-07
Africa_Southern,Rice,RiceAEZ07,RiceAEZ07,2005,NH3_AWB,0
Africa_Southern,Rice,RiceAEZ08,RiceAEZ08,2005,NH3_AWB,0
Africa_Southern,Rice,RiceAEZ09,RiceAEZ09,2005,NH3_AWB,1.2458103740897e-07
Africa_Southern,Rice,RiceAEZ10,RiceAEZ10,2005,NH3_AWB,1.36282018823072e-08
Africa_Southern,Rice,RiceAEZ11,RiceAEZ11,2005,NH3_AWB,0
Africa_Southern,Root_Tuber,Root_TuberAEZ01,Root_TuberAEZ01,2005,NH3_AWB,8.30761656938573e-06
Africa_Southern,Root_Tuber,Root_TuberAEZ02,Root_TuberAEZ02,2005,NH3_AWB,2.24679268573688e-05
Africa_Southern,Root_Tuber,Root_TuberAEZ03,Root_TuberAEZ03,2005,NH3_AWB,0.000214025831887802
Africa_Southern,Root_Tuber,Root_TuberAEZ04,Root_TuberAEZ04,2005,NH3_AWB,0.000884000228732582
Africa_Southern,Root_Tuber,Root_TuberAEZ05,Root_TuberAEZ05,2005,NH3_AWB,0.000427415194049153
Africa_Southern,Root_Tuber,Root_TuberAEZ06,Root_TuberAEZ06,2005,NH3_AWB,1.15646671758282e-05
Africa_Southern,Root_Tuber,Root_TuberAEZ07,Root_TuberAEZ07,2005,NH3_AWB,1.18316348868703e-05
Africa_Southern,Root_Tuber,Root_TuberAEZ08,Root_TuberAEZ08,2005,NH3_AWB,2.2978037804823e-05
Africa_Southern,Root_Tuber,Root_TuberAEZ09,Root_TuberAEZ09,2005,NH3_AWB,5.98812583723075e-05
Africa_Southern,Root_Tuber,Root_TuberAEZ10,Root_TuberAEZ10,2005,NH3_AWB,6.13139554004149e-05
Africa_Southern,Root_Tuber,Root_TuberAEZ11,Root_TuberAEZ11,2005,NH3_AWB,1.24173384430807e-05
Africa_Southern,SugarCrop,SugarCropAEZ01,SugarCropAEZ01,2005,NH3_AWB,3.78711414581684e-05
Africa_Southern,SugarCrop,SugarCropAEZ02,SugarCropAEZ02,2005,NH3_AWB,0.000132817857162623
Africa_Southern,SugarCrop,SugarCropAEZ03,SugarCropAEZ03,2005,NH3_AWB,0.000201121981236983
Africa_Southern,SugarCrop,SugarCropAEZ04,SugarCropAEZ04,2005,NH3_AWB,8.6168946952957e-05
Africa_Southern,SugarCrop,SugarCropAEZ05,SugarCropAEZ05,2005,NH3_AWB,1.16855616097377e-05
Africa_Southern,SugarCrop,SugarCropAEZ06,SugarCropAEZ06,2005,NH3_AWB,1.09371259179323e-06
Africa_Southern,SugarCrop,SugarCropAEZ07,SugarCropAEZ07,2005,NH3_AWB,4.02287206021924e-05
Africa_Southern,SugarCrop,SugarCropAEZ08,SugarCropAEZ08,2005,NH3_AWB,7.61670634821329e-05
Africa_Southern,SugarCrop,SugarCropAEZ09,SugarCropAEZ09,2005,NH3_AWB,0.000192596690343119
Africa_Southern,SugarCrop,SugarCropAEZ10,SugarCropAEZ10,2005,NH3_AWB,0.000142729761822482
Africa_Southern,SugarCrop,SugarCropAEZ11,SugarCropAEZ11,2005,NH3_AWB,0.00012758391059583
Africa_Southern,Wheat,WheatAEZ01,WheatAEZ01,2005,NH3_AWB,9.7434501857618e-07
Africa_Southern,Wheat,WheatAEZ02,WheatAEZ02,2005,NH3_AWB,2.10886104394056e-06
Africa_Southern,Wheat,WheatAEZ03,WheatAEZ03,2005,NH3_AWB,6.90396768693907e-06
Africa_Southern,Wheat,WheatAEZ04,WheatAEZ04,2005,NH3_AWB,3.24783961342891e-06
Africa_Southern,Wheat,WheatAEZ05,WheatAEZ05,2005,NH3_AWB,3.32974446173509e-07
Africa_Southern,Wheat,WheatAEZ06,WheatAEZ06,2005,NH3_AWB,5.86996188615157e-08
Africa_Southern,Wheat,WheatAEZ07,WheatAEZ07,2005,NH3_AWB,9.58073896154912e-07
Africa_Southern,Wheat,WheatAEZ08,WheatAEZ08,2005,NH3_AWB,2.55120214841395e-06
Africa_Southern,Wheat,WheatAEZ09,WheatAEZ09,2005,NH3_AWB,5.38986079293686e-06
Africa_Southern,Wheat,WheatAEZ10,WheatAEZ10,2005,NH3_AWB,2.12918278333589e-06
Africa_Southern,Wheat,WheatAEZ11,WheatAEZ11,2005,NH3_AWB,6.4356751720216e-07
Africa_Southern,Corn,CornAEZ01,CornAEZ01,2005,NMVOC_AWB,1.63642832103693e-05
Africa_Southern,Corn,CornAEZ02,CornAEZ02,2005,NMVOC_AWB,7.94659132456951e-05
Africa_Southern,Corn,CornAEZ03,CornAEZ03,2005,NMVOC_AWB,0.000775166486061963
Africa_Southern,Corn,CornAEZ04,CornAEZ04,2005,NMVOC_AWB,0.00136467634224218
Africa_Southern,Corn,CornAEZ05,CornAEZ05,2005,NMVOC_AWB,0.00021438867491353
Africa_Southern,Corn,CornAEZ06,CornAEZ06,2005,NMVOC_AWB,1.51932675174996e-05
Africa_Southern,Corn,CornAEZ07,CornAEZ07,2005,NMVOC_AWB,1.13075111408195e-05
Africa_Southern,Corn,CornAEZ08,CornAEZ08,2005,NMVOC_AWB,2.37171840479573e-05
Africa_Southern,Corn,CornAEZ09,CornAEZ09,2005,NMVOC_AWB,0.000479312639325267
Africa_Southern,Corn,CornAEZ10,CornAEZ10,2005,NMVOC_AWB,0.000177490953345957
Africa_Southern,Corn,CornAEZ11,CornAEZ11,2005,NMVOC_AWB,5.18205627938339e-05
Africa_Southern,FiberCrop,FiberCropAEZ01,FiberCropAEZ01,2005,NMVOC_AWB,1.46228588157952e-06
Africa_Southern,FiberCrop,FiberCropAEZ02,FiberCropAEZ02,2005,NMVOC_AWB,7.70427431029914e-06
Africa_Southern,FiberCrop,FiberCropAEZ03,FiberCropAEZ03,2005,NMVOC_AWB,7.159128114682e-05
Africa_Southern,FiberCrop,FiberCropAEZ04,FiberCropAEZ04,2005,NMVOC_AWB,8.44057636335024e-05
Africa_Southern,FiberCrop,FiberCropAEZ05,FiberCropAEZ05,2005,NMVOC_AWB,1.10474865371665e-05
Africa_Southern,FiberCrop,FiberCropAEZ06,FiberCropAEZ06,2005,NMVOC_AWB,3.73981898195952e-06
Africa_Southern,FiberCrop,FiberCropAEZ07,FiberCropAEZ07,2005,NMVOC_AWB,3.45015632478519e-07
Africa_Southern,FiberCrop,FiberCropAEZ08,FiberCropAEZ08,2005,NMVOC_AWB,1.62512036232872e-06
Africa_Southern,FiberCrop,FiberCropAEZ09,FiberCropAEZ09,2005,NMVOC_AWB,8.2996681097118e-05
Africa_Southern,FiberCrop,FiberCropAEZ10,FiberCropAEZ10,2005,NMVOC_AWB,3.71993490345217e-06
Africa_Southern,FiberCrop,FiberCropAEZ11,FiberCropAEZ11,2005,NMVOC_AWB,1.3848991976591e-06
Africa_Southern,FodderGrass,FodderGrassAEZ01,FodderGrassAEZ01,2005,NMVOC_AWB,0
Africa_Southern,FodderGrass,FodderGrassAEZ02,FodderGrassAEZ02,2005,NMVOC_AWB,0
Africa_Southern,FodderGrass,FodderGrassAEZ03,FodderGrassAEZ03,2005,NMVOC_AWB,0
Africa_Southern,FodderGrass,FodderGrassAEZ04,FodderGrassAEZ04,2005,NMVOC_AWB,0
Africa_Southern,FodderGrass,FodderGrassAEZ05,FodderGrassAEZ05,2005,NMVOC_AWB,0
Africa_Southern,FodderGrass,FodderGrassAEZ06,FodderGrassAEZ06,2005,NMVOC_AWB,0
Africa_Southern,FodderGrass,FodderGrassAEZ07,FodderGrassAEZ07,2005,NMVOC_AWB,0
Africa_Southern,FodderGrass,FodderGrassAEZ08,FodderGrassAEZ08,2005,NMVOC_AWB,0
Africa_Southern,FodderGrass,FodderGrassAEZ09,FodderGrassAEZ09,2005,NMVOC_AWB,0
Africa_Southern,FodderGrass,FodderGrassAEZ10,FodderGrassAEZ10,2005,NMVOC_AWB,0
Africa_Southern,FodderGrass,FodderGrassAEZ11,FodderGrassAEZ11,2005,NMVOC_AWB,0
Africa_Southern,FodderHerb,FodderHerbAEZ01,FodderHerbAEZ01,2005,NMVOC_AWB,0
Africa_Southern,FodderHerb,FodderHerbAEZ02,FodderHerbAEZ02,2005,NMVOC_AWB,0
Africa_Southern,FodderHerb,FodderHerbAEZ03,FodderHerbAEZ03,2005,NMVOC_AWB,0
Africa_Southern,FodderHerb,FodderHerbAEZ04,FodderHerbAEZ04,2005,NMVOC_AWB,0
Africa_Southern,FodderHerb,FodderHerbAEZ05,FodderHerbAEZ05,2005,NMVOC_AWB,0
Africa_Southern,FodderHerb,FodderHerbAEZ06,FodderHerbAEZ06,2005,NMVOC_AWB,0
Africa_Southern,FodderHerb,FodderHerbAEZ07,FodderHerbAEZ07,2005,NMVOC_AWB,0
Africa_Southern,FodderHerb,FodderHerbAEZ08,FodderHerbAEZ08,2005,NMVOC_AWB,0
Africa_Southern,FodderHerb,FodderHerbAEZ09,FodderHerbAEZ09,2005,NMVOC_AWB,0
Africa_Southern,FodderHerb,FodderHerbAEZ10,FodderHerbAEZ10,2005,NMVOC_AWB,0
Africa_Southern,FodderHerb,FodderHerbAEZ11,FodderHerbAEZ11,2005,NMVOC_AWB,0
Africa_Southern,MiscCrop,MiscCropAEZ01,MiscCropAEZ01,2005,NMVOC_AWB,9.39161202987963e-05
Africa_Southern,MiscCrop,MiscCropAEZ02,MiscCropAEZ02,2005,NMVOC_AWB,0.000147110046493146
Africa_Southern,MiscCrop,MiscCropAEZ03,MiscCropAEZ03,2005,NMVOC_AWB,0.000726583877800529
Africa_Southern,MiscCrop,MiscCropAEZ04,MiscCropAEZ04,2005,NMVOC_AWB,0.00187486637169796
Africa_Southern,MiscCrop,MiscCropAEZ05,MiscCropAEZ05,2005,NMVOC_AWB,0.000418049237243956
Africa_Southern,MiscCrop,MiscCropAEZ06,MiscCropAEZ06,2005,NMVOC_AWB,9.69069191931856e-05
Africa_Southern,MiscCrop,MiscCropAEZ07,MiscCropAEZ07,2005,NMVOC_AWB,6.08844080652083e-05
Africa_Southern,MiscCrop,MiscCropAEZ08,MiscCropAEZ08,2005,NMVOC_AWB,5.44244838539265e-05
Africa_Southern,MiscCrop,MiscCropAEZ09,MiscCropAEZ09,2005,NMVOC_AWB,0.000207762843869563
Africa_Southern,MiscCrop,MiscCropAEZ10,MiscCropAEZ10,2005,NMVOC_AWB,8.73142086652555e-05
Africa_Southern,MiscCrop,MiscCropAEZ11,MiscCropAEZ11,2005,NMVOC_AWB,3.09200269536101e-05
Africa_Southern,OilCrop,OilCropAEZ01,OilCropAEZ01,2005,NMVOC_AWB,1.69379769219059e-05
Africa_Southern,OilCrop,OilCropAEZ02,OilCropAEZ02,2005,NMVOC_AWB,3.57895916037767e-05
Africa_Southern,OilCrop,OilCropAEZ03,OilCropAEZ03,2005,NMVOC_AWB,0.000123748059269551
Africa_Southern,OilCrop,OilCropAEZ04,OilCropAEZ04,2005,NMVOC_AWB,0.000150842322321477
Africa_Southern,OilCrop,OilCropAEZ05,OilCropAEZ05,2005,NMVOC_AWB,3.61153665722142e-05
Africa_Southern,OilCrop,OilCropAEZ06,OilCropAEZ06,2005,NMVOC_AWB,3.72435848714572e-06
Africa_Southern,OilCrop,OilCropAEZ07,OilCropAEZ07,2005,NMVOC_AWB,1.34937384788795e-05
Africa_Southern,OilCrop,OilCropAEZ08,OilCropAEZ08,2005,NMVOC_AWB,1.36639771797257e-05
Africa_Southern,OilCrop,OilCropAEZ09,OilCropAEZ09,2005,NMVOC_AWB,7.10050144983364e-05
Africa_Southern,OilCrop,OilCropAEZ10,OilCropAEZ10,2005,NMVOC_AWB,2.01926313571719e-05
Africa_Southern,OilCrop,OilCropAEZ11,OilCropAEZ11,2005,NMVOC_AWB,5.40198350275597e-06
Africa_Southern,OtherGrain,OtherGrainAEZ01,OtherGrainAEZ01,2005,NMVOC_AWB,5.33214517204778e-06
Africa_Southern,OtherGrain,OtherGrainAEZ02,OtherGrainAEZ02,2005,NMVOC_AWB,5.32218570549081e-06
Africa_Southern,OtherGrain,OtherGrainAEZ03,OtherGrainAEZ03,2005,NMVOC_AWB,9.57483961968316e-05
Africa_Southern,OtherGrain,OtherGrainAEZ04,OtherGrainAEZ04,2005,NMVOC_AWB,0.000270478809698214
Africa_Southern,OtherGrain,OtherGrainAEZ05,OtherGrainAEZ05,2005,NMVOC_AWB,5.22485107271656e-05
Africa_Southern,OtherGrain,OtherGrainAEZ06,OtherGrainAEZ06,2005,NMVOC_AWB,2.95183266492818e-06
Africa_Southern,OtherGrain,OtherGrainAEZ07,OtherGrainAEZ07,2005,NMVOC_AWB,1.25117713904165e-05
Africa_Southern,OtherGrain,OtherGrainAEZ08,OtherGrainAEZ08,2005,NMVOC_AWB,2.21824134172497e-05
Africa_Southern,OtherGrain,OtherGrainAEZ09,OtherGrainAEZ09,2005,NMVOC_AWB,2.63565790738449e-05
Africa_Southern,OtherGrain,OtherGrainAEZ10,OtherGrainAEZ10,2005,NMVOC_AWB,1.40738754142391e-05
Africa_Southern,OtherGrain,OtherGrainAEZ11,OtherGrainAEZ11,2005,NMVOC_AWB,1.66323091501662e-06
Africa_Southern,PalmFruit,PalmFruitAEZ01,PalmFruitAEZ01,2005,NMVOC_AWB,1.97001664591365e-06
Africa_Southern,PalmFruit,PalmFruitAEZ02,PalmFruitAEZ02,2005,NMVOC_AWB,1.11935100637779e-05
Africa_Southern,PalmFruit,PalmFruitAEZ03,PalmFruitAEZ03,2005,NMVOC_AWB,6.67583750433318e-05
Africa_Southern,PalmFruit,PalmFruitAEZ04,PalmFruitAEZ04,2005,NMVOC_AWB,0.000209335830857488
Africa_Southern,PalmFruit,PalmFruitAEZ05,PalmFruitAEZ05,2005,NMVOC_AWB,4.85884128736709e-05
Africa_Southern,PalmFruit,PalmFruitAEZ06,PalmFruitAEZ06,2005,NMVOC_AWB,5.31601766411087e-06
Africa_Southern,PalmFruit,PalmFruitAEZ07,PalmFruitAEZ07,2005,NMVOC_AWB,0
Africa_Southern,PalmFruit,PalmFruitAEZ08,PalmFruitAEZ08,2005,NMVOC_AWB,0
Africa_Southern,PalmFruit,PalmFruitAEZ09,PalmFruitAEZ09,2005,NMVOC_AWB,5.50964933791912e-06
Africa_Southern,PalmFruit,PalmFruitAEZ10,PalmFruitAEZ10,2005,NMVOC_AWB,7.73727036403197e-06
Africa_Southern,PalmFruit,PalmFruitAEZ11,PalmFruitAEZ11,2005,NMVOC_AWB,6.9684555175838e-08
Africa_Southern,Rice,RiceAEZ01,RiceAEZ01,2005,NMVOC_AWB,4.59739866744849e-08
Africa_Southern,Rice,RiceAEZ02,RiceAEZ02,2005,NMVOC_AWB,6.6417580426349e-06
Africa_Southern,Rice,RiceAEZ03,RiceAEZ03,2005,NMVOC_AWB,7.05967641182426e-05
Africa_Southern,Rice,RiceAEZ04,RiceAEZ04,2005,NMVOC_AWB,0.000301526323731923
Africa_Southern,Rice,RiceAEZ05,RiceAEZ05,2005,NMVOC_AWB,5.27380948429475e-05
Africa_Southern,Rice,RiceAEZ06,RiceAEZ06,2005,NMVOC_AWB,1.80484973493059e-06
Africa_Southern,Rice,RiceAEZ07,RiceAEZ07,2005,NMVOC_AWB,0
Africa_Southern,Rice,RiceAEZ08,RiceAEZ08,2005,NMVOC_AWB,0
Africa_Southern,Rice,RiceAEZ09,RiceAEZ09,2005,NMVOC_AWB,6.71071902264662e-07
Africa_Southern,Rice,RiceAEZ10,RiceAEZ10,2005,NMVOC_AWB,7.3410075496355e-08
Africa_Southern,Rice,RiceAEZ11,RiceAEZ11,2005,NMVOC_AWB,0
Africa_Southern,Root_Tuber,Root_TuberAEZ01,Root_TuberAEZ01,2005,NMVOC_AWB,4.47500532219977e-05
Africa_Southern,Root_Tuber,Root_TuberAEZ02,Root_TuberAEZ02,2005,NMVOC_AWB,0.00012102639960062
Africa_Southern,Root_Tuber,Root_TuberAEZ03,Root_TuberAEZ03,2005,NMVOC_AWB,0.00115287787873552
Africa_Southern,Root_Tuber,Root_TuberAEZ04,Root_TuberAEZ04,2005,NMVOC_AWB,0.00476178178827122
Africa_Southern,Root_Tuber,Root_TuberAEZ05,Root_TuberAEZ05,2005,NMVOC_AWB,0.0023023273308104
Africa_Southern,Root_Tuber,Root_TuberAEZ06,Root_TuberAEZ06,2005,NMVOC_AWB,6.22945783896796e-05
Africa_Southern,Root_Tuber,Root_TuberAEZ07,Root_TuberAEZ07,2005,NMVOC_AWB,6.37326345611349e-05
Africa_Southern,Root_Tuber,Root_TuberAEZ08,Root_TuberAEZ08,2005,NMVOC_AWB,0.000123774178323559
Africa_Southern,Root_Tuber,Root_TuberAEZ09,Root_TuberAEZ09,2005,NMVOC_AWB,0.000322558158140789
Africa_Southern,Root_Tuber,Root_TuberAEZ10,Root_TuberAEZ10,2005,NMVOC_AWB,0.00033027556634365
Africa_Southern,Root_Tuber,Root_TuberAEZ11,Root_TuberAEZ11,2005,NMVOC_AWB,6.68876026670677e-05
Africa_Southern,SugarCrop,SugarCropAEZ01,SugarCropAEZ01,2005,NMVOC_AWB,0.000203997811126248
Africa_Southern,SugarCrop,SugarCropAEZ02,SugarCropAEZ02,2005,NMVOC_AWB,0.000715440599264264
Africa_Southern,SugarCrop,SugarCropAEZ03,SugarCropAEZ03,2005,NMVOC_AWB,0.00108336961501511
Africa_Southern,SugarCrop,SugarCropAEZ04,SugarCropAEZ04,2005,NMVOC_AWB,0.00046416019926079
Africa_Southern,SugarCrop,SugarCropAEZ05,SugarCropAEZ05,2005,NMVOC_AWB,6.29457919244535e-05
Africa_Southern,SugarCrop,SugarCropAEZ06,SugarCropAEZ06,2005,NMVOC_AWB,5.8914246081936e-06
Africa_Southern,SugarCrop,SugarCropAEZ07,SugarCropAEZ07,2005,NMVOC_AWB,0.000216697216700517
Africa_Southern,SugarCrop,SugarCropAEZ08,SugarCropAEZ08,2005,NMVOC_AWB,0.000410283757816805
Africa_Southern,SugarCrop,SugarCropAEZ09,SugarCropAEZ09,2005,NMVOC_AWB,0.00103744703083624
Africa_Southern,SugarCrop,SugarCropAEZ10,SugarCropAEZ10,2005,NMVOC_AWB,0.000768832358182774
Africa_Southern,SugarCrop,SugarCropAEZ11,SugarCropAEZ11,2005,NMVOC_AWB,0.000687247267823311
Africa_Southern,Wheat,WheatAEZ01,WheatAEZ01,2005,NMVOC_AWB,5.24843570640338e-06
Africa_Southern,Wheat,WheatAEZ02,WheatAEZ02,2005,NMVOC_AWB,1.13596532971809e-05
Africa_Southern,Wheat,WheatAEZ03,WheatAEZ03,2005,NMVOC_AWB,3.71891166200416e-05
Africa_Southern,Wheat,WheatAEZ04,WheatAEZ04,2005,NMVOC_AWB,1.74949089601764e-05
Africa_Southern,Wheat,WheatAEZ05,WheatAEZ05,2005,NMVOC_AWB,1.79361000394985e-06
Africa_Southern,Wheat,WheatAEZ06,WheatAEZ06,2005,NMVOC_AWB,3.16193103789098e-07
Africa_Southern,Wheat,WheatAEZ07,WheatAEZ07,2005,NMVOC_AWB,5.16078919693198e-06
Africa_Southern,Wheat,WheatAEZ08,WheatAEZ08,2005,NMVOC_AWB,1.37423809787168e-05
Africa_Southern,Wheat,WheatAEZ09,WheatAEZ09,2005,NMVOC_AWB,2.90331836247611e-05
Africa_Southern,Wheat,WheatAEZ10,WheatAEZ10,2005,NMVOC_AWB,1.14691189798962e-05
Africa_Southern,Wheat,WheatAEZ11,WheatAEZ11,2005,NMVOC_AWB,3.46665983031462e-06
Africa_Southern,Corn,CornAEZ01,CornAEZ01,2005,NOx_AWB,8.8882356659553e-06
Africa_Southern,Corn,CornAEZ02,CornAEZ02,2005,NOx_AWB,4.31617905445769e-05
Africa_Southern,Corn,CornAEZ03,CornAEZ03,2005,NOx_AWB,0.000421030504049415
Africa_Southern,Corn,CornAEZ04,CornAEZ04,2005,NOx_AWB,0.000741221890483806
Africa_Southern,Corn,CornAEZ05,CornAEZ05,2005,NOx_AWB,0.000116444884401406
Africa_Southern,Corn,CornAEZ06,CornAEZ06,2005,NOx_AWB,8.25220026416254e-06
Africa_Southern,Corn,CornAEZ07,CornAEZ07,2005,NOx_AWB,6.14165756745971e-06
Africa_Southern,Corn,CornAEZ08,CornAEZ08,2005,NOx_AWB,1.28819526306843e-05
Africa_Southern,Corn,CornAEZ09,CornAEZ09,2005,NOx_AWB,0.00026033793483203
Africa_Southern,Corn,CornAEZ10,CornAEZ10,2005,NOx_AWB,9.64039427595767e-05
Africa_Southern,Corn,CornAEZ11,CornAEZ11,2005,NOx_AWB,2.81462602750711e-05
Africa_Southern,FiberCrop,FiberCropAEZ01,FiberCropAEZ01,2005,NOx_AWB,7.94238364088092e-07
Africa_Southern,FiberCrop,FiberCropAEZ02,FiberCropAEZ02,2005,NOx_AWB,4.18456493479121e-06
Africa_Southern,FiberCrop,FiberCropAEZ03,FiberCropAEZ03,2005,NOx_AWB,3.88846960346781e-05
Africa_Southern,FiberCrop,FiberCropAEZ04,FiberCropAEZ04,2005,NOx_AWB,4.58448628085407e-05
Africa_Southern,FiberCrop,FiberCropAEZ05,FiberCropAEZ05,2005,NOx_AWB,6.00042559741231e-06
Africa_Southern,FiberCrop,FiberCropAEZ06,FiberCropAEZ06,2005,NOx_AWB,2.03127702156892e-06
Africa_Southern,FiberCrop,FiberCropAEZ07,FiberCropAEZ07,2005,NOx_AWB,1.87394718759483e-07
Africa_Southern,FiberCrop,FiberCropAEZ08,FiberCropAEZ08,2005,NOx_AWB,8.8268166593252e-07
Africa_Southern,FiberCrop,FiberCropAEZ09,FiberCropAEZ09,2005,NOx_AWB,4.50795217608968e-05
Africa_Southern,FiberCrop,FiberCropAEZ10,FiberCropAEZ10,2005,NOx_AWB,2.02047701441299e-06
Africa_Southern,FiberCrop,FiberCropAEZ11,FiberCropAEZ11,2005,NOx_AWB,7.52205903805589e-07
Africa_Southern,FodderGrass,FodderGrassAEZ01,FodderGrassAEZ01,2005,NOx_AWB,0
Africa_Southern,FodderGrass,FodderGrassAEZ02,FodderGrassAEZ02,2005,NOx_AWB,0
Africa_Southern,FodderGrass,FodderGrassAEZ03,FodderGrassAEZ03,2005,NOx_AWB,0
Africa_Southern,FodderGrass,FodderGrassAEZ04,FodderGrassAEZ04,2005,NOx_AWB,0
Africa_Southern,FodderGrass,FodderGrassAEZ05,FodderGrassAEZ05,2005,NOx_AWB,0
Africa_Southern,FodderGrass,FodderGrassAEZ06,FodderGrassAEZ06,2005,NOx_AWB,0
Africa_Southern,FodderGrass,FodderGrassAEZ07,FodderGrassAEZ07,2005,NOx_AWB,0
Africa_Southern,FodderGrass,FodderGrassAEZ08,FodderGrassAEZ08,2005,NOx_AWB,0
Africa_Southern,FodderGrass,FodderGrassAEZ09,FodderGrassAEZ09,2005,NOx_AWB,0
Africa_Southern,FodderGrass,FodderGrassAEZ10,FodderGrassAEZ10,2005,NOx_AWB,0
Africa_Southern,FodderGrass,FodderGrassAEZ11,FodderGrassAEZ11,2005,NOx_AWB,0
Africa_Southern,FodderHerb,FodderHerbAEZ01,FodderHerbAEZ01,2005,NOx_AWB,0
Africa_Southern,FodderHerb,FodderHerbAEZ02,FodderHerbAEZ02,2005,NOx_AWB,0
Africa_Southern,FodderHerb,FodderHerbAEZ03,FodderHerbAEZ03,2005,NOx_AWB,0
Africa_Southern,FodderHerb,FodderHerbAEZ04,FodderHerbAEZ04,2005,NOx_AWB,0
Africa_Southern,FodderHerb,FodderHerbAEZ05,FodderHerbAEZ05,2005,NOx_AWB,0
Africa_Southern,FodderHerb,FodderHerbAEZ06,FodderHerbAEZ06,2005,NOx_AWB,0
Africa_Southern,FodderHerb,FodderHerbAEZ07,FodderHerbAEZ07,2005,NOx_AWB,0
Africa_Southern,FodderHerb,FodderHerbAEZ08,FodderHerbAEZ08,2005,NOx_AWB,0
Africa_Southern,FodderHerb,FodderHerbAEZ09,FodderHerbAEZ09,2005,NOx_AWB,0
Africa_Southern,FodderHerb,FodderHerbAEZ10,FodderHerbAEZ10,2005,NOx_AWB,0
Africa_Southern,FodderHerb,FodderHerbAEZ11,FodderHerbAEZ11,2005,NOx_AWB,0
Africa_Southern,MiscCrop,MiscCropAEZ01,MiscCropAEZ01,2005,NOx_AWB,5.10103986417789e-05
Africa_Southern,MiscCrop,MiscCropAEZ02,MiscCropAEZ02,2005,NOx_AWB,7.99025991698913e-05
Africa_Southern,MiscCrop,MiscCropAEZ03,MiscCropAEZ03,2005,NOx_AWB,0.000394642933879474
Africa_Southern,MiscCrop,MiscCropAEZ04,MiscCropAEZ04,2005,NOx_AWB,0.00101833083304661
Africa_Southern,MiscCrop,MiscCropAEZ05,MiscCropAEZ05,2005,NOx_AWB,0.000227062810685325
Africa_Southern,MiscCrop,MiscCropAEZ06,MiscCropAEZ06,2005,NOx_AWB,5.26348465360788e-05
Africa_Southern,MiscCrop,MiscCropAEZ07,MiscCropAEZ07,2005,NOx_AWB,3.30692741202899e-05
Africa_Southern,MiscCrop,MiscCropAEZ08,MiscCropAEZ08,2005,NOx_AWB,2.95605760590329e-05
Africa_Southern,MiscCrop,MiscCropAEZ09,MiscCropAEZ09,2005,NOx_AWB,0.000112846074295
Africa_Southern,MiscCrop,MiscCropAEZ10,MiscCropAEZ10,2005,NOx_AWB,4.74245803269541e-05
Africa_Southern,MiscCrop,MiscCropAEZ11,MiscCropAEZ11,2005,NOx_AWB,1.67941658567258e-05
Africa_Southern,OilCrop,OilCropAEZ01,OilCropAEZ01,2005,NOx_AWB,9.19983653735691e-06
Africa_Southern,OilCrop,OilCropAEZ02,OilCropAEZ02,2005,NOx_AWB,1.94390625286351e-05
Africa_Southern,OilCrop,OilCropAEZ03,OilCropAEZ03,2005,NOx_AWB,6.72135711569335e-05
Africa_Southern,OilCrop,OilCropAEZ04,OilCropAEZ04,2005,NOx_AWB,8.192977913898e-05
Africa_Southern,OilCrop,OilCropAEZ05,OilCropAEZ05,2005,NOx_AWB,1.96160067098325e-05
Africa_Southern,OilCrop,OilCropAEZ06,OilCropAEZ06,2005,NOx_AWB,2.0228796772031e-06
Africa_Southern,OilCrop,OilCropAEZ07,OilCropAEZ07,2005,NOx_AWB,7.3291036382854e-06
Africa_Southern,OilCrop,OilCropAEZ08,OilCropAEZ08,2005,NOx_AWB,7.42156853107261e-06
Africa_Southern,OilCrop,OilCropAEZ09,OilCropAEZ09,2005,NOx_AWB,3.85662661915971e-05
Africa_Southern,OilCrop,OilCropAEZ10,OilCropAEZ10,2005,NOx_AWB,1.09675971694609e-05
Africa_Southern,OilCrop,OilCropAEZ11,OilCropAEZ11,2005,NOx_AWB,2.93407916612402e-06
Africa_Southern,OtherGrain,OtherGrainAEZ01,OtherGrainAEZ01,2005,NOx_AWB,2.89614658246781e-06
Africa_Southern,OtherGrain,OtherGrainAEZ02,OtherGrainAEZ02,2005,NOx_AWB,2.89073711327642e-06
Africa_Southern,OtherGrain,OtherGrainAEZ03,OtherGrainAEZ03,2005,NOx_AWB,5.20055965234966e-05
Africa_Southern,OtherGrain,OtherGrainAEZ04,OtherGrainAEZ04,2005,NOx_AWB,0.00014691015624329
Africa_Southern,OtherGrain,OtherGrainAEZ05,OtherGrainAEZ05,2005,NOx_AWB,2.83786995475594e-05
Africa_Southern,OtherGrain,OtherGrainAEZ06,OtherGrainAEZ06,2005,NOx_AWB,1.60328344572535e-06
Africa_Southern,OtherGrain,OtherGrainAEZ07,OtherGrainAEZ07,2005,NOx_AWB,6.79574969993866e-06
Africa_Southern,OtherGrain,OtherGrainAEZ08,OtherGrainAEZ08,2005,NOx_AWB,1.20483442847793e-05
Africa_Southern,OtherGrain,OtherGrainAEZ09,OtherGrainAEZ09,2005,NOx_AWB,1.43155360454943e-05
Africa_Southern,OtherGrain,OtherGrainAEZ10,OtherGrainAEZ10,2005,NOx_AWB,7.64420413695761e-06
Africa_Southern,OtherGrain,OtherGrainAEZ11,OtherGrainAEZ11,2005,NOx_AWB,9.03381354962297e-07
Africa_Southern,PalmFruit,PalmFruitAEZ01,PalmFruitAEZ01,2005,NOx_AWB,1.07001156052103e-06
Africa_Southern,PalmFruit,PalmFruitAEZ02,PalmFruitAEZ02,2005,NOx_AWB,6.07973805495234e-06
Africa_Southern,PalmFruit,PalmFruitAEZ03,PalmFruitAEZ03,2005,NOx_AWB,3.62597103969316e-05
Africa_Southern,PalmFruit,PalmFruitAEZ04,PalmFruitAEZ04,2005,NOx_AWB,0.000113700439797505
Africa_Southern,PalmFruit,PalmFruitAEZ05,PalmFruitAEZ05,2005,NOx_AWB,2.63907229362951e-05
Africa_Southern,PalmFruit,PalmFruitAEZ06,PalmFruitAEZ06,2005,NOx_AWB,2.88738695093338e-06
Africa_Southern,PalmFruit,PalmFruitAEZ07,PalmFruitAEZ07,2005,NOx_AWB,0
Africa_Southern,PalmFruit,PalmFruitAEZ08,PalmFruitAEZ08,2005,NOx_AWB,0
Africa_Southern,PalmFruit,PalmFruitAEZ09,PalmFruitAEZ09,2005,NOx_AWB,2.99255770159055e-06
Africa_Southern,PalmFruit,PalmFruitAEZ10,PalmFruitAEZ10,2005,NOx_AWB,4.20248669145196e-06
Africa_Southern,PalmFruit,PalmFruitAEZ11,PalmFruitAEZ11,2005,NOx_AWB,3.78490607084852e-08
Africa_Southern,Rice,RiceAEZ01,RiceAEZ01,2005,NOx_AWB,2.49707013019294e-08
Africa_Southern,Rice,RiceAEZ02,RiceAEZ02,2005,NOx_AWB,3.6074608316352e-06
Africa_Southern,Rice,RiceAEZ03,RiceAEZ03,2005,NOx_AWB,3.83445256153469e-05
Africa_Southern,Rice,RiceAEZ04,RiceAEZ04,2005,NOx_AWB,0.000163773566514679
Africa_Southern,Rice,RiceAEZ05,RiceAEZ05,2005,NOx_AWB,2.86446164192877e-05
Africa_Southern,Rice,RiceAEZ06,RiceAEZ06,2005,NOx_AWB,9.80301402724133e-07
Africa_Southern,Rice,RiceAEZ07,RiceAEZ07,2005,NOx_AWB,0
Africa_Southern,Rice,RiceAEZ08,RiceAEZ08,2005,NOx_AWB,0
Africa_Southern,Rice,RiceAEZ09,RiceAEZ09,2005,NOx_AWB,3.64491688358809e-07
Africa_Southern,Rice,RiceAEZ10,RiceAEZ10,2005,NOx_AWB,3.9872571433726e-08
Africa_Southern,Rice,RiceAEZ11,RiceAEZ11,2005,NOx_AWB,0
Africa_Southern,Root_Tuber,Root_TuberAEZ01,Root_TuberAEZ01,2005,NOx_AWB,2.43059236990669e-05
Africa_Southern,Root_Tuber,Root_TuberAEZ02,Root_TuberAEZ02,2005,NOx_AWB,6.57353058257238e-05
Africa_Southern,Root_Tuber,Root_TuberAEZ03,Root_TuberAEZ03,2005,NOx_AWB,0.000626183875488957
Africa_Southern,Root_Tuber,Root_TuberAEZ04,Root_TuberAEZ04,2005,NOx_AWB,0.00258635457355015
Africa_Southern,Root_Tuber,Root_TuberAEZ05,Root_TuberAEZ05,2005,NOx_AWB,0.00125050560622452
Africa_Southern,Root_Tuber,Root_TuberAEZ06,Root_TuberAEZ06,2005,NOx_AWB,3.38352059983874e-05
Africa_Southern,Root_Tuber,Root_TuberAEZ07,Root_TuberAEZ07,2005,NOx_AWB,3.4616284032082e-05
Africa_Southern,Root_Tuber,Root_TuberAEZ08,Root_TuberAEZ08,2005,NOx_AWB,6.72277576815991e-05
Africa_Southern,Root_Tuber,Root_TuberAEZ09,Root_TuberAEZ09,2005,NOx_AWB,0.000175196975551922
Africa_Southern,Root_Tuber,Root_TuberAEZ10,Root_TuberAEZ10,2005,NOx_AWB,0.000179388674140587
Africa_Southern,Root_Tuber,Root_TuberAEZ11,Root_TuberAEZ11,2005,NOx_AWB,3.63299001852376e-05
Africa_Southern,SugarCrop,SugarCropAEZ01,SugarCropAEZ01,2005,NOx_AWB,0.0001108011024571
Africa_Southern,SugarCrop,SugarCropAEZ02,SugarCropAEZ02,2005,NOx_AWB,0.000388590479002688
Africa_Southern,SugarCrop,SugarCropAEZ03,SugarCropAEZ03,2005,NOx_AWB,0.000588430567217754
Africa_Southern,SugarCrop,SugarCropAEZ04,SugarCropAEZ04,2005,NOx_AWB,0.000252107909937203
Africa_Southern,SugarCrop,SugarCropAEZ05,SugarCropAEZ05,2005,NOx_AWB,3.41889116444901e-05
Africa_Southern,SugarCrop,SugarCropAEZ06,SugarCropAEZ06,2005,NOx_AWB,3.19991836200024e-06
Africa_Southern,SugarCrop,SugarCropAEZ07,SugarCropAEZ07,2005,NOx_AWB,0.000117698765380101
Africa_Southern,SugarCrop,SugarCropAEZ08,SugarCropAEZ08,2005,NOx_AWB,0.000222845002283921
Africa_Southern,SugarCrop,SugarCropAEZ09,SugarCropAEZ09,2005,NOx_AWB,0.000563487785103544
Africa_Southern,SugarCrop,SugarCropAEZ10,SugarCropAEZ10,2005,NOx_AWB,0.0004175901320756
Africa_Southern,SugarCrop,SugarCropAEZ11,SugarCropAEZ11,2005,NOx_AWB,0.000373277313688072
Africa_Southern,Wheat,WheatAEZ01,WheatAEZ01,2005,NOx_AWB,2.85067991285852e-06
Africa_Southern,Wheat,WheatAEZ02,WheatAEZ02,2005,NOx_AWB,6.16997850079445e-06
Africa_Southern,Wheat,WheatAEZ03,WheatAEZ03,2005,NOx_AWB,2.0199212423687e-05
Africa_Southern,Wheat,WheatAEZ04,WheatAEZ04,2005,NOx_AWB,9.50233333128505e-06
Africa_Southern,Wheat,WheatAEZ05,WheatAEZ05,2005,NOx_AWB,9.74196559848065e-07
Africa_Southern,Wheat,WheatAEZ06,WheatAEZ06,2005,NOx_AWB,1.71739805911361e-07
Africa_Southern,Wheat,WheatAEZ07,WheatAEZ07,2005,NOx_AWB,2.8030748438515e-06
Africa_Southern,Wheat,WheatAEZ08,WheatAEZ08,2005,NOx_AWB,7.46415343586686e-06
Africa_Southern,Wheat,WheatAEZ09,WheatAEZ09,2005,NOx_AWB,1.57693297575242e-05
Africa_Southern,Wheat,WheatAEZ10,WheatAEZ10,2005,NOx_AWB,6.22943462073569e-06
Africa_Southern,Wheat,WheatAEZ11,WheatAEZ11,2005,NOx_AWB,1.88291104165274e-06
Africa_Southern,Corn,CornAEZ01,CornAEZ01,2005,SO2_AWB,9.83969699043762e-07
Africa_Southern,Corn,CornAEZ02,CornAEZ02,2005,SO2_AWB,4.77821422028784e-06
Africa_Southern,Corn,CornAEZ03,CornAEZ03,2005,SO2_AWB,4.66100668262625e-05
Africa_Southern,Corn,CornAEZ04,CornAEZ04,2005,SO2_AWB,8.20567667099104e-05
Africa_Southern,Corn,CornAEZ05,CornAEZ05,2005,SO2_AWB,1.28909990875363e-05
Africa_Southern,Corn,CornAEZ06,CornAEZ06,2005,SO2_AWB,9.13557573802713e-07
Africa_Southern,Corn,CornAEZ07,CornAEZ07,2005,SO2_AWB,6.7991052166073e-07
Africa_Southern,Corn,CornAEZ08,CornAEZ08,2005,SO2_AWB,1.42609304360159e-06
Africa_Southern,Corn,CornAEZ09,CornAEZ09,2005,SO2_AWB,2.88206398900444e-05
Africa_Southern,Corn,CornAEZ10,CornAEZ10,2005,SO2_AWB,1.06723721229749e-05
Africa_Southern,Corn,CornAEZ11,CornAEZ11,2005,SO2_AWB,3.11592404757558e-06
Africa_Southern,FiberCrop,FiberCropAEZ01,FiberCropAEZ01,2005,SO2_AWB,8.79259409237069e-08
Africa_Southern,FiberCrop,FiberCropAEZ02,FiberCropAEZ02,2005,SO2_AWB,4.6325111689903e-07
Africa_Southern,FiberCrop,FiberCropAEZ03,FiberCropAEZ03,2005,SO2_AWB,4.30471964207737e-06
Africa_Southern,FiberCrop,FiberCropAEZ04,FiberCropAEZ04,2005,SO2_AWB,5.07524300162377e-06
Africa_Southern,FiberCrop,FiberCropAEZ05,FiberCropAEZ05,2005,SO2_AWB,6.64275475034414e-07
Africa_Southern,FiberCrop,FiberCropAEZ06,FiberCropAEZ06,2005,SO2_AWB,2.24871967250303e-07
Africa_Southern,FiberCrop,FiberCropAEZ07,FiberCropAEZ07,2005,SO2_AWB,2.07454810999705e-08
Africa_Southern,FiberCrop,FiberCropAEZ08,FiberCropAEZ08,2005,SO2_AWB,9.7717032470889e-08
Africa_Southern,FiberCrop,FiberCropAEZ09,FiberCropAEZ09,2005,SO2_AWB,4.99051613021547e-06
Africa_Southern,FiberCrop,FiberCropAEZ10,FiberCropAEZ10,2005,SO2_AWB,2.23676355411207e-07
Africa_Southern,FiberCrop,FiberCropAEZ11,FiberCropAEZ11,2005,SO2_AWB,8.32727489012833e-08
Africa_Southern,FodderGrass,FodderGrassAEZ01,FodderGrassAEZ01,2005,SO2_AWB,0
Africa_Southern,FodderGrass,FodderGrassAEZ02,FodderGrassAEZ02,2005,SO2_AWB,0
Africa_Southern,FodderGrass,FodderGrassAEZ03,FodderGrassAEZ03,2005,SO2_AWB,0
Africa_Southern,FodderGrass,FodderGrassAEZ04,FodderGrassAEZ04,2005,SO2_AWB,0
Africa_Southern,FodderGrass,FodderGrassAEZ05,FodderGrassAEZ05,2005,SO2_AWB,0
Africa_Southern,FodderGrass,FodderGrassAEZ06,FodderGrassAEZ06,2005,SO2_AWB,0
Africa_Southern,FodderGrass,FodderGrassAEZ07,FodderGrassAEZ07,2005,SO2_AWB,0
Africa_Southern,FodderGrass,FodderGrassAEZ08,FodderGrassAEZ08,2005,SO2_AWB,0
Africa_Southern,FodderGrass,FodderGrassAEZ09,FodderGrassAEZ09,2005,SO2_AWB,0
Africa_Southern,FodderGrass,FodderGrassAEZ10,FodderGrassAEZ10,2005,SO2_AWB,0
Africa_Southern,FodderGrass,FodderGrassAEZ11,FodderGrassAEZ11,2005,SO2_AWB,0
Africa_Southern,FodderHerb,FodderHerbAEZ01,FodderHerbAEZ01,2005,SO2_AWB,0
Africa_Southern,FodderHerb,FodderHerbAEZ02,FodderHerbAEZ02,2005,SO2_AWB,0
Africa_Southern,FodderHerb,FodderHerbAEZ03,FodderHerbAEZ03,2005,SO2_AWB,0
Africa_Southern,FodderHerb,FodderHerbAEZ04,FodderHerbAEZ04,2005,SO2_AWB,0
Africa_Southern,FodderHerb,FodderHerbAEZ05,FodderHerbAEZ05,2005,SO2_AWB,0
Africa_Southern,FodderHerb,FodderHerbAEZ06,FodderHerbAEZ06,2005,SO2_AWB,0
Africa_Southern,FodderHerb,FodderHerbAEZ07,FodderHerbAEZ07,2005,SO2_AWB,0
Africa_Southern,FodderHerb,FodderHerbAEZ08,FodderHerbAEZ08,2005,SO2_AWB,0
Africa_Southern,FodderHerb,FodderHerbAEZ09,FodderHerbAEZ09,2005,SO2_AWB,0
Africa_Southern,FodderHerb,FodderHerbAEZ10,FodderHerbAEZ10,2005,SO2_AWB,0
Africa_Southern,FodderHerb,FodderHerbAEZ11,FodderHerbAEZ11,2005,SO2_AWB,0
Africa_Southern,MiscCrop,MiscCropAEZ01,MiscCropAEZ01,2005,SO2_AWB,5.64709223360347e-06
Africa_Southern,MiscCrop,MiscCropAEZ02,MiscCropAEZ02,2005,SO2_AWB,8.84559539292572e-06
Africa_Southern,MiscCrop,MiscCropAEZ03,MiscCropAEZ03,2005,SO2_AWB,4.36888380858877e-05
Africa_Southern,MiscCrop,MiscCropAEZ04,MiscCropAEZ04,2005,SO2_AWB,0.000112734036425007
Africa_Southern,MiscCrop,MiscCropAEZ05,MiscCropAEZ05,2005,SO2_AWB,2.51369263699712e-05
Africa_Southern,MiscCrop,MiscCropAEZ06,MiscCropAEZ06,2005,SO2_AWB,5.82692629356082e-06
Africa_Southern,MiscCrop,MiscCropAEZ07,MiscCropAEZ07,2005,SO2_AWB,3.66092494918563e-06
Africa_Southern,MiscCrop,MiscCropAEZ08,MiscCropAEZ08,2005,SO2_AWB,3.27249548971546e-06
Africa_Southern,MiscCrop,MiscCropAEZ09,MiscCropAEZ09,2005,SO2_AWB,1.24925937987476e-05
Africa_Southern,MiscCrop,MiscCropAEZ10,MiscCropAEZ10,2005,SO2_AWB,5.25012519754947e-06
Africa_Southern,MiscCrop,MiscCropAEZ11,MiscCropAEZ11,2005,SO2_AWB,1.85919353905401e-06
Africa_Southern,OilCrop,OilCropAEZ01,OilCropAEZ01,2005,SO2_AWB,1.01846538830965e-06
Africa_Southern,OilCrop,OilCropAEZ02,OilCropAEZ02,2005,SO2_AWB,2.15199610191008e-06
Africa_Southern,OilCrop,OilCropAEZ03,OilCropAEZ03,2005,SO2_AWB,7.44086001637717e-06
Africa_Southern,OilCrop,OilCropAEZ04,OilCropAEZ04,2005,SO2_AWB,9.07001379710147e-06
Africa_Southern,OilCrop,OilCropAEZ05,OilCropAEZ05,2005,SO2_AWB,2.17158465910678e-06
Africa_Southern,OilCrop,OilCropAEZ06,OilCropAEZ06,2005,SO2_AWB,2.23942341538414e-07
Africa_Southern,OilCrop,OilCropAEZ07,OilCropAEZ07,2005,SO2_AWB,8.11366414242024e-07
Africa_Southern,OilCrop,OilCropAEZ08,OilCropAEZ08,2005,SO2_AWB,8.21602714914883e-07
Africa_Southern,OilCrop,OilCropAEZ09,OilCropAEZ09,2005,SO2_AWB,4.26946795336899e-06
Africa_Southern,OilCrop,OilCropAEZ10,OilCropAEZ10,2005,SO2_AWB,1.21416484571888e-06
Africa_Southern,OilCrop,OilCropAEZ11,OilCropAEZ11,2005,SO2_AWB,3.2481643180546e-07
Africa_Southern,OtherGrain,OtherGrainAEZ01,OtherGrainAEZ01,2005,SO2_AWB,3.20617115503899e-07
Africa_Southern,OtherGrain,OtherGrainAEZ02,OtherGrainAEZ02,2005,SO2_AWB,3.20018261696206e-07
Africa_Southern,OtherGrain,OtherGrainAEZ03,OtherGrainAEZ03,2005,SO2_AWB,5.75726534297697e-06
Africa_Southern,OtherGrain,OtherGrainAEZ04,OtherGrainAEZ04,2005,SO2_AWB,1.62636486765167e-05
Africa_Southern,OtherGrain,OtherGrainAEZ05,OtherGrainAEZ05,2005,SO2_AWB,3.14165617367933e-06
Africa_Southern,OtherGrain,OtherGrainAEZ06,OtherGrainAEZ06,2005,SO2_AWB,1.77491055465018e-07
Africa_Southern,OtherGrain,OtherGrainAEZ07,OtherGrainAEZ07,2005,SO2_AWB,7.52321612335049e-07
Africa_Southern,OtherGrain,OtherGrainAEZ08,OtherGrainAEZ08,2005,SO2_AWB,1.33380865960599e-06
Africa_Southern,OtherGrain,OtherGrainAEZ09,OtherGrainAEZ09,2005,SO2_AWB,1.58479750354607e-06
Africa_Southern,OtherGrain,OtherGrainAEZ10,OtherGrainAEZ10,2005,SO2_AWB,8.46249528787988e-07
Africa_Southern,OtherGrain,OtherGrainAEZ11,OtherGrainAEZ11,2005,SO2_AWB,1.00008585884909e-07
Africa_Southern,PalmFruit,PalmFruitAEZ01,PalmFruitAEZ01,2005,SO2_AWB,1.18455337228737e-07
Africa_Southern,PalmFruit,PalmFruitAEZ02,PalmFruitAEZ02,2005,SO2_AWB,6.73055738959572e-07
Africa_Southern,PalmFruit,PalmFruitAEZ03,PalmFruitAEZ03,2005,SO2_AWB,4.01412132481391e-06
Africa_Southern,PalmFruit,PalmFruitAEZ04,PalmFruitAEZ04,2005,SO2_AWB,1.25871760980889e-05
Africa_Southern,PalmFruit,PalmFruitAEZ05,PalmFruitAEZ05,2005,SO2_AWB,2.92157776651196e-06
Africa_Southern,PalmFruit,PalmFruitAEZ06,PalmFruitAEZ06,2005,SO2_AWB,3.19647382890072e-07
Africa_Southern,PalmFruit,PalmFruitAEZ07,PalmFruitAEZ07,2005,SO2_AWB,0
Africa_Southern,PalmFruit,PalmFruitAEZ08,PalmFruitAEZ08,2005,SO2_AWB,0
Africa_Southern,PalmFruit,PalmFruitAEZ09,PalmFruitAEZ09,2005,SO2_AWB,3.31290282084197e-07
Africa_Southern,PalmFruit,PalmFruitAEZ10,PalmFruitAEZ10,2005,SO2_AWB,4.65235140069721e-07
Africa_Southern,PalmFruit,PalmFruitAEZ11,PalmFruitAEZ11,2005,SO2_AWB,4.19006991647025e-09
Africa_Southern,Rice,RiceAEZ01,RiceAEZ01,2005,SO2_AWB,2.76437465976329e-09
Africa_Southern,Rice,RiceAEZ02,RiceAEZ02,2005,SO2_AWB,3.99362964959676e-07
Africa_Southern,Rice,RiceAEZ03,RiceAEZ03,2005,SO2_AWB,4.24492022350686e-06
Africa_Southern,Rice,RiceAEZ04,RiceAEZ04,2005,SO2_AWB,1.81305078995621e-05
Africa_Southern,Rice,RiceAEZ05,RiceAEZ05,2005,SO2_AWB,3.17109442825301e-06
Africa_Southern,Rice,RiceAEZ06,RiceAEZ06,2005,SO2_AWB,1.0852399873974e-07
Africa_Southern,Rice,RiceAEZ07,RiceAEZ07,2005,SO2_AWB,0
Africa_Southern,Rice,RiceAEZ08,RiceAEZ08,2005,SO2_AWB,0
Africa_Southern,Rice,RiceAEZ09,RiceAEZ09,2005,SO2_AWB,4.03509526949321e-08
Africa_Southern,Rice,RiceAEZ10,RiceAEZ10,2005,SO2_AWB,4.41408211800913e-09
Africa_Southern,Rice,RiceAEZ11,RiceAEZ11,2005,SO2_AWB,0
Africa_Southern,Root_Tuber,Root_TuberAEZ01,Root_TuberAEZ01,2005,SO2_AWB,2.69078063701194e-06
Africa_Southern,Root_Tuber,Root_TuberAEZ02,Root_TuberAEZ02,2005,SO2_AWB,7.27720905709527e-06
Africa_Southern,Root_Tuber,Root_TuberAEZ03,Root_TuberAEZ03,2005,SO2_AWB,6.93215147153394e-05
Africa_Southern,Root_Tuber,Root_TuberAEZ04,Root_TuberAEZ04,2005,SO2_AWB,0.000286321675864687
Africa_Southern,Root_Tuber,Root_TuberAEZ05,Root_TuberAEZ05,2005,SO2_AWB,0.00013843688120493
Africa_Southern,Root_Tuber,Root_TuberAEZ06,Root_TuberAEZ06,2005,SO2_AWB,3.74571722831774e-06
Africa_Southern,Root_Tuber,Root_TuberAEZ07,Root_TuberAEZ07,2005,SO2_AWB,3.83218625846372e-06
Africa_Southern,Root_Tuber,Root_TuberAEZ08,Root_TuberAEZ08,2005,SO2_AWB,7.44243053171119e-06
Africa_Southern,Root_Tuber,Root_TuberAEZ09,Root_TuberAEZ09,2005,SO2_AWB,1.93951332734689e-05
Africa_Southern,Root_Tuber,Root_TuberAEZ10,Root_TuberAEZ10,2005,SO2_AWB,1.98591741195693e-05
Africa_Southern,Root_Tuber,Root_TuberAEZ11,Root_TuberAEZ11,2005,SO2_AWB,4.02189166613598e-06
Africa_Southern,SugarCrop,SugarCropAEZ01,SugarCropAEZ01,2005,SO2_AWB,1.22662057506001e-05
Africa_Southern,SugarCrop,SugarCropAEZ02,SugarCropAEZ02,2005,SO2_AWB,4.30188027237069e-05
Africa_Southern,SugarCrop,SugarCropAEZ03,SugarCropAEZ03,2005,SO2_AWB,6.51420450462565e-05
Africa_Southern,SugarCrop,SugarCropAEZ04,SugarCropAEZ04,2005,SO2_AWB,2.79095372344405e-05
Africa_Southern,SugarCrop,SugarCropAEZ05,SugarCropAEZ05,2005,SO2_AWB,3.78487411515398e-06
Africa_Southern,SugarCrop,SugarCropAEZ06,SugarCropAEZ06,2005,SO2_AWB,3.54246087295163e-07
Africa_Southern,SugarCrop,SugarCropAEZ07,SugarCropAEZ07,2005,SO2_AWB,1.30298096384276e-05
Africa_Southern,SugarCrop,SugarCropAEZ08,SugarCropAEZ08,2005,SO2_AWB,2.46699950441907e-05
Africa_Southern,SugarCrop,SugarCropAEZ09,SugarCropAEZ09,2005,SO2_AWB,6.23807611725356e-05
Africa_Southern,SugarCrop,SugarCropAEZ10,SugarCropAEZ10,2005,SO2_AWB,4.62292013876198e-05
Africa_Southern,SugarCrop,SugarCropAEZ11,SugarCropAEZ11,2005,SO2_AWB,4.13235629447096e-05
Africa_Southern,Wheat,WheatAEZ01,WheatAEZ01,2005,SO2_AWB,3.15583740276988e-07
Africa_Southern,Wheat,WheatAEZ02,WheatAEZ02,2005,SO2_AWB,6.83045782841615e-07
Africa_Southern,Wheat,WheatAEZ03,WheatAEZ03,2005,SO2_AWB,2.23614828819012e-06
Africa_Southern,Wheat,WheatAEZ04,WheatAEZ04,2005,SO2_AWB,1.05195321316822e-06
Africa_Southern,Wheat,WheatAEZ05,WheatAEZ05,2005,SO2_AWB,1.07848163778423e-07
Africa_Southern,Wheat,WheatAEZ06,WheatAEZ06,2005,SO2_AWB,1.90124082537221e-08
Africa_Southern,Wheat,WheatAEZ07,WheatAEZ07,2005,SO2_AWB,3.10313634129463e-07
Africa_Southern,Wheat,WheatAEZ08,WheatAEZ08,2005,SO2_AWB,8.26317065155922e-07
Africa_Southern,Wheat,WheatAEZ09,WheatAEZ09,2005,SO2_AWB,1.74573933891808e-06
Africa_Southern,Wheat,WheatAEZ10,WheatAEZ10,2005,SO2_AWB,6.89627856342318e-07
Africa_Southern,Wheat,WheatAEZ11,WheatAEZ11,2005,SO2_AWB,2.08447152012152e-07
Africa_Western,Corn,CornAEZ01,CornAEZ01,2005,CH4_AWB,9.57934367202772e-06
Africa_Western,Corn,CornAEZ02,CornAEZ02,2005,CH4_AWB,9.05234447820439e-05
Africa_Western,Corn,CornAEZ03,CornAEZ03,2005,CH4_AWB,0.000190954740912538
Africa_Western,Corn,CornAEZ04,CornAEZ04,2005,CH4_AWB,0.000375205532123786
Africa_Western,Corn,CornAEZ05,CornAEZ05,2005,CH4_AWB,0.000676074372917378
Africa_Western,Corn,CornAEZ06,CornAEZ06,2005,CH4_AWB,0.000156526837285709
Africa_Western,Corn,CornAEZ07,CornAEZ07,2005,CH4_AWB,0
Africa_Western,Corn,CornAEZ09,CornAEZ09,2005,CH4_AWB,1.16935679521139e-07
Africa_Western,Corn,CornAEZ10,CornAEZ10,2005,CH4_AWB,1.01298931678197e-07
Africa_Western,FiberCrop,FiberCropAEZ01,FiberCropAEZ01,2005,CH4_AWB,5.60780728991406e-07
Africa_Western,FiberCrop,FiberCropAEZ02,FiberCropAEZ02,2005,CH4_AWB,1.64119417116325e-05
Africa_Western,FiberCrop,FiberCropAEZ03,FiberCropAEZ03,2005,CH4_AWB,8.54615095544809e-05
Africa_Western,FiberCrop,FiberCropAEZ04,FiberCropAEZ04,2005,CH4_AWB,8.7417986495439e-05
Africa_Western,FiberCrop,FiberCropAEZ05,FiberCropAEZ05,2005,CH4_AWB,7.283824359593e-05
Africa_Western,FiberCrop,FiberCropAEZ06,FiberCropAEZ06,2005,CH4_AWB,1.64087443995931e-05
Africa_Western,FiberCrop,FiberCropAEZ07,FiberCropAEZ07,2005,CH4_AWB,0
Africa_Western,FiberCrop,FiberCropAEZ09,FiberCropAEZ09,2005,CH4_AWB,1.2511221023606e-09
Africa_Western,FiberCrop,FiberCropAEZ10,FiberCropAEZ10,2005,CH4_AWB,1.2511221023606e-09
Africa_Western,FodderGrass,FodderGrassAEZ01,FodderGrassAEZ01,2005,CH4_AWB,0
Africa_Western,FodderGrass,FodderGrassAEZ02,FodderGrassAEZ02,2005,CH4_AWB,0
Africa_Western,FodderGrass,FodderGrassAEZ03,FodderGrassAEZ03,2005,CH4_AWB,0
Africa_Western,FodderGrass,FodderGrassAEZ04,FodderGrassAEZ04,2005,CH4_AWB,0
Africa_Western,FodderGrass,FodderGrassAEZ05,FodderGrassAEZ05,2005,CH4_AWB,0
Africa_Western,FodderGrass,FodderGrassAEZ06,FodderGrassAEZ06,2005,CH4_AWB,0
Africa_Western,FodderGrass,FodderGrassAEZ07,FodderGrassAEZ07,2005,CH4_AWB,0
Africa_Western,FodderGrass,FodderGrassAEZ09,FodderGrassAEZ09,2005,CH4_AWB,0
Africa_Western,FodderGrass,FodderGrassAEZ10,FodderGrassAEZ10,2005,CH4_AWB,0
Africa_Western,FodderHerb,FodderHerbAEZ01,FodderHerbAEZ01,2005,CH4_AWB,0
Africa_Western,FodderHerb,FodderHerbAEZ02,FodderHerbAEZ02,2005,CH4_AWB,0
Africa_Western,FodderHerb,FodderHerbAEZ03,FodderHerbAEZ03,2005,CH4_AWB,0
Africa_Western,FodderHerb,FodderHerbAEZ04,FodderHerbAEZ04,2005,CH4_AWB,0
Africa_Western,FodderHerb,FodderHerbAEZ05,FodderHerbAEZ05,2005,CH4_AWB,0
Africa_Western,FodderHerb,FodderHerbAEZ06,FodderHerbAEZ06,2005,CH4_AWB,0
Africa_Western,FodderHerb,FodderHerbAEZ07,FodderHerbAEZ07,2005,CH4_AWB,0
Africa_Western,FodderHerb,FodderHerbAEZ09,FodderHerbAEZ09,2005,CH4_AWB,0
Africa_Western,FodderHerb,FodderHerbAEZ10,FodderHerbAEZ10,2005,CH4_AWB,0
Africa_Western,MiscCrop,MiscCropAEZ01,MiscCropAEZ01,2005,CH4_AWB,7.25935519451544e-05
Africa_Western,MiscCrop,MiscCropAEZ02,MiscCropAEZ02,2005,CH4_AWB,0.000485307105486614
Africa_Western,MiscCrop,MiscCropAEZ03,MiscCropAEZ03,2005,CH4_AWB,0.000437324656877659
Africa_Western,MiscCrop,MiscCropAEZ04,MiscCropAEZ04,2005,CH4_AWB,0.000994774781949534
Africa_Western,MiscCrop,MiscCropAEZ05,MiscCropAEZ05,2005,CH4_AWB,0.00206295608017304
Africa_Western,MiscCrop,MiscCropAEZ06,MiscCropAEZ06,2005,CH4_AWB,0.00111621607211211
Africa_Western,MiscCrop,MiscCropAEZ07,MiscCropAEZ07,2005,CH4_AWB,0
Africa_Western,MiscCrop,MiscCropAEZ09,MiscCropAEZ09,2005,CH4_AWB,0
Africa_Western,MiscCrop,MiscCropAEZ10,MiscCropAEZ10,2005,CH4_AWB,5.51672277419701e-09
Africa_Western,OilCrop,OilCropAEZ01,OilCropAEZ01,2005,CH4_AWB,1.30995749578601e-05
Africa_Western,OilCrop,OilCropAEZ02,OilCropAEZ02,2005,CH4_AWB,0.000189663282248382
Africa_Western,OilCrop,OilCropAEZ03,OilCropAEZ03,2005,CH4_AWB,0.000281675727597978
Africa_Western,OilCrop,OilCropAEZ04,OilCropAEZ04,2005,CH4_AWB,0.000229717602226592
Africa_Western,OilCrop,OilCropAEZ05,OilCropAEZ05,2005,CH4_AWB,0.000161405977265752
Africa_Western,OilCrop,OilCropAEZ06,OilCropAEZ06,2005,CH4_AWB,3.58972739046385e-05
Africa_Western,OilCrop,OilCropAEZ07,OilCropAEZ07,2005,CH4_AWB,0
Africa_Western,OilCrop,OilCropAEZ09,OilCropAEZ09,2005,CH4_AWB,3.11177317517976e-09
Africa_Western,OilCrop,OilCropAEZ10,OilCropAEZ10,2005,CH4_AWB,1.96607486977267e-08
Africa_Western,OtherGrain,OtherGrainAEZ01,OtherGrainAEZ01,2005,CH4_AWB,0.00015288264607143
Africa_Western,OtherGrain,OtherGrainAEZ02,OtherGrainAEZ02,2005,CH4_AWB,0.00116908175019887
Africa_Western,OtherGrain,OtherGrainAEZ03,OtherGrainAEZ03,2005,CH4_AWB,0.000987460364419158
Africa_Western,OtherGrain,OtherGrainAEZ04,OtherGrainAEZ04,2005,CH4_AWB,0.000412172957860494
Africa_Western,OtherGrain,OtherGrainAEZ05,OtherGrainAEZ05,2005,CH4_AWB,0.000126422068434787
Africa_Western,OtherGrain,OtherGrainAEZ06,OtherGrainAEZ06,2005,CH4_AWB,1.4004689101111e-05
Africa_Western,OtherGrain,OtherGrainAEZ07,OtherGrainAEZ07,2005,CH4_AWB,0
Africa_Western,OtherGrain,OtherGrainAEZ09,OtherGrainAEZ09,2005,CH4_AWB,7.4076935411259e-10
Africa_Western,OtherGrain,OtherGrainAEZ10,OtherGrainAEZ10,2005,CH4_AWB,3.55569289974043e-09
Africa_Western,PalmFruit,PalmFruitAEZ01,PalmFruitAEZ01,2005,CH4_AWB,0
Africa_Western,PalmFruit,PalmFruitAEZ02,PalmFruitAEZ02,2005,CH4_AWB,9.52623832663108e-08
Africa_Western,PalmFruit,PalmFruitAEZ03,PalmFruitAEZ03,2005,CH4_AWB,1.90858570031937e-05
Africa_Western,PalmFruit,PalmFruitAEZ04,PalmFruitAEZ04,2005,CH4_AWB,0.00021009130057483
Africa_Western,PalmFruit,PalmFruitAEZ05,PalmFruitAEZ05,2005,CH4_AWB,0.0011041179831084
Africa_Western,PalmFruit,PalmFruitAEZ06,PalmFruitAEZ06,2005,CH4_AWB,0.000345814647923029
Africa_Western,PalmFruit,PalmFruitAEZ07,PalmFruitAEZ07,2005,CH4_AWB,0
Africa_Western,PalmFruit,PalmFruitAEZ09,PalmFruitAEZ09,2005,CH4_AWB,5.77736825739082e-09
Africa_Western,PalmFruit,PalmFruitAEZ10,PalmFruitAEZ10,2005,CH4_AWB,1.15804137070367e-07
Africa_Western,Rice,RiceAEZ01,RiceAEZ01,2005,CH4_AWB,4.1249035018708e-05
Africa_Western,Rice,RiceAEZ02,RiceAEZ02,2005,CH4_AWB,8.42211101722852e-05
Africa_Western,Rice,RiceAEZ03,RiceAEZ03,2005,CH4_AWB,6.61620245900708e-05
Africa_Western,Rice,RiceAEZ04,RiceAEZ04,2005,CH4_AWB,0.00020472799756826
Africa_Western,Rice,RiceAEZ05,RiceAEZ05,2005,CH4_AWB,0.000354490179919245
Africa_Western,Rice,RiceAEZ06,RiceAEZ06,2005,CH4_AWB,0.00010452462157855
Africa_Western,Rice,RiceAEZ07,RiceAEZ07,2005,CH4_AWB,0
Africa_Western,Rice,RiceAEZ09,RiceAEZ09,2005,CH4_AWB,0
Africa_Western,Rice,RiceAEZ10,RiceAEZ10,2005,CH4_AWB,0
Africa_Western,Root_Tuber,Root_TuberAEZ01,Root_TuberAEZ01,2005,CH4_AWB,7.03908002983357e-06
Africa_Western,Root_Tuber,Root_TuberAEZ02,Root_TuberAEZ02,2005,CH4_AWB,9.5809921593852e-05
Africa_Western,Root_Tuber,Root_TuberAEZ03,Root_TuberAEZ03,2005,CH4_AWB,0.000235070502276837
Africa_Western,Root_Tuber,Root_TuberAEZ04,Root_TuberAEZ04,2005,CH4_AWB,0.00251877062310285
Africa_Western,Root_Tuber,Root_TuberAEZ05,Root_TuberAEZ05,2005,CH4_AWB,0.00802159996964935
Africa_Western,Root_Tuber,Root_TuberAEZ06,Root_TuberAEZ06,2005,CH4_AWB,0.0028920248754563
Africa_Western,Root_Tuber,Root_TuberAEZ07,Root_TuberAEZ07,2005,CH4_AWB,0
Africa_Western,Root_Tuber,Root_TuberAEZ09,Root_TuberAEZ09,2005,CH4_AWB,6.2640380355985e-08
Africa_Western,Root_Tuber,Root_TuberAEZ10,Root_TuberAEZ10,2005,CH4_AWB,6.65819466622832e-07
Africa_Western,SugarCrop,SugarCropAEZ01,SugarCropAEZ01,2005,CH4_AWB,6.99418737204185e-05
Africa_Western,SugarCrop,SugarCropAEZ02,SugarCropAEZ02,2005,CH4_AWB,5.23315397391854e-05
Africa_Western,SugarCrop,SugarCropAEZ03,SugarCropAEZ03,2005,CH4_AWB,4.80042628356936e-05
Africa_Western,SugarCrop,SugarCropAEZ04,SugarCropAEZ04,2005,CH4_AWB,0.000105111465078568
Africa_Western,SugarCrop,SugarCropAEZ05,SugarCropAEZ05,2005,CH4_AWB,0.000423992125698466
Africa_Western,SugarCrop,SugarCropAEZ06,SugarCropAEZ06,2005,CH4_AWB,0.00021410140279974
Africa_Western,SugarCrop,SugarCropAEZ07,SugarCropAEZ07,2005,CH4_AWB,0
Africa_Western,SugarCrop,SugarCropAEZ09,SugarCropAEZ09,2005,CH4_AWB,0
Africa_Western,SugarCrop,SugarCropAEZ10,SugarCropAEZ10,2005,CH4_AWB,0
Africa_Western,Wheat,WheatAEZ01,WheatAEZ01,2005,CH4_AWB,4.86959655472145e-07
Africa_Western,Wheat,WheatAEZ02,WheatAEZ02,2005,CH4_AWB,5.3778431622627e-06
Africa_Western,Wheat,WheatAEZ03,WheatAEZ03,2005,CH4_AWB,2.36417180072836e-06
Africa_Western,Wheat,WheatAEZ04,WheatAEZ04,2005,CH4_AWB,0
Africa_Western,Wheat,WheatAEZ05,WheatAEZ05,2005,CH4_AWB,1.68315434964958e-07
Africa_Western,Wheat,WheatAEZ06,WheatAEZ06,2005,CH4_AWB,3.62043200306977e-07
Africa_Western,Wheat,WheatAEZ07,WheatAEZ07,2005,CH4_AWB,0
Africa_Western,Wheat,WheatAEZ09,WheatAEZ09,2005,CH4_AWB,0
Africa_Western,Wheat,WheatAEZ10,WheatAEZ10,2005,CH4_AWB,0
Africa_Western,Corn,CornAEZ01,CornAEZ01,2005,CO_AWB,0.000366331956860989
Africa_Western,Corn,CornAEZ02,CornAEZ02,2005,CO_AWB,0.0034617852542067
Africa_Western,Corn,CornAEZ03,CornAEZ03,2005,CO_AWB,0.00730246521112295
Africa_Western,Corn,CornAEZ04,CornAEZ04,2005,CO_AWB,0.0143485588902439
Africa_Western,Corn,CornAEZ05,CornAEZ05,2005,CO_AWB,0.0258543441486074
Africa_Western,Corn,CornAEZ06,CornAEZ06,2005,CO_AWB,0.00598587800660853
Africa_Western,Corn,CornAEZ07,CornAEZ07,2005,CO_AWB,0
Africa_Western,Corn,CornAEZ09,CornAEZ09,2005,CO_AWB,4.47183834012929e-06
Africa_Western,Corn,CornAEZ10,CornAEZ10,2005,CO_AWB,3.87385995743761e-06
Africa_Western,FiberCrop,FiberCropAEZ01,FiberCropAEZ01,2005,CO_AWB,2.1445300310211e-05
Africa_Western,FiberCrop,FiberCropAEZ02,FiberCropAEZ02,2005,CO_AWB,0.000627623241106473
Africa_Western,FiberCrop,FiberCropAEZ03,FiberCropAEZ03,2005,CO_AWB,0.00326820741621436
Africa_Western,FiberCrop,FiberCropAEZ04,FiberCropAEZ04,2005,CO_AWB,0.00334302674109435
Africa_Western,FiberCrop,FiberCropAEZ05,FiberCropAEZ05,2005,CO_AWB,0.00278547019758048
Africa_Western,FiberCrop,FiberCropAEZ06,FiberCropAEZ06,2005,CO_AWB,0.000627500969934647
Africa_Western,FiberCrop,FiberCropAEZ07,FiberCropAEZ07,2005,CO_AWB,0
Africa_Western,FiberCrop,FiberCropAEZ09,FiberCropAEZ09,2005,CO_AWB,4.78452411482149e-08
Africa_Western,FiberCrop,FiberCropAEZ10,FiberCropAEZ10,2005,CO_AWB,4.78452411482149e-08
Africa_Western,FodderGrass,FodderGrassAEZ01,FodderGrassAEZ01,2005,CO_AWB,0
Africa_Western,FodderGrass,FodderGrassAEZ02,FodderGrassAEZ02,2005,CO_AWB,0
Africa_Western,FodderGrass,FodderGrassAEZ03,FodderGrassAEZ03,2005,CO_AWB,0
Africa_Western,FodderGrass,FodderGrassAEZ04,FodderGrassAEZ04,2005,CO_AWB,0
Africa_Western,FodderGrass,FodderGrassAEZ05,FodderGrassAEZ05,2005,CO_AWB,0
Africa_Western,FodderGrass,FodderGrassAEZ06,FodderGrassAEZ06,2005,CO_AWB,0
Africa_Western,FodderGrass,FodderGrassAEZ07,FodderGrassAEZ07,2005,CO_AWB,0
Africa_Western,FodderGrass,FodderGrassAEZ09,FodderGrassAEZ09,2005,CO_AWB,0
Africa_Western,FodderGrass,FodderGrassAEZ10,FodderGrassAEZ10,2005,CO_AWB,0
Africa_Western,FodderHerb,FodderHerbAEZ01,FodderHerbAEZ01,2005,CO_AWB,0
Africa_Western,FodderHerb,FodderHerbAEZ02,FodderHerbAEZ02,2005,CO_AWB,0
Africa_Western,FodderHerb,FodderHerbAEZ03,FodderHerbAEZ03,2005,CO_AWB,0
Africa_Western,FodderHerb,FodderHerbAEZ04,FodderHerbAEZ04,2005,CO_AWB,0
Africa_Western,FodderHerb,FodderHerbAEZ05,FodderHerbAEZ05,2005,CO_AWB,0
Africa_Western,FodderHerb,FodderHerbAEZ06,FodderHerbAEZ06,2005,CO_AWB,0
Africa_Western,FodderHerb,FodderHerbAEZ07,FodderHerbAEZ07,2005,CO_AWB,0
Africa_Western,FodderHerb,FodderHerbAEZ09,FodderHerbAEZ09,2005,CO_AWB,0
Africa_Western,FodderHerb,FodderHerbAEZ10,FodderHerbAEZ10,2005,CO_AWB,0
Africa_Western,MiscCrop,MiscCropAEZ01,MiscCropAEZ01,2005,CO_AWB,0.00277611273277651
Africa_Western,MiscCrop,MiscCropAEZ02,MiscCropAEZ02,2005,CO_AWB,0.0185590482728574
Africa_Western,MiscCrop,MiscCropAEZ03,MiscCropAEZ03,2005,CO_AWB,0.016724110004046
Africa_Western,MiscCrop,MiscCropAEZ04,MiscCropAEZ04,2005,CO_AWB,0.0380420418124948
Africa_Western,MiscCrop,MiscCropAEZ05,MiscCropAEZ05,2005,CO_AWB,0.0788912856289763
Africa_Western,MiscCrop,MiscCropAEZ06,MiscCropAEZ06,2005,CO_AWB,0.042686183101515
Africa_Western,MiscCrop,MiscCropAEZ07,MiscCropAEZ07,2005,CO_AWB,0
Africa_Western,MiscCrop,MiscCropAEZ09,MiscCropAEZ09,2005,CO_AWB,0
Africa_Western,MiscCrop,MiscCropAEZ10,MiscCropAEZ10,2005,CO_AWB,2.10969761449574e-07
Africa_Western,OilCrop,OilCropAEZ01,OilCropAEZ01,2005,CO_AWB,0.000500952162555028
Africa_Western,OilCrop,OilCropAEZ02,OilCropAEZ02,2005,CO_AWB,0.00725307742466877
Africa_Western,OilCrop,OilCropAEZ03,OilCropAEZ03,2005,CO_AWB,0.0107718048359119
Africa_Western,OilCrop,OilCropAEZ04,OilCropAEZ04,2005,CO_AWB,0.00878482927748101
Africa_Western,OilCrop,OilCropAEZ05,OilCropAEZ05,2005,CO_AWB,0.00617246541362549
Africa_Western,OilCrop,OilCropAEZ06,OilCropAEZ06,2005,CO_AWB,0.00137277866268238
Africa_Western,OilCrop,OilCropAEZ07,OilCropAEZ07,2005,CO_AWB,0
Africa_Western,OilCrop,OilCropAEZ09,OilCropAEZ09,2005,CO_AWB,1.19000006221704e-07
Africa_Western,OilCrop,OilCropAEZ10,OilCropAEZ10,2005,CO_AWB,7.5186367567349e-07
Africa_Western,OtherGrain,OtherGrainAEZ01,OtherGrainAEZ01,2005,CO_AWB,0.00584651734220304
Africa_Western,OtherGrain,OtherGrainAEZ02,OtherGrainAEZ02,2005,CO_AWB,0.0447078651673604
Africa_Western,OtherGrain,OtherGrainAEZ03,OtherGrainAEZ03,2005,CO_AWB,0.0377623248528637
Africa_Western,OtherGrain,OtherGrainAEZ04,OtherGrainAEZ04,2005,CO_AWB,0.0157622621536299
Africa_Western,OtherGrain,OtherGrainAEZ05,OtherGrainAEZ05,2005,CO_AWB,0.00483461553377237
Africa_Western,OtherGrain,OtherGrainAEZ06,OtherGrainAEZ06,2005,CO_AWB,0.000535565414426119
Africa_Western,OtherGrain,OtherGrainAEZ07,OtherGrainAEZ07,2005,CO_AWB,0
Africa_Western,OtherGrain,OtherGrainAEZ09,OtherGrainAEZ09,2005,CO_AWB,2.83284008138393e-08
Africa_Western,OtherGrain,OtherGrainAEZ10,OtherGrainAEZ10,2005,CO_AWB,1.35976323906428e-07
Africa_Western,PalmFruit,PalmFruitAEZ01,PalmFruitAEZ01,2005,CO_AWB,0
Africa_Western,PalmFruit,PalmFruitAEZ02,PalmFruitAEZ02,2005,CO_AWB,3.643011094705e-06
Africa_Western,PalmFruit,PalmFruitAEZ03,PalmFruitAEZ03,2005,CO_AWB,0.000729878745739683
Africa_Western,PalmFruit,PalmFruitAEZ04,PalmFruitAEZ04,2005,CO_AWB,0.00803428292105074
Africa_Western,PalmFruit,PalmFruitAEZ05,PalmFruitAEZ05,2005,CO_AWB,0.0422235296285066
Africa_Western,PalmFruit,PalmFruitAEZ06,PalmFruitAEZ06,2005,CO_AWB,0.0132245966970325
Africa_Western,PalmFruit,PalmFruitAEZ07,PalmFruitAEZ07,2005,CO_AWB,0
Africa_Western,PalmFruit,PalmFruitAEZ09,PalmFruitAEZ09,2005,CO_AWB,2.20937330541409e-07
Africa_Western,PalmFruit,PalmFruitAEZ10,PalmFruitAEZ10,2005,CO_AWB,4.42856604774111e-06
Africa_Western,Rice,RiceAEZ01,RiceAEZ01,2005,CO_AWB,0.00157743998277829
Africa_Western,Rice,RiceAEZ02,RiceAEZ02,2005,CO_AWB,0.00322077223187122
Africa_Western,Rice,RiceAEZ03,RiceAEZ03,2005,CO_AWB,0.00253015913905875
Africa_Western,Rice,RiceAEZ04,RiceAEZ04,2005,CO_AWB,0.00782918021747277
Africa_Western,Rice,RiceAEZ05,RiceAEZ05,2005,CO_AWB,0.0135563652108049
Africa_Western,Rice,RiceAEZ06,RiceAEZ06,2005,CO_AWB,0.00399721635155818
Africa_Western,Rice,RiceAEZ07,RiceAEZ07,2005,CO_AWB,0
Africa_Western,Rice,RiceAEZ09,RiceAEZ09,2005,CO_AWB,0
Africa_Western,Rice,RiceAEZ10,RiceAEZ10,2005,CO_AWB,0
Africa_Western,Root_Tuber,Root_TuberAEZ01,Root_TuberAEZ01,2005,CO_AWB,0.000269187540411545
Africa_Western,Root_Tuber,Root_TuberAEZ02,Root_TuberAEZ02,2005,CO_AWB,0.00366394998090138
Africa_Western,Root_Tuber,Root_TuberAEZ03,Root_TuberAEZ03,2005,CO_AWB,0.00898953415261915
Africa_Western,Root_Tuber,Root_TuberAEZ04,Root_TuberAEZ04,2005,CO_AWB,0.0963224833387698
Africa_Western,Root_Tuber,Root_TuberAEZ05,Root_TuberAEZ05,2005,CO_AWB,0.306760934219168
Africa_Western,Root_Tuber,Root_TuberAEZ06,Root_TuberAEZ06,2005,CO_AWB,0.110596421653625
Africa_Western,Root_Tuber,Root_TuberAEZ07,Root_TuberAEZ07,2005,CO_AWB,0
Africa_Western,Root_Tuber,Root_TuberAEZ09,Root_TuberAEZ09,2005,CO_AWB,2.39548489958992e-06
Africa_Western,Root_Tuber,Root_TuberAEZ10,Root_TuberAEZ10,2005,CO_AWB,2.54621774178869e-05
Africa_Western,SugarCrop,SugarCropAEZ01,SugarCropAEZ01,2005,CO_AWB,0.00267470761502615
Africa_Western,SugarCrop,SugarCropAEZ02,SugarCropAEZ02,2005,CO_AWB,0.00200125561985881
Africa_Western,SugarCrop,SugarCropAEZ03,SugarCropAEZ03,2005,CO_AWB,0.00183577248550124
Africa_Western,SugarCrop,SugarCropAEZ04,SugarCropAEZ04,2005,CO_AWB,0.0040196583408106
Africa_Western,SugarCrop,SugarCropAEZ05,SugarCropAEZ05,2005,CO_AWB,0.0162142491613824
Africa_Western,SugarCrop,SugarCropAEZ06,SugarCropAEZ06,2005,CO_AWB,0.00818763670452064
Africa_Western,SugarCrop,SugarCropAEZ07,SugarCropAEZ07,2005,CO_AWB,0
Africa_Western,SugarCrop,SugarCropAEZ09,SugarCropAEZ09,2005,CO_AWB,0
Africa_Western,SugarCrop,SugarCropAEZ10,SugarCropAEZ10,2005,CO_AWB,0
Africa_Western,Wheat,WheatAEZ01,WheatAEZ01,2005,CO_AWB,1.86222448644755e-05
Africa_Western,Wheat,WheatAEZ02,WheatAEZ02,2005,CO_AWB,0.000205658746232889
Africa_Western,Wheat,WheatAEZ03,WheatAEZ03,2005,CO_AWB,9.0410336215974e-05
Africa_Western,Wheat,WheatAEZ04,WheatAEZ04,2005,CO_AWB,0
Africa_Western,Wheat,WheatAEZ05,WheatAEZ05,2005,CO_AWB,6.43669595451207e-06
Africa_Western,Wheat,WheatAEZ06,WheatAEZ06,2005,CO_AWB,1.38452067884308e-05
Africa_Western,Wheat,WheatAEZ07,WheatAEZ07,2005,CO_AWB,0
Africa_Western,Wheat,WheatAEZ09,WheatAEZ09,2005,CO_AWB,0
Africa_Western,Wheat,WheatAEZ10,WheatAEZ10,2005,CO_AWB,0
Africa_Western,Corn,CornAEZ01,CornAEZ01,2005,N2O_AWB,2.48690350639847e-07
Africa_Western,Corn,CornAEZ02,CornAEZ02,2005,N2O_AWB,2.35008869028373e-06
Africa_Western,Corn,CornAEZ03,CornAEZ03,2005,N2O_AWB,4.95739615361644e-06
Africa_Western,Corn,CornAEZ04,CornAEZ04,2005,N2O_AWB,9.7407503625061e-06
Africa_Western,Corn,CornAEZ05,CornAEZ05,2005,N2O_AWB,1.75516380470195e-05
Africa_Western,Corn,CornAEZ06,CornAEZ06,2005,N2O_AWB,4.06360971919169e-06
Africa_Western,Corn,CornAEZ07,CornAEZ07,2005,N2O_AWB,0
Africa_Western,Corn,CornAEZ09,CornAEZ09,2005,N2O_AWB,3.03577949993992e-09
Africa_Western,Corn,CornAEZ10,CornAEZ10,2005,N2O_AWB,2.62983224122704e-09
Africa_Western,FiberCrop,FiberCropAEZ01,FiberCropAEZ01,2005,N2O_AWB,1.45584876062204e-08
Africa_Western,FiberCrop,FiberCropAEZ02,FiberCropAEZ02,2005,N2O_AWB,4.26072148435892e-07
Africa_Western,FiberCrop,FiberCropAEZ03,FiberCropAEZ03,2005,N2O_AWB,2.21867525636186e-06
Africa_Western,FiberCrop,FiberCropAEZ04,FiberCropAEZ04,2005,N2O_AWB,2.26946756041985e-06
Africa_Western,FiberCrop,FiberCropAEZ05,FiberCropAEZ05,2005,N2O_AWB,1.89096131844157e-06
Africa_Western,FiberCrop,FiberCropAEZ06,FiberCropAEZ06,2005,N2O_AWB,4.2598914268107e-07
Africa_Western,FiberCrop,FiberCropAEZ07,FiberCropAEZ07,2005,N2O_AWB,0
Africa_Western,FiberCrop,FiberCropAEZ09,FiberCropAEZ09,2005,N2O_AWB,3.24805127555736e-11
Africa_Western,FiberCrop,FiberCropAEZ10,FiberCropAEZ10,2005,N2O_AWB,3.24805127555736e-11
Africa_Western,FodderGrass,FodderGrassAEZ01,FodderGrassAEZ01,2005,N2O_AWB,0
Africa_Western,FodderGrass,FodderGrassAEZ02,FodderGrassAEZ02,2005,N2O_AWB,0
Africa_Western,FodderGrass,FodderGrassAEZ03,FodderGrassAEZ03,2005,N2O_AWB,0
Africa_Western,FodderGrass,FodderGrassAEZ04,FodderGrassAEZ04,2005,N2O_AWB,0
Africa_Western,FodderGrass,FodderGrassAEZ05,FodderGrassAEZ05,2005,N2O_AWB,0
Africa_Western,FodderGrass,FodderGrassAEZ06,FodderGrassAEZ06,2005,N2O_AWB,0
Africa_Western,FodderGrass,FodderGrassAEZ07,FodderGrassAEZ07,2005,N2O_AWB,0
Africa_Western,FodderGrass,FodderGrassAEZ09,FodderGrassAEZ09,2005,N2O_AWB,0
Africa_Western,FodderGrass,FodderGrassAEZ10,FodderGrassAEZ10,2005,N2O_AWB,0
Africa_Western,FodderHerb,FodderHerbAEZ01,FodderHerbAEZ01,2005,N2O_AWB,0
Africa_Western,FodderHerb,FodderHerbAEZ02,FodderHerbAEZ02,2005,N2O_AWB,0
Africa_Western,FodderHerb,FodderHerbAEZ03,FodderHerbAEZ03,2005,N2O_AWB,0
Africa_Western,FodderHerb,FodderHerbAEZ04,FodderHerbAEZ04,2005,N2O_AWB,0
Africa_Western,FodderHerb,FodderHerbAEZ05,FodderHerbAEZ05,2005,N2O_AWB,0
Africa_Western,FodderHerb,FodderHerbAEZ06,FodderHerbAEZ06,2005,N2O_AWB,0
Africa_Western,FodderHerb,FodderHerbAEZ07,FodderHerbAEZ07,2005,N2O_AWB,0
Africa_Western,FodderHerb,FodderHerbAEZ09,FodderHerbAEZ09,2005,N2O_AWB,0
Africa_Western,FodderHerb,FodderHerbAEZ10,FodderHerbAEZ10,2005,N2O_AWB,0
Africa_Western,MiscCrop,MiscCropAEZ01,MiscCropAEZ01,2005,N2O_AWB,1.88460885270764e-06
Africa_Western,MiscCrop,MiscCropAEZ02,MiscCropAEZ02,2005,N2O_AWB,1.25991089122213e-05
Africa_Western,MiscCrop,MiscCropAEZ03,MiscCropAEZ03,2005,N2O_AWB,1.13534315069974e-05
Africa_Western,MiscCrop,MiscCropAEZ04,MiscCropAEZ04,2005,N2O_AWB,2.58254529538494e-05
Africa_Western,MiscCrop,MiscCropAEZ05,MiscCropAEZ05,2005,N2O_AWB,5.35566202130255e-05
Africa_Western,MiscCrop,MiscCropAEZ06,MiscCropAEZ06,2005,N2O_AWB,2.89782030864994e-05
Africa_Western,MiscCrop,MiscCropAEZ07,MiscCropAEZ07,2005,N2O_AWB,0
Africa_Western,MiscCrop,MiscCropAEZ09,MiscCropAEZ09,2005,N2O_AWB,0
Africa_Western,MiscCrop,MiscCropAEZ10,MiscCropAEZ10,2005,N2O_AWB,1.43220221350246e-10
Africa_Western,OilCrop,OilCropAEZ01,OilCropAEZ01,2005,N2O_AWB,3.40079446049732e-07
Africa_Western,OilCrop,OilCropAEZ02,OilCropAEZ02,2005,N2O_AWB,4.92386845912902e-06
Africa_Western,OilCrop,OilCropAEZ03,OilCropAEZ03,2005,N2O_AWB,7.31261325007324e-06
Africa_Western,OilCrop,OilCropAEZ04,OilCropAEZ04,2005,N2O_AWB,5.96372288142191e-06
Africa_Western,OilCrop,OilCropAEZ05,OilCropAEZ05,2005,N2O_AWB,4.19027758642784e-06
Africa_Western,OilCrop,OilCropAEZ06,OilCropAEZ06,2005,N2O_AWB,9.31932911064405e-07
Africa_Western,OilCrop,OilCropAEZ07,OilCropAEZ07,2005,N2O_AWB,0
Africa_Western,OilCrop,OilCropAEZ09,OilCropAEZ09,2005,N2O_AWB,8.07850713516906e-11
Africa_Western,OilCrop,OilCropAEZ10,OilCropAEZ10,2005,N2O_AWB,5.10414768994772e-10
Africa_Western,OtherGrain,OtherGrainAEZ01,OtherGrainAEZ01,2005,N2O_AWB,3.96900248701523e-06
Africa_Western,OtherGrain,OtherGrainAEZ02,OtherGrainAEZ02,2005,N2O_AWB,3.0350654526842e-05
Africa_Western,OtherGrain,OtherGrainAEZ03,OtherGrainAEZ03,2005,N2O_AWB,2.56355625894743e-05
Africa_Western,OtherGrain,OtherGrainAEZ04,OtherGrainAEZ04,2005,N2O_AWB,1.07004655980665e-05
Africa_Western,OtherGrain,OtherGrainAEZ05,OtherGrainAEZ05,2005,N2O_AWB,3.28205664230092e-06
Africa_Western,OtherGrain,OtherGrainAEZ06,OtherGrainAEZ06,2005,N2O_AWB,3.63577209712959e-07
Africa_Western,OtherGrain,OtherGrainAEZ07,OtherGrainAEZ07,2005,N2O_AWB,0
Africa_Western,OtherGrain,OtherGrainAEZ09,OtherGrainAEZ09,2005,N2O_AWB,1.92311912720548e-11
Africa_Western,OtherGrain,OtherGrainAEZ10,OtherGrainAEZ10,2005,N2O_AWB,9.23097181058629e-11
Africa_Western,PalmFruit,PalmFruitAEZ01,PalmFruitAEZ01,2005,N2O_AWB,0
Africa_Western,PalmFruit,PalmFruitAEZ02,PalmFruitAEZ02,2005,N2O_AWB,2.47311677171214e-09
Africa_Western,PalmFruit,PalmFruitAEZ03,PalmFruitAEZ03,2005,N2O_AWB,4.95489945124968e-07
Africa_Western,PalmFruit,PalmFruitAEZ04,PalmFruitAEZ04,2005,N2O_AWB,5.45420239581784e-06
Africa_Western,PalmFruit,PalmFruitAEZ05,PalmFruitAEZ05,2005,N2O_AWB,2.86641233228525e-05
Africa_Western,PalmFruit,PalmFruitAEZ06,PalmFruitAEZ06,2005,N2O_AWB,8.97773052025483e-06
Africa_Western,PalmFruit,PalmFruitAEZ07,PalmFruitAEZ07,2005,N2O_AWB,0
Africa_Western,PalmFruit,PalmFruitAEZ09,PalmFruitAEZ09,2005,N2O_AWB,1.49986866208957e-10
Africa_Western,PalmFruit,PalmFruitAEZ10,PalmFruitAEZ10,2005,N2O_AWB,3.00640340712176e-09
Africa_Western,Rice,RiceAEZ01,RiceAEZ01,2005,N2O_AWB,1.07087054537071e-06
Africa_Western,Rice,RiceAEZ02,RiceAEZ02,2005,N2O_AWB,2.18647311727456e-06
Africa_Western,Rice,RiceAEZ03,RiceAEZ03,2005,N2O_AWB,1.71763929322143e-06
Africa_Western,Rice,RiceAEZ04,RiceAEZ04,2005,N2O_AWB,5.31496512122391e-06
Africa_Western,Rice,RiceAEZ05,RiceAEZ05,2005,N2O_AWB,9.2029569207259e-06
Africa_Western,Rice,RiceAEZ06,RiceAEZ06,2005,N2O_AWB,2.71357471668668e-06
Africa_Western,Rice,RiceAEZ07,RiceAEZ07,2005,N2O_AWB,0
Africa_Western,Rice,RiceAEZ09,RiceAEZ09,2005,N2O_AWB,0
Africa_Western,Rice,RiceAEZ10,RiceAEZ10,2005,N2O_AWB,0
Africa_Western,Root_Tuber,Root_TuberAEZ01,Root_TuberAEZ01,2005,N2O_AWB,1.82742298505583e-07
Africa_Western,Root_Tuber,Root_TuberAEZ02,Root_TuberAEZ02,2005,N2O_AWB,2.48733147193869e-06
Africa_Western,Root_Tuber,Root_TuberAEZ03,Root_TuberAEZ03,2005,N2O_AWB,6.10269008377033e-06
Africa_Western,Root_Tuber,Root_TuberAEZ04,Root_TuberAEZ04,2005,N2O_AWB,6.53900696004783e-05
Africa_Western,Root_Tuber,Root_TuberAEZ05,Root_TuberAEZ05,2005,N2O_AWB,0.000208249602211256
Africa_Western,Root_Tuber,Root_TuberAEZ06,Root_TuberAEZ06,2005,N2O_AWB,7.50801625832206e-05
Africa_Western,Root_Tuber,Root_TuberAEZ07,Root_TuberAEZ07,2005,N2O_AWB,0
Africa_Western,Root_Tuber,Root_TuberAEZ09,Root_TuberAEZ09,2005,N2O_AWB,1.62621351611303e-09
Africa_Western,Root_Tuber,Root_TuberAEZ10,Root_TuberAEZ10,2005,N2O_AWB,1.72854093439387e-08
Africa_Western,SugarCrop,SugarCropAEZ01,SugarCropAEZ01,2005,N2O_AWB,1.81576835485399e-06
Africa_Western,SugarCrop,SugarCropAEZ02,SugarCropAEZ02,2005,N2O_AWB,1.35858461840802e-06
Africa_Western,SugarCrop,SugarCropAEZ03,SugarCropAEZ03,2005,N2O_AWB,1.24624372666327e-06
Africa_Western,SugarCrop,SugarCropAEZ04,SugarCropAEZ04,2005,N2O_AWB,2.72880982263829e-06
Africa_Western,SugarCrop,SugarCropAEZ05,SugarCropAEZ05,2005,N2O_AWB,1.10073042599343e-05
Africa_Western,SugarCrop,SugarCropAEZ06,SugarCropAEZ06,2005,N2O_AWB,5.55830908230478e-06
Africa_Western,SugarCrop,SugarCropAEZ07,SugarCropAEZ07,2005,N2O_AWB,0
Africa_Western,SugarCrop,SugarCropAEZ09,SugarCropAEZ09,2005,N2O_AWB,0
Africa_Western,SugarCrop,SugarCropAEZ10,SugarCropAEZ10,2005,N2O_AWB,0
Africa_Western,Wheat,WheatAEZ01,WheatAEZ01,2005,N2O_AWB,1.26420109365585e-08
Africa_Western,Wheat,WheatAEZ02,WheatAEZ02,2005,N2O_AWB,1.39614753108249e-07
Africa_Western,Wheat,WheatAEZ03,WheatAEZ03,2005,N2O_AWB,6.1376513279591e-08
Africa_Western,Wheat,WheatAEZ04,WheatAEZ04,2005,N2O_AWB,0
Africa_Western,Wheat,WheatAEZ05,WheatAEZ05,2005,N2O_AWB,4.36965474594705e-09
Africa_Western,Wheat,WheatAEZ06,WheatAEZ06,2005,N2O_AWB,9.39904167902725e-09
Africa_Western,Wheat,WheatAEZ07,WheatAEZ07,2005,N2O_AWB,0
Africa_Western,Wheat,WheatAEZ09,WheatAEZ09,2005,N2O_AWB,0
Africa_Western,Wheat,WheatAEZ10,WheatAEZ10,2005,N2O_AWB,0
Africa_Western,Corn,CornAEZ01,CornAEZ01,2005,NH3_AWB,4.61570008907753e-06
Africa_Western,Corn,CornAEZ02,CornAEZ02,2005,NH3_AWB,4.36177139530104e-05
Africa_Western,Corn,CornAEZ03,CornAEZ03,2005,NH3_AWB,9.20094157612794e-05
Africa_Western,Corn,CornAEZ04,CornAEZ04,2005,NH3_AWB,0.000180788608002781
Africa_Western,Corn,CornAEZ05,CornAEZ05,2005,NH3_AWB,0.000325758908975152
Africa_Western,Corn,CornAEZ06,CornAEZ06,2005,NH3_AWB,7.54207137293091e-05
Africa_Western,Corn,CornAEZ07,CornAEZ07,2005,NH3_AWB,0
Africa_Western,Corn,CornAEZ09,CornAEZ09,2005,NH3_AWB,5.63441551802906e-08
Africa_Western,Corn,CornAEZ10,CornAEZ10,2005,NH3_AWB,4.88097623364149e-08
Africa_Western,FiberCrop,FiberCropAEZ01,FiberCropAEZ01,2005,NH3_AWB,2.70205950363475e-07
Africa_Western,FiberCrop,FiberCropAEZ02,FiberCropAEZ02,2005,NH3_AWB,7.90791137826276e-06
Africa_Western,FiberCrop,FiberCropAEZ03,FiberCropAEZ03,2005,NH3_AWB,4.1178676824716e-05
Africa_Western,FiberCrop,FiberCropAEZ04,FiberCropAEZ04,2005,NH3_AWB,4.21213834547149e-05
Africa_Western,FiberCrop,FiberCropAEZ05,FiberCropAEZ05,2005,NH3_AWB,3.50962966738221e-05
Africa_Western,FiberCrop,FiberCropAEZ06,FiberCropAEZ06,2005,NH3_AWB,7.90637078905639e-06
Africa_Western,FiberCrop,FiberCropAEZ07,FiberCropAEZ07,2005,NH3_AWB,0
Africa_Western,FiberCrop,FiberCropAEZ09,FiberCropAEZ09,2005,NH3_AWB,6.02839254653268e-10
Africa_Western,FiberCrop,FiberCropAEZ10,FiberCropAEZ10,2005,NH3_AWB,6.02839254653268e-10
Africa_Western,FodderGrass,FodderGrassAEZ01,FodderGrassAEZ01,2005,NH3_AWB,0
Africa_Western,FodderGrass,FodderGrassAEZ02,FodderGrassAEZ02,2005,NH3_AWB,0
Africa_Western,FodderGrass,FodderGrassAEZ03,FodderGrassAEZ03,2005,NH3_AWB,0
Africa_Western,FodderGrass,FodderGrassAEZ04,FodderGrassAEZ04,2005,NH3_AWB,0
Africa_Western,FodderGrass,FodderGrassAEZ05,FodderGrassAEZ05,2005,NH3_AWB,0
Africa_Western,FodderGrass,FodderGrassAEZ06,FodderGrassAEZ06,2005,NH3_AWB,0
Africa_Western,FodderGrass,FodderGrassAEZ07,FodderGrassAEZ07,2005,NH3_AWB,0
Africa_Western,FodderGrass,FodderGrassAEZ09,FodderGrassAEZ09,2005,NH3_AWB,0
Africa_Western,FodderGrass,FodderGrassAEZ10,FodderGrassAEZ10,2005,NH3_AWB,0
Africa_Western,FodderHerb,FodderHerbAEZ01,FodderHerbAEZ01,2005,NH3_AWB,0
Africa_Western,FodderHerb,FodderHerbAEZ02,FodderHerbAEZ02,2005,NH3_AWB,0
Africa_Western,FodderHerb,FodderHerbAEZ03,FodderHerbAEZ03,2005,NH3_AWB,0
Africa_Western,FodderHerb,FodderHerbAEZ04,FodderHerbAEZ04,2005,NH3_AWB,0
Africa_Western,FodderHerb,FodderHerbAEZ05,FodderHerbAEZ05,2005,NH3_AWB,0
Africa_Western,FodderHerb,FodderHerbAEZ06,FodderHerbAEZ06,2005,NH3_AWB,0
Africa_Western,FodderHerb,FodderHerbAEZ07,FodderHerbAEZ07,2005,NH3_AWB,0
Africa_Western,FodderHerb,FodderHerbAEZ09,FodderHerbAEZ09,2005,NH3_AWB,0
Africa_Western,FodderHerb,FodderHerbAEZ10,FodderHerbAEZ10,2005,NH3_AWB,0
Africa_Western,MiscCrop,MiscCropAEZ01,MiscCropAEZ01,2005,NH3_AWB,3.49783947263662e-05
Africa_Western,MiscCrop,MiscCropAEZ02,MiscCropAEZ02,2005,NH3_AWB,0.00023383982522368
Africa_Western,MiscCrop,MiscCropAEZ03,MiscCropAEZ03,2005,NH3_AWB,0.000210720016612446
Africa_Western,MiscCrop,MiscCropAEZ04,MiscCropAEZ04,2005,NH3_AWB,0.00047932115256124
Africa_Western,MiscCrop,MiscCropAEZ05,MiscCropAEZ05,2005,NH3_AWB,0.000994012417658899
Africa_Western,MiscCrop,MiscCropAEZ06,MiscCropAEZ06,2005,NH3_AWB,0.000537836286062283
Africa_Western,MiscCrop,MiscCropAEZ07,MiscCropAEZ07,2005,NH3_AWB,0
Africa_Western,MiscCrop,MiscCropAEZ09,MiscCropAEZ09,2005,NH3_AWB,0
Africa_Western,MiscCrop,MiscCropAEZ10,MiscCropAEZ10,2005,NH3_AWB,2.65817144389885e-09
Africa_Western,OilCrop,OilCropAEZ01,OilCropAEZ01,2005,NH3_AWB,6.31188433884365e-06
Africa_Western,OilCrop,OilCropAEZ02,OilCropAEZ02,2005,NH3_AWB,9.13871407834445e-05
Africa_Western,OilCrop,OilCropAEZ03,OilCropAEZ03,2005,NH3_AWB,0.00013572231308095
Africa_Western,OilCrop,OilCropAEZ04,OilCropAEZ04,2005,NH3_AWB,0.000110686868888118
Africa_Western,OilCrop,OilCropAEZ05,OilCropAEZ05,2005,NH3_AWB,7.77716730028833e-05
Africa_Western,OilCrop,OilCropAEZ06,OilCropAEZ06,2005,NH3_AWB,1.72967017399228e-05
Africa_Western,OilCrop,OilCropAEZ07,OilCropAEZ07,2005,NH3_AWB,0
Africa_Western,OilCrop,OilCropAEZ09,OilCropAEZ09,2005,NH3_AWB,1.4993732570434e-09
Africa_Western,OilCrop,OilCropAEZ10,OilCropAEZ10,2005,NH3_AWB,9.47331285131968e-09
Africa_Western,OtherGrain,OtherGrainAEZ01,OtherGrainAEZ01,2005,NH3_AWB,7.36648007682282e-05
Africa_Western,OtherGrain,OtherGrainAEZ02,OtherGrainAEZ02,2005,NH3_AWB,0.000563309024426056
Africa_Western,OtherGrain,OtherGrainAEZ03,OtherGrainAEZ03,2005,NH3_AWB,0.000475796781915149
Africa_Western,OtherGrain,OtherGrainAEZ04,OtherGrainAEZ04,2005,NH3_AWB,0.000198600950487595
Africa_Western,OtherGrain,OtherGrainAEZ05,OtherGrainAEZ05,2005,NH3_AWB,6.09150660540288e-05
Africa_Western,OtherGrain,OtherGrainAEZ06,OtherGrainAEZ06,2005,NH3_AWB,6.7480035109564e-06
Africa_Western,OtherGrain,OtherGrainAEZ07,OtherGrainAEZ07,2005,NH3_AWB,0
Africa_Western,OtherGrain,OtherGrainAEZ09,OtherGrainAEZ09,2005,NH3_AWB,3.56931465330717e-10
Africa_Western,OtherGrain,OtherGrainAEZ10,OtherGrainAEZ10,2005,NH3_AWB,1.71327103358744e-09
Africa_Western,PalmFruit,PalmFruitAEZ01,PalmFruitAEZ01,2005,NH3_AWB,0
Africa_Western,PalmFruit,PalmFruitAEZ02,PalmFruitAEZ02,2005,NH3_AWB,4.59011186968902e-08
Africa_Western,PalmFruit,PalmFruitAEZ03,PalmFruitAEZ03,2005,NH3_AWB,9.19630768932574e-06
Africa_Western,PalmFruit,PalmFruitAEZ04,PalmFruitAEZ04,2005,NH3_AWB,0.000101230153962353
Africa_Western,PalmFruit,PalmFruitAEZ05,PalmFruitAEZ05,2005,NH3_AWB,0.000532006956579605
Africa_Western,PalmFruit,PalmFruitAEZ06,PalmFruitAEZ06,2005,NH3_AWB,0.000166626937697577
Africa_Western,PalmFruit,PalmFruitAEZ07,PalmFruitAEZ07,2005,NH3_AWB,0
Africa_Western,PalmFruit,PalmFruitAEZ09,PalmFruitAEZ09,2005,NH3_AWB,2.7837605678707e-09
Africa_Western,PalmFruit,PalmFruitAEZ10,PalmFruitAEZ10,2005,NH3_AWB,5.57989340493192e-08
Africa_Western,Rice,RiceAEZ01,RiceAEZ01,2005,NH3_AWB,1.98753882446219e-05
Africa_Western,Rice,RiceAEZ02,RiceAEZ02,2005,NH3_AWB,4.05810041933842e-05
Africa_Western,Rice,RiceAEZ03,RiceAEZ03,2005,NH3_AWB,3.18794348808761e-05
Africa_Western,Rice,RiceAEZ04,RiceAEZ04,2005,NH3_AWB,9.86459061252634e-05
Africa_Western,Rice,RiceAEZ05,RiceAEZ05,2005,NH3_AWB,0.000170807146193975
Africa_Western,Rice,RiceAEZ06,RiceAEZ06,2005,NH3_AWB,5.03640250991e-05
Africa_Western,Rice,RiceAEZ07,RiceAEZ07,2005,NH3_AWB,0
Africa_Western,Rice,RiceAEZ09,RiceAEZ09,2005,NH3_AWB,0
Africa_Western,Rice,RiceAEZ10,RiceAEZ10,2005,NH3_AWB,0
Africa_Western,Root_Tuber,Root_TuberAEZ01,Root_TuberAEZ01,2005,NH3_AWB,3.39170233714449e-06
Africa_Western,Root_Tuber,Root_TuberAEZ02,Root_TuberAEZ02,2005,NH3_AWB,4.61649439435598e-05
Africa_Western,Root_Tuber,Root_TuberAEZ03,Root_TuberAEZ03,2005,NH3_AWB,0.000113266104176532
Africa_Western,Root_Tuber,Root_TuberAEZ04,Root_TuberAEZ04,2005,NH3_AWB,0.00121364157999363
Africa_Western,Root_Tuber,Root_TuberAEZ05,Root_TuberAEZ05,2005,NH3_AWB,0.00386511863047267
Africa_Western,Root_Tuber,Root_TuberAEZ06,Root_TuberAEZ06,2005,NH3_AWB,0.00139348998556521
Africa_Western,Root_Tuber,Root_TuberAEZ07,Root_TuberAEZ07,2005,NH3_AWB,0
Africa_Western,Root_Tuber,Root_TuberAEZ09,Root_TuberAEZ09,2005,NH3_AWB,3.01825698177262e-08
Africa_Western,Root_Tuber,Root_TuberAEZ10,Root_TuberAEZ10,2005,NH3_AWB,3.20817696558331e-07
Africa_Western,SugarCrop,SugarCropAEZ01,SugarCropAEZ01,2005,NH3_AWB,3.37007130983588e-05
Africa_Western,SugarCrop,SugarCropAEZ02,SugarCropAEZ02,2005,NH3_AWB,2.52153697482484e-05
Africa_Western,SugarCrop,SugarCropAEZ03,SugarCropAEZ03,2005,NH3_AWB,2.31303195535013e-05
Africa_Western,SugarCrop,SugarCropAEZ04,SugarCropAEZ04,2005,NH3_AWB,5.06467891054921e-05
Africa_Western,SugarCrop,SugarCropAEZ05,SugarCropAEZ05,2005,NH3_AWB,0.000204295884912158
Africa_Western,SugarCrop,SugarCropAEZ06,SugarCropAEZ06,2005,NH3_AWB,0.000103162377069744
Africa_Western,SugarCrop,SugarCropAEZ07,SugarCropAEZ07,2005,NH3_AWB,0
Africa_Western,SugarCrop,SugarCropAEZ09,SugarCropAEZ09,2005,NH3_AWB,0
Africa_Western,SugarCrop,SugarCropAEZ10,SugarCropAEZ10,2005,NH3_AWB,0
Africa_Western,Wheat,WheatAEZ01,WheatAEZ01,2005,NH3_AWB,2.3463608803422e-07
Africa_Western,Wheat,WheatAEZ02,WheatAEZ02,2005,NH3_AWB,2.5912538492156e-06
Africa_Western,Wheat,WheatAEZ03,WheatAEZ03,2005,NH3_AWB,1.1391498587822e-06
Africa_Western,Wheat,WheatAEZ04,WheatAEZ04,2005,NH3_AWB,0
Africa_Western,Wheat,WheatAEZ05,WheatAEZ05,2005,NH3_AWB,8.11009182632688e-08
Africa_Western,Wheat,WheatAEZ06,WheatAEZ06,2005,NH3_AWB,1.74446484970207e-07
Africa_Western,Wheat,WheatAEZ07,WheatAEZ07,2005,NH3_AWB,0
Africa_Western,Wheat,WheatAEZ09,WheatAEZ09,2005,NH3_AWB,0
Africa_Western,Wheat,WheatAEZ10,WheatAEZ10,2005,NH3_AWB,0
Africa_Western,Corn,CornAEZ01,CornAEZ01,2005,NMVOC_AWB,2.48690350639847e-05
Africa_Western,Corn,CornAEZ02,CornAEZ02,2005,NMVOC_AWB,0.000235008869028373
Africa_Western,Corn,CornAEZ03,CornAEZ03,2005,NMVOC_AWB,0.000495739615361644
Africa_Western,Corn,CornAEZ04,CornAEZ04,2005,NMVOC_AWB,0.000974075036250611
Africa_Western,Corn,CornAEZ05,CornAEZ05,2005,NMVOC_AWB,0.00175516380470195
Africa_Western,Corn,CornAEZ06,CornAEZ06,2005,NMVOC_AWB,0.000406360971919169
Africa_Western,Corn,CornAEZ07,CornAEZ07,2005,NMVOC_AWB,0
Africa_Western,Corn,CornAEZ09,CornAEZ09,2005,NMVOC_AWB,3.03577949993992e-07
Africa_Western,Corn,CornAEZ10,CornAEZ10,2005,NMVOC_AWB,2.62983224122704e-07
Africa_Western,FiberCrop,FiberCropAEZ01,FiberCropAEZ01,2005,NMVOC_AWB,1.45584876062204e-06
Africa_Western,FiberCrop,FiberCropAEZ02,FiberCropAEZ02,2005,NMVOC_AWB,4.26072148435892e-05
Africa_Western,FiberCrop,FiberCropAEZ03,FiberCropAEZ03,2005,NMVOC_AWB,0.000221867525636186
Africa_Western,FiberCrop,FiberCropAEZ04,FiberCropAEZ04,2005,NMVOC_AWB,0.000226946756041986
Africa_Western,FiberCrop,FiberCropAEZ05,FiberCropAEZ05,2005,NMVOC_AWB,0.000189096131844157
Africa_Western,FiberCrop,FiberCropAEZ06,FiberCropAEZ06,2005,NMVOC_AWB,4.2598914268107e-05
Africa_Western,FiberCrop,FiberCropAEZ07,FiberCropAEZ07,2005,NMVOC_AWB,0
Africa_Western,FiberCrop,FiberCropAEZ09,FiberCropAEZ09,2005,NMVOC_AWB,3.24805127555736e-09
Africa_Western,FiberCrop,FiberCropAEZ10,FiberCropAEZ10,2005,NMVOC_AWB,3.24805127555736e-09
Africa_Western,FodderGrass,FodderGrassAEZ01,FodderGrassAEZ01,2005,NMVOC_AWB,0
Africa_Western,FodderGrass,FodderGrassAEZ02,FodderGrassAEZ02,2005,NMVOC_AWB,0
Africa_Western,FodderGrass,FodderGrassAEZ03,FodderGrassAEZ03,2005,NMVOC_AWB,0
Africa_Western,FodderGrass,FodderGrassAEZ04,FodderGrassAEZ04,2005,NMVOC_AWB,0
Africa_Western,FodderGrass,FodderGrassAEZ05,FodderGrassAEZ05,2005,NMVOC_AWB,0
Africa_Western,FodderGrass,FodderGrassAEZ06,FodderGrassAEZ06,2005,NMVOC_AWB,0
Africa_Western,FodderGrass,FodderGrassAEZ07,FodderGrassAEZ07,2005,NMVOC_AWB,0
Africa_Western,FodderGrass,FodderGrassAEZ09,FodderGrassAEZ09,2005,NMVOC_AWB,0
Africa_Western,FodderGrass,FodderGrassAEZ10,FodderGrassAEZ10,2005,NMVOC_AWB,0
Africa_Western,FodderHerb,FodderHerbAEZ01,FodderHerbAEZ01,2005,NMVOC_AWB,0
Africa_Western,FodderHerb,FodderHerbAEZ02,FodderHerbAEZ02,2005,NMVOC_AWB,0
Africa_Western,FodderHerb,FodderHerbAEZ03,FodderHerbAEZ03,2005,NMVOC_AWB,0
Africa_Western,FodderHerb,FodderHerbAEZ04,FodderHerbAEZ04,2005,NMVOC_AWB,0
Africa_Western,FodderHerb,FodderHerbAEZ05,FodderHerbAEZ05,2005,NMVOC_AWB,0
Africa_Western,FodderHerb,FodderHerbAEZ06,FodderHerbAEZ06,2005,NMVOC_AWB,0
Africa_Western,FodderHerb,FodderHerbAEZ07,FodderHerbAEZ07,2005,NMVOC_AWB,0
Africa_Western,FodderHerb,FodderHerbAEZ09,FodderHerbAEZ09,2005,NMVOC_AWB,0
Africa_Western,FodderHerb,FodderHerbAEZ10,FodderHerbAEZ10,2005,NMVOC_AWB,0
Africa_Western,MiscCrop,MiscCropAEZ01,MiscCropAEZ01,2005,NMVOC_AWB,0.000188460885270764
Africa_Western,MiscCrop,MiscCropAEZ02,MiscCropAEZ02,2005,NMVOC_AWB,0.00125991089122213
Africa_Western,MiscCrop,MiscCropAEZ03,MiscCropAEZ03,2005,NMVOC_AWB,0.00113534315069974
Africa_Western,MiscCrop,MiscCropAEZ04,MiscCropAEZ04,2005,NMVOC_AWB,0.00258254529538494
Africa_Western,MiscCrop,MiscCropAEZ05,MiscCropAEZ05,2005,NMVOC_AWB,0.00535566202130255
Africa_Western,MiscCrop,MiscCropAEZ06,MiscCropAEZ06,2005,NMVOC_AWB,0.00289782030864994
Africa_Western,MiscCrop,MiscCropAEZ07,MiscCropAEZ07,2005,NMVOC_AWB,0
Africa_Western,MiscCrop,MiscCropAEZ09,MiscCropAEZ09,2005,NMVOC_AWB,0
Africa_Western,MiscCrop,MiscCropAEZ10,MiscCropAEZ10,2005,NMVOC_AWB,1.43220221350246e-08
Africa_Western,OilCrop,OilCropAEZ01,OilCropAEZ01,2005,NMVOC_AWB,3.40079446049732e-05
Africa_Western,OilCrop,OilCropAEZ02,OilCropAEZ02,2005,NMVOC_AWB,0.000492386845912902
Africa_Western,OilCrop,OilCropAEZ03,OilCropAEZ03,2005,NMVOC_AWB,0.000731261325007324
Africa_Western,OilCrop,OilCropAEZ04,OilCropAEZ04,2005,NMVOC_AWB,0.000596372288142191
Africa_Western,OilCrop,OilCropAEZ05,OilCropAEZ05,2005,NMVOC_AWB,0.000419027758642784
Africa_Western,OilCrop,OilCropAEZ06,OilCropAEZ06,2005,NMVOC_AWB,9.31932911064405e-05
Africa_Western,OilCrop,OilCropAEZ07,OilCropAEZ07,2005,NMVOC_AWB,0
Africa_Western,OilCrop,OilCropAEZ09,OilCropAEZ09,2005,NMVOC_AWB,8.07850713516906e-09
Africa_Western,OilCrop,OilCropAEZ10,OilCropAEZ10,2005,NMVOC_AWB,5.10414768994772e-08
Africa_Western,OtherGrain,OtherGrainAEZ01,OtherGrainAEZ01,2005,NMVOC_AWB,0.000396900248701523
Africa_Western,OtherGrain,OtherGrainAEZ02,OtherGrainAEZ02,2005,NMVOC_AWB,0.0030350654526842
Africa_Western,OtherGrain,OtherGrainAEZ03,OtherGrainAEZ03,2005,NMVOC_AWB,0.00256355625894743
Africa_Western,OtherGrain,OtherGrainAEZ04,OtherGrainAEZ04,2005,NMVOC_AWB,0.00107004655980665
Africa_Western,OtherGrain,OtherGrainAEZ05,OtherGrainAEZ05,2005,NMVOC_AWB,0.000328205664230092
Africa_Western,OtherGrain,OtherGrainAEZ06,OtherGrainAEZ06,2005,NMVOC_AWB,3.63577209712959e-05
Africa_Western,OtherGrain,OtherGrainAEZ07,OtherGrainAEZ07,2005,NMVOC_AWB,0
Africa_Western,OtherGrain,OtherGrainAEZ09,OtherGrainAEZ09,2005,NMVOC_AWB,1.92311912720548e-09
Africa_Western,OtherGrain,OtherGrainAEZ10,OtherGrainAEZ10,2005,NMVOC_AWB,9.23097181058629e-09
Africa_Western,PalmFruit,PalmFruitAEZ01,PalmFruitAEZ01,2005,NMVOC_AWB,0
Africa_Western,PalmFruit,PalmFruitAEZ02,PalmFruitAEZ02,2005,NMVOC_AWB,2.47311677171214e-07
Africa_Western,PalmFruit,PalmFruitAEZ03,PalmFruitAEZ03,2005,NMVOC_AWB,4.95489945124968e-05
Africa_Western,PalmFruit,PalmFruitAEZ04,PalmFruitAEZ04,2005,NMVOC_AWB,0.000545420239581784
Africa_Western,PalmFruit,PalmFruitAEZ05,PalmFruitAEZ05,2005,NMVOC_AWB,0.00286641233228525
Africa_Western,PalmFruit,PalmFruitAEZ06,PalmFruitAEZ06,2005,NMVOC_AWB,0.000897773052025483
Africa_Western,PalmFruit,PalmFruitAEZ07,PalmFruitAEZ07,2005,NMVOC_AWB,0
Africa_Western,PalmFruit,PalmFruitAEZ09,PalmFruitAEZ09,2005,NMVOC_AWB,1.49986866208957e-08
Africa_Western,PalmFruit,PalmFruitAEZ10,PalmFruitAEZ10,2005,NMVOC_AWB,3.00640340712176e-07
Africa_Western,Rice,RiceAEZ01,RiceAEZ01,2005,NMVOC_AWB,0.000107087054537071
Africa_Western,Rice,RiceAEZ02,RiceAEZ02,2005,NMVOC_AWB,0.000218647311727456
Africa_Western,Rice,RiceAEZ03,RiceAEZ03,2005,NMVOC_AWB,0.000171763929322143
Africa_Western,Rice,RiceAEZ04,RiceAEZ04,2005,NMVOC_AWB,0.000531496512122391
Africa_Western,Rice,RiceAEZ05,RiceAEZ05,2005,NMVOC_AWB,0.00092029569207259
Africa_Western,Rice,RiceAEZ06,RiceAEZ06,2005,NMVOC_AWB,0.000271357471668668
Africa_Western,Rice,RiceAEZ07,RiceAEZ07,2005,NMVOC_AWB,0
Africa_Western,Rice,RiceAEZ09,RiceAEZ09,2005,NMVOC_AWB,0
Africa_Western,Rice,RiceAEZ10,RiceAEZ10,2005,NMVOC_AWB,0
Africa_Western,Root_Tuber,Root_TuberAEZ01,Root_TuberAEZ01,2005,NMVOC_AWB,1.82742298505583e-05
Africa_Western,Root_Tuber,Root_TuberAEZ02,Root_TuberAEZ02,2005,NMVOC_AWB,0.000248733147193869
Africa_Western,Root_Tuber,Root_TuberAEZ03,Root_TuberAEZ03,2005,NMVOC_AWB,0.000610269008377033
Africa_Western,Root_Tuber,Root_TuberAEZ04,Root_TuberAEZ04,2005,NMVOC_AWB,0.00653900696004783
Africa_Western,Root_Tuber,Root_TuberAEZ05,Root_TuberAEZ05,2005,NMVOC_AWB,0.0208249602211256
Africa_Western,Root_Tuber,Root_TuberAEZ06,Root_TuberAEZ06,2005,NMVOC_AWB,0.00750801625832206
Africa_Western,Root_Tuber,Root_TuberAEZ07,Root_TuberAEZ07,2005,NMVOC_AWB,0
Africa_Western,Root_Tuber,Root_TuberAEZ09,Root_TuberAEZ09,2005,NMVOC_AWB,1.62621351611303e-07
Africa_Western,Root_Tuber,Root_TuberAEZ10,Root_TuberAEZ10,2005,NMVOC_AWB,1.72854093439387e-06
Africa_Western,SugarCrop,SugarCropAEZ01,SugarCropAEZ01,2005,NMVOC_AWB,0.000181576835485399
Africa_Western,SugarCrop,SugarCropAEZ02,SugarCropAEZ02,2005,NMVOC_AWB,0.000135858461840802
Africa_Western,SugarCrop,SugarCropAEZ03,SugarCropAEZ03,2005,NMVOC_AWB,0.000124624372666327
Africa_Western,SugarCrop,SugarCropAEZ04,SugarCropAEZ04,2005,NMVOC_AWB,0.000272880982263829
Africa_Western,SugarCrop,SugarCropAEZ05,SugarCropAEZ05,2005,NMVOC_AWB,0.00110073042599343
Africa_Western,SugarCrop,SugarCropAEZ06,SugarCropAEZ06,2005,NMVOC_AWB,0.000555830908230478
Africa_Western,SugarCrop,SugarCropAEZ07,SugarCropAEZ07,2005,NMVOC_AWB,0
Africa_Western,SugarCrop,SugarCropAEZ09,SugarCropAEZ09,2005,NMVOC_AWB,0
Africa_Western,SugarCrop,SugarCropAEZ10,SugarCropAEZ10,2005,NMVOC_AWB,0
Africa_Western,Wheat,WheatAEZ01,WheatAEZ01,2005,NMVOC_AWB,1.26420109365585e-06
Africa_Western,Wheat,WheatAEZ02,WheatAEZ02,2005,NMVOC_AWB,1.39614753108249e-05
Africa_Western,Wheat,WheatAEZ03,WheatAEZ03,2005,NMVOC_AWB,6.1376513279591e-06
Africa_Western,Wheat,WheatAEZ04,WheatAEZ04,2005,NMVOC_AWB,0
Africa_Western,Wheat,WheatAEZ05,WheatAEZ05,2005,NMVOC_AWB,4.36965474594705e-07
Africa_Western,Wheat,WheatAEZ06,WheatAEZ06,2005,NMVOC_AWB,9.39904167902725e-07
Africa_Western,Wheat,WheatAEZ07,WheatAEZ07,2005,NMVOC_AWB,0
Africa_Western,Wheat,WheatAEZ09,WheatAEZ09,2005,NMVOC_AWB,0
Africa_Western,Wheat,WheatAEZ10,WheatAEZ10,2005,NMVOC_AWB,0
Africa_Western,Corn,CornAEZ01,CornAEZ01,2005,NOx_AWB,1.34948878791927e-05
Africa_Western,Corn,CornAEZ02,CornAEZ02,2005,NOx_AWB,0.000127524784536036
Africa_Western,Corn,CornAEZ03,CornAEZ03,2005,NOx_AWB,0.000269007241711114
Africa_Western,Corn,CornAEZ04,CornAEZ04,2005,NOx_AWB,0.0005285703030416
Africa_Western,Corn,CornAEZ05,CornAEZ05,2005,NOx_AWB,0.000952418889318781
Africa_Western,Corn,CornAEZ06,CornAEZ06,2005,NOx_AWB,0.000220506977468964
Africa_Western,Corn,CornAEZ07,CornAEZ07,2005,NOx_AWB,0
Africa_Western,Corn,CornAEZ09,CornAEZ09,2005,NOx_AWB,1.64732985707877e-07
Africa_Western,Corn,CornAEZ10,CornAEZ10,2005,NOx_AWB,1.42704737619034e-07
Africa_Western,FiberCrop,FiberCropAEZ01,FiberCropAEZ01,2005,NOx_AWB,7.89999119109699e-07
Africa_Western,FiberCrop,FiberCropAEZ02,FiberCropAEZ02,2005,NOx_AWB,2.31203014382973e-05
Africa_Western,FiberCrop,FiberCropAEZ03,FiberCropAEZ03,2005,NOx_AWB,0.000120393789899402
Africa_Western,FiberCrop,FiberCropAEZ04,FiberCropAEZ04,2005,NOx_AWB,0.000123149974233153
Africa_Western,FiberCrop,FiberCropAEZ05,FiberCropAEZ05,2005,NOx_AWB,0.000102610780477024
Africa_Western,FiberCrop,FiberCropAEZ06,FiberCropAEZ06,2005,NOx_AWB,2.31157972291401e-05
Africa_Western,FiberCrop,FiberCropAEZ07,FiberCropAEZ07,2005,NOx_AWB,0
Africa_Western,FiberCrop,FiberCropAEZ09,FiberCropAEZ09,2005,NOx_AWB,1.76251662667013e-09
Africa_Western,FiberCrop,FiberCropAEZ10,FiberCropAEZ10,2005,NOx_AWB,1.76251662667013e-09
Africa_Western,FodderGrass,FodderGrassAEZ01,FodderGrassAEZ01,2005,NOx_AWB,0
Africa_Western,FodderGrass,FodderGrassAEZ02,FodderGrassAEZ02,2005,NOx_AWB,0
Africa_Western,FodderGrass,FodderGrassAEZ03,FodderGrassAEZ03,2005,NOx_AWB,0
Africa_Western,FodderGrass,FodderGrassAEZ04,FodderGrassAEZ04,2005,NOx_AWB,0
Africa_Western,FodderGrass,FodderGrassAEZ05,FodderGrassAEZ05,2005,NOx_AWB,0
Africa_Western,FodderGrass,FodderGrassAEZ06,FodderGrassAEZ06,2005,NOx_AWB,0
Africa_Western,FodderGrass,FodderGrassAEZ07,FodderGrassAEZ07,2005,NOx_AWB,0
Africa_Western,FodderGrass,FodderGrassAEZ09,FodderGrassAEZ09,2005,NOx_AWB,0
Africa_Western,FodderGrass,FodderGrassAEZ10,FodderGrassAEZ10,2005,NOx_AWB,0
Africa_Western,FodderHerb,FodderHerbAEZ01,FodderHerbAEZ01,2005,NOx_AWB,0
Africa_Western,FodderHerb,FodderHerbAEZ02,FodderHerbAEZ02,2005,NOx_AWB,0
Africa_Western,FodderHerb,FodderHerbAEZ03,FodderHerbAEZ03,2005,NOx_AWB,0
Africa_Western,FodderHerb,FodderHerbAEZ04,FodderHerbAEZ04,2005,NOx_AWB,0
Africa_Western,FodderHerb,FodderHerbAEZ05,FodderHerbAEZ05,2005,NOx_AWB,0
Africa_Western,FodderHerb,FodderHerbAEZ06,FodderHerbAEZ06,2005,NOx_AWB,0
Africa_Western,FodderHerb,FodderHerbAEZ07,FodderHerbAEZ07,2005,NOx_AWB,0
Africa_Western,FodderHerb,FodderHerbAEZ09,FodderHerbAEZ09,2005,NOx_AWB,0
Africa_Western,FodderHerb,FodderHerbAEZ10,FodderHerbAEZ10,2005,NOx_AWB,0
Africa_Western,MiscCrop,MiscCropAEZ01,MiscCropAEZ01,2005,NOx_AWB,0.000102266071433769
Africa_Western,MiscCrop,MiscCropAEZ02,MiscCropAEZ02,2005,NOx_AWB,0.000683675750630116
Africa_Western,MiscCrop,MiscCropAEZ03,MiscCropAEZ03,2005,NOx_AWB,0.000616080538858169
Africa_Western,MiscCrop,MiscCropAEZ04,MiscCropAEZ04,2005,NOx_AWB,0.00140138767404883
Africa_Western,MiscCrop,MiscCropAEZ05,MiscCropAEZ05,2005,NOx_AWB,0.00290618668196724
Africa_Western,MiscCrop,MiscCropAEZ06,MiscCropAEZ06,2005,NOx_AWB,0.00157246793285966
Africa_Western,MiscCrop,MiscCropAEZ07,MiscCropAEZ07,2005,NOx_AWB,0
Africa_Western,MiscCrop,MiscCropAEZ09,MiscCropAEZ09,2005,NOx_AWB,0
Africa_Western,MiscCrop,MiscCropAEZ10,MiscCropAEZ10,2005,NOx_AWB,7.77167599861451e-09
Africa_Western,OilCrop,OilCropAEZ01,OilCropAEZ01,2005,NOx_AWB,1.84540091026908e-05
Africa_Western,OilCrop,OilCropAEZ02,OilCropAEZ02,2005,NOx_AWB,0.000267187901005729
Africa_Western,OilCrop,OilCropAEZ03,OilCropAEZ03,2005,NOx_AWB,0.000396810313145401
Africa_Western,OilCrop,OilCropAEZ04,OilCropAEZ04,2005,NOx_AWB,0.000323614371929997
Africa_Western,OilCrop,OilCropAEZ05,OilCropAEZ05,2005,NOx_AWB,0.000227380459539541
Africa_Western,OilCrop,OilCropAEZ06,OilCropAEZ06,2005,NOx_AWB,5.05702377007656e-05
Africa_Western,OilCrop,OilCropAEZ07,OilCropAEZ07,2005,NOx_AWB,0
Africa_Western,OilCrop,OilCropAEZ09,OilCropAEZ09,2005,NOx_AWB,4.38370639391012e-09
Africa_Western,OilCrop,OilCropAEZ10,OilCropAEZ10,2005,NOx_AWB,2.76970540342503e-08
Africa_Western,OtherGrain,OtherGrainAEZ01,OtherGrainAEZ01,2005,NOx_AWB,0.000215373227858265
Africa_Western,OtherGrain,OtherGrainAEZ02,OtherGrainAEZ02,2005,NOx_AWB,0.00164694238777682
Africa_Western,OtherGrain,OtherGrainAEZ03,OtherGrainAEZ03,2005,NOx_AWB,0.00139108349791177
Africa_Western,OtherGrain,OtherGrainAEZ04,OtherGrainAEZ04,2005,NOx_AWB,0.000580648115737264
Africa_Western,OtherGrain,OtherGrainAEZ05,OtherGrainAEZ05,2005,NOx_AWB,0.00017809692369268
Africa_Western,OtherGrain,OtherGrainAEZ06,OtherGrainAEZ06,2005,NOx_AWB,1.97290874691459e-05
Africa_Western,OtherGrain,OtherGrainAEZ07,OtherGrainAEZ07,2005,NOx_AWB,0
Africa_Western,OtherGrain,OtherGrainAEZ09,OtherGrainAEZ09,2005,NOx_AWB,1.04355785953083e-09
Africa_Western,OtherGrain,OtherGrainAEZ10,OtherGrainAEZ10,2005,NOx_AWB,5.00907772574795e-09
Africa_Western,PalmFruit,PalmFruitAEZ01,PalmFruitAEZ01,2005,NOx_AWB,0
Africa_Western,PalmFruit,PalmFruitAEZ02,PalmFruitAEZ02,2005,NOx_AWB,1.3420075793266e-07
Africa_Western,PalmFruit,PalmFruitAEZ03,PalmFruitAEZ03,2005,NOx_AWB,2.68871761108749e-05
Africa_Western,PalmFruit,PalmFruitAEZ04,PalmFruitAEZ04,2005,NOx_AWB,0.000295965845126733
Africa_Western,PalmFruit,PalmFruitAEZ05,PalmFruitAEZ05,2005,NOx_AWB,0.0015554247657861
Africa_Western,PalmFruit,PalmFruitAEZ06,PalmFruitAEZ06,2005,NOx_AWB,0.000487165933333294
Africa_Western,PalmFruit,PalmFruitAEZ07,PalmFruitAEZ07,2005,NOx_AWB,0
Africa_Western,PalmFruit,PalmFruitAEZ09,PalmFruitAEZ09,2005,NOx_AWB,8.13885998243893e-09
Africa_Western,PalmFruit,PalmFruitAEZ10,PalmFruitAEZ10,2005,NOx_AWB,1.63138926759109e-07
Africa_Western,Rice,RiceAEZ01,RiceAEZ01,2005,NOx_AWB,5.81095241762557e-05
Africa_Western,Rice,RiceAEZ02,RiceAEZ02,2005,NOx_AWB,0.000118646378890752
Africa_Western,Rice,RiceAEZ03,RiceAEZ03,2005,NOx_AWB,9.3205665677344e-05
Africa_Western,Rice,RiceAEZ04,RiceAEZ04,2005,NOx_AWB,0.000288410299025266
Africa_Western,Rice,RiceAEZ05,RiceAEZ05,2005,NOx_AWB,0.000499387577695334
Africa_Western,Rice,RiceAEZ06,RiceAEZ06,2005,NOx_AWB,0.00014724892405066
Africa_Western,Rice,RiceAEZ07,RiceAEZ07,2005,NOx_AWB,0
Africa_Western,Rice,RiceAEZ09,RiceAEZ09,2005,NOx_AWB,0
Africa_Western,Rice,RiceAEZ10,RiceAEZ10,2005,NOx_AWB,0
Africa_Western,Root_Tuber,Root_TuberAEZ01,Root_TuberAEZ01,2005,NOx_AWB,9.91629479299817e-06
Africa_Western,Root_Tuber,Root_TuberAEZ02,Root_TuberAEZ02,2005,NOx_AWB,0.000134972101836032
Africa_Western,Root_Tuber,Root_TuberAEZ03,Root_TuberAEZ03,2005,NOx_AWB,0.000331155262880337
Africa_Western,Root_Tuber,Root_TuberAEZ04,Root_TuberAEZ04,2005,NOx_AWB,0.00354831482363784
Africa_Western,Root_Tuber,Root_TuberAEZ05,Root_TuberAEZ05,2005,NOx_AWB,0.0113004184742063
Africa_Western,Root_Tuber,Root_TuberAEZ06,Root_TuberAEZ06,2005,NOx_AWB,0.00407413626385301
Africa_Western,Root_Tuber,Root_TuberAEZ07,Root_TuberAEZ07,2005,NOx_AWB,0
Africa_Western,Root_Tuber,Root_TuberAEZ09,Root_TuberAEZ09,2005,NOx_AWB,8.82445539648404e-08
Africa_Western,Root_Tuber,Root_TuberAEZ10,Root_TuberAEZ10,2005,NOx_AWB,9.37972303477975e-07
Africa_Western,SugarCrop,SugarCropAEZ01,SugarCropAEZ01,2005,NOx_AWB,9.8530523200021e-05
Africa_Western,SugarCrop,SugarCropAEZ02,SugarCropAEZ02,2005,NOx_AWB,7.37219882180442e-05
Africa_Western,SugarCrop,SugarCropAEZ03,SugarCropAEZ03,2005,NOx_AWB,6.76259425353569e-05
Africa_Western,SugarCrop,SugarCropAEZ04,SugarCropAEZ04,2005,NOx_AWB,0.000148075639064394
Africa_Western,SugarCrop,SugarCropAEZ05,SugarCropAEZ05,2005,NOx_AWB,0.000597298352983115
Africa_Western,SugarCrop,SugarCropAEZ06,SugarCropAEZ06,2005,NOx_AWB,0.000301615071395469
Africa_Western,SugarCrop,SugarCropAEZ07,SugarCropAEZ07,2005,NOx_AWB,0
Africa_Western,SugarCrop,SugarCropAEZ09,SugarCropAEZ09,2005,NOx_AWB,0
Africa_Western,SugarCrop,SugarCropAEZ10,SugarCropAEZ10,2005,NOx_AWB,0
Africa_Western,Wheat,WheatAEZ01,WheatAEZ01,2005,NOx_AWB,6.86003778262596e-07
Africa_Western,Wheat,WheatAEZ02,WheatAEZ02,2005,NOx_AWB,7.57602952679702e-06
Africa_Western,Wheat,WheatAEZ03,WheatAEZ03,2005,NOx_AWB,3.33052393465543e-06
Africa_Western,Wheat,WheatAEZ04,WheatAEZ04,2005,NOx_AWB,0
Africa_Western,Wheat,WheatAEZ05,WheatAEZ05,2005,NOx_AWB,2.37114149043664e-07
Africa_Western,Wheat,WheatAEZ06,WheatAEZ06,2005,NOx_AWB,5.10027885295879e-07
Africa_Western,Wheat,WheatAEZ07,WheatAEZ07,2005,NOx_AWB,0
Africa_Western,Wheat,WheatAEZ09,WheatAEZ09,2005,NOx_AWB,0
Africa_Western,Wheat,WheatAEZ10,WheatAEZ10,2005,NOx_AWB,0
Africa_Western,Corn,CornAEZ01,CornAEZ01,2005,SO2_AWB,1.89713906835471e-06
Africa_Western,Corn,CornAEZ02,CornAEZ02,2005,SO2_AWB,1.79276962574737e-05
Africa_Western,Corn,CornAEZ03,CornAEZ03,2005,SO2_AWB,3.78175908158062e-05
Africa_Western,Corn,CornAEZ04,CornAEZ04,2005,SO2_AWB,7.43074993471004e-05
Africa_Western,Corn,CornAEZ05,CornAEZ05,2005,SO2_AWB,0.000133893004561498
Africa_Western,Corn,CornAEZ06,CornAEZ06,2005,SO2_AWB,3.09993240067e-05
Africa_Western,Corn,CornAEZ07,CornAEZ07,2005,SO2_AWB,0
Africa_Western,Corn,CornAEZ09,CornAEZ09,2005,SO2_AWB,2.31585016363861e-08
Africa_Western,Corn,CornAEZ10,CornAEZ10,2005,SO2_AWB,2.00617252547765e-08
Africa_Western,FiberCrop,FiberCropAEZ01,FiberCropAEZ01,2005,SO2_AWB,1.110596995133e-07
Africa_Western,FiberCrop,FiberCropAEZ02,FiberCropAEZ02,2005,SO2_AWB,3.25029948550823e-06
Africa_Western,FiberCrop,FiberCropAEZ03,FiberCropAEZ03,2005,SO2_AWB,1.69252063781584e-05
Africa_Western,FiberCrop,FiberCropAEZ04,FiberCropAEZ04,2005,SO2_AWB,1.73126764354093e-05
Africa_Western,FiberCrop,FiberCropAEZ05,FiberCropAEZ05,2005,SO2_AWB,1.4425234371712e-05
Africa_Western,FiberCrop,FiberCropAEZ06,FiberCropAEZ06,2005,SO2_AWB,3.24966627452933e-06
Africa_Western,FiberCrop,FiberCropAEZ07,FiberCropAEZ07,2005,SO2_AWB,0
Africa_Western,FiberCrop,FiberCropAEZ09,FiberCropAEZ09,2005,SO2_AWB,2.47778209127342e-10
Africa_Western,FiberCrop,FiberCropAEZ10,FiberCropAEZ10,2005,SO2_AWB,2.47778209127342e-10
Africa_Western,FodderGrass,FodderGrassAEZ01,FodderGrassAEZ01,2005,SO2_AWB,0
Africa_Western,FodderGrass,FodderGrassAEZ02,FodderGrassAEZ02,2005,SO2_AWB,0
Africa_Western,FodderGrass,FodderGrassAEZ03,FodderGrassAEZ03,2005,SO2_AWB,0
Africa_Western,FodderGrass,FodderGrassAEZ04,FodderGrassAEZ04,2005,SO2_AWB,0
Africa_Western,FodderGrass,FodderGrassAEZ05,FodderGrassAEZ05,2005,SO2_AWB,0
Africa_Western,FodderGrass,FodderGrassAEZ06,FodderGrassAEZ06,2005,SO2_AWB,0
Africa_Western,FodderGrass,FodderGrassAEZ07,FodderGrassAEZ07,2005,SO2_AWB,0
Africa_Western,FodderGrass,FodderGrassAEZ09,FodderGrassAEZ09,2005,SO2_AWB,0
Africa_Western,FodderGrass,FodderGrassAEZ10,FodderGrassAEZ10,2005,SO2_AWB,0
Africa_Western,FodderHerb,FodderHerbAEZ01,FodderHerbAEZ01,2005,SO2_AWB,0
Africa_Western,FodderHerb,FodderHerbAEZ02,FodderHerbAEZ02,2005,SO2_AWB,0
Africa_Western,FodderHerb,FodderHerbAEZ03,FodderHerbAEZ03,2005,SO2_AWB,0
Africa_Western,FodderHerb,FodderHerbAEZ04,FodderHerbAEZ04,2005,SO2_AWB,0
Africa_Western,FodderHerb,FodderHerbAEZ05,FodderHerbAEZ05,2005,SO2_AWB,0
Africa_Western,FodderHerb,FodderHerbAEZ06,FodderHerbAEZ06,2005,SO2_AWB,0
Africa_Western,FodderHerb,FodderHerbAEZ07,FodderHerbAEZ07,2005,SO2_AWB,0
Africa_Western,FodderHerb,FodderHerbAEZ09,FodderHerbAEZ09,2005,SO2_AWB,0
Africa_Western,FodderHerb,FodderHerbAEZ10,FodderHerbAEZ10,2005,SO2_AWB,0
Africa_Western,MiscCrop,MiscCropAEZ01,MiscCropAEZ01,2005,SO2_AWB,1.43767744660775e-05
Africa_Western,MiscCrop,MiscCropAEZ02,MiscCropAEZ02,2005,SO2_AWB,9.61125418912865e-05
Africa_Western,MiscCrop,MiscCropAEZ03,MiscCropAEZ03,2005,SO2_AWB,8.66098681207251e-05
Africa_Western,MiscCrop,MiscCropAEZ04,MiscCropAEZ04,2005,SO2_AWB,0.00019700995889325
Africa_Western,MiscCrop,MiscCropAEZ05,MiscCropAEZ05,2005,SO2_AWB,0.000408557695599173
Africa_Western,MiscCrop,MiscCropAEZ06,MiscCropAEZ06,2005,SO2_AWB,0.000221060773225298
Africa_Western,MiscCrop,MiscCropAEZ07,MiscCropAEZ07,2005,SO2_AWB,0
Africa_Western,MiscCrop,MiscCropAEZ09,MiscCropAEZ09,2005,SO2_AWB,0
Africa_Western,MiscCrop,MiscCropAEZ10,MiscCropAEZ10,2005,SO2_AWB,1.09255818170222e-09
Africa_Western,OilCrop,OilCropAEZ01,OilCropAEZ01,2005,SO2_AWB,2.59430252032464e-06
Africa_Western,OilCrop,OilCropAEZ02,OilCropAEZ02,2005,SO2_AWB,3.75618241609267e-05
Africa_Western,OilCrop,OilCropAEZ03,OilCropAEZ03,2005,SO2_AWB,5.57844092172806e-05
Africa_Western,OilCrop,OilCropAEZ04,OilCropAEZ04,2005,SO2_AWB,4.54943733927632e-05
Africa_Western,OilCrop,OilCropAEZ05,OilCropAEZ05,2005,SO2_AWB,3.1965612240323e-05
Africa_Western,OilCrop,OilCropAEZ06,OilCropAEZ06,2005,SO2_AWB,7.1092679314536e-06
Africa_Western,OilCrop,OilCropAEZ07,OilCropAEZ07,2005,SO2_AWB,0
Africa_Western,OilCrop,OilCropAEZ09,OilCropAEZ09,2005,SO2_AWB,6.16270452821334e-10
Africa_Western,OilCrop,OilCropAEZ10,OilCropAEZ10,2005,SO2_AWB,3.89370877009843e-09
Africa_Western,OtherGrain,OtherGrainAEZ01,OtherGrainAEZ01,2005,SO2_AWB,3.02776109372179e-05
Africa_Western,OtherGrain,OtherGrainAEZ02,OtherGrainAEZ02,2005,SO2_AWB,0.000231530545133193
Africa_Western,OtherGrain,OtherGrainAEZ03,OtherGrainAEZ03,2005,SO2_AWB,0.000195561376638115
Africa_Western,OtherGrain,OtherGrainAEZ04,OtherGrainAEZ04,2005,SO2_AWB,8.1628705269214e-05
Africa_Western,OtherGrain,OtherGrainAEZ05,OtherGrainAEZ05,2005,SO2_AWB,2.50372314995019e-05
Africa_Western,OtherGrain,OtherGrainAEZ06,OtherGrainAEZ06,2005,SO2_AWB,2.77355565720663e-06
Africa_Western,OtherGrain,OtherGrainAEZ07,OtherGrainAEZ07,2005,SO2_AWB,0
Africa_Western,OtherGrain,OtherGrainAEZ09,OtherGrainAEZ09,2005,SO2_AWB,1.46705508273032e-10
Africa_Western,OtherGrain,OtherGrainAEZ10,OtherGrainAEZ10,2005,SO2_AWB,7.04186439710551e-10
Africa_Western,PalmFruit,PalmFruitAEZ01,PalmFruitAEZ01,2005,SO2_AWB,0
Africa_Western,PalmFruit,PalmFruitAEZ02,PalmFruitAEZ02,2005,SO2_AWB,1.88662183158569e-08
Africa_Western,PalmFruit,PalmFruitAEZ03,PalmFruitAEZ03,2005,SO2_AWB,3.77985446743301e-06
Africa_Western,PalmFruit,PalmFruitAEZ04,PalmFruitAEZ04,2005,SO2_AWB,4.16074866805143e-05
Africa_Western,PalmFruit,PalmFruitAEZ05,PalmFruitAEZ05,2005,SO2_AWB,0.000218664809776531
Africa_Western,PalmFruit,PalmFruitAEZ06,PalmFruitAEZ06,2005,SO2_AWB,6.84867879727332e-05
Africa_Western,PalmFruit,PalmFruitAEZ07,PalmFruitAEZ07,2005,SO2_AWB,0
Africa_Western,PalmFruit,PalmFruitAEZ09,PalmFruitAEZ09,2005,SO2_AWB,1.14417766066518e-09
Africa_Western,PalmFruit,PalmFruitAEZ10,PalmFruitAEZ10,2005,SO2_AWB,2.29344055537775e-08
Africa_Western,Rice,RiceAEZ01,RiceAEZ01,2005,SO2_AWB,8.16915631646375e-06
Africa_Western,Rice,RiceAEZ02,RiceAEZ02,2005,SO2_AWB,1.66795517478523e-05
Africa_Western,Rice,RiceAEZ03,RiceAEZ03,2005,SO2_AWB,1.31030440068447e-05
Africa_Western,Rice,RiceAEZ04,RiceAEZ04,2005,SO2_AWB,4.05453124838728e-05
Africa_Western,Rice,RiceAEZ05,RiceAEZ05,2005,SO2_AWB,7.02049318510912e-05
Africa_Western,Rice,RiceAEZ06,RiceAEZ06,2005,SO2_AWB,2.07005563210662e-05
Africa_Western,Rice,RiceAEZ07,RiceAEZ07,2005,SO2_AWB,0
Africa_Western,Rice,RiceAEZ09,RiceAEZ09,2005,SO2_AWB,0
Africa_Western,Rice,RiceAEZ10,RiceAEZ10,2005,SO2_AWB,0
Africa_Western,Root_Tuber,Root_TuberAEZ01,Root_TuberAEZ01,2005,SO2_AWB,1.39405309873865e-06
Africa_Western,Root_Tuber,Root_TuberAEZ02,Root_TuberAEZ02,2005,SO2_AWB,1.89746554268078e-05
Africa_Western,Root_Tuber,Root_TuberAEZ03,Root_TuberAEZ03,2005,SO2_AWB,4.65544873381448e-05
Africa_Western,Root_Tuber,Root_TuberAEZ04,Root_TuberAEZ04,2005,SO2_AWB,0.000498829389247819
Africa_Western,Root_Tuber,Root_TuberAEZ05,Root_TuberAEZ05,2005,SO2_AWB,0.00158863605004302
Africa_Western,Root_Tuber,Root_TuberAEZ06,Root_TuberAEZ06,2005,SO2_AWB,0.000572750447810212
Africa_Western,Root_Tuber,Root_TuberAEZ07,Root_TuberAEZ07,2005,SO2_AWB,0
Africa_Western,Root_Tuber,Root_TuberAEZ09,Root_TuberAEZ09,2005,SO2_AWB,1.24056007278401e-08
Africa_Western,Root_Tuber,Root_TuberAEZ10,Root_TuberAEZ10,2005,SO2_AWB,1.3186207383808e-07
Africa_Western,SugarCrop,SugarCropAEZ01,SugarCropAEZ01,2005,SO2_AWB,1.38516234192953e-05
Africa_Western,SugarCrop,SugarCropAEZ02,SugarCropAEZ02,2005,SO2_AWB,1.03639885931089e-05
Africa_Western,SugarCrop,SugarCropAEZ03,SugarCropAEZ03,2005,SO2_AWB,9.50699396442936e-06
Africa_Western,SugarCrop,SugarCropAEZ04,SugarCropAEZ04,2005,SO2_AWB,2.08167776164923e-05
Africa_Western,SugarCrop,SugarCropAEZ05,SugarCropAEZ05,2005,SO2_AWB,8.39694298353796e-05
Africa_Western,SugarCrop,SugarCropAEZ06,SugarCropAEZ06,2005,SO2_AWB,4.24016665178228e-05
Africa_Western,SugarCrop,SugarCropAEZ07,SugarCropAEZ07,2005,SO2_AWB,0
Africa_Western,SugarCrop,SugarCropAEZ09,SugarCropAEZ09,2005,SO2_AWB,0
Africa_Western,SugarCrop,SugarCropAEZ10,SugarCropAEZ10,2005,SO2_AWB,0
Africa_Western,Wheat,WheatAEZ01,WheatAEZ01,2005,SO2_AWB,9.64398207996646e-08
Africa_Western,Wheat,WheatAEZ02,WheatAEZ02,2005,SO2_AWB,1.06505379866522e-06
Africa_Western,Wheat,WheatAEZ03,WheatAEZ03,2005,SO2_AWB,4.68211898541779e-07
Africa_Western,Wheat,WheatAEZ04,WheatAEZ04,2005,SO2_AWB,0
Africa_Western,Wheat,WheatAEZ05,WheatAEZ05,2005,SO2_AWB,3.33339943123208e-08
Africa_Western,Wheat,WheatAEZ06,WheatAEZ06,2005,SO2_AWB,7.170076815807e-08
Africa_Western,Wheat,WheatAEZ07,WheatAEZ07,2005,SO2_AWB,0
Africa_Western,Wheat,WheatAEZ09,WheatAEZ09,2005,SO2_AWB,0
Africa_Western,Wheat,WheatAEZ10,WheatAEZ10,2005,SO2_AWB,0
Australia_NZ,Corn,CornAEZ01,CornAEZ01,2005,CH4_AWB,1.22225742595451e-06
Australia_NZ,Corn,CornAEZ02,CornAEZ02,2005,CH4_AWB,1.9472121428717e-07
Australia_NZ,Corn,CornAEZ03,CornAEZ03,2005,CH4_AWB,3.37278142492017e-06
Australia_NZ,Corn,CornAEZ04,CornAEZ04,2005,CH4_AWB,2.36004020747563e-06
Australia_NZ,Corn,CornAEZ05,CornAEZ05,2005,CH4_AWB,8.87699653367981e-08
Australia_NZ,Corn,CornAEZ06,CornAEZ06,2005,CH4_AWB,2.49128612396821e-07
Australia_NZ,Corn,CornAEZ07,CornAEZ07,2005,CH4_AWB,2.16975749145529e-05
Australia_NZ,Corn,CornAEZ08,CornAEZ08,2005,CH4_AWB,1.82169332091698e-05
Australia_NZ,Corn,CornAEZ09,CornAEZ09,2005,CH4_AWB,1.68228629470795e-05
Australia_NZ,Corn,CornAEZ10,CornAEZ10,2005,CH4_AWB,1.29728236440045e-05
Australia_NZ,Corn,CornAEZ11,CornAEZ11,2005,CH4_AWB,5.695261437385e-05
Australia_NZ,Corn,CornAEZ12,CornAEZ12,2005,CH4_AWB,9.56171841146851e-05
Australia_NZ,Corn,CornAEZ15,CornAEZ15,2005,CH4_AWB,0
Australia_NZ,Corn,CornAEZ16,CornAEZ16,2005,CH4_AWB,1.54058843068378e-06
Australia_NZ,Corn,CornAEZ17,CornAEZ17,2005,CH4_AWB,0
Australia_NZ,FiberCrop,FiberCropAEZ01,FiberCropAEZ01,2005,CH4_AWB,9.79938201382486e-09
Australia_NZ,FiberCrop,FiberCropAEZ02,FiberCropAEZ02,2005,CH4_AWB,0
Australia_NZ,FiberCrop,FiberCropAEZ03,FiberCropAEZ03,2005,CH4_AWB,0
Australia_NZ,FiberCrop,FiberCropAEZ04,FiberCropAEZ04,2005,CH4_AWB,0
Australia_NZ,FiberCrop,FiberCropAEZ05,FiberCropAEZ05,2005,CH4_AWB,0
Australia_NZ,FiberCrop,FiberCropAEZ06,FiberCropAEZ06,2005,CH4_AWB,0
Australia_NZ,FiberCrop,FiberCropAEZ07,FiberCropAEZ07,2005,CH4_AWB,7.16948919816795e-05
Australia_NZ,FiberCrop,FiberCropAEZ08,FiberCropAEZ08,2005,CH4_AWB,8.4646735189352e-05
Australia_NZ,FiberCrop,FiberCropAEZ09,FiberCropAEZ09,2005,CH4_AWB,6.5465098189424e-05
Australia_NZ,FiberCrop,FiberCropAEZ10,FiberCropAEZ10,2005,CH4_AWB,4.17499404238335e-05
Australia_NZ,FiberCrop,FiberCropAEZ11,FiberCropAEZ11,2005,CH4_AWB,1.64067786596799e-05
Australia_NZ,FiberCrop,FiberCropAEZ12,FiberCropAEZ12,2005,CH4_AWB,9.16542732674382e-05
Australia_NZ,FiberCrop,FiberCropAEZ15,FiberCropAEZ15,2005,CH4_AWB,0
Australia_NZ,FiberCrop,FiberCropAEZ16,FiberCropAEZ16,2005,CH4_AWB,8.49279774531489e-09
Australia_NZ,FiberCrop,FiberCropAEZ17,FiberCropAEZ17,2005,CH4_AWB,0
Australia_NZ,FodderGrass,FodderGrassAEZ01,FodderGrassAEZ01,2005,CH4_AWB,2.27172698159353e-06
Australia_NZ,FodderGrass,FodderGrassAEZ02,FodderGrassAEZ02,2005,CH4_AWB,2.31446351237252e-05
Australia_NZ,FodderGrass,FodderGrassAEZ03,FodderGrassAEZ03,2005,CH4_AWB,1.40974993954672e-05
Australia_NZ,FodderGrass,FodderGrassAEZ04,FodderGrassAEZ04,2005,CH4_AWB,1.36765339219006e-05
Australia_NZ,FodderGrass,FodderGrassAEZ05,FodderGrassAEZ05,2005,CH4_AWB,3.11462798233928e-07
Australia_NZ,FodderGrass,FodderGrassAEZ06,FodderGrassAEZ06,2005,CH4_AWB,9.65278933118221e-07
Australia_NZ,FodderGrass,FodderGrassAEZ07,FodderGrassAEZ07,2005,CH4_AWB,0.00038841606788403
Australia_NZ,FodderGrass,FodderGrassAEZ08,FodderGrassAEZ08,2005,CH4_AWB,0.000802486853903899
Australia_NZ,FodderGrass,FodderGrassAEZ09,FodderGrassAEZ09,2005,CH4_AWB,0.000717438373473862
Australia_NZ,FodderGrass,FodderGrassAEZ10,FodderGrassAEZ10,2005,CH4_AWB,0.000230363846994197
Australia_NZ,FodderGrass,FodderGrassAEZ11,FodderGrassAEZ11,2005,CH4_AWB,0.000114899965446405
Australia_NZ,FodderGrass,FodderGrassAEZ12,FodderGrassAEZ12,2005,CH4_AWB,0.000143575140775571
Australia_NZ,FodderGrass,FodderGrassAEZ15,FodderGrassAEZ15,2005,CH4_AWB,2.393638784308e-10
Australia_NZ,FodderGrass,FodderGrassAEZ16,FodderGrassAEZ16,2005,CH4_AWB,1.57980159764328e-08
Australia_NZ,FodderGrass,FodderGrassAEZ17,FodderGrassAEZ17,2005,CH4_AWB,3.55115210800386e-07
Australia_NZ,FodderHerb,FodderHerbAEZ01,FodderHerbAEZ01,2005,CH4_AWB,0
Australia_NZ,FodderHerb,FodderHerbAEZ02,FodderHerbAEZ02,2005,CH4_AWB,4.34096103015704e-07
Australia_NZ,FodderHerb,FodderHerbAEZ03,FodderHerbAEZ03,2005,CH4_AWB,0
Australia_NZ,FodderHerb,FodderHerbAEZ04,FodderHerbAEZ04,2005,CH4_AWB,1.17872537335724e-07
Australia_NZ,FodderHerb,FodderHerbAEZ05,FodderHerbAEZ05,2005,CH4_AWB,0
Australia_NZ,FodderHerb,FodderHerbAEZ06,FodderHerbAEZ06,2005,CH4_AWB,4.40071021287548e-06
Australia_NZ,FodderHerb,FodderHerbAEZ07,FodderHerbAEZ07,2005,CH4_AWB,0.000200532889656041
Australia_NZ,FodderHerb,FodderHerbAEZ08,FodderHerbAEZ08,2005,CH4_AWB,0.00019993864948506
Australia_NZ,FodderHerb,FodderHerbAEZ09,FodderHerbAEZ09,2005,CH4_AWB,0.000275723374765475
Australia_NZ,FodderHerb,FodderHerbAEZ10,FodderHerbAEZ10,2005,CH4_AWB,0.000138687608058138
Australia_NZ,FodderHerb,FodderHerbAEZ11,FodderHerbAEZ11,2005,CH4_AWB,0.00109198175376082
Australia_NZ,FodderHerb,FodderHerbAEZ12,FodderHerbAEZ12,2005,CH4_AWB,0.00178649527934044
Australia_NZ,FodderHerb,FodderHerbAEZ15,FodderHerbAEZ15,2005,CH4_AWB,2.34525703595563e-07
Australia_NZ,FodderHerb,FodderHerbAEZ16,FodderHerbAEZ16,2005,CH4_AWB,3.36603320928301e-05
Australia_NZ,FodderHerb,FodderHerbAEZ17,FodderHerbAEZ17,2005,CH4_AWB,8.08849480338246e-08
Australia_NZ,MiscCrop,MiscCropAEZ01,MiscCropAEZ01,2005,CH4_AWB,3.48329311352306e-06
Australia_NZ,MiscCrop,MiscCropAEZ02,MiscCropAEZ02,2005,CH4_AWB,2.61809718329359e-05
Australia_NZ,MiscCrop,MiscCropAEZ03,MiscCropAEZ03,2005,CH4_AWB,2.74246511664982e-05
Australia_NZ,MiscCrop,MiscCropAEZ04,MiscCropAEZ04,2005,CH4_AWB,2.40206364168674e-05
Australia_NZ,MiscCrop,MiscCropAEZ05,MiscCropAEZ05,2005,CH4_AWB,6.18654375374752e-07
Australia_NZ,MiscCrop,MiscCropAEZ06,MiscCropAEZ06,2005,CH4_AWB,1.88640035511866e-06
Australia_NZ,MiscCrop,MiscCropAEZ07,MiscCropAEZ07,2005,CH4_AWB,0.000298988439624763
Australia_NZ,MiscCrop,MiscCropAEZ08,MiscCropAEZ08,2005,CH4_AWB,0.000678110316923924
Australia_NZ,MiscCrop,MiscCropAEZ09,MiscCropAEZ09,2005,CH4_AWB,0.000482963792832601
Australia_NZ,MiscCrop,MiscCropAEZ10,MiscCropAEZ10,2005,CH4_AWB,0.000194617057875327
Australia_NZ,MiscCrop,MiscCropAEZ11,MiscCropAEZ11,2005,CH4_AWB,0.000549757230097034
Australia_NZ,MiscCrop,MiscCropAEZ12,MiscCropAEZ12,2005,CH4_AWB,0.000839807742035457
Australia_NZ,MiscCrop,MiscCropAEZ15,MiscCropAEZ15,2005,CH4_AWB,0
Australia_NZ,MiscCrop,MiscCropAEZ16,MiscCropAEZ16,2005,CH4_AWB,1.20630524772729e-05
Australia_NZ,MiscCrop,MiscCropAEZ17,MiscCropAEZ17,2005,CH4_AWB,5.01860357140386e-07
Australia_NZ,OilCrop,OilCropAEZ01,OilCropAEZ01,2005,CH4_AWB,2.45151756451884e-08
Australia_NZ,OilCrop,OilCropAEZ02,OilCropAEZ02,2005,CH4_AWB,2.47687809104834e-07
Australia_NZ,OilCrop,OilCropAEZ03,OilCropAEZ03,2005,CH4_AWB,3.27996143114934e-07
Australia_NZ,OilCrop,OilCropAEZ04,OilCropAEZ04,2005,CH4_AWB,2.98704734973356e-06
Australia_NZ,OilCrop,OilCropAEZ05,OilCropAEZ05,2005,CH4_AWB,0
Australia_NZ,OilCrop,OilCropAEZ06,OilCropAEZ06,2005,CH4_AWB,1.14122369382774e-08
Australia_NZ,OilCrop,OilCropAEZ07,OilCropAEZ07,2005,CH4_AWB,8.10099752440828e-05
Australia_NZ,OilCrop,OilCropAEZ08,OilCropAEZ08,2005,CH4_AWB,9.10447129163658e-05
Australia_NZ,OilCrop,OilCropAEZ09,OilCropAEZ09,2005,CH4_AWB,0.000182319361273265
Australia_NZ,OilCrop,OilCropAEZ10,OilCropAEZ10,2005,CH4_AWB,7.54179791443267e-05
Australia_NZ,OilCrop,OilCropAEZ11,OilCropAEZ11,2005,CH4_AWB,3.59612266188385e-05
Australia_NZ,OilCrop,OilCropAEZ12,OilCropAEZ12,2005,CH4_AWB,3.19026970232333e-05
Australia_NZ,OilCrop,OilCropAEZ15,OilCropAEZ15,2005,CH4_AWB,0
Australia_NZ,OilCrop,OilCropAEZ16,OilCropAEZ16,2005,CH4_AWB,6.34013163237629e-09
Australia_NZ,OilCrop,OilCropAEZ17,OilCropAEZ17,2005,CH4_AWB,0
Australia_NZ,OtherGrain,OtherGrainAEZ01,OtherGrainAEZ01,2005,CH4_AWB,1.31530657286361e-06
Australia_NZ,OtherGrain,OtherGrainAEZ02,OtherGrainAEZ02,2005,CH4_AWB,8.68042369705202e-06
Australia_NZ,OtherGrain,OtherGrainAEZ03,OtherGrainAEZ03,2005,CH4_AWB,1.53619012347368e-06
Australia_NZ,OtherGrain,OtherGrainAEZ04,OtherGrainAEZ04,2005,CH4_AWB,1.40855741119809e-05
Australia_NZ,OtherGrain,OtherGrainAEZ05,OtherGrainAEZ05,2005,CH4_AWB,2.79852462311407e-08
Australia_NZ,OtherGrain,OtherGrainAEZ06,OtherGrainAEZ06,2005,CH4_AWB,4.64754982052869e-07
Australia_NZ,OtherGrain,OtherGrainAEZ07,OtherGrainAEZ07,2005,CH4_AWB,0.000645753559945092
Australia_NZ,OtherGrain,OtherGrainAEZ08,OtherGrainAEZ08,2005,CH4_AWB,0.00107011233879985
Australia_NZ,OtherGrain,OtherGrainAEZ09,OtherGrainAEZ09,2005,CH4_AWB,0.00127452607226636
Australia_NZ,OtherGrain,OtherGrainAEZ10,OtherGrainAEZ10,2005,CH4_AWB,0.000393332635778682
Australia_NZ,OtherGrain,OtherGrainAEZ11,OtherGrainAEZ11,2005,CH4_AWB,0.000227287674368147
Australia_NZ,OtherGrain,OtherGrainAEZ12,OtherGrainAEZ12,2005,CH4_AWB,0.000418410914557562
Australia_NZ,OtherGrain,OtherGrainAEZ15,OtherGrainAEZ15,2005,CH4_AWB,3.89794501076603e-08
Australia_NZ,OtherGrain,OtherGrainAEZ16,OtherGrainAEZ16,2005,CH4_AWB,2.92645717731357e-06
Australia_NZ,OtherGrain,OtherGrainAEZ17,OtherGrainAEZ17,2005,CH4_AWB,2.18384867910865e-07
Australia_NZ,PalmFruit,PalmFruitAEZ01,PalmFruitAEZ01,2005,CH4_AWB,0
Australia_NZ,PalmFruit,PalmFruitAEZ02,PalmFruitAEZ02,2005,CH4_AWB,0
Australia_NZ,PalmFruit,PalmFruitAEZ03,PalmFruitAEZ03,2005,CH4_AWB,0
Australia_NZ,PalmFruit,PalmFruitAEZ04,PalmFruitAEZ04,2005,CH4_AWB,0
Australia_NZ,PalmFruit,PalmFruitAEZ05,PalmFruitAEZ05,2005,CH4_AWB,0
Australia_NZ,PalmFruit,PalmFruitAEZ06,PalmFruitAEZ06,2005,CH4_AWB,0
Australia_NZ,PalmFruit,PalmFruitAEZ07,PalmFruitAEZ07,2005,CH4_AWB,0
Australia_NZ,PalmFruit,PalmFruitAEZ08,PalmFruitAEZ08,2005,CH4_AWB,0
Australia_NZ,PalmFruit,PalmFruitAEZ09,PalmFruitAEZ09,2005,CH4_AWB,0
Australia_NZ,PalmFruit,PalmFruitAEZ10,PalmFruitAEZ10,2005,CH4_AWB,0
Australia_NZ,PalmFruit,PalmFruitAEZ11,PalmFruitAEZ11,2005,CH4_AWB,0
Australia_NZ,PalmFruit,PalmFruitAEZ12,PalmFruitAEZ12,2005,CH4_AWB,0
Australia_NZ,PalmFruit,PalmFruitAEZ15,PalmFruitAEZ15,2005,CH4_AWB,0
Australia_NZ,PalmFruit,PalmFruitAEZ16,PalmFruitAEZ16,2005,CH4_AWB,0
Australia_NZ,PalmFruit,PalmFruitAEZ17,PalmFruitAEZ17,2005,CH4_AWB,0
Australia_NZ,Rice,RiceAEZ01,RiceAEZ01,2005,CH4_AWB,0
Australia_NZ,Rice,RiceAEZ02,RiceAEZ02,2005,CH4_AWB,0
Australia_NZ,Rice,RiceAEZ03,RiceAEZ03,2005,CH4_AWB,0
Australia_NZ,Rice,RiceAEZ04,RiceAEZ04,2005,CH4_AWB,0
Australia_NZ,Rice,RiceAEZ05,RiceAEZ05,2005,CH4_AWB,0
Australia_NZ,Rice,RiceAEZ06,RiceAEZ06,2005,CH4_AWB,0
Australia_NZ,Rice,RiceAEZ07,RiceAEZ07,2005,CH4_AWB,5.76354951804686e-05
Australia_NZ,Rice,RiceAEZ08,RiceAEZ08,2005,CH4_AWB,3.19259678003225e-05
Australia_NZ,Rice,RiceAEZ09,RiceAEZ09,2005,CH4_AWB,6.01479178121012e-05
Australia_NZ,Rice,RiceAEZ10,RiceAEZ10,2005,CH4_AWB,1.43628913571484e-05
Australia_NZ,Rice,RiceAEZ11,RiceAEZ11,2005,CH4_AWB,5.24575356211402e-06
Australia_NZ,Rice,RiceAEZ12,RiceAEZ12,2005,CH4_AWB,0
Australia_NZ,Rice,RiceAEZ15,RiceAEZ15,2005,CH4_AWB,0
Australia_NZ,Rice,RiceAEZ16,RiceAEZ16,2005,CH4_AWB,0
Australia_NZ,Rice,RiceAEZ17,RiceAEZ17,2005,CH4_AWB,0
Australia_NZ,Root_Tuber,Root_TuberAEZ01,Root_TuberAEZ01,2005,CH4_AWB,0
Australia_NZ,Root_Tuber,Root_TuberAEZ02,Root_TuberAEZ02,2005,CH4_AWB,0
Australia_NZ,Root_Tuber,Root_TuberAEZ03,Root_TuberAEZ03,2005,CH4_AWB,0
Australia_NZ,Root_Tuber,Root_TuberAEZ04,Root_TuberAEZ04,2005,CH4_AWB,0
Australia_NZ,Root_Tuber,Root_TuberAEZ05,Root_TuberAEZ05,2005,CH4_AWB,0
Australia_NZ,Root_Tuber,Root_TuberAEZ06,Root_TuberAEZ06,2005,CH4_AWB,0
Australia_NZ,Root_Tuber,Root_TuberAEZ07,Root_TuberAEZ07,2005,CH4_AWB,2.32936853148206e-05
Australia_NZ,Root_Tuber,Root_TuberAEZ08,Root_TuberAEZ08,2005,CH4_AWB,9.00339257872546e-06
Australia_NZ,Root_Tuber,Root_TuberAEZ09,Root_TuberAEZ09,2005,CH4_AWB,2.87058839617659e-05
Australia_NZ,Root_Tuber,Root_TuberAEZ10,Root_TuberAEZ10,2005,CH4_AWB,7.14062170036846e-06
Australia_NZ,Root_Tuber,Root_TuberAEZ11,Root_TuberAEZ11,2005,CH4_AWB,0.000251998930028972
Australia_NZ,Root_Tuber,Root_TuberAEZ12,Root_TuberAEZ12,2005,CH4_AWB,0.000290100808503467
Australia_NZ,Root_Tuber,Root_TuberAEZ15,Root_TuberAEZ15,2005,CH4_AWB,0
Australia_NZ,Root_Tuber,Root_TuberAEZ16,Root_TuberAEZ16,2005,CH4_AWB,4.19680329806215e-06
Australia_NZ,Root_Tuber,Root_TuberAEZ17,Root_TuberAEZ17,2005,CH4_AWB,2.06881728343684e-06
Australia_NZ,SugarCrop,SugarCropAEZ01,SugarCropAEZ01,2005,CH4_AWB,6.60754906741655e-05
Australia_NZ,SugarCrop,SugarCropAEZ02,SugarCropAEZ02,2005,CH4_AWB,0.00140273977184928
Australia_NZ,SugarCrop,SugarCropAEZ03,SugarCropAEZ03,2005,CH4_AWB,0.00185978720694479
Australia_NZ,SugarCrop,SugarCropAEZ04,SugarCropAEZ04,2005,CH4_AWB,0.000913717265709912
Australia_NZ,SugarCrop,SugarCropAEZ05,SugarCropAEZ05,2005,CH4_AWB,3.33593267234518e-05
Australia_NZ,SugarCrop,SugarCropAEZ06,SugarCropAEZ06,2005,CH4_AWB,9.23569390103835e-05
Australia_NZ,SugarCrop,SugarCropAEZ07,SugarCropAEZ07,2005,CH4_AWB,0.00177987312961523
Australia_NZ,SugarCrop,SugarCropAEZ08,SugarCropAEZ08,2005,CH4_AWB,0.000882781930369313
Australia_NZ,SugarCrop,SugarCropAEZ09,SugarCropAEZ09,2005,CH4_AWB,0.000866546702188335
Australia_NZ,SugarCrop,SugarCropAEZ10,SugarCropAEZ10,2005,CH4_AWB,0.00268556541784801
Australia_NZ,SugarCrop,SugarCropAEZ11,SugarCropAEZ11,2005,CH4_AWB,0.000715377865244469
Australia_NZ,SugarCrop,SugarCropAEZ12,SugarCropAEZ12,2005,CH4_AWB,0.00127365065113577
Australia_NZ,SugarCrop,SugarCropAEZ15,SugarCropAEZ15,2005,CH4_AWB,0
Australia_NZ,SugarCrop,SugarCropAEZ16,SugarCropAEZ16,2005,CH4_AWB,0
Australia_NZ,SugarCrop,SugarCropAEZ17,SugarCropAEZ17,2005,CH4_AWB,0
Australia_NZ,Wheat,WheatAEZ01,WheatAEZ01,2005,CH4_AWB,4.39766475242301e-06
Australia_NZ,Wheat,WheatAEZ02,WheatAEZ02,2005,CH4_AWB,4.65717069442078e-05
Australia_NZ,Wheat,WheatAEZ03,WheatAEZ03,2005,CH4_AWB,0
Australia_NZ,Wheat,WheatAEZ04,WheatAEZ04,2005,CH4_AWB,6.89207339461655e-06
Australia_NZ,Wheat,WheatAEZ05,WheatAEZ05,2005,CH4_AWB,0
Australia_NZ,Wheat,WheatAEZ06,WheatAEZ06,2005,CH4_AWB,3.00130599818429e-07
Australia_NZ,Wheat,WheatAEZ07,WheatAEZ07,2005,CH4_AWB,0.00104501876933046
Australia_NZ,Wheat,WheatAEZ08,WheatAEZ08,2005,CH4_AWB,0.00232115722872324
Australia_NZ,Wheat,WheatAEZ09,WheatAEZ09,2005,CH4_AWB,0.0019227245210799
Australia_NZ,Wheat,WheatAEZ10,WheatAEZ10,2005,CH4_AWB,0.000575028823883079
Australia_NZ,Wheat,WheatAEZ11,WheatAEZ11,2005,CH4_AWB,0.000279831478476234
Australia_NZ,Wheat,WheatAEZ12,WheatAEZ12,2005,CH4_AWB,0.000522584758890224
Australia_NZ,Wheat,WheatAEZ15,WheatAEZ15,2005,CH4_AWB,3.14249034711254e-08
Australia_NZ,Wheat,WheatAEZ16,WheatAEZ16,2005,CH4_AWB,2.1378043028038e-06
Australia_NZ,Wheat,WheatAEZ17,WheatAEZ17,2005,CH4_AWB,1.18412679746269e-08
Australia_NZ,Corn,CornAEZ01,CornAEZ01,2005,CO_AWB,5.16627553091326e-05
Australia_NZ,Corn,CornAEZ02,CornAEZ02,2005,CO_AWB,8.23053657404377e-06
Australia_NZ,Corn,CornAEZ03,CornAEZ03,2005,CO_AWB,0.000142561769531293
Australia_NZ,Corn,CornAEZ04,CornAEZ04,2005,CO_AWB,9.9754910192761e-05
Australia_NZ,Corn,CornAEZ05,CornAEZ05,2005,CO_AWB,3.75215637934349e-06
Australia_NZ,Corn,CornAEZ06,CornAEZ06,2005,CO_AWB,1.05302453226737e-05
Australia_NZ,Corn,CornAEZ07,CornAEZ07,2005,CO_AWB,0.000917119814376841
Australia_NZ,Corn,CornAEZ08,CornAEZ08,2005,CO_AWB,0.000769998973115811
Australia_NZ,Corn,CornAEZ09,CornAEZ09,2005,CO_AWB,0.00071107397965311
Australia_NZ,Corn,CornAEZ10,CornAEZ10,2005,CO_AWB,0.000548339326361906
Australia_NZ,Corn,CornAEZ11,CornAEZ11,2005,CO_AWB,0.00240729073772148
Australia_NZ,Corn,CornAEZ12,CornAEZ12,2005,CO_AWB,0.00404157674264692
Australia_NZ,Corn,CornAEZ15,CornAEZ15,2005,CO_AWB,0
Australia_NZ,Corn,CornAEZ16,CornAEZ16,2005,CO_AWB,6.51180687769932e-05
Australia_NZ,Corn,CornAEZ17,CornAEZ17,2005,CO_AWB,0
Australia_NZ,FiberCrop,FiberCropAEZ01,FiberCropAEZ01,2005,CO_AWB,4.14203312993239e-07
Australia_NZ,FiberCrop,FiberCropAEZ02,FiberCropAEZ02,2005,CO_AWB,0
Australia_NZ,FiberCrop,FiberCropAEZ03,FiberCropAEZ03,2005,CO_AWB,0
Australia_NZ,FiberCrop,FiberCropAEZ04,FiberCropAEZ04,2005,CO_AWB,0
Australia_NZ,FiberCrop,FiberCropAEZ05,FiberCropAEZ05,2005,CO_AWB,0
Australia_NZ,FiberCrop,FiberCropAEZ06,FiberCropAEZ06,2005,CO_AWB,0
Australia_NZ,FiberCrop,FiberCropAEZ07,FiberCropAEZ07,2005,CO_AWB,0.00303042189207533
Australia_NZ,FiberCrop,FiberCropAEZ08,FiberCropAEZ08,2005,CO_AWB,0.0035778744108585
Australia_NZ,FiberCrop,FiberCropAEZ09,FiberCropAEZ09,2005,CO_AWB,0.00276709903922843
Australia_NZ,FiberCrop,FiberCropAEZ10,FiberCropAEZ10,2005,CO_AWB,0.00176469940823059
Australia_NZ,FiberCrop,FiberCropAEZ11,FiberCropAEZ11,2005,CO_AWB,0.000693486800167483
Australia_NZ,FiberCrop,FiberCropAEZ12,FiberCropAEZ12,2005,CO_AWB,0.00387407119997997
Australia_NZ,FiberCrop,FiberCropAEZ15,FiberCropAEZ15,2005,CO_AWB,0
Australia_NZ,FiberCrop,FiberCropAEZ16,FiberCropAEZ16,2005,CO_AWB,3.58976204594141e-07
Australia_NZ,FiberCrop,FiberCropAEZ17,FiberCropAEZ17,2005,CO_AWB,0
Australia_NZ,FodderGrass,FodderGrassAEZ01,FodderGrassAEZ01,2005,CO_AWB,9.60220594181021e-05
Australia_NZ,FodderGrass,FodderGrassAEZ02,FodderGrassAEZ02,2005,CO_AWB,0.000978284603329274
Australia_NZ,FodderGrass,FodderGrassAEZ03,FodderGrassAEZ03,2005,CO_AWB,0.000595877469240893
Australia_NZ,FodderGrass,FodderGrassAEZ04,FodderGrassAEZ04,2005,CO_AWB,0.000578083970267077
Australia_NZ,FodderGrass,FodderGrassAEZ05,FodderGrassAEZ05,2005,CO_AWB,1.31650059892178e-05
Australia_NZ,FodderGrass,FodderGrassAEZ06,FodderGrassAEZ06,2005,CO_AWB,4.08007088096048e-05
Australia_NZ,FodderGrass,FodderGrassAEZ07,FodderGrassAEZ07,2005,CO_AWB,0.0164176906166531
Australia_NZ,FodderGrass,FodderGrassAEZ08,FodderGrassAEZ08,2005,CO_AWB,0.0339197628025503
Australia_NZ,FodderGrass,FodderGrassAEZ09,FodderGrassAEZ09,2005,CO_AWB,0.0303249072994723
Australia_NZ,FodderGrass,FodderGrassAEZ10,FodderGrassAEZ10,2005,CO_AWB,0.00973709040878805
Australia_NZ,FodderGrass,FodderGrassAEZ11,FodderGrassAEZ11,2005,CO_AWB,0.00485662731420897
Australia_NZ,FodderGrass,FodderGrassAEZ12,FodderGrassAEZ12,2005,CO_AWB,0.00606867850327841
Australia_NZ,FodderGrass,FodderGrassAEZ15,FodderGrassAEZ15,2005,CO_AWB,1.01175065240925e-08
Australia_NZ,FodderGrass,FodderGrassAEZ16,FodderGrassAEZ16,2005,CO_AWB,6.67755430590108e-07
Australia_NZ,FodderGrass,FodderGrassAEZ17,FodderGrassAEZ17,2005,CO_AWB,1.50101196790063e-05
Australia_NZ,FodderHerb,FodderHerbAEZ01,FodderHerbAEZ01,2005,CO_AWB,0
Australia_NZ,FodderHerb,FodderHerbAEZ02,FodderHerbAEZ02,2005,CO_AWB,1.83485084848099e-05
Australia_NZ,FodderHerb,FodderHerbAEZ03,FodderHerbAEZ03,2005,CO_AWB,0
Australia_NZ,FodderHerb,FodderHerbAEZ04,FodderHerbAEZ04,2005,CO_AWB,4.9822729031787e-06
Australia_NZ,FodderHerb,FodderHerbAEZ05,FodderHerbAEZ05,2005,CO_AWB,0
Australia_NZ,FodderHerb,FodderHerbAEZ06,FodderHerbAEZ06,2005,CO_AWB,0.000186010581802468
Australia_NZ,FodderHerb,FodderHerbAEZ07,FodderHerbAEZ07,2005,CO_AWB,0.00847618626791546
Australia_NZ,FodderHerb,FodderHerbAEZ08,FodderHerbAEZ08,2005,CO_AWB,0.0084510687403829
Australia_NZ,FodderHerb,FodderHerbAEZ09,FodderHerbAEZ09,2005,CO_AWB,0.0116543609726018
Australia_NZ,FodderHerb,FodderHerbAEZ10,FodderHerbAEZ10,2005,CO_AWB,0.00586209075712593
Australia_NZ,FodderHerb,FodderHerbAEZ11,FodderHerbAEZ11,2005,CO_AWB,0.046156222861584
Australia_NZ,FodderHerb,FodderHerbAEZ12,FodderHerbAEZ12,2005,CO_AWB,0.0755121355923921
Australia_NZ,FodderHerb,FodderHerbAEZ15,FodderHerbAEZ15,2005,CO_AWB,9.91300505218662e-06
Australia_NZ,FodderHerb,FodderHerbAEZ16,FodderHerbAEZ16,2005,CO_AWB,0.00142276533863394
Australia_NZ,FodderHerb,FodderHerbAEZ17,FodderHerbAEZ17,2005,CO_AWB,3.418870026664e-06
Australia_NZ,MiscCrop,MiscCropAEZ01,MiscCropAEZ01,2005,CO_AWB,0.000147232911801205
Australia_NZ,MiscCrop,MiscCropAEZ02,MiscCropAEZ02,2005,CO_AWB,0.00110662542344872
Australia_NZ,MiscCrop,MiscCropAEZ03,MiscCropAEZ03,2005,CO_AWB,0.00115919364658116
Australia_NZ,MiscCrop,MiscCropAEZ04,MiscCropAEZ04,2005,CO_AWB,0.0010153116972107
Australia_NZ,MiscCrop,MiscCropAEZ05,MiscCropAEZ05,2005,CO_AWB,2.61494746828394e-05
Australia_NZ,MiscCrop,MiscCropAEZ06,MiscCropAEZ06,2005,CO_AWB,7.97349542674678e-05
Australia_NZ,MiscCrop,MiscCropAEZ07,MiscCropAEZ07,2005,CO_AWB,0.0126377359372806
Australia_NZ,MiscCrop,MiscCropAEZ08,MiscCropAEZ08,2005,CO_AWB,0.0286625768286743
Australia_NZ,MiscCrop,MiscCropAEZ09,MiscCropAEZ09,2005,CO_AWB,0.0204140631281465
Australia_NZ,MiscCrop,MiscCropAEZ10,MiscCropAEZ10,2005,CO_AWB,0.00822613405857964
Australia_NZ,MiscCrop,MiscCropAEZ11,MiscCropAEZ11,2005,CO_AWB,0.0232373088146707
Australia_NZ,MiscCrop,MiscCropAEZ12,MiscCropAEZ12,2005,CO_AWB,0.0354972536571912
Australia_NZ,MiscCrop,MiscCropAEZ15,MiscCropAEZ15,2005,CO_AWB,0
Australia_NZ,MiscCrop,MiscCropAEZ16,MiscCropAEZ16,2005,CO_AWB,0.00050988483700795
Australia_NZ,MiscCrop,MiscCropAEZ17,MiscCropAEZ17,2005,CO_AWB,2.12127889589623e-05
Australia_NZ,OilCrop,OilCropAEZ01,OilCropAEZ01,2005,CO_AWB,1.03621503443e-06
Australia_NZ,OilCrop,OilCropAEZ02,OilCropAEZ02,2005,CO_AWB,1.04693450030341e-05
Australia_NZ,OilCrop,OilCropAEZ03,OilCropAEZ03,2005,CO_AWB,1.38638425296151e-05
Australia_NZ,OilCrop,OilCropAEZ04,OilCropAEZ04,2005,CO_AWB,0.000126257442212358
Australia_NZ,OilCrop,OilCropAEZ05,OilCropAEZ05,2005,CO_AWB,0
Australia_NZ,OilCrop,OilCropAEZ06,OilCropAEZ06,2005,CO_AWB,4.82375964303619e-07
Australia_NZ,OilCrop,OilCropAEZ07,OilCropAEZ07,2005,CO_AWB,0.00342415471549746
Australia_NZ,OilCrop,OilCropAEZ08,OilCropAEZ08,2005,CO_AWB,0.00384830611433198
Australia_NZ,OilCrop,OilCropAEZ09,OilCropAEZ09,2005,CO_AWB,0.00770633121105582
Australia_NZ,OilCrop,OilCropAEZ10,OilCropAEZ10,2005,CO_AWB,0.00318779049298868
Australia_NZ,OilCrop,OilCropAEZ11,OilCropAEZ11,2005,CO_AWB,0.00152002026085007
Australia_NZ,OilCrop,OilCropAEZ12,OilCropAEZ12,2005,CO_AWB,0.00134847307532254
Australia_NZ,OilCrop,OilCropAEZ15,OilCropAEZ15,2005,CO_AWB,0
Australia_NZ,OilCrop,OilCropAEZ16,OilCropAEZ16,2005,CO_AWB,2.67986646835343e-07
Australia_NZ,OilCrop,OilCropAEZ17,OilCropAEZ17,2005,CO_AWB,0
Australia_NZ,OtherGrain,OtherGrainAEZ01,OtherGrainAEZ01,2005,CO_AWB,5.55957854600715e-05
Australia_NZ,OtherGrain,OtherGrainAEZ02,OtherGrainAEZ02,2005,CO_AWB,0.000366906836413922
Australia_NZ,OtherGrain,OtherGrainAEZ03,OtherGrainAEZ03,2005,CO_AWB,6.49321597660561e-05
Australia_NZ,OtherGrain,OtherGrainAEZ04,OtherGrainAEZ04,2005,CO_AWB,0.000595373407666252
Australia_NZ,OtherGrain,OtherGrainAEZ05,OtherGrainAEZ05,2005,CO_AWB,1.18288905234195e-06
Australia_NZ,OtherGrain,OtherGrainAEZ06,OtherGrainAEZ06,2005,CO_AWB,1.9644407476393e-05
Australia_NZ,OtherGrain,OtherGrainAEZ07,OtherGrainAEZ07,2005,CO_AWB,0.0272949114065649
Australia_NZ,OtherGrain,OtherGrainAEZ08,OtherGrainAEZ08,2005,CO_AWB,0.0452318396589209
Australia_NZ,OtherGrain,OtherGrainAEZ09,OtherGrainAEZ09,2005,CO_AWB,0.0538720626345837
Australia_NZ,OtherGrain,OtherGrainAEZ10,OtherGrainAEZ10,2005,CO_AWB,0.0166255056306661
Australia_NZ,OtherGrain,OtherGrainAEZ11,OtherGrainAEZ11,2005,CO_AWB,0.00960706579180183
Australia_NZ,OtherGrain,OtherGrainAEZ12,OtherGrainAEZ12,2005,CO_AWB,0.017685522082696
Australia_NZ,OtherGrain,OtherGrainAEZ15,OtherGrainAEZ15,2005,CO_AWB,1.647595465762e-06
Australia_NZ,OtherGrain,OtherGrainAEZ16,OtherGrainAEZ16,2005,CO_AWB,0.000123696398044901
Australia_NZ,OtherGrain,OtherGrainAEZ17,OtherGrainAEZ17,2005,CO_AWB,9.23075921202553e-06
Australia_NZ,PalmFruit,PalmFruitAEZ01,PalmFruitAEZ01,2005,CO_AWB,0
Australia_NZ,PalmFruit,PalmFruitAEZ02,PalmFruitAEZ02,2005,CO_AWB,0
Australia_NZ,PalmFruit,PalmFruitAEZ03,PalmFruitAEZ03,2005,CO_AWB,0
Australia_NZ,PalmFruit,PalmFruitAEZ04,PalmFruitAEZ04,2005,CO_AWB,0
Australia_NZ,PalmFruit,PalmFruitAEZ05,PalmFruitAEZ05,2005,CO_AWB,0
Australia_NZ,PalmFruit,PalmFruitAEZ06,PalmFruitAEZ06,2005,CO_AWB,0
Australia_NZ,PalmFruit,PalmFruitAEZ07,PalmFruitAEZ07,2005,CO_AWB,0
Australia_NZ,PalmFruit,PalmFruitAEZ08,PalmFruitAEZ08,2005,CO_AWB,0
Australia_NZ,PalmFruit,PalmFruitAEZ09,PalmFruitAEZ09,2005,CO_AWB,0
Australia_NZ,PalmFruit,PalmFruitAEZ10,PalmFruitAEZ10,2005,CO_AWB,0
Australia_NZ,PalmFruit,PalmFruitAEZ11,PalmFruitAEZ11,2005,CO_AWB,0
Australia_NZ,PalmFruit,PalmFruitAEZ12,PalmFruitAEZ12,2005,CO_AWB,0
Australia_NZ,PalmFruit,PalmFruitAEZ15,PalmFruitAEZ15,2005,CO_AWB,0
Australia_NZ,PalmFruit,PalmFruitAEZ16,PalmFruitAEZ16,2005,CO_AWB,0
Australia_NZ,PalmFruit,PalmFruitAEZ17,PalmFruitAEZ17,2005,CO_AWB,0
Australia_NZ,Rice,RiceAEZ01,RiceAEZ01,2005,CO_AWB,0
Australia_NZ,Rice,RiceAEZ02,RiceAEZ02,2005,CO_AWB,0
Australia_NZ,Rice,RiceAEZ03,RiceAEZ03,2005,CO_AWB,0
Australia_NZ,Rice,RiceAEZ04,RiceAEZ04,2005,CO_AWB,0
Australia_NZ,Rice,RiceAEZ05,RiceAEZ05,2005,CO_AWB,0
Australia_NZ,Rice,RiceAEZ06,RiceAEZ06,2005,CO_AWB,0
Australia_NZ,Rice,RiceAEZ07,RiceAEZ07,2005,CO_AWB,0.00243615495508558
Australia_NZ,Rice,RiceAEZ08,RiceAEZ08,2005,CO_AWB,0.00134945669173352
Australia_NZ,Rice,RiceAEZ09,RiceAEZ09,2005,CO_AWB,0.00254235081276245
Australia_NZ,Rice,RiceAEZ10,RiceAEZ10,2005,CO_AWB,0.000607095138846493
Australia_NZ,Rice,RiceAEZ11,RiceAEZ11,2005,CO_AWB,0.000221729135725941
Australia_NZ,Rice,RiceAEZ12,RiceAEZ12,2005,CO_AWB,0
Australia_NZ,Rice,RiceAEZ15,RiceAEZ15,2005,CO_AWB,0
Australia_NZ,Rice,RiceAEZ16,RiceAEZ16,2005,CO_AWB,0
Australia_NZ,Rice,RiceAEZ17,RiceAEZ17,2005,CO_AWB,0
Australia_NZ,Root_Tuber,Root_TuberAEZ01,Root_TuberAEZ01,2005,CO_AWB,0
Australia_NZ,Root_Tuber,Root_TuberAEZ02,Root_TuberAEZ02,2005,CO_AWB,0
Australia_NZ,Root_Tuber,Root_TuberAEZ03,Root_TuberAEZ03,2005,CO_AWB,0
Australia_NZ,Root_Tuber,Root_TuberAEZ04,Root_TuberAEZ04,2005,CO_AWB,0
Australia_NZ,Root_Tuber,Root_TuberAEZ05,Root_TuberAEZ05,2005,CO_AWB,0
Australia_NZ,Root_Tuber,Root_TuberAEZ06,Root_TuberAEZ06,2005,CO_AWB,0
Australia_NZ,Root_Tuber,Root_TuberAEZ07,Root_TuberAEZ07,2005,CO_AWB,0.000984584702954628
Australia_NZ,Root_Tuber,Root_TuberAEZ08,Root_TuberAEZ08,2005,CO_AWB,0.000380558185100414
Australia_NZ,Root_Tuber,Root_TuberAEZ09,Root_TuberAEZ09,2005,CO_AWB,0.00121334919106006
Australia_NZ,Root_Tuber,Root_TuberAEZ10,Root_TuberAEZ10,2005,CO_AWB,0.000301822008872742
Australia_NZ,Root_Tuber,Root_TuberAEZ11,Root_TuberAEZ11,2005,CO_AWB,0.010651568797042
Australia_NZ,Root_Tuber,Root_TuberAEZ12,Root_TuberAEZ12,2005,CO_AWB,0.0122620707933043
Australia_NZ,Root_Tuber,Root_TuberAEZ15,Root_TuberAEZ15,2005,CO_AWB,0
Australia_NZ,Root_Tuber,Root_TuberAEZ16,Root_TuberAEZ16,2005,CO_AWB,0.000177391781194557
Australia_NZ,Root_Tuber,Root_TuberAEZ17,Root_TuberAEZ17,2005,CO_AWB,8.74454094725862e-05
Australia_NZ,SugarCrop,SugarCropAEZ01,SugarCropAEZ01,2005,CO_AWB,0.00279289929775998
Australia_NZ,SugarCrop,SugarCropAEZ02,SugarCropAEZ02,2005,CO_AWB,0.059291438985403
Australia_NZ,SugarCrop,SugarCropAEZ03,SugarCropAEZ03,2005,CO_AWB,0.0786100614806324
Australia_NZ,SugarCrop,SugarCropAEZ04,SugarCropAEZ04,2005,CO_AWB,0.0386212842873393
Australia_NZ,SugarCrop,SugarCropAEZ05,SugarCropAEZ05,2005,CO_AWB,0.00141004235048537
Australia_NZ,SugarCrop,SugarCropAEZ06,SugarCropAEZ06,2005,CO_AWB,0.00390377169315844
Australia_NZ,SugarCrop,SugarCropAEZ07,SugarCropAEZ07,2005,CO_AWB,0.0752322285174919
Australia_NZ,SugarCrop,SugarCropAEZ08,SugarCropAEZ08,2005,CO_AWB,0.0373136999551278
Australia_NZ,SugarCrop,SugarCropAEZ09,SugarCropAEZ09,2005,CO_AWB,0.0366274643037086
Australia_NZ,SugarCrop,SugarCropAEZ10,SugarCropAEZ10,2005,CO_AWB,0.113514310572177
Australia_NZ,SugarCrop,SugarCropAEZ11,SugarCropAEZ11,2005,CO_AWB,0.0302378130996686
Australia_NZ,SugarCrop,SugarCropAEZ12,SugarCropAEZ12,2005,CO_AWB,0.053835060063193
Australia_NZ,SugarCrop,SugarCropAEZ15,SugarCropAEZ15,2005,CO_AWB,0
Australia_NZ,SugarCrop,SugarCropAEZ16,SugarCropAEZ16,2005,CO_AWB,0
Australia_NZ,SugarCrop,SugarCropAEZ17,SugarCropAEZ17,2005,CO_AWB,0
Australia_NZ,Wheat,WheatAEZ01,WheatAEZ01,2005,CO_AWB,0.000185881855337144
Australia_NZ,Wheat,WheatAEZ02,WheatAEZ02,2005,CO_AWB,0.00196850732840365
Australia_NZ,Wheat,WheatAEZ03,WheatAEZ03,2005,CO_AWB,0
Australia_NZ,Wheat,WheatAEZ04,WheatAEZ04,2005,CO_AWB,0.000291316292131007
Australia_NZ,Wheat,WheatAEZ05,WheatAEZ05,2005,CO_AWB,0
Australia_NZ,Wheat,WheatAEZ06,WheatAEZ06,2005,CO_AWB,1.26860131179761e-05
Australia_NZ,Wheat,WheatAEZ07,WheatAEZ07,2005,CO_AWB,0.0441711768952507
Australia_NZ,Wheat,WheatAEZ08,WheatAEZ08,2005,CO_AWB,0.0981113924081125
Australia_NZ,Wheat,WheatAEZ09,WheatAEZ09,2005,CO_AWB,0.0812703153608139
Australia_NZ,Wheat,WheatAEZ10,WheatAEZ10,2005,CO_AWB,0.0243054963652766
Australia_NZ,Wheat,WheatAEZ11,WheatAEZ11,2005,CO_AWB,0.0118280035721775
Australia_NZ,Wheat,WheatAEZ12,WheatAEZ12,2005,CO_AWB,0.0220887743887043
Australia_NZ,Wheat,WheatAEZ15,WheatAEZ15,2005,CO_AWB,1.32827754953013e-06
Australia_NZ,Wheat,WheatAEZ16,WheatAEZ16,2005,CO_AWB,9.03613741665854e-05
Australia_NZ,Wheat,WheatAEZ17,WheatAEZ17,2005,CO_AWB,5.00510380982365e-07
Australia_NZ,Corn,CornAEZ01,CornAEZ01,2005,N2O_AWB,3.16792777132015e-08
Australia_NZ,Corn,CornAEZ02,CornAEZ02,2005,N2O_AWB,5.04691343498095e-09
Australia_NZ,Corn,CornAEZ03,CornAEZ03,2005,N2O_AWB,8.74179834436529e-08
Australia_NZ,Corn,CornAEZ04,CornAEZ04,2005,N2O_AWB,6.1169085627404e-08
Australia_NZ,Corn,CornAEZ05,CornAEZ05,2005,N2O_AWB,2.30079877182955e-09
Australia_NZ,Corn,CornAEZ06,CornAEZ06,2005,N2O_AWB,6.45708042416681e-09
Australia_NZ,Corn,CornAEZ07,CornAEZ07,2005,N2O_AWB,5.62372121310143e-07
Australia_NZ,Corn,CornAEZ08,CornAEZ08,2005,N2O_AWB,4.7215854365986e-07
Australia_NZ,Corn,CornAEZ09,CornAEZ09,2005,N2O_AWB,4.3602610703344e-07
Australia_NZ,Corn,CornAEZ10,CornAEZ10,2005,N2O_AWB,3.36238237719735e-07
Australia_NZ,Corn,CornAEZ11,CornAEZ11,2005,N2O_AWB,1.47613559053083e-06
Australia_NZ,Corn,CornAEZ12,CornAEZ12,2005,N2O_AWB,2.47826952440717e-06
Australia_NZ,Corn,CornAEZ15,CornAEZ15,2005,N2O_AWB,0
Australia_NZ,Corn,CornAEZ16,CornAEZ16,2005,N2O_AWB,3.99299915885257e-08
Australia_NZ,Corn,CornAEZ17,CornAEZ17,2005,N2O_AWB,0
Australia_NZ,FiberCrop,FiberCropAEZ01,FiberCropAEZ01,2005,N2O_AWB,2.53986875139069e-10
Australia_NZ,FiberCrop,FiberCropAEZ02,FiberCropAEZ02,2005,N2O_AWB,0
Australia_NZ,FiberCrop,FiberCropAEZ03,FiberCropAEZ03,2005,N2O_AWB,0
Australia_NZ,FiberCrop,FiberCropAEZ04,FiberCropAEZ04,2005,N2O_AWB,0
Australia_NZ,FiberCrop,FiberCropAEZ05,FiberCropAEZ05,2005,N2O_AWB,0
Australia_NZ,FiberCrop,FiberCropAEZ06,FiberCropAEZ06,2005,N2O_AWB,0
Australia_NZ,FiberCrop,FiberCropAEZ07,FiberCropAEZ07,2005,N2O_AWB,1.8582357083508e-06
Australia_NZ,FiberCrop,FiberCropAEZ08,FiberCropAEZ08,2005,N2O_AWB,2.19393016122211e-06
Australia_NZ,FiberCrop,FiberCropAEZ09,FiberCropAEZ09,2005,N2O_AWB,1.69676778559572e-06
Australia_NZ,FiberCrop,FiberCropAEZ10,FiberCropAEZ10,2005,N2O_AWB,1.08210261530083e-06
Australia_NZ,FiberCrop,FiberCropAEZ11,FiberCropAEZ11,2005,N2O_AWB,4.25241758816174e-07
Australia_NZ,FiberCrop,FiberCropAEZ12,FiberCropAEZ12,2005,N2O_AWB,2.37555617563406e-06
Australia_NZ,FiberCrop,FiberCropAEZ15,FiberCropAEZ15,2005,N2O_AWB,0
Australia_NZ,FiberCrop,FiberCropAEZ16,FiberCropAEZ16,2005,N2O_AWB,2.2012195845386e-10
Australia_NZ,FiberCrop,FiberCropAEZ17,FiberCropAEZ17,2005,N2O_AWB,0
Australia_NZ,FodderGrass,FodderGrassAEZ01,FodderGrassAEZ01,2005,N2O_AWB,5.88801249313519e-08
Australia_NZ,FodderGrass,FodderGrassAEZ02,FodderGrassAEZ02,2005,N2O_AWB,5.99877986490952e-07
Australia_NZ,FodderGrass,FodderGrassAEZ03,FodderGrassAEZ03,2005,N2O_AWB,3.65388328945456e-07
Australia_NZ,FodderGrass,FodderGrassAEZ04,FodderGrassAEZ04,2005,N2O_AWB,3.54477466911323e-07
Australia_NZ,FodderGrass,FodderGrassAEZ05,FodderGrassAEZ05,2005,N2O_AWB,8.07269914918123e-09
Australia_NZ,FodderGrass,FodderGrassAEZ06,FodderGrassAEZ06,2005,N2O_AWB,2.50187388872473e-08
Australia_NZ,FodderGrass,FodderGrassAEZ07,FodderGrassAEZ07,2005,N2O_AWB,1.0067224973625e-05
Australia_NZ,FodderGrass,FodderGrassAEZ08,FodderGrassAEZ08,2005,N2O_AWB,2.07993859281826e-05
Australia_NZ,FodderGrass,FodderGrassAEZ09,FodderGrassAEZ09,2005,N2O_AWB,1.85950430676556e-05
Australia_NZ,FodderGrass,FodderGrassAEZ10,FodderGrassAEZ10,2005,N2O_AWB,5.9707228027774e-06
Australia_NZ,FodderGrass,FodderGrassAEZ11,FodderGrassAEZ11,2005,N2O_AWB,2.97805342583322e-06
Australia_NZ,FodderGrass,FodderGrassAEZ12,FodderGrassAEZ12,2005,N2O_AWB,3.72127561735965e-06
Australia_NZ,FodderGrass,FodderGrassAEZ15,FodderGrassAEZ15,2005,N2O_AWB,6.20399158008511e-12
Australia_NZ,FodderGrass,FodderGrassAEZ16,FodderGrassAEZ16,2005,N2O_AWB,4.09463444285617e-10
Australia_NZ,FodderGrass,FodderGrassAEZ17,FodderGrassAEZ17,2005,N2O_AWB,9.20411129786515e-09
Australia_NZ,FodderHerb,FodderHerbAEZ01,FodderHerbAEZ01,2005,N2O_AWB,0
Australia_NZ,FodderHerb,FodderHerbAEZ02,FodderHerbAEZ02,2005,N2O_AWB,1.12511903872571e-08
Australia_NZ,FodderHerb,FodderHerbAEZ03,FodderHerbAEZ03,2005,N2O_AWB,0
Australia_NZ,FodderHerb,FodderHerbAEZ04,FodderHerbAEZ04,2005,N2O_AWB,3.05509851339377e-09
Australia_NZ,FodderHerb,FodderHerbAEZ05,FodderHerbAEZ05,2005,N2O_AWB,0
Australia_NZ,FodderHerb,FodderHerbAEZ06,FodderHerbAEZ06,2005,N2O_AWB,1.14060522774187e-07
Australia_NZ,FodderHerb,FodderHerbAEZ07,FodderHerbAEZ07,2005,N2O_AWB,5.1975442874347e-06
Australia_NZ,FodderHerb,FodderHerbAEZ08,FodderHerbAEZ08,2005,N2O_AWB,5.18214237699822e-06
Australia_NZ,FodderHerb,FodderHerbAEZ09,FodderHerbAEZ09,2005,N2O_AWB,7.14638109430613e-06
Australia_NZ,FodderHerb,FodderHerbAEZ10,FodderHerbAEZ10,2005,N2O_AWB,3.59459730639175e-06
Australia_NZ,FodderHerb,FodderHerbAEZ11,FodderHerbAEZ11,2005,N2O_AWB,2.8302706533464e-05
Australia_NZ,FodderHerb,FodderHerbAEZ12,FodderHerbAEZ12,2005,N2O_AWB,4.63035682056517e-05
Australia_NZ,FodderHerb,FodderHerbAEZ15,FodderHerbAEZ15,2005,N2O_AWB,6.07859255940761e-09
Australia_NZ,FodderHerb,FodderHerbAEZ16,FodderHerbAEZ16,2005,N2O_AWB,8.72430787200663e-07
Australia_NZ,FodderHerb,FodderHerbAEZ17,FodderHerbAEZ17,2005,N2O_AWB,2.09642966953572e-09
Australia_NZ,MiscCrop,MiscCropAEZ01,MiscCropAEZ01,2005,N2O_AWB,9.02822986030161e-08
Australia_NZ,MiscCrop,MiscCropAEZ02,MiscCropAEZ02,2005,N2O_AWB,6.78575772897736e-07
Australia_NZ,MiscCrop,MiscCropAEZ03,MiscCropAEZ03,2005,N2O_AWB,7.10810277804361e-07
Australia_NZ,MiscCrop,MiscCropAEZ04,MiscCropAEZ04,2005,N2O_AWB,6.22582768358735e-07
Australia_NZ,MiscCrop,MiscCropAEZ05,MiscCropAEZ05,2005,N2O_AWB,1.60346939603812e-08
Australia_NZ,MiscCrop,MiscCropAEZ06,MiscCropAEZ06,2005,N2O_AWB,4.88929741469289e-08
Australia_NZ,MiscCrop,MiscCropAEZ07,MiscCropAEZ07,2005,N2O_AWB,7.74938045846827e-06
Australia_NZ,MiscCrop,MiscCropAEZ08,MiscCropAEZ08,2005,N2O_AWB,1.75757124430999e-05
Australia_NZ,MiscCrop,MiscCropAEZ09,MiscCropAEZ09,2005,N2O_AWB,1.25177755468466e-05
Australia_NZ,MiscCrop,MiscCropAEZ10,MiscCropAEZ10,2005,N2O_AWB,5.04421384009504e-06
Australia_NZ,MiscCrop,MiscCropAEZ11,MiscCropAEZ11,2005,N2O_AWB,1.4248972104615e-05
Australia_NZ,MiscCrop,MiscCropAEZ12,MiscCropAEZ12,2005,N2O_AWB,2.17666934319186e-05
Australia_NZ,MiscCrop,MiscCropAEZ15,MiscCropAEZ15,2005,N2O_AWB,0
Australia_NZ,MiscCrop,MiscCropAEZ16,MiscCropAEZ16,2005,N2O_AWB,3.12658185895671e-07
Australia_NZ,MiscCrop,MiscCropAEZ17,MiscCropAEZ17,2005,N2O_AWB,1.30075492195769e-08
Australia_NZ,OilCrop,OilCropAEZ01,OilCropAEZ01,2005,N2O_AWB,6.35400563711313e-10
Australia_NZ,OilCrop,OilCropAEZ02,OilCropAEZ02,2005,N2O_AWB,6.41973672991085e-09
Australia_NZ,OilCrop,OilCropAEZ03,OilCropAEZ03,2005,N2O_AWB,8.50122133517204e-09
Australia_NZ,OilCrop,OilCropAEZ04,OilCropAEZ04,2005,N2O_AWB,7.74202721335836e-08
Australia_NZ,OilCrop,OilCropAEZ05,OilCropAEZ05,2005,N2O_AWB,0
Australia_NZ,OilCrop,OilCropAEZ06,OilCropAEZ06,2005,N2O_AWB,2.95789917589749e-10
Australia_NZ,OilCrop,OilCropAEZ07,OilCropAEZ07,2005,N2O_AWB,2.0996702076019e-06
Australia_NZ,OilCrop,OilCropAEZ08,OilCropAEZ08,2005,N2O_AWB,2.35975718662035e-06
Australia_NZ,OilCrop,OilCropAEZ09,OilCropAEZ09,2005,N2O_AWB,4.725473992321e-06
Australia_NZ,OilCrop,OilCropAEZ10,OilCropAEZ10,2005,N2O_AWB,1.95473314798292e-06
Australia_NZ,OilCrop,OilCropAEZ11,OilCropAEZ11,2005,N2O_AWB,9.320668958717e-07
Australia_NZ,OilCrop,OilCropAEZ12,OilCropAEZ12,2005,N2O_AWB,8.26875237031079e-07
Australia_NZ,OilCrop,OilCropAEZ15,OilCropAEZ15,2005,N2O_AWB,0
Australia_NZ,OilCrop,OilCropAEZ16,OilCropAEZ16,2005,N2O_AWB,1.64327731994305e-10
Australia_NZ,OilCrop,OilCropAEZ17,OilCropAEZ17,2005,N2O_AWB,0
Australia_NZ,OtherGrain,OtherGrainAEZ01,OtherGrainAEZ01,2005,N2O_AWB,3.40909871479858e-08
Australia_NZ,OtherGrain,OtherGrainAEZ02,OtherGrainAEZ02,2005,N2O_AWB,2.24984972173448e-07
Australia_NZ,OtherGrain,OtherGrainAEZ03,OtherGrainAEZ03,2005,N2O_AWB,3.98159933483694e-08
Australia_NZ,OtherGrain,OtherGrainAEZ04,OtherGrainAEZ04,2005,N2O_AWB,3.65079241547541e-07
Australia_NZ,OtherGrain,OtherGrainAEZ05,OtherGrainAEZ05,2005,N2O_AWB,7.25340152084806e-10
Australia_NZ,OtherGrain,OtherGrainAEZ06,OtherGrainAEZ06,2005,N2O_AWB,1.2045827525694e-08
Australia_NZ,OtherGrain,OtherGrainAEZ07,OtherGrainAEZ07,2005,N2O_AWB,1.67370685793243e-05
Australia_NZ,OtherGrain,OtherGrainAEZ08,OtherGrainAEZ08,2005,N2O_AWB,2.77358805479865e-05
Australia_NZ,OtherGrain,OtherGrainAEZ09,OtherGrainAEZ09,2005,N2O_AWB,3.30340111163656e-05
Australia_NZ,OtherGrain,OtherGrainAEZ10,OtherGrainAEZ10,2005,N2O_AWB,1.0194655837552e-05
Australia_NZ,OtherGrain,OtherGrainAEZ11,OtherGrainAEZ11,2005,N2O_AWB,5.89099252268661e-06
Australia_NZ,OtherGrain,OtherGrainAEZ12,OtherGrainAEZ12,2005,N2O_AWB,1.08446512813389e-05
Australia_NZ,OtherGrain,OtherGrainAEZ15,OtherGrainAEZ15,2005,N2O_AWB,1.01029521183241e-09
Australia_NZ,OtherGrain,OtherGrainAEZ16,OtherGrainAEZ16,2005,N2O_AWB,7.58498559037254e-08
Australia_NZ,OtherGrain,OtherGrainAEZ17,OtherGrainAEZ17,2005,N2O_AWB,5.66024368680463e-09
Australia_NZ,PalmFruit,PalmFruitAEZ01,PalmFruitAEZ01,2005,N2O_AWB,0
Australia_NZ,PalmFruit,PalmFruitAEZ02,PalmFruitAEZ02,2005,N2O_AWB,0
Australia_NZ,PalmFruit,PalmFruitAEZ03,PalmFruitAEZ03,2005,N2O_AWB,0
Australia_NZ,PalmFruit,PalmFruitAEZ04,PalmFruitAEZ04,2005,N2O_AWB,0
Australia_NZ,PalmFruit,PalmFruitAEZ05,PalmFruitAEZ05,2005,N2O_AWB,0
Australia_NZ,PalmFruit,PalmFruitAEZ06,PalmFruitAEZ06,2005,N2O_AWB,0
Australia_NZ,PalmFruit,PalmFruitAEZ07,PalmFruitAEZ07,2005,N2O_AWB,0
Australia_NZ,PalmFruit,PalmFruitAEZ08,PalmFruitAEZ08,2005,N2O_AWB,0
Australia_NZ,PalmFruit,PalmFruitAEZ09,PalmFruitAEZ09,2005,N2O_AWB,0
Australia_NZ,PalmFruit,PalmFruitAEZ10,PalmFruitAEZ10,2005,N2O_AWB,0
Australia_NZ,PalmFruit,PalmFruitAEZ11,PalmFruitAEZ11,2005,N2O_AWB,0
Australia_NZ,PalmFruit,PalmFruitAEZ12,PalmFruitAEZ12,2005,N2O_AWB,0
Australia_NZ,PalmFruit,PalmFruitAEZ15,PalmFruitAEZ15,2005,N2O_AWB,0
Australia_NZ,PalmFruit,PalmFruitAEZ16,PalmFruitAEZ16,2005,N2O_AWB,0
Australia_NZ,PalmFruit,PalmFruitAEZ17,PalmFruitAEZ17,2005,N2O_AWB,0
Australia_NZ,Rice,RiceAEZ01,RiceAEZ01,2005,N2O_AWB,0
Australia_NZ,Rice,RiceAEZ02,RiceAEZ02,2005,N2O_AWB,0
Australia_NZ,Rice,RiceAEZ03,RiceAEZ03,2005,N2O_AWB,0
Australia_NZ,Rice,RiceAEZ04,RiceAEZ04,2005,N2O_AWB,0
Australia_NZ,Rice,RiceAEZ05,RiceAEZ05,2005,N2O_AWB,0
Australia_NZ,Rice,RiceAEZ06,RiceAEZ06,2005,N2O_AWB,0
Australia_NZ,Rice,RiceAEZ07,RiceAEZ07,2005,N2O_AWB,1.4938349476863e-06
Australia_NZ,Rice,RiceAEZ08,RiceAEZ08,2005,N2O_AWB,8.274783844486e-07
Australia_NZ,Rice,RiceAEZ09,RiceAEZ09,2005,N2O_AWB,1.55895358193658e-06
Australia_NZ,Rice,RiceAEZ10,RiceAEZ10,2005,N2O_AWB,3.72266933630869e-07
Australia_NZ,Rice,RiceAEZ11,RiceAEZ11,2005,N2O_AWB,1.35962916142193e-07
Australia_NZ,Rice,RiceAEZ12,RiceAEZ12,2005,N2O_AWB,0
Australia_NZ,Rice,RiceAEZ15,RiceAEZ15,2005,N2O_AWB,0
Australia_NZ,Rice,RiceAEZ16,RiceAEZ16,2005,N2O_AWB,0
Australia_NZ,Rice,RiceAEZ17,RiceAEZ17,2005,N2O_AWB,0
Australia_NZ,Root_Tuber,Root_TuberAEZ01,Root_TuberAEZ01,2005,N2O_AWB,0
Australia_NZ,Root_Tuber,Root_TuberAEZ02,Root_TuberAEZ02,2005,N2O_AWB,0
Australia_NZ,Root_Tuber,Root_TuberAEZ03,Root_TuberAEZ03,2005,N2O_AWB,0
Australia_NZ,Root_Tuber,Root_TuberAEZ04,Root_TuberAEZ04,2005,N2O_AWB,0
Australia_NZ,Root_Tuber,Root_TuberAEZ05,Root_TuberAEZ05,2005,N2O_AWB,0
Australia_NZ,Root_Tuber,Root_TuberAEZ06,Root_TuberAEZ06,2005,N2O_AWB,0
Australia_NZ,Root_Tuber,Root_TuberAEZ07,Root_TuberAEZ07,2005,N2O_AWB,6.03741168089731e-07
Australia_NZ,Root_Tuber,Root_TuberAEZ08,Root_TuberAEZ08,2005,N2O_AWB,2.33355893616011e-07
Australia_NZ,Root_Tuber,Root_TuberAEZ09,Root_TuberAEZ09,2005,N2O_AWB,7.4401811821069e-07
Australia_NZ,Root_Tuber,Root_TuberAEZ10,Root_TuberAEZ10,2005,N2O_AWB,1.85075363902353e-07
Australia_NZ,Root_Tuber,Root_TuberAEZ11,Root_TuberAEZ11,2005,N2O_AWB,6.5314752181465e-06
Australia_NZ,Root_Tuber,Root_TuberAEZ12,Root_TuberAEZ12,2005,N2O_AWB,7.51902494699805e-06
Australia_NZ,Root_Tuber,Root_TuberAEZ15,Root_TuberAEZ15,2005,N2O_AWB,0
Australia_NZ,Root_Tuber,Root_TuberAEZ16,Root_TuberAEZ16,2005,N2O_AWB,1.0877552826743e-07
Australia_NZ,Root_Tuber,Root_TuberAEZ17,Root_TuberAEZ17,2005,N2O_AWB,5.36209769465583e-08
Australia_NZ,SugarCrop,SugarCropAEZ01,SugarCropAEZ01,2005,N2O_AWB,1.71258834240116e-06
Australia_NZ,SugarCrop,SugarCropAEZ02,SugarCropAEZ02,2005,N2O_AWB,3.63571387239172e-05
Australia_NZ,SugarCrop,SugarCropAEZ03,SugarCropAEZ03,2005,N2O_AWB,4.82031969413094e-05
Australia_NZ,SugarCrop,SugarCropAEZ04,SugarCropAEZ04,2005,N2O_AWB,2.36823294316795e-05
Australia_NZ,SugarCrop,SugarCropAEZ05,SugarCropAEZ05,2005,N2O_AWB,8.64629130620624e-07
Australia_NZ,SugarCrop,SugarCropAEZ06,SugarCropAEZ06,2005,N2O_AWB,2.39376833187679e-06
Australia_NZ,SugarCrop,SugarCropAEZ07,SugarCropAEZ07,2005,N2O_AWB,4.613193094189e-05
Australia_NZ,SugarCrop,SugarCropAEZ08,SugarCropAEZ08,2005,N2O_AWB,2.28805269156174e-05
Australia_NZ,SugarCrop,SugarCropAEZ09,SugarCropAEZ09,2005,N2O_AWB,2.24597315157607e-05
Australia_NZ,SugarCrop,SugarCropAEZ10,SugarCropAEZ10,2005,N2O_AWB,6.96062636907581e-05
Australia_NZ,SugarCrop,SugarCropAEZ11,SugarCropAEZ11,2005,N2O_AWB,1.85416374502765e-05
Australia_NZ,SugarCrop,SugarCropAEZ12,SugarCropAEZ12,2005,N2O_AWB,3.30113213715354e-05
Australia_NZ,SugarCrop,SugarCropAEZ15,SugarCropAEZ15,2005,N2O_AWB,0
Australia_NZ,SugarCrop,SugarCropAEZ16,SugarCropAEZ16,2005,N2O_AWB,0
Australia_NZ,SugarCrop,SugarCropAEZ17,SugarCropAEZ17,2005,N2O_AWB,0
Australia_NZ,Wheat,WheatAEZ01,WheatAEZ01,2005,N2O_AWB,1.13981588512558e-07
Australia_NZ,Wheat,WheatAEZ02,WheatAEZ02,2005,N2O_AWB,1.20707635440318e-06
Australia_NZ,Wheat,WheatAEZ03,WheatAEZ03,2005,N2O_AWB,0
Australia_NZ,Wheat,WheatAEZ04,WheatAEZ04,2005,N2O_AWB,1.78633324250263e-07
Australia_NZ,Wheat,WheatAEZ05,WheatAEZ05,2005,N2O_AWB,0
Australia_NZ,Wheat,WheatAEZ06,WheatAEZ06,2005,N2O_AWB,7.77898372305049e-09
Australia_NZ,Wheat,WheatAEZ07,WheatAEZ07,2005,N2O_AWB,2.7085488789953e-05
Australia_NZ,Wheat,WheatAEZ08,WheatAEZ08,2005,N2O_AWB,6.01612908240698e-05
Australia_NZ,Wheat,WheatAEZ09,WheatAEZ09,2005,N2O_AWB,4.98344479451248e-05
Australia_NZ,Wheat,WheatAEZ10,WheatAEZ10,2005,N2O_AWB,1.49039780148291e-05
Australia_NZ,Wheat,WheatAEZ11,WheatAEZ11,2005,N2O_AWB,7.25285764790623e-06
Australia_NZ,Wheat,WheatAEZ12,WheatAEZ12,2005,N2O_AWB,1.35446979940754e-05
Australia_NZ,Wheat,WheatAEZ15,WheatAEZ15,2005,N2O_AWB,8.14491467208626e-10
Australia_NZ,Wheat,WheatAEZ16,WheatAEZ16,2005,N2O_AWB,5.54090282185113e-08
Australia_NZ,Wheat,WheatAEZ17,WheatAEZ17,2005,N2O_AWB,3.0690982822354e-10
Australia_NZ,Corn,CornAEZ01,CornAEZ01,2005,NH3_AWB,5.87971863098737e-07
Australia_NZ,Corn,CornAEZ02,CornAEZ02,2005,NH3_AWB,9.36714252808608e-08
Australia_NZ,Corn,CornAEZ03,CornAEZ03,2005,NH3_AWB,1.62249010406825e-06
Australia_NZ,Corn,CornAEZ04,CornAEZ04,2005,NH3_AWB,1.1353068578771e-06
Australia_NZ,Corn,CornAEZ05,CornAEZ05,2005,NH3_AWB,4.27031497603925e-08
Australia_NZ,Corn,CornAEZ06,CornAEZ06,2005,NH3_AWB,1.19844323521102e-07
Australia_NZ,Corn,CornAEZ07,CornAEZ07,2005,NH3_AWB,1.04377059008426e-05
Australia_NZ,Corn,CornAEZ08,CornAEZ08,2005,NH3_AWB,8.7633291739472e-06
Australia_NZ,Corn,CornAEZ09,CornAEZ09,2005,NH3_AWB,8.0927060532477e-06
Australia_NZ,Corn,CornAEZ10,CornAEZ10,2005,NH3_AWB,6.24062912251068e-06
Australia_NZ,Corn,CornAEZ11,CornAEZ11,2005,NH3_AWB,2.73972847868651e-05
Australia_NZ,Corn,CornAEZ12,CornAEZ12,2005,NH3_AWB,4.59970319626093e-05
Australia_NZ,Corn,CornAEZ15,CornAEZ15,2005,NH3_AWB,0
Australia_NZ,Corn,CornAEZ16,CornAEZ16,2005,NH3_AWB,7.41106276486809e-07
Australia_NZ,Corn,CornAEZ17,CornAEZ17,2005,NH3_AWB,0
Australia_NZ,FiberCrop,FiberCropAEZ01,FiberCropAEZ01,2005,NH3_AWB,4.71403223047325e-09
Australia_NZ,FiberCrop,FiberCropAEZ02,FiberCropAEZ02,2005,NH3_AWB,0
Australia_NZ,FiberCrop,FiberCropAEZ03,FiberCropAEZ03,2005,NH3_AWB,0
Australia_NZ,FiberCrop,FiberCropAEZ04,FiberCropAEZ04,2005,NH3_AWB,0
Australia_NZ,FiberCrop,FiberCropAEZ05,FiberCropAEZ05,2005,NH3_AWB,0
Australia_NZ,FiberCrop,FiberCropAEZ06,FiberCropAEZ06,2005,NH3_AWB,0
Australia_NZ,FiberCrop,FiberCropAEZ07,FiberCropAEZ07,2005,NH3_AWB,3.44891168734037e-05
Australia_NZ,FiberCrop,FiberCropAEZ08,FiberCropAEZ08,2005,NH3_AWB,4.07196532724203e-05
Australia_NZ,FiberCrop,FiberCropAEZ09,FiberCropAEZ09,2005,NH3_AWB,3.14922494500842e-05
Australia_NZ,FiberCrop,FiberCropAEZ10,FiberCropAEZ10,2005,NH3_AWB,2.00839771835235e-05
Australia_NZ,FiberCrop,FiberCropAEZ11,FiberCropAEZ11,2005,NH3_AWB,7.8925470290737e-06
Australia_NZ,FiberCrop,FiberCropAEZ12,FiberCropAEZ12,2005,NH3_AWB,4.40906577204317e-05
Australia_NZ,FiberCrop,FiberCropAEZ15,FiberCropAEZ15,2005,NH3_AWB,0
Australia_NZ,FiberCrop,FiberCropAEZ16,FiberCropAEZ16,2005,NH3_AWB,4.08549459974349e-09
Australia_NZ,FiberCrop,FiberCropAEZ17,FiberCropAEZ17,2005,NH3_AWB,0
Australia_NZ,FodderGrass,FodderGrassAEZ01,FodderGrassAEZ01,2005,NH3_AWB,1.09282342447304e-06
Australia_NZ,FodderGrass,FodderGrassAEZ02,FodderGrassAEZ02,2005,NH3_AWB,1.11338200492501e-05
Australia_NZ,FodderGrass,FodderGrassAEZ03,FodderGrassAEZ03,2005,NH3_AWB,6.78165892762971e-06
Australia_NZ,FodderGrass,FodderGrassAEZ04,FodderGrassAEZ04,2005,NH3_AWB,6.57915178916838e-06
Australia_NZ,FodderGrass,FodderGrassAEZ05,FodderGrassAEZ05,2005,NH3_AWB,1.49830434959749e-07
Australia_NZ,FodderGrass,FodderGrassAEZ06,FodderGrassAEZ06,2005,NH3_AWB,4.64351322940216e-07
Australia_NZ,FodderGrass,FodderGrassAEZ07,FodderGrassAEZ07,2005,NH3_AWB,0.000186849115613193
Australia_NZ,FodderGrass,FodderGrassAEZ08,FodderGrassAEZ08,2005,NH3_AWB,0.000386039536829682
Australia_NZ,FodderGrass,FodderGrassAEZ09,FodderGrassAEZ09,2005,NH3_AWB,0.000345126622389327
Australia_NZ,FodderGrass,FodderGrassAEZ10,FodderGrassAEZ10,2005,NH3_AWB,0.000110817457461544
Australia_NZ,FodderGrass,FodderGrassAEZ11,FodderGrassAEZ11,2005,NH3_AWB,5.52730916735847e-05
Australia_NZ,FodderGrass,FodderGrassAEZ12,FodderGrassAEZ12,2005,NH3_AWB,6.90674003887109e-05
Australia_NZ,FodderGrass,FodderGrassAEZ15,FodderGrassAEZ15,2005,NH3_AWB,1.15146958873731e-10
Australia_NZ,FodderGrass,FodderGrassAEZ16,FodderGrassAEZ16,2005,NH3_AWB,7.59969928566624e-09
Australia_NZ,FodderGrass,FodderGrassAEZ17,FodderGrassAEZ17,2005,NH3_AWB,1.70829604038564e-07
Australia_NZ,FodderHerb,FodderHerbAEZ01,FodderHerbAEZ01,2005,NH3_AWB,0
Australia_NZ,FodderHerb,FodderHerbAEZ02,FodderHerbAEZ02,2005,NH3_AWB,2.08823680702713e-07
Australia_NZ,FodderHerb,FodderHerbAEZ03,FodderHerbAEZ03,2005,NH3_AWB,0
Australia_NZ,FodderHerb,FodderHerbAEZ04,FodderHerbAEZ04,2005,NH3_AWB,5.67030593668412e-08
Australia_NZ,FodderHerb,FodderHerbAEZ05,FodderHerbAEZ05,2005,NH3_AWB,0
Australia_NZ,FodderHerb,FodderHerbAEZ06,FodderHerbAEZ06,2005,NH3_AWB,2.11697939229238e-06
Australia_NZ,FodderHerb,FodderHerbAEZ07,FodderHerbAEZ07,2005,NH3_AWB,9.64671551506891e-05
Australia_NZ,FodderHerb,FodderHerbAEZ08,FodderHerbAEZ08,2005,NH3_AWB,9.6181293520364e-05
Australia_NZ,FodderHerb,FodderHerbAEZ09,FodderHerbAEZ09,2005,NH3_AWB,0.000132637841193006
Australia_NZ,FodderHerb,FodderHerbAEZ10,FodderHerbAEZ10,2005,NH3_AWB,6.6716233067653e-05
Australia_NZ,FodderHerb,FodderHerbAEZ11,FodderHerbAEZ11,2005,NH3_AWB,0.000525302225696984
Australia_NZ,FodderHerb,FodderHerbAEZ12,FodderHerbAEZ12,2005,NH3_AWB,0.000859400757570021
Australia_NZ,FodderHerb,FodderHerbAEZ15,FodderHerbAEZ15,2005,NH3_AWB,1.12819535360922e-07
Australia_NZ,FodderHerb,FodderHerbAEZ16,FodderHerbAEZ16,2005,NH3_AWB,1.61924384772607e-05
Australia_NZ,FodderHerb,FodderHerbAEZ17,FodderHerbAEZ17,2005,NH3_AWB,3.89100303931082e-08
Australia_NZ,MiscCrop,MiscCropAEZ01,MiscCropAEZ01,2005,NH3_AWB,1.675652197472e-06
Australia_NZ,MiscCrop,MiscCropAEZ02,MiscCropAEZ02,2005,NH3_AWB,1.25944620662258e-05
Australia_NZ,MiscCrop,MiscCropAEZ03,MiscCropAEZ03,2005,NH3_AWB,1.31927390243559e-05
Australia_NZ,MiscCrop,MiscCropAEZ04,MiscCropAEZ04,2005,NH3_AWB,1.15552240034977e-05
Australia_NZ,MiscCrop,MiscCropAEZ05,MiscCropAEZ05,2005,NH3_AWB,2.97606181790394e-07
Australia_NZ,MiscCrop,MiscCropAEZ06,MiscCropAEZ06,2005,NH3_AWB,9.07460497106861e-07
Australia_NZ,MiscCrop,MiscCropAEZ07,MiscCropAEZ07,2005,NH3_AWB,0.000143829594452141
Australia_NZ,MiscCrop,MiscCropAEZ08,MiscCropAEZ08,2005,NH3_AWB,0.000326207702208775
Australia_NZ,MiscCrop,MiscCropAEZ09,MiscCropAEZ09,2005,NH3_AWB,0.000232331679931707
Australia_NZ,MiscCrop,MiscCropAEZ10,MiscCropAEZ10,2005,NH3_AWB,9.36213204189681e-05
Australia_NZ,MiscCrop,MiscCropAEZ11,MiscCropAEZ11,2005,NH3_AWB,0.000264462932249907
Australia_NZ,MiscCrop,MiscCropAEZ12,MiscCropAEZ12,2005,NH3_AWB,0.000403992900549337
Australia_NZ,MiscCrop,MiscCropAEZ15,MiscCropAEZ15,2005,NH3_AWB,0
Australia_NZ,MiscCrop,MiscCropAEZ16,MiscCropAEZ16,2005,NH3_AWB,5.80298003440719e-06
Australia_NZ,MiscCrop,MiscCropAEZ17,MiscCropAEZ17,2005,NH3_AWB,2.41421948386028e-07
Australia_NZ,OilCrop,OilCropAEZ01,OilCropAEZ01,2005,NH3_AWB,1.17931240933451e-08
Australia_NZ,OilCrop,OilCropAEZ02,OilCropAEZ02,2005,NH3_AWB,1.19151219287935e-07
Australia_NZ,OilCrop,OilCropAEZ03,OilCropAEZ03,2005,NH3_AWB,1.57783867179928e-07
Australia_NZ,OilCrop,OilCropAEZ04,OilCropAEZ04,2005,NH3_AWB,1.43693117185638e-06
Australia_NZ,OilCrop,OilCropAEZ05,OilCropAEZ05,2005,NH3_AWB,0
Australia_NZ,OilCrop,OilCropAEZ06,OilCropAEZ06,2005,NH3_AWB,5.48990259517791e-09
Australia_NZ,OilCrop,OilCropAEZ07,OilCropAEZ07,2005,NH3_AWB,3.89701752367332e-05
Australia_NZ,OilCrop,OilCropAEZ08,OilCropAEZ08,2005,NH3_AWB,4.37974262557006e-05
Australia_NZ,OilCrop,OilCropAEZ09,OilCropAEZ09,2005,NH3_AWB,8.77054638822071e-05
Australia_NZ,OilCrop,OilCropAEZ10,OilCropAEZ10,2005,NH3_AWB,3.62801229650959e-05
Australia_NZ,OilCrop,OilCropAEZ11,OilCropAEZ11,2005,NH3_AWB,1.72992930665829e-05
Australia_NZ,OilCrop,OilCropAEZ12,OilCropAEZ12,2005,NH3_AWB,1.5346921039957e-05
Australia_NZ,OilCrop,OilCropAEZ15,OilCropAEZ15,2005,NH3_AWB,0
Australia_NZ,OilCrop,OilCropAEZ16,OilCropAEZ16,2005,NH3_AWB,3.04994588620994e-09
Australia_NZ,OilCrop,OilCropAEZ17,OilCropAEZ17,2005,NH3_AWB,0
Australia_NZ,OtherGrain,OtherGrainAEZ01,OtherGrainAEZ01,2005,NH3_AWB,6.32733530408847e-07
Australia_NZ,OtherGrain,OtherGrainAEZ02,OtherGrainAEZ02,2005,NH3_AWB,4.17575282036539e-06
Australia_NZ,OtherGrain,OtherGrainAEZ03,OtherGrainAEZ03,2005,NH3_AWB,7.38990453068691e-07
Australia_NZ,OtherGrain,OtherGrainAEZ04,OtherGrainAEZ04,2005,NH3_AWB,6.77592222192393e-06
Australia_NZ,OtherGrain,OtherGrainAEZ05,OtherGrainAEZ05,2005,NH3_AWB,1.34624155406138e-08
Australia_NZ,OtherGrain,OtherGrainAEZ06,OtherGrainAEZ06,2005,NH3_AWB,2.23572258085192e-07
Australia_NZ,OtherGrain,OtherGrainAEZ07,OtherGrainAEZ07,2005,NH3_AWB,0.000310642353796333
Australia_NZ,OtherGrain,OtherGrainAEZ08,OtherGrainAEZ08,2005,NH3_AWB,0.000514781855448925
Australia_NZ,OtherGrain,OtherGrainAEZ09,OtherGrainAEZ09,2005,NH3_AWB,0.000613115906162842
Australia_NZ,OtherGrain,OtherGrainAEZ10,OtherGrainAEZ10,2005,NH3_AWB,0.000189214250423327
Australia_NZ,OtherGrain,OtherGrainAEZ11,OtherGrainAEZ11,2005,NH3_AWB,0.000109337652216147
Australia_NZ,OtherGrain,OtherGrainAEZ12,OtherGrainAEZ12,2005,NH3_AWB,0.000201278257549659
Australia_NZ,OtherGrain,OtherGrainAEZ15,OtherGrainAEZ15,2005,NH3_AWB,1.8751221645855e-08
Australia_NZ,OtherGrain,OtherGrainAEZ16,OtherGrainAEZ16,2005,NH3_AWB,1.40778402510419e-06
Australia_NZ,OtherGrain,OtherGrainAEZ17,OtherGrainAEZ17,2005,NH3_AWB,1.05054921272289e-07
Australia_NZ,PalmFruit,PalmFruitAEZ01,PalmFruitAEZ01,2005,NH3_AWB,0
Australia_NZ,PalmFruit,PalmFruitAEZ02,PalmFruitAEZ02,2005,NH3_AWB,0
Australia_NZ,PalmFruit,PalmFruitAEZ03,PalmFruitAEZ03,2005,NH3_AWB,0
Australia_NZ,PalmFruit,PalmFruitAEZ04,PalmFruitAEZ04,2005,NH3_AWB,0
Australia_NZ,PalmFruit,PalmFruitAEZ05,PalmFruitAEZ05,2005,NH3_AWB,0
Australia_NZ,PalmFruit,PalmFruitAEZ06,PalmFruitAEZ06,2005,NH3_AWB,0
Australia_NZ,PalmFruit,PalmFruitAEZ07,PalmFruitAEZ07,2005,NH3_AWB,0
Australia_NZ,PalmFruit,PalmFruitAEZ08,PalmFruitAEZ08,2005,NH3_AWB,0
Australia_NZ,PalmFruit,PalmFruitAEZ09,PalmFruitAEZ09,2005,NH3_AWB,0
Australia_NZ,PalmFruit,PalmFruitAEZ10,PalmFruitAEZ10,2005,NH3_AWB,0
Australia_NZ,PalmFruit,PalmFruitAEZ11,PalmFruitAEZ11,2005,NH3_AWB,0
Australia_NZ,PalmFruit,PalmFruitAEZ12,PalmFruitAEZ12,2005,NH3_AWB,0
Australia_NZ,PalmFruit,PalmFruitAEZ15,PalmFruitAEZ15,2005,NH3_AWB,0
Australia_NZ,PalmFruit,PalmFruitAEZ16,PalmFruitAEZ16,2005,NH3_AWB,0
Australia_NZ,PalmFruit,PalmFruitAEZ17,PalmFruitAEZ17,2005,NH3_AWB,0
Australia_NZ,Rice,RiceAEZ01,RiceAEZ01,2005,NH3_AWB,0
Australia_NZ,Rice,RiceAEZ02,RiceAEZ02,2005,NH3_AWB,0
Australia_NZ,Rice,RiceAEZ03,RiceAEZ03,2005,NH3_AWB,0
Australia_NZ,Rice,RiceAEZ04,RiceAEZ04,2005,NH3_AWB,0
Australia_NZ,Rice,RiceAEZ05,RiceAEZ05,2005,NH3_AWB,0
Australia_NZ,Rice,RiceAEZ06,RiceAEZ06,2005,NH3_AWB,0
Australia_NZ,Rice,RiceAEZ07,RiceAEZ07,2005,NH3_AWB,2.77257873523769e-05
Australia_NZ,Rice,RiceAEZ08,RiceAEZ08,2005,NH3_AWB,1.53581155411074e-05
Australia_NZ,Rice,RiceAEZ09,RiceAEZ09,2005,NH3_AWB,2.89343983898257e-05
Australia_NZ,Rice,RiceAEZ10,RiceAEZ10,2005,NH3_AWB,6.90932680090059e-06
Australia_NZ,Rice,RiceAEZ11,RiceAEZ11,2005,NH3_AWB,2.52349090279759e-06
Australia_NZ,Rice,RiceAEZ12,RiceAEZ12,2005,NH3_AWB,0
Australia_NZ,Rice,RiceAEZ15,RiceAEZ15,2005,NH3_AWB,0
Australia_NZ,Rice,RiceAEZ16,RiceAEZ16,2005,NH3_AWB,0
Australia_NZ,Rice,RiceAEZ17,RiceAEZ17,2005,NH3_AWB,0
Australia_NZ,Root_Tuber,Root_TuberAEZ01,Root_TuberAEZ01,2005,NH3_AWB,0
Australia_NZ,Root_Tuber,Root_TuberAEZ02,Root_TuberAEZ02,2005,NH3_AWB,0
Australia_NZ,Root_Tuber,Root_TuberAEZ03,Root_TuberAEZ03,2005,NH3_AWB,0
Australia_NZ,Root_Tuber,Root_TuberAEZ04,Root_TuberAEZ04,2005,NH3_AWB,0
Australia_NZ,Root_Tuber,Root_TuberAEZ05,Root_TuberAEZ05,2005,NH3_AWB,0
Australia_NZ,Root_Tuber,Root_TuberAEZ06,Root_TuberAEZ06,2005,NH3_AWB,0
Australia_NZ,Root_Tuber,Root_TuberAEZ07,Root_TuberAEZ07,2005,NH3_AWB,1.12055212446715e-05
Australia_NZ,Root_Tuber,Root_TuberAEZ08,Root_TuberAEZ08,2005,NH3_AWB,4.33111830315814e-06
Australia_NZ,Root_Tuber,Root_TuberAEZ09,Root_TuberAEZ09,2005,NH3_AWB,1.38090812266611e-05
Australia_NZ,Root_Tuber,Root_TuberAEZ10,Root_TuberAEZ10,2005,NH3_AWB,3.43502486112542e-06
Australia_NZ,Root_Tuber,Root_TuberAEZ11,Root_TuberAEZ11,2005,NH3_AWB,0.000121225101391642
Australia_NZ,Root_Tuber,Root_TuberAEZ12,Root_TuberAEZ12,2005,NH3_AWB,0.000139554163664849
Australia_NZ,Root_Tuber,Root_TuberAEZ15,Root_TuberAEZ15,2005,NH3_AWB,0
Australia_NZ,Root_Tuber,Root_TuberAEZ16,Root_TuberAEZ16,2005,NH3_AWB,2.01888914873515e-06
Australia_NZ,Root_Tuber,Root_TuberAEZ17,Root_TuberAEZ17,2005,NH3_AWB,9.95212896009431e-07
Australia_NZ,SugarCrop,SugarCropAEZ01,SugarCropAEZ01,2005,NH3_AWB,3.17858812160722e-05
Australia_NZ,SugarCrop,SugarCropAEZ02,SugarCropAEZ02,2005,NH3_AWB,0.000674793623325968
Australia_NZ,SugarCrop,SugarCropAEZ03,SugarCropAEZ03,2005,NH3_AWB,0.000894658134869225
Australia_NZ,SugarCrop,SugarCropAEZ04,SugarCropAEZ04,2005,NH3_AWB,0.00043954737492831
Australia_NZ,SugarCrop,SugarCropAEZ05,SugarCropAEZ05,2005,NH3_AWB,1.6047638630618e-05
Australia_NZ,SugarCrop,SugarCropAEZ06,SugarCropAEZ06,2005,NH3_AWB,4.44286779093396e-05
Australia_NZ,SugarCrop,SugarCropAEZ07,SugarCropAEZ07,2005,NH3_AWB,0.000856215145743111
Australia_NZ,SugarCrop,SugarCropAEZ08,SugarCropAEZ08,2005,NH3_AWB,0.000424665807126346
Australia_NZ,SugarCrop,SugarCropAEZ09,SugarCropAEZ09,2005,NH3_AWB,0.000416855785146772
Australia_NZ,SugarCrop,SugarCropAEZ10,SugarCropAEZ10,2005,NH3_AWB,0.00129190207289802
Australia_NZ,SugarCrop,SugarCropAEZ11,SugarCropAEZ11,2005,NH3_AWB,0.000344135406597268
Australia_NZ,SugarCrop,SugarCropAEZ12,SugarCropAEZ12,2005,NH3_AWB,0.000612694781298133
Australia_NZ,SugarCrop,SugarCropAEZ15,SugarCropAEZ15,2005,NH3_AWB,0
Australia_NZ,SugarCrop,SugarCropAEZ16,SugarCropAEZ16,2005,NH3_AWB,0
Australia_NZ,SugarCrop,SugarCropAEZ17,SugarCropAEZ17,2005,NH3_AWB,0
Australia_NZ,Wheat,WheatAEZ01,WheatAEZ01,2005,NH3_AWB,2.11551436126192e-06
Australia_NZ,Wheat,WheatAEZ02,WheatAEZ02,2005,NH3_AWB,2.24035074103066e-05
Australia_NZ,Wheat,WheatAEZ03,WheatAEZ03,2005,NH3_AWB,0
Australia_NZ,Wheat,WheatAEZ04,WheatAEZ04,2005,NH3_AWB,3.31545969645574e-06
Australia_NZ,Wheat,WheatAEZ05,WheatAEZ05,2005,NH3_AWB,0
Australia_NZ,Wheat,WheatAEZ06,WheatAEZ06,2005,NH3_AWB,1.44379035218683e-07
Australia_NZ,Wheat,WheatAEZ07,WheatAEZ07,2005,NH3_AWB,0.000502710492674273
Australia_NZ,Wheat,WheatAEZ08,WheatAEZ08,2005,NH3_AWB,0.00111660204416569
Australia_NZ,Wheat,WheatAEZ09,WheatAEZ09,2005,NH3_AWB,0.000924934383607539
Australia_NZ,Wheat,WheatAEZ10,WheatAEZ10,2005,NH3_AWB,0.000276619934339913
Australia_NZ,Wheat,WheatAEZ11,WheatAEZ11,2005,NH3_AWB,0.000134614061047618
Australia_NZ,Wheat,WheatAEZ12,WheatAEZ12,2005,NH3_AWB,0.00025139150541199
Australia_NZ,Wheat,WheatAEZ15,WheatAEZ15,2005,NH3_AWB,1.51170765251732e-08
Australia_NZ,Wheat,WheatAEZ16,WheatAEZ16,2005,NH3_AWB,1.02839937984294e-06
Australia_NZ,Wheat,WheatAEZ17,WheatAEZ17,2005,NH3_AWB,5.6962897051377e-09
Australia_NZ,Corn,CornAEZ01,CornAEZ01,2005,NMVOC_AWB,3.16792777132015e-06
Australia_NZ,Corn,CornAEZ02,CornAEZ02,2005,NMVOC_AWB,5.04691343498095e-07
Australia_NZ,Corn,CornAEZ03,CornAEZ03,2005,NMVOC_AWB,8.74179834436529e-06
Australia_NZ,Corn,CornAEZ04,CornAEZ04,2005,NMVOC_AWB,6.1169085627404e-06
Australia_NZ,Corn,CornAEZ05,CornAEZ05,2005,NMVOC_AWB,2.30079877182955e-07
Australia_NZ,Corn,CornAEZ06,CornAEZ06,2005,NMVOC_AWB,6.45708042416681e-07
Australia_NZ,Corn,CornAEZ07,CornAEZ07,2005,NMVOC_AWB,5.62372121310143e-05
Australia_NZ,Corn,CornAEZ08,CornAEZ08,2005,NMVOC_AWB,4.7215854365986e-05
Australia_NZ,Corn,CornAEZ09,CornAEZ09,2005,NMVOC_AWB,4.3602610703344e-05
Australia_NZ,Corn,CornAEZ10,CornAEZ10,2005,NMVOC_AWB,3.36238237719736e-05
Australia_NZ,Corn,CornAEZ11,CornAEZ11,2005,NMVOC_AWB,0.000147613559053083
Australia_NZ,Corn,CornAEZ12,CornAEZ12,2005,NMVOC_AWB,0.000247826952440717
Australia_NZ,Corn,CornAEZ15,CornAEZ15,2005,NMVOC_AWB,0
Australia_NZ,Corn,CornAEZ16,CornAEZ16,2005,NMVOC_AWB,3.99299915885257e-06
Australia_NZ,Corn,CornAEZ17,CornAEZ17,2005,NMVOC_AWB,0
Australia_NZ,FiberCrop,FiberCropAEZ01,FiberCropAEZ01,2005,NMVOC_AWB,2.53986875139069e-08
Australia_NZ,FiberCrop,FiberCropAEZ02,FiberCropAEZ02,2005,NMVOC_AWB,0
Australia_NZ,FiberCrop,FiberCropAEZ03,FiberCropAEZ03,2005,NMVOC_AWB,0
Australia_NZ,FiberCrop,FiberCropAEZ04,FiberCropAEZ04,2005,NMVOC_AWB,0
Australia_NZ,FiberCrop,FiberCropAEZ05,FiberCropAEZ05,2005,NMVOC_AWB,0
Australia_NZ,FiberCrop,FiberCropAEZ06,FiberCropAEZ06,2005,NMVOC_AWB,0
Australia_NZ,FiberCrop,FiberCropAEZ07,FiberCropAEZ07,2005,NMVOC_AWB,0.00018582357083508
Australia_NZ,FiberCrop,FiberCropAEZ08,FiberCropAEZ08,2005,NMVOC_AWB,0.000219393016122211
Australia_NZ,FiberCrop,FiberCropAEZ09,FiberCropAEZ09,2005,NMVOC_AWB,0.000169676778559572
Australia_NZ,FiberCrop,FiberCropAEZ10,FiberCropAEZ10,2005,NMVOC_AWB,0.000108210261530083
Australia_NZ,FiberCrop,FiberCropAEZ11,FiberCropAEZ11,2005,NMVOC_AWB,4.25241758816174e-05
Australia_NZ,FiberCrop,FiberCropAEZ12,FiberCropAEZ12,2005,NMVOC_AWB,0.000237555617563406
Australia_NZ,FiberCrop,FiberCropAEZ15,FiberCropAEZ15,2005,NMVOC_AWB,0
Australia_NZ,FiberCrop,FiberCropAEZ16,FiberCropAEZ16,2005,NMVOC_AWB,2.2012195845386e-08
Australia_NZ,FiberCrop,FiberCropAEZ17,FiberCropAEZ17,2005,NMVOC_AWB,0
Australia_NZ,FodderGrass,FodderGrassAEZ01,FodderGrassAEZ01,2005,NMVOC_AWB,5.88801249313519e-06
Australia_NZ,FodderGrass,FodderGrassAEZ02,FodderGrassAEZ02,2005,NMVOC_AWB,5.99877986490952e-05
Australia_NZ,FodderGrass,FodderGrassAEZ03,FodderGrassAEZ03,2005,NMVOC_AWB,3.65388328945456e-05
Australia_NZ,FodderGrass,FodderGrassAEZ04,FodderGrassAEZ04,2005,NMVOC_AWB,3.54477466911324e-05
Australia_NZ,FodderGrass,FodderGrassAEZ05,FodderGrassAEZ05,2005,NMVOC_AWB,8.07269914918123e-07
Australia_NZ,FodderGrass,FodderGrassAEZ06,FodderGrassAEZ06,2005,NMVOC_AWB,2.50187388872473e-06
Australia_NZ,FodderGrass,FodderGrassAEZ07,FodderGrassAEZ07,2005,NMVOC_AWB,0.0010067224973625
Australia_NZ,FodderGrass,FodderGrassAEZ08,FodderGrassAEZ08,2005,NMVOC_AWB,0.00207993859281826
Australia_NZ,FodderGrass,FodderGrassAEZ09,FodderGrassAEZ09,2005,NMVOC_AWB,0.00185950430676556
Australia_NZ,FodderGrass,FodderGrassAEZ10,FodderGrassAEZ10,2005,NMVOC_AWB,0.00059707228027774
Australia_NZ,FodderGrass,FodderGrassAEZ11,FodderGrassAEZ11,2005,NMVOC_AWB,0.000297805342583322
Australia_NZ,FodderGrass,FodderGrassAEZ12,FodderGrassAEZ12,2005,NMVOC_AWB,0.000372127561735965
Australia_NZ,FodderGrass,FodderGrassAEZ15,FodderGrassAEZ15,2005,NMVOC_AWB,6.20399158008511e-10
Australia_NZ,FodderGrass,FodderGrassAEZ16,FodderGrassAEZ16,2005,NMVOC_AWB,4.09463444285617e-08
Australia_NZ,FodderGrass,FodderGrassAEZ17,FodderGrassAEZ17,2005,NMVOC_AWB,9.20411129786515e-07
Australia_NZ,FodderHerb,FodderHerbAEZ01,FodderHerbAEZ01,2005,NMVOC_AWB,0
Australia_NZ,FodderHerb,FodderHerbAEZ02,FodderHerbAEZ02,2005,NMVOC_AWB,1.12511903872571e-06
Australia_NZ,FodderHerb,FodderHerbAEZ03,FodderHerbAEZ03,2005,NMVOC_AWB,0
Australia_NZ,FodderHerb,FodderHerbAEZ04,FodderHerbAEZ04,2005,NMVOC_AWB,3.05509851339377e-07
Australia_NZ,FodderHerb,FodderHerbAEZ05,FodderHerbAEZ05,2005,NMVOC_AWB,0
Australia_NZ,FodderHerb,FodderHerbAEZ06,FodderHerbAEZ06,2005,NMVOC_AWB,1.14060522774187e-05
Australia_NZ,FodderHerb,FodderHerbAEZ07,FodderHerbAEZ07,2005,NMVOC_AWB,0.00051975442874347
Australia_NZ,FodderHerb,FodderHerbAEZ08,FodderHerbAEZ08,2005,NMVOC_AWB,0.000518214237699822
Australia_NZ,FodderHerb,FodderHerbAEZ09,FodderHerbAEZ09,2005,NMVOC_AWB,0.000714638109430613
Australia_NZ,FodderHerb,FodderHerbAEZ10,FodderHerbAEZ10,2005,NMVOC_AWB,0.000359459730639175
Australia_NZ,FodderHerb,FodderHerbAEZ11,FodderHerbAEZ11,2005,NMVOC_AWB,0.0028302706533464
Australia_NZ,FodderHerb,FodderHerbAEZ12,FodderHerbAEZ12,2005,NMVOC_AWB,0.00463035682056517
Australia_NZ,FodderHerb,FodderHerbAEZ15,FodderHerbAEZ15,2005,NMVOC_AWB,6.07859255940761e-07
Australia_NZ,FodderHerb,FodderHerbAEZ16,FodderHerbAEZ16,2005,NMVOC_AWB,8.72430787200663e-05
Australia_NZ,FodderHerb,FodderHerbAEZ17,FodderHerbAEZ17,2005,NMVOC_AWB,2.09642966953572e-07
Australia_NZ,MiscCrop,MiscCropAEZ01,MiscCropAEZ01,2005,NMVOC_AWB,9.02822986030161e-06
Australia_NZ,MiscCrop,MiscCropAEZ02,MiscCropAEZ02,2005,NMVOC_AWB,6.78575772897736e-05
Australia_NZ,MiscCrop,MiscCropAEZ03,MiscCropAEZ03,2005,NMVOC_AWB,7.10810277804361e-05
Australia_NZ,MiscCrop,MiscCropAEZ04,MiscCropAEZ04,2005,NMVOC_AWB,6.22582768358735e-05
Australia_NZ,MiscCrop,MiscCropAEZ05,MiscCropAEZ05,2005,NMVOC_AWB,1.60346939603812e-06
Australia_NZ,MiscCrop,MiscCropAEZ06,MiscCropAEZ06,2005,NMVOC_AWB,4.88929741469289e-06
Australia_NZ,MiscCrop,MiscCropAEZ07,MiscCropAEZ07,2005,NMVOC_AWB,0.000774938045846827
Australia_NZ,MiscCrop,MiscCropAEZ08,MiscCropAEZ08,2005,NMVOC_AWB,0.00175757124430999
Australia_NZ,MiscCrop,MiscCropAEZ09,MiscCropAEZ09,2005,NMVOC_AWB,0.00125177755468466
Australia_NZ,MiscCrop,MiscCropAEZ10,MiscCropAEZ10,2005,NMVOC_AWB,0.000504421384009504
Australia_NZ,MiscCrop,MiscCropAEZ11,MiscCropAEZ11,2005,NMVOC_AWB,0.0014248972104615
Australia_NZ,MiscCrop,MiscCropAEZ12,MiscCropAEZ12,2005,NMVOC_AWB,0.00217666934319186
Australia_NZ,MiscCrop,MiscCropAEZ15,MiscCropAEZ15,2005,NMVOC_AWB,0
Australia_NZ,MiscCrop,MiscCropAEZ16,MiscCropAEZ16,2005,NMVOC_AWB,3.12658185895671e-05
Australia_NZ,MiscCrop,MiscCropAEZ17,MiscCropAEZ17,2005,NMVOC_AWB,1.30075492195769e-06
Australia_NZ,OilCrop,OilCropAEZ01,OilCropAEZ01,2005,NMVOC_AWB,6.35400563711313e-08
Australia_NZ,OilCrop,OilCropAEZ02,OilCropAEZ02,2005,NMVOC_AWB,6.41973672991085e-07
Australia_NZ,OilCrop,OilCropAEZ03,OilCropAEZ03,2005,NMVOC_AWB,8.50122133517204e-07
Australia_NZ,OilCrop,OilCropAEZ04,OilCropAEZ04,2005,NMVOC_AWB,7.74202721335837e-06
Australia_NZ,OilCrop,OilCropAEZ05,OilCropAEZ05,2005,NMVOC_AWB,0
Australia_NZ,OilCrop,OilCropAEZ06,OilCropAEZ06,2005,NMVOC_AWB,2.95789917589749e-08
Australia_NZ,OilCrop,OilCropAEZ07,OilCropAEZ07,2005,NMVOC_AWB,0.00020996702076019
Australia_NZ,OilCrop,OilCropAEZ08,OilCropAEZ08,2005,NMVOC_AWB,0.000235975718662035
Australia_NZ,OilCrop,OilCropAEZ09,OilCropAEZ09,2005,NMVOC_AWB,0.0004725473992321
Australia_NZ,OilCrop,OilCropAEZ10,OilCropAEZ10,2005,NMVOC_AWB,0.000195473314798292
Australia_NZ,OilCrop,OilCropAEZ11,OilCropAEZ11,2005,NMVOC_AWB,9.320668958717e-05
Australia_NZ,OilCrop,OilCropAEZ12,OilCropAEZ12,2005,NMVOC_AWB,8.26875237031079e-05
Australia_NZ,OilCrop,OilCropAEZ15,OilCropAEZ15,2005,NMVOC_AWB,0
Australia_NZ,OilCrop,OilCropAEZ16,OilCropAEZ16,2005,NMVOC_AWB,1.64327731994305e-08
Australia_NZ,OilCrop,OilCropAEZ17,OilCropAEZ17,2005,NMVOC_AWB,0
Australia_NZ,OtherGrain,OtherGrainAEZ01,OtherGrainAEZ01,2005,NMVOC_AWB,3.40909871479858e-06
Australia_NZ,OtherGrain,OtherGrainAEZ02,OtherGrainAEZ02,2005,NMVOC_AWB,2.24984972173448e-05
Australia_NZ,OtherGrain,OtherGrainAEZ03,OtherGrainAEZ03,2005,NMVOC_AWB,3.98159933483694e-06
Australia_NZ,OtherGrain,OtherGrainAEZ04,OtherGrainAEZ04,2005,NMVOC_AWB,3.65079241547541e-05
Australia_NZ,OtherGrain,OtherGrainAEZ05,OtherGrainAEZ05,2005,NMVOC_AWB,7.25340152084806e-08
Australia_NZ,OtherGrain,OtherGrainAEZ06,OtherGrainAEZ06,2005,NMVOC_AWB,1.2045827525694e-06
Australia_NZ,OtherGrain,OtherGrainAEZ07,OtherGrainAEZ07,2005,NMVOC_AWB,0.00167370685793243
Australia_NZ,OtherGrain,OtherGrainAEZ08,OtherGrainAEZ08,2005,NMVOC_AWB,0.00277358805479865
Australia_NZ,OtherGrain,OtherGrainAEZ09,OtherGrainAEZ09,2005,NMVOC_AWB,0.00330340111163656
Australia_NZ,OtherGrain,OtherGrainAEZ10,OtherGrainAEZ10,2005,NMVOC_AWB,0.0010194655837552
Australia_NZ,OtherGrain,OtherGrainAEZ11,OtherGrainAEZ11,2005,NMVOC_AWB,0.000589099252268662
Australia_NZ,OtherGrain,OtherGrainAEZ12,OtherGrainAEZ12,2005,NMVOC_AWB,0.00108446512813389
Australia_NZ,OtherGrain,OtherGrainAEZ15,OtherGrainAEZ15,2005,NMVOC_AWB,1.01029521183241e-07
Australia_NZ,OtherGrain,OtherGrainAEZ16,OtherGrainAEZ16,2005,NMVOC_AWB,7.58498559037254e-06
Australia_NZ,OtherGrain,OtherGrainAEZ17,OtherGrainAEZ17,2005,NMVOC_AWB,5.66024368680463e-07
Australia_NZ,PalmFruit,PalmFruitAEZ01,PalmFruitAEZ01,2005,NMVOC_AWB,0
Australia_NZ,PalmFruit,PalmFruitAEZ02,PalmFruitAEZ02,2005,NMVOC_AWB,0
Australia_NZ,PalmFruit,PalmFruitAEZ03,PalmFruitAEZ03,2005,NMVOC_AWB,0
Australia_NZ,PalmFruit,PalmFruitAEZ04,PalmFruitAEZ04,2005,NMVOC_AWB,0
Australia_NZ,PalmFruit,PalmFruitAEZ05,PalmFruitAEZ05,2005,NMVOC_AWB,0
Australia_NZ,PalmFruit,PalmFruitAEZ06,PalmFruitAEZ06,2005,NMVOC_AWB,0
Australia_NZ,PalmFruit,PalmFruitAEZ07,PalmFruitAEZ07,2005,NMVOC_AWB,0
Australia_NZ,PalmFruit,PalmFruitAEZ08,PalmFruitAEZ08,2005,NMVOC_AWB,0
Australia_NZ,PalmFruit,PalmFruitAEZ09,PalmFruitAEZ09,2005,NMVOC_AWB,0
Australia_NZ,PalmFruit,PalmFruitAEZ10,PalmFruitAEZ10,2005,NMVOC_AWB,0
Australia_NZ,PalmFruit,PalmFruitAEZ11,PalmFruitAEZ11,2005,NMVOC_AWB,0
Australia_NZ,PalmFruit,PalmFruitAEZ12,PalmFruitAEZ12,2005,NMVOC_AWB,0
Australia_NZ,PalmFruit,PalmFruitAEZ15,PalmFruitAEZ15,2005,NMVOC_AWB,0
Australia_NZ,PalmFruit,PalmFruitAEZ16,PalmFruitAEZ16,2005,NMVOC_AWB,0
Australia_NZ,PalmFruit,PalmFruitAEZ17,PalmFruitAEZ17,2005,NMVOC_AWB,0
Australia_NZ,Rice,RiceAEZ01,RiceAEZ01,2005,NMVOC_AWB,0
Australia_NZ,Rice,RiceAEZ02,RiceAEZ02,2005,NMVOC_AWB,0
Australia_NZ,Rice,RiceAEZ03,RiceAEZ03,2005,NMVOC_AWB,0
Australia_NZ,Rice,RiceAEZ04,RiceAEZ04,2005,NMVOC_AWB,0
Australia_NZ,Rice,RiceAEZ05,RiceAEZ05,2005,NMVOC_AWB,0
Australia_NZ,Rice,RiceAEZ06,RiceAEZ06,2005,NMVOC_AWB,0
Australia_NZ,Rice,RiceAEZ07,RiceAEZ07,2005,NMVOC_AWB,0.00014938349476863
Australia_NZ,Rice,RiceAEZ08,RiceAEZ08,2005,NMVOC_AWB,8.274783844486e-05
Australia_NZ,Rice,RiceAEZ09,RiceAEZ09,2005,NMVOC_AWB,0.000155895358193658
Australia_NZ,Rice,RiceAEZ10,RiceAEZ10,2005,NMVOC_AWB,3.72266933630869e-05
Australia_NZ,Rice,RiceAEZ11,RiceAEZ11,2005,NMVOC_AWB,1.35962916142193e-05
Australia_NZ,Rice,RiceAEZ12,RiceAEZ12,2005,NMVOC_AWB,0
Australia_NZ,Rice,RiceAEZ15,RiceAEZ15,2005,NMVOC_AWB,0
Australia_NZ,Rice,RiceAEZ16,RiceAEZ16,2005,NMVOC_AWB,0
Australia_NZ,Rice,RiceAEZ17,RiceAEZ17,2005,NMVOC_AWB,0
Australia_NZ,Root_Tuber,Root_TuberAEZ01,Root_TuberAEZ01,2005,NMVOC_AWB,0
Australia_NZ,Root_Tuber,Root_TuberAEZ02,Root_TuberAEZ02,2005,NMVOC_AWB,0
Australia_NZ,Root_Tuber,Root_TuberAEZ03,Root_TuberAEZ03,2005,NMVOC_AWB,0
Australia_NZ,Root_Tuber,Root_TuberAEZ04,Root_TuberAEZ04,2005,NMVOC_AWB,0
Australia_NZ,Root_Tuber,Root_TuberAEZ05,Root_TuberAEZ05,2005,NMVOC_AWB,0
Australia_NZ,Root_Tuber,Root_TuberAEZ06,Root_TuberAEZ06,2005,NMVOC_AWB,0
Australia_NZ,Root_Tuber,Root_TuberAEZ07,Root_TuberAEZ07,2005,NMVOC_AWB,6.03741168089731e-05
Australia_NZ,Root_Tuber,Root_TuberAEZ08,Root_TuberAEZ08,2005,NMVOC_AWB,2.33355893616011e-05
Australia_NZ,Root_Tuber,Root_TuberAEZ09,Root_TuberAEZ09,2005,NMVOC_AWB,7.4401811821069e-05
Australia_NZ,Root_Tuber,Root_TuberAEZ10,Root_TuberAEZ10,2005,NMVOC_AWB,1.85075363902354e-05
Australia_NZ,Root_Tuber,Root_TuberAEZ11,Root_TuberAEZ11,2005,NMVOC_AWB,0.00065314752181465
Australia_NZ,Root_Tuber,Root_TuberAEZ12,Root_TuberAEZ12,2005,NMVOC_AWB,0.000751902494699805
Australia_NZ,Root_Tuber,Root_TuberAEZ15,Root_TuberAEZ15,2005,NMVOC_AWB,0
Australia_NZ,Root_Tuber,Root_TuberAEZ16,Root_TuberAEZ16,2005,NMVOC_AWB,1.0877552826743e-05
Australia_NZ,Root_Tuber,Root_TuberAEZ17,Root_TuberAEZ17,2005,NMVOC_AWB,5.36209769465583e-06
Australia_NZ,SugarCrop,SugarCropAEZ01,SugarCropAEZ01,2005,NMVOC_AWB,0.000171258834240116
Australia_NZ,SugarCrop,SugarCropAEZ02,SugarCropAEZ02,2005,NMVOC_AWB,0.00363571387239172
Australia_NZ,SugarCrop,SugarCropAEZ03,SugarCropAEZ03,2005,NMVOC_AWB,0.00482031969413094
Australia_NZ,SugarCrop,SugarCropAEZ04,SugarCropAEZ04,2005,NMVOC_AWB,0.00236823294316795
Australia_NZ,SugarCrop,SugarCropAEZ05,SugarCropAEZ05,2005,NMVOC_AWB,8.64629130620625e-05
Australia_NZ,SugarCrop,SugarCropAEZ06,SugarCropAEZ06,2005,NMVOC_AWB,0.000239376833187679
Australia_NZ,SugarCrop,SugarCropAEZ07,SugarCropAEZ07,2005,NMVOC_AWB,0.00461319309418899
Australia_NZ,SugarCrop,SugarCropAEZ08,SugarCropAEZ08,2005,NMVOC_AWB,0.00228805269156174
Australia_NZ,SugarCrop,SugarCropAEZ09,SugarCropAEZ09,2005,NMVOC_AWB,0.00224597315157607
Australia_NZ,SugarCrop,SugarCropAEZ10,SugarCropAEZ10,2005,NMVOC_AWB,0.00696062636907581
Australia_NZ,SugarCrop,SugarCropAEZ11,SugarCropAEZ11,2005,NMVOC_AWB,0.00185416374502765
Australia_NZ,SugarCrop,SugarCropAEZ12,SugarCropAEZ12,2005,NMVOC_AWB,0.00330113213715354
Australia_NZ,SugarCrop,SugarCropAEZ15,SugarCropAEZ15,2005,NMVOC_AWB,0
Australia_NZ,SugarCrop,SugarCropAEZ16,SugarCropAEZ16,2005,NMVOC_AWB,0
Australia_NZ,SugarCrop,SugarCropAEZ17,SugarCropAEZ17,2005,NMVOC_AWB,0
Australia_NZ,Wheat,WheatAEZ01,WheatAEZ01,2005,NMVOC_AWB,1.13981588512558e-05
Australia_NZ,Wheat,WheatAEZ02,WheatAEZ02,2005,NMVOC_AWB,0.000120707635440318
Australia_NZ,Wheat,WheatAEZ03,WheatAEZ03,2005,NMVOC_AWB,0
Australia_NZ,Wheat,WheatAEZ04,WheatAEZ04,2005,NMVOC_AWB,1.78633324250263e-05
Australia_NZ,Wheat,WheatAEZ05,WheatAEZ05,2005,NMVOC_AWB,0
Australia_NZ,Wheat,WheatAEZ06,WheatAEZ06,2005,NMVOC_AWB,7.77898372305049e-07
Australia_NZ,Wheat,WheatAEZ07,WheatAEZ07,2005,NMVOC_AWB,0.0027085488789953
Australia_NZ,Wheat,WheatAEZ08,WheatAEZ08,2005,NMVOC_AWB,0.00601612908240698
Australia_NZ,Wheat,WheatAEZ09,WheatAEZ09,2005,NMVOC_AWB,0.00498344479451248
Australia_NZ,Wheat,WheatAEZ10,WheatAEZ10,2005,NMVOC_AWB,0.00149039780148291
Australia_NZ,Wheat,WheatAEZ11,WheatAEZ11,2005,NMVOC_AWB,0.000725285764790623
Australia_NZ,Wheat,WheatAEZ12,WheatAEZ12,2005,NMVOC_AWB,0.00135446979940754
Australia_NZ,Wheat,WheatAEZ15,WheatAEZ15,2005,NMVOC_AWB,8.14491467208626e-08
Australia_NZ,Wheat,WheatAEZ16,WheatAEZ16,2005,NMVOC_AWB,5.54090282185113e-06
Australia_NZ,Wheat,WheatAEZ17,WheatAEZ17,2005,NMVOC_AWB,3.0690982822354e-08
Australia_NZ,Corn,CornAEZ01,CornAEZ01,2005,NOx_AWB,1.72113728646719e-06
Australia_NZ,Corn,CornAEZ02,CornAEZ02,2005,NOx_AWB,2.74199145989306e-07
Australia_NZ,Corn,CornAEZ03,CornAEZ03,2005,NOx_AWB,4.74942491349614e-06
Australia_NZ,Corn,CornAEZ04,CornAEZ04,2005,NOx_AWB,3.32332053165961e-06
Australia_NZ,Corn,CornAEZ05,CornAEZ05,2005,NOx_AWB,1.25002551848066e-07
Australia_NZ,Corn,CornAEZ06,CornAEZ06,2005,NOx_AWB,3.50813613251024e-07
Australia_NZ,Corn,CornAEZ07,CornAEZ07,2005,NOx_AWB,3.05537151326269e-05
Australia_NZ,Corn,CornAEZ08,CornAEZ08,2005,NOx_AWB,2.56524053980682e-05
Australia_NZ,Corn,CornAEZ09,CornAEZ09,2005,NOx_AWB,2.36893276886692e-05
Australia_NZ,Corn,CornAEZ10,CornAEZ10,2005,NOx_AWB,1.82678460448071e-05
Australia_NZ,Corn,CornAEZ11,CornAEZ11,2005,NOx_AWB,8.01985458047593e-05
Australia_NZ,Corn,CornAEZ12,CornAEZ12,2005,NOx_AWB,0.000134644549758626
Australia_NZ,Corn,CornAEZ15,CornAEZ15,2005,NOx_AWB,0
Australia_NZ,Corn,CornAEZ16,CornAEZ16,2005,NOx_AWB,2.16939912562127e-06
Australia_NZ,Corn,CornAEZ17,CornAEZ17,2005,NOx_AWB,0
Australia_NZ,FiberCrop,FiberCropAEZ01,FiberCropAEZ01,2005,NOx_AWB,1.37991239899062e-08
Australia_NZ,FiberCrop,FiberCropAEZ02,FiberCropAEZ02,2005,NOx_AWB,0
Australia_NZ,FiberCrop,FiberCropAEZ03,FiberCropAEZ03,2005,NOx_AWB,0
Australia_NZ,FiberCrop,FiberCropAEZ04,FiberCropAEZ04,2005,NOx_AWB,0
Australia_NZ,FiberCrop,FiberCropAEZ05,FiberCropAEZ05,2005,NOx_AWB,0
Australia_NZ,FiberCrop,FiberCropAEZ06,FiberCropAEZ06,2005,NOx_AWB,0
Australia_NZ,FiberCrop,FiberCropAEZ07,FiberCropAEZ07,2005,NOx_AWB,0.000100958070876551
Australia_NZ,FiberCrop,FiberCropAEZ08,FiberCropAEZ08,2005,NOx_AWB,0.00011919637305401
Australia_NZ,FiberCrop,FiberCropAEZ09,FiberCropAEZ09,2005,NOx_AWB,9.21855077853676e-05
Australia_NZ,FiberCrop,FiberCropAEZ10,FiberCropAEZ10,2005,NOx_AWB,5.87907077881953e-05
Australia_NZ,FiberCrop,FiberCropAEZ11,FiberCropAEZ11,2005,NOx_AWB,2.31034133255003e-05
Australia_NZ,FiberCrop,FiberCropAEZ12,FiberCropAEZ12,2005,NOx_AWB,0.000129064126619192
Australia_NZ,FiberCrop,FiberCropAEZ15,FiberCropAEZ15,2005,NOx_AWB,0
Australia_NZ,FiberCrop,FiberCropAEZ16,FiberCropAEZ16,2005,NOx_AWB,1.1959240791252e-08
Australia_NZ,FiberCrop,FiberCropAEZ17,FiberCropAEZ17,2005,NOx_AWB,0
Australia_NZ,FodderGrass,FodderGrassAEZ01,FodderGrassAEZ01,2005,NOx_AWB,3.19896114326385e-06
Australia_NZ,FodderGrass,FodderGrassAEZ02,FodderGrassAEZ02,2005,NOx_AWB,3.25914113076569e-05
Australia_NZ,FodderGrass,FodderGrassAEZ03,FodderGrassAEZ03,2005,NOx_AWB,1.98515724594911e-05
Australia_NZ,FodderGrass,FodderGrassAEZ04,FodderGrassAEZ04,2005,NOx_AWB,1.92587845921523e-05
Australia_NZ,FodderGrass,FodderGrassAEZ05,FodderGrassAEZ05,2005,NOx_AWB,4.38590287123172e-07
Australia_NZ,FodderGrass,FodderGrassAEZ06,FodderGrassAEZ06,2005,NOx_AWB,1.35926976457811e-06
Australia_NZ,FodderGrass,FodderGrassAEZ07,FodderGrassAEZ07,2005,NOx_AWB,0.000546953009163433
Australia_NZ,FodderGrass,FodderGrassAEZ08,FodderGrassAEZ08,2005,NOx_AWB,0.00113003203484333
Australia_NZ,FodderGrass,FodderGrassAEZ09,FodderGrassAEZ09,2005,NOx_AWB,0.00101026993913653
Australia_NZ,FodderGrass,FodderGrassAEZ10,FodderGrassAEZ10,2005,NOx_AWB,0.000324389771005973
Australia_NZ,FodderGrass,FodderGrassAEZ11,FodderGrassAEZ11,2005,NOx_AWB,0.000161797842700086
Australia_NZ,FodderGrass,FodderGrassAEZ12,FodderGrassAEZ12,2005,NOx_AWB,0.000202177154297614
Australia_NZ,FodderGrass,FodderGrassAEZ15,FodderGrassAEZ15,2005,NOx_AWB,3.37063279348797e-10
Australia_NZ,FodderGrass,FodderGrassAEZ16,FodderGrassAEZ16,2005,NOx_AWB,2.22461764370206e-08
Australia_NZ,FodderGrass,FodderGrassAEZ17,FodderGrassAEZ17,2005,NOx_AWB,5.00059985172833e-07
Australia_NZ,FodderHerb,FodderHerbAEZ01,FodderHerbAEZ01,2005,NOx_AWB,0
Australia_NZ,FodderHerb,FodderHerbAEZ02,FodderHerbAEZ02,2005,NOx_AWB,6.11277929628414e-07
Australia_NZ,FodderHerb,FodderHerbAEZ03,FodderHerbAEZ03,2005,NOx_AWB,0
Australia_NZ,FodderHerb,FodderHerbAEZ04,FodderHerbAEZ04,2005,NOx_AWB,1.6598370748337e-07
Australia_NZ,FodderHerb,FodderHerbAEZ05,FodderHerbAEZ05,2005,NOx_AWB,0
Australia_NZ,FodderHerb,FodderHerbAEZ06,FodderHerbAEZ06,2005,NOx_AWB,6.19691586524983e-06
Australia_NZ,FodderHerb,FodderHerbAEZ07,FodderHerbAEZ07,2005,NOx_AWB,0.000282382930322951
Australia_NZ,FodderHerb,FodderHerbAEZ08,FodderHerbAEZ08,2005,NOx_AWB,0.00028154614349419
Australia_NZ,FodderHerb,FodderHerbAEZ09,FodderHerbAEZ09,2005,NOx_AWB,0.000388263364968981
Australia_NZ,FodderHerb,FodderHerbAEZ10,FodderHerbAEZ10,2005,NOx_AWB,0.000195294713152099
Australia_NZ,FodderHerb,FodderHerbAEZ11,FodderHerbAEZ11,2005,NOx_AWB,0.00153768794742386
Australia_NZ,FodderHerb,FodderHerbAEZ12,FodderHerbAEZ12,2005,NOx_AWB,0.00251567597142573
Australia_NZ,FodderHerb,FodderHerbAEZ15,FodderHerbAEZ15,2005,NOx_AWB,3.30250342130706e-07
Australia_NZ,FodderHerb,FodderHerbAEZ16,FodderHerbAEZ16,2005,NOx_AWB,4.73992232811306e-05
Australia_NZ,FodderHerb,FodderHerbAEZ17,FodderHerbAEZ17,2005,NOx_AWB,1.13899164790313e-07
Australia_NZ,MiscCrop,MiscCropAEZ01,MiscCropAEZ01,2005,NOx_AWB,4.90504334853764e-06
Australia_NZ,MiscCrop,MiscCropAEZ02,MiscCropAEZ02,2005,NOx_AWB,3.68670673302909e-05
Australia_NZ,MiscCrop,MiscCropAEZ03,MiscCropAEZ03,2005,NOx_AWB,3.86183701474787e-05
Australia_NZ,MiscCrop,MiscCropAEZ04,MiscCropAEZ04,2005,NOx_AWB,3.38249636319089e-05
Australia_NZ,MiscCrop,MiscCropAEZ05,MiscCropAEZ05,2005,NOx_AWB,8.71166000126375e-07
Australia_NZ,MiscCrop,MiscCropAEZ06,MiscCropAEZ06,2005,NOx_AWB,2.65635857017938e-06
Australia_NZ,MiscCrop,MiscCropAEZ07,MiscCropAEZ07,2005,NOx_AWB,0.000421024360935217
Australia_NZ,MiscCrop,MiscCropAEZ08,MiscCropAEZ08,2005,NOx_AWB,0.000954889637822729
Australia_NZ,MiscCrop,MiscCropAEZ09,MiscCropAEZ09,2005,NOx_AWB,0.000680091586441904
Australia_NZ,MiscCrop,MiscCropAEZ10,MiscCropAEZ10,2005,NOx_AWB,0.000274052476817787
Australia_NZ,MiscCrop,MiscCropAEZ11,MiscCropAEZ11,2005,NOx_AWB,0.00077414761173244
Australia_NZ,MiscCrop,MiscCropAEZ12,MiscCropAEZ12,2005,NOx_AWB,0.00118258591650793
Australia_NZ,MiscCrop,MiscCropAEZ15,MiscCropAEZ15,2005,NOx_AWB,0
Australia_NZ,MiscCrop,MiscCropAEZ16,MiscCropAEZ16,2005,NOx_AWB,1.69867402450271e-05
Australia_NZ,MiscCrop,MiscCropAEZ17,MiscCropAEZ17,2005,NOx_AWB,7.06701022985809e-07
Australia_NZ,OilCrop,OilCropAEZ01,OilCropAEZ01,2005,NOx_AWB,3.45213553145524e-08
Australia_NZ,OilCrop,OilCropAEZ02,OilCropAEZ02,2005,NOx_AWB,3.48784727833236e-07
Australia_NZ,OilCrop,OilCropAEZ03,OilCropAEZ03,2005,NOx_AWB,4.61871926277459e-07
Australia_NZ,OilCrop,OilCropAEZ04,OilCropAEZ04,2005,NOx_AWB,4.20624858634383e-06
Australia_NZ,OilCrop,OilCropAEZ05,OilCropAEZ05,2005,NOx_AWB,0
Australia_NZ,OilCrop,OilCropAEZ06,OilCropAEZ06,2005,NOx_AWB,1.60702860947054e-08
Australia_NZ,OilCrop,OilCropAEZ07,OilCropAEZ07,2005,NOx_AWB,0.000114075223441157
Australia_NZ,OilCrop,OilCropAEZ08,OilCropAEZ08,2005,NOx_AWB,0.000128205766484653
Australia_NZ,OilCrop,OilCropAEZ09,OilCropAEZ09,2005,NOx_AWB,0.000256735319474324
Australia_NZ,OilCrop,OilCropAEZ10,OilCropAEZ10,2005,NOx_AWB,0.000106200783254751
Australia_NZ,OilCrop,OilCropAEZ11,OilCropAEZ11,2005,NOx_AWB,5.06392570717608e-05
Australia_NZ,OilCrop,OilCropAEZ12,OilCropAEZ12,2005,NOx_AWB,4.49241871798585e-05
Australia_NZ,OilCrop,OilCropAEZ15,OilCropAEZ15,2005,NOx_AWB,0
Australia_NZ,OilCrop,OilCropAEZ16,OilCropAEZ16,2005,NOx_AWB,8.92793671928077e-09
Australia_NZ,OilCrop,OilCropAEZ17,OilCropAEZ17,2005,NOx_AWB,0
Australia_NZ,OtherGrain,OtherGrainAEZ01,OtherGrainAEZ01,2005,NOx_AWB,1.8521656220849e-06
Australia_NZ,OtherGrain,OtherGrainAEZ02,OtherGrainAEZ02,2005,NOx_AWB,1.22234486533491e-05
Australia_NZ,OtherGrain,OtherGrainAEZ03,OtherGrainAEZ03,2005,NOx_AWB,2.16320559357484e-06
Australia_NZ,OtherGrain,OtherGrainAEZ04,OtherGrainAEZ04,2005,NOx_AWB,1.9834779720397e-05
Australia_NZ,OtherGrain,OtherGrainAEZ05,OtherGrainAEZ05,2005,NOx_AWB,3.94077791932958e-08
Australia_NZ,OtherGrain,OtherGrainAEZ06,OtherGrainAEZ06,2005,NOx_AWB,6.544506187458e-07
Australia_NZ,OtherGrain,OtherGrainAEZ07,OtherGrainAEZ07,2005,NOx_AWB,0.000909326060361186
Australia_NZ,OtherGrain,OtherGrainAEZ08,OtherGrainAEZ08,2005,NOx_AWB,0.0015068922535518
Australia_NZ,OtherGrain,OtherGrainAEZ09,OtherGrainAEZ09,2005,NOx_AWB,0.00179474004327615
Australia_NZ,OtherGrain,OtherGrainAEZ10,OtherGrainAEZ10,2005,NOx_AWB,0.000553876336561772
Australia_NZ,OtherGrain,OtherGrainAEZ11,OtherGrainAEZ11,2005,NOx_AWB,0.000320058019532121
Australia_NZ,OtherGrain,OtherGrainAEZ12,OtherGrainAEZ12,2005,NOx_AWB,0.000589190632691363
Australia_NZ,OtherGrain,OtherGrainAEZ15,OtherGrainAEZ15,2005,NOx_AWB,5.48894067335192e-08
Australia_NZ,OtherGrain,OtherGrainAEZ16,OtherGrainAEZ16,2005,NOx_AWB,4.12092776707036e-06
Australia_NZ,OtherGrain,OtherGrainAEZ17,OtherGrainAEZ17,2005,NOx_AWB,3.07521419776253e-07
Australia_NZ,PalmFruit,PalmFruitAEZ01,PalmFruitAEZ01,2005,NOx_AWB,0
Australia_NZ,PalmFruit,PalmFruitAEZ02,PalmFruitAEZ02,2005,NOx_AWB,0
Australia_NZ,PalmFruit,PalmFruitAEZ03,PalmFruitAEZ03,2005,NOx_AWB,0
Australia_NZ,PalmFruit,PalmFruitAEZ04,PalmFruitAEZ04,2005,NOx_AWB,0
Australia_NZ,PalmFruit,PalmFruitAEZ05,PalmFruitAEZ05,2005,NOx_AWB,0
Australia_NZ,PalmFruit,PalmFruitAEZ06,PalmFruitAEZ06,2005,NOx_AWB,0
Australia_NZ,PalmFruit,PalmFruitAEZ07,PalmFruitAEZ07,2005,NOx_AWB,0
Australia_NZ,PalmFruit,PalmFruitAEZ08,PalmFruitAEZ08,2005,NOx_AWB,0
Australia_NZ,PalmFruit,PalmFruitAEZ09,PalmFruitAEZ09,2005,NOx_AWB,0
Australia_NZ,PalmFruit,PalmFruitAEZ10,PalmFruitAEZ10,2005,NOx_AWB,0
Australia_NZ,PalmFruit,PalmFruitAEZ11,PalmFruitAEZ11,2005,NOx_AWB,0
Australia_NZ,PalmFruit,PalmFruitAEZ12,PalmFruitAEZ12,2005,NOx_AWB,0
Australia_NZ,PalmFruit,PalmFruitAEZ15,PalmFruitAEZ15,2005,NOx_AWB,0
Australia_NZ,PalmFruit,PalmFruitAEZ16,PalmFruitAEZ16,2005,NOx_AWB,0
Australia_NZ,PalmFruit,PalmFruitAEZ17,PalmFruitAEZ17,2005,NOx_AWB,0
Australia_NZ,Rice,RiceAEZ01,RiceAEZ01,2005,NOx_AWB,0
Australia_NZ,Rice,RiceAEZ02,RiceAEZ02,2005,NOx_AWB,0
Australia_NZ,Rice,RiceAEZ03,RiceAEZ03,2005,NOx_AWB,0
Australia_NZ,Rice,RiceAEZ04,RiceAEZ04,2005,NOx_AWB,0
Australia_NZ,Rice,RiceAEZ05,RiceAEZ05,2005,NOx_AWB,0
Australia_NZ,Rice,RiceAEZ06,RiceAEZ06,2005,NOx_AWB,0
Australia_NZ,Rice,RiceAEZ07,RiceAEZ07,2005,NOx_AWB,8.11601530681115e-05
Australia_NZ,Rice,RiceAEZ08,RiceAEZ08,2005,NOx_AWB,4.49569562195737e-05
Australia_NZ,Rice,RiceAEZ09,RiceAEZ09,2005,NOx_AWB,8.46980528417946e-05
Australia_NZ,Rice,RiceAEZ10,RiceAEZ10,2005,NOx_AWB,2.02252875141749e-05
Australia_NZ,Rice,RiceAEZ11,RiceAEZ11,2005,NOx_AWB,7.38687436840208e-06
Australia_NZ,Rice,RiceAEZ12,RiceAEZ12,2005,NOx_AWB,0
Australia_NZ,Rice,RiceAEZ15,RiceAEZ15,2005,NOx_AWB,0
Australia_NZ,Rice,RiceAEZ16,RiceAEZ16,2005,NOx_AWB,0
Australia_NZ,Rice,RiceAEZ17,RiceAEZ17,2005,NOx_AWB,0
Australia_NZ,Root_Tuber,Root_TuberAEZ01,Root_TuberAEZ01,2005,NOx_AWB,0
Australia_NZ,Root_Tuber,Root_TuberAEZ02,Root_TuberAEZ02,2005,NOx_AWB,0
Australia_NZ,Root_Tuber,Root_TuberAEZ03,Root_TuberAEZ03,2005,NOx_AWB,0
Australia_NZ,Root_Tuber,Root_TuberAEZ04,Root_TuberAEZ04,2005,NOx_AWB,0
Australia_NZ,Root_Tuber,Root_TuberAEZ05,Root_TuberAEZ05,2005,NOx_AWB,0
Australia_NZ,Root_Tuber,Root_TuberAEZ06,Root_TuberAEZ06,2005,NOx_AWB,0
Australia_NZ,Root_Tuber,Root_TuberAEZ07,Root_TuberAEZ07,2005,NOx_AWB,3.28012982234587e-05
Australia_NZ,Root_Tuber,Root_TuberAEZ08,Root_TuberAEZ08,2005,NOx_AWB,1.26782413777071e-05
Australia_NZ,Root_Tuber,Root_TuberAEZ09,Root_TuberAEZ09,2005,NOx_AWB,4.04225543477569e-05
Australia_NZ,Root_Tuber,Root_TuberAEZ10,Root_TuberAEZ10,2005,NOx_AWB,1.00551569547332e-05
Australia_NZ,Root_Tuber,Root_TuberAEZ11,Root_TuberAEZ11,2005,NOx_AWB,0.000354855487406006
Australia_NZ,Root_Tuber,Root_TuberAEZ12,Root_TuberAEZ12,2005,NOx_AWB,0.000408509130521065
Australia_NZ,Root_Tuber,Root_TuberAEZ15,Root_TuberAEZ15,2005,NOx_AWB,0
Australia_NZ,Root_Tuber,Root_TuberAEZ16,Root_TuberAEZ16,2005,NOx_AWB,5.90978175863589e-06
Australia_NZ,Root_Tuber,Root_TuberAEZ17,Root_TuberAEZ17,2005,NOx_AWB,2.91323127992467e-06
Australia_NZ,SugarCrop,SugarCropAEZ01,SugarCropAEZ01,2005,NOx_AWB,9.30450396994794e-05
Australia_NZ,SugarCrop,SugarCropAEZ02,SugarCropAEZ02,2005,NOx_AWB,0.00197528578945211
Australia_NZ,SugarCrop,SugarCropAEZ03,SugarCropAEZ03,2005,NOx_AWB,0.00261888292825678
Australia_NZ,SugarCrop,SugarCropAEZ04,SugarCropAEZ04,2005,NOx_AWB,0.00128666254907311
Australia_NZ,SugarCrop,SugarCropAEZ05,SugarCropAEZ05,2005,NOx_AWB,4.69753587549984e-05
Australia_NZ,SugarCrop,SugarCropAEZ06,SugarCropAEZ06,2005,NOx_AWB,0.000130053594291406
Australia_NZ,SugarCrop,SugarCropAEZ07,SugarCropAEZ07,2005,NOx_AWB,0.00250635090735445
Australia_NZ,SugarCrop,SugarCropAEZ08,SugarCropAEZ08,2005,NOx_AWB,0.00124310056450796
Australia_NZ,SugarCrop,SugarCropAEZ09,SugarCropAEZ09,2005,NOx_AWB,0.00122023872216345
Australia_NZ,SugarCrop,SugarCropAEZ10,SugarCropAEZ10,2005,NOx_AWB,0.00378171298267658
Australia_NZ,SugarCrop,SugarCropAEZ11,SugarCropAEZ11,2005,NOx_AWB,0.00100736840835637
Australia_NZ,SugarCrop,SugarCropAEZ12,SugarCropAEZ12,2005,NOx_AWB,0.00179350730791516
Australia_NZ,SugarCrop,SugarCropAEZ15,SugarCropAEZ15,2005,NOx_AWB,0
Australia_NZ,SugarCrop,SugarCropAEZ16,SugarCropAEZ16,2005,NOx_AWB,0
Australia_NZ,SugarCrop,SugarCropAEZ17,SugarCropAEZ17,2005,NOx_AWB,0
Australia_NZ,Wheat,WheatAEZ01,WheatAEZ01,2005,NOx_AWB,6.19262736151248e-06
Australia_NZ,Wheat,WheatAEZ02,WheatAEZ02,2005,NOx_AWB,6.5580539429737e-05
Australia_NZ,Wheat,WheatAEZ03,WheatAEZ03,2005,NOx_AWB,0
Australia_NZ,Wheat,WheatAEZ04,WheatAEZ04,2005,NOx_AWB,9.70516050763964e-06
Australia_NZ,Wheat,WheatAEZ05,WheatAEZ05,2005,NOx_AWB,0
Australia_NZ,Wheat,WheatAEZ06,WheatAEZ06,2005,NOx_AWB,4.22632708288806e-07
Australia_NZ,Wheat,WheatAEZ07,WheatAEZ07,2005,NOx_AWB,0.00147155642564257
Australia_NZ,Wheat,WheatAEZ08,WheatAEZ08,2005,NOx_AWB,0.00326856697228778
Australia_NZ,Wheat,WheatAEZ09,WheatAEZ09,2005,NOx_AWB,0.0027075089048864
Australia_NZ,Wheat,WheatAEZ10,WheatAEZ10,2005,NOx_AWB,0.000809734126839637
Australia_NZ,Wheat,WheatAEZ11,WheatAEZ11,2005,NOx_AWB,0.000394048243279489
Australia_NZ,Wheat,WheatAEZ12,WheatAEZ12,2005,NOx_AWB,0.000735884351991576
Australia_NZ,Wheat,WheatAEZ15,WheatAEZ15,2005,NOx_AWB,4.42513761334258e-08
Australia_NZ,Wheat,WheatAEZ16,WheatAEZ16,2005,NOx_AWB,3.01037622565652e-06
Australia_NZ,Wheat,WheatAEZ17,WheatAEZ17,2005,NOx_AWB,1.66744315865082e-08
Australia_NZ,Corn,CornAEZ01,CornAEZ01,2005,SO2_AWB,2.76938247562464e-07
Australia_NZ,Corn,CornAEZ02,CornAEZ02,2005,SO2_AWB,4.41197989088189e-08
Australia_NZ,Corn,CornAEZ03,CornAEZ03,2005,SO2_AWB,7.64202497276038e-07
Australia_NZ,Corn,CornAEZ04,CornAEZ04,2005,SO2_AWB,5.34736288245367e-07
Australia_NZ,Corn,CornAEZ05,CornAEZ05,2005,SO2_AWB,2.01134377378439e-08
Australia_NZ,Corn,CornAEZ06,CornAEZ06,2005,SO2_AWB,5.64473897804008e-08
Australia_NZ,Corn,CornAEZ07,CornAEZ07,2005,SO2_AWB,4.91622161223439e-06
Australia_NZ,Corn,CornAEZ08,CornAEZ08,2005,SO2_AWB,4.12758020673926e-06
Australia_NZ,Corn,CornAEZ09,CornAEZ09,2005,SO2_AWB,3.81171272484548e-06
Australia_NZ,Corn,CornAEZ10,CornAEZ10,2005,SO2_AWB,2.93937346553803e-06
Australia_NZ,Corn,CornAEZ11,CornAEZ11,2005,SO2_AWB,1.29042842234953e-05
Australia_NZ,Corn,CornAEZ12,CornAEZ12,2005,SO2_AWB,2.16648758627086e-05
Australia_NZ,Corn,CornAEZ15,CornAEZ15,2005,SO2_AWB,0
Australia_NZ,Corn,CornAEZ16,CornAEZ16,2005,SO2_AWB,3.49065467837419e-07
Australia_NZ,Corn,CornAEZ17,CornAEZ17,2005,SO2_AWB,0
Australia_NZ,FiberCrop,FiberCropAEZ01,FiberCropAEZ01,2005,SO2_AWB,2.22033724195575e-09
Australia_NZ,FiberCrop,FiberCropAEZ02,FiberCropAEZ02,2005,SO2_AWB,0
Australia_NZ,FiberCrop,FiberCropAEZ03,FiberCropAEZ03,2005,SO2_AWB,0
Australia_NZ,FiberCrop,FiberCropAEZ04,FiberCropAEZ04,2005,SO2_AWB,0
Australia_NZ,FiberCrop,FiberCropAEZ05,FiberCropAEZ05,2005,SO2_AWB,0
Australia_NZ,FiberCrop,FiberCropAEZ06,FiberCropAEZ06,2005,SO2_AWB,0
Australia_NZ,FiberCrop,FiberCropAEZ07,FiberCropAEZ07,2005,SO2_AWB,1.62445793520794e-05
Australia_NZ,FiberCrop,FiberCropAEZ08,FiberCropAEZ08,2005,SO2_AWB,1.91791990847724e-05
Australia_NZ,FiberCrop,FiberCropAEZ09,FiberCropAEZ09,2005,SO2_AWB,1.48330369561268e-05
Australia_NZ,FiberCrop,FiberCropAEZ10,FiberCropAEZ10,2005,SO2_AWB,9.45967280811105e-06
Australia_NZ,FiberCrop,FiberCropAEZ11,FiberCropAEZ11,2005,SO2_AWB,3.71743663296513e-06
Australia_NZ,FiberCrop,FiberCropAEZ12,FiberCropAEZ12,2005,SO2_AWB,2.0766962246495e-05
Australia_NZ,FiberCrop,FiberCropAEZ15,FiberCropAEZ15,2005,SO2_AWB,0
Australia_NZ,FiberCrop,FiberCropAEZ16,FiberCropAEZ16,2005,SO2_AWB,1.92429227636165e-09
Australia_NZ,FiberCrop,FiberCropAEZ17,FiberCropAEZ17,2005,SO2_AWB,0
Australia_NZ,FodderGrass,FodderGrassAEZ01,FodderGrassAEZ01,2005,SO2_AWB,5.1472633821927e-07
Australia_NZ,FodderGrass,FodderGrassAEZ02,FodderGrassAEZ02,2005,SO2_AWB,5.24409551992007e-06
Australia_NZ,FodderGrass,FodderGrassAEZ03,FodderGrassAEZ03,2005,SO2_AWB,3.19420172435823e-06
Australia_NZ,FodderGrass,FodderGrassAEZ04,FodderGrassAEZ04,2005,SO2_AWB,3.09881965667084e-06
Australia_NZ,FodderGrass,FodderGrassAEZ05,FodderGrassAEZ05,2005,SO2_AWB,7.05710267674947e-08
Australia_NZ,FodderGrass,FodderGrassAEZ06,FodderGrassAEZ06,2005,SO2_AWB,2.18712237267007e-07
Australia_NZ,FodderGrass,FodderGrassAEZ07,FodderGrassAEZ07,2005,SO2_AWB,8.80070457178054e-05
Australia_NZ,FodderGrass,FodderGrassAEZ08,FodderGrassAEZ08,2005,SO2_AWB,0.000181826919839333
Australia_NZ,FodderGrass,FodderGrassAEZ09,FodderGrassAEZ09,2005,SO2_AWB,0.00016255669359403
Australia_NZ,FodderGrass,FodderGrassAEZ10,FodderGrassAEZ10,2005,SO2_AWB,5.21956821317727e-05
Australia_NZ,FodderGrass,FodderGrassAEZ11,FodderGrassAEZ11,2005,SO2_AWB,2.60339552045392e-05
Australia_NZ,FodderGrass,FodderGrassAEZ12,FodderGrassAEZ12,2005,SO2_AWB,3.25311567232812e-05
Australia_NZ,FodderGrass,FodderGrassAEZ15,FodderGrassAEZ15,2005,SO2_AWB,5.42349030693041e-11
Australia_NZ,FodderGrass,FodderGrassAEZ16,FodderGrassAEZ16,2005,SO2_AWB,3.57950360257407e-09
Australia_NZ,FodderGrass,FodderGrassAEZ17,FodderGrassAEZ17,2005,SO2_AWB,8.0461760406186e-08
Australia_NZ,FodderHerb,FodderHerbAEZ01,FodderHerbAEZ01,2005,SO2_AWB,0
Australia_NZ,FodderHerb,FodderHerbAEZ02,FodderHerbAEZ02,2005,SO2_AWB,9.83571966838168e-08
Australia_NZ,FodderHerb,FodderHerbAEZ03,FodderHerbAEZ03,2005,SO2_AWB,0
Australia_NZ,FodderHerb,FodderHerbAEZ04,FodderHerbAEZ04,2005,SO2_AWB,2.67074785002872e-08
Australia_NZ,FodderHerb,FodderHerbAEZ05,FodderHerbAEZ05,2005,SO2_AWB,0
Australia_NZ,FodderHerb,FodderHerbAEZ06,FodderHerbAEZ06,2005,SO2_AWB,9.97109895595207e-07
Australia_NZ,FodderHerb,FodderHerbAEZ07,FodderHerbAEZ07,2005,SO2_AWB,4.54366043197579e-05
Australia_NZ,FodderHerb,FodderHerbAEZ08,FodderHerbAEZ08,2005,SO2_AWB,4.53019617902151e-05
Australia_NZ,FodderHerb,FodderHerbAEZ09,FodderHerbAEZ09,2005,SO2_AWB,6.24732127603377e-05
Australia_NZ,FodderHerb,FodderHerbAEZ10,FodderHerbAEZ10,2005,SO2_AWB,3.14237429191778e-05
Australia_NZ,FodderHerb,FodderHerbAEZ11,FodderHerbAEZ11,2005,SO2_AWB,0.000247420475290252
Australia_NZ,FodderHerb,FodderHerbAEZ12,FodderHerbAEZ12,2005,SO2_AWB,0.000404782872603767
Australia_NZ,FodderHerb,FodderHerbAEZ15,FodderHerbAEZ15,2005,SO2_AWB,5.31386727402268e-08
Australia_NZ,FodderHerb,FodderHerbAEZ16,FodderHerbAEZ16,2005,SO2_AWB,7.62673491214757e-06
Australia_NZ,FodderHerb,FodderHerbAEZ17,FodderHerbAEZ17,2005,SO2_AWB,1.8326855936404e-08
Australia_NZ,MiscCrop,MiscCropAEZ01,MiscCropAEZ01,2005,SO2_AWB,7.89242159729266e-07
Australia_NZ,MiscCrop,MiscCropAEZ02,MiscCropAEZ02,2005,SO2_AWB,5.93206660473611e-06
Australia_NZ,MiscCrop,MiscCropAEZ03,MiscCropAEZ03,2005,SO2_AWB,6.2138586134019e-06
Australia_NZ,MiscCrop,MiscCropAEZ04,MiscCropAEZ04,2005,SO2_AWB,5.44257929087838e-06
Australia_NZ,MiscCrop,MiscCropAEZ05,MiscCropAEZ05,2005,SO2_AWB,1.40174283195159e-07
Australia_NZ,MiscCrop,MiscCropAEZ06,MiscCropAEZ06,2005,SO2_AWB,4.27419296012698e-07
Australia_NZ,MiscCrop,MiscCropAEZ07,MiscCropAEZ07,2005,SO2_AWB,6.77445951669749e-05
Australia_NZ,MiscCrop,MiscCropAEZ08,MiscCropAEZ08,2005,SO2_AWB,0.000153645769569599
Australia_NZ,MiscCrop,MiscCropAEZ09,MiscCropAEZ09,2005,SO2_AWB,0.000109429604257654
Australia_NZ,MiscCrop,MiscCropAEZ10,MiscCropAEZ10,2005,SO2_AWB,4.40961992206063e-05
Australia_NZ,MiscCrop,MiscCropAEZ11,MiscCropAEZ11,2005,SO2_AWB,0.00012456361536848
Australia_NZ,MiscCrop,MiscCropAEZ12,MiscCropAEZ12,2005,SO2_AWB,0.000190283061022977
Australia_NZ,MiscCrop,MiscCropAEZ15,MiscCropAEZ15,2005,SO2_AWB,0
Australia_NZ,MiscCrop,MiscCropAEZ16,MiscCropAEZ16,2005,SO2_AWB,2.73323813983055e-06
Australia_NZ,MiscCrop,MiscCropAEZ17,MiscCropAEZ17,2005,SO2_AWB,1.13711174811633e-07
Australia_NZ,OilCrop,OilCropAEZ01,OilCropAEZ01,2005,SO2_AWB,5.55463164935365e-09
Australia_NZ,OilCrop,OilCropAEZ02,OilCropAEZ02,2005,SO2_AWB,5.61209335607109e-08
Australia_NZ,OilCrop,OilCropAEZ03,OilCropAEZ03,2005,SO2_AWB,7.43171406879038e-08
Australia_NZ,OilCrop,OilCropAEZ04,OilCropAEZ04,2005,SO2_AWB,6.76803135620383e-07
Australia_NZ,OilCrop,OilCropAEZ05,OilCropAEZ05,2005,SO2_AWB,0
Australia_NZ,OilCrop,OilCropAEZ06,OilCropAEZ06,2005,SO2_AWB,2.58577680228532e-09
Australia_NZ,OilCrop,OilCropAEZ07,OilCropAEZ07,2005,SO2_AWB,1.83551845157779e-05
Australia_NZ,OilCrop,OilCropAEZ08,OilCropAEZ08,2005,SO2_AWB,2.06288484810763e-05
Australia_NZ,OilCrop,OilCropAEZ09,OilCropAEZ09,2005,SO2_AWB,4.13097955762427e-05
Australia_NZ,OilCrop,OilCropAEZ10,OilCropAEZ10,2005,SO2_AWB,1.70881538826581e-05
Australia_NZ,OilCrop,OilCropAEZ11,OilCropAEZ11,2005,SO2_AWB,8.14807001253463e-06
Australia_NZ,OilCrop,OilCropAEZ12,OilCropAEZ12,2005,SO2_AWB,7.22849116603302e-06
Australia_NZ,OilCrop,OilCropAEZ15,OilCropAEZ15,2005,SO2_AWB,0
Australia_NZ,OilCrop,OilCropAEZ16,OilCropAEZ16,2005,SO2_AWB,1.43654266793628e-09
Australia_NZ,OilCrop,OilCropAEZ17,OilCropAEZ17,2005,SO2_AWB,0
Australia_NZ,OtherGrain,OtherGrainAEZ01,OtherGrainAEZ01,2005,SO2_AWB,2.98021259320042e-07
Australia_NZ,OtherGrain,OtherGrainAEZ02,OtherGrainAEZ02,2005,SO2_AWB,1.96680443555819e-06
Australia_NZ,OtherGrain,OtherGrainAEZ03,OtherGrainAEZ03,2005,SO2_AWB,3.48068902412542e-07
Australia_NZ,OtherGrain,OtherGrainAEZ04,OtherGrainAEZ04,2005,SO2_AWB,3.1914997018217e-06
Australia_NZ,OtherGrain,OtherGrainAEZ05,OtherGrainAEZ05,2005,SO2_AWB,6.34087785787326e-09
Australia_NZ,OtherGrain,OtherGrainAEZ06,OtherGrainAEZ06,2005,SO2_AWB,1.05303864425394e-07
Australia_NZ,OtherGrain,OtherGrainAEZ07,OtherGrainAEZ07,2005,SO2_AWB,0.000146314397810884
Australia_NZ,OtherGrain,OtherGrainAEZ08,OtherGrainAEZ08,2005,SO2_AWB,0.0002424653182784
Australia_NZ,OtherGrain,OtherGrainAEZ09,OtherGrainAEZ09,2005,SO2_AWB,0.00028878124152158
Australia_NZ,OtherGrain,OtherGrainAEZ10,OtherGrainAEZ10,2005,SO2_AWB,8.91210382924087e-05
Australia_NZ,OtherGrain,OtherGrainAEZ11,OtherGrainAEZ11,2005,SO2_AWB,5.14986850522968e-05
Australia_NZ,OtherGrain,OtherGrainAEZ12,OtherGrainAEZ12,2005,SO2_AWB,9.48032574627951e-05
Australia_NZ,OtherGrain,OtherGrainAEZ15,OtherGrainAEZ15,2005,SO2_AWB,8.83193701632348e-09
Australia_NZ,OtherGrain,OtherGrainAEZ16,OtherGrainAEZ16,2005,SO2_AWB,6.63074655994746e-07
Australia_NZ,OtherGrain,OtherGrainAEZ17,OtherGrainAEZ17,2005,SO2_AWB,4.94814932837608e-08
Australia_NZ,PalmFruit,PalmFruitAEZ01,PalmFruitAEZ01,2005,SO2_AWB,0
Australia_NZ,PalmFruit,PalmFruitAEZ02,PalmFruitAEZ02,2005,SO2_AWB,0
Australia_NZ,PalmFruit,PalmFruitAEZ03,PalmFruitAEZ03,2005,SO2_AWB,0
Australia_NZ,PalmFruit,PalmFruitAEZ04,PalmFruitAEZ04,2005,SO2_AWB,0
Australia_NZ,PalmFruit,PalmFruitAEZ05,PalmFruitAEZ05,2005,SO2_AWB,0
Australia_NZ,PalmFruit,PalmFruitAEZ06,PalmFruitAEZ06,2005,SO2_AWB,0
Australia_NZ,PalmFruit,PalmFruitAEZ07,PalmFruitAEZ07,2005,SO2_AWB,0
Australia_NZ,PalmFruit,PalmFruitAEZ08,PalmFruitAEZ08,2005,SO2_AWB,0
Australia_NZ,PalmFruit,PalmFruitAEZ09,PalmFruitAEZ09,2005,SO2_AWB,0
Australia_NZ,PalmFruit,PalmFruitAEZ10,PalmFruitAEZ10,2005,SO2_AWB,0
Australia_NZ,PalmFruit,PalmFruitAEZ11,PalmFruitAEZ11,2005,SO2_AWB,0
Australia_NZ,PalmFruit,PalmFruitAEZ12,PalmFruitAEZ12,2005,SO2_AWB,0
Australia_NZ,PalmFruit,PalmFruitAEZ15,PalmFruitAEZ15,2005,SO2_AWB,0
Australia_NZ,PalmFruit,PalmFruitAEZ16,PalmFruitAEZ16,2005,SO2_AWB,0
Australia_NZ,PalmFruit,PalmFruitAEZ17,PalmFruitAEZ17,2005,SO2_AWB,0
Australia_NZ,Rice,RiceAEZ01,RiceAEZ01,2005,SO2_AWB,0
Australia_NZ,Rice,RiceAEZ02,RiceAEZ02,2005,SO2_AWB,0
Australia_NZ,Rice,RiceAEZ03,RiceAEZ03,2005,SO2_AWB,0
Australia_NZ,Rice,RiceAEZ04,RiceAEZ04,2005,SO2_AWB,0
Australia_NZ,Rice,RiceAEZ05,RiceAEZ05,2005,SO2_AWB,0
Australia_NZ,Rice,RiceAEZ06,RiceAEZ06,2005,SO2_AWB,0
Australia_NZ,Rice,RiceAEZ07,RiceAEZ07,2005,SO2_AWB,1.30590108873413e-05
Australia_NZ,Rice,RiceAEZ08,RiceAEZ08,2005,SO2_AWB,7.23376384271279e-06
Australia_NZ,Rice,RiceAEZ09,RiceAEZ09,2005,SO2_AWB,1.36282738805256e-05
Australia_NZ,Rice,RiceAEZ10,RiceAEZ10,2005,SO2_AWB,3.25433405264233e-06
Australia_NZ,Rice,RiceAEZ11,RiceAEZ11,2005,SO2_AWB,1.18857923690003e-06
Australia_NZ,Rice,RiceAEZ12,RiceAEZ12,2005,SO2_AWB,0
Australia_NZ,Rice,RiceAEZ15,RiceAEZ15,2005,SO2_AWB,0
Australia_NZ,Rice,RiceAEZ16,RiceAEZ16,2005,SO2_AWB,0
Australia_NZ,Rice,RiceAEZ17,RiceAEZ17,2005,SO2_AWB,0
Australia_NZ,Root_Tuber,Root_TuberAEZ01,Root_TuberAEZ01,2005,SO2_AWB,0
Australia_NZ,Root_Tuber,Root_TuberAEZ02,Root_TuberAEZ02,2005,SO2_AWB,0
Australia_NZ,Root_Tuber,Root_TuberAEZ03,Root_TuberAEZ03,2005,SO2_AWB,0
Australia_NZ,Root_Tuber,Root_TuberAEZ04,Root_TuberAEZ04,2005,SO2_AWB,0
Australia_NZ,Root_Tuber,Root_TuberAEZ05,Root_TuberAEZ05,2005,SO2_AWB,0
Australia_NZ,Root_Tuber,Root_TuberAEZ06,Root_TuberAEZ06,2005,SO2_AWB,0
Australia_NZ,Root_Tuber,Root_TuberAEZ07,Root_TuberAEZ07,2005,SO2_AWB,5.27786720978204e-06
Australia_NZ,Root_Tuber,Root_TuberAEZ08,Root_TuberAEZ08,2005,SO2_AWB,2.03998250280372e-06
Australia_NZ,Root_Tuber,Root_TuberAEZ09,Root_TuberAEZ09,2005,SO2_AWB,6.50415945961185e-06
Australia_NZ,Root_Tuber,Root_TuberAEZ10,Root_TuberAEZ10,2005,SO2_AWB,1.61791715739605e-06
Australia_NZ,Root_Tuber,Root_TuberAEZ11,Root_TuberAEZ11,2005,SO2_AWB,5.70977443768352e-05
Australia_NZ,Root_Tuber,Root_TuberAEZ12,Root_TuberAEZ12,2005,SO2_AWB,6.57308418156371e-05
Australia_NZ,Root_Tuber,Root_TuberAEZ15,Root_TuberAEZ15,2005,SO2_AWB,0
Australia_NZ,Root_Tuber,Root_TuberAEZ16,Root_TuberAEZ16,2005,SO2_AWB,9.50908806974149e-07
Australia_NZ,Root_Tuber,Root_TuberAEZ17,Root_TuberAEZ17,2005,SO2_AWB,4.68751198262923e-07
Australia_NZ,SugarCrop,SugarCropAEZ01,SugarCropAEZ01,2005,SO2_AWB,1.49713392658203e-05
Australia_NZ,SugarCrop,SugarCropAEZ02,SugarCropAEZ02,2005,SO2_AWB,0.000317831813456756
Australia_NZ,SugarCrop,SugarCropAEZ03,SugarCropAEZ03,2005,SO2_AWB,0.000421389307189652
Australia_NZ,SugarCrop,SugarCropAEZ04,SugarCropAEZ04,2005,SO2_AWB,0.000207029430101974
Australia_NZ,SugarCrop,SugarCropAEZ05,SugarCropAEZ05,2005,SO2_AWB,7.55853332242321e-06
Australia_NZ,SugarCrop,SugarCropAEZ06,SugarCropAEZ06,2005,SO2_AWB,2.09261717676165e-05
Australia_NZ,SugarCrop,SugarCropAEZ07,SugarCropAEZ07,2005,SO2_AWB,0.000403282430470177
Australia_NZ,SugarCrop,SugarCropAEZ08,SugarCropAEZ08,2005,SO2_AWB,0.000200020123081162
Australia_NZ,SugarCrop,SugarCropAEZ09,SugarCropAEZ09,2005,SO2_AWB,0.000196341556237761
Australia_NZ,SugarCrop,SugarCropAEZ10,SugarCropAEZ10,2005,SO2_AWB,0.00060849356669064
Australia_NZ,SugarCrop,SugarCropAEZ11,SugarCropAEZ11,2005,SO2_AWB,0.000162089825055522
Australia_NZ,SugarCrop,SugarCropAEZ12,SugarCropAEZ12,2005,SO2_AWB,0.000288582889203455
Australia_NZ,SugarCrop,SugarCropAEZ15,SugarCropAEZ15,2005,SO2_AWB,0
Australia_NZ,SugarCrop,SugarCropAEZ16,SugarCropAEZ16,2005,SO2_AWB,0
Australia_NZ,SugarCrop,SugarCropAEZ17,SugarCropAEZ17,2005,SO2_AWB,0
Australia_NZ,Wheat,WheatAEZ01,WheatAEZ01,2005,SO2_AWB,9.96419857258914e-07
Australia_NZ,Wheat,WheatAEZ02,WheatAEZ02,2005,SO2_AWB,1.05521853524836e-05
Australia_NZ,Wheat,WheatAEZ03,WheatAEZ03,2005,SO2_AWB,0
Australia_NZ,Wheat,WheatAEZ04,WheatAEZ04,2005,SO2_AWB,1.56160125309643e-06
Australia_NZ,Wheat,WheatAEZ05,WheatAEZ05,2005,SO2_AWB,0
Australia_NZ,Wheat,WheatAEZ06,WheatAEZ06,2005,SO2_AWB,6.80033850386932e-08
Australia_NZ,Wheat,WheatAEZ07,WheatAEZ07,2005,SO2_AWB,0.000236779634553868
Australia_NZ,Wheat,WheatAEZ08,WheatAEZ08,2005,SO2_AWB,0.000525926209642419
Australia_NZ,Wheat,WheatAEZ09,WheatAEZ09,2005,SO2_AWB,0.000435649600572
Australia_NZ,Wheat,WheatAEZ10,WheatAEZ10,2005,SO2_AWB,0.000130289635720332
Australia_NZ,Wheat,WheatAEZ11,WheatAEZ11,2005,SO2_AWB,6.34040240757805e-05
Australia_NZ,Wheat,WheatAEZ12,WheatAEZ12,2005,SO2_AWB,0.000118406895517031
Australia_NZ,Wheat,WheatAEZ15,WheatAEZ15,2005,SO2_AWB,7.12023303136545e-09
Australia_NZ,Wheat,WheatAEZ16,WheatAEZ16,2005,SO2_AWB,4.84382229698976e-07
Australia_NZ,Wheat,WheatAEZ17,WheatAEZ17,2005,SO2_AWB,2.68298635964495e-09
Brazil,Corn,CornAEZ01,CornAEZ01,2005,CH4_AWB,1.23859690250761e-06
Brazil,Corn,CornAEZ02,CornAEZ02,2005,CH4_AWB,5.12219215349557e-05
Brazil,Corn,CornAEZ03,CornAEZ03,2005,CH4_AWB,0.000414461854121027
Brazil,Corn,CornAEZ04,CornAEZ04,2005,CH4_AWB,0.00058480174148051
Brazil,Corn,CornAEZ05,CornAEZ05,2005,CH4_AWB,0.00373696149361298
Brazil,Corn,CornAEZ06,CornAEZ06,2005,CH4_AWB,0.00280250201898033
Brazil,Corn,CornAEZ10,CornAEZ10,2005,CH4_AWB,3.08901581621364e-06
Brazil,Corn,CornAEZ11,CornAEZ11,2005,CH4_AWB,2.07678890427165e-06
Brazil,Corn,CornAEZ12,CornAEZ12,2005,CH4_AWB,0.00689909440142151
Brazil,FiberCrop,FiberCropAEZ01,FiberCropAEZ01,2005,CH4_AWB,2.12198985282319e-07
Brazil,FiberCrop,FiberCropAEZ02,FiberCropAEZ02,2005,CH4_AWB,1.53874387214027e-05
Brazil,FiberCrop,FiberCropAEZ03,FiberCropAEZ03,2005,CH4_AWB,6.95992589803108e-05
Brazil,FiberCrop,FiberCropAEZ04,FiberCropAEZ04,2005,CH4_AWB,0.00015983938771198
Brazil,FiberCrop,FiberCropAEZ05,FiberCropAEZ05,2005,CH4_AWB,0.000821078871146313
Brazil,FiberCrop,FiberCropAEZ06,FiberCropAEZ06,2005,CH4_AWB,0.00010786268547155
Brazil,FiberCrop,FiberCropAEZ10,FiberCropAEZ10,2005,CH4_AWB,0
Brazil,FiberCrop,FiberCropAEZ11,FiberCropAEZ11,2005,CH4_AWB,0
Brazil,FiberCrop,FiberCropAEZ12,FiberCropAEZ12,2005,CH4_AWB,3.66528562748687e-05
Brazil,FodderGrass,FodderGrassAEZ01,FodderGrassAEZ01,2005,CH4_AWB,0
Brazil,FodderGrass,FodderGrassAEZ02,FodderGrassAEZ02,2005,CH4_AWB,0
Brazil,FodderGrass,FodderGrassAEZ03,FodderGrassAEZ03,2005,CH4_AWB,0
Brazil,FodderGrass,FodderGrassAEZ04,FodderGrassAEZ04,2005,CH4_AWB,0
Brazil,FodderGrass,FodderGrassAEZ05,FodderGrassAEZ05,2005,CH4_AWB,0
Brazil,FodderGrass,FodderGrassAEZ06,FodderGrassAEZ06,2005,CH4_AWB,0
Brazil,FodderGrass,FodderGrassAEZ10,FodderGrassAEZ10,2005,CH4_AWB,0
Brazil,FodderGrass,FodderGrassAEZ11,FodderGrassAEZ11,2005,CH4_AWB,0
Brazil,FodderGrass,FodderGrassAEZ12,FodderGrassAEZ12,2005,CH4_AWB,0
Brazil,FodderHerb,FodderHerbAEZ01,FodderHerbAEZ01,2005,CH4_AWB,0
Brazil,FodderHerb,FodderHerbAEZ02,FodderHerbAEZ02,2005,CH4_AWB,0
Brazil,FodderHerb,FodderHerbAEZ03,FodderHerbAEZ03,2005,CH4_AWB,0
Brazil,FodderHerb,FodderHerbAEZ04,FodderHerbAEZ04,2005,CH4_AWB,0
Brazil,FodderHerb,FodderHerbAEZ05,FodderHerbAEZ05,2005,CH4_AWB,0
Brazil,FodderHerb,FodderHerbAEZ06,FodderHerbAEZ06,2005,CH4_AWB,0
Brazil,FodderHerb,FodderHerbAEZ10,FodderHerbAEZ10,2005,CH4_AWB,0
Brazil,FodderHerb,FodderHerbAEZ11,FodderHerbAEZ11,2005,CH4_AWB,0
Brazil,FodderHerb,FodderHerbAEZ12,FodderHerbAEZ12,2005,CH4_AWB,0
Brazil,MiscCrop,MiscCropAEZ01,MiscCropAEZ01,2005,CH4_AWB,3.15900249031192e-06
Brazil,MiscCrop,MiscCropAEZ02,MiscCropAEZ02,2005,CH4_AWB,0.000288262327190581
Brazil,MiscCrop,MiscCropAEZ03,MiscCropAEZ03,2005,CH4_AWB,0.000640718482690724
Brazil,MiscCrop,MiscCropAEZ04,MiscCropAEZ04,2005,CH4_AWB,0.000984935855847692
Brazil,MiscCrop,MiscCropAEZ05,MiscCropAEZ05,2005,CH4_AWB,0.00578223371958368
Brazil,MiscCrop,MiscCropAEZ06,MiscCropAEZ06,2005,CH4_AWB,0.00734809020119952
Brazil,MiscCrop,MiscCropAEZ10,MiscCropAEZ10,2005,CH4_AWB,8.33299967619393e-06
Brazil,MiscCrop,MiscCropAEZ11,MiscCropAEZ11,2005,CH4_AWB,1.55186416080275e-06
Brazil,MiscCrop,MiscCropAEZ12,MiscCropAEZ12,2005,CH4_AWB,0.00271866585023672
Brazil,OilCrop,OilCropAEZ01,OilCropAEZ01,2005,CH4_AWB,1.04080942131752e-07
Brazil,OilCrop,OilCropAEZ02,OilCropAEZ02,2005,CH4_AWB,1.40077716751953e-06
Brazil,OilCrop,OilCropAEZ03,OilCropAEZ03,2005,CH4_AWB,5.11854842046572e-05
Brazil,OilCrop,OilCropAEZ04,OilCropAEZ04,2005,CH4_AWB,0.00101482066392318
Brazil,OilCrop,OilCropAEZ05,OilCropAEZ05,2005,CH4_AWB,0.00741586613071033
Brazil,OilCrop,OilCropAEZ06,OilCropAEZ06,2005,CH4_AWB,0.0020996751091032
Brazil,OilCrop,OilCropAEZ10,OilCropAEZ10,2005,CH4_AWB,0
Brazil,OilCrop,OilCropAEZ11,OilCropAEZ11,2005,CH4_AWB,0
Brazil,OilCrop,OilCropAEZ12,OilCropAEZ12,2005,CH4_AWB,0.00692239858329907
Brazil,OtherGrain,OtherGrainAEZ01,OtherGrainAEZ01,2005,CH4_AWB,0
Brazil,OtherGrain,OtherGrainAEZ02,OtherGrainAEZ02,2005,CH4_AWB,1.20619293995654e-07
Brazil,OtherGrain,OtherGrainAEZ03,OtherGrainAEZ03,2005,CH4_AWB,2.51830046222499e-05
Brazil,OtherGrain,OtherGrainAEZ04,OtherGrainAEZ04,2005,CH4_AWB,1.38712188095002e-05
Brazil,OtherGrain,OtherGrainAEZ05,OtherGrainAEZ05,2005,CH4_AWB,0.00035930861353746
Brazil,OtherGrain,OtherGrainAEZ06,OtherGrainAEZ06,2005,CH4_AWB,0.000107872951748136
Brazil,OtherGrain,OtherGrainAEZ10,OtherGrainAEZ10,2005,CH4_AWB,0
Brazil,OtherGrain,OtherGrainAEZ11,OtherGrainAEZ11,2005,CH4_AWB,0
Brazil,OtherGrain,OtherGrainAEZ12,OtherGrainAEZ12,2005,CH4_AWB,0.000354603105798664
Brazil,PalmFruit,PalmFruitAEZ01,PalmFruitAEZ01,2005,CH4_AWB,3.86407490805206e-06
Brazil,PalmFruit,PalmFruitAEZ02,PalmFruitAEZ02,2005,CH4_AWB,7.9421402864083e-05
Brazil,PalmFruit,PalmFruitAEZ03,PalmFruitAEZ03,2005,CH4_AWB,4.76859285983964e-05
Brazil,PalmFruit,PalmFruitAEZ04,PalmFruitAEZ04,2005,CH4_AWB,0.000161324321724162
Brazil,PalmFruit,PalmFruitAEZ05,PalmFruitAEZ05,2005,CH4_AWB,0.000371259500736137
Brazil,PalmFruit,PalmFruitAEZ06,PalmFruitAEZ06,2005,CH4_AWB,0.000514885564436905
Brazil,PalmFruit,PalmFruitAEZ10,PalmFruitAEZ10,2005,CH4_AWB,0
Brazil,PalmFruit,PalmFruitAEZ11,PalmFruitAEZ11,2005,CH4_AWB,0
Brazil,PalmFruit,PalmFruitAEZ12,PalmFruitAEZ12,2005,CH4_AWB,9.49636424442043e-07
Brazil,Rice,RiceAEZ01,RiceAEZ01,2005,CH4_AWB,0
Brazil,Rice,RiceAEZ02,RiceAEZ02,2005,CH4_AWB,8.92297330787997e-06
Brazil,Rice,RiceAEZ03,RiceAEZ03,2005,CH4_AWB,8.73865256071495e-05
Brazil,Rice,RiceAEZ04,RiceAEZ04,2005,CH4_AWB,0.000315779271027225
Brazil,Rice,RiceAEZ05,RiceAEZ05,2005,CH4_AWB,0.00090483334699762
Brazil,Rice,RiceAEZ06,RiceAEZ06,2005,CH4_AWB,0.00041216044552042
Brazil,Rice,RiceAEZ10,RiceAEZ10,2005,CH4_AWB,4.83067949887127e-07
Brazil,Rice,RiceAEZ11,RiceAEZ11,2005,CH4_AWB,0
Brazil,Rice,RiceAEZ12,RiceAEZ12,2005,CH4_AWB,0.00218363423513359
Brazil,Root_Tuber,Root_TuberAEZ01,Root_TuberAEZ01,2005,CH4_AWB,1.5194811150639e-06
Brazil,Root_Tuber,Root_TuberAEZ02,Root_TuberAEZ02,2005,CH4_AWB,9.81339111035406e-05
Brazil,Root_Tuber,Root_TuberAEZ03,Root_TuberAEZ03,2005,CH4_AWB,0.000665094939753333
Brazil,Root_Tuber,Root_TuberAEZ04,Root_TuberAEZ04,2005,CH4_AWB,0.00172077320092546
Brazil,Root_Tuber,Root_TuberAEZ05,Root_TuberAEZ05,2005,CH4_AWB,0.00181230524277839
Brazil,Root_Tuber,Root_TuberAEZ06,Root_TuberAEZ06,2005,CH4_AWB,0.00346704491090472
Brazil,Root_Tuber,Root_TuberAEZ10,Root_TuberAEZ10,2005,CH4_AWB,1.23916446876888e-05
Brazil,Root_Tuber,Root_TuberAEZ11,Root_TuberAEZ11,2005,CH4_AWB,4.65820309284377e-08
Brazil,Root_Tuber,Root_TuberAEZ12,Root_TuberAEZ12,2005,CH4_AWB,0.0017595286261972
Brazil,SugarCrop,SugarCropAEZ01,SugarCropAEZ01,2005,CH4_AWB,3.54972293210751e-06
Brazil,SugarCrop,SugarCropAEZ02,SugarCropAEZ02,2005,CH4_AWB,0.000551189099433485
Brazil,SugarCrop,SugarCropAEZ03,SugarCropAEZ03,2005,CH4_AWB,0.000609233658578316
Brazil,SugarCrop,SugarCropAEZ04,SugarCropAEZ04,2005,CH4_AWB,0.00612626423271303
Brazil,SugarCrop,SugarCropAEZ05,SugarCropAEZ05,2005,CH4_AWB,0.0572497624950585
Brazil,SugarCrop,SugarCropAEZ06,SugarCropAEZ06,2005,CH4_AWB,0.0804546172461713
Brazil,SugarCrop,SugarCropAEZ10,SugarCropAEZ10,2005,CH4_AWB,4.32784044585434e-05
Brazil,SugarCrop,SugarCropAEZ11,SugarCropAEZ11,2005,CH4_AWB,5.44707602718447e-06
Brazil,SugarCrop,SugarCropAEZ12,SugarCropAEZ12,2005,CH4_AWB,0.00394821185487601
Brazil,Wheat,WheatAEZ01,WheatAEZ01,2005,CH4_AWB,0
Brazil,Wheat,WheatAEZ02,WheatAEZ02,2005,CH4_AWB,0
Brazil,Wheat,WheatAEZ03,WheatAEZ03,2005,CH4_AWB,7.40990221527649e-06
Brazil,Wheat,WheatAEZ04,WheatAEZ04,2005,CH4_AWB,7.67886892241401e-06
Brazil,Wheat,WheatAEZ05,WheatAEZ05,2005,CH4_AWB,3.66212534067653e-05
Brazil,Wheat,WheatAEZ06,WheatAEZ06,2005,CH4_AWB,0.000393496203480415
Brazil,Wheat,WheatAEZ10,WheatAEZ10,2005,CH4_AWB,0
Brazil,Wheat,WheatAEZ11,WheatAEZ11,2005,CH4_AWB,0
Brazil,Wheat,WheatAEZ12,WheatAEZ12,2005,CH4_AWB,0.00108536997069205
Brazil,Corn,CornAEZ01,CornAEZ01,2005,CO_AWB,5.33681153845446e-05
Brazil,Corn,CornAEZ02,CornAEZ02,2005,CO_AWB,0.00220702749470892
Brazil,Corn,CornAEZ03,CornAEZ03,2005,CO_AWB,0.0178581490139705
Brazil,Corn,CornAEZ04,CornAEZ04,2005,CO_AWB,0.0251976787227777
Brazil,Corn,CornAEZ05,CornAEZ05,2005,CO_AWB,0.161016543618808
Brazil,Corn,CornAEZ06,CornAEZ06,2005,CO_AWB,0.120752967177263
Brazil,Corn,CornAEZ10,CornAEZ10,2005,CO_AWB,0.000133098146919804
Brazil,Corn,CornAEZ11,CornAEZ11,2005,CO_AWB,8.94837615435018e-05
Brazil,Corn,CornAEZ12,CornAEZ12,2005,CO_AWB,0.297265127434521
Brazil,FiberCrop,FiberCropAEZ01,FiberCropAEZ01,2005,CO_AWB,9.14313600179577e-06
Brazil,FiberCrop,FiberCropAEZ02,FiberCropAEZ02,2005,CO_AWB,0.000663007152281637
Brazil,FiberCrop,FiberCropAEZ03,FiberCropAEZ03,2005,CO_AWB,0.00299886208048805
Brazil,FiberCrop,FiberCropAEZ04,FiberCropAEZ04,2005,CO_AWB,0.00688708882537792
Brazil,FiberCrop,FiberCropAEZ05,FiberCropAEZ05,2005,CO_AWB,0.0353782831576868
Brazil,FiberCrop,FiberCropAEZ06,FiberCropAEZ06,2005,CO_AWB,0.00464753967354373
Brazil,FiberCrop,FiberCropAEZ10,FiberCropAEZ10,2005,CO_AWB,0
Brazil,FiberCrop,FiberCropAEZ11,FiberCropAEZ11,2005,CO_AWB,0
Brazil,FiberCrop,FiberCropAEZ12,FiberCropAEZ12,2005,CO_AWB,0.00157928205608305
Brazil,FodderGrass,FodderGrassAEZ01,FodderGrassAEZ01,2005,CO_AWB,0
Brazil,FodderGrass,FodderGrassAEZ02,FodderGrassAEZ02,2005,CO_AWB,0
Brazil,FodderGrass,FodderGrassAEZ03,FodderGrassAEZ03,2005,CO_AWB,0
Brazil,FodderGrass,FodderGrassAEZ04,FodderGrassAEZ04,2005,CO_AWB,0
Brazil,FodderGrass,FodderGrassAEZ05,FodderGrassAEZ05,2005,CO_AWB,0
Brazil,FodderGrass,FodderGrassAEZ06,FodderGrassAEZ06,2005,CO_AWB,0
Brazil,FodderGrass,FodderGrassAEZ10,FodderGrassAEZ10,2005,CO_AWB,0
Brazil,FodderGrass,FodderGrassAEZ11,FodderGrassAEZ11,2005,CO_AWB,0
Brazil,FodderGrass,FodderGrassAEZ12,FodderGrassAEZ12,2005,CO_AWB,0
Brazil,FodderHerb,FodderHerbAEZ01,FodderHerbAEZ01,2005,CO_AWB,0
Brazil,FodderHerb,FodderHerbAEZ02,FodderHerbAEZ02,2005,CO_AWB,0
Brazil,FodderHerb,FodderHerbAEZ03,FodderHerbAEZ03,2005,CO_AWB,0
Brazil,FodderHerb,FodderHerbAEZ04,FodderHerbAEZ04,2005,CO_AWB,0
Brazil,FodderHerb,FodderHerbAEZ05,FodderHerbAEZ05,2005,CO_AWB,0
Brazil,FodderHerb,FodderHerbAEZ06,FodderHerbAEZ06,2005,CO_AWB,0
Brazil,FodderHerb,FodderHerbAEZ10,FodderHerbAEZ10,2005,CO_AWB,0
Brazil,FodderHerb,FodderHerbAEZ11,FodderHerbAEZ11,2005,CO_AWB,0
Brazil,FodderHerb,FodderHerbAEZ12,FodderHerbAEZ12,2005,CO_AWB,0
Brazil,MiscCrop,MiscCropAEZ01,MiscCropAEZ01,2005,CO_AWB,0.000136113701771504
Brazil,MiscCrop,MiscCropAEZ02,MiscCropAEZ02,2005,CO_AWB,0.0124205196277969
Brazil,MiscCrop,MiscCropAEZ03,MiscCropAEZ03,2005,CO_AWB,0.0276069945306833
Brazil,MiscCrop,MiscCropAEZ04,MiscCropAEZ04,2005,CO_AWB,0.0424384804247738
Brazil,MiscCrop,MiscCropAEZ05,MiscCropAEZ05,2005,CO_AWB,0.249142328470541
Brazil,MiscCrop,MiscCropAEZ06,MiscCropAEZ06,2005,CO_AWB,0.31661125982127
Brazil,MiscCrop,MiscCropAEZ10,MiscCropAEZ10,2005,CO_AWB,0.000359048603559508
Brazil,MiscCrop,MiscCropAEZ11,MiscCropAEZ11,2005,CO_AWB,6.68660364216854e-05
Brazil,MiscCrop,MiscCropAEZ12,MiscCropAEZ12,2005,CO_AWB,0.11714067142725
Brazil,OilCrop,OilCropAEZ01,OilCropAEZ01,2005,CO_AWB,4.48459358954784e-06
Brazil,OilCrop,OilCropAEZ02,OilCropAEZ02,2005,CO_AWB,6.03560668954266e-05
Brazil,OilCrop,OilCropAEZ03,OilCropAEZ03,2005,CO_AWB,0.00220545749914076
Brazil,OilCrop,OilCropAEZ04,OilCropAEZ04,2005,CO_AWB,0.0437261438142013
Brazil,OilCrop,OilCropAEZ05,OilCropAEZ05,2005,CO_AWB,0.31953155908821
Brazil,OilCrop,OilCropAEZ06,OilCropAEZ06,2005,CO_AWB,0.0904698722125112
Brazil,OilCrop,OilCropAEZ10,OilCropAEZ10,2005,CO_AWB,0
Brazil,OilCrop,OilCropAEZ11,OilCropAEZ11,2005,CO_AWB,0
Brazil,OilCrop,OilCropAEZ12,OilCropAEZ12,2005,CO_AWB,0.298269247713578
Brazil,OtherGrain,OtherGrainAEZ01,OtherGrainAEZ01,2005,CO_AWB,0
Brazil,OtherGrain,OtherGrainAEZ02,OtherGrainAEZ02,2005,CO_AWB,5.19719077815376e-06
Brazil,OtherGrain,OtherGrainAEZ03,OtherGrainAEZ03,2005,CO_AWB,0.0010850741622951
Brazil,OtherGrain,OtherGrainAEZ04,OtherGrainAEZ04,2005,CO_AWB,0.000597676939487681
Brazil,OtherGrain,OtherGrainAEZ05,OtherGrainAEZ05,2005,CO_AWB,0.0154817305832961
Brazil,OtherGrain,OtherGrainAEZ06,OtherGrainAEZ06,2005,CO_AWB,0.00464798202232751
Brazil,OtherGrain,OtherGrainAEZ10,OtherGrainAEZ10,2005,CO_AWB,0
Brazil,OtherGrain,OtherGrainAEZ11,OtherGrainAEZ11,2005,CO_AWB,0
Brazil,OtherGrain,OtherGrainAEZ12,OtherGrainAEZ12,2005,CO_AWB,0.0152789817475461
Brazil,PalmFruit,PalmFruitAEZ01,PalmFruitAEZ01,2005,CO_AWB,0.000166493550185653
Brazil,PalmFruit,PalmFruitAEZ02,PalmFruitAEZ02,2005,CO_AWB,0.00342207427087178
Brazil,PalmFruit,PalmFruitAEZ03,PalmFruitAEZ03,2005,CO_AWB,0.00205467019536869
Brazil,PalmFruit,PalmFruitAEZ04,PalmFruitAEZ04,2005,CO_AWB,0.00695107100516552
Brazil,PalmFruit,PalmFruitAEZ05,PalmFruitAEZ05,2005,CO_AWB,0.0159966651238843
Brazil,PalmFruit,PalmFruitAEZ06,PalmFruitAEZ06,2005,CO_AWB,0.0221851614169819
Brazil,PalmFruit,PalmFruitAEZ10,PalmFruitAEZ10,2005,CO_AWB,0
Brazil,PalmFruit,PalmFruitAEZ11,PalmFruitAEZ11,2005,CO_AWB,0
Brazil,PalmFruit,PalmFruitAEZ12,PalmFruitAEZ12,2005,CO_AWB,4.09175141407055e-05
Brazil,Rice,RiceAEZ01,RiceAEZ01,2005,CO_AWB,0
Brazil,Rice,RiceAEZ02,RiceAEZ02,2005,CO_AWB,0.000384469126399437
Brazil,Rice,RiceAEZ03,RiceAEZ03,2005,CO_AWB,0.00376527195588409
Brazil,Rice,RiceAEZ04,RiceAEZ04,2005,CO_AWB,0.0136061575304357
Brazil,Rice,RiceAEZ05,RiceAEZ05,2005,CO_AWB,0.0389870589604965
Brazil,Rice,RiceAEZ06,RiceAEZ06,2005,CO_AWB,0.0177589869383223
Brazil,Rice,RiceAEZ10,RiceAEZ10,2005,CO_AWB,2.08142181172564e-05
Brazil,Rice,RiceAEZ11,RiceAEZ11,2005,CO_AWB,0
Brazil,Rice,RiceAEZ12,RiceAEZ12,2005,CO_AWB,0.0940874658917008
Brazil,Root_Tuber,Root_TuberAEZ01,Root_TuberAEZ01,2005,CO_AWB,6.54707300730298e-05
Brazil,Root_Tuber,Root_TuberAEZ02,Root_TuberAEZ02,2005,CO_AWB,0.00422835054754887
Brazil,Root_Tuber,Root_TuberAEZ03,Root_TuberAEZ03,2005,CO_AWB,0.0286573165285422
Brazil,Root_Tuber,Root_TuberAEZ04,Root_TuberAEZ04,2005,CO_AWB,0.0741439144177562
Brazil,Root_Tuber,Root_TuberAEZ05,Root_TuberAEZ05,2005,CO_AWB,0.0780878065436773
Brazil,Root_Tuber,Root_TuberAEZ06,Root_TuberAEZ06,2005,CO_AWB,0.149386497313176
Brazil,Root_Tuber,Root_TuberAEZ10,Root_TuberAEZ10,2005,CO_AWB,0.000533925704285208
Brazil,Root_Tuber,Root_TuberAEZ11,Root_TuberAEZ11,2005,CO_AWB,2.00710594092577e-06
Brazil,Root_Tuber,Root_TuberAEZ12,Root_TuberAEZ12,2005,CO_AWB,0.0758137910366073
Brazil,SugarCrop,SugarCropAEZ01,SugarCropAEZ01,2005,CO_AWB,0.00015294889131431
Brazil,SugarCrop,SugarCropAEZ02,SugarCropAEZ02,2005,CO_AWB,0.0237493920723644
Brazil,SugarCrop,SugarCropAEZ03,SugarCropAEZ03,2005,CO_AWB,0.026250390358098
Brazil,SugarCrop,SugarCropAEZ04,SugarCropAEZ04,2005,CO_AWB,0.263965763022428
Brazil,SugarCrop,SugarCropAEZ05,SugarCropAEZ05,2005,CO_AWB,2.46675243930321
Brazil,SugarCrop,SugarCropAEZ06,SugarCropAEZ06,2005,CO_AWB,3.46659295507696
Brazil,SugarCrop,SugarCropAEZ10,SugarCropAEZ10,2005,CO_AWB,0.00186476074510314
Brazil,SugarCrop,SugarCropAEZ11,SugarCropAEZ11,2005,CO_AWB,0.000234701202092971
Brazil,SugarCrop,SugarCropAEZ12,SugarCropAEZ12,2005,CO_AWB,0.170118805728528
Brazil,Wheat,WheatAEZ01,WheatAEZ01,2005,CO_AWB,0
Brazil,Wheat,WheatAEZ02,WheatAEZ02,2005,CO_AWB,0
Brazil,Wheat,WheatAEZ03,WheatAEZ03,2005,CO_AWB,0.000319274588538411
Brazil,Wheat,WheatAEZ04,WheatAEZ04,2005,CO_AWB,0.000330863707025673
Brazil,Wheat,WheatAEZ05,WheatAEZ05,2005,CO_AWB,0.00157792036568321
Brazil,Wheat,WheatAEZ06,WheatAEZ06,2005,CO_AWB,0.0169547903342944
Brazil,Wheat,WheatAEZ10,WheatAEZ10,2005,CO_AWB,0
Brazil,Wheat,WheatAEZ11,WheatAEZ11,2005,CO_AWB,0
Brazil,Wheat,WheatAEZ12,WheatAEZ12,2005,CO_AWB,0.0467659411335052
Brazil,Corn,CornAEZ01,CornAEZ01,2005,N2O_AWB,3.2077947428999e-08
Brazil,Corn,CornAEZ02,CornAEZ02,2005,N2O_AWB,1.32657695403895e-06
Brazil,Corn,CornAEZ03,CornAEZ03,2005,N2O_AWB,1.07339890329962e-05
Brazil,Corn,CornAEZ04,CornAEZ04,2005,N2O_AWB,1.5145556622675e-05
Brazil,Corn,CornAEZ05,CornAEZ05,2005,N2O_AWB,9.67821363783639e-05
Brazil,Corn,CornAEZ06,CornAEZ06,2005,N2O_AWB,7.25809278648361e-05
Brazil,Corn,CornAEZ10,CornAEZ10,2005,N2O_AWB,8.00012391111551e-08
Brazil,Corn,CornAEZ11,CornAEZ11,2005,N2O_AWB,5.37859614839016e-08
Brazil,Corn,CornAEZ12,CornAEZ12,2005,N2O_AWB,0.00017867700707829
Brazil,FiberCrop,FiberCropAEZ01,FiberCropAEZ01,2005,N2O_AWB,5.4956603561596e-09
Brazil,FiberCrop,FiberCropAEZ02,FiberCropAEZ02,2005,N2O_AWB,3.98513389927572e-07
Brazil,FiberCrop,FiberCropAEZ03,FiberCropAEZ03,2005,N2O_AWB,1.80252458741634e-06
Brazil,FiberCrop,FiberCropAEZ04,FiberCropAEZ04,2005,N2O_AWB,4.13961916562823e-06
Brazil,FiberCrop,FiberCropAEZ05,FiberCropAEZ05,2005,N2O_AWB,2.12648076306096e-05
Brazil,FiberCrop,FiberCropAEZ06,FiberCropAEZ06,2005,N2O_AWB,2.79349443479313e-06
Brazil,FiberCrop,FiberCropAEZ10,FiberCropAEZ10,2005,N2O_AWB,0
Brazil,FiberCrop,FiberCropAEZ11,FiberCropAEZ11,2005,N2O_AWB,0
Brazil,FiberCrop,FiberCropAEZ12,FiberCropAEZ12,2005,N2O_AWB,9.49258305367567e-07
Brazil,FodderGrass,FodderGrassAEZ01,FodderGrassAEZ01,2005,N2O_AWB,0
Brazil,FodderGrass,FodderGrassAEZ02,FodderGrassAEZ02,2005,N2O_AWB,0
Brazil,FodderGrass,FodderGrassAEZ03,FodderGrassAEZ03,2005,N2O_AWB,0
Brazil,FodderGrass,FodderGrassAEZ04,FodderGrassAEZ04,2005,N2O_AWB,0
Brazil,FodderGrass,FodderGrassAEZ05,FodderGrassAEZ05,2005,N2O_AWB,0
Brazil,FodderGrass,FodderGrassAEZ06,FodderGrassAEZ06,2005,N2O_AWB,0
Brazil,FodderGrass,FodderGrassAEZ10,FodderGrassAEZ10,2005,N2O_AWB,0
Brazil,FodderGrass,FodderGrassAEZ11,FodderGrassAEZ11,2005,N2O_AWB,0
Brazil,FodderGrass,FodderGrassAEZ12,FodderGrassAEZ12,2005,N2O_AWB,0
Brazil,FodderHerb,FodderHerbAEZ01,FodderHerbAEZ01,2005,N2O_AWB,0
Brazil,FodderHerb,FodderHerbAEZ02,FodderHerbAEZ02,2005,N2O_AWB,0
Brazil,FodderHerb,FodderHerbAEZ03,FodderHerbAEZ03,2005,N2O_AWB,0
Brazil,FodderHerb,FodderHerbAEZ04,FodderHerbAEZ04,2005,N2O_AWB,0
Brazil,FodderHerb,FodderHerbAEZ05,FodderHerbAEZ05,2005,N2O_AWB,0
Brazil,FodderHerb,FodderHerbAEZ06,FodderHerbAEZ06,2005,N2O_AWB,0
Brazil,FodderHerb,FodderHerbAEZ10,FodderHerbAEZ10,2005,N2O_AWB,0
Brazil,FodderHerb,FodderHerbAEZ11,FodderHerbAEZ11,2005,N2O_AWB,0
Brazil,FodderHerb,FodderHerbAEZ12,FodderHerbAEZ12,2005,N2O_AWB,0
Brazil,MiscCrop,MiscCropAEZ01,MiscCropAEZ01,2005,N2O_AWB,8.181379721453e-08
Brazil,MiscCrop,MiscCropAEZ02,MiscCropAEZ02,2005,N2O_AWB,7.46559575488971e-06
Brazil,MiscCrop,MiscCropAEZ03,MiscCropAEZ03,2005,N2O_AWB,1.6593722915769e-05
Brazil,MiscCrop,MiscCropAEZ04,MiscCropAEZ04,2005,N2O_AWB,2.55084770039817e-05
Brazil,MiscCrop,MiscCropAEZ05,MiscCropAEZ05,2005,N2O_AWB,0.000149751859465716
Brazil,MiscCrop,MiscCropAEZ06,MiscCropAEZ06,2005,N2O_AWB,0.00019030537756102
Brazil,MiscCrop,MiscCropAEZ10,MiscCropAEZ10,2005,N2O_AWB,2.15813171337373e-07
Brazil,MiscCrop,MiscCropAEZ11,MiscCropAEZ11,2005,N2O_AWB,4.01911363304676e-08
Brazil,MiscCrop,MiscCropAEZ12,MiscCropAEZ12,2005,N2O_AWB,7.04096869969142e-05
Brazil,OilCrop,OilCropAEZ01,OilCropAEZ01,2005,N2O_AWB,2.69555251050897e-09
Brazil,OilCrop,OilCropAEZ02,OilCropAEZ02,2005,N2O_AWB,3.62781920804596e-08
Brazil,OilCrop,OilCropAEZ03,OilCropAEZ03,2005,N2O_AWB,1.3256332775584e-06
Brazil,OilCrop,OilCropAEZ04,OilCropAEZ04,2005,N2O_AWB,2.62824522177339e-05
Brazil,OilCrop,OilCropAEZ05,OilCropAEZ05,2005,N2O_AWB,0.000192060680435908
Brazil,OilCrop,OilCropAEZ06,OilCropAEZ06,2005,N2O_AWB,5.43786825491244e-05
Brazil,OilCrop,OilCropAEZ10,OilCropAEZ10,2005,N2O_AWB,0
Brazil,OilCrop,OilCropAEZ11,OilCropAEZ11,2005,N2O_AWB,0
Brazil,OilCrop,OilCropAEZ12,OilCropAEZ12,2005,N2O_AWB,0.000179280553171156
Brazil,OtherGrain,OtherGrainAEZ01,OtherGrainAEZ01,2005,N2O_AWB,0
Brazil,OtherGrain,OtherGrainAEZ02,OtherGrainAEZ02,2005,N2O_AWB,3.12387295970312e-09
Brazil,OtherGrain,OtherGrainAEZ03,OtherGrainAEZ03,2005,N2O_AWB,6.5220500450251e-07
Brazil,OtherGrain,OtherGrainAEZ04,OtherGrainAEZ04,2005,N2O_AWB,3.59245390365857e-07
Brazil,OtherGrain,OtherGrainAEZ05,OtherGrainAEZ05,2005,N2O_AWB,9.3055963506015e-06
Brazil,OtherGrain,OtherGrainAEZ06,OtherGrainAEZ06,2005,N2O_AWB,2.7937603171637e-06
Brazil,OtherGrain,OtherGrainAEZ10,OtherGrainAEZ10,2005,N2O_AWB,0
Brazil,OtherGrain,OtherGrainAEZ11,OtherGrainAEZ11,2005,N2O_AWB,0
Brazil,OtherGrain,OtherGrainAEZ12,OtherGrainAEZ12,2005,N2O_AWB,9.18373020547693e-06
Brazil,PalmFruit,PalmFruitAEZ01,PalmFruitAEZ01,2005,N2O_AWB,1.00074198079505e-07
Brazil,PalmFruit,PalmFruitAEZ02,PalmFruitAEZ02,2005,N2O_AWB,2.05690453500528e-06
Brazil,PalmFruit,PalmFruitAEZ03,PalmFruitAEZ03,2005,N2O_AWB,1.23499962545156e-06
Brazil,PalmFruit,PalmFruitAEZ04,PalmFruitAEZ04,2005,N2O_AWB,4.1780769036396e-06
Brazil,PalmFruit,PalmFruitAEZ05,PalmFruitAEZ05,2005,N2O_AWB,9.61510780708337e-06
Brazil,PalmFruit,PalmFruitAEZ06,PalmFruitAEZ06,2005,N2O_AWB,1.33348242955549e-05
Brazil,PalmFruit,PalmFruitAEZ10,PalmFruitAEZ10,2005,N2O_AWB,0
Brazil,PalmFruit,PalmFruitAEZ11,PalmFruitAEZ11,2005,N2O_AWB,0
Brazil,PalmFruit,PalmFruitAEZ12,PalmFruitAEZ12,2005,N2O_AWB,2.45942705316326e-08
Brazil,Rice,RiceAEZ01,RiceAEZ01,2005,N2O_AWB,0
Brazil,Rice,RiceAEZ02,RiceAEZ02,2005,N2O_AWB,2.31092672766292e-07
Brazil,Rice,RiceAEZ03,RiceAEZ03,2005,N2O_AWB,2.26319020236028e-06
Brazil,Rice,RiceAEZ04,RiceAEZ04,2005,N2O_AWB,8.17824655840095e-06
Brazil,Rice,RiceAEZ05,RiceAEZ05,2005,N2O_AWB,2.34339327655605e-05
Brazil,Rice,RiceAEZ06,RiceAEZ06,2005,N2O_AWB,1.06743857319113e-05
Brazil,Rice,RiceAEZ10,RiceAEZ10,2005,N2O_AWB,1.25107920662012e-08
Brazil,Rice,RiceAEZ11,RiceAEZ11,2005,N2O_AWB,0
Brazil,Rice,RiceAEZ12,RiceAEZ12,2005,N2O_AWB,5.6553107840787e-05
Brazil,Root_Tuber,Root_TuberAEZ01,Root_TuberAEZ01,2005,N2O_AWB,3.9352460215019e-08
Brazil,Root_Tuber,Root_TuberAEZ02,Root_TuberAEZ02,2005,N2O_AWB,2.54153262858018e-06
Brazil,Root_Tuber,Root_TuberAEZ03,Root_TuberAEZ03,2005,N2O_AWB,1.72250394535195e-05
Brazil,Root_Tuber,Root_TuberAEZ04,Root_TuberAEZ04,2005,N2O_AWB,4.45656469548438e-05
Brazil,Root_Tuber,Root_TuberAEZ05,Root_TuberAEZ05,2005,N2O_AWB,4.69362002968414e-05
Brazil,Root_Tuber,Root_TuberAEZ06,Root_TuberAEZ06,2005,N2O_AWB,8.97916700427859e-05
Brazil,Root_Tuber,Root_TuberAEZ10,Root_TuberAEZ10,2005,N2O_AWB,3.2092646610512e-07
Brazil,Root_Tuber,Root_TuberAEZ11,Root_TuberAEZ11,2005,N2O_AWB,1.20641020192544e-09
Brazil,Root_Tuber,Root_TuberAEZ12,Root_TuberAEZ12,2005,N2O_AWB,4.55693588904527e-05
Brazil,SugarCrop,SugarCropAEZ01,SugarCropAEZ01,2005,N2O_AWB,9.19329164905263e-08
Brazil,SugarCrop,SugarCropAEZ02,SugarCropAEZ02,2005,N2O_AWB,1.42750356627474e-05
Brazil,SugarCrop,SugarCropAEZ03,SugarCropAEZ03,2005,N2O_AWB,1.57783094986642e-05
Brazil,SugarCrop,SugarCropAEZ04,SugarCropAEZ04,2005,N2O_AWB,0.000158661774137545
Brazil,SugarCrop,SugarCropAEZ05,SugarCropAEZ05,2005,N2O_AWB,0.00148268970148493
Brazil,SugarCrop,SugarCropAEZ06,SugarCropAEZ06,2005,N2O_AWB,0.00208366335909439
Brazil,SugarCrop,SugarCropAEZ10,SugarCropAEZ10,2005,N2O_AWB,1.12085084358071e-06
Brazil,SugarCrop,SugarCropAEZ11,SugarCropAEZ11,2005,N2O_AWB,1.41071738584225e-07
Brazil,SugarCrop,SugarCropAEZ12,SugarCropAEZ12,2005,N2O_AWB,0.000102253228683886
Brazil,Wheat,WheatAEZ01,WheatAEZ01,2005,N2O_AWB,0
Brazil,Wheat,WheatAEZ02,WheatAEZ02,2005,N2O_AWB,0
Brazil,Wheat,WheatAEZ03,WheatAEZ03,2005,N2O_AWB,1.91906223271216e-07
Brazil,Wheat,WheatAEZ04,WheatAEZ04,2005,N2O_AWB,1.98872089142704e-07
Brazil,Wheat,WheatAEZ05,WheatAEZ05,2005,N2O_AWB,9.48439834774291e-07
Brazil,Wheat,WheatAEZ06,WheatAEZ06,2005,N2O_AWB,1.01910076661748e-05
Brazil,Wheat,WheatAEZ10,WheatAEZ10,2005,N2O_AWB,0
Brazil,Wheat,WheatAEZ11,WheatAEZ11,2005,N2O_AWB,0
Brazil,Wheat,WheatAEZ12,WheatAEZ12,2005,N2O_AWB,2.81095817294438e-05
Brazil,Corn,CornAEZ01,CornAEZ01,2005,NH3_AWB,5.93613262031298e-07
Brazil,Corn,CornAEZ02,CornAEZ02,2005,NH3_AWB,2.45487550213613e-05
Brazil,Corn,CornAEZ03,CornAEZ03,2005,NH3_AWB,0.000198636095984271
Brazil,Corn,CornAEZ04,CornAEZ04,2005,NH3_AWB,0.000280273645686512
Brazil,Corn,CornAEZ05,CornAEZ05,2005,NH3_AWB,0.00179098615362097
Brazil,Corn,CornAEZ06,CornAEZ06,2005,NH3_AWB,0.0013431346081749
Brazil,Corn,CornAEZ10,CornAEZ10,2005,NH3_AWB,1.48044997643419e-06
Brazil,Corn,CornAEZ11,CornAEZ11,2005,NH3_AWB,9.95327401125582e-07
Brazil,Corn,CornAEZ12,CornAEZ12,2005,NH3_AWB,0.00330647842280109
Brazil,FiberCrop,FiberCropAEZ01,FiberCropAEZ01,2005,NH3_AWB,1.01699052854199e-07
Brazil,FiberCrop,FiberCropAEZ02,FiberCropAEZ02,2005,NH3_AWB,7.37462500933586e-06
Brazil,FiberCrop,FiberCropAEZ03,FiberCropAEZ03,2005,NH3_AWB,3.33563268845729e-05
Brazil,FiberCrop,FiberCropAEZ04,FiberCropAEZ04,2005,NH3_AWB,7.66050521753266e-05
Brazil,FiberCrop,FiberCropAEZ05,FiberCropAEZ05,2005,NH3_AWB,0.00039351245437427
Brazil,FiberCrop,FiberCropAEZ06,FiberCropAEZ06,2005,NH3_AWB,5.16945589356736e-05
Brazil,FiberCrop,FiberCropAEZ10,FiberCropAEZ10,2005,NH3_AWB,0
Brazil,FiberCrop,FiberCropAEZ11,FiberCropAEZ11,2005,NH3_AWB,0
Brazil,FiberCrop,FiberCropAEZ12,FiberCropAEZ12,2005,NH3_AWB,1.75663458644532e-05
Brazil,FodderGrass,FodderGrassAEZ01,FodderGrassAEZ01,2005,NH3_AWB,0
Brazil,FodderGrass,FodderGrassAEZ02,FodderGrassAEZ02,2005,NH3_AWB,0
Brazil,FodderGrass,FodderGrassAEZ03,FodderGrassAEZ03,2005,NH3_AWB,0
Brazil,FodderGrass,FodderGrassAEZ04,FodderGrassAEZ04,2005,NH3_AWB,0
Brazil,FodderGrass,FodderGrassAEZ05,FodderGrassAEZ05,2005,NH3_AWB,0
Brazil,FodderGrass,FodderGrassAEZ06,FodderGrassAEZ06,2005,NH3_AWB,0
Brazil,FodderGrass,FodderGrassAEZ10,FodderGrassAEZ10,2005,NH3_AWB,0
Brazil,FodderGrass,FodderGrassAEZ11,FodderGrassAEZ11,2005,NH3_AWB,0
Brazil,FodderGrass,FodderGrassAEZ12,FodderGrassAEZ12,2005,NH3_AWB,0
Brazil,FodderHerb,FodderHerbAEZ01,FodderHerbAEZ01,2005,NH3_AWB,0
Brazil,FodderHerb,FodderHerbAEZ02,FodderHerbAEZ02,2005,NH3_AWB,0
Brazil,FodderHerb,FodderHerbAEZ03,FodderHerbAEZ03,2005,NH3_AWB,0
Brazil,FodderHerb,FodderHerbAEZ04,FodderHerbAEZ04,2005,NH3_AWB,0
Brazil,FodderHerb,FodderHerbAEZ05,FodderHerbAEZ05,2005,NH3_AWB,0
Brazil,FodderHerb,FodderHerbAEZ06,FodderHerbAEZ06,2005,NH3_AWB,0
Brazil,FodderHerb,FodderHerbAEZ10,FodderHerbAEZ10,2005,NH3_AWB,0
Brazil,FodderHerb,FodderHerbAEZ11,FodderHerbAEZ11,2005,NH3_AWB,0
Brazil,FodderHerb,FodderHerbAEZ12,FodderHerbAEZ12,2005,NH3_AWB,0
Brazil,MiscCrop,MiscCropAEZ01,MiscCropAEZ01,2005,NH3_AWB,1.51399197692369e-06
Brazil,MiscCrop,MiscCropAEZ02,MiscCropAEZ02,2005,NH3_AWB,0.000138153373400094
Brazil,MiscCrop,MiscCropAEZ03,MiscCropAEZ03,2005,NH3_AWB,0.000307072452533803
Brazil,MiscCrop,MiscCropAEZ04,MiscCropAEZ04,2005,NH3_AWB,0.000472042990821013
Brazil,MiscCrop,MiscCropAEZ05,MiscCropAEZ05,2005,NH3_AWB,0.00277120878726591
Brazil,MiscCrop,MiscCropAEZ06,MiscCropAEZ06,2005,NH3_AWB,0.00352166534988364
Brazil,MiscCrop,MiscCropAEZ10,MiscCropAEZ10,2005,NH3_AWB,3.9936956973464e-06
Brazil,MiscCrop,MiscCropAEZ11,MiscCropAEZ11,2005,NH3_AWB,7.43750565546019e-07
Brazil,MiscCrop,MiscCropAEZ12,MiscCropAEZ12,2005,NH3_AWB,0.0013029550618646
Brazil,OilCrop,OilCropAEZ01,OilCropAEZ01,2005,NH3_AWB,4.98821105147567e-08
Brazil,OilCrop,OilCropAEZ02,OilCropAEZ02,2005,NH3_AWB,6.71340209318114e-07
Brazil,OilCrop,OilCropAEZ03,OilCropAEZ03,2005,NH3_AWB,2.45312919690523e-05
Brazil,OilCrop,OilCropAEZ04,OilCropAEZ04,2005,NH3_AWB,0.000486365663815715
Brazil,OilCrop,OilCropAEZ05,OilCropAEZ05,2005,NH3_AWB,0.00355414782301324
Brazil,OilCrop,OilCropAEZ06,OilCropAEZ06,2005,NH3_AWB,0.00100629590482365
Brazil,OilCrop,OilCropAEZ10,OilCropAEZ10,2005,NH3_AWB,0
Brazil,OilCrop,OilCropAEZ11,OilCropAEZ11,2005,NH3_AWB,0
Brazil,OilCrop,OilCropAEZ12,OilCropAEZ12,2005,NH3_AWB,0.00331764724729541
Brazil,OtherGrain,OtherGrainAEZ01,OtherGrainAEZ01,2005,NH3_AWB,0
Brazil,OtherGrain,OtherGrainAEZ02,OtherGrainAEZ02,2005,NH3_AWB,5.78083252329403e-08
Brazil,OtherGrain,OtherGrainAEZ03,OtherGrainAEZ03,2005,NH3_AWB,1.20692741046728e-05
Brazil,OtherGrain,OtherGrainAEZ04,OtherGrainAEZ04,2005,NH3_AWB,6.64795740178811e-06
Brazil,OtherGrain,OtherGrainAEZ05,OtherGrainAEZ05,2005,NH3_AWB,0.000172203206487999
Brazil,OtherGrain,OtherGrainAEZ06,OtherGrainAEZ06,2005,NH3_AWB,5.16994791788301e-05
Brazil,OtherGrain,OtherGrainAEZ10,OtherGrainAEZ10,2005,NH3_AWB,0
Brazil,OtherGrain,OtherGrainAEZ11,OtherGrainAEZ11,2005,NH3_AWB,0
Brazil,OtherGrain,OtherGrainAEZ12,OtherGrainAEZ12,2005,NH3_AWB,0.000169948032272171
Brazil,PalmFruit,PalmFruitAEZ01,PalmFruitAEZ01,2005,NH3_AWB,1.85190686837518e-06
Brazil,PalmFruit,PalmFruitAEZ02,PalmFruitAEZ02,2005,NH3_AWB,3.80637138150444e-05
Brazil,PalmFruit,PalmFruitAEZ03,PalmFruitAEZ03,2005,NH3_AWB,2.28540855955448e-05
Brazil,PalmFruit,PalmFruitAEZ04,PalmFruitAEZ04,2005,NH3_AWB,7.73167256189534e-05
Brazil,PalmFruit,PalmFruitAEZ05,PalmFruitAEZ05,2005,NH3_AWB,0.000177930820629301
Brazil,PalmFruit,PalmFruitAEZ06,PalmFruitAEZ06,2005,NH3_AWB,0.000246765431803862
Brazil,PalmFruit,PalmFruitAEZ10,PalmFruitAEZ10,2005,NH3_AWB,0
Brazil,PalmFruit,PalmFruitAEZ11,PalmFruitAEZ11,2005,NH3_AWB,0
Brazil,PalmFruit,PalmFruitAEZ12,PalmFruitAEZ12,2005,NH3_AWB,4.55125290976832e-07
Brazil,Rice,RiceAEZ01,RiceAEZ01,2005,NH3_AWB,0
Brazil,Rice,RiceAEZ02,RiceAEZ02,2005,NH3_AWB,4.2764480369563e-06
Brazil,Rice,RiceAEZ03,RiceAEZ03,2005,NH3_AWB,4.18810998301546e-05
Brazil,Rice,RiceAEZ04,RiceAEZ04,2005,NH3_AWB,0.000151341217450836
Brazil,Rice,RiceAEZ05,RiceAEZ05,2005,NH3_AWB,0.000433652848330656
Brazil,Rice,RiceAEZ06,RiceAEZ06,2005,NH3_AWB,0.000197533116747114
Brazil,Rice,RiceAEZ10,RiceAEZ10,2005,NH3_AWB,2.31516436812264e-07
Brazil,Rice,RiceAEZ11,RiceAEZ11,2005,NH3_AWB,0
Brazil,Rice,RiceAEZ12,RiceAEZ12,2005,NH3_AWB,0.00104653437997186
Brazil,Root_Tuber,Root_TuberAEZ01,Root_TuberAEZ01,2005,NH3_AWB,7.28230580491455e-07
Brazil,Root_Tuber,Root_TuberAEZ02,Root_TuberAEZ02,2005,NH3_AWB,4.70319205288858e-05
Brazil,Root_Tuber,Root_TuberAEZ03,Root_TuberAEZ03,2005,NH3_AWB,0.000318755178499293
Brazil,Root_Tuber,Root_TuberAEZ04,Root_TuberAEZ04,2005,NH3_AWB,0.000824702363577181
Brazil,Root_Tuber,Root_TuberAEZ05,Root_TuberAEZ05,2005,NH3_AWB,0.00086857025460347
Brazil,Root_Tuber,Root_TuberAEZ06,Root_TuberAEZ06,2005,NH3_AWB,0.00166162521075618
Brazil,Root_Tuber,Root_TuberAEZ10,Root_TuberAEZ10,2005,NH3_AWB,5.9388527535467e-06
Brazil,Root_Tuber,Root_TuberAEZ11,Root_TuberAEZ11,2005,NH3_AWB,2.23250286477305e-08
Brazil,Root_Tuber,Root_TuberAEZ12,Root_TuberAEZ12,2005,NH3_AWB,0.00084327639227884
Brazil,SugarCrop,SugarCropAEZ01,SugarCropAEZ01,2005,NH3_AWB,1.70124970018056e-06
Brazil,SugarCrop,SugarCropAEZ02,SugarCropAEZ02,2005,NH3_AWB,0.000264164361018813
Brazil,SugarCrop,SugarCropAEZ03,SugarCropAEZ03,2005,NH3_AWB,0.000291982951576705
Brazil,SugarCrop,SugarCropAEZ04,SugarCropAEZ04,2005,NH3_AWB,0.00293608977051684
Brazil,SugarCrop,SugarCropAEZ05,SugarCropAEZ05,2005,NH3_AWB,0.0274376741911801
Brazil,SugarCrop,SugarCropAEZ06,SugarCropAEZ06,2005,NH3_AWB,0.0385588949013908
Brazil,SugarCrop,SugarCropAEZ10,SugarCropAEZ10,2005,NH3_AWB,2.07417237957996e-05
Brazil,SugarCrop,SugarCropAEZ11,SugarCropAEZ11,2005,NH3_AWB,2.61058021579348e-06
Brazil,SugarCrop,SugarCropAEZ12,SugarCropAEZ12,2005,NH3_AWB,0.00189223056639219
Brazil,Wheat,WheatAEZ01,WheatAEZ01,2005,NH3_AWB,0
Brazil,Wheat,WheatAEZ02,WheatAEZ02,2005,NH3_AWB,0
Brazil,Wheat,WheatAEZ03,WheatAEZ03,2005,NH3_AWB,3.551289540962e-06
Brazil,Wheat,WheatAEZ04,WheatAEZ04,2005,NH3_AWB,3.68019524392192e-06
Brazil,Wheat,WheatAEZ05,WheatAEZ05,2005,NH3_AWB,1.75511997894175e-05
Brazil,Wheat,WheatAEZ06,WheatAEZ06,2005,NH3_AWB,0.000188588042221028
Brazil,Wheat,WheatAEZ10,WheatAEZ10,2005,NH3_AWB,0
Brazil,Wheat,WheatAEZ11,WheatAEZ11,2005,NH3_AWB,0
Brazil,Wheat,WheatAEZ12,WheatAEZ12,2005,NH3_AWB,0.000520177313142732
Brazil,Corn,CornAEZ01,CornAEZ01,2005,NMVOC_AWB,3.2077947428999e-06
Brazil,Corn,CornAEZ02,CornAEZ02,2005,NMVOC_AWB,0.000132657695403895
Brazil,Corn,CornAEZ03,CornAEZ03,2005,NMVOC_AWB,0.00107339890329962
Brazil,Corn,CornAEZ04,CornAEZ04,2005,NMVOC_AWB,0.0015145556622675
Brazil,Corn,CornAEZ05,CornAEZ05,2005,NMVOC_AWB,0.00967821363783639
Brazil,Corn,CornAEZ06,CornAEZ06,2005,NMVOC_AWB,0.00725809278648361
Brazil,Corn,CornAEZ10,CornAEZ10,2005,NMVOC_AWB,8.00012391111551e-06
Brazil,Corn,CornAEZ11,CornAEZ11,2005,NMVOC_AWB,5.37859614839016e-06
Brazil,Corn,CornAEZ12,CornAEZ12,2005,NMVOC_AWB,0.017867700707829
Brazil,FiberCrop,FiberCropAEZ01,FiberCropAEZ01,2005,NMVOC_AWB,5.4956603561596e-07
Brazil,FiberCrop,FiberCropAEZ02,FiberCropAEZ02,2005,NMVOC_AWB,3.98513389927572e-05
Brazil,FiberCrop,FiberCropAEZ03,FiberCropAEZ03,2005,NMVOC_AWB,0.000180252458741634
Brazil,FiberCrop,FiberCropAEZ04,FiberCropAEZ04,2005,NMVOC_AWB,0.000413961916562823
Brazil,FiberCrop,FiberCropAEZ05,FiberCropAEZ05,2005,NMVOC_AWB,0.00212648076306096
Brazil,FiberCrop,FiberCropAEZ06,FiberCropAEZ06,2005,NMVOC_AWB,0.000279349443479313
Brazil,FiberCrop,FiberCropAEZ10,FiberCropAEZ10,2005,NMVOC_AWB,0
Brazil,FiberCrop,FiberCropAEZ11,FiberCropAEZ11,2005,NMVOC_AWB,0
Brazil,FiberCrop,FiberCropAEZ12,FiberCropAEZ12,2005,NMVOC_AWB,9.49258305367567e-05
Brazil,FodderGrass,FodderGrassAEZ01,FodderGrassAEZ01,2005,NMVOC_AWB,0
Brazil,FodderGrass,FodderGrassAEZ02,FodderGrassAEZ02,2005,NMVOC_AWB,0
Brazil,FodderGrass,FodderGrassAEZ03,FodderGrassAEZ03,2005,NMVOC_AWB,0
Brazil,FodderGrass,FodderGrassAEZ04,FodderGrassAEZ04,2005,NMVOC_AWB,0
Brazil,FodderGrass,FodderGrassAEZ05,FodderGrassAEZ05,2005,NMVOC_AWB,0
Brazil,FodderGrass,FodderGrassAEZ06,FodderGrassAEZ06,2005,NMVOC_AWB,0
Brazil,FodderGrass,FodderGrassAEZ10,FodderGrassAEZ10,2005,NMVOC_AWB,0
Brazil,FodderGrass,FodderGrassAEZ11,FodderGrassAEZ11,2005,NMVOC_AWB,0
Brazil,FodderGrass,FodderGrassAEZ12,FodderGrassAEZ12,2005,NMVOC_AWB,0
Brazil,FodderHerb,FodderHerbAEZ01,FodderHerbAEZ01,2005,NMVOC_AWB,0
Brazil,FodderHerb,FodderHerbAEZ02,FodderHerbAEZ02,2005,NMVOC_AWB,0
Brazil,FodderHerb,FodderHerbAEZ03,FodderHerbAEZ03,2005,NMVOC_AWB,0
Brazil,FodderHerb,FodderHerbAEZ04,FodderHerbAEZ04,2005,NMVOC_AWB,0
Brazil,FodderHerb,FodderHerbAEZ05,FodderHerbAEZ05,2005,NMVOC_AWB,0
Brazil,FodderHerb,FodderHerbAEZ06,FodderHerbAEZ06,2005,NMVOC_AWB,0
Brazil,FodderHerb,FodderHerbAEZ10,FodderHerbAEZ10,2005,NMVOC_AWB,0
Brazil,FodderHerb,FodderHerbAEZ11,FodderHerbAEZ11,2005,NMVOC_AWB,0
Brazil,FodderHerb,FodderHerbAEZ12,FodderHerbAEZ12,2005,NMVOC_AWB,0
Brazil,MiscCrop,MiscCropAEZ01,MiscCropAEZ01,2005,NMVOC_AWB,8.181379721453e-06
Brazil,MiscCrop,MiscCropAEZ02,MiscCropAEZ02,2005,NMVOC_AWB,0.000746559575488971
Brazil,MiscCrop,MiscCropAEZ03,MiscCropAEZ03,2005,NMVOC_AWB,0.0016593722915769
Brazil,MiscCrop,MiscCropAEZ04,MiscCropAEZ04,2005,NMVOC_AWB,0.00255084770039817
Brazil,MiscCrop,MiscCropAEZ05,MiscCropAEZ05,2005,NMVOC_AWB,0.0149751859465716
Brazil,MiscCrop,MiscCropAEZ06,MiscCropAEZ06,2005,NMVOC_AWB,0.019030537756102
Brazil,MiscCrop,MiscCropAEZ10,MiscCropAEZ10,2005,NMVOC_AWB,2.15813171337373e-05
Brazil,MiscCrop,MiscCropAEZ11,MiscCropAEZ11,2005,NMVOC_AWB,4.01911363304676e-06
Brazil,MiscCrop,MiscCropAEZ12,MiscCropAEZ12,2005,NMVOC_AWB,0.00704096869969142
Brazil,OilCrop,OilCropAEZ01,OilCropAEZ01,2005,NMVOC_AWB,2.69555251050897e-07
Brazil,OilCrop,OilCropAEZ02,OilCropAEZ02,2005,NMVOC_AWB,3.62781920804596e-06
Brazil,OilCrop,OilCropAEZ03,OilCropAEZ03,2005,NMVOC_AWB,0.00013256332775584
Brazil,OilCrop,OilCropAEZ04,OilCropAEZ04,2005,NMVOC_AWB,0.00262824522177339
Brazil,OilCrop,OilCropAEZ05,OilCropAEZ05,2005,NMVOC_AWB,0.0192060680435908
Brazil,OilCrop,OilCropAEZ06,OilCropAEZ06,2005,NMVOC_AWB,0.00543786825491244
Brazil,OilCrop,OilCropAEZ10,OilCropAEZ10,2005,NMVOC_AWB,0
Brazil,OilCrop,OilCropAEZ11,OilCropAEZ11,2005,NMVOC_AWB,0
Brazil,OilCrop,OilCropAEZ12,OilCropAEZ12,2005,NMVOC_AWB,0.0179280553171156
Brazil,OtherGrain,OtherGrainAEZ01,OtherGrainAEZ01,2005,NMVOC_AWB,0
Brazil,OtherGrain,OtherGrainAEZ02,OtherGrainAEZ02,2005,NMVOC_AWB,3.12387295970312e-07
Brazil,OtherGrain,OtherGrainAEZ03,OtherGrainAEZ03,2005,NMVOC_AWB,6.5220500450251e-05
Brazil,OtherGrain,OtherGrainAEZ04,OtherGrainAEZ04,2005,NMVOC_AWB,3.59245390365857e-05
Brazil,OtherGrain,OtherGrainAEZ05,OtherGrainAEZ05,2005,NMVOC_AWB,0.00093055963506015
Brazil,OtherGrain,OtherGrainAEZ06,OtherGrainAEZ06,2005,NMVOC_AWB,0.00027937603171637
Brazil,OtherGrain,OtherGrainAEZ10,OtherGrainAEZ10,2005,NMVOC_AWB,0
Brazil,OtherGrain,OtherGrainAEZ11,OtherGrainAEZ11,2005,NMVOC_AWB,0
Brazil,OtherGrain,OtherGrainAEZ12,OtherGrainAEZ12,2005,NMVOC_AWB,0.000918373020547693
Brazil,PalmFruit,PalmFruitAEZ01,PalmFruitAEZ01,2005,NMVOC_AWB,1.00074198079505e-05
Brazil,PalmFruit,PalmFruitAEZ02,PalmFruitAEZ02,2005,NMVOC_AWB,0.000205690453500528
Brazil,PalmFruit,PalmFruitAEZ03,PalmFruitAEZ03,2005,NMVOC_AWB,0.000123499962545156
Brazil,PalmFruit,PalmFruitAEZ04,PalmFruitAEZ04,2005,NMVOC_AWB,0.00041780769036396
Brazil,PalmFruit,PalmFruitAEZ05,PalmFruitAEZ05,2005,NMVOC_AWB,0.000961510780708338
Brazil,PalmFruit,PalmFruitAEZ06,PalmFruitAEZ06,2005,NMVOC_AWB,0.00133348242955549
Brazil,PalmFruit,PalmFruitAEZ10,PalmFruitAEZ10,2005,NMVOC_AWB,0
Brazil,PalmFruit,PalmFruitAEZ11,PalmFruitAEZ11,2005,NMVOC_AWB,0
Brazil,PalmFruit,PalmFruitAEZ12,PalmFruitAEZ12,2005,NMVOC_AWB,2.45942705316326e-06
Brazil,Rice,RiceAEZ01,RiceAEZ01,2005,NMVOC_AWB,0
Brazil,Rice,RiceAEZ02,RiceAEZ02,2005,NMVOC_AWB,2.31092672766292e-05
Brazil,Rice,RiceAEZ03,RiceAEZ03,2005,NMVOC_AWB,0.000226319020236028
Brazil,Rice,RiceAEZ04,RiceAEZ04,2005,NMVOC_AWB,0.000817824655840095
Brazil,Rice,RiceAEZ05,RiceAEZ05,2005,NMVOC_AWB,0.00234339327655605
Brazil,Rice,RiceAEZ06,RiceAEZ06,2005,NMVOC_AWB,0.00106743857319113
Brazil,Rice,RiceAEZ10,RiceAEZ10,2005,NMVOC_AWB,1.25107920662012e-06
Brazil,Rice,RiceAEZ11,RiceAEZ11,2005,NMVOC_AWB,0
Brazil,Rice,RiceAEZ12,RiceAEZ12,2005,NMVOC_AWB,0.0056553107840787
Brazil,Root_Tuber,Root_TuberAEZ01,Root_TuberAEZ01,2005,NMVOC_AWB,3.9352460215019e-06
Brazil,Root_Tuber,Root_TuberAEZ02,Root_TuberAEZ02,2005,NMVOC_AWB,0.000254153262858018
Brazil,Root_Tuber,Root_TuberAEZ03,Root_TuberAEZ03,2005,NMVOC_AWB,0.00172250394535195
Brazil,Root_Tuber,Root_TuberAEZ04,Root_TuberAEZ04,2005,NMVOC_AWB,0.00445656469548438
Brazil,Root_Tuber,Root_TuberAEZ05,Root_TuberAEZ05,2005,NMVOC_AWB,0.00469362002968414
Brazil,Root_Tuber,Root_TuberAEZ06,Root_TuberAEZ06,2005,NMVOC_AWB,0.00897916700427859
Brazil,Root_Tuber,Root_TuberAEZ10,Root_TuberAEZ10,2005,NMVOC_AWB,3.2092646610512e-05
Brazil,Root_Tuber,Root_TuberAEZ11,Root_TuberAEZ11,2005,NMVOC_AWB,1.20641020192544e-07
Brazil,Root_Tuber,Root_TuberAEZ12,Root_TuberAEZ12,2005,NMVOC_AWB,0.00455693588904527
Brazil,SugarCrop,SugarCropAEZ01,SugarCropAEZ01,2005,NMVOC_AWB,9.19329164905263e-06
Brazil,SugarCrop,SugarCropAEZ02,SugarCropAEZ02,2005,NMVOC_AWB,0.00142750356627474
Brazil,SugarCrop,SugarCropAEZ03,SugarCropAEZ03,2005,NMVOC_AWB,0.00157783094986642
Brazil,SugarCrop,SugarCropAEZ04,SugarCropAEZ04,2005,NMVOC_AWB,0.0158661774137545
Brazil,SugarCrop,SugarCropAEZ05,SugarCropAEZ05,2005,NMVOC_AWB,0.148268970148493
Brazil,SugarCrop,SugarCropAEZ06,SugarCropAEZ06,2005,NMVOC_AWB,0.208366335909439
Brazil,SugarCrop,SugarCropAEZ10,SugarCropAEZ10,2005,NMVOC_AWB,0.000112085084358071
Brazil,SugarCrop,SugarCropAEZ11,SugarCropAEZ11,2005,NMVOC_AWB,1.41071738584225e-05
Brazil,SugarCrop,SugarCropAEZ12,SugarCropAEZ12,2005,NMVOC_AWB,0.0102253228683886
Brazil,Wheat,WheatAEZ01,WheatAEZ01,2005,NMVOC_AWB,0
Brazil,Wheat,WheatAEZ02,WheatAEZ02,2005,NMVOC_AWB,0
Brazil,Wheat,WheatAEZ03,WheatAEZ03,2005,NMVOC_AWB,1.91906223271216e-05
Brazil,Wheat,WheatAEZ04,WheatAEZ04,2005,NMVOC_AWB,1.98872089142704e-05
Brazil,Wheat,WheatAEZ05,WheatAEZ05,2005,NMVOC_AWB,9.48439834774291e-05
Brazil,Wheat,WheatAEZ06,WheatAEZ06,2005,NMVOC_AWB,0.00101910076661748
Brazil,Wheat,WheatAEZ10,WheatAEZ10,2005,NMVOC_AWB,0
Brazil,Wheat,WheatAEZ11,WheatAEZ11,2005,NMVOC_AWB,0
Brazil,Wheat,WheatAEZ12,WheatAEZ12,2005,NMVOC_AWB,0.00281095817294438
Brazil,Corn,CornAEZ01,CornAEZ01,2005,NOx_AWB,1.74088504730333e-06
Brazil,Corn,CornAEZ02,CornAEZ02,2005,NOx_AWB,7.19939450145691e-05
Brazil,Corn,CornAEZ03,CornAEZ03,2005,NOx_AWB,0.000582538550723102
Brazil,Corn,CornAEZ04,CornAEZ04,2005,NOx_AWB,0.000821956364753712
Brazil,Corn,CornAEZ05,CornAEZ05,2005,NOx_AWB,0.00525241131590765
Brazil,Corn,CornAEZ06,CornAEZ06,2005,NOx_AWB,0.00393900053358986
Brazil,Corn,CornAEZ10,CornAEZ10,2005,NOx_AWB,4.3417042578118e-06
Brazil,Corn,CornAEZ11,CornAEZ11,2005,NOx_AWB,2.91898901291637e-06
Brazil,Corn,CornAEZ12,CornAEZ12,2005,NOx_AWB,0.00969688383609936
Brazil,FiberCrop,FiberCropAEZ01,FiberCropAEZ01,2005,NOx_AWB,2.98252030005103e-07
Brazil,FiberCrop,FiberCropAEZ02,FiberCropAEZ02,2005,NOx_AWB,2.16275060369946e-05
Brazil,FiberCrop,FiberCropAEZ03,FiberCropAEZ03,2005,NOx_AWB,9.78238432672571e-05
Brazil,FiberCrop,FiberCropAEZ04,FiberCropAEZ04,2005,NOx_AWB,0.000224659047244948
Brazil,FiberCrop,FiberCropAEZ05,FiberCropAEZ05,2005,NOx_AWB,0.00115405094792454
Brazil,FiberCrop,FiberCropAEZ06,FiberCropAEZ06,2005,NOx_AWB,0.000151604235340197
Brazil,FiberCrop,FiberCropAEZ10,FiberCropAEZ10,2005,NOx_AWB,0
Brazil,FiberCrop,FiberCropAEZ11,FiberCropAEZ11,2005,NOx_AWB,0
Brazil,FiberCrop,FiberCropAEZ12,FiberCropAEZ12,2005,NOx_AWB,5.15166873909445e-05
Brazil,FodderGrass,FodderGrassAEZ01,FodderGrassAEZ01,2005,NOx_AWB,0
Brazil,FodderGrass,FodderGrassAEZ02,FodderGrassAEZ02,2005,NOx_AWB,0
Brazil,FodderGrass,FodderGrassAEZ03,FodderGrassAEZ03,2005,NOx_AWB,0
Brazil,FodderGrass,FodderGrassAEZ04,FodderGrassAEZ04,2005,NOx_AWB,0
Brazil,FodderGrass,FodderGrassAEZ05,FodderGrassAEZ05,2005,NOx_AWB,0
Brazil,FodderGrass,FodderGrassAEZ06,FodderGrassAEZ06,2005,NOx_AWB,0
Brazil,FodderGrass,FodderGrassAEZ10,FodderGrassAEZ10,2005,NOx_AWB,0
Brazil,FodderGrass,FodderGrassAEZ11,FodderGrassAEZ11,2005,NOx_AWB,0
Brazil,FodderGrass,FodderGrassAEZ12,FodderGrassAEZ12,2005,NOx_AWB,0
Brazil,FodderHerb,FodderHerbAEZ01,FodderHerbAEZ01,2005,NOx_AWB,0
Brazil,FodderHerb,FodderHerbAEZ02,FodderHerbAEZ02,2005,NOx_AWB,0
Brazil,FodderHerb,FodderHerbAEZ03,FodderHerbAEZ03,2005,NOx_AWB,0
Brazil,FodderHerb,FodderHerbAEZ04,FodderHerbAEZ04,2005,NOx_AWB,0
Brazil,FodderHerb,FodderHerbAEZ05,FodderHerbAEZ05,2005,NOx_AWB,0
Brazil,FodderHerb,FodderHerbAEZ06,FodderHerbAEZ06,2005,NOx_AWB,0
Brazil,FodderHerb,FodderHerbAEZ10,FodderHerbAEZ10,2005,NOx_AWB,0
Brazil,FodderHerb,FodderHerbAEZ11,FodderHerbAEZ11,2005,NOx_AWB,0
Brazil,FodderHerb,FodderHerbAEZ12,FodderHerbAEZ12,2005,NOx_AWB,0
Brazil,MiscCrop,MiscCropAEZ01,MiscCropAEZ01,2005,NOx_AWB,4.44007262463196e-06
Brazil,MiscCrop,MiscCropAEZ02,MiscCropAEZ02,2005,NOx_AWB,0.0004051613354522
Brazil,MiscCrop,MiscCropAEZ03,MiscCropAEZ03,2005,NOx_AWB,0.000900549019450096
Brazil,MiscCrop,MiscCropAEZ04,MiscCropAEZ04,2005,NOx_AWB,0.00138435684808086
Brazil,MiscCrop,MiscCropAEZ05,MiscCropAEZ05,2005,NOx_AWB,0.00812710269342407
Brazil,MiscCrop,MiscCropAEZ06,MiscCropAEZ06,2005,NOx_AWB,0.0103279608818703
Brazil,MiscCrop,MiscCropAEZ10,MiscCropAEZ10,2005,NOx_AWB,1.17122806508716e-05
Brazil,MiscCrop,MiscCropAEZ11,MiscCropAEZ11,2005,NOx_AWB,2.18119156241861e-06
Brazil,MiscCrop,MiscCropAEZ12,MiscCropAEZ12,2005,NOx_AWB,0.00382116628719908
Brazil,OilCrop,OilCropAEZ01,OilCropAEZ01,2005,NOx_AWB,1.46288881798085e-07
Brazil,OilCrop,OilCropAEZ02,OilCropAEZ02,2005,NOx_AWB,1.96883426771178e-06
Brazil,OilCrop,OilCropAEZ03,OilCropAEZ03,2005,NOx_AWB,7.19427312553937e-05
Brazil,OilCrop,OilCropAEZ04,OilCropAEZ04,2005,NOx_AWB,0.00142636084099801
Brazil,OilCrop,OilCropAEZ05,OilCropAEZ05,2005,NOx_AWB,0.0104232219809523
Brazil,OilCrop,OilCropAEZ06,OilCropAEZ06,2005,NOx_AWB,0.0029511562593386
Brazil,OilCrop,OilCropAEZ10,OilCropAEZ10,2005,NOx_AWB,0
Brazil,OilCrop,OilCropAEZ11,OilCropAEZ11,2005,NOx_AWB,0
Brazil,OilCrop,OilCropAEZ12,OilCropAEZ12,2005,NOx_AWB,0.0097296385617798
Brazil,OtherGrain,OtherGrainAEZ01,OtherGrainAEZ01,2005,NOx_AWB,0
Brazil,OtherGrain,OtherGrainAEZ02,OtherGrainAEZ02,2005,NOx_AWB,1.69534030731219e-07
Brazil,OtherGrain,OtherGrainAEZ03,OtherGrainAEZ03,2005,NOx_AWB,3.53954673262038e-05
Brazil,OtherGrain,OtherGrainAEZ04,OtherGrainAEZ04,2005,NOx_AWB,1.94964135340901e-05
Brazil,OtherGrain,OtherGrainAEZ05,OtherGrainAEZ05,2005,NOx_AWB,0.000505019019027306
Brazil,OtherGrain,OtherGrainAEZ06,OtherGrainAEZ06,2005,NOx_AWB,0.000151618664899454
Brazil,OtherGrain,OtherGrainAEZ10,OtherGrainAEZ10,2005,NOx_AWB,0
Brazil,OtherGrain,OtherGrainAEZ11,OtherGrainAEZ11,2005,NOx_AWB,0
Brazil,OtherGrain,OtherGrainAEZ12,OtherGrainAEZ12,2005,NOx_AWB,0.00049840528695204
Brazil,PalmFruit,PalmFruitAEZ01,PalmFruitAEZ01,2005,NOx_AWB,5.43107302744645e-06
Brazil,PalmFruit,PalmFruitAEZ02,PalmFruitAEZ02,2005,NOx_AWB,0.000111629160707582
Brazil,PalmFruit,PalmFruitAEZ03,PalmFruitAEZ03,2005,NOx_AWB,6.70240010253959e-05
Brazil,PalmFruit,PalmFruitAEZ04,PalmFruitAEZ04,2005,NOx_AWB,0.000226746166478661
Brazil,PalmFruit,PalmFruitAEZ05,PalmFruitAEZ05,2005,NOx_AWB,0.00052181634896093
Brazil,PalmFruit,PalmFruitAEZ06,PalmFruitAEZ06,2005,NOx_AWB,0.000723687083655558
Brazil,PalmFruit,PalmFruitAEZ10,PalmFruitAEZ10,2005,NOx_AWB,0
Brazil,PalmFruit,PalmFruitAEZ11,PalmFruitAEZ11,2005,NOx_AWB,0
Brazil,PalmFruit,PalmFruitAEZ12,PalmFruitAEZ12,2005,NOx_AWB,1.33474243988398e-06
Brazil,Rice,RiceAEZ01,RiceAEZ01,2005,NOx_AWB,0
Brazil,Rice,RiceAEZ02,RiceAEZ02,2005,NOx_AWB,1.25415062622276e-05
Brazil,Rice,RiceAEZ03,RiceAEZ03,2005,NOx_AWB,0.000122824379309588
Brazil,Rice,RiceAEZ04,RiceAEZ04,2005,NOx_AWB,0.000443837224254856
Brazil,Rice,RiceAEZ05,RiceAEZ05,2005,NOx_AWB,0.00127177037250817
Brazil,Rice,RiceAEZ06,RiceAEZ06,2005,NOx_AWB,0.000579303851998747
Brazil,Rice,RiceAEZ10,RiceAEZ10,2005,NOx_AWB,6.78966473343658e-07
Brazil,Rice,RiceAEZ11,RiceAEZ11,2005,NOx_AWB,0
Brazil,Rice,RiceAEZ12,RiceAEZ12,2005,NOx_AWB,0.00306916332587901
Brazil,Root_Tuber,Root_TuberAEZ01,Root_TuberAEZ01,2005,NOx_AWB,2.13567622163359e-06
Brazil,Root_Tuber,Root_TuberAEZ02,Root_TuberAEZ02,2005,NOx_AWB,0.000137930151551059
Brazil,Root_Tuber,Root_TuberAEZ03,Root_TuberAEZ03,2005,NOx_AWB,0.000934810860021966
Brazil,Root_Tuber,Root_TuberAEZ04,Root_TuberAEZ04,2005,NOx_AWB,0.00241859827779846
Brazil,Root_Tuber,Root_TuberAEZ05,Root_TuberAEZ05,2005,NOx_AWB,0.00254724930436595
Brazil,Root_Tuber,Root_TuberAEZ06,Root_TuberAEZ06,2005,NOx_AWB,0.00487303547385226
Brazil,Root_Tuber,Root_TuberAEZ10,Root_TuberAEZ10,2005,NOx_AWB,1.74168277868437e-05
Brazil,Root_Tuber,Root_TuberAEZ11,Root_TuberAEZ11,2005,NOx_AWB,6.54724397842096e-08
Brazil,Root_Tuber,Root_TuberAEZ12,Root_TuberAEZ12,2005,NOx_AWB,0.00247307018889468
Brazil,SugarCrop,SugarCropAEZ01,SugarCropAEZ01,2005,NOx_AWB,4.98924190918337e-06
Brazil,SugarCrop,SugarCropAEZ02,SugarCropAEZ02,2005,NOx_AWB,0.000774712789526326
Brazil,SugarCrop,SugarCropAEZ03,SugarCropAEZ03,2005,NOx_AWB,0.000856296156066297
Brazil,SugarCrop,SugarCropAEZ04,SugarCropAEZ04,2005,NOx_AWB,0.00861064788468882
Brazil,SugarCrop,SugarCropAEZ05,SugarCropAEZ05,2005,NOx_AWB,0.0804662560414417
Brazil,SugarCrop,SugarCropAEZ06,SugarCropAEZ06,2005,NOx_AWB,0.113081374470425
Brazil,SugarCrop,SugarCropAEZ10,SugarCropAEZ10,2005,NOx_AWB,6.082909382422e-05
Brazil,SugarCrop,SugarCropAEZ11,SugarCropAEZ11,2005,NOx_AWB,7.65602851747126e-06
Brazil,SugarCrop,SugarCropAEZ12,SugarCropAEZ12,2005,NOx_AWB,0.00554933002643863
Brazil,Wheat,WheatAEZ01,WheatAEZ01,2005,NOx_AWB,0
Brazil,Wheat,WheatAEZ02,WheatAEZ02,2005,NOx_AWB,0
Brazil,Wheat,WheatAEZ03,WheatAEZ03,2005,NOx_AWB,1.04148395191674e-05
Brazil,Wheat,WheatAEZ04,WheatAEZ04,2005,NOx_AWB,1.07928802826556e-05
Brazil,Wheat,WheatAEZ05,WheatAEZ05,2005,NOx_AWB,5.14722686131955e-05
Brazil,Wheat,WheatAEZ06,WheatAEZ06,2005,NOx_AWB,0.000553070700744362
Brazil,Wheat,WheatAEZ10,WheatAEZ10,2005,NOx_AWB,0
Brazil,Wheat,WheatAEZ11,WheatAEZ11,2005,NOx_AWB,0
Brazil,Wheat,WheatAEZ12,WheatAEZ12,2005,NOx_AWB,0.00152552000488974
Brazil,Corn,CornAEZ01,CornAEZ01,2005,SO2_AWB,2.65984403948639e-07
Brazil,Corn,CornAEZ02,CornAEZ02,2005,SO2_AWB,1.09997306153407e-05
Brazil,Corn,CornAEZ03,CornAEZ03,2005,SO2_AWB,8.90042507006444e-05
Brazil,Corn,CornAEZ04,CornAEZ04,2005,SO2_AWB,0.000125584152778764
Brazil,Corn,CornAEZ05,CornAEZ05,2005,SO2_AWB,0.000802499564987857
Brazil,Corn,CornAEZ06,CornAEZ06,2005,SO2_AWB,0.000601827622509139
Brazil,Corn,CornAEZ10,CornAEZ10,2005,SO2_AWB,6.63355470209934e-07
Brazil,Corn,CornAEZ11,CornAEZ11,2005,SO2_AWB,4.45983239350501e-07
Brazil,Corn,CornAEZ12,CornAEZ12,2005,SO2_AWB,0.00148155667790895
Brazil,FiberCrop,FiberCropAEZ01,FiberCropAEZ01,2005,SO2_AWB,4.55689986827469e-08
Brazil,FiberCrop,FiberCropAEZ02,FiberCropAEZ02,2005,SO2_AWB,3.30439928302934e-06
Brazil,FiberCrop,FiberCropAEZ03,FiberCropAEZ03,2005,SO2_AWB,1.49462003155875e-05
Brazil,FiberCrop,FiberCropAEZ04,FiberCropAEZ04,2005,SO2_AWB,3.43249560708675e-05
Brazil,FiberCrop,FiberCropAEZ05,FiberCropAEZ05,2005,SO2_AWB,0.000176323849748471
Brazil,FiberCrop,FiberCropAEZ06,FiberCropAEZ06,2005,SO2_AWB,2.31631389077153e-05
Brazil,FiberCrop,FiberCropAEZ10,FiberCropAEZ10,2005,SO2_AWB,0
Brazil,FiberCrop,FiberCropAEZ11,FiberCropAEZ11,2005,SO2_AWB,0
Brazil,FiberCrop,FiberCropAEZ12,FiberCropAEZ12,2005,SO2_AWB,7.87107420464922e-06
Brazil,FodderGrass,FodderGrassAEZ01,FodderGrassAEZ01,2005,SO2_AWB,0
Brazil,FodderGrass,FodderGrassAEZ02,FodderGrassAEZ02,2005,SO2_AWB,0
Brazil,FodderGrass,FodderGrassAEZ03,FodderGrassAEZ03,2005,SO2_AWB,0
Brazil,FodderGrass,FodderGrassAEZ04,FodderGrassAEZ04,2005,SO2_AWB,0
Brazil,FodderGrass,FodderGrassAEZ05,FodderGrassAEZ05,2005,SO2_AWB,0
Brazil,FodderGrass,FodderGrassAEZ06,FodderGrassAEZ06,2005,SO2_AWB,0
Brazil,FodderGrass,FodderGrassAEZ10,FodderGrassAEZ10,2005,SO2_AWB,0
Brazil,FodderGrass,FodderGrassAEZ11,FodderGrassAEZ11,2005,SO2_AWB,0
Brazil,FodderGrass,FodderGrassAEZ12,FodderGrassAEZ12,2005,SO2_AWB,0
Brazil,FodderHerb,FodderHerbAEZ01,FodderHerbAEZ01,2005,SO2_AWB,0
Brazil,FodderHerb,FodderHerbAEZ02,FodderHerbAEZ02,2005,SO2_AWB,0
Brazil,FodderHerb,FodderHerbAEZ03,FodderHerbAEZ03,2005,SO2_AWB,0
Brazil,FodderHerb,FodderHerbAEZ04,FodderHerbAEZ04,2005,SO2_AWB,0
Brazil,FodderHerb,FodderHerbAEZ05,FodderHerbAEZ05,2005,SO2_AWB,0
Brazil,FodderHerb,FodderHerbAEZ06,FodderHerbAEZ06,2005,SO2_AWB,0
Brazil,FodderHerb,FodderHerbAEZ10,FodderHerbAEZ10,2005,SO2_AWB,0
Brazil,FodderHerb,FodderHerbAEZ11,FodderHerbAEZ11,2005,SO2_AWB,0
Brazil,FodderHerb,FodderHerbAEZ12,FodderHerbAEZ12,2005,SO2_AWB,0
Brazil,MiscCrop,MiscCropAEZ01,MiscCropAEZ01,2005,SO2_AWB,6.78384866583113e-07
Brazil,MiscCrop,MiscCropAEZ02,MiscCropAEZ02,2005,SO2_AWB,6.19033384658115e-05
Brazil,MiscCrop,MiscCropAEZ03,MiscCropAEZ03,2005,SO2_AWB,0.000137592079693031
Brazil,MiscCrop,MiscCropAEZ04,MiscCropAEZ04,2005,SO2_AWB,0.000211511570887108
Brazil,MiscCrop,MiscCropAEZ05,MiscCropAEZ05,2005,SO2_AWB,0.00124171470660184
Brazil,MiscCrop,MiscCropAEZ06,MiscCropAEZ06,2005,SO2_AWB,0.00157797697408248
Brazil,MiscCrop,MiscCropAEZ10,MiscCropAEZ10,2005,SO2_AWB,1.78948287977252e-06
Brazil,MiscCrop,MiscCropAEZ11,MiscCropAEZ11,2005,SO2_AWB,3.33257464946582e-07
Brazil,MiscCrop,MiscCropAEZ12,MiscCropAEZ12,2005,SO2_AWB,0.000583824095027794
Brazil,OilCrop,OilCropAEZ01,OilCropAEZ01,2005,SO2_AWB,2.23510225960352e-08
Brazil,OilCrop,OilCropAEZ02,OilCropAEZ02,2005,SO2_AWB,3.00812055329078e-07
Brazil,OilCrop,OilCropAEZ03,OilCropAEZ03,2005,SO2_AWB,1.09919058245946e-05
Brazil,OilCrop,OilCropAEZ04,OilCropAEZ04,2005,SO2_AWB,0.000217929230132811
Brazil,OilCrop,OilCropAEZ05,OilCropAEZ05,2005,SO2_AWB,0.00159253162069632
Brazil,OilCrop,OilCropAEZ06,OilCropAEZ06,2005,SO2_AWB,0.000450897972738291
Brazil,OilCrop,OilCropAEZ10,OilCropAEZ10,2005,SO2_AWB,0
Brazil,OilCrop,OilCropAEZ11,OilCropAEZ11,2005,SO2_AWB,0
Brazil,OilCrop,OilCropAEZ12,OilCropAEZ12,2005,SO2_AWB,0.00148656117042275
Brazil,OtherGrain,OtherGrainAEZ01,OtherGrainAEZ01,2005,SO2_AWB,0
Brazil,OtherGrain,OtherGrainAEZ02,OtherGrainAEZ02,2005,SO2_AWB,2.59025764986059e-08
Brazil,OtherGrain,OtherGrainAEZ03,OtherGrainAEZ03,2005,SO2_AWB,5.40796320459377e-06
Brazil,OtherGrain,OtherGrainAEZ04,OtherGrainAEZ04,2005,SO2_AWB,2.97879629733967e-06
Brazil,OtherGrain,OtherGrainAEZ05,OtherGrainAEZ05,2005,SO2_AWB,7.71602829071227e-05
Brazil,OtherGrain,OtherGrainAEZ06,OtherGrainAEZ06,2005,SO2_AWB,2.31653435551296e-05
Brazil,OtherGrain,OtherGrainAEZ10,OtherGrainAEZ10,2005,SO2_AWB,0
Brazil,OtherGrain,OtherGrainAEZ11,OtherGrainAEZ11,2005,SO2_AWB,0
Brazil,OtherGrain,OtherGrainAEZ12,OtherGrainAEZ12,2005,SO2_AWB,7.61497913834919e-05
Brazil,PalmFruit,PalmFruitAEZ01,PalmFruitAEZ01,2005,SO2_AWB,8.29796731406573e-07
Brazil,PalmFruit,PalmFruitAEZ02,PalmFruitAEZ02,2005,SO2_AWB,1.70554717671257e-05
Brazil,PalmFruit,PalmFruitAEZ03,PalmFruitAEZ03,2005,SO2_AWB,1.02403883533884e-05
Brazil,PalmFruit,PalmFruitAEZ04,PalmFruitAEZ04,2005,SO2_AWB,3.46438405177233e-05
Brazil,PalmFruit,PalmFruitAEZ05,PalmFruitAEZ05,2005,SO2_AWB,7.97266946281291e-05
Brazil,PalmFruit,PalmFruitAEZ06,PalmFruitAEZ06,2005,SO2_AWB,0.000110569895404423
Brazil,PalmFruit,PalmFruitAEZ10,PalmFruitAEZ10,2005,SO2_AWB,0
Brazil,PalmFruit,PalmFruitAEZ11,PalmFruitAEZ11,2005,SO2_AWB,0
Brazil,PalmFruit,PalmFruitAEZ12,PalmFruitAEZ12,2005,SO2_AWB,2.03931139995388e-07
Brazil,Rice,RiceAEZ01,RiceAEZ01,2005,SO2_AWB,0
Brazil,Rice,RiceAEZ02,RiceAEZ02,2005,SO2_AWB,1.91617767809773e-06
Brazil,Rice,RiceAEZ03,RiceAEZ03,2005,SO2_AWB,1.87659543469731e-05
Brazil,Rice,RiceAEZ04,RiceAEZ04,2005,SO2_AWB,6.78125070500862e-05
Brazil,Rice,RiceAEZ05,RiceAEZ05,2005,SO2_AWB,0.000194309833963544
Brazil,Rice,RiceAEZ06,RiceAEZ06,2005,SO2_AWB,8.85100311578414e-05
Brazil,Rice,RiceAEZ10,RiceAEZ10,2005,SO2_AWB,1.03737172648572e-07
Brazil,Rice,RiceAEZ11,RiceAEZ11,2005,SO2_AWB,0
Brazil,Rice,RiceAEZ12,RiceAEZ12,2005,SO2_AWB,0.000468927904872006
Brazil,Root_Tuber,Root_TuberAEZ01,Root_TuberAEZ01,2005,SO2_AWB,3.26303317797133e-07
Brazil,Root_Tuber,Root_TuberAEZ02,Root_TuberAEZ02,2005,SO2_AWB,2.10739182369815e-05
Brazil,Root_Tuber,Root_TuberAEZ03,Root_TuberAEZ03,2005,SO2_AWB,0.000142826839596799
Brazil,Root_Tuber,Root_TuberAEZ04,Root_TuberAEZ04,2005,SO2_AWB,0.000369530097525929
Brazil,Root_Tuber,Root_TuberAEZ05,Root_TuberAEZ05,2005,SO2_AWB,0.000389186287158862
Brazil,Root_Tuber,Root_TuberAEZ06,Root_TuberAEZ06,2005,SO2_AWB,0.000744535911742673
Brazil,Root_Tuber,Root_TuberAEZ10,Root_TuberAEZ10,2005,SO2_AWB,2.66106286841612e-06
Brazil,Root_Tuber,Root_TuberAEZ11,Root_TuberAEZ11,2005,SO2_AWB,1.00033301440792e-08
Brazil,Root_Tuber,Root_TuberAEZ12,Root_TuberAEZ12,2005,SO2_AWB,0.000377852691155711
Brazil,SugarCrop,SugarCropAEZ01,SugarCropAEZ01,2005,SO2_AWB,7.62290731042442e-07
Brazil,SugarCrop,SugarCropAEZ02,SugarCropAEZ02,2005,SO2_AWB,0.000118365954071891
Brazil,SugarCrop,SugarCropAEZ03,SugarCropAEZ03,2005,SO2_AWB,0.000130830822533408
Brazil,SugarCrop,SugarCropAEZ04,SugarCropAEZ04,2005,SO2_AWB,0.00131559407025082
Brazil,SugarCrop,SugarCropAEZ05,SugarCropAEZ05,2005,SO2_AWB,0.0122941886279711
Brazil,SugarCrop,SugarCropAEZ06,SugarCropAEZ06,2005,SO2_AWB,0.0172773509846617
Brazil,SugarCrop,SugarCropAEZ10,SugarCropAEZ10,2005,SO2_AWB,9.29388777773329e-06
Brazil,SugarCrop,SugarCropAEZ11,SugarCropAEZ11,2005,SO2_AWB,1.16974075053823e-06
Brazil,SugarCrop,SugarCropAEZ12,SugarCropAEZ12,2005,SO2_AWB,0.000847864849941115
Brazil,Wheat,WheatAEZ01,WheatAEZ01,2005,SO2_AWB,0
Brazil,Wheat,WheatAEZ02,WheatAEZ02,2005,SO2_AWB,0
Brazil,Wheat,WheatAEZ03,WheatAEZ03,2005,SO2_AWB,1.59125089046951e-06
Brazil,Wheat,WheatAEZ04,WheatAEZ04,2005,SO2_AWB,1.64901056121886e-06
Brazil,Wheat,WheatAEZ05,WheatAEZ05,2005,SO2_AWB,7.86428759795053e-06
Brazil,Wheat,WheatAEZ06,WheatAEZ06,2005,SO2_AWB,8.45019496874992e-05
Brazil,Wheat,WheatAEZ10,WheatAEZ10,2005,SO2_AWB,0
Brazil,Wheat,WheatAEZ11,WheatAEZ11,2005,SO2_AWB,0
Brazil,Wheat,WheatAEZ12,WheatAEZ12,2005,SO2_AWB,0.000233079449927416
Canada,Corn,CornAEZ07,CornAEZ07,2005,CH4_AWB,9.35526054606979e-07
Canada,Corn,CornAEZ08,CornAEZ08,2005,CH4_AWB,3.26245806571949e-07
Canada,Corn,CornAEZ09,CornAEZ09,2005,CH4_AWB,4.67403292688959e-05
Canada,Corn,CornAEZ10,CornAEZ10,2005,CH4_AWB,0.000974538787425046
Canada,Corn,CornAEZ11,CornAEZ11,2005,CH4_AWB,7.00888342065829e-07
Canada,Corn,CornAEZ13,CornAEZ13,2005,CH4_AWB,0
Canada,Corn,CornAEZ14,CornAEZ14,2005,CH4_AWB,0
Canada,Corn,CornAEZ15,CornAEZ15,2005,CH4_AWB,2.14587639130636e-06
Canada,Corn,CornAEZ16,CornAEZ16,2005,CH4_AWB,4.35354503471839e-08
Canada,FiberCrop,FiberCropAEZ07,FiberCropAEZ07,2005,CH4_AWB,1.40927679165307e-06
Canada,FiberCrop,FiberCropAEZ08,FiberCropAEZ08,2005,CH4_AWB,1.16727976682376e-06
Canada,FiberCrop,FiberCropAEZ09,FiberCropAEZ09,2005,CH4_AWB,7.24492640897668e-07
Canada,FiberCrop,FiberCropAEZ10,FiberCropAEZ10,2005,CH4_AWB,3.27407739474955e-07
Canada,FiberCrop,FiberCropAEZ11,FiberCropAEZ11,2005,CH4_AWB,0
Canada,FiberCrop,FiberCropAEZ13,FiberCropAEZ13,2005,CH4_AWB,3.25160089089543e-07
Canada,FiberCrop,FiberCropAEZ14,FiberCropAEZ14,2005,CH4_AWB,1.42351191076067e-07
Canada,FiberCrop,FiberCropAEZ15,FiberCropAEZ15,2005,CH4_AWB,2.61476661502883e-07
Canada,FiberCrop,FiberCropAEZ16,FiberCropAEZ16,2005,CH4_AWB,1.94796366735671e-08
Canada,FodderGrass,FodderGrassAEZ07,FodderGrassAEZ07,2005,CH4_AWB,0
Canada,FodderGrass,FodderGrassAEZ08,FodderGrassAEZ08,2005,CH4_AWB,0
Canada,FodderGrass,FodderGrassAEZ09,FodderGrassAEZ09,2005,CH4_AWB,0
Canada,FodderGrass,FodderGrassAEZ10,FodderGrassAEZ10,2005,CH4_AWB,0
Canada,FodderGrass,FodderGrassAEZ11,FodderGrassAEZ11,2005,CH4_AWB,0
Canada,FodderGrass,FodderGrassAEZ13,FodderGrassAEZ13,2005,CH4_AWB,0
Canada,FodderGrass,FodderGrassAEZ14,FodderGrassAEZ14,2005,CH4_AWB,0
Canada,FodderGrass,FodderGrassAEZ15,FodderGrassAEZ15,2005,CH4_AWB,0
Canada,FodderGrass,FodderGrassAEZ16,FodderGrassAEZ16,2005,CH4_AWB,0
Canada,FodderHerb,FodderHerbAEZ07,FodderHerbAEZ07,2005,CH4_AWB,4.89423738958462e-05
Canada,FodderHerb,FodderHerbAEZ08,FodderHerbAEZ08,2005,CH4_AWB,4.08296799887617e-05
Canada,FodderHerb,FodderHerbAEZ09,FodderHerbAEZ09,2005,CH4_AWB,0.000218273203550455
Canada,FodderHerb,FodderHerbAEZ10,FodderHerbAEZ10,2005,CH4_AWB,0.000331289848346741
Canada,FodderHerb,FodderHerbAEZ11,FodderHerbAEZ11,2005,CH4_AWB,1.04459372937652e-06
Canada,FodderHerb,FodderHerbAEZ13,FodderHerbAEZ13,2005,CH4_AWB,1.46539144282045e-05
Canada,FodderHerb,FodderHerbAEZ14,FodderHerbAEZ14,2005,CH4_AWB,1.37275619673138e-05
Canada,FodderHerb,FodderHerbAEZ15,FodderHerbAEZ15,2005,CH4_AWB,0.000151573846600217
Canada,FodderHerb,FodderHerbAEZ16,FodderHerbAEZ16,2005,CH4_AWB,1.32183849811495e-05
Canada,MiscCrop,MiscCropAEZ07,MiscCropAEZ07,2005,CH4_AWB,0.000146616451292044
Canada,MiscCrop,MiscCropAEZ08,MiscCropAEZ08,2005,CH4_AWB,7.28323893450435e-05
Canada,MiscCrop,MiscCropAEZ09,MiscCropAEZ09,2005,CH4_AWB,5.70150006223363e-05
Canada,MiscCrop,MiscCropAEZ10,MiscCropAEZ10,2005,CH4_AWB,0.000265171391596116
Canada,MiscCrop,MiscCropAEZ11,MiscCropAEZ11,2005,CH4_AWB,6.00054619549745e-06
Canada,MiscCrop,MiscCropAEZ13,MiscCropAEZ13,2005,CH4_AWB,4.84815095260568e-05
Canada,MiscCrop,MiscCropAEZ14,MiscCropAEZ14,2005,CH4_AWB,3.12244672680749e-05
Canada,MiscCrop,MiscCropAEZ15,MiscCropAEZ15,2005,CH4_AWB,8.52798827416859e-05
Canada,MiscCrop,MiscCropAEZ16,MiscCropAEZ16,2005,CH4_AWB,2.29773699310288e-06
Canada,OilCrop,OilCropAEZ07,OilCropAEZ07,2005,CH4_AWB,0.000118667813516429
Canada,OilCrop,OilCropAEZ08,OilCropAEZ08,2005,CH4_AWB,0.000152974343064636
Canada,OilCrop,OilCropAEZ09,OilCropAEZ09,2005,CH4_AWB,0.000278853327220816
Canada,OilCrop,OilCropAEZ10,OilCropAEZ10,2005,CH4_AWB,0.000354367214941646
Canada,OilCrop,OilCropAEZ11,OilCropAEZ11,2005,CH4_AWB,0
Canada,OilCrop,OilCropAEZ13,OilCropAEZ13,2005,CH4_AWB,4.5055525242476e-05
Canada,OilCrop,OilCropAEZ14,OilCropAEZ14,2005,CH4_AWB,4.36124779913414e-05
Canada,OilCrop,OilCropAEZ15,OilCropAEZ15,2005,CH4_AWB,0.000282868800545858
Canada,OilCrop,OilCropAEZ16,OilCropAEZ16,2005,CH4_AWB,1.1729794735188e-05
Canada,OtherGrain,OtherGrainAEZ07,OtherGrainAEZ07,2005,CH4_AWB,0.000215099368513724
Canada,OtherGrain,OtherGrainAEZ08,OtherGrainAEZ08,2005,CH4_AWB,0.000261453420345262
Canada,OtherGrain,OtherGrainAEZ09,OtherGrainAEZ09,2005,CH4_AWB,0.000365631365506757
Canada,OtherGrain,OtherGrainAEZ10,OtherGrainAEZ10,2005,CH4_AWB,0.000159213109181996
Canada,OtherGrain,OtherGrainAEZ11,OtherGrainAEZ11,2005,CH4_AWB,7.16827602667802e-08
Canada,OtherGrain,OtherGrainAEZ13,OtherGrainAEZ13,2005,CH4_AWB,8.0416859712284e-05
Canada,OtherGrain,OtherGrainAEZ14,OtherGrainAEZ14,2005,CH4_AWB,7.02575030417267e-05
Canada,OtherGrain,OtherGrainAEZ15,OtherGrainAEZ15,2005,CH4_AWB,0.000481154382173909
Canada,OtherGrain,OtherGrainAEZ16,OtherGrainAEZ16,2005,CH4_AWB,2.04672776113469e-05
Canada,PalmFruit,PalmFruitAEZ07,PalmFruitAEZ07,2005,CH4_AWB,0
Canada,PalmFruit,PalmFruitAEZ08,PalmFruitAEZ08,2005,CH4_AWB,0
Canada,PalmFruit,PalmFruitAEZ09,PalmFruitAEZ09,2005,CH4_AWB,0
Canada,PalmFruit,PalmFruitAEZ10,PalmFruitAEZ10,2005,CH4_AWB,0
Canada,PalmFruit,PalmFruitAEZ11,PalmFruitAEZ11,2005,CH4_AWB,0
Canada,PalmFruit,PalmFruitAEZ13,PalmFruitAEZ13,2005,CH4_AWB,0
Canada,PalmFruit,PalmFruitAEZ14,PalmFruitAEZ14,2005,CH4_AWB,0
Canada,PalmFruit,PalmFruitAEZ15,PalmFruitAEZ15,2005,CH4_AWB,0
Canada,PalmFruit,PalmFruitAEZ16,PalmFruitAEZ16,2005,CH4_AWB,0
Canada,Rice,RiceAEZ07,RiceAEZ07,2005,CH4_AWB,0
Canada,Rice,RiceAEZ08,RiceAEZ08,2005,CH4_AWB,0
Canada,Rice,RiceAEZ09,RiceAEZ09,2005,CH4_AWB,0
Canada,Rice,RiceAEZ10,RiceAEZ10,2005,CH4_AWB,0
Canada,Rice,RiceAEZ11,RiceAEZ11,2005,CH4_AWB,0
Canada,Rice,RiceAEZ13,RiceAEZ13,2005,CH4_AWB,0
Canada,Rice,RiceAEZ14,RiceAEZ14,2005,CH4_AWB,0
Canada,Rice,RiceAEZ15,RiceAEZ15,2005,CH4_AWB,0
Canada,Rice,RiceAEZ16,RiceAEZ16,2005,CH4_AWB,0
Canada,Root_Tuber,Root_TuberAEZ07,Root_TuberAEZ07,2005,CH4_AWB,6.94782066580982e-05
Canada,Root_Tuber,Root_TuberAEZ08,Root_TuberAEZ08,2005,CH4_AWB,2.05033855018613e-05
Canada,Root_Tuber,Root_TuberAEZ09,Root_TuberAEZ09,2005,CH4_AWB,0.000201836877077745
Canada,Root_Tuber,Root_TuberAEZ10,Root_TuberAEZ10,2005,CH4_AWB,0.000177109391677613
Canada,Root_Tuber,Root_TuberAEZ11,Root_TuberAEZ11,2005,CH4_AWB,1.02776363204061e-05
Canada,Root_Tuber,Root_TuberAEZ13,Root_TuberAEZ13,2005,CH4_AWB,2.42010909286405e-06
Canada,Root_Tuber,Root_TuberAEZ14,Root_TuberAEZ14,2005,CH4_AWB,0
Canada,Root_Tuber,Root_TuberAEZ15,Root_TuberAEZ15,2005,CH4_AWB,3.21328532739568e-05
Canada,Root_Tuber,Root_TuberAEZ16,Root_TuberAEZ16,2005,CH4_AWB,1.91429246326065e-06
Canada,SugarCrop,SugarCropAEZ07,SugarCropAEZ07,2005,CH4_AWB,0
Canada,SugarCrop,SugarCropAEZ08,SugarCropAEZ08,2005,CH4_AWB,0
Canada,SugarCrop,SugarCropAEZ09,SugarCropAEZ09,2005,CH4_AWB,5.82228516871667e-05
Canada,SugarCrop,SugarCropAEZ10,SugarCropAEZ10,2005,CH4_AWB,1.72484649701225e-05
Canada,SugarCrop,SugarCropAEZ11,SugarCropAEZ11,2005,CH4_AWB,0
Canada,SugarCrop,SugarCropAEZ13,SugarCropAEZ13,2005,CH4_AWB,0
Canada,SugarCrop,SugarCropAEZ14,SugarCropAEZ14,2005,CH4_AWB,0
Canada,SugarCrop,SugarCropAEZ15,SugarCropAEZ15,2005,CH4_AWB,0
Canada,SugarCrop,SugarCropAEZ16,SugarCropAEZ16,2005,CH4_AWB,0
Canada,Wheat,WheatAEZ07,WheatAEZ07,2005,CH4_AWB,0.000592251138375298
Canada,Wheat,WheatAEZ08,WheatAEZ08,2005,CH4_AWB,0.000400158109632941
Canada,Wheat,WheatAEZ09,WheatAEZ09,2005,CH4_AWB,0.000466254033934091
Canada,Wheat,WheatAEZ10,WheatAEZ10,2005,CH4_AWB,0.000207515639063454
Canada,Wheat,WheatAEZ11,WheatAEZ11,2005,CH4_AWB,1.01867468137994e-07
Canada,Wheat,WheatAEZ13,WheatAEZ13,2005,CH4_AWB,0.000197219874369205
Canada,Wheat,WheatAEZ14,WheatAEZ14,2005,CH4_AWB,0.000100015511349495
Canada,Wheat,WheatAEZ15,WheatAEZ15,2005,CH4_AWB,0.000464556588229004
Canada,Wheat,WheatAEZ16,WheatAEZ16,2005,CH4_AWB,2.06080064255604e-05
Canada,Corn,CornAEZ07,CornAEZ07,2005,CO_AWB,4.21861047988661e-05
Canada,Corn,CornAEZ08,CornAEZ08,2005,CO_AWB,1.47115515580341e-05
Canada,Corn,CornAEZ09,CornAEZ09,2005,CO_AWB,0.00210768307217218
Canada,Corn,CornAEZ10,CornAEZ10,2005,CO_AWB,0.0439453238254752
Canada,Corn,CornAEZ11,CornAEZ11,2005,CO_AWB,3.16054789763329e-05
Canada,Corn,CornAEZ13,CornAEZ13,2005,CO_AWB,0
Canada,Corn,CornAEZ14,CornAEZ14,2005,CO_AWB,0
Canada,Corn,CornAEZ15,CornAEZ15,2005,CO_AWB,9.67649868042353e-05
Canada,Corn,CornAEZ16,CornAEZ16,2005,CO_AWB,1.96316399930058e-06
Canada,FiberCrop,FiberCropAEZ07,FiberCropAEZ07,2005,CO_AWB,6.35491637357575e-05
Canada,FiberCrop,FiberCropAEZ08,FiberCropAEZ08,2005,CO_AWB,5.26366810740619e-05
Canada,FiberCrop,FiberCropAEZ09,FiberCropAEZ09,2005,CO_AWB,3.26698784330023e-05
Canada,FiberCrop,FiberCropAEZ10,FiberCropAEZ10,2005,CO_AWB,1.47639471305295e-05
Canada,FiberCrop,FiberCropAEZ11,FiberCropAEZ11,2005,CO_AWB,0
Canada,FiberCrop,FiberCropAEZ13,FiberCropAEZ13,2005,CO_AWB,1.46625928024023e-05
Canada,FiberCrop,FiberCropAEZ14,FiberCropAEZ14,2005,CO_AWB,6.41910744805628e-06
Canada,FiberCrop,FiberCropAEZ15,FiberCropAEZ15,2005,CO_AWB,1.17908868387982e-05
Canada,FiberCrop,FiberCropAEZ16,FiberCropAEZ16,2005,CO_AWB,8.78404177102444e-07
Canada,FodderGrass,FodderGrassAEZ07,FodderGrassAEZ07,2005,CO_AWB,0
Canada,FodderGrass,FodderGrassAEZ08,FodderGrassAEZ08,2005,CO_AWB,0
Canada,FodderGrass,FodderGrassAEZ09,FodderGrassAEZ09,2005,CO_AWB,0
Canada,FodderGrass,FodderGrassAEZ10,FodderGrassAEZ10,2005,CO_AWB,0
Canada,FodderGrass,FodderGrassAEZ11,FodderGrassAEZ11,2005,CO_AWB,0
Canada,FodderGrass,FodderGrassAEZ13,FodderGrassAEZ13,2005,CO_AWB,0
Canada,FodderGrass,FodderGrassAEZ14,FodderGrassAEZ14,2005,CO_AWB,0
Canada,FodderGrass,FodderGrassAEZ15,FodderGrassAEZ15,2005,CO_AWB,0
Canada,FodderGrass,FodderGrassAEZ16,FodderGrassAEZ16,2005,CO_AWB,0
Canada,FodderHerb,FodderHerbAEZ07,FodderHerbAEZ07,2005,CO_AWB,0.0022069808789482
Canada,FodderHerb,FodderHerbAEZ08,FodderHerbAEZ08,2005,CO_AWB,0.00184115145743715
Canada,FodderHerb,FodderHerbAEZ09,FodderHerbAEZ09,2005,CO_AWB,0.00984269352458829
Canada,FodderHerb,FodderHerbAEZ10,FodderHerbAEZ10,2005,CO_AWB,0.0149390048436731
Canada,FodderHerb,FodderHerbAEZ11,FodderHerbAEZ11,2005,CO_AWB,4.71043434041284e-05
Canada,FodderHerb,FodderHerbAEZ13,FodderHerbAEZ13,2005,CO_AWB,0.00066079567398212
Canada,FodderHerb,FodderHerbAEZ14,FodderHerbAEZ14,2005,CO_AWB,0.000619023238245692
Canada,FodderHerb,FodderHerbAEZ15,FodderHerbAEZ15,2005,CO_AWB,0.00683498887706585
Canada,FodderHerb,FodderHerbAEZ16,FodderHerbAEZ16,2005,CO_AWB,0.000596062687234077
Canada,MiscCrop,MiscCropAEZ07,MiscCropAEZ07,2005,CO_AWB,0.00661144278022536
Canada,MiscCrop,MiscCropAEZ08,MiscCropAEZ08,2005,CO_AWB,0.00328426428588631
Canada,MiscCrop,MiscCropAEZ09,MiscCropAEZ09,2005,CO_AWB,0.00257100353273619
Canada,MiscCrop,MiscCropAEZ10,MiscCropAEZ10,2005,CO_AWB,0.0119574949948716
Canada,MiscCrop,MiscCropAEZ11,MiscCropAEZ11,2005,CO_AWB,0.000270585377507245
Canada,MiscCrop,MiscCropAEZ13,MiscCropAEZ13,2005,CO_AWB,0.00218619891087125
Canada,MiscCrop,MiscCropAEZ14,MiscCropAEZ14,2005,CO_AWB,0.0014080192015744
Canada,MiscCrop,MiscCropAEZ15,MiscCropAEZ15,2005,CO_AWB,0.00384556480587509
Canada,MiscCrop,MiscCropAEZ16,MiscCropAEZ16,2005,CO_AWB,0.000103612906464686
Canada,OilCrop,OilCropAEZ07,OilCropAEZ07,2005,CO_AWB,0.00535114205810066
Canada,OilCrop,OilCropAEZ08,OilCropAEZ08,2005,CO_AWB,0.00689814210548477
Canada,OilCrop,OilCropAEZ09,OilCropAEZ09,2005,CO_AWB,0.0125744607835555
Canada,OilCrop,OilCropAEZ10,OilCropAEZ10,2005,CO_AWB,0.015979643103677
Canada,OilCrop,OilCropAEZ11,OilCropAEZ11,2005,CO_AWB,0
Canada,OilCrop,OilCropAEZ13,OilCropAEZ13,2005,CO_AWB,0.00203170943266305
Canada,OilCrop,OilCropAEZ14,OilCropAEZ14,2005,CO_AWB,0.00196663744213292
Canada,OilCrop,OilCropAEZ15,OilCropAEZ15,2005,CO_AWB,0.0127555323610632
Canada,OilCrop,OilCropAEZ16,OilCropAEZ16,2005,CO_AWB,0.000528937005582075
Canada,OtherGrain,OtherGrainAEZ07,OtherGrainAEZ07,2005,CO_AWB,0.00969957432783848
Canada,OtherGrain,OtherGrainAEZ08,OtherGrainAEZ08,2005,CO_AWB,0.0117898388146345
Canada,OtherGrain,OtherGrainAEZ09,OtherGrainAEZ09,2005,CO_AWB,0.0164875826034589
Canada,OtherGrain,OtherGrainAEZ10,OtherGrainAEZ10,2005,CO_AWB,0.00717946964301989
Canada,OtherGrain,OtherGrainAEZ11,OtherGrainAEZ11,2005,CO_AWB,3.23242353539453e-06
Canada,OtherGrain,OtherGrainAEZ13,OtherGrainAEZ13,2005,CO_AWB,0.00362627428141841
Canada,OtherGrain,OtherGrainAEZ14,OtherGrainAEZ14,2005,CO_AWB,0.0031681537586573
Canada,OtherGrain,OtherGrainAEZ15,OtherGrainAEZ15,2005,CO_AWB,0.0216969148970945
Canada,OtherGrain,OtherGrainAEZ16,OtherGrainAEZ16,2005,CO_AWB,0.000922940322193913
Canada,PalmFruit,PalmFruitAEZ07,PalmFruitAEZ07,2005,CO_AWB,0
Canada,PalmFruit,PalmFruitAEZ08,PalmFruitAEZ08,2005,CO_AWB,0
Canada,PalmFruit,PalmFruitAEZ09,PalmFruitAEZ09,2005,CO_AWB,0
Canada,PalmFruit,PalmFruitAEZ10,PalmFruitAEZ10,2005,CO_AWB,0
Canada,PalmFruit,PalmFruitAEZ11,PalmFruitAEZ11,2005,CO_AWB,0
Canada,PalmFruit,PalmFruitAEZ13,PalmFruitAEZ13,2005,CO_AWB,0
Canada,PalmFruit,PalmFruitAEZ14,PalmFruitAEZ14,2005,CO_AWB,0
Canada,PalmFruit,PalmFruitAEZ15,PalmFruitAEZ15,2005,CO_AWB,0
Canada,PalmFruit,PalmFruitAEZ16,PalmFruitAEZ16,2005,CO_AWB,0
Canada,Rice,RiceAEZ07,RiceAEZ07,2005,CO_AWB,0
Canada,Rice,RiceAEZ08,RiceAEZ08,2005,CO_AWB,0
Canada,Rice,RiceAEZ09,RiceAEZ09,2005,CO_AWB,0
Canada,Rice,RiceAEZ10,RiceAEZ10,2005,CO_AWB,0
Canada,Rice,RiceAEZ11,RiceAEZ11,2005,CO_AWB,0
Canada,Rice,RiceAEZ13,RiceAEZ13,2005,CO_AWB,0
Canada,Rice,RiceAEZ14,RiceAEZ14,2005,CO_AWB,0
Canada,Rice,RiceAEZ15,RiceAEZ15,2005,CO_AWB,0
Canada,Rice,RiceAEZ16,RiceAEZ16,2005,CO_AWB,0
Canada,Root_Tuber,Root_TuberAEZ07,Root_TuberAEZ07,2005,CO_AWB,0.0031330125899563
Canada,Root_Tuber,Root_TuberAEZ08,Root_TuberAEZ08,2005,CO_AWB,0.000924568551836268
Canada,Root_Tuber,Root_TuberAEZ09,Root_TuberAEZ09,2005,CO_AWB,0.00910152272803849
Canada,Root_Tuber,Root_TuberAEZ10,Root_TuberAEZ10,2005,CO_AWB,0.00798647490508865
Canada,Root_Tuber,Root_TuberAEZ11,Root_TuberAEZ11,2005,CO_AWB,0.000463454161177192
Canada,Root_Tuber,Root_TuberAEZ13,Root_TuberAEZ13,2005,CO_AWB,0.000109131087598776
Canada,Root_Tuber,Root_TuberAEZ14,Root_TuberAEZ14,2005,CO_AWB,0
Canada,Root_Tuber,Root_TuberAEZ15,Root_TuberAEZ15,2005,CO_AWB,0.00144898146772749
Canada,Root_Tuber,Root_TuberAEZ16,Root_TuberAEZ16,2005,CO_AWB,8.63220666844172e-05
Canada,SugarCrop,SugarCropAEZ07,SugarCropAEZ07,2005,CO_AWB,0
Canada,SugarCrop,SugarCropAEZ08,SugarCropAEZ08,2005,CO_AWB,0
Canada,SugarCrop,SugarCropAEZ09,SugarCropAEZ09,2005,CO_AWB,0.00262546971393065
Canada,SugarCrop,SugarCropAEZ10,SugarCropAEZ10,2005,CO_AWB,0.000777792929727488
Canada,SugarCrop,SugarCropAEZ11,SugarCropAEZ11,2005,CO_AWB,0
Canada,SugarCrop,SugarCropAEZ13,SugarCropAEZ13,2005,CO_AWB,0
Canada,SugarCrop,SugarCropAEZ14,SugarCropAEZ14,2005,CO_AWB,0
Canada,SugarCrop,SugarCropAEZ15,SugarCropAEZ15,2005,CO_AWB,0
Canada,SugarCrop,SugarCropAEZ16,SugarCropAEZ16,2005,CO_AWB,0
Canada,Wheat,WheatAEZ07,WheatAEZ07,2005,CO_AWB,0.0267066518005684
Canada,Wheat,WheatAEZ08,WheatAEZ08,2005,CO_AWB,0.0180445128876536
Canada,Wheat,WheatAEZ09,WheatAEZ09,2005,CO_AWB,0.0210250066703924
Canada,Wheat,WheatAEZ10,WheatAEZ10,2005,CO_AWB,0.00935759774281463
Canada,Wheat,WheatAEZ11,WheatAEZ11,2005,CO_AWB,4.59355639033478e-06
Canada,Wheat,WheatAEZ13,WheatAEZ13,2005,CO_AWB,0.00889332611057396
Canada,Wheat,WheatAEZ14,WheatAEZ14,2005,CO_AWB,0.00451004525477865
Canada,Wheat,WheatAEZ15,WheatAEZ15,2005,CO_AWB,0.020948462973878
Canada,Wheat,WheatAEZ16,WheatAEZ16,2005,CO_AWB,0.00092928627105915
Canada,Corn,CornAEZ07,CornAEZ07,2005,N2O_AWB,2.4262474780695e-08
Canada,Corn,CornAEZ08,CornAEZ08,2005,N2O_AWB,8.46104778726315e-09
Canada,Corn,CornAEZ09,CornAEZ09,2005,N2O_AWB,1.21219078244099e-06
Canada,Corn,CornAEZ10,CornAEZ10,2005,N2O_AWB,2.52742535991075e-05
Canada,Corn,CornAEZ11,CornAEZ11,2005,N2O_AWB,1.81772443853521e-08
Canada,Corn,CornAEZ13,CornAEZ13,2005,N2O_AWB,0
Canada,Corn,CornAEZ14,CornAEZ14,2005,N2O_AWB,0
Canada,Corn,CornAEZ15,CornAEZ15,2005,N2O_AWB,5.56524017371509e-08
Canada,Corn,CornAEZ16,CornAEZ16,2005,N2O_AWB,1.12907359545267e-09
Canada,FiberCrop,FiberCropAEZ07,FiberCropAEZ07,2005,N2O_AWB,3.65490009050211e-08
Canada,FiberCrop,FiberCropAEZ08,FiberCropAEZ08,2005,N2O_AWB,3.02729098405227e-08
Canada,FiberCrop,FiberCropAEZ09,FiberCropAEZ09,2005,N2O_AWB,1.87894119485143e-08
Canada,FiberCrop,FiberCropAEZ10,FiberCropAEZ10,2005,N2O_AWB,8.49118202843926e-09
Canada,FiberCrop,FiberCropAEZ11,FiberCropAEZ11,2005,N2O_AWB,0
Canada,FiberCrop,FiberCropAEZ13,FiberCropAEZ13,2005,N2O_AWB,8.43289016096711e-09
Canada,FiberCrop,FiberCropAEZ14,FiberCropAEZ14,2005,N2O_AWB,3.69181827323444e-09
Canada,FiberCrop,FiberCropAEZ15,FiberCropAEZ15,2005,N2O_AWB,6.78128724925702e-09
Canada,FiberCrop,FiberCropAEZ16,FiberCropAEZ16,2005,N2O_AWB,5.051961847584e-10
Canada,FodderGrass,FodderGrassAEZ07,FodderGrassAEZ07,2005,N2O_AWB,0
Canada,FodderGrass,FodderGrassAEZ08,FodderGrassAEZ08,2005,N2O_AWB,0
Canada,FodderGrass,FodderGrassAEZ09,FodderGrassAEZ09,2005,N2O_AWB,0
Canada,FodderGrass,FodderGrassAEZ10,FodderGrassAEZ10,2005,N2O_AWB,0
Canada,FodderGrass,FodderGrassAEZ11,FodderGrassAEZ11,2005,N2O_AWB,0
Canada,FodderGrass,FodderGrassAEZ13,FodderGrassAEZ13,2005,N2O_AWB,0
Canada,FodderGrass,FodderGrassAEZ14,FodderGrassAEZ14,2005,N2O_AWB,0
Canada,FodderGrass,FodderGrassAEZ15,FodderGrassAEZ15,2005,N2O_AWB,0
Canada,FodderGrass,FodderGrassAEZ16,FodderGrassAEZ16,2005,N2O_AWB,0
Canada,FodderHerb,FodderHerbAEZ07,FodderHerbAEZ07,2005,N2O_AWB,1.26929988374741e-06
Canada,FodderHerb,FodderHerbAEZ08,FodderHerbAEZ08,2005,N2O_AWB,1.05890057914779e-06
Canada,FodderHerb,FodderHerbAEZ09,FodderHerbAEZ09,2005,N2O_AWB,5.66082373693938e-06
Canada,FodderHerb,FodderHerbAEZ10,FodderHerbAEZ10,2005,N2O_AWB,8.59186288936641e-06
Canada,FodderHerb,FodderHerbAEZ11,FodderHerbAEZ11,2005,N2O_AWB,2.70910990562603e-08
Canada,FodderHerb,FodderHerbAEZ13,FodderHerbAEZ13,2005,N2O_AWB,3.80043107834277e-07
Canada,FodderHerb,FodderHerbAEZ14,FodderHerbAEZ14,2005,N2O_AWB,3.56018546348559e-07
Canada,FodderHerb,FodderHerbAEZ15,FodderHerbAEZ15,2005,N2O_AWB,3.93100396556637e-06
Canada,FodderHerb,FodderHerbAEZ16,FodderHerbAEZ16,2005,N2O_AWB,3.42813255352241e-07
Canada,MiscCrop,MiscCropAEZ07,MiscCropAEZ07,2005,N2O_AWB,3.80243600313479e-06
Canada,MiscCrop,MiscCropAEZ08,MiscCropAEZ08,2005,N2O_AWB,1.88887738721959e-06
Canada,MiscCrop,MiscCropAEZ09,MiscCropAEZ09,2005,N2O_AWB,1.478660062869e-06
Canada,MiscCrop,MiscCropAEZ10,MiscCropAEZ10,2005,N2O_AWB,6.87710852036656e-06
Canada,MiscCrop,MiscCropAEZ11,MiscCropAEZ11,2005,N2O_AWB,1.55621641986032e-07
Canada,MiscCrop,MiscCropAEZ13,MiscCropAEZ13,2005,N2O_AWB,1.25734756013839e-06
Canada,MiscCrop,MiscCropAEZ14,MiscCropAEZ14,2005,N2O_AWB,8.09793426812222e-07
Canada,MiscCrop,MiscCropAEZ15,MiscCropAEZ15,2005,N2O_AWB,2.21169789353438e-06
Canada,MiscCrop,MiscCropAEZ16,MiscCropAEZ16,2005,N2O_AWB,5.95908425781354e-08
Canada,OilCrop,OilCropAEZ07,OilCropAEZ07,2005,N2O_AWB,3.07759983652422e-06
Canada,OilCrop,OilCropAEZ08,OilCropAEZ08,2005,N2O_AWB,3.96732525237725e-06
Canada,OilCrop,OilCropAEZ09,OilCropAEZ09,2005,N2O_AWB,7.23194376670808e-06
Canada,OilCrop,OilCropAEZ10,OilCropAEZ10,2005,N2O_AWB,9.19036468657071e-06
Canada,OilCrop,OilCropAEZ11,OilCropAEZ11,2005,N2O_AWB,0
Canada,OilCrop,OilCropAEZ13,OilCropAEZ13,2005,N2O_AWB,1.16849609857823e-06
Canada,OilCrop,OilCropAEZ14,OilCropAEZ14,2005,N2O_AWB,1.13107127500909e-06
Canada,OilCrop,OilCropAEZ15,OilCropAEZ15,2005,N2O_AWB,7.33608337864259e-06
Canada,OilCrop,OilCropAEZ16,OilCropAEZ16,2005,N2O_AWB,3.04207293365857e-07
Canada,OtherGrain,OtherGrainAEZ07,OtherGrainAEZ07,2005,N2O_AWB,5.57851166005218e-06
Canada,OtherGrain,OtherGrainAEZ08,OtherGrainAEZ08,2005,N2O_AWB,6.78068449960842e-06
Canada,OtherGrain,OtherGrainAEZ09,OtherGrainAEZ09,2005,N2O_AWB,9.4824956942173e-06
Canada,OtherGrain,OtherGrainAEZ10,OtherGrainAEZ10,2005,N2O_AWB,4.12912502785082e-06
Canada,OtherGrain,OtherGrainAEZ11,OtherGrainAEZ11,2005,N2O_AWB,1.85906224056369e-09
Canada,OtherGrain,OtherGrainAEZ13,OtherGrainAEZ13,2005,N2O_AWB,2.08557743646344e-06
Canada,OtherGrain,OtherGrainAEZ14,OtherGrainAEZ14,2005,N2O_AWB,1.82209879383917e-06
Canada,OtherGrain,OtherGrainAEZ15,OtherGrainAEZ15,2005,N2O_AWB,1.24785365470336e-05
Canada,OtherGrain,OtherGrainAEZ16,OtherGrainAEZ16,2005,N2O_AWB,5.30810237116707e-07
Canada,PalmFruit,PalmFruitAEZ07,PalmFruitAEZ07,2005,N2O_AWB,0
Canada,PalmFruit,PalmFruitAEZ08,PalmFruitAEZ08,2005,N2O_AWB,0
Canada,PalmFruit,PalmFruitAEZ09,PalmFruitAEZ09,2005,N2O_AWB,0
Canada,PalmFruit,PalmFruitAEZ10,PalmFruitAEZ10,2005,N2O_AWB,0
Canada,PalmFruit,PalmFruitAEZ11,PalmFruitAEZ11,2005,N2O_AWB,0
Canada,PalmFruit,PalmFruitAEZ13,PalmFruitAEZ13,2005,N2O_AWB,0
Canada,PalmFruit,PalmFruitAEZ14,PalmFruitAEZ14,2005,N2O_AWB,0
Canada,PalmFruit,PalmFruitAEZ15,PalmFruitAEZ15,2005,N2O_AWB,0
Canada,PalmFruit,PalmFruitAEZ16,PalmFruitAEZ16,2005,N2O_AWB,0
Canada,Rice,RiceAEZ07,RiceAEZ07,2005,N2O_AWB,0
Canada,Rice,RiceAEZ08,RiceAEZ08,2005,N2O_AWB,0
Canada,Rice,RiceAEZ09,RiceAEZ09,2005,N2O_AWB,0
Canada,Rice,RiceAEZ10,RiceAEZ10,2005,N2O_AWB,0
Canada,Rice,RiceAEZ11,RiceAEZ11,2005,N2O_AWB,0
Canada,Rice,RiceAEZ13,RiceAEZ13,2005,N2O_AWB,0
Canada,Rice,RiceAEZ14,RiceAEZ14,2005,N2O_AWB,0
Canada,Rice,RiceAEZ15,RiceAEZ15,2005,N2O_AWB,0
Canada,Rice,RiceAEZ16,RiceAEZ16,2005,N2O_AWB,0
Canada,Root_Tuber,Root_TuberAEZ07,Root_TuberAEZ07,2005,N2O_AWB,1.80188806987124e-06
Canada,Root_Tuber,Root_TuberAEZ08,Root_TuberAEZ08,2005,N2O_AWB,5.31746680071636e-07
Canada,Root_Tuber,Root_TuberAEZ09,Root_TuberAEZ09,2005,N2O_AWB,5.23455452234338e-06
Canada,Root_Tuber,Root_TuberAEZ10,Root_TuberAEZ10,2005,N2O_AWB,4.59325758790072e-06
Canada,Root_Tuber,Root_TuberAEZ11,Root_TuberAEZ11,2005,N2O_AWB,2.66546175599318e-07
Canada,Root_Tuber,Root_TuberAEZ13,Root_TuberAEZ13,2005,N2O_AWB,6.27645115205396e-08
Canada,Root_Tuber,Root_TuberAEZ14,Root_TuberAEZ14,2005,N2O_AWB,0
Canada,Root_Tuber,Root_TuberAEZ15,Root_TuberAEZ15,2005,N2O_AWB,8.33352035843271e-07
Canada,Root_Tuber,Root_TuberAEZ16,Root_TuberAEZ16,2005,N2O_AWB,4.96463699583954e-08
Canada,SugarCrop,SugarCropAEZ07,SugarCropAEZ07,2005,N2O_AWB,0
Canada,SugarCrop,SugarCropAEZ08,SugarCropAEZ08,2005,N2O_AWB,0
Canada,SugarCrop,SugarCropAEZ09,SugarCropAEZ09,2005,N2O_AWB,1.50998517226063e-06
Canada,SugarCrop,SugarCropAEZ10,SugarCropAEZ10,2005,N2O_AWB,4.47331684972804e-07
Canada,SugarCrop,SugarCropAEZ11,SugarCropAEZ11,2005,N2O_AWB,0
Canada,SugarCrop,SugarCropAEZ13,SugarCropAEZ13,2005,N2O_AWB,0
Canada,SugarCrop,SugarCropAEZ14,SugarCropAEZ14,2005,N2O_AWB,0
Canada,SugarCrop,SugarCropAEZ15,SugarCropAEZ15,2005,N2O_AWB,0
Canada,SugarCrop,SugarCropAEZ16,SugarCropAEZ16,2005,N2O_AWB,0
Canada,Wheat,WheatAEZ07,WheatAEZ07,2005,N2O_AWB,1.53597841961818e-05
Canada,Wheat,WheatAEZ08,WheatAEZ08,2005,N2O_AWB,1.03779322825366e-05
Canada,Wheat,WheatAEZ09,WheatAEZ09,2005,N2O_AWB,1.20921022819355e-05
Canada,Wheat,WheatAEZ10,WheatAEZ10,2005,N2O_AWB,5.38183082617836e-06
Canada,Wheat,WheatAEZ11,WheatAEZ11,2005,N2O_AWB,2.64188994470031e-09
Canada,Wheat,WheatAEZ13,WheatAEZ13,2005,N2O_AWB,5.11481449882751e-06
Canada,Wheat,WheatAEZ14,WheatAEZ14,2005,N2O_AWB,2.59386022425093e-06
Canada,Wheat,WheatAEZ15,WheatAEZ15,2005,N2O_AWB,1.20480797414531e-05
Canada,Wheat,WheatAEZ16,WheatAEZ16,2005,N2O_AWB,5.34459979728319e-07
Canada,Corn,CornAEZ07,CornAEZ07,2005,NH3_AWB,4.50276558993079e-07
Canada,Corn,CornAEZ08,CornAEZ08,2005,NH3_AWB,1.57024850826686e-07
Canada,Corn,CornAEZ09,CornAEZ09,2005,NH3_AWB,2.24965136200761e-05
Canada,Corn,CornAEZ10,CornAEZ10,2005,NH3_AWB,0.000469053715442896
Canada,Corn,CornAEZ11,CornAEZ11,2005,NH3_AWB,3.37343454358787e-07
Canada,Corn,CornAEZ13,CornAEZ13,2005,NH3_AWB,0
Canada,Corn,CornAEZ14,CornAEZ14,2005,NH3_AWB,0
Canada,Corn,CornAEZ15,CornAEZ15,2005,NH3_AWB,1.03282835656334e-06
Canada,Corn,CornAEZ16,CornAEZ16,2005,NH3_AWB,2.09539784381306e-08
Canada,FiberCrop,FiberCropAEZ07,FiberCropAEZ07,2005,NH3_AWB,6.78296773552645e-07
Canada,FiberCrop,FiberCropAEZ08,FiberCropAEZ08,2005,NH3_AWB,5.61821570013304e-07
Canada,FiberCrop,FiberCropAEZ09,FiberCropAEZ09,2005,NH3_AWB,3.48704401927383e-07
Canada,FiberCrop,FiberCropAEZ10,FiberCropAEZ10,2005,NH3_AWB,1.5758409890617e-07
Canada,FiberCrop,FiberCropAEZ11,FiberCropAEZ11,2005,NH3_AWB,0
Canada,FiberCrop,FiberCropAEZ13,FiberCropAEZ13,2005,NH3_AWB,1.565022858702e-07
Canada,FiberCrop,FiberCropAEZ14,FiberCropAEZ14,2005,NH3_AWB,6.8514825611378e-08
Canada,FiberCrop,FiberCropAEZ15,FiberCropAEZ15,2005,NH3_AWB,1.25850916517743e-07
Canada,FiberCrop,FiberCropAEZ16,FiberCropAEZ16,2005,NH3_AWB,9.37571297839914e-09
Canada,FodderGrass,FodderGrassAEZ07,FodderGrassAEZ07,2005,NH3_AWB,0
Canada,FodderGrass,FodderGrassAEZ08,FodderGrassAEZ08,2005,NH3_AWB,0
Canada,FodderGrass,FodderGrassAEZ09,FodderGrassAEZ09,2005,NH3_AWB,0
Canada,FodderGrass,FodderGrassAEZ10,FodderGrassAEZ10,2005,NH3_AWB,0
Canada,FodderGrass,FodderGrassAEZ11,FodderGrassAEZ11,2005,NH3_AWB,0
Canada,FodderGrass,FodderGrassAEZ13,FodderGrassAEZ13,2005,NH3_AWB,0
Canada,FodderGrass,FodderGrassAEZ14,FodderGrassAEZ14,2005,NH3_AWB,0
Canada,FodderGrass,FodderGrassAEZ15,FodderGrassAEZ15,2005,NH3_AWB,0
Canada,FodderGrass,FodderGrassAEZ16,FodderGrassAEZ16,2005,NH3_AWB,0
Canada,FodderHerb,FodderHerbAEZ07,FodderHerbAEZ07,2005,NH3_AWB,2.35563762208979e-05
Canada,FodderHerb,FodderHerbAEZ08,FodderHerbAEZ08,2005,NH3_AWB,1.96516684058058e-05
Canada,FodderHerb,FodderHerbAEZ09,FodderHerbAEZ09,2005,NH3_AWB,0.000105056728811668
Canada,FodderHerb,FodderHerbAEZ10,FodderHerbAEZ10,2005,NH3_AWB,0.000159452590559413
Canada,FodderHerb,FodderHerbAEZ11,FodderHerbAEZ11,2005,NH3_AWB,5.02771748251318e-07
Canada,FodderHerb,FodderHerbAEZ13,FodderHerbAEZ13,2005,NH3_AWB,7.05305227151901e-06
Canada,FodderHerb,FodderHerbAEZ14,FodderHerbAEZ14,2005,NH3_AWB,6.60719104034262e-06
Canada,FodderHerb,FodderHerbAEZ15,FodderHerbAEZ15,2005,NH3_AWB,7.29537672888894e-05
Canada,FodderHerb,FodderHerbAEZ16,FodderHerbAEZ16,2005,NH3_AWB,6.36211987410465e-06
Canada,MiscCrop,MiscCropAEZ07,MiscCropAEZ07,2005,NH3_AWB,7.05677312293485e-05
Canada,MiscCrop,MiscCropAEZ08,MiscCropAEZ08,2005,NH3_AWB,3.50548416006518e-05
Canada,MiscCrop,MiscCropAEZ09,MiscCropAEZ09,2005,NH3_AWB,2.74417993649563e-05
Canada,MiscCrop,MiscCropAEZ10,MiscCropAEZ10,2005,NH3_AWB,0.000127629221188785
Canada,MiscCrop,MiscCropAEZ11,MiscCropAEZ11,2005,NH3_AWB,2.88811335577681e-06
Canada,MiscCrop,MiscCropAEZ13,MiscCropAEZ13,2005,NH3_AWB,2.3334558323289e-05
Canada,MiscCrop,MiscCropAEZ14,MiscCropAEZ14,2005,NH3_AWB,1.50285987318304e-05
Canada,MiscCrop,MiscCropAEZ15,MiscCropAEZ15,2005,NH3_AWB,4.10459248709984e-05
Canada,MiscCrop,MiscCropAEZ16,MiscCropAEZ16,2005,NH3_AWB,1.10592014154017e-06
Canada,OilCrop,OilCropAEZ07,OilCropAEZ07,2005,NH3_AWB,5.71158167859449e-05
Canada,OilCrop,OilCropAEZ08,OilCropAEZ08,2005,NH3_AWB,7.36278380170914e-05
Canada,OilCrop,OilCropAEZ09,OilCropAEZ09,2005,NH3_AWB,0.000134214451886654
Canada,OilCrop,OilCropAEZ10,OilCropAEZ10,2005,NH3_AWB,0.000170559921210231
Canada,OilCrop,OilCropAEZ11,OilCropAEZ11,2005,NH3_AWB,0
Canada,OilCrop,OilCropAEZ13,OilCropAEZ13,2005,NH3_AWB,2.16856032709113e-05
Canada,OilCrop,OilCropAEZ14,OilCropAEZ14,2005,NH3_AWB,2.09910524911596e-05
Canada,OilCrop,OilCropAEZ15,OilCropAEZ15,2005,NH3_AWB,0.000136147132973007
Canada,OilCrop,OilCropAEZ16,OilCropAEZ16,2005,NH3_AWB,5.64564886787086e-06
Canada,OtherGrain,OtherGrainAEZ07,OtherGrainAEZ07,2005,NH3_AWB,0.00010352913531268
Canada,OtherGrain,OtherGrainAEZ08,OtherGrainAEZ08,2005,NH3_AWB,0.000125839730353093
Canada,OtherGrain,OtherGrainAEZ09,OtherGrainAEZ09,2005,NH3_AWB,0.000175981451622411
Canada,OtherGrain,OtherGrainAEZ10,OtherGrainAEZ10,2005,NH3_AWB,7.66306086249792e-05
Canada,OtherGrain,OtherGrainAEZ11,OtherGrainAEZ11,2005,NH3_AWB,3.45015154555063e-08
Canada,OtherGrain,OtherGrainAEZ13,OtherGrainAEZ13,2005,NH3_AWB,3.87053109830152e-05
Canada,OtherGrain,OtherGrainAEZ14,OtherGrainAEZ14,2005,NH3_AWB,3.38155271649432e-05
Canada,OtherGrain,OtherGrainAEZ15,OtherGrainAEZ15,2005,NH3_AWB,0.000231583651233237
Canada,OtherGrain,OtherGrainAEZ16,OtherGrainAEZ16,2005,NH3_AWB,9.85107286901276e-06
Canada,PalmFruit,PalmFruitAEZ07,PalmFruitAEZ07,2005,NH3_AWB,0
Canada,PalmFruit,PalmFruitAEZ08,PalmFruitAEZ08,2005,NH3_AWB,0
Canada,PalmFruit,PalmFruitAEZ09,PalmFruitAEZ09,2005,NH3_AWB,0
Canada,PalmFruit,PalmFruitAEZ10,PalmFruitAEZ10,2005,NH3_AWB,0
Canada,PalmFruit,PalmFruitAEZ11,PalmFruitAEZ11,2005,NH3_AWB,0
Canada,PalmFruit,PalmFruitAEZ13,PalmFruitAEZ13,2005,NH3_AWB,0
Canada,PalmFruit,PalmFruitAEZ14,PalmFruitAEZ14,2005,NH3_AWB,0
Canada,PalmFruit,PalmFruitAEZ15,PalmFruitAEZ15,2005,NH3_AWB,0
Canada,PalmFruit,PalmFruitAEZ16,PalmFruitAEZ16,2005,NH3_AWB,0
Canada,Rice,RiceAEZ07,RiceAEZ07,2005,NH3_AWB,0
Canada,Rice,RiceAEZ08,RiceAEZ08,2005,NH3_AWB,0
Canada,Rice,RiceAEZ09,RiceAEZ09,2005,NH3_AWB,0
Canada,Rice,RiceAEZ10,RiceAEZ10,2005,NH3_AWB,0
Canada,Rice,RiceAEZ11,RiceAEZ11,2005,NH3_AWB,0
Canada,Rice,RiceAEZ13,RiceAEZ13,2005,NH3_AWB,0
Canada,Rice,RiceAEZ14,RiceAEZ14,2005,NH3_AWB,0
Canada,Rice,RiceAEZ15,RiceAEZ15,2005,NH3_AWB,0
Canada,Rice,RiceAEZ16,RiceAEZ16,2005,NH3_AWB,0
Canada,Root_Tuber,Root_TuberAEZ07,Root_TuberAEZ07,2005,NH3_AWB,3.34404452606734e-05
Canada,Root_Tuber,Root_TuberAEZ08,Root_TuberAEZ08,2005,NH3_AWB,9.86845190042857e-06
Canada,Root_Tuber,Root_TuberAEZ09,Root_TuberAEZ09,2005,NH3_AWB,9.71457866308771e-05
Canada,Root_Tuber,Root_TuberAEZ10,Root_TuberAEZ10,2005,NH3_AWB,8.5244239919599e-05
Canada,Root_Tuber,Root_TuberAEZ11,Root_TuberAEZ11,2005,NH3_AWB,4.94671280841977e-06
Canada,Root_Tuber,Root_TuberAEZ13,Root_TuberAEZ13,2005,NH3_AWB,1.16481886245326e-06
Canada,Root_Tuber,Root_TuberAEZ14,Root_TuberAEZ14,2005,NH3_AWB,0
Canada,Root_Tuber,Root_TuberAEZ15,Root_TuberAEZ15,2005,NH3_AWB,1.54658125570913e-05
Canada,Root_Tuber,Root_TuberAEZ16,Root_TuberAEZ16,2005,NH3_AWB,9.21365064092743e-07
Canada,SugarCrop,SugarCropAEZ07,SugarCropAEZ07,2005,NH3_AWB,0
Canada,SugarCrop,SugarCropAEZ08,SugarCropAEZ08,2005,NH3_AWB,0
Canada,SugarCrop,SugarCropAEZ09,SugarCropAEZ09,2005,NH3_AWB,2.80231482419541e-05
Canada,SugarCrop,SugarCropAEZ10,SugarCropAEZ10,2005,NH3_AWB,8.30183127066646e-06
Canada,SugarCrop,SugarCropAEZ11,SugarCropAEZ11,2005,NH3_AWB,0
Canada,SugarCrop,SugarCropAEZ13,SugarCropAEZ13,2005,NH3_AWB,0
Canada,SugarCrop,SugarCropAEZ14,SugarCropAEZ14,2005,NH3_AWB,0
Canada,SugarCrop,SugarCropAEZ15,SugarCropAEZ15,2005,NH3_AWB,0
Canada,SugarCrop,SugarCropAEZ16,SugarCropAEZ16,2005,NH3_AWB,0
Canada,Wheat,WheatAEZ07,WheatAEZ07,2005,NH3_AWB,0.000285055454451662
Canada,Wheat,WheatAEZ08,WheatAEZ08,2005,NH3_AWB,0.00019259946398221
Canada,Wheat,WheatAEZ09,WheatAEZ09,2005,NH3_AWB,0.00022441198829538
Canada,Wheat,WheatAEZ10,WheatAEZ10,2005,NH3_AWB,9.98790225398867e-05
Canada,Wheat,WheatAEZ11,WheatAEZ11,2005,NH3_AWB,4.90296692439878e-08
Canada,Wheat,WheatAEZ13,WheatAEZ13,2005,NH3_AWB,9.49235843926547e-05
Canada,Wheat,WheatAEZ14,WheatAEZ14,2005,NH3_AWB,4.81383068644768e-05
Canada,Wheat,WheatAEZ15,WheatAEZ15,2005,NH3_AWB,0.000223594993399941
Canada,Wheat,WheatAEZ16,WheatAEZ16,2005,NH3_AWB,9.91880683099404e-06
Canada,Corn,CornAEZ07,CornAEZ07,2005,NMVOC_AWB,2.4262474780695e-06
Canada,Corn,CornAEZ08,CornAEZ08,2005,NMVOC_AWB,8.46104778726315e-07
Canada,Corn,CornAEZ09,CornAEZ09,2005,NMVOC_AWB,0.000121219078244099
Canada,Corn,CornAEZ10,CornAEZ10,2005,NMVOC_AWB,0.00252742535991075
Canada,Corn,CornAEZ11,CornAEZ11,2005,NMVOC_AWB,1.81772443853521e-06
Canada,Corn,CornAEZ13,CornAEZ13,2005,NMVOC_AWB,0
Canada,Corn,CornAEZ14,CornAEZ14,2005,NMVOC_AWB,0
Canada,Corn,CornAEZ15,CornAEZ15,2005,NMVOC_AWB,5.56524017371509e-06
Canada,Corn,CornAEZ16,CornAEZ16,2005,NMVOC_AWB,1.12907359545267e-07
Canada,FiberCrop,FiberCropAEZ07,FiberCropAEZ07,2005,NMVOC_AWB,3.65490009050211e-06
Canada,FiberCrop,FiberCropAEZ08,FiberCropAEZ08,2005,NMVOC_AWB,3.02729098405227e-06
Canada,FiberCrop,FiberCropAEZ09,FiberCropAEZ09,2005,NMVOC_AWB,1.87894119485143e-06
Canada,FiberCrop,FiberCropAEZ10,FiberCropAEZ10,2005,NMVOC_AWB,8.49118202843926e-07
Canada,FiberCrop,FiberCropAEZ11,FiberCropAEZ11,2005,NMVOC_AWB,0
Canada,FiberCrop,FiberCropAEZ13,FiberCropAEZ13,2005,NMVOC_AWB,8.43289016096711e-07
Canada,FiberCrop,FiberCropAEZ14,FiberCropAEZ14,2005,NMVOC_AWB,3.69181827323444e-07
Canada,FiberCrop,FiberCropAEZ15,FiberCropAEZ15,2005,NMVOC_AWB,6.78128724925702e-07
Canada,FiberCrop,FiberCropAEZ16,FiberCropAEZ16,2005,NMVOC_AWB,5.051961847584e-08
Canada,FodderGrass,FodderGrassAEZ07,FodderGrassAEZ07,2005,NMVOC_AWB,0
Canada,FodderGrass,FodderGrassAEZ08,FodderGrassAEZ08,2005,NMVOC_AWB,0
Canada,FodderGrass,FodderGrassAEZ09,FodderGrassAEZ09,2005,NMVOC_AWB,0
Canada,FodderGrass,FodderGrassAEZ10,FodderGrassAEZ10,2005,NMVOC_AWB,0
Canada,FodderGrass,FodderGrassAEZ11,FodderGrassAEZ11,2005,NMVOC_AWB,0
Canada,FodderGrass,FodderGrassAEZ13,FodderGrassAEZ13,2005,NMVOC_AWB,0
Canada,FodderGrass,FodderGrassAEZ14,FodderGrassAEZ14,2005,NMVOC_AWB,0
Canada,FodderGrass,FodderGrassAEZ15,FodderGrassAEZ15,2005,NMVOC_AWB,0
Canada,FodderGrass,FodderGrassAEZ16,FodderGrassAEZ16,2005,NMVOC_AWB,0
Canada,FodderHerb,FodderHerbAEZ07,FodderHerbAEZ07,2005,NMVOC_AWB,0.000126929988374741
Canada,FodderHerb,FodderHerbAEZ08,FodderHerbAEZ08,2005,NMVOC_AWB,0.000105890057914779
Canada,FodderHerb,FodderHerbAEZ09,FodderHerbAEZ09,2005,NMVOC_AWB,0.000566082373693938
Canada,FodderHerb,FodderHerbAEZ10,FodderHerbAEZ10,2005,NMVOC_AWB,0.000859186288936642
Canada,FodderHerb,FodderHerbAEZ11,FodderHerbAEZ11,2005,NMVOC_AWB,2.70910990562603e-06
Canada,FodderHerb,FodderHerbAEZ13,FodderHerbAEZ13,2005,NMVOC_AWB,3.80043107834277e-05
Canada,FodderHerb,FodderHerbAEZ14,FodderHerbAEZ14,2005,NMVOC_AWB,3.56018546348559e-05
Canada,FodderHerb,FodderHerbAEZ15,FodderHerbAEZ15,2005,NMVOC_AWB,0.000393100396556637
Canada,FodderHerb,FodderHerbAEZ16,FodderHerbAEZ16,2005,NMVOC_AWB,3.42813255352241e-05
Canada,MiscCrop,MiscCropAEZ07,MiscCropAEZ07,2005,NMVOC_AWB,0.00038024360031348
Canada,MiscCrop,MiscCropAEZ08,MiscCropAEZ08,2005,NMVOC_AWB,0.000188887738721959
Canada,MiscCrop,MiscCropAEZ09,MiscCropAEZ09,2005,NMVOC_AWB,0.0001478660062869
Canada,MiscCrop,MiscCropAEZ10,MiscCropAEZ10,2005,NMVOC_AWB,0.000687710852036656
Canada,MiscCrop,MiscCropAEZ11,MiscCropAEZ11,2005,NMVOC_AWB,1.55621641986032e-05
Canada,MiscCrop,MiscCropAEZ13,MiscCropAEZ13,2005,NMVOC_AWB,0.000125734756013839
Canada,MiscCrop,MiscCropAEZ14,MiscCropAEZ14,2005,NMVOC_AWB,8.09793426812222e-05
Canada,MiscCrop,MiscCropAEZ15,MiscCropAEZ15,2005,NMVOC_AWB,0.000221169789353438
Canada,MiscCrop,MiscCropAEZ16,MiscCropAEZ16,2005,NMVOC_AWB,5.95908425781354e-06
Canada,OilCrop,OilCropAEZ07,OilCropAEZ07,2005,NMVOC_AWB,0.000307759983652422
Canada,OilCrop,OilCropAEZ08,OilCropAEZ08,2005,NMVOC_AWB,0.000396732525237725
Canada,OilCrop,OilCropAEZ09,OilCropAEZ09,2005,NMVOC_AWB,0.000723194376670808
Canada,OilCrop,OilCropAEZ10,OilCropAEZ10,2005,NMVOC_AWB,0.000919036468657072
Canada,OilCrop,OilCropAEZ11,OilCropAEZ11,2005,NMVOC_AWB,0
Canada,OilCrop,OilCropAEZ13,OilCropAEZ13,2005,NMVOC_AWB,0.000116849609857823
Canada,OilCrop,OilCropAEZ14,OilCropAEZ14,2005,NMVOC_AWB,0.000113107127500909
Canada,OilCrop,OilCropAEZ15,OilCropAEZ15,2005,NMVOC_AWB,0.000733608337864259
Canada,OilCrop,OilCropAEZ16,OilCropAEZ16,2005,NMVOC_AWB,3.04207293365857e-05
Canada,OtherGrain,OtherGrainAEZ07,OtherGrainAEZ07,2005,NMVOC_AWB,0.000557851166005218
Canada,OtherGrain,OtherGrainAEZ08,OtherGrainAEZ08,2005,NMVOC_AWB,0.000678068449960842
Canada,OtherGrain,OtherGrainAEZ09,OtherGrainAEZ09,2005,NMVOC_AWB,0.00094824956942173
Canada,OtherGrain,OtherGrainAEZ10,OtherGrainAEZ10,2005,NMVOC_AWB,0.000412912502785082
Canada,OtherGrain,OtherGrainAEZ11,OtherGrainAEZ11,2005,NMVOC_AWB,1.85906224056369e-07
Canada,OtherGrain,OtherGrainAEZ13,OtherGrainAEZ13,2005,NMVOC_AWB,0.000208557743646344
Canada,OtherGrain,OtherGrainAEZ14,OtherGrainAEZ14,2005,NMVOC_AWB,0.000182209879383917
Canada,OtherGrain,OtherGrainAEZ15,OtherGrainAEZ15,2005,NMVOC_AWB,0.00124785365470336
Canada,OtherGrain,OtherGrainAEZ16,OtherGrainAEZ16,2005,NMVOC_AWB,5.30810237116707e-05
Canada,PalmFruit,PalmFruitAEZ07,PalmFruitAEZ07,2005,NMVOC_AWB,0
Canada,PalmFruit,PalmFruitAEZ08,PalmFruitAEZ08,2005,NMVOC_AWB,0
Canada,PalmFruit,PalmFruitAEZ09,PalmFruitAEZ09,2005,NMVOC_AWB,0
Canada,PalmFruit,PalmFruitAEZ10,PalmFruitAEZ10,2005,NMVOC_AWB,0
Canada,PalmFruit,PalmFruitAEZ11,PalmFruitAEZ11,2005,NMVOC_AWB,0
Canada,PalmFruit,PalmFruitAEZ13,PalmFruitAEZ13,2005,NMVOC_AWB,0
Canada,PalmFruit,PalmFruitAEZ14,PalmFruitAEZ14,2005,NMVOC_AWB,0
Canada,PalmFruit,PalmFruitAEZ15,PalmFruitAEZ15,2005,NMVOC_AWB,0
Canada,PalmFruit,PalmFruitAEZ16,PalmFruitAEZ16,2005,NMVOC_AWB,0
Canada,Rice,RiceAEZ07,RiceAEZ07,2005,NMVOC_AWB,0
Canada,Rice,RiceAEZ08,RiceAEZ08,2005,NMVOC_AWB,0
Canada,Rice,RiceAEZ09,RiceAEZ09,2005,NMVOC_AWB,0
Canada,Rice,RiceAEZ10,RiceAEZ10,2005,NMVOC_AWB,0
Canada,Rice,RiceAEZ11,RiceAEZ11,2005,NMVOC_AWB,0
Canada,Rice,RiceAEZ13,RiceAEZ13,2005,NMVOC_AWB,0
Canada,Rice,RiceAEZ14,RiceAEZ14,2005,NMVOC_AWB,0
Canada,Rice,RiceAEZ15,RiceAEZ15,2005,NMVOC_AWB,0
Canada,Rice,RiceAEZ16,RiceAEZ16,2005,NMVOC_AWB,0
Canada,Root_Tuber,Root_TuberAEZ07,Root_TuberAEZ07,2005,NMVOC_AWB,0.000180188806987124
Canada,Root_Tuber,Root_TuberAEZ08,Root_TuberAEZ08,2005,NMVOC_AWB,5.31746680071636e-05
Canada,Root_Tuber,Root_TuberAEZ09,Root_TuberAEZ09,2005,NMVOC_AWB,0.000523455452234338
Canada,Root_Tuber,Root_TuberAEZ10,Root_TuberAEZ10,2005,NMVOC_AWB,0.000459325758790072
Canada,Root_Tuber,Root_TuberAEZ11,Root_TuberAEZ11,2005,NMVOC_AWB,2.66546175599318e-05
Canada,Root_Tuber,Root_TuberAEZ13,Root_TuberAEZ13,2005,NMVOC_AWB,6.27645115205395e-06
Canada,Root_Tuber,Root_TuberAEZ14,Root_TuberAEZ14,2005,NMVOC_AWB,0
Canada,Root_Tuber,Root_TuberAEZ15,Root_TuberAEZ15,2005,NMVOC_AWB,8.33352035843271e-05
Canada,Root_Tuber,Root_TuberAEZ16,Root_TuberAEZ16,2005,NMVOC_AWB,4.96463699583954e-06
Canada,SugarCrop,SugarCropAEZ07,SugarCropAEZ07,2005,NMVOC_AWB,0
Canada,SugarCrop,SugarCropAEZ08,SugarCropAEZ08,2005,NMVOC_AWB,0
Canada,SugarCrop,SugarCropAEZ09,SugarCropAEZ09,2005,NMVOC_AWB,0.000150998517226063
Canada,SugarCrop,SugarCropAEZ10,SugarCropAEZ10,2005,NMVOC_AWB,4.47331684972804e-05
Canada,SugarCrop,SugarCropAEZ11,SugarCropAEZ11,2005,NMVOC_AWB,0
Canada,SugarCrop,SugarCropAEZ13,SugarCropAEZ13,2005,NMVOC_AWB,0
Canada,SugarCrop,SugarCropAEZ14,SugarCropAEZ14,2005,NMVOC_AWB,0
Canada,SugarCrop,SugarCropAEZ15,SugarCropAEZ15,2005,NMVOC_AWB,0
Canada,SugarCrop,SugarCropAEZ16,SugarCropAEZ16,2005,NMVOC_AWB,0
Canada,Wheat,WheatAEZ07,WheatAEZ07,2005,NMVOC_AWB,0.00153597841961818
Canada,Wheat,WheatAEZ08,WheatAEZ08,2005,NMVOC_AWB,0.00103779322825366
Canada,Wheat,WheatAEZ09,WheatAEZ09,2005,NMVOC_AWB,0.00120921022819355
Canada,Wheat,WheatAEZ10,WheatAEZ10,2005,NMVOC_AWB,0.000538183082617836
Canada,Wheat,WheatAEZ11,WheatAEZ11,2005,NMVOC_AWB,2.64188994470031e-07
Canada,Wheat,WheatAEZ13,WheatAEZ13,2005,NMVOC_AWB,0.000511481449882751
Canada,Wheat,WheatAEZ14,WheatAEZ14,2005,NMVOC_AWB,0.000259386022425093
Canada,Wheat,WheatAEZ15,WheatAEZ15,2005,NMVOC_AWB,0.00120480797414531
Canada,Wheat,WheatAEZ16,WheatAEZ16,2005,NMVOC_AWB,5.3445997972832e-05
Canada,Corn,CornAEZ07,CornAEZ07,2005,NOx_AWB,1.31148512328081e-06
Canada,Corn,CornAEZ08,CornAEZ08,2005,NOx_AWB,4.57353934446657e-07
Canada,Corn,CornAEZ09,CornAEZ09,2005,NOx_AWB,6.55238260778915e-05
Canada,Corn,CornAEZ10,CornAEZ10,2005,NOx_AWB,0.00136617587022203
Canada,Corn,CornAEZ11,CornAEZ11,2005,NOx_AWB,9.82553750559573e-07
Canada,Corn,CornAEZ13,CornAEZ13,2005,NOx_AWB,0
Canada,Corn,CornAEZ14,CornAEZ14,2005,NOx_AWB,0
Canada,Corn,CornAEZ15,CornAEZ15,2005,NOx_AWB,3.00823793173789e-06
Canada,Corn,CornAEZ16,CornAEZ16,2005,NOx_AWB,6.10310051596036e-08
Canada,FiberCrop,FiberCropAEZ07,FiberCropAEZ07,2005,NOx_AWB,1.97562167054168e-06
Canada,FiberCrop,FiberCropAEZ08,FiberCropAEZ08,2005,NOx_AWB,1.63637350489312e-06
Canada,FiberCrop,FiberCropAEZ09,FiberCropAEZ09,2005,NOx_AWB,1.01564388910888e-06
Canada,FiberCrop,FiberCropAEZ10,FiberCropAEZ10,2005,NOx_AWB,4.58982812348068e-07
Canada,FiberCrop,FiberCropAEZ11,FiberCropAEZ11,2005,NOx_AWB,0
Canada,FiberCrop,FiberCropAEZ13,FiberCropAEZ13,2005,NOx_AWB,4.55831900592817e-07
Canada,FiberCrop,FiberCropAEZ14,FiberCropAEZ14,2005,NOx_AWB,1.99557744499159e-07
Canada,FiberCrop,FiberCropAEZ15,FiberCropAEZ15,2005,NOx_AWB,3.66556067527406e-07
Canada,FiberCrop,FiberCropAEZ16,FiberCropAEZ16,2005,NOx_AWB,2.73079018788324e-08
Canada,FodderGrass,FodderGrassAEZ07,FodderGrassAEZ07,2005,NOx_AWB,0
Canada,FodderGrass,FodderGrassAEZ08,FodderGrassAEZ08,2005,NOx_AWB,0
Canada,FodderGrass,FodderGrassAEZ09,FodderGrassAEZ09,2005,NOx_AWB,0
Canada,FodderGrass,FodderGrassAEZ10,FodderGrassAEZ10,2005,NOx_AWB,0
Canada,FodderGrass,FodderGrassAEZ11,FodderGrassAEZ11,2005,NOx_AWB,0
Canada,FodderGrass,FodderGrassAEZ13,FodderGrassAEZ13,2005,NOx_AWB,0
Canada,FodderGrass,FodderGrassAEZ14,FodderGrassAEZ14,2005,NOx_AWB,0
Canada,FodderGrass,FodderGrassAEZ15,FodderGrassAEZ15,2005,NOx_AWB,0
Canada,FodderGrass,FodderGrassAEZ16,FodderGrassAEZ16,2005,NOx_AWB,0
Canada,FodderHerb,FodderHerbAEZ07,FodderHerbAEZ07,2005,NOx_AWB,6.86108045268872e-05
Canada,FodderHerb,FodderHerbAEZ08,FodderHerbAEZ08,2005,NOx_AWB,5.72378691431238e-05
Canada,FodderHerb,FodderHerbAEZ09,FodderHerbAEZ09,2005,NOx_AWB,0.000305990472266993
Canada,FodderHerb,FodderHerbAEZ10,FodderHerbAEZ10,2005,NOx_AWB,0.000464425021046833
Canada,FodderHerb,FodderHerbAEZ11,FodderHerbAEZ11,2005,NOx_AWB,1.46438373277083e-06
Canada,FodderHerb,FodderHerbAEZ13,FodderHerbAEZ13,2005,NOx_AWB,2.05428706937447e-05
Canada,FodderHerb,FodderHerbAEZ14,FodderHerbAEZ14,2005,NOx_AWB,1.92442457485707e-05
Canada,FodderHerb,FodderHerbAEZ15,FodderHerbAEZ15,2005,NOx_AWB,0.000212486700841425
Canada,FodderHerb,FodderHerbAEZ16,FodderHerbAEZ16,2005,NOx_AWB,1.85304462352563e-05
Canada,MiscCrop,MiscCropAEZ07,MiscCropAEZ07,2005,NOx_AWB,0.000205537081250529
Canada,MiscCrop,MiscCropAEZ08,MiscCropAEZ08,2005,NOx_AWB,0.000102101480390248
Canada,MiscCrop,MiscCropAEZ09,MiscCropAEZ09,2005,NOx_AWB,7.9927570965892e-05
Canada,MiscCrop,MiscCropAEZ10,MiscCropAEZ10,2005,NOx_AWB,0.00037173559569549
Canada,MiscCrop,MiscCropAEZ11,MiscCropAEZ11,2005,NOx_AWB,8.41198064789362e-06
Canada,MiscCrop,MiscCropAEZ13,MiscCropAEZ13,2005,NOx_AWB,6.79647329804534e-05
Canada,MiscCrop,MiscCropAEZ14,MiscCropAEZ14,2005,NOx_AWB,4.37726176655255e-05
Canada,MiscCrop,MiscCropAEZ15,MiscCropAEZ15,2005,NOx_AWB,0.000119551237488345
Canada,MiscCrop,MiscCropAEZ16,MiscCropAEZ16,2005,NOx_AWB,3.22112662584516e-06
Canada,OilCrop,OilCropAEZ07,OilCropAEZ07,2005,NOx_AWB,0.000166356747920228
Canada,OilCrop,OilCropAEZ08,OilCropAEZ08,2005,NOx_AWB,0.000214450013642014
Canada,OilCrop,OilCropAEZ09,OilCropAEZ09,2005,NOx_AWB,0.000390915879281518
Canada,OilCrop,OilCropAEZ10,OilCropAEZ10,2005,NOx_AWB,0.000496776469544363
Canada,OilCrop,OilCropAEZ11,OilCropAEZ11,2005,NOx_AWB,0
Canada,OilCrop,OilCropAEZ13,OilCropAEZ13,2005,NOx_AWB,6.3161951274499e-05
Canada,OilCrop,OilCropAEZ14,OilCropAEZ14,2005,NOx_AWB,6.11389878383291e-05
Canada,OilCrop,OilCropAEZ15,OilCropAEZ15,2005,NOx_AWB,0.000396545047494194
Canada,OilCrop,OilCropAEZ16,OilCropAEZ16,2005,NOx_AWB,1.64436374792355e-05
Canada,OtherGrain,OtherGrainAEZ07,OtherGrainAEZ07,2005,NOx_AWB,0.000301541170813632
Canada,OtherGrain,OtherGrainAEZ08,OtherGrainAEZ08,2005,NOx_AWB,0.00036652348646532
Canada,OtherGrain,OtherGrainAEZ09,OtherGrainAEZ09,2005,NOx_AWB,0.000512567334822557
Canada,OtherGrain,OtherGrainAEZ10,OtherGrainAEZ10,2005,NOx_AWB,0.000223195947451396
Canada,OtherGrain,OtherGrainAEZ11,OtherGrainAEZ11,2005,NOx_AWB,1.00489850841281e-07
Canada,OtherGrain,OtherGrainAEZ13,OtherGrainAEZ13,2005,NOx_AWB,0.00011273391548451
Canada,OtherGrain,OtherGrainAEZ14,OtherGrainAEZ14,2005,NOx_AWB,9.84918266940094e-05
Canada,OtherGrain,OtherGrainAEZ15,OtherGrainAEZ15,2005,NOx_AWB,0.000674515489028844
Canada,OtherGrain,OtherGrainAEZ16,OtherGrainAEZ16,2005,NOx_AWB,2.86924452495517e-05
Canada,PalmFruit,PalmFruitAEZ07,PalmFruitAEZ07,2005,NOx_AWB,0
Canada,PalmFruit,PalmFruitAEZ08,PalmFruitAEZ08,2005,NOx_AWB,0
Canada,PalmFruit,PalmFruitAEZ09,PalmFruitAEZ09,2005,NOx_AWB,0
Canada,PalmFruit,PalmFruitAEZ10,PalmFruitAEZ10,2005,NOx_AWB,0
Canada,PalmFruit,PalmFruitAEZ11,PalmFruitAEZ11,2005,NOx_AWB,0
Canada,PalmFruit,PalmFruitAEZ13,PalmFruitAEZ13,2005,NOx_AWB,0
Canada,PalmFruit,PalmFruitAEZ14,PalmFruitAEZ14,2005,NOx_AWB,0
Canada,PalmFruit,PalmFruitAEZ15,PalmFruitAEZ15,2005,NOx_AWB,0
Canada,PalmFruit,PalmFruitAEZ16,PalmFruitAEZ16,2005,NOx_AWB,0
Canada,Rice,RiceAEZ07,RiceAEZ07,2005,NOx_AWB,0
Canada,Rice,RiceAEZ08,RiceAEZ08,2005,NOx_AWB,0
Canada,Rice,RiceAEZ09,RiceAEZ09,2005,NOx_AWB,0
Canada,Rice,RiceAEZ10,RiceAEZ10,2005,NOx_AWB,0
Canada,Rice,RiceAEZ11,RiceAEZ11,2005,NOx_AWB,0
Canada,Rice,RiceAEZ13,RiceAEZ13,2005,NOx_AWB,0
Canada,Rice,RiceAEZ14,RiceAEZ14,2005,NOx_AWB,0
Canada,Rice,RiceAEZ15,RiceAEZ15,2005,NOx_AWB,0
Canada,Rice,RiceAEZ16,RiceAEZ16,2005,NOx_AWB,0
Canada,Root_Tuber,Root_TuberAEZ07,Root_TuberAEZ07,2005,NOx_AWB,9.7399355128175e-05
Canada,Root_Tuber,Root_TuberAEZ08,Root_TuberAEZ08,2005,NOx_AWB,2.8743063787656e-05
Canada,Root_Tuber,Root_TuberAEZ09,Root_TuberAEZ09,2005,NOx_AWB,0.000282948893099642
Canada,Root_Tuber,Root_TuberAEZ10,Root_TuberAEZ10,2005,NOx_AWB,0.00024828419394058
Canada,Root_Tuber,Root_TuberAEZ11,Root_TuberAEZ11,2005,NOx_AWB,1.44079013837469e-05
Canada,Root_Tuber,Root_TuberAEZ13,Root_TuberAEZ13,2005,NOx_AWB,3.39267629840754e-06
Canada,Root_Tuber,Root_TuberAEZ14,Root_TuberAEZ14,2005,NOx_AWB,0
Canada,Root_Tuber,Root_TuberAEZ15,Root_TuberAEZ15,2005,NOx_AWB,4.50460559915282e-05
Canada,Root_Tuber,Root_TuberAEZ16,Root_TuberAEZ16,2005,NOx_AWB,2.68358756531867e-06
Canada,SugarCrop,SugarCropAEZ07,SugarCropAEZ07,2005,NOx_AWB,0
Canada,SugarCrop,SugarCropAEZ08,SugarCropAEZ08,2005,NOx_AWB,0
Canada,SugarCrop,SugarCropAEZ09,SugarCropAEZ09,2005,NOx_AWB,8.16208201221963e-05
Canada,SugarCrop,SugarCropAEZ10,SugarCropAEZ10,2005,NOx_AWB,2.4180091079611e-05
Canada,SugarCrop,SugarCropAEZ11,SugarCropAEZ11,2005,NOx_AWB,0
Canada,SugarCrop,SugarCropAEZ13,SugarCropAEZ13,2005,NOx_AWB,0
Canada,SugarCrop,SugarCropAEZ14,SugarCropAEZ14,2005,NOx_AWB,0
Canada,SugarCrop,SugarCropAEZ15,SugarCropAEZ15,2005,NOx_AWB,0
Canada,SugarCrop,SugarCropAEZ16,SugarCropAEZ16,2005,NOx_AWB,0
Canada,Wheat,WheatAEZ07,WheatAEZ07,2005,NOx_AWB,0.000830258605199017
Canada,Wheat,WheatAEZ08,WheatAEZ08,2005,NOx_AWB,0.000560969312569543
Canada,Wheat,WheatAEZ09,WheatAEZ09,2005,NOx_AWB,0.000653627150374895
Canada,Wheat,WheatAEZ10,WheatAEZ10,2005,NOx_AWB,0.000290909774388019
Canada,Wheat,WheatAEZ11,WheatAEZ11,2005,NOx_AWB,1.42804861875693e-07
Canada,Wheat,WheatAEZ13,WheatAEZ13,2005,NOx_AWB,0.000276476459396082
Canada,Wheat,WheatAEZ14,WheatAEZ14,2005,NOx_AWB,0.000140208660770321
Canada,Wheat,WheatAEZ15,WheatAEZ15,2005,NOx_AWB,0.000651247553592062
Canada,Wheat,WheatAEZ16,WheatAEZ16,2005,NOx_AWB,2.88897286339632e-05
Canada,Corn,CornAEZ07,CornAEZ07,2005,SO2_AWB,1.98908577030923e-07
Canada,Corn,CornAEZ08,CornAEZ08,2005,SO2_AWB,6.93653467244096e-08
Canada,Corn,CornAEZ09,CornAEZ09,2005,SO2_AWB,9.93778028848021e-06
Canada,Corn,CornAEZ10,CornAEZ10,2005,SO2_AWB,0.000207203340317007
Canada,Corn,CornAEZ11,CornAEZ11,2005,SO2_AWB,1.49020652168202e-07
Canada,Corn,CornAEZ13,CornAEZ13,2005,SO2_AWB,0
Canada,Corn,CornAEZ14,CornAEZ14,2005,SO2_AWB,0
Canada,Corn,CornAEZ15,CornAEZ15,2005,SO2_AWB,4.56249419646913e-07
Canada,Corn,CornAEZ16,CornAEZ16,2005,SO2_AWB,9.25636911587321e-09
Canada,FiberCrop,FiberCropAEZ07,FiberCropAEZ07,2005,SO2_AWB,2.99635953365489e-07
Canada,FiberCrop,FiberCropAEZ08,FiberCropAEZ08,2005,SO2_AWB,2.48183314908789e-07
Canada,FiberCrop,FiberCropAEZ09,FiberCropAEZ09,2005,SO2_AWB,1.54039323181514e-07
Canada,FiberCrop,FiberCropAEZ10,FiberCropAEZ10,2005,SO2_AWB,6.96123932061237e-08
Canada,FiberCrop,FiberCropAEZ11,FiberCropAEZ11,2005,SO2_AWB,0
Canada,FiberCrop,FiberCropAEZ13,FiberCropAEZ13,2005,SO2_AWB,6.91345049232439e-08
Canada,FiberCrop,FiberCropAEZ14,FiberCropAEZ14,2005,SO2_AWB,3.02662579157058e-08
Canada,FiberCrop,FiberCropAEZ15,FiberCropAEZ15,2005,SO2_AWB,5.55943369083233e-08
Canada,FiberCrop,FiberCropAEZ16,FiberCropAEZ16,2005,SO2_AWB,4.14169845162292e-09
Canada,FodderGrass,FodderGrassAEZ07,FodderGrassAEZ07,2005,SO2_AWB,0
Canada,FodderGrass,FodderGrassAEZ08,FodderGrassAEZ08,2005,SO2_AWB,0
Canada,FodderGrass,FodderGrassAEZ09,FodderGrassAEZ09,2005,SO2_AWB,0
Canada,FodderGrass,FodderGrassAEZ10,FodderGrassAEZ10,2005,SO2_AWB,0
Canada,FodderGrass,FodderGrassAEZ11,FodderGrassAEZ11,2005,SO2_AWB,0
Canada,FodderGrass,FodderGrassAEZ13,FodderGrassAEZ13,2005,SO2_AWB,0
Canada,FodderGrass,FodderGrassAEZ14,FodderGrassAEZ14,2005,SO2_AWB,0
Canada,FodderGrass,FodderGrassAEZ15,FodderGrassAEZ15,2005,SO2_AWB,0
Canada,FodderGrass,FodderGrassAEZ16,FodderGrassAEZ16,2005,SO2_AWB,0
Canada,FodderHerb,FodderHerbAEZ07,FodderHerbAEZ07,2005,SO2_AWB,1.04059720199112e-05
Canada,FodderHerb,FodderHerbAEZ08,FodderHerbAEZ08,2005,SO2_AWB,8.68107682004045e-06
Canada,FodderHerb,FodderHerbAEZ09,FodderHerbAEZ09,2005,SO2_AWB,4.6408554960494e-05
Canada,FodderHerb,FodderHerbAEZ10,FodderHerbAEZ10,2005,SO2_AWB,7.04377948587697e-05
Canada,FodderHerb,FodderHerbAEZ11,FodderHerbAEZ11,2005,SO2_AWB,2.22098199470242e-07
Canada,FodderHerb,FodderHerbAEZ13,FodderHerbAEZ13,2005,SO2_AWB,3.11566872188461e-06
Canada,FodderHerb,FodderHerbAEZ14,FodderHerbAEZ14,2005,SO2_AWB,2.91871060519989e-06
Canada,FodderHerb,FodderHerbAEZ15,FodderHerbAEZ15,2005,SO2_AWB,3.22271496276162e-05
Canada,FodderHerb,FodderHerbAEZ16,FodderHerbAEZ16,2005,SO2_AWB,2.8104510123472e-06
Canada,MiscCrop,MiscCropAEZ07,MiscCropAEZ07,2005,SO2_AWB,3.11731239896636e-05
Canada,MiscCrop,MiscCropAEZ08,MiscCropAEZ08,2005,SO2_AWB,1.54853911925209e-05
Canada,MiscCrop,MiscCropAEZ09,MiscCropAEZ09,2005,SO2_AWB,1.21223482631603e-05
Canada,MiscCrop,MiscCropAEZ10,MiscCropAEZ10,2005,SO2_AWB,5.63798986804826e-05
Canada,MiscCrop,MiscCropAEZ11,MiscCropAEZ11,2005,SO2_AWB,1.27581706493053e-06
Canada,MiscCrop,MiscCropAEZ13,MiscCropAEZ13,2005,SO2_AWB,1.03079845020354e-05
Canada,MiscCrop,MiscCropAEZ14,MiscCropAEZ14,2005,SO2_AWB,6.6388470126047e-06
Canada,MiscCrop,MiscCropAEZ15,MiscCropAEZ15,2005,SO2_AWB,1.81319376857323e-05
Canada,MiscCrop,MiscCropAEZ16,MiscCropAEZ16,2005,SO2_AWB,4.88537538253182e-07
Canada,OilCrop,OilCropAEZ07,OilCropAEZ07,2005,SO2_AWB,2.52307734345679e-05
Canada,OilCrop,OilCropAEZ08,OilCropAEZ08,2005,SO2_AWB,3.25249187357054e-05
Canada,OilCrop,OilCropAEZ09,OilCropAEZ09,2005,SO2_AWB,5.92889083576969e-05
Canada,OilCrop,OilCropAEZ10,OilCropAEZ10,2005,SO2_AWB,7.53444312142284e-05
Canada,OilCrop,OilCropAEZ11,OilCropAEZ11,2005,SO2_AWB,0
Canada,OilCrop,OilCropAEZ13,OilCropAEZ13,2005,SO2_AWB,9.57956260996568e-06
Canada,OilCrop,OilCropAEZ14,OilCropAEZ14,2005,SO2_AWB,9.27274648881324e-06
Canada,OilCrop,OilCropAEZ15,OilCropAEZ15,2005,SO2_AWB,6.01426655366194e-05
Canada,OilCrop,OilCropAEZ16,OilCropAEZ16,2005,SO2_AWB,2.49395168435072e-06
Canada,OtherGrain,OtherGrainAEZ07,OtherGrainAEZ07,2005,SO2_AWB,4.57337442400675e-05
Canada,OtherGrain,OtherGrainAEZ08,OtherGrainAEZ08,2005,SO2_AWB,5.55893954472402e-05
Canada,OtherGrain,OtherGrainAEZ09,OtherGrainAEZ09,2005,SO2_AWB,7.77393791147544e-05
Canada,OtherGrain,OtherGrainAEZ10,OtherGrainAEZ10,2005,SO2_AWB,3.38513853634617e-05
Canada,OtherGrain,OtherGrainAEZ11,OtherGrainAEZ11,2005,SO2_AWB,1.52409607109276e-08
Canada,OtherGrain,OtherGrainAEZ13,OtherGrainAEZ13,2005,SO2_AWB,1.70979771818174e-05
Canada,OtherGrain,OtherGrainAEZ14,OtherGrainAEZ14,2005,SO2_AWB,1.49379270485914e-05
Canada,OtherGrain,OtherGrainAEZ15,OtherGrainAEZ15,2005,SO2_AWB,0.000102301515836041
Canada,OtherGrain,OtherGrainAEZ16,OtherGrainAEZ16,2005,SO2_AWB,4.35168752951534e-06
Canada,PalmFruit,PalmFruitAEZ07,PalmFruitAEZ07,2005,SO2_AWB,0
Canada,PalmFruit,PalmFruitAEZ08,PalmFruitAEZ08,2005,SO2_AWB,0
Canada,PalmFruit,PalmFruitAEZ09,PalmFruitAEZ09,2005,SO2_AWB,0
Canada,PalmFruit,PalmFruitAEZ10,PalmFruitAEZ10,2005,SO2_AWB,0
Canada,PalmFruit,PalmFruitAEZ11,PalmFruitAEZ11,2005,SO2_AWB,0
Canada,PalmFruit,PalmFruitAEZ13,PalmFruitAEZ13,2005,SO2_AWB,0
Canada,PalmFruit,PalmFruitAEZ14,PalmFruitAEZ14,2005,SO2_AWB,0
Canada,PalmFruit,PalmFruitAEZ15,PalmFruitAEZ15,2005,SO2_AWB,0
Canada,PalmFruit,PalmFruitAEZ16,PalmFruitAEZ16,2005,SO2_AWB,0
Canada,Rice,RiceAEZ07,RiceAEZ07,2005,SO2_AWB,0
Canada,Rice,RiceAEZ08,RiceAEZ08,2005,SO2_AWB,0
Canada,Rice,RiceAEZ09,RiceAEZ09,2005,SO2_AWB,0
Canada,Rice,RiceAEZ10,RiceAEZ10,2005,SO2_AWB,0
Canada,Rice,RiceAEZ11,RiceAEZ11,2005,SO2_AWB,0
Canada,Rice,RiceAEZ13,RiceAEZ13,2005,SO2_AWB,0
Canada,Rice,RiceAEZ14,RiceAEZ14,2005,SO2_AWB,0
Canada,Rice,RiceAEZ15,RiceAEZ15,2005,SO2_AWB,0
Canada,Rice,RiceAEZ16,RiceAEZ16,2005,SO2_AWB,0
Canada,Root_Tuber,Root_TuberAEZ07,Root_TuberAEZ07,2005,SO2_AWB,1.47722355277732e-05
Canada,Root_Tuber,Root_TuberAEZ08,Root_TuberAEZ08,2005,SO2_AWB,4.35936467446116e-06
Canada,Root_Tuber,Root_TuberAEZ09,Root_TuberAEZ09,2005,SO2_AWB,4.29139154534457e-05
Canada,Root_Tuber,Root_TuberAEZ10,Root_TuberAEZ10,2005,SO2_AWB,3.76564360809879e-05
Canada,Root_Tuber,Root_TuberAEZ11,Root_TuberAEZ11,2005,SO2_AWB,2.18519837653495e-06
Canada,Root_Tuber,Root_TuberAEZ13,Root_TuberAEZ13,2005,SO2_AWB,5.14555905258477e-07
Canada,Root_Tuber,Root_TuberAEZ14,Root_TuberAEZ14,2005,SO2_AWB,0
Canada,Root_Tuber,Root_TuberAEZ15,Root_TuberAEZ15,2005,SO2_AWB,6.83198515871511e-06
Canada,Root_Tuber,Root_TuberAEZ16,Root_TuberAEZ16,2005,SO2_AWB,4.07010780739998e-07
Canada,SugarCrop,SugarCropAEZ07,SugarCropAEZ07,2005,SO2_AWB,0
Canada,SugarCrop,SugarCropAEZ08,SugarCropAEZ08,2005,SO2_AWB,0
Canada,SugarCrop,SugarCropAEZ09,SugarCropAEZ09,2005,SO2_AWB,1.23791577185331e-05
Canada,SugarCrop,SugarCropAEZ10,SugarCropAEZ10,2005,SO2_AWB,3.66731381374101e-06
Canada,SugarCrop,SugarCropAEZ11,SugarCropAEZ11,2005,SO2_AWB,0
Canada,SugarCrop,SugarCropAEZ13,SugarCropAEZ13,2005,SO2_AWB,0
Canada,SugarCrop,SugarCropAEZ14,SugarCropAEZ14,2005,SO2_AWB,0
Canada,SugarCrop,SugarCropAEZ15,SugarCropAEZ15,2005,SO2_AWB,0
Canada,SugarCrop,SugarCropAEZ16,SugarCropAEZ16,2005,SO2_AWB,0
Canada,Wheat,WheatAEZ07,WheatAEZ07,2005,SO2_AWB,0.000125922555121851
Canada,Wheat,WheatAEZ08,WheatAEZ08,2005,SO2_AWB,8.50803457397141e-05
Canada,Wheat,WheatAEZ09,WheatAEZ09,2005,SO2_AWB,9.91334511401923e-05
Canada,Wheat,WheatAEZ10,WheatAEZ10,2005,SO2_AWB,4.41213157821829e-05
Canada,Wheat,WheatAEZ11,WheatAEZ11,2005,SO2_AWB,2.165873738448e-08
Canada,Wheat,WheatAEZ13,WheatAEZ13,2005,SO2_AWB,4.19322630084057e-05
Canada,Wheat,WheatAEZ14,WheatAEZ14,2005,SO2_AWB,2.1264980216832e-05
Canada,Wheat,WheatAEZ15,WheatAEZ15,2005,SO2_AWB,9.87725456281294e-05
Canada,Wheat,WheatAEZ16,WheatAEZ16,2005,SO2_AWB,4.38160884281775e-06
Central America and Caribbean,Corn,CornAEZ04,CornAEZ04,2005,CH4_AWB,0.000198376901600318
Central America and Caribbean,Corn,CornAEZ05,CornAEZ05,2005,CH4_AWB,0.000354410111926192
Central America and Caribbean,Corn,CornAEZ06,CornAEZ06,2005,CH4_AWB,0.000200529553143992
Central America and Caribbean,Corn,CornAEZ12,CornAEZ12,2005,CH4_AWB,2.75636258559736e-05
Central America and Caribbean,FiberCrop,FiberCropAEZ04,FiberCropAEZ04,2005,CH4_AWB,3.29257543810813e-06
Central America and Caribbean,FiberCrop,FiberCropAEZ05,FiberCropAEZ05,2005,CH4_AWB,5.00641726866379e-06
Central America and Caribbean,FiberCrop,FiberCropAEZ06,FiberCropAEZ06,2005,CH4_AWB,1.16121332903283e-06
Central America and Caribbean,FiberCrop,FiberCropAEZ12,FiberCropAEZ12,2005,CH4_AWB,0
Central America and Caribbean,FodderGrass,FodderGrassAEZ04,FodderGrassAEZ04,2005,CH4_AWB,0
Central America and Caribbean,FodderGrass,FodderGrassAEZ05,FodderGrassAEZ05,2005,CH4_AWB,1.4832331681171e-06
Central America and Caribbean,FodderGrass,FodderGrassAEZ06,FodderGrassAEZ06,2005,CH4_AWB,2.54652557216401e-06
Central America and Caribbean,FodderGrass,FodderGrassAEZ12,FodderGrassAEZ12,2005,CH4_AWB,0
Central America and Caribbean,FodderHerb,FodderHerbAEZ04,FodderHerbAEZ04,2005,CH4_AWB,0
Central America and Caribbean,FodderHerb,FodderHerbAEZ05,FodderHerbAEZ05,2005,CH4_AWB,0
Central America and Caribbean,FodderHerb,FodderHerbAEZ06,FodderHerbAEZ06,2005,CH4_AWB,0
Central America and Caribbean,FodderHerb,FodderHerbAEZ12,FodderHerbAEZ12,2005,CH4_AWB,0
Central America and Caribbean,MiscCrop,MiscCropAEZ04,MiscCropAEZ04,2005,CH4_AWB,0.00119584920710333
Central America and Caribbean,MiscCrop,MiscCropAEZ05,MiscCropAEZ05,2005,CH4_AWB,0.00281415446544188
Central America and Caribbean,MiscCrop,MiscCropAEZ06,MiscCropAEZ06,2005,CH4_AWB,0.00146180979563947
Central America and Caribbean,MiscCrop,MiscCropAEZ12,MiscCropAEZ12,2005,CH4_AWB,3.50663575669915e-05
Central America and Caribbean,OilCrop,OilCropAEZ04,OilCropAEZ04,2005,CH4_AWB,1.80346123047297e-05
Central America and Caribbean,OilCrop,OilCropAEZ05,OilCropAEZ05,2005,CH4_AWB,2.79939329056587e-05
Central America and Caribbean,OilCrop,OilCropAEZ06,OilCropAEZ06,2005,CH4_AWB,2.01906667645444e-05
Central America and Caribbean,OilCrop,OilCropAEZ12,OilCropAEZ12,2005,CH4_AWB,1.21192750688106e-06
Central America and Caribbean,OtherGrain,OtherGrainAEZ04,OtherGrainAEZ04,2005,CH4_AWB,4.29479889991049e-05
Central America and Caribbean,OtherGrain,OtherGrainAEZ05,OtherGrainAEZ05,2005,CH4_AWB,3.82621253614624e-05
Central America and Caribbean,OtherGrain,OtherGrainAEZ06,OtherGrainAEZ06,2005,CH4_AWB,1.97298479296478e-05
Central America and Caribbean,OtherGrain,OtherGrainAEZ12,OtherGrainAEZ12,2005,CH4_AWB,0
Central America and Caribbean,PalmFruit,PalmFruitAEZ04,PalmFruitAEZ04,2005,CH4_AWB,0.000188553068403659
Central America and Caribbean,PalmFruit,PalmFruitAEZ05,PalmFruitAEZ05,2005,CH4_AWB,0.000356595006858828
Central America and Caribbean,PalmFruit,PalmFruitAEZ06,PalmFruitAEZ06,2005,CH4_AWB,0.000217815076108501
Central America and Caribbean,PalmFruit,PalmFruitAEZ12,PalmFruitAEZ12,2005,CH4_AWB,8.51870313981197e-06
Central America and Caribbean,Rice,RiceAEZ04,RiceAEZ04,2005,CH4_AWB,9.5916770805824e-05
Central America and Caribbean,Rice,RiceAEZ05,RiceAEZ05,2005,CH4_AWB,0.000229776655139199
Central America and Caribbean,Rice,RiceAEZ06,RiceAEZ06,2005,CH4_AWB,0.00012220733260278
Central America and Caribbean,Rice,RiceAEZ12,RiceAEZ12,2005,CH4_AWB,3.38306284486348e-07
Central America and Caribbean,Root_Tuber,Root_TuberAEZ04,Root_TuberAEZ04,2005,CH4_AWB,0.00018243384144948
Central America and Caribbean,Root_Tuber,Root_TuberAEZ05,Root_TuberAEZ05,2005,CH4_AWB,0.000516552112666405
Central America and Caribbean,Root_Tuber,Root_TuberAEZ06,Root_TuberAEZ06,2005,CH4_AWB,0.000225313276332525
Central America and Caribbean,Root_Tuber,Root_TuberAEZ12,Root_TuberAEZ12,2005,CH4_AWB,2.34483940272173e-06
Central America and Caribbean,SugarCrop,SugarCropAEZ04,SugarCropAEZ04,2005,CH4_AWB,0.00335506364058249
Central America and Caribbean,SugarCrop,SugarCropAEZ05,SugarCropAEZ05,2005,CH4_AWB,0.00739549366188934
Central America and Caribbean,SugarCrop,SugarCropAEZ06,SugarCropAEZ06,2005,CH4_AWB,0.00344406711550281
Central America and Caribbean,SugarCrop,SugarCropAEZ12,SugarCropAEZ12,2005,CH4_AWB,0.00021767196614737
Central America and Caribbean,Wheat,WheatAEZ04,WheatAEZ04,2005,CH4_AWB,0
Central America and Caribbean,Wheat,WheatAEZ05,WheatAEZ05,2005,CH4_AWB,1.16047209227976e-06
Central America and Caribbean,Wheat,WheatAEZ06,WheatAEZ06,2005,CH4_AWB,9.67980460385641e-07
Central America and Caribbean,Wheat,WheatAEZ12,WheatAEZ12,2005,CH4_AWB,2.91893048364049e-08
Central America and Caribbean,Corn,CornAEZ04,CornAEZ04,2005,CO_AWB,0.00698932959703388
Central America and Caribbean,Corn,CornAEZ05,CornAEZ05,2005,CO_AWB,0.0124867818016664
Central America and Caribbean,Corn,CornAEZ06,CornAEZ06,2005,CO_AWB,0.00706517305978045
Central America and Caribbean,Corn,CornAEZ12,CornAEZ12,2005,CO_AWB,0.000971137589319097
Central America and Caribbean,FiberCrop,FiberCropAEZ04,FiberCropAEZ04,2005,CO_AWB,0.000116005919915018
Central America and Caribbean,FiberCrop,FiberCropAEZ05,FiberCropAEZ05,2005,CO_AWB,0.000176388985354116
Central America and Caribbean,FiberCrop,FiberCropAEZ06,FiberCropAEZ06,2005,CO_AWB,4.09125388268812e-05
Central America and Caribbean,FiberCrop,FiberCropAEZ12,FiberCropAEZ12,2005,CO_AWB,0
Central America and Caribbean,FodderGrass,FodderGrassAEZ04,FodderGrassAEZ04,2005,CO_AWB,0
Central America and Caribbean,FodderGrass,FodderGrassAEZ05,FodderGrassAEZ05,2005,CO_AWB,5.22581278243259e-05
Central America and Caribbean,FodderGrass,FodderGrassAEZ06,FodderGrassAEZ06,2005,CO_AWB,8.97206600544113e-05
Central America and Caribbean,FodderGrass,FodderGrassAEZ12,FodderGrassAEZ12,2005,CO_AWB,0
Central America and Caribbean,FodderHerb,FodderHerbAEZ04,FodderHerbAEZ04,2005,CO_AWB,0
Central America and Caribbean,FodderHerb,FodderHerbAEZ05,FodderHerbAEZ05,2005,CO_AWB,0
Central America and Caribbean,FodderHerb,FodderHerbAEZ06,FodderHerbAEZ06,2005,CO_AWB,0
Central America and Caribbean,FodderHerb,FodderHerbAEZ12,FodderHerbAEZ12,2005,CO_AWB,0
Central America and Caribbean,MiscCrop,MiscCropAEZ04,MiscCropAEZ04,2005,CO_AWB,0.042132850091774
Central America and Caribbean,MiscCrop,MiscCropAEZ05,MiscCropAEZ05,2005,CO_AWB,0.0991499158282371
Central America and Caribbean,MiscCrop,MiscCropAEZ06,MiscCropAEZ06,2005,CO_AWB,0.0515033271891802
Central America and Caribbean,MiscCrop,MiscCropAEZ12,MiscCropAEZ12,2005,CO_AWB,0.00123547816719582
Central America and Caribbean,OilCrop,OilCropAEZ04,OilCropAEZ04,2005,CO_AWB,0.000635405879089892
Central America and Caribbean,OilCrop,OilCropAEZ05,OilCropAEZ05,2005,CO_AWB,0.000986298415876595
Central America and Caribbean,OilCrop,OilCropAEZ06,OilCropAEZ06,2005,CO_AWB,0.00071136923534374
Central America and Caribbean,OilCrop,OilCropAEZ12,OilCropAEZ12,2005,CO_AWB,4.26993300377755e-05
Central America and Caribbean,OtherGrain,OtherGrainAEZ04,OtherGrainAEZ04,2005,CO_AWB,0.0015131683589318
Central America and Caribbean,OtherGrain,OtherGrainAEZ05,OtherGrainAEZ05,2005,CO_AWB,0.00134807330428565
Central America and Caribbean,OtherGrain,OtherGrainAEZ06,OtherGrainAEZ06,2005,CO_AWB,0.000695133399943392
Central America and Caribbean,OtherGrain,OtherGrainAEZ12,OtherGrainAEZ12,2005,CO_AWB,0
Central America and Caribbean,PalmFruit,PalmFruitAEZ04,PalmFruitAEZ04,2005,CO_AWB,0.0066432106307438
Central America and Caribbean,PalmFruit,PalmFruitAEZ05,PalmFruitAEZ05,2005,CO_AWB,0.0125637612821195
Central America and Caribbean,PalmFruit,PalmFruitAEZ06,PalmFruitAEZ06,2005,CO_AWB,0.00767418659049615
Central America and Caribbean,PalmFruit,PalmFruitAEZ12,PalmFruitAEZ12,2005,CO_AWB,0.000300135870169966
Central America and Caribbean,Rice,RiceAEZ04,RiceAEZ04,2005,CO_AWB,0.00337939507894797
Central America and Caribbean,Rice,RiceAEZ05,RiceAEZ05,2005,CO_AWB,0.00809562385296007
Central America and Caribbean,Rice,RiceAEZ06,RiceAEZ06,2005,CO_AWB,0.00430567933990659
Central America and Caribbean,Rice,RiceAEZ12,RiceAEZ12,2005,CO_AWB,1.19194024503264e-05
Central America and Caribbean,Root_Tuber,Root_TuberAEZ04,Root_TuberAEZ04,2005,CO_AWB,0.0064276144916934
Central America and Caribbean,Root_Tuber,Root_TuberAEZ05,Root_TuberAEZ05,2005,CO_AWB,0.0181994624391487
Central America and Caribbean,Root_Tuber,Root_TuberAEZ06,Root_TuberAEZ06,2005,CO_AWB,0.00793836751240532
Central America and Caribbean,Root_Tuber,Root_TuberAEZ12,Root_TuberAEZ12,2005,CO_AWB,8.2614736421047e-05
Central America and Caribbean,SugarCrop,SugarCropAEZ04,SugarCropAEZ04,2005,CO_AWB,0.118207540363247
Central America and Caribbean,SugarCrop,SugarCropAEZ05,SugarCropAEZ05,2005,CO_AWB,0.260562304979749
Central America and Caribbean,SugarCrop,SugarCropAEZ06,SugarCropAEZ06,2005,CO_AWB,0.121343362207832
Central America and Caribbean,SugarCrop,SugarCropAEZ12,SugarCropAEZ12,2005,CO_AWB,0.00766914445767275
Central America and Caribbean,Wheat,WheatAEZ04,WheatAEZ04,2005,CO_AWB,0
Central America and Caribbean,Wheat,WheatAEZ05,WheatAEZ05,2005,CO_AWB,4.0886423145394e-05
Central America and Caribbean,Wheat,WheatAEZ06,WheatAEZ06,2005,CO_AWB,3.41044467704954e-05
Central America and Caribbean,Wheat,WheatAEZ12,WheatAEZ12,2005,CO_AWB,1.02841445029204e-06
Central America and Caribbean,Corn,CornAEZ04,CornAEZ04,2005,N2O_AWB,5.14429914276163e-06
Central America and Caribbean,Corn,CornAEZ05,CornAEZ05,2005,N2O_AWB,9.19054396081486e-06
Central America and Caribbean,Corn,CornAEZ06,CornAEZ06,2005,N2O_AWB,5.20012158681361e-06
Central America and Caribbean,Corn,CornAEZ12,CornAEZ12,2005,N2O_AWB,7.14778463210256e-07
Central America and Caribbean,FiberCrop,FiberCropAEZ04,FiberCropAEZ04,2005,N2O_AWB,8.53828891725693e-08
Central America and Caribbean,FiberCrop,FiberCropAEZ05,FiberCropAEZ05,2005,N2O_AWB,1.29826143344971e-07
Central America and Caribbean,FiberCrop,FiberCropAEZ06,FiberCropAEZ06,2005,N2O_AWB,3.01125215935795e-08
Central America and Caribbean,FiberCrop,FiberCropAEZ12,FiberCropAEZ12,2005,N2O_AWB,0
Central America and Caribbean,FodderGrass,FodderGrassAEZ04,FodderGrassAEZ04,2005,N2O_AWB,0
Central America and Caribbean,FodderGrass,FodderGrassAEZ05,FodderGrassAEZ05,2005,N2O_AWB,3.84631227411416e-08
Central America and Caribbean,FodderGrass,FodderGrassAEZ06,FodderGrassAEZ06,2005,N2O_AWB,6.60363641745823e-08
Central America and Caribbean,FodderGrass,FodderGrassAEZ12,FodderGrassAEZ12,2005,N2O_AWB,0
Central America and Caribbean,FodderHerb,FodderHerbAEZ04,FodderHerbAEZ04,2005,N2O_AWB,0
Central America and Caribbean,FodderHerb,FodderHerbAEZ05,FodderHerbAEZ05,2005,N2O_AWB,0
Central America and Caribbean,FodderHerb,FodderHerbAEZ06,FodderHerbAEZ06,2005,N2O_AWB,0
Central America and Caribbean,FodderHerb,FodderHerbAEZ12,FodderHerbAEZ12,2005,N2O_AWB,0
Central America and Caribbean,MiscCrop,MiscCropAEZ04,MiscCropAEZ04,2005,N2O_AWB,3.10106973208416e-05
Central America and Caribbean,MiscCrop,MiscCropAEZ05,MiscCropAEZ05,2005,N2O_AWB,7.29765022408652e-05
Central America and Caribbean,MiscCrop,MiscCropAEZ06,MiscCropAEZ06,2005,N2O_AWB,3.79075729982902e-05
Central America and Caribbean,MiscCrop,MiscCropAEZ12,MiscCropAEZ12,2005,N2O_AWB,9.09338898412143e-07
Central America and Caribbean,OilCrop,OilCropAEZ04,OilCropAEZ04,2005,N2O_AWB,4.67672596309524e-07
Central America and Caribbean,OilCrop,OilCropAEZ05,OilCropAEZ05,2005,N2O_AWB,7.2593716247898e-07
Central America and Caribbean,OilCrop,OilCropAEZ06,OilCropAEZ06,2005,N2O_AWB,5.23583284599829e-07
Central America and Caribbean,OilCrop,OilCropAEZ12,OilCropAEZ12,2005,N2O_AWB,3.14276389259197e-08
Central America and Caribbean,OtherGrain,OtherGrainAEZ04,OtherGrainAEZ04,2005,N2O_AWB,1.11372494080267e-06
Central America and Caribbean,OtherGrain,OtherGrainAEZ05,OtherGrainAEZ05,2005,N2O_AWB,9.92211376976632e-07
Central America and Caribbean,OtherGrain,OtherGrainAEZ06,OtherGrainAEZ06,2005,N2O_AWB,5.1163335535805e-07
Central America and Caribbean,OtherGrain,OtherGrainAEZ12,OtherGrainAEZ12,2005,N2O_AWB,0
Central America and Caribbean,PalmFruit,PalmFruitAEZ04,PalmFruitAEZ04,2005,N2O_AWB,4.88954802867264e-06
Central America and Caribbean,PalmFruit,PalmFruitAEZ05,PalmFruitAEZ05,2005,N2O_AWB,9.24720253869519e-06
Central America and Caribbean,PalmFruit,PalmFruitAEZ06,PalmFruitAEZ06,2005,N2O_AWB,5.64836883864168e-06
Central America and Caribbean,PalmFruit,PalmFruitAEZ12,PalmFruitAEZ12,2005,N2O_AWB,2.20906551650191e-07
Central America and Caribbean,Rice,RiceAEZ04,RiceAEZ04,2005,N2O_AWB,2.48730854173233e-06
Central America and Caribbean,Rice,RiceAEZ05,RiceAEZ05,2005,N2O_AWB,5.95855586272207e-06
Central America and Caribbean,Rice,RiceAEZ06,RiceAEZ06,2005,N2O_AWB,3.16907397623483e-06
Central America and Caribbean,Rice,RiceAEZ12,RiceAEZ12,2005,N2O_AWB,8.77294037377587e-09
Central America and Caribbean,Root_Tuber,Root_TuberAEZ04,Root_TuberAEZ04,2005,N2O_AWB,4.73086456441443e-06
Central America and Caribbean,Root_Tuber,Root_TuberAEZ05,Root_TuberAEZ05,2005,N2O_AWB,1.33952016033364e-05
Central America and Caribbean,Root_Tuber,Root_TuberAEZ06,Root_TuberAEZ06,2005,N2O_AWB,5.84281176356656e-06
Central America and Caribbean,Root_Tuber,Root_TuberAEZ12,Root_TuberAEZ12,2005,N2O_AWB,6.08062492761293e-08
Central America and Caribbean,SugarCrop,SugarCropAEZ04,SugarCropAEZ04,2005,N2O_AWB,8.70033298782583e-05
Central America and Caribbean,SugarCrop,SugarCropAEZ05,SugarCropAEZ05,2005,N2O_AWB,0.000191779543879596
Central America and Caribbean,SugarCrop,SugarCropAEZ06,SugarCropAEZ06,2005,N2O_AWB,8.93113632029134e-05
Central America and Caribbean,SugarCrop,SugarCropAEZ12,SugarCropAEZ12,2005,N2O_AWB,5.64465771882668e-06
Central America and Caribbean,Wheat,WheatAEZ04,WheatAEZ04,2005,N2O_AWB,0
Central America and Caribbean,Wheat,WheatAEZ05,WheatAEZ05,2005,N2O_AWB,3.00932998819658e-08
Central America and Caribbean,Wheat,WheatAEZ06,WheatAEZ06,2005,N2O_AWB,2.51016172366908e-08
Central America and Caribbean,Wheat,WheatAEZ12,WheatAEZ12,2005,N2O_AWB,7.56935483094999e-10
Central America and Caribbean,Corn,CornAEZ04,CornAEZ04,2005,NH3_AWB,9.55266823246358e-05
Central America and Caribbean,Corn,CornAEZ05,CornAEZ05,2005,NH3_AWB,0.000170663126107408
Central America and Caribbean,Corn,CornAEZ06,CornAEZ06,2005,NH3_AWB,9.65632730693715e-05
Central America and Caribbean,Corn,CornAEZ12,CornAEZ12,2005,NH3_AWB,1.32730257888779e-05
Central America and Caribbean,FiberCrop,FiberCropAEZ04,FiberCropAEZ04,2005,NH3_AWB,1.58551124333898e-06
Central America and Caribbean,FiberCrop,FiberCropAEZ05,FiberCropAEZ05,2005,NH3_AWB,2.41079696350823e-06
Central America and Caribbean,FiberCrop,FiberCropAEZ06,FiberCropAEZ06,2005,NH3_AWB,5.59172241822504e-07
Central America and Caribbean,FiberCrop,FiberCropAEZ12,FiberCropAEZ12,2005,NH3_AWB,0
Central America and Caribbean,FodderGrass,FodderGrassAEZ04,FodderGrassAEZ04,2005,NH3_AWB,0
Central America and Caribbean,FodderGrass,FodderGrassAEZ05,FodderGrassAEZ05,2005,NH3_AWB,7.14238112003348e-07
Central America and Caribbean,FodderGrass,FodderGrassAEZ06,FodderGrassAEZ06,2005,NH3_AWB,1.22625737876371e-06
Central America and Caribbean,FodderGrass,FodderGrassAEZ12,FodderGrassAEZ12,2005,NH3_AWB,0
Central America and Caribbean,FodderHerb,FodderHerbAEZ04,FodderHerbAEZ04,2005,NH3_AWB,0
Central America and Caribbean,FodderHerb,FodderHerbAEZ05,FodderHerbAEZ05,2005,NH3_AWB,0
Central America and Caribbean,FodderHerb,FodderHerbAEZ06,FodderHerbAEZ06,2005,NH3_AWB,0
Central America and Caribbean,FodderHerb,FodderHerbAEZ12,FodderHerbAEZ12,2005,NH3_AWB,0
Central America and Caribbean,MiscCrop,MiscCropAEZ04,MiscCropAEZ04,2005,NH3_AWB,0.000575850849537335
Central America and Caribbean,MiscCrop,MiscCropAEZ05,MiscCropAEZ05,2005,NH3_AWB,0.00135513175911147
Central America and Caribbean,MiscCrop,MiscCropAEZ06,MiscCropAEZ06,2005,NH3_AWB,0.000703921872156454
Central America and Caribbean,MiscCrop,MiscCropAEZ12,MiscCropAEZ12,2005,NH3_AWB,1.68859013955822e-05
Central America and Caribbean,OilCrop,OilCropAEZ04,OilCropAEZ04,2005,NH3_AWB,8.68441167587591e-06
Central America and Caribbean,OilCrop,OilCropAEZ05,OilCropAEZ05,2005,NH3_AWB,1.34802364293593e-05
Central America and Caribbean,OilCrop,OilCropAEZ06,OilCropAEZ06,2005,NH3_AWB,9.7226410654663e-06
Central America and Caribbean,OilCrop,OilCropAEZ12,OilCropAEZ12,2005,NH3_AWB,5.8359321582493e-07
Central America and Caribbean,OtherGrain,OtherGrainAEZ04,OtherGrainAEZ04,2005,NH3_AWB,2.06812328880172e-05
Central America and Caribbean,OtherGrain,OtherGrainAEZ05,OtherGrainAEZ05,2005,NH3_AWB,1.84247957548701e-05
Central America and Caribbean,OtherGrain,OtherGrainAEZ06,OtherGrainAEZ06,2005,NH3_AWB,9.5007377385403e-06
Central America and Caribbean,OtherGrain,OtherGrainAEZ12,OtherGrainAEZ12,2005,NH3_AWB,0
Central America and Caribbean,PalmFruit,PalmFruitAEZ04,PalmFruitAEZ04,2005,NH3_AWB,9.07961003596138e-05
Central America and Caribbean,PalmFruit,PalmFruitAEZ05,PalmFruitAEZ05,2005,NH3_AWB,0.000171715243377407
Central America and Caribbean,PalmFruit,PalmFruitAEZ06,PalmFruitAEZ06,2005,NH3_AWB,0.000104886967248105
Central America and Caribbean,PalmFruit,PalmFruitAEZ12,PalmFruitAEZ12,2005,NH3_AWB,4.10210786684346e-06
Central America and Caribbean,Rice,RiceAEZ04,RiceAEZ04,2005,NH3_AWB,4.61878919393213e-05
Central America and Caribbean,Rice,RiceAEZ05,RiceAEZ05,2005,NH3_AWB,0.000110646962242223
Central America and Caribbean,Rice,RiceAEZ06,RiceAEZ06,2005,NH3_AWB,5.88478847341173e-05
Central America and Caribbean,Rice,RiceAEZ12,RiceAEZ12,2005,NH3_AWB,1.62908467194769e-07
Central America and Caribbean,Root_Tuber,Root_TuberAEZ04,Root_TuberAEZ04,2005,NH3_AWB,8.78494395104493e-05
Central America and Caribbean,Root_Tuber,Root_TuberAEZ05,Root_TuberAEZ05,2005,NH3_AWB,0.000248741205113792
Central America and Caribbean,Root_Tuber,Root_TuberAEZ06,Root_TuberAEZ06,2005,NH3_AWB,0.000108497660756415
Central America and Caribbean,Root_Tuber,Root_TuberAEZ12,Root_TuberAEZ12,2005,NH3_AWB,1.12913714711294e-06
Central America and Caribbean,SugarCrop,SugarCropAEZ04,SugarCropAEZ04,2005,NH3_AWB,0.0016156018971331
Central America and Caribbean,SugarCrop,SugarCropAEZ05,SugarCropAEZ05,2005,NH3_AWB,0.00356123605104249
Central America and Caribbean,SugarCrop,SugarCropAEZ06,SugarCropAEZ06,2005,NH3_AWB,0.00165846075119279
Central America and Caribbean,SugarCrop,SugarCropAEZ12,SugarCropAEZ12,2005,NH3_AWB,0.000104818053883272
Central America and Caribbean,Wheat,WheatAEZ04,WheatAEZ04,2005,NH3_AWB,0
Central America and Caribbean,Wheat,WheatAEZ05,WheatAEZ05,2005,NH3_AWB,5.58815305670833e-07
Central America and Caribbean,Wheat,WheatAEZ06,WheatAEZ06,2005,NH3_AWB,4.6612262410477e-07
Central America and Caribbean,Wheat,WheatAEZ12,WheatAEZ12,2005,NH3_AWB,1.40558574505921e-08
Central America and Caribbean,Corn,CornAEZ04,CornAEZ04,2005,NMVOC_AWB,0.000514429914276163
Central America and Caribbean,Corn,CornAEZ05,CornAEZ05,2005,NMVOC_AWB,0.000919054396081486
Central America and Caribbean,Corn,CornAEZ06,CornAEZ06,2005,NMVOC_AWB,0.000520012158681361
Central America and Caribbean,Corn,CornAEZ12,CornAEZ12,2005,NMVOC_AWB,7.14778463210256e-05
Central America and Caribbean,FiberCrop,FiberCropAEZ04,FiberCropAEZ04,2005,NMVOC_AWB,8.53828891725694e-06
Central America and Caribbean,FiberCrop,FiberCropAEZ05,FiberCropAEZ05,2005,NMVOC_AWB,1.29826143344971e-05
Central America and Caribbean,FiberCrop,FiberCropAEZ06,FiberCropAEZ06,2005,NMVOC_AWB,3.01125215935795e-06
Central America and Caribbean,FiberCrop,FiberCropAEZ12,FiberCropAEZ12,2005,NMVOC_AWB,0
Central America and Caribbean,FodderGrass,FodderGrassAEZ04,FodderGrassAEZ04,2005,NMVOC_AWB,0
Central America and Caribbean,FodderGrass,FodderGrassAEZ05,FodderGrassAEZ05,2005,NMVOC_AWB,3.84631227411416e-06
Central America and Caribbean,FodderGrass,FodderGrassAEZ06,FodderGrassAEZ06,2005,NMVOC_AWB,6.60363641745823e-06
Central America and Caribbean,FodderGrass,FodderGrassAEZ12,FodderGrassAEZ12,2005,NMVOC_AWB,0
Central America and Caribbean,FodderHerb,FodderHerbAEZ04,FodderHerbAEZ04,2005,NMVOC_AWB,0
Central America and Caribbean,FodderHerb,FodderHerbAEZ05,FodderHerbAEZ05,2005,NMVOC_AWB,0
Central America and Caribbean,FodderHerb,FodderHerbAEZ06,FodderHerbAEZ06,2005,NMVOC_AWB,0
Central America and Caribbean,FodderHerb,FodderHerbAEZ12,FodderHerbAEZ12,2005,NMVOC_AWB,0
Central America and Caribbean,MiscCrop,MiscCropAEZ04,MiscCropAEZ04,2005,NMVOC_AWB,0.00310106973208416
Central America and Caribbean,MiscCrop,MiscCropAEZ05,MiscCropAEZ05,2005,NMVOC_AWB,0.00729765022408652
Central America and Caribbean,MiscCrop,MiscCropAEZ06,MiscCropAEZ06,2005,NMVOC_AWB,0.00379075729982902
Central America and Caribbean,MiscCrop,MiscCropAEZ12,MiscCropAEZ12,2005,NMVOC_AWB,9.09338898412143e-05
Central America and Caribbean,OilCrop,OilCropAEZ04,OilCropAEZ04,2005,NMVOC_AWB,4.67672596309524e-05
Central America and Caribbean,OilCrop,OilCropAEZ05,OilCropAEZ05,2005,NMVOC_AWB,7.2593716247898e-05
Central America and Caribbean,OilCrop,OilCropAEZ06,OilCropAEZ06,2005,NMVOC_AWB,5.23583284599829e-05
Central America and Caribbean,OilCrop,OilCropAEZ12,OilCropAEZ12,2005,NMVOC_AWB,3.14276389259197e-06
Central America and Caribbean,OtherGrain,OtherGrainAEZ04,OtherGrainAEZ04,2005,NMVOC_AWB,0.000111372494080267
Central America and Caribbean,OtherGrain,OtherGrainAEZ05,OtherGrainAEZ05,2005,NMVOC_AWB,9.92211376976632e-05
Central America and Caribbean,OtherGrain,OtherGrainAEZ06,OtherGrainAEZ06,2005,NMVOC_AWB,5.1163335535805e-05
Central America and Caribbean,OtherGrain,OtherGrainAEZ12,OtherGrainAEZ12,2005,NMVOC_AWB,0
Central America and Caribbean,PalmFruit,PalmFruitAEZ04,PalmFruitAEZ04,2005,NMVOC_AWB,0.000488954802867264
Central America and Caribbean,PalmFruit,PalmFruitAEZ05,PalmFruitAEZ05,2005,NMVOC_AWB,0.000924720253869519
Central America and Caribbean,PalmFruit,PalmFruitAEZ06,PalmFruitAEZ06,2005,NMVOC_AWB,0.000564836883864168
Central America and Caribbean,PalmFruit,PalmFruitAEZ12,PalmFruitAEZ12,2005,NMVOC_AWB,2.20906551650191e-05
Central America and Caribbean,Rice,RiceAEZ04,RiceAEZ04,2005,NMVOC_AWB,0.000248730854173233
Central America and Caribbean,Rice,RiceAEZ05,RiceAEZ05,2005,NMVOC_AWB,0.000595855586272207
Central America and Caribbean,Rice,RiceAEZ06,RiceAEZ06,2005,NMVOC_AWB,0.000316907397623483
Central America and Caribbean,Rice,RiceAEZ12,RiceAEZ12,2005,NMVOC_AWB,8.77294037377587e-07
Central America and Caribbean,Root_Tuber,Root_TuberAEZ04,Root_TuberAEZ04,2005,NMVOC_AWB,0.000473086456441443
Central America and Caribbean,Root_Tuber,Root_TuberAEZ05,Root_TuberAEZ05,2005,NMVOC_AWB,0.00133952016033364
Central America and Caribbean,Root_Tuber,Root_TuberAEZ06,Root_TuberAEZ06,2005,NMVOC_AWB,0.000584281176356656
Central America and Caribbean,Root_Tuber,Root_TuberAEZ12,Root_TuberAEZ12,2005,NMVOC_AWB,6.08062492761293e-06
Central America and Caribbean,SugarCrop,SugarCropAEZ04,SugarCropAEZ04,2005,NMVOC_AWB,0.00870033298782583
Central America and Caribbean,SugarCrop,SugarCropAEZ05,SugarCropAEZ05,2005,NMVOC_AWB,0.0191779543879596
Central America and Caribbean,SugarCrop,SugarCropAEZ06,SugarCropAEZ06,2005,NMVOC_AWB,0.00893113632029134
Central America and Caribbean,SugarCrop,SugarCropAEZ12,SugarCropAEZ12,2005,NMVOC_AWB,0.000564465771882668
Central America and Caribbean,Wheat,WheatAEZ04,WheatAEZ04,2005,NMVOC_AWB,0
Central America and Caribbean,Wheat,WheatAEZ05,WheatAEZ05,2005,NMVOC_AWB,3.00932998819658e-06
Central America and Caribbean,Wheat,WheatAEZ06,WheatAEZ06,2005,NMVOC_AWB,2.51016172366908e-06
Central America and Caribbean,Wheat,WheatAEZ12,WheatAEZ12,2005,NMVOC_AWB,7.56935483094999e-08
Central America and Caribbean,Corn,CornAEZ04,CornAEZ04,2005,NOx_AWB,0.000279334807967185
Central America and Caribbean,Corn,CornAEZ05,CornAEZ05,2005,NOx_AWB,0.000499045401747382
Central America and Caribbean,Corn,CornAEZ06,CornAEZ06,2005,NOx_AWB,0.000282365959783358
Central America and Caribbean,Corn,CornAEZ12,CornAEZ12,2005,NOx_AWB,3.88123822544135e-05
Central America and Caribbean,FiberCrop,FiberCropAEZ04,FiberCropAEZ04,2005,NOx_AWB,4.63628033456456e-06
Central America and Caribbean,FiberCrop,FiberCropAEZ05,FiberCropAEZ05,2005,NOx_AWB,7.04954354596875e-06
Central America and Caribbean,FiberCrop,FiberCropAEZ06,FiberCropAEZ06,2005,NOx_AWB,1.63510620267598e-06
Central America and Caribbean,FiberCrop,FiberCropAEZ12,FiberCropAEZ12,2005,NOx_AWB,0
Central America and Caribbean,FodderGrass,FodderGrassAEZ04,FodderGrassAEZ04,2005,NOx_AWB,0
Central America and Caribbean,FodderGrass,FodderGrassAEZ05,FodderGrassAEZ05,2005,NOx_AWB,2.08854281342342e-06
Central America and Caribbean,FodderGrass,FodderGrassAEZ06,FodderGrassAEZ06,2005,NOx_AWB,3.58576641708582e-06
Central America and Caribbean,FodderGrass,FodderGrassAEZ12,FodderGrassAEZ12,2005,NOx_AWB,0
Central America and Caribbean,FodderHerb,FodderHerbAEZ04,FodderHerbAEZ04,2005,NOx_AWB,0
Central America and Caribbean,FodderHerb,FodderHerbAEZ05,FodderHerbAEZ05,2005,NOx_AWB,0
Central America and Caribbean,FodderHerb,FodderHerbAEZ06,FodderHerbAEZ06,2005,NOx_AWB,0
Central America and Caribbean,FodderHerb,FodderHerbAEZ12,FodderHerbAEZ12,2005,NOx_AWB,0
Central America and Caribbean,MiscCrop,MiscCropAEZ04,MiscCropAEZ04,2005,NOx_AWB,0.001683877033713
Central America and Caribbean,MiscCrop,MiscCropAEZ05,MiscCropAEZ05,2005,NOx_AWB,0.00396261505675691
Central America and Caribbean,MiscCrop,MiscCropAEZ06,MiscCropAEZ06,2005,NOx_AWB,0.00205837653101467
Central America and Caribbean,MiscCrop,MiscCropAEZ12,MiscCropAEZ12,2005,NOx_AWB,4.93769898514662e-05
Central America and Caribbean,OilCrop,OilCropAEZ04,OilCropAEZ04,2005,NOx_AWB,2.53945642071478e-05
Central America and Caribbean,OilCrop,OilCropAEZ05,OilCropAEZ05,2005,NOx_AWB,3.94182982462505e-05
Central America and Caribbean,OilCrop,OilCropAEZ06,OilCropAEZ06,2005,NOx_AWB,2.84305076745608e-05
Central America and Caribbean,OilCrop,OilCropAEZ12,OilCropAEZ12,2005,NOx_AWB,1.70651691136318e-06
Central America and Caribbean,OtherGrain,OtherGrainAEZ04,OtherGrainAEZ04,2005,NOx_AWB,6.04751267050866e-05
Central America and Caribbean,OtherGrain,OtherGrainAEZ05,OtherGrainAEZ05,2005,NOx_AWB,5.38769552001277e-05
Central America and Caribbean,OtherGrain,OtherGrainAEZ06,OtherGrainAEZ06,2005,NOx_AWB,2.7781627992929e-05
Central America and Caribbean,OtherGrain,OtherGrainAEZ12,OtherGrainAEZ12,2005,NOx_AWB,0
Central America and Caribbean,PalmFruit,PalmFruitAEZ04,PalmFruitAEZ04,2005,NOx_AWB,0.000265501853942028
Central America and Caribbean,PalmFruit,PalmFruitAEZ05,PalmFruitAEZ05,2005,NOx_AWB,0.000502121955527145
Central America and Caribbean,PalmFruit,PalmFruitAEZ06,PalmFruitAEZ06,2005,NOx_AWB,0.000306705730184811
Central America and Caribbean,PalmFruit,PalmFruitAEZ12,PalmFruitAEZ12,2005,NOx_AWB,1.19951984656112e-05
Central America and Caribbean,Rice,RiceAEZ04,RiceAEZ04,2005,NOx_AWB,0.000135060546554249
Central America and Caribbean,Rice,RiceAEZ05,RiceAEZ05,2005,NOx_AWB,0.000323548847274401
Central America and Caribbean,Rice,RiceAEZ06,RiceAEZ06,2005,NOx_AWB,0.000172080325427991
Central America and Caribbean,Rice,RiceAEZ12,RiceAEZ12,2005,NOx_AWB,4.76369578558507e-07
Central America and Caribbean,Root_Tuber,Root_TuberAEZ04,Root_TuberAEZ04,2005,NOx_AWB,0.000256885361435269
Central America and Caribbean,Root_Tuber,Root_TuberAEZ05,Root_TuberAEZ05,2005,NOx_AWB,0.000727357792327182
Central America and Caribbean,Root_Tuber,Root_TuberAEZ06,Root_TuberAEZ06,2005,NOx_AWB,0.000317263956988339
Central America and Caribbean,Root_Tuber,Root_TuberAEZ12,Root_TuberAEZ12,2005,NOx_AWB,3.30177182418557e-06
Central America and Caribbean,SugarCrop,SugarCropAEZ04,SugarCropAEZ04,2005,NOx_AWB,0.00472427006470744
Central America and Caribbean,SugarCrop,SugarCropAEZ05,SugarCropAEZ05,2005,NOx_AWB,0.0104136055417809
Central America and Caribbean,SugarCrop,SugarCropAEZ06,SugarCropAEZ06,2005,NOx_AWB,0.0048495959891206
Central America and Caribbean,SugarCrop,SugarCropAEZ12,SugarCropAEZ12,2005,NOx_AWB,0.000306504216837298
Central America and Caribbean,Wheat,WheatAEZ04,WheatAEZ04,2005,NOx_AWB,0
Central America and Caribbean,Wheat,WheatAEZ05,WheatAEZ05,2005,NOx_AWB,1.63406246610984e-06
Central America and Caribbean,Wheat,WheatAEZ06,WheatAEZ06,2005,NOx_AWB,1.36301471510319e-06
Central America and Caribbean,Wheat,WheatAEZ12,WheatAEZ12,2005,NOx_AWB,4.11015032264206e-08
Central America and Caribbean,Corn,CornAEZ04,CornAEZ04,2005,SO2_AWB,3.78484799966502e-05
Central America and Caribbean,Corn,CornAEZ05,CornAEZ05,2005,SO2_AWB,6.76181749167291e-05
Central America and Caribbean,Corn,CornAEZ06,CornAEZ06,2005,SO2_AWB,3.82591860225698e-05
Central America and Caribbean,Corn,CornAEZ12,CornAEZ12,2005,SO2_AWB,5.25888514957679e-06
Central America and Caribbean,FiberCrop,FiberCropAEZ04,FiberCropAEZ04,2005,SO2_AWB,6.28192973079974e-07
Central America and Caribbean,FiberCrop,FiberCropAEZ05,FiberCropAEZ05,2005,SO2_AWB,9.55178159953688e-07
Central America and Caribbean,FiberCrop,FiberCropAEZ06,FiberCropAEZ06,2005,SO2_AWB,2.21548774586125e-07
Central America and Caribbean,FiberCrop,FiberCropAEZ12,FiberCropAEZ12,2005,SO2_AWB,0
Central America and Caribbean,FodderGrass,FodderGrassAEZ04,FodderGrassAEZ04,2005,SO2_AWB,0
Central America and Caribbean,FodderGrass,FodderGrassAEZ05,FodderGrassAEZ05,2005,SO2_AWB,2.82987184702345e-07
Central America and Caribbean,FodderGrass,FodderGrassAEZ06,FodderGrassAEZ06,2005,SO2_AWB,4.85853551504674e-07
Central America and Caribbean,FodderGrass,FodderGrassAEZ12,FodderGrassAEZ12,2005,SO2_AWB,0
Central America and Caribbean,FodderHerb,FodderHerbAEZ04,FodderHerbAEZ04,2005,SO2_AWB,0
Central America and Caribbean,FodderHerb,FodderHerbAEZ05,FodderHerbAEZ05,2005,SO2_AWB,0
Central America and Caribbean,FodderHerb,FodderHerbAEZ06,FodderHerbAEZ06,2005,SO2_AWB,0
Central America and Caribbean,FodderHerb,FodderHerbAEZ12,FodderHerbAEZ12,2005,SO2_AWB,0
Central America and Caribbean,MiscCrop,MiscCropAEZ04,MiscCropAEZ04,2005,SO2_AWB,0.000228156980116821
Central America and Caribbean,MiscCrop,MiscCropAEZ05,MiscCropAEZ05,2005,SO2_AWB,0.000536914671685699
Central America and Caribbean,MiscCrop,MiscCropAEZ06,MiscCropAEZ06,2005,SO2_AWB,0.000278899803166797
Central America and Caribbean,MiscCrop,MiscCropAEZ12,MiscCropAEZ12,2005,SO2_AWB,6.69033704137425e-06
Central America and Caribbean,OilCrop,OilCropAEZ04,OilCropAEZ04,2005,SO2_AWB,3.44083740373235e-06
Central America and Caribbean,OilCrop,OilCropAEZ05,OilCropAEZ05,2005,SO2_AWB,5.34098375899673e-06
Central America and Caribbean,OilCrop,OilCropAEZ06,OilCropAEZ06,2005,SO2_AWB,3.85219267461159e-06
Central America and Caribbean,OilCrop,OilCropAEZ12,OilCropAEZ12,2005,SO2_AWB,2.31224571165016e-07
Central America and Caribbean,OtherGrain,OtherGrainAEZ04,OtherGrainAEZ04,2005,SO2_AWB,8.19407949925541e-06
Central America and Caribbean,OtherGrain,OtherGrainAEZ05,OtherGrainAEZ05,2005,SO2_AWB,7.30006001046602e-06
Central America and Caribbean,OtherGrain,OtherGrainAEZ06,OtherGrainAEZ06,2005,SO2_AWB,3.76427269847543e-06
Central America and Caribbean,OtherGrain,OtherGrainAEZ12,OtherGrainAEZ12,2005,SO2_AWB,0
Central America and Caribbean,PalmFruit,PalmFruitAEZ04,PalmFruitAEZ04,2005,SO2_AWB,3.59741833863357e-05
Central America and Caribbean,PalmFruit,PalmFruitAEZ05,PalmFruitAEZ05,2005,SO2_AWB,6.80350326833618e-05
Central America and Caribbean,PalmFruit,PalmFruitAEZ06,PalmFruitAEZ06,2005,SO2_AWB,4.15571041011169e-05
Central America and Caribbean,PalmFruit,PalmFruitAEZ12,PalmFruitAEZ12,2005,SO2_AWB,1.62528985372588e-06
Central America and Caribbean,Rice,RiceAEZ04,RiceAEZ04,2005,SO2_AWB,1.83000336828615e-05
Central America and Caribbean,Rice,RiceAEZ05,RiceAEZ05,2005,SO2_AWB,4.38392628656683e-05
Central America and Caribbean,Rice,RiceAEZ06,RiceAEZ06,2005,SO2_AWB,2.33160299719737e-05
Central America and Caribbean,Rice,RiceAEZ12,RiceAEZ12,2005,SO2_AWB,6.45457134264571e-08
Central America and Caribbean,Root_Tuber,Root_TuberAEZ04,Root_TuberAEZ04,2005,SO2_AWB,3.48066914197718e-05
Central America and Caribbean,Root_Tuber,Root_TuberAEZ05,Root_TuberAEZ05,2005,SO2_AWB,9.85533706079946e-05
Central America and Caribbean,Root_Tuber,Root_TuberAEZ06,Root_TuberAEZ06,2005,SO2_AWB,4.29876914270629e-05
Central America and Caribbean,Root_Tuber,Root_TuberAEZ12,Root_TuberAEZ12,2005,SO2_AWB,4.47373693778512e-07
Central America and Caribbean,SugarCrop,SugarCropAEZ04,SugarCropAEZ04,2005,SO2_AWB,0.000640115144775864
Central America and Caribbean,SugarCrop,SugarCropAEZ05,SugarCropAEZ05,2005,SO2_AWB,0.00141099186280931
Central America and Caribbean,SugarCrop,SugarCropAEZ06,SugarCropAEZ06,2005,SO2_AWB,0.000657096185476565
Central America and Caribbean,SugarCrop,SugarCropAEZ12,SugarCropAEZ12,2005,SO2_AWB,4.15298000427438e-05
Central America and Caribbean,Wheat,WheatAEZ04,WheatAEZ04,2005,SO2_AWB,0
Central America and Caribbean,Wheat,WheatAEZ05,WheatAEZ05,2005,SO2_AWB,2.21407353462017e-07
Central America and Caribbean,Wheat,WheatAEZ06,WheatAEZ06,2005,SO2_AWB,1.84681728550576e-07
Central America and Caribbean,Wheat,WheatAEZ12,WheatAEZ12,2005,SO2_AWB,5.56904967919423e-09
Central Asia,Corn,CornAEZ07,CornAEZ07,2005,CH4_AWB,2.21723158452256e-05
Central Asia,Corn,CornAEZ08,CornAEZ08,2005,CH4_AWB,6.28764137729641e-05
Central Asia,Corn,CornAEZ09,CornAEZ09,2005,CH4_AWB,2.34611549652446e-05
Central Asia,Corn,CornAEZ10,CornAEZ10,2005,CH4_AWB,3.17340706984672e-05
Central Asia,Corn,CornAEZ11,CornAEZ11,2005,CH4_AWB,5.47658004737448e-06
Central Asia,Corn,CornAEZ12,CornAEZ12,2005,CH4_AWB,1.45643892513219e-05
Central Asia,Corn,CornAEZ13,CornAEZ13,2005,CH4_AWB,2.69453974952131e-05
Central Asia,Corn,CornAEZ14,CornAEZ14,2005,CH4_AWB,4.0550624445585e-05
Central Asia,Corn,CornAEZ15,CornAEZ15,2005,CH4_AWB,5.75741585621116e-06
Central Asia,Corn,CornAEZ16,CornAEZ16,2005,CH4_AWB,9.44059157785729e-06
Central Asia,FiberCrop,FiberCropAEZ07,FiberCropAEZ07,2005,CH4_AWB,0.000317975166443444
Central Asia,FiberCrop,FiberCropAEZ08,FiberCropAEZ08,2005,CH4_AWB,0.000382444624696235
Central Asia,FiberCrop,FiberCropAEZ09,FiberCropAEZ09,2005,CH4_AWB,1.85293583164692e-05
Central Asia,FiberCrop,FiberCropAEZ10,FiberCropAEZ10,2005,CH4_AWB,1.22919572499329e-07
Central Asia,FiberCrop,FiberCropAEZ11,FiberCropAEZ11,2005,CH4_AWB,0
Central Asia,FiberCrop,FiberCropAEZ12,FiberCropAEZ12,2005,CH4_AWB,0
Central Asia,FiberCrop,FiberCropAEZ13,FiberCropAEZ13,2005,CH4_AWB,3.82827435979841e-05
Central Asia,FiberCrop,FiberCropAEZ14,FiberCropAEZ14,2005,CH4_AWB,2.76775788521385e-05
Central Asia,FiberCrop,FiberCropAEZ15,FiberCropAEZ15,2005,CH4_AWB,5.02500381137203e-07
Central Asia,FiberCrop,FiberCropAEZ16,FiberCropAEZ16,2005,CH4_AWB,0
Central Asia,FodderGrass,FodderGrassAEZ07,FodderGrassAEZ07,2005,CH4_AWB,0.000143314865982881
Central Asia,FodderGrass,FodderGrassAEZ08,FodderGrassAEZ08,2005,CH4_AWB,0.000203403853476782
Central Asia,FodderGrass,FodderGrassAEZ09,FodderGrassAEZ09,2005,CH4_AWB,5.28111382655096e-05
Central Asia,FodderGrass,FodderGrassAEZ10,FodderGrassAEZ10,2005,CH4_AWB,1.3488916609111e-06
Central Asia,FodderGrass,FodderGrassAEZ11,FodderGrassAEZ11,2005,CH4_AWB,1.54284467455377e-07
Central Asia,FodderGrass,FodderGrassAEZ12,FodderGrassAEZ12,2005,CH4_AWB,4.15251146941372e-07
Central Asia,FodderGrass,FodderGrassAEZ13,FodderGrassAEZ13,2005,CH4_AWB,0.000196028625015213
Central Asia,FodderGrass,FodderGrassAEZ14,FodderGrassAEZ14,2005,CH4_AWB,7.2917815467191e-05
Central Asia,FodderGrass,FodderGrassAEZ15,FodderGrassAEZ15,2005,CH4_AWB,1.38533638260875e-05
Central Asia,FodderGrass,FodderGrassAEZ16,FodderGrassAEZ16,2005,CH4_AWB,2.66463894262205e-07
Central Asia,FodderHerb,FodderHerbAEZ07,FodderHerbAEZ07,2005,CH4_AWB,0.000220272149037638
Central Asia,FodderHerb,FodderHerbAEZ08,FodderHerbAEZ08,2005,CH4_AWB,0.000286363290004267
Central Asia,FodderHerb,FodderHerbAEZ09,FodderHerbAEZ09,2005,CH4_AWB,1.05814955704371e-05
Central Asia,FodderHerb,FodderHerbAEZ10,FodderHerbAEZ10,2005,CH4_AWB,4.80727761684035e-08
Central Asia,FodderHerb,FodderHerbAEZ11,FodderHerbAEZ11,2005,CH4_AWB,0
Central Asia,FodderHerb,FodderHerbAEZ12,FodderHerbAEZ12,2005,CH4_AWB,0
Central Asia,FodderHerb,FodderHerbAEZ13,FodderHerbAEZ13,2005,CH4_AWB,0.000132120765987019
Central Asia,FodderHerb,FodderHerbAEZ14,FodderHerbAEZ14,2005,CH4_AWB,3.28341363044618e-05
Central Asia,FodderHerb,FodderHerbAEZ15,FodderHerbAEZ15,2005,CH4_AWB,1.97152154970732e-06
Central Asia,FodderHerb,FodderHerbAEZ16,FodderHerbAEZ16,2005,CH4_AWB,4.52013150415659e-07
Central Asia,MiscCrop,MiscCropAEZ07,MiscCropAEZ07,2005,CH4_AWB,0.000598435898623532
Central Asia,MiscCrop,MiscCropAEZ08,MiscCropAEZ08,2005,CH4_AWB,0.00108146243219025
Central Asia,MiscCrop,MiscCropAEZ09,MiscCropAEZ09,2005,CH4_AWB,0.000390818732606583
Central Asia,MiscCrop,MiscCropAEZ10,MiscCropAEZ10,2005,CH4_AWB,0.000108338157539543
Central Asia,MiscCrop,MiscCropAEZ11,MiscCropAEZ11,2005,CH4_AWB,1.93927197705492e-05
Central Asia,MiscCrop,MiscCropAEZ12,MiscCropAEZ12,2005,CH4_AWB,5.46925770532755e-05
Central Asia,MiscCrop,MiscCropAEZ13,MiscCropAEZ13,2005,CH4_AWB,5.18252785638856e-05
Central Asia,MiscCrop,MiscCropAEZ14,MiscCropAEZ14,2005,CH4_AWB,8.62151351001363e-05
Central Asia,MiscCrop,MiscCropAEZ15,MiscCropAEZ15,2005,CH4_AWB,3.38719161972202e-05
Central Asia,MiscCrop,MiscCropAEZ16,MiscCropAEZ16,2005,CH4_AWB,3.07129007303368e-05
Central Asia,OilCrop,OilCropAEZ07,OilCropAEZ07,2005,CH4_AWB,9.59306943470401e-06
Central Asia,OilCrop,OilCropAEZ08,OilCropAEZ08,2005,CH4_AWB,1.29026183001025e-05
Central Asia,OilCrop,OilCropAEZ09,OilCropAEZ09,2005,CH4_AWB,1.56571860196367e-06
Central Asia,OilCrop,OilCropAEZ10,OilCropAEZ10,2005,CH4_AWB,3.0275900933464e-06
Central Asia,OilCrop,OilCropAEZ11,OilCropAEZ11,2005,CH4_AWB,6.08907686967176e-07
Central Asia,OilCrop,OilCropAEZ12,OilCropAEZ12,2005,CH4_AWB,1.77834324974066e-06
Central Asia,OilCrop,OilCropAEZ13,OilCropAEZ13,2005,CH4_AWB,2.44425899444516e-05
Central Asia,OilCrop,OilCropAEZ14,OilCropAEZ14,2005,CH4_AWB,3.3378063729364e-05
Central Asia,OilCrop,OilCropAEZ15,OilCropAEZ15,2005,CH4_AWB,4.98435315622167e-06
Central Asia,OilCrop,OilCropAEZ16,OilCropAEZ16,2005,CH4_AWB,1.09054873693159e-06
Central Asia,OtherGrain,OtherGrainAEZ07,OtherGrainAEZ07,2005,CH4_AWB,6.29089109770183e-05
Central Asia,OtherGrain,OtherGrainAEZ08,OtherGrainAEZ08,2005,CH4_AWB,7.63035844657791e-05
Central Asia,OtherGrain,OtherGrainAEZ09,OtherGrainAEZ09,2005,CH4_AWB,2.42224985538616e-05
Central Asia,OtherGrain,OtherGrainAEZ10,OtherGrainAEZ10,2005,CH4_AWB,3.05998885822563e-06
Central Asia,OtherGrain,OtherGrainAEZ11,OtherGrainAEZ11,2005,CH4_AWB,4.8880359670097e-07
Central Asia,OtherGrain,OtherGrainAEZ12,OtherGrainAEZ12,2005,CH4_AWB,1.32637289648595e-06
Central Asia,OtherGrain,OtherGrainAEZ13,OtherGrainAEZ13,2005,CH4_AWB,0.000237982998515386
Central Asia,OtherGrain,OtherGrainAEZ14,OtherGrainAEZ14,2005,CH4_AWB,5.28545819297082e-05
Central Asia,OtherGrain,OtherGrainAEZ15,OtherGrainAEZ15,2005,CH4_AWB,6.02722534535429e-06
Central Asia,OtherGrain,OtherGrainAEZ16,OtherGrainAEZ16,2005,CH4_AWB,1.12240161887003e-06
Central Asia,PalmFruit,PalmFruitAEZ07,PalmFruitAEZ07,2005,CH4_AWB,0
Central Asia,PalmFruit,PalmFruitAEZ08,PalmFruitAEZ08,2005,CH4_AWB,0
Central Asia,PalmFruit,PalmFruitAEZ09,PalmFruitAEZ09,2005,CH4_AWB,0
Central Asia,PalmFruit,PalmFruitAEZ10,PalmFruitAEZ10,2005,CH4_AWB,0
Central Asia,PalmFruit,PalmFruitAEZ11,PalmFruitAEZ11,2005,CH4_AWB,0
Central Asia,PalmFruit,PalmFruitAEZ12,PalmFruitAEZ12,2005,CH4_AWB,0
Central Asia,PalmFruit,PalmFruitAEZ13,PalmFruitAEZ13,2005,CH4_AWB,0
Central Asia,PalmFruit,PalmFruitAEZ14,PalmFruitAEZ14,2005,CH4_AWB,0
Central Asia,PalmFruit,PalmFruitAEZ15,PalmFruitAEZ15,2005,CH4_AWB,0
Central Asia,PalmFruit,PalmFruitAEZ16,PalmFruitAEZ16,2005,CH4_AWB,0
Central Asia,Rice,RiceAEZ07,RiceAEZ07,2005,CH4_AWB,5.35724595325131e-05
Central Asia,Rice,RiceAEZ08,RiceAEZ08,2005,CH4_AWB,4.07058596646161e-05
Central Asia,Rice,RiceAEZ09,RiceAEZ09,2005,CH4_AWB,1.21917957366719e-06
Central Asia,Rice,RiceAEZ10,RiceAEZ10,2005,CH4_AWB,1.78171816242508e-08
Central Asia,Rice,RiceAEZ11,RiceAEZ11,2005,CH4_AWB,0
Central Asia,Rice,RiceAEZ12,RiceAEZ12,2005,CH4_AWB,0
Central Asia,Rice,RiceAEZ13,RiceAEZ13,2005,CH4_AWB,1.50338956792586e-06
Central Asia,Rice,RiceAEZ14,RiceAEZ14,2005,CH4_AWB,2.32695851659633e-06
Central Asia,Rice,RiceAEZ15,RiceAEZ15,2005,CH4_AWB,2.92859111552008e-07
Central Asia,Rice,RiceAEZ16,RiceAEZ16,2005,CH4_AWB,0
Central Asia,Root_Tuber,Root_TuberAEZ07,Root_TuberAEZ07,2005,CH4_AWB,0.000120357361295603
Central Asia,Root_Tuber,Root_TuberAEZ08,Root_TuberAEZ08,2005,CH4_AWB,0.000275625108461694
Central Asia,Root_Tuber,Root_TuberAEZ09,Root_TuberAEZ09,2005,CH4_AWB,0.000110459678296697
Central Asia,Root_Tuber,Root_TuberAEZ10,Root_TuberAEZ10,2005,CH4_AWB,3.28148625722908e-05
Central Asia,Root_Tuber,Root_TuberAEZ11,Root_TuberAEZ11,2005,CH4_AWB,5.38993366956156e-06
Central Asia,Root_Tuber,Root_TuberAEZ12,Root_TuberAEZ12,2005,CH4_AWB,1.41545888989597e-05
Central Asia,Root_Tuber,Root_TuberAEZ13,Root_TuberAEZ13,2005,CH4_AWB,0.000268370468739983
Central Asia,Root_Tuber,Root_TuberAEZ14,Root_TuberAEZ14,2005,CH4_AWB,0.000170893537939235
Central Asia,Root_Tuber,Root_TuberAEZ15,Root_TuberAEZ15,2005,CH4_AWB,3.0929510970405e-05
Central Asia,Root_Tuber,Root_TuberAEZ16,Root_TuberAEZ16,2005,CH4_AWB,9.56487673716315e-06
Central Asia,SugarCrop,SugarCropAEZ07,SugarCropAEZ07,2005,CH4_AWB,2.56844069364928e-05
Central Asia,SugarCrop,SugarCropAEZ08,SugarCropAEZ08,2005,CH4_AWB,4.46124562904833e-05
Central Asia,SugarCrop,SugarCropAEZ09,SugarCropAEZ09,2005,CH4_AWB,4.14795700246479e-06
Central Asia,SugarCrop,SugarCropAEZ10,SugarCropAEZ10,2005,CH4_AWB,0
Central Asia,SugarCrop,SugarCropAEZ11,SugarCropAEZ11,2005,CH4_AWB,0
Central Asia,SugarCrop,SugarCropAEZ12,SugarCropAEZ12,2005,CH4_AWB,0
Central Asia,SugarCrop,SugarCropAEZ13,SugarCropAEZ13,2005,CH4_AWB,3.18909507725903e-05
Central Asia,SugarCrop,SugarCropAEZ14,SugarCropAEZ14,2005,CH4_AWB,5.35480012413542e-05
Central Asia,SugarCrop,SugarCropAEZ15,SugarCropAEZ15,2005,CH4_AWB,7.69583379978202e-07
Central Asia,SugarCrop,SugarCropAEZ16,SugarCropAEZ16,2005,CH4_AWB,7.00418291397883e-07
Central Asia,Wheat,WheatAEZ07,WheatAEZ07,2005,CH4_AWB,0.000699296298038688
Central Asia,Wheat,WheatAEZ08,WheatAEZ08,2005,CH4_AWB,0.000758280250909142
Central Asia,Wheat,WheatAEZ09,WheatAEZ09,2005,CH4_AWB,0.000178533357545457
Central Asia,Wheat,WheatAEZ10,WheatAEZ10,2005,CH4_AWB,1.72449512566262e-05
Central Asia,Wheat,WheatAEZ11,WheatAEZ11,2005,CH4_AWB,3.21775170182443e-06
Central Asia,Wheat,WheatAEZ12,WheatAEZ12,2005,CH4_AWB,8.55837122802207e-06
Central Asia,Wheat,WheatAEZ13,WheatAEZ13,2005,CH4_AWB,0.00153444109881253
Central Asia,Wheat,WheatAEZ14,WheatAEZ14,2005,CH4_AWB,0.000262317133942619
Central Asia,Wheat,WheatAEZ15,WheatAEZ15,2005,CH4_AWB,2.88697299632292e-05
Central Asia,Wheat,WheatAEZ16,WheatAEZ16,2005,CH4_AWB,5.38207049179933e-06
Central Asia,Corn,CornAEZ07,CornAEZ07,2005,CO_AWB,0.000968042858050952
Central Asia,Corn,CornAEZ08,CornAEZ08,2005,CO_AWB,0.00274518294424717
Central Asia,Corn,CornAEZ09,CornAEZ09,2005,CO_AWB,0.00102431354777143
Central Asia,Corn,CornAEZ10,CornAEZ10,2005,CO_AWB,0.00138550888012675
Central Asia,Corn,CornAEZ11,CornAEZ11,2005,CO_AWB,0.000239107373285358
Central Asia,Corn,CornAEZ12,CornAEZ12,2005,CO_AWB,0.000635880937969416
Central Asia,Corn,CornAEZ13,CornAEZ13,2005,CO_AWB,0.00117643550563988
Central Asia,Corn,CornAEZ14,CornAEZ14,2005,CO_AWB,0.00177043943709235
Central Asia,Corn,CornAEZ15,CornAEZ15,2005,CO_AWB,0.000251368658977256
Central Asia,Corn,CornAEZ16,CornAEZ16,2005,CO_AWB,0.000412176035941172
Central Asia,FiberCrop,FiberCropAEZ07,FiberCropAEZ07,2005,CO_AWB,0.0138827892883107
Central Asia,FiberCrop,FiberCropAEZ08,FiberCropAEZ08,2005,CO_AWB,0.0166975245220895
Central Asia,FiberCrop,FiberCropAEZ09,FiberCropAEZ09,2005,CO_AWB,0.000808991406569174
Central Asia,FiberCrop,FiberCropAEZ10,FiberCropAEZ10,2005,CO_AWB,5.36666603088619e-06
Central Asia,FiberCrop,FiberCropAEZ11,FiberCropAEZ11,2005,CO_AWB,0
Central Asia,FiberCrop,FiberCropAEZ12,FiberCropAEZ12,2005,CO_AWB,0
Central Asia,FiberCrop,FiberCropAEZ13,FiberCropAEZ13,2005,CO_AWB,0.00167142380549321
Central Asia,FiberCrop,FiberCropAEZ14,FiberCropAEZ14,2005,CO_AWB,0.00120840252876536
Central Asia,FiberCrop,FiberCropAEZ15,FiberCropAEZ15,2005,CO_AWB,2.19391564022167e-05
Central Asia,FiberCrop,FiberCropAEZ16,FiberCropAEZ16,2005,CO_AWB,0
Central Asia,FodderGrass,FodderGrassAEZ07,FodderGrassAEZ07,2005,CO_AWB,0.00625712412883256
Central Asia,FodderGrass,FodderGrassAEZ08,FodderGrassAEZ08,2005,CO_AWB,0.00888060809852847
Central Asia,FodderGrass,FodderGrassAEZ09,FodderGrassAEZ09,2005,CO_AWB,0.00230573322066745
Central Asia,FodderGrass,FodderGrassAEZ10,FodderGrassAEZ10,2005,CO_AWB,5.8892582432279e-05
Central Asia,FodderGrass,FodderGrassAEZ11,FodderGrassAEZ11,2005,CO_AWB,6.73605670562071e-06
Central Asia,FodderGrass,FodderGrassAEZ12,FodderGrassAEZ12,2005,CO_AWB,1.81298566148931e-05
Central Asia,FodderGrass,FodderGrassAEZ13,FodderGrassAEZ13,2005,CO_AWB,0.00855860577416354
Central Asia,FodderGrass,FodderGrassAEZ14,FodderGrassAEZ14,2005,CO_AWB,0.00318359033762778
Central Asia,FodderGrass,FodderGrassAEZ15,FodderGrassAEZ15,2005,CO_AWB,0.000604837582390529
Central Asia,FodderGrass,FodderGrassAEZ16,FodderGrassAEZ16,2005,CO_AWB,1.16338081943982e-05
Central Asia,FodderHerb,FodderHerbAEZ07,FodderHerbAEZ07,2005,CO_AWB,0.00961707753903101
Central Asia,FodderHerb,FodderHerbAEZ08,FodderHerbAEZ08,2005,CO_AWB,0.0125026154070549
Central Asia,FodderHerb,FodderHerbAEZ09,FodderHerbAEZ09,2005,CO_AWB,0.000461987881011768
Central Asia,FodderHerb,FodderHerbAEZ10,FodderHerbAEZ10,2005,CO_AWB,2.09885642804993e-06
Central Asia,FodderHerb,FodderHerbAEZ11,FodderHerbAEZ11,2005,CO_AWB,0
Central Asia,FodderHerb,FodderHerbAEZ12,FodderHerbAEZ12,2005,CO_AWB,0
Central Asia,FodderHerb,FodderHerbAEZ13,FodderHerbAEZ13,2005,CO_AWB,0.00576838995108828
Central Asia,FodderHerb,FodderHerbAEZ14,FodderHerbAEZ14,2005,CO_AWB,0.0014335377220711
Central Asia,FodderHerb,FodderHerbAEZ15,FodderHerbAEZ15,2005,CO_AWB,8.60765906913005e-05
Central Asia,FodderHerb,FodderHerbAEZ16,FodderHerbAEZ16,2005,CO_AWB,1.97348849375701e-05
Central Asia,MiscCrop,MiscCropAEZ07,MiscCropAEZ07,2005,CO_AWB,0.026127699141024
Central Asia,MiscCrop,MiscCropAEZ08,MiscCropAEZ08,2005,CO_AWB,0.0472166277550847
Central Asia,MiscCrop,MiscCropAEZ09,MiscCropAEZ09,2005,CO_AWB,0.0170631379028363
Central Asia,MiscCrop,MiscCropAEZ10,MiscCropAEZ10,2005,CO_AWB,0.00473004175083212
Central Asia,MiscCrop,MiscCropAEZ11,MiscCropAEZ11,2005,CO_AWB,0.000846685750063681
Central Asia,MiscCrop,MiscCropAEZ12,MiscCropAEZ12,2005,CO_AWB,0.00238787679980779
Central Asia,MiscCrop,MiscCropAEZ13,MiscCropAEZ13,2005,CO_AWB,0.00226269060618102
Central Asia,MiscCrop,MiscCropAEZ14,MiscCropAEZ14,2005,CO_AWB,0.00376415104187489
Central Asia,MiscCrop,MiscCropAEZ15,MiscCropAEZ15,2005,CO_AWB,0.00147884717104461
Central Asia,MiscCrop,MiscCropAEZ16,MiscCropAEZ16,2005,CO_AWB,0.00134092462012409
Central Asia,OilCrop,OilCropAEZ07,OilCropAEZ07,2005,CO_AWB,0.000418833216064428
Central Asia,OilCrop,OilCropAEZ08,OilCropAEZ08,2005,CO_AWB,0.000563328052097062
Central Asia,OilCrop,OilCropAEZ09,OilCropAEZ09,2005,CO_AWB,6.83592422608767e-05
Central Asia,OilCrop,OilCropAEZ10,OilCropAEZ10,2005,CO_AWB,0.000132184521789631
Central Asia,OilCrop,OilCropAEZ11,OilCropAEZ11,2005,CO_AWB,2.65848972067492e-05
Central Asia,OilCrop,OilCropAEZ12,OilCropAEZ12,2005,CO_AWB,7.76424300506826e-05
Central Asia,OilCrop,OilCropAEZ13,OilCropAEZ13,2005,CO_AWB,0.00106716297896728
Central Asia,OilCrop,OilCropAEZ14,OilCropAEZ14,2005,CO_AWB,0.00145728558236004
Central Asia,OilCrop,OilCropAEZ15,OilCropAEZ15,2005,CO_AWB,0.000217616757246542
Central Asia,OilCrop,OilCropAEZ16,OilCropAEZ16,2005,CO_AWB,4.76133356349623e-05
Central Asia,OtherGrain,OtherGrainAEZ07,OtherGrainAEZ07,2005,CO_AWB,0.00274660177151406
Central Asia,OtherGrain,OtherGrainAEZ08,OtherGrainAEZ08,2005,CO_AWB,0.00333141294312252
Central Asia,OtherGrain,OtherGrainAEZ09,OtherGrainAEZ09,2005,CO_AWB,0.00105755379333839
Central Asia,OtherGrain,OtherGrainAEZ10,OtherGrainAEZ10,2005,CO_AWB,0.000133599051204147
Central Asia,OtherGrain,OtherGrainAEZ11,OtherGrainAEZ11,2005,CO_AWB,2.13411550727969e-05
Central Asia,OtherGrain,OtherGrainAEZ12,OtherGrainAEZ12,2005,CO_AWB,5.79094136362873e-05
Central Asia,OtherGrain,OtherGrainAEZ13,OtherGrainAEZ13,2005,CO_AWB,0.0103903328663784
Central Asia,OtherGrain,OtherGrainAEZ14,OtherGrainAEZ14,2005,CO_AWB,0.00230762997016122
Central Asia,OtherGrain,OtherGrainAEZ15,OtherGrainAEZ15,2005,CO_AWB,0.00026314853577599
Central Asia,OtherGrain,OtherGrainAEZ16,OtherGrainAEZ16,2005,CO_AWB,4.90040318114053e-05
Central Asia,PalmFruit,PalmFruitAEZ07,PalmFruitAEZ07,2005,CO_AWB,0
Central Asia,PalmFruit,PalmFruitAEZ08,PalmFruitAEZ08,2005,CO_AWB,0
Central Asia,PalmFruit,PalmFruitAEZ09,PalmFruitAEZ09,2005,CO_AWB,0
Central Asia,PalmFruit,PalmFruitAEZ10,PalmFruitAEZ10,2005,CO_AWB,0
Central Asia,PalmFruit,PalmFruitAEZ11,PalmFruitAEZ11,2005,CO_AWB,0
Central Asia,PalmFruit,PalmFruitAEZ12,PalmFruitAEZ12,2005,CO_AWB,0
Central Asia,PalmFruit,PalmFruitAEZ13,PalmFruitAEZ13,2005,CO_AWB,0
Central Asia,PalmFruit,PalmFruitAEZ14,PalmFruitAEZ14,2005,CO_AWB,0
Central Asia,PalmFruit,PalmFruitAEZ15,PalmFruitAEZ15,2005,CO_AWB,0
Central Asia,PalmFruit,PalmFruitAEZ16,PalmFruitAEZ16,2005,CO_AWB,0
Central Asia,Rice,RiceAEZ07,RiceAEZ07,2005,CO_AWB,0.00233897249167323
Central Asia,Rice,RiceAEZ08,RiceAEZ08,2005,CO_AWB,0.00177721700359239
Central Asia,Rice,RiceAEZ09,RiceAEZ09,2005,CO_AWB,5.32293553460392e-05
Central Asia,Rice,RiceAEZ10,RiceAEZ10,2005,CO_AWB,7.77897786697219e-07
Central Asia,Rice,RiceAEZ11,RiceAEZ11,2005,CO_AWB,0
Central Asia,Rice,RiceAEZ12,RiceAEZ12,2005,CO_AWB,0
Central Asia,Rice,RiceAEZ13,RiceAEZ13,2005,CO_AWB,6.56379579047139e-05
Central Asia,Rice,RiceAEZ14,RiceAEZ14,2005,CO_AWB,0.000101594961423796
Central Asia,Rice,RiceAEZ15,RiceAEZ15,2005,CO_AWB,1.27862228434796e-05
Central Asia,Rice,RiceAEZ16,RiceAEZ16,2005,CO_AWB,0
Central Asia,Root_Tuber,Root_TuberAEZ07,Root_TuberAEZ07,2005,CO_AWB,0.00525479994193548
Central Asia,Root_Tuber,Root_TuberAEZ08,Root_TuberAEZ08,2005,CO_AWB,0.0120337866196921
Central Asia,Root_Tuber,Root_TuberAEZ09,Root_TuberAEZ09,2005,CO_AWB,0.00482266730386436
Central Asia,Root_Tuber,Root_TuberAEZ10,Root_TuberAEZ10,2005,CO_AWB,0.00143269623131721
Central Asia,Root_Tuber,Root_TuberAEZ11,Root_TuberAEZ11,2005,CO_AWB,0.000235324394195429
Central Asia,Root_Tuber,Root_TuberAEZ12,Root_TuberAEZ12,2005,CO_AWB,0.000617989062934795
Central Asia,Root_Tuber,Root_TuberAEZ13,Root_TuberAEZ13,2005,CO_AWB,0.0117170491972524
Central Asia,Root_Tuber,Root_TuberAEZ14,Root_TuberAEZ14,2005,CO_AWB,0.00746120838454316
Central Asia,Root_Tuber,Root_TuberAEZ15,Root_TuberAEZ15,2005,CO_AWB,0.00135038181879212
Central Asia,Root_Tuber,Root_TuberAEZ16,Root_TuberAEZ16,2005,CO_AWB,0.000417602323464209
Central Asia,SugarCrop,SugarCropAEZ07,SugarCropAEZ07,2005,CO_AWB,0.0011213806835383
Central Asia,SugarCrop,SugarCropAEZ08,SugarCropAEZ08,2005,CO_AWB,0.00194777893268249
Central Asia,SugarCrop,SugarCropAEZ09,SugarCropAEZ09,2005,CO_AWB,0.000181099718214736
Central Asia,SugarCrop,SugarCropAEZ10,SugarCropAEZ10,2005,CO_AWB,0
Central Asia,SugarCrop,SugarCropAEZ11,SugarCropAEZ11,2005,CO_AWB,0
Central Asia,SugarCrop,SugarCropAEZ12,SugarCropAEZ12,2005,CO_AWB,0
Central Asia,SugarCrop,SugarCropAEZ13,SugarCropAEZ13,2005,CO_AWB,0.0013923582609666
Central Asia,SugarCrop,SugarCropAEZ14,SugarCropAEZ14,2005,CO_AWB,0.00233790464317955
Central Asia,SugarCrop,SugarCropAEZ15,SugarCropAEZ15,2005,CO_AWB,3.35999946899111e-05
Central Asia,SugarCrop,SugarCropAEZ16,SugarCropAEZ16,2005,CO_AWB,3.05802483317039e-05
Central Asia,Wheat,WheatAEZ07,WheatAEZ07,2005,CO_AWB,0.0305312621245016
Central Asia,Wheat,WheatAEZ08,WheatAEZ08,2005,CO_AWB,0.0331065003050524
Central Asia,Wheat,WheatAEZ09,WheatAEZ09,2005,CO_AWB,0.0077947627528927
Central Asia,Wheat,WheatAEZ10,WheatAEZ10,2005,CO_AWB,0.000752914220505681
Central Asia,Wheat,WheatAEZ11,WheatAEZ11,2005,CO_AWB,0.000140486973741319
Central Asia,Wheat,WheatAEZ12,WheatAEZ12,2005,CO_AWB,0.000373658313442235
Central Asia,Wheat,WheatAEZ13,WheatAEZ13,2005,CO_AWB,0.0669936671105641
Central Asia,Wheat,WheatAEZ14,WheatAEZ14,2005,CO_AWB,0.0114527607233336
Central Asia,Wheat,WheatAEZ15,WheatAEZ15,2005,CO_AWB,0.001260451821986
Central Asia,Wheat,WheatAEZ16,WheatAEZ16,2005,CO_AWB,0.000234981088014539
Central Asia,Corn,CornAEZ07,CornAEZ07,2005,N2O_AWB,5.75479408439555e-07
Central Asia,Corn,CornAEZ08,CornAEZ08,2005,N2O_AWB,1.63194867218427e-06
Central Asia,Corn,CornAEZ09,CornAEZ09,2005,N2O_AWB,6.08931050547658e-07
Central Asia,Corn,CornAEZ10,CornAEZ10,2005,N2O_AWB,8.2365344064253e-07
Central Asia,Corn,CornAEZ11,CornAEZ11,2005,N2O_AWB,1.42143881944276e-07
Central Asia,Corn,CornAEZ12,CornAEZ12,2005,N2O_AWB,3.78016720000808e-07
Central Asia,Corn,CornAEZ13,CornAEZ13,2005,N2O_AWB,6.99364086230666e-07
Central Asia,Corn,CornAEZ14,CornAEZ14,2005,N2O_AWB,1.05248588062238e-06
Central Asia,Corn,CornAEZ15,CornAEZ15,2005,N2O_AWB,1.4943293673973e-07
Central Asia,Corn,CornAEZ16,CornAEZ16,2005,N2O_AWB,2.45029256053766e-07
Central Asia,FiberCrop,FiberCropAEZ07,FiberCropAEZ07,2005,N2O_AWB,8.25300171442152e-06
Central Asia,FiberCrop,FiberCropAEZ08,FiberCropAEZ08,2005,N2O_AWB,9.92629763699084e-06
Central Asia,FiberCrop,FiberCropAEZ09,FiberCropAEZ09,2005,N2O_AWB,4.80926946790828e-07
Central Asia,FiberCrop,FiberCropAEZ10,FiberCropAEZ10,2005,N2O_AWB,3.19036059928711e-09
Central Asia,FiberCrop,FiberCropAEZ11,FiberCropAEZ11,2005,N2O_AWB,0
Central Asia,FiberCrop,FiberCropAEZ12,FiberCropAEZ12,2005,N2O_AWB,0
Central Asia,FiberCrop,FiberCropAEZ13,FiberCropAEZ13,2005,N2O_AWB,9.9362334512094e-07
Central Asia,FiberCrop,FiberCropAEZ14,FiberCropAEZ14,2005,N2O_AWB,7.18367752653929e-07
Central Asia,FiberCrop,FiberCropAEZ15,FiberCropAEZ15,2005,N2O_AWB,1.30423282843392e-08
Central Asia,FiberCrop,FiberCropAEZ16,FiberCropAEZ16,2005,N2O_AWB,0
Central Asia,FodderGrass,FodderGrassAEZ07,FodderGrassAEZ07,2005,N2O_AWB,3.71971763672048e-06
Central Asia,FodderGrass,FodderGrassAEZ08,FodderGrassAEZ08,2005,N2O_AWB,5.27931904318197e-06
Central Asia,FodderGrass,FodderGrassAEZ09,FodderGrassAEZ09,2005,N2O_AWB,1.37070583064959e-06
Central Asia,FodderGrass,FodderGrassAEZ10,FodderGrassAEZ10,2005,N2O_AWB,3.50102975480263e-08
Central Asia,FodderGrass,FodderGrassAEZ11,FodderGrassAEZ11,2005,N2O_AWB,4.00443213430729e-09
Central Asia,FodderGrass,FodderGrassAEZ12,FodderGrassAEZ12,2005,N2O_AWB,1.07777864100346e-08
Central Asia,FodderGrass,FodderGrassAEZ13,FodderGrassAEZ13,2005,N2O_AWB,5.08789600276536e-06
Central Asia,FodderGrass,FodderGrassAEZ14,FodderGrassAEZ14,2005,N2O_AWB,1.89257187217995e-06
Central Asia,FodderGrass,FodderGrassAEZ15,FodderGrassAEZ15,2005,N2O_AWB,3.59562152875046e-07
Central Asia,FodderGrass,FodderGrassAEZ16,FodderGrassAEZ16,2005,N2O_AWB,6.91603372922065e-09
Central Asia,FodderHerb,FodderHerbAEZ07,FodderHerbAEZ07,2005,N2O_AWB,5.71713333459415e-06
Central Asia,FodderHerb,FodderHerbAEZ08,FodderHerbAEZ08,2005,N2O_AWB,7.43251980897368e-06
Central Asia,FodderHerb,FodderHerbAEZ09,FodderHerbAEZ09,2005,N2O_AWB,2.74641262274467e-07
Central Asia,FodderHerb,FodderHerbAEZ10,FodderHerbAEZ10,2005,N2O_AWB,1.24772229407859e-09
Central Asia,FodderHerb,FodderHerbAEZ11,FodderHerbAEZ11,2005,N2O_AWB,0
Central Asia,FodderHerb,FodderHerbAEZ12,FodderHerbAEZ12,2005,N2O_AWB,0
Central Asia,FodderHerb,FodderHerbAEZ13,FodderHerbAEZ13,2005,N2O_AWB,3.42917631083461e-06
Central Asia,FodderHerb,FodderHerbAEZ14,FodderHerbAEZ14,2005,N2O_AWB,8.52205492155849e-07
Central Asia,FodderHerb,FodderHerbAEZ15,FodderHerbAEZ15,2005,N2O_AWB,5.11705706824357e-08
Central Asia,FodderHerb,FodderHerbAEZ16,FodderHerbAEZ16,2005,N2O_AWB,1.173193915439e-08
Central Asia,MiscCrop,MiscCropAEZ07,MiscCropAEZ07,2005,N2O_AWB,1.5532321446838e-05
Central Asia,MiscCrop,MiscCropAEZ08,MiscCropAEZ08,2005,N2O_AWB,2.80692086956925e-05
Central Asia,MiscCrop,MiscCropAEZ09,MiscCropAEZ09,2005,N2O_AWB,1.01436464561262e-05
Central Asia,MiscCrop,MiscCropAEZ10,MiscCropAEZ10,2005,N2O_AWB,2.81190197936463e-06
Central Asia,MiscCrop,MiscCropAEZ11,MiscCropAEZ11,2005,N2O_AWB,5.03335374594749e-07
Central Asia,MiscCrop,MiscCropAEZ12,MiscCropAEZ12,2005,N2O_AWB,1.41953831563478e-06
Central Asia,MiscCrop,MiscCropAEZ13,MiscCropAEZ13,2005,N2O_AWB,1.34511797767765e-06
Central Asia,MiscCrop,MiscCropAEZ14,MiscCropAEZ14,2005,N2O_AWB,2.23770197449386e-06
Central Asia,MiscCrop,MiscCropAEZ15,MiscCropAEZ15,2005,N2O_AWB,8.79140926548179e-07
Central Asia,MiscCrop,MiscCropAEZ16,MiscCropAEZ16,2005,N2O_AWB,7.97149114559584e-07
Central Asia,OilCrop,OilCropAEZ07,OilCropAEZ07,2005,N2O_AWB,2.48986797858186e-07
Central Asia,OilCrop,OilCropAEZ08,OilCropAEZ08,2005,N2O_AWB,3.34885683502621e-07
Central Asia,OilCrop,OilCropAEZ09,OilCropAEZ09,2005,N2O_AWB,4.06380109831821e-08
Central Asia,OilCrop,OilCropAEZ10,OilCropAEZ10,2005,N2O_AWB,7.85806844931637e-08
Central Asia,OilCrop,OilCropAEZ11,OilCropAEZ11,2005,N2O_AWB,1.58041152731289e-08
Central Asia,OilCrop,OilCropAEZ12,OilCropAEZ12,2005,N2O_AWB,4.61566544743049e-08
Central Asia,OilCrop,OilCropAEZ13,OilCropAEZ13,2005,N2O_AWB,6.34404060457787e-07
Central Asia,OilCrop,OilCropAEZ14,OilCropAEZ14,2005,N2O_AWB,8.66323053663714e-07
Central Asia,OilCrop,OilCropAEZ15,OilCropAEZ15,2005,N2O_AWB,1.29368200679585e-07
Central Asia,OilCrop,OilCropAEZ16,OilCropAEZ16,2005,N2O_AWB,2.83050424856291e-08
Central Asia,OtherGrain,OtherGrainAEZ07,OtherGrainAEZ07,2005,N2O_AWB,1.63279213264621e-06
Central Asia,OtherGrain,OtherGrainAEZ08,OtherGrainAEZ08,2005,N2O_AWB,1.98044904089889e-06
Central Asia,OtherGrain,OtherGrainAEZ09,OtherGrainAEZ09,2005,N2O_AWB,6.28691618683841e-07
Central Asia,OtherGrain,OtherGrainAEZ10,OtherGrainAEZ10,2005,N2O_AWB,7.94215899798536e-08
Central Asia,OtherGrain,OtherGrainAEZ11,OtherGrainAEZ11,2005,N2O_AWB,1.26868301279937e-08
Central Asia,OtherGrain,OtherGrainAEZ12,OtherGrainAEZ12,2005,N2O_AWB,3.44258261143414e-08
Central Asia,OtherGrain,OtherGrainAEZ13,OtherGrainAEZ13,2005,N2O_AWB,6.17681599704419e-06
Central Asia,OtherGrain,OtherGrainAEZ14,OtherGrainAEZ14,2005,N2O_AWB,1.37183340497913e-06
Central Asia,OtherGrain,OtherGrainAEZ15,OtherGrainAEZ15,2005,N2O_AWB,1.56435804923971e-07
Central Asia,OtherGrain,OtherGrainAEZ16,OtherGrainAEZ16,2005,N2O_AWB,2.91317796556651e-08
Central Asia,PalmFruit,PalmFruitAEZ07,PalmFruitAEZ07,2005,N2O_AWB,0
Central Asia,PalmFruit,PalmFruitAEZ08,PalmFruitAEZ08,2005,N2O_AWB,0
Central Asia,PalmFruit,PalmFruitAEZ09,PalmFruitAEZ09,2005,N2O_AWB,0
Central Asia,PalmFruit,PalmFruitAEZ10,PalmFruitAEZ10,2005,N2O_AWB,0
Central Asia,PalmFruit,PalmFruitAEZ11,PalmFruitAEZ11,2005,N2O_AWB,0
Central Asia,PalmFruit,PalmFruitAEZ12,PalmFruitAEZ12,2005,N2O_AWB,0
Central Asia,PalmFruit,PalmFruitAEZ13,PalmFruitAEZ13,2005,N2O_AWB,0
Central Asia,PalmFruit,PalmFruitAEZ14,PalmFruitAEZ14,2005,N2O_AWB,0
Central Asia,PalmFruit,PalmFruitAEZ15,PalmFruitAEZ15,2005,N2O_AWB,0
Central Asia,PalmFruit,PalmFruitAEZ16,PalmFruitAEZ16,2005,N2O_AWB,0
Central Asia,Rice,RiceAEZ07,RiceAEZ07,2005,N2O_AWB,1.39046581943137e-06
Central Asia,Rice,RiceAEZ08,RiceAEZ08,2005,N2O_AWB,1.05651498938308e-06
Central Asia,Rice,RiceAEZ09,RiceAEZ09,2005,N2O_AWB,3.16436381627075e-08
Central Asia,Rice,RiceAEZ10,RiceAEZ10,2005,N2O_AWB,4.62442498688826e-10
Central Asia,Rice,RiceAEZ11,RiceAEZ11,2005,N2O_AWB,0
Central Asia,Rice,RiceAEZ12,RiceAEZ12,2005,N2O_AWB,0
Central Asia,Rice,RiceAEZ13,RiceAEZ13,2005,N2O_AWB,3.90202694767436e-08
Central Asia,Rice,RiceAEZ14,RiceAEZ14,2005,N2O_AWB,6.03958882753602e-08
Central Asia,Rice,RiceAEZ15,RiceAEZ15,2005,N2O_AWB,7.60111796388531e-09
Central Asia,Rice,RiceAEZ16,RiceAEZ16,2005,N2O_AWB,0
Central Asia,Root_Tuber,Root_TuberAEZ07,Root_TuberAEZ07,2005,N2O_AWB,3.12385875987122e-06
Central Asia,Root_Tuber,Root_TuberAEZ08,Root_TuberAEZ08,2005,N2O_AWB,7.15381178384121e-06
Central Asia,Root_Tuber,Root_TuberAEZ09,Root_TuberAEZ09,2005,N2O_AWB,2.86696575884719e-06
Central Asia,Root_Tuber,Root_TuberAEZ10,Root_TuberAEZ10,2005,N2O_AWB,8.51705245088036e-07
Central Asia,Root_Tuber,Root_TuberAEZ11,Root_TuberAEZ11,2005,N2O_AWB,1.3989498712448e-07
Central Asia,Root_Tuber,Root_TuberAEZ12,Root_TuberAEZ12,2005,N2O_AWB,3.67380408214439e-07
Central Asia,Root_Tuber,Root_TuberAEZ13,Root_TuberAEZ13,2005,N2O_AWB,6.96551860758324e-06
Central Asia,Root_Tuber,Root_TuberAEZ14,Root_TuberAEZ14,2005,N2O_AWB,4.43551827449684e-06
Central Asia,Root_Tuber,Root_TuberAEZ15,Root_TuberAEZ15,2005,N2O_AWB,8.02771203550493e-07
Central Asia,Root_Tuber,Root_TuberAEZ16,Root_TuberAEZ16,2005,N2O_AWB,2.4825506027081e-07
Central Asia,SugarCrop,SugarCropAEZ07,SugarCropAEZ07,2005,N2O_AWB,6.66635249701103e-07
Central Asia,SugarCrop,SugarCropAEZ08,SugarCropAEZ08,2005,N2O_AWB,1.15791016753945e-06
Central Asia,SugarCrop,SugarCropAEZ09,SugarCropAEZ09,2005,N2O_AWB,1.07659653537055e-07
Central Asia,SugarCrop,SugarCropAEZ10,SugarCropAEZ10,2005,N2O_AWB,0
Central Asia,SugarCrop,SugarCropAEZ11,SugarCropAEZ11,2005,N2O_AWB,0
Central Asia,SugarCrop,SugarCropAEZ12,SugarCropAEZ12,2005,N2O_AWB,0
Central Asia,SugarCrop,SugarCropAEZ13,SugarCropAEZ13,2005,N2O_AWB,8.27725241390929e-07
Central Asia,SugarCrop,SugarCropAEZ14,SugarCropAEZ14,2005,N2O_AWB,1.38983100784805e-06
Central Asia,SugarCrop,SugarCropAEZ15,SugarCropAEZ15,2005,N2O_AWB,1.9974430787758e-08
Central Asia,SugarCrop,SugarCropAEZ16,SugarCropAEZ16,2005,N2O_AWB,1.81792604258203e-08
Central Asia,Wheat,WheatAEZ07,WheatAEZ07,2005,N2O_AWB,1.81501392424883e-05
Central Asia,Wheat,WheatAEZ08,WheatAEZ08,2005,N2O_AWB,1.96810596272719e-05
Central Asia,Wheat,WheatAEZ09,WheatAEZ09,2005,N2O_AWB,4.63380874168411e-06
Central Asia,Wheat,WheatAEZ10,WheatAEZ10,2005,N2O_AWB,4.4759033819506e-07
Central Asia,Wheat,WheatAEZ11,WheatAEZ11,2005,N2O_AWB,8.35163028885879e-08
Central Asia,Wheat,WheatAEZ12,WheatAEZ12,2005,N2O_AWB,2.22131348204153e-07
Central Asia,Wheat,WheatAEZ13,WheatAEZ13,2005,N2O_AWB,3.98262076904395e-05
Central Asia,Wheat,WheatAEZ14,WheatAEZ14,2005,N2O_AWB,6.80840513542316e-06
Central Asia,Wheat,WheatAEZ15,WheatAEZ15,2005,N2O_AWB,7.49309870787644e-07
Central Asia,Wheat,WheatAEZ16,WheatAEZ16,2005,N2O_AWB,1.39690899427071e-07
Central Asia,Corn,CornAEZ07,CornAEZ07,2005,NH3_AWB,1.0664030806039e-05
Central Asia,Corn,CornAEZ08,CornAEZ08,2005,NH3_AWB,3.02411357536444e-05
Central Asia,Corn,CornAEZ09,CornAEZ09,2005,NH3_AWB,1.128391283261e-05
Central Asia,Corn,CornAEZ10,CornAEZ10,2005,NH3_AWB,1.5262866986551e-05
Central Asia,Corn,CornAEZ11,CornAEZ11,2005,NH3_AWB,2.63402428256118e-06
Central Asia,Corn,CornAEZ12,CornAEZ12,2005,NH3_AWB,7.00491084158377e-06
Central Asia,Corn,CornAEZ13,CornAEZ13,2005,NH3_AWB,1.29596994276894e-05
Central Asia,Corn,CornAEZ14,CornAEZ14,2005,NH3_AWB,1.95032901078286e-05
Central Asia,Corn,CornAEZ15,CornAEZ15,2005,NH3_AWB,2.76909550100218e-06
Central Asia,Corn,CornAEZ16,CornAEZ16,2005,NH3_AWB,4.54056130700399e-06
Central Asia,FiberCrop,FiberCropAEZ07,FiberCropAEZ07,2005,NH3_AWB,0.000152933820453331
Central Asia,FiberCrop,FiberCropAEZ08,FiberCropAEZ08,2005,NH3_AWB,0.000183941149306824
Central Asia,FiberCrop,FiberCropAEZ09,FiberCropAEZ09,2005,NH3_AWB,8.91190840335753e-06
Central Asia,FiberCrop,FiberCropAEZ10,FiberCropAEZ10,2005,NH3_AWB,5.91195848439195e-08
Central Asia,FiberCrop,FiberCropAEZ11,FiberCropAEZ11,2005,NH3_AWB,0
Central Asia,FiberCrop,FiberCropAEZ12,FiberCropAEZ12,2005,NH3_AWB,0
Central Asia,FiberCrop,FiberCropAEZ13,FiberCropAEZ13,2005,NH3_AWB,1.84125266804958e-05
Central Asia,FiberCrop,FiberCropAEZ14,FiberCropAEZ14,2005,NH3_AWB,1.33118504885152e-05
Central Asia,FiberCrop,FiberCropAEZ15,FiberCropAEZ15,2005,NH3_AWB,2.41683348816601e-07
Central Asia,FiberCrop,FiberCropAEZ16,FiberCropAEZ16,2005,NH3_AWB,0
Central Asia,FodderGrass,FodderGrassAEZ07,FodderGrassAEZ07,2005,NH3_AWB,6.89289362677872e-05
Central Asia,FodderGrass,FodderGrassAEZ08,FodderGrassAEZ08,2005,NH3_AWB,9.78294272319117e-05
Central Asia,FodderGrass,FodderGrassAEZ09,FodderGrassAEZ09,2005,NH3_AWB,2.54001255122231e-05
Central Asia,FodderGrass,FodderGrassAEZ10,FodderGrassAEZ10,2005,NH3_AWB,6.48764988122004e-07
Central Asia,FodderGrass,FodderGrassAEZ11,FodderGrassAEZ11,2005,NH3_AWB,7.42048925029973e-08
Central Asia,FodderGrass,FodderGrassAEZ12,FodderGrassAEZ12,2005,NH3_AWB,1.99719824223025e-07
Central Asia,FodderGrass,FodderGrassAEZ13,FodderGrassAEZ13,2005,NH3_AWB,9.42822261156744e-05
Central Asia,FodderGrass,FodderGrassAEZ14,FodderGrassAEZ14,2005,NH3_AWB,3.50706636094866e-05
Central Asia,FodderGrass,FodderGrassAEZ15,FodderGrassAEZ15,2005,NH3_AWB,6.66293496989292e-06
Central Asia,FodderGrass,FodderGrassAEZ16,FodderGrassAEZ16,2005,NH3_AWB,1.28158880513204e-07
Central Asia,FodderHerb,FodderHerbAEZ07,FodderHerbAEZ07,2005,NH3_AWB,0.00010594242836188
Central Asia,FodderHerb,FodderHerbAEZ08,FodderHerbAEZ08,2005,NH3_AWB,0.000137729724203878
Central Asia,FodderHerb,FodderHerbAEZ09,FodderHerbAEZ09,2005,NH3_AWB,5.08929222931872e-06
Central Asia,FodderHerb,FodderHerbAEZ10,FodderHerbAEZ10,2005,NH3_AWB,2.31211556596179e-08
Central Asia,FodderHerb,FodderHerbAEZ11,FodderHerbAEZ11,2005,NH3_AWB,0
Central Asia,FodderHerb,FodderHerbAEZ12,FodderHerbAEZ12,2005,NH3_AWB,0
Central Asia,FodderHerb,FodderHerbAEZ13,FodderHerbAEZ13,2005,NH3_AWB,6.35450048807795e-05
Central Asia,FodderHerb,FodderHerbAEZ14,FodderHerbAEZ14,2005,NH3_AWB,1.57919562162408e-05
Central Asia,FodderHerb,FodderHerbAEZ15,FodderHerbAEZ15,2005,NH3_AWB,9.48226007946569e-07
Central Asia,FodderHerb,FodderHerbAEZ16,FodderHerbAEZ16,2005,NH3_AWB,2.17400933416945e-07
Central Asia,MiscCrop,MiscCropAEZ07,MiscCropAEZ07,2005,NH3_AWB,0.000287824641454185
Central Asia,MiscCrop,MiscCropAEZ08,MiscCropAEZ08,2005,NH3_AWB,0.000520141818876989
Central Asia,MiscCrop,MiscCropAEZ09,MiscCropAEZ09,2005,NH3_AWB,0.00018796877300443
Central Asia,MiscCrop,MiscCropAEZ10,MiscCropAEZ10,2005,NH3_AWB,5.2106485291656e-05
Central Asia,MiscCrop,MiscCropAEZ11,MiscCropAEZ11,2005,NH3_AWB,9.32715204354942e-06
Central Asia,MiscCrop,MiscCropAEZ12,MiscCropAEZ12,2005,NH3_AWB,2.63050251777549e-05
Central Asia,MiscCrop,MiscCropAEZ13,MiscCropAEZ13,2005,NH3_AWB,2.49259649282796e-05
Central Asia,MiscCrop,MiscCropAEZ14,MiscCropAEZ14,2005,NH3_AWB,4.14661627171728e-05
Central Asia,MiscCrop,MiscCropAEZ15,MiscCropAEZ15,2005,NH3_AWB,1.62910884144071e-05
Central Asia,MiscCrop,MiscCropAEZ16,MiscCropAEZ16,2005,NH3_AWB,1.47717235230373e-05
Central Asia,OilCrop,OilCropAEZ07,OilCropAEZ07,2005,NH3_AWB,4.61389728931648e-06
Central Asia,OilCrop,OilCropAEZ08,OilCropAEZ08,2005,NH3_AWB,6.20566295335742e-06
Central Asia,OilCrop,OilCropAEZ09,OilCropAEZ09,2005,NH3_AWB,7.53050404002986e-07
Central Asia,OilCrop,OilCropAEZ10,OilCropAEZ10,2005,NH3_AWB,1.45615434350115e-06
Central Asia,OilCrop,OilCropAEZ11,OilCropAEZ11,2005,NH3_AWB,2.92861168728578e-07
Central Asia,OilCrop,OilCropAEZ12,OilCropAEZ12,2005,NH3_AWB,8.55314678508408e-07
Central Asia,OilCrop,OilCropAEZ13,OilCropAEZ13,2005,NH3_AWB,1.17559452953192e-05
Central Asia,OilCrop,OilCropAEZ14,OilCropAEZ14,2005,NH3_AWB,1.60535643791363e-05
Central Asia,OilCrop,OilCropAEZ15,OilCropAEZ15,2005,NH3_AWB,2.39728208713802e-06
Central Asia,OilCrop,OilCropAEZ16,OilCropAEZ16,2005,NH3_AWB,5.24511981847387e-07
Central Asia,OtherGrain,OtherGrainAEZ07,OtherGrainAEZ07,2005,NH3_AWB,3.02567656584123e-05
Central Asia,OtherGrain,OtherGrainAEZ08,OtherGrainAEZ08,2005,NH3_AWB,3.66990882248995e-05
Central Asia,OtherGrain,OtherGrainAEZ09,OtherGrainAEZ09,2005,NH3_AWB,1.16500898048157e-05
Central Asia,OtherGrain,OtherGrainAEZ10,OtherGrainAEZ10,2005,NH3_AWB,1.47173690281347e-06
Central Asia,OtherGrain,OtherGrainAEZ11,OtherGrainAEZ11,2005,NH3_AWB,2.35095722508584e-07
Central Asia,OtherGrain,OtherGrainAEZ12,OtherGrainAEZ12,2005,NH3_AWB,6.37934328879188e-07
Central Asia,OtherGrain,OtherGrainAEZ13,OtherGrainAEZ13,2005,NH3_AWB,0.000114460665507257
Central Asia,OtherGrain,OtherGrainAEZ14,OtherGrainAEZ14,2005,NH3_AWB,2.54210202431377e-05
Central Asia,OtherGrain,OtherGrainAEZ15,OtherGrainAEZ15,2005,NH3_AWB,2.89886348392596e-06
Central Asia,OtherGrain,OtherGrainAEZ16,OtherGrainAEZ16,2005,NH3_AWB,5.39831992468909e-07
Central Asia,PalmFruit,PalmFruitAEZ07,PalmFruitAEZ07,2005,NH3_AWB,0
Central Asia,PalmFruit,PalmFruitAEZ08,PalmFruitAEZ08,2005,NH3_AWB,0
Central Asia,PalmFruit,PalmFruitAEZ09,PalmFruitAEZ09,2005,NH3_AWB,0
Central Asia,PalmFruit,PalmFruitAEZ10,PalmFruitAEZ10,2005,NH3_AWB,0
Central Asia,PalmFruit,PalmFruitAEZ11,PalmFruitAEZ11,2005,NH3_AWB,0
Central Asia,PalmFruit,PalmFruitAEZ12,PalmFruitAEZ12,2005,NH3_AWB,0
Central Asia,PalmFruit,PalmFruitAEZ13,PalmFruitAEZ13,2005,NH3_AWB,0
Central Asia,PalmFruit,PalmFruitAEZ14,PalmFruitAEZ14,2005,NH3_AWB,0
Central Asia,PalmFruit,PalmFruitAEZ15,PalmFruitAEZ15,2005,NH3_AWB,0
Central Asia,PalmFruit,PalmFruitAEZ16,PalmFruitAEZ16,2005,NH3_AWB,0
Central Asia,Rice,RiceAEZ07,RiceAEZ07,2005,NH3_AWB,2.57662917485915e-05
Central Asia,Rice,RiceAEZ08,RiceAEZ08,2005,NH3_AWB,1.95779522752578e-05
Central Asia,Rice,RiceAEZ09,RiceAEZ09,2005,NH3_AWB,5.86378465038873e-07
Central Asia,Rice,RiceAEZ10,RiceAEZ10,2005,NH3_AWB,8.56937881654419e-09
Central Asia,Rice,RiceAEZ11,RiceAEZ11,2005,NH3_AWB,0
Central Asia,Rice,RiceAEZ12,RiceAEZ12,2005,NH3_AWB,0
Central Asia,Rice,RiceAEZ13,RiceAEZ13,2005,NH3_AWB,7.23072536840637e-07
Central Asia,Rice,RiceAEZ14,RiceAEZ14,2005,NH3_AWB,1.11917751301119e-06
Central Asia,Rice,RiceAEZ15,RiceAEZ15,2005,NH3_AWB,1.40853964431159e-07
Central Asia,Rice,RiceAEZ16,RiceAEZ16,2005,NH3_AWB,0
Central Asia,Root_Tuber,Root_TuberAEZ07,Root_TuberAEZ07,2005,NH3_AWB,5.78872598401244e-05
Central Asia,Root_Tuber,Root_TuberAEZ08,Root_TuberAEZ08,2005,NH3_AWB,0.000132565072050707
Central Asia,Root_Tuber,Root_TuberAEZ09,Root_TuberAEZ09,2005,NH3_AWB,5.31268551469235e-05
Central Asia,Root_Tuber,Root_TuberAEZ10,Root_TuberAEZ10,2005,NH3_AWB,1.57826862926544e-05
Central Asia,Root_Tuber,Root_TuberAEZ11,Root_TuberAEZ11,2005,NH3_AWB,2.59235070869192e-06
Central Asia,Root_Tuber,Root_TuberAEZ12,Root_TuberAEZ12,2005,NH3_AWB,6.80781263982527e-06
Central Asia,Root_Tuber,Root_TuberAEZ13,Root_TuberAEZ13,2005,NH3_AWB,0.000129075869478495
Central Asia,Root_Tuber,Root_TuberAEZ14,Root_TuberAEZ14,2005,NH3_AWB,8.2193216345032e-05
Central Asia,Root_Tuber,Root_TuberAEZ15,Root_TuberAEZ15,2005,NH3_AWB,1.48759047140827e-05
Central Asia,Root_Tuber,Root_TuberAEZ16,Root_TuberAEZ16,2005,NH3_AWB,4.60033768655871e-06
Central Asia,SugarCrop,SugarCropAEZ07,SugarCropAEZ07,2005,NH3_AWB,1.23532114875849e-05
Central Asia,SugarCrop,SugarCropAEZ08,SugarCropAEZ08,2005,NH3_AWB,2.14568749397113e-05
Central Asia,SugarCrop,SugarCropAEZ09,SugarCropAEZ09,2005,NH3_AWB,1.99500771886825e-06
Central Asia,SugarCrop,SugarCropAEZ10,SugarCropAEZ10,2005,NH3_AWB,0
Central Asia,SugarCrop,SugarCropAEZ11,SugarCropAEZ11,2005,NH3_AWB,0
Central Asia,SugarCrop,SugarCropAEZ12,SugarCropAEZ12,2005,NH3_AWB,0
Central Asia,SugarCrop,SugarCropAEZ13,SugarCropAEZ13,2005,NH3_AWB,1.5338320265991e-05
Central Asia,SugarCrop,SugarCropAEZ14,SugarCropAEZ14,2005,NH3_AWB,2.57545282516161e-05
Central Asia,SugarCrop,SugarCropAEZ15,SugarCropAEZ15,2005,NH3_AWB,3.7013999481116e-07
Central Asia,SugarCrop,SugarCropAEZ16,SugarCropAEZ16,2005,NH3_AWB,3.36874248442056e-07
Central Asia,Wheat,WheatAEZ07,WheatAEZ07,2005,NH3_AWB,0.000336334612806782
Central Asia,Wheat,WheatAEZ08,WheatAEZ08,2005,NH3_AWB,0.000364703624635013
Central Asia,Wheat,WheatAEZ09,WheatAEZ09,2005,NH3_AWB,8.58676756212774e-05
Central Asia,Wheat,WheatAEZ10,WheatAEZ10,2005,NH3_AWB,8.29415802720053e-06
Central Asia,Wheat,WheatAEZ11,WheatAEZ11,2005,NH3_AWB,1.54761476040534e-06
Central Asia,Wheat,WheatAEZ12,WheatAEZ12,2005,NH3_AWB,4.11624726358019e-06
Central Asia,Wheat,WheatAEZ13,WheatAEZ13,2005,NH3_AWB,0.000738007128439531
Central Asia,Wheat,WheatAEZ14,WheatAEZ14,2005,NH3_AWB,0.000126164448352756
Central Asia,Wheat,WheatAEZ15,WheatAEZ15,2005,NH3_AWB,1.38852293030183e-05
Central Asia,Wheat,WheatAEZ16,WheatAEZ16,2005,NH3_AWB,2.5885688227367e-06
Central Asia,Corn,CornAEZ07,CornAEZ07,2005,NMVOC_AWB,5.75479408439555e-05
Central Asia,Corn,CornAEZ08,CornAEZ08,2005,NMVOC_AWB,0.000163194867218427
Central Asia,Corn,CornAEZ09,CornAEZ09,2005,NMVOC_AWB,6.08931050547657e-05
Central Asia,Corn,CornAEZ10,CornAEZ10,2005,NMVOC_AWB,8.23653440642529e-05
Central Asia,Corn,CornAEZ11,CornAEZ11,2005,NMVOC_AWB,1.42143881944276e-05
Central Asia,Corn,CornAEZ12,CornAEZ12,2005,NMVOC_AWB,3.78016720000808e-05
Central Asia,Corn,CornAEZ13,CornAEZ13,2005,NMVOC_AWB,6.99364086230666e-05
Central Asia,Corn,CornAEZ14,CornAEZ14,2005,NMVOC_AWB,0.000105248588062238
Central Asia,Corn,CornAEZ15,CornAEZ15,2005,NMVOC_AWB,1.4943293673973e-05
Central Asia,Corn,CornAEZ16,CornAEZ16,2005,NMVOC_AWB,2.45029256053766e-05
Central Asia,FiberCrop,FiberCropAEZ07,FiberCropAEZ07,2005,NMVOC_AWB,0.000825300171442152
Central Asia,FiberCrop,FiberCropAEZ08,FiberCropAEZ08,2005,NMVOC_AWB,0.000992629763699084
Central Asia,FiberCrop,FiberCropAEZ09,FiberCropAEZ09,2005,NMVOC_AWB,4.80926946790828e-05
Central Asia,FiberCrop,FiberCropAEZ10,FiberCropAEZ10,2005,NMVOC_AWB,3.19036059928711e-07
Central Asia,FiberCrop,FiberCropAEZ11,FiberCropAEZ11,2005,NMVOC_AWB,0
Central Asia,FiberCrop,FiberCropAEZ12,FiberCropAEZ12,2005,NMVOC_AWB,0
Central Asia,FiberCrop,FiberCropAEZ13,FiberCropAEZ13,2005,NMVOC_AWB,9.9362334512094e-05
Central Asia,FiberCrop,FiberCropAEZ14,FiberCropAEZ14,2005,NMVOC_AWB,7.18367752653929e-05
Central Asia,FiberCrop,FiberCropAEZ15,FiberCropAEZ15,2005,NMVOC_AWB,1.30423282843392e-06
Central Asia,FiberCrop,FiberCropAEZ16,FiberCropAEZ16,2005,NMVOC_AWB,0
Central Asia,FodderGrass,FodderGrassAEZ07,FodderGrassAEZ07,2005,NMVOC_AWB,0.000371971763672048
Central Asia,FodderGrass,FodderGrassAEZ08,FodderGrassAEZ08,2005,NMVOC_AWB,0.000527931904318197
Central Asia,FodderGrass,FodderGrassAEZ09,FodderGrassAEZ09,2005,NMVOC_AWB,0.000137070583064959
Central Asia,FodderGrass,FodderGrassAEZ10,FodderGrassAEZ10,2005,NMVOC_AWB,3.50102975480263e-06
Central Asia,FodderGrass,FodderGrassAEZ11,FodderGrassAEZ11,2005,NMVOC_AWB,4.00443213430729e-07
Central Asia,FodderGrass,FodderGrassAEZ12,FodderGrassAEZ12,2005,NMVOC_AWB,1.07777864100346e-06
Central Asia,FodderGrass,FodderGrassAEZ13,FodderGrassAEZ13,2005,NMVOC_AWB,0.000508789600276536
Central Asia,FodderGrass,FodderGrassAEZ14,FodderGrassAEZ14,2005,NMVOC_AWB,0.000189257187217995
Central Asia,FodderGrass,FodderGrassAEZ15,FodderGrassAEZ15,2005,NMVOC_AWB,3.59562152875046e-05
Central Asia,FodderGrass,FodderGrassAEZ16,FodderGrassAEZ16,2005,NMVOC_AWB,6.91603372922065e-07
Central Asia,FodderHerb,FodderHerbAEZ07,FodderHerbAEZ07,2005,NMVOC_AWB,0.000571713333459415
Central Asia,FodderHerb,FodderHerbAEZ08,FodderHerbAEZ08,2005,NMVOC_AWB,0.000743251980897368
Central Asia,FodderHerb,FodderHerbAEZ09,FodderHerbAEZ09,2005,NMVOC_AWB,2.74641262274467e-05
Central Asia,FodderHerb,FodderHerbAEZ10,FodderHerbAEZ10,2005,NMVOC_AWB,1.24772229407859e-07
Central Asia,FodderHerb,FodderHerbAEZ11,FodderHerbAEZ11,2005,NMVOC_AWB,0
Central Asia,FodderHerb,FodderHerbAEZ12,FodderHerbAEZ12,2005,NMVOC_AWB,0
Central Asia,FodderHerb,FodderHerbAEZ13,FodderHerbAEZ13,2005,NMVOC_AWB,0.000342917631083461
Central Asia,FodderHerb,FodderHerbAEZ14,FodderHerbAEZ14,2005,NMVOC_AWB,8.52205492155849e-05
Central Asia,FodderHerb,FodderHerbAEZ15,FodderHerbAEZ15,2005,NMVOC_AWB,5.11705706824357e-06
Central Asia,FodderHerb,FodderHerbAEZ16,FodderHerbAEZ16,2005,NMVOC_AWB,1.173193915439e-06
Central Asia,MiscCrop,MiscCropAEZ07,MiscCropAEZ07,2005,NMVOC_AWB,0.0015532321446838
Central Asia,MiscCrop,MiscCropAEZ08,MiscCropAEZ08,2005,NMVOC_AWB,0.00280692086956925
Central Asia,MiscCrop,MiscCropAEZ09,MiscCropAEZ09,2005,NMVOC_AWB,0.00101436464561262
Central Asia,MiscCrop,MiscCropAEZ10,MiscCropAEZ10,2005,NMVOC_AWB,0.000281190197936463
Central Asia,MiscCrop,MiscCropAEZ11,MiscCropAEZ11,2005,NMVOC_AWB,5.03335374594749e-05
Central Asia,MiscCrop,MiscCropAEZ12,MiscCropAEZ12,2005,NMVOC_AWB,0.000141953831563478
Central Asia,MiscCrop,MiscCropAEZ13,MiscCropAEZ13,2005,NMVOC_AWB,0.000134511797767765
Central Asia,MiscCrop,MiscCropAEZ14,MiscCropAEZ14,2005,NMVOC_AWB,0.000223770197449386
Central Asia,MiscCrop,MiscCropAEZ15,MiscCropAEZ15,2005,NMVOC_AWB,8.79140926548178e-05
Central Asia,MiscCrop,MiscCropAEZ16,MiscCropAEZ16,2005,NMVOC_AWB,7.97149114559584e-05
Central Asia,OilCrop,OilCropAEZ07,OilCropAEZ07,2005,NMVOC_AWB,2.48986797858186e-05
Central Asia,OilCrop,OilCropAEZ08,OilCropAEZ08,2005,NMVOC_AWB,3.34885683502621e-05
Central Asia,OilCrop,OilCropAEZ09,OilCropAEZ09,2005,NMVOC_AWB,4.06380109831821e-06
Central Asia,OilCrop,OilCropAEZ10,OilCropAEZ10,2005,NMVOC_AWB,7.85806844931637e-06
Central Asia,OilCrop,OilCropAEZ11,OilCropAEZ11,2005,NMVOC_AWB,1.58041152731289e-06
Central Asia,OilCrop,OilCropAEZ12,OilCropAEZ12,2005,NMVOC_AWB,4.61566544743049e-06
Central Asia,OilCrop,OilCropAEZ13,OilCropAEZ13,2005,NMVOC_AWB,6.34404060457786e-05
Central Asia,OilCrop,OilCropAEZ14,OilCropAEZ14,2005,NMVOC_AWB,8.66323053663714e-05
Central Asia,OilCrop,OilCropAEZ15,OilCropAEZ15,2005,NMVOC_AWB,1.29368200679585e-05
Central Asia,OilCrop,OilCropAEZ16,OilCropAEZ16,2005,NMVOC_AWB,2.83050424856291e-06
Central Asia,OtherGrain,OtherGrainAEZ07,OtherGrainAEZ07,2005,NMVOC_AWB,0.000163279213264621
Central Asia,OtherGrain,OtherGrainAEZ08,OtherGrainAEZ08,2005,NMVOC_AWB,0.000198044904089889
Central Asia,OtherGrain,OtherGrainAEZ09,OtherGrainAEZ09,2005,NMVOC_AWB,6.28691618683841e-05
Central Asia,OtherGrain,OtherGrainAEZ10,OtherGrainAEZ10,2005,NMVOC_AWB,7.94215899798536e-06
Central Asia,OtherGrain,OtherGrainAEZ11,OtherGrainAEZ11,2005,NMVOC_AWB,1.26868301279937e-06
Central Asia,OtherGrain,OtherGrainAEZ12,OtherGrainAEZ12,2005,NMVOC_AWB,3.44258261143414e-06
Central Asia,OtherGrain,OtherGrainAEZ13,OtherGrainAEZ13,2005,NMVOC_AWB,0.000617681599704419
Central Asia,OtherGrain,OtherGrainAEZ14,OtherGrainAEZ14,2005,NMVOC_AWB,0.000137183340497913
Central Asia,OtherGrain,OtherGrainAEZ15,OtherGrainAEZ15,2005,NMVOC_AWB,1.56435804923971e-05
Central Asia,OtherGrain,OtherGrainAEZ16,OtherGrainAEZ16,2005,NMVOC_AWB,2.91317796556651e-06
Central Asia,PalmFruit,PalmFruitAEZ07,PalmFruitAEZ07,2005,NMVOC_AWB,0
Central Asia,PalmFruit,PalmFruitAEZ08,PalmFruitAEZ08,2005,NMVOC_AWB,0
Central Asia,PalmFruit,PalmFruitAEZ09,PalmFruitAEZ09,2005,NMVOC_AWB,0
Central Asia,PalmFruit,PalmFruitAEZ10,PalmFruitAEZ10,2005,NMVOC_AWB,0
Central Asia,PalmFruit,PalmFruitAEZ11,PalmFruitAEZ11,2005,NMVOC_AWB,0
Central Asia,PalmFruit,PalmFruitAEZ12,PalmFruitAEZ12,2005,NMVOC_AWB,0
Central Asia,PalmFruit,PalmFruitAEZ13,PalmFruitAEZ13,2005,NMVOC_AWB,0
Central Asia,PalmFruit,PalmFruitAEZ14,PalmFruitAEZ14,2005,NMVOC_AWB,0
Central Asia,PalmFruit,PalmFruitAEZ15,PalmFruitAEZ15,2005,NMVOC_AWB,0
Central Asia,PalmFruit,PalmFruitAEZ16,PalmFruitAEZ16,2005,NMVOC_AWB,0
Central Asia,Rice,RiceAEZ07,RiceAEZ07,2005,NMVOC_AWB,0.000139046581943137
Central Asia,Rice,RiceAEZ08,RiceAEZ08,2005,NMVOC_AWB,0.000105651498938308
Central Asia,Rice,RiceAEZ09,RiceAEZ09,2005,NMVOC_AWB,3.16436381627075e-06
Central Asia,Rice,RiceAEZ10,RiceAEZ10,2005,NMVOC_AWB,4.62442498688826e-08
Central Asia,Rice,RiceAEZ11,RiceAEZ11,2005,NMVOC_AWB,0
Central Asia,Rice,RiceAEZ12,RiceAEZ12,2005,NMVOC_AWB,0
Central Asia,Rice,RiceAEZ13,RiceAEZ13,2005,NMVOC_AWB,3.90202694767436e-06
Central Asia,Rice,RiceAEZ14,RiceAEZ14,2005,NMVOC_AWB,6.03958882753602e-06
Central Asia,Rice,RiceAEZ15,RiceAEZ15,2005,NMVOC_AWB,7.60111796388531e-07
Central Asia,Rice,RiceAEZ16,RiceAEZ16,2005,NMVOC_AWB,0
Central Asia,Root_Tuber,Root_TuberAEZ07,Root_TuberAEZ07,2005,NMVOC_AWB,0.000312385875987122
Central Asia,Root_Tuber,Root_TuberAEZ08,Root_TuberAEZ08,2005,NMVOC_AWB,0.00071538117838412
Central Asia,Root_Tuber,Root_TuberAEZ09,Root_TuberAEZ09,2005,NMVOC_AWB,0.000286696575884719
Central Asia,Root_Tuber,Root_TuberAEZ10,Root_TuberAEZ10,2005,NMVOC_AWB,8.51705245088035e-05
Central Asia,Root_Tuber,Root_TuberAEZ11,Root_TuberAEZ11,2005,NMVOC_AWB,1.3989498712448e-05
Central Asia,Root_Tuber,Root_TuberAEZ12,Root_TuberAEZ12,2005,NMVOC_AWB,3.67380408214439e-05
Central Asia,Root_Tuber,Root_TuberAEZ13,Root_TuberAEZ13,2005,NMVOC_AWB,0.000696551860758324
Central Asia,Root_Tuber,Root_TuberAEZ14,Root_TuberAEZ14,2005,NMVOC_AWB,0.000443551827449684
Central Asia,Root_Tuber,Root_TuberAEZ15,Root_TuberAEZ15,2005,NMVOC_AWB,8.02771203550492e-05
Central Asia,Root_Tuber,Root_TuberAEZ16,Root_TuberAEZ16,2005,NMVOC_AWB,2.4825506027081e-05
Central Asia,SugarCrop,SugarCropAEZ07,SugarCropAEZ07,2005,NMVOC_AWB,6.66635249701103e-05
Central Asia,SugarCrop,SugarCropAEZ08,SugarCropAEZ08,2005,NMVOC_AWB,0.000115791016753945
Central Asia,SugarCrop,SugarCropAEZ09,SugarCropAEZ09,2005,NMVOC_AWB,1.07659653537055e-05
Central Asia,SugarCrop,SugarCropAEZ10,SugarCropAEZ10,2005,NMVOC_AWB,0
Central Asia,SugarCrop,SugarCropAEZ11,SugarCropAEZ11,2005,NMVOC_AWB,0
Central Asia,SugarCrop,SugarCropAEZ12,SugarCropAEZ12,2005,NMVOC_AWB,0
Central Asia,SugarCrop,SugarCropAEZ13,SugarCropAEZ13,2005,NMVOC_AWB,8.27725241390928e-05
Central Asia,SugarCrop,SugarCropAEZ14,SugarCropAEZ14,2005,NMVOC_AWB,0.000138983100784805
Central Asia,SugarCrop,SugarCropAEZ15,SugarCropAEZ15,2005,NMVOC_AWB,1.9974430787758e-06
Central Asia,SugarCrop,SugarCropAEZ16,SugarCropAEZ16,2005,NMVOC_AWB,1.81792604258203e-06
Central Asia,Wheat,WheatAEZ07,WheatAEZ07,2005,NMVOC_AWB,0.00181501392424883
Central Asia,Wheat,WheatAEZ08,WheatAEZ08,2005,NMVOC_AWB,0.00196810596272719
Central Asia,Wheat,WheatAEZ09,WheatAEZ09,2005,NMVOC_AWB,0.000463380874168411
Central Asia,Wheat,WheatAEZ10,WheatAEZ10,2005,NMVOC_AWB,4.4759033819506e-05
Central Asia,Wheat,WheatAEZ11,WheatAEZ11,2005,NMVOC_AWB,8.35163028885879e-06
Central Asia,Wheat,WheatAEZ12,WheatAEZ12,2005,NMVOC_AWB,2.22131348204153e-05
Central Asia,Wheat,WheatAEZ13,WheatAEZ13,2005,NMVOC_AWB,0.00398262076904395
Central Asia,Wheat,WheatAEZ14,WheatAEZ14,2005,NMVOC_AWB,0.000680840513542316
Central Asia,Wheat,WheatAEZ15,WheatAEZ15,2005,NMVOC_AWB,7.49309870787644e-05
Central Asia,Wheat,WheatAEZ16,WheatAEZ16,2005,NMVOC_AWB,1.39690899427071e-05
Central Asia,Corn,CornAEZ07,CornAEZ07,2005,NOx_AWB,3.12108227825239e-05
Central Asia,Corn,CornAEZ08,CornAEZ08,2005,NOx_AWB,8.85078771729296e-05
Central Asia,Corn,CornAEZ09,CornAEZ09,2005,NOx_AWB,3.30250549832057e-05
Central Asia,Corn,CornAEZ10,CornAEZ10,2005,NOx_AWB,4.46704107794504e-05
Central Asia,Corn,CornAEZ11,CornAEZ11,2005,NOx_AWB,7.70909861225514e-06
Central Asia,Corn,CornAEZ12,CornAEZ12,2005,NOx_AWB,2.05015378200372e-05
Central Asia,Corn,CornAEZ13,CornAEZ13,2005,NOx_AWB,3.79296430692354e-05
Central Asia,Corn,CornAEZ14,CornAEZ14,2005,NOx_AWB,5.70810177036316e-05
Central Asia,Corn,CornAEZ15,CornAEZ15,2005,NOx_AWB,8.10441666210493e-06
Central Asia,Corn,CornAEZ16,CornAEZ16,2005,NOx_AWB,1.32890327178944e-05
Central Asia,FiberCrop,FiberCropAEZ07,FiberCropAEZ07,2005,NOx_AWB,0.000447597203575236
Central Asia,FiberCrop,FiberCropAEZ08,FiberCropAEZ08,2005,NOx_AWB,0.000538347527107474
Central Asia,FiberCrop,FiberCropAEZ09,FiberCropAEZ09,2005,NOx_AWB,2.60828197977224e-05
Central Asia,FiberCrop,FiberCropAEZ10,FiberCropAEZ10,2005,NOx_AWB,1.73027527686345e-07
Central Asia,FiberCrop,FiberCropAEZ11,FiberCropAEZ11,2005,NOx_AWB,0
Central Asia,FiberCrop,FiberCropAEZ12,FiberCropAEZ12,2005,NOx_AWB,0
Central Asia,FiberCrop,FiberCropAEZ13,FiberCropAEZ13,2005,NOx_AWB,5.38886390761373e-05
Central Asia,FiberCrop,FiberCropAEZ14,FiberCropAEZ14,2005,NOx_AWB,3.89602969141105e-05
Central Asia,FiberCrop,FiberCropAEZ15,FiberCropAEZ15,2005,NOx_AWB,7.07343808977947e-07
Central Asia,FiberCrop,FiberCropAEZ16,FiberCropAEZ16,2005,NOx_AWB,0
Central Asia,FodderGrass,FodderGrassAEZ07,FodderGrassAEZ07,2005,NOx_AWB,0.000201736927956312
Central Asia,FodderGrass,FodderGrassAEZ08,FodderGrassAEZ08,2005,NOx_AWB,0.000286321089256597
Central Asia,FodderGrass,FodderGrassAEZ09,FodderGrassAEZ09,2005,NOx_AWB,7.43395091813611e-05
Central Asia,FodderGrass,FodderGrassAEZ10,FodderGrassAEZ10,2005,NOx_AWB,1.89876505798495e-06
Central Asia,FodderGrass,FodderGrassAEZ11,FodderGrassAEZ11,2005,NOx_AWB,2.17178268858313e-07
Central Asia,FodderGrass,FodderGrassAEZ12,FodderGrassAEZ12,2005,NOx_AWB,5.84527572487099e-07
Central Asia,FodderGrass,FodderGrassAEZ13,FodderGrassAEZ13,2005,NOx_AWB,0.000275939361425301
Central Asia,FodderGrass,FodderGrassAEZ14,FodderGrassAEZ14,2005,NOx_AWB,0.000102642639231812
Central Asia,FodderGrass,FodderGrassAEZ15,FodderGrassAEZ15,2005,NOx_AWB,1.95006640865144e-05
Central Asia,FodderGrass,FodderGrassAEZ16,FodderGrassAEZ16,2005,NOx_AWB,3.75087448682077e-07
Central Asia,FodderHerb,FodderHerbAEZ07,FodderHerbAEZ07,2005,NOx_AWB,0.000310065716884499
Central Asia,FodderHerb,FodderHerbAEZ08,FodderHerbAEZ08,2005,NOx_AWB,0.000403098799337563
Central Asia,FodderHerb,FodderHerbAEZ09,FodderHerbAEZ09,2005,NOx_AWB,1.48950242874196e-05
Central Asia,FodderHerb,FodderHerbAEZ10,FodderHerbAEZ10,2005,NOx_AWB,6.76695618143587e-08
Central Asia,FodderHerb,FodderHerbAEZ11,FodderHerbAEZ11,2005,NOx_AWB,0
Central Asia,FodderHerb,FodderHerbAEZ12,FodderHerbAEZ12,2005,NOx_AWB,0
Central Asia,FodderHerb,FodderHerbAEZ13,FodderHerbAEZ13,2005,NOx_AWB,0.000185979572088772
Central Asia,FodderHerb,FodderHerbAEZ14,FodderHerbAEZ14,2005,NOx_AWB,4.62189162633843e-05
Central Asia,FodderHerb,FodderHerbAEZ15,FodderHerbAEZ15,2005,NOx_AWB,2.77520896461035e-06
Central Asia,FodderHerb,FodderHerbAEZ16,FodderHerbAEZ16,2005,NOx_AWB,6.36275544308165e-07
Central Asia,MiscCrop,MiscCropAEZ07,MiscCropAEZ07,2005,NOx_AWB,0.000842387277405729
Central Asia,MiscCrop,MiscCropAEZ08,MiscCropAEZ08,2005,NOx_AWB,0.00152231875788993
Central Asia,MiscCrop,MiscCropAEZ09,MiscCropAEZ09,2005,NOx_AWB,0.000550135325900168
Central Asia,MiscCrop,MiscCropAEZ10,MiscCropAEZ10,2005,NOx_AWB,0.000152502023656673
Central Asia,MiscCrop,MiscCropAEZ11,MiscCropAEZ11,2005,NOx_AWB,2.72981290838003e-05
Central Asia,MiscCrop,MiscCropAEZ12,MiscCropAEZ12,2005,NOx_AWB,7.69879132989567e-05
Central Asia,MiscCrop,MiscCropAEZ13,MiscCropAEZ13,2005,NOx_AWB,7.29517654449555e-05
Central Asia,MiscCrop,MiscCropAEZ14,MiscCropAEZ14,2005,NOx_AWB,0.000121360588653221
Central Asia,MiscCrop,MiscCropAEZ15,MiscCropAEZ15,2005,NOx_AWB,4.76797453687537e-05
Central Asia,MiscCrop,MiscCropAEZ16,MiscCropAEZ16,2005,NOx_AWB,4.32329626063036e-05
Central Asia,OilCrop,OilCropAEZ07,OilCropAEZ07,2005,NOx_AWB,1.35036679143945e-05
Central Asia,OilCrop,OilCropAEZ08,OilCropAEZ08,2005,NOx_AWB,1.81623487598731e-05
Central Asia,OilCrop,OilCropAEZ09,OilCropAEZ09,2005,NOx_AWB,2.20398113369433e-06
Central Asia,OilCrop,OilCropAEZ10,OilCropAEZ10,2005,NOx_AWB,4.26178205836387e-06
Central Asia,OilCrop,OilCropAEZ11,OilCropAEZ11,2005,NOx_AWB,8.57127872501479e-07
Central Asia,OilCrop,OilCropAEZ12,OilCropAEZ12,2005,NOx_AWB,2.50328185840385e-06
Central Asia,OilCrop,OilCropAEZ13,OilCropAEZ13,2005,NOx_AWB,3.44065702666079e-05
Central Asia,OilCrop,OilCropAEZ14,OilCropAEZ14,2005,NOx_AWB,4.6984574780234e-05
Central Asia,OilCrop,OilCropAEZ15,OilCropAEZ15,2005,NOx_AWB,7.01621626402396e-06
Central Asia,OilCrop,OilCropAEZ16,OilCropAEZ16,2005,NOx_AWB,1.53510907934349e-06
Central Asia,OtherGrain,OtherGrainAEZ07,OtherGrainAEZ07,2005,NOx_AWB,8.85536218070825e-05
Central Asia,OtherGrain,OtherGrainAEZ08,OtherGrainAEZ08,2005,NOx_AWB,0.000107408611218462
Central Asia,OtherGrain,OtherGrainAEZ09,OtherGrainAEZ09,2005,NOx_AWB,3.40967589940456e-05
Central Asia,OtherGrain,OtherGrainAEZ10,OtherGrainAEZ10,2005,NOx_AWB,4.30738812477917e-06
Central Asia,OtherGrain,OtherGrainAEZ11,OtherGrainAEZ11,2005,NOx_AWB,6.88063553603912e-07
Central Asia,OtherGrain,OtherGrainAEZ12,OtherGrainAEZ12,2005,NOx_AWB,1.86706655744668e-06
Central Asia,OtherGrain,OtherGrainAEZ13,OtherGrainAEZ13,2005,NOx_AWB,0.000334996364104057
Central Asia,OtherGrain,OtherGrainAEZ14,OtherGrainAEZ14,2005,NOx_AWB,7.44006625815648e-05
Central Asia,OtherGrain,OtherGrainAEZ15,OtherGrainAEZ15,2005,NOx_AWB,8.48421353174508e-06
Central Asia,OtherGrain,OtherGrainAEZ16,OtherGrainAEZ16,2005,NOx_AWB,1.57994673456331e-06
Central Asia,PalmFruit,PalmFruitAEZ07,PalmFruitAEZ07,2005,NOx_AWB,0
Central Asia,PalmFruit,PalmFruitAEZ08,PalmFruitAEZ08,2005,NOx_AWB,0
Central Asia,PalmFruit,PalmFruitAEZ09,PalmFruitAEZ09,2005,NOx_AWB,0
Central Asia,PalmFruit,PalmFruitAEZ10,PalmFruitAEZ10,2005,NOx_AWB,0
Central Asia,PalmFruit,PalmFruitAEZ11,PalmFruitAEZ11,2005,NOx_AWB,0
Central Asia,PalmFruit,PalmFruitAEZ12,PalmFruitAEZ12,2005,NOx_AWB,0
Central Asia,PalmFruit,PalmFruitAEZ13,PalmFruitAEZ13,2005,NOx_AWB,0
Central Asia,PalmFruit,PalmFruitAEZ14,PalmFruitAEZ14,2005,NOx_AWB,0
Central Asia,PalmFruit,PalmFruitAEZ15,PalmFruitAEZ15,2005,NOx_AWB,0
Central Asia,PalmFruit,PalmFruitAEZ16,PalmFruitAEZ16,2005,NOx_AWB,0
Central Asia,Rice,RiceAEZ07,RiceAEZ07,2005,NOx_AWB,7.54111817712196e-05
Central Asia,Rice,RiceAEZ08,RiceAEZ08,2005,NOx_AWB,5.72995342963325e-05
Central Asia,Rice,RiceAEZ09,RiceAEZ09,2005,NOx_AWB,1.71617605844242e-06
Central Asia,Rice,RiceAEZ10,RiceAEZ10,2005,NOx_AWB,2.50803254851827e-08
Central Asia,Rice,RiceAEZ11,RiceAEZ11,2005,NOx_AWB,0
Central Asia,Rice,RiceAEZ12,RiceAEZ12,2005,NOx_AWB,0
Central Asia,Rice,RiceAEZ13,RiceAEZ13,2005,NOx_AWB,2.11624377467693e-06
Central Asia,Rice,RiceAEZ14,RiceAEZ14,2005,NOx_AWB,3.27553920802601e-06
Central Asia,Rice,RiceAEZ15,RiceAEZ15,2005,NOx_AWB,4.12242631518589e-07
Central Asia,Rice,RiceAEZ16,RiceAEZ16,2005,NOx_AWB,0
Central Asia,Root_Tuber,Root_TuberAEZ07,Root_TuberAEZ07,2005,NOx_AWB,0.000169420835432405
Central Asia,Root_Tuber,Root_TuberAEZ08,Root_TuberAEZ08,2005,NOx_AWB,0.000387983216307296
Central Asia,Root_Tuber,Root_TuberAEZ09,Root_TuberAEZ09,2005,NOx_AWB,0.000155488378751161
Central Asia,Root_Tuber,Root_TuberAEZ10,Root_TuberAEZ10,2005,NOx_AWB,4.61917856269931e-05
Central Asia,Root_Tuber,Root_TuberAEZ11,Root_TuberAEZ11,2005,NOx_AWB,7.5871309855289e-06
Central Asia,Root_Tuber,Root_TuberAEZ12,Root_TuberAEZ12,2005,NOx_AWB,1.99246830492919e-05
Central Asia,Root_Tuber,Root_TuberAEZ13,Root_TuberAEZ13,2005,NOx_AWB,0.000377771235011074
Central Asia,Root_Tuber,Root_TuberAEZ14,Root_TuberAEZ14,2005,NOx_AWB,0.000240557998746374
Central Asia,Root_Tuber,Root_TuberAEZ15,Root_TuberAEZ15,2005,NOx_AWB,4.35378736432399e-05
Central Asia,Root_Tuber,Root_TuberAEZ16,Root_TuberAEZ16,2005,NOx_AWB,1.34639825115321e-05
Central Asia,SugarCrop,SugarCropAEZ07,SugarCropAEZ07,2005,NOx_AWB,3.61546118486185e-05
Central Asia,SugarCrop,SugarCropAEZ08,SugarCropAEZ08,2005,NOx_AWB,6.27986484088983e-05
Central Asia,SugarCrop,SugarCropAEZ09,SugarCropAEZ09,2005,NOx_AWB,5.83886463719732e-06
Central Asia,SugarCrop,SugarCropAEZ10,SugarCropAEZ10,2005,NOx_AWB,0
Central Asia,SugarCrop,SugarCropAEZ11,SugarCropAEZ11,2005,NOx_AWB,0
Central Asia,SugarCrop,SugarCropAEZ12,SugarCropAEZ12,2005,NOx_AWB,0
Central Asia,SugarCrop,SugarCropAEZ13,SugarCropAEZ13,2005,NOx_AWB,4.48912427496309e-05
Central Asia,SugarCrop,SugarCropAEZ14,SugarCropAEZ14,2005,NOx_AWB,7.53767530991651e-05
Central Asia,SugarCrop,SugarCropAEZ15,SugarCropAEZ15,2005,NOx_AWB,1.08330273917001e-06
Central Asia,SugarCrop,SugarCropAEZ16,SugarCropAEZ16,2005,NOx_AWB,9.85942619573714e-07
Central Asia,Wheat,WheatAEZ07,WheatAEZ07,2005,NOx_AWB,0.00098436324752519
Central Asia,Wheat,WheatAEZ08,WheatAEZ08,2005,NOx_AWB,0.00106739190871256
Central Asia,Wheat,WheatAEZ09,WheatAEZ09,2005,NOx_AWB,0.000251312177853542
Central Asia,Wheat,WheatAEZ10,WheatAEZ10,2005,NOx_AWB,2.4274826379028e-05
Central Asia,Wheat,WheatAEZ11,WheatAEZ11,2005,NOx_AWB,4.52946272391445e-06
Central Asia,Wheat,WheatAEZ12,WheatAEZ12,2005,NOx_AWB,1.20471767392023e-05
Central Asia,Wheat,WheatAEZ13,WheatAEZ13,2005,NOx_AWB,0.00215995340944828
Central Asia,Wheat,WheatAEZ14,WheatAEZ14,2005,NOx_AWB,0.000369250268553504
Central Asia,Wheat,WheatAEZ15,WheatAEZ15,2005,NOx_AWB,4.06384264030629e-05
Central Asia,Wheat,WheatAEZ16,WheatAEZ16,2005,NOx_AWB,7.57606239669237e-06
Central Asia,Corn,CornAEZ07,CornAEZ07,2005,SO2_AWB,5.76300380090434e-06
Central Asia,Corn,CornAEZ08,CornAEZ08,2005,SO2_AWB,1.63427678953461e-05
Central Asia,Corn,CornAEZ09,CornAEZ09,2005,SO2_AWB,6.09799743888389e-06
Central Asia,Corn,CornAEZ10,CornAEZ10,2005,SO2_AWB,8.248284542312e-06
Central Asia,Corn,CornAEZ11,CornAEZ11,2005,SO2_AWB,1.42346662609771e-06
Central Asia,Corn,CornAEZ12,CornAEZ12,2005,SO2_AWB,3.78555993875994e-06
Central Asia,Corn,CornAEZ13,CornAEZ13,2005,SO2_AWB,7.00361790197164e-06
Central Asia,Corn,CornAEZ14,CornAEZ14,2005,SO2_AWB,1.05398734367783e-05
Central Asia,Corn,CornAEZ15,CornAEZ15,2005,SO2_AWB,1.49646115878674e-06
Central Asia,Corn,CornAEZ16,CornAEZ16,2005,SO2_AWB,2.45378811693649e-06
Central Asia,FiberCrop,FiberCropAEZ07,FiberCropAEZ07,2005,SO2_AWB,8.26477534236169e-05
Central Asia,FiberCrop,FiberCropAEZ08,FiberCropAEZ08,2005,SO2_AWB,9.94045836774618e-05
Central Asia,FiberCrop,FiberCropAEZ09,FiberCropAEZ09,2005,SO2_AWB,4.81613031094921e-06
Central Asia,FiberCrop,FiberCropAEZ10,FiberCropAEZ10,2005,SO2_AWB,3.19491192739665e-08
Central Asia,FiberCrop,FiberCropAEZ11,FiberCropAEZ11,2005,SO2_AWB,0
Central Asia,FiberCrop,FiberCropAEZ12,FiberCropAEZ12,2005,SO2_AWB,0
Central Asia,FiberCrop,FiberCropAEZ13,FiberCropAEZ13,2005,SO2_AWB,9.95040835627174e-06
Central Asia,FiberCrop,FiberCropAEZ14,FiberCropAEZ14,2005,SO2_AWB,7.19392567010769e-06
Central Asia,FiberCrop,FiberCropAEZ15,FiberCropAEZ15,2005,SO2_AWB,1.30609343050341e-07
Central Asia,FiberCrop,FiberCropAEZ16,FiberCropAEZ16,2005,SO2_AWB,0
Central Asia,FodderGrass,FodderGrassAEZ07,FodderGrassAEZ07,2005,SO2_AWB,3.72502413888935e-05
Central Asia,FodderGrass,FodderGrassAEZ08,FodderGrassAEZ08,2005,SO2_AWB,5.28685045300626e-05
Central Asia,FodderGrass,FodderGrassAEZ09,FodderGrassAEZ09,2005,SO2_AWB,1.37266126226392e-05
Central Asia,FodderGrass,FodderGrassAEZ10,FodderGrassAEZ10,2005,SO2_AWB,3.50602427960304e-07
Central Asia,FodderGrass,FodderGrassAEZ11,FodderGrassAEZ11,2005,SO2_AWB,4.01014480658005e-08
Central Asia,FodderGrass,FodderGrassAEZ12,FodderGrassAEZ12,2005,SO2_AWB,1.0793161863912e-07
Central Asia,FodderGrass,FodderGrassAEZ13,FodderGrassAEZ13,2005,SO2_AWB,5.09515433089949e-05
Central Asia,FodderGrass,FodderGrassAEZ14,FodderGrassAEZ14,2005,SO2_AWB,1.89527179129352e-05
Central Asia,FodderGrass,FodderGrassAEZ15,FodderGrassAEZ15,2005,SO2_AWB,3.60075099698008e-06
Central Asia,FodderGrass,FodderGrassAEZ16,FodderGrassAEZ16,2005,SO2_AWB,6.92590005553042e-08
Central Asia,FodderHerb,FodderHerbAEZ07,FodderHerbAEZ07,2005,SO2_AWB,5.72528932475325e-05
Central Asia,FodderHerb,FodderHerbAEZ08,FodderHerbAEZ08,2005,SO2_AWB,7.44312294779721e-05
Central Asia,FodderHerb,FodderHerbAEZ09,FodderHerbAEZ09,2005,SO2_AWB,2.75033062028172e-06
Central Asia,FodderHerb,FodderHerbAEZ10,FodderHerbAEZ10,2005,SO2_AWB,1.24950227893398e-08
Central Asia,FodderHerb,FodderHerbAEZ11,FodderHerbAEZ11,2005,SO2_AWB,0
Central Asia,FodderHerb,FodderHerbAEZ12,FodderHerbAEZ12,2005,SO2_AWB,0
Central Asia,FodderHerb,FodderHerbAEZ13,FodderHerbAEZ13,2005,SO2_AWB,3.43406833041998e-05
Central Asia,FodderHerb,FodderHerbAEZ14,FodderHerbAEZ14,2005,SO2_AWB,8.53421237740353e-06
Central Asia,FodderHerb,FodderHerbAEZ15,FodderHerbAEZ15,2005,SO2_AWB,5.12435699718516e-07
Central Asia,FodderHerb,FodderHerbAEZ16,FodderHerbAEZ16,2005,SO2_AWB,1.17486757905134e-07
Central Asia,MiscCrop,MiscCropAEZ07,MiscCropAEZ07,2005,SO2_AWB,0.000155544796603087
Central Asia,MiscCrop,MiscCropAEZ08,MiscCropAEZ08,2005,SO2_AWB,0.000281092518740649
Central Asia,MiscCrop,MiscCropAEZ09,MiscCropAEZ09,2005,SO2_AWB,0.000101581172539599
Central Asia,MiscCrop,MiscCropAEZ10,MiscCropAEZ10,2005,SO2_AWB,2.81591340319015e-05
Central Asia,MiscCrop,MiscCropAEZ11,MiscCropAEZ11,2005,SO2_AWB,5.04053426478738e-06
Central Asia,MiscCrop,MiscCropAEZ12,MiscCropAEZ12,2005,SO2_AWB,1.42156341105501e-05
Central Asia,MiscCrop,MiscCropAEZ13,MiscCropAEZ13,2005,SO2_AWB,1.34703690598433e-05
Central Asia,MiscCrop,MiscCropAEZ14,MiscCropAEZ14,2005,SO2_AWB,2.24089425184946e-05
Central Asia,MiscCrop,MiscCropAEZ15,MiscCropAEZ15,2005,SO2_AWB,8.80395097882963e-06
Central Asia,MiscCrop,MiscCropAEZ16,MiscCropAEZ16,2005,SO2_AWB,7.98286317411639e-06
Central Asia,OilCrop,OilCropAEZ07,OilCropAEZ07,2005,SO2_AWB,2.49341999277189e-06
Central Asia,OilCrop,OilCropAEZ08,OilCropAEZ08,2005,SO2_AWB,3.35363427186251e-06
Central Asia,OilCrop,OilCropAEZ09,OilCropAEZ09,2005,SO2_AWB,4.06959846560469e-07
Central Asia,OilCrop,OilCropAEZ10,OilCropAEZ10,2005,SO2_AWB,7.8692786704519e-07
Central Asia,OilCrop,OilCropAEZ11,OilCropAEZ11,2005,SO2_AWB,1.58266612242371e-07
Central Asia,OilCrop,OilCropAEZ12,OilCropAEZ12,2005,SO2_AWB,4.62225009742267e-07
Central Asia,OilCrop,OilCropAEZ13,OilCropAEZ13,2005,SO2_AWB,6.35309093272515e-06
Central Asia,OilCrop,OilCropAEZ14,OilCropAEZ14,2005,SO2_AWB,8.6755893918304e-06
Central Asia,OilCrop,OilCropAEZ15,OilCropAEZ15,2005,SO2_AWB,1.29552755719653e-06
Central Asia,OilCrop,OilCropAEZ16,OilCropAEZ16,2005,SO2_AWB,2.83454221015057e-07
Central Asia,OtherGrain,OtherGrainAEZ07,OtherGrainAEZ07,2005,SO2_AWB,1.63512145326658e-05
Central Asia,OtherGrain,OtherGrainAEZ08,OtherGrainAEZ08,2005,SO2_AWB,1.98327432447071e-05
Central Asia,OtherGrain,OtherGrainAEZ09,OtherGrainAEZ09,2005,SO2_AWB,6.29588502201332e-06
Central Asia,OtherGrain,OtherGrainAEZ10,OtherGrainAEZ10,2005,SO2_AWB,7.95348918163485e-07
Central Asia,OtherGrain,OtherGrainAEZ11,OtherGrainAEZ11,2005,SO2_AWB,1.27049289995117e-07
Central Asia,OtherGrain,OtherGrainAEZ12,OtherGrainAEZ12,2005,SO2_AWB,3.4474937562785e-07
Central Asia,OtherGrain,OtherGrainAEZ13,OtherGrainAEZ13,2005,SO2_AWB,6.18562776467984e-05
Central Asia,OtherGrain,OtherGrainAEZ14,OtherGrainAEZ14,2005,SO2_AWB,1.37379044517674e-05
Central Asia,OtherGrain,OtherGrainAEZ15,OtherGrainAEZ15,2005,SO2_AWB,1.5665897426616e-06
Central Asia,OtherGrain,OtherGrainAEZ16,OtherGrainAEZ16,2005,SO2_AWB,2.91733386843397e-07
Central Asia,PalmFruit,PalmFruitAEZ07,PalmFruitAEZ07,2005,SO2_AWB,0
Central Asia,PalmFruit,PalmFruitAEZ08,PalmFruitAEZ08,2005,SO2_AWB,0
Central Asia,PalmFruit,PalmFruitAEZ09,PalmFruitAEZ09,2005,SO2_AWB,0
Central Asia,PalmFruit,PalmFruitAEZ10,PalmFruitAEZ10,2005,SO2_AWB,0
Central Asia,PalmFruit,PalmFruitAEZ11,PalmFruitAEZ11,2005,SO2_AWB,0
Central Asia,PalmFruit,PalmFruitAEZ12,PalmFruitAEZ12,2005,SO2_AWB,0
Central Asia,PalmFruit,PalmFruitAEZ13,PalmFruitAEZ13,2005,SO2_AWB,0
Central Asia,PalmFruit,PalmFruitAEZ14,PalmFruitAEZ14,2005,SO2_AWB,0
Central Asia,PalmFruit,PalmFruitAEZ15,PalmFruitAEZ15,2005,SO2_AWB,0
Central Asia,PalmFruit,PalmFruitAEZ16,PalmFruitAEZ16,2005,SO2_AWB,0
Central Asia,Rice,RiceAEZ07,RiceAEZ07,2005,SO2_AWB,1.39244944039596e-05
Central Asia,Rice,RiceAEZ08,RiceAEZ08,2005,SO2_AWB,1.05802220031416e-05
Central Asia,Rice,RiceAEZ09,RiceAEZ09,2005,SO2_AWB,3.1688780576982e-07
Central Asia,Rice,RiceAEZ10,RiceAEZ10,2005,SO2_AWB,4.63102213312872e-09
Central Asia,Rice,RiceAEZ11,RiceAEZ11,2005,SO2_AWB,0
Central Asia,Rice,RiceAEZ12,RiceAEZ12,2005,SO2_AWB,0
Central Asia,Rice,RiceAEZ13,RiceAEZ13,2005,SO2_AWB,3.90759353000211e-07
Central Asia,Rice,RiceAEZ14,RiceAEZ14,2005,SO2_AWB,6.04820482862599e-07
Central Asia,Rice,RiceAEZ15,RiceAEZ15,2005,SO2_AWB,7.6119616227058e-08
Central Asia,Rice,RiceAEZ16,RiceAEZ16,2005,SO2_AWB,0
Central Asia,Root_Tuber,Root_TuberAEZ07,Root_TuberAEZ07,2005,SO2_AWB,3.12831521729714e-05
Central Asia,Root_Tuber,Root_TuberAEZ08,Root_TuberAEZ08,2005,SO2_AWB,7.16401732131853e-05
Central Asia,Root_Tuber,Root_TuberAEZ09,Root_TuberAEZ09,2005,SO2_AWB,2.87105573596459e-05
Central Asia,Root_Tuber,Root_TuberAEZ10,Root_TuberAEZ10,2005,SO2_AWB,8.52920277026395e-06
Central Asia,Root_Tuber,Root_TuberAEZ11,Root_TuberAEZ11,2005,SO2_AWB,1.40094559545048e-06
Central Asia,Root_Tuber,Root_TuberAEZ12,Root_TuberAEZ12,2005,SO2_AWB,3.67904508461658e-06
Central Asia,Root_Tuber,Root_TuberAEZ13,Root_TuberAEZ13,2005,SO2_AWB,6.97545552839506e-05
Central Asia,Root_Tuber,Root_TuberAEZ14,Root_TuberAEZ14,2005,SO2_AWB,4.4418459288089e-05
Central Asia,Root_Tuber,Root_TuberAEZ15,Root_TuberAEZ15,2005,SO2_AWB,8.03916426803648e-06
Central Asia,Root_Tuber,Root_TuberAEZ16,Root_TuberAEZ16,2005,SO2_AWB,2.48609217802219e-06
Central Asia,SugarCrop,SugarCropAEZ07,SugarCropAEZ07,2005,SO2_AWB,6.67586263123052e-06
Central Asia,SugarCrop,SugarCropAEZ08,SugarCropAEZ08,2005,SO2_AWB,1.15956202755021e-05
Central Asia,SugarCrop,SugarCropAEZ09,SugarCropAEZ09,2005,SO2_AWB,1.07813239438134e-06
Central Asia,SugarCrop,SugarCropAEZ10,SugarCropAEZ10,2005,SO2_AWB,0
Central Asia,SugarCrop,SugarCropAEZ11,SugarCropAEZ11,2005,SO2_AWB,0
Central Asia,SugarCrop,SugarCropAEZ12,SugarCropAEZ12,2005,SO2_AWB,0
Central Asia,SugarCrop,SugarCropAEZ13,SugarCropAEZ13,2005,SO2_AWB,8.28906063759085e-06
Central Asia,SugarCrop,SugarCropAEZ14,SugarCropAEZ14,2005,SO2_AWB,1.39181372319845e-05
Central Asia,SugarCrop,SugarCropAEZ15,SugarCropAEZ15,2005,SO2_AWB,2.00029260582729e-07
Central Asia,SugarCrop,SugarCropAEZ16,SugarCropAEZ16,2005,SO2_AWB,1.82051947289851e-07
Central Asia,Wheat,WheatAEZ07,WheatAEZ07,2005,SO2_AWB,0.00018176032001741
Central Asia,Wheat,WheatAEZ08,WheatAEZ08,2005,SO2_AWB,0.00019709136378197
Central Asia,Wheat,WheatAEZ09,WheatAEZ09,2005,SO2_AWB,4.64041927467057e-05
Central Asia,Wheat,WheatAEZ10,WheatAEZ10,2005,SO2_AWB,4.48228864914655e-06
Central Asia,Wheat,WheatAEZ11,WheatAEZ11,2005,SO2_AWB,8.36354461907674e-07
Central Asia,Wheat,WheatAEZ12,WheatAEZ12,2005,SO2_AWB,2.22448237978092e-06
Central Asia,Wheat,WheatAEZ13,WheatAEZ13,2005,SO2_AWB,0.000398830232549869
Central Asia,Wheat,WheatAEZ14,WheatAEZ14,2005,SO2_AWB,6.81811792014127e-05
Central Asia,Wheat,WheatAEZ15,WheatAEZ15,2005,SO2_AWB,7.50378826779152e-06
Central Asia,Wheat,WheatAEZ16,WheatAEZ16,2005,SO2_AWB,1.39890180698709e-06
China,Corn,CornAEZ04,CornAEZ04,2005,CH4_AWB,3.4544348955998e-07
China,Corn,CornAEZ05,CornAEZ05,2005,CH4_AWB,8.20570152319743e-07
China,Corn,CornAEZ06,CornAEZ06,2005,CH4_AWB,4.24239510179989e-06
China,Corn,CornAEZ07,CornAEZ07,2005,CH4_AWB,4.42176745972121e-05
China,Corn,CornAEZ08,CornAEZ08,2005,CH4_AWB,0.000382806644276192
China,Corn,CornAEZ09,CornAEZ09,2005,CH4_AWB,0.000544007494333074
China,Corn,CornAEZ10,CornAEZ10,2005,CH4_AWB,0.000210634211894856
China,Corn,CornAEZ11,CornAEZ11,2005,CH4_AWB,0.00015932534940861
China,Corn,CornAEZ12,CornAEZ12,2005,CH4_AWB,0.000133525888393515
China,Corn,CornAEZ13,CornAEZ13,2005,CH4_AWB,6.96914648975025e-06
China,Corn,CornAEZ14,CornAEZ14,2005,CH4_AWB,1.53131817751026e-06
China,Corn,CornAEZ15,CornAEZ15,2005,CH4_AWB,1.41831576097216e-05
China,Corn,CornAEZ16,CornAEZ16,2005,CH4_AWB,2.48854493698346e-06
China,Corn,CornAEZ17,CornAEZ17,2005,CH4_AWB,2.09127357482029e-07
China,FiberCrop,FiberCropAEZ04,FiberCropAEZ04,2005,CH4_AWB,0
China,FiberCrop,FiberCropAEZ05,FiberCropAEZ05,2005,CH4_AWB,1.60759706065798e-08
China,FiberCrop,FiberCropAEZ06,FiberCropAEZ06,2005,CH4_AWB,4.93243374647963e-08
China,FiberCrop,FiberCropAEZ07,FiberCropAEZ07,2005,CH4_AWB,2.60755799213788e-05
China,FiberCrop,FiberCropAEZ08,FiberCropAEZ08,2005,CH4_AWB,1.07333106866583e-05
China,FiberCrop,FiberCropAEZ09,FiberCropAEZ09,2005,CH4_AWB,4.67113921704348e-05
China,FiberCrop,FiberCropAEZ10,FiberCropAEZ10,2005,CH4_AWB,1.74643714376029e-05
China,FiberCrop,FiberCropAEZ11,FiberCropAEZ11,2005,CH4_AWB,5.51137908350783e-05
China,FiberCrop,FiberCropAEZ12,FiberCropAEZ12,2005,CH4_AWB,5.57752910965544e-05
China,FiberCrop,FiberCropAEZ13,FiberCropAEZ13,2005,CH4_AWB,2.78207635839286e-06
China,FiberCrop,FiberCropAEZ14,FiberCropAEZ14,2005,CH4_AWB,2.59289848493222e-08
China,FiberCrop,FiberCropAEZ15,FiberCropAEZ15,2005,CH4_AWB,9.63076580117677e-09
China,FiberCrop,FiberCropAEZ16,FiberCropAEZ16,2005,CH4_AWB,2.5928984849322e-09
China,FiberCrop,FiberCropAEZ17,FiberCropAEZ17,2005,CH4_AWB,0
China,FodderGrass,FodderGrassAEZ04,FodderGrassAEZ04,2005,CH4_AWB,5.58407652735599e-07
China,FodderGrass,FodderGrassAEZ05,FodderGrassAEZ05,2005,CH4_AWB,1.52355609573786e-06
China,FodderGrass,FodderGrassAEZ06,FodderGrassAEZ06,2005,CH4_AWB,3.16244883165861e-05
China,FodderGrass,FodderGrassAEZ07,FodderGrassAEZ07,2005,CH4_AWB,4.45999731491858e-05
China,FodderGrass,FodderGrassAEZ08,FodderGrassAEZ08,2005,CH4_AWB,5.01928252646536e-05
China,FodderGrass,FodderGrassAEZ09,FodderGrassAEZ09,2005,CH4_AWB,2.39979797495852e-05
China,FodderGrass,FodderGrassAEZ10,FodderGrassAEZ10,2005,CH4_AWB,3.15953353141306e-05
China,FodderGrass,FodderGrassAEZ11,FodderGrassAEZ11,2005,CH4_AWB,7.06433893007869e-05
China,FodderGrass,FodderGrassAEZ12,FodderGrassAEZ12,2005,CH4_AWB,0.000330338168924789
China,FodderGrass,FodderGrassAEZ13,FodderGrassAEZ13,2005,CH4_AWB,1.34663477692594e-05
China,FodderGrass,FodderGrassAEZ14,FodderGrassAEZ14,2005,CH4_AWB,3.85559441802382e-06
China,FodderGrass,FodderGrassAEZ15,FodderGrassAEZ15,2005,CH4_AWB,2.12616231268496e-06
China,FodderGrass,FodderGrassAEZ16,FodderGrassAEZ16,2005,CH4_AWB,4.89958065463173e-06
China,FodderGrass,FodderGrassAEZ17,FodderGrassAEZ17,2005,CH4_AWB,1.53709353883327e-07
China,FodderHerb,FodderHerbAEZ04,FodderHerbAEZ04,2005,CH4_AWB,0
China,FodderHerb,FodderHerbAEZ05,FodderHerbAEZ05,2005,CH4_AWB,0
China,FodderHerb,FodderHerbAEZ06,FodderHerbAEZ06,2005,CH4_AWB,0
China,FodderHerb,FodderHerbAEZ07,FodderHerbAEZ07,2005,CH4_AWB,0
China,FodderHerb,FodderHerbAEZ08,FodderHerbAEZ08,2005,CH4_AWB,0
China,FodderHerb,FodderHerbAEZ09,FodderHerbAEZ09,2005,CH4_AWB,0
China,FodderHerb,FodderHerbAEZ10,FodderHerbAEZ10,2005,CH4_AWB,0
China,FodderHerb,FodderHerbAEZ11,FodderHerbAEZ11,2005,CH4_AWB,0
China,FodderHerb,FodderHerbAEZ12,FodderHerbAEZ12,2005,CH4_AWB,0
China,FodderHerb,FodderHerbAEZ13,FodderHerbAEZ13,2005,CH4_AWB,0
China,FodderHerb,FodderHerbAEZ14,FodderHerbAEZ14,2005,CH4_AWB,0
China,FodderHerb,FodderHerbAEZ15,FodderHerbAEZ15,2005,CH4_AWB,0
China,FodderHerb,FodderHerbAEZ16,FodderHerbAEZ16,2005,CH4_AWB,0
China,FodderHerb,FodderHerbAEZ17,FodderHerbAEZ17,2005,CH4_AWB,0
China,MiscCrop,MiscCropAEZ04,MiscCropAEZ04,2005,CH4_AWB,5.78306774729498e-06
China,MiscCrop,MiscCropAEZ05,MiscCropAEZ05,2005,CH4_AWB,1.15560075862779e-05
China,MiscCrop,MiscCropAEZ06,MiscCropAEZ06,2005,CH4_AWB,0.000384921235154652
China,MiscCrop,MiscCropAEZ07,MiscCropAEZ07,2005,CH4_AWB,5.22082117075405e-05
China,MiscCrop,MiscCropAEZ08,MiscCropAEZ08,2005,CH4_AWB,0.000572511685106883
China,MiscCrop,MiscCropAEZ09,MiscCropAEZ09,2005,CH4_AWB,0.00104351558255238
China,MiscCrop,MiscCropAEZ10,MiscCropAEZ10,2005,CH4_AWB,0.000539111159640428
China,MiscCrop,MiscCropAEZ11,MiscCropAEZ11,2005,CH4_AWB,0.000905260453168596
China,MiscCrop,MiscCropAEZ12,MiscCropAEZ12,2005,CH4_AWB,0.00245499136395036
China,MiscCrop,MiscCropAEZ13,MiscCropAEZ13,2005,CH4_AWB,9.42999752085122e-06
China,MiscCrop,MiscCropAEZ14,MiscCropAEZ14,2005,CH4_AWB,2.63396238610862e-06
China,MiscCrop,MiscCropAEZ15,MiscCropAEZ15,2005,CH4_AWB,8.07248864398097e-06
China,MiscCrop,MiscCropAEZ16,MiscCropAEZ16,2005,CH4_AWB,2.64128144504725e-06
China,MiscCrop,MiscCropAEZ17,MiscCropAEZ17,2005,CH4_AWB,6.54542156836575e-08
China,OilCrop,OilCropAEZ04,OilCropAEZ04,2005,CH4_AWB,7.57077676604577e-08
China,OilCrop,OilCropAEZ05,OilCropAEZ05,2005,CH4_AWB,2.48896379805857e-07
China,OilCrop,OilCropAEZ06,OilCropAEZ06,2005,CH4_AWB,1.05372542505673e-05
China,OilCrop,OilCropAEZ07,OilCropAEZ07,2005,CH4_AWB,6.94792779177937e-06
China,OilCrop,OilCropAEZ08,OilCropAEZ08,2005,CH4_AWB,6.32089792350573e-05
China,OilCrop,OilCropAEZ09,OilCropAEZ09,2005,CH4_AWB,8.60059349972142e-05
China,OilCrop,OilCropAEZ10,OilCropAEZ10,2005,CH4_AWB,6.47037357033295e-05
China,OilCrop,OilCropAEZ11,OilCropAEZ11,2005,CH4_AWB,0.000103151746576694
China,OilCrop,OilCropAEZ12,OilCropAEZ12,2005,CH4_AWB,0.000147506503656947
China,OilCrop,OilCropAEZ13,OilCropAEZ13,2005,CH4_AWB,2.37641552115414e-06
China,OilCrop,OilCropAEZ14,OilCropAEZ14,2005,CH4_AWB,1.93202470688164e-06
China,OilCrop,OilCropAEZ15,OilCropAEZ15,2005,CH4_AWB,5.42581600039021e-06
China,OilCrop,OilCropAEZ16,OilCropAEZ16,2005,CH4_AWB,1.32644363556487e-06
China,OilCrop,OilCropAEZ17,OilCropAEZ17,2005,CH4_AWB,5.91694944129233e-08
China,OtherGrain,OtherGrainAEZ04,OtherGrainAEZ04,2005,CH4_AWB,1.67099142199201e-08
China,OtherGrain,OtherGrainAEZ05,OtherGrainAEZ05,2005,CH4_AWB,3.64571502574689e-08
China,OtherGrain,OtherGrainAEZ06,OtherGrainAEZ06,2005,CH4_AWB,5.69716119284613e-07
China,OtherGrain,OtherGrainAEZ07,OtherGrainAEZ07,2005,CH4_AWB,2.13246928090713e-06
China,OtherGrain,OtherGrainAEZ08,OtherGrainAEZ08,2005,CH4_AWB,4.97719981649409e-05
China,OtherGrain,OtherGrainAEZ09,OtherGrainAEZ09,2005,CH4_AWB,2.97594469579771e-05
China,OtherGrain,OtherGrainAEZ10,OtherGrainAEZ10,2005,CH4_AWB,6.58681783203355e-06
China,OtherGrain,OtherGrainAEZ11,OtherGrainAEZ11,2005,CH4_AWB,8.90035607781178e-06
China,OtherGrain,OtherGrainAEZ12,OtherGrainAEZ12,2005,CH4_AWB,9.0908621037432e-06
China,OtherGrain,OtherGrainAEZ13,OtherGrainAEZ13,2005,CH4_AWB,4.43309658684896e-07
China,OtherGrain,OtherGrainAEZ14,OtherGrainAEZ14,2005,CH4_AWB,3.9979328952407e-07
China,OtherGrain,OtherGrainAEZ15,OtherGrainAEZ15,2005,CH4_AWB,6.72409177436609e-07
China,OtherGrain,OtherGrainAEZ16,OtherGrainAEZ16,2005,CH4_AWB,3.5431705827297e-07
China,OtherGrain,OtherGrainAEZ17,OtherGrainAEZ17,2005,CH4_AWB,2.21808088700219e-08
China,PalmFruit,PalmFruitAEZ04,PalmFruitAEZ04,2005,CH4_AWB,4.6746692715132e-07
China,PalmFruit,PalmFruitAEZ05,PalmFruitAEZ05,2005,CH4_AWB,9.77390781375782e-07
China,PalmFruit,PalmFruitAEZ06,PalmFruitAEZ06,2005,CH4_AWB,3.93747598413254e-06
China,PalmFruit,PalmFruitAEZ07,PalmFruitAEZ07,2005,CH4_AWB,0
China,PalmFruit,PalmFruitAEZ08,PalmFruitAEZ08,2005,CH4_AWB,0
China,PalmFruit,PalmFruitAEZ09,PalmFruitAEZ09,2005,CH4_AWB,0
China,PalmFruit,PalmFruitAEZ10,PalmFruitAEZ10,2005,CH4_AWB,0
China,PalmFruit,PalmFruitAEZ11,PalmFruitAEZ11,2005,CH4_AWB,1.85400145212121e-07
China,PalmFruit,PalmFruitAEZ12,PalmFruitAEZ12,2005,CH4_AWB,4.69156389647313e-06
China,PalmFruit,PalmFruitAEZ13,PalmFruitAEZ13,2005,CH4_AWB,0
China,PalmFruit,PalmFruitAEZ14,PalmFruitAEZ14,2005,CH4_AWB,0
China,PalmFruit,PalmFruitAEZ15,PalmFruitAEZ15,2005,CH4_AWB,0
China,PalmFruit,PalmFruitAEZ16,PalmFruitAEZ16,2005,CH4_AWB,0
China,PalmFruit,PalmFruitAEZ17,PalmFruitAEZ17,2005,CH4_AWB,0
China,Rice,RiceAEZ04,RiceAEZ04,2005,CH4_AWB,1.5287216804547e-06
China,Rice,RiceAEZ05,RiceAEZ05,2005,CH4_AWB,4.20554582178405e-06
China,Rice,RiceAEZ06,RiceAEZ06,2005,CH4_AWB,0.000102963199606672
China,Rice,RiceAEZ07,RiceAEZ07,2005,CH4_AWB,6.12606266284447e-06
China,Rice,RiceAEZ08,RiceAEZ08,2005,CH4_AWB,3.91735065414051e-05
China,Rice,RiceAEZ09,RiceAEZ09,2005,CH4_AWB,7.52880893998879e-05
China,Rice,RiceAEZ10,RiceAEZ10,2005,CH4_AWB,6.98073981174471e-05
China,Rice,RiceAEZ11,RiceAEZ11,2005,CH4_AWB,0.000393971057502661
China,Rice,RiceAEZ12,RiceAEZ12,2005,CH4_AWB,0.00125404986221469
China,Rice,RiceAEZ13,RiceAEZ13,2005,CH4_AWB,3.03662081815633e-07
China,Rice,RiceAEZ14,RiceAEZ14,2005,CH4_AWB,1.19190430692961e-07
China,Rice,RiceAEZ15,RiceAEZ15,2005,CH4_AWB,4.43606431062386e-06
China,Rice,RiceAEZ16,RiceAEZ16,2005,CH4_AWB,1.14084790266501e-06
China,Rice,RiceAEZ17,RiceAEZ17,2005,CH4_AWB,4.86251469186617e-08
China,Root_Tuber,Root_TuberAEZ04,Root_TuberAEZ04,2005,CH4_AWB,1.80891371559751e-07
China,Root_Tuber,Root_TuberAEZ05,Root_TuberAEZ05,2005,CH4_AWB,4.23481351494488e-07
China,Root_Tuber,Root_TuberAEZ06,Root_TuberAEZ06,2005,CH4_AWB,9.09747178908256e-05
China,Root_Tuber,Root_TuberAEZ07,Root_TuberAEZ07,2005,CH4_AWB,1.85486909214305e-05
China,Root_Tuber,Root_TuberAEZ08,Root_TuberAEZ08,2005,CH4_AWB,0.000202410913391437
China,Root_Tuber,Root_TuberAEZ09,Root_TuberAEZ09,2005,CH4_AWB,0.000232978948623562
China,Root_Tuber,Root_TuberAEZ10,Root_TuberAEZ10,2005,CH4_AWB,0.000238077023340828
China,Root_Tuber,Root_TuberAEZ11,Root_TuberAEZ11,2005,CH4_AWB,0.000382828709682632
China,Root_Tuber,Root_TuberAEZ12,Root_TuberAEZ12,2005,CH4_AWB,0.000628460576817911
China,Root_Tuber,Root_TuberAEZ13,Root_TuberAEZ13,2005,CH4_AWB,2.1734827830512e-06
China,Root_Tuber,Root_TuberAEZ14,Root_TuberAEZ14,2005,CH4_AWB,4.44085171329133e-06
China,Root_Tuber,Root_TuberAEZ15,Root_TuberAEZ15,2005,CH4_AWB,7.16451870385086e-06
China,Root_Tuber,Root_TuberAEZ16,Root_TuberAEZ16,2005,CH4_AWB,5.3457180309385e-06
China,Root_Tuber,Root_TuberAEZ17,Root_TuberAEZ17,2005,CH4_AWB,1.99786445539271e-07
China,SugarCrop,SugarCropAEZ04,SugarCropAEZ04,2005,CH4_AWB,2.44923903004923e-06
China,SugarCrop,SugarCropAEZ05,SugarCropAEZ05,2005,CH4_AWB,6.5098985135295e-06
China,SugarCrop,SugarCropAEZ06,SugarCropAEZ06,2005,CH4_AWB,0.000433837577455411
China,SugarCrop,SugarCropAEZ07,SugarCropAEZ07,2005,CH4_AWB,2.92810847211032e-05
China,SugarCrop,SugarCropAEZ08,SugarCropAEZ08,2005,CH4_AWB,3.49224555741922e-05
China,SugarCrop,SugarCropAEZ09,SugarCropAEZ09,2005,CH4_AWB,1.42576347999029e-05
China,SugarCrop,SugarCropAEZ10,SugarCropAEZ10,2005,CH4_AWB,1.194393231407e-05
China,SugarCrop,SugarCropAEZ11,SugarCropAEZ11,2005,CH4_AWB,0.00011716467192807
China,SugarCrop,SugarCropAEZ12,SugarCropAEZ12,2005,CH4_AWB,0.00045859646919638
China,SugarCrop,SugarCropAEZ13,SugarCropAEZ13,2005,CH4_AWB,7.05519570943111e-06
China,SugarCrop,SugarCropAEZ14,SugarCropAEZ14,2005,CH4_AWB,7.76891754314543e-07
China,SugarCrop,SugarCropAEZ15,SugarCropAEZ15,2005,CH4_AWB,3.96529576161372e-06
China,SugarCrop,SugarCropAEZ16,SugarCropAEZ16,2005,CH4_AWB,3.76477345531882e-07
China,SugarCrop,SugarCropAEZ17,SugarCropAEZ17,2005,CH4_AWB,0
China,Wheat,WheatAEZ04,WheatAEZ04,2005,CH4_AWB,0
China,Wheat,WheatAEZ05,WheatAEZ05,2005,CH4_AWB,1.4715060787899e-08
China,Wheat,WheatAEZ06,WheatAEZ06,2005,CH4_AWB,8.18824629898352e-07
China,Wheat,WheatAEZ07,WheatAEZ07,2005,CH4_AWB,4.93584031425765e-05
China,Wheat,WheatAEZ08,WheatAEZ08,2005,CH4_AWB,0.000130294375015635
China,Wheat,WheatAEZ09,WheatAEZ09,2005,CH4_AWB,0.000312293102001419
China,Wheat,WheatAEZ10,WheatAEZ10,2005,CH4_AWB,0.000161291300206754
China,Wheat,WheatAEZ11,WheatAEZ11,2005,CH4_AWB,0.000276598506082265
China,Wheat,WheatAEZ12,WheatAEZ12,2005,CH4_AWB,0.00012105321225618
China,Wheat,WheatAEZ13,WheatAEZ13,2005,CH4_AWB,9.75147311914501e-06
China,Wheat,WheatAEZ14,WheatAEZ14,2005,CH4_AWB,5.8258985976972e-06
China,Wheat,WheatAEZ15,WheatAEZ15,2005,CH4_AWB,6.63887694544879e-06
China,Wheat,WheatAEZ16,WheatAEZ16,2005,CH4_AWB,2.55769091763058e-06
China,Wheat,WheatAEZ17,WheatAEZ17,2005,CH4_AWB,1.30155601638524e-07
China,Corn,CornAEZ04,CornAEZ04,2005,CO_AWB,1.46059998941468e-05
China,Corn,CornAEZ05,CornAEZ05,2005,CO_AWB,3.46952480511032e-05
China,Corn,CornAEZ06,CornAEZ06,2005,CO_AWB,0.000179376437190197
China,Corn,CornAEZ07,CornAEZ07,2005,CO_AWB,0.00186960637558682
China,Corn,CornAEZ08,CornAEZ08,2005,CO_AWB,0.016185784288188
China,Corn,CornAEZ09,CornAEZ09,2005,CO_AWB,0.0230016591563649
China,Corn,CornAEZ10,CornAEZ10,2005,CO_AWB,0.00890601030159457
China,Corn,CornAEZ11,CornAEZ11,2005,CO_AWB,0.00673657517633719
China,Corn,CornAEZ12,CornAEZ12,2005,CO_AWB,0.00564572548241035
China,Corn,CornAEZ13,CornAEZ13,2005,CO_AWB,0.000294668609969306
China,Corn,CornAEZ14,CornAEZ14,2005,CO_AWB,6.47470101900313e-05
China,Corn,CornAEZ15,CornAEZ15,2005,CO_AWB,0.000599690556652659
China,Corn,CornAEZ16,CornAEZ16,2005,CO_AWB,0.000105220356395945
China,Corn,CornAEZ17,CornAEZ17,2005,CO_AWB,8.84229766534755e-06
China,FiberCrop,FiberCropAEZ04,FiberCropAEZ04,2005,CO_AWB,0
China,FiberCrop,FiberCropAEZ05,FiberCropAEZ05,2005,CO_AWB,6.79722247123846e-07
China,FiberCrop,FiberCropAEZ06,FiberCropAEZ06,2005,CO_AWB,2.08552567804172e-06
China,FiberCrop,FiberCropAEZ07,FiberCropAEZ07,2005,CO_AWB,0.00110252452016568
China,FiberCrop,FiberCropAEZ08,FiberCropAEZ08,2005,CO_AWB,0.000453824545811725
China,FiberCrop,FiberCropAEZ09,FiberCropAEZ09,2005,CO_AWB,0.00197504544076335
China,FiberCrop,FiberCropAEZ10,FiberCropAEZ10,2005,CO_AWB,0.000738426443334889
China,FiberCrop,FiberCropAEZ11,FiberCropAEZ11,2005,CO_AWB,0.00233031464604693
China,FiberCrop,FiberCropAEZ12,FiberCropAEZ12,2005,CO_AWB,0.00235828412018988
China,FiberCrop,FiberCropAEZ13,FiberCropAEZ13,2005,CO_AWB,0.000117631416495806
China,FiberCrop,FiberCropAEZ14,FiberCropAEZ14,2005,CO_AWB,1.09632620503846e-06
China,FiberCrop,FiberCropAEZ15,FiberCropAEZ15,2005,CO_AWB,4.07206876157138e-07
China,FiberCrop,FiberCropAEZ16,FiberCropAEZ16,2005,CO_AWB,1.09632620503845e-07
China,FiberCrop,FiberCropAEZ17,FiberCropAEZ17,2005,CO_AWB,0
China,FodderGrass,FodderGrassAEZ04,FodderGrassAEZ04,2005,CO_AWB,2.3610524914324e-05
China,FodderGrass,FodderGrassAEZ05,FodderGrassAEZ05,2005,CO_AWB,6.44188147862317e-05
China,FodderGrass,FodderGrassAEZ06,FodderGrassAEZ06,2005,CO_AWB,0.00133714279459391
China,FodderGrass,FodderGrassAEZ07,FodderGrassAEZ07,2005,CO_AWB,0.00188577067677766
China,FodderGrass,FodderGrassAEZ08,FodderGrassAEZ08,2005,CO_AWB,0.0021222469742773
China,FodderGrass,FodderGrassAEZ09,FodderGrassAEZ09,2005,CO_AWB,0.00101467968068716
China,FodderGrass,FodderGrassAEZ10,FodderGrassAEZ10,2005,CO_AWB,0.00133591015086592
China,FodderGrass,FodderGrassAEZ11,FodderGrassAEZ11,2005,CO_AWB,0.00298693525231515
China,FodderGrass,FodderGrassAEZ12,FodderGrassAEZ12,2005,CO_AWB,0.0139673185518535
China,FodderGrass,FodderGrassAEZ13,FodderGrassAEZ13,2005,CO_AWB,0.000569382489572712
China,FodderGrass,FodderGrassAEZ14,FodderGrassAEZ14,2005,CO_AWB,0.000163021777406376
China,FodderGrass,FodderGrassAEZ15,FodderGrassAEZ15,2005,CO_AWB,8.98981380531226e-05
China,FodderGrass,FodderGrassAEZ16,FodderGrassAEZ16,2005,CO_AWB,0.000207163477343489
China,FodderGrass,FodderGrassAEZ17,FodderGrassAEZ17,2005,CO_AWB,6.49912033197962e-06
China,FodderHerb,FodderHerbAEZ04,FodderHerbAEZ04,2005,CO_AWB,0
China,FodderHerb,FodderHerbAEZ05,FodderHerbAEZ05,2005,CO_AWB,0
China,FodderHerb,FodderHerbAEZ06,FodderHerbAEZ06,2005,CO_AWB,0
China,FodderHerb,FodderHerbAEZ07,FodderHerbAEZ07,2005,CO_AWB,0
China,FodderHerb,FodderHerbAEZ08,FodderHerbAEZ08,2005,CO_AWB,0
China,FodderHerb,FodderHerbAEZ09,FodderHerbAEZ09,2005,CO_AWB,0
China,FodderHerb,FodderHerbAEZ10,FodderHerbAEZ10,2005,CO_AWB,0
China,FodderHerb,FodderHerbAEZ11,FodderHerbAEZ11,2005,CO_AWB,0
China,FodderHerb,FodderHerbAEZ12,FodderHerbAEZ12,2005,CO_AWB,0
China,FodderHerb,FodderHerbAEZ13,FodderHerbAEZ13,2005,CO_AWB,0
China,FodderHerb,FodderHerbAEZ14,FodderHerbAEZ14,2005,CO_AWB,0
China,FodderHerb,FodderHerbAEZ15,FodderHerbAEZ15,2005,CO_AWB,0
China,FodderHerb,FodderHerbAEZ16,FodderHerbAEZ16,2005,CO_AWB,0
China,FodderHerb,FodderHerbAEZ17,FodderHerbAEZ17,2005,CO_AWB,0
China,MiscCrop,MiscCropAEZ04,MiscCropAEZ04,2005,CO_AWB,0.000244518971865492
China,MiscCrop,MiscCropAEZ05,MiscCropAEZ05,2005,CO_AWB,0.000488609716735241
China,MiscCrop,MiscCropAEZ06,MiscCropAEZ06,2005,CO_AWB,0.0162751931642571
China,MiscCrop,MiscCropAEZ07,MiscCropAEZ07,2005,CO_AWB,0.00220746130038594
China,MiscCrop,MiscCropAEZ08,MiscCropAEZ08,2005,CO_AWB,0.0242068699072038
China,MiscCrop,MiscCropAEZ09,MiscCropAEZ09,2005,CO_AWB,0.0441217997991944
China,MiscCrop,MiscCropAEZ10,MiscCropAEZ10,2005,CO_AWB,0.0227946329243939
China,MiscCrop,MiscCropAEZ11,MiscCropAEZ11,2005,CO_AWB,0.0382761131205514
China,MiscCrop,MiscCropAEZ12,MiscCropAEZ12,2005,CO_AWB,0.103801648274411
China,MiscCrop,MiscCropAEZ13,MiscCropAEZ13,2005,CO_AWB,0.0003987180159823
China,MiscCrop,MiscCropAEZ14,MiscCropAEZ14,2005,CO_AWB,0.000111368879412646
China,MiscCrop,MiscCropAEZ15,MiscCropAEZ15,2005,CO_AWB,0.000341319989644833
China,MiscCrop,MiscCropAEZ16,MiscCropAEZ16,2005,CO_AWB,0.000111678342978508
China,MiscCrop,MiscCropAEZ17,MiscCropAEZ17,2005,CO_AWB,2.76752724031572e-06
China,OilCrop,OilCropAEZ04,OilCropAEZ04,2005,CO_AWB,3.20106668631465e-06
China,OilCrop,OilCropAEZ05,OilCropAEZ05,2005,CO_AWB,1.05238066629322e-05
China,OilCrop,OilCropAEZ06,OilCropAEZ06,2005,CO_AWB,0.000445534911265597
China,OilCrop,OilCropAEZ07,OilCropAEZ07,2005,CO_AWB,0.000293771443545034
China,OilCrop,OilCropAEZ08,OilCropAEZ08,2005,CO_AWB,0.00267259442403262
China,OilCrop,OilCropAEZ09,OilCropAEZ09,2005,CO_AWB,0.00363649255357349
China,OilCrop,OilCropAEZ10,OilCropAEZ10,2005,CO_AWB,0.0027357955364495
China,OilCrop,OilCropAEZ11,OilCropAEZ11,2005,CO_AWB,0.00436144968747097
China,OilCrop,OilCropAEZ12,OilCropAEZ12,2005,CO_AWB,0.00623685216804542
China,OilCrop,OilCropAEZ13,OilCropAEZ13,2005,CO_AWB,0.000100479313981685
China,OilCrop,OilCropAEZ14,OilCropAEZ14,2005,CO_AWB,8.16896352574116e-05
China,OilCrop,OilCropAEZ15,OilCropAEZ15,2005,CO_AWB,0.000229413696660794
China,OilCrop,OilCropAEZ16,OilCropAEZ16,2005,CO_AWB,5.60845295574409e-05
China,OilCrop,OilCropAEZ17,OilCropAEZ17,2005,CO_AWB,2.50179741477461e-06
China,OtherGrain,OtherGrainAEZ04,OtherGrainAEZ04,2005,CO_AWB,7.06526574399307e-07
China,OtherGrain,OtherGrainAEZ05,OtherGrainAEZ05,2005,CO_AWB,1.54147682296681e-06
China,OtherGrain,OtherGrainAEZ06,OtherGrainAEZ06,2005,CO_AWB,2.40886681308259e-05
China,OtherGrain,OtherGrainAEZ07,OtherGrainAEZ07,2005,CO_AWB,9.01648085215766e-05
China,OtherGrain,OtherGrainAEZ08,OtherGrainAEZ08,2005,CO_AWB,0.00210445361368542
China,OtherGrain,OtherGrainAEZ09,OtherGrainAEZ09,2005,CO_AWB,0.00125828534117621
China,OtherGrain,OtherGrainAEZ10,OtherGrainAEZ10,2005,CO_AWB,0.000278503035851083
China,OtherGrain,OtherGrainAEZ11,OtherGrainAEZ11,2005,CO_AWB,0.000376323780471236
China,OtherGrain,OtherGrainAEZ12,OtherGrainAEZ12,2005,CO_AWB,0.000384378733245518
China,OtherGrain,OtherGrainAEZ13,OtherGrainAEZ13,2005,CO_AWB,1.87439654343278e-05
China,OtherGrain,OtherGrainAEZ14,OtherGrainAEZ14,2005,CO_AWB,1.69040115704808e-05
China,OtherGrain,OtherGrainAEZ15,OtherGrainAEZ15,2005,CO_AWB,2.84307236097358e-05
China,OtherGrain,OtherGrainAEZ16,OtherGrainAEZ16,2005,CO_AWB,1.49811910544947e-05
China,OtherGrain,OtherGrainAEZ17,OtherGrainAEZ17,2005,CO_AWB,9.37846281081463e-07
China,PalmFruit,PalmFruitAEZ04,PalmFruitAEZ04,2005,CO_AWB,1.97653801412974e-05
China,PalmFruit,PalmFruitAEZ05,PalmFruitAEZ05,2005,CO_AWB,4.13259189440767e-05
China,PalmFruit,PalmFruitAEZ06,PalmFruitAEZ06,2005,CO_AWB,0.000166483883892852
China,PalmFruit,PalmFruitAEZ07,PalmFruitAEZ07,2005,CO_AWB,0
China,PalmFruit,PalmFruitAEZ08,PalmFruitAEZ08,2005,CO_AWB,0
China,PalmFruit,PalmFruitAEZ09,PalmFruitAEZ09,2005,CO_AWB,0
China,PalmFruit,PalmFruitAEZ10,PalmFruitAEZ10,2005,CO_AWB,0
China,PalmFruit,PalmFruitAEZ11,PalmFruitAEZ11,2005,CO_AWB,7.8390665425259e-06
China,PalmFruit,PalmFruitAEZ12,PalmFruitAEZ12,2005,CO_AWB,0.000198368137904568
China,PalmFruit,PalmFruitAEZ13,PalmFruitAEZ13,2005,CO_AWB,0
China,PalmFruit,PalmFruitAEZ14,PalmFruitAEZ14,2005,CO_AWB,0
China,PalmFruit,PalmFruitAEZ15,PalmFruitAEZ15,2005,CO_AWB,0
China,PalmFruit,PalmFruitAEZ16,PalmFruitAEZ16,2005,CO_AWB,0
China,PalmFruit,PalmFruitAEZ17,PalmFruitAEZ17,2005,CO_AWB,0
China,Rice,RiceAEZ04,RiceAEZ04,2005,CO_AWB,6.46372254151988e-05
China,Rice,RiceAEZ05,RiceAEZ05,2005,CO_AWB,0.000177818380384158
China,Rice,RiceAEZ06,RiceAEZ06,2005,CO_AWB,0.00435347756726195
China,Rice,RiceAEZ07,RiceAEZ07,2005,CO_AWB,0.000259021441449129
China,Rice,RiceAEZ08,RiceAEZ08,2005,CO_AWB,0.00165632947121377
China,Rice,RiceAEZ09,RiceAEZ09,2005,CO_AWB,0.00318332190080063
China,Rice,RiceAEZ10,RiceAEZ10,2005,CO_AWB,0.0029515879740934
China,Rice,RiceAEZ11,RiceAEZ11,2005,CO_AWB,0.0166578366595085
China,Rice,RiceAEZ12,RiceAEZ12,2005,CO_AWB,0.053023584778205
China,Rice,RiceAEZ13,RiceAEZ13,2005,CO_AWB,1.28394034593187e-05
China,Rice,RiceAEZ14,RiceAEZ14,2005,CO_AWB,5.03959539171581e-06
China,Rice,RiceAEZ15,RiceAEZ15,2005,CO_AWB,0.000187565135281411
China,Rice,RiceAEZ16,RiceAEZ16,2005,CO_AWB,4.823719319993e-05
China,Rice,RiceAEZ17,RiceAEZ17,2005,CO_AWB,2.05596258783603e-06
China,Root_Tuber,Root_TuberAEZ04,Root_TuberAEZ04,2005,CO_AWB,7.64842711964048e-06
China,Root_Tuber,Root_TuberAEZ05,Root_TuberAEZ05,2005,CO_AWB,1.7905587345069e-05
China,Root_Tuber,Root_TuberAEZ06,Root_TuberAEZ06,2005,CO_AWB,0.00384658203162551
China,Root_Tuber,Root_TuberAEZ07,Root_TuberAEZ07,2005,CO_AWB,0.00078427350875847
China,Root_Tuber,Root_TuberAEZ08,Root_TuberAEZ08,2005,CO_AWB,0.00855831378769164
China,Root_Tuber,Root_TuberAEZ09,Root_TuberAEZ09,2005,CO_AWB,0.00985078776059355
China,Root_Tuber,Root_TuberAEZ10,Root_TuberAEZ10,2005,CO_AWB,0.0100663439399142
China,Root_Tuber,Root_TuberAEZ11,Root_TuberAEZ11,2005,CO_AWB,0.0161867172550374
China,Root_Tuber,Root_TuberAEZ12,Root_TuberAEZ12,2005,CO_AWB,0.026572494187603
China,Root_Tuber,Root_TuberAEZ13,Root_TuberAEZ13,2005,CO_AWB,9.1898936464581e-05
China,Root_Tuber,Root_TuberAEZ14,Root_TuberAEZ14,2005,CO_AWB,0.000187767555662654
China,Root_Tuber,Root_TuberAEZ15,Root_TuberAEZ15,2005,CO_AWB,0.000302929314323896
China,Root_Tuber,Root_TuberAEZ16,Root_TuberAEZ16,2005,CO_AWB,0.000226027003992702
China,Root_Tuber,Root_TuberAEZ17,Root_TuberAEZ17,2005,CO_AWB,8.44734635501616e-06
China,SugarCrop,SugarCropAEZ04,SugarCropAEZ04,2005,CO_AWB,0.000103558428787316
China,SugarCrop,SugarCropAEZ05,SugarCropAEZ05,2005,CO_AWB,0.000275250742518362
China,SugarCrop,SugarCropAEZ06,SugarCropAEZ06,2005,CO_AWB,0.018343468040061
China,SugarCrop,SugarCropAEZ07,SugarCropAEZ07,2005,CO_AWB,0.00123805928686544
China,SugarCrop,SugarCropAEZ08,SugarCropAEZ08,2005,CO_AWB,0.00147658704776786
China,SugarCrop,SugarCropAEZ09,SugarCropAEZ09,2005,CO_AWB,0.000602839592210658
China,SugarCrop,SugarCropAEZ10,SugarCropAEZ10,2005,CO_AWB,0.000505011903212357
China,SugarCrop,SugarCropAEZ11,SugarCropAEZ11,2005,CO_AWB,0.0049539425043412
China,SugarCrop,SugarCropAEZ12,SugarCropAEZ12,2005,CO_AWB,0.0193903205096456
China,SugarCrop,SugarCropAEZ13,SugarCropAEZ13,2005,CO_AWB,0.000298306932680644
China,SugarCrop,SugarCropAEZ14,SugarCropAEZ14,2005,CO_AWB,3.28484433032323e-05
China,SugarCrop,SugarCropAEZ15,SugarCropAEZ15,2005,CO_AWB,0.000167660156363533
China,SugarCrop,SugarCropAEZ16,SugarCropAEZ16,2005,CO_AWB,1.59181696432943e-05
China,SugarCrop,SugarCropAEZ17,SugarCropAEZ17,2005,CO_AWB,0
China,Wheat,WheatAEZ04,WheatAEZ04,2005,CO_AWB,0
China,Wheat,WheatAEZ05,WheatAEZ05,2005,CO_AWB,6.22180422575597e-07
China,Wheat,WheatAEZ06,WheatAEZ06,2005,CO_AWB,3.46214440829505e-05
China,Wheat,WheatAEZ07,WheatAEZ07,2005,CO_AWB,0.00208696603891431
China,Wheat,WheatAEZ08,WheatAEZ08,2005,CO_AWB,0.00550909102415101
China,Wheat,WheatAEZ09,WheatAEZ09,2005,CO_AWB,0.0132043392121405
China,Wheat,WheatAEZ10,WheatAEZ10,2005,CO_AWB,0.0068196992704869
China,Wheat,WheatAEZ11,WheatAEZ11,2005,CO_AWB,0.0116951046195857
China,Wheat,WheatAEZ12,WheatAEZ12,2005,CO_AWB,0.00511835729673781
China,Wheat,WheatAEZ13,WheatAEZ13,2005,CO_AWB,0.00041231060839338
China,Wheat,WheatAEZ14,WheatAEZ14,2005,CO_AWB,0.000246329940708002
China,Wheat,WheatAEZ15,WheatAEZ15,2005,CO_AWB,0.000280704192995486
China,Wheat,WheatAEZ16,WheatAEZ16,2005,CO_AWB,0.000108143978396461
China,Wheat,WheatAEZ17,WheatAEZ17,2005,CO_AWB,5.50322342498458e-06
China,Corn,CornAEZ04,CornAEZ04,2005,N2O_AWB,8.94907295101693e-09
China,Corn,CornAEZ05,CornAEZ05,2005,N2O_AWB,2.12577234090887e-08
China,Corn,CornAEZ06,CornAEZ06,2005,N2O_AWB,1.0990365834193e-07
China,Corn,CornAEZ07,CornAEZ07,2005,N2O_AWB,1.14550485869288e-06
China,Corn,CornAEZ08,CornAEZ08,2005,N2O_AWB,9.91700434165169e-06
China,Corn,CornAEZ09,CornAEZ09,2005,N2O_AWB,1.40930800545347e-05
China,Corn,CornAEZ10,CornAEZ10,2005,N2O_AWB,5.4566983752627e-06
China,Corn,CornAEZ11,CornAEZ11,2005,N2O_AWB,4.12748891756533e-06
China,Corn,CornAEZ12,CornAEZ12,2005,N2O_AWB,3.4591270416038e-06
China,Corn,CornAEZ13,CornAEZ13,2005,N2O_AWB,1.80542989600241e-07
China,Corn,CornAEZ14,CornAEZ14,2005,N2O_AWB,3.96703903704001e-08
China,Corn,CornAEZ15,CornAEZ15,2005,N2O_AWB,3.67429452171311e-07
China,Corn,CornAEZ16,CornAEZ16,2005,N2O_AWB,6.44683453473567e-08
China,Corn,CornAEZ17,CornAEZ17,2005,N2O_AWB,5.41766174416532e-09
China,FiberCrop,FiberCropAEZ04,FiberCropAEZ04,2005,N2O_AWB,0
China,FiberCrop,FiberCropAEZ05,FiberCropAEZ05,2005,N2O_AWB,4.16464741888579e-10
China,FiberCrop,FiberCropAEZ06,FiberCropAEZ06,2005,N2O_AWB,1.27779827257794e-09
China,FiberCrop,FiberCropAEZ07,FiberCropAEZ07,2005,N2O_AWB,6.75515023466593e-07
China,FiberCrop,FiberCropAEZ08,FiberCropAEZ08,2005,N2O_AWB,2.78057578862422e-07
China,FiberCrop,FiberCropAEZ09,FiberCropAEZ09,2005,N2O_AWB,1.21010720656294e-06
China,FiberCrop,FiberCropAEZ10,FiberCropAEZ10,2005,N2O_AWB,4.52432709725821e-07
China,FiberCrop,FiberCropAEZ11,FiberCropAEZ11,2005,N2O_AWB,1.42778008472082e-06
China,FiberCrop,FiberCropAEZ12,FiberCropAEZ12,2005,N2O_AWB,1.44491693713221e-06
China,FiberCrop,FiberCropAEZ13,FiberCropAEZ13,2005,N2O_AWB,7.2072582170446e-08
China,FiberCrop,FiberCropAEZ14,FiberCropAEZ14,2005,N2O_AWB,6.71717325626736e-10
China,FiberCrop,FiberCropAEZ15,FiberCropAEZ15,2005,N2O_AWB,2.49495006661358e-10
China,FiberCrop,FiberCropAEZ16,FiberCropAEZ16,2005,N2O_AWB,6.7171732562673e-11
China,FiberCrop,FiberCropAEZ17,FiberCropAEZ17,2005,N2O_AWB,0
China,FodderGrass,FodderGrassAEZ04,FodderGrassAEZ04,2005,N2O_AWB,1.44661311379826e-08
China,FodderGrass,FodderGrassAEZ05,FodderGrassAEZ05,2005,N2O_AWB,3.94693055674372e-08
China,FodderGrass,FodderGrassAEZ06,FodderGrassAEZ06,2005,N2O_AWB,8.19265267798807e-07
China,FodderGrass,FodderGrassAEZ07,FodderGrassAEZ07,2005,N2O_AWB,1.15540870037488e-06
China,FodderGrass,FodderGrassAEZ08,FodderGrassAEZ08,2005,N2O_AWB,1.30029735249371e-06
China,FodderGrass,FodderGrassAEZ09,FodderGrassAEZ09,2005,N2O_AWB,6.21692629754355e-07
China,FodderGrass,FodderGrassAEZ10,FodderGrassAEZ10,2005,N2O_AWB,8.18510028943249e-07
China,FodderGrass,FodderGrassAEZ11,FodderGrassAEZ11,2005,N2O_AWB,1.83009048792643e-06
China,FodderGrass,FodderGrassAEZ12,FodderGrassAEZ12,2005,N2O_AWB,8.55775390637373e-06
China,FodderGrass,FodderGrassAEZ13,FodderGrassAEZ13,2005,N2O_AWB,3.48859747579471e-07
China,FodderGrass,FodderGrassAEZ14,FodderGrassAEZ14,2005,N2O_AWB,9.98831842521607e-08
China,FodderGrass,FodderGrassAEZ15,FodderGrassAEZ15,2005,N2O_AWB,5.5080446489691e-08
China,FodderGrass,FodderGrassAEZ16,FodderGrassAEZ16,2005,N2O_AWB,1.2692873373744e-07
China,FodderGrass,FodderGrassAEZ17,FodderGrassAEZ17,2005,N2O_AWB,3.98200071133989e-09
China,FodderHerb,FodderHerbAEZ04,FodderHerbAEZ04,2005,N2O_AWB,0
China,FodderHerb,FodderHerbAEZ05,FodderHerbAEZ05,2005,N2O_AWB,0
China,FodderHerb,FodderHerbAEZ06,FodderHerbAEZ06,2005,N2O_AWB,0
China,FodderHerb,FodderHerbAEZ07,FodderHerbAEZ07,2005,N2O_AWB,0
China,FodderHerb,FodderHerbAEZ08,FodderHerbAEZ08,2005,N2O_AWB,0
China,FodderHerb,FodderHerbAEZ09,FodderHerbAEZ09,2005,N2O_AWB,0
China,FodderHerb,FodderHerbAEZ10,FodderHerbAEZ10,2005,N2O_AWB,0
China,FodderHerb,FodderHerbAEZ11,FodderHerbAEZ11,2005,N2O_AWB,0
China,FodderHerb,FodderHerbAEZ12,FodderHerbAEZ12,2005,N2O_AWB,0
China,FodderHerb,FodderHerbAEZ13,FodderHerbAEZ13,2005,N2O_AWB,0
China,FodderHerb,FodderHerbAEZ14,FodderHerbAEZ14,2005,N2O_AWB,0
China,FodderHerb,FodderHerbAEZ15,FodderHerbAEZ15,2005,N2O_AWB,0
China,FodderHerb,FodderHerbAEZ16,FodderHerbAEZ16,2005,N2O_AWB,0
China,FodderHerb,FodderHerbAEZ17,FodderHerbAEZ17,2005,N2O_AWB,0
China,MiscCrop,MiscCropAEZ04,MiscCropAEZ04,2005,N2O_AWB,1.49816385936635e-07
China,MiscCrop,MiscCropAEZ05,MiscCropAEZ05,2005,N2O_AWB,2.99370397872703e-07
China,MiscCrop,MiscCropAEZ06,MiscCropAEZ06,2005,N2O_AWB,9.97178501810038e-06
China,MiscCrop,MiscCropAEZ07,MiscCropAEZ07,2005,N2O_AWB,1.35250803483964e-06
China,MiscCrop,MiscCropAEZ08,MiscCropAEZ08,2005,N2O_AWB,1.48315107685407e-05
China,MiscCrop,MiscCropAEZ09,MiscCropAEZ09,2005,N2O_AWB,2.70333567023635e-05
China,MiscCrop,MiscCropAEZ10,MiscCropAEZ10,2005,N2O_AWB,1.39662354108191e-05
China,MiscCrop,MiscCropAEZ11,MiscCropAEZ11,2005,N2O_AWB,2.34517137532267e-05
China,MiscCrop,MiscCropAEZ12,MiscCropAEZ12,2005,N2O_AWB,6.35991051332106e-05
China,MiscCrop,MiscCropAEZ13,MiscCropAEZ13,2005,N2O_AWB,2.44293895506616e-07
China,MiscCrop,MiscCropAEZ14,MiscCropAEZ14,2005,N2O_AWB,6.82355356401293e-08
China,MiscCrop,MiscCropAEZ15,MiscCropAEZ15,2005,N2O_AWB,2.09126215877628e-07
China,MiscCrop,MiscCropAEZ16,MiscCropAEZ16,2005,N2O_AWB,6.84251434757207e-08
China,MiscCrop,MiscCropAEZ17,MiscCropAEZ17,2005,N2O_AWB,1.69565954724106e-09
China,OilCrop,OilCropAEZ04,OilCropAEZ04,2005,N2O_AWB,1.96128847764676e-09
China,OilCrop,OilCropAEZ05,OilCropAEZ05,2005,N2O_AWB,6.44791963792354e-09
China,OilCrop,OilCropAEZ06,OilCropAEZ06,2005,N2O_AWB,2.7297853293416e-07
China,OilCrop,OilCropAEZ07,OilCropAEZ07,2005,N2O_AWB,1.79993297156164e-07
China,OilCrop,OilCropAEZ08,OilCropAEZ08,2005,N2O_AWB,1.63749436139142e-06
China,OilCrop,OilCropAEZ09,OilCropAEZ09,2005,N2O_AWB,2.22807321536407e-06
China,OilCrop,OilCropAEZ10,OilCropAEZ10,2005,N2O_AWB,1.67621758265001e-06
China,OilCrop,OilCropAEZ11,OilCropAEZ11,2005,N2O_AWB,2.67225330057745e-06
China,OilCrop,OilCropAEZ12,OilCropAEZ12,2005,N2O_AWB,3.82130942359609e-06
China,OilCrop,OilCropAEZ13,OilCropAEZ13,2005,N2O_AWB,6.15635161856039e-08
China,OilCrop,OilCropAEZ14,OilCropAEZ14,2005,N2O_AWB,5.00511098561284e-08
China,OilCrop,OilCropAEZ15,OilCropAEZ15,2005,N2O_AWB,1.40561407795344e-07
China,OilCrop,OilCropAEZ16,OilCropAEZ16,2005,N2O_AWB,3.43629022367812e-08
China,OilCrop,OilCropAEZ17,OilCropAEZ17,2005,N2O_AWB,1.53284730492539e-09
China,OtherGrain,OtherGrainAEZ04,OtherGrainAEZ04,2005,N2O_AWB,4.32887710663703e-10
China,OtherGrain,OtherGrainAEZ05,OtherGrainAEZ05,2005,N2O_AWB,9.44460402643154e-10
China,OtherGrain,OtherGrainAEZ06,OtherGrainAEZ06,2005,N2O_AWB,1.47590887277759e-08
China,OtherGrain,OtherGrainAEZ07,OtherGrainAEZ07,2005,N2O_AWB,5.52438350624263e-08
China,OtherGrain,OtherGrainAEZ08,OtherGrainAEZ08,2005,N2O_AWB,1.28939538870249e-06
China,OtherGrain,OtherGrainAEZ09,OtherGrainAEZ09,2005,N2O_AWB,7.70949431260346e-07
China,OtherGrain,OtherGrainAEZ10,OtherGrainAEZ10,2005,N2O_AWB,1.70638367997648e-07
China,OtherGrain,OtherGrainAEZ11,OtherGrainAEZ11,2005,N2O_AWB,2.30572982955392e-07
China,OtherGrain,OtherGrainAEZ12,OtherGrainAEZ12,2005,N2O_AWB,2.35508239734555e-07
China,OtherGrain,OtherGrainAEZ13,OtherGrainAEZ13,2005,N2O_AWB,1.14843978692866e-08
China,OtherGrain,OtherGrainAEZ14,OtherGrainAEZ14,2005,N2O_AWB,1.03570610574692e-08
China,OtherGrain,OtherGrainAEZ15,OtherGrainAEZ15,2005,N2O_AWB,1.74194592275524e-08
China,OtherGrain,OtherGrainAEZ16,OtherGrainAEZ16,2005,N2O_AWB,9.17895197942056e-09
China,OtherGrain,OtherGrainAEZ17,OtherGrainAEZ17,2005,N2O_AWB,5.74616927773722e-10
China,PalmFruit,PalmFruitAEZ04,PalmFruitAEZ04,2005,N2O_AWB,1.21102170389537e-08
China,PalmFruit,PalmFruitAEZ05,PalmFruitAEZ05,2005,N2O_AWB,2.5320324940339e-08
China,PalmFruit,PalmFruitAEZ06,PalmFruitAEZ06,2005,N2O_AWB,1.02004411401018e-07
China,PalmFruit,PalmFruitAEZ07,PalmFruitAEZ07,2005,N2O_AWB,0
China,PalmFruit,PalmFruitAEZ08,PalmFruitAEZ08,2005,N2O_AWB,0
China,PalmFruit,PalmFruitAEZ09,PalmFruitAEZ09,2005,N2O_AWB,0
China,PalmFruit,PalmFruitAEZ10,PalmFruitAEZ10,2005,N2O_AWB,0
China,PalmFruit,PalmFruitAEZ11,PalmFruitAEZ11,2005,N2O_AWB,4.80298362764285e-09
China,PalmFruit,PalmFruitAEZ12,PalmFruitAEZ12,2005,N2O_AWB,1.21539843224069e-07
China,PalmFruit,PalmFruitAEZ13,PalmFruitAEZ13,2005,N2O_AWB,0
China,PalmFruit,PalmFruitAEZ14,PalmFruitAEZ14,2005,N2O_AWB,0
China,PalmFruit,PalmFruitAEZ15,PalmFruitAEZ15,2005,N2O_AWB,0
China,PalmFruit,PalmFruitAEZ16,PalmFruitAEZ16,2005,N2O_AWB,0
China,PalmFruit,PalmFruitAEZ17,PalmFruitAEZ17,2005,N2O_AWB,0
China,Rice,RiceAEZ04,RiceAEZ04,2005,N2O_AWB,3.96031254131218e-08
China,Rice,RiceAEZ05,RiceAEZ05,2005,N2O_AWB,1.08949039409976e-07
China,Rice,RiceAEZ06,RiceAEZ06,2005,N2O_AWB,2.66736879517955e-06
China,Rice,RiceAEZ07,RiceAEZ07,2005,N2O_AWB,1.58702026030736e-07
China,Rice,RiceAEZ08,RiceAEZ08,2005,N2O_AWB,1.01483043791828e-06
China,Rice,RiceAEZ09,RiceAEZ09,2005,N2O_AWB,1.95041627572864e-06
China,Rice,RiceAEZ10,RiceAEZ10,2005,N2O_AWB,1.80843326666675e-06
China,Rice,RiceAEZ11,RiceAEZ11,2005,N2O_AWB,1.02062300802703e-05
China,Rice,RiceAEZ12,RiceAEZ12,2005,N2O_AWB,3.2487466229186e-05
China,Rice,RiceAEZ13,RiceAEZ13,2005,N2O_AWB,7.86668211951908e-09
China,Rice,RiceAEZ14,RiceAEZ14,2005,N2O_AWB,3.08775209714651e-09
China,Rice,RiceAEZ15,RiceAEZ15,2005,N2O_AWB,1.14920860664484e-07
China,Rice,RiceAEZ16,RiceAEZ16,2005,N2O_AWB,2.95548517066238e-08
China,Rice,RiceAEZ17,RiceAEZ17,2005,N2O_AWB,1.25968501413446e-09
China,Root_Tuber,Root_TuberAEZ04,Root_TuberAEZ04,2005,N2O_AWB,4.68617915584322e-09
China,Root_Tuber,Root_TuberAEZ05,Root_TuberAEZ05,2005,N2O_AWB,1.09707249447565e-08
China,Root_Tuber,Root_TuberAEZ06,Root_TuberAEZ06,2005,N2O_AWB,2.35679470509119e-06
China,Root_Tuber,Root_TuberAEZ07,Root_TuberAEZ07,2005,N2O_AWB,4.80523133937729e-07
China,Root_Tuber,Root_TuberAEZ08,Root_TuberAEZ08,2005,N2O_AWB,5.24366527309361e-06
China,Root_Tuber,Root_TuberAEZ09,Root_TuberAEZ09,2005,N2O_AWB,6.03556202474462e-06
China,Root_Tuber,Root_TuberAEZ10,Root_TuberAEZ10,2005,N2O_AWB,6.16763295366171e-06
China,Root_Tuber,Root_TuberAEZ11,Root_TuberAEZ11,2005,N2O_AWB,9.91757596895945e-06
China,Root_Tuber,Root_TuberAEZ12,Root_TuberAEZ12,2005,N2O_AWB,1.62809250101821e-05
China,Root_Tuber,Root_TuberAEZ13,Root_TuberAEZ13,2005,N2O_AWB,5.6306332500521e-08
China,Root_Tuber,Root_TuberAEZ14,Root_TuberAEZ14,2005,N2O_AWB,1.15044883310769e-07
China,Root_Tuber,Root_TuberAEZ15,Root_TuberAEZ15,2005,N2O_AWB,1.85604310046069e-07
China,Root_Tuber,Root_TuberAEZ16,Root_TuberAEZ16,2005,N2O_AWB,1.38486386573306e-07
China,Root_Tuber,Root_TuberAEZ17,Root_TuberAEZ17,2005,N2O_AWB,5.17567570323212e-09
China,SugarCrop,SugarCropAEZ04,SugarCropAEZ04,2005,N2O_AWB,6.34500849395304e-08
China,SugarCrop,SugarCropAEZ05,SugarCropAEZ05,2005,N2O_AWB,1.6864569303506e-07
China,SugarCrop,SugarCropAEZ06,SugarCropAEZ06,2005,N2O_AWB,1.12390137515294e-05
China,SugarCrop,SugarCropAEZ07,SugarCropAEZ07,2005,N2O_AWB,7.58556959888983e-07
China,SugarCrop,SugarCropAEZ08,SugarCropAEZ08,2005,N2O_AWB,9.04702540378403e-07
China,SugarCrop,SugarCropAEZ09,SugarCropAEZ09,2005,N2O_AWB,3.69358861259228e-07
China,SugarCrop,SugarCropAEZ10,SugarCropAEZ10,2005,N2O_AWB,3.09419991492015e-07
China,SugarCrop,SugarCropAEZ11,SugarCropAEZ11,2005,N2O_AWB,3.03527270900905e-06
China,SugarCrop,SugarCropAEZ12,SugarCropAEZ12,2005,N2O_AWB,1.18804185979733e-05
China,SugarCrop,SugarCropAEZ13,SugarCropAEZ13,2005,N2O_AWB,1.82772184150363e-07
China,SugarCrop,SugarCropAEZ14,SugarCropAEZ14,2005,N2O_AWB,2.01261890715043e-08
China,SugarCrop,SugarCropAEZ15,SugarCropAEZ15,2005,N2O_AWB,1.02725111676704e-07
China,SugarCrop,SugarCropAEZ16,SugarCropAEZ16,2005,N2O_AWB,9.7530372735105e-09
China,SugarCrop,SugarCropAEZ17,SugarCropAEZ17,2005,N2O_AWB,0
China,Wheat,WheatAEZ04,WheatAEZ04,2005,N2O_AWB,0
China,Wheat,WheatAEZ05,WheatAEZ05,2005,N2O_AWB,3.81208957324096e-10
China,Wheat,WheatAEZ06,WheatAEZ06,2005,N2O_AWB,2.12125038349506e-08
China,Wheat,WheatAEZ07,WheatAEZ07,2005,N2O_AWB,1.27868077939829e-06
China,Wheat,WheatAEZ08,WheatAEZ08,2005,N2O_AWB,3.3754113259084e-06
China,Wheat,WheatAEZ09,WheatAEZ09,2005,N2O_AWB,8.09027767600991e-06
China,Wheat,WheatAEZ10,WheatAEZ10,2005,N2O_AWB,4.17841891810785e-06
China,Wheat,WheatAEZ11,WheatAEZ11,2005,N2O_AWB,7.16557203676204e-06
China,Wheat,WheatAEZ12,WheatAEZ12,2005,N2O_AWB,3.13600939133459e-06
China,Wheat,WheatAEZ13,WheatAEZ13,2005,N2O_AWB,2.5262205530134e-07
China,Wheat,WheatAEZ14,WheatAEZ14,2005,N2O_AWB,1.50925963671887e-07
China,Wheat,WheatAEZ15,WheatAEZ15,2005,N2O_AWB,1.71987013486123e-07
China,Wheat,WheatAEZ16,WheatAEZ16,2005,N2O_AWB,6.6259643906403e-08
China,Wheat,WheatAEZ17,WheatAEZ17,2005,N2O_AWB,3.37181625721277e-09
China,Corn,CornAEZ04,CornAEZ04,2005,NH3_AWB,1.6623018927148e-07
China,Corn,CornAEZ05,CornAEZ05,2005,NH3_AWB,3.94864965914937e-07
China,Corn,CornAEZ06,CornAEZ06,2005,NH3_AWB,2.04147468992652e-06
China,Corn,CornAEZ07,CornAEZ07,2005,NH3_AWB,2.12779011316786e-05
China,Corn,CornAEZ08,CornAEZ08,2005,NH3_AWB,0.000184209640232235
China,Corn,CornAEZ09,CornAEZ09,2005,NH3_AWB,0.000261780787541486
China,Corn,CornAEZ10,CornAEZ10,2005,NH3_AWB,0.000101358879146719
China,Corn,CornAEZ11,CornAEZ11,2005,NH3_AWB,7.66686412925995e-05
China,Corn,CornAEZ12,CornAEZ12,2005,NH3_AWB,6.42537328712416e-05
China,Corn,CornAEZ13,CornAEZ13,2005,NH3_AWB,3.3536094182221e-06
China,Corn,CornAEZ14,CornAEZ14,2005,NH3_AWB,7.36882639781785e-07
China,Corn,CornAEZ15,CornAEZ15,2005,NH3_AWB,6.82504966857073e-06
China,Corn,CornAEZ16,CornAEZ16,2005,NH3_AWB,1.19750786564909e-06
China,Corn,CornAEZ17,CornAEZ17,2005,NH3_AWB,1.00633768667527e-07
China,FiberCrop,FiberCropAEZ04,FiberCropAEZ04,2005,NH3_AWB,0
China,FiberCrop,FiberCropAEZ05,FiberCropAEZ05,2005,NH3_AWB,7.73588652679044e-09
China,FiberCrop,FiberCropAEZ06,FiberCropAEZ06,2005,NH3_AWB,2.37352684310463e-08
China,FiberCrop,FiberCropAEZ07,FiberCropAEZ07,2005,NH3_AWB,1.2547779062838e-05
China,FiberCrop,FiberCropAEZ08,FiberCropAEZ08,2005,NH3_AWB,5.16495554519059e-06
China,FiberCrop,FiberCropAEZ09,FiberCropAEZ09,2005,NH3_AWB,2.24778981115448e-05
China,FiberCrop,FiberCropAEZ10,FiberCropAEZ10,2005,NH3_AWB,8.4039961884304e-06
China,FiberCrop,FiberCropAEZ11,FiberCropAEZ11,2005,NH3_AWB,2.65212000192961e-05
China,FiberCrop,FiberCropAEZ12,FiberCropAEZ12,2005,NH3_AWB,2.68395192726372e-05
China,FiberCrop,FiberCropAEZ13,FiberCropAEZ13,2005,NH3_AWB,1.33875754964274e-06
China,FiberCrop,FiberCropAEZ14,FiberCropAEZ14,2005,NH3_AWB,1.24772363335329e-08
China,FiberCrop,FiberCropAEZ15,FiberCropAEZ15,2005,NH3_AWB,4.63440206674077e-09
China,FiberCrop,FiberCropAEZ16,FiberCropAEZ16,2005,NH3_AWB,1.24772363335328e-09
China,FiberCrop,FiberCropAEZ17,FiberCropAEZ17,2005,NH3_AWB,0
China,FodderGrass,FodderGrassAEZ04,FodderGrassAEZ04,2005,NH3_AWB,2.68710259739211e-07
China,FodderGrass,FodderGrassAEZ05,FodderGrassAEZ05,2005,NH3_AWB,7.33147463519495e-07
China,FodderGrass,FodderGrassAEZ06,FodderGrassAEZ06,2005,NH3_AWB,1.52179584718069e-05
China,FodderGrass,FodderGrassAEZ07,FodderGrassAEZ07,2005,NH3_AWB,2.14618662738029e-05
China,FodderGrass,FodderGrassAEZ08,FodderGrassAEZ08,2005,NH3_AWB,2.41531917548702e-05
China,FodderGrass,FodderGrassAEZ09,FodderGrassAEZ09,2005,NH3_AWB,1.15480211278205e-05
China,FodderGrass,FodderGrassAEZ10,FodderGrassAEZ10,2005,NH3_AWB,1.5203929812236e-05
China,FodderGrass,FodderGrassAEZ11,FodderGrassAEZ11,2005,NH3_AWB,3.39941678715867e-05
China,FodderGrass,FodderGrassAEZ12,FodderGrassAEZ12,2005,NH3_AWB,0.000158961387328238
China,FodderGrass,FodderGrassAEZ13,FodderGrassAEZ13,2005,NH3_AWB,6.48011500037515e-06
China,FodderGrass,FodderGrassAEZ14,FodderGrassAEZ14,2005,NH3_AWB,1.85534308572019e-06
China,FodderGrass,FodderGrassAEZ15,FodderGrassAEZ15,2005,NH3_AWB,1.02312642831887e-06
China,FodderGrass,FodderGrassAEZ16,FodderGrassAEZ16,2005,NH3_AWB,2.35771767071876e-06
China,FodderGrass,FodderGrassAEZ17,FodderGrassAEZ17,2005,NH3_AWB,7.39661790163395e-08
China,FodderHerb,FodderHerbAEZ04,FodderHerbAEZ04,2005,NH3_AWB,0
China,FodderHerb,FodderHerbAEZ05,FodderHerbAEZ05,2005,NH3_AWB,0
China,FodderHerb,FodderHerbAEZ06,FodderHerbAEZ06,2005,NH3_AWB,0
China,FodderHerb,FodderHerbAEZ07,FodderHerbAEZ07,2005,NH3_AWB,0
China,FodderHerb,FodderHerbAEZ08,FodderHerbAEZ08,2005,NH3_AWB,0
China,FodderHerb,FodderHerbAEZ09,FodderHerbAEZ09,2005,NH3_AWB,0
China,FodderHerb,FodderHerbAEZ10,FodderHerbAEZ10,2005,NH3_AWB,0
China,FodderHerb,FodderHerbAEZ11,FodderHerbAEZ11,2005,NH3_AWB,0
China,FodderHerb,FodderHerbAEZ12,FodderHerbAEZ12,2005,NH3_AWB,0
China,FodderHerb,FodderHerbAEZ13,FodderHerbAEZ13,2005,NH3_AWB,0
China,FodderHerb,FodderHerbAEZ14,FodderHerbAEZ14,2005,NH3_AWB,0
China,FodderHerb,FodderHerbAEZ15,FodderHerbAEZ15,2005,NH3_AWB,0
China,FodderHerb,FodderHerbAEZ16,FodderHerbAEZ16,2005,NH3_AWB,0
China,FodderHerb,FodderHerbAEZ17,FodderHerbAEZ17,2005,NH3_AWB,0
China,MiscCrop,MiscCropAEZ04,MiscCropAEZ04,2005,NH3_AWB,2.7828587750406e-06
China,MiscCrop,MiscCropAEZ05,MiscCropAEZ05,2005,NH3_AWB,5.56084391903441e-06
China,MiscCrop,MiscCropAEZ06,MiscCropAEZ06,2005,NH3_AWB,0.000185227198393212
China,MiscCrop,MiscCropAEZ07,MiscCropAEZ07,2005,NH3_AWB,2.51230119424876e-05
China,MiscCrop,MiscCropAEZ08,MiscCropAEZ08,2005,NH3_AWB,0.000275497233705795
China,MiscCrop,MiscCropAEZ09,MiscCropAEZ09,2005,NH3_AWB,0.000502148102476546
China,MiscCrop,MiscCropAEZ10,MiscCropAEZ10,2005,NH3_AWB,0.000259424631853817
China,MiscCrop,MiscCropAEZ11,MiscCropAEZ11,2005,NH3_AWB,0.000435618620752942
China,MiscCrop,MiscCropAEZ12,MiscCropAEZ12,2005,NH3_AWB,0.00118136161607544
China,MiscCrop,MiscCropAEZ13,MiscCropAEZ13,2005,NH3_AWB,4.53779075332237e-06
China,MiscCrop,MiscCropAEZ14,MiscCropAEZ14,2005,NH3_AWB,1.26748391331535e-06
China,MiscCrop,MiscCropAEZ15,MiscCropAEZ15,2005,NH3_AWB,3.88454654881501e-06
China,MiscCrop,MiscCropAEZ16,MiscCropAEZ16,2005,NH3_AWB,1.27100590342207e-06
China,MiscCrop,MiscCropAEZ17,MiscCropAEZ17,2005,NH3_AWB,3.14970957350217e-08
China,OilCrop,OilCropAEZ04,OilCropAEZ04,2005,NH3_AWB,3.64311875252001e-08
China,OilCrop,OilCropAEZ05,OilCropAEZ05,2005,NH3_AWB,1.19770942497181e-07
China,OilCrop,OilCropAEZ06,OilCropAEZ06,2005,NH3_AWB,5.07061160916561e-06
China,OilCrop,OilCropAEZ07,OilCropAEZ07,2005,NH3_AWB,3.34339880986967e-06
China,OilCrop,OilCropAEZ08,OilCropAEZ08,2005,NH3_AWB,3.04166698735141e-05
China,OilCrop,OilCropAEZ09,OilCropAEZ09,2005,NH3_AWB,4.13867485859078e-05
China,OilCrop,OilCropAEZ10,OilCropAEZ10,2005,NH3_AWB,3.11359587243539e-05
China,OilCrop,OilCropAEZ11,OilCropAEZ11,2005,NH3_AWB,4.96374512050268e-05
China,OilCrop,OilCropAEZ12,OilCropAEZ12,2005,NH3_AWB,7.09813175315646e-05
China,OilCrop,OilCropAEZ13,OilCropAEZ13,2005,NH3_AWB,1.14355028769632e-06
China,OilCrop,OilCropAEZ14,OilCropAEZ14,2005,NH3_AWB,9.2970584888197e-07
China,OilCrop,OilCropAEZ15,OilCropAEZ15,2005,NH3_AWB,2.61094635723475e-06
China,OilCrop,OilCropAEZ16,OilCropAEZ16,2005,NH3_AWB,6.38295360201351e-07
China,OilCrop,OilCropAEZ17,OilCropAEZ17,2005,NH3_AWB,2.84728372443396e-08
China,OtherGrain,OtherGrainAEZ04,OtherGrainAEZ04,2005,NH3_AWB,8.04094529911593e-09
China,OtherGrain,OtherGrainAEZ05,OtherGrainAEZ05,2005,NH3_AWB,1.7543474318527e-08
China,OtherGrain,OtherGrainAEZ06,OtherGrainAEZ06,2005,NH3_AWB,2.74151984917495e-07
China,OtherGrain,OtherGrainAEZ07,OtherGrainAEZ07,2005,NH3_AWB,1.02616139222175e-06
China,OtherGrain,OtherGrainAEZ08,OtherGrainAEZ08,2005,NH3_AWB,2.39506863652769e-05
China,OtherGrain,OtherGrainAEZ09,OtherGrainAEZ09,2005,NH3_AWB,1.43204855495769e-05
China,OtherGrain,OtherGrainAEZ10,OtherGrainAEZ10,2005,NH3_AWB,3.16962978897185e-06
China,OtherGrain,OtherGrainAEZ11,OtherGrainAEZ11,2005,NH3_AWB,4.28292302536312e-06
China,OtherGrain,OtherGrainAEZ12,OtherGrainAEZ12,2005,NH3_AWB,4.37459605931803e-06
China,OtherGrain,OtherGrainAEZ13,OtherGrainAEZ13,2005,NH3_AWB,2.13324178038302e-07
China,OtherGrain,OtherGrainAEZ14,OtherGrainAEZ14,2005,NH3_AWB,1.9238375073071e-07
China,OtherGrain,OtherGrainAEZ15,OtherGrainAEZ15,2005,NH3_AWB,3.23568711558422e-07
China,OtherGrain,OtherGrainAEZ16,OtherGrainAEZ16,2005,NH3_AWB,1.70500222001154e-07
China,OtherGrain,OtherGrainAEZ17,OtherGrainAEZ17,2005,NH3_AWB,1.06735838656414e-08
China,PalmFruit,PalmFruitAEZ04,PalmFruitAEZ04,2005,NH3_AWB,2.24948850179528e-07
China,PalmFruit,PalmFruitAEZ05,PalmFruitAEZ05,2005,NH3_AWB,4.70328315601635e-07
China,PalmFruit,PalmFruitAEZ06,PalmFruitAEZ06,2005,NH3_AWB,1.89474515478056e-06
China,PalmFruit,PalmFruitAEZ07,PalmFruitAEZ07,2005,NH3_AWB,0
China,PalmFruit,PalmFruitAEZ08,PalmFruitAEZ08,2005,NH3_AWB,0
China,PalmFruit,PalmFruitAEZ09,PalmFruitAEZ09,2005,NH3_AWB,0
China,PalmFruit,PalmFruitAEZ10,PalmFruitAEZ10,2005,NH3_AWB,0
China,PalmFruit,PalmFruitAEZ11,PalmFruitAEZ11,2005,NH3_AWB,8.92160430316043e-08
China,PalmFruit,PalmFruitAEZ12,PalmFruitAEZ12,2005,NH3_AWB,2.25761833139009e-06
China,PalmFruit,PalmFruitAEZ13,PalmFruitAEZ13,2005,NH3_AWB,0
China,PalmFruit,PalmFruitAEZ14,PalmFruitAEZ14,2005,NH3_AWB,0
China,PalmFruit,PalmFruitAEZ15,PalmFruitAEZ15,2005,NH3_AWB,0
China,PalmFruit,PalmFruitAEZ16,PalmFruitAEZ16,2005,NH3_AWB,0
China,PalmFruit,PalmFruitAEZ17,PalmFruitAEZ17,2005,NH3_AWB,0
China,Rice,RiceAEZ04,RiceAEZ04,2005,NH3_AWB,7.35633184487262e-07
China,Rice,RiceAEZ05,RiceAEZ05,2005,NH3_AWB,2.02374251961018e-06
China,Rice,RiceAEZ06,RiceAEZ06,2005,NH3_AWB,4.95467208845527e-05
China,Rice,RiceAEZ07,RiceAEZ07,2005,NH3_AWB,2.94791069077818e-06
China,Rice,RiceAEZ08,RiceAEZ08,2005,NH3_AWB,1.8850606839052e-05
China,Rice,RiceAEZ09,RiceAEZ09,2005,NH3_AWB,3.62292349662548e-05
China,Rice,RiceAEZ10,RiceAEZ10,2005,NH3_AWB,3.35918821813487e-05
China,Rice,RiceAEZ11,RiceAEZ11,2005,NH3_AWB,0.000189582045791549
China,Rice,RiceAEZ12,RiceAEZ12,2005,NH3_AWB,0.000603458893428143
China,Rice,RiceAEZ13,RiceAEZ13,2005,NH3_AWB,1.46124639370341e-07
China,Rice,RiceAEZ14,RiceAEZ14,2005,NH3_AWB,5.73553951723847e-08
China,Rice,RiceAEZ15,RiceAEZ15,2005,NH3_AWB,2.13466987296463e-06
China,Rice,RiceAEZ16,RiceAEZ16,2005,NH3_AWB,5.48985198799203e-07
China,Rice,RiceAEZ17,RiceAEZ17,2005,NH3_AWB,2.33988123091815e-08
China,Root_Tuber,Root_TuberAEZ04,Root_TuberAEZ04,2005,NH3_AWB,8.70463848378131e-08
China,Root_Tuber,Root_TuberAEZ05,Root_TuberAEZ05,2005,NH3_AWB,2.03782636927213e-07
China,Root_Tuber,Root_TuberAEZ06,Root_TuberAEZ06,2005,NH3_AWB,4.3777766931357e-05
China,Root_Tuber,Root_TuberAEZ07,Root_TuberAEZ07,2005,NH3_AWB,8.92577945682259e-06
China,Root_Tuber,Root_TuberAEZ08,Root_TuberAEZ08,2005,NH3_AWB,9.74017616789668e-05
China,Root_Tuber,Root_TuberAEZ09,Root_TuberAEZ09,2005,NH3_AWB,0.000112111346418184
China,Root_Tuber,Root_TuberAEZ10,Root_TuberAEZ10,2005,NH3_AWB,0.000114564581030452
China,Root_Tuber,Root_TuberAEZ11,Root_TuberAEZ11,2005,NH3_AWB,0.000184220258283521
China,Root_Tuber,Root_TuberAEZ12,Root_TuberAEZ12,2005,NH3_AWB,0.000302420290992243
China,Root_Tuber,Root_TuberAEZ13,Root_TuberAEZ13,2005,NH3_AWB,1.04589741976356e-06
China,Root_Tuber,Root_TuberAEZ14,Root_TuberAEZ14,2005,NH3_AWB,2.13697360968449e-06
China,Root_Tuber,Root_TuberAEZ15,Root_TuberAEZ15,2005,NH3_AWB,3.44762410111481e-06
China,Root_Tuber,Root_TuberAEZ16,Root_TuberAEZ16,2005,NH3_AWB,2.57240256925027e-06
China,Root_Tuber,Root_TuberAEZ17,Root_TuberAEZ17,2005,NH3_AWB,9.61388466118506e-08
China,SugarCrop,SugarCropAEZ04,SugarCropAEZ04,2005,NH3_AWB,1.1785935466747e-06
China,SugarCrop,SugarCropAEZ05,SugarCropAEZ05,2005,NH3_AWB,3.13261559342326e-06
China,SugarCrop,SugarCropAEZ06,SugarCropAEZ06,2005,NH3_AWB,0.000208766136265456
China,SugarCrop,SugarCropAEZ07,SugarCropAEZ07,2005,NH3_AWB,1.40902937886114e-05
China,SugarCrop,SugarCropAEZ08,SugarCropAEZ08,2005,NH3_AWB,1.68049668769771e-05
China,SugarCrop,SugarCropAEZ09,SugarCropAEZ09,2005,NH3_AWB,6.86088869230225e-06
China,SugarCrop,SugarCropAEZ10,SugarCropAEZ10,2005,NH3_AWB,5.74751642227397e-06
China,SugarCrop,SugarCropAEZ11,SugarCropAEZ11,2005,NH3_AWB,5.63805837398832e-05
China,SugarCrop,SugarCropAEZ12,SugarCropAEZ12,2005,NH3_AWB,0.000220680314371681
China,SugarCrop,SugarCropAEZ13,SugarCropAEZ13,2005,NH3_AWB,3.39501699574638e-06
China,SugarCrop,SugarCropAEZ14,SugarCropAEZ14,2005,NH3_AWB,3.73846569022501e-07
China,SugarCrop,SugarCropAEZ15,SugarCropAEZ15,2005,NH3_AWB,1.9081322557564e-06
China,SugarCrop,SugarCropAEZ16,SugarCropAEZ16,2005,NH3_AWB,1.81163930702255e-07
China,SugarCrop,SugarCropAEZ17,SugarCropAEZ17,2005,NH3_AWB,0
China,Wheat,WheatAEZ04,WheatAEZ04,2005,NH3_AWB,0
China,Wheat,WheatAEZ05,WheatAEZ05,2005,NH3_AWB,7.0810057616937e-09
China,Wheat,WheatAEZ06,WheatAEZ06,2005,NH3_AWB,3.94025006467865e-07
China,Wheat,WheatAEZ07,WheatAEZ07,2005,NH3_AWB,2.37516611095486e-05
China,Wheat,WheatAEZ08,WheatAEZ08,2005,NH3_AWB,6.26987026081949e-05
China,Wheat,WheatAEZ09,WheatAEZ09,2005,NH3_AWB,0.000150277955795314
China,Wheat,WheatAEZ10,WheatAEZ10,2005,NH3_AWB,7.76146726498271e-05
China,Wheat,WheatAEZ11,WheatAEZ11,2005,NH3_AWB,0.000133101428765761
China,Wheat,WheatAEZ12,WheatAEZ12,2005,NH3_AWB,5.82517806628731e-05
China,Wheat,WheatAEZ13,WheatAEZ13,2005,NH3_AWB,4.69248740028656e-06
China,Wheat,WheatAEZ14,WheatAEZ14,2005,NH3_AWB,2.8034693252006e-06
China,Wheat,WheatAEZ15,WheatAEZ15,2005,NH3_AWB,3.19468105361529e-06
China,Wheat,WheatAEZ16,WheatAEZ16,2005,NH3_AWB,1.23078146841686e-06
China,Wheat,WheatAEZ17,WheatAEZ17,2005,NH3_AWB,6.26319237414911e-08
China,Corn,CornAEZ04,CornAEZ04,2005,NMVOC_AWB,8.94907295101693e-07
China,Corn,CornAEZ05,CornAEZ05,2005,NMVOC_AWB,2.12577234090887e-06
China,Corn,CornAEZ06,CornAEZ06,2005,NMVOC_AWB,1.0990365834193e-05
China,Corn,CornAEZ07,CornAEZ07,2005,NMVOC_AWB,0.000114550485869288
China,Corn,CornAEZ08,CornAEZ08,2005,NMVOC_AWB,0.000991700434165169
China,Corn,CornAEZ09,CornAEZ09,2005,NMVOC_AWB,0.00140930800545347
China,Corn,CornAEZ10,CornAEZ10,2005,NMVOC_AWB,0.00054566983752627
China,Corn,CornAEZ11,CornAEZ11,2005,NMVOC_AWB,0.000412748891756533
China,Corn,CornAEZ12,CornAEZ12,2005,NMVOC_AWB,0.00034591270416038
China,Corn,CornAEZ13,CornAEZ13,2005,NMVOC_AWB,1.80542989600241e-05
China,Corn,CornAEZ14,CornAEZ14,2005,NMVOC_AWB,3.96703903704001e-06
China,Corn,CornAEZ15,CornAEZ15,2005,NMVOC_AWB,3.67429452171311e-05
China,Corn,CornAEZ16,CornAEZ16,2005,NMVOC_AWB,6.44683453473567e-06
China,Corn,CornAEZ17,CornAEZ17,2005,NMVOC_AWB,5.41766174416532e-07
China,FiberCrop,FiberCropAEZ04,FiberCropAEZ04,2005,NMVOC_AWB,0
China,FiberCrop,FiberCropAEZ05,FiberCropAEZ05,2005,NMVOC_AWB,4.16464741888579e-08
China,FiberCrop,FiberCropAEZ06,FiberCropAEZ06,2005,NMVOC_AWB,1.27779827257794e-07
China,FiberCrop,FiberCropAEZ07,FiberCropAEZ07,2005,NMVOC_AWB,6.75515023466593e-05
China,FiberCrop,FiberCropAEZ08,FiberCropAEZ08,2005,NMVOC_AWB,2.78057578862422e-05
China,FiberCrop,FiberCropAEZ09,FiberCropAEZ09,2005,NMVOC_AWB,0.000121010720656294
China,FiberCrop,FiberCropAEZ10,FiberCropAEZ10,2005,NMVOC_AWB,4.52432709725821e-05
China,FiberCrop,FiberCropAEZ11,FiberCropAEZ11,2005,NMVOC_AWB,0.000142778008472082
China,FiberCrop,FiberCropAEZ12,FiberCropAEZ12,2005,NMVOC_AWB,0.000144491693713221
China,FiberCrop,FiberCropAEZ13,FiberCropAEZ13,2005,NMVOC_AWB,7.2072582170446e-06
China,FiberCrop,FiberCropAEZ14,FiberCropAEZ14,2005,NMVOC_AWB,6.71717325626736e-08
China,FiberCrop,FiberCropAEZ15,FiberCropAEZ15,2005,NMVOC_AWB,2.49495006661358e-08
China,FiberCrop,FiberCropAEZ16,FiberCropAEZ16,2005,NMVOC_AWB,6.7171732562673e-09
China,FiberCrop,FiberCropAEZ17,FiberCropAEZ17,2005,NMVOC_AWB,0
China,FodderGrass,FodderGrassAEZ04,FodderGrassAEZ04,2005,NMVOC_AWB,1.44661311379826e-06
China,FodderGrass,FodderGrassAEZ05,FodderGrassAEZ05,2005,NMVOC_AWB,3.94693055674372e-06
China,FodderGrass,FodderGrassAEZ06,FodderGrassAEZ06,2005,NMVOC_AWB,8.19265267798807e-05
China,FodderGrass,FodderGrassAEZ07,FodderGrassAEZ07,2005,NMVOC_AWB,0.000115540870037488
China,FodderGrass,FodderGrassAEZ08,FodderGrassAEZ08,2005,NMVOC_AWB,0.000130029735249371
China,FodderGrass,FodderGrassAEZ09,FodderGrassAEZ09,2005,NMVOC_AWB,6.21692629754355e-05
China,FodderGrass,FodderGrassAEZ10,FodderGrassAEZ10,2005,NMVOC_AWB,8.18510028943249e-05
China,FodderGrass,FodderGrassAEZ11,FodderGrassAEZ11,2005,NMVOC_AWB,0.000183009048792643
China,FodderGrass,FodderGrassAEZ12,FodderGrassAEZ12,2005,NMVOC_AWB,0.000855775390637373
China,FodderGrass,FodderGrassAEZ13,FodderGrassAEZ13,2005,NMVOC_AWB,3.48859747579471e-05
China,FodderGrass,FodderGrassAEZ14,FodderGrassAEZ14,2005,NMVOC_AWB,9.98831842521607e-06
China,FodderGrass,FodderGrassAEZ15,FodderGrassAEZ15,2005,NMVOC_AWB,5.5080446489691e-06
China,FodderGrass,FodderGrassAEZ16,FodderGrassAEZ16,2005,NMVOC_AWB,1.2692873373744e-05
China,FodderGrass,FodderGrassAEZ17,FodderGrassAEZ17,2005,NMVOC_AWB,3.98200071133989e-07
China,FodderHerb,FodderHerbAEZ04,FodderHerbAEZ04,2005,NMVOC_AWB,0
China,FodderHerb,FodderHerbAEZ05,FodderHerbAEZ05,2005,NMVOC_AWB,0
China,FodderHerb,FodderHerbAEZ06,FodderHerbAEZ06,2005,NMVOC_AWB,0
China,FodderHerb,FodderHerbAEZ07,FodderHerbAEZ07,2005,NMVOC_AWB,0
China,FodderHerb,FodderHerbAEZ08,FodderHerbAEZ08,2005,NMVOC_AWB,0
China,FodderHerb,FodderHerbAEZ09,FodderHerbAEZ09,2005,NMVOC_AWB,0
China,FodderHerb,FodderHerbAEZ10,FodderHerbAEZ10,2005,NMVOC_AWB,0
China,FodderHerb,FodderHerbAEZ11,FodderHerbAEZ11,2005,NMVOC_AWB,0
China,FodderHerb,FodderHerbAEZ12,FodderHerbAEZ12,2005,NMVOC_AWB,0
China,FodderHerb,FodderHerbAEZ13,FodderHerbAEZ13,2005,NMVOC_AWB,0
China,FodderHerb,FodderHerbAEZ14,FodderHerbAEZ14,2005,NMVOC_AWB,0
China,FodderHerb,FodderHerbAEZ15,FodderHerbAEZ15,2005,NMVOC_AWB,0
China,FodderHerb,FodderHerbAEZ16,FodderHerbAEZ16,2005,NMVOC_AWB,0
China,FodderHerb,FodderHerbAEZ17,FodderHerbAEZ17,2005,NMVOC_AWB,0
China,MiscCrop,MiscCropAEZ04,MiscCropAEZ04,2005,NMVOC_AWB,1.49816385936635e-05
China,MiscCrop,MiscCropAEZ05,MiscCropAEZ05,2005,NMVOC_AWB,2.99370397872703e-05
China,MiscCrop,MiscCropAEZ06,MiscCropAEZ06,2005,NMVOC_AWB,0.000997178501810038
China,MiscCrop,MiscCropAEZ07,MiscCropAEZ07,2005,NMVOC_AWB,0.000135250803483964
China,MiscCrop,MiscCropAEZ08,MiscCropAEZ08,2005,NMVOC_AWB,0.00148315107685407
China,MiscCrop,MiscCropAEZ09,MiscCropAEZ09,2005,NMVOC_AWB,0.00270333567023635
China,MiscCrop,MiscCropAEZ10,MiscCropAEZ10,2005,NMVOC_AWB,0.00139662354108191
China,MiscCrop,MiscCropAEZ11,MiscCropAEZ11,2005,NMVOC_AWB,0.00234517137532267
China,MiscCrop,MiscCropAEZ12,MiscCropAEZ12,2005,NMVOC_AWB,0.00635991051332106
China,MiscCrop,MiscCropAEZ13,MiscCropAEZ13,2005,NMVOC_AWB,2.44293895506616e-05
China,MiscCrop,MiscCropAEZ14,MiscCropAEZ14,2005,NMVOC_AWB,6.82355356401293e-06
China,MiscCrop,MiscCropAEZ15,MiscCropAEZ15,2005,NMVOC_AWB,2.09126215877628e-05
China,MiscCrop,MiscCropAEZ16,MiscCropAEZ16,2005,NMVOC_AWB,6.84251434757207e-06
China,MiscCrop,MiscCropAEZ17,MiscCropAEZ17,2005,NMVOC_AWB,1.69565954724106e-07
China,OilCrop,OilCropAEZ04,OilCropAEZ04,2005,NMVOC_AWB,1.96128847764676e-07
China,OilCrop,OilCropAEZ05,OilCropAEZ05,2005,NMVOC_AWB,6.44791963792354e-07
China,OilCrop,OilCropAEZ06,OilCropAEZ06,2005,NMVOC_AWB,2.7297853293416e-05
China,OilCrop,OilCropAEZ07,OilCropAEZ07,2005,NMVOC_AWB,1.79993297156164e-05
China,OilCrop,OilCropAEZ08,OilCropAEZ08,2005,NMVOC_AWB,0.000163749436139142
China,OilCrop,OilCropAEZ09,OilCropAEZ09,2005,NMVOC_AWB,0.000222807321536407
China,OilCrop,OilCropAEZ10,OilCropAEZ10,2005,NMVOC_AWB,0.000167621758265001
China,OilCrop,OilCropAEZ11,OilCropAEZ11,2005,NMVOC_AWB,0.000267225330057745
China,OilCrop,OilCropAEZ12,OilCropAEZ12,2005,NMVOC_AWB,0.000382130942359608
China,OilCrop,OilCropAEZ13,OilCropAEZ13,2005,NMVOC_AWB,6.15635161856039e-06
China,OilCrop,OilCropAEZ14,OilCropAEZ14,2005,NMVOC_AWB,5.00511098561284e-06
China,OilCrop,OilCropAEZ15,OilCropAEZ15,2005,NMVOC_AWB,1.40561407795344e-05
China,OilCrop,OilCropAEZ16,OilCropAEZ16,2005,NMVOC_AWB,3.43629022367812e-06
China,OilCrop,OilCropAEZ17,OilCropAEZ17,2005,NMVOC_AWB,1.53284730492539e-07
China,OtherGrain,OtherGrainAEZ04,OtherGrainAEZ04,2005,NMVOC_AWB,4.32887710663703e-08
China,OtherGrain,OtherGrainAEZ05,OtherGrainAEZ05,2005,NMVOC_AWB,9.44460402643154e-08
China,OtherGrain,OtherGrainAEZ06,OtherGrainAEZ06,2005,NMVOC_AWB,1.47590887277759e-06
China,OtherGrain,OtherGrainAEZ07,OtherGrainAEZ07,2005,NMVOC_AWB,5.52438350624263e-06
China,OtherGrain,OtherGrainAEZ08,OtherGrainAEZ08,2005,NMVOC_AWB,0.000128939538870249
China,OtherGrain,OtherGrainAEZ09,OtherGrainAEZ09,2005,NMVOC_AWB,7.70949431260346e-05
China,OtherGrain,OtherGrainAEZ10,OtherGrainAEZ10,2005,NMVOC_AWB,1.70638367997648e-05
China,OtherGrain,OtherGrainAEZ11,OtherGrainAEZ11,2005,NMVOC_AWB,2.30572982955392e-05
China,OtherGrain,OtherGrainAEZ12,OtherGrainAEZ12,2005,NMVOC_AWB,2.35508239734555e-05
China,OtherGrain,OtherGrainAEZ13,OtherGrainAEZ13,2005,NMVOC_AWB,1.14843978692866e-06
China,OtherGrain,OtherGrainAEZ14,OtherGrainAEZ14,2005,NMVOC_AWB,1.03570610574692e-06
China,OtherGrain,OtherGrainAEZ15,OtherGrainAEZ15,2005,NMVOC_AWB,1.74194592275524e-06
China,OtherGrain,OtherGrainAEZ16,OtherGrainAEZ16,2005,NMVOC_AWB,9.17895197942056e-07
China,OtherGrain,OtherGrainAEZ17,OtherGrainAEZ17,2005,NMVOC_AWB,5.74616927773722e-08
China,PalmFruit,PalmFruitAEZ04,PalmFruitAEZ04,2005,NMVOC_AWB,1.21102170389537e-06
China,PalmFruit,PalmFruitAEZ05,PalmFruitAEZ05,2005,NMVOC_AWB,2.5320324940339e-06
China,PalmFruit,PalmFruitAEZ06,PalmFruitAEZ06,2005,NMVOC_AWB,1.02004411401018e-05
China,PalmFruit,PalmFruitAEZ07,PalmFruitAEZ07,2005,NMVOC_AWB,0
China,PalmFruit,PalmFruitAEZ08,PalmFruitAEZ08,2005,NMVOC_AWB,0
China,PalmFruit,PalmFruitAEZ09,PalmFruitAEZ09,2005,NMVOC_AWB,0
China,PalmFruit,PalmFruitAEZ10,PalmFruitAEZ10,2005,NMVOC_AWB,0
China,PalmFruit,PalmFruitAEZ11,PalmFruitAEZ11,2005,NMVOC_AWB,4.80298362764285e-07
China,PalmFruit,PalmFruitAEZ12,PalmFruitAEZ12,2005,NMVOC_AWB,1.21539843224069e-05
China,PalmFruit,PalmFruitAEZ13,PalmFruitAEZ13,2005,NMVOC_AWB,0
China,PalmFruit,PalmFruitAEZ14,PalmFruitAEZ14,2005,NMVOC_AWB,0
China,PalmFruit,PalmFruitAEZ15,PalmFruitAEZ15,2005,NMVOC_AWB,0
China,PalmFruit,PalmFruitAEZ16,PalmFruitAEZ16,2005,NMVOC_AWB,0
China,PalmFruit,PalmFruitAEZ17,PalmFruitAEZ17,2005,NMVOC_AWB,0
China,Rice,RiceAEZ04,RiceAEZ04,2005,NMVOC_AWB,3.96031254131218e-06
China,Rice,RiceAEZ05,RiceAEZ05,2005,NMVOC_AWB,1.08949039409976e-05
China,Rice,RiceAEZ06,RiceAEZ06,2005,NMVOC_AWB,0.000266736879517955
China,Rice,RiceAEZ07,RiceAEZ07,2005,NMVOC_AWB,1.58702026030736e-05
China,Rice,RiceAEZ08,RiceAEZ08,2005,NMVOC_AWB,0.000101483043791828
China,Rice,RiceAEZ09,RiceAEZ09,2005,NMVOC_AWB,0.000195041627572864
China,Rice,RiceAEZ10,RiceAEZ10,2005,NMVOC_AWB,0.000180843326666675
China,Rice,RiceAEZ11,RiceAEZ11,2005,NMVOC_AWB,0.00102062300802703
China,Rice,RiceAEZ12,RiceAEZ12,2005,NMVOC_AWB,0.0032487466229186
China,Rice,RiceAEZ13,RiceAEZ13,2005,NMVOC_AWB,7.86668211951908e-07
China,Rice,RiceAEZ14,RiceAEZ14,2005,NMVOC_AWB,3.08775209714651e-07
China,Rice,RiceAEZ15,RiceAEZ15,2005,NMVOC_AWB,1.14920860664484e-05
China,Rice,RiceAEZ16,RiceAEZ16,2005,NMVOC_AWB,2.95548517066238e-06
China,Rice,RiceAEZ17,RiceAEZ17,2005,NMVOC_AWB,1.25968501413446e-07
China,Root_Tuber,Root_TuberAEZ04,Root_TuberAEZ04,2005,NMVOC_AWB,4.68617915584322e-07
China,Root_Tuber,Root_TuberAEZ05,Root_TuberAEZ05,2005,NMVOC_AWB,1.09707249447565e-06
China,Root_Tuber,Root_TuberAEZ06,Root_TuberAEZ06,2005,NMVOC_AWB,0.000235679470509119
China,Root_Tuber,Root_TuberAEZ07,Root_TuberAEZ07,2005,NMVOC_AWB,4.80523133937729e-05
China,Root_Tuber,Root_TuberAEZ08,Root_TuberAEZ08,2005,NMVOC_AWB,0.000524366527309361
China,Root_Tuber,Root_TuberAEZ09,Root_TuberAEZ09,2005,NMVOC_AWB,0.000603556202474462
China,Root_Tuber,Root_TuberAEZ10,Root_TuberAEZ10,2005,NMVOC_AWB,0.000616763295366171
China,Root_Tuber,Root_TuberAEZ11,Root_TuberAEZ11,2005,NMVOC_AWB,0.000991757596895945
China,Root_Tuber,Root_TuberAEZ12,Root_TuberAEZ12,2005,NMVOC_AWB,0.00162809250101821
China,Root_Tuber,Root_TuberAEZ13,Root_TuberAEZ13,2005,NMVOC_AWB,5.63063325005211e-06
China,Root_Tuber,Root_TuberAEZ14,Root_TuberAEZ14,2005,NMVOC_AWB,1.15044883310769e-05
China,Root_Tuber,Root_TuberAEZ15,Root_TuberAEZ15,2005,NMVOC_AWB,1.85604310046069e-05
China,Root_Tuber,Root_TuberAEZ16,Root_TuberAEZ16,2005,NMVOC_AWB,1.38486386573306e-05
China,Root_Tuber,Root_TuberAEZ17,Root_TuberAEZ17,2005,NMVOC_AWB,5.17567570323212e-07
China,SugarCrop,SugarCropAEZ04,SugarCropAEZ04,2005,NMVOC_AWB,6.34500849395304e-06
China,SugarCrop,SugarCropAEZ05,SugarCropAEZ05,2005,NMVOC_AWB,1.6864569303506e-05
China,SugarCrop,SugarCropAEZ06,SugarCropAEZ06,2005,NMVOC_AWB,0.00112390137515294
China,SugarCrop,SugarCropAEZ07,SugarCropAEZ07,2005,NMVOC_AWB,7.58556959888983e-05
China,SugarCrop,SugarCropAEZ08,SugarCropAEZ08,2005,NMVOC_AWB,9.04702540378403e-05
China,SugarCrop,SugarCropAEZ09,SugarCropAEZ09,2005,NMVOC_AWB,3.69358861259229e-05
China,SugarCrop,SugarCropAEZ10,SugarCropAEZ10,2005,NMVOC_AWB,3.09419991492015e-05
China,SugarCrop,SugarCropAEZ11,SugarCropAEZ11,2005,NMVOC_AWB,0.000303527270900905
China,SugarCrop,SugarCropAEZ12,SugarCropAEZ12,2005,NMVOC_AWB,0.00118804185979733
China,SugarCrop,SugarCropAEZ13,SugarCropAEZ13,2005,NMVOC_AWB,1.82772184150363e-05
China,SugarCrop,SugarCropAEZ14,SugarCropAEZ14,2005,NMVOC_AWB,2.01261890715043e-06
China,SugarCrop,SugarCropAEZ15,SugarCropAEZ15,2005,NMVOC_AWB,1.02725111676704e-05
China,SugarCrop,SugarCropAEZ16,SugarCropAEZ16,2005,NMVOC_AWB,9.7530372735105e-07
China,SugarCrop,SugarCropAEZ17,SugarCropAEZ17,2005,NMVOC_AWB,0
China,Wheat,WheatAEZ04,WheatAEZ04,2005,NMVOC_AWB,0
China,Wheat,WheatAEZ05,WheatAEZ05,2005,NMVOC_AWB,3.81208957324096e-08
China,Wheat,WheatAEZ06,WheatAEZ06,2005,NMVOC_AWB,2.12125038349506e-06
China,Wheat,WheatAEZ07,WheatAEZ07,2005,NMVOC_AWB,0.000127868077939829
China,Wheat,WheatAEZ08,WheatAEZ08,2005,NMVOC_AWB,0.00033754113259084
China,Wheat,WheatAEZ09,WheatAEZ09,2005,NMVOC_AWB,0.000809027767600991
China,Wheat,WheatAEZ10,WheatAEZ10,2005,NMVOC_AWB,0.000417841891810785
China,Wheat,WheatAEZ11,WheatAEZ11,2005,NMVOC_AWB,0.000716557203676204
China,Wheat,WheatAEZ12,WheatAEZ12,2005,NMVOC_AWB,0.000313600939133459
China,Wheat,WheatAEZ13,WheatAEZ13,2005,NMVOC_AWB,2.52622055301341e-05
China,Wheat,WheatAEZ14,WheatAEZ14,2005,NMVOC_AWB,1.50925963671887e-05
China,Wheat,WheatAEZ15,WheatAEZ15,2005,NMVOC_AWB,1.71987013486123e-05
China,Wheat,WheatAEZ16,WheatAEZ16,2005,NMVOC_AWB,6.6259643906403e-06
China,Wheat,WheatAEZ17,WheatAEZ17,2005,NMVOC_AWB,3.37181625721277e-07
China,Corn,CornAEZ04,CornAEZ04,2005,NOx_AWB,4.86866663138227e-07
China,Corn,CornAEZ05,CornAEZ05,2005,NOx_AWB,1.15650826837011e-06
China,Corn,CornAEZ06,CornAEZ06,2005,NOx_AWB,5.97921457300655e-06
China,Corn,CornAEZ07,CornAEZ07,2005,NOx_AWB,6.23202125195607e-05
China,Corn,CornAEZ08,CornAEZ08,2005,NOx_AWB,0.0005395261429396
China,Corn,CornAEZ09,CornAEZ09,2005,NOx_AWB,0.000766721971878829
China,Corn,CornAEZ10,CornAEZ10,2005,NOx_AWB,0.000296867010053152
China,Corn,CornAEZ11,CornAEZ11,2005,NOx_AWB,0.000224552505877906
China,Corn,CornAEZ12,CornAEZ12,2005,NOx_AWB,0.000188190849413678
China,Corn,CornAEZ13,CornAEZ13,2005,NOx_AWB,9.82228699897686e-06
China,Corn,CornAEZ14,CornAEZ14,2005,NOx_AWB,2.15823367300104e-06
China,Corn,CornAEZ15,CornAEZ15,2005,NOx_AWB,1.99896852217553e-05
China,Corn,CornAEZ16,CornAEZ16,2005,NOx_AWB,3.50734521319816e-06
China,Corn,CornAEZ17,CornAEZ17,2005,NOx_AWB,2.94743255511585e-07
China,FiberCrop,FiberCropAEZ04,FiberCropAEZ04,2005,NOx_AWB,0
China,FiberCrop,FiberCropAEZ05,FiberCropAEZ05,2005,NOx_AWB,2.26574082374615e-08
China,FiberCrop,FiberCropAEZ06,FiberCropAEZ06,2005,NOx_AWB,6.95175226013907e-08
China,FiberCrop,FiberCropAEZ07,FiberCropAEZ07,2005,NOx_AWB,3.67508173388561e-05
China,FiberCrop,FiberCropAEZ08,FiberCropAEZ08,2005,NOx_AWB,1.51274848603908e-05
China,FiberCrop,FiberCropAEZ09,FiberCropAEZ09,2005,NOx_AWB,6.5834848025445e-05
China,FiberCrop,FiberCropAEZ10,FiberCropAEZ10,2005,NOx_AWB,2.46142147778296e-05
China,FiberCrop,FiberCropAEZ11,FiberCropAEZ11,2005,NOx_AWB,7.76771548682312e-05
China,FiberCrop,FiberCropAEZ12,FiberCropAEZ12,2005,NOx_AWB,7.86094706729961e-05
China,FiberCrop,FiberCropAEZ13,FiberCropAEZ13,2005,NOx_AWB,3.92104721652685e-06
China,FiberCrop,FiberCropAEZ14,FiberCropAEZ14,2005,NOx_AWB,3.65442068346152e-08
China,FiberCrop,FiberCropAEZ15,FiberCropAEZ15,2005,NOx_AWB,1.35735625385713e-08
China,FiberCrop,FiberCropAEZ16,FiberCropAEZ16,2005,NOx_AWB,3.65442068346149e-09
China,FiberCrop,FiberCropAEZ17,FiberCropAEZ17,2005,NOx_AWB,0
China,FodderGrass,FodderGrassAEZ04,FodderGrassAEZ04,2005,NOx_AWB,7.87017497144133e-07
China,FodderGrass,FodderGrassAEZ05,FodderGrassAEZ05,2005,NOx_AWB,2.14729382620773e-06
China,FodderGrass,FodderGrassAEZ06,FodderGrassAEZ06,2005,NOx_AWB,4.45714264864636e-05
China,FodderGrass,FodderGrassAEZ07,FodderGrassAEZ07,2005,NOx_AWB,6.28590225592552e-05
China,FodderGrass,FodderGrassAEZ08,FodderGrassAEZ08,2005,NOx_AWB,7.07415658092433e-05
China,FodderGrass,FodderGrassAEZ09,FodderGrassAEZ09,2005,NOx_AWB,3.38226560229053e-05
China,FodderGrass,FodderGrassAEZ10,FodderGrassAEZ10,2005,NOx_AWB,4.45303383621975e-05
China,FodderGrass,FodderGrassAEZ11,FodderGrassAEZ11,2005,NOx_AWB,9.95645084105051e-05
China,FodderGrass,FodderGrassAEZ12,FodderGrassAEZ12,2005,NOx_AWB,0.000465577285061783
China,FodderGrass,FodderGrassAEZ13,FodderGrassAEZ13,2005,NOx_AWB,1.89794163190904e-05
China,FodderGrass,FodderGrassAEZ14,FodderGrassAEZ14,2005,NOx_AWB,5.43405924687921e-06
China,FodderGrass,FodderGrassAEZ15,FodderGrassAEZ15,2005,NOx_AWB,2.99660460177075e-06
China,FodderGrass,FodderGrassAEZ16,FodderGrassAEZ16,2005,NOx_AWB,6.90544924478298e-06
China,FodderGrass,FodderGrassAEZ17,FodderGrassAEZ17,2005,NOx_AWB,2.16637344399321e-07
China,FodderHerb,FodderHerbAEZ04,FodderHerbAEZ04,2005,NOx_AWB,0
China,FodderHerb,FodderHerbAEZ05,FodderHerbAEZ05,2005,NOx_AWB,0
China,FodderHerb,FodderHerbAEZ06,FodderHerbAEZ06,2005,NOx_AWB,0
China,FodderHerb,FodderHerbAEZ07,FodderHerbAEZ07,2005,NOx_AWB,0
China,FodderHerb,FodderHerbAEZ08,FodderHerbAEZ08,2005,NOx_AWB,0
China,FodderHerb,FodderHerbAEZ09,FodderHerbAEZ09,2005,NOx_AWB,0
China,FodderHerb,FodderHerbAEZ10,FodderHerbAEZ10,2005,NOx_AWB,0
China,FodderHerb,FodderHerbAEZ11,FodderHerbAEZ11,2005,NOx_AWB,0
China,FodderHerb,FodderHerbAEZ12,FodderHerbAEZ12,2005,NOx_AWB,0
China,FodderHerb,FodderHerbAEZ13,FodderHerbAEZ13,2005,NOx_AWB,0
China,FodderHerb,FodderHerbAEZ14,FodderHerbAEZ14,2005,NOx_AWB,0
China,FodderHerb,FodderHerbAEZ15,FodderHerbAEZ15,2005,NOx_AWB,0
China,FodderHerb,FodderHerbAEZ16,FodderHerbAEZ16,2005,NOx_AWB,0
China,FodderHerb,FodderHerbAEZ17,FodderHerbAEZ17,2005,NOx_AWB,0
China,MiscCrop,MiscCropAEZ04,MiscCropAEZ04,2005,NOx_AWB,8.15063239551641e-06
China,MiscCrop,MiscCropAEZ05,MiscCropAEZ05,2005,NOx_AWB,1.62869905578414e-05
China,MiscCrop,MiscCropAEZ06,MiscCropAEZ06,2005,NOx_AWB,0.00054250643880857
China,MiscCrop,MiscCropAEZ07,MiscCropAEZ07,2005,NOx_AWB,7.35820433461981e-05
China,MiscCrop,MiscCropAEZ08,MiscCropAEZ08,2005,NOx_AWB,0.000806895663573459
China,MiscCrop,MiscCropAEZ09,MiscCropAEZ09,2005,NOx_AWB,0.00147072665997315
China,MiscCrop,MiscCropAEZ10,MiscCropAEZ10,2005,NOx_AWB,0.000759821097479798
China,MiscCrop,MiscCropAEZ11,MiscCropAEZ11,2005,NOx_AWB,0.00127587043735171
China,MiscCrop,MiscCropAEZ12,MiscCropAEZ12,2005,NOx_AWB,0.00346005494248037
China,MiscCrop,MiscCropAEZ13,MiscCropAEZ13,2005,NOx_AWB,1.32906005327433e-05
China,MiscCrop,MiscCropAEZ14,MiscCropAEZ14,2005,NOx_AWB,3.71229598042154e-06
China,MiscCrop,MiscCropAEZ15,MiscCropAEZ15,2005,NOx_AWB,1.13773329881611e-05
China,MiscCrop,MiscCropAEZ16,MiscCropAEZ16,2005,NOx_AWB,3.72261143261693e-06
China,MiscCrop,MiscCropAEZ17,MiscCropAEZ17,2005,NOx_AWB,9.22509080105239e-08
China,OilCrop,OilCropAEZ04,OilCropAEZ04,2005,NOx_AWB,1.06702222877155e-07
China,OilCrop,OilCropAEZ05,OilCropAEZ05,2005,NOx_AWB,3.50793555431074e-07
China,OilCrop,OilCropAEZ06,OilCropAEZ06,2005,NOx_AWB,1.48511637088532e-05
China,OilCrop,OilCropAEZ07,OilCropAEZ07,2005,NOx_AWB,9.79238145150113e-06
China,OilCrop,OilCropAEZ08,OilCropAEZ08,2005,NOx_AWB,8.90864808010875e-05
China,OilCrop,OilCropAEZ09,OilCropAEZ09,2005,NOx_AWB,0.00012121641845245
China,OilCrop,OilCropAEZ10,OilCropAEZ10,2005,NOx_AWB,9.11931845483168e-05
China,OilCrop,OilCropAEZ11,OilCropAEZ11,2005,NOx_AWB,0.000145381656249033
China,OilCrop,OilCropAEZ12,OilCropAEZ12,2005,NOx_AWB,0.000207895072268181
China,OilCrop,OilCropAEZ13,OilCropAEZ13,2005,NOx_AWB,3.34931046605617e-06
China,OilCrop,OilCropAEZ14,OilCropAEZ14,2005,NOx_AWB,2.72298784191372e-06
China,OilCrop,OilCropAEZ15,OilCropAEZ15,2005,NOx_AWB,7.64712322202647e-06
China,OilCrop,OilCropAEZ16,OilCropAEZ16,2005,NOx_AWB,1.86948431858136e-06
China,OilCrop,OilCropAEZ17,OilCropAEZ17,2005,NOx_AWB,8.33932471591536e-08
China,OtherGrain,OtherGrainAEZ04,OtherGrainAEZ04,2005,NOx_AWB,2.35508858133102e-08
China,OtherGrain,OtherGrainAEZ05,OtherGrainAEZ05,2005,NOx_AWB,5.13825607655602e-08
China,OtherGrain,OtherGrainAEZ06,OtherGrainAEZ06,2005,NOx_AWB,8.02955604360864e-07
China,OtherGrain,OtherGrainAEZ07,OtherGrainAEZ07,2005,NOx_AWB,3.00549361738589e-06
China,OtherGrain,OtherGrainAEZ08,OtherGrainAEZ08,2005,NOx_AWB,7.0148453789514e-05
China,OtherGrain,OtherGrainAEZ09,OtherGrainAEZ09,2005,NOx_AWB,4.19428447058738e-05
China,OtherGrain,OtherGrainAEZ10,OtherGrainAEZ10,2005,NOx_AWB,9.28343452836943e-06
China,OtherGrain,OtherGrainAEZ11,OtherGrainAEZ11,2005,NOx_AWB,1.25441260157079e-05
China,OtherGrain,OtherGrainAEZ12,OtherGrainAEZ12,2005,NOx_AWB,1.28126244415173e-05
China,OtherGrain,OtherGrainAEZ13,OtherGrainAEZ13,2005,NOx_AWB,6.24798847810927e-07
China,OtherGrain,OtherGrainAEZ14,OtherGrainAEZ14,2005,NOx_AWB,5.6346705234936e-07
China,OtherGrain,OtherGrainAEZ15,OtherGrainAEZ15,2005,NOx_AWB,9.47690786991194e-07
China,OtherGrain,OtherGrainAEZ16,OtherGrainAEZ16,2005,NOx_AWB,4.99373035149823e-07
China,OtherGrain,OtherGrainAEZ17,OtherGrainAEZ17,2005,NOx_AWB,3.12615427027155e-08
China,PalmFruit,PalmFruitAEZ04,PalmFruitAEZ04,2005,NOx_AWB,6.58846004709914e-07
China,PalmFruit,PalmFruitAEZ05,PalmFruitAEZ05,2005,NOx_AWB,1.37753063146922e-06
China,PalmFruit,PalmFruitAEZ06,PalmFruitAEZ06,2005,NOx_AWB,5.54946279642842e-06
China,PalmFruit,PalmFruitAEZ07,PalmFruitAEZ07,2005,NOx_AWB,0
China,PalmFruit,PalmFruitAEZ08,PalmFruitAEZ08,2005,NOx_AWB,0
China,PalmFruit,PalmFruitAEZ09,PalmFruitAEZ09,2005,NOx_AWB,0
China,PalmFruit,PalmFruitAEZ10,PalmFruitAEZ10,2005,NOx_AWB,0
China,PalmFruit,PalmFruitAEZ11,PalmFruitAEZ11,2005,NOx_AWB,2.61302218084197e-07
China,PalmFruit,PalmFruitAEZ12,PalmFruitAEZ12,2005,NOx_AWB,6.61227126348562e-06
China,PalmFruit,PalmFruitAEZ13,PalmFruitAEZ13,2005,NOx_AWB,0
China,PalmFruit,PalmFruitAEZ14,PalmFruitAEZ14,2005,NOx_AWB,0
China,PalmFruit,PalmFruitAEZ15,PalmFruitAEZ15,2005,NOx_AWB,0
China,PalmFruit,PalmFruitAEZ16,PalmFruitAEZ16,2005,NOx_AWB,0
China,PalmFruit,PalmFruitAEZ17,PalmFruitAEZ17,2005,NOx_AWB,0
China,Rice,RiceAEZ04,RiceAEZ04,2005,NOx_AWB,2.15457418050663e-06
China,Rice,RiceAEZ05,RiceAEZ05,2005,NOx_AWB,5.9272793461386e-06
China,Rice,RiceAEZ06,RiceAEZ06,2005,NOx_AWB,0.000145115918908732
China,Rice,RiceAEZ07,RiceAEZ07,2005,NOx_AWB,8.63404804830428e-06
China,Rice,RiceAEZ08,RiceAEZ08,2005,NOx_AWB,5.52109823737925e-05
China,Rice,RiceAEZ09,RiceAEZ09,2005,NOx_AWB,0.000106110730026688
China,Rice,RiceAEZ10,RiceAEZ10,2005,NOx_AWB,9.83862658031134e-05
China,Rice,RiceAEZ11,RiceAEZ11,2005,NOx_AWB,0.000555261221983616
China,Rice,RiceAEZ12,RiceAEZ12,2005,NOx_AWB,0.00176745282594017
China,Rice,RiceAEZ13,RiceAEZ13,2005,NOx_AWB,4.27980115310623e-07
China,Rice,RiceAEZ14,RiceAEZ14,2005,NOx_AWB,1.67986513057194e-07
China,Rice,RiceAEZ15,RiceAEZ15,2005,NOx_AWB,6.25217117604705e-06
China,Rice,RiceAEZ16,RiceAEZ16,2005,NOx_AWB,1.60790643999767e-06
China,Rice,RiceAEZ17,RiceAEZ17,2005,NOx_AWB,6.85320862612011e-08
China,Root_Tuber,Root_TuberAEZ04,Root_TuberAEZ04,2005,NOx_AWB,2.54947570654683e-07
China,Root_Tuber,Root_TuberAEZ05,Root_TuberAEZ05,2005,NOx_AWB,5.96852911502299e-07
China,Root_Tuber,Root_TuberAEZ06,Root_TuberAEZ06,2005,NOx_AWB,0.000128219401054184
China,Root_Tuber,Root_TuberAEZ07,Root_TuberAEZ07,2005,NOx_AWB,2.6142450291949e-05
China,Root_Tuber,Root_TuberAEZ08,Root_TuberAEZ08,2005,NOx_AWB,0.000285277126256388
China,Root_Tuber,Root_TuberAEZ09,Root_TuberAEZ09,2005,NOx_AWB,0.000328359592019785
China,Root_Tuber,Root_TuberAEZ10,Root_TuberAEZ10,2005,NOx_AWB,0.00033554479799714
China,Root_Tuber,Root_TuberAEZ11,Root_TuberAEZ11,2005,NOx_AWB,0.000539557241834582
China,Root_Tuber,Root_TuberAEZ12,Root_TuberAEZ12,2005,NOx_AWB,0.000885749806253432
China,Root_Tuber,Root_TuberAEZ13,Root_TuberAEZ13,2005,NOx_AWB,3.0632978821527e-06
China,Root_Tuber,Root_TuberAEZ14,Root_TuberAEZ14,2005,NOx_AWB,6.25891852208846e-06
China,Root_Tuber,Root_TuberAEZ15,Root_TuberAEZ15,2005,NOx_AWB,1.00976438107965e-05
China,Root_Tuber,Root_TuberAEZ16,Root_TuberAEZ16,2005,NOx_AWB,7.5342334664234e-06
China,Root_Tuber,Root_TuberAEZ17,Root_TuberAEZ17,2005,NOx_AWB,2.81578211833872e-07
China,SugarCrop,SugarCropAEZ04,SugarCropAEZ04,2005,NOx_AWB,3.45194762624388e-06
China,SugarCrop,SugarCropAEZ05,SugarCropAEZ05,2005,NOx_AWB,9.17502475061205e-06
China,SugarCrop,SugarCropAEZ06,SugarCropAEZ06,2005,NOx_AWB,0.0006114489346687
China,SugarCrop,SugarCropAEZ07,SugarCropAEZ07,2005,NOx_AWB,4.12686428955146e-05
China,SugarCrop,SugarCropAEZ08,SugarCropAEZ08,2005,NOx_AWB,4.92195682589286e-05
China,SugarCrop,SugarCropAEZ09,SugarCropAEZ09,2005,NOx_AWB,2.00946530736886e-05
China,SugarCrop,SugarCropAEZ10,SugarCropAEZ10,2005,NOx_AWB,1.68337301070786e-05
China,SugarCrop,SugarCropAEZ11,SugarCropAEZ11,2005,NOx_AWB,0.000165131416811373
China,SugarCrop,SugarCropAEZ12,SugarCropAEZ12,2005,NOx_AWB,0.000646344016988186
China,SugarCrop,SugarCropAEZ13,SugarCropAEZ13,2005,NOx_AWB,9.94356442268815e-06
China,SugarCrop,SugarCropAEZ14,SugarCropAEZ14,2005,NOx_AWB,1.09494811010774e-06
China,SugarCrop,SugarCropAEZ15,SugarCropAEZ15,2005,NOx_AWB,5.58867187878444e-06
China,SugarCrop,SugarCropAEZ16,SugarCropAEZ16,2005,NOx_AWB,5.30605654776478e-07
China,SugarCrop,SugarCropAEZ17,SugarCropAEZ17,2005,NOx_AWB,0
China,Wheat,WheatAEZ04,WheatAEZ04,2005,NOx_AWB,0
China,Wheat,WheatAEZ05,WheatAEZ05,2005,NOx_AWB,2.07393474191866e-08
China,Wheat,WheatAEZ06,WheatAEZ06,2005,NOx_AWB,1.15404813609835e-06
China,Wheat,WheatAEZ07,WheatAEZ07,2005,NOx_AWB,6.95655346304769e-05
China,Wheat,WheatAEZ08,WheatAEZ08,2005,NOx_AWB,0.0001836363674717
China,Wheat,WheatAEZ09,WheatAEZ09,2005,NOx_AWB,0.000440144640404684
China,Wheat,WheatAEZ10,WheatAEZ10,2005,NOx_AWB,0.00022732330901623
China,Wheat,WheatAEZ11,WheatAEZ11,2005,NOx_AWB,0.000389836820652857
China,Wheat,WheatAEZ12,WheatAEZ12,2005,NOx_AWB,0.00017061190989126
China,Wheat,WheatAEZ13,WheatAEZ13,2005,NOx_AWB,1.3743686946446e-05
China,Wheat,WheatAEZ14,WheatAEZ14,2005,NOx_AWB,8.21099802360008e-06
China,Wheat,WheatAEZ15,WheatAEZ15,2005,NOx_AWB,9.35680643318287e-06
China,Wheat,WheatAEZ16,WheatAEZ16,2005,NOx_AWB,3.60479927988203e-06
China,Wheat,WheatAEZ17,WheatAEZ17,2005,NOx_AWB,1.83440780832819e-07
China,Corn,CornAEZ04,CornAEZ04,2005,SO2_AWB,7.99852375155658e-08
China,Corn,CornAEZ05,CornAEZ05,2005,SO2_AWB,1.89997786946518e-07
China,Corn,CornAEZ06,CornAEZ06,2005,SO2_AWB,9.82299536993933e-07
China,Corn,CornAEZ07,CornAEZ07,2005,SO2_AWB,1.02383206282135e-05
China,Corn,CornAEZ08,CornAEZ08,2005,SO2_AWB,8.86364377686485e-05
China,Corn,CornAEZ09,CornAEZ09,2005,SO2_AWB,0.000125961466808665
China,Corn,CornAEZ10,CornAEZ10,2005,SO2_AWB,4.87710087944465e-05
China,Corn,CornAEZ11,CornAEZ11,2005,SO2_AWB,3.68907688227989e-05
China,Corn,CornAEZ12,CornAEZ12,2005,SO2_AWB,3.09170681179615e-05
China,Corn,CornAEZ13,CornAEZ13,2005,SO2_AWB,1.6136614355462e-06
China,Corn,CornAEZ14,CornAEZ14,2005,SO2_AWB,3.54566960564457e-07
China,Corn,CornAEZ15,CornAEZ15,2005,SO2_AWB,3.28401971500265e-06
China,Corn,CornAEZ16,CornAEZ16,2005,SO2_AWB,5.76206713596841e-07
China,Corn,CornAEZ17,CornAEZ17,2005,SO2_AWB,4.84221062626175e-08
China,FiberCrop,FiberCropAEZ04,FiberCropAEZ04,2005,SO2_AWB,0
China,FiberCrop,FiberCropAEZ05,FiberCropAEZ05,2005,SO2_AWB,3.7222884961544e-09
China,FiberCrop,FiberCropAEZ06,FiberCropAEZ06,2005,SO2_AWB,1.14207358559428e-08
China,FiberCrop,FiberCropAEZ07,FiberCropAEZ07,2005,SO2_AWB,6.03763427709778e-06
China,FiberCrop,FiberCropAEZ08,FiberCropAEZ08,2005,SO2_AWB,2.48522965563564e-06
China,FiberCrop,FiberCropAEZ09,FiberCropAEZ09,2005,SO2_AWB,1.08157250327517e-05
China,FiberCrop,FiberCropAEZ10,FiberCropAEZ10,2005,SO2_AWB,4.04376385635772e-06
China,FiberCrop,FiberCropAEZ11,FiberCropAEZ11,2005,SO2_AWB,1.27612468712094e-05
China,FiberCrop,FiberCropAEZ12,FiberCropAEZ12,2005,SO2_AWB,1.29144130391351e-05
China,FiberCrop,FiberCropAEZ13,FiberCropAEZ13,2005,SO2_AWB,6.44172042715126e-07
China,FiberCrop,FiberCropAEZ14,FiberCropAEZ14,2005,SO2_AWB,6.00369112282964e-09
China,FiberCrop,FiberCropAEZ15,FiberCropAEZ15,2005,SO2_AWB,2.229942417051e-09
China,FiberCrop,FiberCropAEZ16,FiberCropAEZ16,2005,SO2_AWB,6.00369112282958e-10
China,FiberCrop,FiberCropAEZ17,FiberCropAEZ17,2005,SO2_AWB,0
China,FodderGrass,FodderGrassAEZ04,FodderGrassAEZ04,2005,SO2_AWB,1.29295731673679e-07
China,FodderGrass,FodderGrassAEZ05,FodderGrassAEZ05,2005,SO2_AWB,3.52769700019841e-07
China,FodderGrass,FodderGrassAEZ06,FodderGrassAEZ06,2005,SO2_AWB,7.32244863706188e-06
China,FodderGrass,FodderGrassAEZ07,FodderGrassAEZ07,2005,SO2_AWB,1.03268394204491e-05
China,FodderGrass,FodderGrassAEZ08,FodderGrassAEZ08,2005,SO2_AWB,1.16218286686614e-05
China,FodderGrass,FodderGrassAEZ09,FodderGrassAEZ09,2005,SO2_AWB,5.55657920376302e-06
China,FodderGrass,FodderGrassAEZ10,FodderGrassAEZ10,2005,SO2_AWB,7.31569844521816e-06
China,FodderGrass,FodderGrassAEZ11,FodderGrassAEZ11,2005,SO2_AWB,1.63570263817258e-05
China,FodderGrass,FodderGrassAEZ12,FodderGrassAEZ12,2005,SO2_AWB,7.64876968315787e-05
China,FodderGrass,FodderGrassAEZ13,FodderGrassAEZ13,2005,SO2_AWB,3.11804696670771e-06
China,FodderGrass,FodderGrassAEZ14,FodderGrassAEZ14,2005,SO2_AWB,8.92738304844442e-07
China,FodderGrass,FodderGrassAEZ15,FodderGrassAEZ15,2005,SO2_AWB,4.92299327433767e-07
China,FodderGrass,FodderGrassAEZ16,FodderGrassAEZ16,2005,SO2_AWB,1.13446666164292e-06
China,FodderGrass,FodderGrassAEZ17,FodderGrassAEZ17,2005,SO2_AWB,3.55904208656027e-08
China,FodderHerb,FodderHerbAEZ04,FodderHerbAEZ04,2005,SO2_AWB,0
China,FodderHerb,FodderHerbAEZ05,FodderHerbAEZ05,2005,SO2_AWB,0
China,FodderHerb,FodderHerbAEZ06,FodderHerbAEZ06,2005,SO2_AWB,0
China,FodderHerb,FodderHerbAEZ07,FodderHerbAEZ07,2005,SO2_AWB,0
China,FodderHerb,FodderHerbAEZ08,FodderHerbAEZ08,2005,SO2_AWB,0
China,FodderHerb,FodderHerbAEZ09,FodderHerbAEZ09,2005,SO2_AWB,0
China,FodderHerb,FodderHerbAEZ10,FodderHerbAEZ10,2005,SO2_AWB,0
China,FodderHerb,FodderHerbAEZ11,FodderHerbAEZ11,2005,SO2_AWB,0
China,FodderHerb,FodderHerbAEZ12,FodderHerbAEZ12,2005,SO2_AWB,0
China,FodderHerb,FodderHerbAEZ13,FodderHerbAEZ13,2005,SO2_AWB,0
China,FodderHerb,FodderHerbAEZ14,FodderHerbAEZ14,2005,SO2_AWB,0
China,FodderHerb,FodderHerbAEZ15,FodderHerbAEZ15,2005,SO2_AWB,0
China,FodderHerb,FodderHerbAEZ16,FodderHerbAEZ16,2005,SO2_AWB,0
China,FodderHerb,FodderHerbAEZ17,FodderHerbAEZ17,2005,SO2_AWB,0
China,MiscCrop,MiscCropAEZ04,MiscCropAEZ04,2005,SO2_AWB,1.3390324649777e-06
China,MiscCrop,MiscCropAEZ05,MiscCropAEZ05,2005,SO2_AWB,2.67571987735965e-06
China,MiscCrop,MiscCropAEZ06,MiscCropAEZ06,2005,SO2_AWB,8.91260578042651e-05
China,MiscCrop,MiscCropAEZ07,MiscCropAEZ07,2005,SO2_AWB,1.20884785497325e-05
China,MiscCrop,MiscCropAEZ08,MiscCropAEZ08,2005,SO2_AWB,0.000132561430444211
China,MiscCrop,MiscCropAEZ09,MiscCropAEZ09,2005,SO2_AWB,0.000241619379852731
China,MiscCrop,MiscCropAEZ10,MiscCropAEZ10,2005,SO2_AWB,0.000124827751728824
China,MiscCrop,MiscCropAEZ11,MiscCropAEZ11,2005,SO2_AWB,0.000209607286136353
China,MiscCrop,MiscCropAEZ12,MiscCropAEZ12,2005,SO2_AWB,0.000568437597693204
China,MiscCrop,MiscCropAEZ13,MiscCropAEZ13,2005,SO2_AWB,2.18345580180783e-06
China,MiscCrop,MiscCropAEZ14,MiscCropAEZ14,2005,SO2_AWB,6.09877196783539e-07
China,MiscCrop,MiscCropAEZ15,MiscCropAEZ15,2005,SO2_AWB,1.86913327662647e-06
China,MiscCrop,MiscCropAEZ16,MiscCropAEZ16,2005,SO2_AWB,6.11571878215639e-07
China,MiscCrop,MiscCropAEZ17,MiscCropAEZ17,2005,SO2_AWB,1.51555063160146e-08
China,OilCrop,OilCropAEZ04,OilCropAEZ04,2005,SO2_AWB,1.75296509012469e-08
China,OilCrop,OilCropAEZ05,OilCropAEZ05,2005,SO2_AWB,5.76303698208192e-08
China,OilCrop,OilCropAEZ06,OilCropAEZ06,2005,SO2_AWB,2.43983403788303e-06
China,OilCrop,OilCropAEZ07,OilCropAEZ07,2005,SO2_AWB,1.60874838131804e-06
China,OilCrop,OilCropAEZ08,OilCropAEZ08,2005,SO2_AWB,1.46356361316072e-05
China,OilCrop,OilCropAEZ09,OilCropAEZ09,2005,SO2_AWB,1.99141258886167e-05
China,OilCrop,OilCropAEZ10,OilCropAEZ10,2005,SO2_AWB,1.49817374615092e-05
China,OilCrop,OilCropAEZ11,OilCropAEZ11,2005,SO2_AWB,2.38841292409125e-05
China,OilCrop,OilCropAEZ12,OilCropAEZ12,2005,SO2_AWB,3.41541904440583e-05
China,OilCrop,OilCropAEZ13,OilCropAEZ13,2005,SO2_AWB,5.50243862280657e-07
China,OilCrop,OilCropAEZ14,OilCropAEZ14,2005,SO2_AWB,4.47348002600111e-07
China,OilCrop,OilCropAEZ15,OilCropAEZ15,2005,SO2_AWB,1.25631310076149e-06
China,OilCrop,OilCropAEZ16,OilCropAEZ16,2005,SO2_AWB,3.07129566624081e-07
China,OilCrop,OilCropAEZ17,OilCropAEZ17,2005,SO2_AWB,1.37003191761467e-08
China,OtherGrain,OtherGrainAEZ04,OtherGrainAEZ04,2005,SO2_AWB,3.86907409790097e-09
China,OtherGrain,OtherGrainAEZ05,OtherGrainAEZ05,2005,SO2_AWB,8.44142069719917e-09
China,OtherGrain,OtherGrainAEZ06,OtherGrainAEZ06,2005,SO2_AWB,1.31914135002142e-07
China,OtherGrain,OtherGrainAEZ07,OtherGrainAEZ07,2005,SO2_AWB,4.93759665713396e-07
China,OtherGrain,OtherGrainAEZ08,OtherGrainAEZ08,2005,SO2_AWB,1.15243888368487e-05
China,OtherGrain,OtherGrainAEZ09,OtherGrainAEZ09,2005,SO2_AWB,6.89061020167926e-06
China,OtherGrain,OtherGrainAEZ10,OtherGrainAEZ10,2005,SO2_AWB,1.52513567251784e-06
China,OtherGrain,OtherGrainAEZ11,OtherGrainAEZ11,2005,SO2_AWB,2.06082070258058e-06
China,OtherGrain,OtherGrainAEZ12,OtherGrainAEZ12,2005,SO2_AWB,2.10493115824926e-06
China,OtherGrain,OtherGrainAEZ13,OtherGrainAEZ13,2005,SO2_AWB,1.0264552499751e-07
China,OtherGrain,OtherGrainAEZ14,OtherGrainAEZ14,2005,SO2_AWB,9.25695871716806e-08
China,OtherGrain,OtherGrainAEZ15,OtherGrainAEZ15,2005,SO2_AWB,1.55692057862839e-07
China,OtherGrain,OtherGrainAEZ16,OtherGrainAEZ16,2005,SO2_AWB,8.20398557746138e-08
China,OtherGrain,OtherGrainAEZ17,OtherGrainAEZ17,2005,SO2_AWB,5.13582487258897e-09
China,PalmFruit,PalmFruitAEZ04,PalmFruitAEZ04,2005,SO2_AWB,1.08238986488057e-07
China,PalmFruit,PalmFruitAEZ05,PalmFruitAEZ05,2005,SO2_AWB,2.26308603741372e-07
China,PalmFruit,PalmFruitAEZ06,PalmFruitAEZ06,2005,SO2_AWB,9.1169745941324e-07
China,PalmFruit,PalmFruitAEZ07,PalmFruitAEZ07,2005,SO2_AWB,0
China,PalmFruit,PalmFruitAEZ08,PalmFruitAEZ08,2005,SO2_AWB,0
China,PalmFruit,PalmFruitAEZ09,PalmFruitAEZ09,2005,SO2_AWB,0
China,PalmFruit,PalmFruitAEZ10,PalmFruitAEZ10,2005,SO2_AWB,0
China,PalmFruit,PalmFruitAEZ11,PalmFruitAEZ11,2005,SO2_AWB,4.29282215424037e-08
China,PalmFruit,PalmFruitAEZ12,PalmFruitAEZ12,2005,SO2_AWB,1.08630170757264e-06
China,PalmFruit,PalmFruitAEZ13,PalmFruitAEZ13,2005,SO2_AWB,0
China,PalmFruit,PalmFruitAEZ14,PalmFruitAEZ14,2005,SO2_AWB,0
China,PalmFruit,PalmFruitAEZ15,PalmFruitAEZ15,2005,SO2_AWB,0
China,PalmFruit,PalmFruitAEZ16,PalmFruitAEZ16,2005,SO2_AWB,0
China,PalmFruit,PalmFruitAEZ17,PalmFruitAEZ17,2005,SO2_AWB,0
China,Rice,RiceAEZ04,RiceAEZ04,2005,SO2_AWB,3.53965758226089e-07
China,Rice,RiceAEZ05,RiceAEZ05,2005,SO2_AWB,9.73767321151342e-07
China,Rice,RiceAEZ06,RiceAEZ06,2005,SO2_AWB,2.38404723921488e-05
China,Rice,RiceAEZ07,RiceAEZ07,2005,SO2_AWB,1.41845075079285e-06
China,Rice,RiceAEZ08,RiceAEZ08,2005,SO2_AWB,9.07037567569448e-06
China,Rice,RiceAEZ09,RiceAEZ09,2005,SO2_AWB,1.7432477075813e-05
China,Rice,RiceAEZ10,RiceAEZ10,2005,SO2_AWB,1.61634579533686e-05
China,Rice,RiceAEZ11,RiceAEZ11,2005,SO2_AWB,9.12214864687369e-05
China,Rice,RiceAEZ12,RiceAEZ12,2005,SO2_AWB,0.000290367249975885
China,Rice,RiceAEZ13,RiceAEZ13,2005,SO2_AWB,7.03110189438881e-08
China,Rice,RiceAEZ14,RiceAEZ14,2005,SO2_AWB,2.75977842879675e-08
China,Rice,RiceAEZ15,RiceAEZ15,2005,SO2_AWB,1.02714240749344e-06
China,Rice,RiceAEZ16,RiceAEZ16,2005,SO2_AWB,2.64156057999617e-07
China,Rice,RiceAEZ17,RiceAEZ17,2005,SO2_AWB,1.12588427429116e-08
China,Root_Tuber,Root_TuberAEZ04,Root_TuberAEZ04,2005,SO2_AWB,4.18842437504122e-08
China,Root_Tuber,Root_TuberAEZ05,Root_TuberAEZ05,2005,SO2_AWB,9.80544068896634e-08
China,Root_Tuber,Root_TuberAEZ06,Root_TuberAEZ06,2005,SO2_AWB,2.1064615887473e-05
China,Root_Tuber,Root_TuberAEZ07,Root_TuberAEZ07,2005,SO2_AWB,4.29483111939162e-06
China,Root_Tuber,Root_TuberAEZ08,Root_TuberAEZ08,2005,SO2_AWB,4.68669564564066e-05
China,Root_Tuber,Root_TuberAEZ09,Root_TuberAEZ09,2005,SO2_AWB,5.39447901175361e-05
China,Root_Tuber,Root_TuberAEZ10,Root_TuberAEZ10,2005,SO2_AWB,5.51252168138158e-05
China,Root_Tuber,Root_TuberAEZ11,Root_TuberAEZ11,2005,SO2_AWB,8.86415468728241e-05
China,Root_Tuber,Root_TuberAEZ12,Root_TuberAEZ12,2005,SO2_AWB,0.000145516039598778
China,Root_Tuber,Root_TuberAEZ13,Root_TuberAEZ13,2005,SO2_AWB,5.03256080639372e-07
China,Root_Tuber,Root_TuberAEZ14,Root_TuberAEZ14,2005,SO2_AWB,1.02825090005739e-06
China,Root_Tuber,Root_TuberAEZ15,Root_TuberAEZ15,2005,SO2_AWB,1.65889862605943e-06
China,Root_Tuber,Root_TuberAEZ16,Root_TuberAEZ16,2005,SO2_AWB,1.2377669266267e-06
China,Root_Tuber,Root_TuberAEZ17,Root_TuberAEZ17,2005,SO2_AWB,4.62592776584218e-08
China,SugarCrop,SugarCropAEZ04,SugarCropAEZ04,2005,SO2_AWB,5.67105681454352e-07
China,SugarCrop,SugarCropAEZ05,SugarCropAEZ05,2005,SO2_AWB,1.50732549474341e-06
China,SugarCrop,SugarCropAEZ06,SugarCropAEZ06,2005,SO2_AWB,0.000100452324981286
China,SugarCrop,SugarCropAEZ07,SugarCropAEZ07,2005,SO2_AWB,6.77984847569169e-06
China,SugarCrop,SugarCropAEZ08,SugarCropAEZ08,2005,SO2_AWB,8.08607192825256e-06
China,SugarCrop,SugarCropAEZ09,SugarCropAEZ09,2005,SO2_AWB,3.30126443353456e-06
China,SugarCrop,SugarCropAEZ10,SugarCropAEZ10,2005,SO2_AWB,2.76554137473434e-06
China,SugarCrop,SugarCropAEZ11,SugarCropAEZ11,2005,SO2_AWB,2.71287327618685e-05
China,SugarCrop,SugarCropAEZ12,SugarCropAEZ12,2005,SO2_AWB,0.000106185088505202
China,SugarCrop,SugarCropAEZ13,SugarCropAEZ13,2005,SO2_AWB,1.63358558372734e-06
China,SugarCrop,SugarCropAEZ14,SugarCropAEZ14,2005,SO2_AWB,1.79884332374844e-07
China,SugarCrop,SugarCropAEZ15,SugarCropAEZ15,2005,SO2_AWB,9.18138951514586e-07
China,SugarCrop,SugarCropAEZ16,SugarCropAEZ16,2005,SO2_AWB,8.71709289989929e-08
China,SugarCrop,SugarCropAEZ17,SugarCropAEZ17,2005,SO2_AWB,0
China,Wheat,WheatAEZ04,WheatAEZ04,2005,SO2_AWB,0
China,Wheat,WheatAEZ05,WheatAEZ05,2005,SO2_AWB,3.40717850458065e-09
China,Wheat,WheatAEZ06,WheatAEZ06,2005,SO2_AWB,1.89593622359015e-07
China,Wheat,WheatAEZ07,WheatAEZ07,2005,SO2_AWB,1.14286235464355e-05
China,Wheat,WheatAEZ08,WheatAEZ08,2005,SO2_AWB,3.01688317989222e-05
China,Wheat,WheatAEZ09,WheatAEZ09,2005,SO2_AWB,7.23094766379124e-05
China,Wheat,WheatAEZ10,WheatAEZ10,2005,SO2_AWB,3.73459721955235e-05
China,Wheat,WheatAEZ11,WheatAEZ11,2005,SO2_AWB,6.40446205358265e-05
China,Wheat,WheatAEZ12,WheatAEZ12,2005,SO2_AWB,2.80290994821356e-05
China,Wheat,WheatAEZ13,WheatAEZ13,2005,SO2_AWB,2.25789142691613e-06
China,Wheat,WheatAEZ14,WheatAEZ14,2005,SO2_AWB,1.34894967530573e-06
China,Wheat,WheatAEZ15,WheatAEZ15,2005,SO2_AWB,1.53718962830861e-06
China,Wheat,WheatAEZ16,WheatAEZ16,2005,SO2_AWB,5.92217024552048e-07
China,Wheat,WheatAEZ17,WheatAEZ17,2005,SO2_AWB,3.01366997082489e-08
EU-12,Corn,CornAEZ08,CornAEZ08,2005,CH4_AWB,5.44178126777399e-05
EU-12,Corn,CornAEZ09,CornAEZ09,2005,CH4_AWB,0.000256778207735003
EU-12,Corn,CornAEZ10,CornAEZ10,2005,CH4_AWB,0.000869737873774383
EU-12,Corn,CornAEZ11,CornAEZ11,2005,CH4_AWB,0.00023647161624156
EU-12,Corn,CornAEZ15,CornAEZ15,2005,CH4_AWB,4.69094464161692e-06
EU-12,Corn,CornAEZ16,CornAEZ16,2005,CH4_AWB,7.13783873158267e-07
EU-12,FiberCrop,FiberCropAEZ08,FiberCropAEZ08,2005,CH4_AWB,0
EU-12,FiberCrop,FiberCropAEZ09,FiberCropAEZ09,2005,CH4_AWB,8.40012884749668e-07
EU-12,FiberCrop,FiberCropAEZ10,FiberCropAEZ10,2005,CH4_AWB,7.25527920346221e-07
EU-12,FiberCrop,FiberCropAEZ11,FiberCropAEZ11,2005,CH4_AWB,0
EU-12,FiberCrop,FiberCropAEZ15,FiberCropAEZ15,2005,CH4_AWB,4.85172097950342e-09
EU-12,FiberCrop,FiberCropAEZ16,FiberCropAEZ16,2005,CH4_AWB,0
EU-12,FodderGrass,FodderGrassAEZ08,FodderGrassAEZ08,2005,CH4_AWB,2.58998873694899e-05
EU-12,FodderGrass,FodderGrassAEZ09,FodderGrassAEZ09,2005,CH4_AWB,7.29238721417e-05
EU-12,FodderGrass,FodderGrassAEZ10,FodderGrassAEZ10,2005,CH4_AWB,0.00150693146640982
EU-12,FodderGrass,FodderGrassAEZ11,FodderGrassAEZ11,2005,CH4_AWB,5.14087219542209e-05
EU-12,FodderGrass,FodderGrassAEZ15,FodderGrassAEZ15,2005,CH4_AWB,3.91535919808524e-06
EU-12,FodderGrass,FodderGrassAEZ16,FodderGrassAEZ16,2005,CH4_AWB,1.14489904823083e-05
EU-12,FodderHerb,FodderHerbAEZ08,FodderHerbAEZ08,2005,CH4_AWB,0.000101154623584083
EU-12,FodderHerb,FodderHerbAEZ09,FodderHerbAEZ09,2005,CH4_AWB,0.000428357554251477
EU-12,FodderHerb,FodderHerbAEZ10,FodderHerbAEZ10,2005,CH4_AWB,0.00419204712404893
EU-12,FodderHerb,FodderHerbAEZ11,FodderHerbAEZ11,2005,CH4_AWB,0.000325925873379131
EU-12,FodderHerb,FodderHerbAEZ15,FodderHerbAEZ15,2005,CH4_AWB,2.28001946210052e-05
EU-12,FodderHerb,FodderHerbAEZ16,FodderHerbAEZ16,2005,CH4_AWB,1.01562458859368e-05
EU-12,MiscCrop,MiscCropAEZ08,MiscCropAEZ08,2005,CH4_AWB,3.61166260528681e-05
EU-12,MiscCrop,MiscCropAEZ09,MiscCropAEZ09,2005,CH4_AWB,0.000257753546666328
EU-12,MiscCrop,MiscCropAEZ10,MiscCropAEZ10,2005,CH4_AWB,0.00108784143556091
EU-12,MiscCrop,MiscCropAEZ11,MiscCropAEZ11,2005,CH4_AWB,0.00010173915490479
EU-12,MiscCrop,MiscCropAEZ15,MiscCropAEZ15,2005,CH4_AWB,4.45262598146253e-06
EU-12,MiscCrop,MiscCropAEZ16,MiscCropAEZ16,2005,CH4_AWB,1.40243248415202e-06
EU-12,OilCrop,OilCropAEZ08,OilCropAEZ08,2005,CH4_AWB,2.21383877857659e-05
EU-12,OilCrop,OilCropAEZ09,OilCropAEZ09,2005,CH4_AWB,0.000109771132524039
EU-12,OilCrop,OilCropAEZ10,OilCropAEZ10,2005,CH4_AWB,0.000337922032243199
EU-12,OilCrop,OilCropAEZ11,OilCropAEZ11,2005,CH4_AWB,2.78528501723975e-05
EU-12,OilCrop,OilCropAEZ15,OilCropAEZ15,2005,CH4_AWB,4.87036368666147e-07
EU-12,OilCrop,OilCropAEZ16,OilCropAEZ16,2005,CH4_AWB,5.22093778099572e-07
EU-12,OtherGrain,OtherGrainAEZ08,OtherGrainAEZ08,2005,CH4_AWB,9.43096579292328e-06
EU-12,OtherGrain,OtherGrainAEZ09,OtherGrainAEZ09,2005,CH4_AWB,8.80178709471691e-05
EU-12,OtherGrain,OtherGrainAEZ10,OtherGrainAEZ10,2005,CH4_AWB,0.0015339114131443
EU-12,OtherGrain,OtherGrainAEZ11,OtherGrainAEZ11,2005,CH4_AWB,4.23309895626254e-05
EU-12,OtherGrain,OtherGrainAEZ15,OtherGrainAEZ15,2005,CH4_AWB,2.17213320561836e-06
EU-12,OtherGrain,OtherGrainAEZ16,OtherGrainAEZ16,2005,CH4_AWB,4.55117072282778e-06
EU-12,PalmFruit,PalmFruitAEZ08,PalmFruitAEZ08,2005,CH4_AWB,0
EU-12,PalmFruit,PalmFruitAEZ09,PalmFruitAEZ09,2005,CH4_AWB,0
EU-12,PalmFruit,PalmFruitAEZ10,PalmFruitAEZ10,2005,CH4_AWB,0
EU-12,PalmFruit,PalmFruitAEZ11,PalmFruitAEZ11,2005,CH4_AWB,0
EU-12,PalmFruit,PalmFruitAEZ15,PalmFruitAEZ15,2005,CH4_AWB,0
EU-12,PalmFruit,PalmFruitAEZ16,PalmFruitAEZ16,2005,CH4_AWB,0
EU-12,Rice,RiceAEZ08,RiceAEZ08,2005,CH4_AWB,1.26820958131019e-07
EU-12,Rice,RiceAEZ09,RiceAEZ09,2005,CH4_AWB,1.98826097947916e-06
EU-12,Rice,RiceAEZ10,RiceAEZ10,2005,CH4_AWB,9.71373418855443e-07
EU-12,Rice,RiceAEZ11,RiceAEZ11,2005,CH4_AWB,0
EU-12,Rice,RiceAEZ15,RiceAEZ15,2005,CH4_AWB,0
EU-12,Rice,RiceAEZ16,RiceAEZ16,2005,CH4_AWB,0
EU-12,Root_Tuber,Root_TuberAEZ08,Root_TuberAEZ08,2005,CH4_AWB,1.90394467360611e-06
EU-12,Root_Tuber,Root_TuberAEZ09,Root_TuberAEZ09,2005,CH4_AWB,2.30747270783828e-05
EU-12,Root_Tuber,Root_TuberAEZ10,Root_TuberAEZ10,2005,CH4_AWB,0.00123518942677812
EU-12,Root_Tuber,Root_TuberAEZ11,Root_TuberAEZ11,2005,CH4_AWB,3.14387424571479e-05
EU-12,Root_Tuber,Root_TuberAEZ15,Root_TuberAEZ15,2005,CH4_AWB,3.36873486842526e-06
EU-12,Root_Tuber,Root_TuberAEZ16,Root_TuberAEZ16,2005,CH4_AWB,7.04916366349273e-06
EU-12,SugarCrop,SugarCropAEZ08,SugarCropAEZ08,2005,CH4_AWB,3.03144191726026e-06
EU-12,SugarCrop,SugarCropAEZ09,SugarCropAEZ09,2005,CH4_AWB,1.95239752966832e-05
EU-12,SugarCrop,SugarCropAEZ10,SugarCropAEZ10,2005,CH4_AWB,0.00134461908634747
EU-12,SugarCrop,SugarCropAEZ11,SugarCropAEZ11,2005,CH4_AWB,4.58490569220807e-05
EU-12,SugarCrop,SugarCropAEZ15,SugarCropAEZ15,2005,CH4_AWB,2.65863097439827e-06
EU-12,SugarCrop,SugarCropAEZ16,SugarCropAEZ16,2005,CH4_AWB,2.49033921343341e-07
EU-12,Wheat,WheatAEZ08,WheatAEZ08,2005,CH4_AWB,2.78028618836797e-05
EU-12,Wheat,WheatAEZ09,WheatAEZ09,2005,CH4_AWB,0.000317829248600581
EU-12,Wheat,WheatAEZ10,WheatAEZ10,2005,CH4_AWB,0.00142696900311786
EU-12,Wheat,WheatAEZ11,WheatAEZ11,2005,CH4_AWB,9.44983335420196e-05
EU-12,Wheat,WheatAEZ15,WheatAEZ15,2005,CH4_AWB,3.40211586240817e-06
EU-12,Wheat,WheatAEZ16,WheatAEZ16,2005,CH4_AWB,2.67157404471691e-06
EU-12,Corn,CornAEZ08,CornAEZ08,2005,CO_AWB,0.0022946854371837
EU-12,Corn,CornAEZ09,CornAEZ09,2005,CO_AWB,0.0108278003999354
EU-12,Corn,CornAEZ10,CornAEZ10,2005,CO_AWB,0.0366750285414096
EU-12,Corn,CornAEZ11,CornAEZ11,2005,CO_AWB,0.00997151387377918
EU-12,Corn,CornAEZ15,CornAEZ15,2005,CO_AWB,0.00019780733230677
EU-12,Corn,CornAEZ16,CornAEZ16,2005,CO_AWB,3.00987742512271e-05
EU-12,FiberCrop,FiberCropAEZ08,FiberCropAEZ08,2005,CO_AWB,0
EU-12,FiberCrop,FiberCropAEZ09,FiberCropAEZ09,2005,CO_AWB,3.54215878741157e-05
EU-12,FiberCrop,FiberCropAEZ10,FiberCropAEZ10,2005,CO_AWB,3.05939961781976e-05
EU-12,FiberCrop,FiberCropAEZ11,FiberCropAEZ11,2005,CO_AWB,0
EU-12,FiberCrop,FiberCropAEZ15,FiberCropAEZ15,2005,CO_AWB,2.04586934481828e-07
EU-12,FiberCrop,FiberCropAEZ16,FiberCropAEZ16,2005,CO_AWB,0
EU-12,FodderGrass,FodderGrassAEZ08,FodderGrassAEZ08,2005,CO_AWB,0.00109214412426719
EU-12,FodderGrass,FodderGrassAEZ09,FodderGrassAEZ09,2005,CO_AWB,0.00307504729044459
EU-12,FodderGrass,FodderGrassAEZ10,FodderGrassAEZ10,2005,CO_AWB,0.0635441507228935
EU-12,FodderGrass,FodderGrassAEZ11,FodderGrassAEZ11,2005,CO_AWB,0.00216779836983107
EU-12,FodderGrass,FodderGrassAEZ15,FodderGrassAEZ15,2005,CO_AWB,0.000165102514987058
EU-12,FodderGrass,FodderGrassAEZ16,FodderGrassAEZ16,2005,CO_AWB,0.000482780002308957
EU-12,FodderHerb,FodderHerbAEZ08,FodderHerbAEZ08,2005,CO_AWB,0.00426547908157919
EU-12,FodderHerb,FodderHerbAEZ09,FodderHerbAEZ09,2005,CO_AWB,0.0180629428725748
EU-12,FodderHerb,FodderHerbAEZ10,FodderHerbAEZ10,2005,CO_AWB,0.176769866596968
EU-12,FodderHerb,FodderHerbAEZ11,FodderHerbAEZ11,2005,CO_AWB,0.0137436129539695
EU-12,FodderHerb,FodderHerbAEZ15,FodderHerbAEZ15,2005,CO_AWB,0.000961436558863683
EU-12,FodderHerb,FodderHerbAEZ16,FodderHerbAEZ16,2005,CO_AWB,0.000428267664283563
EU-12,MiscCrop,MiscCropAEZ08,MiscCropAEZ08,2005,CO_AWB,0.0015229626433998
EU-12,MiscCrop,MiscCropAEZ09,MiscCropAEZ09,2005,CO_AWB,0.0108689284043865
EU-12,MiscCrop,MiscCropAEZ10,MiscCropAEZ10,2005,CO_AWB,0.0458719999447487
EU-12,MiscCrop,MiscCropAEZ11,MiscCropAEZ11,2005,CO_AWB,0.00429012754580811
EU-12,MiscCrop,MiscCropAEZ15,MiscCropAEZ15,2005,CO_AWB,0.000187757932451176
EU-12,MiscCrop,MiscCropAEZ16,MiscCropAEZ16,2005,CO_AWB,5.91376470251515e-05
EU-12,OilCrop,OilCropAEZ08,OilCropAEZ08,2005,CO_AWB,0.000933529547678845
EU-12,OilCrop,OilCropAEZ09,OilCropAEZ09,2005,CO_AWB,0.0046288192566239
EU-12,OilCrop,OilCropAEZ10,OilCropAEZ10,2005,CO_AWB,0.0142494659034538
EU-12,OilCrop,OilCropAEZ11,OilCropAEZ11,2005,CO_AWB,0.00117449648432497
EU-12,OilCrop,OilCropAEZ15,OilCropAEZ15,2005,CO_AWB,2.05373058482779e-05
EU-12,OilCrop,OilCropAEZ16,OilCropAEZ16,2005,CO_AWB,2.2015603540408e-05
EU-12,OtherGrain,OtherGrainAEZ08,OtherGrainAEZ08,2005,CO_AWB,0.000397684118466069
EU-12,OtherGrain,OtherGrainAEZ09,OtherGrainAEZ09,2005,CO_AWB,0.00371152967632972
EU-12,OtherGrain,OtherGrainAEZ10,OtherGrainAEZ10,2005,CO_AWB,0.0646818386934529
EU-12,OtherGrain,OtherGrainAEZ11,OtherGrainAEZ11,2005,CO_AWB,0.00178500936570474
EU-12,OtherGrain,OtherGrainAEZ15,OtherGrainAEZ15,2005,CO_AWB,9.1594317913379e-05
EU-12,OtherGrain,OtherGrainAEZ16,OtherGrainAEZ16,2005,CO_AWB,0.000191913358253772
EU-12,PalmFruit,PalmFruitAEZ08,PalmFruitAEZ08,2005,CO_AWB,0
EU-12,PalmFruit,PalmFruitAEZ09,PalmFruitAEZ09,2005,CO_AWB,0
EU-12,PalmFruit,PalmFruitAEZ10,PalmFruitAEZ10,2005,CO_AWB,0
EU-12,PalmFruit,PalmFruitAEZ11,PalmFruitAEZ11,2005,CO_AWB,0
EU-12,PalmFruit,PalmFruitAEZ15,PalmFruitAEZ15,2005,CO_AWB,0
EU-12,PalmFruit,PalmFruitAEZ16,PalmFruitAEZ16,2005,CO_AWB,0
EU-12,Rice,RiceAEZ08,RiceAEZ08,2005,CO_AWB,5.34777477140267e-06
EU-12,Rice,RiceAEZ09,RiceAEZ09,2005,CO_AWB,8.38408103969555e-05
EU-12,Rice,RiceAEZ10,RiceAEZ10,2005,CO_AWB,4.0960787077477e-05
EU-12,Rice,RiceAEZ11,RiceAEZ11,2005,CO_AWB,0
EU-12,Rice,RiceAEZ15,RiceAEZ15,2005,CO_AWB,0
EU-12,Rice,RiceAEZ16,RiceAEZ16,2005,CO_AWB,0
EU-12,Root_Tuber,Root_TuberAEZ08,Root_TuberAEZ08,2005,CO_AWB,8.02853679841966e-05
EU-12,Root_Tuber,Root_TuberAEZ09,Root_TuberAEZ09,2005,CO_AWB,0.000973013018867859
EU-12,Root_Tuber,Root_TuberAEZ10,Root_TuberAEZ10,2005,CO_AWB,0.0520853568035904
EU-12,Root_Tuber,Root_TuberAEZ11,Root_TuberAEZ11,2005,CO_AWB,0.00132570606810326
EU-12,Root_Tuber,Root_TuberAEZ15,Root_TuberAEZ15,2005,CO_AWB,0.000142052509351786
EU-12,Root_Tuber,Root_TuberAEZ16,Root_TuberAEZ16,2005,CO_AWB,0.000297248500205854
EU-12,SugarCrop,SugarCropAEZ08,SugarCropAEZ08,2005,CO_AWB,0.000127829570482734
EU-12,SugarCrop,SugarCropAEZ09,SugarCropAEZ09,2005,CO_AWB,0.000823285236665892
EU-12,SugarCrop,SugarCropAEZ10,SugarCropAEZ10,2005,CO_AWB,0.0566997768593323
EU-12,SugarCrop,SugarCropAEZ11,SugarCropAEZ11,2005,CO_AWB,0.00193335891412523
EU-12,SugarCrop,SugarCropAEZ15,SugarCropAEZ15,2005,CO_AWB,0.000112108912130031
EU-12,SugarCrop,SugarCropAEZ16,SugarCropAEZ16,2005,CO_AWB,1.05012400269641e-05
EU-12,Wheat,WheatAEZ08,WheatAEZ08,2005,CO_AWB,0.00117238858265627
EU-12,Wheat,WheatAEZ09,WheatAEZ09,2005,CO_AWB,0.0134021952075469
EU-12,Wheat,WheatAEZ10,WheatAEZ10,2005,CO_AWB,0.0601723007530317
EU-12,Wheat,WheatAEZ11,WheatAEZ11,2005,CO_AWB,0.00398479724095384
EU-12,Wheat,WheatAEZ15,WheatAEZ15,2005,CO_AWB,0.000143460116107775
EU-12,Wheat,WheatAEZ16,WheatAEZ16,2005,CO_AWB,0.00011265469435668
EU-12,Corn,CornAEZ08,CornAEZ08,2005,N2O_AWB,1.40833305035749e-06
EU-12,Corn,CornAEZ09,CornAEZ09,2005,N2O_AWB,6.64542029107858e-06
EU-12,Corn,CornAEZ10,CornAEZ10,2005,N2O_AWB,2.25088171043884e-05
EU-12,Corn,CornAEZ11,CornAEZ11,2005,N2O_AWB,6.11988568148883e-06
EU-12,Corn,CornAEZ15,CornAEZ15,2005,N2O_AWB,1.21401652346988e-07
EU-12,Corn,CornAEZ16,CornAEZ16,2005,N2O_AWB,1.84727274014851e-08
EU-12,FiberCrop,FiberCropAEZ08,FiberCropAEZ08,2005,N2O_AWB,0
EU-12,FiberCrop,FiberCropAEZ09,FiberCropAEZ09,2005,N2O_AWB,2.17395343566063e-08
EU-12,FiberCrop,FiberCropAEZ10,FiberCropAEZ10,2005,N2O_AWB,1.8776663355282e-08
EU-12,FiberCrop,FiberCropAEZ11,FiberCropAEZ11,2005,N2O_AWB,0
EU-12,FiberCrop,FiberCropAEZ15,FiberCropAEZ15,2005,N2O_AWB,1.25562544143611e-10
EU-12,FiberCrop,FiberCropAEZ16,FiberCropAEZ16,2005,N2O_AWB,0
EU-12,FodderGrass,FodderGrassAEZ08,FodderGrassAEZ08,2005,N2O_AWB,6.70289112849804e-07
EU-12,FodderGrass,FodderGrassAEZ09,FodderGrassAEZ09,2005,N2O_AWB,1.88726988909664e-06
EU-12,FodderGrass,FodderGrassAEZ10,FodderGrassAEZ10,2005,N2O_AWB,3.8999387963948e-05
EU-12,FodderGrass,FodderGrassAEZ11,FodderGrassAEZ11,2005,N2O_AWB,1.33045777921141e-06
EU-12,FodderGrass,FodderGrassAEZ15,FodderGrassAEZ15,2005,N2O_AWB,1.01329500238076e-07
EU-12,FodderGrass,FodderGrassAEZ16,FodderGrassAEZ16,2005,N2O_AWB,2.9629988593898e-07
EU-12,FodderHerb,FodderHerbAEZ08,FodderHerbAEZ08,2005,N2O_AWB,2.61788176664825e-06
EU-12,FodderHerb,FodderHerbAEZ09,FodderHerbAEZ09,2005,N2O_AWB,1.10858939626111e-05
EU-12,FodderHerb,FodderHerbAEZ10,FodderHerbAEZ10,2005,N2O_AWB,0.000108490184058228
EU-12,FodderHerb,FodderHerbAEZ11,FodderHerbAEZ11,2005,N2O_AWB,8.43496195197542e-06
EU-12,FodderHerb,FodderHerbAEZ15,FodderHerbAEZ15,2005,N2O_AWB,5.90069061200611e-07
EU-12,FodderHerb,FodderHerbAEZ16,FodderHerbAEZ16,2005,N2O_AWB,2.62843654400925e-07
EU-12,MiscCrop,MiscCropAEZ08,MiscCropAEZ08,2005,N2O_AWB,9.34698320913274e-07
EU-12,MiscCrop,MiscCropAEZ09,MiscCropAEZ09,2005,N2O_AWB,6.67066206366545e-06
EU-12,MiscCrop,MiscCropAEZ10,MiscCropAEZ10,2005,N2O_AWB,2.81533375169168e-05
EU-12,MiscCrop,MiscCropAEZ11,MiscCropAEZ11,2005,N2O_AWB,2.63300943785392e-06
EU-12,MiscCrop,MiscCropAEZ15,MiscCropAEZ15,2005,N2O_AWB,1.15233965167058e-07
EU-12,MiscCrop,MiscCropAEZ16,MiscCropAEZ16,2005,N2O_AWB,3.62949541912436e-08
EU-12,OilCrop,OilCropAEZ08,OilCropAEZ08,2005,N2O_AWB,5.72941499596115e-07
EU-12,OilCrop,OilCropAEZ09,OilCropAEZ09,2005,N2O_AWB,2.84087702723881e-06
EU-12,OilCrop,OilCropAEZ10,OilCropAEZ10,2005,N2O_AWB,8.74542255622011e-06
EU-12,OilCrop,OilCropAEZ11,OilCropAEZ11,2005,N2O_AWB,7.2083179227982e-07
EU-12,OilCrop,OilCropAEZ15,OilCropAEZ15,2005,N2O_AWB,1.2604501742482e-08
EU-12,OilCrop,OilCropAEZ16,OilCropAEZ16,2005,N2O_AWB,1.35117875361501e-08
EU-12,OtherGrain,OtherGrainAEZ08,OtherGrainAEZ08,2005,N2O_AWB,2.44073404817278e-07
EU-12,OtherGrain,OtherGrainAEZ09,OtherGrainAEZ09,2005,N2O_AWB,2.27790259434123e-06
EU-12,OtherGrain,OtherGrainAEZ10,OtherGrainAEZ10,2005,N2O_AWB,3.96976290143202e-05
EU-12,OtherGrain,OtherGrainAEZ11,OtherGrainAEZ11,2005,N2O_AWB,1.09552605519865e-06
EU-12,OtherGrain,OtherGrainAEZ15,OtherGrainAEZ15,2005,N2O_AWB,5.62148096868042e-08
EU-12,OtherGrain,OtherGrainAEZ16,OtherGrainAEZ16,2005,N2O_AWB,1.17784303179088e-07
EU-12,PalmFruit,PalmFruitAEZ08,PalmFruitAEZ08,2005,N2O_AWB,0
EU-12,PalmFruit,PalmFruitAEZ09,PalmFruitAEZ09,2005,N2O_AWB,0
EU-12,PalmFruit,PalmFruitAEZ10,PalmFruitAEZ10,2005,N2O_AWB,0
EU-12,PalmFruit,PalmFruitAEZ11,PalmFruitAEZ11,2005,N2O_AWB,0
EU-12,PalmFruit,PalmFruitAEZ15,PalmFruitAEZ15,2005,N2O_AWB,0
EU-12,PalmFruit,PalmFruitAEZ16,PalmFruitAEZ16,2005,N2O_AWB,0
EU-12,Rice,RiceAEZ08,RiceAEZ08,2005,N2O_AWB,3.28212653220034e-09
EU-12,Rice,RiceAEZ09,RiceAEZ09,2005,N2O_AWB,5.14561962774751e-08
EU-12,Rice,RiceAEZ10,RiceAEZ10,2005,N2O_AWB,2.51391451198933e-08
EU-12,Rice,RiceAEZ11,RiceAEZ11,2005,N2O_AWB,0
EU-12,Rice,RiceAEZ15,RiceAEZ15,2005,N2O_AWB,0
EU-12,Rice,RiceAEZ16,RiceAEZ16,2005,N2O_AWB,0
EU-12,Root_Tuber,Root_TuberAEZ08,Root_TuberAEZ08,2005,N2O_AWB,4.9274090191215e-08
EU-12,Root_Tuber,Root_TuberAEZ09,Root_TuberAEZ09,2005,N2O_AWB,5.97173961491446e-07
EU-12,Root_Tuber,Root_TuberAEZ10,Root_TuberAEZ10,2005,N2O_AWB,3.19667036873631e-05
EU-12,Root_Tuber,Root_TuberAEZ11,Root_TuberAEZ11,2005,N2O_AWB,8.13634688448077e-07
EU-12,Root_Tuber,Root_TuberAEZ15,Root_TuberAEZ15,2005,N2O_AWB,8.71828620012815e-08
EU-12,Root_Tuber,Root_TuberAEZ16,Root_TuberAEZ16,2005,N2O_AWB,1.82432363157751e-07
EU-12,SugarCrop,SugarCropAEZ08,SugarCropAEZ08,2005,N2O_AWB,7.84537200640387e-08
EU-12,SugarCrop,SugarCropAEZ09,SugarCropAEZ09,2005,N2O_AWB,5.05280501579766e-07
EU-12,SugarCrop,SugarCropAEZ10,SugarCropAEZ10,2005,N2O_AWB,3.47987433941692e-05
EU-12,SugarCrop,SugarCropAEZ11,SugarCropAEZ11,2005,N2O_AWB,1.18657364222766e-06
EU-12,SugarCrop,SugarCropAEZ15,SugarCropAEZ15,2005,N2O_AWB,6.88053724636535e-08
EU-12,SugarCrop,SugarCropAEZ16,SugarCropAEZ16,2005,N2O_AWB,6.44499815097164e-09
EU-12,Wheat,WheatAEZ08,WheatAEZ08,2005,N2O_AWB,7.19538095314288e-07
EU-12,Wheat,WheatAEZ09,WheatAEZ09,2005,N2O_AWB,8.2254212940386e-06
EU-12,Wheat,WheatAEZ10,WheatAEZ10,2005,N2O_AWB,3.69299593283475e-05
EU-12,Wheat,WheatAEZ11,WheatAEZ11,2005,N2O_AWB,2.44561697323369e-06
EU-12,Wheat,WheatAEZ15,WheatAEZ15,2005,N2O_AWB,8.80467621612956e-08
EU-12,Wheat,WheatAEZ16,WheatAEZ16,2005,N2O_AWB,6.91403391373563e-08
EU-12,Corn,CornAEZ08,CornAEZ08,2005,NH3_AWB,2.61929040176312e-05
EU-12,Corn,CornAEZ09,CornAEZ09,2005,NH3_AWB,0.000123594952058291
EU-12,Corn,CornAEZ10,CornAEZ10,2005,NH3_AWB,0.000418630583025801
EU-12,Corn,CornAEZ11,CornAEZ11,2005,NH3_AWB,0.000113820788494187
EU-12,Corn,CornAEZ15,CornAEZ15,2005,NH3_AWB,2.25789050871121e-06
EU-12,Corn,CornAEZ16,CornAEZ16,2005,NH3_AWB,3.43565306266258e-07
EU-12,FiberCrop,FiberCropAEZ08,FiberCropAEZ08,2005,NH3_AWB,0
EU-12,FiberCrop,FiberCropAEZ09,FiberCropAEZ09,2005,NH3_AWB,4.04323065943844e-07
EU-12,FiberCrop,FiberCropAEZ10,FiberCropAEZ10,2005,NH3_AWB,3.49218063803468e-07
EU-12,FiberCrop,FiberCropAEZ11,FiberCropAEZ11,2005,NH3_AWB,0
EU-12,FiberCrop,FiberCropAEZ15,FiberCropAEZ15,2005,NH3_AWB,2.33527691914093e-09
EU-12,FiberCrop,FiberCropAEZ16,FiberCropAEZ16,2005,NH3_AWB,0
EU-12,FodderGrass,FodderGrassAEZ08,FodderGrassAEZ08,2005,NH3_AWB,1.24663824316851e-05
EU-12,FodderGrass,FodderGrassAEZ09,FodderGrassAEZ09,2005,NH3_AWB,3.51004182199131e-05
EU-12,FodderGrass,FodderGrassAEZ10,FodderGrassAEZ10,2005,NH3_AWB,0.00072533072019204
EU-12,FodderGrass,FodderGrassAEZ11,FodderGrassAEZ11,2005,NH3_AWB,2.47445395828417e-05
EU-12,FodderGrass,FodderGrassAEZ15,FodderGrassAEZ15,2005,NH3_AWB,1.884578277288e-06
EU-12,FodderGrass,FodderGrassAEZ16,FodderGrassAEZ16,2005,NH3_AWB,5.51073801105836e-06
EU-12,FodderHerb,FodderHerbAEZ08,FodderHerbAEZ08,2005,NH3_AWB,4.86887145238257e-05
EU-12,FodderHerb,FodderHerbAEZ09,FodderHerbAEZ09,2005,NH3_AWB,0.000206181170312379
EU-12,FodderHerb,FodderHerbAEZ10,FodderHerbAEZ10,2005,NH3_AWB,0.00201775636606056
EU-12,FodderHerb,FodderHerbAEZ11,FodderHerbAEZ11,2005,NH3_AWB,0.000156877770314615
EU-12,FodderHerb,FodderHerbAEZ15,FodderHerbAEZ15,2005,NH3_AWB,1.09744085604453e-05
EU-12,FodderHerb,FodderHerbAEZ16,FodderHerbAEZ16,2005,NH3_AWB,4.88850177138089e-06
EU-12,MiscCrop,MiscCropAEZ08,MiscCropAEZ08,2005,NH3_AWB,1.73840011770709e-05
EU-12,MiscCrop,MiscCropAEZ09,MiscCropAEZ09,2005,NH3_AWB,0.000124064411556124
EU-12,MiscCrop,MiscCropAEZ10,MiscCropAEZ10,2005,NH3_AWB,0.000523610283213472
EU-12,MiscCrop,MiscCropAEZ11,MiscCropAEZ11,2005,NH3_AWB,4.89700667507011e-05
EU-12,MiscCrop,MiscCropAEZ15,MiscCropAEZ15,2005,NH3_AWB,2.14318068330899e-06
EU-12,MiscCrop,MiscCropAEZ16,MiscCropAEZ16,2005,NH3_AWB,6.75032266845011e-07
EU-12,OilCrop,OilCropAEZ08,OilCropAEZ08,2005,NH3_AWB,1.0655861341058e-05
EU-12,OilCrop,OilCropAEZ09,OilCropAEZ09,2005,NH3_AWB,5.28360953266497e-05
EU-12,OilCrop,OilCropAEZ10,OilCropAEZ10,2005,NH3_AWB,0.000162651876664084
EU-12,OilCrop,OilCropAEZ11,OilCropAEZ11,2005,NH3_AWB,1.34064012367314e-05
EU-12,OilCrop,OilCropAEZ15,OilCropAEZ15,2005,NH3_AWB,2.34425020592317e-07
EU-12,OilCrop,OilCropAEZ16,OilCropAEZ16,2005,NH3_AWB,2.51299189457471e-07
EU-12,OtherGrain,OtherGrainAEZ08,OtherGrainAEZ08,2005,NH3_AWB,4.53940299420837e-06
EU-12,OtherGrain,OtherGrainAEZ09,OtherGrainAEZ09,2005,NH3_AWB,4.23656066297298e-05
EU-12,OtherGrain,OtherGrainAEZ10,OtherGrainAEZ10,2005,NH3_AWB,0.000738316967166025
EU-12,OtherGrain,OtherGrainAEZ11,OtherGrainAEZ11,2005,NH3_AWB,2.03751582804568e-05
EU-12,OtherGrain,OtherGrainAEZ15,OtherGrainAEZ15,2005,NH3_AWB,1.04551200734947e-06
EU-12,OtherGrain,OtherGrainAEZ16,OtherGrainAEZ16,2005,NH3_AWB,2.19061318426797e-06
EU-12,PalmFruit,PalmFruitAEZ08,PalmFruitAEZ08,2005,NH3_AWB,0
EU-12,PalmFruit,PalmFruitAEZ09,PalmFruitAEZ09,2005,NH3_AWB,0
EU-12,PalmFruit,PalmFruitAEZ10,PalmFruitAEZ10,2005,NH3_AWB,0
EU-12,PalmFruit,PalmFruitAEZ11,PalmFruitAEZ11,2005,NH3_AWB,0
EU-12,PalmFruit,PalmFruitAEZ15,PalmFruitAEZ15,2005,NH3_AWB,0
EU-12,PalmFruit,PalmFruitAEZ16,PalmFruitAEZ16,2005,NH3_AWB,0
EU-12,Rice,RiceAEZ08,RiceAEZ08,2005,NH3_AWB,6.10426810688154e-08
EU-12,Rice,RiceAEZ09,RiceAEZ09,2005,NH3_AWB,9.5700886226179e-07
EU-12,Rice,RiceAEZ10,RiceAEZ10,2005,NH3_AWB,4.67550779301474e-07
EU-12,Rice,RiceAEZ11,RiceAEZ11,2005,NH3_AWB,0
EU-12,Rice,RiceAEZ15,RiceAEZ15,2005,NH3_AWB,0
EU-12,Rice,RiceAEZ16,RiceAEZ16,2005,NH3_AWB,0
EU-12,Root_Tuber,Root_TuberAEZ08,Root_TuberAEZ08,2005,NH3_AWB,9.16424928469146e-07
EU-12,Root_Tuber,Root_TuberAEZ09,Root_TuberAEZ09,2005,NH3_AWB,1.11065491583852e-05
EU-12,Root_Tuber,Root_TuberAEZ10,Root_TuberAEZ10,2005,NH3_AWB,0.000594533232910085
EU-12,Root_Tuber,Root_TuberAEZ11,Root_TuberAEZ11,2005,NH3_AWB,1.51323973363588e-05
EU-12,Root_Tuber,Root_TuberAEZ15,Root_TuberAEZ15,2005,NH3_AWB,1.62147180725631e-06
EU-12,Root_Tuber,Root_TuberAEZ16,Root_TuberAEZ16,2005,NH3_AWB,3.39297112759489e-06
EU-12,SugarCrop,SugarCropAEZ08,SugarCropAEZ08,2005,NH3_AWB,1.45912272593606e-06
EU-12,SugarCrop,SugarCropAEZ09,SugarCropAEZ09,2005,NH3_AWB,9.39746722304064e-06
EU-12,SugarCrop,SugarCropAEZ10,SugarCropAEZ10,2005,NH3_AWB,0.000647204967195992
EU-12,SugarCrop,SugarCropAEZ11,SugarCropAEZ11,2005,NH3_AWB,2.20685082359111e-05
EU-12,SugarCrop,SugarCropAEZ15,SugarCropAEZ15,2005,NH3_AWB,1.2796777838739e-06
EU-12,SugarCrop,SugarCropAEZ16,SugarCropAEZ16,2005,NH3_AWB,1.19867397785885e-07
EU-12,Wheat,WheatAEZ08,WheatAEZ08,2005,NH3_AWB,1.33823403937103e-05
EU-12,Wheat,WheatAEZ09,WheatAEZ09,2005,NH3_AWB,0.000152980625147328
EU-12,Wheat,WheatAEZ10,WheatAEZ10,2005,NH3_AWB,0.000686842419708102
EU-12,Wheat,WheatAEZ11,WheatAEZ11,2005,NH3_AWB,4.54848450993459e-05
EU-12,Wheat,WheatAEZ15,WheatAEZ15,2005,NH3_AWB,1.63753906774297e-06
EU-12,Wheat,WheatAEZ16,WheatAEZ16,2005,NH3_AWB,1.28590766673518e-06
EU-12,Corn,CornAEZ08,CornAEZ08,2005,NMVOC_AWB,0.000140833305035749
EU-12,Corn,CornAEZ09,CornAEZ09,2005,NMVOC_AWB,0.000664542029107858
EU-12,Corn,CornAEZ10,CornAEZ10,2005,NMVOC_AWB,0.00225088171043884
EU-12,Corn,CornAEZ11,CornAEZ11,2005,NMVOC_AWB,0.000611988568148883
EU-12,Corn,CornAEZ15,CornAEZ15,2005,NMVOC_AWB,1.21401652346988e-05
EU-12,Corn,CornAEZ16,CornAEZ16,2005,NMVOC_AWB,1.84727274014851e-06
EU-12,FiberCrop,FiberCropAEZ08,FiberCropAEZ08,2005,NMVOC_AWB,0
EU-12,FiberCrop,FiberCropAEZ09,FiberCropAEZ09,2005,NMVOC_AWB,2.17395343566064e-06
EU-12,FiberCrop,FiberCropAEZ10,FiberCropAEZ10,2005,NMVOC_AWB,1.8776663355282e-06
EU-12,FiberCrop,FiberCropAEZ11,FiberCropAEZ11,2005,NMVOC_AWB,0
EU-12,FiberCrop,FiberCropAEZ15,FiberCropAEZ15,2005,NMVOC_AWB,1.25562544143611e-08
EU-12,FiberCrop,FiberCropAEZ16,FiberCropAEZ16,2005,NMVOC_AWB,0
EU-12,FodderGrass,FodderGrassAEZ08,FodderGrassAEZ08,2005,NMVOC_AWB,6.70289112849804e-05
EU-12,FodderGrass,FodderGrassAEZ09,FodderGrassAEZ09,2005,NMVOC_AWB,0.000188726988909664
EU-12,FodderGrass,FodderGrassAEZ10,FodderGrassAEZ10,2005,NMVOC_AWB,0.0038999387963948
EU-12,FodderGrass,FodderGrassAEZ11,FodderGrassAEZ11,2005,NMVOC_AWB,0.000133045777921141
EU-12,FodderGrass,FodderGrassAEZ15,FodderGrassAEZ15,2005,NMVOC_AWB,1.01329500238076e-05
EU-12,FodderGrass,FodderGrassAEZ16,FodderGrassAEZ16,2005,NMVOC_AWB,2.9629988593898e-05
EU-12,FodderHerb,FodderHerbAEZ08,FodderHerbAEZ08,2005,NMVOC_AWB,0.000261788176664825
EU-12,FodderHerb,FodderHerbAEZ09,FodderHerbAEZ09,2005,NMVOC_AWB,0.00110858939626111
EU-12,FodderHerb,FodderHerbAEZ10,FodderHerbAEZ10,2005,NMVOC_AWB,0.0108490184058228
EU-12,FodderHerb,FodderHerbAEZ11,FodderHerbAEZ11,2005,NMVOC_AWB,0.000843496195197542
EU-12,FodderHerb,FodderHerbAEZ15,FodderHerbAEZ15,2005,NMVOC_AWB,5.90069061200611e-05
EU-12,FodderHerb,FodderHerbAEZ16,FodderHerbAEZ16,2005,NMVOC_AWB,2.62843654400925e-05
EU-12,MiscCrop,MiscCropAEZ08,MiscCropAEZ08,2005,NMVOC_AWB,9.34698320913275e-05
EU-12,MiscCrop,MiscCropAEZ09,MiscCropAEZ09,2005,NMVOC_AWB,0.000667066206366545
EU-12,MiscCrop,MiscCropAEZ10,MiscCropAEZ10,2005,NMVOC_AWB,0.00281533375169168
EU-12,MiscCrop,MiscCropAEZ11,MiscCropAEZ11,2005,NMVOC_AWB,0.000263300943785392
EU-12,MiscCrop,MiscCropAEZ15,MiscCropAEZ15,2005,NMVOC_AWB,1.15233965167058e-05
EU-12,MiscCrop,MiscCropAEZ16,MiscCropAEZ16,2005,NMVOC_AWB,3.62949541912436e-06
EU-12,OilCrop,OilCropAEZ08,OilCropAEZ08,2005,NMVOC_AWB,5.72941499596115e-05
EU-12,OilCrop,OilCropAEZ09,OilCropAEZ09,2005,NMVOC_AWB,0.000284087702723882
EU-12,OilCrop,OilCropAEZ10,OilCropAEZ10,2005,NMVOC_AWB,0.000874542255622011
EU-12,OilCrop,OilCropAEZ11,OilCropAEZ11,2005,NMVOC_AWB,7.2083179227982e-05
EU-12,OilCrop,OilCropAEZ15,OilCropAEZ15,2005,NMVOC_AWB,1.2604501742482e-06
EU-12,OilCrop,OilCropAEZ16,OilCropAEZ16,2005,NMVOC_AWB,1.35117875361501e-06
EU-12,OtherGrain,OtherGrainAEZ08,OtherGrainAEZ08,2005,NMVOC_AWB,2.44073404817278e-05
EU-12,OtherGrain,OtherGrainAEZ09,OtherGrainAEZ09,2005,NMVOC_AWB,0.000227790259434123
EU-12,OtherGrain,OtherGrainAEZ10,OtherGrainAEZ10,2005,NMVOC_AWB,0.00396976290143202
EU-12,OtherGrain,OtherGrainAEZ11,OtherGrainAEZ11,2005,NMVOC_AWB,0.000109552605519865
EU-12,OtherGrain,OtherGrainAEZ15,OtherGrainAEZ15,2005,NMVOC_AWB,5.62148096868042e-06
EU-12,OtherGrain,OtherGrainAEZ16,OtherGrainAEZ16,2005,NMVOC_AWB,1.17784303179089e-05
EU-12,PalmFruit,PalmFruitAEZ08,PalmFruitAEZ08,2005,NMVOC_AWB,0
EU-12,PalmFruit,PalmFruitAEZ09,PalmFruitAEZ09,2005,NMVOC_AWB,0
EU-12,PalmFruit,PalmFruitAEZ10,PalmFruitAEZ10,2005,NMVOC_AWB,0
EU-12,PalmFruit,PalmFruitAEZ11,PalmFruitAEZ11,2005,NMVOC_AWB,0
EU-12,PalmFruit,PalmFruitAEZ15,PalmFruitAEZ15,2005,NMVOC_AWB,0
EU-12,PalmFruit,PalmFruitAEZ16,PalmFruitAEZ16,2005,NMVOC_AWB,0
EU-12,Rice,RiceAEZ08,RiceAEZ08,2005,NMVOC_AWB,3.28212653220034e-07
EU-12,Rice,RiceAEZ09,RiceAEZ09,2005,NMVOC_AWB,5.14561962774752e-06
EU-12,Rice,RiceAEZ10,RiceAEZ10,2005,NMVOC_AWB,2.51391451198933e-06
EU-12,Rice,RiceAEZ11,RiceAEZ11,2005,NMVOC_AWB,0
EU-12,Rice,RiceAEZ15,RiceAEZ15,2005,NMVOC_AWB,0
EU-12,Rice,RiceAEZ16,RiceAEZ16,2005,NMVOC_AWB,0
EU-12,Root_Tuber,Root_TuberAEZ08,Root_TuberAEZ08,2005,NMVOC_AWB,4.9274090191215e-06
EU-12,Root_Tuber,Root_TuberAEZ09,Root_TuberAEZ09,2005,NMVOC_AWB,5.97173961491446e-05
EU-12,Root_Tuber,Root_TuberAEZ10,Root_TuberAEZ10,2005,NMVOC_AWB,0.00319667036873632
EU-12,Root_Tuber,Root_TuberAEZ11,Root_TuberAEZ11,2005,NMVOC_AWB,8.13634688448077e-05
EU-12,Root_Tuber,Root_TuberAEZ15,Root_TuberAEZ15,2005,NMVOC_AWB,8.71828620012815e-06
EU-12,Root_Tuber,Root_TuberAEZ16,Root_TuberAEZ16,2005,NMVOC_AWB,1.82432363157751e-05
EU-12,SugarCrop,SugarCropAEZ08,SugarCropAEZ08,2005,NMVOC_AWB,7.84537200640387e-06
EU-12,SugarCrop,SugarCropAEZ09,SugarCropAEZ09,2005,NMVOC_AWB,5.05280501579766e-05
EU-12,SugarCrop,SugarCropAEZ10,SugarCropAEZ10,2005,NMVOC_AWB,0.00347987433941692
EU-12,SugarCrop,SugarCropAEZ11,SugarCropAEZ11,2005,NMVOC_AWB,0.000118657364222766
EU-12,SugarCrop,SugarCropAEZ15,SugarCropAEZ15,2005,NMVOC_AWB,6.88053724636535e-06
EU-12,SugarCrop,SugarCropAEZ16,SugarCropAEZ16,2005,NMVOC_AWB,6.44499815097164e-07
EU-12,Wheat,WheatAEZ08,WheatAEZ08,2005,NMVOC_AWB,7.19538095314288e-05
EU-12,Wheat,WheatAEZ09,WheatAEZ09,2005,NMVOC_AWB,0.00082254212940386
EU-12,Wheat,WheatAEZ10,WheatAEZ10,2005,NMVOC_AWB,0.00369299593283475
EU-12,Wheat,WheatAEZ11,WheatAEZ11,2005,NMVOC_AWB,0.000244561697323369
EU-12,Wheat,WheatAEZ15,WheatAEZ15,2005,NMVOC_AWB,8.80467621612956e-06
EU-12,Wheat,WheatAEZ16,WheatAEZ16,2005,NMVOC_AWB,6.91403391373563e-06
EU-12,Corn,CornAEZ08,CornAEZ08,2005,NOx_AWB,7.65830356476852e-05
EU-12,Corn,CornAEZ09,CornAEZ09,2005,NOx_AWB,0.000361367972523499
EU-12,Corn,CornAEZ10,CornAEZ10,2005,NOx_AWB,0.00122399566086661
EU-12,Corn,CornAEZ11,CornAEZ11,2005,NOx_AWB,0.000332790189924356
EU-12,Corn,CornAEZ15,CornAEZ15,2005,NOx_AWB,6.60163948223557e-06
EU-12,Corn,CornAEZ16,CornAEZ16,2005,NOx_AWB,1.00451916593081e-06
EU-12,FiberCrop,FiberCropAEZ08,FiberCropAEZ08,2005,NOx_AWB,0
EU-12,FiberCrop,FiberCropAEZ09,FiberCropAEZ09,2005,NOx_AWB,1.18216322067671e-06
EU-12,FiberCrop,FiberCropAEZ10,FiberCropAEZ10,2005,NOx_AWB,1.02104674651861e-06
EU-12,FiberCrop,FiberCropAEZ11,FiberCropAEZ11,2005,NOx_AWB,0
EU-12,FiberCrop,FiberCropAEZ15,FiberCropAEZ15,2005,NOx_AWB,6.82790252754724e-09
EU-12,FiberCrop,FiberCropAEZ16,FiberCropAEZ16,2005,NOx_AWB,0
EU-12,FodderGrass,FodderGrassAEZ08,FodderGrassAEZ08,2005,NOx_AWB,3.64493150328337e-05
EU-12,FodderGrass,FodderGrassAEZ09,FodderGrassAEZ09,2005,NOx_AWB,0.000102626901468231
EU-12,FodderGrass,FodderGrassAEZ10,FodderGrassAEZ10,2005,NOx_AWB,0.0021207281316893
EU-12,FodderGrass,FodderGrassAEZ11,FodderGrassAEZ11,2005,NOx_AWB,7.23482953888097e-05
EU-12,FodderGrass,FodderGrassAEZ15,FodderGrassAEZ15,2005,NOx_AWB,5.51014600340801e-06
EU-12,FodderGrass,FodderGrassAEZ16,FodderGrassAEZ16,2005,NOx_AWB,1.61123426887624e-05
EU-12,FodderHerb,FodderHerbAEZ08,FodderHerbAEZ08,2005,NOx_AWB,0.000142356477827285
EU-12,FodderHerb,FodderHerbAEZ09,FodderHerbAEZ09,2005,NOx_AWB,0.000602834260198321
EU-12,FodderHerb,FodderHerbAEZ10,FodderHerbAEZ10,2005,NOx_AWB,0.00589953323260161
EU-12,FodderHerb,FodderHerbAEZ11,FodderHerbAEZ11,2005,NOx_AWB,0.000458680559751849
EU-12,FodderHerb,FodderHerbAEZ15,FodderHerbAEZ15,2005,NOx_AWB,3.20870691325832e-05
EU-12,FodderHerb,FodderHerbAEZ16,FodderHerbAEZ16,2005,NOx_AWB,1.42930430764543e-05
EU-12,MiscCrop,MiscCropAEZ08,MiscCropAEZ08,2005,NOx_AWB,5.0827490565646e-05
EU-12,MiscCrop,MiscCropAEZ09,MiscCropAEZ09,2005,NOx_AWB,0.000362740582197994
EU-12,MiscCrop,MiscCropAEZ10,MiscCropAEZ10,2005,NOx_AWB,0.00153093620156969
EU-12,MiscCrop,MiscCropAEZ11,MiscCropAEZ11,2005,NOx_AWB,0.000143179097862308
EU-12,MiscCrop,MiscCropAEZ15,MiscCropAEZ15,2005,NOx_AWB,6.26624991863449e-06
EU-12,MiscCrop,MiscCropAEZ16,MiscCropAEZ16,2005,NOx_AWB,1.97366508579313e-06
EU-12,OilCrop,OilCropAEZ08,OilCropAEZ08,2005,NOx_AWB,3.11556980619532e-05
EU-12,OilCrop,OilCropAEZ09,OilCropAEZ09,2005,NOx_AWB,0.000154482625109518
EU-12,OilCrop,OilCropAEZ10,OilCropAEZ10,2005,NOx_AWB,0.000475562941029514
EU-12,OilCrop,OilCropAEZ11,OilCropAEZ11,2005,NOx_AWB,3.91977500138461e-05
EU-12,OilCrop,OilCropAEZ15,OilCropAEZ15,2005,NOx_AWB,6.85413869979675e-07
EU-12,OilCrop,OilCropAEZ16,OilCropAEZ16,2005,NOx_AWB,7.34750708493468e-07
EU-12,OtherGrain,OtherGrainAEZ08,OtherGrainAEZ08,2005,NOx_AWB,1.32723451012023e-05
EU-12,OtherGrain,OtherGrainAEZ09,OtherGrainAEZ09,2005,NOx_AWB,0.000123868921161871
EU-12,OtherGrain,OtherGrainAEZ10,OtherGrainAEZ10,2005,NOx_AWB,0.00215869743109455
EU-12,OtherGrain,OtherGrainAEZ11,OtherGrainAEZ11,2005,NOx_AWB,5.95730611569112e-05
EU-12,OtherGrain,OtherGrainAEZ15,OtherGrainAEZ15,2005,NOx_AWB,3.05687690357019e-06
EU-12,OtherGrain,OtherGrainAEZ16,OtherGrainAEZ16,2005,NOx_AWB,6.40493346855149e-06
EU-12,PalmFruit,PalmFruitAEZ08,PalmFruitAEZ08,2005,NOx_AWB,0
EU-12,PalmFruit,PalmFruitAEZ09,PalmFruitAEZ09,2005,NOx_AWB,0
EU-12,PalmFruit,PalmFruitAEZ10,PalmFruitAEZ10,2005,NOx_AWB,0
EU-12,PalmFruit,PalmFruitAEZ11,PalmFruitAEZ11,2005,NOx_AWB,0
EU-12,PalmFruit,PalmFruitAEZ15,PalmFruitAEZ15,2005,NOx_AWB,0
EU-12,PalmFruit,PalmFruitAEZ16,PalmFruitAEZ16,2005,NOx_AWB,0
EU-12,Rice,RiceAEZ08,RiceAEZ08,2005,NOx_AWB,1.78477110334028e-07
EU-12,Rice,RiceAEZ09,RiceAEZ09,2005,NOx_AWB,2.79811065487093e-06
EU-12,Rice,RiceAEZ10,RiceAEZ10,2005,NOx_AWB,1.36702894700967e-06
EU-12,Rice,RiceAEZ11,RiceAEZ11,2005,NOx_AWB,0
EU-12,Rice,RiceAEZ15,RiceAEZ15,2005,NOx_AWB,0
EU-12,Rice,RiceAEZ16,RiceAEZ16,2005,NOx_AWB,0
EU-12,Root_Tuber,Root_TuberAEZ08,Root_TuberAEZ08,2005,NOx_AWB,2.67945100391075e-06
EU-12,Root_Tuber,Root_TuberAEZ09,Root_TuberAEZ09,2005,NOx_AWB,3.24734229372519e-05
EU-12,Root_Tuber,Root_TuberAEZ10,Root_TuberAEZ10,2005,NOx_AWB,0.00173830132539096
EU-12,Root_Tuber,Root_TuberAEZ11,Root_TuberAEZ11,2005,NOx_AWB,4.42442320968008e-05
EU-12,Root_Tuber,Root_TuberAEZ15,Root_TuberAEZ15,2005,NOx_AWB,4.740873067501e-06
EU-12,Root_Tuber,Root_TuberAEZ16,Root_TuberAEZ16,2005,NOx_AWB,9.92039785436765e-06
EU-12,SugarCrop,SugarCropAEZ08,SugarCropAEZ08,2005,NOx_AWB,4.26619544207435e-06
EU-12,SugarCrop,SugarCropAEZ09,SugarCropAEZ09,2005,NOx_AWB,2.74763946317534e-05
EU-12,SugarCrop,SugarCropAEZ10,SugarCropAEZ10,2005,NOx_AWB,0.00189230339029097
EU-12,SugarCrop,SugarCropAEZ11,SugarCropAEZ11,2005,NOx_AWB,6.45240921657399e-05
EU-12,SugarCrop,SugarCropAEZ15,SugarCropAEZ15,2005,NOx_AWB,3.7415327935382e-06
EU-12,SugarCrop,SugarCropAEZ16,SugarCropAEZ16,2005,NOx_AWB,3.50469317623297e-07
EU-12,Wheat,WheatAEZ08,WheatAEZ08,2005,NOx_AWB,3.91274007162822e-05
EU-12,Wheat,WheatAEZ09,WheatAEZ09,2005,NOx_AWB,0.000447286053550108
EU-12,Wheat,WheatAEZ10,WheatAEZ10,2005,NOx_AWB,0.00200819571122931
EU-12,Wheat,WheatAEZ11,WheatAEZ11,2005,NOx_AWB,0.000132988977141591
EU-12,Wheat,WheatAEZ15,WheatAEZ15,2005,NOx_AWB,4.7878506604316e-06
EU-12,Wheat,WheatAEZ16,WheatAEZ16,2005,NOx_AWB,3.75974777805941e-06
EU-12,Corn,CornAEZ08,CornAEZ08,2005,SO2_AWB,1.09248592178412e-05
EU-12,Corn,CornAEZ09,CornAEZ09,2005,SO2_AWB,5.15505058302723e-05
EU-12,Corn,CornAEZ10,CornAEZ10,2005,SO2_AWB,0.000174607602912649
EU-12,Corn,CornAEZ11,CornAEZ11,2005,SO2_AWB,4.74737772308733e-05
EU-12,Corn,CornAEZ15,CornAEZ15,2005,SO2_AWB,9.41748800376077e-07
EU-12,Corn,CornAEZ16,CornAEZ16,2005,SO2_AWB,1.43298452152035e-07
EU-12,FiberCrop,FiberCropAEZ08,FiberCropAEZ08,2005,SO2_AWB,0
EU-12,FiberCrop,FiberCropAEZ09,FiberCropAEZ09,2005,SO2_AWB,1.68640047357448e-07
EU-12,FiberCrop,FiberCropAEZ10,FiberCropAEZ10,2005,SO2_AWB,1.45656173932142e-07
EU-12,FiberCrop,FiberCropAEZ11,FiberCropAEZ11,2005,SO2_AWB,0
EU-12,FiberCrop,FiberCropAEZ15,FiberCropAEZ15,2005,SO2_AWB,9.7402607817428e-10
EU-12,FiberCrop,FiberCropAEZ16,FiberCropAEZ16,2005,SO2_AWB,0
EU-12,FodderGrass,FodderGrassAEZ08,FodderGrassAEZ08,2005,SO2_AWB,5.19963242450142e-06
EU-12,FodderGrass,FodderGrassAEZ09,FodderGrassAEZ09,2005,SO2_AWB,1.46401150205329e-05
EU-12,FodderGrass,FodderGrassAEZ10,FodderGrassAEZ10,2005,SO2_AWB,0.000302529875997692
EU-12,FodderGrass,FodderGrassAEZ11,FodderGrassAEZ11,2005,SO2_AWB,1.03207575292483e-05
EU-12,FodderGrass,FodderGrassAEZ15,FodderGrassAEZ15,2005,SO2_AWB,7.86043134068459e-07
EU-12,FodderGrass,FodderGrassAEZ16,FodderGrassAEZ16,2005,SO2_AWB,2.29848652584279e-06
EU-12,FodderHerb,FodderHerbAEZ08,FodderHerbAEZ08,2005,SO2_AWB,2.03076891097073e-05
EU-12,FodderHerb,FodderHerbAEZ09,FodderHerbAEZ09,2005,SO2_AWB,8.59965835600458e-05
EU-12,FodderHerb,FodderHerbAEZ10,FodderHerbAEZ10,2005,SO2_AWB,0.00084159069266532
EU-12,FodderHerb,FodderHerbAEZ11,FodderHerbAEZ11,2005,SO2_AWB,6.54325138572777e-05
EU-12,FodderHerb,FodderHerbAEZ15,FodderHerbAEZ15,2005,SO2_AWB,4.57734157469645e-06
EU-12,FodderHerb,FodderHerbAEZ16,FodderHerbAEZ16,2005,SO2_AWB,2.03895656634921e-06
EU-12,MiscCrop,MiscCropAEZ08,MiscCropAEZ08,2005,SO2_AWB,7.25073345721599e-06
EU-12,MiscCrop,MiscCropAEZ09,MiscCropAEZ09,2005,SO2_AWB,5.17463137834054e-05
EU-12,MiscCrop,MiscCropAEZ10,MiscCropAEZ10,2005,SO2_AWB,0.000218393830072092
EU-12,MiscCrop,MiscCropAEZ11,MiscCropAEZ11,2005,SO2_AWB,2.0425038963972e-05
EU-12,MiscCrop,MiscCropAEZ15,MiscCropAEZ15,2005,SO2_AWB,8.93904212674809e-07
EU-12,MiscCrop,MiscCropAEZ16,MiscCropAEZ16,2005,SO2_AWB,2.8155077718064e-07
EU-12,OilCrop,OilCropAEZ08,OilCropAEZ08,2005,SO2_AWB,4.44447797455121e-06
EU-12,OilCrop,OilCropAEZ09,OilCropAEZ09,2005,SO2_AWB,2.20375298086665e-05
EU-12,OilCrop,OilCropAEZ10,OilCropAEZ10,2005,SO2_AWB,6.78408492955451e-05
EU-12,OilCrop,OilCropAEZ11,OilCropAEZ11,2005,SO2_AWB,5.59170705281838e-06
EU-12,OilCrop,OilCropAEZ15,OilCropAEZ15,2005,SO2_AWB,9.77768767215225e-08
EU-12,OilCrop,OilCropAEZ16,OilCropAEZ16,2005,SO2_AWB,1.04814963034739e-07
EU-12,OtherGrain,OtherGrainAEZ08,OtherGrainAEZ08,2005,SO2_AWB,1.89335014595523e-06
EU-12,OtherGrain,OtherGrainAEZ09,OtherGrainAEZ09,2005,SO2_AWB,1.76703693411272e-05
EU-12,OtherGrain,OtherGrainAEZ10,OtherGrainAEZ10,2005,SO2_AWB,0.000307946339932482
EU-12,OtherGrain,OtherGrainAEZ11,OtherGrainAEZ11,2005,SO2_AWB,8.49832212592335e-06
EU-12,OtherGrain,OtherGrainAEZ15,OtherGrainAEZ15,2005,SO2_AWB,4.36075033267294e-07
EU-12,OtherGrain,OtherGrainAEZ16,OtherGrainAEZ16,2005,SO2_AWB,9.1368794474889e-07
EU-12,PalmFruit,PalmFruitAEZ08,PalmFruitAEZ08,2005,SO2_AWB,0
EU-12,PalmFruit,PalmFruitAEZ09,PalmFruitAEZ09,2005,SO2_AWB,0
EU-12,PalmFruit,PalmFruitAEZ10,PalmFruitAEZ10,2005,SO2_AWB,0
EU-12,PalmFruit,PalmFruitAEZ11,PalmFruitAEZ11,2005,SO2_AWB,0
EU-12,PalmFruit,PalmFruitAEZ15,PalmFruitAEZ15,2005,SO2_AWB,0
EU-12,PalmFruit,PalmFruitAEZ16,PalmFruitAEZ16,2005,SO2_AWB,0
EU-12,Rice,RiceAEZ08,RiceAEZ08,2005,SO2_AWB,2.54604337307345e-08
EU-12,Rice,RiceAEZ09,RiceAEZ09,2005,SO2_AWB,3.99161050771567e-07
EU-12,Rice,RiceAEZ10,RiceAEZ10,2005,SO2_AWB,1.95011841284275e-07
EU-12,Rice,RiceAEZ11,RiceAEZ11,2005,SO2_AWB,0
EU-12,Rice,RiceAEZ15,RiceAEZ15,2005,SO2_AWB,0
EU-12,Rice,RiceAEZ16,RiceAEZ16,2005,SO2_AWB,0
EU-12,Root_Tuber,Root_TuberAEZ08,Root_TuberAEZ08,2005,SO2_AWB,3.82233803495267e-07
EU-12,Root_Tuber,Root_TuberAEZ09,Root_TuberAEZ09,2005,SO2_AWB,4.63245640383042e-06
EU-12,Root_Tuber,Root_TuberAEZ10,Root_TuberAEZ10,2005,SO2_AWB,0.000247975248009865
EU-12,Root_Tuber,Root_TuberAEZ11,Root_TuberAEZ11,2005,SO2_AWB,6.31160677780799e-06
EU-12,Root_Tuber,Root_TuberAEZ15,Root_TuberAEZ15,2005,SO2_AWB,6.76303444934923e-07
EU-12,Root_Tuber,Root_TuberAEZ16,Root_TuberAEZ16,2005,SO2_AWB,1.41518221401578e-06
EU-12,SugarCrop,SugarCropAEZ08,SugarCropAEZ08,2005,SO2_AWB,6.08588889253137e-07
EU-12,SugarCrop,SugarCropAEZ09,SugarCropAEZ09,2005,SO2_AWB,3.91961144693574e-06
EU-12,SugarCrop,SugarCropAEZ10,SugarCropAEZ10,2005,SO2_AWB,0.000269944224090018
EU-12,SugarCrop,SugarCropAEZ11,SugarCropAEZ11,2005,SO2_AWB,9.20460539475921e-06
EU-12,SugarCrop,SugarCropAEZ15,SugarCropAEZ15,2005,SO2_AWB,5.33743781277969e-07
EU-12,SugarCrop,SugarCropAEZ16,SugarCropAEZ16,2005,SO2_AWB,4.99957715547037e-08
EU-12,Wheat,WheatAEZ08,WheatAEZ08,2005,SO2_AWB,5.58167145987721e-06
EU-12,Wheat,WheatAEZ09,WheatAEZ09,2005,SO2_AWB,6.38070445211768e-05
EU-12,Wheat,WheatAEZ10,WheatAEZ10,2005,SO2_AWB,0.000286476701289078
EU-12,Wheat,WheatAEZ11,WheatAEZ11,2005,SO2_AWB,1.89713797645798e-05
EU-12,Wheat,WheatAEZ15,WheatAEZ15,2005,SO2_AWB,6.83004975957027e-07
EU-12,Wheat,WheatAEZ16,WheatAEZ16,2005,SO2_AWB,5.36342217600927e-07
EU-15,Corn,CornAEZ04,CornAEZ04,2005,CH4_AWB,2.59969889064684e-08
EU-15,Corn,CornAEZ08,CornAEZ08,2005,CH4_AWB,4.50702899511121e-07
EU-15,Corn,CornAEZ09,CornAEZ09,2005,CH4_AWB,5.54360498842591e-05
EU-15,Corn,CornAEZ10,CornAEZ10,2005,CH4_AWB,0.000192615386978556
EU-15,Corn,CornAEZ11,CornAEZ11,2005,CH4_AWB,0.000338343860402286
EU-15,Corn,CornAEZ12,CornAEZ12,2005,CH4_AWB,7.47497788637216e-05
EU-15,Corn,CornAEZ13,CornAEZ13,2005,CH4_AWB,1.30869195855691e-09
EU-15,Corn,CornAEZ14,CornAEZ14,2005,CH4_AWB,1.14361992151408e-06
EU-15,Corn,CornAEZ15,CornAEZ15,2005,CH4_AWB,9.0719233968224e-06
EU-15,Corn,CornAEZ16,CornAEZ16,2005,CH4_AWB,2.03231018650655e-06
EU-15,FiberCrop,FiberCropAEZ04,FiberCropAEZ04,2005,CH4_AWB,2.0547123682263e-08
EU-15,FiberCrop,FiberCropAEZ08,FiberCropAEZ08,2005,CH4_AWB,3.05943461140822e-07
EU-15,FiberCrop,FiberCropAEZ09,FiberCropAEZ09,2005,CH4_AWB,7.13474791206021e-06
EU-15,FiberCrop,FiberCropAEZ10,FiberCropAEZ10,2005,CH4_AWB,1.83239248998421e-05
EU-15,FiberCrop,FiberCropAEZ11,FiberCropAEZ11,2005,CH4_AWB,1.35392703113812e-06
EU-15,FiberCrop,FiberCropAEZ12,FiberCropAEZ12,2005,CH4_AWB,2.612534671319e-07
EU-15,FiberCrop,FiberCropAEZ13,FiberCropAEZ13,2005,CH4_AWB,0
EU-15,FiberCrop,FiberCropAEZ14,FiberCropAEZ14,2005,CH4_AWB,0
EU-15,FiberCrop,FiberCropAEZ15,FiberCropAEZ15,2005,CH4_AWB,0
EU-15,FiberCrop,FiberCropAEZ16,FiberCropAEZ16,2005,CH4_AWB,3.67600884627986e-09
EU-15,FodderGrass,FodderGrassAEZ04,FodderGrassAEZ04,2005,CH4_AWB,1.29669329380411e-07
EU-15,FodderGrass,FodderGrassAEZ08,FodderGrassAEZ08,2005,CH4_AWB,3.23989882093902e-06
EU-15,FodderGrass,FodderGrassAEZ09,FodderGrassAEZ09,2005,CH4_AWB,0.000153142635186249
EU-15,FodderGrass,FodderGrassAEZ10,FodderGrassAEZ10,2005,CH4_AWB,0.00117655627616416
EU-15,FodderGrass,FodderGrassAEZ11,FodderGrassAEZ11,2005,CH4_AWB,0.00149823856581745
EU-15,FodderGrass,FodderGrassAEZ12,FodderGrassAEZ12,2005,CH4_AWB,0.00040253522835376
EU-15,FodderGrass,FodderGrassAEZ13,FodderGrassAEZ13,2005,CH4_AWB,9.2045132663835e-08
EU-15,FodderGrass,FodderGrassAEZ14,FodderGrassAEZ14,2005,CH4_AWB,2.01791732340095e-06
EU-15,FodderGrass,FodderGrassAEZ15,FodderGrassAEZ15,2005,CH4_AWB,0.0001043657280746
EU-15,FodderGrass,FodderGrassAEZ16,FodderGrassAEZ16,2005,CH4_AWB,3.93626966639633e-05
EU-15,FodderHerb,FodderHerbAEZ04,FodderHerbAEZ04,2005,CH4_AWB,1.68919225280393e-07
EU-15,FodderHerb,FodderHerbAEZ08,FodderHerbAEZ08,2005,CH4_AWB,5.76403259638616e-06
EU-15,FodderHerb,FodderHerbAEZ09,FodderHerbAEZ09,2005,CH4_AWB,0.000237089986499156
EU-15,FodderHerb,FodderHerbAEZ10,FodderHerbAEZ10,2005,CH4_AWB,0.00264814154169267
EU-15,FodderHerb,FodderHerbAEZ11,FodderHerbAEZ11,2005,CH4_AWB,0.00195583233426926
EU-15,FodderHerb,FodderHerbAEZ12,FodderHerbAEZ12,2005,CH4_AWB,0.00025676482221577
EU-15,FodderHerb,FodderHerbAEZ13,FodderHerbAEZ13,2005,CH4_AWB,2.7637283539237e-08
EU-15,FodderHerb,FodderHerbAEZ14,FodderHerbAEZ14,2005,CH4_AWB,5.72914770864583e-06
EU-15,FodderHerb,FodderHerbAEZ15,FodderHerbAEZ15,2005,CH4_AWB,4.34860330001931e-05
EU-15,FodderHerb,FodderHerbAEZ16,FodderHerbAEZ16,2005,CH4_AWB,9.65078741611013e-06
EU-15,MiscCrop,MiscCropAEZ04,MiscCropAEZ04,2005,CH4_AWB,8.75889356684759e-08
EU-15,MiscCrop,MiscCropAEZ08,MiscCropAEZ08,2005,CH4_AWB,7.13698642123151e-06
EU-15,MiscCrop,MiscCropAEZ09,MiscCropAEZ09,2005,CH4_AWB,0.000327568135038245
EU-15,MiscCrop,MiscCropAEZ10,MiscCropAEZ10,2005,CH4_AWB,0.000682171721632039
EU-15,MiscCrop,MiscCropAEZ11,MiscCropAEZ11,2005,CH4_AWB,0.000918575600145872
EU-15,MiscCrop,MiscCropAEZ12,MiscCropAEZ12,2005,CH4_AWB,8.11177665881209e-05
EU-15,MiscCrop,MiscCropAEZ13,MiscCropAEZ13,2005,CH4_AWB,5.80349852146359e-09
EU-15,MiscCrop,MiscCropAEZ14,MiscCropAEZ14,2005,CH4_AWB,3.67078596816845e-06
EU-15,MiscCrop,MiscCropAEZ15,MiscCropAEZ15,2005,CH4_AWB,1.85115265254817e-05
EU-15,MiscCrop,MiscCropAEZ16,MiscCropAEZ16,2005,CH4_AWB,4.21099901961594e-06
EU-15,OilCrop,OilCropAEZ04,OilCropAEZ04,2005,CH4_AWB,4.52485866140946e-07
EU-15,OilCrop,OilCropAEZ08,OilCropAEZ08,2005,CH4_AWB,5.45034297315592e-06
EU-15,OilCrop,OilCropAEZ09,OilCropAEZ09,2005,CH4_AWB,6.01909507305608e-05
EU-15,OilCrop,OilCropAEZ10,OilCropAEZ10,2005,CH4_AWB,0.000251417934875675
EU-15,OilCrop,OilCropAEZ11,OilCropAEZ11,2005,CH4_AWB,0.000153869695035265
EU-15,OilCrop,OilCropAEZ12,OilCropAEZ12,2005,CH4_AWB,1.48733595445965e-05
EU-15,OilCrop,OilCropAEZ13,OilCropAEZ13,2005,CH4_AWB,5.0910228247071e-10
EU-15,OilCrop,OilCropAEZ14,OilCropAEZ14,2005,CH4_AWB,1.29248341962252e-07
EU-15,OilCrop,OilCropAEZ15,OilCropAEZ15,2005,CH4_AWB,2.33287635904162e-06
EU-15,OilCrop,OilCropAEZ16,OilCropAEZ16,2005,CH4_AWB,1.49149998687836e-06
EU-15,OtherGrain,OtherGrainAEZ04,OtherGrainAEZ04,2005,CH4_AWB,2.46775657192495e-08
EU-15,OtherGrain,OtherGrainAEZ08,OtherGrainAEZ08,2005,CH4_AWB,5.94870884487312e-07
EU-15,OtherGrain,OtherGrainAEZ09,OtherGrainAEZ09,2005,CH4_AWB,0.000131915846160503
EU-15,OtherGrain,OtherGrainAEZ10,OtherGrainAEZ10,2005,CH4_AWB,0.000606192497995042
EU-15,OtherGrain,OtherGrainAEZ11,OtherGrainAEZ11,2005,CH4_AWB,0.000288480214574864
EU-15,OtherGrain,OtherGrainAEZ12,OtherGrainAEZ12,2005,CH4_AWB,5.86743659923728e-05
EU-15,OtherGrain,OtherGrainAEZ13,OtherGrainAEZ13,2005,CH4_AWB,4.29768248877048e-09
EU-15,OtherGrain,OtherGrainAEZ14,OtherGrainAEZ14,2005,CH4_AWB,1.85414301658383e-07
EU-15,OtherGrain,OtherGrainAEZ15,OtherGrainAEZ15,2005,CH4_AWB,3.91872921903445e-05
EU-15,OtherGrain,OtherGrainAEZ16,OtherGrainAEZ16,2005,CH4_AWB,1.03790737533366e-05
EU-15,PalmFruit,PalmFruitAEZ04,PalmFruitAEZ04,2005,CH4_AWB,0
EU-15,PalmFruit,PalmFruitAEZ08,PalmFruitAEZ08,2005,CH4_AWB,0
EU-15,PalmFruit,PalmFruitAEZ09,PalmFruitAEZ09,2005,CH4_AWB,0
EU-15,PalmFruit,PalmFruitAEZ10,PalmFruitAEZ10,2005,CH4_AWB,0
EU-15,PalmFruit,PalmFruitAEZ11,PalmFruitAEZ11,2005,CH4_AWB,0
EU-15,PalmFruit,PalmFruitAEZ12,PalmFruitAEZ12,2005,CH4_AWB,0
EU-15,PalmFruit,PalmFruitAEZ13,PalmFruitAEZ13,2005,CH4_AWB,0
EU-15,PalmFruit,PalmFruitAEZ14,PalmFruitAEZ14,2005,CH4_AWB,0
EU-15,PalmFruit,PalmFruitAEZ15,PalmFruitAEZ15,2005,CH4_AWB,0
EU-15,PalmFruit,PalmFruitAEZ16,PalmFruitAEZ16,2005,CH4_AWB,0
EU-15,Rice,RiceAEZ04,RiceAEZ04,2005,CH4_AWB,1.57827076207307e-08
EU-15,Rice,RiceAEZ08,RiceAEZ08,2005,CH4_AWB,3.80791108838079e-07
EU-15,Rice,RiceAEZ09,RiceAEZ09,2005,CH4_AWB,9.01334631758981e-06
EU-15,Rice,RiceAEZ10,RiceAEZ10,2005,CH4_AWB,1.26878766609149e-05
EU-15,Rice,RiceAEZ11,RiceAEZ11,2005,CH4_AWB,2.53319026043684e-05
EU-15,Rice,RiceAEZ12,RiceAEZ12,2005,CH4_AWB,3.55954204494544e-08
EU-15,Rice,RiceAEZ13,RiceAEZ13,2005,CH4_AWB,0
EU-15,Rice,RiceAEZ14,RiceAEZ14,2005,CH4_AWB,9.34712661677695e-08
EU-15,Rice,RiceAEZ15,RiceAEZ15,2005,CH4_AWB,1.92019983831072e-07
EU-15,Rice,RiceAEZ16,RiceAEZ16,2005,CH4_AWB,8.28725300040168e-08
EU-15,Root_Tuber,Root_TuberAEZ04,Root_TuberAEZ04,2005,CH4_AWB,1.54826017547941e-08
EU-15,Root_Tuber,Root_TuberAEZ08,Root_TuberAEZ08,2005,CH4_AWB,7.41027494892738e-07
EU-15,Root_Tuber,Root_TuberAEZ09,Root_TuberAEZ09,2005,CH4_AWB,3.31379046741711e-05
EU-15,Root_Tuber,Root_TuberAEZ10,Root_TuberAEZ10,2005,CH4_AWB,0.000287474070222377
EU-15,Root_Tuber,Root_TuberAEZ11,Root_TuberAEZ11,2005,CH4_AWB,0.000410211605338289
EU-15,Root_Tuber,Root_TuberAEZ12,Root_TuberAEZ12,2005,CH4_AWB,3.18771682677064e-05
EU-15,Root_Tuber,Root_TuberAEZ13,Root_TuberAEZ13,2005,CH4_AWB,5.90925287392953e-09
EU-15,Root_Tuber,Root_TuberAEZ14,Root_TuberAEZ14,2005,CH4_AWB,1.15706404297429e-07
EU-15,Root_Tuber,Root_TuberAEZ15,Root_TuberAEZ15,2005,CH4_AWB,9.98439220007394e-06
EU-15,Root_Tuber,Root_TuberAEZ16,Root_TuberAEZ16,2005,CH4_AWB,5.80010232768374e-06
EU-15,SugarCrop,SugarCropAEZ04,SugarCropAEZ04,2005,CH4_AWB,9.81619140501234e-08
EU-15,SugarCrop,SugarCropAEZ08,SugarCropAEZ08,2005,CH4_AWB,1.90711117636857e-06
EU-15,SugarCrop,SugarCropAEZ09,SugarCropAEZ09,2005,CH4_AWB,0.000105455705649287
EU-15,SugarCrop,SugarCropAEZ10,SugarCropAEZ10,2005,CH4_AWB,0.000696641184630106
EU-15,SugarCrop,SugarCropAEZ11,SugarCropAEZ11,2005,CH4_AWB,0.000939143216307965
EU-15,SugarCrop,SugarCropAEZ12,SugarCropAEZ12,2005,CH4_AWB,4.48852052318602e-05
EU-15,SugarCrop,SugarCropAEZ13,SugarCropAEZ13,2005,CH4_AWB,2.04035685360482e-08
EU-15,SugarCrop,SugarCropAEZ14,SugarCropAEZ14,2005,CH4_AWB,7.74851451896093e-07
EU-15,SugarCrop,SugarCropAEZ15,SugarCropAEZ15,2005,CH4_AWB,1.73622437341525e-05
EU-15,SugarCrop,SugarCropAEZ16,SugarCropAEZ16,2005,CH4_AWB,1.71687383650958e-06
EU-15,Wheat,WheatAEZ04,WheatAEZ04,2005,CH4_AWB,8.64783785015279e-08
EU-15,Wheat,WheatAEZ08,WheatAEZ08,2005,CH4_AWB,1.05819557116433e-06
EU-15,Wheat,WheatAEZ09,WheatAEZ09,2005,CH4_AWB,8.29114647046809e-05
EU-15,Wheat,WheatAEZ10,WheatAEZ10,2005,CH4_AWB,0.000793001340047838
EU-15,Wheat,WheatAEZ11,WheatAEZ11,2005,CH4_AWB,0.0007750596310395
EU-15,Wheat,WheatAEZ12,WheatAEZ12,2005,CH4_AWB,0.00011497982256083
EU-15,Wheat,WheatAEZ13,WheatAEZ13,2005,CH4_AWB,8.49005801101007e-09
EU-15,Wheat,WheatAEZ14,WheatAEZ14,2005,CH4_AWB,2.3281917930635e-07
EU-15,Wheat,WheatAEZ15,WheatAEZ15,2005,CH4_AWB,8.55132918187714e-06
EU-15,Wheat,WheatAEZ16,WheatAEZ16,2005,CH4_AWB,6.21590581285295e-06
EU-15,Corn,CornAEZ04,CornAEZ04,2005,CO_AWB,1.09089826501086e-06
EU-15,Corn,CornAEZ08,CornAEZ08,2005,CO_AWB,1.89126137985047e-05
EU-15,Corn,CornAEZ09,CornAEZ09,2005,CO_AWB,0.00232623442873982
EU-15,Corn,CornAEZ10,CornAEZ10,2005,CO_AWB,0.00808262034596709
EU-15,Corn,CornAEZ11,CornAEZ11,2005,CO_AWB,0.0141977492708047
EU-15,Corn,CornAEZ12,CornAEZ12,2005,CO_AWB,0.00313668649726162
EU-15,Corn,CornAEZ13,CornAEZ13,2005,CO_AWB,5.49159670821795e-08
EU-15,Corn,CornAEZ14,CornAEZ14,2005,CO_AWB,4.79891341531923e-05
EU-15,Corn,CornAEZ15,CornAEZ15,2005,CO_AWB,0.000380680452244321
EU-15,Corn,CornAEZ16,CornAEZ16,2005,CO_AWB,8.52807863403081e-05
EU-15,FiberCrop,FiberCropAEZ04,FiberCropAEZ04,2005,CO_AWB,8.62208375615653e-07
EU-15,FiberCrop,FiberCropAEZ08,FiberCropAEZ08,2005,CO_AWB,1.28381479928584e-05
EU-15,FiberCrop,FiberCropAEZ09,FiberCropAEZ09,2005,CO_AWB,0.000299391754428135
EU-15,FiberCrop,FiberCropAEZ10,FiberCropAEZ10,2005,CO_AWB,0.000768917429374039
EU-15,FiberCrop,FiberCropAEZ11,FiberCropAEZ11,2005,CO_AWB,5.68141431507241e-05
EU-15,FiberCrop,FiberCropAEZ12,FiberCropAEZ12,2005,CO_AWB,1.09628447758944e-05
EU-15,FiberCrop,FiberCropAEZ13,FiberCropAEZ13,2005,CO_AWB,0
EU-15,FiberCrop,FiberCropAEZ14,FiberCropAEZ14,2005,CO_AWB,0
EU-15,FiberCrop,FiberCropAEZ15,FiberCropAEZ15,2005,CO_AWB,0
EU-15,FiberCrop,FiberCropAEZ16,FiberCropAEZ16,2005,CO_AWB,1.54254467199988e-07
EU-15,FodderGrass,FodderGrassAEZ04,FodderGrassAEZ04,2005,CO_AWB,5.44124732887877e-06
EU-15,FodderGrass,FodderGrassAEZ08,FodderGrassAEZ08,2005,CO_AWB,0.000135954206669439
EU-15,FodderGrass,FodderGrassAEZ09,FodderGrassAEZ09,2005,CO_AWB,0.0064262455788602
EU-15,FodderGrass,FodderGrassAEZ10,FodderGrassAEZ10,2005,CO_AWB,0.0493712254512589
EU-15,FodderGrass,FodderGrassAEZ11,FodderGrassAEZ11,2005,CO_AWB,0.0628698138043192
EU-15,FodderGrass,FodderGrassAEZ12,FodderGrassAEZ12,2005,CO_AWB,0.0168913786052972
EU-15,FodderGrass,FodderGrassAEZ13,FodderGrassAEZ13,2005,CO_AWB,3.86244252697621e-06
EU-15,FodderGrass,FodderGrassAEZ14,FodderGrassAEZ14,2005,CO_AWB,8.46768260337157e-05
EU-15,FodderGrass,FodderGrassAEZ15,FodderGrassAEZ15,2005,CO_AWB,0.00437944533087246
EU-15,FodderGrass,FodderGrassAEZ16,FodderGrassAEZ16,2005,CO_AWB,0.00165175658040082
EU-15,FodderHerb,FodderHerbAEZ04,FodderHerbAEZ04,2005,CO_AWB,7.08827050887844e-06
EU-15,FodderHerb,FodderHerbAEZ08,FodderHerbAEZ08,2005,CO_AWB,0.000241873133134245
EU-15,FodderHerb,FodderHerbAEZ09,FodderHerbAEZ09,2005,CO_AWB,0.00994888507487975
EU-15,FodderHerb,FodderHerbAEZ10,FodderHerbAEZ10,2005,CO_AWB,0.111122600533823
EU-15,FodderHerb,FodderHerbAEZ11,FodderHerbAEZ11,2005,CO_AWB,0.0820715855894989
EU-15,FodderHerb,FodderHerbAEZ12,FodderHerbAEZ12,2005,CO_AWB,0.0107744900795535
EU-15,FodderHerb,FodderHerbAEZ13,FodderHerbAEZ13,2005,CO_AWB,1.15972910443737e-06
EU-15,FodderHerb,FodderHerbAEZ14,FodderHerbAEZ14,2005,CO_AWB,0.000240409276545009
EU-15,FodderHerb,FodderHerbAEZ15,FodderHerbAEZ15,2005,CO_AWB,0.0018247820208252
EU-15,FodderHerb,FodderHerbAEZ16,FodderHerbAEZ16,2005,CO_AWB,0.000404971025148366
EU-15,MiscCrop,MiscCropAEZ04,MiscCropAEZ04,2005,CO_AWB,3.67544942603388e-06
EU-15,MiscCrop,MiscCropAEZ08,MiscCropAEZ08,2005,CO_AWB,0.000299485687836346
EU-15,MiscCrop,MiscCropAEZ09,MiscCropAEZ09,2005,CO_AWB,0.0137455730535452
EU-15,MiscCrop,MiscCropAEZ10,MiscCropAEZ10,2005,CO_AWB,0.028625620845755
EU-15,MiscCrop,MiscCropAEZ11,MiscCropAEZ11,2005,CO_AWB,0.0385457151243817
EU-15,MiscCrop,MiscCropAEZ12,MiscCropAEZ12,2005,CO_AWB,0.00340390308858113
EU-15,MiscCrop,MiscCropAEZ13,MiscCropAEZ13,2005,CO_AWB,2.43529221435429e-07
EU-15,MiscCrop,MiscCropAEZ14,MiscCropAEZ14,2005,CO_AWB,0.000154035302253978
EU-15,MiscCrop,MiscCropAEZ15,MiscCropAEZ15,2005,CO_AWB,0.000776789659833487
EU-15,MiscCrop,MiscCropAEZ16,MiscCropAEZ16,2005,CO_AWB,0.00017670398448793
EU-15,OilCrop,OilCropAEZ04,OilCropAEZ04,2005,CO_AWB,1.89874315095114e-05
EU-15,OilCrop,OilCropAEZ08,OilCropAEZ08,2005,CO_AWB,0.000228709936928524
EU-15,OilCrop,OilCropAEZ09,OilCropAEZ09,2005,CO_AWB,0.00252576188563843
EU-15,OilCrop,OilCropAEZ10,OilCropAEZ10,2005,CO_AWB,0.0105501213981072
EU-15,OilCrop,OilCropAEZ11,OilCropAEZ11,2005,CO_AWB,0.00645675481709177
EU-15,OilCrop,OilCropAEZ12,OilCropAEZ12,2005,CO_AWB,0.000624123131354107
EU-15,OilCrop,OilCropAEZ13,OilCropAEZ13,2005,CO_AWB,2.13631970478774e-08
EU-15,OilCrop,OilCropAEZ14,OilCropAEZ14,2005,CO_AWB,5.42358165052988e-06
EU-15,OilCrop,OilCropAEZ15,OilCropAEZ15,2005,CO_AWB,9.78932899390569e-05
EU-15,OilCrop,OilCropAEZ16,OilCropAEZ16,2005,CO_AWB,6.25870462845981e-05
EU-15,OtherGrain,OtherGrainAEZ04,OtherGrainAEZ04,2005,CO_AWB,1.03553198890363e-06
EU-15,OtherGrain,OtherGrainAEZ08,OtherGrainAEZ08,2005,CO_AWB,2.49622607497909e-05
EU-15,OtherGrain,OtherGrainAEZ09,OtherGrainAEZ09,2005,CO_AWB,0.00553551675625503
EU-15,OtherGrain,OtherGrainAEZ10,OtherGrainAEZ10,2005,CO_AWB,0.0254373437902592
EU-15,OtherGrain,OtherGrainAEZ11,OtherGrainAEZ11,2005,CO_AWB,0.012105346765424
EU-15,OtherGrain,OtherGrainAEZ12,OtherGrainAEZ12,2005,CO_AWB,0.00246212222084558
EU-15,OtherGrain,OtherGrainAEZ13,OtherGrainAEZ13,2005,CO_AWB,1.80341438288676e-07
EU-15,OtherGrain,OtherGrainAEZ14,OtherGrainAEZ14,2005,CO_AWB,7.78044490902575e-06
EU-15,OtherGrain,OtherGrainAEZ15,OtherGrainAEZ15,2005,CO_AWB,0.00164439617275383
EU-15,OtherGrain,OtherGrainAEZ16,OtherGrainAEZ16,2005,CO_AWB,0.000435531729873433
EU-15,PalmFruit,PalmFruitAEZ04,PalmFruitAEZ04,2005,CO_AWB,0
EU-15,PalmFruit,PalmFruitAEZ08,PalmFruitAEZ08,2005,CO_AWB,0
EU-15,PalmFruit,PalmFruitAEZ09,PalmFruitAEZ09,2005,CO_AWB,0
EU-15,PalmFruit,PalmFruitAEZ10,PalmFruitAEZ10,2005,CO_AWB,0
EU-15,PalmFruit,PalmFruitAEZ11,PalmFruitAEZ11,2005,CO_AWB,0
EU-15,PalmFruit,PalmFruitAEZ12,PalmFruitAEZ12,2005,CO_AWB,0
EU-15,PalmFruit,PalmFruitAEZ13,PalmFruitAEZ13,2005,CO_AWB,0
EU-15,PalmFruit,PalmFruitAEZ14,PalmFruitAEZ14,2005,CO_AWB,0
EU-15,PalmFruit,PalmFruitAEZ15,PalmFruitAEZ15,2005,CO_AWB,0
EU-15,PalmFruit,PalmFruitAEZ16,PalmFruitAEZ16,2005,CO_AWB,0
EU-15,Rice,RiceAEZ04,RiceAEZ04,2005,CO_AWB,6.62281636637731e-07
EU-15,Rice,RiceAEZ08,RiceAEZ08,2005,CO_AWB,1.59789413096093e-05
EU-15,Rice,RiceAEZ09,RiceAEZ09,2005,CO_AWB,0.000378222412417704
EU-15,Rice,RiceAEZ10,RiceAEZ10,2005,CO_AWB,0.000532414837959177
EU-15,Rice,RiceAEZ11,RiceAEZ11,2005,CO_AWB,0.00106298959083118
EU-15,Rice,RiceAEZ12,RiceAEZ12,2005,CO_AWB,1.49367230760253e-06
EU-15,Rice,RiceAEZ13,RiceAEZ13,2005,CO_AWB,0
EU-15,Rice,RiceAEZ14,RiceAEZ14,2005,CO_AWB,3.92228663318071e-06
EU-15,Rice,RiceAEZ15,RiceAEZ15,2005,CO_AWB,8.05763575013915e-06
EU-15,Rice,RiceAEZ16,RiceAEZ16,2005,CO_AWB,3.47753732263771e-06
EU-15,Root_Tuber,Root_TuberAEZ04,Root_TuberAEZ04,2005,CO_AWB,6.49688448647856e-07
EU-15,Root_Tuber,Root_TuberAEZ08,Root_TuberAEZ08,2005,CO_AWB,3.10953553664323e-05
EU-15,Root_Tuber,Root_TuberAEZ09,Root_TuberAEZ09,2005,CO_AWB,0.00139054883799077
EU-15,Root_Tuber,Root_TuberAEZ10,Root_TuberAEZ10,2005,CO_AWB,0.0120631264478161
EU-15,Root_Tuber,Root_TuberAEZ11,Root_TuberAEZ11,2005,CO_AWB,0.0172134984617206
EU-15,Root_Tuber,Root_TuberAEZ12,Root_TuberAEZ12,2005,CO_AWB,0.00133764520505865
EU-15,Root_Tuber,Root_TuberAEZ13,Root_TuberAEZ13,2005,CO_AWB,2.4796693689692e-07
EU-15,Root_Tuber,Root_TuberAEZ14,Root_TuberAEZ14,2005,CO_AWB,4.85532829024305e-06
EU-15,Root_Tuber,Root_TuberAEZ15,Root_TuberAEZ15,2005,CO_AWB,0.000418969910993753
EU-15,Root_Tuber,Root_TuberAEZ16,Root_TuberAEZ16,2005,CO_AWB,0.000243386708703843
EU-15,SugarCrop,SugarCropAEZ04,SugarCropAEZ04,2005,CO_AWB,4.11911787602375e-06
EU-15,SugarCrop,SugarCropAEZ08,SugarCropAEZ08,2005,CO_AWB,8.00271247169569e-05
EU-15,SugarCrop,SugarCropAEZ09,SugarCropAEZ09,2005,CO_AWB,0.00442518349883511
EU-15,SugarCrop,SugarCropAEZ10,SugarCropAEZ10,2005,CO_AWB,0.0292327954742099
EU-15,SugarCrop,SugarCropAEZ11,SugarCropAEZ11,2005,CO_AWB,0.0394087834153811
EU-15,SugarCrop,SugarCropAEZ12,SugarCropAEZ12,2005,CO_AWB,0.00188349476503833
EU-15,SugarCrop,SugarCropAEZ13,SugarCropAEZ13,2005,CO_AWB,8.56184444901888e-07
EU-15,SugarCrop,SugarCropAEZ14,SugarCropAEZ14,2005,CO_AWB,3.25146926652062e-05
EU-15,SugarCrop,SugarCropAEZ15,SugarCropAEZ15,2005,CO_AWB,0.000728562897588881
EU-15,SugarCrop,SugarCropAEZ16,SugarCropAEZ16,2005,CO_AWB,7.20442931383037e-05
EU-15,Wheat,WheatAEZ04,WheatAEZ04,2005,CO_AWB,3.62884768723337e-06
EU-15,Wheat,WheatAEZ08,WheatAEZ08,2005,CO_AWB,4.4404516106791e-05
EU-15,Wheat,WheatAEZ09,WheatAEZ09,2005,CO_AWB,0.00347917111944226
EU-15,Wheat,WheatAEZ10,WheatAEZ10,2005,CO_AWB,0.0332763070800954
EU-15,Wheat,WheatAEZ11,WheatAEZ11,2005,CO_AWB,0.0325234283794526
EU-15,Wheat,WheatAEZ12,WheatAEZ12,2005,CO_AWB,0.00482483911479674
EU-15,Wheat,WheatAEZ13,WheatAEZ13,2005,CO_AWB,3.56263934541588e-07
EU-15,Wheat,WheatAEZ14,WheatAEZ14,2005,CO_AWB,9.76967139080312e-06
EU-15,Wheat,WheatAEZ15,WheatAEZ15,2005,CO_AWB,0.000358835025148833
EU-15,Wheat,WheatAEZ16,WheatAEZ16,2005,CO_AWB,0.000260834856340806
EU-15,Corn,CornAEZ04,CornAEZ04,2005,N2O_AWB,6.74341416089875e-10
EU-15,Corn,CornAEZ08,CornAEZ08,2005,N2O_AWB,1.16908782238438e-08
EU-15,Corn,CornAEZ09,CornAEZ09,2005,N2O_AWB,1.43796747061268e-06
EU-15,Corn,CornAEZ10,CornAEZ10,2005,N2O_AWB,4.99629142756222e-06
EU-15,Corn,CornAEZ11,CornAEZ11,2005,N2O_AWB,8.77637324729645e-06
EU-15,Corn,CornAEZ12,CornAEZ12,2005,N2O_AWB,1.93895038816688e-06
EU-15,Corn,CornAEZ13,CornAEZ13,2005,N2O_AWB,3.39464386330957e-11
EU-15,Corn,CornAEZ14,CornAEZ14,2005,N2O_AWB,2.96646000087537e-08
EU-15,Corn,CornAEZ15,CornAEZ15,2005,N2O_AWB,2.35318547547248e-07
EU-15,Corn,CornAEZ16,CornAEZ16,2005,N2O_AWB,5.27165255189115e-08
EU-15,FiberCrop,FiberCropAEZ04,FiberCropAEZ04,2005,N2O_AWB,5.32976204679746e-10
EU-15,FiberCrop,FiberCropAEZ08,FiberCropAEZ08,2005,N2O_AWB,7.93593241014949e-09
EU-15,FiberCrop,FiberCropAEZ09,FiberCropAEZ09,2005,N2O_AWB,1.85069741260144e-07
EU-15,FiberCrop,FiberCropAEZ10,FiberCropAEZ10,2005,N2O_AWB,4.75308179333398e-07
EU-15,FiberCrop,FiberCropAEZ11,FiberCropAEZ11,2005,N2O_AWB,3.51198007871161e-08
EU-15,FiberCrop,FiberCropAEZ12,FiberCropAEZ12,2005,N2O_AWB,6.77670916497103e-09
EU-15,FiberCrop,FiberCropAEZ13,FiberCropAEZ13,2005,N2O_AWB,0
EU-15,FiberCrop,FiberCropAEZ14,FiberCropAEZ14,2005,N2O_AWB,0
EU-15,FiberCrop,FiberCropAEZ15,FiberCropAEZ15,2005,N2O_AWB,0
EU-15,FiberCrop,FiberCropAEZ16,FiberCropAEZ16,2005,N2O_AWB,9.5352774118486e-11
EU-15,FodderGrass,FodderGrassAEZ04,FodderGrassAEZ04,2005,N2O_AWB,3.36352027199789e-09
EU-15,FodderGrass,FodderGrassAEZ08,FodderGrassAEZ08,2005,N2O_AWB,8.40404235567576e-08
EU-15,FodderGrass,FodderGrassAEZ09,FodderGrassAEZ09,2005,N2O_AWB,3.97239933619908e-06
EU-15,FodderGrass,FodderGrassAEZ10,FodderGrassAEZ10,2005,N2O_AWB,3.05189431065443e-05
EU-15,FodderGrass,FodderGrassAEZ11,FodderGrassAEZ11,2005,N2O_AWB,3.88631283318515e-05
EU-15,FodderGrass,FodderGrassAEZ12,FodderGrassAEZ12,2005,N2O_AWB,1.04414467725759e-05
EU-15,FodderGrass,FodderGrassAEZ13,FodderGrassAEZ13,2005,N2O_AWB,2.38757824331213e-09
EU-15,FodderGrass,FodderGrassAEZ14,FodderGrassAEZ14,2005,N2O_AWB,5.23431859862782e-08
EU-15,FodderGrass,FodderGrassAEZ15,FodderGrassAEZ15,2005,N2O_AWB,2.70716478413257e-06
EU-15,FodderGrass,FodderGrassAEZ16,FodderGrassAEZ16,2005,N2O_AWB,1.0210373480172e-06
EU-15,FodderHerb,FodderHerbAEZ04,FodderHerbAEZ04,2005,N2O_AWB,4.38163165704328e-09
EU-15,FodderHerb,FodderHerbAEZ08,FodderHerbAEZ08,2005,N2O_AWB,1.4951446559521e-07
EU-15,FodderHerb,FodderHerbAEZ09,FodderHerbAEZ09,2005,N2O_AWB,6.1499275093659e-06
EU-15,FodderHerb,FodderHerbAEZ10,FodderHerbAEZ10,2005,N2O_AWB,6.86907058219784e-05
EU-15,FodderHerb,FodderHerbAEZ11,FodderHerbAEZ11,2005,N2O_AWB,5.07327502685257e-05
EU-15,FodderHerb,FodderHerbAEZ12,FodderHerbAEZ12,2005,N2O_AWB,6.66027725126143e-06
EU-15,FodderHerb,FodderHerbAEZ13,FodderHerbAEZ13,2005,N2O_AWB,7.16889366910078e-10
EU-15,FodderHerb,FodderHerbAEZ14,FodderHerbAEZ14,2005,N2O_AWB,1.48609579083792e-07
EU-15,FodderHerb,FodderHerbAEZ15,FodderHerbAEZ15,2005,N2O_AWB,1.12799344489411e-06
EU-15,FodderHerb,FodderHerbAEZ16,FodderHerbAEZ16,2005,N2O_AWB,2.50333824273887e-07
EU-15,MiscCrop,MiscCropAEZ04,MiscCropAEZ04,2005,N2O_AWB,2.27198800311019e-09
EU-15,MiscCrop,MiscCropAEZ08,MiscCropAEZ08,2005,N2O_AWB,1.85127806424919e-07
EU-15,MiscCrop,MiscCropAEZ09,MiscCropAEZ09,2005,N2O_AWB,8.496859418694e-06
EU-15,MiscCrop,MiscCropAEZ10,MiscCropAEZ10,2005,N2O_AWB,1.76949971566653e-05
EU-15,MiscCrop,MiscCropAEZ11,MiscCropAEZ11,2005,N2O_AWB,2.38271275652947e-05
EU-15,MiscCrop,MiscCropAEZ12,MiscCropAEZ12,2005,N2O_AWB,2.10413097408642e-06
EU-15,MiscCrop,MiscCropAEZ13,MiscCropAEZ13,2005,N2O_AWB,1.50538180606967e-10
EU-15,MiscCrop,MiscCropAEZ14,MiscCropAEZ14,2005,N2O_AWB,9.52172967739987e-08
EU-15,MiscCrop,MiscCropAEZ15,MiscCropAEZ15,2005,N2O_AWB,4.80174417740842e-07
EU-15,MiscCrop,MiscCropAEZ16,MiscCropAEZ16,2005,N2O_AWB,1.09229997837724e-07
EU-15,OilCrop,OilCropAEZ04,OilCropAEZ04,2005,N2O_AWB,1.17371269738942e-08
EU-15,OilCrop,OilCropAEZ08,OilCropAEZ08,2005,N2O_AWB,1.41377603841612e-07
EU-15,OilCrop,OilCropAEZ09,OilCropAEZ09,2005,N2O_AWB,1.5613058534384e-06
EU-15,OilCrop,OilCropAEZ10,OilCropAEZ10,2005,N2O_AWB,6.52158320505611e-06
EU-15,OilCrop,OilCropAEZ11,OilCropAEZ11,2005,N2O_AWB,3.99125869602463e-06
EU-15,OilCrop,OilCropAEZ12,OilCropAEZ12,2005,N2O_AWB,3.85803231805107e-07
EU-15,OilCrop,OilCropAEZ13,OilCropAEZ13,2005,N2O_AWB,1.32057122204051e-11
EU-15,OilCrop,OilCropAEZ14,OilCropAEZ14,2005,N2O_AWB,3.35260018995535e-09
EU-15,OilCrop,OilCropAEZ15,OilCropAEZ15,2005,N2O_AWB,6.05129752979697e-08
EU-15,OilCrop,OilCropAEZ16,OilCropAEZ16,2005,N2O_AWB,3.86883349017135e-08
EU-15,OtherGrain,OtherGrainAEZ04,OtherGrainAEZ04,2005,N2O_AWB,6.40116617837581e-10
EU-15,OtherGrain,OtherGrainAEZ08,OtherGrainAEZ08,2005,N2O_AWB,1.54304822023446e-08
EU-15,OtherGrain,OtherGrainAEZ09,OtherGrainAEZ09,2005,N2O_AWB,3.42179314783774e-06
EU-15,OtherGrain,OtherGrainAEZ10,OtherGrainAEZ10,2005,N2O_AWB,1.57241559394336e-05
EU-15,OtherGrain,OtherGrainAEZ11,OtherGrainAEZ11,2005,N2O_AWB,7.48294954889647e-06
EU-15,OtherGrain,OtherGrainAEZ12,OtherGrainAEZ12,2005,N2O_AWB,1.52196683984535e-06
EU-15,OtherGrain,OtherGrainAEZ13,OtherGrainAEZ13,2005,N2O_AWB,1.1147849875264e-10
EU-15,OtherGrain,OtherGrainAEZ14,OtherGrainAEZ14,2005,N2O_AWB,4.80950094618533e-09
EU-15,OtherGrain,OtherGrainAEZ15,OtherGrainAEZ15,2005,N2O_AWB,1.01648749412627e-06
EU-15,OtherGrain,OtherGrainAEZ16,OtherGrainAEZ16,2005,N2O_AWB,2.69224998237576e-07
EU-15,PalmFruit,PalmFruitAEZ04,PalmFruitAEZ04,2005,N2O_AWB,0
EU-15,PalmFruit,PalmFruitAEZ08,PalmFruitAEZ08,2005,N2O_AWB,0
EU-15,PalmFruit,PalmFruitAEZ09,PalmFruitAEZ09,2005,N2O_AWB,0
EU-15,PalmFruit,PalmFruitAEZ10,PalmFruitAEZ10,2005,N2O_AWB,0
EU-15,PalmFruit,PalmFruitAEZ11,PalmFruitAEZ11,2005,N2O_AWB,0
EU-15,PalmFruit,PalmFruitAEZ12,PalmFruitAEZ12,2005,N2O_AWB,0
EU-15,PalmFruit,PalmFruitAEZ13,PalmFruitAEZ13,2005,N2O_AWB,0
EU-15,PalmFruit,PalmFruitAEZ14,PalmFruitAEZ14,2005,N2O_AWB,0
EU-15,PalmFruit,PalmFruitAEZ15,PalmFruitAEZ15,2005,N2O_AWB,0
EU-15,PalmFruit,PalmFruitAEZ16,PalmFruitAEZ16,2005,N2O_AWB,0
EU-15,Rice,RiceAEZ04,RiceAEZ04,2005,N2O_AWB,4.09391004665463e-10
EU-15,Rice,RiceAEZ08,RiceAEZ08,2005,N2O_AWB,9.87742143877333e-09
EU-15,Rice,RiceAEZ09,RiceAEZ09,2005,N2O_AWB,2.33799104249326e-07
EU-15,Rice,RiceAEZ10,RiceAEZ10,2005,N2O_AWB,3.29113527165686e-07
EU-15,Rice,RiceAEZ11,RiceAEZ11,2005,N2O_AWB,6.57089601258792e-07
EU-15,Rice,RiceAEZ12,RiceAEZ12,2005,N2O_AWB,9.23317170252251e-10
EU-15,Rice,RiceAEZ13,RiceAEZ13,2005,N2O_AWB,0
EU-15,Rice,RiceAEZ14,RiceAEZ14,2005,N2O_AWB,2.42457102313123e-09
EU-15,Rice,RiceAEZ15,RiceAEZ15,2005,N2O_AWB,4.980847138877e-09
EU-15,Rice,RiceAEZ16,RiceAEZ16,2005,N2O_AWB,2.14964815498131e-09
EU-15,Root_Tuber,Root_TuberAEZ04,Root_TuberAEZ04,2005,N2O_AWB,4.01606494877015e-10
EU-15,Root_Tuber,Root_TuberAEZ08,Root_TuberAEZ08,2005,N2O_AWB,1.92216695581682e-08
EU-15,Root_Tuber,Root_TuberAEZ09,Root_TuberAEZ09,2005,N2O_AWB,8.59571146667365e-07
EU-15,Root_Tuber,Root_TuberAEZ10,Root_TuberAEZ10,2005,N2O_AWB,7.45685095686769e-06
EU-15,Root_Tuber,Root_TuberAEZ11,Root_TuberAEZ11,2005,N2O_AWB,1.06405659453697e-05
EU-15,Root_Tuber,Root_TuberAEZ12,Root_TuberAEZ12,2005,N2O_AWB,8.26868637284061e-07
EU-15,Root_Tuber,Root_TuberAEZ13,Root_TuberAEZ13,2005,N2O_AWB,1.53281365214081e-10
EU-15,Root_Tuber,Root_TuberAEZ14,Root_TuberAEZ14,2005,N2O_AWB,3.00133299303682e-09
EU-15,Root_Tuber,Root_TuberAEZ15,Root_TuberAEZ15,2005,N2O_AWB,2.58987269611033e-07
EU-15,Root_Tuber,Root_TuberAEZ16,Root_TuberAEZ16,2005,N2O_AWB,1.50450086015279e-07
EU-15,SugarCrop,SugarCropAEZ04,SugarCropAEZ04,2005,N2O_AWB,2.54624273468004e-09
EU-15,SugarCrop,SugarCropAEZ08,SugarCropAEZ08,2005,N2O_AWB,4.94689618070814e-08
EU-15,SugarCrop,SugarCropAEZ09,SugarCropAEZ09,2005,N2O_AWB,2.73543794391523e-06
EU-15,SugarCrop,SugarCropAEZ10,SugarCropAEZ10,2005,N2O_AWB,1.80703236301765e-05
EU-15,SugarCrop,SugarCropAEZ11,SugarCropAEZ11,2005,N2O_AWB,2.43606353287606e-05
EU-15,SugarCrop,SugarCropAEZ12,SugarCropAEZ12,2005,N2O_AWB,1.16428687054623e-06
EU-15,SugarCrop,SugarCropAEZ13,SugarCropAEZ13,2005,N2O_AWB,5.29252497256024e-10
EU-15,SugarCrop,SugarCropAEZ14,SugarCropAEZ14,2005,N2O_AWB,2.00990363618956e-08
EU-15,SugarCrop,SugarCropAEZ15,SugarCropAEZ15,2005,N2O_AWB,4.50362927349359e-07
EU-15,SugarCrop,SugarCropAEZ16,SugarCropAEZ16,2005,N2O_AWB,4.45343550487671e-08
EU-15,Wheat,WheatAEZ04,WheatAEZ04,2005,N2O_AWB,2.24318102491349e-09
EU-15,Wheat,WheatAEZ08,WheatAEZ08,2005,N2O_AWB,2.74487596439077e-08
EU-15,Wheat,WheatAEZ09,WheatAEZ09,2005,N2O_AWB,2.15065809045019e-06
EU-15,Wheat,WheatAEZ10,WheatAEZ10,2005,N2O_AWB,2.05698301650609e-05
EU-15,Wheat,WheatAEZ11,WheatAEZ11,2005,N2O_AWB,2.01044363649064e-05
EU-15,Wheat,WheatAEZ12,WheatAEZ12,2005,N2O_AWB,2.98248603507079e-06
EU-15,Wheat,WheatAEZ13,WheatAEZ13,2005,N2O_AWB,2.20225417736944e-10
EU-15,Wheat,WheatAEZ14,WheatAEZ14,2005,N2O_AWB,6.03914613462265e-09
EU-15,Wheat,WheatAEZ15,WheatAEZ15,2005,N2O_AWB,2.21814743649904e-07
EU-15,Wheat,WheatAEZ16,WheatAEZ16,2005,N2O_AWB,1.61235700919102e-07
EU-15,Corn,CornAEZ04,CornAEZ04,2005,NH3_AWB,1.25074903530661e-08
EU-15,Corn,CornAEZ08,CornAEZ08,2005,NH3_AWB,2.16839041937339e-07
EU-15,Corn,CornAEZ09,CornAEZ09,2005,NH3_AWB,2.66710064628654e-05
EU-15,Corn,CornAEZ10,CornAEZ10,2005,NH3_AWB,9.26697743017056e-05
EU-15,Corn,CornAEZ11,CornAEZ11,2005,NH3_AWB,0.000162781643105897
EU-15,Corn,CornAEZ12,CornAEZ12,2005,NH3_AWB,3.59630933180571e-05
EU-15,Corn,CornAEZ13,CornAEZ13,2005,NH3_AWB,6.29628766072714e-10
EU-15,Corn,CornAEZ14,CornAEZ14,2005,NH3_AWB,5.50210456579165e-07
EU-15,Corn,CornAEZ15,CornAEZ15,2005,NH3_AWB,4.36462064040341e-06
EU-15,Corn,CornAEZ16,CornAEZ16,2005,NH3_AWB,9.77770931226727e-07
EU-15,FiberCrop,FiberCropAEZ04,FiberCropAEZ04,2005,NH3_AWB,9.88548912967440e-09
EU-15,FiberCrop,FiberCropAEZ08,FiberCropAEZ08,2005,NH3_AWB,1.47193388533176e-07
EU-15,FiberCrop,FiberCropAEZ09,FiberCropAEZ09,2005,NH3_AWB,3.43262025470371e-06
EU-15,FiberCrop,FiberCropAEZ10,FiberCropAEZ10,2005,NH3_AWB,8.81587920584363e-06
EU-15,FiberCrop,FiberCropAEZ11,FiberCropAEZ11,2005,NH3_AWB,6.51391949338484e-07
EU-15,FiberCrop,FiberCropAEZ12,FiberCropAEZ12,2005,NH3_AWB,1.25692449676134e-07
EU-15,FiberCrop,FiberCropAEZ13,FiberCropAEZ13,2005,NH3_AWB,0
EU-15,FiberCrop,FiberCropAEZ14,FiberCropAEZ14,2005,NH3_AWB,0
EU-15,FiberCrop,FiberCropAEZ15,FiberCropAEZ15,2005,NH3_AWB,0
EU-15,FiberCrop,FiberCropAEZ16,FiberCropAEZ16,2005,NH3_AWB,1.76857578960581e-09
EU-15,FodderGrass,FodderGrassAEZ04,FodderGrassAEZ04,2005,NH3_AWB,6.2385605200243e-08
EU-15,FodderGrass,FodderGrassAEZ08,FodderGrassAEZ08,2005,NH3_AWB,1.55875756971694e-06
EU-15,FodderGrass,FodderGrassAEZ09,FodderGrassAEZ09,2005,NH3_AWB,7.36789187057943e-05
EU-15,FodderGrass,FodderGrassAEZ10,FodderGrassAEZ10,2005,NH3_AWB,0.000566056566277994
EU-15,FodderGrass,FodderGrassAEZ11,FodderGrassAEZ11,2005,NH3_AWB,0.000720822110436441
EU-15,FodderGrass,FodderGrassAEZ12,FodderGrassAEZ12,2005,NH3_AWB,0.000193664947256688
EU-15,FodderGrass,FodderGrassAEZ13,FodderGrassAEZ13,2005,NH3_AWB,4.42841135556724e-08
EU-15,FodderGrass,FodderGrassAEZ14,FodderGrassAEZ14,2005,NH3_AWB,9.70846337109544e-07
EU-15,FodderGrass,FodderGrassAEZ15,FodderGrassAEZ15,2005,NH3_AWB,5.02117126633454e-05
EU-15,FodderGrass,FodderGrassAEZ16,FodderGrassAEZ16,2005,NH3_AWB,1.89379066385911e-05
EU-15,FodderHerb,FodderHerbAEZ04,FodderHerbAEZ04,2005,NH3_AWB,8.12692419204067e-08
EU-15,FodderHerb,FodderHerbAEZ08,FodderHerbAEZ08,2005,NH3_AWB,2.77315124276259e-06
EU-15,FodderHerb,FodderHerbAEZ09,FodderHerbAEZ09,2005,NH3_AWB,0.000114067084061759
EU-15,FodderHerb,FodderHerbAEZ10,FodderHerbAEZ10,2005,NH3_AWB,0.00127405542639723
EU-15,FodderHerb,FodderHerbAEZ11,FodderHerbAEZ11,2005,NH3_AWB,0.000940976439275272
EU-15,FodderHerb,FodderHerbAEZ12,FodderHerbAEZ12,2005,NH3_AWB,0.00012353290407688
EU-15,FodderHerb,FodderHerbAEZ13,FodderHerbAEZ13,2005,NH3_AWB,1.3296657489666e-08
EU-15,FodderHerb,FodderHerbAEZ14,FodderHerbAEZ14,2005,NH3_AWB,2.75636766838597e-06
EU-15,FodderHerb,FodderHerbAEZ15,FodderHerbAEZ15,2005,NH3_AWB,2.09216975165804e-05
EU-15,FodderHerb,FodderHerbAEZ16,FodderHerbAEZ16,2005,NH3_AWB,4.64311966823416e-06
EU-15,MiscCrop,MiscCropAEZ04,MiscCropAEZ04,2005,NH3_AWB,4.21401790742083e-08
EU-15,MiscCrop,MiscCropAEZ08,MiscCropAEZ08,2005,NH3_AWB,3.43369723065528e-06
EU-15,MiscCrop,MiscCropAEZ09,MiscCropAEZ09,2005,NH3_AWB,0.000157597301122181
EU-15,MiscCrop,MiscCropAEZ10,MiscCropAEZ10,2005,NH3_AWB,0.000328201710519031
EU-15,MiscCrop,MiscCropAEZ11,MiscCropAEZ11,2005,NH3_AWB,0.000441938699082482
EU-15,MiscCrop,MiscCropAEZ12,MiscCropAEZ12,2005,NH3_AWB,3.90268152482361e-05
EU-15,MiscCrop,MiscCropAEZ13,MiscCropAEZ13,2005,NH3_AWB,2.79213881393696e-09
EU-15,MiscCrop,MiscCropAEZ14,MiscCropAEZ14,2005,NH3_AWB,1.7660629948422e-06
EU-15,MiscCrop,MiscCropAEZ15,MiscCropAEZ15,2005,NH3_AWB,8.90613679418774e-06
EU-15,MiscCrop,MiscCropAEZ16,MiscCropAEZ16,2005,NH3_AWB,2.02596653805211e-06
EU-15,OilCrop,OilCropAEZ04,OilCropAEZ04,2005,NH3_AWB,2.17696850432108e-07
EU-15,OilCrop,OilCropAEZ08,OilCropAEZ08,2005,NH3_AWB,2.62223107464139e-06
EU-15,OilCrop,OilCropAEZ09,OilCropAEZ09,2005,NH3_AWB,2.89586512619947e-05
EU-15,OilCrop,OilCropAEZ10,OilCropAEZ10,2005,NH3_AWB,0.000120960446856323
EU-15,OilCrop,OilCropAEZ11,OilCropAEZ11,2005,NH3_AWB,7.40287166797208e-05
EU-15,OilCrop,OilCropAEZ12,OilCropAEZ12,2005,NH3_AWB,7.15576721946583e-06
EU-15,OilCrop,OilCropAEZ13,OilCropAEZ13,2005,NH3_AWB,2.44935746583404e-10
EU-15,OilCrop,OilCropAEZ14,OilCropAEZ14,2005,NH3_AWB,6.21830626638618e-08
EU-15,OilCrop,OilCropAEZ15,OilCropAEZ15,2005,NH3_AWB,1.12237723609402e-06
EU-15,OilCrop,OilCropAEZ16,OilCropAEZ16,2005,NH3_AWB,7.17580092240513e-07
EU-15,OtherGrain,OtherGrainAEZ04,OtherGrainAEZ04,2005,NH3_AWB,1.18726986529532e-08
EU-15,OtherGrain,OtherGrainAEZ08,OtherGrainAEZ08,2005,NH3_AWB,2.86200139401286e-07
EU-15,OtherGrain,OtherGrainAEZ09,OtherGrainAEZ09,2005,NH3_AWB,6.34664337168104e-05
EU-15,OtherGrain,OtherGrainAEZ10,OtherGrainAEZ10,2005,NH3_AWB,0.000291647115289091
EU-15,OtherGrain,OtherGrainAEZ11,OtherGrainAEZ11,2005,NH3_AWB,0.000138791592896659
EU-15,OtherGrain,OtherGrainAEZ12,OtherGrainAEZ12,2005,NH3_AWB,2.82290025688042e-05
EU-15,OtherGrain,OtherGrainAEZ13,OtherGrainAEZ13,2005,NH3_AWB,2.06767108537955e-09
EU-15,OtherGrain,OtherGrainAEZ14,OtherGrainAEZ14,2005,NH3_AWB,8.92052382549463e-08
EU-15,OtherGrain,OtherGrainAEZ15,OtherGrainAEZ15,2005,NH3_AWB,1.88535172591301e-05
EU-15,OtherGrain,OtherGrainAEZ16,OtherGrainAEZ16,2005,NH3_AWB,4.99350772163149e-06
EU-15,PalmFruit,PalmFruitAEZ04,PalmFruitAEZ04,2005,NH3_AWB,0
EU-15,PalmFruit,PalmFruitAEZ08,PalmFruitAEZ08,2005,NH3_AWB,0
EU-15,PalmFruit,PalmFruitAEZ09,PalmFruitAEZ09,2005,NH3_AWB,0
EU-15,PalmFruit,PalmFruitAEZ10,PalmFruitAEZ10,2005,NH3_AWB,0
EU-15,PalmFruit,PalmFruitAEZ11,PalmFruitAEZ11,2005,NH3_AWB,0
EU-15,PalmFruit,PalmFruitAEZ12,PalmFruitAEZ12,2005,NH3_AWB,0
EU-15,PalmFruit,PalmFruitAEZ13,PalmFruitAEZ13,2005,NH3_AWB,0
EU-15,PalmFruit,PalmFruitAEZ14,PalmFruitAEZ14,2005,NH3_AWB,0
EU-15,PalmFruit,PalmFruitAEZ15,PalmFruitAEZ15,2005,NH3_AWB,0
EU-15,PalmFruit,PalmFruitAEZ16,PalmFruitAEZ16,2005,NH3_AWB,0
EU-15,Rice,RiceAEZ04,RiceAEZ04,2005,NH3_AWB,7.59326643642314e-09
EU-15,Rice,RiceAEZ08,RiceAEZ08,2005,NH3_AWB,1.83203567823217e-07
EU-15,Rice,RiceAEZ09,RiceAEZ09,2005,NH3_AWB,4.33643844376332e-06
EU-15,Rice,RiceAEZ10,RiceAEZ10,2005,NH3_AWB,6.10430290631852e-06
EU-15,Rice,RiceAEZ11,RiceAEZ11,2005,NH3_AWB,1.21875086606708e-05
EU-15,Rice,RiceAEZ12,RiceAEZ12,2005,NH3_AWB,1.71254209280409e-08
EU-15,Rice,RiceAEZ13,RiceAEZ13,2005,NH3_AWB,0
EU-15,Rice,RiceAEZ14,RiceAEZ14,2005,NH3_AWB,4.49702449806163e-08
EU-15,Rice,RiceAEZ15,RiceAEZ15,2005,NH3_AWB,9.23833180836365e-08
EU-15,Rice,RiceAEZ16,RiceAEZ16,2005,NH3_AWB,3.9871054809025e-08
EU-15,Root_Tuber,Root_TuberAEZ04,Root_TuberAEZ04,2005,NH3_AWB,7.44888159106258e-09
EU-15,Root_Tuber,Root_TuberAEZ08,Root_TuberAEZ08,2005,NH3_AWB,3.56517990490104e-07
EU-15,Root_Tuber,Root_TuberAEZ09,Root_TuberAEZ09,2005,NH3_AWB,1.59430780435457e-05
EU-15,Root_Tuber,Root_TuberAEZ10,Root_TuberAEZ10,2005,NH3_AWB,0.000138307523728965
EU-15,Root_Tuber,Root_TuberAEZ11,Root_TuberAEZ11,2005,NH3_AWB,0.000197358152320779
EU-15,Root_Tuber,Root_TuberAEZ12,Root_TuberAEZ12,2005,NH3_AWB,1.53365213189055e-05
EU-15,Root_Tuber,Root_TuberAEZ13,Root_TuberAEZ13,2005,NH3_AWB,2.84301861190208e-09
EU-15,Root_Tuber,Root_TuberAEZ14,Root_TuberAEZ14,2005,NH3_AWB,5.56678598719551e-08
EU-15,Root_Tuber,Root_TuberAEZ15,Root_TuberAEZ15,2005,NH3_AWB,4.80362127986988e-06
EU-15,Root_Tuber,Root_TuberAEZ16,Root_TuberAEZ16,2005,NH3_AWB,2.79050486082449e-06
EU-15,SugarCrop,SugarCropAEZ04,SugarCropAEZ04,2005,NH3_AWB,4.72269768409577e-08
EU-15,SugarCrop,SugarCropAEZ08,SugarCropAEZ08,2005,NH3_AWB,9.17536054905162e-07
EU-15,SugarCrop,SugarCropAEZ09,SugarCropAEZ09,2005,NH3_AWB,5.07361150873918e-05
EU-15,SugarCrop,SugarCropAEZ10,SugarCropAEZ10,2005,NH3_AWB,0.000335163157843314
EU-15,SugarCrop,SugarCropAEZ11,SugarCropAEZ11,2005,NH3_AWB,0.000451834047411416
EU-15,SugarCrop,SugarCropAEZ12,SugarCropAEZ12,2005,NH3_AWB,2.15948575218724e-05
EU-15,SugarCrop,SugarCropAEZ13,SugarCropAEZ13,2005,NH3_AWB,9.81642287692974e-09
EU-15,SugarCrop,SugarCropAEZ14,SugarCropAEZ14,2005,NH3_AWB,3.72791137255063e-07
EU-15,SugarCrop,SugarCropAEZ15,SugarCropAEZ15,2005,NH3_AWB,8.35320185709898e-06
EU-15,SugarCrop,SugarCropAEZ16,SugarCropAEZ16,2005,NH3_AWB,8.26010390081448e-07
EU-15,Wheat,WheatAEZ04,WheatAEZ04,2005,NH3_AWB,4.16058755399758e-08
EU-15,Wheat,WheatAEZ08,WheatAEZ08,2005,NH3_AWB,5.09111687727109e-07
EU-15,Wheat,WheatAEZ09,WheatAEZ09,2005,NH3_AWB,3.98897868012072e-05
EU-15,Wheat,WheatAEZ10,WheatAEZ10,2005,NH3_AWB,0.000381523285112029
EU-15,Wheat,WheatAEZ11,WheatAEZ11,2005,NH3_AWB,0.000372891294955528
EU-15,Wheat,WheatAEZ12,WheatAEZ12,2005,NH3_AWB,5.53182919241467e-05
EU-15,Wheat,WheatAEZ13,WheatAEZ13,2005,NH3_AWB,4.08467761600107e-09
EU-15,Wheat,WheatAEZ14,WheatAEZ14,2005,NH3_AWB,1.12012343031711e-07
EU-15,Wheat,WheatAEZ15,WheatAEZ15,2005,NH3_AWB,4.11415597525637e-06
EU-15,Wheat,WheatAEZ16,WheatAEZ16,2005,NH3_AWB,2.99055333944776e-06
EU-15,Corn,CornAEZ04,CornAEZ04,2005,NMVOC_AWB,6.74341416089875e-08
EU-15,Corn,CornAEZ08,CornAEZ08,2005,NMVOC_AWB,1.16908782238438e-06
EU-15,Corn,CornAEZ09,CornAEZ09,2005,NMVOC_AWB,0.000143796747061268
EU-15,Corn,CornAEZ10,CornAEZ10,2005,NMVOC_AWB,0.000499629142756222
EU-15,Corn,CornAEZ11,CornAEZ11,2005,NMVOC_AWB,0.000877637324729645
EU-15,Corn,CornAEZ12,CornAEZ12,2005,NMVOC_AWB,0.000193895038816688
EU-15,Corn,CornAEZ13,CornAEZ13,2005,NMVOC_AWB,3.39464386330957e-09
EU-15,Corn,CornAEZ14,CornAEZ14,2005,NMVOC_AWB,2.96646000087537e-06
EU-15,Corn,CornAEZ15,CornAEZ15,2005,NMVOC_AWB,2.35318547547248e-05
EU-15,Corn,CornAEZ16,CornAEZ16,2005,NMVOC_AWB,5.27165255189115e-06
EU-15,FiberCrop,FiberCropAEZ04,FiberCropAEZ04,2005,NMVOC_AWB,5.32976204679746e-08
EU-15,FiberCrop,FiberCropAEZ08,FiberCropAEZ08,2005,NMVOC_AWB,7.93593241014948e-07
EU-15,FiberCrop,FiberCropAEZ09,FiberCropAEZ09,2005,NMVOC_AWB,1.85069741260144e-05
EU-15,FiberCrop,FiberCropAEZ10,FiberCropAEZ10,2005,NMVOC_AWB,4.75308179333398e-05
EU-15,FiberCrop,FiberCropAEZ11,FiberCropAEZ11,2005,NMVOC_AWB,3.51198007871161e-06
EU-15,FiberCrop,FiberCropAEZ12,FiberCropAEZ12,2005,NMVOC_AWB,6.77670916497103e-07
EU-15,FiberCrop,FiberCropAEZ13,FiberCropAEZ13,2005,NMVOC_AWB,0
EU-15,FiberCrop,FiberCropAEZ14,FiberCropAEZ14,2005,NMVOC_AWB,0
EU-15,FiberCrop,FiberCropAEZ15,FiberCropAEZ15,2005,NMVOC_AWB,0
EU-15,FiberCrop,FiberCropAEZ16,FiberCropAEZ16,2005,NMVOC_AWB,9.5352774118486e-09
EU-15,FodderGrass,FodderGrassAEZ04,FodderGrassAEZ04,2005,NMVOC_AWB,3.36352027199789e-07
EU-15,FodderGrass,FodderGrassAEZ08,FodderGrassAEZ08,2005,NMVOC_AWB,8.40404235567576e-06
EU-15,FodderGrass,FodderGrassAEZ09,FodderGrassAEZ09,2005,NMVOC_AWB,0.000397239933619908
EU-15,FodderGrass,FodderGrassAEZ10,FodderGrassAEZ10,2005,NMVOC_AWB,0.00305189431065443
EU-15,FodderGrass,FodderGrassAEZ11,FodderGrassAEZ11,2005,NMVOC_AWB,0.00388631283318515
EU-15,FodderGrass,FodderGrassAEZ12,FodderGrassAEZ12,2005,NMVOC_AWB,0.00104414467725759
EU-15,FodderGrass,FodderGrassAEZ13,FodderGrassAEZ13,2005,NMVOC_AWB,2.38757824331213e-07
EU-15,FodderGrass,FodderGrassAEZ14,FodderGrassAEZ14,2005,NMVOC_AWB,5.23431859862782e-06
EU-15,FodderGrass,FodderGrassAEZ15,FodderGrassAEZ15,2005,NMVOC_AWB,0.000270716478413257
EU-15,FodderGrass,FodderGrassAEZ16,FodderGrassAEZ16,2005,NMVOC_AWB,0.00010210373480172
EU-15,FodderHerb,FodderHerbAEZ04,FodderHerbAEZ04,2005,NMVOC_AWB,4.38163165704328e-07
EU-15,FodderHerb,FodderHerbAEZ08,FodderHerbAEZ08,2005,NMVOC_AWB,1.4951446559521e-05
EU-15,FodderHerb,FodderHerbAEZ09,FodderHerbAEZ09,2005,NMVOC_AWB,0.00061499275093659
EU-15,FodderHerb,FodderHerbAEZ10,FodderHerbAEZ10,2005,NMVOC_AWB,0.00686907058219784
EU-15,FodderHerb,FodderHerbAEZ11,FodderHerbAEZ11,2005,NMVOC_AWB,0.00507327502685257
EU-15,FodderHerb,FodderHerbAEZ12,FodderHerbAEZ12,2005,NMVOC_AWB,0.000666027725126143
EU-15,FodderHerb,FodderHerbAEZ13,FodderHerbAEZ13,2005,NMVOC_AWB,7.16889366910078e-08
EU-15,FodderHerb,FodderHerbAEZ14,FodderHerbAEZ14,2005,NMVOC_AWB,1.48609579083792e-05
EU-15,FodderHerb,FodderHerbAEZ15,FodderHerbAEZ15,2005,NMVOC_AWB,0.000112799344489411
EU-15,FodderHerb,FodderHerbAEZ16,FodderHerbAEZ16,2005,NMVOC_AWB,2.50333824273887e-05
EU-15,MiscCrop,MiscCropAEZ04,MiscCropAEZ04,2005,NMVOC_AWB,2.27198800311019e-07
EU-15,MiscCrop,MiscCropAEZ08,MiscCropAEZ08,2005,NMVOC_AWB,1.85127806424919e-05
EU-15,MiscCrop,MiscCropAEZ09,MiscCropAEZ09,2005,NMVOC_AWB,0.0008496859418694
EU-15,MiscCrop,MiscCropAEZ10,MiscCropAEZ10,2005,NMVOC_AWB,0.00176949971566653
EU-15,MiscCrop,MiscCropAEZ11,MiscCropAEZ11,2005,NMVOC_AWB,0.00238271275652947
EU-15,MiscCrop,MiscCropAEZ12,MiscCropAEZ12,2005,NMVOC_AWB,0.000210413097408642
EU-15,MiscCrop,MiscCropAEZ13,MiscCropAEZ13,2005,NMVOC_AWB,1.50538180606967e-08
EU-15,MiscCrop,MiscCropAEZ14,MiscCropAEZ14,2005,NMVOC_AWB,9.52172967739986e-06
EU-15,MiscCrop,MiscCropAEZ15,MiscCropAEZ15,2005,NMVOC_AWB,4.80174417740842e-05
EU-15,MiscCrop,MiscCropAEZ16,MiscCropAEZ16,2005,NMVOC_AWB,1.09229997837724e-05
EU-15,OilCrop,OilCropAEZ04,OilCropAEZ04,2005,NMVOC_AWB,1.17371269738942e-06
EU-15,OilCrop,OilCropAEZ08,OilCropAEZ08,2005,NMVOC_AWB,1.41377603841612e-05
EU-15,OilCrop,OilCropAEZ09,OilCropAEZ09,2005,NMVOC_AWB,0.00015613058534384
EU-15,OilCrop,OilCropAEZ10,OilCropAEZ10,2005,NMVOC_AWB,0.000652158320505611
EU-15,OilCrop,OilCropAEZ11,OilCropAEZ11,2005,NMVOC_AWB,0.000399125869602463
EU-15,OilCrop,OilCropAEZ12,OilCropAEZ12,2005,NMVOC_AWB,3.85803231805107e-05
EU-15,OilCrop,OilCropAEZ13,OilCropAEZ13,2005,NMVOC_AWB,1.32057122204051e-09
EU-15,OilCrop,OilCropAEZ14,OilCropAEZ14,2005,NMVOC_AWB,3.35260018995535e-07
EU-15,OilCrop,OilCropAEZ15,OilCropAEZ15,2005,NMVOC_AWB,6.05129752979697e-06
EU-15,OilCrop,OilCropAEZ16,OilCropAEZ16,2005,NMVOC_AWB,3.86883349017135e-06
EU-15,OtherGrain,OtherGrainAEZ04,OtherGrainAEZ04,2005,NMVOC_AWB,6.40116617837581e-08
EU-15,OtherGrain,OtherGrainAEZ08,OtherGrainAEZ08,2005,NMVOC_AWB,1.54304822023446e-06
EU-15,OtherGrain,OtherGrainAEZ09,OtherGrainAEZ09,2005,NMVOC_AWB,0.000342179314783774
EU-15,OtherGrain,OtherGrainAEZ10,OtherGrainAEZ10,2005,NMVOC_AWB,0.00157241559394336
EU-15,OtherGrain,OtherGrainAEZ11,OtherGrainAEZ11,2005,NMVOC_AWB,0.000748294954889647
EU-15,OtherGrain,OtherGrainAEZ12,OtherGrainAEZ12,2005,NMVOC_AWB,0.000152196683984535
EU-15,OtherGrain,OtherGrainAEZ13,OtherGrainAEZ13,2005,NMVOC_AWB,1.1147849875264e-08
EU-15,OtherGrain,OtherGrainAEZ14,OtherGrainAEZ14,2005,NMVOC_AWB,4.80950094618533e-07
EU-15,OtherGrain,OtherGrainAEZ15,OtherGrainAEZ15,2005,NMVOC_AWB,0.000101648749412627
EU-15,OtherGrain,OtherGrainAEZ16,OtherGrainAEZ16,2005,NMVOC_AWB,2.69224998237576e-05
EU-15,PalmFruit,PalmFruitAEZ04,PalmFruitAEZ04,2005,NMVOC_AWB,0
EU-15,PalmFruit,PalmFruitAEZ08,PalmFruitAEZ08,2005,NMVOC_AWB,0
EU-15,PalmFruit,PalmFruitAEZ09,PalmFruitAEZ09,2005,NMVOC_AWB,0
EU-15,PalmFruit,PalmFruitAEZ10,PalmFruitAEZ10,2005,NMVOC_AWB,0
EU-15,PalmFruit,PalmFruitAEZ11,PalmFruitAEZ11,2005,NMVOC_AWB,0
EU-15,PalmFruit,PalmFruitAEZ12,PalmFruitAEZ12,2005,NMVOC_AWB,0
EU-15,PalmFruit,PalmFruitAEZ13,PalmFruitAEZ13,2005,NMVOC_AWB,0
EU-15,PalmFruit,PalmFruitAEZ14,PalmFruitAEZ14,2005,NMVOC_AWB,0
EU-15,PalmFruit,PalmFruitAEZ15,PalmFruitAEZ15,2005,NMVOC_AWB,0
EU-15,PalmFruit,PalmFruitAEZ16,PalmFruitAEZ16,2005,NMVOC_AWB,0
EU-15,Rice,RiceAEZ04,RiceAEZ04,2005,NMVOC_AWB,4.09391004665463e-08
EU-15,Rice,RiceAEZ08,RiceAEZ08,2005,NMVOC_AWB,9.87742143877333e-07
EU-15,Rice,RiceAEZ09,RiceAEZ09,2005,NMVOC_AWB,2.33799104249326e-05
EU-15,Rice,RiceAEZ10,RiceAEZ10,2005,NMVOC_AWB,3.29113527165686e-05
EU-15,Rice,RiceAEZ11,RiceAEZ11,2005,NMVOC_AWB,6.57089601258792e-05
EU-15,Rice,RiceAEZ12,RiceAEZ12,2005,NMVOC_AWB,9.23317170252251e-08
EU-15,Rice,RiceAEZ13,RiceAEZ13,2005,NMVOC_AWB,0
EU-15,Rice,RiceAEZ14,RiceAEZ14,2005,NMVOC_AWB,2.42457102313123e-07
EU-15,Rice,RiceAEZ15,RiceAEZ15,2005,NMVOC_AWB,4.980847138877e-07
EU-15,Rice,RiceAEZ16,RiceAEZ16,2005,NMVOC_AWB,2.14964815498131e-07
EU-15,Root_Tuber,Root_TuberAEZ04,Root_TuberAEZ04,2005,NMVOC_AWB,4.01606494877015e-08
EU-15,Root_Tuber,Root_TuberAEZ08,Root_TuberAEZ08,2005,NMVOC_AWB,1.92216695581682e-06
EU-15,Root_Tuber,Root_TuberAEZ09,Root_TuberAEZ09,2005,NMVOC_AWB,8.59571146667365e-05
EU-15,Root_Tuber,Root_TuberAEZ10,Root_TuberAEZ10,2005,NMVOC_AWB,0.000745685095686769
EU-15,Root_Tuber,Root_TuberAEZ11,Root_TuberAEZ11,2005,NMVOC_AWB,0.00106405659453697
EU-15,Root_Tuber,Root_TuberAEZ12,Root_TuberAEZ12,2005,NMVOC_AWB,8.26868637284061e-05
EU-15,Root_Tuber,Root_TuberAEZ13,Root_TuberAEZ13,2005,NMVOC_AWB,1.53281365214081e-08
EU-15,Root_Tuber,Root_TuberAEZ14,Root_TuberAEZ14,2005,NMVOC_AWB,3.00133299303682e-07
EU-15,Root_Tuber,Root_TuberAEZ15,Root_TuberAEZ15,2005,NMVOC_AWB,2.58987269611033e-05
EU-15,Root_Tuber,Root_TuberAEZ16,Root_TuberAEZ16,2005,NMVOC_AWB,1.50450086015279e-05
EU-15,SugarCrop,SugarCropAEZ04,SugarCropAEZ04,2005,NMVOC_AWB,2.54624273468004e-07
EU-15,SugarCrop,SugarCropAEZ08,SugarCropAEZ08,2005,NMVOC_AWB,4.94689618070814e-06
EU-15,SugarCrop,SugarCropAEZ09,SugarCropAEZ09,2005,NMVOC_AWB,0.000273543794391523
EU-15,SugarCrop,SugarCropAEZ10,SugarCropAEZ10,2005,NMVOC_AWB,0.00180703236301765
EU-15,SugarCrop,SugarCropAEZ11,SugarCropAEZ11,2005,NMVOC_AWB,0.00243606353287606
EU-15,SugarCrop,SugarCropAEZ12,SugarCropAEZ12,2005,NMVOC_AWB,0.000116428687054623
EU-15,SugarCrop,SugarCropAEZ13,SugarCropAEZ13,2005,NMVOC_AWB,5.29252497256023e-08
EU-15,SugarCrop,SugarCropAEZ14,SugarCropAEZ14,2005,NMVOC_AWB,2.00990363618956e-06
EU-15,SugarCrop,SugarCropAEZ15,SugarCropAEZ15,2005,NMVOC_AWB,4.50362927349359e-05
EU-15,SugarCrop,SugarCropAEZ16,SugarCropAEZ16,2005,NMVOC_AWB,4.45343550487671e-06
EU-15,Wheat,WheatAEZ04,WheatAEZ04,2005,NMVOC_AWB,2.24318102491349e-07
EU-15,Wheat,WheatAEZ08,WheatAEZ08,2005,NMVOC_AWB,2.74487596439077e-06
EU-15,Wheat,WheatAEZ09,WheatAEZ09,2005,NMVOC_AWB,0.000215065809045019
EU-15,Wheat,WheatAEZ10,WheatAEZ10,2005,NMVOC_AWB,0.00205698301650609
EU-15,Wheat,WheatAEZ11,WheatAEZ11,2005,NMVOC_AWB,0.00201044363649064
EU-15,Wheat,WheatAEZ12,WheatAEZ12,2005,NMVOC_AWB,0.000298248603507079
EU-15,Wheat,WheatAEZ13,WheatAEZ13,2005,NMVOC_AWB,2.20225417736944e-08
EU-15,Wheat,WheatAEZ14,WheatAEZ14,2005,NMVOC_AWB,6.03914613462265e-07
EU-15,Wheat,WheatAEZ15,WheatAEZ15,2005,NMVOC_AWB,2.21814743649904e-05
EU-15,Wheat,WheatAEZ16,WheatAEZ16,2005,NMVOC_AWB,1.61235700919102e-05
EU-15,Corn,CornAEZ04,CornAEZ04,2005,NOx_AWB,3.65602629862432e-08
EU-15,Corn,CornAEZ08,CornAEZ08,2005,NOx_AWB,6.3383557973089e-07
EU-15,Corn,CornAEZ09,CornAEZ09,2005,NOx_AWB,7.79612042755738e-05
EU-15,Corn,CornAEZ10,CornAEZ10,2005,NOx_AWB,0.00027088018648886
EU-15,Corn,CornAEZ11,CornAEZ11,2005,NOx_AWB,0.000475822048491566
EU-15,Corn,CornAEZ12,CornAEZ12,2005,NOx_AWB,0.000105122619517724
EU-15,Corn,CornAEZ13,CornAEZ13,2005,NOx_AWB,1.84044861291292e-09
EU-15,Corn,CornAEZ14,CornAEZ14,2005,NOx_AWB,1.60830337841388e-06
EU-15,Corn,CornAEZ15,CornAEZ15,2005,NOx_AWB,1.27580892684212e-05
EU-15,Corn,CornAEZ16,CornAEZ16,2005,NOx_AWB,2.85809234121775e-06
EU-15,FiberCrop,FiberCropAEZ04,FiberCropAEZ04,2005,NOx_AWB,2.88959713041032e-08
EU-15,FiberCrop,FiberCropAEZ08,FiberCropAEZ08,2005,NOx_AWB,4.30256497722582e-07
EU-15,FiberCrop,FiberCropAEZ09,FiberCropAEZ09,2005,NOx_AWB,1.00337874106862e-05
EU-15,FiberCrop,FiberCropAEZ10,FiberCropAEZ10,2005,NOx_AWB,2.57694272089992e-05
EU-15,FiberCrop,FiberCropAEZ11,FiberCropAEZ11,2005,NOx_AWB,1.90406390911975e-06
EU-15,FiberCrop,FiberCropAEZ12,FiberCropAEZ12,2005,NOx_AWB,3.67407760136158e-07
EU-15,FiberCrop,FiberCropAEZ13,FiberCropAEZ13,2005,NOx_AWB,0
EU-15,FiberCrop,FiberCropAEZ14,FiberCropAEZ14,2005,NOx_AWB,0
EU-15,FiberCrop,FiberCropAEZ15,FiberCropAEZ15,2005,NOx_AWB,0
EU-15,FiberCrop,FiberCropAEZ16,FiberCropAEZ16,2005,NOx_AWB,5.16966986612471e-09
EU-15,FodderGrass,FodderGrassAEZ04,FodderGrassAEZ04,2005,NOx_AWB,1.82357456875248e-07
EU-15,FodderGrass,FodderGrassAEZ08,FodderGrassAEZ08,2005,NOx_AWB,4.55635663685949e-06
EU-15,FodderGrass,FodderGrassAEZ09,FodderGrassAEZ09,2005,NOx_AWB,0.000215368596607835
EU-15,FodderGrass,FodderGrassAEZ10,FodderGrassAEZ10,2005,NOx_AWB,0.00165462265762532
EU-15,FodderGrass,FodderGrassAEZ11,FodderGrassAEZ11,2005,NOx_AWB,0.00210701309215041
EU-15,FodderGrass,FodderGrassAEZ12,FodderGrassAEZ12,2005,NOx_AWB,0.000566096091466162
EU-15,FodderGrass,FodderGrassAEZ13,FodderGrassAEZ13,2005,NOx_AWB,1.29445539593093e-07
EU-15,FodderGrass,FodderGrassAEZ14,FodderGrassAEZ14,2005,NOx_AWB,2.83785127167856e-06
EU-15,FodderGrass,FodderGrassAEZ15,FodderGrassAEZ15,2005,NOx_AWB,0.000146772323475075
EU-15,FodderGrass,FodderGrassAEZ16,FodderGrassAEZ16,2005,NOx_AWB,5.5356816401308e-05
EU-15,FodderHerb,FodderHerbAEZ04,FodderHerbAEZ04,2005,NOx_AWB,2.37555638535778e-07
EU-15,FodderHerb,FodderHerbAEZ08,FodderHerbAEZ08,2005,NOx_AWB,8.1061136866017e-06
EU-15,FodderHerb,FodderHerbAEZ09,FodderHerbAEZ09,2005,NOx_AWB,0.000333426009027424
EU-15,FodderHerb,FodderHerbAEZ10,FodderHerbAEZ10,2005,NOx_AWB,0.00372415249848378
EU-15,FodderHerb,FodderHerbAEZ11,FodderHerbAEZ11,2005,NOx_AWB,0.00275053948575138
EU-15,FodderHerb,FodderHerbAEZ12,FodderHerbAEZ12,2005,NOx_AWB,0.000361095258362357
EU-15,FodderHerb,FodderHerbAEZ13,FodderHerbAEZ13,2005,NOx_AWB,3.88670533366449e-08
EU-15,FodderHerb,FodderHerbAEZ14,FodderHerbAEZ14,2005,NOx_AWB,8.05705413302722e-06
EU-15,FodderHerb,FodderHerbAEZ15,FodderHerbAEZ15,2005,NOx_AWB,6.11555749181372e-05
EU-15,FodderHerb,FodderHerbAEZ16,FodderHerbAEZ16,2005,NOx_AWB,1.35721612693969e-05
EU-15,MiscCrop,MiscCropAEZ04,MiscCropAEZ04,2005,NOx_AWB,1.23178670200834e-07
EU-15,MiscCrop,MiscCropAEZ08,MiscCropAEZ08,2005,NOx_AWB,1.00369354861919e-05
EU-15,MiscCrop,MiscCropAEZ09,MiscCropAEZ09,2005,NOx_AWB,0.000460667856804435
EU-15,MiscCrop,MiscCropAEZ10,MiscCropAEZ10,2005,NOx_AWB,0.000959356394479982
EU-15,MiscCrop,MiscCropAEZ11,MiscCropAEZ11,2005,NOx_AWB,0.00129181751143969
EU-15,MiscCrop,MiscCropAEZ12,MiscCropAEZ12,2005,NOx_AWB,0.000114078091504685
EU-15,MiscCrop,MiscCropAEZ13,MiscCropAEZ13,2005,NOx_AWB,8.16161567589044e-09
EU-15,MiscCrop,MiscCropAEZ14,MiscCropAEZ14,2005,NOx_AWB,5.16232479250925e-06
EU-15,MiscCrop,MiscCropAEZ15,MiscCropAEZ15,2005,NOx_AWB,2.60332564084002e-05
EU-15,MiscCrop,MiscCropAEZ16,MiscCropAEZ16,2005,NOx_AWB,5.92204090042385e-06
EU-15,OilCrop,OilCropAEZ04,OilCropAEZ04,2005,NOx_AWB,6.36343013538576e-07
EU-15,OilCrop,OilCropAEZ08,OilCropAEZ08,2005,NOx_AWB,7.66496355330686e-06
EU-15,OilCrop,OilCropAEZ09,OilCropAEZ09,2005,NOx_AWB,8.46481489074979e-05
EU-15,OilCrop,OilCropAEZ10,OilCropAEZ10,2005,NOx_AWB,0.00035357578724149
EU-15,OilCrop,OilCropAEZ11,OilCropAEZ11,2005,NOx_AWB,0.000216391080380183
EU-15,OilCrop,OilCropAEZ12,OilCropAEZ12,2005,NOx_AWB,2.09168045728595e-05
EU-15,OilCrop,OilCropAEZ13,OilCropAEZ13,2005,NOx_AWB,7.15964198815144e-10
EU-15,OilCrop,OilCropAEZ14,OilCropAEZ14,2005,NOx_AWB,1.81765410974195e-07
EU-15,OilCrop,OilCropAEZ15,OilCropAEZ15,2005,NOx_AWB,3.28078661370392e-06
EU-15,OilCrop,OilCropAEZ16,OilCropAEZ16,2005,NOx_AWB,2.09753644779543e-06
EU-15,OtherGrain,OtherGrainAEZ04,OtherGrainAEZ04,2005,NOx_AWB,3.47047227585491e-08
EU-15,OtherGrain,OtherGrainAEZ08,OtherGrainAEZ08,2005,NOx_AWB,8.36582884962645e-07
EU-15,OtherGrain,OtherGrainAEZ09,OtherGrainAEZ09,2005,NOx_AWB,0.000185516793696087
EU-15,OtherGrain,OtherGrainAEZ10,OtherGrainAEZ10,2005,NOx_AWB,0.000852504773792171
EU-15,OtherGrain,OtherGrainAEZ11,OtherGrainAEZ11,2005,NOx_AWB,0.000405697465546122
EU-15,OtherGrain,OtherGrainAEZ12,OtherGrainAEZ12,2005,NOx_AWB,8.25153351009235e-05
EU-15,OtherGrain,OtherGrainAEZ13,OtherGrainAEZ13,2005,NOx_AWB,6.04394618877289e-09
EU-15,OtherGrain,OtherGrainAEZ14,OtherGrainAEZ14,2005,NOx_AWB,2.60753107001344e-07
EU-15,OtherGrain,OtherGrainAEZ15,OtherGrainAEZ15,2005,NOx_AWB,5.51101403840379e-05
EU-15,OtherGrain,OtherGrainAEZ16,OtherGrainAEZ16,2005,NOx_AWB,1.45963698850209e-05
EU-15,PalmFruit,PalmFruitAEZ04,PalmFruitAEZ04,2005,NOx_AWB,0
EU-15,PalmFruit,PalmFruitAEZ08,PalmFruitAEZ08,2005,NOx_AWB,0
EU-15,PalmFruit,PalmFruitAEZ09,PalmFruitAEZ09,2005,NOx_AWB,0
EU-15,PalmFruit,PalmFruitAEZ10,PalmFruitAEZ10,2005,NOx_AWB,0
EU-15,PalmFruit,PalmFruitAEZ11,PalmFruitAEZ11,2005,NOx_AWB,0
EU-15,PalmFruit,PalmFruitAEZ12,PalmFruitAEZ12,2005,NOx_AWB,0
EU-15,PalmFruit,PalmFruitAEZ13,PalmFruitAEZ13,2005,NOx_AWB,0
EU-15,PalmFruit,PalmFruitAEZ14,PalmFruitAEZ14,2005,NOx_AWB,0
EU-15,PalmFruit,PalmFruitAEZ15,PalmFruitAEZ15,2005,NOx_AWB,0
EU-15,PalmFruit,PalmFruitAEZ16,PalmFruitAEZ16,2005,NOx_AWB,0
EU-15,Rice,RiceAEZ04,RiceAEZ04,2005,NOx_AWB,2.21956451697115e-08
EU-15,Rice,RiceAEZ08,RiceAEZ08,2005,NOx_AWB,5.35516752806683e-07
EU-15,Rice,RiceAEZ09,RiceAEZ09,2005,NOx_AWB,1.26757107503007e-05
EU-15,Rice,RiceAEZ10,RiceAEZ10,2005,NOx_AWB,1.78433013580526e-05
EU-15,Rice,RiceAEZ11,RiceAEZ11,2005,NOx_AWB,3.56249342756449e-05
EU-15,Rice,RiceAEZ12,RiceAEZ12,2005,NOx_AWB,5.00587947865821e-08
EU-15,Rice,RiceAEZ13,RiceAEZ13,2005,NOx_AWB,0
EU-15,Rice,RiceAEZ14,RiceAEZ14,2005,NOx_AWB,1.31451149402172e-07
EU-15,Rice,RiceAEZ15,RiceAEZ15,2005,NOx_AWB,2.70042855068166e-07
EU-15,Rice,RiceAEZ16,RiceAEZ16,2005,NOx_AWB,1.16545862375943e-07
EU-15,Root_Tuber,Root_TuberAEZ04,Root_TuberAEZ04,2005,NOx_AWB,2.17735982387445e-08
EU-15,Root_Tuber,Root_TuberAEZ08,Root_TuberAEZ08,2005,NOx_AWB,1.04212684748942e-06
EU-15,Root_Tuber,Root_TuberAEZ09,Root_TuberAEZ09,2005,NOx_AWB,4.66027244178001e-05
EU-15,Root_Tuber,Root_TuberAEZ10,Root_TuberAEZ10,2005,NOx_AWB,0.000404282497748836
EU-15,Root_Tuber,Root_TuberAEZ11,Root_TuberAEZ11,2005,NOx_AWB,0.000576891586373116
EU-15,Root_Tuber,Root_TuberAEZ12,Root_TuberAEZ12,2005,NOx_AWB,4.48297169844195e-05
EU-15,Root_Tuber,Root_TuberAEZ13,Root_TuberAEZ13,2005,NOx_AWB,8.31034085910319e-09
EU-15,Root_Tuber,Root_TuberAEZ14,Root_TuberAEZ14,2005,NOx_AWB,1.62721020712289e-07
EU-15,Root_Tuber,Root_TuberAEZ15,Root_TuberAEZ15,2005,NOx_AWB,1.40413186275459e-05
EU-15,Root_Tuber,Root_TuberAEZ16,Root_TuberAEZ16,2005,NOx_AWB,8.15683951745954e-06
EU-15,SugarCrop,SugarCropAEZ04,SugarCropAEZ04,2005,NOx_AWB,1.38047733367019e-07
EU-15,SugarCrop,SugarCropAEZ08,SugarCropAEZ08,2005,NOx_AWB,2.68202161422971e-06
EU-15,SugarCrop,SugarCropAEZ09,SugarCropAEZ09,2005,NOx_AWB,0.000148305188181947
EU-15,SugarCrop,SugarCropAEZ10,SugarCropAEZ10,2005,NOx_AWB,0.000979705188503102
EU-15,SugarCrop,SugarCropAEZ11,SugarCropAEZ11,2005,NOx_AWB,0.00132074230186798
EU-15,SugarCrop,SugarCropAEZ12,SugarCropAEZ12,2005,NOx_AWB,6.31232683666685e-05
EU-15,SugarCrop,SugarCropAEZ13,SugarCropAEZ13,2005,NOx_AWB,2.86940858504638e-08
EU-15,SugarCrop,SugarCropAEZ14,SugarCropAEZ14,2005,NOx_AWB,1.08969438570422e-06
EU-15,SugarCrop,SugarCropAEZ15,SugarCropAEZ15,2005,NOx_AWB,2.44169891842331e-05
EU-15,SugarCrop,SugarCropAEZ16,SugarCropAEZ16,2005,NOx_AWB,2.41448573920699e-06
EU-15,Wheat,WheatAEZ04,WheatAEZ04,2005,NOx_AWB,1.21616863861225e-07
EU-15,Wheat,WheatAEZ08,WheatAEZ08,2005,NOx_AWB,1.48816882262159e-06
EU-15,Wheat,WheatAEZ09,WheatAEZ09,2005,NOx_AWB,0.000116600617290087
EU-15,Wheat,WheatAEZ10,WheatAEZ10,2005,NOx_AWB,0.00111521906036505
EU-15,Wheat,WheatAEZ11,WheatAEZ11,2005,NOx_AWB,0.00108998715361894
EU-15,Wheat,WheatAEZ12,WheatAEZ12,2005,NOx_AWB,0.00016169920932226
EU-15,Wheat,WheatAEZ13,WheatAEZ13,2005,NOx_AWB,1.19397963651766e-08
EU-15,Wheat,WheatAEZ14,WheatAEZ14,2005,NOx_AWB,3.27419858288418e-07
EU-15,Wheat,WheatAEZ15,WheatAEZ15,2005,NOx_AWB,1.20259636566439e-05
EU-15,Wheat,WheatAEZ16,WheatAEZ16,2005,NOx_AWB,8.74159511446641e-06
EU-15,Corn,CornAEZ04,CornAEZ04,2005,SO2_AWB,5.41382162753269e-09
EU-15,Corn,CornAEZ08,CornAEZ08,2005,SO2_AWB,9.38579892365106e-08
EU-15,Corn,CornAEZ09,CornAEZ09,2005,SO2_AWB,1.15444479700381e-05
EU-15,Corn,CornAEZ10,CornAEZ10,2005,SO2_AWB,4.01117741586074e-05
EU-15,Corn,CornAEZ11,CornAEZ11,2005,SO2_AWB,7.04594411136988e-05
EU-15,Corn,CornAEZ12,CornAEZ12,2005,SO2_AWB,1.55664939090316e-05
EU-15,Corn,CornAEZ13,CornAEZ13,2005,SO2_AWB,2.72532517304367e-10
EU-15,Corn,CornAEZ14,CornAEZ14,2005,SO2_AWB,2.38156591405462e-07
EU-15,Corn,CornAEZ15,CornAEZ15,2005,SO2_AWB,1.88921014144129e-06
EU-15,Corn,CornAEZ16,CornAEZ16,2005,SO2_AWB,4.23224585014403e-07
EU-15,FiberCrop,FiberCropAEZ04,FiberCropAEZ04,2005,SO2_AWB,4.27889795140647e-09
EU-15,FiberCrop,FiberCropAEZ08,FiberCropAEZ08,2005,SO2_AWB,6.37121219186377e-08
EU-15,FiberCrop,FiberCropAEZ09,FiberCropAEZ09,2005,SO2_AWB,1.48579717029054e-06
EU-15,FiberCrop,FiberCropAEZ10,FiberCropAEZ10,2005,SO2_AWB,3.81592119306429e-06
EU-15,FiberCrop,FiberCropAEZ11,FiberCropAEZ11,2005,SO2_AWB,2.81952631885491e-07
EU-15,FiberCrop,FiberCropAEZ12,FiberCropAEZ12,2005,SO2_AWB,5.44055188743286e-08
EU-15,FiberCrop,FiberCropAEZ13,FiberCropAEZ13,2005,SO2_AWB,0
EU-15,FiberCrop,FiberCropAEZ14,FiberCropAEZ14,2005,SO2_AWB,0
EU-15,FiberCrop,FiberCropAEZ15,FiberCropAEZ15,2005,SO2_AWB,0
EU-15,FiberCrop,FiberCropAEZ16,FiberCropAEZ16,2005,SO2_AWB,7.65521586618814e-10
EU-15,FodderGrass,FodderGrassAEZ04,FodderGrassAEZ04,2005,SO2_AWB,2.70033819052275e-08
EU-15,FodderGrass,FodderGrassAEZ08,FodderGrassAEZ08,2005,SO2_AWB,6.74702534625195e-07
EU-15,FodderGrass,FodderGrassAEZ09,FodderGrassAEZ09,2005,SO2_AWB,3.18916515082396e-05
EU-15,FodderGrass,FodderGrassAEZ10,FodderGrassAEZ10,2005,SO2_AWB,0.000245015522252349
EU-15,FodderGrass,FodderGrassAEZ11,FodderGrassAEZ11,2005,SO2_AWB,0.000312005224143781
EU-15,FodderGrass,FodderGrassAEZ12,FodderGrassAEZ12,2005,SO2_AWB,8.38271667901958e-05
EU-15,FodderGrass,FodderGrassAEZ13,FodderGrassAEZ13,2005,SO2_AWB,1.91682172007466e-08
EU-15,FodderGrass,FodderGrassAEZ14,FodderGrassAEZ14,2005,SO2_AWB,4.20227299680954e-07
EU-15,FodderGrass,FodderGrassAEZ15,FodderGrassAEZ15,2005,SO2_AWB,2.17339568769396e-05
EU-15,FodderGrass,FodderGrassAEZ16,FodderGrassAEZ16,2005,SO2_AWB,8.1972038871144e-06
EU-15,FodderHerb,FodderHerbAEZ04,FodderHerbAEZ04,2005,SO2_AWB,3.51770952558863e-08
EU-15,FodderHerb,FodderHerbAEZ08,FodderHerbAEZ08,2005,SO2_AWB,1.20034841128676e-06
EU-15,FodderHerb,FodderHerbAEZ09,FodderHerbAEZ09,2005,SO2_AWB,4.9373521725864e-05
EU-15,FodderHerb,FodderHerbAEZ10,FodderHerbAEZ10,2005,SO2_AWB,0.000551470249218608
EU-15,FodderHerb,FodderHerbAEZ11,FodderHerbAEZ11,2005,SO2_AWB,0.000407298223236156
EU-15,FodderHerb,FodderHerbAEZ12,FodderHerbAEZ12,2005,SO2_AWB,5.34707674301254e-05
EU-15,FodderHerb,FodderHerbAEZ13,FodderHerbAEZ13,2005,SO2_AWB,5.75540974723215e-09
EU-15,FodderHerb,FodderHerbAEZ14,FodderHerbAEZ14,2005,SO2_AWB,1.19308370226979e-06
EU-15,FodderHerb,FodderHerbAEZ15,FodderHerbAEZ15,2005,SO2_AWB,9.05588054059093e-06
EU-15,FodderHerb,FodderHerbAEZ16,FodderHerbAEZ16,2005,SO2_AWB,2.00975743090991e-06
EU-15,MiscCrop,MiscCropAEZ04,MiscCropAEZ04,2005,SO2_AWB,1.82402229719988e-08
EU-15,MiscCrop,MiscCropAEZ08,MiscCropAEZ08,2005,SO2_AWB,1.48626333540714e-06
EU-15,MiscCrop,MiscCropAEZ09,MiscCropAEZ09,2005,SO2_AWB,6.82154175755083e-05
EU-15,MiscCrop,MiscCropAEZ10,MiscCropAEZ10,2005,SO2_AWB,0.000142060914575527
EU-15,MiscCrop,MiscCropAEZ11,MiscCropAEZ11,2005,SO2_AWB,0.000191291555667671
EU-15,MiscCrop,MiscCropAEZ12,MiscCropAEZ12,2005,SO2_AWB,1.68926147836548e-05
EU-15,MiscCrop,MiscCropAEZ13,MiscCropAEZ13,2005,SO2_AWB,1.20856711228722e-09
EU-15,MiscCrop,MiscCropAEZ14,MiscCropAEZ14,2005,SO2_AWB,7.64433932560905e-07
EU-15,MiscCrop,MiscCropAEZ15,MiscCropAEZ15,2005,SO2_AWB,3.8549888613201e-06
EU-15,MiscCrop,MiscCropAEZ16,MiscCropAEZ16,2005,SO2_AWB,8.76932234265152e-07
EU-15,OilCrop,OilCropAEZ04,OilCropAEZ04,2005,SO2_AWB,9.42292885179945e-08
EU-15,OilCrop,OilCropAEZ08,OilCropAEZ08,2005,SO2_AWB,1.13502316640219e-06
EU-15,OilCrop,OilCropAEZ09,OilCropAEZ09,2005,SO2_AWB,1.25346466861701e-05
EU-15,OilCrop,OilCropAEZ10,OilCropAEZ10,2005,SO2_AWB,5.23572886951098e-05
EU-15,OilCrop,OilCropAEZ11,OilCropAEZ11,2005,SO2_AWB,3.20430602867438e-05
EU-15,OilCrop,OilCropAEZ12,OilCropAEZ12,2005,SO2_AWB,3.09734776847834e-06
EU-15,OilCrop,OilCropAEZ13,OilCropAEZ13,2005,SO2_AWB,1.0601954547053e-10
EU-15,OilCrop,OilCropAEZ14,OilCropAEZ14,2005,SO2_AWB,2.69157121063307e-08
EU-15,OilCrop,OilCropAEZ15,OilCropAEZ15,2005,SO2_AWB,4.85816897194457e-07
EU-15,OilCrop,OilCropAEZ16,OilCropAEZ16,2005,SO2_AWB,3.10601928380162e-07
EU-15,OtherGrain,OtherGrainAEZ04,OtherGrainAEZ04,2005,SO2_AWB,5.13905435304051e-09
EU-15,OtherGrain,OtherGrainAEZ08,OtherGrainAEZ08,2005,SO2_AWB,1.23880687552457e-07
EU-15,OtherGrain,OtherGrainAEZ09,OtherGrainAEZ09,2005,SO2_AWB,2.74712145905601e-05
EU-15,OtherGrain,OtherGrainAEZ10,OtherGrainAEZ10,2005,SO2_AWB,0.00012623839121911
EU-15,OtherGrain,OtherGrainAEZ11,OtherGrainAEZ11,2005,SO2_AWB,6.00754352898183e-05
EU-15,OtherGrain,OtherGrainAEZ12,OtherGrainAEZ12,2005,SO2_AWB,1.22188209078414e-05
EU-15,OtherGrain,OtherGrainAEZ13,OtherGrainAEZ13,2005,SO2_AWB,8.94983895622811e-10
EU-15,OtherGrain,OtherGrainAEZ14,OtherGrainAEZ14,2005,SO2_AWB,3.86121623540127e-08
EU-15,OtherGrain,OtherGrainAEZ15,OtherGrainAEZ15,2005,SO2_AWB,8.16067625169249e-06
EU-15,OtherGrain,OtherGrainAEZ16,OtherGrainAEZ16,2005,SO2_AWB,2.16142162316303e-06
EU-15,PalmFruit,PalmFruitAEZ04,PalmFruitAEZ04,2005,SO2_AWB,0
EU-15,PalmFruit,PalmFruitAEZ08,PalmFruitAEZ08,2005,SO2_AWB,0
EU-15,PalmFruit,PalmFruitAEZ09,PalmFruitAEZ09,2005,SO2_AWB,0
EU-15,PalmFruit,PalmFruitAEZ10,PalmFruitAEZ10,2005,SO2_AWB,0
EU-15,PalmFruit,PalmFruitAEZ11,PalmFruitAEZ11,2005,SO2_AWB,0
EU-15,PalmFruit,PalmFruitAEZ12,PalmFruitAEZ12,2005,SO2_AWB,0
EU-15,PalmFruit,PalmFruitAEZ13,PalmFruitAEZ13,2005,SO2_AWB,0
EU-15,PalmFruit,PalmFruitAEZ14,PalmFruitAEZ14,2005,SO2_AWB,0
EU-15,PalmFruit,PalmFruitAEZ15,PalmFruitAEZ15,2005,SO2_AWB,0
EU-15,PalmFruit,PalmFruitAEZ16,PalmFruitAEZ16,2005,SO2_AWB,0
EU-15,Rice,RiceAEZ04,RiceAEZ04,2005,SO2_AWB,3.28671771048365e-09
EU-15,Rice,RiceAEZ08,RiceAEZ08,2005,SO2_AWB,7.92989968190818e-08
EU-15,Rice,RiceAEZ09,RiceAEZ09,2005,SO2_AWB,1.87701158030915e-06
EU-15,Rice,RiceAEZ10,RiceAEZ10,2005,SO2_AWB,2.64222527160587e-06
EU-15,Rice,RiceAEZ11,RiceAEZ11,2005,SO2_AWB,5.27531871785191e-06
EU-15,Rice,RiceAEZ12,RiceAEZ12,2005,SO2_AWB,7.41267605120328e-09
EU-15,Rice,RiceAEZ13,RiceAEZ13,2005,SO2_AWB,0
EU-15,Rice,RiceAEZ14,RiceAEZ14,2005,SO2_AWB,1.94652066880725e-08
EU-15,Rice,RiceAEZ15,RiceAEZ15,2005,SO2_AWB,3.99877826283366e-08
EU-15,Rice,RiceAEZ16,RiceAEZ16,2005,SO2_AWB,1.72580408015047e-08
EU-15,Root_Tuber,Root_TuberAEZ04,Root_TuberAEZ04,2005,SO2_AWB,3.22422125624418e-09
EU-15,Root_Tuber,Root_TuberAEZ08,Root_TuberAEZ08,2005,SO2_AWB,1.5431751318894e-07
EU-15,Root_Tuber,Root_TuberAEZ09,Root_TuberAEZ09,2005,SO2_AWB,6.9009032415868e-06
EU-15,Root_Tuber,Root_TuberAEZ10,Root_TuberAEZ10,2005,SO2_AWB,5.98659077143167e-05
EU-15,Root_Tuber,Root_TuberAEZ11,Root_TuberAEZ11,2005,SO2_AWB,8.54257571457733e-05
EU-15,Root_Tuber,Root_TuberAEZ12,Root_TuberAEZ12,2005,SO2_AWB,6.63835737335212e-06
EU-15,Root_Tuber,Root_TuberAEZ13,Root_TuberAEZ13,2005,SO2_AWB,1.23059024745283e-09
EU-15,Root_Tuber,Root_TuberAEZ14,Root_TuberAEZ14,2005,SO2_AWB,2.40956303163865e-08
EU-15,Root_Tuber,Root_TuberAEZ15,Root_TuberAEZ15,2005,SO2_AWB,2.07922996870917e-06
EU-15,Root_Tuber,Root_TuberAEZ16,Root_TuberAEZ16,2005,SO2_AWB,1.2078598616359e-06
EU-15,SugarCrop,SugarCropAEZ04,SugarCropAEZ04,2005,SO2_AWB,2.04420248512833e-08
EU-15,SugarCrop,SugarCropAEZ08,SugarCropAEZ08,2005,SO2_AWB,3.97152138268001e-07
EU-15,SugarCrop,SugarCropAEZ09,SugarCropAEZ09,2005,SO2_AWB,2.19609425554964e-05
EU-15,SugarCrop,SugarCropAEZ10,SugarCropAEZ10,2005,SO2_AWB,0.000145074151685392
EU-15,SugarCrop,SugarCropAEZ11,SugarCropAEZ11,2005,SO2_AWB,0.000195574721137555
EU-15,SugarCrop,SugarCropAEZ12,SugarCropAEZ12,2005,SO2_AWB,9.34725539618268e-06
EU-15,SugarCrop,SugarCropAEZ13,SugarCropAEZ13,2005,SO2_AWB,4.24900287555298e-09
EU-15,SugarCrop,SugarCropAEZ14,SugarCropAEZ14,2005,SO2_AWB,1.61361285473966e-07
EU-15,SugarCrop,SugarCropAEZ15,SugarCropAEZ15,2005,SO2_AWB,3.61565298845286e-06
EU-15,SugarCrop,SugarCropAEZ16,SugarCropAEZ16,2005,SO2_AWB,3.57535587728311e-07
EU-15,Wheat,WheatAEZ04,WheatAEZ04,2005,SO2_AWB,1.80089516339733e-08
EU-15,Wheat,WheatAEZ08,WheatAEZ08,2005,SO2_AWB,2.20367139053682e-07
EU-15,Wheat,WheatAEZ09,WheatAEZ09,2005,SO2_AWB,1.72661488760696e-05
EU-15,Wheat,WheatAEZ10,WheatAEZ10,2005,SO2_AWB,0.000165140963857748
EU-15,Wheat,WheatAEZ11,WheatAEZ11,2005,SO2_AWB,0.000161404638369681
EU-15,Wheat,WheatAEZ12,WheatAEZ12,2005,SO2_AWB,2.39443211038494e-05
EU-15,Wheat,WheatAEZ13,WheatAEZ13,2005,SO2_AWB,1.76803782331795e-09
EU-15,Wheat,WheatAEZ14,WheatAEZ14,2005,SO2_AWB,4.848413455758e-08
EU-15,Wheat,WheatAEZ15,WheatAEZ15,2005,SO2_AWB,1.78079742371544e-06
EU-15,Wheat,WheatAEZ16,WheatAEZ16,2005,SO2_AWB,1.29445011671934e-06
Europe_Eastern,Corn,CornAEZ08,CornAEZ08,2005,CH4_AWB,0.000159966525762699
Europe_Eastern,Corn,CornAEZ09,CornAEZ09,2005,CH4_AWB,0.000344450478858392
Europe_Eastern,Corn,CornAEZ10,CornAEZ10,2005,CH4_AWB,0.000362360981366344
Europe_Eastern,Corn,CornAEZ16,CornAEZ16,2005,CH4_AWB,3.0823015330841e-07
Europe_Eastern,FiberCrop,FiberCropAEZ08,FiberCropAEZ08,2005,CH4_AWB,0
Europe_Eastern,FiberCrop,FiberCropAEZ09,FiberCropAEZ09,2005,CH4_AWB,0
Europe_Eastern,FiberCrop,FiberCropAEZ10,FiberCropAEZ10,2005,CH4_AWB,5.31089131281829e-06
Europe_Eastern,FiberCrop,FiberCropAEZ16,FiberCropAEZ16,2005,CH4_AWB,0
Europe_Eastern,FodderGrass,FodderGrassAEZ08,FodderGrassAEZ08,2005,CH4_AWB,8.42357963400222e-05
Europe_Eastern,FodderGrass,FodderGrassAEZ09,FodderGrassAEZ09,2005,CH4_AWB,8.18214899023431e-05
Europe_Eastern,FodderGrass,FodderGrassAEZ10,FodderGrassAEZ10,2005,CH4_AWB,0.000148117758345604
Europe_Eastern,FodderGrass,FodderGrassAEZ16,FodderGrassAEZ16,2005,CH4_AWB,8.82996777086418e-08
Europe_Eastern,FodderHerb,FodderHerbAEZ08,FodderHerbAEZ08,2005,CH4_AWB,0.00076150306923983
Europe_Eastern,FodderHerb,FodderHerbAEZ09,FodderHerbAEZ09,2005,CH4_AWB,0.000813780333163531
Europe_Eastern,FodderHerb,FodderHerbAEZ10,FodderHerbAEZ10,2005,CH4_AWB,0.00178718875456941
Europe_Eastern,FodderHerb,FodderHerbAEZ16,FodderHerbAEZ16,2005,CH4_AWB,5.43836398851167e-07
Europe_Eastern,MiscCrop,MiscCropAEZ08,MiscCropAEZ08,2005,CH4_AWB,0.000412608644429855
Europe_Eastern,MiscCrop,MiscCropAEZ09,MiscCropAEZ09,2005,CH4_AWB,0.000368151102997872
Europe_Eastern,MiscCrop,MiscCropAEZ10,MiscCropAEZ10,2005,CH4_AWB,0.000581121395298834
Europe_Eastern,MiscCrop,MiscCropAEZ16,MiscCropAEZ16,2005,CH4_AWB,1.52739343155037e-08
Europe_Eastern,OilCrop,OilCropAEZ08,OilCropAEZ08,2005,CH4_AWB,0.000230542427077073
Europe_Eastern,OilCrop,OilCropAEZ09,OilCropAEZ09,2005,CH4_AWB,0.000244275646858438
Europe_Eastern,OilCrop,OilCropAEZ10,OilCropAEZ10,2005,CH4_AWB,0.000109015527987204
Europe_Eastern,OilCrop,OilCropAEZ16,OilCropAEZ16,2005,CH4_AWB,0
Europe_Eastern,OtherGrain,OtherGrainAEZ08,OtherGrainAEZ08,2005,CH4_AWB,0.000222012747285548
Europe_Eastern,OtherGrain,OtherGrainAEZ09,OtherGrainAEZ09,2005,CH4_AWB,0.000346006677847206
Europe_Eastern,OtherGrain,OtherGrainAEZ10,OtherGrainAEZ10,2005,CH4_AWB,0.0010110716888684
Europe_Eastern,OtherGrain,OtherGrainAEZ16,OtherGrainAEZ16,2005,CH4_AWB,2.19009192643579e-07
Europe_Eastern,PalmFruit,PalmFruitAEZ08,PalmFruitAEZ08,2005,CH4_AWB,0
Europe_Eastern,PalmFruit,PalmFruitAEZ09,PalmFruitAEZ09,2005,CH4_AWB,0
Europe_Eastern,PalmFruit,PalmFruitAEZ10,PalmFruitAEZ10,2005,CH4_AWB,0
Europe_Eastern,PalmFruit,PalmFruitAEZ16,PalmFruitAEZ16,2005,CH4_AWB,0
Europe_Eastern,Rice,RiceAEZ08,RiceAEZ08,2005,CH4_AWB,9.1375963943407e-06
Europe_Eastern,Rice,RiceAEZ09,RiceAEZ09,2005,CH4_AWB,0
Europe_Eastern,Rice,RiceAEZ10,RiceAEZ10,2005,CH4_AWB,0
Europe_Eastern,Rice,RiceAEZ16,RiceAEZ16,2005,CH4_AWB,0
Europe_Eastern,Root_Tuber,Root_TuberAEZ08,Root_TuberAEZ08,2005,CH4_AWB,0.000116911883223995
Europe_Eastern,Root_Tuber,Root_TuberAEZ09,Root_TuberAEZ09,2005,CH4_AWB,0.000286569259022444
Europe_Eastern,Root_Tuber,Root_TuberAEZ10,Root_TuberAEZ10,2005,CH4_AWB,0.00239914847924629
Europe_Eastern,Root_Tuber,Root_TuberAEZ16,Root_TuberAEZ16,2005,CH4_AWB,6.49824359816902e-07
Europe_Eastern,SugarCrop,SugarCropAEZ08,SugarCropAEZ08,2005,CH4_AWB,0.000107804854518365
Europe_Eastern,SugarCrop,SugarCropAEZ09,SugarCropAEZ09,2005,CH4_AWB,0.000561226483920234
Europe_Eastern,SugarCrop,SugarCropAEZ10,SugarCropAEZ10,2005,CH4_AWB,0.00139220161955843
Europe_Eastern,SugarCrop,SugarCropAEZ16,SugarCropAEZ16,2005,CH4_AWB,2.9253840110918e-07
Europe_Eastern,Wheat,WheatAEZ08,WheatAEZ08,2005,CH4_AWB,0.000349663415288792
Europe_Eastern,Wheat,WheatAEZ09,WheatAEZ09,2005,CH4_AWB,0.000300115925758365
Europe_Eastern,Wheat,WheatAEZ10,WheatAEZ10,2005,CH4_AWB,0.000850570725179514
Europe_Eastern,Wheat,WheatAEZ16,WheatAEZ16,2005,CH4_AWB,9.90808260050471e-07
Europe_Eastern,Corn,CornAEZ08,CornAEZ08,2005,CO_AWB,0.0067739458210516
Europe_Eastern,Corn,CornAEZ09,CornAEZ09,2005,CO_AWB,0.0145861071289585
Europe_Eastern,Corn,CornAEZ10,CornAEZ10,2005,CO_AWB,0.0153445456400045
Europe_Eastern,Corn,CornAEZ16,CornAEZ16,2005,CO_AWB,1.30523204712399e-05
Europe_Eastern,FiberCrop,FiberCropAEZ08,FiberCropAEZ08,2005,CO_AWB,0
Europe_Eastern,FiberCrop,FiberCropAEZ09,FiberCropAEZ09,2005,CO_AWB,0
Europe_Eastern,FiberCrop,FiberCropAEZ10,FiberCropAEZ10,2005,CO_AWB,0.000224895113793323
Europe_Eastern,FiberCrop,FiberCropAEZ16,FiberCropAEZ16,2005,CO_AWB,0
Europe_Eastern,FodderGrass,FodderGrassAEZ08,FodderGrassAEZ08,2005,CO_AWB,0.00356705078065464
Europe_Eastern,FodderGrass,FodderGrassAEZ09,FodderGrassAEZ09,2005,CO_AWB,0.00346481451012067
Europe_Eastern,FodderGrass,FodderGrassAEZ10,FodderGrassAEZ10,2005,CO_AWB,0.00627219767001211
Europe_Eastern,FodderGrass,FodderGrassAEZ16,FodderGrassAEZ16,2005,CO_AWB,3.73913998546145e-06
Europe_Eastern,FodderHerb,FodderHerbAEZ08,FodderHerbAEZ08,2005,CO_AWB,0.0322466247797822
Europe_Eastern,FodderHerb,FodderHerbAEZ09,FodderHerbAEZ09,2005,CO_AWB,0.0344603588832363
Europe_Eastern,FodderHerb,FodderHerbAEZ10,FodderHerbAEZ10,2005,CO_AWB,0.0756803321052611
Europe_Eastern,FodderHerb,FodderHerbAEZ16,FodderHerbAEZ16,2005,CO_AWB,2.30293074364726e-05
Europe_Eastern,MiscCrop,MiscCropAEZ08,MiscCropAEZ08,2005,CO_AWB,0.0174723342232961
Europe_Eastern,MiscCrop,MiscCropAEZ09,MiscCropAEZ09,2005,CO_AWB,0.0155897342508234
Europe_Eastern,MiscCrop,MiscCropAEZ10,MiscCropAEZ10,2005,CO_AWB,0.0246081786701285
Europe_Eastern,MiscCrop,MiscCropAEZ16,MiscCropAEZ16,2005,CO_AWB,6.46790339630222e-07
Europe_Eastern,OilCrop,OilCropAEZ08,OilCropAEZ08,2005,CO_AWB,0.00976255440335369
Europe_Eastern,OilCrop,OilCropAEZ09,OilCropAEZ09,2005,CO_AWB,0.0103441016133342
Europe_Eastern,OilCrop,OilCropAEZ10,OilCropAEZ10,2005,CO_AWB,0.00461637381144431
Europe_Eastern,OilCrop,OilCropAEZ16,OilCropAEZ16,2005,CO_AWB,0
Europe_Eastern,OtherGrain,OtherGrainAEZ08,OtherGrainAEZ08,2005,CO_AWB,0.00940135640581501
Europe_Eastern,OtherGrain,OtherGrainAEZ09,OtherGrainAEZ09,2005,CO_AWB,0.0146520059636474
Europe_Eastern,OtherGrain,OtherGrainAEZ10,OtherGrainAEZ10,2005,CO_AWB,0.0428148627279291
Europe_Eastern,OtherGrain,OtherGrainAEZ16,OtherGrainAEZ16,2005,CO_AWB,9.27416781858866e-06
Europe_Eastern,PalmFruit,PalmFruitAEZ08,PalmFruitAEZ08,2005,CO_AWB,0
Europe_Eastern,PalmFruit,PalmFruitAEZ09,PalmFruitAEZ09,2005,CO_AWB,0
Europe_Eastern,PalmFruit,PalmFruitAEZ10,PalmFruitAEZ10,2005,CO_AWB,0
Europe_Eastern,PalmFruit,PalmFruitAEZ16,PalmFruitAEZ16,2005,CO_AWB,0
Europe_Eastern,Rice,RiceAEZ08,RiceAEZ08,2005,CO_AWB,0.000386940846622635
Europe_Eastern,Rice,RiceAEZ09,RiceAEZ09,2005,CO_AWB,0
Europe_Eastern,Rice,RiceAEZ10,RiceAEZ10,2005,CO_AWB,0
Europe_Eastern,Rice,RiceAEZ16,RiceAEZ16,2005,CO_AWB,0
Europe_Eastern,Root_Tuber,Root_TuberAEZ08,Root_TuberAEZ08,2005,CO_AWB,0.00495075303423963
Europe_Eastern,Root_Tuber,Root_TuberAEZ09,Root_TuberAEZ09,2005,CO_AWB,0.0121350677920992
Europe_Eastern,Root_Tuber,Root_TuberAEZ10,Root_TuberAEZ10,2005,CO_AWB,0.101594391311474
Europe_Eastern,Root_Tuber,Root_TuberAEZ16,Root_TuberAEZ16,2005,CO_AWB,2.75174758319697e-05
Europe_Eastern,SugarCrop,SugarCropAEZ08,SugarCropAEZ08,2005,CO_AWB,0.00456510660759777
Europe_Eastern,SugarCrop,SugarCropAEZ09,SugarCropAEZ09,2005,CO_AWB,0.0237657083398471
Europe_Eastern,SugarCrop,SugarCropAEZ10,SugarCropAEZ10,2005,CO_AWB,0.0589541986856611
Europe_Eastern,SugarCrop,SugarCropAEZ16,SugarCropAEZ16,2005,CO_AWB,1.2387837206831e-05
Europe_Eastern,Wheat,WheatAEZ08,WheatAEZ08,2005,CO_AWB,0.0148068542432673
Europe_Eastern,Wheat,WheatAEZ09,WheatAEZ09,2005,CO_AWB,0.0127087152229442
Europe_Eastern,Wheat,WheatAEZ10,WheatAEZ10,2005,CO_AWB,0.0360182855873595
Europe_Eastern,Wheat,WheatAEZ16,WheatAEZ16,2005,CO_AWB,4.1956787150511e-05
Europe_Eastern,Corn,CornAEZ08,CornAEZ08,2005,N2O_AWB,4.13920304378361e-06
Europe_Eastern,Corn,CornAEZ09,CornAEZ09,2005,N2O_AWB,8.91280512423204e-06
Europe_Eastern,Corn,CornAEZ10,CornAEZ10,2005,N2O_AWB,9.37624712338241e-06
Europe_Eastern,Corn,CornAEZ16,CornAEZ16,2005,N2O_AWB,7.97558853439547e-09
Europe_Eastern,FiberCrop,FiberCropAEZ08,FiberCropAEZ08,2005,N2O_AWB,0
Europe_Eastern,FiberCrop,FiberCropAEZ09,FiberCropAEZ09,2005,N2O_AWB,0
Europe_Eastern,FiberCrop,FiberCropAEZ10,FiberCropAEZ10,2005,N2O_AWB,1.37421609817492e-07
Europe_Eastern,FiberCrop,FiberCropAEZ16,FiberCropAEZ16,2005,N2O_AWB,0
Europe_Eastern,FodderGrass,FodderGrassAEZ08,FodderGrassAEZ08,2005,N2O_AWB,2.17963766446604e-06
Europe_Eastern,FodderGrass,FodderGrassAEZ09,FodderGrassAEZ09,2005,N2O_AWB,2.1171664411409e-06
Europe_Eastern,FodderGrass,FodderGrassAEZ10,FodderGrassAEZ10,2005,N2O_AWB,3.83261106196687e-06
Europe_Eastern,FodderGrass,FodderGrassAEZ16,FodderGrassAEZ16,2005,N2O_AWB,2.28479235261323e-09
Europe_Eastern,FodderHerb,FodderHerbAEZ08,FodderHerbAEZ08,2005,N2O_AWB,1.97042212864202e-05
Europe_Eastern,FodderHerb,FodderHerbAEZ09,FodderHerbAEZ09,2005,N2O_AWB,2.10569181017193e-05
Europe_Eastern,FodderHerb,FodderHerbAEZ10,FodderHerbAEZ10,2005,N2O_AWB,4.62442820300002e-05
Europe_Eastern,FodderHerb,FodderHerbAEZ16,FodderHerbAEZ16,2005,N2O_AWB,1.40720020436299e-08
Europe_Eastern,MiscCrop,MiscCropAEZ08,MiscCropAEZ08,2005,N2O_AWB,1.0676427138569e-05
Europe_Eastern,MiscCrop,MiscCropAEZ09,MiscCropAEZ09,2005,N2O_AWB,9.52606902497608e-06
Europe_Eastern,MiscCrop,MiscCropAEZ10,MiscCropAEZ10,2005,N2O_AWB,1.50367674534418e-05
Europe_Eastern,MiscCrop,MiscCropAEZ16,MiscCropAEZ16,2005,N2O_AWB,3.95219656786632e-10
Europe_Eastern,OilCrop,OilCropAEZ08,OilCropAEZ08,2005,N2O_AWB,5.96538501620191e-06
Europe_Eastern,OilCrop,OilCropAEZ09,OilCropAEZ09,2005,N2O_AWB,6.3207380180187e-06
Europe_Eastern,OilCrop,OilCropAEZ10,OilCropAEZ10,2005,N2O_AWB,2.82082393871389e-06
Europe_Eastern,OilCrop,OilCropAEZ16,OilCropAEZ16,2005,N2O_AWB,0
Europe_Eastern,OtherGrain,OtherGrainAEZ08,OtherGrainAEZ08,2005,N2O_AWB,5.74467586228834e-06
Europe_Eastern,OtherGrain,OtherGrainAEZ09,OtherGrainAEZ09,2005,N2O_AWB,8.95307244616404e-06
Europe_Eastern,OtherGrain,OtherGrainAEZ10,OtherGrainAEZ10,2005,N2O_AWB,2.61619172642142e-05
Europe_Eastern,OtherGrain,OtherGrainAEZ16,OtherGrainAEZ16,2005,N2O_AWB,5.66695758681206e-09
Europe_Eastern,PalmFruit,PalmFruitAEZ08,PalmFruitAEZ08,2005,N2O_AWB,0
Europe_Eastern,PalmFruit,PalmFruitAEZ09,PalmFruitAEZ09,2005,N2O_AWB,0
Europe_Eastern,PalmFruit,PalmFruitAEZ10,PalmFruitAEZ10,2005,N2O_AWB,0
Europe_Eastern,PalmFruit,PalmFruitAEZ16,PalmFruitAEZ16,2005,N2O_AWB,0
Europe_Eastern,Rice,RiceAEZ08,RiceAEZ08,2005,N2O_AWB,2.36439258951141e-07
Europe_Eastern,Rice,RiceAEZ09,RiceAEZ09,2005,N2O_AWB,0
Europe_Eastern,Rice,RiceAEZ10,RiceAEZ10,2005,N2O_AWB,0
Europe_Eastern,Rice,RiceAEZ16,RiceAEZ16,2005,N2O_AWB,0
Europe_Eastern,Root_Tuber,Root_TuberAEZ08,Root_TuberAEZ08,2005,N2O_AWB,3.02514554584442e-06
Europe_Eastern,Root_Tuber,Root_TuberAEZ09,Root_TuberAEZ09,2005,N2O_AWB,7.41510352584719e-06
Europe_Eastern,Root_Tuber,Root_TuberAEZ10,Root_TuberAEZ10,2005,N2O_AWB,6.20790045944766e-05
Europe_Eastern,Root_Tuber,Root_TuberAEZ16,Root_TuberAEZ16,2005,N2O_AWB,1.68144863761619e-08
Europe_Eastern,SugarCrop,SugarCropAEZ08,SugarCropAEZ08,2005,N2O_AWB,2.78949723905999e-06
Europe_Eastern,SugarCrop,SugarCropAEZ09,SugarCropAEZ09,2005,N2O_AWB,1.45219780164551e-05
Europe_Eastern,SugarCrop,SugarCropAEZ10,SugarCropAEZ10,2005,N2O_AWB,3.60238190694046e-05
Europe_Eastern,SugarCrop,SugarCropAEZ16,SugarCropAEZ16,2005,N2O_AWB,7.56955765915034e-09
Europe_Eastern,Wheat,WheatAEZ08,WheatAEZ08,2005,N2O_AWB,9.04769210909892e-06
Europe_Eastern,Wheat,WheatAEZ09,WheatAEZ09,2005,N2O_AWB,7.76562938692406e-06
Europe_Eastern,Wheat,WheatAEZ10,WheatAEZ10,2005,N2O_AWB,2.20088854079322e-05
Europe_Eastern,Wheat,WheatAEZ16,WheatAEZ16,2005,N2O_AWB,2.56375922790914e-08
Europe_Eastern,Corn,CornAEZ08,CornAEZ08,2005,NH3_AWB,7.68392841051139e-05
Europe_Eastern,Corn,CornAEZ09,CornAEZ09,2005,NH3_AWB,0.000165455416868934
Europe_Eastern,Corn,CornAEZ10,CornAEZ10,2005,NH3_AWB,0.000174058655478463
Europe_Eastern,Corn,CornAEZ16,CornAEZ16,2005,NH3_AWB,1.48057127620323e-07
Europe_Eastern,FiberCrop,FiberCropAEZ08,FiberCropAEZ08,2005,NH3_AWB,0
Europe_Eastern,FiberCrop,FiberCropAEZ09,FiberCropAEZ09,2005,NH3_AWB,0
Europe_Eastern,FiberCrop,FiberCropAEZ10,FiberCropAEZ10,2005,NH3_AWB,2.55106550880774e-06
Europe_Eastern,FiberCrop,FiberCropAEZ16,FiberCropAEZ16,2005,NH3_AWB,0
Europe_Eastern,FodderGrass,FodderGrassAEZ08,FodderGrassAEZ08,2005,NH3_AWB,4.04623295775844e-05
Europe_Eastern,FodderGrass,FodderGrassAEZ09,FodderGrassAEZ09,2005,NH3_AWB,3.93026270873469e-05
Europe_Eastern,FodderGrass,FodderGrassAEZ10,FodderGrassAEZ10,2005,NH3_AWB,7.11477758253866e-05
Europe_Eastern,FodderGrass,FodderGrassAEZ16,FodderGrassAEZ16,2005,NH3_AWB,4.24143988218465e-08
Europe_Eastern,FodderHerb,FodderHerbAEZ08,FodderHerbAEZ08,2005,NH3_AWB,0.000365784969106828
Europe_Eastern,FodderHerb,FodderHerbAEZ09,FodderHerbAEZ09,2005,NH3_AWB,0.000390896144808863
Europe_Eastern,FodderHerb,FodderHerbAEZ10,FodderHerbAEZ10,2005,NH3_AWB,0.000858469006606664
Europe_Eastern,FodderHerb,FodderHerbAEZ16,FodderHerbAEZ16,2005,NH3_AWB,2.61229650133284e-07
Europe_Eastern,MiscCrop,MiscCropAEZ08,MiscCropAEZ08,2005,NH3_AWB,0.000198194920483572
Europe_Eastern,MiscCrop,MiscCropAEZ09,MiscCropAEZ09,2005,NH3_AWB,0.000176839917363891
Europe_Eastern,MiscCrop,MiscCropAEZ10,MiscCropAEZ10,2005,NH3_AWB,0.000279139349811018
Europe_Eastern,MiscCrop,MiscCropAEZ16,MiscCropAEZ16,2005,NH3_AWB,7.33677356982083e-09
Europe_Eastern,OilCrop,OilCropAEZ08,OilCropAEZ08,2005,NH3_AWB,0.000110740137463112
Europe_Eastern,OilCrop,OilCropAEZ09,OilCropAEZ09,2005,NH3_AWB,0.00011733683493733
Europe_Eastern,OilCrop,OilCropAEZ10,OilCropAEZ10,2005,NH3_AWB,5.23651750698398e-05
Europe_Eastern,OilCrop,OilCropAEZ16,OilCropAEZ16,2005,NH3_AWB,0
Europe_Eastern,OtherGrain,OtherGrainAEZ08,OtherGrainAEZ08,2005,NH3_AWB,0.000106642939716885
Europe_Eastern,OtherGrain,OtherGrainAEZ09,OtherGrainAEZ09,2005,NH3_AWB,0.000166202930860724
Europe_Eastern,OtherGrain,OtherGrainAEZ10,OtherGrainAEZ10,2005,NH3_AWB,0.000485664262452289
Europe_Eastern,OtherGrain,OtherGrainAEZ16,OtherGrainAEZ16,2005,NH3_AWB,1.05200194196476e-07
Europe_Eastern,PalmFruit,PalmFruitAEZ08,PalmFruitAEZ08,2005,NH3_AWB,0
Europe_Eastern,PalmFruit,PalmFruitAEZ09,PalmFruitAEZ09,2005,NH3_AWB,0
Europe_Eastern,PalmFruit,PalmFruitAEZ10,PalmFruitAEZ10,2005,NH3_AWB,0
Europe_Eastern,PalmFruit,PalmFruitAEZ16,PalmFruitAEZ16,2005,NH3_AWB,0
Europe_Eastern,Rice,RiceAEZ08,RiceAEZ08,2005,NH3_AWB,4.38920806734386e-06
Europe_Eastern,Rice,RiceAEZ09,RiceAEZ09,2005,NH3_AWB,0
Europe_Eastern,Rice,RiceAEZ10,RiceAEZ10,2005,NH3_AWB,0
Europe_Eastern,Rice,RiceAEZ16,RiceAEZ16,2005,NH3_AWB,0
Europe_Eastern,Root_Tuber,Root_TuberAEZ08,Root_TuberAEZ08,2005,NH3_AWB,5.61581578863495e-05
Europe_Eastern,Root_Tuber,Root_TuberAEZ09,Root_TuberAEZ09,2005,NH3_AWB,0.00013765240324393
Europe_Eastern,Root_Tuber,Root_TuberAEZ10,Root_TuberAEZ10,2005,NH3_AWB,0.00115242142522135
Europe_Eastern,Root_Tuber,Root_TuberAEZ16,Root_TuberAEZ16,2005,NH3_AWB,3.12140545431773e-07
Europe_Eastern,SugarCrop,SugarCropAEZ08,SugarCropAEZ08,2005,NH3_AWB,5.17836328866418e-05
Europe_Eastern,SugarCrop,SugarCropAEZ09,SugarCropAEZ09,2005,NH3_AWB,0.00026958290829691
Europe_Eastern,SugarCrop,SugarCropAEZ10,SugarCropAEZ10,2005,NH3_AWB,0.000668738508052253
Europe_Eastern,SugarCrop,SugarCropAEZ16,SugarCropAEZ16,2005,NH3_AWB,1.40519656892652e-07
Europe_Eastern,Wheat,WheatAEZ08,WheatAEZ08,2005,NH3_AWB,0.000167959430139758
Europe_Eastern,Wheat,WheatAEZ09,WheatAEZ09,2005,NH3_AWB,0.000144159490705108
Europe_Eastern,Wheat,WheatAEZ10,WheatAEZ10,2005,NH3_AWB,0.000408568263215987
Europe_Eastern,Wheat,WheatAEZ16,WheatAEZ16,2005,NH3_AWB,4.75930805052617e-07
Europe_Eastern,Corn,CornAEZ08,CornAEZ08,2005,NMVOC_AWB,0.000413920304378362
Europe_Eastern,Corn,CornAEZ09,CornAEZ09,2005,NMVOC_AWB,0.000891280512423204
Europe_Eastern,Corn,CornAEZ10,CornAEZ10,2005,NMVOC_AWB,0.000937624712338241
Europe_Eastern,Corn,CornAEZ16,CornAEZ16,2005,NMVOC_AWB,7.97558853439547e-07
Europe_Eastern,FiberCrop,FiberCropAEZ08,FiberCropAEZ08,2005,NMVOC_AWB,0
Europe_Eastern,FiberCrop,FiberCropAEZ09,FiberCropAEZ09,2005,NMVOC_AWB,0
Europe_Eastern,FiberCrop,FiberCropAEZ10,FiberCropAEZ10,2005,NMVOC_AWB,1.37421609817492e-05
Europe_Eastern,FiberCrop,FiberCropAEZ16,FiberCropAEZ16,2005,NMVOC_AWB,0
Europe_Eastern,FodderGrass,FodderGrassAEZ08,FodderGrassAEZ08,2005,NMVOC_AWB,0.000217963766446604
Europe_Eastern,FodderGrass,FodderGrassAEZ09,FodderGrassAEZ09,2005,NMVOC_AWB,0.00021171664411409
Europe_Eastern,FodderGrass,FodderGrassAEZ10,FodderGrassAEZ10,2005,NMVOC_AWB,0.000383261106196687
Europe_Eastern,FodderGrass,FodderGrassAEZ16,FodderGrassAEZ16,2005,NMVOC_AWB,2.28479235261323e-07
Europe_Eastern,FodderHerb,FodderHerbAEZ08,FodderHerbAEZ08,2005,NMVOC_AWB,0.00197042212864202
Europe_Eastern,FodderHerb,FodderHerbAEZ09,FodderHerbAEZ09,2005,NMVOC_AWB,0.00210569181017193
Europe_Eastern,FodderHerb,FodderHerbAEZ10,FodderHerbAEZ10,2005,NMVOC_AWB,0.00462442820300002
Europe_Eastern,FodderHerb,FodderHerbAEZ16,FodderHerbAEZ16,2005,NMVOC_AWB,1.40720020436299e-06
Europe_Eastern,MiscCrop,MiscCropAEZ08,MiscCropAEZ08,2005,NMVOC_AWB,0.0010676427138569
Europe_Eastern,MiscCrop,MiscCropAEZ09,MiscCropAEZ09,2005,NMVOC_AWB,0.000952606902497608
Europe_Eastern,MiscCrop,MiscCropAEZ10,MiscCropAEZ10,2005,NMVOC_AWB,0.00150367674534418
Europe_Eastern,MiscCrop,MiscCropAEZ16,MiscCropAEZ16,2005,NMVOC_AWB,3.95219656786632e-08
Europe_Eastern,OilCrop,OilCropAEZ08,OilCropAEZ08,2005,NMVOC_AWB,0.000596538501620191
Europe_Eastern,OilCrop,OilCropAEZ09,OilCropAEZ09,2005,NMVOC_AWB,0.00063207380180187
Europe_Eastern,OilCrop,OilCropAEZ10,OilCropAEZ10,2005,NMVOC_AWB,0.000282082393871389
Europe_Eastern,OilCrop,OilCropAEZ16,OilCropAEZ16,2005,NMVOC_AWB,0
Europe_Eastern,OtherGrain,OtherGrainAEZ08,OtherGrainAEZ08,2005,NMVOC_AWB,0.000574467586228834
Europe_Eastern,OtherGrain,OtherGrainAEZ09,OtherGrainAEZ09,2005,NMVOC_AWB,0.000895307244616404
Europe_Eastern,OtherGrain,OtherGrainAEZ10,OtherGrainAEZ10,2005,NMVOC_AWB,0.00261619172642142
Europe_Eastern,OtherGrain,OtherGrainAEZ16,OtherGrainAEZ16,2005,NMVOC_AWB,5.66695758681206e-07
Europe_Eastern,PalmFruit,PalmFruitAEZ08,PalmFruitAEZ08,2005,NMVOC_AWB,0
Europe_Eastern,PalmFruit,PalmFruitAEZ09,PalmFruitAEZ09,2005,NMVOC_AWB,0
Europe_Eastern,PalmFruit,PalmFruitAEZ10,PalmFruitAEZ10,2005,NMVOC_AWB,0
Europe_Eastern,PalmFruit,PalmFruitAEZ16,PalmFruitAEZ16,2005,NMVOC_AWB,0
Europe_Eastern,Rice,RiceAEZ08,RiceAEZ08,2005,NMVOC_AWB,2.36439258951141e-05
Europe_Eastern,Rice,RiceAEZ09,RiceAEZ09,2005,NMVOC_AWB,0
Europe_Eastern,Rice,RiceAEZ10,RiceAEZ10,2005,NMVOC_AWB,0
Europe_Eastern,Rice,RiceAEZ16,RiceAEZ16,2005,NMVOC_AWB,0
Europe_Eastern,Root_Tuber,Root_TuberAEZ08,Root_TuberAEZ08,2005,NMVOC_AWB,0.000302514554584442
Europe_Eastern,Root_Tuber,Root_TuberAEZ09,Root_TuberAEZ09,2005,NMVOC_AWB,0.000741510352584719
Europe_Eastern,Root_Tuber,Root_TuberAEZ10,Root_TuberAEZ10,2005,NMVOC_AWB,0.00620790045944766
Europe_Eastern,Root_Tuber,Root_TuberAEZ16,Root_TuberAEZ16,2005,NMVOC_AWB,1.68144863761619e-06
Europe_Eastern,SugarCrop,SugarCropAEZ08,SugarCropAEZ08,2005,NMVOC_AWB,0.000278949723905999
Europe_Eastern,SugarCrop,SugarCropAEZ09,SugarCropAEZ09,2005,NMVOC_AWB,0.0014521978016455
Europe_Eastern,SugarCrop,SugarCropAEZ10,SugarCropAEZ10,2005,NMVOC_AWB,0.00360238190694046
Europe_Eastern,SugarCrop,SugarCropAEZ16,SugarCropAEZ16,2005,NMVOC_AWB,7.56955765915034e-07
Europe_Eastern,Wheat,WheatAEZ08,WheatAEZ08,2005,NMVOC_AWB,0.000904769210909891
Europe_Eastern,Wheat,WheatAEZ09,WheatAEZ09,2005,NMVOC_AWB,0.000776562938692406
Europe_Eastern,Wheat,WheatAEZ10,WheatAEZ10,2005,NMVOC_AWB,0.00220088854079322
Europe_Eastern,Wheat,WheatAEZ16,WheatAEZ16,2005,NMVOC_AWB,2.56375922790914e-06
Europe_Eastern,Corn,CornAEZ08,CornAEZ08,2005,NOx_AWB,0.000224728060414034
Europe_Eastern,Corn,CornAEZ09,CornAEZ09,2005,NOx_AWB,0.000483899288638434
Europe_Eastern,Corn,CornAEZ10,CornAEZ10,2005,NOx_AWB,0.000509060755829535
Europe_Eastern,Corn,CornAEZ16,CornAEZ16,2005,NOx_AWB,4.33015371083787e-07
Europe_Eastern,FiberCrop,FiberCropAEZ08,FiberCropAEZ08,2005,NOx_AWB,0
Europe_Eastern,FiberCrop,FiberCropAEZ09,FiberCropAEZ09,2005,NOx_AWB,0
Europe_Eastern,FiberCrop,FiberCropAEZ10,FiberCropAEZ10,2005,NOx_AWB,7.46097533911498e-06
Europe_Eastern,FiberCrop,FiberCropAEZ16,FiberCropAEZ16,2005,NOx_AWB,0
Europe_Eastern,FodderGrass,FodderGrassAEZ08,FodderGrassAEZ08,2005,NOx_AWB,0.000118338177557263
Europe_Eastern,FodderGrass,FodderGrassAEZ09,FodderGrassAEZ09,2005,NOx_AWB,0.000114946452942392
Europe_Eastern,FodderGrass,FodderGrassAEZ10,FodderGrassAEZ10,2005,NOx_AWB,0.0002080823871568
Europe_Eastern,FodderGrass,FodderGrassAEZ16,FodderGrassAEZ16,2005,NOx_AWB,1.24047298095877e-07
Europe_Eastern,FodderHerb,FodderHerbAEZ08,FodderHerbAEZ08,2005,NOx_AWB,0.00106979323913969
Europe_Eastern,FodderHerb,FodderHerbAEZ09,FodderHerbAEZ09,2005,NOx_AWB,0.0011432346548941
Europe_Eastern,FodderHerb,FodderHerbAEZ10,FodderHerbAEZ10,2005,NOx_AWB,0.00251072191818402
Europe_Eastern,FodderHerb,FodderHerbAEZ16,FodderHerbAEZ16,2005,NOx_AWB,7.64005459977765e-07
Europe_Eastern,MiscCrop,MiscCropAEZ08,MiscCropAEZ08,2005,NOx_AWB,0.000579650898403187
Europe_Eastern,MiscCrop,MiscCropAEZ09,MiscCropAEZ09,2005,NOx_AWB,0.0005171949751458
Europe_Eastern,MiscCrop,MiscCropAEZ10,MiscCropAEZ10,2005,NOx_AWB,0.000816385074364452
Europe_Eastern,MiscCrop,MiscCropAEZ16,MiscCropAEZ16,2005,NOx_AWB,2.14574994190121e-08
Europe_Eastern,OilCrop,OilCropAEZ08,OilCropAEZ08,2005,NOx_AWB,0.000323876212433535
Europe_Eastern,OilCrop,OilCropAEZ09,OilCropAEZ09,2005,NOx_AWB,0.00034316924783573
Europe_Eastern,OilCrop,OilCropAEZ10,OilCropAEZ10,2005,NOx_AWB,0.00015314984208583
Europe_Eastern,OilCrop,OilCropAEZ16,OilCropAEZ16,2005,NOx_AWB,0
Europe_Eastern,OtherGrain,OtherGrainAEZ08,OtherGrainAEZ08,2005,NOx_AWB,0.000311893340477275
Europe_Eastern,OtherGrain,OtherGrainAEZ09,OtherGrainAEZ09,2005,NOx_AWB,0.000486085505902995
Europe_Eastern,OtherGrain,OtherGrainAEZ10,OtherGrainAEZ10,2005,NOx_AWB,0.00142039828955215
Europe_Eastern,OtherGrain,OtherGrainAEZ16,OtherGrainAEZ16,2005,NOx_AWB,3.07673813886828e-07
Europe_Eastern,PalmFruit,PalmFruitAEZ08,PalmFruitAEZ08,2005,NOx_AWB,0
Europe_Eastern,PalmFruit,PalmFruitAEZ09,PalmFruitAEZ09,2005,NOx_AWB,0
Europe_Eastern,PalmFruit,PalmFruitAEZ10,PalmFruitAEZ10,2005,NOx_AWB,0
Europe_Eastern,PalmFruit,PalmFruitAEZ16,PalmFruitAEZ16,2005,NOx_AWB,0
Europe_Eastern,Rice,RiceAEZ08,RiceAEZ08,2005,NOx_AWB,1.28369001249215e-05
Europe_Eastern,Rice,RiceAEZ09,RiceAEZ09,2005,NOx_AWB,0
Europe_Eastern,Rice,RiceAEZ10,RiceAEZ10,2005,NOx_AWB,0
Europe_Eastern,Rice,RiceAEZ16,RiceAEZ16,2005,NOx_AWB,0
Europe_Eastern,Root_Tuber,Root_TuberAEZ08,Root_TuberAEZ08,2005,NOx_AWB,0.000164242991657239
Europe_Eastern,Root_Tuber,Root_TuberAEZ09,Root_TuberAEZ09,2005,NOx_AWB,0.000402585187415614
Europe_Eastern,Root_Tuber,Root_TuberAEZ10,Root_TuberAEZ10,2005,NOx_AWB,0.00337043004350863
Europe_Eastern,Root_Tuber,Root_TuberAEZ16,Root_TuberAEZ16,2005,NOx_AWB,9.129020418189e-07
Europe_Eastern,SugarCrop,SugarCropAEZ08,SugarCropAEZ08,2005,NOx_AWB,0.000151449034375281
Europe_Eastern,SugarCrop,SugarCropAEZ09,SugarCropAEZ09,2005,NOx_AWB,0.00078843582170109
Europe_Eastern,SugarCrop,SugarCropAEZ10,SugarCropAEZ10,2005,NOx_AWB,0.0019558264966807
Europe_Eastern,SugarCrop,SugarCropAEZ16,SugarCropAEZ16,2005,NOx_AWB,4.10970902596288e-07
Europe_Eastern,Wheat,WheatAEZ08,WheatAEZ08,2005,NOx_AWB,0.000491222652620241
Europe_Eastern,Wheat,WheatAEZ09,WheatAEZ09,2005,NOx_AWB,0.000421616144837011
Europe_Eastern,Wheat,WheatAEZ10,WheatAEZ10,2005,NOx_AWB,0.0011949194270688
Europe_Eastern,Wheat,WheatAEZ16,WheatAEZ16,2005,NOx_AWB,1.39193132726814e-06
Europe_Eastern,Corn,CornAEZ08,CornAEZ08,2005,SO2_AWB,3.19047423701107e-05
Europe_Eastern,Corn,CornAEZ09,CornAEZ09,2005,SO2_AWB,6.86993965446289e-05
Europe_Eastern,Corn,CornAEZ10,CornAEZ10,2005,SO2_AWB,7.22715811970797e-05
Europe_Eastern,Corn,CornAEZ16,CornAEZ16,2005,SO2_AWB,6.14753842100234e-08
Europe_Eastern,FiberCrop,FiberCropAEZ08,FiberCropAEZ08,2005,SO2_AWB,0
Europe_Eastern,FiberCrop,FiberCropAEZ09,FiberCropAEZ09,2005,SO2_AWB,0
Europe_Eastern,FiberCrop,FiberCropAEZ10,FiberCropAEZ10,2005,SO2_AWB,1.05923797671573e-06
Europe_Eastern,FiberCrop,FiberCropAEZ16,FiberCropAEZ16,2005,SO2_AWB,0
Europe_Eastern,FodderGrass,FodderGrassAEZ08,FodderGrassAEZ08,2005,SO2_AWB,1.68005235330065e-05
Europe_Eastern,FodderGrass,FodderGrassAEZ09,FodderGrassAEZ09,2005,SO2_AWB,1.6318998885713e-05
Europe_Eastern,FodderGrass,FodderGrassAEZ10,FodderGrassAEZ10,2005,SO2_AWB,2.9541548757926e-05
Europe_Eastern,FodderGrass,FodderGrassAEZ16,FodderGrassAEZ16,2005,SO2_AWB,1.76110499070108e-08
Europe_Eastern,FodderHerb,FodderHerbAEZ08,FodderHerbAEZ08,2005,SO2_AWB,0.000151879020453231
Europe_Eastern,FodderHerb,FodderHerbAEZ09,FodderHerbAEZ09,2005,SO2_AWB,0.000162305530808117
Europe_Eastern,FodderHerb,FodderHerbAEZ10,FodderHerbAEZ10,2005,SO2_AWB,0.000356448303852529
Europe_Eastern,FodderHerb,FodderHerbAEZ16,FodderHerbAEZ16,2005,SO2_AWB,1.08466193874676e-07
Europe_Eastern,MiscCrop,MiscCropAEZ08,MiscCropAEZ08,2005,SO2_AWB,8.22932950343834e-05
Europe_Eastern,MiscCrop,MiscCropAEZ09,MiscCropAEZ09,2005,SO2_AWB,7.3426399919714e-05
Europe_Eastern,MiscCrop,MiscCropAEZ10,MiscCropAEZ10,2005,SO2_AWB,0.000115902550951643
Europe_Eastern,MiscCrop,MiscCropAEZ16,MiscCropAEZ16,2005,SO2_AWB,3.04633070569423e-09
Europe_Eastern,OilCrop,OilCropAEZ08,OilCropAEZ08,2005,SO2_AWB,4.5980849469628e-05
Europe_Eastern,OilCrop,OilCropAEZ09,OilCropAEZ09,2005,SO2_AWB,4.87198902592401e-05
Europe_Eastern,OilCrop,OilCropAEZ10,OilCropAEZ10,2005,SO2_AWB,2.17427509798701e-05
Europe_Eastern,OilCrop,OilCropAEZ16,OilCropAEZ16,2005,SO2_AWB,0
Europe_Eastern,OtherGrain,OtherGrainAEZ08,OtherGrainAEZ08,2005,SO2_AWB,4.42796358253945e-05
Europe_Eastern,OtherGrain,OtherGrainAEZ09,OtherGrainAEZ09,2005,SO2_AWB,6.90097747789376e-05
Europe_Eastern,OtherGrain,OtherGrainAEZ10,OtherGrainAEZ10,2005,SO2_AWB,0.00020165457490095
Europe_Eastern,OtherGrain,OtherGrainAEZ16,OtherGrainAEZ16,2005,SO2_AWB,4.36805877646225e-08
Europe_Eastern,PalmFruit,PalmFruitAEZ08,PalmFruitAEZ08,2005,SO2_AWB,0
Europe_Eastern,PalmFruit,PalmFruitAEZ09,PalmFruitAEZ09,2005,SO2_AWB,0
Europe_Eastern,PalmFruit,PalmFruitAEZ10,PalmFruitAEZ10,2005,SO2_AWB,0
Europe_Eastern,PalmFruit,PalmFruitAEZ16,PalmFruitAEZ16,2005,SO2_AWB,0
Europe_Eastern,Rice,RiceAEZ08,RiceAEZ08,2005,SO2_AWB,1.82246040197162e-06
Europe_Eastern,Rice,RiceAEZ09,RiceAEZ09,2005,SO2_AWB,0
Europe_Eastern,Rice,RiceAEZ10,RiceAEZ10,2005,SO2_AWB,0
Europe_Eastern,Rice,RiceAEZ16,RiceAEZ16,2005,SO2_AWB,0
Europe_Eastern,Root_Tuber,Root_TuberAEZ08,Root_TuberAEZ08,2005,SO2_AWB,2.33176503426681e-05
Europe_Eastern,Root_Tuber,Root_TuberAEZ09,Root_TuberAEZ09,2005,SO2_AWB,5.71551975434384e-05
Europe_Eastern,Root_Tuber,Root_TuberAEZ10,Root_TuberAEZ10,2005,SO2_AWB,0.000478501447556249
Europe_Eastern,Root_Tuber,Root_TuberAEZ16,Root_TuberAEZ16,2005,SO2_AWB,1.29605107611925e-07
Europe_Eastern,SugarCrop,SugarCropAEZ08,SugarCropAEZ08,2005,SO2_AWB,2.15012865551508e-05
Europe_Eastern,SugarCrop,SugarCropAEZ09,SugarCropAEZ09,2005,SO2_AWB,0.000111934583159731
Europe_Eastern,SugarCrop,SugarCropAEZ10,SugarCropAEZ10,2005,SO2_AWB,0.000277669554848955
Europe_Eastern,SugarCrop,SugarCropAEZ16,SugarCropAEZ16,2005,SO2_AWB,5.83457212454434e-08
Europe_Eastern,Wheat,WheatAEZ08,WheatAEZ08,2005,SO2_AWB,6.97390977759376e-05
Europe_Eastern,Wheat,WheatAEZ09,WheatAEZ09,2005,SO2_AWB,5.98570310059244e-05
Europe_Eastern,Wheat,WheatAEZ10,WheatAEZ10,2005,SO2_AWB,0.000169643240828191
Europe_Eastern,Wheat,WheatAEZ16,WheatAEZ16,2005,SO2_AWB,1.97613107644668e-07
Europe_Non_EU,Corn,CornAEZ07,CornAEZ07,2005,CH4_AWB,1.06204227265602e-08
Europe_Non_EU,Corn,CornAEZ08,CornAEZ08,2005,CH4_AWB,5.78969689832751e-05
Europe_Non_EU,Corn,CornAEZ09,CornAEZ09,2005,CH4_AWB,0.000283071171631804
Europe_Non_EU,Corn,CornAEZ10,CornAEZ10,2005,CH4_AWB,0.001638403055646
Europe_Non_EU,Corn,CornAEZ11,CornAEZ11,2005,CH4_AWB,0.000944090264791438
Europe_Non_EU,Corn,CornAEZ12,CornAEZ12,2005,CH4_AWB,4.18341106304889e-05
Europe_Non_EU,Corn,CornAEZ14,CornAEZ14,2005,CH4_AWB,1.28082298082317e-06
Europe_Non_EU,Corn,CornAEZ15,CornAEZ15,2005,CH4_AWB,5.6378514043945e-06
Europe_Non_EU,Corn,CornAEZ16,CornAEZ16,2005,CH4_AWB,8.8391123247479e-06
Europe_Non_EU,FiberCrop,FiberCropAEZ07,FiberCropAEZ07,2005,CH4_AWB,0
Europe_Non_EU,FiberCrop,FiberCropAEZ08,FiberCropAEZ08,2005,CH4_AWB,1.94840338991505e-05
Europe_Non_EU,FiberCrop,FiberCropAEZ09,FiberCropAEZ09,2005,CH4_AWB,0.000326616394701064
Europe_Non_EU,FiberCrop,FiberCropAEZ10,FiberCropAEZ10,2005,CH4_AWB,0.000242651296568604
Europe_Non_EU,FiberCrop,FiberCropAEZ11,FiberCropAEZ11,2005,CH4_AWB,1.06588153141632e-08
Europe_Non_EU,FiberCrop,FiberCropAEZ12,FiberCropAEZ12,2005,CH4_AWB,0
Europe_Non_EU,FiberCrop,FiberCropAEZ14,FiberCropAEZ14,2005,CH4_AWB,0
Europe_Non_EU,FiberCrop,FiberCropAEZ15,FiberCropAEZ15,2005,CH4_AWB,0
Europe_Non_EU,FiberCrop,FiberCropAEZ16,FiberCropAEZ16,2005,CH4_AWB,0
Europe_Non_EU,FodderGrass,FodderGrassAEZ07,FodderGrassAEZ07,2005,CH4_AWB,0
Europe_Non_EU,FodderGrass,FodderGrassAEZ08,FodderGrassAEZ08,2005,CH4_AWB,1.52349872108877e-06
Europe_Non_EU,FodderGrass,FodderGrassAEZ09,FodderGrassAEZ09,2005,CH4_AWB,1.81814885008903e-07
Europe_Non_EU,FodderGrass,FodderGrassAEZ10,FodderGrassAEZ10,2005,CH4_AWB,6.68267605788705e-07
Europe_Non_EU,FodderGrass,FodderGrassAEZ11,FodderGrassAEZ11,2005,CH4_AWB,1.44962320106283e-07
Europe_Non_EU,FodderGrass,FodderGrassAEZ12,FodderGrassAEZ12,2005,CH4_AWB,1.96431526108834e-08
Europe_Non_EU,FodderGrass,FodderGrassAEZ14,FodderGrassAEZ14,2005,CH4_AWB,0
Europe_Non_EU,FodderGrass,FodderGrassAEZ15,FodderGrassAEZ15,2005,CH4_AWB,1.58604897111152e-08
Europe_Non_EU,FodderGrass,FodderGrassAEZ16,FodderGrassAEZ16,2005,CH4_AWB,2.24347123935201e-10
Europe_Non_EU,FodderHerb,FodderHerbAEZ07,FodderHerbAEZ07,2005,CH4_AWB,5.54344438211257e-06
Europe_Non_EU,FodderHerb,FodderHerbAEZ08,FodderHerbAEZ08,2005,CH4_AWB,0.00159998460787556
Europe_Non_EU,FodderHerb,FodderHerbAEZ09,FodderHerbAEZ09,2005,CH4_AWB,0.0018742885539672
Europe_Non_EU,FodderHerb,FodderHerbAEZ10,FodderHerbAEZ10,2005,CH4_AWB,0.0029415342638884
Europe_Non_EU,FodderHerb,FodderHerbAEZ11,FodderHerbAEZ11,2005,CH4_AWB,0.00120186231369543
Europe_Non_EU,FodderHerb,FodderHerbAEZ12,FodderHerbAEZ12,2005,CH4_AWB,4.08825018433245e-05
Europe_Non_EU,FodderHerb,FodderHerbAEZ14,FodderHerbAEZ14,2005,CH4_AWB,4.90888849101247e-05
Europe_Non_EU,FodderHerb,FodderHerbAEZ15,FodderHerbAEZ15,2005,CH4_AWB,1.78763193317355e-05
Europe_Non_EU,FodderHerb,FodderHerbAEZ16,FodderHerbAEZ16,2005,CH4_AWB,2.19975686359384e-05
Europe_Non_EU,MiscCrop,MiscCropAEZ07,MiscCropAEZ07,2005,CH4_AWB,1.0899752518959e-05
Europe_Non_EU,MiscCrop,MiscCropAEZ08,MiscCropAEZ08,2005,CH4_AWB,0.00390328030835926
Europe_Non_EU,MiscCrop,MiscCropAEZ09,MiscCropAEZ09,2005,CH4_AWB,0.00397251303550926
Europe_Non_EU,MiscCrop,MiscCropAEZ10,MiscCropAEZ10,2005,CH4_AWB,0.00294559210586269
Europe_Non_EU,MiscCrop,MiscCropAEZ11,MiscCropAEZ11,2005,CH4_AWB,0.000681327924454862
Europe_Non_EU,MiscCrop,MiscCropAEZ12,MiscCropAEZ12,2005,CH4_AWB,2.48674417531689e-05
Europe_Non_EU,MiscCrop,MiscCropAEZ14,MiscCropAEZ14,2005,CH4_AWB,9.54151001893769e-05
Europe_Non_EU,MiscCrop,MiscCropAEZ15,MiscCropAEZ15,2005,CH4_AWB,4.28529372031922e-05
Europe_Non_EU,MiscCrop,MiscCropAEZ16,MiscCropAEZ16,2005,CH4_AWB,8.57611653176116e-06
Europe_Non_EU,OilCrop,OilCropAEZ07,OilCropAEZ07,2005,CH4_AWB,5.35671306070362e-07
Europe_Non_EU,OilCrop,OilCropAEZ08,OilCropAEZ08,2005,CH4_AWB,0.000162274763145109
Europe_Non_EU,OilCrop,OilCropAEZ09,OilCropAEZ09,2005,CH4_AWB,0.000254844681290291
Europe_Non_EU,OilCrop,OilCropAEZ10,OilCropAEZ10,2005,CH4_AWB,0.000332602287245471
Europe_Non_EU,OilCrop,OilCropAEZ11,OilCropAEZ11,2005,CH4_AWB,8.86598366354679e-05
Europe_Non_EU,OilCrop,OilCropAEZ12,OilCropAEZ12,2005,CH4_AWB,4.17371183847243e-06
Europe_Non_EU,OilCrop,OilCropAEZ14,OilCropAEZ14,2005,CH4_AWB,4.46402422470764e-06
Europe_Non_EU,OilCrop,OilCropAEZ15,OilCropAEZ15,2005,CH4_AWB,1.999414176529e-06
Europe_Non_EU,OilCrop,OilCropAEZ16,OilCropAEZ16,2005,CH4_AWB,1.33381285144428e-06
Europe_Non_EU,OtherGrain,OtherGrainAEZ07,OtherGrainAEZ07,2005,CH4_AWB,7.1956382266381e-06
Europe_Non_EU,OtherGrain,OtherGrainAEZ08,OtherGrainAEZ08,2005,CH4_AWB,0.0011968192933239
Europe_Non_EU,OtherGrain,OtherGrainAEZ09,OtherGrainAEZ09,2005,CH4_AWB,0.000849800714294455
Europe_Non_EU,OtherGrain,OtherGrainAEZ10,OtherGrainAEZ10,2005,CH4_AWB,0.000358423976959241
Europe_Non_EU,OtherGrain,OtherGrainAEZ11,OtherGrainAEZ11,2005,CH4_AWB,0.000107103334837851
Europe_Non_EU,OtherGrain,OtherGrainAEZ12,OtherGrainAEZ12,2005,CH4_AWB,3.94192523038101e-06
Europe_Non_EU,OtherGrain,OtherGrainAEZ14,OtherGrainAEZ14,2005,CH4_AWB,1.25542310744768e-05
Europe_Non_EU,OtherGrain,OtherGrainAEZ15,OtherGrainAEZ15,2005,CH4_AWB,8.25936254899793e-06
Europe_Non_EU,OtherGrain,OtherGrainAEZ16,OtherGrainAEZ16,2005,CH4_AWB,1.05719840627174e-06
Europe_Non_EU,PalmFruit,PalmFruitAEZ07,PalmFruitAEZ07,2005,CH4_AWB,0
Europe_Non_EU,PalmFruit,PalmFruitAEZ08,PalmFruitAEZ08,2005,CH4_AWB,0
Europe_Non_EU,PalmFruit,PalmFruitAEZ09,PalmFruitAEZ09,2005,CH4_AWB,0
Europe_Non_EU,PalmFruit,PalmFruitAEZ10,PalmFruitAEZ10,2005,CH4_AWB,0
Europe_Non_EU,PalmFruit,PalmFruitAEZ11,PalmFruitAEZ11,2005,CH4_AWB,0
Europe_Non_EU,PalmFruit,PalmFruitAEZ12,PalmFruitAEZ12,2005,CH4_AWB,0
Europe_Non_EU,PalmFruit,PalmFruitAEZ14,PalmFruitAEZ14,2005,CH4_AWB,0
Europe_Non_EU,PalmFruit,PalmFruitAEZ15,PalmFruitAEZ15,2005,CH4_AWB,0
Europe_Non_EU,PalmFruit,PalmFruitAEZ16,PalmFruitAEZ16,2005,CH4_AWB,0
Europe_Non_EU,Rice,RiceAEZ07,RiceAEZ07,2005,CH4_AWB,0
Europe_Non_EU,Rice,RiceAEZ08,RiceAEZ08,2005,CH4_AWB,1.68092652789624e-05
Europe_Non_EU,Rice,RiceAEZ09,RiceAEZ09,2005,CH4_AWB,8.25206249930313e-05
Europe_Non_EU,Rice,RiceAEZ10,RiceAEZ10,2005,CH4_AWB,4.30414418557501e-05
Europe_Non_EU,Rice,RiceAEZ11,RiceAEZ11,2005,CH4_AWB,1.64792230615355e-08
Europe_Non_EU,Rice,RiceAEZ12,RiceAEZ12,2005,CH4_AWB,0
Europe_Non_EU,Rice,RiceAEZ14,RiceAEZ14,2005,CH4_AWB,3.25006899269173e-08
Europe_Non_EU,Rice,RiceAEZ15,RiceAEZ15,2005,CH4_AWB,0
Europe_Non_EU,Rice,RiceAEZ16,RiceAEZ16,2005,CH4_AWB,0
Europe_Non_EU,Root_Tuber,Root_TuberAEZ07,Root_TuberAEZ07,2005,CH4_AWB,5.22592207744654e-07
Europe_Non_EU,Root_Tuber,Root_TuberAEZ08,Root_TuberAEZ08,2005,CH4_AWB,0.000643981412632807
Europe_Non_EU,Root_Tuber,Root_TuberAEZ09,Root_TuberAEZ09,2005,CH4_AWB,0.000300594600579068
Europe_Non_EU,Root_Tuber,Root_TuberAEZ10,Root_TuberAEZ10,2005,CH4_AWB,0.000431656571782705
Europe_Non_EU,Root_Tuber,Root_TuberAEZ11,Root_TuberAEZ11,2005,CH4_AWB,0.000221992140719895
Europe_Non_EU,Root_Tuber,Root_TuberAEZ12,Root_TuberAEZ12,2005,CH4_AWB,1.34857215115696e-05
Europe_Non_EU,Root_Tuber,Root_TuberAEZ14,Root_TuberAEZ14,2005,CH4_AWB,1.05465229942041e-05
Europe_Non_EU,Root_Tuber,Root_TuberAEZ15,Root_TuberAEZ15,2005,CH4_AWB,6.69508402047428e-06
Europe_Non_EU,Root_Tuber,Root_TuberAEZ16,Root_TuberAEZ16,2005,CH4_AWB,2.48723278790603e-06
Europe_Non_EU,SugarCrop,SugarCropAEZ07,SugarCropAEZ07,2005,CH4_AWB,1.59864007850069e-05
Europe_Non_EU,SugarCrop,SugarCropAEZ08,SugarCropAEZ08,2005,CH4_AWB,0.00218716911999736
Europe_Non_EU,SugarCrop,SugarCropAEZ09,SugarCropAEZ09,2005,CH4_AWB,0.00126808109803849
Europe_Non_EU,SugarCrop,SugarCropAEZ10,SugarCropAEZ10,2005,CH4_AWB,0.000595429662434382
Europe_Non_EU,SugarCrop,SugarCropAEZ11,SugarCropAEZ11,2005,CH4_AWB,0.000280001577767222
Europe_Non_EU,SugarCrop,SugarCropAEZ12,SugarCropAEZ12,2005,CH4_AWB,1.58440429440814e-05
Europe_Non_EU,SugarCrop,SugarCropAEZ14,SugarCropAEZ14,2005,CH4_AWB,2.20048104923036e-05
Europe_Non_EU,SugarCrop,SugarCropAEZ15,SugarCropAEZ15,2005,CH4_AWB,1.18333540743835e-05
Europe_Non_EU,SugarCrop,SugarCropAEZ16,SugarCropAEZ16,2005,CH4_AWB,2.41895167537557e-06
Europe_Non_EU,Wheat,WheatAEZ07,WheatAEZ07,2005,CH4_AWB,7.75496888546435e-06
Europe_Non_EU,Wheat,WheatAEZ08,WheatAEZ08,2005,CH4_AWB,0.00177019589196348
Europe_Non_EU,Wheat,WheatAEZ09,WheatAEZ09,2005,CH4_AWB,0.00176538119795947
Europe_Non_EU,Wheat,WheatAEZ10,WheatAEZ10,2005,CH4_AWB,0.00176599336798344
Europe_Non_EU,Wheat,WheatAEZ11,WheatAEZ11,2005,CH4_AWB,0.000408290258222067
Europe_Non_EU,Wheat,WheatAEZ12,WheatAEZ12,2005,CH4_AWB,1.40177886233881e-05
Europe_Non_EU,Wheat,WheatAEZ14,WheatAEZ14,2005,CH4_AWB,1.21000798107563e-05
Europe_Non_EU,Wheat,WheatAEZ15,WheatAEZ15,2005,CH4_AWB,9.30239187456272e-06
Europe_Non_EU,Wheat,WheatAEZ16,WheatAEZ16,2005,CH4_AWB,4.00515234225949e-06
Europe_Non_EU,Corn,CornAEZ07,CornAEZ07,2005,CO_AWB,4.50572202927038e-07
Europe_Non_EU,Corn,CornAEZ08,CornAEZ08,2005,CO_AWB,0.00245628309995169
Europe_Non_EU,Corn,CornAEZ09,CornAEZ09,2005,CO_AWB,0.0120093149464107
Europe_Non_EU,Corn,CornAEZ10,CornAEZ10,2005,CO_AWB,0.0695093682305718
Europe_Non_EU,Corn,CornAEZ11,CornAEZ11,2005,CO_AWB,0.0400530978211658
Europe_Non_EU,Corn,CornAEZ12,CornAEZ12,2005,CO_AWB,0.00177481517163468
Europe_Non_EU,Corn,CornAEZ14,CornAEZ14,2005,CO_AWB,5.4339007673001e-05
Europe_Non_EU,Corn,CornAEZ15,CornAEZ15,2005,CO_AWB,0.000239186253923819
Europe_Non_EU,Corn,CornAEZ16,CornAEZ16,2005,CO_AWB,0.000374999980191101
Europe_Non_EU,FiberCrop,FiberCropAEZ07,FiberCropAEZ07,2005,CO_AWB,0
Europe_Non_EU,FiberCrop,FiberCropAEZ08,FiberCropAEZ08,2005,CO_AWB,0.000826611548511187
Europe_Non_EU,FiberCrop,FiberCropAEZ09,FiberCropAEZ09,2005,CO_AWB,0.0138567241871181
Europe_Non_EU,FiberCrop,FiberCropAEZ10,FiberCropAEZ10,2005,CO_AWB,0.0102944988210869
Europe_Non_EU,FiberCrop,FiberCropAEZ11,FiberCropAEZ11,2005,CO_AWB,4.5220101123512e-07
Europe_Non_EU,FiberCrop,FiberCropAEZ12,FiberCropAEZ12,2005,CO_AWB,0
Europe_Non_EU,FiberCrop,FiberCropAEZ14,FiberCropAEZ14,2005,CO_AWB,0
Europe_Non_EU,FiberCrop,FiberCropAEZ15,FiberCropAEZ15,2005,CO_AWB,0
Europe_Non_EU,FiberCrop,FiberCropAEZ16,FiberCropAEZ16,2005,CO_AWB,0
Europe_Non_EU,FodderGrass,FodderGrassAEZ07,FodderGrassAEZ07,2005,CO_AWB,0
Europe_Non_EU,FodderGrass,FodderGrassAEZ08,FodderGrassAEZ08,2005,CO_AWB,6.46345435197025e-05
Europe_Non_EU,FodderGrass,FodderGrassAEZ09,FodderGrassAEZ09,2005,CO_AWB,7.71350965706057e-06
Europe_Non_EU,FodderGrass,FodderGrassAEZ10,FodderGrassAEZ10,2005,CO_AWB,2.83513015477225e-05
Europe_Non_EU,FodderGrass,FodderGrassAEZ11,FodderGrassAEZ11,2005,CO_AWB,6.15003692351679e-06
Europe_Non_EU,FodderGrass,FodderGrassAEZ12,FodderGrassAEZ12,2005,CO_AWB,8.33362171374162e-07
Europe_Non_EU,FodderGrass,FodderGrassAEZ14,FodderGrassAEZ14,2005,CO_AWB,0
Europe_Non_EU,FodderGrass,FodderGrassAEZ15,FodderGrassAEZ15,2005,CO_AWB,6.72882424045787e-07
Europe_Non_EU,FodderGrass,FodderGrassAEZ16,FodderGrassAEZ16,2005,CO_AWB,9.51794297217851e-09
Europe_Non_EU,FodderHerb,FodderHerbAEZ07,FodderHerbAEZ07,2005,CO_AWB,0.000235181029169914
Europe_Non_EU,FodderHerb,FodderHerbAEZ08,FodderHerbAEZ08,2005,CO_AWB,0.0678794628030156
Europe_Non_EU,FodderHerb,FodderHerbAEZ09,FodderHerbAEZ09,2005,CO_AWB,0.0795168275712747
Europe_Non_EU,FodderHerb,FodderHerbAEZ10,FodderHerbAEZ10,2005,CO_AWB,0.124794804066601
Europe_Non_EU,FodderHerb,FodderHerbAEZ11,FodderHerbAEZ11,2005,CO_AWB,0.0509890956545877
Europe_Non_EU,FodderHerb,FodderHerbAEZ12,FodderHerbAEZ12,2005,CO_AWB,0.00173444309995762
Europe_Non_EU,FodderHerb,FodderHerbAEZ14,FodderHerbAEZ14,2005,CO_AWB,0.00208259949558057
Europe_Non_EU,FodderHerb,FodderHerbAEZ15,FodderHerbAEZ15,2005,CO_AWB,0.000758404141615182
Europe_Non_EU,FodderHerb,FodderHerbAEZ16,FodderHerbAEZ16,2005,CO_AWB,0.000933248441660067
Europe_Non_EU,MiscCrop,MiscCropAEZ07,MiscCropAEZ07,2005,CO_AWB,0.000462422789588671
Europe_Non_EU,MiscCrop,MiscCropAEZ08,MiscCropAEZ08,2005,CO_AWB,0.165596949618669
Europe_Non_EU,MiscCrop,MiscCropAEZ09,MiscCropAEZ09,2005,CO_AWB,0.168534153079376
Europe_Non_EU,MiscCrop,MiscCropAEZ10,MiscCropAEZ10,2005,CO_AWB,0.124966958306085
Europe_Non_EU,MiscCrop,MiscCropAEZ11,MiscCropAEZ11,2005,CO_AWB,0.0289053865124973
Europe_Non_EU,MiscCrop,MiscCropAEZ12,MiscCropAEZ12,2005,CO_AWB,0.00105500301639256
Europe_Non_EU,MiscCrop,MiscCropAEZ14,MiscCropAEZ14,2005,CO_AWB,0.00404799253209724
Europe_Non_EU,MiscCrop,MiscCropAEZ15,MiscCropAEZ15,2005,CO_AWB,0.00181803896272875
Europe_Non_EU,MiscCrop,MiscCropAEZ16,MiscCropAEZ16,2005,CO_AWB,0.00036384236463685
Europe_Non_EU,OilCrop,OilCropAEZ07,OilCropAEZ07,2005,CO_AWB,2.27258939342708e-05
Europe_Non_EU,OilCrop,OilCropAEZ08,OilCropAEZ08,2005,CO_AWB,0.00688451857258949
Europe_Non_EU,OilCrop,OilCropAEZ09,OilCropAEZ09,2005,CO_AWB,0.010811804050515
Europe_Non_EU,OilCrop,OilCropAEZ10,OilCropAEZ10,2005,CO_AWB,0.0141106761115997
Europe_Non_EU,OilCrop,OilCropAEZ11,OilCropAEZ11,2005,CO_AWB,0.00376139998684709
Europe_Non_EU,OilCrop,OilCropAEZ12,OilCropAEZ12,2005,CO_AWB,0.000177070026858739
Europe_Non_EU,OilCrop,OilCropAEZ14,OilCropAEZ14,2005,CO_AWB,0.00018938655085885
Europe_Non_EU,OilCrop,OilCropAEZ15,OilCropAEZ15,2005,CO_AWB,8.48252911655996e-05
Europe_Non_EU,OilCrop,OilCropAEZ16,OilCropAEZ16,2005,CO_AWB,5.65871067697407e-05
Europe_Non_EU,OtherGrain,OtherGrainAEZ07,OtherGrainAEZ07,2005,CO_AWB,0.000305275472616938
Europe_Non_EU,OtherGrain,OtherGrainAEZ08,OtherGrainAEZ08,2005,CO_AWB,0.0507751451502896
Europe_Non_EU,OtherGrain,OtherGrainAEZ09,OtherGrainAEZ09,2005,CO_AWB,0.0360528568162406
Europe_Non_EU,OtherGrain,OtherGrainAEZ10,OtherGrainAEZ10,2005,CO_AWB,0.0152061631667934
Europe_Non_EU,OtherGrain,OtherGrainAEZ11,OtherGrainAEZ11,2005,CO_AWB,0.00454386673310438
Europe_Non_EU,OtherGrain,OtherGrainAEZ12,OtherGrainAEZ12,2005,CO_AWB,0.000167236463232731
Europe_Non_EU,OtherGrain,OtherGrainAEZ14,OtherGrainAEZ14,2005,CO_AWB,0.000532614162064921
Europe_Non_EU,OtherGrain,OtherGrainAEZ15,OtherGrainAEZ15,2005,CO_AWB,0.00035040405399008
Europe_Non_EU,OtherGrain,OtherGrainAEZ16,OtherGrainAEZ16,2005,CO_AWB,4.48517189107303e-05
Europe_Non_EU,PalmFruit,PalmFruitAEZ07,PalmFruitAEZ07,2005,CO_AWB,0
Europe_Non_EU,PalmFruit,PalmFruitAEZ08,PalmFruitAEZ08,2005,CO_AWB,0
Europe_Non_EU,PalmFruit,PalmFruitAEZ09,PalmFruitAEZ09,2005,CO_AWB,0
Europe_Non_EU,PalmFruit,PalmFruitAEZ10,PalmFruitAEZ10,2005,CO_AWB,0
Europe_Non_EU,PalmFruit,PalmFruitAEZ11,PalmFruitAEZ11,2005,CO_AWB,0
Europe_Non_EU,PalmFruit,PalmFruitAEZ12,PalmFruitAEZ12,2005,CO_AWB,0
Europe_Non_EU,PalmFruit,PalmFruitAEZ14,PalmFruitAEZ14,2005,CO_AWB,0
Europe_Non_EU,PalmFruit,PalmFruitAEZ15,PalmFruitAEZ15,2005,CO_AWB,0
Europe_Non_EU,PalmFruit,PalmFruitAEZ16,PalmFruitAEZ16,2005,CO_AWB,0
Europe_Non_EU,Rice,RiceAEZ07,RiceAEZ07,2005,CO_AWB,0
Europe_Non_EU,Rice,RiceAEZ08,RiceAEZ08,2005,CO_AWB,0.000713134296188234
Europe_Non_EU,Rice,RiceAEZ09,RiceAEZ09,2005,CO_AWB,0.00350094348853368
Europe_Non_EU,Rice,RiceAEZ10,RiceAEZ10,2005,CO_AWB,0.00182603628625831
Europe_Non_EU,Rice,RiceAEZ11,RiceAEZ11,2005,CO_AWB,6.99132231223998e-07
Europe_Non_EU,Rice,RiceAEZ12,RiceAEZ12,2005,CO_AWB,0
Europe_Non_EU,Rice,RiceAEZ14,RiceAEZ14,2005,CO_AWB,1.37884412269178e-06
Europe_Non_EU,Rice,RiceAEZ15,RiceAEZ15,2005,CO_AWB,0
Europe_Non_EU,Rice,RiceAEZ16,RiceAEZ16,2005,CO_AWB,0
Europe_Non_EU,Root_Tuber,Root_TuberAEZ07,Root_TuberAEZ07,2005,CO_AWB,2.21710122410802e-05
Europe_Non_EU,Root_Tuber,Root_TuberAEZ08,Root_TuberAEZ08,2005,CO_AWB,0.0273209580451425
Europe_Non_EU,Root_Tuber,Root_TuberAEZ09,Root_TuberAEZ09,2005,CO_AWB,0.0127527476879209
Europe_Non_EU,Root_Tuber,Root_TuberAEZ10,Root_TuberAEZ10,2005,CO_AWB,0.0183130613030749
Europe_Non_EU,Root_Tuber,Root_TuberAEZ11,Root_TuberAEZ11,2005,CO_AWB,0.00941803263880515
Europe_Non_EU,Root_Tuber,Root_TuberAEZ12,Root_TuberAEZ12,2005,CO_AWB,0.000572132711283941
Europe_Non_EU,Root_Tuber,Root_TuberAEZ14,Root_TuberAEZ14,2005,CO_AWB,0.000447437001432643
Europe_Non_EU,Root_Tuber,Root_TuberAEZ15,Root_TuberAEZ15,2005,CO_AWB,0.000284039424188132
Europe_Non_EU,Root_Tuber,Root_TuberAEZ16,Root_TuberAEZ16,2005,CO_AWB,0.000105521031063718
Europe_Non_EU,SugarCrop,SugarCropAEZ07,SugarCropAEZ07,2005,CO_AWB,0.000678224210469637
Europe_Non_EU,SugarCrop,SugarCropAEZ08,SugarCropAEZ08,2005,CO_AWB,0.09279080823277
Europe_Non_EU,SugarCrop,SugarCropAEZ09,SugarCropAEZ09,2005,CO_AWB,0.053798432373548
Europe_Non_EU,SugarCrop,SugarCropAEZ10,SugarCropAEZ10,2005,CO_AWB,0.025261146528586
Europe_Non_EU,SugarCrop,SugarCropAEZ11,SugarCropAEZ11,2005,CO_AWB,0.0118790872045152
Europe_Non_EU,SugarCrop,SugarCropAEZ12,SugarCropAEZ12,2005,CO_AWB,0.000672184668763887
Europe_Non_EU,SugarCrop,SugarCropAEZ14,SugarCropAEZ14,2005,CO_AWB,0.000933555677940558
Europe_Non_EU,SugarCrop,SugarCropAEZ15,SugarCropAEZ15,2005,CO_AWB,0.000502030903155726
Europe_Non_EU,SugarCrop,SugarCropAEZ16,SugarCropAEZ16,2005,CO_AWB,0.000102624199922127
Europe_Non_EU,Wheat,WheatAEZ07,WheatAEZ07,2005,CO_AWB,0.000329005116304444
Europe_Non_EU,Wheat,WheatAEZ08,WheatAEZ08,2005,CO_AWB,0.075100688851084
Europe_Non_EU,Wheat,WheatAEZ09,WheatAEZ09,2005,CO_AWB,0.0748964251094549
Europe_Non_EU,Wheat,WheatAEZ10,WheatAEZ10,2005,CO_AWB,0.0749223964670337
Europe_Non_EU,Wheat,WheatAEZ11,WheatAEZ11,2005,CO_AWB,0.0173217437589086
Europe_Non_EU,Wheat,WheatAEZ12,WheatAEZ12,2005,CO_AWB,0.000594705697016187
Europe_Non_EU,Wheat,WheatAEZ14,WheatAEZ14,2005,CO_AWB,0.00051334676182812
Europe_Non_EU,Wheat,WheatAEZ15,WheatAEZ15,2005,CO_AWB,0.000394654648626198
Europe_Non_EU,Wheat,WheatAEZ16,WheatAEZ16,2005,CO_AWB,0.00016991887803083
Europe_Non_EU,Corn,CornAEZ07,CornAEZ07,2005,N2O_AWB,2.74964148922642e-10
Europe_Non_EU,Corn,CornAEZ08,CornAEZ08,2005,N2O_AWB,1.49896018374807e-06
Europe_Non_EU,Corn,CornAEZ09,CornAEZ09,2005,N2O_AWB,7.32875006920591e-06
Europe_Non_EU,Corn,CornAEZ10,CornAEZ10,2005,N2O_AWB,4.24184717865622e-05
Europe_Non_EU,Corn,CornAEZ11,CornAEZ11,2005,N2O_AWB,2.44426218097071e-05
Europe_Non_EU,Corn,CornAEZ12,CornAEZ12,2005,N2O_AWB,1.08309065671001e-06
Europe_Non_EU,Corn,CornAEZ14,CornAEZ14,2005,N2O_AWB,3.31606763600708e-08
Europe_Non_EU,Corn,CornAEZ15,CornAEZ15,2005,N2O_AWB,1.45964718455585e-07
Europe_Non_EU,Corn,CornAEZ16,CornAEZ16,2005,N2O_AWB,2.28845787044592e-07
Europe_Non_EU,FiberCrop,FiberCropAEZ07,FiberCropAEZ07,2005,N2O_AWB,0
Europe_Non_EU,FiberCrop,FiberCropAEZ08,FiberCropAEZ08,2005,N2O_AWB,5.04444214377804e-07
Europe_Non_EU,FiberCrop,FiberCropAEZ09,FiberCropAEZ09,2005,N2O_AWB,8.45614165324728e-06
Europe_Non_EU,FiberCrop,FiberCropAEZ10,FiberCropAEZ10,2005,N2O_AWB,6.28227415836316e-06
Europe_Non_EU,FiberCrop,FiberCropAEZ11,FiberCropAEZ11,2005,N2O_AWB,2.75958138093036e-10
Europe_Non_EU,FiberCrop,FiberCropAEZ12,FiberCropAEZ12,2005,N2O_AWB,0
Europe_Non_EU,FiberCrop,FiberCropAEZ14,FiberCropAEZ14,2005,N2O_AWB,0
Europe_Non_EU,FiberCrop,FiberCropAEZ15,FiberCropAEZ15,2005,N2O_AWB,0
Europe_Non_EU,FiberCrop,FiberCropAEZ16,FiberCropAEZ16,2005,N2O_AWB,0
Europe_Non_EU,FodderGrass,FodderGrassAEZ07,FodderGrassAEZ07,2005,N2O_AWB,0
Europe_Non_EU,FodderGrass,FodderGrassAEZ08,FodderGrassAEZ08,2005,N2O_AWB,3.9443583368982e-08
Europe_Non_EU,FodderGrass,FodderGrassAEZ09,FodderGrassAEZ09,2005,N2O_AWB,4.70721141757537e-09
Europe_Non_EU,FodderGrass,FodderGrassAEZ10,FodderGrassAEZ10,2005,N2O_AWB,1.73015366910707e-08
Europe_Non_EU,FodderGrass,FodderGrassAEZ11,FodderGrassAEZ11,2005,N2O_AWB,3.75309363856042e-09
Europe_Non_EU,FodderGrass,FodderGrassAEZ12,FodderGrassAEZ12,2005,N2O_AWB,5.08563818867733e-10
Europe_Non_EU,FodderGrass,FodderGrassAEZ14,FodderGrassAEZ14,2005,N2O_AWB,0
Europe_Non_EU,FodderGrass,FodderGrassAEZ15,FodderGrassAEZ15,2005,N2O_AWB,4.10630176142301e-10
Europe_Non_EU,FodderGrass,FodderGrassAEZ16,FodderGrassAEZ16,2005,N2O_AWB,5.8083767081901e-12
Europe_Non_EU,FodderHerb,FodderHerbAEZ07,FodderHerbAEZ07,2005,N2O_AWB,1.43520508163545e-07
Europe_Non_EU,FodderHerb,FodderHerbAEZ08,FodderHerbAEZ08,2005,N2O_AWB,4.14238130930143e-05
Europe_Non_EU,FodderHerb,FodderHerbAEZ09,FodderHerbAEZ09,2005,N2O_AWB,4.85255785335355e-05
Europe_Non_EU,FodderHerb,FodderHerbAEZ10,FodderHerbAEZ10,2005,N2O_AWB,7.61567111047403e-05
Europe_Non_EU,FodderHerb,FodderHerbAEZ11,FodderHerbAEZ11,2005,N2O_AWB,3.1116374245726e-05
Europe_Non_EU,FodderHerb,FodderHerbAEZ12,FodderHerbAEZ12,2005,N2O_AWB,1.05845337936176e-06
Europe_Non_EU,FodderHerb,FodderHerbAEZ14,FodderHerbAEZ14,2005,N2O_AWB,1.27091772224077e-06
Europe_Non_EU,FodderHerb,FodderHerbAEZ15,FodderHerbAEZ15,2005,N2O_AWB,4.6282027161004e-07
Europe_Non_EU,FodderHerb,FodderHerbAEZ16,FodderHerbAEZ16,2005,N2O_AWB,5.69519961123735e-07
Europe_Non_EU,MiscCrop,MiscCropAEZ07,MiscCropAEZ07,2005,N2O_AWB,2.82196034188715e-07
Europe_Non_EU,MiscCrop,MiscCropAEZ08,MiscCropAEZ08,2005,N2O_AWB,0.000101056443385293
Europe_Non_EU,MiscCrop,MiscCropAEZ09,MiscCropAEZ09,2005,N2O_AWB,0.000102848887847112
Europe_Non_EU,MiscCrop,MiscCropAEZ10,MiscCropAEZ10,2005,N2O_AWB,7.62617691700971e-05
Europe_Non_EU,MiscCrop,MiscCropAEZ11,MiscCropAEZ11,2005,N2O_AWB,1.76396700685414e-05
Europe_Non_EU,MiscCrop,MiscCropAEZ12,MiscCropAEZ12,2005,N2O_AWB,6.43821355664443e-07
Europe_Non_EU,MiscCrop,MiscCropAEZ14,MiscCropAEZ14,2005,N2O_AWB,2.4703095623801e-06
Europe_Non_EU,MiscCrop,MiscCropAEZ15,MiscCropAEZ15,2005,N2O_AWB,1.1094682114153e-06
Europe_Non_EU,MiscCrop,MiscCropAEZ16,MiscCropAEZ16,2005,N2O_AWB,2.2203679118344e-07
Europe_Non_EU,OilCrop,OilCropAEZ07,OilCropAEZ07,2005,N2O_AWB,1.38686009557383e-08
Europe_Non_EU,OilCrop,OilCropAEZ08,OilCropAEZ08,2005,N2O_AWB,4.20131507837542e-06
Europe_Non_EU,OilCrop,OilCropAEZ09,OilCropAEZ09,2005,N2O_AWB,6.59796250136104e-06
Europe_Non_EU,OilCrop,OilCropAEZ10,OilCropAEZ10,2005,N2O_AWB,8.61111720284561e-06
Europe_Non_EU,OilCrop,OilCropAEZ11,OilCropAEZ11,2005,N2O_AWB,2.29541489559782e-06
Europe_Non_EU,OilCrop,OilCropAEZ12,OilCropAEZ12,2005,N2O_AWB,1.08057951464012e-07
Europe_Non_EU,OilCrop,OilCropAEZ14,OilCropAEZ14,2005,N2O_AWB,1.15574177536937e-07
Europe_Non_EU,OilCrop,OilCropAEZ15,OilCropAEZ15,2005,N2O_AWB,5.17650974493012e-08
Europe_Non_EU,OilCrop,OilCropAEZ16,OilCropAEZ16,2005,N2O_AWB,3.45325911182674e-08
Europe_Non_EU,OtherGrain,OtherGrainAEZ07,OtherGrainAEZ07,2005,N2O_AWB,1.86296025298006e-07
Europe_Non_EU,OtherGrain,OtherGrainAEZ08,OtherGrainAEZ08,2005,N2O_AWB,3.09858097813766e-05
Europe_Non_EU,OtherGrain,OtherGrainAEZ09,OtherGrainAEZ09,2005,N2O_AWB,2.2001452877715e-05
Europe_Non_EU,OtherGrain,OtherGrainAEZ10,OtherGrainAEZ10,2005,N2O_AWB,9.27964416440763e-06
Europe_Non_EU,OtherGrain,OtherGrainAEZ11,OtherGrainAEZ11,2005,N2O_AWB,2.77291950317732e-06
Europe_Non_EU,OtherGrain,OtherGrainAEZ12,OtherGrainAEZ12,2005,N2O_AWB,1.02056965527158e-07
Europe_Non_EU,OtherGrain,OtherGrainAEZ14,OtherGrainAEZ14,2005,N2O_AWB,3.25030702792915e-07
Europe_Non_EU,OtherGrain,OtherGrainAEZ15,OtherGrainAEZ15,2005,N2O_AWB,2.1383598867955e-07
Europe_Non_EU,OtherGrain,OtherGrainAEZ16,OtherGrainAEZ16,2005,N2O_AWB,2.73710065509824e-08
Europe_Non_EU,PalmFruit,PalmFruitAEZ07,PalmFruitAEZ07,2005,N2O_AWB,0
Europe_Non_EU,PalmFruit,PalmFruitAEZ08,PalmFruitAEZ08,2005,N2O_AWB,0
Europe_Non_EU,PalmFruit,PalmFruitAEZ09,PalmFruitAEZ09,2005,N2O_AWB,0
Europe_Non_EU,PalmFruit,PalmFruitAEZ10,PalmFruitAEZ10,2005,N2O_AWB,0
Europe_Non_EU,PalmFruit,PalmFruitAEZ11,PalmFruitAEZ11,2005,N2O_AWB,0
Europe_Non_EU,PalmFruit,PalmFruitAEZ12,PalmFruitAEZ12,2005,N2O_AWB,0
Europe_Non_EU,PalmFruit,PalmFruitAEZ14,PalmFruitAEZ14,2005,N2O_AWB,0
Europe_Non_EU,PalmFruit,PalmFruitAEZ15,PalmFruitAEZ15,2005,N2O_AWB,0
Europe_Non_EU,PalmFruit,PalmFruitAEZ16,PalmFruitAEZ16,2005,N2O_AWB,0
Europe_Non_EU,Rice,RiceAEZ07,RiceAEZ07,2005,N2O_AWB,0
Europe_Non_EU,Rice,RiceAEZ08,RiceAEZ08,2005,N2O_AWB,4.35194101067744e-07
Europe_Non_EU,Rice,RiceAEZ09,RiceAEZ09,2005,N2O_AWB,2.13646989427533e-06
Europe_Non_EU,Rice,RiceAEZ10,RiceAEZ10,2005,N2O_AWB,1.11434862179943e-06
Europe_Non_EU,Rice,RiceAEZ11,RiceAEZ11,2005,N2O_AWB,4.26649264411067e-10
Europe_Non_EU,Rice,RiceAEZ12,RiceAEZ12,2005,N2O_AWB,0
Europe_Non_EU,Rice,RiceAEZ14,RiceAEZ14,2005,N2O_AWB,8.41447160366273e-10
Europe_Non_EU,Rice,RiceAEZ15,RiceAEZ15,2005,N2O_AWB,0
Europe_Non_EU,Rice,RiceAEZ16,RiceAEZ16,2005,N2O_AWB,0
Europe_Non_EU,Root_Tuber,Root_TuberAEZ07,Root_TuberAEZ07,2005,N2O_AWB,1.35299813703982e-08
Europe_Non_EU,Root_Tuber,Root_TuberAEZ08,Root_TuberAEZ08,2005,N2O_AWB,1.66727639384587e-05
Europe_Non_EU,Root_Tuber,Root_TuberAEZ09,Root_TuberAEZ09,2005,N2O_AWB,7.78243396209286e-06
Europe_Non_EU,Root_Tuber,Root_TuberAEZ10,Root_TuberAEZ10,2005,N2O_AWB,1.11756457292674e-05
Europe_Non_EU,Root_Tuber,Root_TuberAEZ11,Root_TuberAEZ11,2005,N2O_AWB,5.74740588130348e-06
Europe_Non_EU,Root_Tuber,Root_TuberAEZ12,Root_TuberAEZ12,2005,N2O_AWB,3.491471133972e-07
Europe_Non_EU,Root_Tuber,Root_TuberAEZ14,Root_TuberAEZ14,2005,N2O_AWB,2.73050875078834e-07
Europe_Non_EU,Root_Tuber,Root_TuberAEZ15,Root_TuberAEZ15,2005,N2O_AWB,1.73336610703022e-07
Europe_Non_EU,Root_Tuber,Root_TuberAEZ16,Root_TuberAEZ16,2005,N2O_AWB,6.43947858109954e-08
Europe_Non_EU,SugarCrop,SugarCropAEZ07,SugarCropAEZ07,2005,N2O_AWB,4.13890030496873e-07
Europe_Non_EU,SugarCrop,SugarCropAEZ08,SugarCropAEZ08,2005,N2O_AWB,5.6626097765954e-05
Europe_Non_EU,SugarCrop,SugarCropAEZ09,SugarCropAEZ09,2005,N2O_AWB,3.28307873296843e-05
Europe_Non_EU,SugarCrop,SugarCropAEZ10,SugarCropAEZ10,2005,N2O_AWB,1.5415752704939e-05
Europe_Non_EU,SugarCrop,SugarCropAEZ11,SugarCropAEZ11,2005,N2O_AWB,7.24927787810357e-06
Europe_Non_EU,SugarCrop,SugarCropAEZ12,SugarCropAEZ12,2005,N2O_AWB,4.10204367168739e-07
Europe_Non_EU,SugarCrop,SugarCropAEZ14,SugarCropAEZ14,2005,N2O_AWB,5.69707453742753e-07
Europe_Non_EU,SugarCrop,SugarCropAEZ15,SugarCropAEZ15,2005,N2O_AWB,3.06367101925799e-07
Europe_Non_EU,SugarCrop,SugarCropAEZ16,SugarCropAEZ16,2005,N2O_AWB,6.26269787775261e-08
Europe_Non_EU,Wheat,WheatAEZ07,WheatAEZ07,2005,N2O_AWB,2.00777170025501e-07
Europe_Non_EU,Wheat,WheatAEZ08,WheatAEZ08,2005,N2O_AWB,4.58306057481899e-05
Europe_Non_EU,Wheat,WheatAEZ09,WheatAEZ09,2005,N2O_AWB,4.57059526836911e-05
Europe_Non_EU,Wheat,WheatAEZ10,WheatAEZ10,2005,N2O_AWB,4.57218018465703e-05
Europe_Non_EU,Wheat,WheatAEZ11,WheatAEZ11,2005,N2O_AWB,1.05706887810291e-05
Europe_Non_EU,Wheat,WheatAEZ12,WheatAEZ12,2005,N2O_AWB,3.62922401287108e-07
Europe_Non_EU,Wheat,WheatAEZ14,WheatAEZ14,2005,N2O_AWB,3.13272666514495e-07
Europe_Non_EU,Wheat,WheatAEZ15,WheatAEZ15,2005,N2O_AWB,2.40840155857194e-07
Europe_Non_EU,Wheat,WheatAEZ16,WheatAEZ16,2005,N2O_AWB,1.03693923815365e-07
Europe_Non_EU,Corn,CornAEZ07,CornAEZ07,2005,NH3_AWB,5.10856267656328e-09
Europe_Non_EU,Corn,CornAEZ08,CornAEZ08,2005,NH3_AWB,2.78492017172179e-05
Europe_Non_EU,Corn,CornAEZ09,CornAEZ09,2005,NH3_AWB,0.000136160947585712
Europe_Non_EU,Corn,CornAEZ10,CornAEZ10,2005,NH3_AWB,0.000788093366407011
Europe_Non_EU,Corn,CornAEZ11,CornAEZ11,2005,NH3_AWB,0.000454119804286016
Europe_Non_EU,Corn,CornAEZ12,CornAEZ12,2005,NH3_AWB,2.01227560970497e-05
Europe_Non_EU,Corn,CornAEZ14,CornAEZ14,2005,NH3_AWB,6.16092658793533e-07
Europe_Non_EU,Corn,CornAEZ15,CornAEZ15,2005,NH3_AWB,2.71188049685362e-06
Europe_Non_EU,Corn,CornAEZ16,CornAEZ16,2005,NH3_AWB,4.2517290016367e-06
Europe_Non_EU,FiberCrop,FiberCropAEZ07,FiberCropAEZ07,2005,NH3_AWB,0
Europe_Non_EU,FiberCrop,FiberCropAEZ08,FiberCropAEZ08,2005,NH3_AWB,9.37207594544892e-06
Europe_Non_EU,FiberCrop,FiberCropAEZ09,FiberCropAEZ09,2005,NH3_AWB,0.000157106771216434
Europe_Non_EU,FiberCrop,FiberCropAEZ10,FiberCropAEZ10,2005,NH3_AWB,0.000116718457351984
Europe_Non_EU,FiberCrop,FiberCropAEZ11,FiberCropAEZ11,2005,NH3_AWB,5.12703001492966e-09
Europe_Non_EU,FiberCrop,FiberCropAEZ12,FiberCropAEZ12,2005,NH3_AWB,0
Europe_Non_EU,FiberCrop,FiberCropAEZ14,FiberCropAEZ14,2005,NH3_AWB,0
Europe_Non_EU,FiberCrop,FiberCropAEZ15,FiberCropAEZ15,2005,NH3_AWB,0
Europe_Non_EU,FiberCrop,FiberCropAEZ16,FiberCropAEZ16,2005,NH3_AWB,0
Europe_Non_EU,FodderGrass,FodderGrassAEZ07,FodderGrassAEZ07,2005,NH3_AWB,0
Europe_Non_EU,FodderGrass,FodderGrassAEZ08,FodderGrassAEZ08,2005,NH3_AWB,7.32822873884488e-07
Europe_Non_EU,FodderGrass,FodderGrassAEZ09,FodderGrassAEZ09,2005,NH3_AWB,8.74553451885955e-08
Europe_Non_EU,FodderGrass,FodderGrassAEZ10,FodderGrassAEZ10,2005,NH3_AWB,3.21445486378882e-07
Europe_Non_EU,FodderGrass,FodderGrassAEZ11,FodderGrassAEZ11,2005,NH3_AWB,6.9728777946942e-08
Europe_Non_EU,FodderGrass,FodderGrassAEZ12,FodderGrassAEZ12,2005,NH3_AWB,9.44861413350695e-09
Europe_Non_EU,FodderGrass,FodderGrassAEZ14,FodderGrassAEZ14,2005,NH3_AWB,0
Europe_Non_EU,FodderGrass,FodderGrassAEZ15,FodderGrassAEZ15,2005,NH3_AWB,7.62910364834992e-09
Europe_Non_EU,FodderGrass,FodderGrassAEZ16,FodderGrassAEZ16,2005,NH3_AWB,1.0791391015571e-10
Europe_Non_EU,FodderHerb,FodderHerbAEZ07,FodderHerbAEZ07,2005,NH3_AWB,2.66646948047017e-06
Europe_Non_EU,FodderHerb,FodderHerbAEZ08,FodderHerbAEZ08,2005,NH3_AWB,0.000769613588960798
Europe_Non_EU,FodderHerb,FodderHerbAEZ09,FodderHerbAEZ09,2005,NH3_AWB,0.000901557386031448
Europe_Non_EU,FodderHerb,FodderHerbAEZ10,FodderHerbAEZ10,2005,NH3_AWB,0.00141491657528394
Europe_Non_EU,FodderHerb,FodderHerbAEZ11,FodderHerbAEZ11,2005,NH3_AWB,0.000578111541902912
Europe_Non_EU,FodderHerb,FodderHerbAEZ12,FodderHerbAEZ12,2005,NH3_AWB,1.96650197848556e-05
Europe_Non_EU,FodderHerb,FodderHerbAEZ14,FodderHerbAEZ14,2005,NH3_AWB,2.36123977117053e-05
Europe_Non_EU,FodderHerb,FodderHerbAEZ15,FodderHerbAEZ15,2005,NH3_AWB,8.59874414452884e-06
Europe_Non_EU,FodderHerb,FodderHerbAEZ16,FodderHerbAEZ16,2005,NH3_AWB,1.05811191326365e-05
Europe_Non_EU,MiscCrop,MiscCropAEZ07,MiscCropAEZ07,2005,NH3_AWB,5.24292397164921e-06
Europe_Non_EU,MiscCrop,MiscCropAEZ08,MiscCropAEZ08,2005,NH3_AWB,0.00187752904124814
Europe_Non_EU,MiscCrop,MiscCropAEZ09,MiscCropAEZ09,2005,NH3_AWB,0.00191083089137419
Europe_Non_EU,MiscCrop,MiscCropAEZ10,MiscCropAEZ10,2005,NH3_AWB,0.00141686845051442
Europe_Non_EU,MiscCrop,MiscCropAEZ11,MiscCropAEZ11,2005,NH3_AWB,0.000327727671015007
Europe_Non_EU,MiscCrop,MiscCropAEZ12,MiscCropAEZ12,2005,NH3_AWB,1.1961565756149e-05
Europe_Non_EU,MiscCrop,MiscCropAEZ14,MiscCropAEZ14,2005,NH3_AWB,4.58959150833979e-05
Europe_Non_EU,MiscCrop,MiscCropAEZ15,MiscCropAEZ15,2005,NH3_AWB,2.06128250460178e-05
Europe_Non_EU,MiscCrop,MiscCropAEZ16,MiscCropAEZ16,2005,NH3_AWB,4.12522457457795e-06
Europe_Non_EU,OilCrop,OilCropAEZ07,OilCropAEZ07,2005,NH3_AWB,2.57664926486713e-07
Europe_Non_EU,OilCrop,OilCropAEZ08,OilCropAEZ08,2005,NH3_AWB,7.80562901962518e-05
Europe_Non_EU,OilCrop,OilCropAEZ09,OilCropAEZ09,2005,NH3_AWB,0.000122583635386226
Europe_Non_EU,OilCrop,OilCropAEZ10,OilCropAEZ10,2005,NH3_AWB,0.000159986064068102
Europe_Non_EU,OilCrop,OilCropAEZ11,OilCropAEZ11,2005,NH3_AWB,4.26465446816394e-05
Europe_Non_EU,OilCrop,OilCropAEZ12,OilCropAEZ12,2005,NH3_AWB,2.00761015542517e-06
Europe_Non_EU,OilCrop,OilCropAEZ14,OilCropAEZ14,2005,NH3_AWB,2.14725422224336e-06
Europe_Non_EU,OilCrop,OilCropAEZ15,OilCropAEZ15,2005,NH3_AWB,9.61744452192417e-07
Europe_Non_EU,OilCrop,OilCropAEZ16,OilCropAEZ16,2005,NH3_AWB,6.41581481815045e-07
Europe_Non_EU,OtherGrain,OtherGrainAEZ07,OtherGrainAEZ07,2005,NH3_AWB,3.46119639727007e-06
Europe_Non_EU,OtherGrain,OtherGrainAEZ08,OtherGrainAEZ08,2005,NH3_AWB,0.000575685782937336
Europe_Non_EU,OtherGrain,OtherGrainAEZ09,OtherGrainAEZ09,2005,NH3_AWB,0.000408765293372416
Europe_Non_EU,OtherGrain,OtherGrainAEZ10,OtherGrainAEZ10,2005,NH3_AWB,0.000172406635613496
Europe_Non_EU,OtherGrain,OtherGrainAEZ11,OtherGrainAEZ11,2005,NH3_AWB,5.15181093046111e-05
Europe_Non_EU,OtherGrain,OtherGrainAEZ12,OtherGrainAEZ12,2005,NH3_AWB,1.89611775578068e-06
Europe_Non_EU,OtherGrain,OtherGrainAEZ14,OtherGrainAEZ14,2005,NH3_AWB,6.03874986441291e-06
Europe_Non_EU,OtherGrain,OtherGrainAEZ15,OtherGrainAEZ15,2005,NH3_AWB,3.97286175290323e-06
Europe_Non_EU,OtherGrain,OtherGrainAEZ16,OtherGrainAEZ16,2005,NH3_AWB,5.08526304371615e-07
Europe_Non_EU,PalmFruit,PalmFruitAEZ07,PalmFruitAEZ07,2005,NH3_AWB,0
Europe_Non_EU,PalmFruit,PalmFruitAEZ08,PalmFruitAEZ08,2005,NH3_AWB,0
Europe_Non_EU,PalmFruit,PalmFruitAEZ09,PalmFruitAEZ09,2005,NH3_AWB,0
Europe_Non_EU,PalmFruit,PalmFruitAEZ10,PalmFruitAEZ10,2005,NH3_AWB,0
Europe_Non_EU,PalmFruit,PalmFruitAEZ11,PalmFruitAEZ11,2005,NH3_AWB,0
Europe_Non_EU,PalmFruit,PalmFruitAEZ12,PalmFruitAEZ12,2005,NH3_AWB,0
Europe_Non_EU,PalmFruit,PalmFruitAEZ14,PalmFruitAEZ14,2005,NH3_AWB,0
Europe_Non_EU,PalmFruit,PalmFruitAEZ15,PalmFruitAEZ15,2005,NH3_AWB,0
Europe_Non_EU,PalmFruit,PalmFruitAEZ16,PalmFruitAEZ16,2005,NH3_AWB,0
Europe_Non_EU,Rice,RiceAEZ07,RiceAEZ07,2005,NH3_AWB,0
Europe_Non_EU,Rice,RiceAEZ08,RiceAEZ08,2005,NH3_AWB,8.08547714487919e-06
Europe_Non_EU,Rice,RiceAEZ09,RiceAEZ09,2005,NH3_AWB,3.96935033321985e-05
Europe_Non_EU,Rice,RiceAEZ10,RiceAEZ10,2005,NH3_AWB,2.07034982571705e-05
Europe_Non_EU,Rice,RiceAEZ11,RiceAEZ11,2005,NH3_AWB,7.92672250798319e-09
Europe_Non_EU,Rice,RiceAEZ12,RiceAEZ12,2005,NH3_AWB,0
Europe_Non_EU,Rice,RiceAEZ14,RiceAEZ14,2005,NH3_AWB,1.56332582796336e-08
Europe_Non_EU,Rice,RiceAEZ15,RiceAEZ15,2005,NH3_AWB,0
Europe_Non_EU,Rice,RiceAEZ16,RiceAEZ16,2005,NH3_AWB,0
Europe_Non_EU,Root_Tuber,Root_TuberAEZ07,Root_TuberAEZ07,2005,NH3_AWB,2.51373708587945e-07
Europe_Non_EU,Root_Tuber,Root_TuberAEZ08,Root_TuberAEZ08,2005,NH3_AWB,0.000309763508824283
Europe_Non_EU,Root_Tuber,Root_TuberAEZ09,Root_TuberAEZ09,2005,NH3_AWB,0.000144589946825217
Europe_Non_EU,Root_Tuber,Root_TuberAEZ10,Root_TuberAEZ10,2005,NH3_AWB,0.00020763247457068
Europe_Non_EU,Root_Tuber,Root_TuberAEZ11,Root_TuberAEZ11,2005,NH3_AWB,0.000106781132330628
Europe_Non_EU,Root_Tuber,Root_TuberAEZ12,Root_TuberAEZ12,2005,NH3_AWB,6.48680898626004e-06
Europe_Non_EU,Root_Tuber,Root_TuberAEZ14,Root_TuberAEZ14,2005,NH3_AWB,5.07301593569971e-06
Europe_Non_EU,Root_Tuber,Root_TuberAEZ15,Root_TuberAEZ15,2005,NH3_AWB,3.22042325659175e-06
Europe_Non_EU,Root_Tuber,Root_TuberAEZ16,Root_TuberAEZ16,2005,NH3_AWB,1.19639160468112e-06
Europe_Non_EU,SugarCrop,SugarCropAEZ07,SugarCropAEZ07,2005,NH3_AWB,7.68966852690608e-06
Europe_Non_EU,SugarCrop,SugarCropAEZ08,SugarCropAEZ08,2005,NH3_AWB,0.00105205704343645
Europe_Non_EU,SugarCrop,SugarCropAEZ09,SugarCropAEZ09,2005,NH3_AWB,0.000609963645994435
Europe_Non_EU,SugarCrop,SugarCropAEZ10,SugarCropAEZ10,2005,NH3_AWB,0.000286409479956373
Europe_Non_EU,SugarCrop,SugarCropAEZ11,SugarCropAEZ11,2005,NH3_AWB,0.000134684432662291
Europe_Non_EU,SugarCrop,SugarCropAEZ12,SugarCropAEZ12,2005,NH3_AWB,7.6211925376171e-06
Europe_Non_EU,SugarCrop,SugarCropAEZ14,SugarCropAEZ14,2005,NH3_AWB,1.05846025605648e-05
Europe_Non_EU,SugarCrop,SugarCropAEZ15,SugarCropAEZ15,2005,NH3_AWB,5.69199856911278e-06
Europe_Non_EU,SugarCrop,SugarCropAEZ16,SugarCropAEZ16,2005,NH3_AWB,1.16354749367271e-06
Europe_Non_EU,Wheat,WheatAEZ07,WheatAEZ07,2005,NH3_AWB,3.73024178285452e-06
Europe_Non_EU,Wheat,WheatAEZ08,WheatAEZ08,2005,NH3_AWB,0.000851487449861538
Europe_Non_EU,Wheat,WheatAEZ09,WheatAEZ09,2005,NH3_AWB,0.00084917151887449
Europe_Non_EU,Wheat,WheatAEZ10,WheatAEZ10,2005,NH3_AWB,0.00084946598068799
Europe_Non_EU,Wheat,WheatAEZ11,WheatAEZ11,2005,NH3_AWB,0.000196392971170667
Europe_Non_EU,Wheat,WheatAEZ12,WheatAEZ12,2005,NH3_AWB,6.74274024802281e-06
Europe_Non_EU,Wheat,WheatAEZ14,WheatAEZ14,2005,NH3_AWB,5.8202971478789e-06
Europe_Non_EU,Wheat,WheatAEZ15,WheatAEZ15,2005,NH3_AWB,4.47457254354961e-06
Europe_Non_EU,Wheat,WheatAEZ16,WheatAEZ16,2005,NH3_AWB,1.92653082616455e-06
Europe_Non_EU,Corn,CornAEZ07,CornAEZ07,2005,NMVOC_AWB,2.74964148922642e-08
Europe_Non_EU,Corn,CornAEZ08,CornAEZ08,2005,NMVOC_AWB,0.000149896018374807
Europe_Non_EU,Corn,CornAEZ09,CornAEZ09,2005,NMVOC_AWB,0.000732875006920591
Europe_Non_EU,Corn,CornAEZ10,CornAEZ10,2005,NMVOC_AWB,0.00424184717865622
Europe_Non_EU,Corn,CornAEZ11,CornAEZ11,2005,NMVOC_AWB,0.00244426218097071
Europe_Non_EU,Corn,CornAEZ12,CornAEZ12,2005,NMVOC_AWB,0.000108309065671001
Europe_Non_EU,Corn,CornAEZ14,CornAEZ14,2005,NMVOC_AWB,3.31606763600708e-06
Europe_Non_EU,Corn,CornAEZ15,CornAEZ15,2005,NMVOC_AWB,1.45964718455585e-05
Europe_Non_EU,Corn,CornAEZ16,CornAEZ16,2005,NMVOC_AWB,2.28845787044592e-05
Europe_Non_EU,FiberCrop,FiberCropAEZ07,FiberCropAEZ07,2005,NMVOC_AWB,0
Europe_Non_EU,FiberCrop,FiberCropAEZ08,FiberCropAEZ08,2005,NMVOC_AWB,5.04444214377804e-05
Europe_Non_EU,FiberCrop,FiberCropAEZ09,FiberCropAEZ09,2005,NMVOC_AWB,0.000845614165324728
Europe_Non_EU,FiberCrop,FiberCropAEZ10,FiberCropAEZ10,2005,NMVOC_AWB,0.000628227415836316
Europe_Non_EU,FiberCrop,FiberCropAEZ11,FiberCropAEZ11,2005,NMVOC_AWB,2.75958138093036e-08
Europe_Non_EU,FiberCrop,FiberCropAEZ12,FiberCropAEZ12,2005,NMVOC_AWB,0
Europe_Non_EU,FiberCrop,FiberCropAEZ14,FiberCropAEZ14,2005,NMVOC_AWB,0
Europe_Non_EU,FiberCrop,FiberCropAEZ15,FiberCropAEZ15,2005,NMVOC_AWB,0
Europe_Non_EU,FiberCrop,FiberCropAEZ16,FiberCropAEZ16,2005,NMVOC_AWB,0
Europe_Non_EU,FodderGrass,FodderGrassAEZ07,FodderGrassAEZ07,2005,NMVOC_AWB,0
Europe_Non_EU,FodderGrass,FodderGrassAEZ08,FodderGrassAEZ08,2005,NMVOC_AWB,3.9443583368982e-06
Europe_Non_EU,FodderGrass,FodderGrassAEZ09,FodderGrassAEZ09,2005,NMVOC_AWB,4.70721141757537e-07
Europe_Non_EU,FodderGrass,FodderGrassAEZ10,FodderGrassAEZ10,2005,NMVOC_AWB,1.73015366910707e-06
Europe_Non_EU,FodderGrass,FodderGrassAEZ11,FodderGrassAEZ11,2005,NMVOC_AWB,3.75309363856042e-07
Europe_Non_EU,FodderGrass,FodderGrassAEZ12,FodderGrassAEZ12,2005,NMVOC_AWB,5.08563818867733e-08
Europe_Non_EU,FodderGrass,FodderGrassAEZ14,FodderGrassAEZ14,2005,NMVOC_AWB,0
Europe_Non_EU,FodderGrass,FodderGrassAEZ15,FodderGrassAEZ15,2005,NMVOC_AWB,4.10630176142301e-08
Europe_Non_EU,FodderGrass,FodderGrassAEZ16,FodderGrassAEZ16,2005,NMVOC_AWB,5.80837670819010e-10
Europe_Non_EU,FodderHerb,FodderHerbAEZ07,FodderHerbAEZ07,2005,NMVOC_AWB,1.43520508163545e-05
Europe_Non_EU,FodderHerb,FodderHerbAEZ08,FodderHerbAEZ08,2005,NMVOC_AWB,0.00414238130930143
Europe_Non_EU,FodderHerb,FodderHerbAEZ09,FodderHerbAEZ09,2005,NMVOC_AWB,0.00485255785335354
Europe_Non_EU,FodderHerb,FodderHerbAEZ10,FodderHerbAEZ10,2005,NMVOC_AWB,0.00761567111047403
Europe_Non_EU,FodderHerb,FodderHerbAEZ11,FodderHerbAEZ11,2005,NMVOC_AWB,0.0031116374245726
Europe_Non_EU,FodderHerb,FodderHerbAEZ12,FodderHerbAEZ12,2005,NMVOC_AWB,0.000105845337936176
Europe_Non_EU,FodderHerb,FodderHerbAEZ14,FodderHerbAEZ14,2005,NMVOC_AWB,0.000127091772224077
Europe_Non_EU,FodderHerb,FodderHerbAEZ15,FodderHerbAEZ15,2005,NMVOC_AWB,4.6282027161004e-05
Europe_Non_EU,FodderHerb,FodderHerbAEZ16,FodderHerbAEZ16,2005,NMVOC_AWB,5.69519961123735e-05
Europe_Non_EU,MiscCrop,MiscCropAEZ07,MiscCropAEZ07,2005,NMVOC_AWB,2.82196034188715e-05
Europe_Non_EU,MiscCrop,MiscCropAEZ08,MiscCropAEZ08,2005,NMVOC_AWB,0.0101056443385293
Europe_Non_EU,MiscCrop,MiscCropAEZ09,MiscCropAEZ09,2005,NMVOC_AWB,0.0102848887847112
Europe_Non_EU,MiscCrop,MiscCropAEZ10,MiscCropAEZ10,2005,NMVOC_AWB,0.00762617691700971
Europe_Non_EU,MiscCrop,MiscCropAEZ11,MiscCropAEZ11,2005,NMVOC_AWB,0.00176396700685414
Europe_Non_EU,MiscCrop,MiscCropAEZ12,MiscCropAEZ12,2005,NMVOC_AWB,6.43821355664443e-05
Europe_Non_EU,MiscCrop,MiscCropAEZ14,MiscCropAEZ14,2005,NMVOC_AWB,0.00024703095623801
Europe_Non_EU,MiscCrop,MiscCropAEZ15,MiscCropAEZ15,2005,NMVOC_AWB,0.00011094682114153
Europe_Non_EU,MiscCrop,MiscCropAEZ16,MiscCropAEZ16,2005,NMVOC_AWB,2.2203679118344e-05
Europe_Non_EU,OilCrop,OilCropAEZ07,OilCropAEZ07,2005,NMVOC_AWB,1.38686009557383e-06
Europe_Non_EU,OilCrop,OilCropAEZ08,OilCropAEZ08,2005,NMVOC_AWB,0.000420131507837542
Europe_Non_EU,OilCrop,OilCropAEZ09,OilCropAEZ09,2005,NMVOC_AWB,0.000659796250136104
Europe_Non_EU,OilCrop,OilCropAEZ10,OilCropAEZ10,2005,NMVOC_AWB,0.000861111720284561
Europe_Non_EU,OilCrop,OilCropAEZ11,OilCropAEZ11,2005,NMVOC_AWB,0.000229541489559782
Europe_Non_EU,OilCrop,OilCropAEZ12,OilCropAEZ12,2005,NMVOC_AWB,1.08057951464012e-05
Europe_Non_EU,OilCrop,OilCropAEZ14,OilCropAEZ14,2005,NMVOC_AWB,1.15574177536937e-05
Europe_Non_EU,OilCrop,OilCropAEZ15,OilCropAEZ15,2005,NMVOC_AWB,5.17650974493012e-06
Europe_Non_EU,OilCrop,OilCropAEZ16,OilCropAEZ16,2005,NMVOC_AWB,3.45325911182674e-06
Europe_Non_EU,OtherGrain,OtherGrainAEZ07,OtherGrainAEZ07,2005,NMVOC_AWB,1.86296025298006e-05
Europe_Non_EU,OtherGrain,OtherGrainAEZ08,OtherGrainAEZ08,2005,NMVOC_AWB,0.00309858097813766
Europe_Non_EU,OtherGrain,OtherGrainAEZ09,OtherGrainAEZ09,2005,NMVOC_AWB,0.0022001452877715
Europe_Non_EU,OtherGrain,OtherGrainAEZ10,OtherGrainAEZ10,2005,NMVOC_AWB,0.000927964416440763
Europe_Non_EU,OtherGrain,OtherGrainAEZ11,OtherGrainAEZ11,2005,NMVOC_AWB,0.000277291950317732
Europe_Non_EU,OtherGrain,OtherGrainAEZ12,OtherGrainAEZ12,2005,NMVOC_AWB,1.02056965527158e-05
Europe_Non_EU,OtherGrain,OtherGrainAEZ14,OtherGrainAEZ14,2005,NMVOC_AWB,3.25030702792915e-05
Europe_Non_EU,OtherGrain,OtherGrainAEZ15,OtherGrainAEZ15,2005,NMVOC_AWB,2.1383598867955e-05
Europe_Non_EU,OtherGrain,OtherGrainAEZ16,OtherGrainAEZ16,2005,NMVOC_AWB,2.73710065509824e-06
Europe_Non_EU,PalmFruit,PalmFruitAEZ07,PalmFruitAEZ07,2005,NMVOC_AWB,0
Europe_Non_EU,PalmFruit,PalmFruitAEZ08,PalmFruitAEZ08,2005,NMVOC_AWB,0
Europe_Non_EU,PalmFruit,PalmFruitAEZ09,PalmFruitAEZ09,2005,NMVOC_AWB,0
Europe_Non_EU,PalmFruit,PalmFruitAEZ10,PalmFruitAEZ10,2005,NMVOC_AWB,0
Europe_Non_EU,PalmFruit,PalmFruitAEZ11,PalmFruitAEZ11,2005,NMVOC_AWB,0
Europe_Non_EU,PalmFruit,PalmFruitAEZ12,PalmFruitAEZ12,2005,NMVOC_AWB,0
Europe_Non_EU,PalmFruit,PalmFruitAEZ14,PalmFruitAEZ14,2005,NMVOC_AWB,0
Europe_Non_EU,PalmFruit,PalmFruitAEZ15,PalmFruitAEZ15,2005,NMVOC_AWB,0
Europe_Non_EU,PalmFruit,PalmFruitAEZ16,PalmFruitAEZ16,2005,NMVOC_AWB,0
Europe_Non_EU,Rice,RiceAEZ07,RiceAEZ07,2005,NMVOC_AWB,0
Europe_Non_EU,Rice,RiceAEZ08,RiceAEZ08,2005,NMVOC_AWB,4.35194101067744e-05
Europe_Non_EU,Rice,RiceAEZ09,RiceAEZ09,2005,NMVOC_AWB,0.000213646989427533
Europe_Non_EU,Rice,RiceAEZ10,RiceAEZ10,2005,NMVOC_AWB,0.000111434862179943
Europe_Non_EU,Rice,RiceAEZ11,RiceAEZ11,2005,NMVOC_AWB,4.26649264411067e-08
Europe_Non_EU,Rice,RiceAEZ12,RiceAEZ12,2005,NMVOC_AWB,0
Europe_Non_EU,Rice,RiceAEZ14,RiceAEZ14,2005,NMVOC_AWB,8.41447160366272e-08
Europe_Non_EU,Rice,RiceAEZ15,RiceAEZ15,2005,NMVOC_AWB,0
Europe_Non_EU,Rice,RiceAEZ16,RiceAEZ16,2005,NMVOC_AWB,0
Europe_Non_EU,Root_Tuber,Root_TuberAEZ07,Root_TuberAEZ07,2005,NMVOC_AWB,1.35299813703982e-06
Europe_Non_EU,Root_Tuber,Root_TuberAEZ08,Root_TuberAEZ08,2005,NMVOC_AWB,0.00166727639384587
Europe_Non_EU,Root_Tuber,Root_TuberAEZ09,Root_TuberAEZ09,2005,NMVOC_AWB,0.000778243396209286
Europe_Non_EU,Root_Tuber,Root_TuberAEZ10,Root_TuberAEZ10,2005,NMVOC_AWB,0.00111756457292674
Europe_Non_EU,Root_Tuber,Root_TuberAEZ11,Root_TuberAEZ11,2005,NMVOC_AWB,0.000574740588130348
Europe_Non_EU,Root_Tuber,Root_TuberAEZ12,Root_TuberAEZ12,2005,NMVOC_AWB,3.491471133972e-05
Europe_Non_EU,Root_Tuber,Root_TuberAEZ14,Root_TuberAEZ14,2005,NMVOC_AWB,2.73050875078834e-05
Europe_Non_EU,Root_Tuber,Root_TuberAEZ15,Root_TuberAEZ15,2005,NMVOC_AWB,1.73336610703022e-05
Europe_Non_EU,Root_Tuber,Root_TuberAEZ16,Root_TuberAEZ16,2005,NMVOC_AWB,6.43947858109954e-06
Europe_Non_EU,SugarCrop,SugarCropAEZ07,SugarCropAEZ07,2005,NMVOC_AWB,4.13890030496873e-05
Europe_Non_EU,SugarCrop,SugarCropAEZ08,SugarCropAEZ08,2005,NMVOC_AWB,0.0056626097765954
Europe_Non_EU,SugarCrop,SugarCropAEZ09,SugarCropAEZ09,2005,NMVOC_AWB,0.00328307873296843
Europe_Non_EU,SugarCrop,SugarCropAEZ10,SugarCropAEZ10,2005,NMVOC_AWB,0.0015415752704939
Europe_Non_EU,SugarCrop,SugarCropAEZ11,SugarCropAEZ11,2005,NMVOC_AWB,0.000724927787810357
Europe_Non_EU,SugarCrop,SugarCropAEZ12,SugarCropAEZ12,2005,NMVOC_AWB,4.10204367168739e-05
Europe_Non_EU,SugarCrop,SugarCropAEZ14,SugarCropAEZ14,2005,NMVOC_AWB,5.69707453742753e-05
Europe_Non_EU,SugarCrop,SugarCropAEZ15,SugarCropAEZ15,2005,NMVOC_AWB,3.06367101925799e-05
Europe_Non_EU,SugarCrop,SugarCropAEZ16,SugarCropAEZ16,2005,NMVOC_AWB,6.26269787775261e-06
Europe_Non_EU,Wheat,WheatAEZ07,WheatAEZ07,2005,NMVOC_AWB,2.00777170025501e-05
Europe_Non_EU,Wheat,WheatAEZ08,WheatAEZ08,2005,NMVOC_AWB,0.00458306057481899
Europe_Non_EU,Wheat,WheatAEZ09,WheatAEZ09,2005,NMVOC_AWB,0.00457059526836911
Europe_Non_EU,Wheat,WheatAEZ10,WheatAEZ10,2005,NMVOC_AWB,0.00457218018465703
Europe_Non_EU,Wheat,WheatAEZ11,WheatAEZ11,2005,NMVOC_AWB,0.00105706887810291
Europe_Non_EU,Wheat,WheatAEZ12,WheatAEZ12,2005,NMVOC_AWB,3.62922401287108e-05
Europe_Non_EU,Wheat,WheatAEZ14,WheatAEZ14,2005,NMVOC_AWB,3.13272666514495e-05
Europe_Non_EU,Wheat,WheatAEZ15,WheatAEZ15,2005,NMVOC_AWB,2.40840155857194e-05
Europe_Non_EU,Wheat,WheatAEZ16,WheatAEZ16,2005,NMVOC_AWB,1.03693923815365e-05
Europe_Non_EU,Corn,CornAEZ07,CornAEZ07,2005,NOx_AWB,1.49259920203547e-08
Europe_Non_EU,Corn,CornAEZ08,CornAEZ08,2005,NOx_AWB,8.13686723491635e-05
Europe_Non_EU,Corn,CornAEZ09,CornAEZ09,2005,NOx_AWB,0.000397829555164723
Europe_Non_EU,Corn,CornAEZ10,CornAEZ10,2005,NOx_AWB,0.00230261935558731
Europe_Non_EU,Corn,CornAEZ11,CornAEZ11,2005,NOx_AWB,0.00132682889575861
Europe_Non_EU,Corn,CornAEZ12,CornAEZ12,2005,NOx_AWB,5.87938557179777e-05
Europe_Non_EU,Corn,CornAEZ14,CornAEZ14,2005,NOx_AWB,1.80007463765478e-06
Europe_Non_EU,Corn,CornAEZ15,CornAEZ15,2005,NOx_AWB,7.92346286400531e-06
Europe_Non_EU,Corn,CornAEZ16,CornAEZ16,2005,NOx_AWB,1.24225300087407e-05
Europe_Non_EU,FiberCrop,FiberCropAEZ07,FiberCropAEZ07,2005,NOx_AWB,0
Europe_Non_EU,FiberCrop,FiberCropAEZ08,FiberCropAEZ08,2005,NOx_AWB,2.7382952825008e-05
Europe_Non_EU,FiberCrop,FiberCropAEZ09,FiberCropAEZ09,2005,NOx_AWB,0.000459028216347096
Europe_Non_EU,FiberCrop,FiberCropAEZ10,FiberCropAEZ10,2005,NOx_AWB,0.000341023272760514
Europe_Non_EU,FiberCrop,FiberCropAEZ11,FiberCropAEZ11,2005,NOx_AWB,1.49799491434333e-08
Europe_Non_EU,FiberCrop,FiberCropAEZ12,FiberCropAEZ12,2005,NOx_AWB,0
Europe_Non_EU,FiberCrop,FiberCropAEZ14,FiberCropAEZ14,2005,NOx_AWB,0
Europe_Non_EU,FiberCrop,FiberCropAEZ15,FiberCropAEZ15,2005,NOx_AWB,0
Europe_Non_EU,FiberCrop,FiberCropAEZ16,FiberCropAEZ16,2005,NOx_AWB,0
Europe_Non_EU,FodderGrass,FodderGrassAEZ07,FodderGrassAEZ07,2005,NOx_AWB,0
Europe_Non_EU,FodderGrass,FodderGrassAEZ08,FodderGrassAEZ08,2005,NOx_AWB,2.14113226370196e-06
Europe_Non_EU,FodderGrass,FodderGrassAEZ09,FodderGrassAEZ09,2005,NOx_AWB,2.55523493997827e-07
Europe_Non_EU,FodderGrass,FodderGrassAEZ10,FodderGrassAEZ10,2005,NOx_AWB,9.39186434313839e-07
Europe_Non_EU,FodderGrass,FodderGrassAEZ11,FodderGrassAEZ11,2005,NOx_AWB,2.03730726061152e-07
Europe_Non_EU,FodderGrass,FodderGrassAEZ12,FodderGrassAEZ12,2005,NOx_AWB,2.76065790104021e-08
Europe_Non_EU,FodderGrass,FodderGrassAEZ14,FodderGrassAEZ14,2005,NOx_AWB,0
Europe_Non_EU,FodderGrass,FodderGrassAEZ15,FodderGrassAEZ15,2005,NOx_AWB,2.22904067909637e-08
Europe_Non_EU,FodderGrass,FodderGrassAEZ16,FodderGrassAEZ16,2005,NOx_AWB,3.15298502504231e-10
Europe_Non_EU,FodderHerb,FodderHerbAEZ07,FodderHerbAEZ07,2005,NOx_AWB,7.79078279113763e-06
Europe_Non_EU,FodderHerb,FodderHerbAEZ08,FodderHerbAEZ08,2005,NOx_AWB,0.0022486258885079
Europe_Non_EU,FodderHerb,FodderHerbAEZ09,FodderHerbAEZ09,2005,NOx_AWB,0.00263413394368884
Europe_Non_EU,FodderHerb,FodderHerbAEZ10,FodderHerbAEZ10,2005,NOx_AWB,0.00413404608091512
Europe_Non_EU,FodderHerb,FodderHerbAEZ11,FodderHerbAEZ11,2005,NOx_AWB,0.00168910294492516
Europe_Non_EU,FodderHerb,FodderHerbAEZ12,FodderHerbAEZ12,2005,NOx_AWB,5.7456460255536e-05
Europe_Non_EU,FodderHerb,FodderHerbAEZ14,FodderHerbAEZ14,2005,NOx_AWB,6.89897495910637e-05
Europe_Non_EU,FodderHerb,FodderHerbAEZ15,FodderHerbAEZ15,2005,NOx_AWB,2.51234632150293e-05
Europe_Non_EU,FodderHerb,FodderHerbAEZ16,FodderHerbAEZ16,2005,NOx_AWB,3.09154863587585e-05
Europe_Non_EU,MiscCrop,MiscCropAEZ07,MiscCropAEZ07,2005,NOx_AWB,1.53185634235593e-05
Europe_Non_EU,MiscCrop,MiscCropAEZ08,MiscCropAEZ08,2005,NOx_AWB,0.00548568849242478
Europe_Non_EU,MiscCrop,MiscCropAEZ09,MiscCropAEZ09,2005,NOx_AWB,0.00558298849258428
Europe_Non_EU,MiscCrop,MiscCropAEZ10,MiscCropAEZ10,2005,NOx_AWB,0.00413974899109935
Europe_Non_EU,MiscCrop,MiscCropAEZ11,MiscCropAEZ11,2005,NOx_AWB,0.000957541467556238
Europe_Non_EU,MiscCrop,MiscCropAEZ12,MiscCropAEZ12,2005,NOx_AWB,3.49488195273231e-05
Europe_Non_EU,MiscCrop,MiscCropAEZ14,MiscCropAEZ14,2005,NOx_AWB,0.000134096830297192
Europe_Non_EU,MiscCrop,MiscCropAEZ15,MiscCropAEZ15,2005,NOx_AWB,6.02257193721677e-05
Europe_Non_EU,MiscCrop,MiscCropAEZ16,MiscCropAEZ16,2005,NOx_AWB,1.20529144850865e-05
Europe_Non_EU,OilCrop,OilCropAEZ07,OilCropAEZ07,2005,NOx_AWB,7.52834971431385e-07
Europe_Non_EU,OilCrop,OilCropAEZ08,OilCropAEZ08,2005,NOx_AWB,0.000228061714883672
Europe_Non_EU,OilCrop,OilCropAEZ09,OilCropAEZ09,2005,NOx_AWB,0.000358159912962401
Europe_Non_EU,OilCrop,OilCropAEZ10,OilCropAEZ10,2005,NOx_AWB,0.000467440817865215
Europe_Non_EU,OilCrop,OilCropAEZ11,OilCropAEZ11,2005,NOx_AWB,0.000124602951145952
Europe_Non_EU,OilCrop,OilCropAEZ12,OilCropAEZ12,2005,NOx_AWB,5.86575423598759e-06
Europe_Non_EU,OilCrop,OilCropAEZ14,OilCropAEZ14,2005,NOx_AWB,6.27376062819269e-06
Europe_Non_EU,OilCrop,OilCropAEZ15,OilCropAEZ15,2005,NOx_AWB,2.80998608178016e-06
Europe_Non_EU,OilCrop,OilCropAEZ16,OilCropAEZ16,2005,NOx_AWB,1.87454685090034e-06
Europe_Non_EU,OtherGrain,OtherGrainAEZ07,OtherGrainAEZ07,2005,NOx_AWB,1.01127837862387e-05
Europe_Non_EU,OtherGrain,OtherGrainAEZ08,OtherGrainAEZ08,2005,NOx_AWB,0.0016820154603907
Europe_Non_EU,OtherGrain,OtherGrainAEZ09,OtherGrainAEZ09,2005,NOx_AWB,0.00119431391828967
Europe_Non_EU,OtherGrain,OtherGrainAEZ10,OtherGrainAEZ10,2005,NOx_AWB,0.000503730741961733
Europe_Non_EU,OtherGrain,OtherGrainAEZ11,OtherGrainAEZ11,2005,NOx_AWB,0.000150523530211769
Europe_Non_EU,OtherGrain,OtherGrainAEZ12,OtherGrainAEZ12,2005,NOx_AWB,5.54000024748151e-06
Europe_Non_EU,OtherGrain,OtherGrainAEZ14,OtherGrainAEZ14,2005,NOx_AWB,1.76437753622281e-05
Europe_Non_EU,OtherGrain,OtherGrainAEZ15,OtherGrainAEZ15,2005,NOx_AWB,1.16077469488343e-05
Europe_Non_EU,OtherGrain,OtherGrainAEZ16,OtherGrainAEZ16,2005,NOx_AWB,1.48579160945079e-06
Europe_Non_EU,PalmFruit,PalmFruitAEZ07,PalmFruitAEZ07,2005,NOx_AWB,0
Europe_Non_EU,PalmFruit,PalmFruitAEZ08,PalmFruitAEZ08,2005,NOx_AWB,0
Europe_Non_EU,PalmFruit,PalmFruitAEZ09,PalmFruitAEZ09,2005,NOx_AWB,0
Europe_Non_EU,PalmFruit,PalmFruitAEZ10,PalmFruitAEZ10,2005,NOx_AWB,0
Europe_Non_EU,PalmFruit,PalmFruitAEZ11,PalmFruitAEZ11,2005,NOx_AWB,0
Europe_Non_EU,PalmFruit,PalmFruitAEZ12,PalmFruitAEZ12,2005,NOx_AWB,0
Europe_Non_EU,PalmFruit,PalmFruitAEZ14,PalmFruitAEZ14,2005,NOx_AWB,0
Europe_Non_EU,PalmFruit,PalmFruitAEZ15,PalmFruitAEZ15,2005,NOx_AWB,0
Europe_Non_EU,PalmFruit,PalmFruitAEZ16,PalmFruitAEZ16,2005,NOx_AWB,0
Europe_Non_EU,Rice,RiceAEZ07,RiceAEZ07,2005,NOx_AWB,0
Europe_Non_EU,Rice,RiceAEZ08,RiceAEZ08,2005,NOx_AWB,2.36238204336597e-05
Europe_Non_EU,Rice,RiceAEZ09,RiceAEZ09,2005,NOx_AWB,0.000115974874246799
Europe_Non_EU,Rice,RiceAEZ10,RiceAEZ10,2005,NOx_AWB,6.04906446969236e-05
Europe_Non_EU,Rice,RiceAEZ11,RiceAEZ11,2005,NOx_AWB,2.3159977549951e-08
Europe_Non_EU,Rice,RiceAEZ12,RiceAEZ12,2005,NOx_AWB,0
Europe_Non_EU,Rice,RiceAEZ14,RiceAEZ14,2005,NOx_AWB,4.56766223901813e-08
Europe_Non_EU,Rice,RiceAEZ15,RiceAEZ15,2005,NOx_AWB,0
Europe_Non_EU,Rice,RiceAEZ16,RiceAEZ16,2005,NOx_AWB,0
Europe_Non_EU,Root_Tuber,Root_TuberAEZ07,Root_TuberAEZ07,2005,NOx_AWB,7.34453545167181e-07
Europe_Non_EU,Root_Tuber,Root_TuberAEZ08,Root_TuberAEZ08,2005,NOx_AWB,0.000905054504297233
Europe_Non_EU,Root_Tuber,Root_TuberAEZ09,Root_TuberAEZ09,2005,NOx_AWB,0.000422457064574683
Europe_Non_EU,Root_Tuber,Root_TuberAEZ10,Root_TuberAEZ10,2005,NOx_AWB,0.00060665217495058
Europe_Non_EU,Root_Tuber,Root_TuberAEZ11,Root_TuberAEZ11,2005,NOx_AWB,0.000311988798024029
Europe_Non_EU,Root_Tuber,Root_TuberAEZ12,Root_TuberAEZ12,2005,NOx_AWB,1.89528964009146e-05
Europe_Non_EU,Root_Tuber,Root_TuberAEZ14,Root_TuberAEZ14,2005,NOx_AWB,1.48221329891416e-05
Europe_Non_EU,Root_Tuber,Root_TuberAEZ15,Root_TuberAEZ15,2005,NOx_AWB,9.40930255208112e-06
Europe_Non_EU,Root_Tuber,Root_TuberAEZ16,Root_TuberAEZ16,2005,NOx_AWB,3.49556865116177e-06
Europe_Non_EU,SugarCrop,SugarCropAEZ07,SugarCropAEZ07,2005,NOx_AWB,2.2467362806046e-05
Europe_Non_EU,SugarCrop,SugarCropAEZ08,SugarCropAEZ08,2005,NOx_AWB,0.00307385776185767
Europe_Non_EU,SugarCrop,SugarCropAEZ09,SugarCropAEZ09,2005,NOx_AWB,0.001782167135697
Europe_Non_EU,SugarCrop,SugarCropAEZ10,SugarCropAEZ10,2005,NOx_AWB,0.00083681964635475
Europe_Non_EU,SugarCrop,SugarCropAEZ11,SugarCropAEZ11,2005,NOx_AWB,0.000393515533519059
Europe_Non_EU,SugarCrop,SugarCropAEZ12,SugarCropAEZ12,2005,NOx_AWB,2.22672924272676e-05
Europe_Non_EU,SugarCrop,SugarCropAEZ14,SugarCropAEZ14,2005,NOx_AWB,3.09256640977339e-05
Europe_Non_EU,SugarCrop,SugarCropAEZ15,SugarCropAEZ15,2005,NOx_AWB,1.66306514378723e-05
Europe_Non_EU,SugarCrop,SugarCropAEZ16,SugarCropAEZ16,2005,NOx_AWB,3.39960605466156e-06
Europe_Non_EU,Wheat,WheatAEZ07,WheatAEZ07,2005,NOx_AWB,1.08988697232421e-05
Europe_Non_EU,Wheat,WheatAEZ08,WheatAEZ08,2005,NOx_AWB,0.00248784162722958
Europe_Non_EU,Wheat,WheatAEZ09,WheatAEZ09,2005,NOx_AWB,0.00248107503364525
Europe_Non_EU,Wheat,WheatAEZ10,WheatAEZ10,2005,NOx_AWB,0.00248193538027441
Europe_Non_EU,Wheat,WheatAEZ11,WheatAEZ11,2005,NOx_AWB,0.000573813048040972
Europe_Non_EU,Wheat,WheatAEZ12,WheatAEZ12,2005,NOx_AWB,1.97006660208031e-05
Europe_Non_EU,Wheat,WheatAEZ14,WheatAEZ14,2005,NOx_AWB,1.70055090414936e-05
Europe_Non_EU,Wheat,WheatAEZ15,WheatAEZ15,2005,NOx_AWB,1.30736252656589e-05
Europe_Non_EU,Wheat,WheatAEZ16,WheatAEZ16,2005,NOx_AWB,5.62885992770949e-06
Europe_Non_EU,Corn,CornAEZ07,CornAEZ07,2005,SO2_AWB,2.24885795992567e-09
Europe_Non_EU,Corn,CornAEZ08,CornAEZ08,2005,SO2_AWB,1.22595929470859e-05
Europe_Non_EU,Corn,CornAEZ09,CornAEZ09,2005,SO2_AWB,5.99398794134298e-05
Europe_Non_EU,Corn,CornAEZ10,CornAEZ10,2005,SO2_AWB,0.000346929293505571
Europe_Non_EU,Corn,CornAEZ11,CornAEZ11,2005,SO2_AWB,0.000199909642160939
Europe_Non_EU,Corn,CornAEZ12,CornAEZ12,2005,SO2_AWB,8.85830772559623e-06
Europe_Non_EU,Corn,CornAEZ14,CornAEZ14,2005,SO2_AWB,2.71212269967037e-07
Europe_Non_EU,Corn,CornAEZ15,CornAEZ15,2005,SO2_AWB,1.19380624802655e-06
Europe_Non_EU,Corn,CornAEZ16,CornAEZ16,2005,SO2_AWB,1.87166825859714e-06
Europe_Non_EU,FiberCrop,FiberCropAEZ07,FiberCropAEZ07,2005,SO2_AWB,0
Europe_Non_EU,FiberCrop,FiberCropAEZ08,FiberCropAEZ08,2005,SO2_AWB,4.12571381137085e-06
Europe_Non_EU,FiberCrop,FiberCropAEZ09,FiberCropAEZ09,2005,SO2_AWB,6.91605125310874e-05
Europe_Non_EU,FiberCrop,FiberCropAEZ10,FiberCropAEZ10,2005,SO2_AWB,5.13810338650551e-05
Europe_Non_EU,FiberCrop,FiberCropAEZ11,FiberCropAEZ11,2005,SO2_AWB,2.25698753051398e-09
Europe_Non_EU,FiberCrop,FiberCropAEZ12,FiberCropAEZ12,2005,SO2_AWB,0
Europe_Non_EU,FiberCrop,FiberCropAEZ14,FiberCropAEZ14,2005,SO2_AWB,0
Europe_Non_EU,FiberCrop,FiberCropAEZ15,FiberCropAEZ15,2005,SO2_AWB,0
Europe_Non_EU,FiberCrop,FiberCropAEZ16,FiberCropAEZ16,2005,SO2_AWB,0
Europe_Non_EU,FodderGrass,FodderGrassAEZ07,FodderGrassAEZ07,2005,SO2_AWB,0
Europe_Non_EU,FodderGrass,FodderGrassAEZ08,FodderGrassAEZ08,2005,SO2_AWB,3.22598479746836e-07
Europe_Non_EU,FodderGrass,FodderGrassAEZ09,FodderGrassAEZ09,2005,SO2_AWB,3.84990185336692e-08
Europe_Non_EU,FodderGrass,FodderGrassAEZ10,FodderGrassAEZ10,2005,SO2_AWB,1.41504623999571e-07
Europe_Non_EU,FodderGrass,FodderGrassAEZ11,FodderGrassAEZ11,2005,SO2_AWB,3.0695545351978e-08
Europe_Non_EU,FodderGrass,FodderGrassAEZ12,FodderGrassAEZ12,2005,SO2_AWB,4.15940695058635e-09
Europe_Non_EU,FodderGrass,FodderGrassAEZ14,FodderGrassAEZ14,2005,SO2_AWB,0
Europe_Non_EU,FodderGrass,FodderGrassAEZ15,FodderGrassAEZ15,2005,SO2_AWB,3.35843397701675e-09
Europe_Non_EU,FodderGrass,FodderGrassAEZ16,FodderGrassAEZ16,2005,SO2_AWB,4.75051538378374e-11
Europe_Non_EU,FodderHerb,FodderHerbAEZ07,FodderHerbAEZ07,2005,SO2_AWB,1.17381570819609e-06
Europe_Non_EU,FodderHerb,FodderHerbAEZ08,FodderHerbAEZ08,2005,SO2_AWB,0.000338794247067122
Europe_Non_EU,FodderHerb,FodderHerbAEZ09,FodderHerbAEZ09,2005,SO2_AWB,0.000396877680136551
Europe_Non_EU,FodderHerb,FodderHerbAEZ10,FodderHerbAEZ10,2005,SO2_AWB,0.000622865295860219
Europe_Non_EU,FodderHerb,FodderHerbAEZ11,FodderHerbAEZ11,2005,SO2_AWB,0.000254492471766616
Europe_Non_EU,FodderHerb,FodderHerbAEZ12,FodderHerbAEZ12,2005,SO2_AWB,8.65680604804079e-06
Europe_Non_EU,FodderHerb,FodderHerbAEZ14,FodderHerbAEZ14,2005,SO2_AWB,1.03944948724055e-05
Europe_Non_EU,FodderHerb,FodderHerbAEZ15,FodderHerbAEZ15,2005,SO2_AWB,3.78528275741875e-06
Europe_Non_EU,FodderHerb,FodderHerbAEZ16,FodderHerbAEZ16,2005,SO2_AWB,4.65795087442472e-06
Europe_Non_EU,MiscCrop,MiscCropAEZ07,MiscCropAEZ07,2005,SO2_AWB,2.30800560811763e-06
Europe_Non_EU,MiscCrop,MiscCropAEZ08,MiscCropAEZ08,2005,SO2_AWB,0.000826513521850922
Europe_Non_EU,MiscCrop,MiscCropAEZ09,MiscCropAEZ09,2005,SO2_AWB,0.000841173443922506
Europe_Non_EU,MiscCrop,MiscCropAEZ10,MiscCropAEZ10,2005,SO2_AWB,0.00062372453757394
Europe_Non_EU,MiscCrop,MiscCropAEZ11,MiscCropAEZ11,2005,SO2_AWB,0.000144270126122015
Europe_Non_EU,MiscCrop,MiscCropAEZ12,MiscCropAEZ12,2005,SO2_AWB,5.26564203416736e-06
Europe_Non_EU,MiscCrop,MiscCropAEZ14,MiscCropAEZ14,2005,SO2_AWB,2.02039987562231e-05
Europe_Non_EU,MiscCrop,MiscCropAEZ15,MiscCropAEZ15,2005,SO2_AWB,9.07404266447749e-06
Europe_Non_EU,MiscCrop,MiscCropAEZ16,MiscCropAEZ16,2005,SO2_AWB,1.81597930932339e-06
Europe_Non_EU,OilCrop,OilCropAEZ07,OilCropAEZ07,2005,SO2_AWB,1.1342756419172e-07
Europe_Non_EU,OilCrop,OilCropAEZ08,OilCropAEZ08,2005,SO2_AWB,3.43614281832008e-05
Europe_Non_EU,OilCrop,OilCropAEZ09,OilCropAEZ09,2005,SO2_AWB,5.39629640759142e-05
Europe_Non_EU,OilCrop,OilCropAEZ10,OilCropAEZ10,2005,SO2_AWB,7.04280159480733e-05
Europe_Non_EU,OilCrop,OilCropAEZ11,OilCropAEZ11,2005,SO2_AWB,1.87735822270757e-05
Europe_Non_EU,OilCrop,OilCropAEZ12,OilCropAEZ12,2005,SO2_AWB,8.83776976872251e-07
Europe_Non_EU,OilCrop,OilCropAEZ14,OilCropAEZ14,2005,SO2_AWB,9.45250172192182e-07
Europe_Non_EU,OilCrop,OilCropAEZ15,OilCropAEZ15,2005,SO2_AWB,4.23372835699901e-07
Europe_Non_EU,OilCrop,OilCropAEZ16,OilCropAEZ16,2005,SO2_AWB,2.82432792483876e-07
Europe_Non_EU,OtherGrain,OtherGrainAEZ07,OtherGrainAEZ07,2005,SO2_AWB,1.52366517975331e-06
Europe_Non_EU,OtherGrain,OtherGrainAEZ08,OtherGrainAEZ08,2005,SO2_AWB,0.000253424620062726
Europe_Non_EU,OtherGrain,OtherGrainAEZ09,OtherGrainAEZ09,2005,SO2_AWB,0.000179943976797859
Europe_Non_EU,OtherGrain,OtherGrainAEZ10,OtherGrainAEZ10,2005,SO2_AWB,7.58957185006581e-05
Europe_Non_EU,OtherGrain,OtherGrainAEZ11,OtherGrainAEZ11,2005,SO2_AWB,2.26789642263794e-05
Europe_Non_EU,OtherGrain,OtherGrainAEZ12,OtherGrainAEZ12,2005,SO2_AWB,8.34696523859117e-07
Europe_Non_EU,OtherGrain,OtherGrainAEZ14,OtherGrainAEZ14,2005,SO2_AWB,2.65833886366664e-06
Europe_Non_EU,OtherGrain,OtherGrainAEZ15,OtherGrainAEZ15,2005,SO2_AWB,1.74890714714911e-06
Europe_Non_EU,OtherGrain,OtherGrainAEZ16,OtherGrainAEZ16,2005,SO2_AWB,2.23860114835086e-07
Europe_Non_EU,PalmFruit,PalmFruitAEZ07,PalmFruitAEZ07,2005,SO2_AWB,0
Europe_Non_EU,PalmFruit,PalmFruitAEZ08,PalmFruitAEZ08,2005,SO2_AWB,0
Europe_Non_EU,PalmFruit,PalmFruitAEZ09,PalmFruitAEZ09,2005,SO2_AWB,0
Europe_Non_EU,PalmFruit,PalmFruitAEZ10,PalmFruitAEZ10,2005,SO2_AWB,0
Europe_Non_EU,PalmFruit,PalmFruitAEZ11,PalmFruitAEZ11,2005,SO2_AWB,0
Europe_Non_EU,PalmFruit,PalmFruitAEZ12,PalmFruitAEZ12,2005,SO2_AWB,0
Europe_Non_EU,PalmFruit,PalmFruitAEZ14,PalmFruitAEZ14,2005,SO2_AWB,0
Europe_Non_EU,PalmFruit,PalmFruitAEZ15,PalmFruitAEZ15,2005,SO2_AWB,0
Europe_Non_EU,PalmFruit,PalmFruitAEZ16,PalmFruitAEZ16,2005,SO2_AWB,0
Europe_Non_EU,Rice,RiceAEZ07,RiceAEZ07,2005,SO2_AWB,0
Europe_Non_EU,Rice,RiceAEZ08,RiceAEZ08,2005,SO2_AWB,3.55933572479747e-06
Europe_Non_EU,Rice,RiceAEZ09,RiceAEZ09,2005,SO2_AWB,1.7473613730037e-05
Europe_Non_EU,Rice,RiceAEZ10,RiceAEZ10,2005,SO2_AWB,9.11395823086336e-06
Europe_Non_EU,Rice,RiceAEZ11,RiceAEZ11,2005,SO2_AWB,3.4894497996435e-09
Europe_Non_EU,Rice,RiceAEZ12,RiceAEZ12,2005,SO2_AWB,0
Europe_Non_EU,Rice,RiceAEZ14,RiceAEZ14,2005,SO2_AWB,6.88197043818581e-09
Europe_Non_EU,Rice,RiceAEZ15,RiceAEZ15,2005,SO2_AWB,0
Europe_Non_EU,Rice,RiceAEZ16,RiceAEZ16,2005,SO2_AWB,0
Europe_Non_EU,Root_Tuber,Root_TuberAEZ07,Root_TuberAEZ07,2005,SO2_AWB,1.10658085505636e-07
Europe_Non_EU,Root_Tuber,Root_TuberAEZ08,Root_TuberAEZ08,2005,SO2_AWB,0.000136362060449973
Europe_Non_EU,Root_Tuber,Root_TuberAEZ09,Root_TuberAEZ09,2005,SO2_AWB,6.36504381819328e-05
Europe_Non_EU,Root_Tuber,Root_TuberAEZ10,Root_TuberAEZ10,2005,SO2_AWB,9.14026063181168e-05
Europe_Non_EU,Root_Tuber,Root_TuberAEZ11,Root_TuberAEZ11,2005,SO2_AWB,4.70064898123474e-05
Europe_Non_EU,Root_Tuber,Root_TuberAEZ12,Root_TuberAEZ12,2005,SO2_AWB,2.85558051194982e-06
Europe_Non_EU,Root_Tuber,Root_TuberAEZ14,Root_TuberAEZ14,2005,SO2_AWB,2.23320980677544e-06
Europe_Non_EU,Root_Tuber,Root_TuberAEZ15,Root_TuberAEZ15,2005,SO2_AWB,1.41767360673517e-06
Europe_Non_EU,Root_Tuber,Root_TuberAEZ16,Root_TuberAEZ16,2005,SO2_AWB,5.26667666370962e-07
Europe_Non_EU,SugarCrop,SugarCropAEZ07,SugarCropAEZ07,2005,SO2_AWB,3.38509545067504e-06
Europe_Non_EU,SugarCrop,SugarCropAEZ08,SugarCropAEZ08,2005,SO2_AWB,0.000463129652354502
Europe_Non_EU,SugarCrop,SugarCropAEZ09,SugarCropAEZ09,2005,SO2_AWB,0.0002685141961462
Europe_Non_EU,SugarCrop,SugarCropAEZ10,SugarCropAEZ10,2005,SO2_AWB,0.00012608130301562
Europe_Non_EU,SugarCrop,SugarCropAEZ11,SugarCropAEZ11,2005,SO2_AWB,5.92898976967096e-05
Europe_Non_EU,SugarCrop,SugarCropAEZ12,SugarCropAEZ12,2005,SO2_AWB,3.35495139973038e-06
Europe_Non_EU,SugarCrop,SugarCropAEZ14,SugarCropAEZ14,2005,SO2_AWB,4.65948432622329e-06
Europe_Non_EU,SugarCrop,SugarCropAEZ15,SugarCropAEZ15,2005,SO2_AWB,2.50569428241726e-06
Europe_Non_EU,SugarCrop,SugarCropAEZ16,SugarCropAEZ16,2005,SO2_AWB,5.12209247211931e-07
Europe_Non_EU,Wheat,WheatAEZ07,WheatAEZ07,2005,SO2_AWB,1.64210257501689e-06
Europe_Non_EU,Wheat,WheatAEZ08,WheatAEZ08,2005,SO2_AWB,0.000374836221190525
Europe_Non_EU,Wheat,WheatAEZ09,WheatAEZ09,2005,SO2_AWB,0.000373816717239099
Europe_Non_EU,Wheat,WheatAEZ10,WheatAEZ10,2005,SO2_AWB,0.000373946343287581
Europe_Non_EU,Wheat,WheatAEZ11,WheatAEZ11,2005,SO2_AWB,8.64548258391396e-05
Europe_Non_EU,Wheat,WheatAEZ12,WheatAEZ12,2005,SO2_AWB,2.968244893626e-06
Europe_Non_EU,Wheat,WheatAEZ14,WheatAEZ14,2005,SO2_AWB,2.56217304138972e-06
Europe_Non_EU,Wheat,WheatAEZ15,WheatAEZ15,2005,SO2_AWB,1.96976698122767e-06
Europe_Non_EU,Wheat,WheatAEZ16,WheatAEZ16,2005,SO2_AWB,8.48084766256986e-07
European Free Trade Association,Corn,CornAEZ10,CornAEZ10,2005,CH4_AWB,3.4566848839648e-06
European Free Trade Association,Corn,CornAEZ13,CornAEZ13,2005,CH4_AWB,0
European Free Trade Association,Corn,CornAEZ14,CornAEZ14,2005,CH4_AWB,4.3379925075192e-08
European Free Trade Association,Corn,CornAEZ15,CornAEZ15,2005,CH4_AWB,6.21197620549103e-07
European Free Trade Association,Corn,CornAEZ16,CornAEZ16,2005,CH4_AWB,0
European Free Trade Association,FiberCrop,FiberCropAEZ10,FiberCropAEZ10,2005,CH4_AWB,0
European Free Trade Association,FiberCrop,FiberCropAEZ13,FiberCropAEZ13,2005,CH4_AWB,0
European Free Trade Association,FiberCrop,FiberCropAEZ14,FiberCropAEZ14,2005,CH4_AWB,0
European Free Trade Association,FiberCrop,FiberCropAEZ15,FiberCropAEZ15,2005,CH4_AWB,0
European Free Trade Association,FiberCrop,FiberCropAEZ16,FiberCropAEZ16,2005,CH4_AWB,0
European Free Trade Association,FodderGrass,FodderGrassAEZ10,FodderGrassAEZ10,2005,CH4_AWB,5.72550870057583e-06
European Free Trade Association,FodderGrass,FodderGrassAEZ13,FodderGrassAEZ13,2005,CH4_AWB,0
European Free Trade Association,FodderGrass,FodderGrassAEZ14,FodderGrassAEZ14,2005,CH4_AWB,2.09511885019677e-07
European Free Trade Association,FodderGrass,FodderGrassAEZ15,FodderGrassAEZ15,2005,CH4_AWB,2.85430657007665e-06
European Free Trade Association,FodderGrass,FodderGrassAEZ16,FodderGrassAEZ16,2005,CH4_AWB,9.79144889791331e-07
European Free Trade Association,FodderHerb,FodderHerbAEZ10,FodderHerbAEZ10,2005,CH4_AWB,3.7190911136525e-05
European Free Trade Association,FodderHerb,FodderHerbAEZ13,FodderHerbAEZ13,2005,CH4_AWB,0
European Free Trade Association,FodderHerb,FodderHerbAEZ14,FodderHerbAEZ14,2005,CH4_AWB,5.369242050635e-07
European Free Trade Association,FodderHerb,FodderHerbAEZ15,FodderHerbAEZ15,2005,CH4_AWB,4.54203025169702e-06
European Free Trade Association,FodderHerb,FodderHerbAEZ16,FodderHerbAEZ16,2005,CH4_AWB,0
European Free Trade Association,MiscCrop,MiscCropAEZ10,MiscCropAEZ10,2005,CH4_AWB,2.33337681826424e-05
European Free Trade Association,MiscCrop,MiscCropAEZ13,MiscCropAEZ13,2005,CH4_AWB,0
European Free Trade Association,MiscCrop,MiscCropAEZ14,MiscCropAEZ14,2005,CH4_AWB,1.94093282360278e-07
European Free Trade Association,MiscCrop,MiscCropAEZ15,MiscCropAEZ15,2005,CH4_AWB,2.68078413605392e-06
European Free Trade Association,MiscCrop,MiscCropAEZ16,MiscCropAEZ16,2005,CH4_AWB,5.24031170125165e-08
European Free Trade Association,OilCrop,OilCropAEZ10,OilCropAEZ10,2005,CH4_AWB,1.8253153645205e-06
European Free Trade Association,OilCrop,OilCropAEZ13,OilCropAEZ13,2005,CH4_AWB,0
European Free Trade Association,OilCrop,OilCropAEZ14,OilCropAEZ14,2005,CH4_AWB,2.42852015055684e-08
European Free Trade Association,OilCrop,OilCropAEZ15,OilCropAEZ15,2005,CH4_AWB,3.00373459105126e-07
European Free Trade Association,OilCrop,OilCropAEZ16,OilCropAEZ16,2005,CH4_AWB,4.93040948995227e-08
European Free Trade Association,OtherGrain,OtherGrainAEZ10,OtherGrainAEZ10,2005,CH4_AWB,1.80821963928355e-05
European Free Trade Association,OtherGrain,OtherGrainAEZ13,OtherGrainAEZ13,2005,CH4_AWB,0
European Free Trade Association,OtherGrain,OtherGrainAEZ14,OtherGrainAEZ14,2005,CH4_AWB,5.19444662066776e-07
European Free Trade Association,OtherGrain,OtherGrainAEZ15,OtherGrainAEZ15,2005,CH4_AWB,8.984751377691e-06
European Free Trade Association,OtherGrain,OtherGrainAEZ16,OtherGrainAEZ16,2005,CH4_AWB,3.6052906776091e-06
European Free Trade Association,PalmFruit,PalmFruitAEZ10,PalmFruitAEZ10,2005,CH4_AWB,0
European Free Trade Association,PalmFruit,PalmFruitAEZ13,PalmFruitAEZ13,2005,CH4_AWB,0
European Free Trade Association,PalmFruit,PalmFruitAEZ14,PalmFruitAEZ14,2005,CH4_AWB,0
European Free Trade Association,PalmFruit,PalmFruitAEZ15,PalmFruitAEZ15,2005,CH4_AWB,0
European Free Trade Association,PalmFruit,PalmFruitAEZ16,PalmFruitAEZ16,2005,CH4_AWB,0
European Free Trade Association,Rice,RiceAEZ10,RiceAEZ10,2005,CH4_AWB,0
European Free Trade Association,Rice,RiceAEZ13,RiceAEZ13,2005,CH4_AWB,0
European Free Trade Association,Rice,RiceAEZ14,RiceAEZ14,2005,CH4_AWB,0
European Free Trade Association,Rice,RiceAEZ15,RiceAEZ15,2005,CH4_AWB,0
European Free Trade Association,Rice,RiceAEZ16,RiceAEZ16,2005,CH4_AWB,0
European Free Trade Association,Root_Tuber,Root_TuberAEZ10,Root_TuberAEZ10,2005,CH4_AWB,1.53972219981395e-05
European Free Trade Association,Root_Tuber,Root_TuberAEZ13,Root_TuberAEZ13,2005,CH4_AWB,0
European Free Trade Association,Root_Tuber,Root_TuberAEZ14,Root_TuberAEZ14,2005,CH4_AWB,2.78301612080422e-07
European Free Trade Association,Root_Tuber,Root_TuberAEZ15,Root_TuberAEZ15,2005,CH4_AWB,4.35579084863888e-06
European Free Trade Association,Root_Tuber,Root_TuberAEZ16,Root_TuberAEZ16,2005,CH4_AWB,1.38519068119327e-06
European Free Trade Association,SugarCrop,SugarCropAEZ10,SugarCropAEZ10,2005,CH4_AWB,3.15542210248573e-05
European Free Trade Association,SugarCrop,SugarCropAEZ13,SugarCropAEZ13,2005,CH4_AWB,0
European Free Trade Association,SugarCrop,SugarCropAEZ14,SugarCropAEZ14,2005,CH4_AWB,3.5038903486543e-07
European Free Trade Association,SugarCrop,SugarCropAEZ15,SugarCropAEZ15,2005,CH4_AWB,3.47686850049934e-06
European Free Trade Association,SugarCrop,SugarCropAEZ16,SugarCropAEZ16,2005,CH4_AWB,0
European Free Trade Association,Wheat,WheatAEZ10,WheatAEZ10,2005,CH4_AWB,1.70847602848403e-05
European Free Trade Association,Wheat,WheatAEZ13,WheatAEZ13,2005,CH4_AWB,0
European Free Trade Association,Wheat,WheatAEZ14,WheatAEZ14,2005,CH4_AWB,3.67523586670489e-07
European Free Trade Association,Wheat,WheatAEZ15,WheatAEZ15,2005,CH4_AWB,4.32219271633669e-06
European Free Trade Association,Wheat,WheatAEZ16,WheatAEZ16,2005,CH4_AWB,1.18712969523802e-06
European Free Trade Association,Corn,CornAEZ10,CornAEZ10,2005,CO_AWB,0.000145506681655061
European Free Trade Association,Corn,CornAEZ13,CornAEZ13,2005,CO_AWB,0
European Free Trade Association,Corn,CornAEZ14,CornAEZ14,2005,CO_AWB,1.82604696697041e-06
European Free Trade Association,Corn,CornAEZ15,CornAEZ15,2005,CO_AWB,2.61488702188106e-05
European Free Trade Association,Corn,CornAEZ16,CornAEZ16,2005,CO_AWB,0
European Free Trade Association,FiberCrop,FiberCropAEZ10,FiberCropAEZ10,2005,CO_AWB,0
European Free Trade Association,FiberCrop,FiberCropAEZ13,FiberCropAEZ13,2005,CO_AWB,0
European Free Trade Association,FiberCrop,FiberCropAEZ14,FiberCropAEZ14,2005,CO_AWB,0
European Free Trade Association,FiberCrop,FiberCropAEZ15,FiberCropAEZ15,2005,CO_AWB,0
European Free Trade Association,FiberCrop,FiberCropAEZ16,FiberCropAEZ16,2005,CO_AWB,0
European Free Trade Association,FodderGrass,FodderGrassAEZ10,FodderGrassAEZ10,2005,CO_AWB,0.000241011199971578
European Free Trade Association,FodderGrass,FodderGrassAEZ13,FodderGrassAEZ13,2005,CO_AWB,0
European Free Trade Association,FodderGrass,FodderGrassAEZ14,FodderGrassAEZ14,2005,CO_AWB,8.81925318038922e-06
European Free Trade Association,FodderGrass,FodderGrassAEZ15,FodderGrassAEZ15,2005,CO_AWB,0.000120149996710641
European Free Trade Association,FodderGrass,FodderGrassAEZ16,FodderGrassAEZ16,2005,CO_AWB,4.12164048953264e-05
European Free Trade Association,FodderHerb,FodderHerbAEZ10,FodderHerbAEZ10,2005,CO_AWB,0.00156552484500613
European Free Trade Association,FodderHerb,FodderHerbAEZ13,FodderHerbAEZ13,2005,CO_AWB,0
European Free Trade Association,FodderHerb,FodderHerbAEZ14,FodderHerbAEZ14,2005,CO_AWB,2.26014409764368e-05
European Free Trade Association,FodderHerb,FodderHerbAEZ15,FodderHerbAEZ15,2005,CO_AWB,0.000191193519827961
European Free Trade Association,FodderHerb,FodderHerbAEZ16,FodderHerbAEZ16,2005,CO_AWB,0
European Free Trade Association,MiscCrop,MiscCropAEZ10,MiscCropAEZ10,2005,CO_AWB,0.000982218308216294
European Free Trade Association,MiscCrop,MiscCropAEZ13,MiscCropAEZ13,2005,CO_AWB,0
European Free Trade Association,MiscCrop,MiscCropAEZ14,MiscCropAEZ14,2005,CO_AWB,8.17021811238681e-06
European Free Trade Association,MiscCrop,MiscCropAEZ15,MiscCropAEZ15,2005,CO_AWB,0.000112845693768686
European Free Trade Association,MiscCrop,MiscCropAEZ16,MiscCropAEZ16,2005,CO_AWB,2.20587178780593e-06
European Free Trade Association,OilCrop,OilCropAEZ10,OilCropAEZ10,2005,CO_AWB,7.68353467501323e-05
European Free Trade Association,OilCrop,OilCropAEZ13,OilCropAEZ13,2005,CO_AWB,0
European Free Trade Association,OilCrop,OilCropAEZ14,OilCropAEZ14,2005,CO_AWB,1.02226821449419e-06
European Free Trade Association,OilCrop,OilCropAEZ15,OilCropAEZ15,2005,CO_AWB,1.2644006254197e-05
European Free Trade Association,OilCrop,OilCropAEZ16,OilCropAEZ16,2005,CO_AWB,2.07542066507583e-06
European Free Trade Association,OtherGrain,OtherGrainAEZ10,OtherGrainAEZ10,2005,CO_AWB,0.00076115714404918
European Free Trade Association,OtherGrain,OtherGrainAEZ13,OtherGrainAEZ13,2005,CO_AWB,0
European Free Trade Association,OtherGrain,OtherGrainAEZ14,OtherGrainAEZ14,2005,CO_AWB,2.18656520967217e-05
European Free Trade Association,OtherGrain,OtherGrainAEZ15,OtherGrainAEZ15,2005,CO_AWB,0.000378206692929453
European Free Trade Association,OtherGrain,OtherGrainAEZ16,OtherGrainAEZ16,2005,CO_AWB,0.000151762136414101
European Free Trade Association,PalmFruit,PalmFruitAEZ10,PalmFruitAEZ10,2005,CO_AWB,0
European Free Trade Association,PalmFruit,PalmFruitAEZ13,PalmFruitAEZ13,2005,CO_AWB,0
European Free Trade Association,PalmFruit,PalmFruitAEZ14,PalmFruitAEZ14,2005,CO_AWB,0
European Free Trade Association,PalmFruit,PalmFruitAEZ15,PalmFruitAEZ15,2005,CO_AWB,0
European Free Trade Association,PalmFruit,PalmFruitAEZ16,PalmFruitAEZ16,2005,CO_AWB,0
European Free Trade Association,Rice,RiceAEZ10,RiceAEZ10,2005,CO_AWB,0
European Free Trade Association,Rice,RiceAEZ13,RiceAEZ13,2005,CO_AWB,0
European Free Trade Association,Rice,RiceAEZ14,RiceAEZ14,2005,CO_AWB,0
European Free Trade Association,Rice,RiceAEZ15,RiceAEZ15,2005,CO_AWB,0
European Free Trade Association,Rice,RiceAEZ16,RiceAEZ16,2005,CO_AWB,0
European Free Trade Association,Root_Tuber,Root_TuberAEZ10,Root_TuberAEZ10,2005,CO_AWB,0.000648135064335362
European Free Trade Association,Root_Tuber,Root_TuberAEZ13,Root_TuberAEZ13,2005,CO_AWB,0
European Free Trade Association,Root_Tuber,Root_TuberAEZ14,Root_TuberAEZ14,2005,CO_AWB,1.17149076159436e-05
European Free Trade Association,Root_Tuber,Root_TuberAEZ15,Root_TuberAEZ15,2005,CO_AWB,0.000183353905156077
European Free Trade Association,Root_Tuber,Root_TuberAEZ16,Root_TuberAEZ16,2005,CO_AWB,5.83086125133757e-05
European Free Trade Association,SugarCrop,SugarCropAEZ10,SugarCropAEZ10,2005,CO_AWB,0.00132825240010628
European Free Trade Association,SugarCrop,SugarCropAEZ13,SugarCropAEZ13,2005,CO_AWB,0
European Free Trade Association,SugarCrop,SugarCropAEZ14,SugarCropAEZ14,2005,CO_AWB,1.47493761980149e-05
European Free Trade Association,SugarCrop,SugarCropAEZ15,SugarCropAEZ15,2005,CO_AWB,0.000146356296579281
European Free Trade Association,SugarCrop,SugarCropAEZ16,SugarCropAEZ16,2005,CO_AWB,0
European Free Trade Association,Wheat,WheatAEZ10,WheatAEZ10,2005,CO_AWB,0.000719170783385939
European Free Trade Association,Wheat,WheatAEZ13,WheatAEZ13,2005,CO_AWB,0
European Free Trade Association,Wheat,WheatAEZ14,WheatAEZ14,2005,CO_AWB,1.54706429198866e-05
European Free Trade Association,Wheat,WheatAEZ15,WheatAEZ15,2005,CO_AWB,0.000181939615770378
European Free Trade Association,Wheat,WheatAEZ16,WheatAEZ16,2005,CO_AWB,4.99713767516295e-05
European Free Trade Association,Corn,CornAEZ10,CornAEZ10,2005,N2O_AWB,8.94672650160005e-08
European Free Trade Association,Corn,CornAEZ13,CornAEZ13,2005,N2O_AWB,0
European Free Trade Association,Corn,CornAEZ14,CornAEZ14,2005,N2O_AWB,1.12277612318102e-09
European Free Trade Association,Corn,CornAEZ15,CornAEZ15,2005,N2O_AWB,1.60780788560712e-08
European Free Trade Association,Corn,CornAEZ16,CornAEZ16,2005,N2O_AWB,0
European Free Trade Association,FiberCrop,FiberCropAEZ10,FiberCropAEZ10,2005,N2O_AWB,0
European Free Trade Association,FiberCrop,FiberCropAEZ13,FiberCropAEZ13,2005,N2O_AWB,0
European Free Trade Association,FiberCrop,FiberCropAEZ14,FiberCropAEZ14,2005,N2O_AWB,0
European Free Trade Association,FiberCrop,FiberCropAEZ15,FiberCropAEZ15,2005,N2O_AWB,0
European Free Trade Association,FiberCrop,FiberCropAEZ16,FiberCropAEZ16,2005,N2O_AWB,0
European Free Trade Association,FodderGrass,FodderGrassAEZ10,FodderGrassAEZ10,2005,N2O_AWB,1.48189847053195e-07
European Free Trade Association,FodderGrass,FodderGrassAEZ13,FodderGrassAEZ13,2005,N2O_AWB,0
European Free Trade Association,FodderGrass,FodderGrassAEZ14,FodderGrassAEZ14,2005,N2O_AWB,5.42266824147344e-09
European Free Trade Association,FodderGrass,FodderGrassAEZ15,FodderGrassAEZ15,2005,N2O_AWB,7.38762747876091e-08
European Free Trade Association,FodderGrass,FodderGrassAEZ16,FodderGrassAEZ16,2005,N2O_AWB,2.53426095477772e-08
European Free Trade Association,FodderHerb,FodderHerbAEZ10,FodderHerbAEZ10,2005,N2O_AWB,9.62589652957178e-07
European Free Trade Association,FodderHerb,FodderHerbAEZ13,FodderHerbAEZ13,2005,N2O_AWB,0
European Free Trade Association,FodderHerb,FodderHerbAEZ14,FodderHerbAEZ14,2005,N2O_AWB,1.38968814805077e-08
European Free Trade Association,FodderHerb,FodderHerbAEZ15,FodderHerbAEZ15,2005,N2O_AWB,1.17558596713384e-07
European Free Trade Association,FodderHerb,FodderHerbAEZ16,FodderHerbAEZ16,2005,N2O_AWB,0
European Free Trade Association,MiscCrop,MiscCropAEZ10,MiscCropAEZ10,2005,N2O_AWB,6.03933679781626e-07
European Free Trade Association,MiscCrop,MiscCropAEZ13,MiscCropAEZ13,2005,N2O_AWB,0
European Free Trade Association,MiscCrop,MiscCropAEZ14,MiscCropAEZ14,2005,N2O_AWB,5.02359795979865e-09
European Free Trade Association,MiscCrop,MiscCropAEZ15,MiscCropAEZ15,2005,N2O_AWB,6.93850995396282e-08
European Free Trade Association,MiscCrop,MiscCropAEZ16,MiscCropAEZ16,2005,N2O_AWB,1.35631789266419e-09
European Free Trade Association,OilCrop,OilCropAEZ10,OilCropAEZ10,2005,N2O_AWB,4.72435234732828e-08
European Free Trade Association,OilCrop,OilCropAEZ13,OilCropAEZ13,2005,N2O_AWB,0
European Free Trade Association,OilCrop,OilCropAEZ14,OilCropAEZ14,2005,N2O_AWB,6.28559047758369e-10
European Free Trade Association,OilCrop,OilCropAEZ15,OilCropAEZ15,2005,N2O_AWB,7.77438290490257e-09
European Free Trade Association,OilCrop,OilCropAEZ16,OilCropAEZ16,2005,N2O_AWB,1.27610779484479e-09
European Free Trade Association,OtherGrain,OtherGrainAEZ10,OtherGrainAEZ10,2005,N2O_AWB,4.68010452515884e-07
European Free Trade Association,OtherGrain,OtherGrainAEZ13,OtherGrainAEZ13,2005,N2O_AWB,0
European Free Trade Association,OtherGrain,OtherGrainAEZ14,OtherGrainAEZ14,2005,N2O_AWB,1.34444691380055e-08
European Free Trade Association,OtherGrain,OtherGrainAEZ15,OtherGrainAEZ15,2005,N2O_AWB,2.32546835940901e-07
European Free Trade Association,OtherGrain,OtherGrainAEZ16,OtherGrainAEZ16,2005,N2O_AWB,9.33135380692842e-08
European Free Trade Association,PalmFruit,PalmFruitAEZ10,PalmFruitAEZ10,2005,N2O_AWB,0
European Free Trade Association,PalmFruit,PalmFruitAEZ13,PalmFruitAEZ13,2005,N2O_AWB,0
European Free Trade Association,PalmFruit,PalmFruitAEZ14,PalmFruitAEZ14,2005,N2O_AWB,0
European Free Trade Association,PalmFruit,PalmFruitAEZ15,PalmFruitAEZ15,2005,N2O_AWB,0
European Free Trade Association,PalmFruit,PalmFruitAEZ16,PalmFruitAEZ16,2005,N2O_AWB,0
European Free Trade Association,Rice,RiceAEZ10,RiceAEZ10,2005,N2O_AWB,0
European Free Trade Association,Rice,RiceAEZ13,RiceAEZ13,2005,N2O_AWB,0
European Free Trade Association,Rice,RiceAEZ14,RiceAEZ14,2005,N2O_AWB,0
European Free Trade Association,Rice,RiceAEZ15,RiceAEZ15,2005,N2O_AWB,0
European Free Trade Association,Rice,RiceAEZ16,RiceAEZ16,2005,N2O_AWB,0
European Free Trade Association,Root_Tuber,Root_TuberAEZ10,Root_TuberAEZ10,2005,N2O_AWB,3.98516899069406e-07
European Free Trade Association,Root_Tuber,Root_TuberAEZ13,Root_TuberAEZ13,2005,N2O_AWB,0
European Free Trade Association,Root_Tuber,Root_TuberAEZ14,Root_TuberAEZ14,2005,N2O_AWB,7.20311076022076e-09
European Free Trade Association,Root_Tuber,Root_TuberAEZ15,Root_TuberAEZ15,2005,N2O_AWB,1.12738275917838e-07
European Free Trade Association,Root_Tuber,Root_TuberAEZ16,Root_TuberAEZ16,2005,N2O_AWB,3.58520449309415e-08
European Free Trade Association,SugarCrop,SugarCropAEZ10,SugarCropAEZ10,2005,N2O_AWB,8.16698643229034e-07
European Free Trade Association,SugarCrop,SugarCropAEZ13,SugarCropAEZ13,2005,N2O_AWB,0
European Free Trade Association,SugarCrop,SugarCropAEZ14,SugarCropAEZ14,2005,N2O_AWB,9.06890552460474e-09
European Free Trade Association,SugarCrop,SugarCropAEZ15,SugarCropAEZ15,2005,N2O_AWB,8.99896652434131e-08
European Free Trade Association,SugarCrop,SugarCropAEZ16,SugarCropAEZ16,2005,N2O_AWB,0
European Free Trade Association,Wheat,WheatAEZ10,WheatAEZ10,2005,N2O_AWB,4.42194422531636e-07
European Free Trade Association,Wheat,WheatAEZ13,WheatAEZ13,2005,N2O_AWB,0
European Free Trade Association,Wheat,WheatAEZ14,WheatAEZ14,2005,N2O_AWB,9.51238867066324e-09
European Free Trade Association,Wheat,WheatAEZ15,WheatAEZ15,2005,N2O_AWB,1.11868675966548e-07
European Free Trade Association,Wheat,WheatAEZ16,WheatAEZ16,2005,N2O_AWB,3.07257533207371e-08
European Free Trade Association,Corn,CornAEZ10,CornAEZ10,2005,NH3_AWB,1.66557386957284e-06
European Free Trade Association,Corn,CornAEZ13,CornAEZ13,2005,NH3_AWB,0
European Free Trade Association,Corn,CornAEZ14,CornAEZ14,2005,NH3_AWB,2.0902243650973e-08
European Free Trade Association,Corn,CornAEZ15,CornAEZ15,2005,NH3_AWB,2.99318728596595e-07
European Free Trade Association,Corn,CornAEZ16,CornAEZ16,2005,NH3_AWB,0
European Free Trade Association,FiberCrop,FiberCropAEZ10,FiberCropAEZ10,2005,NH3_AWB,0
European Free Trade Association,FiberCrop,FiberCropAEZ13,FiberCropAEZ13,2005,NH3_AWB,0
European Free Trade Association,FiberCrop,FiberCropAEZ14,FiberCropAEZ14,2005,NH3_AWB,0
European Free Trade Association,FiberCrop,FiberCropAEZ15,FiberCropAEZ15,2005,NH3_AWB,0
European Free Trade Association,FiberCrop,FiberCropAEZ16,FiberCropAEZ16,2005,NH3_AWB,0
European Free Trade Association,FodderGrass,FodderGrassAEZ10,FodderGrassAEZ10,2005,NH3_AWB,2.75878710435214e-06
European Free Trade Association,FodderGrass,FodderGrassAEZ13,FodderGrassAEZ13,2005,NH3_AWB,0
European Free Trade Association,FodderGrass,FodderGrassAEZ14,FodderGrassAEZ14,2005,NH3_AWB,1.00951499129267e-07
European Free Trade Association,FodderGrass,FodderGrassAEZ15,FodderGrassAEZ15,2005,NH3_AWB,1.37532306196707e-06
European Free Trade Association,FodderGrass,FodderGrassAEZ16,FodderGrassAEZ16,2005,NH3_AWB,4.71792540456178e-07
European Free Trade Association,FodderHerb,FodderHerbAEZ10,FodderHerbAEZ10,2005,NH3_AWB,1.79201205357058e-05
European Free Trade Association,FodderHerb,FodderHerbAEZ13,FodderHerbAEZ13,2005,NH3_AWB,0
European Free Trade Association,FodderHerb,FodderHerbAEZ14,FodderHerbAEZ14,2005,NH3_AWB,2.58712308444267e-07
European Free Trade Association,FodderHerb,FodderHerbAEZ15,FodderHerbAEZ15,2005,NH3_AWB,2.18853819656213e-06
European Free Trade Association,FodderHerb,FodderHerbAEZ16,FodderHerbAEZ16,2005,NH3_AWB,0
European Free Trade Association,MiscCrop,MiscCropAEZ10,MiscCropAEZ10,2005,NH3_AWB,1.12431754320349e-05
European Free Trade Association,MiscCrop,MiscCropAEZ13,MiscCropAEZ13,2005,NH3_AWB,0
European Free Trade Association,MiscCrop,MiscCropAEZ14,MiscCropAEZ14,2005,NH3_AWB,9.35221781014953e-08
European Free Trade Association,MiscCrop,MiscCropAEZ15,MiscCropAEZ15,2005,NH3_AWB,1.29171277014277e-06
European Free Trade Association,MiscCrop,MiscCropAEZ16,MiscCropAEZ16,2005,NH3_AWB,2.52499910492577e-08
European Free Trade Association,OilCrop,OilCropAEZ10,OilCropAEZ10,2005,NH3_AWB,8.79512503143786e-07
European Free Trade Association,OilCrop,OilCropAEZ13,OilCropAEZ13,2005,NH3_AWB,0
European Free Trade Association,OilCrop,OilCropAEZ14,OilCropAEZ14,2005,NH3_AWB,1.17016153924309e-08
European Free Trade Association,OilCrop,OilCropAEZ15,OilCropAEZ15,2005,NH3_AWB,1.44732366817559e-07
European Free Trade Association,OilCrop,OilCropAEZ16,OilCropAEZ16,2005,NH3_AWB,2.37567539085003e-08
European Free Trade Association,OtherGrain,OtherGrainAEZ10,OtherGrainAEZ10,2005,NH3_AWB,8.71275075032203e-06
European Free Trade Association,OtherGrain,OtherGrainAEZ13,OtherGrainAEZ13,2005,NH3_AWB,0
European Free Trade Association,OtherGrain,OtherGrainAEZ14,OtherGrainAEZ14,2005,NH3_AWB,2.50289941047553e-07
European Free Trade Association,OtherGrain,OtherGrainAEZ15,OtherGrainAEZ15,2005,NH3_AWB,4.32922514537287e-06
European Free Trade Association,OtherGrain,OtherGrainAEZ16,OtherGrainAEZ16,2005,NH3_AWB,1.7371782926168e-06
European Free Trade Association,PalmFruit,PalmFruitAEZ10,PalmFruitAEZ10,2005,NH3_AWB,0
European Free Trade Association,PalmFruit,PalmFruitAEZ13,PalmFruitAEZ13,2005,NH3_AWB,0
European Free Trade Association,PalmFruit,PalmFruitAEZ14,PalmFruitAEZ14,2005,NH3_AWB,0
European Free Trade Association,PalmFruit,PalmFruitAEZ15,PalmFruitAEZ15,2005,NH3_AWB,0
European Free Trade Association,PalmFruit,PalmFruitAEZ16,PalmFruitAEZ16,2005,NH3_AWB,0
European Free Trade Association,Rice,RiceAEZ10,RiceAEZ10,2005,NH3_AWB,0
European Free Trade Association,Rice,RiceAEZ13,RiceAEZ13,2005,NH3_AWB,0
European Free Trade Association,Rice,RiceAEZ14,RiceAEZ14,2005,NH3_AWB,0
European Free Trade Association,Rice,RiceAEZ15,RiceAEZ15,2005,NH3_AWB,0
European Free Trade Association,Rice,RiceAEZ16,RiceAEZ16,2005,NH3_AWB,0
European Free Trade Association,Root_Tuber,Root_TuberAEZ10,Root_TuberAEZ10,2005,NH3_AWB,7.41901894010611e-06
European Free Trade Association,Root_Tuber,Root_TuberAEZ13,Root_TuberAEZ13,2005,NH3_AWB,0
European Free Trade Association,Root_Tuber,Root_TuberAEZ14,Root_TuberAEZ14,2005,NH3_AWB,1.34097237237743e-07
European Free Trade Association,Root_Tuber,Root_TuberAEZ15,Root_TuberAEZ15,2005,NH3_AWB,2.09880034262658e-06
European Free Trade Association,Root_Tuber,Root_TuberAEZ16,Root_TuberAEZ16,2005,NH3_AWB,6.67442211372487e-07
European Free Trade Association,SugarCrop,SugarCropAEZ10,SugarCropAEZ10,2005,NH3_AWB,1.52041299042124e-05
European Free Trade Association,SugarCrop,SugarCropAEZ13,SugarCropAEZ13,2005,NH3_AWB,0
European Free Trade Association,SugarCrop,SugarCropAEZ14,SugarCropAEZ14,2005,NH3_AWB,1.68831941657153e-07
European Free Trade Association,SugarCrop,SugarCropAEZ15,SugarCropAEZ15,2005,NH3_AWB,1.67529917153755e-06
European Free Trade Association,SugarCrop,SugarCropAEZ16,SugarCropAEZ16,2005,NH3_AWB,0
European Free Trade Association,Wheat,WheatAEZ10,WheatAEZ10,2005,NH3_AWB,8.23214474375434e-06
European Free Trade Association,Wheat,WheatAEZ13,WheatAEZ13,2005,NH3_AWB,0
European Free Trade Association,Wheat,WheatAEZ14,WheatAEZ14,2005,NH3_AWB,1.77088078016512e-07
European Free Trade Association,Wheat,WheatAEZ15,WheatAEZ15,2005,NH3_AWB,2.08261137165946e-06
European Free Trade Association,Wheat,WheatAEZ16,WheatAEZ16,2005,NH3_AWB,5.72008229432389e-07
European Free Trade Association,Corn,CornAEZ10,CornAEZ10,2005,NMVOC_AWB,8.94672650160005e-06
European Free Trade Association,Corn,CornAEZ13,CornAEZ13,2005,NMVOC_AWB,0
European Free Trade Association,Corn,CornAEZ14,CornAEZ14,2005,NMVOC_AWB,1.12277612318102e-07
European Free Trade Association,Corn,CornAEZ15,CornAEZ15,2005,NMVOC_AWB,1.60780788560712e-06
European Free Trade Association,Corn,CornAEZ16,CornAEZ16,2005,NMVOC_AWB,0
European Free Trade Association,FiberCrop,FiberCropAEZ10,FiberCropAEZ10,2005,NMVOC_AWB,0
European Free Trade Association,FiberCrop,FiberCropAEZ13,FiberCropAEZ13,2005,NMVOC_AWB,0
European Free Trade Association,FiberCrop,FiberCropAEZ14,FiberCropAEZ14,2005,NMVOC_AWB,0
European Free Trade Association,FiberCrop,FiberCropAEZ15,FiberCropAEZ15,2005,NMVOC_AWB,0
European Free Trade Association,FiberCrop,FiberCropAEZ16,FiberCropAEZ16,2005,NMVOC_AWB,0
European Free Trade Association,FodderGrass,FodderGrassAEZ10,FodderGrassAEZ10,2005,NMVOC_AWB,1.48189847053195e-05
European Free Trade Association,FodderGrass,FodderGrassAEZ13,FodderGrassAEZ13,2005,NMVOC_AWB,0
European Free Trade Association,FodderGrass,FodderGrassAEZ14,FodderGrassAEZ14,2005,NMVOC_AWB,5.42266824147344e-07
European Free Trade Association,FodderGrass,FodderGrassAEZ15,FodderGrassAEZ15,2005,NMVOC_AWB,7.38762747876092e-06
European Free Trade Association,FodderGrass,FodderGrassAEZ16,FodderGrassAEZ16,2005,NMVOC_AWB,2.53426095477772e-06
European Free Trade Association,FodderHerb,FodderHerbAEZ10,FodderHerbAEZ10,2005,NMVOC_AWB,9.62589652957178e-05
European Free Trade Association,FodderHerb,FodderHerbAEZ13,FodderHerbAEZ13,2005,NMVOC_AWB,0
European Free Trade Association,FodderHerb,FodderHerbAEZ14,FodderHerbAEZ14,2005,NMVOC_AWB,1.38968814805077e-06
European Free Trade Association,FodderHerb,FodderHerbAEZ15,FodderHerbAEZ15,2005,NMVOC_AWB,1.17558596713384e-05
European Free Trade Association,FodderHerb,FodderHerbAEZ16,FodderHerbAEZ16,2005,NMVOC_AWB,0
European Free Trade Association,MiscCrop,MiscCropAEZ10,MiscCropAEZ10,2005,NMVOC_AWB,6.03933679781626e-05
European Free Trade Association,MiscCrop,MiscCropAEZ13,MiscCropAEZ13,2005,NMVOC_AWB,0
European Free Trade Association,MiscCrop,MiscCropAEZ14,MiscCropAEZ14,2005,NMVOC_AWB,5.02359795979865e-07
European Free Trade Association,MiscCrop,MiscCropAEZ15,MiscCropAEZ15,2005,NMVOC_AWB,6.93850995396282e-06
European Free Trade Association,MiscCrop,MiscCropAEZ16,MiscCropAEZ16,2005,NMVOC_AWB,1.35631789266419e-07
European Free Trade Association,OilCrop,OilCropAEZ10,OilCropAEZ10,2005,NMVOC_AWB,4.72435234732828e-06
European Free Trade Association,OilCrop,OilCropAEZ13,OilCropAEZ13,2005,NMVOC_AWB,0
European Free Trade Association,OilCrop,OilCropAEZ14,OilCropAEZ14,2005,NMVOC_AWB,6.28559047758369e-08
European Free Trade Association,OilCrop,OilCropAEZ15,OilCropAEZ15,2005,NMVOC_AWB,7.77438290490257e-07
European Free Trade Association,OilCrop,OilCropAEZ16,OilCropAEZ16,2005,NMVOC_AWB,1.27610779484479e-07
European Free Trade Association,OtherGrain,OtherGrainAEZ10,OtherGrainAEZ10,2005,NMVOC_AWB,4.68010452515884e-05
European Free Trade Association,OtherGrain,OtherGrainAEZ13,OtherGrainAEZ13,2005,NMVOC_AWB,0
European Free Trade Association,OtherGrain,OtherGrainAEZ14,OtherGrainAEZ14,2005,NMVOC_AWB,1.34444691380055e-06
European Free Trade Association,OtherGrain,OtherGrainAEZ15,OtherGrainAEZ15,2005,NMVOC_AWB,2.32546835940901e-05
European Free Trade Association,OtherGrain,OtherGrainAEZ16,OtherGrainAEZ16,2005,NMVOC_AWB,9.33135380692842e-06
European Free Trade Association,PalmFruit,PalmFruitAEZ10,PalmFruitAEZ10,2005,NMVOC_AWB,0
European Free Trade Association,PalmFruit,PalmFruitAEZ13,PalmFruitAEZ13,2005,NMVOC_AWB,0
European Free Trade Association,PalmFruit,PalmFruitAEZ14,PalmFruitAEZ14,2005,NMVOC_AWB,0
European Free Trade Association,PalmFruit,PalmFruitAEZ15,PalmFruitAEZ15,2005,NMVOC_AWB,0
European Free Trade Association,PalmFruit,PalmFruitAEZ16,PalmFruitAEZ16,2005,NMVOC_AWB,0
European Free Trade Association,Rice,RiceAEZ10,RiceAEZ10,2005,NMVOC_AWB,0
European Free Trade Association,Rice,RiceAEZ13,RiceAEZ13,2005,NMVOC_AWB,0
European Free Trade Association,Rice,RiceAEZ14,RiceAEZ14,2005,NMVOC_AWB,0
European Free Trade Association,Rice,RiceAEZ15,RiceAEZ15,2005,NMVOC_AWB,0
European Free Trade Association,Rice,RiceAEZ16,RiceAEZ16,2005,NMVOC_AWB,0
European Free Trade Association,Root_Tuber,Root_TuberAEZ10,Root_TuberAEZ10,2005,NMVOC_AWB,3.98516899069406e-05
European Free Trade Association,Root_Tuber,Root_TuberAEZ13,Root_TuberAEZ13,2005,NMVOC_AWB,0
European Free Trade Association,Root_Tuber,Root_TuberAEZ14,Root_TuberAEZ14,2005,NMVOC_AWB,7.20311076022076e-07
European Free Trade Association,Root_Tuber,Root_TuberAEZ15,Root_TuberAEZ15,2005,NMVOC_AWB,1.12738275917838e-05
European Free Trade Association,Root_Tuber,Root_TuberAEZ16,Root_TuberAEZ16,2005,NMVOC_AWB,3.58520449309415e-06
European Free Trade Association,SugarCrop,SugarCropAEZ10,SugarCropAEZ10,2005,NMVOC_AWB,8.16698643229034e-05
European Free Trade Association,SugarCrop,SugarCropAEZ13,SugarCropAEZ13,2005,NMVOC_AWB,0
European Free Trade Association,SugarCrop,SugarCropAEZ14,SugarCropAEZ14,2005,NMVOC_AWB,9.06890552460474e-07
European Free Trade Association,SugarCrop,SugarCropAEZ15,SugarCropAEZ15,2005,NMVOC_AWB,8.99896652434131e-06
European Free Trade Association,SugarCrop,SugarCropAEZ16,SugarCropAEZ16,2005,NMVOC_AWB,0
European Free Trade Association,Wheat,WheatAEZ10,WheatAEZ10,2005,NMVOC_AWB,4.42194422531636e-05
European Free Trade Association,Wheat,WheatAEZ13,WheatAEZ13,2005,NMVOC_AWB,0
European Free Trade Association,Wheat,WheatAEZ14,WheatAEZ14,2005,NMVOC_AWB,9.51238867066324e-07
European Free Trade Association,Wheat,WheatAEZ15,WheatAEZ15,2005,NMVOC_AWB,1.11868675966548e-05
European Free Trade Association,Wheat,WheatAEZ16,WheatAEZ16,2005,NMVOC_AWB,3.07257533207371e-06
European Free Trade Association,Corn,CornAEZ10,CornAEZ10,2005,NOx_AWB,4.86234175368723e-06
European Free Trade Association,Corn,CornAEZ13,CornAEZ13,2005,NOx_AWB,0
European Free Trade Association,Corn,CornAEZ14,CornAEZ14,2005,NOx_AWB,6.10203209275462e-08
European Free Trade Association,Corn,CornAEZ15,CornAEZ15,2005,NOx_AWB,8.73806907218743e-07
European Free Trade Association,Corn,CornAEZ16,CornAEZ16,2005,NOx_AWB,0
European Free Trade Association,FiberCrop,FiberCropAEZ10,FiberCropAEZ10,2005,NOx_AWB,0
European Free Trade Association,FiberCrop,FiberCropAEZ13,FiberCropAEZ13,2005,NOx_AWB,0
European Free Trade Association,FiberCrop,FiberCropAEZ14,FiberCropAEZ14,2005,NOx_AWB,0
European Free Trade Association,FiberCrop,FiberCropAEZ15,FiberCropAEZ15,2005,NOx_AWB,0
European Free Trade Association,FiberCrop,FiberCropAEZ16,FiberCropAEZ16,2005,NOx_AWB,0
European Free Trade Association,FodderGrass,FodderGrassAEZ10,FodderGrassAEZ10,2005,NOx_AWB,8.05378012472395e-06
European Free Trade Association,FodderGrass,FodderGrassAEZ13,FodderGrassAEZ13,2005,NOx_AWB,0
European Free Trade Association,FodderGrass,FodderGrassAEZ14,FodderGrassAEZ14,2005,NOx_AWB,2.94709648296442e-07
European Free Trade Association,FodderGrass,FodderGrassAEZ15,FodderGrassAEZ15,2005,NOx_AWB,4.01500700219708e-06
European Free Trade Association,FodderGrass,FodderGrassAEZ16,FodderGrassAEZ16,2005,NOx_AWB,1.37731301531921e-06
European Free Trade Association,FodderHerb,FodderHerbAEZ10,FodderHerbAEZ10,2005,NOx_AWB,5.23145517011606e-05
European Free Trade Association,FodderHerb,FodderHerbAEZ13,FodderHerbAEZ13,2005,NOx_AWB,0
European Free Trade Association,FodderHerb,FodderHerbAEZ14,FodderHerbAEZ14,2005,NOx_AWB,7.55263805780037e-07
European Free Trade Association,FodderHerb,FodderHerbAEZ15,FodderHerbAEZ15,2005,NOx_AWB,6.38904154723114e-06
European Free Trade Association,FodderHerb,FodderHerbAEZ16,FodderHerbAEZ16,2005,NOx_AWB,0
European Free Trade Association,MiscCrop,MiscCropAEZ10,MiscCropAEZ10,2005,NOx_AWB,3.28224177539685e-05
European Free Trade Association,MiscCrop,MiscCropAEZ13,MiscCropAEZ13,2005,NOx_AWB,0
European Free Trade Association,MiscCrop,MiscCropAEZ14,MiscCropAEZ14,2005,NOx_AWB,2.73021088878692e-07
European Free Trade Association,MiscCrop,MiscCropAEZ15,MiscCropAEZ15,2005,NOx_AWB,3.7709218731001e-06
European Free Trade Association,MiscCrop,MiscCropAEZ16,MiscCropAEZ16,2005,NOx_AWB,7.37127833246577e-08
European Free Trade Association,OilCrop,OilCropAEZ10,OilCropAEZ10,2005,NOx_AWB,2.56757772504126e-06
European Free Trade Association,OilCrop,OilCropAEZ13,OilCropAEZ13,2005,NOx_AWB,0
European Free Trade Association,OilCrop,OilCropAEZ14,OilCropAEZ14,2005,NOx_AWB,3.41607503261312e-08
European Free Trade Association,OilCrop,OilCropAEZ15,OilCropAEZ15,2005,NOx_AWB,4.22519975332872e-07
European Free Trade Association,OilCrop,OilCropAEZ16,OilCropAEZ16,2005,NOx_AWB,6.935354748991e-08
European Free Trade Association,OtherGrain,OtherGrainAEZ10,OtherGrainAEZ10,2005,NOx_AWB,2.54353004310914e-05
European Free Trade Association,OtherGrain,OtherGrainAEZ13,OtherGrainAEZ13,2005,NOx_AWB,0
European Free Trade Association,OtherGrain,OtherGrainAEZ14,OtherGrainAEZ14,2005,NOx_AWB,7.30676227044524e-07
European Free Trade Association,OtherGrain,OtherGrainAEZ15,OtherGrainAEZ15,2005,NOx_AWB,1.2638390028812e-05
European Free Trade Association,OtherGrain,OtherGrainAEZ16,OtherGrainAEZ16,2005,NOx_AWB,5.07137791970526e-06
European Free Trade Association,PalmFruit,PalmFruitAEZ10,PalmFruitAEZ10,2005,NOx_AWB,0
European Free Trade Association,PalmFruit,PalmFruitAEZ13,PalmFruitAEZ13,2005,NOx_AWB,0
European Free Trade Association,PalmFruit,PalmFruitAEZ14,PalmFruitAEZ14,2005,NOx_AWB,0
European Free Trade Association,PalmFruit,PalmFruitAEZ15,PalmFruitAEZ15,2005,NOx_AWB,0
European Free Trade Association,PalmFruit,PalmFruitAEZ16,PalmFruitAEZ16,2005,NOx_AWB,0
European Free Trade Association,Rice,RiceAEZ10,RiceAEZ10,2005,NOx_AWB,0
European Free Trade Association,Rice,RiceAEZ13,RiceAEZ13,2005,NOx_AWB,0
European Free Trade Association,Rice,RiceAEZ14,RiceAEZ14,2005,NOx_AWB,0
European Free Trade Association,Rice,RiceAEZ15,RiceAEZ15,2005,NOx_AWB,0
European Free Trade Association,Rice,RiceAEZ16,RiceAEZ16,2005,NOx_AWB,0
European Free Trade Association,Root_Tuber,Root_TuberAEZ10,Root_TuberAEZ10,2005,NOx_AWB,2.16584843355678e-05
European Free Trade Association,Root_Tuber,Root_TuberAEZ13,Root_TuberAEZ13,2005,NOx_AWB,0
European Free Trade Association,Root_Tuber,Root_TuberAEZ14,Root_TuberAEZ14,2005,NOx_AWB,3.91472637501453e-07
European Free Trade Association,Root_Tuber,Root_TuberAEZ15,Root_TuberAEZ15,2005,NOx_AWB,6.12706810849735e-06
European Free Trade Association,Root_Tuber,Root_TuberAEZ16,Root_TuberAEZ16,2005,NOx_AWB,1.94847685342355e-06
European Free Trade Association,SugarCrop,SugarCropAEZ10,SugarCropAEZ10,2005,NOx_AWB,4.43857081407602e-05
European Free Trade Association,SugarCrop,SugarCropAEZ13,SugarCropAEZ13,2005,NOx_AWB,0
European Free Trade Association,SugarCrop,SugarCropAEZ14,SugarCropAEZ14,2005,NOx_AWB,4.92874326544399e-07
European Free Trade Association,SugarCrop,SugarCropAEZ15,SugarCropAEZ15,2005,NOx_AWB,4.89073301430563e-06
European Free Trade Association,SugarCrop,SugarCropAEZ16,SugarCropAEZ16,2005,NOx_AWB,0
European Free Trade Association,Wheat,WheatAEZ10,WheatAEZ10,2005,NOx_AWB,2.40322580950548e-05
European Free Trade Association,Wheat,WheatAEZ13,WheatAEZ13,2005,NOx_AWB,0
European Free Trade Association,Wheat,WheatAEZ14,WheatAEZ14,2005,NOx_AWB,5.16976623823199e-07
European Free Trade Association,Wheat,WheatAEZ15,WheatAEZ15,2005,NOx_AWB,6.07980733494617e-06
European Free Trade Association,Wheat,WheatAEZ16,WheatAEZ16,2005,NOx_AWB,1.66987459891834e-06
European Free Trade Association,Corn,CornAEZ10,CornAEZ10,2005,SO2_AWB,6.50675356661998e-07
European Free Trade Association,Corn,CornAEZ13,CornAEZ13,2005,SO2_AWB,0
European Free Trade Association,Corn,CornAEZ14,CornAEZ14,2005,SO2_AWB,8.16569897684627e-09
European Free Trade Association,Corn,CornAEZ15,CornAEZ15,2005,SO2_AWB,1.16932262232929e-07
European Free Trade Association,Corn,CornAEZ16,CornAEZ16,2005,SO2_AWB,0
European Free Trade Association,FiberCrop,FiberCropAEZ10,FiberCropAEZ10,2005,SO2_AWB,0
European Free Trade Association,FiberCrop,FiberCropAEZ13,FiberCropAEZ13,2005,SO2_AWB,0
European Free Trade Association,FiberCrop,FiberCropAEZ14,FiberCropAEZ14,2005,SO2_AWB,0
European Free Trade Association,FiberCrop,FiberCropAEZ15,FiberCropAEZ15,2005,SO2_AWB,0
European Free Trade Association,FiberCrop,FiberCropAEZ16,FiberCropAEZ16,2005,SO2_AWB,0
European Free Trade Association,FodderGrass,FodderGrassAEZ10,FodderGrassAEZ10,2005,SO2_AWB,1.07775152808997e-06
European Free Trade Association,FodderGrass,FodderGrassAEZ13,FodderGrassAEZ13,2005,SO2_AWB,0
European Free Trade Association,FodderGrass,FodderGrassAEZ14,FodderGrassAEZ14,2005,SO2_AWB,3.94378501617256e-08
European Free Trade Association,FodderGrass,FodderGrassAEZ15,FodderGrassAEZ15,2005,SO2_AWB,5.37285580795284e-07
European Free Trade Association,FodderGrass,FodderGrassAEZ16,FodderGrassAEZ16,2005,SO2_AWB,1.84311116510566e-07
European Free Trade Association,FodderHerb,FodderHerbAEZ10,FodderHerbAEZ10,2005,SO2_AWB,7.00069869851333e-06
European Free Trade Association,FodderHerb,FodderHerbAEZ13,FodderHerbAEZ13,2005,SO2_AWB,0
European Free Trade Association,FodderHerb,FodderHerbAEZ14,FodderHerbAEZ14,2005,SO2_AWB,1.01068902823862e-07
European Free Trade Association,FodderHerb,FodderHerbAEZ15,FodderHerbAEZ15,2005,SO2_AWB,8.54977313003645e-07
European Free Trade Association,FodderHerb,FodderHerbAEZ16,FodderHerbAEZ16,2005,SO2_AWB,0
European Free Trade Association,MiscCrop,MiscCropAEZ10,MiscCropAEZ10,2005,SO2_AWB,4.39227422925943e-06
European Free Trade Association,MiscCrop,MiscCropAEZ13,MiscCropAEZ13,2005,SO2_AWB,0
European Free Trade Association,MiscCrop,MiscCropAEZ14,MiscCropAEZ14,2005,SO2_AWB,3.65355014891076e-08
European Free Trade Association,MiscCrop,MiscCropAEZ15,MiscCropAEZ15,2005,SO2_AWB,5.04622270300782e-07
European Free Trade Association,MiscCrop,MiscCropAEZ16,MiscCropAEZ16,2005,SO2_AWB,9.8641958977788e-09
European Free Trade Association,OilCrop,OilCropAEZ10,OilCropAEZ10,2005,SO2_AWB,3.43591552513091e-07
European Free Trade Association,OilCrop,OilCropAEZ13,OilCropAEZ13,2005,SO2_AWB,0
European Free Trade Association,OilCrop,OilCropAEZ14,OilCropAEZ14,2005,SO2_AWB,4.57136900865539e-09
European Free Trade Association,OilCrop,OilCropAEZ15,OilCropAEZ15,2005,SO2_AWB,5.65413435692902e-08
European Free Trade Association,OilCrop,OilCropAEZ16,OilCropAEZ16,2005,SO2_AWB,9.28084584234569e-09
European Free Trade Association,OtherGrain,OtherGrainAEZ10,OtherGrainAEZ10,2005,SO2_AWB,3.40373507626342e-06
European Free Trade Association,OtherGrain,OtherGrainAEZ13,OtherGrainAEZ13,2005,SO2_AWB,0
European Free Trade Association,OtherGrain,OtherGrainAEZ14,OtherGrainAEZ14,2005,SO2_AWB,9.77786093040676e-08
European Free Trade Association,OtherGrain,OtherGrainAEZ15,OtherGrainAEZ15,2005,SO2_AWB,1.69126099237977e-06
European Free Trade Association,OtherGrain,OtherGrainAEZ16,OtherGrainAEZ16,2005,SO2_AWB,6.78648438104884e-07
European Free Trade Association,PalmFruit,PalmFruitAEZ10,PalmFruitAEZ10,2005,SO2_AWB,0
European Free Trade Association,PalmFruit,PalmFruitAEZ13,PalmFruitAEZ13,2005,SO2_AWB,0
European Free Trade Association,PalmFruit,PalmFruitAEZ14,PalmFruitAEZ14,2005,SO2_AWB,0
European Free Trade Association,PalmFruit,PalmFruitAEZ15,PalmFruitAEZ15,2005,SO2_AWB,0
European Free Trade Association,PalmFruit,PalmFruitAEZ16,PalmFruitAEZ16,2005,SO2_AWB,0
European Free Trade Association,Rice,RiceAEZ10,RiceAEZ10,2005,SO2_AWB,0
European Free Trade Association,Rice,RiceAEZ13,RiceAEZ13,2005,SO2_AWB,0
European Free Trade Association,Rice,RiceAEZ14,RiceAEZ14,2005,SO2_AWB,0
European Free Trade Association,Rice,RiceAEZ15,RiceAEZ15,2005,SO2_AWB,0
European Free Trade Association,Rice,RiceAEZ16,RiceAEZ16,2005,SO2_AWB,0
European Free Trade Association,Root_Tuber,Root_TuberAEZ10,Root_TuberAEZ10,2005,SO2_AWB,2.89832404501741e-06
European Free Trade Association,Root_Tuber,Root_TuberAEZ13,Root_TuberAEZ13,2005,SO2_AWB,0
European Free Trade Association,Root_Tuber,Root_TuberAEZ14,Root_TuberAEZ14,2005,SO2_AWB,5.23866093609133e-08
European Free Trade Association,Root_Tuber,Root_TuberAEZ15,Root_TuberAEZ15,2005,SO2_AWB,8.19920200748051e-07
European Free Trade Association,Root_Tuber,Root_TuberAEZ16,Root_TuberAEZ16,2005,SO2_AWB,2.60743883456484e-07
European Free Trade Association,SugarCrop,SugarCropAEZ10,SugarCropAEZ10,2005,SO2_AWB,5.93966609880591e-06
European Free Trade Association,SugarCrop,SugarCropAEZ13,SugarCropAEZ13,2005,SO2_AWB,0
European Free Trade Association,SugarCrop,SugarCropAEZ14,SugarCropAEZ14,2005,SO2_AWB,6.59561163035534e-08
European Free Trade Association,SugarCrop,SugarCropAEZ15,SugarCropAEZ15,2005,SO2_AWB,6.54474656374929e-07
European Free Trade Association,SugarCrop,SugarCropAEZ16,SugarCropAEZ16,2005,SO2_AWB,0
European Free Trade Association,Wheat,WheatAEZ10,WheatAEZ10,2005,SO2_AWB,3.2159808790764e-06
European Free Trade Association,Wheat,WheatAEZ13,WheatAEZ13,2005,SO2_AWB,0
European Free Trade Association,Wheat,WheatAEZ14,WheatAEZ14,2005,SO2_AWB,6.91814697798622e-08
European Free Trade Association,Wheat,WheatAEZ15,WheatAEZ15,2005,SO2_AWB,8.13595795298101e-07
European Free Trade Association,Wheat,WheatAEZ16,WheatAEZ16,2005,SO2_AWB,2.23461514075609e-07
India,Corn,CornAEZ01,CornAEZ01,2005,CH4_AWB,2.33657019537565e-07
India,Corn,CornAEZ02,CornAEZ02,2005,CH4_AWB,0.000247592281570564
India,Corn,CornAEZ03,CornAEZ03,2005,CH4_AWB,0.00140671823715363
India,Corn,CornAEZ04,CornAEZ04,2005,CH4_AWB,0.000693805458312926
India,Corn,CornAEZ05,CornAEZ05,2005,CH4_AWB,7.1643219330976e-05
India,Corn,CornAEZ06,CornAEZ06,2005,CH4_AWB,1.14776021056128e-05
India,Corn,CornAEZ07,CornAEZ07,2005,CH4_AWB,2.62881902072432e-06
India,Corn,CornAEZ08,CornAEZ08,2005,CH4_AWB,0.000196325871893272
India,Corn,CornAEZ09,CornAEZ09,2005,CH4_AWB,0.000529917785625942
India,Corn,CornAEZ10,CornAEZ10,2005,CH4_AWB,0.000640833849535606
India,Corn,CornAEZ11,CornAEZ11,2005,CH4_AWB,0.000259461205918625
India,Corn,CornAEZ12,CornAEZ12,2005,CH4_AWB,7.9979235339554e-05
India,Corn,CornAEZ13,CornAEZ13,2005,CH4_AWB,4.45652826017701e-07
India,Corn,CornAEZ14,CornAEZ14,2005,CH4_AWB,2.57910476124824e-06
India,Corn,CornAEZ15,CornAEZ15,2005,CH4_AWB,5.87185771727558e-05
India,Corn,CornAEZ16,CornAEZ16,2005,CH4_AWB,7.37901651366356e-07
India,FiberCrop,FiberCropAEZ01,FiberCropAEZ01,2005,CH4_AWB,7.08220192717086e-05
India,FiberCrop,FiberCropAEZ02,FiberCropAEZ02,2005,CH4_AWB,0.00107330047947818
India,FiberCrop,FiberCropAEZ03,FiberCropAEZ03,2005,CH4_AWB,0.000733069952653443
India,FiberCrop,FiberCropAEZ04,FiberCropAEZ04,2005,CH4_AWB,0.000714447891682634
India,FiberCrop,FiberCropAEZ05,FiberCropAEZ05,2005,CH4_AWB,0.000210155339389734
India,FiberCrop,FiberCropAEZ06,FiberCropAEZ06,2005,CH4_AWB,2.32770675807992e-05
India,FiberCrop,FiberCropAEZ07,FiberCropAEZ07,2005,CH4_AWB,6.36625051718194e-05
India,FiberCrop,FiberCropAEZ08,FiberCropAEZ08,2005,CH4_AWB,0.0002227231451509
India,FiberCrop,FiberCropAEZ09,FiberCropAEZ09,2005,CH4_AWB,0.000190193031214233
India,FiberCrop,FiberCropAEZ10,FiberCropAEZ10,2005,CH4_AWB,4.13569260771519e-06
India,FiberCrop,FiberCropAEZ11,FiberCropAEZ11,2005,CH4_AWB,5.65497852817333e-06
India,FiberCrop,FiberCropAEZ12,FiberCropAEZ12,2005,CH4_AWB,5.19110549186336e-06
India,FiberCrop,FiberCropAEZ13,FiberCropAEZ13,2005,CH4_AWB,0
India,FiberCrop,FiberCropAEZ14,FiberCropAEZ14,2005,CH4_AWB,0
India,FiberCrop,FiberCropAEZ15,FiberCropAEZ15,2005,CH4_AWB,0
India,FiberCrop,FiberCropAEZ16,FiberCropAEZ16,2005,CH4_AWB,0
India,FodderGrass,FodderGrassAEZ01,FodderGrassAEZ01,2005,CH4_AWB,0.000432436686417089
India,FodderGrass,FodderGrassAEZ02,FodderGrassAEZ02,2005,CH4_AWB,0.00213144728812897
India,FodderGrass,FodderGrassAEZ03,FodderGrassAEZ03,2005,CH4_AWB,0.0127032600443102
India,FodderGrass,FodderGrassAEZ04,FodderGrassAEZ04,2005,CH4_AWB,0.00531082754586037
India,FodderGrass,FodderGrassAEZ05,FodderGrassAEZ05,2005,CH4_AWB,0.00104406436187482
India,FodderGrass,FodderGrassAEZ06,FodderGrassAEZ06,2005,CH4_AWB,0.000271191465385888
India,FodderGrass,FodderGrassAEZ07,FodderGrassAEZ07,2005,CH4_AWB,0.00106666452375269
India,FodderGrass,FodderGrassAEZ08,FodderGrassAEZ08,2005,CH4_AWB,0.00292107632003357
India,FodderGrass,FodderGrassAEZ09,FodderGrassAEZ09,2005,CH4_AWB,0.00225892783429574
India,FodderGrass,FodderGrassAEZ10,FodderGrassAEZ10,2005,CH4_AWB,0.00023264571840246
India,FodderGrass,FodderGrassAEZ11,FodderGrassAEZ11,2005,CH4_AWB,0.000153707071398327
India,FodderGrass,FodderGrassAEZ12,FodderGrassAEZ12,2005,CH4_AWB,9.62862650785146e-05
India,FodderGrass,FodderGrassAEZ13,FodderGrassAEZ13,2005,CH4_AWB,1.60871853555806e-06
India,FodderGrass,FodderGrassAEZ14,FodderGrassAEZ14,2005,CH4_AWB,1.82016644254081e-06
India,FodderGrass,FodderGrassAEZ15,FodderGrassAEZ15,2005,CH4_AWB,1.25059054895661e-05
India,FodderGrass,FodderGrassAEZ16,FodderGrassAEZ16,2005,CH4_AWB,4.82298071317588e-06
India,FodderHerb,FodderHerbAEZ01,FodderHerbAEZ01,2005,CH4_AWB,0
India,FodderHerb,FodderHerbAEZ02,FodderHerbAEZ02,2005,CH4_AWB,0
India,FodderHerb,FodderHerbAEZ03,FodderHerbAEZ03,2005,CH4_AWB,0
India,FodderHerb,FodderHerbAEZ04,FodderHerbAEZ04,2005,CH4_AWB,0
India,FodderHerb,FodderHerbAEZ05,FodderHerbAEZ05,2005,CH4_AWB,0
India,FodderHerb,FodderHerbAEZ06,FodderHerbAEZ06,2005,CH4_AWB,0
India,FodderHerb,FodderHerbAEZ07,FodderHerbAEZ07,2005,CH4_AWB,0
India,FodderHerb,FodderHerbAEZ08,FodderHerbAEZ08,2005,CH4_AWB,0
India,FodderHerb,FodderHerbAEZ09,FodderHerbAEZ09,2005,CH4_AWB,0
India,FodderHerb,FodderHerbAEZ10,FodderHerbAEZ10,2005,CH4_AWB,0
India,FodderHerb,FodderHerbAEZ11,FodderHerbAEZ11,2005,CH4_AWB,0
India,FodderHerb,FodderHerbAEZ12,FodderHerbAEZ12,2005,CH4_AWB,0
India,FodderHerb,FodderHerbAEZ13,FodderHerbAEZ13,2005,CH4_AWB,0
India,FodderHerb,FodderHerbAEZ14,FodderHerbAEZ14,2005,CH4_AWB,0
India,FodderHerb,FodderHerbAEZ15,FodderHerbAEZ15,2005,CH4_AWB,0
India,FodderHerb,FodderHerbAEZ16,FodderHerbAEZ16,2005,CH4_AWB,0
India,MiscCrop,MiscCropAEZ01,MiscCropAEZ01,2005,CH4_AWB,0.00024927212596002
India,MiscCrop,MiscCropAEZ02,MiscCropAEZ02,2005,CH4_AWB,0.00191450371430011
India,MiscCrop,MiscCropAEZ03,MiscCropAEZ03,2005,CH4_AWB,0.0140116791823243
India,MiscCrop,MiscCropAEZ04,MiscCropAEZ04,2005,CH4_AWB,0.0107093724632435
India,MiscCrop,MiscCropAEZ05,MiscCropAEZ05,2005,CH4_AWB,0.00260263351420311
India,MiscCrop,MiscCropAEZ06,MiscCropAEZ06,2005,CH4_AWB,0.000480871467811411
India,MiscCrop,MiscCropAEZ07,MiscCropAEZ07,2005,CH4_AWB,0.000383543006458876
India,MiscCrop,MiscCropAEZ08,MiscCropAEZ08,2005,CH4_AWB,0.00328809844174664
India,MiscCrop,MiscCropAEZ09,MiscCropAEZ09,2005,CH4_AWB,0.00579996671426042
India,MiscCrop,MiscCropAEZ10,MiscCropAEZ10,2005,CH4_AWB,0.000476499557318429
India,MiscCrop,MiscCropAEZ11,MiscCropAEZ11,2005,CH4_AWB,0.000305229264291623
India,MiscCrop,MiscCropAEZ12,MiscCropAEZ12,2005,CH4_AWB,0.000161085748436018
India,MiscCrop,MiscCropAEZ13,MiscCropAEZ13,2005,CH4_AWB,1.13883138937837e-06
India,MiscCrop,MiscCropAEZ14,MiscCropAEZ14,2005,CH4_AWB,8.07233532598504e-07
India,MiscCrop,MiscCropAEZ15,MiscCropAEZ15,2005,CH4_AWB,1.34190053521263e-05
India,MiscCrop,MiscCropAEZ16,MiscCropAEZ16,2005,CH4_AWB,3.66899211949564e-06
India,OilCrop,OilCropAEZ01,OilCropAEZ01,2005,CH4_AWB,5.31579229788313e-05
India,OilCrop,OilCropAEZ02,OilCropAEZ02,2005,CH4_AWB,0.00105265920446745
India,OilCrop,OilCropAEZ03,OilCropAEZ03,2005,CH4_AWB,0.00267076496948303
India,OilCrop,OilCropAEZ04,OilCropAEZ04,2005,CH4_AWB,0.000957757716083012
India,OilCrop,OilCropAEZ05,OilCropAEZ05,2005,CH4_AWB,0.000101372106516757
India,OilCrop,OilCropAEZ06,OilCropAEZ06,2005,CH4_AWB,3.37327468214746e-05
India,OilCrop,OilCropAEZ07,OilCropAEZ07,2005,CH4_AWB,0.000183904511166334
India,OilCrop,OilCropAEZ08,OilCropAEZ08,2005,CH4_AWB,0.000996831122488442
India,OilCrop,OilCropAEZ09,OilCropAEZ09,2005,CH4_AWB,0.000904572124832592
India,OilCrop,OilCropAEZ10,OilCropAEZ10,2005,CH4_AWB,1.98535219915927e-05
India,OilCrop,OilCropAEZ11,OilCropAEZ11,2005,CH4_AWB,8.13549659808269e-06
India,OilCrop,OilCropAEZ12,OilCropAEZ12,2005,CH4_AWB,6.3305688563743e-06
India,OilCrop,OilCropAEZ13,OilCropAEZ13,2005,CH4_AWB,7.68563099705507e-08
India,OilCrop,OilCropAEZ14,OilCropAEZ14,2005,CH4_AWB,3.82573631853408e-08
India,OilCrop,OilCropAEZ15,OilCropAEZ15,2005,CH4_AWB,6.46959338152104e-07
India,OilCrop,OilCropAEZ16,OilCropAEZ16,2005,CH4_AWB,6.79751363739538e-08
India,OtherGrain,OtherGrainAEZ01,OtherGrainAEZ01,2005,CH4_AWB,4.56605304798304e-05
India,OtherGrain,OtherGrainAEZ02,OtherGrainAEZ02,2005,CH4_AWB,0.000361948466002842
India,OtherGrain,OtherGrainAEZ03,OtherGrainAEZ03,2005,CH4_AWB,0.0026387034394749
India,OtherGrain,OtherGrainAEZ04,OtherGrainAEZ04,2005,CH4_AWB,0.000645221855254467
India,OtherGrain,OtherGrainAEZ05,OtherGrainAEZ05,2005,CH4_AWB,5.51871661530929e-05
India,OtherGrain,OtherGrainAEZ06,OtherGrainAEZ06,2005,CH4_AWB,1.11690199398908e-05
India,OtherGrain,OtherGrainAEZ07,OtherGrainAEZ07,2005,CH4_AWB,0.000151857287364181
India,OtherGrain,OtherGrainAEZ08,OtherGrainAEZ08,2005,CH4_AWB,0.00111634694361226
India,OtherGrain,OtherGrainAEZ09,OtherGrainAEZ09,2005,CH4_AWB,0.000340159712736888
India,OtherGrain,OtherGrainAEZ10,OtherGrainAEZ10,2005,CH4_AWB,3.45082254526372e-05
India,OtherGrain,OtherGrainAEZ11,OtherGrainAEZ11,2005,CH4_AWB,4.88657590836972e-05
India,OtherGrain,OtherGrainAEZ12,OtherGrainAEZ12,2005,CH4_AWB,3.00810790929353e-06
India,OtherGrain,OtherGrainAEZ13,OtherGrainAEZ13,2005,CH4_AWB,8.44391279385905e-08
India,OtherGrain,OtherGrainAEZ14,OtherGrainAEZ14,2005,CH4_AWB,9.89926295116237e-07
India,OtherGrain,OtherGrainAEZ15,OtherGrainAEZ15,2005,CH4_AWB,1.73345172201577e-06
India,OtherGrain,OtherGrainAEZ16,OtherGrainAEZ16,2005,CH4_AWB,2.9801536587473e-06
India,PalmFruit,PalmFruitAEZ01,PalmFruitAEZ01,2005,CH4_AWB,0
India,PalmFruit,PalmFruitAEZ02,PalmFruitAEZ02,2005,CH4_AWB,7.70156083420213e-05
India,PalmFruit,PalmFruitAEZ03,PalmFruitAEZ03,2005,CH4_AWB,0.000536174572041778
India,PalmFruit,PalmFruitAEZ04,PalmFruitAEZ04,2005,CH4_AWB,0.000785705217893472
India,PalmFruit,PalmFruitAEZ05,PalmFruitAEZ05,2005,CH4_AWB,0.00111565460728091
India,PalmFruit,PalmFruitAEZ06,PalmFruitAEZ06,2005,CH4_AWB,1.28806061619545e-05
India,PalmFruit,PalmFruitAEZ07,PalmFruitAEZ07,2005,CH4_AWB,0
India,PalmFruit,PalmFruitAEZ08,PalmFruitAEZ08,2005,CH4_AWB,0
India,PalmFruit,PalmFruitAEZ09,PalmFruitAEZ09,2005,CH4_AWB,1.09830275981064e-07
India,PalmFruit,PalmFruitAEZ10,PalmFruitAEZ10,2005,CH4_AWB,0
India,PalmFruit,PalmFruitAEZ11,PalmFruitAEZ11,2005,CH4_AWB,2.37163917112396e-06
India,PalmFruit,PalmFruitAEZ12,PalmFruitAEZ12,2005,CH4_AWB,1.21641707120634e-06
India,PalmFruit,PalmFruitAEZ13,PalmFruitAEZ13,2005,CH4_AWB,0
India,PalmFruit,PalmFruitAEZ14,PalmFruitAEZ14,2005,CH4_AWB,0
India,PalmFruit,PalmFruitAEZ15,PalmFruitAEZ15,2005,CH4_AWB,0
India,PalmFruit,PalmFruitAEZ16,PalmFruitAEZ16,2005,CH4_AWB,0
India,Rice,RiceAEZ01,RiceAEZ01,2005,CH4_AWB,2.1097632820427e-05
India,Rice,RiceAEZ02,RiceAEZ02,2005,CH4_AWB,0.000568337942750569
India,Rice,RiceAEZ03,RiceAEZ03,2005,CH4_AWB,0.0122017419542462
India,Rice,RiceAEZ04,RiceAEZ04,2005,CH4_AWB,0.0139251741728932
India,Rice,RiceAEZ05,RiceAEZ05,2005,CH4_AWB,0.00249664000286534
India,Rice,RiceAEZ06,RiceAEZ06,2005,CH4_AWB,0.00106196874169567
India,Rice,RiceAEZ07,RiceAEZ07,2005,CH4_AWB,0.000274972667929887
India,Rice,RiceAEZ08,RiceAEZ08,2005,CH4_AWB,0.00311675850931367
India,Rice,RiceAEZ09,RiceAEZ09,2005,CH4_AWB,0.00207276535434891
India,Rice,RiceAEZ10,RiceAEZ10,2005,CH4_AWB,0.000362353244968252
India,Rice,RiceAEZ11,RiceAEZ11,2005,CH4_AWB,0.000293105197731716
India,Rice,RiceAEZ12,RiceAEZ12,2005,CH4_AWB,0.000208992399634453
India,Rice,RiceAEZ13,RiceAEZ13,2005,CH4_AWB,4.18701692796465e-07
India,Rice,RiceAEZ14,RiceAEZ14,2005,CH4_AWB,1.63108691571314e-06
India,Rice,RiceAEZ15,RiceAEZ15,2005,CH4_AWB,1.18441572563348e-05
India,Rice,RiceAEZ16,RiceAEZ16,2005,CH4_AWB,2.6212295399768e-06
India,Root_Tuber,Root_TuberAEZ01,Root_TuberAEZ01,2005,CH4_AWB,1.40900395624917e-05
India,Root_Tuber,Root_TuberAEZ02,Root_TuberAEZ02,2005,CH4_AWB,0.000193622749965588
India,Root_Tuber,Root_TuberAEZ03,Root_TuberAEZ03,2005,CH4_AWB,0.00278251662485213
India,Root_Tuber,Root_TuberAEZ04,Root_TuberAEZ04,2005,CH4_AWB,0.00298252888441345
India,Root_Tuber,Root_TuberAEZ05,Root_TuberAEZ05,2005,CH4_AWB,0.00163231181320957
India,Root_Tuber,Root_TuberAEZ06,Root_TuberAEZ06,2005,CH4_AWB,0.000118217848857743
India,Root_Tuber,Root_TuberAEZ07,Root_TuberAEZ07,2005,CH4_AWB,9.18726756730023e-05
India,Root_Tuber,Root_TuberAEZ08,Root_TuberAEZ08,2005,CH4_AWB,0.000687102053051519
India,Root_Tuber,Root_TuberAEZ09,Root_TuberAEZ09,2005,CH4_AWB,0.000816743808116427
India,Root_Tuber,Root_TuberAEZ10,Root_TuberAEZ10,2005,CH4_AWB,7.7817256977307e-05
India,Root_Tuber,Root_TuberAEZ11,Root_TuberAEZ11,2005,CH4_AWB,0.000157096755658863
India,Root_Tuber,Root_TuberAEZ12,Root_TuberAEZ12,2005,CH4_AWB,5.30267566789241e-05
India,Root_Tuber,Root_TuberAEZ13,Root_TuberAEZ13,2005,CH4_AWB,9.72650389826159e-07
India,Root_Tuber,Root_TuberAEZ14,Root_TuberAEZ14,2005,CH4_AWB,4.73913940778292e-07
India,Root_Tuber,Root_TuberAEZ15,Root_TuberAEZ15,2005,CH4_AWB,1.52527781077507e-06
India,Root_Tuber,Root_TuberAEZ16,Root_TuberAEZ16,2005,CH4_AWB,2.43554531797637e-06
India,SugarCrop,SugarCropAEZ01,SugarCropAEZ01,2005,CH4_AWB,0.000105809465109187
India,SugarCrop,SugarCropAEZ02,SugarCropAEZ02,2005,CH4_AWB,0.000587199889287661
India,SugarCrop,SugarCropAEZ03,SugarCropAEZ03,2005,CH4_AWB,0.0409758878238443
India,SugarCrop,SugarCropAEZ04,SugarCropAEZ04,2005,CH4_AWB,0.0143227206495948
India,SugarCrop,SugarCropAEZ05,SugarCropAEZ05,2005,CH4_AWB,0.000584985227472186
India,SugarCrop,SugarCropAEZ06,SugarCropAEZ06,2005,CH4_AWB,0.000230654276135076
India,SugarCrop,SugarCropAEZ07,SugarCropAEZ07,2005,CH4_AWB,0.000115945277699703
India,SugarCrop,SugarCropAEZ08,SugarCropAEZ08,2005,CH4_AWB,0.00497332057897559
India,SugarCrop,SugarCropAEZ09,SugarCropAEZ09,2005,CH4_AWB,0.0121895667758143
India,SugarCrop,SugarCropAEZ10,SugarCropAEZ10,2005,CH4_AWB,0.000842974720573959
India,SugarCrop,SugarCropAEZ11,SugarCropAEZ11,2005,CH4_AWB,0.000296949456833388
India,SugarCrop,SugarCropAEZ12,SugarCropAEZ12,2005,CH4_AWB,2.35886381912866e-05
India,SugarCrop,SugarCropAEZ13,SugarCropAEZ13,2005,CH4_AWB,9.73664928341923e-07
India,SugarCrop,SugarCropAEZ14,SugarCropAEZ14,2005,CH4_AWB,1.00904709935838e-07
India,SugarCrop,SugarCropAEZ15,SugarCropAEZ15,2005,CH4_AWB,0
India,SugarCrop,SugarCropAEZ16,SugarCropAEZ16,2005,CH4_AWB,0
India,Wheat,WheatAEZ01,WheatAEZ01,2005,CH4_AWB,4.19171688326854e-05
India,Wheat,WheatAEZ02,WheatAEZ02,2005,CH4_AWB,0.0004648406467989
India,Wheat,WheatAEZ03,WheatAEZ03,2005,CH4_AWB,0.00627376235850867
India,Wheat,WheatAEZ04,WheatAEZ04,2005,CH4_AWB,0.00116922540975653
India,Wheat,WheatAEZ05,WheatAEZ05,2005,CH4_AWB,7.42102050642031e-05
India,Wheat,WheatAEZ06,WheatAEZ06,2005,CH4_AWB,7.24760397296062e-06
India,Wheat,WheatAEZ07,WheatAEZ07,2005,CH4_AWB,0.000770460881147876
India,Wheat,WheatAEZ08,WheatAEZ08,2005,CH4_AWB,0.00617988947769448
India,Wheat,WheatAEZ09,WheatAEZ09,2005,CH4_AWB,0.00353815507420249
India,Wheat,WheatAEZ10,WheatAEZ10,2005,CH4_AWB,0.000294012158404327
India,Wheat,WheatAEZ11,WheatAEZ11,2005,CH4_AWB,0.000130290622288394
India,Wheat,WheatAEZ12,WheatAEZ12,2005,CH4_AWB,2.02347131964245e-05
India,Wheat,WheatAEZ13,WheatAEZ13,2005,CH4_AWB,3.80190690975073e-07
India,Wheat,WheatAEZ14,WheatAEZ14,2005,CH4_AWB,1.358555254356e-06
India,Wheat,WheatAEZ15,WheatAEZ15,2005,CH4_AWB,2.66618489525043e-06
India,Wheat,WheatAEZ16,WheatAEZ16,2005,CH4_AWB,3.62487977724142e-06
India,Corn,CornAEZ01,CornAEZ01,2005,CO_AWB,1.06757086512853e-05
India,Corn,CornAEZ02,CornAEZ02,2005,CO_AWB,0.0113124059683103
India,Corn,CornAEZ03,CornAEZ03,2005,CO_AWB,0.0642724711802954
India,Corn,CornAEZ04,CornAEZ04,2005,CO_AWB,0.0316997321470561
India,Corn,CornAEZ05,CornAEZ05,2005,CO_AWB,0.0032733539866739
India,Corn,CornAEZ06,CornAEZ06,2005,CO_AWB,0.000524407682411617
India,Corn,CornAEZ07,CornAEZ07,2005,CO_AWB,0.000120109834567577
India,Corn,CornAEZ08,CornAEZ08,2005,CO_AWB,0.00897006138822706
India,Corn,CornAEZ09,CornAEZ09,2005,CO_AWB,0.0242117608949784
India,Corn,CornAEZ10,CornAEZ10,2005,CO_AWB,0.0292794776080923
India,Corn,CornAEZ11,CornAEZ11,2005,CO_AWB,0.0118546930290406
India,Corn,CornAEZ12,CornAEZ12,2005,CO_AWB,0.00365422368361755
India,Corn,CornAEZ13,CornAEZ13,2005,CO_AWB,2.03617239473605e-05
India,Corn,CornAEZ14,CornAEZ14,2005,CO_AWB,0.000117838407194962
India,Corn,CornAEZ15,CornAEZ15,2005,CO_AWB,0.00268283154323798
India,Corn,CornAEZ16,CornAEZ16,2005,CO_AWB,3.37144720020835e-05
India,FiberCrop,FiberCropAEZ01,FiberCropAEZ01,2005,CO_AWB,0.00323583363913841
India,FiberCrop,FiberCropAEZ02,FiberCropAEZ02,2005,CO_AWB,0.0490387288037446
India,FiberCrop,FiberCropAEZ03,FiberCropAEZ03,2005,CO_AWB,0.0334937133539935
India,FiberCrop,FiberCropAEZ04,FiberCropAEZ04,2005,CO_AWB,0.0326428778096376
India,FiberCrop,FiberCropAEZ05,FiberCropAEZ05,2005,CO_AWB,0.00960192498935855
India,FiberCrop,FiberCropAEZ06,FiberCropAEZ06,2005,CO_AWB,0.00106352119119169
India,FiberCrop,FiberCropAEZ07,FiberCropAEZ07,2005,CO_AWB,0.00290871790871244
India,FiberCrop,FiberCropAEZ08,FiberCropAEZ08,2005,CO_AWB,0.0101761437008601
India,FiberCrop,FiberCropAEZ09,FiberCropAEZ09,2005,CO_AWB,0.00868985401237446
India,FiberCrop,FiberCropAEZ10,FiberCropAEZ10,2005,CO_AWB,0.000188958369145608
India,FiberCrop,FiberCropAEZ11,FiberCropAEZ11,2005,CO_AWB,0.000258374018959644
India,FiberCrop,FiberCropAEZ12,FiberCropAEZ12,2005,CO_AWB,0.00023717981988686
India,FiberCrop,FiberCropAEZ13,FiberCropAEZ13,2005,CO_AWB,0
India,FiberCrop,FiberCropAEZ14,FiberCropAEZ14,2005,CO_AWB,0
India,FiberCrop,FiberCropAEZ15,FiberCropAEZ15,2005,CO_AWB,0
India,FiberCrop,FiberCropAEZ16,FiberCropAEZ16,2005,CO_AWB,0
India,FodderGrass,FodderGrassAEZ01,FodderGrassAEZ01,2005,CO_AWB,0.019757883086298
India,FodderGrass,FodderGrassAEZ02,FodderGrassAEZ02,2005,CO_AWB,0.097385091612789
India,FodderGrass,FodderGrassAEZ03,FodderGrassAEZ03,2005,CO_AWB,0.580407570990037
India,FodderGrass,FodderGrassAEZ04,FodderGrassAEZ04,2005,CO_AWB,0.242649879250517
India,FodderGrass,FodderGrassAEZ05,FodderGrassAEZ05,2005,CO_AWB,0.047702940671867
India,FodderGrass,FodderGrassAEZ06,FodderGrassAEZ06,2005,CO_AWB,0.0123906445391828
India,FodderGrass,FodderGrassAEZ07,FodderGrassAEZ07,2005,CO_AWB,0.0487355342749072
India,FodderGrass,FodderGrassAEZ08,FodderGrassAEZ08,2005,CO_AWB,0.133462969794637
India,FodderGrass,FodderGrassAEZ09,FodderGrassAEZ09,2005,CO_AWB,0.10320963380834
India,FodderGrass,FodderGrassAEZ10,FodderGrassAEZ10,2005,CO_AWB,0.0106295026511469
India,FodderGrass,FodderGrassAEZ11,FodderGrassAEZ11,2005,CO_AWB,0.00702282308975116
India,FodderGrass,FodderGrassAEZ12,FodderGrassAEZ12,2005,CO_AWB,0.00439928624927696
India,FodderGrass,FodderGrassAEZ13,FodderGrassAEZ13,2005,CO_AWB,7.35017951591182e-05
India,FodderGrass,FodderGrassAEZ14,FodderGrassAEZ14,2005,CO_AWB,8.31627771160888e-05
India,FodderGrass,FodderGrassAEZ15,FodderGrassAEZ15,2005,CO_AWB,0.000571390509437074
India,FodderGrass,FodderGrassAEZ16,FodderGrassAEZ16,2005,CO_AWB,0.000220360325688208
India,FodderHerb,FodderHerbAEZ01,FodderHerbAEZ01,2005,CO_AWB,0
India,FodderHerb,FodderHerbAEZ02,FodderHerbAEZ02,2005,CO_AWB,0
India,FodderHerb,FodderHerbAEZ03,FodderHerbAEZ03,2005,CO_AWB,0
India,FodderHerb,FodderHerbAEZ04,FodderHerbAEZ04,2005,CO_AWB,0
India,FodderHerb,FodderHerbAEZ05,FodderHerbAEZ05,2005,CO_AWB,0
India,FodderHerb,FodderHerbAEZ06,FodderHerbAEZ06,2005,CO_AWB,0
India,FodderHerb,FodderHerbAEZ07,FodderHerbAEZ07,2005,CO_AWB,0
India,FodderHerb,FodderHerbAEZ08,FodderHerbAEZ08,2005,CO_AWB,0
India,FodderHerb,FodderHerbAEZ09,FodderHerbAEZ09,2005,CO_AWB,0
India,FodderHerb,FodderHerbAEZ10,FodderHerbAEZ10,2005,CO_AWB,0
India,FodderHerb,FodderHerbAEZ11,FodderHerbAEZ11,2005,CO_AWB,0
India,FodderHerb,FodderHerbAEZ12,FodderHerbAEZ12,2005,CO_AWB,0
India,FodderHerb,FodderHerbAEZ13,FodderHerbAEZ13,2005,CO_AWB,0
India,FodderHerb,FodderHerbAEZ14,FodderHerbAEZ14,2005,CO_AWB,0
India,FodderHerb,FodderHerbAEZ15,FodderHerbAEZ15,2005,CO_AWB,0
India,FodderHerb,FodderHerbAEZ16,FodderHerbAEZ16,2005,CO_AWB,0
India,MiscCrop,MiscCropAEZ01,MiscCropAEZ01,2005,CO_AWB,0.0113891574792078
India,MiscCrop,MiscCropAEZ02,MiscCropAEZ02,2005,CO_AWB,0.0874730145326776
India,MiscCrop,MiscCropAEZ03,MiscCropAEZ03,2005,CO_AWB,0.640188790226886
India,MiscCrop,MiscCropAEZ04,MiscCropAEZ04,2005,CO_AWB,0.489307534958537
India,MiscCrop,MiscCropAEZ05,MiscCropAEZ05,2005,CO_AWB,0.118913427804108
India,MiscCrop,MiscCropAEZ06,MiscCropAEZ06,2005,CO_AWB,0.0219708515465558
India,MiscCrop,MiscCropAEZ07,MiscCropAEZ07,2005,CO_AWB,0.0175239477088969
India,MiscCrop,MiscCropAEZ08,MiscCropAEZ08,2005,CO_AWB,0.150232083976355
India,MiscCrop,MiscCropAEZ09,MiscCropAEZ09,2005,CO_AWB,0.264998479186036
India,MiscCrop,MiscCropAEZ10,MiscCropAEZ10,2005,CO_AWB,0.0217711004636869
India,MiscCrop,MiscCropAEZ11,MiscCropAEZ11,2005,CO_AWB,0.0139458198340138
India,MiscCrop,MiscCropAEZ12,MiscCropAEZ12,2005,CO_AWB,0.00735995229923185
India,MiscCrop,MiscCropAEZ13,MiscCropAEZ13,2005,CO_AWB,5.20328134802188e-05
India,MiscCrop,MiscCropAEZ14,MiscCropAEZ14,2005,CO_AWB,3.68822217480351e-05
India,MiscCrop,MiscCropAEZ15,MiscCropAEZ15,2005,CO_AWB,0.000613109727295426
India,MiscCrop,MiscCropAEZ16,MiscCropAEZ16,2005,CO_AWB,0.000167634984770059
India,OilCrop,OilCropAEZ01,OilCropAEZ01,2005,CO_AWB,0.00242876717058453
India,OilCrop,OilCropAEZ02,OilCropAEZ02,2005,CO_AWB,0.0480956360661852
India,OilCrop,OilCropAEZ03,OilCropAEZ03,2005,CO_AWB,0.122026330502242
India,OilCrop,OilCropAEZ04,OilCropAEZ04,2005,CO_AWB,0.0437596197865514
India,OilCrop,OilCropAEZ05,OilCropAEZ05,2005,CO_AWB,0.00463165659085182
India,OilCrop,OilCropAEZ06,OilCropAEZ06,2005,CO_AWB,0.00154123757029151
India,OilCrop,OilCropAEZ07,OilCropAEZ07,2005,CO_AWB,0.00840253369984111
India,OilCrop,OilCropAEZ08,OilCropAEZ08,2005,CO_AWB,0.0455448702516271
India,OilCrop,OilCropAEZ09,OilCropAEZ09,2005,CO_AWB,0.0413295884621788
India,OilCrop,OilCropAEZ10,OilCropAEZ10,2005,CO_AWB,0.000907100573753805
India,OilCrop,OilCropAEZ11,OilCropAEZ11,2005,CO_AWB,0.000371708034222744
India,OilCrop,OilCropAEZ12,OilCropAEZ12,2005,CO_AWB,0.000289241508092964
India,OilCrop,OilCropAEZ13,OilCropAEZ13,2005,CO_AWB,3.51153830037861e-06
India,OilCrop,OilCropAEZ14,OilCropAEZ14,2005,CO_AWB,1.74796573174402e-06
India,OilCrop,OilCropAEZ15,OilCropAEZ15,2005,CO_AWB,2.95593490707427e-05
India,OilCrop,OilCropAEZ16,OilCropAEZ16,2005,CO_AWB,3.10576054122375e-06
India,OtherGrain,OtherGrainAEZ01,OtherGrainAEZ01,2005,CO_AWB,0.00208621389261294
India,OtherGrain,OtherGrainAEZ02,OtherGrainAEZ02,2005,CO_AWB,0.016537300601854
India,OtherGrain,OtherGrainAEZ03,OtherGrainAEZ03,2005,CO_AWB,0.12056145025187
India,OtherGrain,OtherGrainAEZ04,OtherGrainAEZ04,2005,CO_AWB,0.0294799640762817
India,OtherGrain,OtherGrainAEZ05,OtherGrainAEZ05,2005,CO_AWB,0.00252148259147752
India,OtherGrain,OtherGrainAEZ06,OtherGrainAEZ06,2005,CO_AWB,0.000510308669667424
India,OtherGrain,OtherGrainAEZ07,OtherGrainAEZ07,2005,CO_AWB,0.00693830709508756
India,OtherGrain,OtherGrainAEZ08,OtherGrainAEZ08,2005,CO_AWB,0.0510055069064221
India,OtherGrain,OtherGrainAEZ09,OtherGrainAEZ09,2005,CO_AWB,0.0155417799784957
India,OtherGrain,OtherGrainAEZ10,OtherGrainAEZ10,2005,CO_AWB,0.00157666892154291
India,OtherGrain,OtherGrainAEZ11,OtherGrainAEZ11,2005,CO_AWB,0.00223265968227237
India,OtherGrain,OtherGrainAEZ12,OtherGrainAEZ12,2005,CO_AWB,0.000137439413097032
India,OtherGrain,OtherGrainAEZ13,OtherGrainAEZ13,2005,CO_AWB,3.85799463857353e-06
India,OtherGrain,OtherGrainAEZ14,OtherGrainAEZ14,2005,CO_AWB,4.5229391069966e-05
India,OtherGrain,OtherGrainAEZ15,OtherGrainAEZ15,2005,CO_AWB,7.92008114369275e-05
India,OtherGrain,OtherGrainAEZ16,OtherGrainAEZ16,2005,CO_AWB,0.000136162193028971
India,PalmFruit,PalmFruitAEZ01,PalmFruitAEZ01,2005,CO_AWB,0
India,PalmFruit,PalmFruitAEZ02,PalmFruitAEZ02,2005,CO_AWB,0.00351881658804063
India,PalmFruit,PalmFruitAEZ03,PalmFruitAEZ03,2005,CO_AWB,0.0244976313088054
India,PalmFruit,PalmFruitAEZ04,PalmFruitAEZ04,2005,CO_AWB,0.035898600472719
India,PalmFruit,PalmFruitAEZ05,PalmFruitAEZ05,2005,CO_AWB,0.0509738742981794
India,PalmFruit,PalmFruitAEZ06,PalmFruitAEZ06,2005,CO_AWB,0.000588510453951367
India,PalmFruit,PalmFruitAEZ07,PalmFruitAEZ07,2005,CO_AWB,0
India,PalmFruit,PalmFruitAEZ08,PalmFruitAEZ08,2005,CO_AWB,0
India,PalmFruit,PalmFruitAEZ09,PalmFruitAEZ09,2005,CO_AWB,5.01810743706587e-06
India,PalmFruit,PalmFruitAEZ10,PalmFruitAEZ10,2005,CO_AWB,0
India,PalmFruit,PalmFruitAEZ11,PalmFruitAEZ11,2005,CO_AWB,0.000108359375922043
India,PalmFruit,PalmFruitAEZ12,PalmFruitAEZ12,2005,CO_AWB,5.55776765292551e-05
India,PalmFruit,PalmFruitAEZ13,PalmFruitAEZ13,2005,CO_AWB,0
India,PalmFruit,PalmFruitAEZ14,PalmFruitAEZ14,2005,CO_AWB,0
India,PalmFruit,PalmFruitAEZ15,PalmFruitAEZ15,2005,CO_AWB,0
India,PalmFruit,PalmFruitAEZ16,PalmFruitAEZ16,2005,CO_AWB,0
India,Rice,RiceAEZ01,RiceAEZ01,2005,CO_AWB,0.000963943568519511
India,Rice,RiceAEZ02,RiceAEZ02,2005,CO_AWB,0.0259671646256725
India,Rice,RiceAEZ03,RiceAEZ03,2005,CO_AWB,0.557493382392283
India,Rice,RiceAEZ04,RiceAEZ04,2005,CO_AWB,0.636236406175294
India,Rice,RiceAEZ05,RiceAEZ05,2005,CO_AWB,0.114070620820572
India,Rice,RiceAEZ06,RiceAEZ06,2005,CO_AWB,0.0485209856119573
India,Rice,RiceAEZ07,RiceAEZ07,2005,CO_AWB,0.0125634063795552
India,Rice,RiceAEZ08,RiceAEZ08,2005,CO_AWB,0.142403621546228
India,Rice,RiceAEZ09,RiceAEZ09,2005,CO_AWB,0.0947039342935276
India,Rice,RiceAEZ10,RiceAEZ10,2005,CO_AWB,0.0165557948132046
India,Rice,RiceAEZ11,RiceAEZ11,2005,CO_AWB,0.0133918754136043
India,Rice,RiceAEZ12,RiceAEZ12,2005,CO_AWB,0.00954879067295344
India,Rice,RiceAEZ13,RiceAEZ13,2005,CO_AWB,1.91303359639764e-05
India,Rice,RiceAEZ14,RiceAEZ14,2005,CO_AWB,7.45237987351692e-05
India,Rice,RiceAEZ15,RiceAEZ15,2005,CO_AWB,0.000541155460849778
India,Rice,RiceAEZ16,RiceAEZ16,2005,CO_AWB,0.000119763073809285
India,Root_Tuber,Root_TuberAEZ01,Root_TuberAEZ01,2005,CO_AWB,0.000643769048975914
India,Root_Tuber,Root_TuberAEZ02,Root_TuberAEZ02,2005,CO_AWB,0.0088465566794622
India,Root_Tuber,Root_TuberAEZ03,Root_TuberAEZ03,2005,CO_AWB,0.127132225101003
India,Root_Tuber,Root_TuberAEZ04,Root_TuberAEZ04,2005,CO_AWB,0.136270716270615
India,Root_Tuber,Root_TuberAEZ05,Root_TuberAEZ05,2005,CO_AWB,0.0745797638794027
India,Root_Tuber,Root_TuberAEZ06,Root_TuberAEZ06,2005,CO_AWB,0.00540133274953479
India,Root_Tuber,Root_TuberAEZ07,Root_TuberAEZ07,2005,CO_AWB,0.00419763087126649
India,Root_Tuber,Root_TuberAEZ08,Root_TuberAEZ08,2005,CO_AWB,0.0313934558721815
India,Root_Tuber,Root_TuberAEZ09,Root_TuberAEZ09,2005,CO_AWB,0.0373167429570437
India,Root_Tuber,Root_TuberAEZ10,Root_TuberAEZ10,2005,CO_AWB,0.00355544363775627
India,Root_Tuber,Root_TuberAEZ11,Root_TuberAEZ11,2005,CO_AWB,0.00717769659475838
India,Root_Tuber,Root_TuberAEZ12,Root_TuberAEZ12,2005,CO_AWB,0.00242277422757153
India,Root_Tuber,Root_TuberAEZ13,Root_TuberAEZ13,2005,CO_AWB,4.44400609144711e-05
India,Root_Tuber,Root_TuberAEZ14,Root_TuberAEZ14,2005,CO_AWB,2.16529645355599e-05
India,Root_Tuber,Root_TuberAEZ15,Root_TuberAEZ15,2005,CO_AWB,6.96894172164472e-05
India,Root_Tuber,Root_TuberAEZ16,Root_TuberAEZ16,2005,CO_AWB,0.000111279225735127
India,SugarCrop,SugarCropAEZ01,SugarCropAEZ01,2005,CO_AWB,0.00483439797481631
India,SugarCrop,SugarCropAEZ02,SugarCropAEZ02,2005,CO_AWB,0.0268289604588328
India,SugarCrop,SugarCropAEZ03,SugarCropAEZ03,2005,CO_AWB,1.87217418505496
India,SugarCrop,SugarCropAEZ04,SugarCropAEZ04,2005,CO_AWB,0.654400167610796
India,SugarCrop,SugarCropAEZ05,SugarCropAEZ05,2005,CO_AWB,0.0267277733241602
India,SugarCrop,SugarCropAEZ06,SugarCropAEZ06,2005,CO_AWB,0.0105385143406543
India,SugarCrop,SugarCropAEZ07,SugarCropAEZ07,2005,CO_AWB,0.0052974997569692
India,SugarCrop,SugarCropAEZ08,SugarCropAEZ08,2005,CO_AWB,0.227229302315264
India,SugarCrop,SugarCropAEZ09,SugarCropAEZ09,2005,CO_AWB,0.556937102688069
India,SugarCrop,SugarCropAEZ10,SugarCropAEZ10,2005,CO_AWB,0.038515224302086
India,SugarCrop,SugarCropAEZ11,SugarCropAEZ11,2005,CO_AWB,0.0135675182863531
India,SugarCrop,SugarCropAEZ12,SugarCropAEZ12,2005,CO_AWB,0.00107775674494672
India,SugarCrop,SugarCropAEZ13,SugarCropAEZ13,2005,CO_AWB,4.44864148294154e-05
India,SugarCrop,SugarCropAEZ14,SugarCropAEZ14,2005,CO_AWB,4.61030140224089e-06
India,SugarCrop,SugarCropAEZ15,SugarCropAEZ15,2005,CO_AWB,0
India,SugarCrop,SugarCropAEZ16,SugarCropAEZ16,2005,CO_AWB,0
India,Wheat,WheatAEZ01,WheatAEZ01,2005,CO_AWB,0.00191518098976924
India,Wheat,WheatAEZ02,WheatAEZ02,2005,CO_AWB,0.0212384088623635
India,Wheat,WheatAEZ03,WheatAEZ03,2005,CO_AWB,0.286646038793931
India,Wheat,WheatAEZ04,WheatAEZ04,2005,CO_AWB,0.0534215057906002
India,Wheat,WheatAEZ05,WheatAEZ05,2005,CO_AWB,0.00339063867965756
India,Wheat,WheatAEZ06,WheatAEZ06,2005,CO_AWB,0.000331140526350787
India,Wheat,WheatAEZ07,WheatAEZ07,2005,CO_AWB,0.0352020919834805
India,Wheat,WheatAEZ08,WheatAEZ08,2005,CO_AWB,0.282357019239489
India,Wheat,WheatAEZ09,WheatAEZ09,2005,CO_AWB,0.161657085286838
India,Wheat,WheatAEZ10,WheatAEZ10,2005,CO_AWB,0.0134333141339908
India,Wheat,WheatAEZ11,WheatAEZ11,2005,CO_AWB,0.00595293360455591
India,Wheat,WheatAEZ12,WheatAEZ12,2005,CO_AWB,0.000924517068457327
India,Wheat,WheatAEZ13,WheatAEZ13,2005,CO_AWB,1.73707815704128e-05
India,Wheat,WheatAEZ14,WheatAEZ14,2005,CO_AWB,6.20719211041967e-05
India,Wheat,WheatAEZ15,WheatAEZ15,2005,CO_AWB,0.00012181706848989
India,Wheat,WheatAEZ16,WheatAEZ16,2005,CO_AWB,0.000165619507063617
India,Corn,CornAEZ01,CornAEZ01,2005,N2O_AWB,6.04285395355773e-09
India,Corn,CornAEZ02,CornAEZ02,2005,N2O_AWB,6.40324866130769e-06
India,Corn,CornAEZ03,CornAEZ03,2005,N2O_AWB,3.63806440643181e-05
India,Corn,CornAEZ04,CornAEZ04,2005,N2O_AWB,1.79432446115412e-05
India,Corn,CornAEZ05,CornAEZ05,2005,N2O_AWB,1.85284187924938e-06
India,Corn,CornAEZ06,CornAEZ06,2005,N2O_AWB,2.96834537214123e-07
India,Corn,CornAEZ07,CornAEZ07,2005,N2O_AWB,6.79866988118359e-08
India,Corn,CornAEZ08,CornAEZ08,2005,N2O_AWB,5.07739323861909e-06
India,Corn,CornAEZ09,CornAEZ09,2005,N2O_AWB,1.37047703179123e-05
India,Corn,CornAEZ10,CornAEZ10,2005,N2O_AWB,1.65732892121277e-05
India,Corn,CornAEZ11,CornAEZ11,2005,N2O_AWB,6.71020360134375e-06
India,Corn,CornAEZ12,CornAEZ12,2005,N2O_AWB,2.06842850016088e-06
India,Corn,CornAEZ13,CornAEZ13,2005,N2O_AWB,1.15255041211474e-08
India,Corn,CornAEZ14,CornAEZ14,2005,N2O_AWB,6.67009852046957e-08
India,Corn,CornAEZ15,CornAEZ15,2005,N2O_AWB,1.51858389239886e-06
India,Corn,CornAEZ16,CornAEZ16,2005,N2O_AWB,1.90836633974058e-08
India,FiberCrop,FiberCropAEZ01,FiberCropAEZ01,2005,N2O_AWB,1.83160394668212e-06
India,FiberCrop,FiberCropAEZ02,FiberCropAEZ02,2005,N2O_AWB,2.77577710209875e-05
India,FiberCrop,FiberCropAEZ03,FiberCropAEZ03,2005,N2O_AWB,1.89587056720718e-05
India,FiberCrop,FiberCropAEZ04,FiberCropAEZ04,2005,N2O_AWB,1.84771006469647e-05
India,FiberCrop,FiberCropAEZ05,FiberCropAEZ05,2005,N2O_AWB,5.43505188076899e-06
India,FiberCrop,FiberCropAEZ06,FiberCropAEZ06,2005,N2O_AWB,6.01993127089634e-07
India,FiberCrop,FiberCropAEZ07,FiberCropAEZ07,2005,N2O_AWB,1.64644409927119e-06
India,FiberCrop,FiberCropAEZ08,FiberCropAEZ08,2005,N2O_AWB,5.76008134010948e-06
India,FiberCrop,FiberCropAEZ09,FiberCropAEZ09,2005,N2O_AWB,4.91878529002328e-06
India,FiberCrop,FiberCropAEZ10,FiberCropAEZ10,2005,N2O_AWB,1.0695756744091e-07
India,FiberCrop,FiberCropAEZ11,FiberCropAEZ11,2005,N2O_AWB,1.46249444694138e-07
India,FiberCrop,FiberCropAEZ12,FiberCropAEZ12,2005,N2O_AWB,1.34252728237846e-07
India,FiberCrop,FiberCropAEZ13,FiberCropAEZ13,2005,N2O_AWB,0
India,FiberCrop,FiberCropAEZ14,FiberCropAEZ14,2005,N2O_AWB,0
India,FiberCrop,FiberCropAEZ15,FiberCropAEZ15,2005,N2O_AWB,0
India,FiberCrop,FiberCropAEZ16,FiberCropAEZ16,2005,N2O_AWB,0
India,FodderGrass,FodderGrassAEZ01,FodderGrassAEZ01,2005,N2O_AWB,1.11837074073385e-05
India,FodderGrass,FodderGrassAEZ02,FodderGrassAEZ02,2005,N2O_AWB,5.51236367619561e-05
India,FodderGrass,FodderGrassAEZ03,FodderGrassAEZ03,2005,N2O_AWB,0.000328532587352851
India,FodderGrass,FodderGrassAEZ04,FodderGrassAEZ04,2005,N2O_AWB,0.00013734898825501
India,FodderGrass,FodderGrassAEZ05,FodderGrassAEZ05,2005,N2O_AWB,2.70016645312455e-05
India,FodderGrass,FodderGrassAEZ06,FodderGrassAEZ06,2005,N2O_AWB,7.01357238066953e-06
India,FodderGrass,FodderGrassAEZ07,FodderGrassAEZ07,2005,N2O_AWB,2.75861514763626e-05
India,FodderGrass,FodderGrassAEZ08,FodderGrassAEZ08,2005,N2O_AWB,7.55450772422474e-05
India,FodderGrass,FodderGrassAEZ09,FodderGrassAEZ09,2005,N2O_AWB,5.8420547438683e-05
India,FodderGrass,FodderGrassAEZ10,FodderGrassAEZ10,2005,N2O_AWB,6.01669961385672e-06
India,FodderGrass,FodderGrassAEZ11,FodderGrassAEZ11,2005,N2O_AWB,3.97518288099122e-06
India,FodderGrass,FodderGrassAEZ12,FodderGrassAEZ12,2005,N2O_AWB,2.49016202789262e-06
India,FodderGrass,FodderGrassAEZ13,FodderGrassAEZ13,2005,N2O_AWB,4.16047897127084e-08
India,FodderGrass,FodderGrassAEZ14,FodderGrassAEZ14,2005,N2O_AWB,4.70732700657107e-08
India,FodderGrass,FodderGrassAEZ15,FodderGrassAEZ15,2005,N2O_AWB,3.234285902474e-07
India,FodderGrass,FodderGrassAEZ16,FodderGrassAEZ16,2005,N2O_AWB,1.24732259823514e-07
India,FodderHerb,FodderHerbAEZ01,FodderHerbAEZ01,2005,N2O_AWB,0
India,FodderHerb,FodderHerbAEZ02,FodderHerbAEZ02,2005,N2O_AWB,0
India,FodderHerb,FodderHerbAEZ03,FodderHerbAEZ03,2005,N2O_AWB,0
India,FodderHerb,FodderHerbAEZ04,FodderHerbAEZ04,2005,N2O_AWB,0
India,FodderHerb,FodderHerbAEZ05,FodderHerbAEZ05,2005,N2O_AWB,0
India,FodderHerb,FodderHerbAEZ06,FodderHerbAEZ06,2005,N2O_AWB,0
India,FodderHerb,FodderHerbAEZ07,FodderHerbAEZ07,2005,N2O_AWB,0
India,FodderHerb,FodderHerbAEZ08,FodderHerbAEZ08,2005,N2O_AWB,0
India,FodderHerb,FodderHerbAEZ09,FodderHerbAEZ09,2005,N2O_AWB,0
India,FodderHerb,FodderHerbAEZ10,FodderHerbAEZ10,2005,N2O_AWB,0
India,FodderHerb,FodderHerbAEZ11,FodderHerbAEZ11,2005,N2O_AWB,0
India,FodderHerb,FodderHerbAEZ12,FodderHerbAEZ12,2005,N2O_AWB,0
India,FodderHerb,FodderHerbAEZ13,FodderHerbAEZ13,2005,N2O_AWB,0
India,FodderHerb,FodderHerbAEZ14,FodderHerbAEZ14,2005,N2O_AWB,0
India,FodderHerb,FodderHerbAEZ15,FodderHerbAEZ15,2005,N2O_AWB,0
India,FodderHerb,FodderHerbAEZ16,FodderHerbAEZ16,2005,N2O_AWB,0
India,MiscCrop,MiscCropAEZ01,MiscCropAEZ01,2005,N2O_AWB,6.44669291275915e-06
India,MiscCrop,MiscCropAEZ02,MiscCropAEZ02,2005,N2O_AWB,4.95130270939685e-05
India,MiscCrop,MiscCropAEZ03,MiscCropAEZ03,2005,N2O_AWB,0.000362371013335973
India,MiscCrop,MiscCropAEZ04,MiscCropAEZ04,2005,N2O_AWB,0.000276966529221813
India,MiscCrop,MiscCropAEZ05,MiscCropAEZ05,2005,N2O_AWB,6.73094874362873e-05
India,MiscCrop,MiscCropAEZ06,MiscCropAEZ06,2005,N2O_AWB,1.24363310640882e-05
India,MiscCrop,MiscCropAEZ07,MiscCropAEZ07,2005,N2O_AWB,9.91921568428128e-06
India,MiscCrop,MiscCropAEZ08,MiscCropAEZ08,2005,N2O_AWB,8.50370286658614e-05
India,MiscCrop,MiscCropAEZ09,MiscCropAEZ09,2005,N2O_AWB,0.000149999139161907
India,MiscCrop,MiscCropAEZ10,MiscCropAEZ10,2005,N2O_AWB,1.23232644134077e-05
India,MiscCrop,MiscCropAEZ11,MiscCropAEZ11,2005,N2O_AWB,7.89386028340405e-06
India,MiscCrop,MiscCropAEZ12,MiscCropAEZ12,2005,N2O_AWB,4.16601073541425e-06
India,MiscCrop,MiscCropAEZ13,MiscCropAEZ13,2005,N2O_AWB,2.94525359321993e-08
India,MiscCrop,MiscCropAEZ14,MiscCropAEZ14,2005,N2O_AWB,2.08767292913406e-08
India,MiscCrop,MiscCropAEZ15,MiscCropAEZ15,2005,N2O_AWB,3.47043241865336e-07
India,MiscCrop,MiscCropAEZ16,MiscCropAEZ16,2005,N2O_AWB,9.48877272283355e-08
India,OilCrop,OilCropAEZ01,OilCropAEZ01,2005,N2O_AWB,1.37477387014219e-06
India,OilCrop,OilCropAEZ02,OilCropAEZ02,2005,N2O_AWB,2.72239449431237e-05
India,OilCrop,OilCropAEZ03,OilCropAEZ03,2005,N2O_AWB,6.90715078314578e-05
India,OilCrop,OilCropAEZ04,OilCropAEZ04,2005,N2O_AWB,2.47695961055951e-05
India,OilCrop,OilCropAEZ05,OilCropAEZ05,2005,N2O_AWB,2.62169240991613e-06
India,OilCrop,OilCropAEZ06,OilCropAEZ06,2005,N2O_AWB,8.72398624693309e-07
India,OilCrop,OilCropAEZ07,OilCropAEZ07,2005,N2O_AWB,4.75615115085346e-06
India,OilCrop,OilCropAEZ08,OilCropAEZ08,2005,N2O_AWB,2.57801152367701e-05
India,OilCrop,OilCropAEZ09,OilCropAEZ09,2005,N2O_AWB,2.3394106676705e-05
India,OilCrop,OilCropAEZ10,OilCropAEZ10,2005,N2O_AWB,5.13453154954984e-07
India,OilCrop,OilCropAEZ11,OilCropAEZ11,2005,N2O_AWB,2.10400774088346e-07
India,OilCrop,OilCropAEZ12,OilCropAEZ12,2005,N2O_AWB,1.63721608354508e-07
India,OilCrop,OilCropAEZ13,OilCropAEZ13,2005,N2O_AWB,1.98766318889355e-09
India,OilCrop,OilCropAEZ14,OilCropAEZ14,2005,N2O_AWB,9.89414565138125e-10
India,OilCrop,OilCropAEZ15,OilCropAEZ15,2005,N2O_AWB,1.67317070211751e-08
India,OilCrop,OilCropAEZ16,OilCropAEZ16,2005,N2O_AWB,1.75797766484363e-09
India,OtherGrain,OtherGrainAEZ01,OtherGrainAEZ01,2005,N2O_AWB,1.18087578827148e-06
India,OtherGrain,OtherGrainAEZ02,OtherGrainAEZ02,2005,N2O_AWB,9.36073618972868e-06
India,OtherGrain,OtherGrainAEZ03,OtherGrainAEZ03,2005,N2O_AWB,6.82423303312473e-05
India,OtherGrain,OtherGrainAEZ04,OtherGrainAEZ04,2005,N2O_AWB,1.668677211865e-05
India,OtherGrain,OtherGrainAEZ05,OtherGrainAEZ05,2005,N2O_AWB,1.42725429706275e-06
India,OtherGrain,OtherGrainAEZ06,OtherGrainAEZ06,2005,N2O_AWB,2.88853963962693e-07
India,OtherGrain,OtherGrainAEZ07,OtherGrainAEZ07,2005,N2O_AWB,3.92734363872881e-06
India,OtherGrain,OtherGrainAEZ08,OtherGrainAEZ08,2005,N2O_AWB,2.88710416451446e-05
India,OtherGrain,OtherGrainAEZ09,OtherGrainAEZ09,2005,N2O_AWB,8.79723395009193e-06
India,OtherGrain,OtherGrainAEZ10,OtherGrainAEZ10,2005,N2O_AWB,8.92454106533721e-07
India,OtherGrain,OtherGrainAEZ11,OtherGrainAEZ11,2005,N2O_AWB,1.26376963147493e-06
India,OtherGrain,OtherGrainAEZ12,OtherGrainAEZ12,2005,N2O_AWB,7.77958942058672e-08
India,OtherGrain,OtherGrainAEZ13,OtherGrainAEZ13,2005,N2O_AWB,2.18377055013596e-09
India,OtherGrain,OtherGrainAEZ14,OtherGrainAEZ14,2005,N2O_AWB,2.56015421150751e-08
India,OtherGrain,OtherGrainAEZ15,OtherGrainAEZ15,2005,N2O_AWB,4.48306479831665e-08
India,OtherGrain,OtherGrainAEZ16,OtherGrainAEZ16,2005,N2O_AWB,7.70729394503611e-08
India,PalmFruit,PalmFruitAEZ01,PalmFruitAEZ01,2005,N2O_AWB,0
India,PalmFruit,PalmFruitAEZ02,PalmFruitAEZ02,2005,N2O_AWB,1.99178297436262e-06
India,PalmFruit,PalmFruitAEZ03,PalmFruitAEZ03,2005,N2O_AWB,1.38665837597011e-05
India,PalmFruit,PalmFruitAEZ04,PalmFruitAEZ04,2005,N2O_AWB,2.03199625317277e-05
India,PalmFruit,PalmFruitAEZ05,PalmFruitAEZ05,2005,N2O_AWB,2.88531363951959e-05
India,PalmFruit,PalmFruitAEZ06,PalmFruitAEZ06,2005,N2O_AWB,3.33119124878132e-07
India,PalmFruit,PalmFruitAEZ07,PalmFruitAEZ07,2005,N2O_AWB,0
India,PalmFruit,PalmFruitAEZ08,PalmFruitAEZ08,2005,N2O_AWB,0
India,PalmFruit,PalmFruitAEZ09,PalmFruitAEZ09,2005,N2O_AWB,2.84043817192407e-09
India,PalmFruit,PalmFruitAEZ10,PalmFruitAEZ10,2005,N2O_AWB,0
India,PalmFruit,PalmFruitAEZ11,PalmFruitAEZ11,2005,N2O_AWB,6.13354958049299e-08
India,PalmFruit,PalmFruitAEZ12,PalmFruitAEZ12,2005,N2O_AWB,3.14590621863708e-08
India,PalmFruit,PalmFruitAEZ13,PalmFruitAEZ13,2005,N2O_AWB,0
India,PalmFruit,PalmFruitAEZ14,PalmFruitAEZ14,2005,N2O_AWB,0
India,PalmFruit,PalmFruitAEZ15,PalmFruitAEZ15,2005,N2O_AWB,0
India,PalmFruit,PalmFruitAEZ16,PalmFruitAEZ16,2005,N2O_AWB,0
India,Rice,RiceAEZ01,RiceAEZ01,2005,N2O_AWB,5.45628435011044e-07
India,Rice,RiceAEZ02,RiceAEZ02,2005,N2O_AWB,1.46983950711354e-05
India,Rice,RiceAEZ03,RiceAEZ03,2005,N2O_AWB,0.00031556229192016
India,Rice,RiceAEZ04,RiceAEZ04,2005,N2O_AWB,0.000360133814816204
India,Rice,RiceAEZ05,RiceAEZ05,2005,N2O_AWB,6.45682759361727e-05
India,Rice,RiceAEZ06,RiceAEZ06,2005,N2O_AWB,2.74647088369569e-05
India,Rice,RiceAEZ07,RiceAEZ07,2005,N2O_AWB,7.111362101635e-06
India,Rice,RiceAEZ08,RiceAEZ08,2005,N2O_AWB,8.06058235167328e-05
India,Rice,RiceAEZ09,RiceAEZ09,2005,N2O_AWB,5.36060005435062e-05
India,Rice,RiceAEZ10,RiceAEZ10,2005,N2O_AWB,9.37120461124789e-06
India,Rice,RiceAEZ11,RiceAEZ11,2005,N2O_AWB,7.5803068378892e-06
India,Rice,RiceAEZ12,RiceAEZ12,2005,N2O_AWB,5.40497585261515e-06
India,Rice,RiceAEZ13,RiceAEZ13,2005,N2O_AWB,1.0828492055081e-08
India,Rice,RiceAEZ14,RiceAEZ14,2005,N2O_AWB,4.2183282302926e-08
India,Rice,RiceAEZ15,RiceAEZ15,2005,N2O_AWB,3.06314411801761e-07
India,Rice,RiceAEZ16,RiceAEZ16,2005,N2O_AWB,6.77904191373311e-08
India,Root_Tuber,Root_TuberAEZ01,Root_TuberAEZ01,2005,N2O_AWB,3.64397574892027e-07
India,Root_Tuber,Root_TuberAEZ02,Root_TuberAEZ02,2005,N2O_AWB,5.00748491290313e-06
India,Root_Tuber,Root_TuberAEZ03,Root_TuberAEZ03,2005,N2O_AWB,7.19616368496242e-05
India,Root_Tuber,Root_TuberAEZ04,Root_TuberAEZ04,2005,N2O_AWB,7.71343677003479e-05
India,Root_Tuber,Root_TuberAEZ05,Root_TuberAEZ05,2005,N2O_AWB,4.22149606864544e-05
India,Root_Tuber,Root_TuberAEZ06,Root_TuberAEZ06,2005,N2O_AWB,3.05735816011403e-06
India,Root_Tuber,Root_TuberAEZ07,Root_TuberAEZ07,2005,N2O_AWB,2.37601747430178e-06
India,Root_Tuber,Root_TuberAEZ08,Root_TuberAEZ08,2005,N2O_AWB,1.77698806823669e-05
India,Root_Tuber,Root_TuberAEZ09,Root_TuberAEZ09,2005,N2O_AWB,2.11226846926662e-05
India,Root_Tuber,Root_TuberAEZ10,Root_TuberAEZ10,2005,N2O_AWB,2.01251526665449e-06
India,Root_Tuber,Root_TuberAEZ11,Root_TuberAEZ11,2005,N2O_AWB,4.06284712910852e-06
India,Root_Tuber,Root_TuberAEZ12,Root_TuberAEZ12,2005,N2O_AWB,1.37138163824804e-06
India,Root_Tuber,Root_TuberAEZ13,Root_TuberAEZ13,2005,N2O_AWB,2.51547514610214e-08
India,Root_Tuber,Root_TuberAEZ14,Root_TuberAEZ14,2005,N2O_AWB,1.22563950201282e-08
India,Root_Tuber,Root_TuberAEZ15,Root_TuberAEZ15,2005,N2O_AWB,3.9446839933838e-08
India,Root_Tuber,Root_TuberAEZ16,Root_TuberAEZ16,2005,N2O_AWB,6.29882409821475e-08
India,SugarCrop,SugarCropAEZ01,SugarCropAEZ01,2005,N2O_AWB,2.73645168385829e-06
India,SugarCrop,SugarCropAEZ02,SugarCropAEZ02,2005,N2O_AWB,1.51862040333016e-05
India,SugarCrop,SugarCropAEZ03,SugarCropAEZ03,2005,N2O_AWB,0.00105972123682356
India,SugarCrop,SugarCropAEZ04,SugarCropAEZ04,2005,N2O_AWB,0.000370415189213658
India,SugarCrop,SugarCropAEZ05,SugarCropAEZ05,2005,N2O_AWB,1.51289282966945e-05
India,SugarCrop,SugarCropAEZ06,SugarCropAEZ06,2005,N2O_AWB,5.9651967965968e-06
India,SugarCrop,SugarCropAEZ07,SugarCropAEZ07,2005,N2O_AWB,2.99858476809578e-06
India,SugarCrop,SugarCropAEZ08,SugarCropAEZ08,2005,N2O_AWB,0.000128620359801093
India,SugarCrop,SugarCropAEZ09,SugarCropAEZ09,2005,N2O_AWB,0.000315247416615888
India,SugarCrop,SugarCropAEZ10,SugarCropAEZ10,2005,N2O_AWB,2.18010703596713e-05
India,SugarCrop,SugarCropAEZ11,SugarCropAEZ11,2005,N2O_AWB,7.67972733189798e-06
India,SugarCrop,SugarCropAEZ12,SugarCropAEZ12,2005,N2O_AWB,6.10050987705689e-07
India,SugarCrop,SugarCropAEZ13,SugarCropAEZ13,2005,N2O_AWB,2.51809895260842e-08
India,SugarCrop,SugarCropAEZ14,SugarCropAEZ14,2005,N2O_AWB,2.60960456730617e-09
India,SugarCrop,SugarCropAEZ15,SugarCropAEZ15,2005,N2O_AWB,0
India,SugarCrop,SugarCropAEZ16,SugarCropAEZ16,2005,N2O_AWB,0
India,Wheat,WheatAEZ01,WheatAEZ01,2005,N2O_AWB,1.08406471119014e-06
India,Wheat,WheatAEZ02,WheatAEZ02,2005,N2O_AWB,1.20217408654888e-05
India,Wheat,WheatAEZ03,WheatAEZ03,2005,N2O_AWB,0.000162252474789017
India,Wheat,WheatAEZ04,WheatAEZ04,2005,N2O_AWB,3.02385881833586e-05
India,Wheat,WheatAEZ05,WheatAEZ05,2005,N2O_AWB,1.9192294413156e-06
India,Wheat,WheatAEZ06,WheatAEZ06,2005,N2O_AWB,1.87438033783464e-07
India,Wheat,WheatAEZ07,WheatAEZ07,2005,N2O_AWB,1.99257124434796e-05
India,Wheat,WheatAEZ08,WheatAEZ08,2005,N2O_AWB,0.000159824727871409
India,Wheat,WheatAEZ09,WheatAEZ09,2005,N2O_AWB,9.15040105397196e-05
India,Wheat,WheatAEZ10,WheatAEZ10,2005,N2O_AWB,7.60376271735328e-06
India,Wheat,WheatAEZ11,WheatAEZ11,2005,N2O_AWB,3.36958505918259e-06
India,Wheat,WheatAEZ12,WheatAEZ12,2005,N2O_AWB,5.23311548183393e-07
India,Wheat,WheatAEZ13,WheatAEZ13,2005,N2O_AWB,9.832517870045e-09
India,Wheat,WheatAEZ14,WheatAEZ14,2005,N2O_AWB,3.51350496816207e-08
India,Wheat,WheatAEZ15,WheatAEZ15,2005,N2O_AWB,6.89530576357869e-08
India,Wheat,WheatAEZ16,WheatAEZ16,2005,N2O_AWB,9.37468907907265e-08
India,Corn,CornAEZ01,CornAEZ01,2005,NH3_AWB,1.11792798140818e-07
India,Corn,CornAEZ02,CornAEZ02,2005,NH3_AWB,0.000118460100234192
India,Corn,CornAEZ03,CornAEZ03,2005,NH3_AWB,0.000673041915189885
India,Corn,CornAEZ04,CornAEZ04,2005,NH3_AWB,0.000331950025313512
India,Corn,CornAEZ05,CornAEZ05,2005,NH3_AWB,3.42775747661135e-05
India,Corn,CornAEZ06,CornAEZ06,2005,NH3_AWB,5.49143893846127e-06
India,Corn,CornAEZ07,CornAEZ07,2005,NH3_AWB,1.25775392801896e-06
India,Corn,CornAEZ08,CornAEZ08,2005,NH3_AWB,9.39317749144532e-05
India,Corn,CornAEZ09,CornAEZ09,2005,NH3_AWB,0.000253538250881377
India,Corn,CornAEZ10,CornAEZ10,2005,NH3_AWB,0.000306605850424363
India,Corn,CornAEZ11,CornAEZ11,2005,NH3_AWB,0.000124138766624859
India,Corn,CornAEZ12,CornAEZ12,2005,NH3_AWB,3.82659272529763e-05
India,Corn,CornAEZ13,CornAEZ13,2005,NH3_AWB,2.13221826241228e-07
India,Corn,CornAEZ14,CornAEZ14,2005,NH3_AWB,1.23396822628687e-06
India,Corn,CornAEZ15,CornAEZ15,2005,NH3_AWB,2.80938020093789e-05
India,Corn,CornAEZ16,CornAEZ16,2005,NH3_AWB,3.53047772852007e-07
India,FiberCrop,FiberCropAEZ01,FiberCropAEZ01,2005,NH3_AWB,3.38846730136192e-05
India,FiberCrop,FiberCropAEZ02,FiberCropAEZ02,2005,NH3_AWB,0.000513518763888269
India,FiberCrop,FiberCropAEZ03,FiberCropAEZ03,2005,NH3_AWB,0.000350736054933329
India,FiberCrop,FiberCropAEZ04,FiberCropAEZ04,2005,NH3_AWB,0.000341826361968846
India,FiberCrop,FiberCropAEZ05,FiberCropAEZ05,2005,NH3_AWB,0.000100548459794226
India,FiberCrop,FiberCropAEZ06,FiberCropAEZ06,2005,NH3_AWB,1.11368728511582e-05
India,FiberCrop,FiberCropAEZ07,FiberCropAEZ07,2005,NH3_AWB,3.0459215836517e-05
India,FiberCrop,FiberCropAEZ08,FiberCropAEZ08,2005,NH3_AWB,0.000106561504792025
India,FiberCrop,FiberCropAEZ09,FiberCropAEZ09,2005,NH3_AWB,9.09975278654306e-05
India,FiberCrop,FiberCropAEZ10,FiberCropAEZ10,2005,NH3_AWB,1.97871499765683e-06
India,FiberCrop,FiberCropAEZ11,FiberCropAEZ11,2005,NH3_AWB,2.70561472684155e-06
India,FiberCrop,FiberCropAEZ12,FiberCropAEZ12,2005,NH3_AWB,2.48367547240014e-06
India,FiberCrop,FiberCropAEZ13,FiberCropAEZ13,2005,NH3_AWB,0
India,FiberCrop,FiberCropAEZ14,FiberCropAEZ14,2005,NH3_AWB,0
India,FiberCrop,FiberCropAEZ15,FiberCropAEZ15,2005,NH3_AWB,0
India,FiberCrop,FiberCropAEZ16,FiberCropAEZ16,2005,NH3_AWB,0
India,FodderGrass,FodderGrassAEZ01,FodderGrassAEZ01,2005,NH3_AWB,0.000206898587035762
India,FodderGrass,FodderGrassAEZ02,FodderGrassAEZ02,2005,NH3_AWB,0.00101978728009619
India,FodderGrass,FodderGrassAEZ03,FodderGrassAEZ03,2005,NH3_AWB,0.00607785286602775
India,FodderGrass,FodderGrassAEZ04,FodderGrassAEZ04,2005,NH3_AWB,0.00254095628271768
India,FodderGrass,FodderGrassAEZ05,FodderGrassAEZ05,2005,NH3_AWB,0.000499530793828041
India,FodderGrass,FodderGrassAEZ06,FodderGrassAEZ06,2005,NH3_AWB,0.000129751089042386
India,FodderGrass,FodderGrassAEZ07,FodderGrassAEZ07,2005,NH3_AWB,0.000510343802312708
India,FodderGrass,FodderGrassAEZ08,FodderGrassAEZ08,2005,NH3_AWB,0.00139758392898158
India,FodderGrass,FodderGrassAEZ09,FodderGrassAEZ09,2005,NH3_AWB,0.00108078012761564
India,FodderGrass,FodderGrassAEZ10,FodderGrassAEZ10,2005,NH3_AWB,0.000111308942856349
India,FodderGrass,FodderGrassAEZ11,FodderGrassAEZ11,2005,NH3_AWB,7.35408832983376e-05
India,FodderGrass,FodderGrassAEZ12,FodderGrassAEZ12,2005,NH3_AWB,4.60679975160134e-05
India,FodderGrass,FodderGrassAEZ13,FodderGrassAEZ13,2005,NH3_AWB,7.69688609685105e-07
India,FodderGrass,FodderGrassAEZ14,FodderGrassAEZ14,2005,NH3_AWB,8.70855496215647e-07
India,FodderGrass,FodderGrassAEZ15,FodderGrassAEZ15,2005,NH3_AWB,5.9834289195769e-06
India,FodderGrass,FodderGrassAEZ16,FodderGrassAEZ16,2005,NH3_AWB,2.30754680673501e-06
India,FodderHerb,FodderHerbAEZ01,FodderHerbAEZ01,2005,NH3_AWB,0
India,FodderHerb,FodderHerbAEZ02,FodderHerbAEZ02,2005,NH3_AWB,0
India,FodderHerb,FodderHerbAEZ03,FodderHerbAEZ03,2005,NH3_AWB,0
India,FodderHerb,FodderHerbAEZ04,FodderHerbAEZ04,2005,NH3_AWB,0
India,FodderHerb,FodderHerbAEZ05,FodderHerbAEZ05,2005,NH3_AWB,0
India,FodderHerb,FodderHerbAEZ06,FodderHerbAEZ06,2005,NH3_AWB,0
India,FodderHerb,FodderHerbAEZ07,FodderHerbAEZ07,2005,NH3_AWB,0
India,FodderHerb,FodderHerbAEZ08,FodderHerbAEZ08,2005,NH3_AWB,0
India,FodderHerb,FodderHerbAEZ09,FodderHerbAEZ09,2005,NH3_AWB,0
India,FodderHerb,FodderHerbAEZ10,FodderHerbAEZ10,2005,NH3_AWB,0
India,FodderHerb,FodderHerbAEZ11,FodderHerbAEZ11,2005,NH3_AWB,0
India,FodderHerb,FodderHerbAEZ12,FodderHerbAEZ12,2005,NH3_AWB,0
India,FodderHerb,FodderHerbAEZ13,FodderHerbAEZ13,2005,NH3_AWB,0
India,FodderHerb,FodderHerbAEZ14,FodderHerbAEZ14,2005,NH3_AWB,0
India,FodderHerb,FodderHerbAEZ15,FodderHerbAEZ15,2005,NH3_AWB,0
India,FodderHerb,FodderHerbAEZ16,FodderHerbAEZ16,2005,NH3_AWB,0
India,MiscCrop,MiscCropAEZ01,MiscCropAEZ01,2005,NH3_AWB,0.000119263818886044
India,MiscCrop,MiscCropAEZ02,MiscCropAEZ02,2005,NH3_AWB,0.000915991001238417
India,MiscCrop,MiscCropAEZ03,MiscCropAEZ03,2005,NH3_AWB,0.00670386374671551
India,MiscCrop,MiscCropAEZ04,MiscCropAEZ04,2005,NH3_AWB,0.00512388079060355
India,MiscCrop,MiscCropAEZ05,MiscCropAEZ05,2005,NH3_AWB,0.00124522551757131
India,MiscCrop,MiscCropAEZ06,MiscCropAEZ06,2005,NH3_AWB,0.000230072124685632
India,MiscCrop,MiscCropAEZ07,MiscCropAEZ07,2005,NH3_AWB,0.000183505490159204
India,MiscCrop,MiscCropAEZ08,MiscCropAEZ08,2005,NH3_AWB,0.00157318503031844
India,MiscCrop,MiscCropAEZ09,MiscCropAEZ09,2005,NH3_AWB,0.00277498407449529
India,MiscCrop,MiscCropAEZ10,MiscCropAEZ10,2005,NH3_AWB,0.000227980391648042
India,MiscCrop,MiscCropAEZ11,MiscCropAEZ11,2005,NH3_AWB,0.000146036415242975
India,MiscCrop,MiscCropAEZ12,MiscCropAEZ12,2005,NH3_AWB,7.70711986051637e-05
India,MiscCrop,MiscCropAEZ13,MiscCropAEZ13,2005,NH3_AWB,5.44871914745688e-07
India,MiscCrop,MiscCropAEZ14,MiscCropAEZ14,2005,NH3_AWB,3.86219491889801e-07
India,MiscCrop,MiscCropAEZ15,MiscCropAEZ15,2005,NH3_AWB,6.42029997450871e-06
India,MiscCrop,MiscCropAEZ16,MiscCropAEZ16,2005,NH3_AWB,1.75542295372421e-06
India,OilCrop,OilCropAEZ01,OilCropAEZ01,2005,NH3_AWB,2.54333165976305e-05
India,OilCrop,OilCropAEZ02,OilCropAEZ02,2005,NH3_AWB,0.000503642981447789
India,OilCrop,OilCropAEZ03,OilCropAEZ03,2005,NH3_AWB,0.00127782289488197
India,OilCrop,OilCropAEZ04,OilCropAEZ04,2005,NH3_AWB,0.00045823752795351
India,OilCrop,OilCropAEZ05,OilCropAEZ05,2005,NH3_AWB,4.85013095834484e-05
India,OilCrop,OilCropAEZ06,OilCropAEZ06,2005,NH3_AWB,1.61393745568262e-05
India,OilCrop,OilCropAEZ07,OilCropAEZ07,2005,NH3_AWB,8.7988796290789e-05
India,OilCrop,OilCropAEZ08,OilCropAEZ08,2005,NH3_AWB,0.000476932131880246
India,OilCrop,OilCropAEZ09,OilCropAEZ09,2005,NH3_AWB,0.000432790973519042
India,OilCrop,OilCropAEZ10,OilCropAEZ10,2005,NH3_AWB,9.49888336666721e-06
India,OilCrop,OilCropAEZ11,OilCropAEZ11,2005,NH3_AWB,3.89241432063439e-06
India,OilCrop,OilCropAEZ12,OilCropAEZ12,2005,NH3_AWB,3.02884975455839e-06
India,OilCrop,OilCropAEZ13,OilCropAEZ13,2005,NH3_AWB,3.67717689945307e-08
India,OilCrop,OilCropAEZ14,OilCropAEZ14,2005,NH3_AWB,1.83041694550553e-08
India,OilCrop,OilCropAEZ15,OilCropAEZ15,2005,NH3_AWB,3.09536579891739e-07
India,OilCrop,OilCropAEZ16,OilCropAEZ16,2005,NH3_AWB,3.25225867996072e-08
India,OtherGrain,OtherGrainAEZ01,OtherGrainAEZ01,2005,NH3_AWB,2.18462020830223e-05
India,OtherGrain,OtherGrainAEZ02,OtherGrainAEZ02,2005,NH3_AWB,0.000173173619509981
India,OtherGrain,OtherGrainAEZ03,OtherGrainAEZ03,2005,NH3_AWB,0.00126248311112808
India,OtherGrain,OtherGrainAEZ04,OtherGrainAEZ04,2005,NH3_AWB,0.000308705284195025
India,OtherGrain,OtherGrainAEZ05,OtherGrainAEZ05,2005,NH3_AWB,2.64042044956608e-05
India,OtherGrain,OtherGrainAEZ06,OtherGrainAEZ06,2005,NH3_AWB,5.34379833330982e-06
India,OtherGrain,OtherGrainAEZ07,OtherGrainAEZ07,2005,NH3_AWB,7.26558573164829e-05
India,OtherGrain,OtherGrainAEZ08,OtherGrainAEZ08,2005,NH3_AWB,0.000534114270435175
India,OtherGrain,OtherGrainAEZ09,OtherGrainAEZ09,2005,NH3_AWB,0.000162748828076701
India,OtherGrain,OtherGrainAEZ10,OtherGrainAEZ10,2005,NH3_AWB,1.65104009708738e-05
India,OtherGrain,OtherGrainAEZ11,OtherGrainAEZ11,2005,NH3_AWB,2.33797381822862e-05
India,OtherGrain,OtherGrainAEZ12,OtherGrainAEZ12,2005,NH3_AWB,1.43922404280854e-06
India,OtherGrain,OtherGrainAEZ13,OtherGrainAEZ13,2005,NH3_AWB,4.03997551775153e-08
India,OtherGrain,OtherGrainAEZ14,OtherGrainAEZ14,2005,NH3_AWB,4.73628529128889e-07
India,OtherGrain,OtherGrainAEZ15,OtherGrainAEZ15,2005,NH3_AWB,8.29366987688581e-07
India,OtherGrain,OtherGrainAEZ16,OtherGrainAEZ16,2005,NH3_AWB,1.42584937983168e-06
India,PalmFruit,PalmFruitAEZ01,PalmFruitAEZ01,2005,NH3_AWB,0
India,PalmFruit,PalmFruitAEZ02,PalmFruitAEZ02,2005,NH3_AWB,3.68479850257085e-05
India,PalmFruit,PalmFruitAEZ03,PalmFruitAEZ03,2005,NH3_AWB,0.000256531799554471
India,PalmFruit,PalmFruitAEZ04,PalmFruitAEZ04,2005,NH3_AWB,0.000375919306836963
India,PalmFruit,PalmFruitAEZ05,PalmFruitAEZ05,2005,NH3_AWB,0.000533783023311124
India,PalmFruit,PalmFruitAEZ06,PalmFruitAEZ06,2005,NH3_AWB,6.16270381024545e-06
India,PalmFruit,PalmFruitAEZ07,PalmFruitAEZ07,2005,NH3_AWB,0
India,PalmFruit,PalmFruitAEZ08,PalmFruitAEZ08,2005,NH3_AWB,0
India,PalmFruit,PalmFruitAEZ09,PalmFruitAEZ09,2005,NH3_AWB,5.25481061805954e-08
India,PalmFruit,PalmFruitAEZ10,PalmFruitAEZ10,2005,NH3_AWB,0
India,PalmFruit,PalmFruitAEZ11,PalmFruitAEZ11,2005,NH3_AWB,1.1347066723912e-06
India,PalmFruit,PalmFruitAEZ12,PalmFruitAEZ12,2005,NH3_AWB,5.8199265044786e-07
India,PalmFruit,PalmFruitAEZ13,PalmFruitAEZ13,2005,NH3_AWB,0
India,PalmFruit,PalmFruitAEZ14,PalmFruitAEZ14,2005,NH3_AWB,0
India,PalmFruit,PalmFruitAEZ15,PalmFruitAEZ15,2005,NH3_AWB,0
India,PalmFruit,PalmFruitAEZ16,PalmFruitAEZ16,2005,NH3_AWB,0
India,Rice,RiceAEZ01,RiceAEZ01,2005,NH3_AWB,1.00941260477043e-05
India,Rice,RiceAEZ02,RiceAEZ02,2005,NH3_AWB,0.000271920308816005
India,Rice,RiceAEZ03,RiceAEZ03,2005,NH3_AWB,0.00583790240052297
India,Rice,RiceAEZ04,RiceAEZ04,2005,NH3_AWB,0.00666247557409978
India,Rice,RiceAEZ05,RiceAEZ05,2005,NH3_AWB,0.00119451310481919
India,Rice,RiceAEZ06,RiceAEZ06,2005,NH3_AWB,0.000508097113483703
India,Rice,RiceAEZ07,RiceAEZ07,2005,NH3_AWB,0.000131560198880247
India,Rice,RiceAEZ08,RiceAEZ08,2005,NH3_AWB,0.00149120773505956
India,Rice,RiceAEZ09,RiceAEZ09,2005,NH3_AWB,0.000991711010054864
India,Rice,RiceAEZ10,RiceAEZ10,2005,NH3_AWB,0.000173367285308086
India,Rice,RiceAEZ11,RiceAEZ11,2005,NH3_AWB,0.00014023567650095
India,Rice,RiceAEZ12,RiceAEZ12,2005,NH3_AWB,9.99920532733803e-05
India,Rice,RiceAEZ13,RiceAEZ13,2005,NH3_AWB,2.00327103018998e-07
India,Rice,RiceAEZ14,RiceAEZ14,2005,NH3_AWB,7.8039072260413e-07
India,Rice,RiceAEZ15,RiceAEZ15,2005,NH3_AWB,5.66681661833258e-06
India,Rice,RiceAEZ16,RiceAEZ16,2005,NH3_AWB,1.25412275404062e-06
India,Root_Tuber,Root_TuberAEZ01,Root_TuberAEZ01,2005,NH3_AWB,6.7413551355025e-06
India,Root_Tuber,Root_TuberAEZ02,Root_TuberAEZ02,2005,NH3_AWB,9.2638470888708e-05
India,Root_Tuber,Root_TuberAEZ03,Root_TuberAEZ03,2005,NH3_AWB,0.00133129028171805
India,Root_Tuber,Root_TuberAEZ04,Root_TuberAEZ04,2005,NH3_AWB,0.00142698580245644
India,Root_Tuber,Root_TuberAEZ05,Root_TuberAEZ05,2005,NH3_AWB,0.000780976772699406
India,Root_Tuber,Root_TuberAEZ06,Root_TuberAEZ06,2005,NH3_AWB,5.65611259621096e-05
India,Root_Tuber,Root_TuberAEZ07,Root_TuberAEZ07,2005,NH3_AWB,4.3956323274583e-05
India,Root_Tuber,Root_TuberAEZ08,Root_TuberAEZ08,2005,NH3_AWB,0.000328742792623787
India,Root_Tuber,Root_TuberAEZ09,Root_TuberAEZ09,2005,NH3_AWB,0.000390769666814325
India,Root_Tuber,Root_TuberAEZ10,Root_TuberAEZ10,2005,NH3_AWB,3.72315324331081e-05
India,Root_Tuber,Root_TuberAEZ11,Root_TuberAEZ11,2005,NH3_AWB,7.51626718885076e-05
India,Root_Tuber,Root_TuberAEZ12,Root_TuberAEZ12,2005,NH3_AWB,2.53705603075887e-05
India,Root_Tuber,Root_TuberAEZ13,Root_TuberAEZ13,2005,NH3_AWB,4.65362902028895e-07
India,Root_Tuber,Root_TuberAEZ14,Root_TuberAEZ14,2005,NH3_AWB,2.26743307872373e-07
India,Root_Tuber,Root_TuberAEZ15,Root_TuberAEZ15,2005,NH3_AWB,7.29766538776004e-07
India,Root_Tuber,Root_TuberAEZ16,Root_TuberAEZ16,2005,NH3_AWB,1.16528245816973e-06
India,SugarCrop,SugarCropAEZ01,SugarCropAEZ01,2005,NH3_AWB,5.06243561513783e-05
India,SugarCrop,SugarCropAEZ02,SugarCropAEZ02,2005,NH3_AWB,0.000280944774616079
India,SugarCrop,SugarCropAEZ03,SugarCropAEZ03,2005,NH3_AWB,0.0196048428812359
India,SugarCrop,SugarCropAEZ04,SugarCropAEZ04,2005,NH3_AWB,0.00685268100045267
India,SugarCrop,SugarCropAEZ05,SugarCropAEZ05,2005,NH3_AWB,0.000279885173488848
India,SugarCrop,SugarCropAEZ06,SugarCropAEZ06,2005,NH3_AWB,0.000110356140737041
India,SugarCrop,SugarCropAEZ07,SugarCropAEZ07,2005,NH3_AWB,5.54738182097718e-05
India,SugarCrop,SugarCropAEZ08,SugarCropAEZ08,2005,NH3_AWB,0.00237947665632022
India,SugarCrop,SugarCropAEZ09,SugarCropAEZ09,2005,NH3_AWB,0.00583207720739393
India,SugarCrop,SugarCropAEZ10,SugarCropAEZ10,2005,NH3_AWB,0.00040331980165392
India,SugarCrop,SugarCropAEZ11,SugarCropAEZ11,2005,NH3_AWB,0.000142074955640113
India,SugarCrop,SugarCropAEZ12,SugarCropAEZ12,2005,NH3_AWB,1.12859432725552e-05
India,SugarCrop,SugarCropAEZ13,SugarCropAEZ13,2005,NH3_AWB,4.65848306232558e-07
India,SugarCrop,SugarCropAEZ14,SugarCropAEZ14,2005,NH3_AWB,4.82776844951641e-08
India,SugarCrop,SugarCropAEZ15,SugarCropAEZ15,2005,NH3_AWB,0
India,SugarCrop,SugarCropAEZ16,SugarCropAEZ16,2005,NH3_AWB,0
India,Wheat,WheatAEZ01,WheatAEZ01,2005,NH3_AWB,2.00551971570176e-05
India,Wheat,WheatAEZ02,WheatAEZ02,2005,NH3_AWB,0.000222402206011543
India,Wheat,WheatAEZ03,WheatAEZ03,2005,NH3_AWB,0.00300167078359682
India,Wheat,WheatAEZ04,WheatAEZ04,2005,NH3_AWB,0.000559413881392135
India,Wheat,WheatAEZ05,WheatAEZ05,2005,NH3_AWB,3.55057446643386e-05
India,Wheat,WheatAEZ06,WheatAEZ06,2005,NH3_AWB,3.46760362499409e-06
India,Wheat,WheatAEZ07,WheatAEZ07,2005,NH3_AWB,0.000368625680204372
India,Wheat,WheatAEZ08,WheatAEZ08,2005,NH3_AWB,0.00295675746562107
India,Wheat,WheatAEZ09,WheatAEZ09,2005,NH3_AWB,0.00169282419498481
India,Wheat,WheatAEZ10,WheatAEZ10,2005,NH3_AWB,0.000140669610271036
India,Wheat,WheatAEZ11,WheatAEZ11,2005,NH3_AWB,6.23373235948779e-05
India,Wheat,WheatAEZ12,WheatAEZ12,2005,NH3_AWB,9.68126364139277e-06
India,Wheat,WheatAEZ13,WheatAEZ13,2005,NH3_AWB,1.81901580595833e-07
India,Wheat,WheatAEZ14,WheatAEZ14,2005,NH3_AWB,6.49998419109984e-07
India,Wheat,WheatAEZ15,WheatAEZ15,2005,NH3_AWB,1.27563156626206e-06
India,Wheat,WheatAEZ16,WheatAEZ16,2005,NH3_AWB,1.73431747962844e-06
India,Corn,CornAEZ01,CornAEZ01,2005,NMVOC_AWB,6.04285395355773e-07
India,Corn,CornAEZ02,CornAEZ02,2005,NMVOC_AWB,0.000640324866130769
India,Corn,CornAEZ03,CornAEZ03,2005,NMVOC_AWB,0.00363806440643181
India,Corn,CornAEZ04,CornAEZ04,2005,NMVOC_AWB,0.00179432446115412
India,Corn,CornAEZ05,CornAEZ05,2005,NMVOC_AWB,0.000185284187924938
India,Corn,CornAEZ06,CornAEZ06,2005,NMVOC_AWB,2.96834537214123e-05
India,Corn,CornAEZ07,CornAEZ07,2005,NMVOC_AWB,6.79866988118359e-06
India,Corn,CornAEZ08,CornAEZ08,2005,NMVOC_AWB,0.000507739323861909
India,Corn,CornAEZ09,CornAEZ09,2005,NMVOC_AWB,0.00137047703179123
India,Corn,CornAEZ10,CornAEZ10,2005,NMVOC_AWB,0.00165732892121277
India,Corn,CornAEZ11,CornAEZ11,2005,NMVOC_AWB,0.000671020360134375
India,Corn,CornAEZ12,CornAEZ12,2005,NMVOC_AWB,0.000206842850016088
India,Corn,CornAEZ13,CornAEZ13,2005,NMVOC_AWB,1.15255041211474e-06
India,Corn,CornAEZ14,CornAEZ14,2005,NMVOC_AWB,6.67009852046957e-06
India,Corn,CornAEZ15,CornAEZ15,2005,NMVOC_AWB,0.000151858389239886
India,Corn,CornAEZ16,CornAEZ16,2005,NMVOC_AWB,1.90836633974058e-06
India,FiberCrop,FiberCropAEZ01,FiberCropAEZ01,2005,NMVOC_AWB,0.000183160394668212
India,FiberCrop,FiberCropAEZ02,FiberCropAEZ02,2005,NMVOC_AWB,0.00277577710209875
India,FiberCrop,FiberCropAEZ03,FiberCropAEZ03,2005,NMVOC_AWB,0.00189587056720718
India,FiberCrop,FiberCropAEZ04,FiberCropAEZ04,2005,NMVOC_AWB,0.00184771006469647
India,FiberCrop,FiberCropAEZ05,FiberCropAEZ05,2005,NMVOC_AWB,0.000543505188076899
India,FiberCrop,FiberCropAEZ06,FiberCropAEZ06,2005,NMVOC_AWB,6.01993127089634e-05
India,FiberCrop,FiberCropAEZ07,FiberCropAEZ07,2005,NMVOC_AWB,0.000164644409927119
India,FiberCrop,FiberCropAEZ08,FiberCropAEZ08,2005,NMVOC_AWB,0.000576008134010948
India,FiberCrop,FiberCropAEZ09,FiberCropAEZ09,2005,NMVOC_AWB,0.000491878529002328
India,FiberCrop,FiberCropAEZ10,FiberCropAEZ10,2005,NMVOC_AWB,1.0695756744091e-05
India,FiberCrop,FiberCropAEZ11,FiberCropAEZ11,2005,NMVOC_AWB,1.46249444694138e-05
India,FiberCrop,FiberCropAEZ12,FiberCropAEZ12,2005,NMVOC_AWB,1.34252728237846e-05
India,FiberCrop,FiberCropAEZ13,FiberCropAEZ13,2005,NMVOC_AWB,0
India,FiberCrop,FiberCropAEZ14,FiberCropAEZ14,2005,NMVOC_AWB,0
India,FiberCrop,FiberCropAEZ15,FiberCropAEZ15,2005,NMVOC_AWB,0
India,FiberCrop,FiberCropAEZ16,FiberCropAEZ16,2005,NMVOC_AWB,0
India,FodderGrass,FodderGrassAEZ01,FodderGrassAEZ01,2005,NMVOC_AWB,0.00111837074073385
India,FodderGrass,FodderGrassAEZ02,FodderGrassAEZ02,2005,NMVOC_AWB,0.00551236367619561
India,FodderGrass,FodderGrassAEZ03,FodderGrassAEZ03,2005,NMVOC_AWB,0.0328532587352851
India,FodderGrass,FodderGrassAEZ04,FodderGrassAEZ04,2005,NMVOC_AWB,0.013734898825501
India,FodderGrass,FodderGrassAEZ05,FodderGrassAEZ05,2005,NMVOC_AWB,0.00270016645312455
India,FodderGrass,FodderGrassAEZ06,FodderGrassAEZ06,2005,NMVOC_AWB,0.000701357238066953
India,FodderGrass,FodderGrassAEZ07,FodderGrassAEZ07,2005,NMVOC_AWB,0.00275861514763626
India,FodderGrass,FodderGrassAEZ08,FodderGrassAEZ08,2005,NMVOC_AWB,0.00755450772422474
India,FodderGrass,FodderGrassAEZ09,FodderGrassAEZ09,2005,NMVOC_AWB,0.0058420547438683
India,FodderGrass,FodderGrassAEZ10,FodderGrassAEZ10,2005,NMVOC_AWB,0.000601669961385672
India,FodderGrass,FodderGrassAEZ11,FodderGrassAEZ11,2005,NMVOC_AWB,0.000397518288099122
India,FodderGrass,FodderGrassAEZ12,FodderGrassAEZ12,2005,NMVOC_AWB,0.000249016202789262
India,FodderGrass,FodderGrassAEZ13,FodderGrassAEZ13,2005,NMVOC_AWB,4.16047897127084e-06
India,FodderGrass,FodderGrassAEZ14,FodderGrassAEZ14,2005,NMVOC_AWB,4.70732700657107e-06
India,FodderGrass,FodderGrassAEZ15,FodderGrassAEZ15,2005,NMVOC_AWB,3.234285902474e-05
India,FodderGrass,FodderGrassAEZ16,FodderGrassAEZ16,2005,NMVOC_AWB,1.24732259823514e-05
India,FodderHerb,FodderHerbAEZ01,FodderHerbAEZ01,2005,NMVOC_AWB,0
India,FodderHerb,FodderHerbAEZ02,FodderHerbAEZ02,2005,NMVOC_AWB,0
India,FodderHerb,FodderHerbAEZ03,FodderHerbAEZ03,2005,NMVOC_AWB,0
India,FodderHerb,FodderHerbAEZ04,FodderHerbAEZ04,2005,NMVOC_AWB,0
India,FodderHerb,FodderHerbAEZ05,FodderHerbAEZ05,2005,NMVOC_AWB,0
India,FodderHerb,FodderHerbAEZ06,FodderHerbAEZ06,2005,NMVOC_AWB,0
India,FodderHerb,FodderHerbAEZ07,FodderHerbAEZ07,2005,NMVOC_AWB,0
India,FodderHerb,FodderHerbAEZ08,FodderHerbAEZ08,2005,NMVOC_AWB,0
India,FodderHerb,FodderHerbAEZ09,FodderHerbAEZ09,2005,NMVOC_AWB,0
India,FodderHerb,FodderHerbAEZ10,FodderHerbAEZ10,2005,NMVOC_AWB,0
India,FodderHerb,FodderHerbAEZ11,FodderHerbAEZ11,2005,NMVOC_AWB,0
India,FodderHerb,FodderHerbAEZ12,FodderHerbAEZ12,2005,NMVOC_AWB,0
India,FodderHerb,FodderHerbAEZ13,FodderHerbAEZ13,2005,NMVOC_AWB,0
India,FodderHerb,FodderHerbAEZ14,FodderHerbAEZ14,2005,NMVOC_AWB,0
India,FodderHerb,FodderHerbAEZ15,FodderHerbAEZ15,2005,NMVOC_AWB,0
India,FodderHerb,FodderHerbAEZ16,FodderHerbAEZ16,2005,NMVOC_AWB,0
India,MiscCrop,MiscCropAEZ01,MiscCropAEZ01,2005,NMVOC_AWB,0.000644669291275915
India,MiscCrop,MiscCropAEZ02,MiscCropAEZ02,2005,NMVOC_AWB,0.00495130270939685
India,MiscCrop,MiscCropAEZ03,MiscCropAEZ03,2005,NMVOC_AWB,0.0362371013335973
India,MiscCrop,MiscCropAEZ04,MiscCropAEZ04,2005,NMVOC_AWB,0.0276966529221813
India,MiscCrop,MiscCropAEZ05,MiscCropAEZ05,2005,NMVOC_AWB,0.00673094874362873
India,MiscCrop,MiscCropAEZ06,MiscCropAEZ06,2005,NMVOC_AWB,0.00124363310640882
India,MiscCrop,MiscCropAEZ07,MiscCropAEZ07,2005,NMVOC_AWB,0.000991921568428128
India,MiscCrop,MiscCropAEZ08,MiscCropAEZ08,2005,NMVOC_AWB,0.00850370286658613
India,MiscCrop,MiscCropAEZ09,MiscCropAEZ09,2005,NMVOC_AWB,0.0149999139161907
India,MiscCrop,MiscCropAEZ10,MiscCropAEZ10,2005,NMVOC_AWB,0.00123232644134077
India,MiscCrop,MiscCropAEZ11,MiscCropAEZ11,2005,NMVOC_AWB,0.000789386028340405
India,MiscCrop,MiscCropAEZ12,MiscCropAEZ12,2005,NMVOC_AWB,0.000416601073541425
India,MiscCrop,MiscCropAEZ13,MiscCropAEZ13,2005,NMVOC_AWB,2.94525359321993e-06
India,MiscCrop,MiscCropAEZ14,MiscCropAEZ14,2005,NMVOC_AWB,2.08767292913406e-06
India,MiscCrop,MiscCropAEZ15,MiscCropAEZ15,2005,NMVOC_AWB,3.47043241865336e-05
India,MiscCrop,MiscCropAEZ16,MiscCropAEZ16,2005,NMVOC_AWB,9.48877272283355e-06
India,OilCrop,OilCropAEZ01,OilCropAEZ01,2005,NMVOC_AWB,0.000137477387014219
India,OilCrop,OilCropAEZ02,OilCropAEZ02,2005,NMVOC_AWB,0.00272239449431237
India,OilCrop,OilCropAEZ03,OilCropAEZ03,2005,NMVOC_AWB,0.00690715078314578
India,OilCrop,OilCropAEZ04,OilCropAEZ04,2005,NMVOC_AWB,0.00247695961055951
India,OilCrop,OilCropAEZ05,OilCropAEZ05,2005,NMVOC_AWB,0.000262169240991613
India,OilCrop,OilCropAEZ06,OilCropAEZ06,2005,NMVOC_AWB,8.72398624693309e-05
India,OilCrop,OilCropAEZ07,OilCropAEZ07,2005,NMVOC_AWB,0.000475615115085346
India,OilCrop,OilCropAEZ08,OilCropAEZ08,2005,NMVOC_AWB,0.00257801152367701
India,OilCrop,OilCropAEZ09,OilCropAEZ09,2005,NMVOC_AWB,0.0023394106676705
India,OilCrop,OilCropAEZ10,OilCropAEZ10,2005,NMVOC_AWB,5.13453154954984e-05
India,OilCrop,OilCropAEZ11,OilCropAEZ11,2005,NMVOC_AWB,2.10400774088345e-05
India,OilCrop,OilCropAEZ12,OilCropAEZ12,2005,NMVOC_AWB,1.63721608354508e-05
India,OilCrop,OilCropAEZ13,OilCropAEZ13,2005,NMVOC_AWB,1.98766318889355e-07
India,OilCrop,OilCropAEZ14,OilCropAEZ14,2005,NMVOC_AWB,9.89414565138125e-08
India,OilCrop,OilCropAEZ15,OilCropAEZ15,2005,NMVOC_AWB,1.67317070211751e-06
India,OilCrop,OilCropAEZ16,OilCropAEZ16,2005,NMVOC_AWB,1.75797766484363e-07
India,OtherGrain,OtherGrainAEZ01,OtherGrainAEZ01,2005,NMVOC_AWB,0.000118087578827148
India,OtherGrain,OtherGrainAEZ02,OtherGrainAEZ02,2005,NMVOC_AWB,0.000936073618972868
India,OtherGrain,OtherGrainAEZ03,OtherGrainAEZ03,2005,NMVOC_AWB,0.00682423303312473
India,OtherGrain,OtherGrainAEZ04,OtherGrainAEZ04,2005,NMVOC_AWB,0.001668677211865
India,OtherGrain,OtherGrainAEZ05,OtherGrainAEZ05,2005,NMVOC_AWB,0.000142725429706275
India,OtherGrain,OtherGrainAEZ06,OtherGrainAEZ06,2005,NMVOC_AWB,2.88853963962693e-05
India,OtherGrain,OtherGrainAEZ07,OtherGrainAEZ07,2005,NMVOC_AWB,0.000392734363872881
India,OtherGrain,OtherGrainAEZ08,OtherGrainAEZ08,2005,NMVOC_AWB,0.00288710416451446
India,OtherGrain,OtherGrainAEZ09,OtherGrainAEZ09,2005,NMVOC_AWB,0.000879723395009193
India,OtherGrain,OtherGrainAEZ10,OtherGrainAEZ10,2005,NMVOC_AWB,8.92454106533721e-05
India,OtherGrain,OtherGrainAEZ11,OtherGrainAEZ11,2005,NMVOC_AWB,0.000126376963147493
India,OtherGrain,OtherGrainAEZ12,OtherGrainAEZ12,2005,NMVOC_AWB,7.77958942058672e-06
India,OtherGrain,OtherGrainAEZ13,OtherGrainAEZ13,2005,NMVOC_AWB,2.18377055013596e-07
India,OtherGrain,OtherGrainAEZ14,OtherGrainAEZ14,2005,NMVOC_AWB,2.56015421150751e-06
India,OtherGrain,OtherGrainAEZ15,OtherGrainAEZ15,2005,NMVOC_AWB,4.48306479831665e-06
India,OtherGrain,OtherGrainAEZ16,OtherGrainAEZ16,2005,NMVOC_AWB,7.70729394503611e-06
India,PalmFruit,PalmFruitAEZ01,PalmFruitAEZ01,2005,NMVOC_AWB,0
India,PalmFruit,PalmFruitAEZ02,PalmFruitAEZ02,2005,NMVOC_AWB,0.000199178297436262
India,PalmFruit,PalmFruitAEZ03,PalmFruitAEZ03,2005,NMVOC_AWB,0.00138665837597011
India,PalmFruit,PalmFruitAEZ04,PalmFruitAEZ04,2005,NMVOC_AWB,0.00203199625317277
India,PalmFruit,PalmFruitAEZ05,PalmFruitAEZ05,2005,NMVOC_AWB,0.00288531363951959
India,PalmFruit,PalmFruitAEZ06,PalmFruitAEZ06,2005,NMVOC_AWB,3.33119124878132e-05
India,PalmFruit,PalmFruitAEZ07,PalmFruitAEZ07,2005,NMVOC_AWB,0
India,PalmFruit,PalmFruitAEZ08,PalmFruitAEZ08,2005,NMVOC_AWB,0
India,PalmFruit,PalmFruitAEZ09,PalmFruitAEZ09,2005,NMVOC_AWB,2.84043817192407e-07
India,PalmFruit,PalmFruitAEZ10,PalmFruitAEZ10,2005,NMVOC_AWB,0
India,PalmFruit,PalmFruitAEZ11,PalmFruitAEZ11,2005,NMVOC_AWB,6.13354958049299e-06
India,PalmFruit,PalmFruitAEZ12,PalmFruitAEZ12,2005,NMVOC_AWB,3.14590621863708e-06
India,PalmFruit,PalmFruitAEZ13,PalmFruitAEZ13,2005,NMVOC_AWB,0
India,PalmFruit,PalmFruitAEZ14,PalmFruitAEZ14,2005,NMVOC_AWB,0
India,PalmFruit,PalmFruitAEZ15,PalmFruitAEZ15,2005,NMVOC_AWB,0
India,PalmFruit,PalmFruitAEZ16,PalmFruitAEZ16,2005,NMVOC_AWB,0
India,Rice,RiceAEZ01,RiceAEZ01,2005,NMVOC_AWB,5.45628435011044e-05
India,Rice,RiceAEZ02,RiceAEZ02,2005,NMVOC_AWB,0.00146983950711354
India,Rice,RiceAEZ03,RiceAEZ03,2005,NMVOC_AWB,0.031556229192016
India,Rice,RiceAEZ04,RiceAEZ04,2005,NMVOC_AWB,0.0360133814816204
India,Rice,RiceAEZ05,RiceAEZ05,2005,NMVOC_AWB,0.00645682759361727
India,Rice,RiceAEZ06,RiceAEZ06,2005,NMVOC_AWB,0.00274647088369569
India,Rice,RiceAEZ07,RiceAEZ07,2005,NMVOC_AWB,0.0007111362101635
India,Rice,RiceAEZ08,RiceAEZ08,2005,NMVOC_AWB,0.00806058235167328
India,Rice,RiceAEZ09,RiceAEZ09,2005,NMVOC_AWB,0.00536060005435062
India,Rice,RiceAEZ10,RiceAEZ10,2005,NMVOC_AWB,0.000937120461124789
India,Rice,RiceAEZ11,RiceAEZ11,2005,NMVOC_AWB,0.00075803068378892
India,Rice,RiceAEZ12,RiceAEZ12,2005,NMVOC_AWB,0.000540497585261515
India,Rice,RiceAEZ13,RiceAEZ13,2005,NMVOC_AWB,1.0828492055081e-06
India,Rice,RiceAEZ14,RiceAEZ14,2005,NMVOC_AWB,4.21832823029259e-06
India,Rice,RiceAEZ15,RiceAEZ15,2005,NMVOC_AWB,3.06314411801761e-05
India,Rice,RiceAEZ16,RiceAEZ16,2005,NMVOC_AWB,6.77904191373311e-06
India,Root_Tuber,Root_TuberAEZ01,Root_TuberAEZ01,2005,NMVOC_AWB,3.64397574892027e-05
India,Root_Tuber,Root_TuberAEZ02,Root_TuberAEZ02,2005,NMVOC_AWB,0.000500748491290313
India,Root_Tuber,Root_TuberAEZ03,Root_TuberAEZ03,2005,NMVOC_AWB,0.00719616368496242
India,Root_Tuber,Root_TuberAEZ04,Root_TuberAEZ04,2005,NMVOC_AWB,0.00771343677003479
India,Root_Tuber,Root_TuberAEZ05,Root_TuberAEZ05,2005,NMVOC_AWB,0.00422149606864544
India,Root_Tuber,Root_TuberAEZ06,Root_TuberAEZ06,2005,NMVOC_AWB,0.000305735816011403
India,Root_Tuber,Root_TuberAEZ07,Root_TuberAEZ07,2005,NMVOC_AWB,0.000237601747430178
India,Root_Tuber,Root_TuberAEZ08,Root_TuberAEZ08,2005,NMVOC_AWB,0.00177698806823669
India,Root_Tuber,Root_TuberAEZ09,Root_TuberAEZ09,2005,NMVOC_AWB,0.00211226846926662
India,Root_Tuber,Root_TuberAEZ10,Root_TuberAEZ10,2005,NMVOC_AWB,0.000201251526665449
India,Root_Tuber,Root_TuberAEZ11,Root_TuberAEZ11,2005,NMVOC_AWB,0.000406284712910852
India,Root_Tuber,Root_TuberAEZ12,Root_TuberAEZ12,2005,NMVOC_AWB,0.000137138163824804
India,Root_Tuber,Root_TuberAEZ13,Root_TuberAEZ13,2005,NMVOC_AWB,2.51547514610214e-06
India,Root_Tuber,Root_TuberAEZ14,Root_TuberAEZ14,2005,NMVOC_AWB,1.22563950201282e-06
India,Root_Tuber,Root_TuberAEZ15,Root_TuberAEZ15,2005,NMVOC_AWB,3.9446839933838e-06
India,Root_Tuber,Root_TuberAEZ16,Root_TuberAEZ16,2005,NMVOC_AWB,6.29882409821475e-06
India,SugarCrop,SugarCropAEZ01,SugarCropAEZ01,2005,NMVOC_AWB,0.000273645168385829
India,SugarCrop,SugarCropAEZ02,SugarCropAEZ02,2005,NMVOC_AWB,0.00151862040333016
India,SugarCrop,SugarCropAEZ03,SugarCropAEZ03,2005,NMVOC_AWB,0.105972123682356
India,SugarCrop,SugarCropAEZ04,SugarCropAEZ04,2005,NMVOC_AWB,0.0370415189213658
India,SugarCrop,SugarCropAEZ05,SugarCropAEZ05,2005,NMVOC_AWB,0.00151289282966945
India,SugarCrop,SugarCropAEZ06,SugarCropAEZ06,2005,NMVOC_AWB,0.00059651967965968
India,SugarCrop,SugarCropAEZ07,SugarCropAEZ07,2005,NMVOC_AWB,0.000299858476809578
India,SugarCrop,SugarCropAEZ08,SugarCropAEZ08,2005,NMVOC_AWB,0.0128620359801093
India,SugarCrop,SugarCropAEZ09,SugarCropAEZ09,2005,NMVOC_AWB,0.0315247416615888
India,SugarCrop,SugarCropAEZ10,SugarCropAEZ10,2005,NMVOC_AWB,0.00218010703596713
India,SugarCrop,SugarCropAEZ11,SugarCropAEZ11,2005,NMVOC_AWB,0.000767972733189798
India,SugarCrop,SugarCropAEZ12,SugarCropAEZ12,2005,NMVOC_AWB,6.10050987705688e-05
India,SugarCrop,SugarCropAEZ13,SugarCropAEZ13,2005,NMVOC_AWB,2.51809895260842e-06
India,SugarCrop,SugarCropAEZ14,SugarCropAEZ14,2005,NMVOC_AWB,2.60960456730617e-07
India,SugarCrop,SugarCropAEZ15,SugarCropAEZ15,2005,NMVOC_AWB,0
India,SugarCrop,SugarCropAEZ16,SugarCropAEZ16,2005,NMVOC_AWB,0
India,Wheat,WheatAEZ01,WheatAEZ01,2005,NMVOC_AWB,0.000108406471119014
India,Wheat,WheatAEZ02,WheatAEZ02,2005,NMVOC_AWB,0.00120217408654888
India,Wheat,WheatAEZ03,WheatAEZ03,2005,NMVOC_AWB,0.0162252474789017
India,Wheat,WheatAEZ04,WheatAEZ04,2005,NMVOC_AWB,0.00302385881833586
India,Wheat,WheatAEZ05,WheatAEZ05,2005,NMVOC_AWB,0.00019192294413156
India,Wheat,WheatAEZ06,WheatAEZ06,2005,NMVOC_AWB,1.87438033783464e-05
India,Wheat,WheatAEZ07,WheatAEZ07,2005,NMVOC_AWB,0.00199257124434795
India,Wheat,WheatAEZ08,WheatAEZ08,2005,NMVOC_AWB,0.0159824727871409
India,Wheat,WheatAEZ09,WheatAEZ09,2005,NMVOC_AWB,0.00915040105397196
India,Wheat,WheatAEZ10,WheatAEZ10,2005,NMVOC_AWB,0.000760376271735328
India,Wheat,WheatAEZ11,WheatAEZ11,2005,NMVOC_AWB,0.000336958505918259
India,Wheat,WheatAEZ12,WheatAEZ12,2005,NMVOC_AWB,5.23311548183393e-05
India,Wheat,WheatAEZ13,WheatAEZ13,2005,NMVOC_AWB,9.832517870045e-07
India,Wheat,WheatAEZ14,WheatAEZ14,2005,NMVOC_AWB,3.51350496816207e-06
India,Wheat,WheatAEZ15,WheatAEZ15,2005,NMVOC_AWB,6.89530576357869e-06
India,Wheat,WheatAEZ16,WheatAEZ16,2005,NMVOC_AWB,9.37468907907265e-06
India,Corn,CornAEZ01,CornAEZ01,2005,NOx_AWB,3.28328398143303e-07
India,Corn,CornAEZ02,CornAEZ02,2005,NOx_AWB,0.000347909843931051
India,Corn,CornAEZ03,CornAEZ03,2005,NOx_AWB,0.00197668166082795
India,Corn,CornAEZ04,CornAEZ04,2005,NOx_AWB,0.000974916290560405
India,Corn,CornAEZ05,CornAEZ05,2005,NOx_AWB,0.000100671075439216
India,Corn,CornAEZ06,CornAEZ06,2005,NOx_AWB,1.61280098553007e-05
India,Corn,CornAEZ07,CornAEZ07,2005,NOx_AWB,3.69394396877642e-06
India,Corn,CornAEZ08,CornAEZ08,2005,NOx_AWB,0.000275871699298304
India,Corn,CornAEZ09,CornAEZ09,2005,NOx_AWB,0.000744625853939901
India,Corn,CornAEZ10,CornAEZ10,2005,NOx_AWB,0.000900482047192273
India,Corn,CornAEZ11,CornAEZ11,2005,NOx_AWB,0.000364587729006344
India,Corn,CornAEZ12,CornAEZ12,2005,NOx_AWB,0.000112384615175408
India,Corn,CornAEZ13,CornAEZ13,2005,NOx_AWB,6.26219057249011e-07
India,Corn,CornAEZ14,CornAEZ14,2005,NOx_AWB,3.62408686278847e-06
India,Corn,CornAEZ15,CornAEZ15,2005,NOx_AWB,8.25097248203379e-05
India,Corn,CornAEZ16,CornAEZ16,2005,NOx_AWB,1.03687904459238e-06
India,FiberCrop,FiberCropAEZ01,FiberCropAEZ01,2005,NOx_AWB,9.95171477697284e-05
India,FiberCrop,FiberCropAEZ02,FiberCropAEZ02,2005,NOx_AWB,0.00150817222547366
India,FiberCrop,FiberCropAEZ03,FiberCropAEZ03,2005,NOx_AWB,0.00103008967484924
India,FiberCrop,FiberCropAEZ04,FiberCropAEZ04,2005,NOx_AWB,0.00100392246848508
India,FiberCrop,FiberCropAEZ05,FiberCropAEZ05,2005,NOx_AWB,0.000295304485521782
India,FiberCrop,FiberCropAEZ06,FiberCropAEZ06,2005,NOx_AWB,3.27082932385368e-05
India,FiberCrop,FiberCropAEZ07,FiberCropAEZ07,2005,NOx_AWB,8.94567960604013e-05
India,FiberCrop,FiberCropAEZ08,FiberCropAEZ08,2005,NOx_AWB,0.000312964419479282
India,FiberCrop,FiberCropAEZ09,FiberCropAEZ09,2005,NOx_AWB,0.000267254000757931
India,FiberCrop,FiberCropAEZ10,FiberCropAEZ10,2005,NOx_AWB,5.81136116428944e-06
India,FiberCrop,FiberCropAEZ11,FiberCropAEZ11,2005,NOx_AWB,7.94621982838149e-06
India,FiberCrop,FiberCropAEZ12,FiberCropAEZ12,2005,NOx_AWB,7.29439823425628e-06
India,FiberCrop,FiberCropAEZ13,FiberCropAEZ13,2005,NOx_AWB,0
India,FiberCrop,FiberCropAEZ14,FiberCropAEZ14,2005,NOx_AWB,0
India,FiberCrop,FiberCropAEZ15,FiberCropAEZ15,2005,NOx_AWB,0
India,FiberCrop,FiberCropAEZ16,FiberCropAEZ16,2005,NOx_AWB,0
India,FodderGrass,FodderGrassAEZ01,FodderGrassAEZ01,2005,NOx_AWB,0.000607648102465392
India,FodderGrass,FodderGrassAEZ02,FodderGrassAEZ02,2005,NOx_AWB,0.00299505093073295
India,FodderGrass,FodderGrassAEZ03,FodderGrassAEZ03,2005,NOx_AWB,0.0178502705795049
India,FodderGrass,FodderGrassAEZ04,FodderGrassAEZ04,2005,NOx_AWB,0.00746262836185552
India,FodderGrass,FodderGrassAEZ05,FodderGrassAEZ05,2005,NOx_AWB,0.001467090439531
India,FodderGrass,FodderGrassAEZ06,FodderGrassAEZ06,2005,NOx_AWB,0.000381070766016378
India,FodderGrass,FodderGrassAEZ07,FodderGrassAEZ07,2005,NOx_AWB,0.00149884756354903
India,FodderGrass,FodderGrassAEZ08,FodderGrassAEZ08,2005,NOx_AWB,0.00410461586349544
India,FodderGrass,FodderGrassAEZ09,FodderGrassAEZ09,2005,NOx_AWB,0.00317418307750178
India,FodderGrass,FodderGrassAEZ10,FodderGrassAEZ10,2005,NOx_AWB,0.000326907345686215
India,FodderGrass,FodderGrassAEZ11,FodderGrassAEZ11,2005,NOx_AWB,0.000215984936533856
India,FodderGrass,FodderGrassAEZ12,FodderGrassAEZ12,2005,NOx_AWB,0.000135298803515499
India,FodderGrass,FodderGrassAEZ13,FodderGrassAEZ13,2005,NOx_AWB,2.26052690772382e-06
India,FodderGrass,FodderGrassAEZ14,FodderGrassAEZ14,2005,NOx_AWB,2.55764767357028e-06
India,FodderGrass,FodderGrassAEZ15,FodderGrassAEZ15,2005,NOx_AWB,1.75729534034421e-05
India,FodderGrass,FodderGrassAEZ16,FodderGrassAEZ16,2005,NOx_AWB,6.77711945041094e-06
India,FodderHerb,FodderHerbAEZ01,FodderHerbAEZ01,2005,NOx_AWB,0
India,FodderHerb,FodderHerbAEZ02,FodderHerbAEZ02,2005,NOx_AWB,0
India,FodderHerb,FodderHerbAEZ03,FodderHerbAEZ03,2005,NOx_AWB,0
India,FodderHerb,FodderHerbAEZ04,FodderHerbAEZ04,2005,NOx_AWB,0
India,FodderHerb,FodderHerbAEZ05,FodderHerbAEZ05,2005,NOx_AWB,0
India,FodderHerb,FodderHerbAEZ06,FodderHerbAEZ06,2005,NOx_AWB,0
India,FodderHerb,FodderHerbAEZ07,FodderHerbAEZ07,2005,NOx_AWB,0
India,FodderHerb,FodderHerbAEZ08,FodderHerbAEZ08,2005,NOx_AWB,0
India,FodderHerb,FodderHerbAEZ09,FodderHerbAEZ09,2005,NOx_AWB,0
India,FodderHerb,FodderHerbAEZ10,FodderHerbAEZ10,2005,NOx_AWB,0
India,FodderHerb,FodderHerbAEZ11,FodderHerbAEZ11,2005,NOx_AWB,0
India,FodderHerb,FodderHerbAEZ12,FodderHerbAEZ12,2005,NOx_AWB,0
India,FodderHerb,FodderHerbAEZ13,FodderHerbAEZ13,2005,NOx_AWB,0
India,FodderHerb,FodderHerbAEZ14,FodderHerbAEZ14,2005,NOx_AWB,0
India,FodderHerb,FodderHerbAEZ15,FodderHerbAEZ15,2005,NOx_AWB,0
India,FodderHerb,FodderHerbAEZ16,FodderHerbAEZ16,2005,NOx_AWB,0
India,MiscCrop,MiscCropAEZ01,MiscCropAEZ01,2005,NOx_AWB,0.00035027031492658
India,MiscCrop,MiscCropAEZ02,MiscCropAEZ02,2005,NOx_AWB,0.00269020780543895
India,MiscCrop,MiscCropAEZ03,MiscCropAEZ03,2005,NOx_AWB,0.0196888250579212
India,MiscCrop,MiscCropAEZ04,MiscCropAEZ04,2005,NOx_AWB,0.0150485147543852
India,MiscCrop,MiscCropAEZ05,MiscCropAEZ05,2005,NOx_AWB,0.00365714881737161
India,MiscCrop,MiscCropAEZ06,MiscCropAEZ06,2005,NOx_AWB,0.000675707321148793
India,MiscCrop,MiscCropAEZ07,MiscCropAEZ07,2005,NOx_AWB,0.000538944052179283
India,MiscCrop,MiscCropAEZ08,MiscCropAEZ08,2005,NOx_AWB,0.00462034522417847
India,MiscCrop,MiscCropAEZ09,MiscCropAEZ09,2005,NOx_AWB,0.00814995322779697
India,MiscCrop,MiscCropAEZ10,MiscCropAEZ10,2005,NOx_AWB,0.000669564033128482
India,MiscCrop,MiscCropAEZ11,MiscCropAEZ11,2005,NOx_AWB,0.000428899742064953
India,MiscCrop,MiscCropAEZ12,MiscCropAEZ12,2005,NOx_AWB,0.000226353249957508
India,MiscCrop,MiscCropAEZ13,MiscCropAEZ13,2005,NOx_AWB,1.60025445231616e-06
India,MiscCrop,MiscCropAEZ14,MiscCropAEZ14,2005,NOx_AWB,1.13430229149617e-06
India,MiscCrop,MiscCropAEZ15,MiscCropAEZ15,2005,NOx_AWB,1.88560161413499e-05
India,MiscCrop,MiscCropAEZ16,MiscCropAEZ16,2005,NOx_AWB,5.15556651273956e-06
India,OilCrop,OilCropAEZ01,OilCropAEZ01,2005,NOx_AWB,7.46960469443922e-05
India,OilCrop,OilCropAEZ02,OilCropAEZ02,2005,NOx_AWB,0.00147916767524306
India,OilCrop,OilCropAEZ03,OilCropAEZ03,2005,NOx_AWB,0.00375288525884254
India,OilCrop,OilCropAEZ04,OilCropAEZ04,2005,NOx_AWB,0.00134581472173734
India,OilCrop,OilCropAEZ05,OilCropAEZ05,2005,NOx_AWB,0.000142445287605443
India,OilCrop,OilCropAEZ06,OilCropAEZ06,2005,NOx_AWB,4.74003252750031e-05
India,OilCrop,OilCropAEZ07,OilCropAEZ07,2005,NOx_AWB,0.000258417545863038
India,OilCrop,OilCropAEZ08,OilCropAEZ08,2005,NOx_AWB,0.00140071959453117
India,OilCrop,OilCropAEZ09,OilCropAEZ09,2005,NOx_AWB,0.00127107979610097
India,OilCrop,OilCropAEZ10,OilCropAEZ10,2005,NOx_AWB,2.78976214192208e-05
India,OilCrop,OilCropAEZ11,OilCropAEZ11,2005,NOx_AWB,1.14317753921334e-05
India,OilCrop,OilCropAEZ12,OilCropAEZ12,2005,NOx_AWB,8.89554072059492e-06
India,OilCrop,OilCropAEZ13,OilCropAEZ13,2005,NOx_AWB,1.0799636659655e-07
India,OilCrop,OilCropAEZ14,OilCropAEZ14,2005,NOx_AWB,5.37581913725048e-08
India,OilCrop,OilCropAEZ15,OilCropAEZ15,2005,NOx_AWB,9.0908941481718e-07
India,OilCrop,OilCropAEZ16,OilCropAEZ16,2005,NOx_AWB,9.5516786456504e-08
India,OtherGrain,OtherGrainAEZ01,OtherGrainAEZ01,2005,NOx_AWB,6.41609178294169e-05
India,OtherGrain,OtherGrainAEZ02,OtherGrainAEZ02,2005,NOx_AWB,0.000508599999641925
India,OtherGrain,OtherGrainAEZ03,OtherGrainAEZ03,2005,NOx_AWB,0.0037078332813311
India,OtherGrain,OtherGrainAEZ04,OtherGrainAEZ04,2005,NOx_AWB,0.000906647951779983
India,OtherGrain,OtherGrainAEZ05,OtherGrainAEZ05,2005,NOx_AWB,7.75474834737426e-05
India,OtherGrain,OtherGrainAEZ06,OtherGrainAEZ06,2005,NOx_AWB,1.56943987086397e-05
India,OtherGrain,OtherGrainAEZ07,OtherGrainAEZ07,2005,NOx_AWB,0.000213385671037599
India,OtherGrain,OtherGrainAEZ08,OtherGrainAEZ08,2005,NOx_AWB,0.00156865992938619
India,OtherGrain,OtherGrainAEZ09,OtherGrainAEZ09,2005,NOx_AWB,0.000477983044621662
India,OtherGrain,OtherGrainAEZ10,OtherGrainAEZ10,2005,NOx_AWB,4.84900064549988e-05
India,OtherGrain,OtherGrainAEZ11,OtherGrainAEZ11,2005,NOx_AWB,6.86648166434711e-05
India,OtherGrain,OtherGrainAEZ12,OtherGrainAEZ12,2005,NOx_AWB,4.22691025185212e-06
India,OtherGrain,OtherGrainAEZ13,OtherGrainAEZ13,2005,NOx_AWB,1.18651533224054e-07
India,OtherGrain,OtherGrainAEZ14,OtherGrainAEZ14,2005,NOx_AWB,1.39101712158575e-06
India,OtherGrain,OtherGrainAEZ15,OtherGrainAEZ15,2005,NOx_AWB,2.43579854041871e-06
India,OtherGrain,OtherGrainAEZ16,OtherGrainAEZ16,2005,NOx_AWB,4.18762971013629e-06
India,PalmFruit,PalmFruitAEZ01,PalmFruitAEZ01,2005,NOx_AWB,0
India,PalmFruit,PalmFruitAEZ02,PalmFruitAEZ02,2005,NOx_AWB,0.000108220208273702
India,PalmFruit,PalmFruitAEZ03,PalmFruitAEZ03,2005,NOx_AWB,0.000753417717610429
India,PalmFruit,PalmFruitAEZ04,PalmFruitAEZ04,2005,NOx_AWB,0.00110405129755721
India,PalmFruit,PalmFruitAEZ05,PalmFruitAEZ05,2005,NOx_AWB,0.00156768707747231
India,PalmFruit,PalmFruitAEZ06,PalmFruitAEZ06,2005,NOx_AWB,1.80994724517119e-05
India,PalmFruit,PalmFruitAEZ07,PalmFruitAEZ07,2005,NOx_AWB,0
India,PalmFruit,PalmFruitAEZ08,PalmFruitAEZ08,2005,NOx_AWB,0
India,PalmFruit,PalmFruitAEZ09,PalmFruitAEZ09,2005,NOx_AWB,1.54330474007875e-07
India,PalmFruit,PalmFruitAEZ10,PalmFruitAEZ10,2005,NOx_AWB,0
India,PalmFruit,PalmFruitAEZ11,PalmFruitAEZ11,2005,NOx_AWB,3.33256193873452e-06
India,PalmFruit,PalmFruitAEZ12,PalmFruitAEZ12,2005,NOx_AWB,1.70927571212615e-06
India,PalmFruit,PalmFruitAEZ13,PalmFruitAEZ13,2005,NOx_AWB,0
India,PalmFruit,PalmFruitAEZ14,PalmFruitAEZ14,2005,NOx_AWB,0
India,PalmFruit,PalmFruitAEZ15,PalmFruitAEZ15,2005,NOx_AWB,0
India,PalmFruit,PalmFruitAEZ16,PalmFruitAEZ16,2005,NOx_AWB,0
India,Rice,RiceAEZ01,RiceAEZ01,2005,NOx_AWB,2.96458116356e-05
India,Rice,RiceAEZ02,RiceAEZ02,2005,NOx_AWB,0.000798612798865023
India,Rice,RiceAEZ03,RiceAEZ03,2005,NOx_AWB,0.0171455511943287
India,Rice,RiceAEZ04,RiceAEZ04,2005,NOx_AWB,0.0195672706050138
India,Rice,RiceAEZ05,RiceAEZ05,2005,NOx_AWB,0.00350820965919871
India,Rice,RiceAEZ06,RiceAEZ06,2005,NOx_AWB,0.00149224918014133
India,Rice,RiceAEZ07,RiceAEZ07,2005,NOx_AWB,0.000386384007522168
India,Rice,RiceAEZ08,RiceAEZ08,2005,NOx_AWB,0.00437958307774248
India,Rice,RiceAEZ09,RiceAEZ09,2005,NOx_AWB,0.00291259269619717
India,Rice,RiceAEZ10,RiceAEZ10,2005,NOx_AWB,0.000509168783877802
India,Rice,RiceAEZ11,RiceAEZ11,2005,NOx_AWB,0.00041186333819198
India,Rice,RiceAEZ12,RiceAEZ12,2005,NOx_AWB,0.000293670354658757
India,Rice,RiceAEZ13,RiceAEZ13,2005,NOx_AWB,5.88348068326067e-07
India,Rice,RiceAEZ14,RiceAEZ14,2005,NOx_AWB,2.29195833845898e-06
India,Rice,RiceAEZ15,RiceAEZ15,2005,NOx_AWB,1.6643083041229e-05
India,Rice,RiceAEZ16,RiceAEZ16,2005,NOx_AWB,3.68327943979499e-06
India,Root_Tuber,Root_TuberAEZ01,Root_TuberAEZ01,2005,NOx_AWB,1.97989349024668e-05
India,Root_Tuber,Root_TuberAEZ02,Root_TuberAEZ02,2005,NOx_AWB,0.000272073346934404
India,Root_Tuber,Root_TuberAEZ03,Root_TuberAEZ03,2005,NOx_AWB,0.00390991560216291
India,Root_Tuber,Root_TuberAEZ04,Root_TuberAEZ04,2005,NOx_AWB,0.0041909673117189
India,Root_Tuber,Root_TuberAEZ05,Root_TuberAEZ05,2005,NOx_AWB,0.00229367953063069
India,Root_Tuber,Root_TuberAEZ06,Root_TuberAEZ06,2005,NOx_AWB,0.000166116460032862
India,Root_Tuber,Root_TuberAEZ07,Root_TuberAEZ07,2005,NOx_AWB,0.000129096949437064
India,Root_Tuber,Root_TuberAEZ08,Root_TuberAEZ08,2005,NOx_AWB,0.0009654968504086
India,Root_Tuber,Root_TuberAEZ09,Root_TuberAEZ09,2005,NOx_AWB,0.00114766586830153
India,Root_Tuber,Root_TuberAEZ10,Root_TuberAEZ10,2005,NOx_AWB,0.000109346662821561
India,Root_Tuber,Root_TuberAEZ11,Root_TuberAEZ11,2005,NOx_AWB,0.000220748027348229
India,Root_Tuber,Root_TuberAEZ12,Root_TuberAEZ12,2005,NOx_AWB,7.45117356781434e-05
India,Root_Tuber,Root_TuberAEZ13,Root_TuberAEZ13,2005,NOx_AWB,1.36674149604883e-06
India,Root_Tuber,Root_TuberAEZ14,Root_TuberAEZ14,2005,NOx_AWB,6.65930796093635e-07
India,Root_Tuber,Root_TuberAEZ15,Root_TuberAEZ15,2005,NOx_AWB,2.14327830307187e-06
India,Root_Tuber,Root_TuberAEZ16,Root_TuberAEZ16,2005,NOx_AWB,3.42236109336335e-06
India,SugarCrop,SugarCropAEZ01,SugarCropAEZ01,2005,NOx_AWB,0.000148680541489634
India,SugarCrop,SugarCropAEZ02,SugarCropAEZ02,2005,NOx_AWB,0.000825117085809386
India,SugarCrop,SugarCropAEZ03,SugarCropAEZ03,2005,NOx_AWB,0.0575781872007467
India,SugarCrop,SugarCropAEZ04,SugarCropAEZ04,2005,NOx_AWB,0.0201258919472754
India,SugarCrop,SugarCropAEZ05,SugarCropAEZ05,2005,NOx_AWB,0.000822005104120399
India,SugarCrop,SugarCropAEZ06,SugarCropAEZ06,2005,NOx_AWB,0.000324109025948426
India,SugarCrop,SugarCropAEZ07,SugarCropAEZ07,2005,NOx_AWB,0.000162923105733204
India,SugarCrop,SugarCropAEZ08,SugarCropAEZ08,2005,NOx_AWB,0.00698837288252604
India,SugarCrop,SugarCropAEZ09,SugarCropAEZ09,2005,NOx_AWB,0.0171284429694632
India,SugarCrop,SugarCropAEZ10,SugarCropAEZ10,2005,NOx_AWB,0.00118452482287548
India,SugarCrop,SugarCropAEZ11,SugarCropAEZ11,2005,NOx_AWB,0.000417265185033123
India,SugarCrop,SugarCropAEZ12,SugarCropAEZ12,2005,NOx_AWB,3.31461036653424e-05
India,SugarCrop,SugarCropAEZ13,SugarCropAEZ13,2005,NOx_AWB,1.36816709758391e-06
India,SugarCrop,SugarCropAEZ14,SugarCropAEZ14,2005,NOx_AWB,1.41788514823635e-07
India,SugarCrop,SugarCropAEZ15,SugarCropAEZ15,2005,NOx_AWB,0
India,SugarCrop,SugarCropAEZ16,SugarCropAEZ16,2005,NOx_AWB,0
India,Wheat,WheatAEZ01,WheatAEZ01,2005,NOx_AWB,5.89008493079975e-05
India,Wheat,WheatAEZ02,WheatAEZ02,2005,NOx_AWB,0.000653181253691557
India,Wheat,WheatAEZ03,WheatAEZ03,2005,NOx_AWB,0.00881571779686994
India,Wheat,WheatAEZ04,WheatAEZ04,2005,NOx_AWB,0.00164296329129582
India,Wheat,WheatAEZ05,WheatAEZ05,2005,NOx_AWB,0.000104278132978148
India,Wheat,WheatAEZ06,WheatAEZ06,2005,NOx_AWB,1.01841331689016e-05
India,Wheat,WheatAEZ07,WheatAEZ07,2005,NOx_AWB,0.00108263037609572
India,Wheat,WheatAEZ08,WheatAEZ08,2005,NOx_AWB,0.00868381021434655
India,Wheat,WheatAEZ09,WheatAEZ09,2005,NOx_AWB,0.00497171790599143
India,Wheat,WheatAEZ10,WheatAEZ10,2005,NOx_AWB,0.000413137774309528
India,Wheat,WheatAEZ11,WheatAEZ11,2005,NOx_AWB,0.000183080788215587
India,Wheat,WheatAEZ12,WheatAEZ12,2005,NOx_AWB,2.8433260784631e-05
India,Wheat,WheatAEZ13,WheatAEZ13,2005,NOx_AWB,5.34233470939112e-07
India,Wheat,WheatAEZ14,WheatAEZ14,2005,NOx_AWB,1.90900436603473e-06
India,Wheat,WheatAEZ15,WheatAEZ15,2005,NOx_AWB,3.74644946487775e-06
India,Wheat,WheatAEZ16,WheatAEZ16,2005,NOx_AWB,5.09358106629614e-06
India,Corn,CornAEZ01,CornAEZ01,2005,SO2_AWB,6.50613942333048e-08
India,Corn,CornAEZ02,CornAEZ02,2005,SO2_AWB,6.89416439200795e-05
India,Corn,CornAEZ03,CornAEZ03,2005,SO2_AWB,0.000391698267759158
India,Corn,CornAEZ04,CornAEZ04,2005,SO2_AWB,0.000193188933650927
India,Corn,CornAEZ05,CornAEZ05,2005,SO2_AWB,1.99489308999183e-05
India,Corn,CornAEZ06,CornAEZ06,2005,SO2_AWB,3.19591851733872e-06
India,Corn,CornAEZ07,CornAEZ07,2005,SO2_AWB,7.31990123874099e-07
India,Corn,CornAEZ08,CornAEZ08,2005,SO2_AWB,5.46666005357989e-05
India,Corn,CornAEZ09,CornAEZ09,2005,SO2_AWB,0.000147554693756189
India,Corn,CornAEZ10,CornAEZ10,2005,SO2_AWB,0.000178439080517242
India,Corn,CornAEZ11,CornAEZ11,2005,SO2_AWB,7.22465254411343e-05
India,Corn,CornAEZ12,CornAEZ12,2005,SO2_AWB,2.22700801850655e-05
India,Corn,CornAEZ13,CornAEZ13,2005,SO2_AWB,1.24091261037687e-07
India,Corn,CornAEZ14,CornAEZ14,2005,SO2_AWB,7.18147274037224e-07
India,Corn,CornAEZ15,CornAEZ15,2005,SO2_AWB,1.63500865748277e-05
India,Corn,CornAEZ16,CornAEZ16,2005,SO2_AWB,2.05467442578735e-07
India,FiberCrop,FiberCropAEZ01,FiberCropAEZ01,2005,SO2_AWB,1.97202691592775e-05
India,FiberCrop,FiberCropAEZ02,FiberCropAEZ02,2005,SO2_AWB,0.000298858667992632
India,FiberCrop,FiberCropAEZ03,FiberCropAEZ03,2005,SO2_AWB,0.00020412206440264
India,FiberCrop,FiberCropAEZ04,FiberCropAEZ04,2005,SO2_AWB,0.00019893678363232
India,FiberCrop,FiberCropAEZ05,FiberCropAEZ05,2005,SO2_AWB,5.85173919162795e-05
India,FiberCrop,FiberCropAEZ06,FiberCropAEZ06,2005,SO2_AWB,6.48145933499839e-06
India,FiberCrop,FiberCropAEZ07,FiberCropAEZ07,2005,SO2_AWB,1.77267148021531e-05
India,FiberCrop,FiberCropAEZ08,FiberCropAEZ08,2005,SO2_AWB,6.20168757618454e-05
India,FiberCrop,FiberCropAEZ09,FiberCropAEZ09,2005,SO2_AWB,5.29589216225839e-05
India,FiberCrop,FiberCropAEZ10,FiberCropAEZ10,2005,SO2_AWB,1.1515764761138e-06
India,FiberCrop,FiberCropAEZ11,FiberCropAEZ11,2005,SO2_AWB,1.57461902120688e-06
India,FiberCrop,FiberCropAEZ12,FiberCropAEZ12,2005,SO2_AWB,1.44545437402747e-06
India,FiberCrop,FiberCropAEZ13,FiberCropAEZ13,2005,SO2_AWB,0
India,FiberCrop,FiberCropAEZ14,FiberCropAEZ14,2005,SO2_AWB,0
India,FiberCrop,FiberCropAEZ15,FiberCropAEZ15,2005,SO2_AWB,0
India,FiberCrop,FiberCropAEZ16,FiberCropAEZ16,2005,SO2_AWB,0
India,FodderGrass,FodderGrassAEZ01,FodderGrassAEZ01,2005,SO2_AWB,0.000120411249752344
India,FodderGrass,FodderGrassAEZ02,FodderGrassAEZ02,2005,SO2_AWB,0.000593497822470393
India,FodderGrass,FodderGrassAEZ03,FodderGrassAEZ03,2005,SO2_AWB,0.0035372008571657
India,FodderGrass,FodderGrassAEZ04,FodderGrassAEZ04,2005,SO2_AWB,0.0014787907735456
India,FodderGrass,FodderGrassAEZ05,FodderGrassAEZ05,2005,SO2_AWB,0.000290717921453076
India,FodderGrass,FodderGrassAEZ06,FodderGrassAEZ06,2005,SO2_AWB,7.55127959652085e-05
India,FodderGrass,FodderGrassAEZ07,FodderGrassAEZ07,2005,SO2_AWB,0.00029701089756217
India,FodderGrass,FodderGrassAEZ08,FodderGrassAEZ08,2005,SO2_AWB,0.000813368664974863
India,FodderGrass,FodderGrassAEZ09,FodderGrassAEZ09,2005,SO2_AWB,0.000628994560756487
India,FodderGrass,FodderGrassAEZ10,FodderGrassAEZ10,2005,SO2_AWB,6.47797991758573e-05
India,FodderGrass,FodderGrassAEZ11,FodderGrassAEZ11,2005,SO2_AWB,4.27994690186722e-05
India,FodderGrass,FodderGrassAEZ12,FodderGrassAEZ12,2005,SO2_AWB,2.68107445003105e-05
India,FodderGrass,FodderGrassAEZ13,FodderGrassAEZ13,2005,SO2_AWB,4.47944902573494e-07
India,FodderGrass,FodderGrassAEZ14,FodderGrassAEZ14,2005,SO2_AWB,5.06822207707485e-07
India,FodderGrass,FodderGrassAEZ15,FodderGrassAEZ15,2005,SO2_AWB,3.48224782166367e-06
India,FodderGrass,FodderGrassAEZ16,FodderGrassAEZ16,2005,SO2_AWB,1.34295066409984e-06
India,FodderHerb,FodderHerbAEZ01,FodderHerbAEZ01,2005,SO2_AWB,0
India,FodderHerb,FodderHerbAEZ02,FodderHerbAEZ02,2005,SO2_AWB,0
India,FodderHerb,FodderHerbAEZ03,FodderHerbAEZ03,2005,SO2_AWB,0
India,FodderHerb,FodderHerbAEZ04,FodderHerbAEZ04,2005,SO2_AWB,0
India,FodderHerb,FodderHerbAEZ05,FodderHerbAEZ05,2005,SO2_AWB,0
India,FodderHerb,FodderHerbAEZ06,FodderHerbAEZ06,2005,SO2_AWB,0
India,FodderHerb,FodderHerbAEZ07,FodderHerbAEZ07,2005,SO2_AWB,0
India,FodderHerb,FodderHerbAEZ08,FodderHerbAEZ08,2005,SO2_AWB,0
India,FodderHerb,FodderHerbAEZ09,FodderHerbAEZ09,2005,SO2_AWB,0
India,FodderHerb,FodderHerbAEZ10,FodderHerbAEZ10,2005,SO2_AWB,0
India,FodderHerb,FodderHerbAEZ11,FodderHerbAEZ11,2005,SO2_AWB,0
India,FodderHerb,FodderHerbAEZ12,FodderHerbAEZ12,2005,SO2_AWB,0
India,FodderHerb,FodderHerbAEZ13,FodderHerbAEZ13,2005,SO2_AWB,0
India,FodderHerb,FodderHerbAEZ14,FodderHerbAEZ14,2005,SO2_AWB,0
India,FodderHerb,FodderHerbAEZ15,FodderHerbAEZ15,2005,SO2_AWB,0
India,FodderHerb,FodderHerbAEZ16,FodderHerbAEZ16,2005,SO2_AWB,0
India,MiscCrop,MiscCropAEZ01,MiscCropAEZ01,2005,SO2_AWB,6.94093936940402e-05
India,MiscCrop,MiscCropAEZ02,MiscCropAEZ02,2005,SO2_AWB,0.000533090258378394
India,MiscCrop,MiscCropAEZ03,MiscCropAEZ03,2005,SO2_AWB,0.00390152791025065
India,MiscCrop,MiscCropAEZ04,MiscCropAEZ04,2005,SO2_AWB,0.00298200629795486
India,MiscCrop,MiscCropAEZ05,MiscCropAEZ05,2005,SO2_AWB,0.000724698814730693
India,MiscCrop,MiscCropAEZ06,MiscCropAEZ06,2005,SO2_AWB,0.00013389783112335
India,MiscCrop,MiscCropAEZ07,MiscCropAEZ07,2005,SO2_AWB,0.000106796888867428
India,MiscCrop,MiscCropAEZ08,MiscCropAEZ08,2005,SO2_AWB,0.000915565341969107
India,MiscCrop,MiscCropAEZ09,MiscCropAEZ09,2005,SO2_AWB,0.0016149907316432
India,MiscCrop,MiscCropAEZ10,MiscCropAEZ10,2005,SO2_AWB,0.000132680480184356
India,MiscCrop,MiscCropAEZ11,MiscCropAEZ11,2005,SO2_AWB,8.49905623846502e-05
India,MiscCrop,MiscCropAEZ12,MiscCropAEZ12,2005,SO2_AWB,4.48540489179601e-05
India,MiscCrop,MiscCropAEZ13,MiscCropAEZ13,2005,SO2_AWB,3.17105636870013e-07
India,MiscCrop,MiscCropAEZ14,MiscCropAEZ14,2005,SO2_AWB,2.24772785370101e-07
India,MiscCrop,MiscCropAEZ15,MiscCropAEZ15,2005,SO2_AWB,3.73649890408345e-06
India,MiscCrop,MiscCropAEZ16,MiscCropAEZ16,2005,SO2_AWB,1.02162452982508e-06
India,OilCrop,OilCropAEZ01,OilCropAEZ01,2005,SO2_AWB,1.48017320018642e-05
India,OilCrop,OilCropAEZ02,OilCropAEZ02,2005,SO2_AWB,0.000293111140554299
India,OilCrop,OilCropAEZ03,OilCropAEZ03,2005,SO2_AWB,0.000743669900985362
India,OilCrop,OilCropAEZ04,OilCropAEZ04,2005,SO2_AWB,0.000266685984736908
India,OilCrop,OilCropAEZ05,OilCropAEZ05,2005,SO2_AWB,2.8226888280097e-05
India,OilCrop,OilCropAEZ06,OilCropAEZ06,2005,SO2_AWB,9.3928251925313e-06
India,OilCrop,OilCropAEZ07,OilCropAEZ07,2005,SO2_AWB,5.12078940575222e-05
India,OilCrop,OilCropAEZ08,OilCropAEZ08,2005,SO2_AWB,0.000277565907382558
India,OilCrop,OilCropAEZ09,OilCropAEZ09,2005,SO2_AWB,0.000251876548552523
India,OilCrop,OilCropAEZ10,OilCropAEZ10,2005,SO2_AWB,5.52817896834866e-06
India,OilCrop,OilCropAEZ11,OilCropAEZ11,2005,SO2_AWB,2.26531500101785e-06
India,OilCrop,OilCropAEZ12,OilCropAEZ12,2005,SO2_AWB,1.76273598328353e-06
India,OilCrop,OilCropAEZ13,OilCropAEZ13,2005,SO2_AWB,2.14005070004206e-08
India,OilCrop,OilCropAEZ14,OilCropAEZ14,2005,SO2_AWB,1.06526968179871e-08
India,OilCrop,OilCropAEZ15,OilCropAEZ15,2005,SO2_AWB,1.80144712261318e-07
India,OilCrop,OilCropAEZ16,OilCropAEZ16,2005,SO2_AWB,1.89275595248164e-08
India,OtherGrain,OtherGrainAEZ01,OtherGrainAEZ01,2005,SO2_AWB,1.27140959870562e-05
India,OtherGrain,OtherGrainAEZ02,OtherGrainAEZ02,2005,SO2_AWB,0.000100783926309412
India,OtherGrain,OtherGrainAEZ03,OtherGrainAEZ03,2005,SO2_AWB,0.000734742423233096
India,OtherGrain,OtherGrainAEZ04,OtherGrainAEZ04,2005,SO2_AWB,0.000179660913144132
India,OtherGrain,OtherGrainAEZ05,OtherGrainAEZ05,2005,SO2_AWB,1.53667712650422e-05
India,OtherGrain,OtherGrainAEZ06,OtherGrainAEZ06,2005,SO2_AWB,3.10999434533166e-06
India,OtherGrain,OtherGrainAEZ07,OtherGrainAEZ07,2005,SO2_AWB,4.22843998436468e-05
India,OtherGrain,OtherGrainAEZ08,OtherGrainAEZ08,2005,SO2_AWB,0.000310844881712723
India,OtherGrain,OtherGrainAEZ09,OtherGrainAEZ09,2005,SO2_AWB,9.47168855293231e-05
India,OtherGrain,OtherGrainAEZ10,OtherGrainAEZ10,2005,SO2_AWB,9.60875588034639e-06
India,OtherGrain,OtherGrainAEZ11,OtherGrainAEZ11,2005,SO2_AWB,1.36065863655467e-05
India,OtherGrain,OtherGrainAEZ12,OtherGrainAEZ12,2005,SO2_AWB,8.37602460949837e-07
India,OtherGrain,OtherGrainAEZ13,OtherGrainAEZ13,2005,SO2_AWB,2.35119295897972e-08
India,OtherGrain,OtherGrainAEZ14,OtherGrainAEZ14,2005,SO2_AWB,2.75643270105642e-07
India,OtherGrain,OtherGrainAEZ15,OtherGrainAEZ15,2005,SO2_AWB,4.82676643285426e-07
India,OtherGrain,OtherGrainAEZ16,OtherGrainAEZ16,2005,SO2_AWB,8.29818648082221e-07
India,PalmFruit,PalmFruitAEZ01,PalmFruitAEZ01,2005,SO2_AWB,0
India,PalmFruit,PalmFruitAEZ02,PalmFruitAEZ02,2005,SO2_AWB,2.14448633573042e-05
India,PalmFruit,PalmFruitAEZ03,PalmFruitAEZ03,2005,SO2_AWB,0.000149296885146116
India,PalmFruit,PalmFruitAEZ04,PalmFruitAEZ04,2005,SO2_AWB,0.000218778263258269
India,PalmFruit,PalmFruitAEZ05,PalmFruitAEZ05,2005,SO2_AWB,0.000310652101854942
India,PalmFruit,PalmFruitAEZ06,PalmFruitAEZ06,2005,SO2_AWB,3.58658257785456e-06
India,PalmFruit,PalmFruitAEZ07,PalmFruitAEZ07,2005,SO2_AWB,0
India,PalmFruit,PalmFruitAEZ08,PalmFruitAEZ08,2005,SO2_AWB,0
India,PalmFruit,PalmFruitAEZ09,PalmFruitAEZ09,2005,SO2_AWB,3.05820509843825e-08
India,PalmFruit,PalmFruitAEZ10,PalmFruitAEZ10,2005,SO2_AWB,0
India,PalmFruit,PalmFruitAEZ11,PalmFruitAEZ11,2005,SO2_AWB,6.60378838166412e-07
India,PalmFruit,PalmFruitAEZ12,PalmFruitAEZ12,2005,SO2_AWB,3.38709236206593e-07
India,PalmFruit,PalmFruitAEZ13,PalmFruitAEZ13,2005,SO2_AWB,0
India,PalmFruit,PalmFruitAEZ14,PalmFruitAEZ14,2005,SO2_AWB,0
India,PalmFruit,PalmFruitAEZ15,PalmFruitAEZ15,2005,SO2_AWB,0
India,PalmFruit,PalmFruitAEZ16,PalmFruitAEZ16,2005,SO2_AWB,0
India,Rice,RiceAEZ01,RiceAEZ01,2005,SO2_AWB,5.8745994836189e-06
India,Rice,RiceAEZ02,RiceAEZ02,2005,SO2_AWB,0.000158252720265891
India,Rice,RiceAEZ03,RiceAEZ03,2005,SO2_AWB,0.00339755400967373
India,Rice,RiceAEZ04,RiceAEZ04,2005,SO2_AWB,0.00387744073952113
India,Rice,RiceAEZ05,RiceAEZ05,2005,SO2_AWB,0.000695185104246125
India,Rice,RiceAEZ06,RiceAEZ06,2005,SO2_AWB,0.00029570336514457
India,Rice,RiceAEZ07,RiceAEZ07,2005,SO2_AWB,7.65656652942701e-05
India,Rice,RiceAEZ08,RiceAEZ08,2005,SO2_AWB,0.000867856033196823
India,Rice,RiceAEZ09,RiceAEZ09,2005,SO2_AWB,0.000577157939185083
India,Rice,RiceAEZ10,RiceAEZ10,2005,SO2_AWB,0.000100896636314436
India,Rice,RiceAEZ11,RiceAEZ11,2005,SO2_AWB,8.16146369546071e-05
India,Rice,RiceAEZ12,RiceAEZ12,2005,SO2_AWB,5.81935733464898e-05
India,Rice,RiceAEZ13,RiceAEZ13,2005,SO2_AWB,1.16586764459705e-07
India,Rice,RiceAEZ14,RiceAEZ14,2005,SO2_AWB,4.54173339461503e-07
India,Rice,RiceAEZ15,RiceAEZ15,2005,SO2_AWB,3.29798516706563e-06
India,Rice,RiceAEZ16,RiceAEZ16,2005,SO2_AWB,7.29876846045264e-07
India,Root_Tuber,Root_TuberAEZ01,Root_TuberAEZ01,2005,SO2_AWB,3.92334722300415e-06
India,Root_Tuber,Root_TuberAEZ02,Root_TuberAEZ02,2005,SO2_AWB,5.39139208955904e-05
India,Root_Tuber,Root_TuberAEZ03,Root_TuberAEZ03,2005,SO2_AWB,0.00077478695674762
India,Root_Tuber,Root_TuberAEZ04,Root_TuberAEZ04,2005,SO2_AWB,0.000830480025573745
India,Root_Tuber,Root_TuberAEZ05,Root_TuberAEZ05,2005,SO2_AWB,0.000454514410057492
India,Root_Tuber,Root_TuberAEZ06,Root_TuberAEZ06,2005,SO2_AWB,3.29175561905611e-05
India,Root_Tuber,Root_TuberAEZ07,Root_TuberAEZ07,2005,SO2_AWB,2.55817881399825e-05
India,Root_Tuber,Root_TuberAEZ08,Root_TuberAEZ08,2005,SO2_AWB,0.000191322382013483
India,Root_Tuber,Root_TuberAEZ09,Root_TuberAEZ09,2005,SO2_AWB,0.00022742090519104
India,Root_Tuber,Root_TuberAEZ10,Root_TuberAEZ10,2005,SO2_AWB,2.16680810376467e-05
India,Root_Tuber,Root_TuberAEZ11,Root_TuberAEZ11,2005,SO2_AWB,4.3743320756735e-05
India,Root_Tuber,Root_TuberAEZ12,Root_TuberAEZ12,2005,SO2_AWB,1.47652089718039e-05
India,Root_Tuber,Root_TuberAEZ13,Root_TuberAEZ13,2005,SO2_AWB,2.70832824063663e-07
India,Root_Tuber,Root_TuberAEZ14,Root_TuberAEZ14,2005,SO2_AWB,1.31960519716714e-07
India,Root_Tuber,Root_TuberAEZ15,Root_TuberAEZ15,2005,SO2_AWB,4.2471097662099e-07
India,Root_Tuber,Root_TuberAEZ16,Root_TuberAEZ16,2005,SO2_AWB,6.78173394574455e-07
India,SugarCrop,SugarCropAEZ01,SugarCropAEZ01,2005,SO2_AWB,2.94624631295409e-05
India,SugarCrop,SugarCropAEZ02,SugarCropAEZ02,2005,SO2_AWB,0.000163504796758547
India,SugarCrop,SugarCropAEZ03,SugarCropAEZ03,2005,SO2_AWB,0.011409665316467
India,SugarCrop,SugarCropAEZ04,SugarCropAEZ04,2005,SO2_AWB,0.00398813687053372
India,SugarCrop,SugarCropAEZ05,SugarCropAEZ05,2005,SO2_AWB,0.00016288812799441
India,SugarCrop,SugarCropAEZ06,SugarCropAEZ06,2005,SO2_AWB,6.42252855100255e-05
India,SugarCrop,SugarCropAEZ07,SugarCropAEZ07,2005,SO2_AWB,3.22847626698312e-05
India,SugarCrop,SugarCropAEZ08,SugarCropAEZ08,2005,SO2_AWB,0.0013848125405251
India,SugarCrop,SugarCropAEZ09,SugarCropAEZ09,2005,SO2_AWB,0.00339416385223106
India,SugarCrop,SugarCropAEZ10,SugarCropAEZ10,2005,SO2_AWB,0.000234724857539128
India,SugarCrop,SugarCropAEZ11,SugarCropAEZ11,2005,SO2_AWB,8.26850642734349e-05
India,SugarCrop,SugarCropAEZ12,SugarCropAEZ12,2005,SO2_AWB,6.56821563429791e-06
India,SugarCrop,SugarCropAEZ13,SugarCropAEZ13,2005,SO2_AWB,2.71115320564173e-07
India,SugarCrop,SugarCropAEZ14,SugarCropAEZ14,2005,SO2_AWB,2.80967425079964e-08
India,SugarCrop,SugarCropAEZ15,SugarCropAEZ15,2005,SO2_AWB,0
India,SugarCrop,SugarCropAEZ16,SugarCropAEZ16,2005,SO2_AWB,0
India,Wheat,WheatAEZ01,WheatAEZ01,2005,SO2_AWB,1.16717633904805e-05
India,Wheat,WheatAEZ02,WheatAEZ02,2005,SO2_AWB,0.000129434076651763
India,Wheat,WheatAEZ03,WheatAEZ03,2005,SO2_AWB,0.00174691831189509
India,Wheat,WheatAEZ04,WheatAEZ04,2005,SO2_AWB,0.000325568799440828
India,Wheat,WheatAEZ05,WheatAEZ05,2005,SO2_AWB,2.06637036514979e-05
India,Wheat,WheatAEZ06,WheatAEZ06,2005,SO2_AWB,2.01808283040197e-06
India,Wheat,WheatAEZ07,WheatAEZ07,2005,SO2_AWB,0.000214533503974796
India,Wheat,WheatAEZ08,WheatAEZ08,2005,SO2_AWB,0.00172077957008217
India,Wheat,WheatAEZ09,WheatAEZ09,2005,SO2_AWB,0.000985193180144314
India,Wheat,WheatAEZ10,WheatAEZ10,2005,SO2_AWB,8.18671785901704e-05
India,Wheat,WheatAEZ11,WheatAEZ11,2005,SO2_AWB,3.62791991371992e-05
India,Wheat,WheatAEZ12,WheatAEZ12,2005,SO2_AWB,5.63432100210786e-06
India,Wheat,WheatAEZ13,WheatAEZ13,2005,SO2_AWB,1.05863442400818e-07
India,Wheat,WheatAEZ14,WheatAEZ14,2005,SO2_AWB,3.78287368238783e-07
India,Wheat,WheatAEZ15,WheatAEZ15,2005,SO2_AWB,7.42394587211972e-07
India,Wheat,WheatAEZ16,WheatAEZ16,2005,SO2_AWB,1.00934152418015e-06
Indonesia,Corn,CornAEZ04,CornAEZ04,2005,CH4_AWB,0.00177249397965306
Indonesia,Corn,CornAEZ05,CornAEZ05,2005,CH4_AWB,0.00312455897571725
Indonesia,Corn,CornAEZ06,CornAEZ06,2005,CH4_AWB,0.00551347851272668
Indonesia,FiberCrop,FiberCropAEZ04,FiberCropAEZ04,2005,CH4_AWB,1.73596908134654e-07
Indonesia,FiberCrop,FiberCropAEZ05,FiberCropAEZ05,2005,CH4_AWB,5.1131068185756e-07
Indonesia,FiberCrop,FiberCropAEZ06,FiberCropAEZ06,2005,CH4_AWB,6.20932593195204e-06
Indonesia,FodderGrass,FodderGrassAEZ04,FodderGrassAEZ04,2005,CH4_AWB,0
Indonesia,FodderGrass,FodderGrassAEZ05,FodderGrassAEZ05,2005,CH4_AWB,0
Indonesia,FodderGrass,FodderGrassAEZ06,FodderGrassAEZ06,2005,CH4_AWB,0
Indonesia,FodderHerb,FodderHerbAEZ04,FodderHerbAEZ04,2005,CH4_AWB,0
Indonesia,FodderHerb,FodderHerbAEZ05,FodderHerbAEZ05,2005,CH4_AWB,0
Indonesia,FodderHerb,FodderHerbAEZ06,FodderHerbAEZ06,2005,CH4_AWB,0
Indonesia,MiscCrop,MiscCropAEZ04,MiscCropAEZ04,2005,CH4_AWB,0.000544853845889284
Indonesia,MiscCrop,MiscCropAEZ05,MiscCropAEZ05,2005,CH4_AWB,0.00223837537662304
Indonesia,MiscCrop,MiscCropAEZ06,MiscCropAEZ06,2005,CH4_AWB,0.0189143610359912
Indonesia,OilCrop,OilCropAEZ04,OilCropAEZ04,2005,CH4_AWB,0.000127596457920985
Indonesia,OilCrop,OilCropAEZ05,OilCropAEZ05,2005,CH4_AWB,0.000360407498354726
Indonesia,OilCrop,OilCropAEZ06,OilCropAEZ06,2005,CH4_AWB,0.00152638240210407
Indonesia,OtherGrain,OtherGrainAEZ04,OtherGrainAEZ04,2005,CH4_AWB,0
Indonesia,OtherGrain,OtherGrainAEZ05,OtherGrainAEZ05,2005,CH4_AWB,0
Indonesia,OtherGrain,OtherGrainAEZ06,OtherGrainAEZ06,2005,CH4_AWB,0
Indonesia,PalmFruit,PalmFruitAEZ04,PalmFruitAEZ04,2005,CH4_AWB,0.00169653569968449
Indonesia,PalmFruit,PalmFruitAEZ05,PalmFruitAEZ05,2005,CH4_AWB,0.00480501641024915
Indonesia,PalmFruit,PalmFruitAEZ06,PalmFruitAEZ06,2005,CH4_AWB,0.0673210849410352
Indonesia,Rice,RiceAEZ04,RiceAEZ04,2005,CH4_AWB,0.00202383709142581
Indonesia,Rice,RiceAEZ05,RiceAEZ05,2005,CH4_AWB,0.0119820314759647
Indonesia,Rice,RiceAEZ06,RiceAEZ06,2005,CH4_AWB,0.032397475370171
Indonesia,Root_Tuber,Root_TuberAEZ04,Root_TuberAEZ04,2005,CH4_AWB,0.00185184640757307
Indonesia,Root_Tuber,Root_TuberAEZ05,Root_TuberAEZ05,2005,CH4_AWB,0.00478016789424086
Indonesia,Root_Tuber,Root_TuberAEZ06,Root_TuberAEZ06,2005,CH4_AWB,0.0128142999128964
Indonesia,SugarCrop,SugarCropAEZ04,SugarCropAEZ04,2005,CH4_AWB,0.000570736523965409
Indonesia,SugarCrop,SugarCropAEZ05,SugarCropAEZ05,2005,CH4_AWB,0.00163992820584604
Indonesia,SugarCrop,SugarCropAEZ06,SugarCropAEZ06,2005,CH4_AWB,0.0209876377484458
Indonesia,Wheat,WheatAEZ04,WheatAEZ04,2005,CH4_AWB,0
Indonesia,Wheat,WheatAEZ05,WheatAEZ05,2005,CH4_AWB,0
Indonesia,Wheat,WheatAEZ06,WheatAEZ06,2005,CH4_AWB,0
Indonesia,Corn,CornAEZ04,CornAEZ04,2005,CO_AWB,0.0808869080054873
Indonesia,Corn,CornAEZ05,CornAEZ05,2005,CO_AWB,0.142587742089838
Indonesia,Corn,CornAEZ06,CornAEZ06,2005,CO_AWB,0.251604933144228
Indonesia,FiberCrop,FiberCropAEZ04,FiberCropAEZ04,2005,CO_AWB,7.92201118847992e-06
Indonesia,FiberCrop,FiberCropAEZ05,FiberCropAEZ05,2005,CO_AWB,2.33334163954288e-05
Indonesia,FiberCrop,FiberCropAEZ06,FiberCropAEZ06,2005,CO_AWB,0.000283359594559639
Indonesia,FodderGrass,FodderGrassAEZ04,FodderGrassAEZ04,2005,CO_AWB,0
Indonesia,FodderGrass,FodderGrassAEZ05,FodderGrassAEZ05,2005,CO_AWB,0
Indonesia,FodderGrass,FodderGrassAEZ06,FodderGrassAEZ06,2005,CO_AWB,0
Indonesia,FodderHerb,FodderHerbAEZ04,FodderHerbAEZ04,2005,CO_AWB,0
Indonesia,FodderHerb,FodderHerbAEZ05,FodderHerbAEZ05,2005,CO_AWB,0
Indonesia,FodderHerb,FodderHerbAEZ06,FodderHerbAEZ06,2005,CO_AWB,0
Indonesia,MiscCrop,MiscCropAEZ04,MiscCropAEZ04,2005,CO_AWB,0.024864142510379
Indonesia,MiscCrop,MiscCropAEZ05,MiscCropAEZ05,2005,CO_AWB,0.102147180892595
Indonesia,MiscCrop,MiscCropAEZ06,MiscCropAEZ06,2005,CO_AWB,0.863147744738886
Indonesia,OilCrop,OilCropAEZ04,OilCropAEZ04,2005,CO_AWB,0.00582280282593736
Indonesia,OilCrop,OilCropAEZ05,OilCropAEZ05,2005,CO_AWB,0.0164470223868476
Indonesia,OilCrop,OilCropAEZ06,OilCropAEZ06,2005,CO_AWB,0.0696557248472874
Indonesia,OtherGrain,OtherGrainAEZ04,OtherGrainAEZ04,2005,CO_AWB,0
Indonesia,OtherGrain,OtherGrainAEZ05,OtherGrainAEZ05,2005,CO_AWB,0
Indonesia,OtherGrain,OtherGrainAEZ06,OtherGrainAEZ06,2005,CO_AWB,0
Indonesia,PalmFruit,PalmFruitAEZ04,PalmFruitAEZ04,2005,CO_AWB,0.0774205885287493
Indonesia,PalmFruit,PalmFruitAEZ05,PalmFruitAEZ05,2005,CO_AWB,0.219274606741827
Indonesia,PalmFruit,PalmFruitAEZ06,PalmFruitAEZ06,2005,CO_AWB,3.07216524680155
Indonesia,Rice,RiceAEZ04,RiceAEZ04,2005,CO_AWB,0.0923568297051677
Indonesia,Rice,RiceAEZ05,RiceAEZ05,2005,CO_AWB,0.546794228268641
Indonesia,Rice,RiceAEZ06,RiceAEZ06,2005,CO_AWB,1.47844316536973
Indonesia,Root_Tuber,Root_TuberAEZ04,Root_TuberAEZ04,2005,CO_AWB,0.0845081177872176
Indonesia,Root_Tuber,Root_TuberAEZ05,Root_TuberAEZ05,2005,CO_AWB,0.218140656696575
Indonesia,Root_Tuber,Root_TuberAEZ06,Root_TuberAEZ06,2005,CO_AWB,0.584774397040297
Indonesia,SugarCrop,SugarCropAEZ04,SugarCropAEZ04,2005,CO_AWB,0.0260452860428884
Indonesia,SugarCrop,SugarCropAEZ05,SugarCropAEZ05,2005,CO_AWB,0.0748373328454612
Indonesia,SugarCrop,SugarCropAEZ06,SugarCropAEZ06,2005,CO_AWB,0.957760727708261
Indonesia,Wheat,WheatAEZ04,WheatAEZ04,2005,CO_AWB,0
Indonesia,Wheat,WheatAEZ05,WheatAEZ05,2005,CO_AWB,0
Indonesia,Wheat,WheatAEZ06,WheatAEZ06,2005,CO_AWB,0
Indonesia,Corn,CornAEZ04,CornAEZ04,2005,N2O_AWB,4.5886899980866e-05
Indonesia,Corn,CornAEZ05,CornAEZ05,2005,N2O_AWB,8.08895978485175e-05
Indonesia,Corn,CornAEZ06,CornAEZ06,2005,N2O_AWB,0.000142734722918305
Indonesia,FiberCrop,FiberCropAEZ04,FiberCropAEZ04,2005,N2O_AWB,4.49413315475501e-09
Indonesia,FiberCrop,FiberCropAEZ05,FiberCropAEZ05,2005,N2O_AWB,1.3236977043013e-08
Indonesia,FiberCrop,FiberCropAEZ06,FiberCropAEZ06,2005,N2O_AWB,1.60749046969317e-07
Indonesia,FodderGrass,FodderGrassAEZ04,FodderGrassAEZ04,2005,N2O_AWB,0
Indonesia,FodderGrass,FodderGrassAEZ05,FodderGrassAEZ05,2005,N2O_AWB,0
Indonesia,FodderGrass,FodderGrassAEZ06,FodderGrassAEZ06,2005,N2O_AWB,0
Indonesia,FodderHerb,FodderHerbAEZ04,FodderHerbAEZ04,2005,N2O_AWB,0
Indonesia,FodderHerb,FodderHerbAEZ05,FodderHerbAEZ05,2005,N2O_AWB,0
Indonesia,FodderHerb,FodderHerbAEZ06,FodderHerbAEZ06,2005,N2O_AWB,0
Indonesia,MiscCrop,MiscCropAEZ04,MiscCropAEZ04,2005,N2O_AWB,1.41053533707378e-05
Indonesia,MiscCrop,MiscCropAEZ05,MiscCropAEZ05,2005,N2O_AWB,5.79477889379569e-05
Indonesia,MiscCrop,MiscCropAEZ06,MiscCropAEZ06,2005,N2O_AWB,0.000489661123266776
Indonesia,OilCrop,OilCropAEZ04,OilCropAEZ04,2005,N2O_AWB,3.30325855531485e-06
Indonesia,OilCrop,OilCropAEZ05,OilCropAEZ05,2005,N2O_AWB,9.33034640410711e-06
Indonesia,OilCrop,OilCropAEZ06,OilCropAEZ06,2005,N2O_AWB,3.95154835062476e-05
Indonesia,OtherGrain,OtherGrainAEZ04,OtherGrainAEZ04,2005,N2O_AWB,0
Indonesia,OtherGrain,OtherGrainAEZ05,OtherGrainAEZ05,2005,N2O_AWB,0
Indonesia,OtherGrain,OtherGrainAEZ06,OtherGrainAEZ06,2005,N2O_AWB,0
Indonesia,PalmFruit,PalmFruitAEZ04,PalmFruitAEZ04,2005,N2O_AWB,4.39204673522382e-05
Indonesia,PalmFruit,PalmFruitAEZ05,PalmFruitAEZ05,2005,N2O_AWB,0.00012439382584909
Indonesia,PalmFruit,PalmFruitAEZ06,PalmFruitAEZ06,2005,N2O_AWB,0.00174283011776284
Indonesia,Rice,RiceAEZ04,RiceAEZ04,2005,N2O_AWB,5.2393752113054e-05
Indonesia,Rice,RiceAEZ05,RiceAEZ05,2005,N2O_AWB,0.00031019472348944
Indonesia,Rice,RiceAEZ06,RiceAEZ06,2005,N2O_AWB,0.000838716367451127
Indonesia,Root_Tuber,Root_TuberAEZ04,Root_TuberAEZ04,2005,N2O_AWB,4.79412014143281e-05
Indonesia,Root_Tuber,Root_TuberAEZ05,Root_TuberAEZ05,2005,N2O_AWB,0.000123750539394053
Indonesia,Root_Tuber,Root_TuberAEZ06,Root_TuberAEZ06,2005,N2O_AWB,0.000331740759166353
Indonesia,SugarCrop,SugarCropAEZ04,SugarCropAEZ04,2005,N2O_AWB,1.47754125493583e-05
Indonesia,SugarCrop,SugarCropAEZ05,SugarCropAEZ05,2005,N2O_AWB,4.24549941614964e-05
Indonesia,SugarCrop,SugarCropAEZ06,SugarCropAEZ06,2005,N2O_AWB,0.000543334784350626
Indonesia,Wheat,WheatAEZ04,WheatAEZ04,2005,N2O_AWB,0
Indonesia,Wheat,WheatAEZ05,WheatAEZ05,2005,N2O_AWB,0
Indonesia,Wheat,WheatAEZ06,WheatAEZ06,2005,N2O_AWB,0
Indonesia,Corn,CornAEZ04,CornAEZ04,2005,NH3_AWB,0.0008520567506251
Indonesia,Corn,CornAEZ05,CornAEZ05,2005,NH3_AWB,0.00150200880710875
Indonesia,Corn,CornAEZ06,CornAEZ06,2005,NH3_AWB,0.00265038789418892
Indonesia,FiberCrop,FiberCropAEZ04,FiberCropAEZ04,2005,NH3_AWB,8.34498842657451e-08
Indonesia,FiberCrop,FiberCropAEZ05,FiberCropAEZ05,2005,NH3_AWB,2.45792495288888e-07
Indonesia,FiberCrop,FiberCropAEZ06,FiberCropAEZ06,2005,NH3_AWB,2.98488916627339e-06
Indonesia,FodderGrass,FodderGrassAEZ04,FodderGrassAEZ04,2005,NH3_AWB,0
Indonesia,FodderGrass,FodderGrassAEZ05,FodderGrassAEZ05,2005,NH3_AWB,0
Indonesia,FodderGrass,FodderGrassAEZ06,FodderGrassAEZ06,2005,NH3_AWB,0
Indonesia,FodderHerb,FodderHerbAEZ04,FodderHerbAEZ04,2005,NH3_AWB,0
Indonesia,FodderHerb,FodderHerbAEZ05,FodderHerbAEZ05,2005,NH3_AWB,0
Indonesia,FodderHerb,FodderHerbAEZ06,FodderHerbAEZ06,2005,NH3_AWB,0
Indonesia,MiscCrop,MiscCropAEZ04,MiscCropAEZ04,2005,NH3_AWB,0.000261917051805661
Indonesia,MiscCrop,MiscCropAEZ05,MiscCropAEZ05,2005,NH3_AWB,0.00107601090439696
Indonesia,MiscCrop,MiscCropAEZ06,MiscCropAEZ06,2005,NH3_AWB,0.00909233497516936
Indonesia,OilCrop,OilCropAEZ04,OilCropAEZ04,2005,NH3_AWB,6.13369774879052e-05
Indonesia,OilCrop,OilCropAEZ05,OilCropAEZ05,2005,NH3_AWB,0.00017325172636646
Indonesia,OilCrop,OilCropAEZ06,OilCropAEZ06,2005,NH3_AWB,0.000733748291772872
Indonesia,OtherGrain,OtherGrainAEZ04,OtherGrainAEZ04,2005,NH3_AWB,0
Indonesia,OtherGrain,OtherGrainAEZ05,OtherGrainAEZ05,2005,NH3_AWB,0
Indonesia,OtherGrain,OtherGrainAEZ06,OtherGrainAEZ06,2005,NH3_AWB,0
Indonesia,PalmFruit,PalmFruitAEZ04,PalmFruitAEZ04,2005,NH3_AWB,0.000815542795736658
Indonesia,PalmFruit,PalmFruitAEZ05,PalmFruitAEZ05,2005,NH3_AWB,0.00230982260939388
Indonesia,PalmFruit,PalmFruitAEZ06,PalmFruitAEZ06,2005,NH3_AWB,0.0323619631670865
Indonesia,Rice,RiceAEZ04,RiceAEZ04,2005,NH3_AWB,0.000972880063746316
Indonesia,Rice,RiceAEZ05,RiceAEZ05,2005,NH3_AWB,0.0057598902577353
Indonesia,Rice,RiceAEZ06,RiceAEZ06,2005,NH3_AWB,0.0155738117642396
Indonesia,Root_Tuber,Root_TuberAEZ04,Root_TuberAEZ04,2005,NH3_AWB,0.000890202308615073
Indonesia,Root_Tuber,Root_TuberAEZ05,Root_TuberAEZ05,2005,NH3_AWB,0.00229787766286604
Indonesia,Root_Tuber,Root_TuberAEZ06,Root_TuberAEZ06,2005,NH3_AWB,0.00615997056726542
Indonesia,SugarCrop,SugarCropAEZ04,SugarCropAEZ04,2005,NH3_AWB,0.000274359131063575
Indonesia,SugarCrop,SugarCropAEZ05,SugarCropAEZ05,2005,NH3_AWB,0.000788330970018374
Indonesia,SugarCrop,SugarCropAEZ06,SugarCropAEZ06,2005,NH3_AWB,0.0100889811917656
Indonesia,Wheat,WheatAEZ04,WheatAEZ04,2005,NH3_AWB,0
Indonesia,Wheat,WheatAEZ05,WheatAEZ05,2005,NH3_AWB,0
Indonesia,Wheat,WheatAEZ06,WheatAEZ06,2005,NH3_AWB,0
Indonesia,Corn,CornAEZ04,CornAEZ04,2005,NMVOC_AWB,0.0045886899980866
Indonesia,Corn,CornAEZ05,CornAEZ05,2005,NMVOC_AWB,0.00808895978485176
Indonesia,Corn,CornAEZ06,CornAEZ06,2005,NMVOC_AWB,0.0142734722918305
Indonesia,FiberCrop,FiberCropAEZ04,FiberCropAEZ04,2005,NMVOC_AWB,4.49413315475501e-07
Indonesia,FiberCrop,FiberCropAEZ05,FiberCropAEZ05,2005,NMVOC_AWB,1.3236977043013e-06
Indonesia,FiberCrop,FiberCropAEZ06,FiberCropAEZ06,2005,NMVOC_AWB,1.60749046969317e-05
Indonesia,FodderGrass,FodderGrassAEZ04,FodderGrassAEZ04,2005,NMVOC_AWB,0
Indonesia,FodderGrass,FodderGrassAEZ05,FodderGrassAEZ05,2005,NMVOC_AWB,0
Indonesia,FodderGrass,FodderGrassAEZ06,FodderGrassAEZ06,2005,NMVOC_AWB,0
Indonesia,FodderHerb,FodderHerbAEZ04,FodderHerbAEZ04,2005,NMVOC_AWB,0
Indonesia,FodderHerb,FodderHerbAEZ05,FodderHerbAEZ05,2005,NMVOC_AWB,0
Indonesia,FodderHerb,FodderHerbAEZ06,FodderHerbAEZ06,2005,NMVOC_AWB,0
Indonesia,MiscCrop,MiscCropAEZ04,MiscCropAEZ04,2005,NMVOC_AWB,0.00141053533707378
Indonesia,MiscCrop,MiscCropAEZ05,MiscCropAEZ05,2005,NMVOC_AWB,0.00579477889379569
Indonesia,MiscCrop,MiscCropAEZ06,MiscCropAEZ06,2005,NMVOC_AWB,0.0489661123266776
Indonesia,OilCrop,OilCropAEZ04,OilCropAEZ04,2005,NMVOC_AWB,0.000330325855531485
Indonesia,OilCrop,OilCropAEZ05,OilCropAEZ05,2005,NMVOC_AWB,0.000933034640410711
Indonesia,OilCrop,OilCropAEZ06,OilCropAEZ06,2005,NMVOC_AWB,0.00395154835062476
Indonesia,OtherGrain,OtherGrainAEZ04,OtherGrainAEZ04,2005,NMVOC_AWB,0
Indonesia,OtherGrain,OtherGrainAEZ05,OtherGrainAEZ05,2005,NMVOC_AWB,0
Indonesia,OtherGrain,OtherGrainAEZ06,OtherGrainAEZ06,2005,NMVOC_AWB,0
Indonesia,PalmFruit,PalmFruitAEZ04,PalmFruitAEZ04,2005,NMVOC_AWB,0.00439204673522382
Indonesia,PalmFruit,PalmFruitAEZ05,PalmFruitAEZ05,2005,NMVOC_AWB,0.012439382584909
Indonesia,PalmFruit,PalmFruitAEZ06,PalmFruitAEZ06,2005,NMVOC_AWB,0.174283011776284
Indonesia,Rice,RiceAEZ04,RiceAEZ04,2005,NMVOC_AWB,0.0052393752113054
Indonesia,Rice,RiceAEZ05,RiceAEZ05,2005,NMVOC_AWB,0.0310194723489441
Indonesia,Rice,RiceAEZ06,RiceAEZ06,2005,NMVOC_AWB,0.0838716367451127
Indonesia,Root_Tuber,Root_TuberAEZ04,Root_TuberAEZ04,2005,NMVOC_AWB,0.00479412014143281
Indonesia,Root_Tuber,Root_TuberAEZ05,Root_TuberAEZ05,2005,NMVOC_AWB,0.0123750539394053
Indonesia,Root_Tuber,Root_TuberAEZ06,Root_TuberAEZ06,2005,NMVOC_AWB,0.0331740759166353
Indonesia,SugarCrop,SugarCropAEZ04,SugarCropAEZ04,2005,NMVOC_AWB,0.00147754125493583
Indonesia,SugarCrop,SugarCropAEZ05,SugarCropAEZ05,2005,NMVOC_AWB,0.00424549941614964
Indonesia,SugarCrop,SugarCropAEZ06,SugarCropAEZ06,2005,NMVOC_AWB,0.0543334784350626
Indonesia,Wheat,WheatAEZ04,WheatAEZ04,2005,NMVOC_AWB,0
Indonesia,Wheat,WheatAEZ05,WheatAEZ05,2005,NMVOC_AWB,0
Indonesia,Wheat,WheatAEZ06,WheatAEZ06,2005,NMVOC_AWB,0
Indonesia,Corn,CornAEZ04,CornAEZ04,2005,NOx_AWB,0.00249228848915684
Indonesia,Corn,CornAEZ05,CornAEZ05,2005,NOx_AWB,0.00439341541255674
Indonesia,Corn,CornAEZ06,CornAEZ06,2005,NOx_AWB,0.00775245455850402
Indonesia,FiberCrop,FiberCropAEZ04,FiberCropAEZ04,2005,NOx_AWB,2.44093114483753e-07
Indonesia,FiberCrop,FiberCropAEZ05,FiberCropAEZ05,2005,NOx_AWB,7.18949537434235e-07
Indonesia,FiberCrop,FiberCropAEZ06,FiberCropAEZ06,2005,NOx_AWB,8.73087960990211e-06
Indonesia,FodderGrass,FodderGrassAEZ04,FodderGrassAEZ04,2005,NOx_AWB,0
Indonesia,FodderGrass,FodderGrassAEZ05,FodderGrassAEZ05,2005,NOx_AWB,0
Indonesia,FodderGrass,FodderGrassAEZ06,FodderGrassAEZ06,2005,NOx_AWB,0
Indonesia,FodderHerb,FodderHerbAEZ04,FodderHerbAEZ04,2005,NOx_AWB,0
Indonesia,FodderHerb,FodderHerbAEZ05,FodderHerbAEZ05,2005,NOx_AWB,0
Indonesia,FodderHerb,FodderHerbAEZ06,FodderHerbAEZ06,2005,NOx_AWB,0
Indonesia,MiscCrop,MiscCropAEZ04,MiscCropAEZ04,2005,NOx_AWB,0.000766114290920466
Indonesia,MiscCrop,MiscCropAEZ05,MiscCropAEZ05,2005,NOx_AWB,0.00314736030114001
Indonesia,MiscCrop,MiscCropAEZ06,MiscCropAEZ06,2005,NOx_AWB,0.0265953198323328
Indonesia,OilCrop,OilCropAEZ04,OilCropAEZ04,2005,NOx_AWB,0.000179412278396513
Indonesia,OilCrop,OilCropAEZ05,OilCropAEZ05,2005,NOx_AWB,0.000506765873321112
Indonesia,OilCrop,OilCropAEZ06,OilCropAEZ06,2005,NOx_AWB,0.0021462331237707
Indonesia,OtherGrain,OtherGrainAEZ04,OtherGrainAEZ04,2005,NOx_AWB,0
Indonesia,OtherGrain,OtherGrainAEZ05,OtherGrainAEZ05,2005,NOx_AWB,0
Indonesia,OtherGrain,OtherGrainAEZ06,OtherGrainAEZ06,2005,NOx_AWB,0
Indonesia,PalmFruit,PalmFruitAEZ04,PalmFruitAEZ04,2005,NOx_AWB,0.00238548420717058
Indonesia,PalmFruit,PalmFruitAEZ05,PalmFruitAEZ05,2005,NOx_AWB,0.00675629210984272
Indonesia,PalmFruit,PalmFruitAEZ06,PalmFruitAEZ06,2005,NOx_AWB,0.094659596592217
Indonesia,Rice,RiceAEZ04,RiceAEZ04,2005,NOx_AWB,0.00284569986966979
Indonesia,Rice,RiceAEZ05,RiceAEZ05,2005,NOx_AWB,0.0168478310601128
Indonesia,Rice,RiceAEZ06,RiceAEZ06,2005,NOx_AWB,0.0455538105458749
Indonesia,Root_Tuber,Root_TuberAEZ04,Root_TuberAEZ04,2005,NOx_AWB,0.00260386525328802
Indonesia,Root_Tuber,Root_TuberAEZ05,Root_TuberAEZ05,2005,NOx_AWB,0.00672135282591227
Indonesia,Root_Tuber,Root_TuberAEZ06,Root_TuberAEZ06,2005,NOx_AWB,0.0180180765272706
Indonesia,SugarCrop,SugarCropAEZ04,SugarCropAEZ04,2005,NOx_AWB,0.000802507701210245
Indonesia,SugarCrop,SugarCropAEZ05,SugarCropAEZ05,2005,NOx_AWB,0.00230588889857539
Indonesia,SugarCrop,SugarCropAEZ06,SugarCropAEZ06,2005,NOx_AWB,0.0295105363264948
Indonesia,Wheat,WheatAEZ04,WheatAEZ04,2005,NOx_AWB,0
Indonesia,Wheat,WheatAEZ05,WheatAEZ05,2005,NOx_AWB,0
Indonesia,Wheat,WheatAEZ06,WheatAEZ06,2005,NOx_AWB,0
Indonesia,Corn,CornAEZ04,CornAEZ04,2005,SO2_AWB,0.000493958982146969
Indonesia,Corn,CornAEZ05,CornAEZ05,2005,SO2_AWB,0.000870752729781101
Indonesia,Corn,CornAEZ06,CornAEZ06,2005,SO2_AWB,0.0015364973114147
Indonesia,FiberCrop,FiberCropAEZ04,FiberCropAEZ04,2005,SO2_AWB,4.83780216070687e-08
Indonesia,FiberCrop,FiberCropAEZ05,FiberCropAEZ05,2005,SO2_AWB,1.42492164639493e-07
Indonesia,FiberCrop,FiberCropAEZ06,FiberCropAEZ06,2005,SO2_AWB,1.73041621149323e-06
Indonesia,FodderGrass,FodderGrassAEZ04,FodderGrassAEZ04,2005,SO2_AWB,0
Indonesia,FodderGrass,FodderGrassAEZ05,FodderGrassAEZ05,2005,SO2_AWB,0
Indonesia,FodderGrass,FodderGrassAEZ06,FodderGrassAEZ06,2005,SO2_AWB,0
Indonesia,FodderHerb,FodderHerbAEZ04,FodderHerbAEZ04,2005,SO2_AWB,0
Indonesia,FodderHerb,FodderHerbAEZ05,FodderHerbAEZ05,2005,SO2_AWB,0
Indonesia,FodderHerb,FodderHerbAEZ06,FodderHerbAEZ06,2005,SO2_AWB,0
Indonesia,MiscCrop,MiscCropAEZ04,MiscCropAEZ04,2005,SO2_AWB,0.000151839980402648
Indonesia,MiscCrop,MiscCropAEZ05,MiscCropAEZ05,2005,SO2_AWB,0.000623790904449771
Indonesia,MiscCrop,MiscCropAEZ06,MiscCropAEZ06,2005,SO2_AWB,0.00527105797398941
Indonesia,OilCrop,OilCropAEZ04,OilCropAEZ04,2005,SO2_AWB,3.55586068013305e-05
Indonesia,OilCrop,OilCropAEZ05,OilCropAEZ05,2005,SO2_AWB,0.000100438434820682
Indonesia,OilCrop,OilCropAEZ06,OilCropAEZ06,2005,SO2_AWB,0.000425372557743724
Indonesia,OtherGrain,OtherGrainAEZ04,OtherGrainAEZ04,2005,SO2_AWB,0
Indonesia,OtherGrain,OtherGrainAEZ05,OtherGrainAEZ05,2005,SO2_AWB,0
Indonesia,OtherGrain,OtherGrainAEZ06,OtherGrainAEZ06,2005,SO2_AWB,0
Indonesia,PalmFruit,PalmFruitAEZ04,PalmFruitAEZ04,2005,SO2_AWB,0.000472790913262329
Indonesia,PalmFruit,PalmFruitAEZ05,PalmFruitAEZ05,2005,SO2_AWB,0.00133906294884608
Indonesia,PalmFruit,PalmFruitAEZ06,PalmFruitAEZ06,2005,SO2_AWB,0.0187610536206235
Indonesia,Rice,RiceAEZ04,RiceAEZ04,2005,SO2_AWB,0.000564003331569934
Indonesia,Rice,RiceAEZ05,RiceAEZ05,2005,SO2_AWB,0.00333915496462162
Indonesia,Rice,RiceAEZ06,RiceAEZ06,2005,SO2_AWB,0.00902853501432684
Indonesia,Root_Tuber,Root_TuberAEZ04,Root_TuberAEZ04,2005,SO2_AWB,0.000516072932871885
Indonesia,Root_Tuber,Root_TuberAEZ05,Root_TuberAEZ05,2005,SO2_AWB,0.00133213815935951
Indonesia,Root_Tuber,Root_TuberAEZ06,Root_TuberAEZ06,2005,SO2_AWB,0.00357109170161427
Indonesia,SugarCrop,SugarCropAEZ04,SugarCropAEZ04,2005,SO2_AWB,0.000159052970384269
Indonesia,SugarCrop,SugarCropAEZ05,SugarCropAEZ05,2005,SO2_AWB,0.00045701552538552
Indonesia,SugarCrop,SugarCropAEZ06,SugarCropAEZ06,2005,SO2_AWB,0.00584883914918615
Indonesia,Wheat,WheatAEZ04,WheatAEZ04,2005,SO2_AWB,0
Indonesia,Wheat,WheatAEZ05,WheatAEZ05,2005,SO2_AWB,0
Indonesia,Wheat,WheatAEZ06,WheatAEZ06,2005,SO2_AWB,0
Japan,Corn,CornAEZ09,CornAEZ09,2005,CH4_AWB,1.10686905777955e-07
Japan,Corn,CornAEZ10,CornAEZ10,2005,CH4_AWB,1.22469203180013e-06
Japan,Corn,CornAEZ11,CornAEZ11,2005,CH4_AWB,9.47540115925925e-07
Japan,Corn,CornAEZ12,CornAEZ12,2005,CH4_AWB,6.36277793851942e-07
Japan,Corn,CornAEZ15,CornAEZ15,2005,CH4_AWB,5.38319038884933e-08
Japan,FiberCrop,FiberCropAEZ09,FiberCropAEZ09,2005,CH4_AWB,0
Japan,FiberCrop,FiberCropAEZ10,FiberCropAEZ10,2005,CH4_AWB,0
Japan,FiberCrop,FiberCropAEZ11,FiberCropAEZ11,2005,CH4_AWB,0
Japan,FiberCrop,FiberCropAEZ12,FiberCropAEZ12,2005,CH4_AWB,0
Japan,FiberCrop,FiberCropAEZ15,FiberCropAEZ15,2005,CH4_AWB,0
Japan,FodderGrass,FodderGrassAEZ09,FodderGrassAEZ09,2005,CH4_AWB,4.64578635484383e-06
Japan,FodderGrass,FodderGrassAEZ10,FodderGrassAEZ10,2005,CH4_AWB,6.06093944169008e-05
Japan,FodderGrass,FodderGrassAEZ11,FodderGrassAEZ11,2005,CH4_AWB,4.85821682752738e-05
Japan,FodderGrass,FodderGrassAEZ12,FodderGrassAEZ12,2005,CH4_AWB,3.38639516439884e-05
Japan,FodderGrass,FodderGrassAEZ15,FodderGrassAEZ15,2005,CH4_AWB,2.5277957906277e-06
Japan,FodderHerb,FodderHerbAEZ09,FodderHerbAEZ09,2005,CH4_AWB,2.29061871188435e-06
Japan,FodderHerb,FodderHerbAEZ10,FodderHerbAEZ10,2005,CH4_AWB,2.82475491103274e-05
Japan,FodderHerb,FodderHerbAEZ11,FodderHerbAEZ11,2005,CH4_AWB,2.2621166569279e-05
Japan,FodderHerb,FodderHerbAEZ12,FodderHerbAEZ12,2005,CH4_AWB,1.55196459796655e-05
Japan,FodderHerb,FodderHerbAEZ15,FodderHerbAEZ15,2005,CH4_AWB,1.22263713964208e-06
Japan,MiscCrop,MiscCropAEZ09,MiscCropAEZ09,2005,CH4_AWB,6.3632750884853e-06
Japan,MiscCrop,MiscCropAEZ10,MiscCropAEZ10,2005,CH4_AWB,7.4145038595723e-05
Japan,MiscCrop,MiscCropAEZ11,MiscCropAEZ11,2005,CH4_AWB,5.84366312338174e-05
Japan,MiscCrop,MiscCropAEZ12,MiscCropAEZ12,2005,CH4_AWB,3.73441924934047e-05
Japan,MiscCrop,MiscCropAEZ15,MiscCropAEZ15,2005,CH4_AWB,3.39950816725673e-06
Japan,OilCrop,OilCropAEZ09,OilCropAEZ09,2005,CH4_AWB,6.26419385690464e-08
Japan,OilCrop,OilCropAEZ10,OilCropAEZ10,2005,CH4_AWB,9.28634598164055e-07
Japan,OilCrop,OilCropAEZ11,OilCropAEZ11,2005,CH4_AWB,8.9938617709475e-07
Japan,OilCrop,OilCropAEZ12,OilCropAEZ12,2005,CH4_AWB,8.43360876410653e-07
Japan,OilCrop,OilCropAEZ15,OilCropAEZ15,2005,CH4_AWB,3.35708478283157e-08
Japan,OtherGrain,OtherGrainAEZ09,OtherGrainAEZ09,2005,CH4_AWB,8.36300847014042e-08
Japan,OtherGrain,OtherGrainAEZ10,OtherGrainAEZ10,2005,CH4_AWB,1.03015955757551e-06
Japan,OtherGrain,OtherGrainAEZ11,OtherGrainAEZ11,2005,CH4_AWB,8.28546983966423e-07
Japan,OtherGrain,OtherGrainAEZ12,OtherGrainAEZ12,2005,CH4_AWB,5.75108511959234e-07
Japan,OtherGrain,OtherGrainAEZ15,OtherGrainAEZ15,2005,CH4_AWB,4.54553536406646e-08
Japan,PalmFruit,PalmFruitAEZ09,PalmFruitAEZ09,2005,CH4_AWB,0
Japan,PalmFruit,PalmFruitAEZ10,PalmFruitAEZ10,2005,CH4_AWB,0
Japan,PalmFruit,PalmFruitAEZ11,PalmFruitAEZ11,2005,CH4_AWB,0
Japan,PalmFruit,PalmFruitAEZ12,PalmFruitAEZ12,2005,CH4_AWB,0
Japan,PalmFruit,PalmFruitAEZ15,PalmFruitAEZ15,2005,CH4_AWB,0
Japan,Rice,RiceAEZ09,RiceAEZ09,2005,CH4_AWB,1.28900888564779e-06
Japan,Rice,RiceAEZ10,RiceAEZ10,2005,CH4_AWB,4.10566425346439e-05
Japan,Rice,RiceAEZ11,RiceAEZ11,2005,CH4_AWB,5.19110012158727e-05
Japan,Rice,RiceAEZ12,RiceAEZ12,2005,CH4_AWB,3.01842579862655e-05
Japan,Rice,RiceAEZ15,RiceAEZ15,2005,CH4_AWB,7.02124492209457e-07
Japan,Root_Tuber,Root_TuberAEZ09,Root_TuberAEZ09,2005,CH4_AWB,1.19809274470703e-06
Japan,Root_Tuber,Root_TuberAEZ10,Root_TuberAEZ10,2005,CH4_AWB,1.52023789183664e-05
Japan,Root_Tuber,Root_TuberAEZ11,Root_TuberAEZ11,2005,CH4_AWB,1.48481080167139e-05
Japan,Root_Tuber,Root_TuberAEZ12,Root_TuberAEZ12,2005,CH4_AWB,1.76907436766432e-05
Japan,Root_Tuber,Root_TuberAEZ15,Root_TuberAEZ15,2005,CH4_AWB,6.45877561944633e-07
Japan,SugarCrop,SugarCropAEZ09,SugarCropAEZ09,2005,CH4_AWB,1.72590123220018e-06
Japan,SugarCrop,SugarCropAEZ10,SugarCropAEZ10,2005,CH4_AWB,2.16169904701933e-05
Japan,SugarCrop,SugarCropAEZ11,SugarCropAEZ11,2005,CH4_AWB,1.82502969626043e-05
Japan,SugarCrop,SugarCropAEZ12,SugarCropAEZ12,2005,CH4_AWB,2.2488393305412e-05
Japan,SugarCrop,SugarCropAEZ15,SugarCropAEZ15,2005,CH4_AWB,9.35248523437395e-07
Japan,Wheat,WheatAEZ09,WheatAEZ09,2005,CH4_AWB,8.65324098239934e-07
Japan,Wheat,WheatAEZ10,WheatAEZ10,2005,CH4_AWB,5.7007526361896e-06
Japan,Wheat,WheatAEZ11,WheatAEZ11,2005,CH4_AWB,1.46263390827309e-06
Japan,Wheat,WheatAEZ12,WheatAEZ12,2005,CH4_AWB,1.63237675802906e-06
Japan,Wheat,WheatAEZ15,WheatAEZ15,2005,CH4_AWB,4.70962820132207e-07
Japan,Corn,CornAEZ09,CornAEZ09,2005,CO_AWB,4.82783312435761e-06
Japan,Corn,CornAEZ10,CornAEZ10,2005,CO_AWB,5.34174184083036e-05
Japan,Corn,CornAEZ11,CornAEZ11,2005,CO_AWB,4.13288773967691e-05
Japan,Corn,CornAEZ12,CornAEZ12,2005,CO_AWB,2.77525420722656e-05
Japan,Corn,CornAEZ15,CornAEZ15,2005,CO_AWB,2.34798729726407e-06
Japan,FiberCrop,FiberCropAEZ09,FiberCropAEZ09,2005,CO_AWB,0
Japan,FiberCrop,FiberCropAEZ10,FiberCropAEZ10,2005,CO_AWB,0
Japan,FiberCrop,FiberCropAEZ11,FiberCropAEZ11,2005,CO_AWB,0
Japan,FiberCrop,FiberCropAEZ12,FiberCropAEZ12,2005,CO_AWB,0
Japan,FiberCrop,FiberCropAEZ15,FiberCropAEZ15,2005,CO_AWB,0
Japan,FodderGrass,FodderGrassAEZ09,FodderGrassAEZ09,2005,CO_AWB,0.000202635362285742
Japan,FodderGrass,FodderGrassAEZ10,FodderGrassAEZ10,2005,CO_AWB,0.00264360124584354
Japan,FodderGrass,FodderGrassAEZ11,FodderGrassAEZ11,2005,CO_AWB,0.00211900946732577
Japan,FodderGrass,FodderGrassAEZ12,FodderGrassAEZ12,2005,CO_AWB,0.00147704469936545
Japan,FodderGrass,FodderGrassAEZ15,FodderGrassAEZ15,2005,CO_AWB,0.000110254922782697
Japan,FodderHerb,FodderHerbAEZ09,FodderHerbAEZ09,2005,CO_AWB,9.9909965092828e-05
Japan,FodderHerb,FodderHerbAEZ10,FodderHerbAEZ10,2005,CO_AWB,0.00123207395055683
Japan,FodderHerb,FodderHerbAEZ11,FodderHerbAEZ11,2005,CO_AWB,0.000986667903553657
Japan,FodderHerb,FodderHerbAEZ12,FodderHerbAEZ12,2005,CO_AWB,0.000676920728900303
Japan,FodderHerb,FodderHerbAEZ15,FodderHerbAEZ15,2005,CO_AWB,5.33277901333248e-05
Japan,MiscCrop,MiscCropAEZ09,MiscCropAEZ09,2005,CO_AWB,0.000277547104923295
Japan,MiscCrop,MiscCropAEZ10,MiscCropAEZ10,2005,CO_AWB,0.00323398572598366
Japan,MiscCrop,MiscCropAEZ11,MiscCropAEZ11,2005,CO_AWB,0.00254883178785799
Japan,MiscCrop,MiscCropAEZ12,MiscCropAEZ12,2005,CO_AWB,0.00162884243854212
Japan,MiscCrop,MiscCropAEZ15,MiscCropAEZ15,2005,CO_AWB,0.000148276420061198
Japan,OilCrop,OilCropAEZ09,OilCropAEZ09,2005,CO_AWB,2.7322547673733e-06
Japan,OilCrop,OilCropAEZ10,OilCropAEZ10,2005,CO_AWB,4.05042750263045e-05
Japan,OilCrop,OilCropAEZ11,OilCropAEZ11,2005,CO_AWB,3.92285460222178e-05
Japan,OilCrop,OilCropAEZ12,OilCropAEZ12,2005,CO_AWB,3.67848892902519e-05
Japan,OilCrop,OilCropAEZ15,OilCropAEZ15,2005,CO_AWB,1.46426038400101e-06
Japan,OtherGrain,OtherGrainAEZ09,OtherGrainAEZ09,2005,CO_AWB,3.64769518378465e-06
Japan,OtherGrain,OtherGrainAEZ10,OtherGrainAEZ10,2005,CO_AWB,4.49324913410595e-05
Japan,OtherGrain,OtherGrainAEZ11,OtherGrainAEZ11,2005,CO_AWB,3.61387514283227e-05
Japan,OtherGrain,OtherGrainAEZ12,OtherGrainAEZ12,2005,CO_AWB,2.50845202024772e-05
Japan,OtherGrain,OtherGrainAEZ15,OtherGrainAEZ15,2005,CO_AWB,1.98262712688005e-06
Japan,PalmFruit,PalmFruitAEZ09,PalmFruitAEZ09,2005,CO_AWB,0
Japan,PalmFruit,PalmFruitAEZ10,PalmFruitAEZ10,2005,CO_AWB,0
Japan,PalmFruit,PalmFruitAEZ11,PalmFruitAEZ11,2005,CO_AWB,0
Japan,PalmFruit,PalmFruitAEZ12,PalmFruitAEZ12,2005,CO_AWB,0
Japan,PalmFruit,PalmFruitAEZ15,PalmFruitAEZ15,2005,CO_AWB,0
Japan,Rice,RiceAEZ09,RiceAEZ09,2005,CO_AWB,5.62227279910207e-05
Japan,Rice,RiceAEZ10,RiceAEZ10,2005,CO_AWB,0.00179076845097915
Japan,Rice,RiceAEZ11,RiceAEZ11,2005,CO_AWB,0.00226420324452211
Japan,Rice,RiceAEZ12,RiceAEZ12,2005,CO_AWB,0.0013165474228052
Japan,Rice,RiceAEZ15,RiceAEZ15,2005,CO_AWB,3.06245789155189e-05
Japan,Root_Tuber,Root_TuberAEZ09,Root_TuberAEZ09,2005,CO_AWB,5.22572367372214e-05
Japan,Root_Tuber,Root_TuberAEZ10,Root_TuberAEZ10,2005,CO_AWB,0.000663082484737258
Japan,Root_Tuber,Root_TuberAEZ11,Root_TuberAEZ11,2005,CO_AWB,0.000647630243282203
Japan,Root_Tuber,Root_TuberAEZ12,Root_TuberAEZ12,2005,CO_AWB,0.000771617543342948
Japan,Root_Tuber,Root_TuberAEZ15,Root_TuberAEZ15,2005,CO_AWB,2.81712553614148e-05
Japan,SugarCrop,SugarCropAEZ09,SugarCropAEZ09,2005,CO_AWB,7.52786707661781e-05
Japan,SugarCrop,SugarCropAEZ10,SugarCropAEZ10,2005,CO_AWB,0.000942868733274388
Japan,SugarCrop,SugarCropAEZ11,SugarCropAEZ11,2005,CO_AWB,0.000796023590922103
Japan,SugarCrop,SugarCropAEZ12,SugarCropAEZ12,2005,CO_AWB,0.00098087672927861
Japan,SugarCrop,SugarCropAEZ15,SugarCropAEZ15,2005,CO_AWB,4.07927547456736e-05
Japan,Wheat,WheatAEZ09,WheatAEZ09,2005,CO_AWB,3.77428596040822e-05
Japan,Wheat,WheatAEZ10,WheatAEZ10,2005,CO_AWB,0.000248649849025291
Japan,Wheat,WheatAEZ11,WheatAEZ11,2005,CO_AWB,6.37957342970177e-05
Japan,Wheat,WheatAEZ12,WheatAEZ12,2005,CO_AWB,7.11994117863741e-05
Japan,Wheat,WheatAEZ15,WheatAEZ15,2005,CO_AWB,2.0541995346192e-05
Japan,Corn,CornAEZ09,CornAEZ09,2005,N2O_AWB,2.85969209456723e-09
Japan,Corn,CornAEZ10,CornAEZ10,2005,N2O_AWB,3.16409795449882e-08
Japan,Corn,CornAEZ11,CornAEZ11,2005,N2O_AWB,2.44805197123719e-08
Japan,Corn,CornAEZ12,CornAEZ12,2005,N2O_AWB,1.64387879870563e-08
Japan,Corn,CornAEZ15,CornAEZ15,2005,N2O_AWB,1.39079386945955e-09
Japan,FiberCrop,FiberCropAEZ09,FiberCropAEZ09,2005,N2O_AWB,0
Japan,FiberCrop,FiberCropAEZ10,FiberCropAEZ10,2005,N2O_AWB,0
Japan,FiberCrop,FiberCropAEZ11,FiberCropAEZ11,2005,N2O_AWB,0
Japan,FiberCrop,FiberCropAEZ12,FiberCropAEZ12,2005,N2O_AWB,0
Japan,FiberCrop,FiberCropAEZ15,FiberCropAEZ15,2005,N2O_AWB,0
Japan,FodderGrass,FodderGrassAEZ09,FodderGrassAEZ09,2005,N2O_AWB,1.20027914942774e-07
Japan,FodderGrass,FodderGrassAEZ10,FodderGrassAEZ10,2005,N2O_AWB,1.56589620833938e-06
Japan,FodderGrass,FodderGrassAEZ11,FodderGrassAEZ11,2005,N2O_AWB,1.25516240224871e-06
Japan,FodderGrass,FodderGrassAEZ12,FodderGrassAEZ12,2005,N2O_AWB,8.74904525756538e-07
Japan,FodderGrass,FodderGrassAEZ15,FodderGrassAEZ15,2005,N2O_AWB,6.53077939827824e-08
Japan,FodderHerb,FodderHerbAEZ09,FodderHerbAEZ09,2005,N2O_AWB,5.91801186961002e-08
Japan,FodderHerb,FodderHerbAEZ10,FodderHerbAEZ10,2005,N2O_AWB,7.29799901026695e-07
Japan,FodderHerb,FodderHerbAEZ11,FodderHerbAEZ11,2005,N2O_AWB,5.84437434160703e-07
Japan,FodderHerb,FodderHerbAEZ12,FodderHerbAEZ12,2005,N2O_AWB,4.00963497954884e-07
Japan,FodderHerb,FodderHerbAEZ15,FodderHerbAEZ15,2005,N2O_AWB,3.15878896260112e-08
Japan,MiscCrop,MiscCropAEZ09,MiscCropAEZ09,2005,N2O_AWB,1.64400724170593e-07
Japan,MiscCrop,MiscCropAEZ10,MiscCropAEZ10,2005,N2O_AWB,1.91560130110531e-06
Japan,MiscCrop,MiscCropAEZ11,MiscCropAEZ11,2005,N2O_AWB,1.50976098932355e-06
Japan,MiscCrop,MiscCropAEZ12,MiscCropAEZ12,2005,N2O_AWB,9.64819562899513e-07
Japan,MiscCrop,MiscCropAEZ15,MiscCropAEZ15,2005,N2O_AWB,8.78292383637757e-08
Japan,OilCrop,OilCropAEZ09,OilCropAEZ09,2005,N2O_AWB,1.6184087472246e-09
Japan,OilCrop,OilCropAEZ10,OilCropAEZ10,2005,N2O_AWB,2.39920792838737e-08
Japan,OilCrop,OilCropAEZ11,OilCropAEZ11,2005,N2O_AWB,2.32364209887701e-08
Japan,OilCrop,OilCropAEZ12,OilCropAEZ12,2005,N2O_AWB,2.17889588130412e-08
Japan,OilCrop,OilCropAEZ15,OilCropAEZ15,2005,N2O_AWB,8.67331934774115e-10
Japan,OtherGrain,OtherGrainAEZ09,OtherGrainAEZ09,2005,N2O_AWB,2.16065568377488e-09
Japan,OtherGrain,OtherGrainAEZ10,OtherGrainAEZ10,2005,N2O_AWB,2.6615064557422e-08
Japan,OtherGrain,OtherGrainAEZ11,OtherGrainAEZ11,2005,N2O_AWB,2.14062290690413e-08
Japan,OtherGrain,OtherGrainAEZ12,OtherGrainAEZ12,2005,N2O_AWB,1.48584266007705e-08
Japan,OtherGrain,OtherGrainAEZ15,OtherGrainAEZ15,2005,N2O_AWB,1.17437843752477e-09
Japan,PalmFruit,PalmFruitAEZ09,PalmFruitAEZ09,2005,N2O_AWB,0
Japan,PalmFruit,PalmFruitAEZ10,PalmFruitAEZ10,2005,N2O_AWB,0
Japan,PalmFruit,PalmFruitAEZ11,PalmFruitAEZ11,2005,N2O_AWB,0
Japan,PalmFruit,PalmFruitAEZ12,PalmFruitAEZ12,2005,N2O_AWB,0
Japan,PalmFruit,PalmFruitAEZ15,PalmFruitAEZ15,2005,N2O_AWB,0
Japan,Rice,RiceAEZ09,RiceAEZ09,2005,N2O_AWB,3.33026611793503e-08
Japan,Rice,RiceAEZ10,RiceAEZ10,2005,N2O_AWB,1.06073392566709e-06
Japan,Rice,RiceAEZ11,RiceAEZ11,2005,N2O_AWB,1.34116568490857e-06
Japan,Rice,RiceAEZ12,RiceAEZ12,2005,N2O_AWB,7.79836452532696e-07
Japan,Rice,RiceAEZ15,RiceAEZ15,2005,N2O_AWB,1.81399944795756e-08
Japan,Root_Tuber,Root_TuberAEZ09,Root_TuberAEZ09,2005,N2O_AWB,3.09537639210022e-08
Japan,Root_Tuber,Root_TuberAEZ10,Root_TuberAEZ10,2005,N2O_AWB,3.92766628590013e-07
Japan,Root_Tuber,Root_TuberAEZ11,Root_TuberAEZ11,2005,N2O_AWB,3.83613732954615e-07
Japan,Root_Tuber,Root_TuberAEZ12,Root_TuberAEZ12,2005,N2O_AWB,4.57055687694429e-07
Japan,Root_Tuber,Root_TuberAEZ15,Root_TuberAEZ15,2005,N2O_AWB,1.66868063116395e-08
Japan,SugarCrop,SugarCropAEZ09,SugarCropAEZ09,2005,N2O_AWB,4.45901534155062e-08
Japan,SugarCrop,SugarCropAEZ10,SugarCropAEZ10,2005,N2O_AWB,5.58493674761833e-07
Japan,SugarCrop,SugarCropAEZ11,SugarCropAEZ11,2005,N2O_AWB,4.71512231556646e-07
Japan,SugarCrop,SugarCropAEZ12,SugarCropAEZ12,2005,N2O_AWB,5.81007121872348e-07
Japan,SugarCrop,SugarCropAEZ15,SugarCropAEZ15,2005,N2O_AWB,2.41629557726987e-08
Japan,Wheat,WheatAEZ09,WheatAEZ09,2005,N2O_AWB,2.23563976748919e-08
Japan,Wheat,WheatAEZ10,WheatAEZ10,2005,N2O_AWB,1.47283882697908e-07
Japan,Wheat,WheatAEZ11,WheatAEZ11,2005,N2O_AWB,3.77884140435297e-08
Japan,Wheat,WheatAEZ12,WheatAEZ12,2005,N2O_AWB,4.21738676086536e-08
Japan,Wheat,WheatAEZ15,WheatAEZ15,2005,N2O_AWB,1.21677324350266e-08
Japan,Corn,CornAEZ09,CornAEZ09,2005,NH3_AWB,5.33248467045771e-08
Japan,Corn,CornAEZ10,CornAEZ10,2005,NH3_AWB,5.90011206809486e-07
Japan,Corn,CornAEZ11,CornAEZ11,2005,NH3_AWB,4.5648969110717e-07
Japan,Corn,CornAEZ12,CornAEZ12,2005,NH3_AWB,3.06535046582167e-07
Japan,Corn,CornAEZ15,CornAEZ15,2005,NH3_AWB,2.59342150952164e-08
Japan,FiberCrop,FiberCropAEZ09,FiberCropAEZ09,2005,NH3_AWB,0
Japan,FiberCrop,FiberCropAEZ10,FiberCropAEZ10,2005,NH3_AWB,0
Japan,FiberCrop,FiberCropAEZ11,FiberCropAEZ11,2005,NH3_AWB,0
Japan,FiberCrop,FiberCropAEZ12,FiberCropAEZ12,2005,NH3_AWB,0
Japan,FiberCrop,FiberCropAEZ15,FiberCropAEZ15,2005,NH3_AWB,0
Japan,FodderGrass,FodderGrassAEZ09,FodderGrassAEZ09,2005,NH3_AWB,2.23816759040349e-06
Japan,FodderGrass,FodderGrassAEZ10,FodderGrassAEZ10,2005,NH3_AWB,2.91993587084461e-05
Japan,FodderGrass,FodderGrassAEZ11,FodderGrassAEZ11,2005,NH3_AWB,2.34050871478143e-05
Japan,FodderGrass,FodderGrassAEZ12,FodderGrassAEZ12,2005,NH3_AWB,1.63143961567543e-05
Japan,FodderGrass,FodderGrassAEZ15,FodderGrassAEZ15,2005,NH3_AWB,1.21779827603188e-06
Japan,FodderHerb,FodderHerbAEZ09,FodderHerbAEZ09,2005,NH3_AWB,1.10353515450963e-06
Japan,FodderHerb,FodderHerbAEZ10,FodderHerbAEZ10,2005,NH3_AWB,1.36086216838507e-05
Japan,FodderHerb,FodderHerbAEZ11,FodderHerbAEZ11,2005,NH3_AWB,1.08980392134672e-05
Japan,FodderHerb,FodderHerbAEZ12,FodderHerbAEZ12,2005,NH3_AWB,7.47678993245283e-06
Japan,FodderHerb,FodderHerbAEZ15,FodderHerbAEZ15,2005,NH3_AWB,5.89021235967386e-07
Japan,MiscCrop,MiscCropAEZ09,MiscCropAEZ09,2005,NH3_AWB,3.06558997423988e-06
Japan,MiscCrop,MiscCropAEZ10,MiscCropAEZ10,2005,NH3_AWB,3.57203301441401e-05
Japan,MiscCrop,MiscCropAEZ11,MiscCropAEZ11,2005,NH3_AWB,2.81526019773862e-05
Japan,MiscCrop,MiscCropAEZ12,MiscCropAEZ12,2005,NH3_AWB,1.79910471434792e-05
Japan,MiscCrop,MiscCropAEZ15,MiscCropAEZ15,2005,NH3_AWB,1.63775697419511e-06
Japan,OilCrop,OilCropAEZ09,OilCropAEZ09,2005,NH3_AWB,3.01785631100117e-08
Japan,OilCrop,OilCropAEZ10,OilCropAEZ10,2005,NH3_AWB,4.47381713705175e-07
Japan,OilCrop,OilCropAEZ11,OilCropAEZ11,2005,NH3_AWB,4.3329090902589e-07
Japan,OilCrop,OilCropAEZ12,OilCropAEZ12,2005,NH3_AWB,4.06299996690239e-07
Japan,OilCrop,OilCropAEZ15,OilCropAEZ15,2005,NH3_AWB,1.61731896072585e-08
Japan,OtherGrain,OtherGrainAEZ09,OtherGrainAEZ09,2005,NH3_AWB,4.02898736327434e-08
Japan,OtherGrain,OtherGrainAEZ10,OtherGrainAEZ10,2005,NH3_AWB,4.96292674394281e-07
Japan,OtherGrain,OtherGrainAEZ11,OtherGrainAEZ11,2005,NH3_AWB,3.99163212640359e-07
Japan,OtherGrain,OtherGrainAEZ12,OtherGrainAEZ12,2005,NH3_AWB,2.77065954849662e-07
Japan,OtherGrain,OtherGrainAEZ15,OtherGrainAEZ15,2005,NH3_AWB,2.18987038056089e-08
Japan,PalmFruit,PalmFruitAEZ09,PalmFruitAEZ09,2005,NH3_AWB,0
Japan,PalmFruit,PalmFruitAEZ10,PalmFruitAEZ10,2005,NH3_AWB,0
Japan,PalmFruit,PalmFruitAEZ11,PalmFruitAEZ11,2005,NH3_AWB,0
Japan,PalmFruit,PalmFruitAEZ12,PalmFruitAEZ12,2005,NH3_AWB,0
Japan,PalmFruit,PalmFruitAEZ15,PalmFruitAEZ15,2005,NH3_AWB,0
Japan,Rice,RiceAEZ09,RiceAEZ09,2005,NH3_AWB,6.20996681991414e-07
Japan,Rice,RiceAEZ10,RiceAEZ10,2005,NH3_AWB,1.97795679080275e-05
Japan,Rice,RiceAEZ11,RiceAEZ11,2005,NH3_AWB,2.50087954185891e-05
Japan,Rice,RiceAEZ12,RiceAEZ12,2005,NH3_AWB,1.45416562031097e-05
Japan,Rice,RiceAEZ15,RiceAEZ15,2005,NH3_AWB,3.38257544119146e-07
Japan,Root_Tuber,Root_TuberAEZ09,Root_TuberAEZ09,2005,NH3_AWB,5.77196656644571e-07
Japan,Root_Tuber,Root_TuberAEZ10,Root_TuberAEZ10,2005,NH3_AWB,7.32394242723731e-06
Japan,Root_Tuber,Root_TuberAEZ11,Root_TuberAEZ11,2005,NH3_AWB,7.15326784391841e-06
Japan,Root_Tuber,Root_TuberAEZ12,Root_TuberAEZ12,2005,NH3_AWB,8.52274429406671e-06
Japan,Root_Tuber,Root_TuberAEZ15,Root_TuberAEZ15,2005,NH3_AWB,3.11159858869983e-07
Japan,SugarCrop,SugarCropAEZ09,SugarCropAEZ09,2005,NH3_AWB,8.31475213689145e-07
Japan,SugarCrop,SugarCropAEZ10,SugarCropAEZ10,2005,NH3_AWB,1.0414264405853e-05
Japan,SugarCrop,SugarCropAEZ11,SugarCropAEZ11,2005,NH3_AWB,8.79231631785041e-06
Japan,SugarCrop,SugarCropAEZ12,SugarCropAEZ12,2005,NH3_AWB,1.08340739784432e-05
Japan,SugarCrop,SugarCropAEZ15,SugarCropAEZ15,2005,NH3_AWB,4.50568057643852e-07
Japan,Wheat,WheatAEZ09,WheatAEZ09,2005,NH3_AWB,4.16881062525926e-07
Japan,Wheat,WheatAEZ10,WheatAEZ10,2005,NH3_AWB,2.74641122442569e-06
Japan,Wheat,WheatAEZ11,WheatAEZ11,2005,NH3_AWB,7.04642779517583e-07
Japan,Wheat,WheatAEZ12,WheatAEZ12,2005,NH3_AWB,7.86418590114306e-07
Japan,Wheat,WheatAEZ15,WheatAEZ15,2005,NH3_AWB,2.26892422464908e-07
Japan,Corn,CornAEZ09,CornAEZ09,2005,NMVOC_AWB,2.85969209456723e-07
Japan,Corn,CornAEZ10,CornAEZ10,2005,NMVOC_AWB,3.16409795449882e-06
Japan,Corn,CornAEZ11,CornAEZ11,2005,NMVOC_AWB,2.44805197123719e-06
Japan,Corn,CornAEZ12,CornAEZ12,2005,NMVOC_AWB,1.64387879870563e-06
Japan,Corn,CornAEZ15,CornAEZ15,2005,NMVOC_AWB,1.39079386945955e-07
Japan,FiberCrop,FiberCropAEZ09,FiberCropAEZ09,2005,NMVOC_AWB,0
Japan,FiberCrop,FiberCropAEZ10,FiberCropAEZ10,2005,NMVOC_AWB,0
Japan,FiberCrop,FiberCropAEZ11,FiberCropAEZ11,2005,NMVOC_AWB,0
Japan,FiberCrop,FiberCropAEZ12,FiberCropAEZ12,2005,NMVOC_AWB,0
Japan,FiberCrop,FiberCropAEZ15,FiberCropAEZ15,2005,NMVOC_AWB,0
Japan,FodderGrass,FodderGrassAEZ09,FodderGrassAEZ09,2005,NMVOC_AWB,1.20027914942774e-05
Japan,FodderGrass,FodderGrassAEZ10,FodderGrassAEZ10,2005,NMVOC_AWB,0.000156589620833938
Japan,FodderGrass,FodderGrassAEZ11,FodderGrassAEZ11,2005,NMVOC_AWB,0.000125516240224871
Japan,FodderGrass,FodderGrassAEZ12,FodderGrassAEZ12,2005,NMVOC_AWB,8.74904525756538e-05
Japan,FodderGrass,FodderGrassAEZ15,FodderGrassAEZ15,2005,NMVOC_AWB,6.53077939827824e-06
Japan,FodderHerb,FodderHerbAEZ09,FodderHerbAEZ09,2005,NMVOC_AWB,5.91801186961002e-06
Japan,FodderHerb,FodderHerbAEZ10,FodderHerbAEZ10,2005,NMVOC_AWB,7.29799901026695e-05
Japan,FodderHerb,FodderHerbAEZ11,FodderHerbAEZ11,2005,NMVOC_AWB,5.84437434160703e-05
Japan,FodderHerb,FodderHerbAEZ12,FodderHerbAEZ12,2005,NMVOC_AWB,4.00963497954883e-05
Japan,FodderHerb,FodderHerbAEZ15,FodderHerbAEZ15,2005,NMVOC_AWB,3.15878896260112e-06
Japan,MiscCrop,MiscCropAEZ09,MiscCropAEZ09,2005,NMVOC_AWB,1.64400724170593e-05
Japan,MiscCrop,MiscCropAEZ10,MiscCropAEZ10,2005,NMVOC_AWB,0.000191560130110531
Japan,MiscCrop,MiscCropAEZ11,MiscCropAEZ11,2005,NMVOC_AWB,0.000150976098932355
Japan,MiscCrop,MiscCropAEZ12,MiscCropAEZ12,2005,NMVOC_AWB,9.64819562899513e-05
Japan,MiscCrop,MiscCropAEZ15,MiscCropAEZ15,2005,NMVOC_AWB,8.78292383637757e-06
Japan,OilCrop,OilCropAEZ09,OilCropAEZ09,2005,NMVOC_AWB,1.6184087472246e-07
Japan,OilCrop,OilCropAEZ10,OilCropAEZ10,2005,NMVOC_AWB,2.39920792838737e-06
Japan,OilCrop,OilCropAEZ11,OilCropAEZ11,2005,NMVOC_AWB,2.32364209887701e-06
Japan,OilCrop,OilCropAEZ12,OilCropAEZ12,2005,NMVOC_AWB,2.17889588130412e-06
Japan,OilCrop,OilCropAEZ15,OilCropAEZ15,2005,NMVOC_AWB,8.67331934774115e-08
Japan,OtherGrain,OtherGrainAEZ09,OtherGrainAEZ09,2005,NMVOC_AWB,2.16065568377488e-07
Japan,OtherGrain,OtherGrainAEZ10,OtherGrainAEZ10,2005,NMVOC_AWB,2.6615064557422e-06
Japan,OtherGrain,OtherGrainAEZ11,OtherGrainAEZ11,2005,NMVOC_AWB,2.14062290690413e-06
Japan,OtherGrain,OtherGrainAEZ12,OtherGrainAEZ12,2005,NMVOC_AWB,1.48584266007705e-06
Japan,OtherGrain,OtherGrainAEZ15,OtherGrainAEZ15,2005,NMVOC_AWB,1.17437843752477e-07
Japan,PalmFruit,PalmFruitAEZ09,PalmFruitAEZ09,2005,NMVOC_AWB,0
Japan,PalmFruit,PalmFruitAEZ10,PalmFruitAEZ10,2005,NMVOC_AWB,0
Japan,PalmFruit,PalmFruitAEZ11,PalmFruitAEZ11,2005,NMVOC_AWB,0
Japan,PalmFruit,PalmFruitAEZ12,PalmFruitAEZ12,2005,NMVOC_AWB,0
Japan,PalmFruit,PalmFruitAEZ15,PalmFruitAEZ15,2005,NMVOC_AWB,0
Japan,Rice,RiceAEZ09,RiceAEZ09,2005,NMVOC_AWB,3.33026611793503e-06
Japan,Rice,RiceAEZ10,RiceAEZ10,2005,NMVOC_AWB,0.000106073392566709
Japan,Rice,RiceAEZ11,RiceAEZ11,2005,NMVOC_AWB,0.000134116568490857
Japan,Rice,RiceAEZ12,RiceAEZ12,2005,NMVOC_AWB,7.79836452532696e-05
Japan,Rice,RiceAEZ15,RiceAEZ15,2005,NMVOC_AWB,1.81399944795756e-06
Japan,Root_Tuber,Root_TuberAEZ09,Root_TuberAEZ09,2005,NMVOC_AWB,3.09537639210022e-06
Japan,Root_Tuber,Root_TuberAEZ10,Root_TuberAEZ10,2005,NMVOC_AWB,3.92766628590013e-05
Japan,Root_Tuber,Root_TuberAEZ11,Root_TuberAEZ11,2005,NMVOC_AWB,3.83613732954615e-05
Japan,Root_Tuber,Root_TuberAEZ12,Root_TuberAEZ12,2005,NMVOC_AWB,4.57055687694429e-05
Japan,Root_Tuber,Root_TuberAEZ15,Root_TuberAEZ15,2005,NMVOC_AWB,1.66868063116395e-06
Japan,SugarCrop,SugarCropAEZ09,SugarCropAEZ09,2005,NMVOC_AWB,4.45901534155062e-06
Japan,SugarCrop,SugarCropAEZ10,SugarCropAEZ10,2005,NMVOC_AWB,5.58493674761833e-05
Japan,SugarCrop,SugarCropAEZ11,SugarCropAEZ11,2005,NMVOC_AWB,4.71512231556646e-05
Japan,SugarCrop,SugarCropAEZ12,SugarCropAEZ12,2005,NMVOC_AWB,5.81007121872348e-05
Japan,SugarCrop,SugarCropAEZ15,SugarCropAEZ15,2005,NMVOC_AWB,2.41629557726987e-06
Japan,Wheat,WheatAEZ09,WheatAEZ09,2005,NMVOC_AWB,2.23563976748919e-06
Japan,Wheat,WheatAEZ10,WheatAEZ10,2005,NMVOC_AWB,1.47283882697908e-05
Japan,Wheat,WheatAEZ11,WheatAEZ11,2005,NMVOC_AWB,3.77884140435297e-06
Japan,Wheat,WheatAEZ12,WheatAEZ12,2005,NMVOC_AWB,4.21738676086536e-06
Japan,Wheat,WheatAEZ15,WheatAEZ15,2005,NMVOC_AWB,1.21677324350266e-06
Japan,Corn,CornAEZ09,CornAEZ09,2005,NOx_AWB,1.55600893380864e-07
Japan,Corn,CornAEZ10,CornAEZ10,2005,NOx_AWB,1.72164153406553e-06
Japan,Corn,CornAEZ11,CornAEZ11,2005,NOx_AWB,1.3320282784673e-06
Japan,Corn,CornAEZ12,CornAEZ12,2005,NOx_AWB,8.9446346400159e-07
Japan,Corn,CornAEZ15,CornAEZ15,2005,NOx_AWB,7.56755487794168e-08
Japan,FiberCrop,FiberCropAEZ09,FiberCropAEZ09,2005,NOx_AWB,0
Japan,FiberCrop,FiberCropAEZ10,FiberCropAEZ10,2005,NOx_AWB,0
Japan,FiberCrop,FiberCropAEZ11,FiberCropAEZ11,2005,NOx_AWB,0
Japan,FiberCrop,FiberCropAEZ12,FiberCropAEZ12,2005,NOx_AWB,0
Japan,FiberCrop,FiberCropAEZ15,FiberCropAEZ15,2005,NOx_AWB,0
Japan,FodderGrass,FodderGrassAEZ09,FodderGrassAEZ09,2005,NOx_AWB,6.53093066600387e-06
Japan,FodderGrass,FodderGrassAEZ10,FodderGrassAEZ10,2005,NOx_AWB,8.52031760419958e-05
Japan,FodderGrass,FodderGrassAEZ11,FodderGrassAEZ11,2005,NOx_AWB,6.82956012988271e-05
Japan,FodderGrass,FodderGrassAEZ12,FodderGrassAEZ12,2005,NOx_AWB,4.76050991955763e-05
Japan,FodderGrass,FodderGrassAEZ15,FodderGrassAEZ15,2005,NOx_AWB,3.5535123196514e-06
Japan,FodderHerb,FodderHerbAEZ09,FodderHerbAEZ09,2005,NOx_AWB,3.22009469375839e-06
Japan,FodderHerb,FodderHerbAEZ10,FodderHerbAEZ10,2005,NOx_AWB,3.97097004970408e-05
Japan,FodderHerb,FodderHerbAEZ11,FodderHerbAEZ11,2005,NOx_AWB,3.18002721528618e-05
Japan,FodderHerb,FodderHerbAEZ12,FodderHerbAEZ12,2005,NOx_AWB,2.18171315063687e-05
Japan,FodderHerb,FodderHerbAEZ15,FodderHerbAEZ15,2005,NOx_AWB,1.7187528178859e-06
Japan,MiscCrop,MiscCropAEZ09,MiscCropAEZ09,2005,NOx_AWB,8.94533352104696e-06
Japan,MiscCrop,MiscCropAEZ10,MiscCropAEZ10,2005,NOx_AWB,0.000104231247266024
Japan,MiscCrop,MiscCropAEZ11,MiscCropAEZ11,2005,NOx_AWB,8.21487597131931e-05
Japan,MiscCrop,MiscCropAEZ12,MiscCropAEZ12,2005,NOx_AWB,5.24975350401206e-05
Japan,MiscCrop,MiscCropAEZ15,MiscCropAEZ15,2005,NOx_AWB,4.77894385214662e-06
Japan,OilCrop,OilCropAEZ09,OilCropAEZ09,2005,NOx_AWB,8.80604759519269e-08
Japan,OilCrop,OilCropAEZ10,OilCropAEZ10,2005,NOx_AWB,1.30545137279901e-06
Japan,OilCrop,OilCropAEZ11,OilCropAEZ11,2005,NOx_AWB,1.26433467144779e-06
Japan,OilCrop,OilCropAEZ12,OilCropAEZ12,2005,NOx_AWB,1.18557570012136e-06
Japan,OilCrop,OilCropAEZ15,OilCropAEZ15,2005,NOx_AWB,4.71930611568268e-08
Japan,OtherGrain,OtherGrainAEZ09,OtherGrainAEZ09,2005,NOx_AWB,1.17565088675986e-07
Japan,OtherGrain,OtherGrainAEZ10,OtherGrainAEZ10,2005,NOx_AWB,1.44817263033031e-06
Japan,OtherGrain,OtherGrainAEZ11,OtherGrainAEZ11,2005,NOx_AWB,1.16475069934489e-06
Japan,OtherGrain,OtherGrainAEZ12,OtherGrainAEZ12,2005,NOx_AWB,8.08473212100747e-07
Japan,OtherGrain,OtherGrainAEZ15,OtherGrainAEZ15,2005,NOx_AWB,6.39000032182595e-08
Japan,PalmFruit,PalmFruitAEZ09,PalmFruitAEZ09,2005,NOx_AWB,0
Japan,PalmFruit,PalmFruitAEZ10,PalmFruitAEZ10,2005,NOx_AWB,0
Japan,PalmFruit,PalmFruitAEZ11,PalmFruitAEZ11,2005,NOx_AWB,0
Japan,PalmFruit,PalmFruitAEZ12,PalmFruitAEZ12,2005,NOx_AWB,0
Japan,PalmFruit,PalmFruitAEZ15,PalmFruitAEZ15,2005,NOx_AWB,0
Japan,Rice,RiceAEZ09,RiceAEZ09,2005,NOx_AWB,1.81205656417053e-06
Japan,Rice,RiceAEZ10,RiceAEZ10,2005,NOx_AWB,5.77164047789447e-05
Japan,Rice,RiceAEZ11,RiceAEZ11,2005,NOx_AWB,7.29751916788484e-05
Japan,Rice,RiceAEZ12,RiceAEZ12,2005,NOx_AWB,4.24322775642791e-05
Japan,Rice,RiceAEZ15,RiceAEZ15,2005,NOx_AWB,9.87029111388674e-07
Japan,Root_Tuber,Root_TuberAEZ09,Root_TuberAEZ09,2005,NOx_AWB,1.684248919231e-06
Japan,Root_Tuber,Root_TuberAEZ10,Root_TuberAEZ10,2005,NOx_AWB,2.13711253791625e-05
Japan,Root_Tuber,Root_TuberAEZ11,Root_TuberAEZ11,2005,NOx_AWB,2.08731001754717e-05
Japan,Root_Tuber,Root_TuberAEZ12,Root_TuberAEZ12,2005,NOx_AWB,2.48692065363145e-05
Japan,Root_Tuber,Root_TuberAEZ15,Root_TuberAEZ15,2005,NOx_AWB,9.07958578721558e-07
Japan,SugarCrop,SugarCropAEZ09,SugarCropAEZ09,2005,NOx_AWB,2.42622893584372e-06
Japan,SugarCrop,SugarCropAEZ10,SugarCropAEZ10,2005,NOx_AWB,3.03886264208644e-05
Japan,SugarCrop,SugarCropAEZ11,SugarCropAEZ11,2005,NOx_AWB,2.56558125994058e-05
Japan,SugarCrop,SugarCropAEZ12,SugarCropAEZ12,2005,NOx_AWB,3.16136228077601e-05
Japan,SugarCrop,SugarCropAEZ15,SugarCropAEZ15,2005,NOx_AWB,1.31474906410272e-06
Japan,Wheat,WheatAEZ09,WheatAEZ09,2005,NOx_AWB,1.21645104995735e-06
Japan,Wheat,WheatAEZ10,WheatAEZ10,2005,NOx_AWB,8.01397597032732e-06
Japan,Wheat,WheatAEZ11,WheatAEZ11,2005,NOx_AWB,2.056134293545e-06
Japan,Wheat,WheatAEZ12,WheatAEZ12,2005,NOx_AWB,2.29475456105909e-06
Japan,Wheat,WheatAEZ15,WheatAEZ15,2005,NOx_AWB,6.62067794258801e-07
Japan,Corn,CornAEZ09,CornAEZ09,2005,SO2_AWB,2.65783147612719e-08
Japan,Corn,CornAEZ10,CornAEZ10,2005,SO2_AWB,2.94074986359302e-07
Japan,Corn,CornAEZ11,CornAEZ11,2005,SO2_AWB,2.27524830267927e-07
Japan,Corn,CornAEZ12,CornAEZ12,2005,SO2_AWB,1.52784029526758e-07
Japan,Corn,CornAEZ15,CornAEZ15,2005,SO2_AWB,1.29262018455653e-08
Japan,FiberCrop,FiberCropAEZ09,FiberCropAEZ09,2005,SO2_AWB,0
Japan,FiberCrop,FiberCropAEZ10,FiberCropAEZ10,2005,SO2_AWB,0
Japan,FiberCrop,FiberCropAEZ11,FiberCropAEZ11,2005,SO2_AWB,0
Japan,FiberCrop,FiberCropAEZ12,FiberCropAEZ12,2005,SO2_AWB,0
Japan,FiberCrop,FiberCropAEZ15,FiberCropAEZ15,2005,SO2_AWB,0
Japan,FodderGrass,FodderGrassAEZ09,FodderGrassAEZ09,2005,SO2_AWB,1.11555356240931e-06
Japan,FodderGrass,FodderGrassAEZ10,FodderGrassAEZ10,2005,SO2_AWB,1.45536235833895e-05
Japan,FodderGrass,FodderGrassAEZ11,FodderGrassAEZ11,2005,SO2_AWB,1.16656270326645e-05
Japan,FodderGrass,FodderGrassAEZ12,FodderGrassAEZ12,2005,SO2_AWB,8.13146559232547e-06
Japan,FodderGrass,FodderGrassAEZ15,FodderGrassAEZ15,2005,SO2_AWB,6.0697832054586e-07
Japan,FodderHerb,FodderHerbAEZ09,FodderHerbAEZ09,2005,SO2_AWB,5.50026985528461e-07
Japan,FodderHerb,FodderHerbAEZ10,FodderHerbAEZ10,2005,SO2_AWB,6.78284613895399e-06
Japan,FodderHerb,FodderHerbAEZ11,FodderHerbAEZ11,2005,SO2_AWB,5.43183027043477e-06
Japan,FodderHerb,FodderHerbAEZ12,FodderHerbAEZ12,2005,SO2_AWB,3.72660192216892e-06
Japan,FodderHerb,FodderHerbAEZ15,FodderHerbAEZ15,2005,SO2_AWB,2.93581562406457e-07
Japan,MiscCrop,MiscCropAEZ09,MiscCropAEZ09,2005,SO2_AWB,1.52795967170316e-06
Japan,MiscCrop,MiscCropAEZ10,MiscCropAEZ10,2005,SO2_AWB,1.78038238573317e-05
Japan,MiscCrop,MiscCropAEZ11,MiscCropAEZ11,2005,SO2_AWB,1.4031896253713e-05
Japan,MiscCrop,MiscCropAEZ12,MiscCropAEZ12,2005,SO2_AWB,8.96714652577195e-06
Japan,MiscCrop,MiscCropAEZ15,MiscCropAEZ15,2005,SO2_AWB,8.16295274204504e-07
Japan,OilCrop,OilCropAEZ09,OilCropAEZ09,2005,SO2_AWB,1.50416812977345e-08
Japan,OilCrop,OilCropAEZ10,OilCropAEZ10,2005,SO2_AWB,2.22985207461885e-07
Japan,OilCrop,OilCropAEZ11,OilCropAEZ11,2005,SO2_AWB,2.15962030366216e-07
Japan,OilCrop,OilCropAEZ12,OilCropAEZ12,2005,SO2_AWB,2.02509146615324e-07
Japan,OilCrop,OilCropAEZ15,OilCropAEZ15,2005,SO2_AWB,8.06108504084177e-09
Japan,OtherGrain,OtherGrainAEZ09,OtherGrainAEZ09,2005,SO2_AWB,2.00813881197901e-08
Japan,OtherGrain,OtherGrainAEZ10,OtherGrainAEZ10,2005,SO2_AWB,2.47363541180746e-07
Japan,OtherGrain,OtherGrainAEZ11,OtherGrainAEZ11,2005,SO2_AWB,1.9895201134756e-07
Japan,OtherGrain,OtherGrainAEZ12,OtherGrainAEZ12,2005,SO2_AWB,1.38095964877749e-07
Japan,OtherGrain,OtherGrainAEZ15,OtherGrainAEZ15,2005,SO2_AWB,1.09148113605243e-08
Japan,PalmFruit,PalmFruitAEZ09,PalmFruitAEZ09,2005,SO2_AWB,0
Japan,PalmFruit,PalmFruitAEZ10,PalmFruitAEZ10,2005,SO2_AWB,0
Japan,PalmFruit,PalmFruitAEZ11,PalmFruitAEZ11,2005,SO2_AWB,0
Japan,PalmFruit,PalmFruitAEZ12,PalmFruitAEZ12,2005,SO2_AWB,0
Japan,PalmFruit,PalmFruitAEZ15,PalmFruitAEZ15,2005,SO2_AWB,0
Japan,Rice,RiceAEZ09,RiceAEZ09,2005,SO2_AWB,3.0951885096102e-07
Japan,Rice,RiceAEZ10,RiceAEZ10,2005,SO2_AWB,9.85858589737651e-06
Japan,Rice,RiceAEZ11,RiceAEZ11,2005,SO2_AWB,1.24649516597384e-05
Japan,Rice,RiceAEZ12,RiceAEZ12,2005,SO2_AWB,7.24789173530388e-06
Japan,Rice,RiceAEZ15,RiceAEZ15,2005,SO2_AWB,1.68595242810173e-07
Japan,Root_Tuber,Root_TuberAEZ09,Root_TuberAEZ09,2005,SO2_AWB,2.87687923501079e-07
Japan,Root_Tuber,Root_TuberAEZ10,Root_TuberAEZ10,2005,SO2_AWB,3.65041925395424e-06
Japan,Root_Tuber,Root_TuberAEZ11,Root_TuberAEZ11,2005,SO2_AWB,3.5653511651076e-06
Japan,Root_Tuber,Root_TuberAEZ12,Root_TuberAEZ12,2005,SO2_AWB,4.2479293326894e-06
Japan,Root_Tuber,Root_TuberAEZ15,Root_TuberAEZ15,2005,SO2_AWB,1.55089141014061e-07
Japan,SugarCrop,SugarCropAEZ09,SugarCropAEZ09,2005,SO2_AWB,4.14426131744116e-07
Japan,SugarCrop,SugarCropAEZ10,SugarCropAEZ10,2005,SO2_AWB,5.19070591837468e-06
Japan,SugarCrop,SugarCropAEZ11,SugarCropAEZ11,2005,SO2_AWB,4.38229015211471e-06
Japan,SugarCrop,SugarCropAEZ12,SugarCropAEZ12,2005,SO2_AWB,5.39994854446064e-06
Japan,SugarCrop,SugarCropAEZ15,SugarCropAEZ15,2005,SO2_AWB,2.24573353652141e-07
Japan,Wheat,WheatAEZ09,WheatAEZ09,2005,SO2_AWB,2.07782990154878e-07
Japan,Wheat,WheatAEZ10,WheatAEZ10,2005,SO2_AWB,1.36887373330996e-06
Japan,Wheat,WheatAEZ11,WheatAEZ11,2005,SO2_AWB,3.51209965816335e-07
Japan,Wheat,WheatAEZ12,WheatAEZ12,2005,SO2_AWB,3.9196888718631e-07
Japan,Wheat,WheatAEZ15,WheatAEZ15,2005,SO2_AWB,1.13088336749071e-07
Mexico,Corn,CornAEZ01,CornAEZ01,2005,CH4_AWB,5.45839950640451e-05
Mexico,Corn,CornAEZ02,CornAEZ02,2005,CH4_AWB,1.73095282469875e-05
Mexico,Corn,CornAEZ03,CornAEZ03,2005,CH4_AWB,0.000194901501512651
Mexico,Corn,CornAEZ04,CornAEZ04,2005,CH4_AWB,0.0007671161001919
Mexico,Corn,CornAEZ05,CornAEZ05,2005,CH4_AWB,0.000253066263867951
Mexico,Corn,CornAEZ06,CornAEZ06,2005,CH4_AWB,0.000412375087685882
Mexico,Corn,CornAEZ07,CornAEZ07,2005,CH4_AWB,0.000154813010553642
Mexico,Corn,CornAEZ08,CornAEZ08,2005,CH4_AWB,0.000210403314866859
Mexico,Corn,CornAEZ09,CornAEZ09,2005,CH4_AWB,0.00132454670628505
Mexico,Corn,CornAEZ10,CornAEZ10,2005,CH4_AWB,0.000685119117940088
Mexico,Corn,CornAEZ11,CornAEZ11,2005,CH4_AWB,3.00745402313631e-05
Mexico,Corn,CornAEZ12,CornAEZ12,2005,CH4_AWB,1.55838625495844e-05
Mexico,FiberCrop,FiberCropAEZ01,FiberCropAEZ01,2005,CH4_AWB,3.30877816344535e-06
Mexico,FiberCrop,FiberCropAEZ02,FiberCropAEZ02,2005,CH4_AWB,4.35292334548078e-07
Mexico,FiberCrop,FiberCropAEZ03,FiberCropAEZ03,2005,CH4_AWB,8.51751962390044e-08
Mexico,FiberCrop,FiberCropAEZ04,FiberCropAEZ04,2005,CH4_AWB,2.61517813578049e-07
Mexico,FiberCrop,FiberCropAEZ05,FiberCropAEZ05,2005,CH4_AWB,4.48132816393154e-07
Mexico,FiberCrop,FiberCropAEZ06,FiberCropAEZ06,2005,CH4_AWB,7.11148686186461e-07
Mexico,FiberCrop,FiberCropAEZ07,FiberCropAEZ07,2005,CH4_AWB,5.05570431766487e-05
Mexico,FiberCrop,FiberCropAEZ08,FiberCropAEZ08,2005,CH4_AWB,1.1566278029983e-05
Mexico,FiberCrop,FiberCropAEZ09,FiberCropAEZ09,2005,CH4_AWB,5.23485044020675e-06
Mexico,FiberCrop,FiberCropAEZ10,FiberCropAEZ10,2005,CH4_AWB,9.20234532230449e-08
Mexico,FiberCrop,FiberCropAEZ11,FiberCropAEZ11,2005,CH4_AWB,1.71206424601014e-09
Mexico,FiberCrop,FiberCropAEZ12,FiberCropAEZ12,2005,CH4_AWB,1.73346504908526e-08
Mexico,FodderGrass,FodderGrassAEZ01,FodderGrassAEZ01,2005,CH4_AWB,1.88561002941662e-05
Mexico,FodderGrass,FodderGrassAEZ02,FodderGrassAEZ02,2005,CH4_AWB,2.08251524463567e-05
Mexico,FodderGrass,FodderGrassAEZ03,FodderGrassAEZ03,2005,CH4_AWB,8.92466823137941e-05
Mexico,FodderGrass,FodderGrassAEZ04,FodderGrassAEZ04,2005,CH4_AWB,0.000104837117700009
Mexico,FodderGrass,FodderGrassAEZ05,FodderGrassAEZ05,2005,CH4_AWB,7.57218311539661e-05
Mexico,FodderGrass,FodderGrassAEZ06,FodderGrassAEZ06,2005,CH4_AWB,0.000117274340463659
Mexico,FodderGrass,FodderGrassAEZ07,FodderGrassAEZ07,2005,CH4_AWB,0.000120567044460455
Mexico,FodderGrass,FodderGrassAEZ08,FodderGrassAEZ08,2005,CH4_AWB,6.88698227983907e-05
Mexico,FodderGrass,FodderGrassAEZ09,FodderGrassAEZ09,2005,CH4_AWB,0.000100162640452677
Mexico,FodderGrass,FodderGrassAEZ10,FodderGrassAEZ10,2005,CH4_AWB,5.05608218252575e-05
Mexico,FodderGrass,FodderGrassAEZ11,FodderGrassAEZ11,2005,CH4_AWB,3.45696014398931e-06
Mexico,FodderGrass,FodderGrassAEZ12,FodderGrassAEZ12,2005,CH4_AWB,3.17545037787793e-06
Mexico,FodderHerb,FodderHerbAEZ01,FodderHerbAEZ01,2005,CH4_AWB,1.23069948967706e-05
Mexico,FodderHerb,FodderHerbAEZ02,FodderHerbAEZ02,2005,CH4_AWB,1.52741562849754e-05
Mexico,FodderHerb,FodderHerbAEZ03,FodderHerbAEZ03,2005,CH4_AWB,0.00045324894667129
Mexico,FodderHerb,FodderHerbAEZ04,FodderHerbAEZ04,2005,CH4_AWB,0.000477383810437722
Mexico,FodderHerb,FodderHerbAEZ05,FodderHerbAEZ05,2005,CH4_AWB,1.95520907301881e-05
Mexico,FodderHerb,FodderHerbAEZ06,FodderHerbAEZ06,2005,CH4_AWB,0.000440907423131523
Mexico,FodderHerb,FodderHerbAEZ07,FodderHerbAEZ07,2005,CH4_AWB,0.000900391913883843
Mexico,FodderHerb,FodderHerbAEZ08,FodderHerbAEZ08,2005,CH4_AWB,0.000793983514961152
Mexico,FodderHerb,FodderHerbAEZ09,FodderHerbAEZ09,2005,CH4_AWB,0.00386852700982107
Mexico,FodderHerb,FodderHerbAEZ10,FodderHerbAEZ10,2005,CH4_AWB,0.000781740973531309
Mexico,FodderHerb,FodderHerbAEZ11,FodderHerbAEZ11,2005,CH4_AWB,8.06664734579165e-05
Mexico,FodderHerb,FodderHerbAEZ12,FodderHerbAEZ12,2005,CH4_AWB,8.05306607954621e-06
Mexico,MiscCrop,MiscCropAEZ01,MiscCropAEZ01,2005,CH4_AWB,0.000166937824109343
Mexico,MiscCrop,MiscCropAEZ02,MiscCropAEZ02,2005,CH4_AWB,0.000272724756208736
Mexico,MiscCrop,MiscCropAEZ03,MiscCropAEZ03,2005,CH4_AWB,0.00083107334416748
Mexico,MiscCrop,MiscCropAEZ04,MiscCropAEZ04,2005,CH4_AWB,0.00063061911112447
Mexico,MiscCrop,MiscCropAEZ05,MiscCropAEZ05,2005,CH4_AWB,0.000371770380315716
Mexico,MiscCrop,MiscCropAEZ06,MiscCropAEZ06,2005,CH4_AWB,0.00122065131569655
Mexico,MiscCrop,MiscCropAEZ07,MiscCropAEZ07,2005,CH4_AWB,0.000579407622024839
Mexico,MiscCrop,MiscCropAEZ08,MiscCropAEZ08,2005,CH4_AWB,0.000386823852789192
Mexico,MiscCrop,MiscCropAEZ09,MiscCropAEZ09,2005,CH4_AWB,0.000413740793500307
Mexico,MiscCrop,MiscCropAEZ10,MiscCropAEZ10,2005,CH4_AWB,0.000286061487082677
Mexico,MiscCrop,MiscCropAEZ11,MiscCropAEZ11,2005,CH4_AWB,1.15972342311088e-05
Mexico,MiscCrop,MiscCropAEZ12,MiscCropAEZ12,2005,CH4_AWB,9.6996153207736e-05
Mexico,OilCrop,OilCropAEZ01,OilCropAEZ01,2005,CH4_AWB,9.88494518190814e-06
Mexico,OilCrop,OilCropAEZ02,OilCropAEZ02,2005,CH4_AWB,1.14122389755822e-05
Mexico,OilCrop,OilCropAEZ03,OilCropAEZ03,2005,CH4_AWB,2.83726938165958e-06
Mexico,OilCrop,OilCropAEZ04,OilCropAEZ04,2005,CH4_AWB,1.46313318056604e-05
Mexico,OilCrop,OilCropAEZ05,OilCropAEZ05,2005,CH4_AWB,1.09312127994438e-05
Mexico,OilCrop,OilCropAEZ06,OilCropAEZ06,2005,CH4_AWB,5.09199037122263e-06
Mexico,OilCrop,OilCropAEZ07,OilCropAEZ07,2005,CH4_AWB,3.62393273870504e-06
Mexico,OilCrop,OilCropAEZ08,OilCropAEZ08,2005,CH4_AWB,1.86611749860253e-06
Mexico,OilCrop,OilCropAEZ09,OilCropAEZ09,2005,CH4_AWB,9.77271763562059e-06
Mexico,OilCrop,OilCropAEZ10,OilCropAEZ10,2005,CH4_AWB,3.97899286129982e-06
Mexico,OilCrop,OilCropAEZ11,OilCropAEZ11,2005,CH4_AWB,5.26345407866666e-08
Mexico,OilCrop,OilCropAEZ12,OilCropAEZ12,2005,CH4_AWB,1.78422172158191e-09
Mexico,OtherGrain,OtherGrainAEZ01,OtherGrainAEZ01,2005,CH4_AWB,8.44336853535322e-06
Mexico,OtherGrain,OtherGrainAEZ02,OtherGrainAEZ02,2005,CH4_AWB,3.85244285608205e-05
Mexico,OtherGrain,OtherGrainAEZ03,OtherGrainAEZ03,2005,CH4_AWB,0.000115067350277388
Mexico,OtherGrain,OtherGrainAEZ04,OtherGrainAEZ04,2005,CH4_AWB,7.96347280267157e-05
Mexico,OtherGrain,OtherGrainAEZ05,OtherGrainAEZ05,2005,CH4_AWB,1.2356748415563e-05
Mexico,OtherGrain,OtherGrainAEZ06,OtherGrainAEZ06,2005,CH4_AWB,2.75127139913518e-05
Mexico,OtherGrain,OtherGrainAEZ07,OtherGrainAEZ07,2005,CH4_AWB,0.000366445051750247
Mexico,OtherGrain,OtherGrainAEZ08,OtherGrainAEZ08,2005,CH4_AWB,8.66547722598425e-05
Mexico,OtherGrain,OtherGrainAEZ09,OtherGrainAEZ09,2005,CH4_AWB,0.000533856715241357
Mexico,OtherGrain,OtherGrainAEZ10,OtherGrainAEZ10,2005,CH4_AWB,6.0936643152226e-05
Mexico,OtherGrain,OtherGrainAEZ11,OtherGrainAEZ11,2005,CH4_AWB,2.91674808828716e-06
Mexico,OtherGrain,OtherGrainAEZ12,OtherGrainAEZ12,2005,CH4_AWB,1.43932527136218e-06
Mexico,PalmFruit,PalmFruitAEZ01,PalmFruitAEZ01,2005,CH4_AWB,0
Mexico,PalmFruit,PalmFruitAEZ02,PalmFruitAEZ02,2005,CH4_AWB,0
Mexico,PalmFruit,PalmFruitAEZ03,PalmFruitAEZ03,2005,CH4_AWB,4.49968398795289e-05
Mexico,PalmFruit,PalmFruitAEZ04,PalmFruitAEZ04,2005,CH4_AWB,3.42482266137021e-05
Mexico,PalmFruit,PalmFruitAEZ05,PalmFruitAEZ05,2005,CH4_AWB,6.08722197296406e-05
Mexico,PalmFruit,PalmFruitAEZ06,PalmFruitAEZ06,2005,CH4_AWB,0.000122986760449999
Mexico,PalmFruit,PalmFruitAEZ07,PalmFruitAEZ07,2005,CH4_AWB,0
Mexico,PalmFruit,PalmFruitAEZ08,PalmFruitAEZ08,2005,CH4_AWB,0
Mexico,PalmFruit,PalmFruitAEZ09,PalmFruitAEZ09,2005,CH4_AWB,4.33784466168373e-09
Mexico,PalmFruit,PalmFruitAEZ10,PalmFruitAEZ10,2005,CH4_AWB,0
Mexico,PalmFruit,PalmFruitAEZ11,PalmFruitAEZ11,2005,CH4_AWB,0
Mexico,PalmFruit,PalmFruitAEZ12,PalmFruitAEZ12,2005,CH4_AWB,0
Mexico,Rice,RiceAEZ01,RiceAEZ01,2005,CH4_AWB,0
Mexico,Rice,RiceAEZ02,RiceAEZ02,2005,CH4_AWB,4.28164910814664e-07
Mexico,Rice,RiceAEZ03,RiceAEZ03,2005,CH4_AWB,1.08494404188903e-05
Mexico,Rice,RiceAEZ04,RiceAEZ04,2005,CH4_AWB,1.06508455326009e-05
Mexico,Rice,RiceAEZ05,RiceAEZ05,2005,CH4_AWB,1.18902050636155e-05
Mexico,Rice,RiceAEZ06,RiceAEZ06,2005,CH4_AWB,1.34975492368722e-05
Mexico,Rice,RiceAEZ07,RiceAEZ07,2005,CH4_AWB,0
Mexico,Rice,RiceAEZ08,RiceAEZ08,2005,CH4_AWB,4.21261880007814e-08
Mexico,Rice,RiceAEZ09,RiceAEZ09,2005,CH4_AWB,2.32101135821112e-06
Mexico,Rice,RiceAEZ10,RiceAEZ10,2005,CH4_AWB,5.47622743931165e-06
Mexico,Rice,RiceAEZ11,RiceAEZ11,2005,CH4_AWB,0
Mexico,Rice,RiceAEZ12,RiceAEZ12,2005,CH4_AWB,4.92062195975513e-08
Mexico,Root_Tuber,Root_TuberAEZ01,Root_TuberAEZ01,2005,CH4_AWB,4.55064418964369e-05
Mexico,Root_Tuber,Root_TuberAEZ02,Root_TuberAEZ02,2005,CH4_AWB,3.54993714861404e-05
Mexico,Root_Tuber,Root_TuberAEZ03,Root_TuberAEZ03,2005,CH4_AWB,1.66047486358093e-05
Mexico,Root_Tuber,Root_TuberAEZ04,Root_TuberAEZ04,2005,CH4_AWB,6.39728397086475e-06
Mexico,Root_Tuber,Root_TuberAEZ05,Root_TuberAEZ05,2005,CH4_AWB,5.48891967831922e-06
Mexico,Root_Tuber,Root_TuberAEZ06,Root_TuberAEZ06,2005,CH4_AWB,4.21847390096604e-05
Mexico,Root_Tuber,Root_TuberAEZ07,Root_TuberAEZ07,2005,CH4_AWB,6.22938317388313e-05
Mexico,Root_Tuber,Root_TuberAEZ08,Root_TuberAEZ08,2005,CH4_AWB,1.55250405309003e-05
Mexico,Root_Tuber,Root_TuberAEZ09,Root_TuberAEZ09,2005,CH4_AWB,5.61079704312593e-05
Mexico,Root_Tuber,Root_TuberAEZ10,Root_TuberAEZ10,2005,CH4_AWB,5.28241945107989e-05
Mexico,Root_Tuber,Root_TuberAEZ11,Root_TuberAEZ11,2005,CH4_AWB,2.11422663293096e-07
Mexico,Root_Tuber,Root_TuberAEZ12,Root_TuberAEZ12,2005,CH4_AWB,1.09052132509271e-05
Mexico,SugarCrop,SugarCropAEZ01,SugarCropAEZ01,2005,CH4_AWB,0.000127226344214517
Mexico,SugarCrop,SugarCropAEZ02,SugarCropAEZ02,2005,CH4_AWB,0.000135216834047977
Mexico,SugarCrop,SugarCropAEZ03,SugarCropAEZ03,2005,CH4_AWB,0.000926561130616432
Mexico,SugarCrop,SugarCropAEZ04,SugarCropAEZ04,2005,CH4_AWB,0.0020657325064022
Mexico,SugarCrop,SugarCropAEZ05,SugarCropAEZ05,2005,CH4_AWB,0.00218592554396908
Mexico,SugarCrop,SugarCropAEZ06,SugarCropAEZ06,2005,CH4_AWB,0.00195895888387151
Mexico,SugarCrop,SugarCropAEZ07,SugarCropAEZ07,2005,CH4_AWB,0.000390136784768238
Mexico,SugarCrop,SugarCropAEZ08,SugarCropAEZ08,2005,CH4_AWB,0.000164751657103799
Mexico,SugarCrop,SugarCropAEZ09,SugarCropAEZ09,2005,CH4_AWB,0.000523945929281156
Mexico,SugarCrop,SugarCropAEZ10,SugarCropAEZ10,2005,CH4_AWB,0.000886212822319766
Mexico,SugarCrop,SugarCropAEZ11,SugarCropAEZ11,2005,CH4_AWB,5.71758438506252e-06
Mexico,SugarCrop,SugarCropAEZ12,SugarCropAEZ12,2005,CH4_AWB,7.86006005779205e-06
Mexico,Wheat,WheatAEZ01,WheatAEZ01,2005,CH4_AWB,0.000248251046372468
Mexico,Wheat,WheatAEZ02,WheatAEZ02,2005,CH4_AWB,0.000101471060324875
Mexico,Wheat,WheatAEZ03,WheatAEZ03,2005,CH4_AWB,7.79456962993802e-06
Mexico,Wheat,WheatAEZ04,WheatAEZ04,2005,CH4_AWB,5.99398294690496e-06
Mexico,Wheat,WheatAEZ05,WheatAEZ05,2005,CH4_AWB,7.47858266853761e-07
Mexico,Wheat,WheatAEZ06,WheatAEZ06,2005,CH4_AWB,6.17067288427649e-06
Mexico,Wheat,WheatAEZ07,WheatAEZ07,2005,CH4_AWB,4.59026645494417e-05
Mexico,Wheat,WheatAEZ08,WheatAEZ08,2005,CH4_AWB,1.54717389869037e-05
Mexico,Wheat,WheatAEZ09,WheatAEZ09,2005,CH4_AWB,0.000106067356808187
Mexico,Wheat,WheatAEZ10,WheatAEZ10,2005,CH4_AWB,2.08745096552824e-05
Mexico,Wheat,WheatAEZ11,WheatAEZ11,2005,CH4_AWB,3.64328250271325e-07
Mexico,Wheat,WheatAEZ12,WheatAEZ12,2005,CH4_AWB,3.01501418393748e-07
Mexico,Corn,CornAEZ01,CornAEZ01,2005,CO_AWB,0.00194036128632984
Mexico,Corn,CornAEZ02,CornAEZ02,2005,CO_AWB,0.000615322100474308
Mexico,Corn,CornAEZ03,CornAEZ03,2005,CO_AWB,0.006928392246463
Mexico,Corn,CornAEZ04,CornAEZ04,2005,CO_AWB,0.0272695756546622
Mexico,Corn,CornAEZ05,CornAEZ05,2005,CO_AWB,0.00899604326706668
Mexico,Corn,CornAEZ06,CornAEZ06,2005,CO_AWB,0.0146591808579367
Mexico,Corn,CornAEZ07,CornAEZ07,2005,CO_AWB,0.00550331964426569
Mexico,Corn,CornAEZ08,CornAEZ08,2005,CO_AWB,0.00747945338563252
Mexico,Corn,CornAEZ09,CornAEZ09,2005,CO_AWB,0.0470852151403655
Mexico,Corn,CornAEZ10,CornAEZ10,2005,CO_AWB,0.0243547327639832
Mexico,Corn,CornAEZ11,CornAEZ11,2005,CO_AWB,0.00106909495174613
Mexico,Corn,CornAEZ12,CornAEZ12,2005,CO_AWB,0.000553977838141374
Mexico,FiberCrop,FiberCropAEZ01,FiberCropAEZ01,2005,CO_AWB,0.000117621017770316
Mexico,FiberCrop,FiberCropAEZ02,FiberCropAEZ02,2005,CO_AWB,1.54738471085197e-05
Mexico,FiberCrop,FiberCropAEZ03,FiberCropAEZ03,2005,CO_AWB,3.02782259055597e-06
Mexico,FiberCrop,FiberCropAEZ04,FiberCropAEZ04,2005,CO_AWB,9.29648041622964e-06
Mexico,FiberCrop,FiberCropAEZ05,FiberCropAEZ05,2005,CO_AWB,1.59303027754377e-05
Mexico,FiberCrop,FiberCropAEZ06,FiberCropAEZ06,2005,CO_AWB,2.52800363528077e-05
Mexico,FiberCrop,FiberCropAEZ07,FiberCropAEZ07,2005,CO_AWB,0.00179721050495063
Mexico,FiberCrop,FiberCropAEZ08,FiberCropAEZ08,2005,CO_AWB,0.000411160049570825
Mexico,FiberCrop,FiberCropAEZ09,FiberCropAEZ09,2005,CO_AWB,0.000186089367808014
Mexico,FiberCrop,FiberCropAEZ10,FiberCropAEZ10,2005,CO_AWB,3.27126561291223e-06
Mexico,FiberCrop,FiberCropAEZ11,FiberCropAEZ11,2005,CO_AWB,6.08607555890646e-08
Mexico,FiberCrop,FiberCropAEZ12,FiberCropAEZ12,2005,CO_AWB,6.16215150339277e-07
Mexico,FodderGrass,FodderGrassAEZ01,FodderGrassAEZ01,2005,CO_AWB,0.000670299910789298
Mexico,FodderGrass,FodderGrassAEZ02,FodderGrassAEZ02,2005,CO_AWB,0.000740296116863843
Mexico,FodderGrass,FodderGrassAEZ03,FodderGrassAEZ03,2005,CO_AWB,0.00317255648092225
Mexico,FodderGrass,FodderGrassAEZ04,FodderGrassAEZ04,2005,CO_AWB,0.00372676797139568
Mexico,FodderGrass,FodderGrassAEZ05,FodderGrassAEZ05,2005,CO_AWB,0.00269177273537355
Mexico,FodderGrass,FodderGrassAEZ06,FodderGrassAEZ06,2005,CO_AWB,0.00416888851482109
Mexico,FodderGrass,FodderGrassAEZ07,FodderGrassAEZ07,2005,CO_AWB,0.00428593812533844
Mexico,FodderGrass,FodderGrassAEZ08,FodderGrassAEZ08,2005,CO_AWB,0.00244819635861389
Mexico,FodderGrass,FodderGrassAEZ09,FodderGrassAEZ09,2005,CO_AWB,0.00356059884665661
Mexico,FodderGrass,FodderGrassAEZ10,FodderGrassAEZ10,2005,CO_AWB,0.00179734482900417
Mexico,FodderGrass,FodderGrassAEZ11,FodderGrassAEZ11,2005,CO_AWB,0.000122888616414238
Mexico,FodderGrass,FodderGrassAEZ12,FodderGrassAEZ12,2005,CO_AWB,0.000112881458615594
Mexico,FodderHerb,FodderHerbAEZ01,FodderHerbAEZ01,2005,CO_AWB,0.000437491180715767
Mexico,FodderHerb,FodderHerbAEZ02,FodderHerbAEZ02,2005,CO_AWB,0.000542968346342978
Mexico,FodderHerb,FodderHerbAEZ03,FodderHerbAEZ03,2005,CO_AWB,0.0161121718584146
Mexico,FodderHerb,FodderHerbAEZ04,FodderHerbAEZ04,2005,CO_AWB,0.0169701221650619
Mexico,FodderHerb,FodderHerbAEZ05,FodderHerbAEZ05,2005,CO_AWB,0.000695041099046555
Mexico,FodderHerb,FodderHerbAEZ06,FodderHerbAEZ06,2005,CO_AWB,0.0156734532475326
Mexico,FodderHerb,FodderHerbAEZ07,FodderHerbAEZ07,2005,CO_AWB,0.0320072873041765
Mexico,FodderHerb,FodderHerbAEZ08,FodderHerbAEZ08,2005,CO_AWB,0.0282246631564263
Mexico,FodderHerb,FodderHerbAEZ09,FodderHerbAEZ09,2005,CO_AWB,0.137519066462078
Mexico,FodderHerb,FodderHerbAEZ10,FodderHerbAEZ10,2005,CO_AWB,0.0277894631786877
Mexico,FodderHerb,FodderHerbAEZ11,FodderHerbAEZ11,2005,CO_AWB,0.0028675457342183
Mexico,FodderHerb,FodderHerbAEZ12,FodderHerbAEZ12,2005,CO_AWB,0.000286271784223071
Mexico,MiscCrop,MiscCropAEZ01,MiscCropAEZ01,2005,CO_AWB,0.00593433461119593
Mexico,MiscCrop,MiscCropAEZ02,MiscCropAEZ02,2005,CO_AWB,0.00969486674894842
Mexico,MiscCrop,MiscCropAEZ03,MiscCropAEZ03,2005,CO_AWB,0.0295431388125981
Mexico,MiscCrop,MiscCropAEZ04,MiscCropAEZ04,2005,CO_AWB,0.022417357106418
Mexico,MiscCrop,MiscCropAEZ05,MiscCropAEZ05,2005,CO_AWB,0.0132157577055753
Mexico,MiscCrop,MiscCropAEZ06,MiscCropAEZ06,2005,CO_AWB,0.0433919238470203
Mexico,MiscCrop,MiscCropAEZ07,MiscCropAEZ07,2005,CO_AWB,0.0205968822447368
Mexico,MiscCrop,MiscCropAEZ08,MiscCropAEZ08,2005,CO_AWB,0.0137508811456623
Mexico,MiscCrop,MiscCropAEZ09,MiscCropAEZ09,2005,CO_AWB,0.0147077292041637
Mexico,MiscCrop,MiscCropAEZ10,MiscCropAEZ10,2005,CO_AWB,0.0101689631620752
Mexico,MiscCrop,MiscCropAEZ11,MiscCropAEZ11,2005,CO_AWB,0.000412260485956358
Mexico,MiscCrop,MiscCropAEZ12,MiscCropAEZ12,2005,CO_AWB,0.00344803601103912
Mexico,OilCrop,OilCropAEZ01,OilCropAEZ01,2005,CO_AWB,0.000351391739024642
Mexico,OilCrop,OilCropAEZ02,OilCropAEZ02,2005,CO_AWB,0.000405684242653588
Mexico,OilCrop,OilCropAEZ03,OilCropAEZ03,2005,CO_AWB,0.000100859742138729
Mexico,OilCrop,OilCropAEZ04,OilCropAEZ04,2005,CO_AWB,0.000520117110699555
Mexico,OilCrop,OilCropAEZ05,OilCropAEZ05,2005,CO_AWB,0.000388584641043351
Mexico,OilCrop,OilCropAEZ06,OilCropAEZ06,2005,CO_AWB,0.000181010953395622
Mexico,OilCrop,OilCropAEZ07,OilCropAEZ07,2005,CO_AWB,0.000128824187056957
Mexico,OilCrop,OilCropAEZ08,OilCropAEZ08,2005,CO_AWB,6.633706722607e-05
Mexico,OilCrop,OilCropAEZ09,OilCropAEZ09,2005,CO_AWB,0.000347402254821064
Mexico,OilCrop,OilCropAEZ10,OilCropAEZ10,2005,CO_AWB,0.000141445925634246
Mexico,OilCrop,OilCropAEZ11,OilCropAEZ11,2005,CO_AWB,1.87106174889479e-06
Mexico,OilCrop,OilCropAEZ12,OilCropAEZ12,2005,CO_AWB,6.34258219964335e-08
Mexico,OtherGrain,OtherGrainAEZ01,OtherGrainAEZ01,2005,CO_AWB,0.000300146323349765
Mexico,OtherGrain,OtherGrainAEZ02,OtherGrainAEZ02,2005,CO_AWB,0.00136947304186305
Mexico,OtherGrain,OtherGrainAEZ03,OtherGrainAEZ03,2005,CO_AWB,0.00409043404640548
Mexico,OtherGrain,OtherGrainAEZ04,OtherGrainAEZ04,2005,CO_AWB,0.00283086906938823
Mexico,OtherGrain,OtherGrainAEZ05,OtherGrainAEZ05,2005,CO_AWB,0.000439259827397089
Mexico,OtherGrain,OtherGrainAEZ06,OtherGrainAEZ06,2005,CO_AWB,0.000978026709991575
Mexico,OtherGrain,OtherGrainAEZ07,OtherGrainAEZ07,2005,CO_AWB,0.0130264520057397
Mexico,OtherGrain,OtherGrainAEZ08,OtherGrainAEZ08,2005,CO_AWB,0.00308041881455254
Mexico,OtherGrain,OtherGrainAEZ09,OtherGrainAEZ09,2005,CO_AWB,0.018977630741138
Mexico,OtherGrain,OtherGrainAEZ10,OtherGrainAEZ10,2005,CO_AWB,0.00216618631803594
Mexico,OtherGrain,OtherGrainAEZ11,OtherGrainAEZ11,2005,CO_AWB,0.000103685064932467
Mexico,OtherGrain,OtherGrainAEZ12,OtherGrainAEZ12,2005,CO_AWB,5.11653834005827e-05
Mexico,PalmFruit,PalmFruitAEZ01,PalmFruitAEZ01,2005,CO_AWB,0
Mexico,PalmFruit,PalmFruitAEZ02,PalmFruitAEZ02,2005,CO_AWB,0
Mexico,PalmFruit,PalmFruitAEZ03,PalmFruitAEZ03,2005,CO_AWB,0.00159955543757794
Mexico,PalmFruit,PalmFruitAEZ04,PalmFruitAEZ04,2005,CO_AWB,0.00121746187630104
Mexico,PalmFruit,PalmFruitAEZ05,PalmFruitAEZ05,2005,CO_AWB,0.00216389618308025
Mexico,PalmFruit,PalmFruitAEZ06,PalmFruitAEZ06,2005,CO_AWB,0.00437195460735877
Mexico,PalmFruit,PalmFruitAEZ07,PalmFruitAEZ07,2005,CO_AWB,0
Mexico,PalmFruit,PalmFruitAEZ08,PalmFruitAEZ08,2005,CO_AWB,0
Mexico,PalmFruit,PalmFruitAEZ09,PalmFruitAEZ09,2005,CO_AWB,1.54202451428624e-07
Mexico,PalmFruit,PalmFruitAEZ10,PalmFruitAEZ10,2005,CO_AWB,0
Mexico,PalmFruit,PalmFruitAEZ11,PalmFruitAEZ11,2005,CO_AWB,0
Mexico,PalmFruit,PalmFruitAEZ12,PalmFruitAEZ12,2005,CO_AWB,0
Mexico,Rice,RiceAEZ01,RiceAEZ01,2005,CO_AWB,0
Mexico,Rice,RiceAEZ02,RiceAEZ02,2005,CO_AWB,1.52204802183286e-05
Mexico,Rice,RiceAEZ03,RiceAEZ03,2005,CO_AWB,0.000385677782332647
Mexico,Rice,RiceAEZ04,RiceAEZ04,2005,CO_AWB,0.000378618097006078
Mexico,Rice,RiceAEZ05,RiceAEZ05,2005,CO_AWB,0.000422675063723207
Mexico,Rice,RiceAEZ06,RiceAEZ06,2005,CO_AWB,0.00047981321207486
Mexico,Rice,RiceAEZ07,RiceAEZ07,2005,CO_AWB,0
Mexico,Rice,RiceAEZ08,RiceAEZ08,2005,CO_AWB,1.49750900866565e-06
Mexico,Rice,RiceAEZ09,RiceAEZ09,2005,CO_AWB,8.25077127337508e-05
Mexico,Rice,RiceAEZ10,RiceAEZ10,2005,CO_AWB,0.000194669879071876
Mexico,Rice,RiceAEZ11,RiceAEZ11,2005,CO_AWB,0
Mexico,Rice,RiceAEZ12,RiceAEZ12,2005,CO_AWB,1.74919119499601e-06
Mexico,Root_Tuber,Root_TuberAEZ01,Root_TuberAEZ01,2005,CO_AWB,0.00161767085811254
Mexico,Root_Tuber,Root_TuberAEZ02,Root_TuberAEZ02,2005,CO_AWB,0.0012619377903711
Mexico,Root_Tuber,Root_TuberAEZ03,Root_TuberAEZ03,2005,CO_AWB,0.000590268473100198
Mexico,Root_Tuber,Root_TuberAEZ04,Root_TuberAEZ04,2005,CO_AWB,0.000227411755774926
Mexico,Root_Tuber,Root_TuberAEZ05,Root_TuberAEZ05,2005,CO_AWB,0.000195121064976796
Mexico,Root_Tuber,Root_TuberAEZ06,Root_TuberAEZ06,2005,CO_AWB,0.00149959039004441
Mexico,Root_Tuber,Root_TuberAEZ07,Root_TuberAEZ07,2005,CO_AWB,0.00221443189237706
Mexico,Root_Tuber,Root_TuberAEZ08,Root_TuberAEZ08,2005,CO_AWB,0.000551886822859245
Mexico,Root_Tuber,Root_TuberAEZ09,Root_TuberAEZ09,2005,CO_AWB,0.00199453582596171
Mexico,Root_Tuber,Root_TuberAEZ10,Root_TuberAEZ10,2005,CO_AWB,0.00187780359224435
Mexico,Root_Tuber,Root_TuberAEZ11,Root_TuberAEZ11,2005,CO_AWB,7.51568935958847e-06
Mexico,Root_Tuber,Root_TuberAEZ12,Root_TuberAEZ12,2005,CO_AWB,0.000387660404601063
Mexico,SugarCrop,SugarCropAEZ01,SugarCropAEZ01,2005,CO_AWB,0.00452266406343964
Mexico,SugarCrop,SugarCropAEZ02,SugarCropAEZ02,2005,CO_AWB,0.00480671137645634
Mexico,SugarCrop,SugarCropAEZ03,SugarCropAEZ03,2005,CO_AWB,0.0329375551415143
Mexico,SugarCrop,SugarCropAEZ04,SugarCropAEZ04,2005,CO_AWB,0.0734330160083175
Mexico,SugarCrop,SugarCropAEZ05,SugarCropAEZ05,2005,CO_AWB,0.0777056588719906
Mexico,SugarCrop,SugarCropAEZ06,SugarCropAEZ06,2005,CO_AWB,0.0696374088286552
Mexico,SugarCrop,SugarCropAEZ07,SugarCropAEZ07,2005,CO_AWB,0.0138686498239872
Mexico,SugarCrop,SugarCropAEZ08,SugarCropAEZ08,2005,CO_AWB,0.00585662036880614
Mexico,SugarCrop,SugarCropAEZ09,SugarCropAEZ09,2005,CO_AWB,0.0186253204096624
Mexico,SugarCrop,SugarCropAEZ10,SugarCropAEZ10,2005,CO_AWB,0.0315032465077126
Mexico,SugarCrop,SugarCropAEZ11,SugarCropAEZ11,2005,CO_AWB,0.000203249677475644
Mexico,SugarCrop,SugarCropAEZ12,SugarCropAEZ12,2005,CO_AWB,0.000279410772818521
Mexico,Wheat,WheatAEZ01,WheatAEZ01,2005,CO_AWB,0.00882487108367245
Mexico,Wheat,WheatAEZ02,WheatAEZ02,2005,CO_AWB,0.00360711078231283
Mexico,Wheat,WheatAEZ03,WheatAEZ03,2005,CO_AWB,0.000277082707775205
Mexico,Wheat,WheatAEZ04,WheatAEZ04,2005,CO_AWB,0.000213075141301937
Mexico,Wheat,WheatAEZ05,WheatAEZ05,2005,CO_AWB,2.65849948682234e-05
Mexico,Wheat,WheatAEZ06,WheatAEZ06,2005,CO_AWB,0.000219356145720128
Mexico,Wheat,WheatAEZ07,WheatAEZ07,2005,CO_AWB,0.00163175584943198
Mexico,Wheat,WheatAEZ08,WheatAEZ08,2005,CO_AWB,0.000549992050365016
Mexico,Wheat,WheatAEZ09,WheatAEZ09,2005,CO_AWB,0.00377050072374618
Mexico,Wheat,WheatAEZ10,WheatAEZ10,2005,CO_AWB,0.000742050675453561
Mexico,Wheat,WheatAEZ11,WheatAEZ11,2005,CO_AWB,1.29512035810737e-05
Mexico,Wheat,WheatAEZ12,WheatAEZ12,2005,CO_AWB,1.07178245076847e-05
Mexico,Corn,CornAEZ01,CornAEZ01,2005,N2O_AWB,1.41628239684449e-06
Mexico,Corn,CornAEZ02,CornAEZ02,2005,N2O_AWB,4.49127626607883e-07
Mexico,Corn,CornAEZ03,CornAEZ03,2005,N2O_AWB,5.05707882662393e-06
Mexico,Corn,CornAEZ04,CornAEZ04,2005,N2O_AWB,1.9904241669431e-05
Mexico,Corn,CornAEZ05,CornAEZ05,2005,N2O_AWB,6.56627083325147e-06
Mexico,Corn,CornAEZ06,CornAEZ06,2005,N2O_AWB,1.06998320093912e-05
Mexico,Corn,CornAEZ07,CornAEZ07,2005,N2O_AWB,4.01690901137523e-06
Mexico,Corn,CornAEZ08,CornAEZ08,2005,N2O_AWB,5.45930195717663e-06
Mexico,Corn,CornAEZ09,CornAEZ09,2005,N2O_AWB,3.43678065650705e-05
Mexico,Corn,CornAEZ10,CornAEZ10,2005,N2O_AWB,1.77766787744588e-05
Mexico,Corn,CornAEZ11,CornAEZ11,2005,N2O_AWB,7.80339399358625e-07
Mexico,Corn,CornAEZ12,CornAEZ12,2005,N2O_AWB,4.0435204821347e-07
Mexico,FiberCrop,FiberCropAEZ01,FiberCropAEZ01,2005,N2O_AWB,8.58523503538478e-08
Mexico,FiberCrop,FiberCropAEZ02,FiberCropAEZ02,2005,N2O_AWB,1.1294462235284e-08
Mexico,FiberCrop,FiberCropAEZ03,FiberCropAEZ03,2005,N2O_AWB,2.21002751703197e-09
Mexico,FiberCrop,FiberCropAEZ04,FiberCropAEZ04,2005,N2O_AWB,6.78556187390219e-09
Mexico,FiberCrop,FiberCropAEZ05,FiberCropAEZ05,2005,N2O_AWB,1.1627632212726e-08
Mexico,FiberCrop,FiberCropAEZ06,FiberCropAEZ06,2005,N2O_AWB,1.84520639173298e-08
Mexico,FiberCrop,FiberCropAEZ07,FiberCropAEZ07,2005,N2O_AWB,1.31179570501537e-06
Mexico,FiberCrop,FiberCropAEZ08,FiberCropAEZ08,2005,N2O_AWB,3.00108410013845e-07
Mexico,FiberCrop,FiberCropAEZ09,FiberCropAEZ09,2005,N2O_AWB,1.35827846970149e-07
Mexico,FiberCrop,FiberCropAEZ10,FiberCropAEZ10,2005,N2O_AWB,2.38771817166771e-09
Mexico,FiberCrop,FiberCropAEZ11,FiberCropAEZ11,2005,N2O_AWB,4.44226636589341e-11
Mexico,FiberCrop,FiberCropAEZ12,FiberCropAEZ12,2005,N2O_AWB,4.49779469546706e-10
Mexico,FodderGrass,FodderGrassAEZ01,FodderGrassAEZ01,2005,N2O_AWB,4.89256290024712e-07
Mexico,FodderGrass,FodderGrassAEZ02,FodderGrassAEZ02,2005,N2O_AWB,5.40346978757627e-07
Mexico,FodderGrass,FodderGrassAEZ03,FodderGrassAEZ03,2005,N2O_AWB,2.31566973046755e-06
Mexico,FodderGrass,FodderGrassAEZ04,FodderGrassAEZ04,2005,N2O_AWB,2.72019232304676e-06
Mexico,FodderGrass,FodderGrassAEZ05,FodderGrassAEZ05,2005,N2O_AWB,1.96474252927733e-06
Mexico,FodderGrass,FodderGrassAEZ06,FodderGrassAEZ06,2005,N2O_AWB,3.04289900007034e-06
Mexico,FodderGrass,FodderGrassAEZ07,FodderGrassAEZ07,2005,N2O_AWB,3.12833427653208e-06
Mexico,FodderGrass,FodderGrassAEZ08,FodderGrassAEZ08,2005,N2O_AWB,1.78695453839014e-06
Mexico,FodderGrass,FodderGrassAEZ09,FodderGrassAEZ09,2005,N2O_AWB,2.59890439181198e-06
Mexico,FodderGrass,FodderGrassAEZ10,FodderGrassAEZ10,2005,N2O_AWB,1.3118937490208e-06
Mexico,FodderGrass,FodderGrassAEZ11,FodderGrassAEZ11,2005,N2O_AWB,8.96972050649719e-08
Mexico,FodderGrass,FodderGrassAEZ12,FodderGrassAEZ12,2005,N2O_AWB,8.23929151203543e-08
Mexico,FodderHerb,FodderHerbAEZ01,FodderHerbAEZ01,2005,N2O_AWB,3.19327674896275e-07
Mexico,FodderHerb,FodderHerbAEZ02,FodderHerbAEZ02,2005,N2O_AWB,3.96316148125108e-07
Mexico,FodderHerb,FodderHerbAEZ03,FodderHerbAEZ03,2005,N2O_AWB,1.17603796461886e-05
Mexico,FodderHerb,FodderHerbAEZ04,FodderHerbAEZ04,2005,N2O_AWB,1.23866031877695e-05
Mexico,FodderHerb,FodderHerbAEZ05,FodderHerbAEZ05,2005,N2O_AWB,5.07315045191925e-07
Mexico,FodderHerb,FodderHerbAEZ06,FodderHerbAEZ06,2005,N2O_AWB,1.1440156061984e-05
Mexico,FodderHerb,FodderHerbAEZ07,FodderHerbAEZ07,2005,N2O_AWB,2.33623283967867e-05
Mexico,FodderHerb,FodderHerbAEZ08,FodderHerbAEZ08,2005,N2O_AWB,2.06013662852046e-05
Mexico,FodderHerb,FodderHerbAEZ09,FodderHerbAEZ09,2005,N2O_AWB,0.000100376066268115
Mexico,FodderHerb,FodderHerbAEZ10,FodderHerbAEZ10,2005,N2O_AWB,2.02837109743506e-05
Mexico,FodderHerb,FodderHerbAEZ11,FodderHerbAEZ11,2005,N2O_AWB,2.09304039105092e-06
Mexico,FodderHerb,FodderHerbAEZ12,FodderHerbAEZ12,2005,N2O_AWB,2.08951648110485e-07
Mexico,MiscCrop,MiscCropAEZ01,MiscCropAEZ01,2005,N2O_AWB,4.3315096554617e-06
Mexico,MiscCrop,MiscCropAEZ02,MiscCropAEZ02,2005,N2O_AWB,7.07634666441936e-06
Mexico,MiscCrop,MiscCropAEZ03,MiscCropAEZ03,2005,N2O_AWB,2.15637302921861e-05
Mexico,MiscCrop,MiscCropAEZ04,MiscCropAEZ04,2005,N2O_AWB,1.63625756075818e-05
Mexico,MiscCrop,MiscCropAEZ05,MiscCropAEZ05,2005,N2O_AWB,9.64626800752738e-06
Mexico,MiscCrop,MiscCropAEZ06,MiscCropAEZ06,2005,N2O_AWB,3.16720490883391e-05
Mexico,MiscCrop,MiscCropAEZ07,MiscCropAEZ07,2005,N2O_AWB,1.5033799096392e-05
Mexico,MiscCrop,MiscCropAEZ08,MiscCropAEZ08,2005,N2O_AWB,1.00368581072544e-05
Mexico,MiscCrop,MiscCropAEZ09,MiscCropAEZ09,2005,N2O_AWB,1.07352677649083e-05
Mexico,MiscCrop,MiscCropAEZ10,MiscCropAEZ10,2005,N2O_AWB,7.42239273792594e-06
Mexico,MiscCrop,MiscCropAEZ11,MiscCropAEZ11,2005,N2O_AWB,3.00911625730762e-07
Mexico,MiscCrop,MiscCropAEZ12,MiscCropAEZ12,2005,N2O_AWB,2.51674404170239e-06
Mexico,OilCrop,OilCropAEZ01,OilCropAEZ01,2005,N2O_AWB,2.56483129138547e-07
Mexico,OilCrop,OilCropAEZ02,OilCropAEZ02,2005,N2O_AWB,2.96111582721918e-07
Mexico,OilCrop,OilCropAEZ03,OilCropAEZ03,2005,N2O_AWB,7.36181856171471e-08
Mexico,OilCrop,OilCropAEZ04,OilCropAEZ04,2005,N2O_AWB,3.79636881734909e-07
Mexico,OilCrop,OilCropAEZ05,OilCropAEZ05,2005,N2O_AWB,2.83630471640053e-07
Mexico,OilCrop,OilCropAEZ06,OilCropAEZ06,2005,N2O_AWB,1.32121079067272e-07
Mexico,OilCrop,OilCropAEZ07,OilCropAEZ07,2005,N2O_AWB,9.40296169079281e-08
Mexico,OilCrop,OilCropAEZ08,OilCropAEZ08,2005,N2O_AWB,4.84198593491221e-08
Mexico,OilCrop,OilCropAEZ09,OilCropAEZ09,2005,N2O_AWB,2.53571178518926e-07
Mexico,OilCrop,OilCropAEZ10,OilCropAEZ10,2005,N2O_AWB,1.03242306467613e-07
Mexico,OilCrop,OilCropAEZ11,OilCropAEZ11,2005,N2O_AWB,1.36570021110919e-09
Mexico,OilCrop,OilCropAEZ12,OilCropAEZ12,2005,N2O_AWB,4.62949224104809e-11
Mexico,OtherGrain,OtherGrainAEZ01,OtherGrainAEZ01,2005,N2O_AWB,2.19078764987072e-07
Mexico,OtherGrain,OtherGrainAEZ02,OtherGrainAEZ02,2005,N2O_AWB,9.99587332425275e-07
Mexico,OtherGrain,OtherGrainAEZ03,OtherGrainAEZ03,2005,N2O_AWB,2.98563457032026e-06
Mexico,OtherGrain,OtherGrainAEZ04,OtherGrainAEZ04,2005,N2O_AWB,2.06626985345066e-06
Mexico,OtherGrain,OtherGrainAEZ05,OtherGrainAEZ05,2005,N2O_AWB,3.20618621679557e-07
Mexico,OtherGrain,OtherGrainAEZ06,OtherGrainAEZ06,2005,N2O_AWB,7.1386809392843e-07
Mexico,OtherGrain,OtherGrainAEZ07,OtherGrainAEZ07,2005,N2O_AWB,9.50809253876886e-06
Mexico,OtherGrain,OtherGrainAEZ08,OtherGrainAEZ08,2005,N2O_AWB,2.24841784501452e-06
Mexico,OtherGrain,OtherGrainAEZ09,OtherGrainAEZ09,2005,N2O_AWB,1.38518968306811e-05
Mexico,OtherGrain,OtherGrainAEZ10,OtherGrainAEZ10,2005,N2O_AWB,1.58111356484679e-06
Mexico,OtherGrain,OtherGrainAEZ11,OtherGrainAEZ11,2005,N2O_AWB,7.56804072077168e-08
Mexico,OtherGrain,OtherGrainAEZ12,OtherGrainAEZ12,2005,N2O_AWB,3.73459480708926e-08
Mexico,PalmFruit,PalmFruitAEZ01,PalmFruitAEZ01,2005,N2O_AWB,0
Mexico,PalmFruit,PalmFruitAEZ02,PalmFruitAEZ02,2005,N2O_AWB,0
Mexico,PalmFruit,PalmFruitAEZ03,PalmFruitAEZ03,2005,N2O_AWB,1.1675259782695e-06
Mexico,PalmFruit,PalmFruitAEZ04,PalmFruitAEZ04,2005,N2O_AWB,8.88633388215992e-07
Mexico,PalmFruit,PalmFruitAEZ05,PalmFruitAEZ05,2005,N2O_AWB,1.57944198036044e-06
Mexico,PalmFruit,PalmFruitAEZ06,PalmFruitAEZ06,2005,N2O_AWB,3.19111826948336e-06
Mexico,PalmFruit,PalmFruitAEZ07,PalmFruitAEZ07,2005,N2O_AWB,0
Mexico,PalmFruit,PalmFruitAEZ08,PalmFruitAEZ08,2005,N2O_AWB,0
Mexico,PalmFruit,PalmFruitAEZ09,PalmFruitAEZ09,2005,N2O_AWB,1.12553378098837e-10
Mexico,PalmFruit,PalmFruitAEZ10,PalmFruitAEZ10,2005,N2O_AWB,0
Mexico,PalmFruit,PalmFruitAEZ11,PalmFruitAEZ11,2005,N2O_AWB,0
Mexico,PalmFruit,PalmFruitAEZ12,PalmFruitAEZ12,2005,N2O_AWB,0
Mexico,Rice,RiceAEZ01,RiceAEZ01,2005,N2O_AWB,0
Mexico,Rice,RiceAEZ02,RiceAEZ02,2005,N2O_AWB,1.11095280845931e-08
Mexico,Rice,RiceAEZ03,RiceAEZ03,2005,N2O_AWB,2.81508736450278e-07
Mexico,Rice,RiceAEZ04,RiceAEZ04,2005,N2O_AWB,2.76355825945558e-07
Mexico,Rice,RiceAEZ05,RiceAEZ05,2005,N2O_AWB,3.08513294175537e-07
Mexico,Rice,RiceAEZ06,RiceAEZ06,2005,N2O_AWB,3.50218802458379e-07
Mexico,Rice,RiceAEZ07,RiceAEZ07,2005,N2O_AWB,0
Mexico,Rice,RiceAEZ08,RiceAEZ08,2005,N2O_AWB,1.09304162221297e-09
Mexico,Rice,RiceAEZ09,RiceAEZ09,2005,N2O_AWB,6.0222919294448e-08
Mexico,Rice,RiceAEZ10,RiceAEZ10,2005,N2O_AWB,1.42090818275827e-07
Mexico,Rice,RiceAEZ11,RiceAEZ11,2005,N2O_AWB,0
Mexico,Rice,RiceAEZ12,RiceAEZ12,2005,N2O_AWB,1.27674609653447e-09
Mexico,Root_Tuber,Root_TuberAEZ01,Root_TuberAEZ01,2005,N2O_AWB,1.18074854222981e-06
Mexico,Root_Tuber,Root_TuberAEZ02,Root_TuberAEZ02,2005,N2O_AWB,9.21096648859656e-07
Mexico,Root_Tuber,Root_TuberAEZ03,Root_TuberAEZ03,2005,N2O_AWB,4.30840820085284e-07
Mexico,Root_Tuber,Root_TuberAEZ04,Root_TuberAEZ04,2005,N2O_AWB,1.65989328280577e-07
Mexico,Root_Tuber,Root_TuberAEZ05,Root_TuberAEZ05,2005,N2O_AWB,1.42420141819512e-07
Mexico,Root_Tuber,Root_TuberAEZ06,Root_TuberAEZ06,2005,N2O_AWB,1.09456083609783e-06
Mexico,Root_Tuber,Root_TuberAEZ07,Root_TuberAEZ07,2005,N2O_AWB,1.61632832518363e-06
Mexico,Root_Tuber,Root_TuberAEZ08,Root_TuberAEZ08,2005,N2O_AWB,4.02825802479505e-07
Mexico,Root_Tuber,Root_TuberAEZ09,Root_TuberAEZ09,2005,N2O_AWB,1.45582474773467e-06
Mexico,Root_Tuber,Root_TuberAEZ10,Root_TuberAEZ10,2005,N2O_AWB,1.37062112667555e-06
Mexico,Root_Tuber,Root_TuberAEZ11,Root_TuberAEZ11,2005,N2O_AWB,5.48575083162485e-09
Mexico,Root_Tuber,Root_TuberAEZ12,Root_TuberAEZ12,2005,N2O_AWB,2.82955865414421e-07
Mexico,SugarCrop,SugarCropAEZ01,SugarCropAEZ01,2005,N2O_AWB,3.3011220874265e-06
Mexico,SugarCrop,SugarCropAEZ02,SugarCropAEZ02,2005,N2O_AWB,3.50845007945084e-06
Mexico,SugarCrop,SugarCropAEZ03,SugarCropAEZ03,2005,N2O_AWB,2.4041336977124e-05
Mexico,SugarCrop,SugarCropAEZ04,SugarCropAEZ04,2005,N2O_AWB,5.35992387873794e-05
Mexico,SugarCrop,SugarCropAEZ05,SugarCropAEZ05,2005,N2O_AWB,5.67178687654436e-05
Mexico,SugarCrop,SugarCropAEZ06,SugarCropAEZ06,2005,N2O_AWB,5.08288002758689e-05
Mexico,SugarCrop,SugarCropAEZ07,SugarCropAEZ07,2005,N2O_AWB,1.01228182360131e-05
Mexico,SugarCrop,SugarCropAEZ08,SugarCropAEZ08,2005,N2O_AWB,4.27478552153046e-06
Mexico,SugarCrop,SugarCropAEZ09,SugarCropAEZ09,2005,N2O_AWB,1.35947432149031e-05
Mexico,SugarCrop,SugarCropAEZ10,SugarCropAEZ10,2005,N2O_AWB,2.29944257219846e-05
Mexico,SugarCrop,SugarCropAEZ11,SugarCropAEZ11,2005,N2O_AWB,1.4835326926026e-07
Mexico,SugarCrop,SugarCropAEZ12,SugarCropAEZ12,2005,N2O_AWB,2.03943751001182e-07
Mexico,Wheat,WheatAEZ01,WheatAEZ01,2005,N2O_AWB,6.441331136774e-06
Mexico,Wheat,WheatAEZ02,WheatAEZ02,2005,N2O_AWB,2.63285375793114e-06
Mexico,Wheat,WheatAEZ03,WheatAEZ03,2005,N2O_AWB,2.02244481095734e-07
Mexico,Wheat,WheatAEZ04,WheatAEZ04,2005,N2O_AWB,1.55524939585807e-07
Mexico,Wheat,WheatAEZ05,WheatAEZ05,2005,N2O_AWB,1.94045616748434e-08
Mexico,Wheat,WheatAEZ06,WheatAEZ06,2005,N2O_AWB,1.60109485801327e-07
Mexico,Wheat,WheatAEZ07,WheatAEZ07,2005,N2O_AWB,1.19102926953867e-06
Mexico,Wheat,WheatAEZ08,WheatAEZ08,2005,N2O_AWB,4.01442795640259e-07
Mexico,Wheat,WheatAEZ09,WheatAEZ09,2005,N2O_AWB,2.7521131450895e-06
Mexico,Wheat,WheatAEZ10,WheatAEZ10,2005,N2O_AWB,5.41627642550683e-07
Mexico,Wheat,WheatAEZ11,WheatAEZ11,2005,N2O_AWB,9.45316822132575e-09
Mexico,Wheat,WheatAEZ12,WheatAEZ12,2005,N2O_AWB,7.823010224768e-09
Mexico,Corn,CornAEZ01,CornAEZ01,2005,NH3_AWB,2.62946155624138e-05
Mexico,Corn,CornAEZ02,CornAEZ02,2005,NH3_AWB,8.33847706250231e-06
Mexico,Corn,CornAEZ03,CornAEZ03,2005,NH3_AWB,9.38894276389846e-05
Mexico,Corn,CornAEZ04,CornAEZ04,2005,NH3_AWB,0.000369540978497759
Mexico,Corn,CornAEZ05,CornAEZ05,2005,NH3_AWB,0.000121908997544362
Mexico,Corn,CornAEZ06,CornAEZ06,2005,NH3_AWB,0.000198652450878581
Mexico,Corn,CornAEZ07,CornAEZ07,2005,NH3_AWB,7.45776961138808e-05
Mexico,Corn,CornAEZ08,CornAEZ08,2005,NH3_AWB,0.000101357078590347
Mexico,Corn,CornAEZ09,CornAEZ09,2005,NH3_AWB,0.000638070672462897
Mexico,Corn,CornAEZ10,CornAEZ10,2005,NH3_AWB,0.000330040771100707
Mexico,Corn,CornAEZ11,CornAEZ11,2005,NH3_AWB,1.44877353274008e-05
Mexico,Corn,CornAEZ12,CornAEZ12,2005,NH3_AWB,7.50717631126161e-06
Mexico,FiberCrop,FiberCropAEZ01,FiberCropAEZ01,2005,NH3_AWB,1.59392968006504e-06
Mexico,FiberCrop,FiberCropAEZ02,FiberCropAEZ02,2005,NH3_AWB,2.09692320629473e-07
Mexico,FiberCrop,FiberCropAEZ03,FiberCropAEZ03,2005,NH3_AWB,4.10312407131416e-08
Mexico,FiberCrop,FiberCropAEZ04,FiberCropAEZ04,2005,NH3_AWB,1.25980342089093e-07
Mexico,FiberCrop,FiberCropAEZ05,FiberCropAEZ05,2005,NH3_AWB,2.15877934807333e-07
Mexico,FiberCrop,FiberCropAEZ06,FiberCropAEZ06,2005,NH3_AWB,3.42579931883843e-07
Mexico,FiberCrop,FiberCropAEZ07,FiberCropAEZ07,2005,NH3_AWB,2.435472179606e-05
Mexico,FiberCrop,FiberCropAEZ08,FiberCropAEZ08,2005,NH3_AWB,5.57179506427753e-06
Mexico,FiberCrop,FiberCropAEZ09,FiberCropAEZ09,2005,NH3_AWB,2.52177180674412e-06
Mexico,FiberCrop,FiberCropAEZ10,FiberCropAEZ10,2005,NH3_AWB,4.43302349413339e-08
Mexico,FiberCrop,FiberCropAEZ11,FiberCropAEZ11,2005,NH3_AWB,8.24748557048072e-10
Mexico,FiberCrop,FiberCropAEZ12,FiberCropAEZ12,2005,NH3_AWB,8.35057914011169e-09
Mexico,FodderGrass,FodderGrassAEZ01,FodderGrassAEZ01,2005,NH3_AWB,9.08350346396712e-06
Mexico,FodderGrass,FodderGrassAEZ02,FodderGrassAEZ02,2005,NH3_AWB,1.00320501817997e-05
Mexico,FodderGrass,FodderGrassAEZ03,FodderGrassAEZ03,2005,NH3_AWB,4.29925878255819e-05
Mexico,FodderGrass,FodderGrassAEZ04,FodderGrassAEZ04,2005,NH3_AWB,5.05029304534929e-05
Mexico,FodderGrass,FodderGrassAEZ05,FodderGrassAEZ05,2005,NH3_AWB,3.6477294077492e-05
Mexico,FodderGrass,FodderGrassAEZ06,FodderGrassAEZ06,2005,NH3_AWB,5.64942836120614e-05
Mexico,FodderGrass,FodderGrassAEZ07,FodderGrassAEZ07,2005,NH3_AWB,5.80804699228107e-05
Mexico,FodderGrass,FodderGrassAEZ08,FodderGrassAEZ08,2005,NH3_AWB,3.31764927101882e-05
Mexico,FodderGrass,FodderGrassAEZ09,FodderGrassAEZ09,2005,NH3_AWB,4.82511058659074e-05
Mexico,FodderGrass,FodderGrassAEZ10,FodderGrassAEZ10,2005,NH3_AWB,2.43565420752902e-05
Mexico,FodderGrass,FodderGrassAEZ11,FodderGrassAEZ11,2005,NH3_AWB,1.66531302617425e-06
Mexico,FodderGrass,FodderGrassAEZ12,FodderGrassAEZ12,2005,NH3_AWB,1.52970200927674e-06
Mexico,FodderHerb,FodderHerbAEZ01,FodderHerbAEZ01,2005,NH3_AWB,5.92861880409217e-06
Mexico,FodderHerb,FodderHerbAEZ02,FodderHerbAEZ02,2005,NH3_AWB,7.35798226352634e-06
Mexico,FodderHerb,FodderHerbAEZ03,FodderHerbAEZ03,2005,NH3_AWB,0.000218342515838329
Mexico,FodderHerb,FodderHerbAEZ04,FodderHerbAEZ04,2005,NH3_AWB,0.000229968945227474
Mexico,FodderHerb,FodderHerbAEZ05,FodderHerbAEZ05,2005,NH3_AWB,9.41878124876173e-06
Mexico,FodderHerb,FodderHerbAEZ06,FodderHerbAEZ06,2005,NH3_AWB,0.000212397263634787
Mexico,FodderHerb,FodderHerbAEZ07,FodderHerbAEZ07,2005,NH3_AWB,0.000433743613000522
Mexico,FodderHerb,FodderHerbAEZ08,FodderHerbAEZ08,2005,NH3_AWB,0.000382483753054376
Mexico,FodderHerb,FodderHerbAEZ09,FodderHerbAEZ09,2005,NH3_AWB,0.00186357613429919
Mexico,FodderHerb,FodderHerbAEZ10,FodderHerbAEZ10,2005,NH3_AWB,0.000376586183262591
Mexico,FodderHerb,FodderHerbAEZ11,FodderHerbAEZ11,2005,NH3_AWB,3.88592646225844e-05
Mexico,FodderHerb,FodderHerbAEZ12,FodderHerbAEZ12,2005,NH3_AWB,3.87938399180797e-06
Mexico,MiscCrop,MiscCropAEZ01,MiscCropAEZ01,2005,NH3_AWB,8.04185531423747e-05
Mexico,MiscCrop,MiscCropAEZ02,MiscCropAEZ02,2005,NH3_AWB,0.000131379035382946
Mexico,MiscCrop,MiscCropAEZ03,MiscCropAEZ03,2005,NH3_AWB,0.000400350946525863
Mexico,MiscCrop,MiscCropAEZ04,MiscCropAEZ04,2005,NH3_AWB,0.000303786614993515
Mexico,MiscCrop,MiscCropAEZ05,MiscCropAEZ05,2005,NH3_AWB,0.000179092043673684
Mexico,MiscCrop,MiscCropAEZ06,MiscCropAEZ06,2005,NH3_AWB,0.000588021397926911
Mexico,MiscCrop,MiscCropAEZ07,MiscCropAEZ07,2005,NH3_AWB,0.000279116628550172
Mexico,MiscCrop,MiscCropAEZ08,MiscCropAEZ08,2005,NH3_AWB,0.00018634371645991
Mexico,MiscCrop,MiscCropAEZ09,MiscCropAEZ09,2005,NH3_AWB,0.000199310349028387
Mexico,MiscCrop,MiscCropAEZ10,MiscCropAEZ10,2005,NH3_AWB,0.000137803706401954
Mexico,MiscCrop,MiscCropAEZ11,MiscCropAEZ11,2005,NH3_AWB,5.58670751996934e-06
Mexico,MiscCrop,MiscCropAEZ12,MiscCropAEZ12,2005,NH3_AWB,4.67257216449227e-05
Mexico,OilCrop,OilCropAEZ01,OilCropAEZ01,2005,NH3_AWB,4.76185066902552e-06
Mexico,OilCrop,OilCropAEZ02,OilCropAEZ02,2005,NH3_AWB,5.49759020418414e-06
Mexico,OilCrop,OilCropAEZ03,OilCropAEZ03,2005,NH3_AWB,1.36679089814166e-06
Mexico,OilCrop,OilCropAEZ04,OilCropAEZ04,2005,NH3_AWB,7.04831598611547e-06
Mexico,OilCrop,OilCropAEZ05,OilCropAEZ05,2005,NH3_AWB,5.2658666309613e-06
Mexico,OilCrop,OilCropAEZ06,OilCropAEZ06,2005,NH3_AWB,2.45295217218366e-06
Mexico,OilCrop,OilCropAEZ07,OilCropAEZ07,2005,NH3_AWB,1.74574832927651e-06
Mexico,OilCrop,OilCropAEZ08,OilCropAEZ08,2005,NH3_AWB,8.98960256801883e-07
Mexico,OilCrop,OilCropAEZ09,OilCropAEZ09,2005,NH3_AWB,4.70778756533218e-06
Mexico,OilCrop,OilCropAEZ10,OilCropAEZ10,2005,NH3_AWB,1.91679058102483e-06
Mexico,OilCrop,OilCropAEZ11,OilCropAEZ11,2005,NH3_AWB,2.53555096812846e-08
Mexico,OilCrop,OilCropAEZ12,OilCropAEZ12,2005,NH3_AWB,8.59508802755407e-10
Mexico,OtherGrain,OtherGrainAEZ01,OtherGrainAEZ01,2005,NH3_AWB,4.06740344726318e-06
Mexico,OtherGrain,OtherGrainAEZ02,OtherGrainAEZ02,2005,NH3_AWB,1.85582795392657e-05
Mexico,OtherGrain,OtherGrainAEZ03,OtherGrainAEZ03,2005,NH3_AWB,5.54311155821303e-05
Mexico,OtherGrain,OtherGrainAEZ04,OtherGrainAEZ04,2005,NH3_AWB,3.83622443982517e-05
Mexico,OtherGrain,OtherGrainAEZ05,OtherGrainAEZ05,2005,NH3_AWB,5.95258644603532e-06
Mexico,OtherGrain,OtherGrainAEZ06,OtherGrainAEZ06,2005,NH3_AWB,1.32536329858671e-05
Mexico,OtherGrain,OtherGrainAEZ07,OtherGrainAEZ07,2005,NH3_AWB,0.000176526686059089
Mexico,OtherGrain,OtherGrainAEZ08,OtherGrainAEZ08,2005,NH3_AWB,4.17439932813195e-05
Mexico,OtherGrain,OtherGrainAEZ09,OtherGrainAEZ09,2005,NH3_AWB,0.000257173500697664
Mexico,OtherGrain,OtherGrainAEZ10,OtherGrainAEZ10,2005,NH3_AWB,2.93548613191786e-05
Mexico,OtherGrain,OtherGrainAEZ11,OtherGrainAEZ11,2005,NH3_AWB,1.4050779827297e-06
Mexico,OtherGrain,OtherGrainAEZ12,OtherGrainAEZ12,2005,NH3_AWB,6.93362672250886e-07
Mexico,PalmFruit,PalmFruitAEZ01,PalmFruitAEZ01,2005,NH3_AWB,0
Mexico,PalmFruit,PalmFruitAEZ02,PalmFruitAEZ02,2005,NH3_AWB,0
Mexico,PalmFruit,PalmFruitAEZ03,PalmFruitAEZ03,2005,NH3_AWB,2.16762185466169e-05
Mexico,PalmFruit,PalmFruitAEZ04,PalmFruitAEZ04,2005,NH3_AWB,1.64983151461356e-05
Mexico,PalmFruit,PalmFruitAEZ05,PalmFruitAEZ05,2005,NH3_AWB,2.93238267800594e-05
Mexico,PalmFruit,PalmFruitAEZ06,PalmFruitAEZ06,2005,NH3_AWB,5.92461138380394e-05
Mexico,PalmFruit,PalmFruitAEZ07,PalmFruitAEZ07,2005,NH3_AWB,0
Mexico,PalmFruit,PalmFruitAEZ08,PalmFruitAEZ08,2005,NH3_AWB,0
Mexico,PalmFruit,PalmFruitAEZ09,PalmFruitAEZ09,2005,NH3_AWB,2.08965938851874e-09
Mexico,PalmFruit,PalmFruitAEZ10,PalmFruitAEZ10,2005,NH3_AWB,0
Mexico,PalmFruit,PalmFruitAEZ11,PalmFruitAEZ11,2005,NH3_AWB,0
Mexico,PalmFruit,PalmFruitAEZ12,PalmFruitAEZ12,2005,NH3_AWB,0
Mexico,Rice,RiceAEZ01,RiceAEZ01,2005,NH3_AWB,0
Mexico,Rice,RiceAEZ02,RiceAEZ02,2005,NH3_AWB,2.06258844080154e-07
Mexico,Rice,RiceAEZ03,RiceAEZ03,2005,NH3_AWB,5.22647462039568e-06
Mexico,Rice,RiceAEZ04,RiceAEZ04,2005,NH3_AWB,5.13080598746555e-06
Mexico,Rice,RiceAEZ05,RiceAEZ05,2005,NH3_AWB,5.72783964858552e-06
Mexico,Rice,RiceAEZ06,RiceAEZ06,2005,NH3_AWB,6.50214165895838e-06
Mexico,Rice,RiceAEZ07,RiceAEZ07,2005,NH3_AWB,0
Mexico,Rice,RiceAEZ08,RiceAEZ08,2005,NH3_AWB,2.0293346379114e-08
Mexico,Rice,RiceAEZ09,RiceAEZ09,2005,NH3_AWB,1.11809517256017e-06
Mexico,Rice,RiceAEZ10,RiceAEZ10,2005,NH3_AWB,2.63804976312355e-06
Mexico,Rice,RiceAEZ11,RiceAEZ11,2005,NH3_AWB,0
Mexico,Rice,RiceAEZ12,RiceAEZ12,2005,NH3_AWB,2.37039928293852e-08
Mexico,Root_Tuber,Root_TuberAEZ01,Root_TuberAEZ01,2005,NH3_AWB,2.19217078903101e-05
Mexico,Root_Tuber,Root_TuberAEZ02,Root_TuberAEZ02,2005,NH3_AWB,1.71010261311972e-05
Mexico,Root_Tuber,Root_TuberAEZ03,Root_TuberAEZ03,2005,NH3_AWB,7.99896528967557e-06
Mexico,Root_Tuber,Root_TuberAEZ04,Root_TuberAEZ04,2005,NH3_AWB,3.08174809227704e-06
Mexico,Root_Tuber,Root_TuberAEZ05,Root_TuberAEZ05,2005,NH3_AWB,2.64416396463883e-06
Mexico,Root_Tuber,Root_TuberAEZ06,Root_TuberAEZ06,2005,NH3_AWB,2.03215520146205e-05
Mexico,Root_Tuber,Root_TuberAEZ07,Root_TuberAEZ07,2005,NH3_AWB,3.00086564854835e-05
Mexico,Root_Tuber,Root_TuberAEZ08,Root_TuberAEZ08,2005,NH3_AWB,7.47884012285893e-06
Mexico,Root_Tuber,Root_TuberAEZ09,Root_TuberAEZ09,2005,NH3_AWB,2.70287565200419e-05
Mexico,Root_Tuber,Root_TuberAEZ10,Root_TuberAEZ10,2005,NH3_AWB,2.54468711098533e-05
Mexico,Root_Tuber,Root_TuberAEZ11,Root_TuberAEZ11,2005,NH3_AWB,1.01848126835545e-07
Mexico,Root_Tuber,Root_TuberAEZ12,Root_TuberAEZ12,2005,NH3_AWB,5.25334193150973e-06
Mexico,SugarCrop,SugarCropAEZ01,SugarCropAEZ01,2005,NH3_AWB,6.12884382428736e-05
Mexico,SugarCrop,SugarCropAEZ02,SugarCropAEZ02,2005,NH3_AWB,6.51376775314177e-05
Mexico,SugarCrop,SugarCropAEZ03,SugarCropAEZ03,2005,NH3_AWB,0.000446350046310241
Mexico,SugarCrop,SugarCropAEZ04,SugarCropAEZ04,2005,NH3_AWB,0.000995120310393088
Mexico,SugarCrop,SugarCropAEZ05,SugarCropAEZ05,2005,NH3_AWB,0.00105302061088212
Mexico,SugarCrop,SugarCropAEZ06,SugarCropAEZ06,2005,NH3_AWB,0.000943684512164019
Mexico,SugarCrop,SugarCropAEZ07,SugarCropAEZ07,2005,NH3_AWB,0.00018793964714749
Mexico,SugarCrop,SugarCropAEZ08,SugarCropAEZ08,2005,NH3_AWB,7.93654162127934e-05
Mexico,SugarCrop,SugarCropAEZ09,SugarCropAEZ09,2005,NH3_AWB,0.000252399201813181
Mexico,SugarCrop,SugarCropAEZ10,SugarCropAEZ10,2005,NH3_AWB,0.00042691315360919
Mexico,SugarCrop,SugarCropAEZ11,SugarCropAEZ11,2005,NH3_AWB,2.75431805924938e-06
Mexico,SugarCrop,SugarCropAEZ12,SugarCropAEZ12,2005,NH3_AWB,3.78640766903604e-06
Mexico,Wheat,WheatAEZ01,WheatAEZ01,2005,NH3_AWB,0.000119589374498365
Mexico,Wheat,WheatAEZ02,WheatAEZ02,2005,NH3_AWB,4.88814077976972e-05
Mexico,Wheat,WheatAEZ03,WheatAEZ03,2005,NH3_AWB,3.75485912405652e-06
Mexico,Wheat,WheatAEZ04,WheatAEZ04,2005,NH3_AWB,2.88746686811036e-06
Mexico,Wheat,WheatAEZ05,WheatAEZ05,2005,NH3_AWB,3.60263949148822e-07
Mexico,Wheat,WheatAEZ06,WheatAEZ06,2005,NH3_AWB,2.97258328312323e-06
Mexico,Wheat,WheatAEZ07,WheatAEZ07,2005,NH3_AWB,2.21125792680035e-05
Mexico,Wheat,WheatAEZ08,WheatAEZ08,2005,NH3_AWB,7.453163299339e-06
Mexico,Wheat,WheatAEZ09,WheatAEZ09,2005,NH3_AWB,5.10955705554389e-05
Mexico,Wheat,WheatAEZ10,WheatAEZ10,2005,NH3_AWB,1.0055826910352e-05
Mexico,Wheat,WheatAEZ11,WheatAEZ11,2005,NH3_AWB,1.75506964416419e-07
Mexico,Wheat,WheatAEZ12,WheatAEZ12,2005,NH3_AWB,1.45241547066755e-07
Mexico,Corn,CornAEZ01,CornAEZ01,2005,NMVOC_AWB,0.000141628239684449
Mexico,Corn,CornAEZ02,CornAEZ02,2005,NMVOC_AWB,4.49127626607883e-05
Mexico,Corn,CornAEZ03,CornAEZ03,2005,NMVOC_AWB,0.000505707882662393
Mexico,Corn,CornAEZ04,CornAEZ04,2005,NMVOC_AWB,0.0019904241669431
Mexico,Corn,CornAEZ05,CornAEZ05,2005,NMVOC_AWB,0.000656627083325147
Mexico,Corn,CornAEZ06,CornAEZ06,2005,NMVOC_AWB,0.00106998320093912
Mexico,Corn,CornAEZ07,CornAEZ07,2005,NMVOC_AWB,0.000401690901137523
Mexico,Corn,CornAEZ08,CornAEZ08,2005,NMVOC_AWB,0.000545930195717663
Mexico,Corn,CornAEZ09,CornAEZ09,2005,NMVOC_AWB,0.00343678065650705
Mexico,Corn,CornAEZ10,CornAEZ10,2005,NMVOC_AWB,0.00177766787744588
Mexico,Corn,CornAEZ11,CornAEZ11,2005,NMVOC_AWB,7.80339399358625e-05
Mexico,Corn,CornAEZ12,CornAEZ12,2005,NMVOC_AWB,4.0435204821347e-05
Mexico,FiberCrop,FiberCropAEZ01,FiberCropAEZ01,2005,NMVOC_AWB,8.58523503538477e-06
Mexico,FiberCrop,FiberCropAEZ02,FiberCropAEZ02,2005,NMVOC_AWB,1.1294462235284e-06
Mexico,FiberCrop,FiberCropAEZ03,FiberCropAEZ03,2005,NMVOC_AWB,2.21002751703197e-07
Mexico,FiberCrop,FiberCropAEZ04,FiberCropAEZ04,2005,NMVOC_AWB,6.78556187390219e-07
Mexico,FiberCrop,FiberCropAEZ05,FiberCropAEZ05,2005,NMVOC_AWB,1.1627632212726e-06
Mexico,FiberCrop,FiberCropAEZ06,FiberCropAEZ06,2005,NMVOC_AWB,1.84520639173298e-06
Mexico,FiberCrop,FiberCropAEZ07,FiberCropAEZ07,2005,NMVOC_AWB,0.000131179570501537
Mexico,FiberCrop,FiberCropAEZ08,FiberCropAEZ08,2005,NMVOC_AWB,3.00108410013845e-05
Mexico,FiberCrop,FiberCropAEZ09,FiberCropAEZ09,2005,NMVOC_AWB,1.35827846970149e-05
Mexico,FiberCrop,FiberCropAEZ10,FiberCropAEZ10,2005,NMVOC_AWB,2.38771817166771e-07
Mexico,FiberCrop,FiberCropAEZ11,FiberCropAEZ11,2005,NMVOC_AWB,4.44226636589341e-09
Mexico,FiberCrop,FiberCropAEZ12,FiberCropAEZ12,2005,NMVOC_AWB,4.49779469546706e-08
Mexico,FodderGrass,FodderGrassAEZ01,FodderGrassAEZ01,2005,NMVOC_AWB,4.89256290024712e-05
Mexico,FodderGrass,FodderGrassAEZ02,FodderGrassAEZ02,2005,NMVOC_AWB,5.40346978757627e-05
Mexico,FodderGrass,FodderGrassAEZ03,FodderGrassAEZ03,2005,NMVOC_AWB,0.000231566973046755
Mexico,FodderGrass,FodderGrassAEZ04,FodderGrassAEZ04,2005,NMVOC_AWB,0.000272019232304676
Mexico,FodderGrass,FodderGrassAEZ05,FodderGrassAEZ05,2005,NMVOC_AWB,0.000196474252927733
Mexico,FodderGrass,FodderGrassAEZ06,FodderGrassAEZ06,2005,NMVOC_AWB,0.000304289900007034
Mexico,FodderGrass,FodderGrassAEZ07,FodderGrassAEZ07,2005,NMVOC_AWB,0.000312833427653208
Mexico,FodderGrass,FodderGrassAEZ08,FodderGrassAEZ08,2005,NMVOC_AWB,0.000178695453839014
Mexico,FodderGrass,FodderGrassAEZ09,FodderGrassAEZ09,2005,NMVOC_AWB,0.000259890439181198
Mexico,FodderGrass,FodderGrassAEZ10,FodderGrassAEZ10,2005,NMVOC_AWB,0.00013118937490208
Mexico,FodderGrass,FodderGrassAEZ11,FodderGrassAEZ11,2005,NMVOC_AWB,8.96972050649719e-06
Mexico,FodderGrass,FodderGrassAEZ12,FodderGrassAEZ12,2005,NMVOC_AWB,8.23929151203543e-06
Mexico,FodderHerb,FodderHerbAEZ01,FodderHerbAEZ01,2005,NMVOC_AWB,3.19327674896275e-05
Mexico,FodderHerb,FodderHerbAEZ02,FodderHerbAEZ02,2005,NMVOC_AWB,3.96316148125108e-05
Mexico,FodderHerb,FodderHerbAEZ03,FodderHerbAEZ03,2005,NMVOC_AWB,0.00117603796461886
Mexico,FodderHerb,FodderHerbAEZ04,FodderHerbAEZ04,2005,NMVOC_AWB,0.00123866031877695
Mexico,FodderHerb,FodderHerbAEZ05,FodderHerbAEZ05,2005,NMVOC_AWB,5.07315045191925e-05
Mexico,FodderHerb,FodderHerbAEZ06,FodderHerbAEZ06,2005,NMVOC_AWB,0.0011440156061984
Mexico,FodderHerb,FodderHerbAEZ07,FodderHerbAEZ07,2005,NMVOC_AWB,0.00233623283967867
Mexico,FodderHerb,FodderHerbAEZ08,FodderHerbAEZ08,2005,NMVOC_AWB,0.00206013662852046
Mexico,FodderHerb,FodderHerbAEZ09,FodderHerbAEZ09,2005,NMVOC_AWB,0.0100376066268115
Mexico,FodderHerb,FodderHerbAEZ10,FodderHerbAEZ10,2005,NMVOC_AWB,0.00202837109743506
Mexico,FodderHerb,FodderHerbAEZ11,FodderHerbAEZ11,2005,NMVOC_AWB,0.000209304039105092
Mexico,FodderHerb,FodderHerbAEZ12,FodderHerbAEZ12,2005,NMVOC_AWB,2.08951648110485e-05
Mexico,MiscCrop,MiscCropAEZ01,MiscCropAEZ01,2005,NMVOC_AWB,0.00043315096554617
Mexico,MiscCrop,MiscCropAEZ02,MiscCropAEZ02,2005,NMVOC_AWB,0.000707634666441936
Mexico,MiscCrop,MiscCropAEZ03,MiscCropAEZ03,2005,NMVOC_AWB,0.00215637302921861
Mexico,MiscCrop,MiscCropAEZ04,MiscCropAEZ04,2005,NMVOC_AWB,0.00163625756075818
Mexico,MiscCrop,MiscCropAEZ05,MiscCropAEZ05,2005,NMVOC_AWB,0.000964626800752738
Mexico,MiscCrop,MiscCropAEZ06,MiscCropAEZ06,2005,NMVOC_AWB,0.00316720490883391
Mexico,MiscCrop,MiscCropAEZ07,MiscCropAEZ07,2005,NMVOC_AWB,0.0015033799096392
Mexico,MiscCrop,MiscCropAEZ08,MiscCropAEZ08,2005,NMVOC_AWB,0.00100368581072544
Mexico,MiscCrop,MiscCropAEZ09,MiscCropAEZ09,2005,NMVOC_AWB,0.00107352677649083
Mexico,MiscCrop,MiscCropAEZ10,MiscCropAEZ10,2005,NMVOC_AWB,0.000742239273792594
Mexico,MiscCrop,MiscCropAEZ11,MiscCropAEZ11,2005,NMVOC_AWB,3.00911625730762e-05
Mexico,MiscCrop,MiscCropAEZ12,MiscCropAEZ12,2005,NMVOC_AWB,0.000251674404170239
Mexico,OilCrop,OilCropAEZ01,OilCropAEZ01,2005,NMVOC_AWB,2.56483129138547e-05
Mexico,OilCrop,OilCropAEZ02,OilCropAEZ02,2005,NMVOC_AWB,2.96111582721918e-05
Mexico,OilCrop,OilCropAEZ03,OilCropAEZ03,2005,NMVOC_AWB,7.36181856171471e-06
Mexico,OilCrop,OilCropAEZ04,OilCropAEZ04,2005,NMVOC_AWB,3.79636881734909e-05
Mexico,OilCrop,OilCropAEZ05,OilCropAEZ05,2005,NMVOC_AWB,2.83630471640053e-05
Mexico,OilCrop,OilCropAEZ06,OilCropAEZ06,2005,NMVOC_AWB,1.32121079067272e-05
Mexico,OilCrop,OilCropAEZ07,OilCropAEZ07,2005,NMVOC_AWB,9.40296169079281e-06
Mexico,OilCrop,OilCropAEZ08,OilCropAEZ08,2005,NMVOC_AWB,4.84198593491221e-06
Mexico,OilCrop,OilCropAEZ09,OilCropAEZ09,2005,NMVOC_AWB,2.53571178518926e-05
Mexico,OilCrop,OilCropAEZ10,OilCropAEZ10,2005,NMVOC_AWB,1.03242306467613e-05
Mexico,OilCrop,OilCropAEZ11,OilCropAEZ11,2005,NMVOC_AWB,1.36570021110919e-07
Mexico,OilCrop,OilCropAEZ12,OilCropAEZ12,2005,NMVOC_AWB,4.62949224104809e-09
Mexico,OtherGrain,OtherGrainAEZ01,OtherGrainAEZ01,2005,NMVOC_AWB,2.19078764987072e-05
Mexico,OtherGrain,OtherGrainAEZ02,OtherGrainAEZ02,2005,NMVOC_AWB,9.99587332425275e-05
Mexico,OtherGrain,OtherGrainAEZ03,OtherGrainAEZ03,2005,NMVOC_AWB,0.000298563457032026
Mexico,OtherGrain,OtherGrainAEZ04,OtherGrainAEZ04,2005,NMVOC_AWB,0.000206626985345066
Mexico,OtherGrain,OtherGrainAEZ05,OtherGrainAEZ05,2005,NMVOC_AWB,3.20618621679557e-05
Mexico,OtherGrain,OtherGrainAEZ06,OtherGrainAEZ06,2005,NMVOC_AWB,7.13868093928429e-05
Mexico,OtherGrain,OtherGrainAEZ07,OtherGrainAEZ07,2005,NMVOC_AWB,0.000950809253876886
Mexico,OtherGrain,OtherGrainAEZ08,OtherGrainAEZ08,2005,NMVOC_AWB,0.000224841784501452
Mexico,OtherGrain,OtherGrainAEZ09,OtherGrainAEZ09,2005,NMVOC_AWB,0.00138518968306811
Mexico,OtherGrain,OtherGrainAEZ10,OtherGrainAEZ10,2005,NMVOC_AWB,0.000158111356484679
Mexico,OtherGrain,OtherGrainAEZ11,OtherGrainAEZ11,2005,NMVOC_AWB,7.56804072077168e-06
Mexico,OtherGrain,OtherGrainAEZ12,OtherGrainAEZ12,2005,NMVOC_AWB,3.73459480708926e-06
Mexico,PalmFruit,PalmFruitAEZ01,PalmFruitAEZ01,2005,NMVOC_AWB,0
Mexico,PalmFruit,PalmFruitAEZ02,PalmFruitAEZ02,2005,NMVOC_AWB,0
Mexico,PalmFruit,PalmFruitAEZ03,PalmFruitAEZ03,2005,NMVOC_AWB,0.00011675259782695
Mexico,PalmFruit,PalmFruitAEZ04,PalmFruitAEZ04,2005,NMVOC_AWB,8.88633388215992e-05
Mexico,PalmFruit,PalmFruitAEZ05,PalmFruitAEZ05,2005,NMVOC_AWB,0.000157944198036044
Mexico,PalmFruit,PalmFruitAEZ06,PalmFruitAEZ06,2005,NMVOC_AWB,0.000319111826948336
Mexico,PalmFruit,PalmFruitAEZ07,PalmFruitAEZ07,2005,NMVOC_AWB,0
Mexico,PalmFruit,PalmFruitAEZ08,PalmFruitAEZ08,2005,NMVOC_AWB,0
Mexico,PalmFruit,PalmFruitAEZ09,PalmFruitAEZ09,2005,NMVOC_AWB,1.12553378098837e-08
Mexico,PalmFruit,PalmFruitAEZ10,PalmFruitAEZ10,2005,NMVOC_AWB,0
Mexico,PalmFruit,PalmFruitAEZ11,PalmFruitAEZ11,2005,NMVOC_AWB,0
Mexico,PalmFruit,PalmFruitAEZ12,PalmFruitAEZ12,2005,NMVOC_AWB,0
Mexico,Rice,RiceAEZ01,RiceAEZ01,2005,NMVOC_AWB,0
Mexico,Rice,RiceAEZ02,RiceAEZ02,2005,NMVOC_AWB,1.11095280845931e-06
Mexico,Rice,RiceAEZ03,RiceAEZ03,2005,NMVOC_AWB,2.81508736450278e-05
Mexico,Rice,RiceAEZ04,RiceAEZ04,2005,NMVOC_AWB,2.76355825945558e-05
Mexico,Rice,RiceAEZ05,RiceAEZ05,2005,NMVOC_AWB,3.08513294175537e-05
Mexico,Rice,RiceAEZ06,RiceAEZ06,2005,NMVOC_AWB,3.50218802458379e-05
Mexico,Rice,RiceAEZ07,RiceAEZ07,2005,NMVOC_AWB,0
Mexico,Rice,RiceAEZ08,RiceAEZ08,2005,NMVOC_AWB,1.09304162221297e-07
Mexico,Rice,RiceAEZ09,RiceAEZ09,2005,NMVOC_AWB,6.0222919294448e-06
Mexico,Rice,RiceAEZ10,RiceAEZ10,2005,NMVOC_AWB,1.42090818275827e-05
Mexico,Rice,RiceAEZ11,RiceAEZ11,2005,NMVOC_AWB,0
Mexico,Rice,RiceAEZ12,RiceAEZ12,2005,NMVOC_AWB,1.27674609653447e-07
Mexico,Root_Tuber,Root_TuberAEZ01,Root_TuberAEZ01,2005,NMVOC_AWB,0.000118074854222981
Mexico,Root_Tuber,Root_TuberAEZ02,Root_TuberAEZ02,2005,NMVOC_AWB,9.21096648859656e-05
Mexico,Root_Tuber,Root_TuberAEZ03,Root_TuberAEZ03,2005,NMVOC_AWB,4.30840820085284e-05
Mexico,Root_Tuber,Root_TuberAEZ04,Root_TuberAEZ04,2005,NMVOC_AWB,1.65989328280577e-05
Mexico,Root_Tuber,Root_TuberAEZ05,Root_TuberAEZ05,2005,NMVOC_AWB,1.42420141819512e-05
Mexico,Root_Tuber,Root_TuberAEZ06,Root_TuberAEZ06,2005,NMVOC_AWB,0.000109456083609783
Mexico,Root_Tuber,Root_TuberAEZ07,Root_TuberAEZ07,2005,NMVOC_AWB,0.000161632832518363
Mexico,Root_Tuber,Root_TuberAEZ08,Root_TuberAEZ08,2005,NMVOC_AWB,4.02825802479505e-05
Mexico,Root_Tuber,Root_TuberAEZ09,Root_TuberAEZ09,2005,NMVOC_AWB,0.000145582474773467
Mexico,Root_Tuber,Root_TuberAEZ10,Root_TuberAEZ10,2005,NMVOC_AWB,0.000137062112667555
Mexico,Root_Tuber,Root_TuberAEZ11,Root_TuberAEZ11,2005,NMVOC_AWB,5.48575083162485e-07
Mexico,Root_Tuber,Root_TuberAEZ12,Root_TuberAEZ12,2005,NMVOC_AWB,2.82955865414421e-05
Mexico,SugarCrop,SugarCropAEZ01,SugarCropAEZ01,2005,NMVOC_AWB,0.00033011220874265
Mexico,SugarCrop,SugarCropAEZ02,SugarCropAEZ02,2005,NMVOC_AWB,0.000350845007945084
Mexico,SugarCrop,SugarCropAEZ03,SugarCropAEZ03,2005,NMVOC_AWB,0.0024041336977124
Mexico,SugarCrop,SugarCropAEZ04,SugarCropAEZ04,2005,NMVOC_AWB,0.00535992387873794
Mexico,SugarCrop,SugarCropAEZ05,SugarCropAEZ05,2005,NMVOC_AWB,0.00567178687654436
Mexico,SugarCrop,SugarCropAEZ06,SugarCropAEZ06,2005,NMVOC_AWB,0.00508288002758689
Mexico,SugarCrop,SugarCropAEZ07,SugarCropAEZ07,2005,NMVOC_AWB,0.00101228182360131
Mexico,SugarCrop,SugarCropAEZ08,SugarCropAEZ08,2005,NMVOC_AWB,0.000427478552153046
Mexico,SugarCrop,SugarCropAEZ09,SugarCropAEZ09,2005,NMVOC_AWB,0.00135947432149031
Mexico,SugarCrop,SugarCropAEZ10,SugarCropAEZ10,2005,NMVOC_AWB,0.00229944257219846
Mexico,SugarCrop,SugarCropAEZ11,SugarCropAEZ11,2005,NMVOC_AWB,1.4835326926026e-05
Mexico,SugarCrop,SugarCropAEZ12,SugarCropAEZ12,2005,NMVOC_AWB,2.03943751001182e-05
Mexico,Wheat,WheatAEZ01,WheatAEZ01,2005,NMVOC_AWB,0.0006441331136774
Mexico,Wheat,WheatAEZ02,WheatAEZ02,2005,NMVOC_AWB,0.000263285375793114
Mexico,Wheat,WheatAEZ03,WheatAEZ03,2005,NMVOC_AWB,2.02244481095734e-05
Mexico,Wheat,WheatAEZ04,WheatAEZ04,2005,NMVOC_AWB,1.55524939585807e-05
Mexico,Wheat,WheatAEZ05,WheatAEZ05,2005,NMVOC_AWB,1.94045616748434e-06
Mexico,Wheat,WheatAEZ06,WheatAEZ06,2005,NMVOC_AWB,1.60109485801327e-05
Mexico,Wheat,WheatAEZ07,WheatAEZ07,2005,NMVOC_AWB,0.000119102926953867
Mexico,Wheat,WheatAEZ08,WheatAEZ08,2005,NMVOC_AWB,4.01442795640259e-05
Mexico,Wheat,WheatAEZ09,WheatAEZ09,2005,NMVOC_AWB,0.00027521131450895
Mexico,Wheat,WheatAEZ10,WheatAEZ10,2005,NMVOC_AWB,5.41627642550683e-05
Mexico,Wheat,WheatAEZ11,WheatAEZ11,2005,NMVOC_AWB,9.45316822132575e-07
Mexico,Wheat,WheatAEZ12,WheatAEZ12,2005,NMVOC_AWB,7.823010224768e-07
Mexico,Corn,CornAEZ01,CornAEZ01,2005,NOx_AWB,7.68890827480237e-05
Mexico,Corn,CornAEZ02,CornAEZ02,2005,NOx_AWB,2.4382857065524e-05
Mexico,Corn,CornAEZ03,CornAEZ03,2005,NOx_AWB,0.000274545636682272
Mexico,Corn,CornAEZ04,CornAEZ04,2005,NOx_AWB,0.0010805887922969
Mexico,Corn,CornAEZ05,CornAEZ05,2005,NOx_AWB,0.000356478723853857
Mexico,Corn,CornAEZ06,CornAEZ06,2005,NOx_AWB,0.000580887166707023
Mexico,Corn,CornAEZ07,CornAEZ07,2005,NOx_AWB,0.000218075470015762
Mexico,Corn,CornAEZ08,CornAEZ08,2005,NOx_AWB,0.000296382078084877
Mexico,Corn,CornAEZ09,CornAEZ09,2005,NOx_AWB,0.00186580665602944
Mexico,Corn,CornAEZ10,CornAEZ10,2005,NOx_AWB,0.000965084737563447
Mexico,Corn,CornAEZ11,CornAEZ11,2005,NOx_AWB,4.23641364056411e-05
Mexico,Corn,CornAEZ12,CornAEZ12,2005,NOx_AWB,2.19520190067236e-05
Mexico,FiberCrop,FiberCropAEZ01,FiberCropAEZ01,2005,NOx_AWB,4.66087023687983e-06
Mexico,FiberCrop,FiberCropAEZ02,FiberCropAEZ02,2005,NOx_AWB,6.13169268599286e-07
Mexico,FiberCrop,FiberCropAEZ03,FiberCropAEZ03,2005,NOx_AWB,1.19981007326704e-07
Mexico,FiberCrop,FiberCropAEZ04,FiberCropAEZ04,2005,NOx_AWB,3.68383896867418e-07
Mexico,FiberCrop,FiberCropAEZ05,FiberCropAEZ05,2005,NOx_AWB,6.31256857643513e-07
Mexico,FiberCrop,FiberCropAEZ06,FiberCropAEZ06,2005,NOx_AWB,1.00175097323276e-06
Mexico,FiberCrop,FiberCropAEZ07,FiberCropAEZ07,2005,NOx_AWB,7.12165658036513e-05
Mexico,FiberCrop,FiberCropAEZ08,FiberCropAEZ08,2005,NOx_AWB,1.62926972914046e-05
Mexico,FiberCrop,FiberCropAEZ09,FiberCropAEZ09,2005,NOx_AWB,7.37400859351383e-06
Mexico,FiberCrop,FiberCropAEZ10,FiberCropAEZ10,2005,NOx_AWB,1.29627721483625e-07
Mexico,FiberCrop,FiberCropAEZ11,FiberCropAEZ11,2005,NOx_AWB,2.41167853923022e-09
Mexico,FiberCrop,FiberCropAEZ12,FiberCropAEZ12,2005,NOx_AWB,2.44182452097059e-08
Mexico,FodderGrass,FodderGrassAEZ01,FodderGrassAEZ01,2005,NOx_AWB,2.65614170256694e-05
Mexico,FodderGrass,FodderGrassAEZ02,FodderGrassAEZ02,2005,NOx_AWB,2.9335098462642e-05
Mexico,FodderGrass,FodderGrassAEZ03,FodderGrassAEZ03,2005,NOx_AWB,0.000125716256814115
Mexico,FodderGrass,FodderGrassAEZ04,FodderGrassAEZ04,2005,NOx_AWB,0.000147677534567455
Mexico,FodderGrass,FodderGrassAEZ05,FodderGrassAEZ05,2005,NOx_AWB,0.000106664639233494
Mexico,FodderGrass,FodderGrassAEZ06,FodderGrassAEZ06,2005,NOx_AWB,0.000165197077596649
Mexico,FodderGrass,FodderGrassAEZ07,FodderGrassAEZ07,2005,NOx_AWB,0.000169835305153598
Mexico,FodderGrass,FodderGrassAEZ08,FodderGrassAEZ08,2005,NOx_AWB,9.70126407525504e-05
Mexico,FodderGrass,FodderGrassAEZ09,FodderGrassAEZ09,2005,NOx_AWB,0.00014109288887686
Mexico,FodderGrass,FodderGrassAEZ10,FodderGrassAEZ10,2005,NOx_AWB,7.12218885511933e-05
Mexico,FodderGrass,FodderGrassAEZ11,FodderGrassAEZ11,2005,NOx_AWB,4.86960498688196e-06
Mexico,FodderGrass,FodderGrassAEZ12,FodderGrassAEZ12,2005,NOx_AWB,4.47305966850579e-06
Mexico,FodderHerb,FodderHerbAEZ01,FodderHerbAEZ01,2005,NOx_AWB,1.73360991236902e-05
Mexico,FodderHerb,FodderHerbAEZ02,FodderHerbAEZ02,2005,NOx_AWB,2.15157550326563e-05
Mexico,FodderHerb,FodderHerbAEZ03,FodderHerbAEZ03,2005,NOx_AWB,0.000638463632520355
Mexico,FodderHerb,FodderHerbAEZ04,FodderHerbAEZ04,2005,NOx_AWB,0.000672460915699649
Mexico,FodderHerb,FodderHerbAEZ05,FodderHerbAEZ05,2005,NOx_AWB,2.75418155136205e-05
Mexico,FodderHerb,FodderHerbAEZ06,FodderHerbAEZ06,2005,NOx_AWB,0.000621078895042412
Mexico,FodderHerb,FodderHerbAEZ07,FodderHerbAEZ07,2005,NOx_AWB,0.00126832615111877
Mexico,FodderHerb,FodderHerbAEZ08,FodderHerbAEZ08,2005,NOx_AWB,0.00111843525031073
Mexico,FodderHerb,FodderHerbAEZ09,FodderHerbAEZ09,2005,NOx_AWB,0.00544935366167486
Mexico,FodderHerb,FodderHerbAEZ10,FodderHerbAEZ10,2005,NOx_AWB,0.00110118994278164
Mexico,FodderHerb,FodderHerbAEZ11,FodderHerbAEZ11,2005,NOx_AWB,0.000113629849655005
Mexico,FodderHerb,FodderHerbAEZ12,FodderHerbAEZ12,2005,NOx_AWB,1.13438538794937e-05
Mexico,MiscCrop,MiscCropAEZ01,MiscCropAEZ01,2005,NOx_AWB,0.00023515494160253
Mexico,MiscCrop,MiscCropAEZ02,MiscCropAEZ02,2005,NOx_AWB,0.000384170420705994
Mexico,MiscCrop,MiscCropAEZ03,MiscCropAEZ03,2005,NOx_AWB,0.00117068138846183
Mexico,MiscCrop,MiscCropAEZ04,MiscCropAEZ04,2005,NOx_AWB,0.000888313963843107
Mexico,MiscCrop,MiscCropAEZ05,MiscCropAEZ05,2005,NOx_AWB,0.000523689838052703
Mexico,MiscCrop,MiscCropAEZ06,MiscCropAEZ06,2005,NOx_AWB,0.001719455673938
Mexico,MiscCrop,MiscCropAEZ07,MiscCropAEZ07,2005,NOx_AWB,0.00081617552072602
Mexico,MiscCrop,MiscCropAEZ08,MiscCropAEZ08,2005,NOx_AWB,0.000544894729510357
Mexico,MiscCrop,MiscCropAEZ09,MiscCropAEZ09,2005,NOx_AWB,0.000582810951641628
Mexico,MiscCrop,MiscCropAEZ10,MiscCropAEZ10,2005,NOx_AWB,0.000402957044927093
Mexico,MiscCrop,MiscCropAEZ11,MiscCropAEZ11,2005,NOx_AWB,1.63363033687379e-05
Mexico,MiscCrop,MiscCropAEZ12,MiscCropAEZ12,2005,NOx_AWB,0.000136632455016877
Mexico,OilCrop,OilCropAEZ01,OilCropAEZ01,2005,NOx_AWB,1.39243081632194e-05
Mexico,OilCrop,OilCropAEZ02,OilCropAEZ02,2005,NOx_AWB,1.60757120453385e-05
Mexico,OilCrop,OilCropAEZ03,OilCropAEZ03,2005,NOx_AWB,3.99668510904871e-06
Mexico,OilCrop,OilCropAEZ04,OilCropAEZ04,2005,NOx_AWB,2.0610248124917e-05
Mexico,OilCrop,OilCropAEZ05,OilCropAEZ05,2005,NOx_AWB,1.53981203553627e-05
Mexico,OilCrop,OilCropAEZ06,OilCropAEZ06,2005,NOx_AWB,7.17277048969567e-06
Mexico,OilCrop,OilCropAEZ07,OilCropAEZ07,2005,NOx_AWB,5.10480890767753e-06
Mexico,OilCrop,OilCropAEZ08,OilCropAEZ08,2005,NOx_AWB,2.62868378540688e-06
Mexico,OilCrop,OilCropAEZ09,OilCropAEZ09,2005,NOx_AWB,1.37662201910403e-05
Mexico,OilCrop,OilCropAEZ10,OilCropAEZ10,2005,NOx_AWB,5.60496004382433e-06
Mexico,OilCrop,OilCropAEZ11,OilCropAEZ11,2005,NOx_AWB,7.41430076197563e-08
Mexico,OilCrop,OilCropAEZ12,OilCropAEZ12,2005,NOx_AWB,2.51332229219512e-09
Mexico,OtherGrain,OtherGrainAEZ01,OtherGrainAEZ01,2005,NOx_AWB,1.18936487009627e-05
Mexico,OtherGrain,OtherGrainAEZ02,OtherGrainAEZ02,2005,NOx_AWB,5.42669691355079e-05
Mexico,OtherGrain,OtherGrainAEZ03,OtherGrainAEZ03,2005,NOx_AWB,0.000162088227633264
Mexico,OtherGrain,OtherGrainAEZ04,OtherGrainAEZ04,2005,NOx_AWB,0.000112176493964543
Mexico,OtherGrain,OtherGrainAEZ05,OtherGrainAEZ05,2005,NOx_AWB,1.74061838146136e-05
Mexico,OtherGrain,OtherGrainAEZ06,OtherGrainAEZ06,2005,NOx_AWB,3.87554509379839e-05
Mexico,OtherGrain,OtherGrainAEZ07,OtherGrainAEZ07,2005,NOx_AWB,0.000516188378545198
Mexico,OtherGrain,OtherGrainAEZ08,OtherGrainAEZ08,2005,NOx_AWB,0.000122065194146755
Mexico,OtherGrain,OtherGrainAEZ09,OtherGrainAEZ09,2005,NOx_AWB,0.000752010788246962
Mexico,OtherGrain,OtherGrainAEZ10,OtherGrainAEZ10,2005,NOx_AWB,8.58376634436672e-05
Mexico,OtherGrain,OtherGrainAEZ11,OtherGrainAEZ11,2005,NOx_AWB,4.10864182536132e-06
Mexico,OtherGrain,OtherGrainAEZ12,OtherGrainAEZ12,2005,NOx_AWB,2.02748808989225e-06
Mexico,PalmFruit,PalmFruitAEZ01,PalmFruitAEZ01,2005,NOx_AWB,0
Mexico,PalmFruit,PalmFruitAEZ02,PalmFruitAEZ02,2005,NOx_AWB,0
Mexico,PalmFruit,PalmFruitAEZ03,PalmFruitAEZ03,2005,NOx_AWB,6.33842528535557e-05
Mexico,PalmFruit,PalmFruitAEZ04,PalmFruitAEZ04,2005,NOx_AWB,4.82433491169758e-05
Mexico,PalmFruit,PalmFruitAEZ05,PalmFruitAEZ05,2005,NOx_AWB,8.57469141706565e-05
Mexico,PalmFruit,PalmFruitAEZ06,PalmFruitAEZ06,2005,NOx_AWB,0.000173243808740198
Mexico,PalmFruit,PalmFruitAEZ07,PalmFruitAEZ07,2005,NOx_AWB,0
Mexico,PalmFruit,PalmFruitAEZ08,PalmFruitAEZ08,2005,NOx_AWB,0
Mexico,PalmFruit,PalmFruitAEZ09,PalmFruitAEZ09,2005,NOx_AWB,6.11045228090998e-09
Mexico,PalmFruit,PalmFruitAEZ10,PalmFruitAEZ10,2005,NOx_AWB,0
Mexico,PalmFruit,PalmFruitAEZ11,PalmFruitAEZ11,2005,NOx_AWB,0
Mexico,PalmFruit,PalmFruitAEZ12,PalmFruitAEZ12,2005,NOx_AWB,0
Mexico,Rice,RiceAEZ01,RiceAEZ01,2005,NOx_AWB,0
Mexico,Rice,RiceAEZ02,RiceAEZ02,2005,NOx_AWB,6.03129309586104e-07
Mexico,Rice,RiceAEZ03,RiceAEZ03,2005,NOx_AWB,1.5282932683088e-05
Mexico,Rice,RiceAEZ04,RiceAEZ04,2005,NOx_AWB,1.50031844047268e-05
Mexico,Rice,RiceAEZ05,RiceAEZ05,2005,NOx_AWB,1.67489931793121e-05
Mexico,Rice,RiceAEZ06,RiceAEZ06,2005,NOx_AWB,1.90131590579197e-05
Mexico,Rice,RiceAEZ07,RiceAEZ07,2005,NOx_AWB,0
Mexico,Rice,RiceAEZ08,RiceAEZ08,2005,NOx_AWB,5.93405438947884e-08
Mexico,Rice,RiceAEZ09,RiceAEZ09,2005,NOx_AWB,3.26946450458975e-06
Mexico,Rice,RiceAEZ10,RiceAEZ10,2005,NOx_AWB,7.71402137630611e-06
Mexico,Rice,RiceAEZ11,RiceAEZ11,2005,NOx_AWB,0
Mexico,Rice,RiceAEZ12,RiceAEZ12,2005,NOx_AWB,6.93137445493746e-08
Mexico,Root_Tuber,Root_TuberAEZ01,Root_TuberAEZ01,2005,NOx_AWB,6.41020975551138e-05
Mexico,Root_Tuber,Root_TuberAEZ02,Root_TuberAEZ02,2005,NOx_AWB,5.00057591698456e-05
Mexico,Root_Tuber,Root_TuberAEZ03,Root_TuberAEZ03,2005,NOx_AWB,2.33900778125686e-05
Mexico,Root_Tuber,Root_TuberAEZ04,Root_TuberAEZ04,2005,NOx_AWB,9.01145649052044e-06
Mexico,Root_Tuber,Root_TuberAEZ05,Root_TuberAEZ05,2005,NOx_AWB,7.73190014487492e-06
Mexico,Root_Tuber,Root_TuberAEZ06,Root_TuberAEZ06,2005,NOx_AWB,5.94230210634419e-05
Mexico,Root_Tuber,Root_TuberAEZ07,Root_TuberAEZ07,2005,NOx_AWB,8.77494506885862e-05
Mexico,Root_Tuber,Root_TuberAEZ08,Root_TuberAEZ08,2005,NOx_AWB,2.18691600833944e-05
Mexico,Root_Tuber,Root_TuberAEZ09,Root_TuberAEZ09,2005,NOx_AWB,7.903581216895e-05
Mexico,Root_Tuber,Root_TuberAEZ10,Root_TuberAEZ10,2005,NOx_AWB,7.44101610384675e-05
Mexico,Root_Tuber,Root_TuberAEZ11,Root_TuberAEZ11,2005,NOx_AWB,2.97817970884627e-07
Mexico,Root_Tuber,Root_TuberAEZ12,Root_TuberAEZ12,2005,NOx_AWB,1.53614964066216e-05
Mexico,SugarCrop,SugarCropAEZ01,SugarCropAEZ01,2005,NOx_AWB,0.000179215846999851
Mexico,SugarCrop,SugarCropAEZ02,SugarCropAEZ02,2005,NOx_AWB,0.000190471553609111
Mexico,SugarCrop,SugarCropAEZ03,SugarCropAEZ03,2005,NOx_AWB,0.00130518910093477
Mexico,SugarCrop,SugarCropAEZ04,SugarCropAEZ04,2005,NOx_AWB,0.00290986904556324
Mexico,SugarCrop,SugarCropAEZ05,SugarCropAEZ05,2005,NOx_AWB,0.00307917751044149
Mexico,SugarCrop,SugarCropAEZ06,SugarCropAEZ06,2005,NOx_AWB,0.00275946367694858
Mexico,SugarCrop,SugarCropAEZ07,SugarCropAEZ07,2005,NOx_AWB,0.000549561450969212
Mexico,SugarCrop,SugarCropAEZ08,SugarCropAEZ08,2005,NOx_AWB,0.000232075423960168
Mexico,SugarCrop,SugarCropAEZ09,SugarCropAEZ09,2005,NOx_AWB,0.000738050079784751
Mexico,SugarCrop,SugarCropAEZ10,SugarCropAEZ10,2005,NOx_AWB,0.00124835294572618
Mexico,SugarCrop,SugarCropAEZ11,SugarCropAEZ11,2005,NOx_AWB,8.05400591118441e-06
Mexico,SugarCrop,SugarCropAEZ12,SugarCropAEZ12,2005,NOx_AWB,1.10719782873881e-05
Mexico,Wheat,WheatAEZ01,WheatAEZ01,2005,NOx_AWB,0.000349695826119357
Mexico,Wheat,WheatAEZ02,WheatAEZ02,2005,NOx_AWB,0.000142935978663611
Mexico,Wheat,WheatAEZ03,WheatAEZ03,2005,NOx_AWB,1.09797259903446e-05
Mexico,Wheat,WheatAEZ04,WheatAEZ04,2005,NOx_AWB,8.44335139364686e-06
Mexico,Wheat,WheatAEZ05,WheatAEZ05,2005,NOx_AWB,1.05346147889035e-06
Mexico,Wheat,WheatAEZ06,WheatAEZ06,2005,NOx_AWB,8.69224353133964e-06
Mexico,Wheat,WheatAEZ07,WheatAEZ07,2005,NOx_AWB,6.46602317905757e-05
Mexico,Wheat,WheatAEZ08,WheatAEZ08,2005,NOx_AWB,2.17940775097913e-05
Mexico,Wheat,WheatAEZ09,WheatAEZ09,2005,NOx_AWB,0.000149410495969008
Mexico,Wheat,WheatAEZ10,WheatAEZ10,2005,NOx_AWB,2.94046248964776e-05
Mexico,Wheat,WheatAEZ11,WheatAEZ11,2005,NOx_AWB,5.13206571810771e-07
Mexico,Wheat,WheatAEZ12,WheatAEZ12,2005,NOx_AWB,4.2470631694003e-07
Mexico,Corn,CornAEZ01,CornAEZ01,2005,SO2_AWB,8.84949820307442e-06
Mexico,Corn,CornAEZ02,CornAEZ02,2005,SO2_AWB,2.80632883206974e-06
Mexico,Corn,CornAEZ03,CornAEZ03,2005,SO2_AWB,3.15986487502238e-05
Mexico,Corn,CornAEZ04,CornAEZ04,2005,SO2_AWB,0.000124369653453039
Mexico,Corn,CornAEZ05,CornAEZ05,2005,SO2_AWB,4.10286833114817e-05
Mexico,Corn,CornAEZ06,CornAEZ06,2005,SO2_AWB,6.68568248474121e-05
Mexico,Corn,CornAEZ07,CornAEZ07,2005,SO2_AWB,2.50992522093613e-05
Mexico,Corn,CornAEZ08,CornAEZ08,2005,SO2_AWB,3.41118995531651e-05
Mexico,Corn,CornAEZ09,CornAEZ09,2005,SO2_AWB,0.000214743784939237
Mexico,Corn,CornAEZ10,CornAEZ10,2005,SO2_AWB,0.000111075790549755
Mexico,Corn,CornAEZ11,CornAEZ11,2005,SO2_AWB,4.87587230329077e-06
Mexico,Corn,CornAEZ12,CornAEZ12,2005,SO2_AWB,2.52655313096253e-06
Mexico,FiberCrop,FiberCropAEZ01,FiberCropAEZ01,2005,SO2_AWB,5.36439781980508e-07
Mexico,FiberCrop,FiberCropAEZ02,FiberCropAEZ02,2005,SO2_AWB,7.05723120463329e-08
Mexico,FiberCrop,FiberCropAEZ03,FiberCropAEZ03,2005,SO2_AWB,1.38091348055263e-08
Mexico,FiberCrop,FiberCropAEZ04,FiberCropAEZ04,2005,SO2_AWB,4.23989013375707e-08
Mexico,FiberCrop,FiberCropAEZ05,FiberCropAEZ05,2005,SO2_AWB,7.26540911627439e-08
Mexico,FiberCrop,FiberCropAEZ06,FiberCropAEZ06,2005,SO2_AWB,1.15295866730562e-07
Mexico,FiberCrop,FiberCropAEZ07,FiberCropAEZ07,2005,SO2_AWB,8.19662361136364e-06
Mexico,FiberCrop,FiberCropAEZ08,FiberCropAEZ08,2005,SO2_AWB,1.87519723542582e-06
Mexico,FiberCrop,FiberCropAEZ09,FiberCropAEZ09,2005,SO2_AWB,8.48706649442157e-07
Mexico,FiberCrop,FiberCropAEZ10,FiberCropAEZ10,2005,SO2_AWB,1.49194170009455e-08
Mexico,FiberCrop,FiberCropAEZ11,FiberCropAEZ11,2005,SO2_AWB,2.77570548854799e-10
Mexico,FiberCrop,FiberCropAEZ12,FiberCropAEZ12,2005,SO2_AWB,2.81040180715483e-09
Mexico,FodderGrass,FodderGrassAEZ01,FodderGrassAEZ01,2005,SO2_AWB,3.057068752011e-06
Mexico,FodderGrass,FodderGrassAEZ02,FodderGrassAEZ02,2005,SO2_AWB,3.37630378532295e-06
Mexico,FodderGrass,FodderGrassAEZ03,FodderGrassAEZ03,2005,SO2_AWB,1.4469229557851e-05
Mexico,FodderGrass,FodderGrassAEZ04,FodderGrassAEZ04,2005,SO2_AWB,1.69968483181411e-05
Mexico,FodderGrass,FodderGrassAEZ05,FodderGrassAEZ05,2005,SO2_AWB,1.22764962136663e-05
Mexico,FodderGrass,FodderGrassAEZ06,FodderGrassAEZ06,2005,SO2_AWB,1.90132485535765e-05
Mexico,FodderGrass,FodderGrassAEZ07,FodderGrassAEZ07,2005,SO2_AWB,1.95470822912632e-05
Mexico,FodderGrass,FodderGrassAEZ08,FodderGrassAEZ08,2005,SO2_AWB,1.11656058224633e-05
Mexico,FodderGrass,FodderGrassAEZ09,FodderGrassAEZ09,2005,SO2_AWB,1.6238992870733e-05
Mexico,FodderGrass,FodderGrassAEZ10,FodderGrassAEZ10,2005,SO2_AWB,8.19723622947697e-06
Mexico,FodderGrass,FodderGrassAEZ11,FodderGrassAEZ11,2005,SO2_AWB,5.60463970188301e-07
Mexico,FodderGrass,FodderGrassAEZ12,FodderGrassAEZ12,2005,SO2_AWB,5.14823848639346e-07
Mexico,FodderHerb,FodderHerbAEZ01,FodderHerbAEZ01,2005,SO2_AWB,1.99528688027378e-06
Mexico,FodderHerb,FodderHerbAEZ02,FodderHerbAEZ02,2005,SO2_AWB,2.47634161696611e-06
Mexico,FodderHerb,FodderHerbAEZ03,FodderHerbAEZ03,2005,SO2_AWB,7.34835501580031e-05
Mexico,FodderHerb,FodderHerbAEZ04,FodderHerbAEZ04,2005,SO2_AWB,7.73964450144879e-05
Mexico,FodderHerb,FodderHerbAEZ05,FodderHerbAEZ05,2005,SO2_AWB,3.16990706854878e-06
Mexico,FodderHerb,FodderHerbAEZ06,FodderHerbAEZ06,2005,SO2_AWB,7.14826652784662e-05
Mexico,FodderHerb,FodderHerbAEZ07,FodderHerbAEZ07,2005,SO2_AWB,0.000145977160789141
Mexico,FodderHerb,FodderHerbAEZ08,FodderHerbAEZ08,2005,SO2_AWB,0.000128725566545197
Mexico,FodderHerb,FodderHerbAEZ09,FodderHerbAEZ09,2005,SO2_AWB,0.000627189761060692
Mexico,FodderHerb,FodderHerbAEZ10,FodderHerbAEZ10,2005,SO2_AWB,0.000126740729263548
Mexico,FodderHerb,FodderHerbAEZ11,FodderHerbAEZ11,2005,SO2_AWB,1.30781525074629e-05
Mexico,FodderHerb,FodderHerbAEZ12,FodderHerbAEZ12,2005,SO2_AWB,1.30561337103606e-06
Mexico,MiscCrop,MiscCropAEZ01,MiscCropAEZ01,2005,SO2_AWB,2.7065002712744e-05
Mexico,MiscCrop,MiscCropAEZ02,MiscCropAEZ02,2005,SO2_AWB,4.42158408737087e-05
Mexico,MiscCrop,MiscCropAEZ03,MiscCropAEZ03,2005,SO2_AWB,0.000134738801313532
Mexico,MiscCrop,MiscCropAEZ04,MiscCropAEZ04,2005,SO2_AWB,0.000102239909046093
Mexico,MiscCrop,MiscCropAEZ05,MiscCropAEZ05,2005,SO2_AWB,6.02737360777639e-05
Mexico,MiscCrop,MiscCropAEZ06,MiscCropAEZ06,2005,SO2_AWB,0.000197899615302298
Mexico,MiscCrop,MiscCropAEZ07,MiscCropAEZ07,2005,SO2_AWB,9.39371825741268e-05
Mexico,MiscCrop,MiscCropAEZ08,MiscCropAEZ08,2005,SO2_AWB,6.27142990568524e-05
Mexico,MiscCrop,MiscCropAEZ09,MiscCropAEZ09,2005,SO2_AWB,6.70782416040364e-05
Mexico,MiscCrop,MiscCropAEZ10,MiscCropAEZ10,2005,SO2_AWB,4.63780749821749e-05
Mexico,MiscCrop,MiscCropAEZ11,MiscCropAEZ11,2005,SO2_AWB,1.88021604810003e-06
Mexico,MiscCrop,MiscCropAEZ12,MiscCropAEZ12,2005,SO2_AWB,1.57256221811878e-05
Mexico,OilCrop,OilCropAEZ01,OilCropAEZ01,2005,SO2_AWB,1.6026090527479e-06
Mexico,OilCrop,OilCropAEZ02,OilCropAEZ02,2005,SO2_AWB,1.85022346182197e-06
Mexico,OilCrop,OilCropAEZ03,OilCropAEZ03,2005,SO2_AWB,4.59995833305606e-07
Mexico,OilCrop,OilCropAEZ04,OilCropAEZ04,2005,SO2_AWB,2.3721228973961e-06
Mexico,OilCrop,OilCropAEZ05,OilCropAEZ05,2005,SO2_AWB,1.77223649373042e-06
Mexico,OilCrop,OilCropAEZ06,OilCropAEZ06,2005,SO2_AWB,8.25545282776294e-07
Mexico,OilCrop,OilCropAEZ07,OilCropAEZ07,2005,SO2_AWB,5.87534610128923e-07
Mexico,OilCrop,OilCropAEZ08,OilCropAEZ08,2005,SO2_AWB,3.02546624358151e-07
Mexico,OilCrop,OilCropAEZ09,OilCropAEZ09,2005,SO2_AWB,1.58441402198766e-06
Mexico,OilCrop,OilCropAEZ10,OilCropAEZ10,2005,SO2_AWB,6.45099174855253e-07
Mexico,OilCrop,OilCropAEZ11,OilCropAEZ11,2005,SO2_AWB,8.53344049963232e-09
Mexico,OilCrop,OilCropAEZ12,OilCropAEZ12,2005,SO2_AWB,2.89269169479061e-10
Mexico,OtherGrain,OtherGrainAEZ01,OtherGrainAEZ01,2005,SO2_AWB,1.36889164294099e-06
Mexico,OtherGrain,OtherGrainAEZ02,OtherGrainAEZ02,2005,SO2_AWB,6.24582097597355e-06
Mexico,OtherGrain,OtherGrainAEZ03,OtherGrainAEZ03,2005,SO2_AWB,1.86554375200549e-05
Mexico,OtherGrain,OtherGrainAEZ04,OtherGrainAEZ04,2005,SO2_AWB,1.29108794940323e-05
Mexico,OtherGrain,OtherGrainAEZ05,OtherGrainAEZ05,2005,SO2_AWB,2.00335323149326e-06
Mexico,OtherGrain,OtherGrainAEZ06,OtherGrainAEZ06,2005,SO2_AWB,4.46053303248494e-06
Mexico,OtherGrain,OtherGrainAEZ07,OtherGrainAEZ07,2005,SO2_AWB,5.94103605495417e-05
Mexico,OtherGrain,OtherGrainAEZ08,OtherGrainAEZ08,2005,SO2_AWB,1.40490129112303e-05
Mexico,OtherGrain,OtherGrainAEZ09,OtherGrainAEZ09,2005,SO2_AWB,8.65521850623862e-05
Mexico,OtherGrain,OtherGrainAEZ10,OtherGrainAEZ10,2005,SO2_AWB,9.87942918879943e-06
Mexico,OtherGrain,OtherGrainAEZ11,OtherGrainAEZ11,2005,SO2_AWB,4.72881417635925e-07
Mexico,OtherGrain,OtherGrainAEZ12,OtherGrainAEZ12,2005,SO2_AWB,2.33352402798919e-07
Mexico,PalmFruit,PalmFruitAEZ01,PalmFruitAEZ01,2005,SO2_AWB,0
Mexico,PalmFruit,PalmFruitAEZ02,PalmFruitAEZ02,2005,SO2_AWB,0
Mexico,PalmFruit,PalmFruitAEZ03,PalmFruitAEZ03,2005,SO2_AWB,7.29516872465452e-06
Mexico,PalmFruit,PalmFruitAEZ04,PalmFruitAEZ04,2005,SO2_AWB,5.55253640780287e-06
Mexico,PalmFruit,PalmFruitAEZ05,PalmFruitAEZ05,2005,SO2_AWB,9.86898446115103e-06
Mexico,PalmFruit,PalmFruitAEZ06,PalmFruitAEZ06,2005,SO2_AWB,1.99393817606643e-05
Mexico,PalmFruit,PalmFruitAEZ07,PalmFruitAEZ07,2005,SO2_AWB,0
Mexico,PalmFruit,PalmFruitAEZ08,PalmFruitAEZ08,2005,SO2_AWB,0
Mexico,PalmFruit,PalmFruitAEZ09,PalmFruitAEZ09,2005,SO2_AWB,7.03278470066997e-10
Mexico,PalmFruit,PalmFruitAEZ10,PalmFruitAEZ10,2005,SO2_AWB,0
Mexico,PalmFruit,PalmFruitAEZ11,PalmFruitAEZ11,2005,SO2_AWB,0
Mexico,PalmFruit,PalmFruitAEZ12,PalmFruitAEZ12,2005,SO2_AWB,0
Mexico,Rice,RiceAEZ01,RiceAEZ01,2005,SO2_AWB,0
Mexico,Rice,RiceAEZ02,RiceAEZ02,2005,SO2_AWB,6.94167695938724e-08
Mexico,Rice,RiceAEZ03,RiceAEZ03,2005,SO2_AWB,1.7589790446573e-06
Mexico,Rice,RiceAEZ04,RiceAEZ04,2005,SO2_AWB,1.72678160129875e-06
Mexico,Rice,RiceAEZ05,RiceAEZ05,2005,SO2_AWB,1.92771430931706e-06
Mexico,Rice,RiceAEZ06,RiceAEZ06,2005,SO2_AWB,2.18830698591151e-06
Mexico,Rice,RiceAEZ07,RiceAEZ07,2005,SO2_AWB,0
Mexico,Rice,RiceAEZ08,RiceAEZ08,2005,SO2_AWB,6.82976071241904e-09
Mexico,Rice,RiceAEZ09,RiceAEZ09,2005,SO2_AWB,3.76296858075424e-07
Mexico,Rice,RiceAEZ10,RiceAEZ10,2005,SO2_AWB,8.87840196140892e-07
Mexico,Rice,RiceAEZ11,RiceAEZ11,2005,SO2_AWB,0
Mexico,Rice,RiceAEZ12,RiceAEZ12,2005,SO2_AWB,7.97761965568274e-09
Mexico,Root_Tuber,Root_TuberAEZ01,Root_TuberAEZ01,2005,SO2_AWB,7.37778858653196e-06
Mexico,Root_Tuber,Root_TuberAEZ02,Root_TuberAEZ02,2005,SO2_AWB,5.75537982898223e-06
Mexico,Root_Tuber,Root_TuberAEZ03,Root_TuberAEZ03,2005,SO2_AWB,2.69206555955978e-06
Mexico,Root_Tuber,Root_TuberAEZ04,Root_TuberAEZ04,2005,SO2_AWB,1.03716763381462e-06
Mexico,Root_Tuber,Root_TuberAEZ05,Root_TuberAEZ05,2005,SO2_AWB,8.89897941202585e-07
Mexico,Root_Tuber,Root_TuberAEZ06,Root_TuberAEZ06,2005,SO2_AWB,6.83925336767916e-06
Mexico,Root_Tuber,Root_TuberAEZ07,Root_TuberAEZ07,2005,SO2_AWB,1.00994650792524e-05
Mexico,Root_Tuber,Root_TuberAEZ08,Root_TuberAEZ08,2005,SO2_AWB,2.51701653790011e-06
Mexico,Root_Tuber,Root_TuberAEZ09,Root_TuberAEZ09,2005,SO2_AWB,9.09657460812444e-06
Mexico,Root_Tuber,Root_TuberAEZ10,Root_TuberAEZ10,2005,SO2_AWB,8.56418834593682e-06
Mexico,Root_Tuber,Root_TuberAEZ11,Root_TuberAEZ11,2005,SO2_AWB,3.42771626867212e-08
Mexico,Root_Tuber,Root_TuberAEZ12,Root_TuberAEZ12,2005,SO2_AWB,1.76802128453569e-06
Mexico,SugarCrop,SugarCropAEZ01,SugarCropAEZ01,2005,SO2_AWB,2.06267295603602e-05
Mexico,SugarCrop,SugarCropAEZ02,SugarCropAEZ02,2005,SO2_AWB,2.19221976795392e-05
Mexico,SugarCrop,SugarCropAEZ03,SugarCropAEZ03,2005,SO2_AWB,0.000150219877654757
Mexico,SugarCrop,SugarCropAEZ04,SugarCropAEZ04,2005,SO2_AWB,0.000334909456187467
Mexico,SugarCrop,SugarCropAEZ05,SugarCropAEZ05,2005,SO2_AWB,0.000354395902145153
Mexico,SugarCrop,SugarCropAEZ06,SugarCropAEZ06,2005,SO2_AWB,0.000317598649611063
Mexico,SugarCrop,SugarCropAEZ07,SugarCropAEZ07,2005,SO2_AWB,6.32514122813622e-05
Mexico,SugarCrop,SugarCropAEZ08,SugarCropAEZ08,2005,SO2_AWB,2.67105676633401e-05
Mexico,SugarCrop,SugarCropAEZ09,SugarCropAEZ09,2005,SO2_AWB,8.49453865412638e-05
Mexico,SugarCrop,SugarCropAEZ10,SugarCropAEZ10,2005,SO2_AWB,0.000143678357904334
Mexico,SugarCrop,SugarCropAEZ11,SugarCropAEZ11,2005,SO2_AWB,9.2697049166462e-07
Mexico,SugarCrop,SugarCropAEZ12,SugarCropAEZ12,2005,SO2_AWB,1.27432202930316e-06
Mexico,Wheat,WheatAEZ01,WheatAEZ01,2005,SO2_AWB,4.02480101760014e-05
Mexico,Wheat,WheatAEZ02,WheatAEZ02,2005,SO2_AWB,1.64511220726043e-05
Mexico,Wheat,WheatAEZ03,WheatAEZ03,2005,SO2_AWB,1.26370431209626e-06
Mexico,Wheat,WheatAEZ04,WheatAEZ04,2005,SO2_AWB,9.71781952853695e-07
Mexico,Wheat,WheatAEZ05,WheatAEZ05,2005,SO2_AWB,1.21247453230776e-07
Mexico,Wheat,WheatAEZ06,WheatAEZ06,2005,SO2_AWB,1.00042802907871e-06
Mexico,Wheat,WheatAEZ07,WheatAEZ07,2005,SO2_AWB,7.44202667778324e-06
Mexico,Wheat,WheatAEZ08,WheatAEZ08,2005,SO2_AWB,2.50837495867409e-06
Mexico,Wheat,WheatAEZ09,WheatAEZ09,2005,SO2_AWB,1.71963023662443e-05
Mexico,Wheat,WheatAEZ10,WheatAEZ10,2005,SO2_AWB,3.38430588431157e-06
Mexico,Wheat,WheatAEZ11,WheatAEZ11,2005,SO2_AWB,5.90671714725604e-08
Mexico,Wheat,WheatAEZ12,WheatAEZ12,2005,SO2_AWB,4.8881293081777e-08
Middle East,Corn,CornAEZ01,CornAEZ01,2005,CH4_AWB,6.18303507676895e-06
Middle East,Corn,CornAEZ02,CornAEZ02,2005,CH4_AWB,2.82982293961364e-07
Middle East,Corn,CornAEZ03,CornAEZ03,2005,CH4_AWB,9.78487042091141e-07
Middle East,Corn,CornAEZ07,CornAEZ07,2005,CH4_AWB,4.78892045805302e-05
Middle East,Corn,CornAEZ08,CornAEZ08,2005,CH4_AWB,8.69049081868772e-05
Middle East,Corn,CornAEZ09,CornAEZ09,2005,CH4_AWB,3.0926379433945e-05
Middle East,Corn,CornAEZ10,CornAEZ10,2005,CH4_AWB,6.21558017467928e-06
Middle East,FiberCrop,FiberCropAEZ01,FiberCropAEZ01,2005,CH4_AWB,1.2448212536288e-06
Middle East,FiberCrop,FiberCropAEZ02,FiberCropAEZ02,2005,CH4_AWB,1.43484069732915e-07
Middle East,FiberCrop,FiberCropAEZ03,FiberCropAEZ03,2005,CH4_AWB,8.54424809364051e-07
Middle East,FiberCrop,FiberCropAEZ07,FiberCropAEZ07,2005,CH4_AWB,1.76397538345957e-05
Middle East,FiberCrop,FiberCropAEZ08,FiberCropAEZ08,2005,CH4_AWB,2.23166080062699e-05
Middle East,FiberCrop,FiberCropAEZ09,FiberCropAEZ09,2005,CH4_AWB,2.66342365801656e-05
Middle East,FiberCrop,FiberCropAEZ10,FiberCropAEZ10,2005,CH4_AWB,1.35785116090455e-05
Middle East,FodderGrass,FodderGrassAEZ01,FodderGrassAEZ01,2005,CH4_AWB,0.000126393579551968
Middle East,FodderGrass,FodderGrassAEZ02,FodderGrassAEZ02,2005,CH4_AWB,4.50384878346356e-06
Middle East,FodderGrass,FodderGrassAEZ03,FodderGrassAEZ03,2005,CH4_AWB,2.70150852034896e-05
Middle East,FodderGrass,FodderGrassAEZ07,FodderGrassAEZ07,2005,CH4_AWB,0.000113736379124279
Middle East,FodderGrass,FodderGrassAEZ08,FodderGrassAEZ08,2005,CH4_AWB,0.000202888808173732
Middle East,FodderGrass,FodderGrassAEZ09,FodderGrassAEZ09,2005,CH4_AWB,0.000125142101064199
Middle East,FodderGrass,FodderGrassAEZ10,FodderGrassAEZ10,2005,CH4_AWB,7.93881949285861e-06
Middle East,FodderHerb,FodderHerbAEZ01,FodderHerbAEZ01,2005,CH4_AWB,0.000301815939328104
Middle East,FodderHerb,FodderHerbAEZ02,FodderHerbAEZ02,2005,CH4_AWB,5.66138429434389e-08
Middle East,FodderHerb,FodderHerbAEZ03,FodderHerbAEZ03,2005,CH4_AWB,3.75355102900859e-07
Middle East,FodderHerb,FodderHerbAEZ07,FodderHerbAEZ07,2005,CH4_AWB,0.000408672526945933
Middle East,FodderHerb,FodderHerbAEZ08,FodderHerbAEZ08,2005,CH4_AWB,0.000708130384358086
Middle East,FodderHerb,FodderHerbAEZ09,FodderHerbAEZ09,2005,CH4_AWB,0.0001370484483557
Middle East,FodderHerb,FodderHerbAEZ10,FodderHerbAEZ10,2005,CH4_AWB,8.98536226114372e-06
Middle East,MiscCrop,MiscCropAEZ01,MiscCropAEZ01,2005,CH4_AWB,0.000458157829110245
Middle East,MiscCrop,MiscCropAEZ02,MiscCropAEZ02,2005,CH4_AWB,5.0973462075677e-06
Middle East,MiscCrop,MiscCropAEZ03,MiscCropAEZ03,2005,CH4_AWB,3.76988313513157e-05
Middle East,MiscCrop,MiscCropAEZ07,MiscCropAEZ07,2005,CH4_AWB,0.000782350960426856
Middle East,MiscCrop,MiscCropAEZ08,MiscCropAEZ08,2005,CH4_AWB,0.001461196395311
Middle East,MiscCrop,MiscCropAEZ09,MiscCropAEZ09,2005,CH4_AWB,0.000534237392244503
Middle East,MiscCrop,MiscCropAEZ10,MiscCropAEZ10,2005,CH4_AWB,0.000218468989435344
Middle East,OilCrop,OilCropAEZ01,OilCropAEZ01,2005,CH4_AWB,2.31692421318361e-06
Middle East,OilCrop,OilCropAEZ02,OilCropAEZ02,2005,CH4_AWB,5.09202622781002e-07
Middle East,OilCrop,OilCropAEZ03,OilCropAEZ03,2005,CH4_AWB,2.88039298816653e-06
Middle East,OilCrop,OilCropAEZ07,OilCropAEZ07,2005,CH4_AWB,1.14848717225643e-05
Middle East,OilCrop,OilCropAEZ08,OilCropAEZ08,2005,CH4_AWB,3.91406385650595e-05
Middle East,OilCrop,OilCropAEZ09,OilCropAEZ09,2005,CH4_AWB,3.9113871445669e-05
Middle East,OilCrop,OilCropAEZ10,OilCropAEZ10,2005,CH4_AWB,2.83749240579958e-05
Middle East,OtherGrain,OtherGrainAEZ01,OtherGrainAEZ01,2005,CH4_AWB,4.83435082491574e-05
Middle East,OtherGrain,OtherGrainAEZ02,OtherGrainAEZ02,2005,CH4_AWB,8.05125144930821e-08
Middle East,OtherGrain,OtherGrainAEZ03,OtherGrainAEZ03,2005,CH4_AWB,1.48457617358342e-07
Middle East,OtherGrain,OtherGrainAEZ07,OtherGrainAEZ07,2005,CH4_AWB,7.79540327258823e-05
Middle East,OtherGrain,OtherGrainAEZ08,OtherGrainAEZ08,2005,CH4_AWB,0.000156901863931263
Middle East,OtherGrain,OtherGrainAEZ09,OtherGrainAEZ09,2005,CH4_AWB,4.98649758568741e-05
Middle East,OtherGrain,OtherGrainAEZ10,OtherGrainAEZ10,2005,CH4_AWB,2.04712595007476e-05
Middle East,PalmFruit,PalmFruitAEZ01,PalmFruitAEZ01,2005,CH4_AWB,0
Middle East,PalmFruit,PalmFruitAEZ02,PalmFruitAEZ02,2005,CH4_AWB,0
Middle East,PalmFruit,PalmFruitAEZ03,PalmFruitAEZ03,2005,CH4_AWB,0
Middle East,PalmFruit,PalmFruitAEZ07,PalmFruitAEZ07,2005,CH4_AWB,0
Middle East,PalmFruit,PalmFruitAEZ08,PalmFruitAEZ08,2005,CH4_AWB,0
Middle East,PalmFruit,PalmFruitAEZ09,PalmFruitAEZ09,2005,CH4_AWB,0
Middle East,PalmFruit,PalmFruitAEZ10,PalmFruitAEZ10,2005,CH4_AWB,0
Middle East,Rice,RiceAEZ01,RiceAEZ01,2005,CH4_AWB,5.64595325857464e-08
Middle East,Rice,RiceAEZ02,RiceAEZ02,2005,CH4_AWB,0
Middle East,Rice,RiceAEZ03,RiceAEZ03,2005,CH4_AWB,0
Middle East,Rice,RiceAEZ07,RiceAEZ07,2005,CH4_AWB,9.2744046867204e-05
Middle East,Rice,RiceAEZ08,RiceAEZ08,2005,CH4_AWB,9.16312781644781e-05
Middle East,Rice,RiceAEZ09,RiceAEZ09,2005,CH4_AWB,3.5880505270934e-06
Middle East,Rice,RiceAEZ10,RiceAEZ10,2005,CH4_AWB,0
Middle East,Root_Tuber,Root_TuberAEZ01,Root_TuberAEZ01,2005,CH4_AWB,2.16625629512609e-05
Middle East,Root_Tuber,Root_TuberAEZ02,Root_TuberAEZ02,2005,CH4_AWB,7.38420319601471e-07
Middle East,Root_Tuber,Root_TuberAEZ03,Root_TuberAEZ03,2005,CH4_AWB,4.23539669340924e-06
Middle East,Root_Tuber,Root_TuberAEZ07,Root_TuberAEZ07,2005,CH4_AWB,0.000139274827895872
Middle East,Root_Tuber,Root_TuberAEZ08,Root_TuberAEZ08,2005,CH4_AWB,0.000222445971937383
Middle East,Root_Tuber,Root_TuberAEZ09,Root_TuberAEZ09,2005,CH4_AWB,6.59855613945725e-05
Middle East,Root_Tuber,Root_TuberAEZ10,Root_TuberAEZ10,2005,CH4_AWB,2.47029069894989e-05
Middle East,SugarCrop,SugarCropAEZ01,SugarCropAEZ01,2005,CH4_AWB,1.50870871480268e-06
Middle East,SugarCrop,SugarCropAEZ02,SugarCropAEZ02,2005,CH4_AWB,0
Middle East,SugarCrop,SugarCropAEZ03,SugarCropAEZ03,2005,CH4_AWB,0
Middle East,SugarCrop,SugarCropAEZ07,SugarCropAEZ07,2005,CH4_AWB,0.000224255677271834
Middle East,SugarCrop,SugarCropAEZ08,SugarCropAEZ08,2005,CH4_AWB,0.000420520630164022
Middle East,SugarCrop,SugarCropAEZ09,SugarCropAEZ09,2005,CH4_AWB,8.14424848197225e-05
Middle East,SugarCrop,SugarCropAEZ10,SugarCropAEZ10,2005,CH4_AWB,4.46864308117557e-05
Middle East,Wheat,WheatAEZ01,WheatAEZ01,2005,CH4_AWB,3.91904523513132e-05
Middle East,Wheat,WheatAEZ02,WheatAEZ02,2005,CH4_AWB,1.06202030931975e-07
Middle East,Wheat,WheatAEZ03,WheatAEZ03,2005,CH4_AWB,1.46299640733509e-06
Middle East,Wheat,WheatAEZ07,WheatAEZ07,2005,CH4_AWB,0.000437513764995046
Middle East,Wheat,WheatAEZ08,WheatAEZ08,2005,CH4_AWB,0.000724856770859471
Middle East,Wheat,WheatAEZ09,WheatAEZ09,2005,CH4_AWB,0.000224208073260984
Middle East,Wheat,WheatAEZ10,WheatAEZ10,2005,CH4_AWB,0.000116994676401336
Middle East,Corn,CornAEZ01,CornAEZ01,2005,CO_AWB,0.000273289542799532
Middle East,Corn,CornAEZ02,CornAEZ02,2005,CO_AWB,1.25077895850265e-05
Middle East,Corn,CornAEZ03,CornAEZ03,2005,CO_AWB,4.32490311065959e-05
Middle East,Corn,CornAEZ07,CornAEZ07,2005,CO_AWB,0.00211669813648955
Middle East,Corn,CornAEZ08,CornAEZ08,2005,CO_AWB,0.00384118840190019
Middle East,Corn,CornAEZ09,CornAEZ09,2005,CO_AWB,0.00136694293191109
Middle East,Corn,CornAEZ10,CornAEZ10,2005,CO_AWB,0.000274728032929031
Middle East,FiberCrop,FiberCropAEZ01,FiberCropAEZ01,2005,CO_AWB,5.50209770844664e-05
Middle East,FiberCrop,FiberCropAEZ02,FiberCropAEZ02,2005,CO_AWB,6.34198178232165e-06
Middle East,FiberCrop,FiberCropAEZ03,FiberCropAEZ03,2005,CO_AWB,3.77654926113893e-05
Middle East,FiberCrop,FiberCropAEZ07,FiberCropAEZ07,2005,CO_AWB,0.000779675386068182
Middle East,FiberCrop,FiberCropAEZ08,FiberCropAEZ08,2005,CO_AWB,0.000986391880871707
Middle East,FiberCrop,FiberCropAEZ09,FiberCropAEZ09,2005,CO_AWB,0.00117723063955376
Middle East,FiberCrop,FiberCropAEZ10,FiberCropAEZ10,2005,CO_AWB,0.000600168878788466
Middle East,FodderGrass,FodderGrassAEZ01,FodderGrassAEZ01,2005,CO_AWB,0.0055865837957698
Middle East,FodderGrass,FodderGrassAEZ02,FodderGrassAEZ02,2005,CO_AWB,0.000199069673645485
Middle East,FodderGrass,FodderGrassAEZ03,FodderGrassAEZ03,2005,CO_AWB,0.0011940641112795
Middle East,FodderGrass,FodderGrassAEZ07,FodderGrassAEZ07,2005,CO_AWB,0.00502713678066199
Middle East,FodderGrass,FodderGrassAEZ08,FodderGrassAEZ08,2005,CO_AWB,0.00896766538382898
Middle East,FodderGrass,FodderGrassAEZ09,FodderGrassAEZ09,2005,CO_AWB,0.0055312685695905
Middle East,FodderGrass,FodderGrassAEZ10,FodderGrassAEZ10,2005,CO_AWB,0.000350895041453509
Middle East,FodderHerb,FodderHerbAEZ01,FodderHerbAEZ01,2005,CO_AWB,0.0133402348594942
Middle East,FodderHerb,FodderHerbAEZ02,FodderHerbAEZ02,2005,CO_AWB,2.50232629477853e-06
Middle East,FodderHerb,FodderHerbAEZ03,FodderHerbAEZ03,2005,CO_AWB,1.65906586628734e-05
Middle East,FodderHerb,FodderHerbAEZ07,FodderHerbAEZ07,2005,CO_AWB,0.0180632855316336
Middle East,FodderHerb,FodderHerbAEZ08,FodderHerbAEZ08,2005,CO_AWB,0.0312992934021665
Middle East,FodderHerb,FodderHerbAEZ09,FodderHerbAEZ09,2005,CO_AWB,0.00605752794986353
Middle East,FodderHerb,FodderHerbAEZ10,FodderHerbAEZ10,2005,CO_AWB,0.000397152128970187
Middle East,MiscCrop,MiscCropAEZ01,MiscCropAEZ01,2005,CO_AWB,0.0202505310244811
Middle East,MiscCrop,MiscCropAEZ02,MiscCropAEZ02,2005,CO_AWB,0.000225302201469164
Middle East,MiscCrop,MiscCropAEZ03,MiscCropAEZ03,2005,CO_AWB,0.00166628464114449
Middle East,MiscCrop,MiscCropAEZ07,MiscCropAEZ07,2005,CO_AWB,0.0345798355709085
Middle East,MiscCrop,MiscCropAEZ08,MiscCropAEZ08,2005,CO_AWB,0.0645847370840962
Middle East,MiscCrop,MiscCropAEZ09,MiscCropAEZ09,2005,CO_AWB,0.0236132402388391
Middle East,MiscCrop,MiscCropAEZ10,MiscCropAEZ10,2005,CO_AWB,0.00965630786456106
Middle East,OilCrop,OilCropAEZ01,OilCropAEZ01,2005,CO_AWB,0.00010240782254352
Middle East,OilCrop,OilCropAEZ02,OilCropAEZ02,2005,CO_AWB,2.25067058886657e-05
Middle East,OilCrop,OilCropAEZ03,OilCropAEZ03,2005,CO_AWB,0.000127313087026892
Middle East,OilCrop,OilCropAEZ07,OilCropAEZ07,2005,CO_AWB,0.000507630201543519
Middle East,OilCrop,OilCropAEZ08,OilCropAEZ08,2005,CO_AWB,0.00173001237830865
Middle East,OilCrop,OilCropAEZ09,OilCropAEZ09,2005,CO_AWB,0.00172882927426194
Middle East,OilCrop,OilCropAEZ10,OilCropAEZ10,2005,CO_AWB,0.00125416885502021
Middle East,OtherGrain,OtherGrainAEZ01,OtherGrainAEZ01,2005,CO_AWB,0.00213677831399942
Middle East,OtherGrain,OtherGrainAEZ02,OtherGrainAEZ02,2005,CO_AWB,3.55864522880133e-06
Middle East,OtherGrain,OtherGrainAEZ03,OtherGrainAEZ03,2005,CO_AWB,6.56181209862561e-06
Middle East,OtherGrain,OtherGrainAEZ07,OtherGrainAEZ07,2005,CO_AWB,0.00344556058610764
Middle East,OtherGrain,OtherGrainAEZ08,OtherGrainAEZ08,2005,CO_AWB,0.00693504696735066
Middle East,OtherGrain,OtherGrainAEZ09,OtherGrainAEZ09,2005,CO_AWB,0.00220402703274912
Middle East,OtherGrain,OtherGrainAEZ10,OtherGrainAEZ10,2005,CO_AWB,0.000904827658266081
Middle East,PalmFruit,PalmFruitAEZ01,PalmFruitAEZ01,2005,CO_AWB,0
Middle East,PalmFruit,PalmFruitAEZ02,PalmFruitAEZ02,2005,CO_AWB,0
Middle East,PalmFruit,PalmFruitAEZ03,PalmFruitAEZ03,2005,CO_AWB,0
Middle East,PalmFruit,PalmFruitAEZ07,PalmFruitAEZ07,2005,CO_AWB,0
Middle East,PalmFruit,PalmFruitAEZ08,PalmFruitAEZ08,2005,CO_AWB,0
Middle East,PalmFruit,PalmFruitAEZ09,PalmFruitAEZ09,2005,CO_AWB,0
Middle East,PalmFruit,PalmFruitAEZ10,PalmFruitAEZ10,2005,CO_AWB,0
Middle East,Rice,RiceAEZ01,RiceAEZ01,2005,CO_AWB,2.49550579213227e-06
Middle East,Rice,RiceAEZ02,RiceAEZ02,2005,CO_AWB,0
Middle East,Rice,RiceAEZ03,RiceAEZ03,2005,CO_AWB,0
Middle East,Rice,RiceAEZ07,RiceAEZ07,2005,CO_AWB,0.00409927775777095
Middle East,Rice,RiceAEZ08,RiceAEZ08,2005,CO_AWB,0.00405009349045986
Middle East,Rice,RiceAEZ09,RiceAEZ09,2005,CO_AWB,0.000158591480707464
Middle East,Rice,RiceAEZ10,RiceAEZ10,2005,CO_AWB,0
Middle East,Root_Tuber,Root_TuberAEZ01,Root_TuberAEZ01,2005,CO_AWB,0.000957483153711922
Middle East,Root_Tuber,Root_TuberAEZ02,Root_TuberAEZ02,2005,CO_AWB,3.26381055633968e-05
Middle East,Root_Tuber,Root_TuberAEZ03,Root_TuberAEZ03,2005,CO_AWB,0.000187204117645298
Middle East,Root_Tuber,Root_TuberAEZ07,Root_TuberAEZ07,2005,CO_AWB,0.00615593370675758
Middle East,Root_Tuber,Root_TuberAEZ08,Root_TuberAEZ08,2005,CO_AWB,0.00983209010034159
Middle East,Root_Tuber,Root_TuberAEZ09,Root_TuberAEZ09,2005,CO_AWB,0.00291655532937987
Middle East,Root_Tuber,Root_TuberAEZ10,Root_TuberAEZ10,2005,CO_AWB,0.00109186606143392
Middle East,SugarCrop,SugarCropAEZ01,SugarCropAEZ01,2005,CO_AWB,6.66847769366942e-05
Middle East,SugarCrop,SugarCropAEZ02,SugarCropAEZ02,2005,CO_AWB,0
Middle East,SugarCrop,SugarCropAEZ03,SugarCropAEZ03,2005,CO_AWB,0
Middle East,SugarCrop,SugarCropAEZ07,SugarCropAEZ07,2005,CO_AWB,0.00991207889828847
Middle East,SugarCrop,SugarCropAEZ08,SugarCropAEZ08,2005,CO_AWB,0.0185869705295853
Middle East,SugarCrop,SugarCropAEZ09,SugarCropAEZ09,2005,CO_AWB,0.00359974982585264
Middle East,SugarCrop,SugarCropAEZ10,SugarCropAEZ10,2005,CO_AWB,0.00197513585063945
Middle East,Wheat,WheatAEZ01,WheatAEZ01,2005,CO_AWB,0.00173221414276597
Middle East,Wheat,WheatAEZ02,WheatAEZ02,2005,CO_AWB,4.69411933094647e-06
Middle East,Wheat,WheatAEZ03,WheatAEZ03,2005,CO_AWB,6.46642974386778e-05
Middle East,Wheat,WheatAEZ07,WheatAEZ07,2005,CO_AWB,0.0193380654192375
Middle East,Wheat,WheatAEZ08,WheatAEZ08,2005,CO_AWB,0.0320385980418614
Middle East,Wheat,WheatAEZ09,WheatAEZ09,2005,CO_AWB,0.00990997480568683
Middle East,Wheat,WheatAEZ10,WheatAEZ10,2005,CO_AWB,0.00517115320012198
Middle East,Corn,CornAEZ01,CornAEZ01,2005,N2O_AWB,1.64858549080769e-07
Middle East,Corn,CornAEZ02,CornAEZ02,2005,N2O_AWB,7.54516993980844e-09
Middle East,Corn,CornAEZ03,CornAEZ03,2005,N2O_AWB,2.60894450784477e-08
Middle East,Corn,CornAEZ07,CornAEZ07,2005,N2O_AWB,1.27687206780395e-06
Middle East,Corn,CornAEZ08,CornAEZ08,2005,N2O_AWB,2.31714957036486e-06
Middle East,Corn,CornAEZ09,CornAEZ09,2005,N2O_AWB,8.24591479507797e-07
Middle East,Corn,CornAEZ10,CornAEZ10,2005,N2O_AWB,1.65726300525581e-07
Middle East,FiberCrop,FiberCropAEZ01,FiberCropAEZ01,2005,N2O_AWB,3.31907264296793e-08
Middle East,FiberCrop,FiberCropAEZ02,FiberCropAEZ02,2005,N2O_AWB,3.82572236105336e-09
Middle East,FiberCrop,FiberCropAEZ03,FiberCropAEZ03,2005,N2O_AWB,2.27815680521707e-08
Middle East,FiberCrop,FiberCropAEZ07,FiberCropAEZ07,2005,N2O_AWB,4.70329569088105e-07
Middle East,FiberCrop,FiberCropAEZ08,FiberCropAEZ08,2005,N2O_AWB,5.95028747312315e-07
Middle East,FiberCrop,FiberCropAEZ09,FiberCropAEZ09,2005,N2O_AWB,7.10149876874802e-07
Middle East,FiberCrop,FiberCropAEZ10,FiberCropAEZ10,2005,N2O_AWB,3.62044480542298e-07
Middle East,FodderGrass,FodderGrassAEZ01,FodderGrassAEZ01,2005,N2O_AWB,3.37003783406499e-06
Middle East,FodderGrass,FodderGrassAEZ02,FodderGrassAEZ02,2005,N2O_AWB,1.2008632758865e-07
Middle East,FodderGrass,FodderGrassAEZ03,FodderGrassAEZ03,2005,N2O_AWB,7.20304461262736e-07
Middle East,FodderGrass,FodderGrassAEZ07,FodderGrassAEZ07,2005,N2O_AWB,3.03255831599249e-06
Middle East,FodderGrass,FodderGrassAEZ08,FodderGrassAEZ08,2005,N2O_AWB,5.40963363865095e-06
Middle East,FodderGrass,FodderGrassAEZ09,FodderGrassAEZ09,2005,N2O_AWB,3.33666960549474e-06
Middle East,FodderGrass,FodderGrassAEZ10,FodderGrassAEZ10,2005,N2O_AWB,2.11673109849269e-07
Middle East,FodderHerb,FodderHerbAEZ01,FodderHerbAEZ01,2005,N2O_AWB,8.04733229381613e-06
Middle East,FodderHerb,FodderHerbAEZ02,FodderHerbAEZ02,2005,N2O_AWB,1.50949750238505e-09
Middle East,FodderHerb,FodderHerbAEZ03,FodderHerbAEZ03,2005,N2O_AWB,1.00081103998257e-08
Middle East,FodderHerb,FodderHerbAEZ07,FodderHerbAEZ07,2005,N2O_AWB,1.08964544119464e-05
Middle East,FodderHerb,FodderHerbAEZ08,FodderHerbAEZ08,2005,N2O_AWB,1.88809130590097e-05
Middle East,FodderHerb,FodderHerbAEZ09,FodderHerbAEZ09,2005,N2O_AWB,3.65412909180812e-06
Middle East,FodderHerb,FodderHerbAEZ10,FodderHerbAEZ10,2005,N2O_AWB,2.39577127890295e-07
Middle East,MiscCrop,MiscCropAEZ01,MiscCropAEZ01,2005,N2O_AWB,1.22158833031528e-05
Middle East,MiscCrop,MiscCropAEZ02,MiscCropAEZ02,2005,N2O_AWB,1.35910776747705e-07
Middle East,MiscCrop,MiscCropAEZ03,MiscCropAEZ03,2005,N2O_AWB,1.00516567696172e-06
Middle East,MiscCrop,MiscCropAEZ07,MiscCropAEZ07,2005,N2O_AWB,2.08598596977905e-05
Middle East,MiscCrop,MiscCropAEZ08,MiscCropAEZ08,2005,N2O_AWB,3.89599467999304e-05
Middle East,MiscCrop,MiscCropAEZ09,MiscCropAEZ09,2005,N2O_AWB,1.42443961996973e-05
Middle East,MiscCrop,MiscCropAEZ10,MiscCropAEZ10,2005,N2O_AWB,5.82504872934892e-06
Middle East,OilCrop,OilCropAEZ01,OilCropAEZ01,2005,N2O_AWB,6.17762570279895e-08
Middle East,OilCrop,OilCropAEZ02,OilCropAEZ02,2005,N2O_AWB,1.35768929882355e-08
Middle East,OilCrop,OilCropAEZ03,OilCropAEZ03,2005,N2O_AWB,7.68000509322197e-08
Middle East,OilCrop,OilCropAEZ07,OilCropAEZ07,2005,N2O_AWB,3.06221663803034e-07
Middle East,OilCrop,OilCropAEZ08,OilCropAEZ08,2005,N2O_AWB,1.04360864912034e-06
Middle East,OilCrop,OilCropAEZ09,OilCropAEZ09,2005,N2O_AWB,1.04289495618297e-06
Middle East,OilCrop,OilCropAEZ10,OilCropAEZ10,2005,N2O_AWB,7.56561907283032e-07
Middle East,OtherGrain,OtherGrainAEZ01,OtherGrainAEZ01,2005,N2O_AWB,1.2889851874486e-06
Middle East,OtherGrain,OtherGrainAEZ02,OtherGrainAEZ02,2005,N2O_AWB,2.14670888283397e-09
Middle East,OtherGrain,OtherGrainAEZ03,OtherGrainAEZ03,2005,N2O_AWB,3.95833229050252e-09
Middle East,OtherGrain,OtherGrainAEZ07,OtherGrainAEZ07,2005,N2O_AWB,2.07849196561561e-06
Middle East,OtherGrain,OtherGrainAEZ08,OtherGrainAEZ08,2005,N2O_AWB,4.1834816258706e-06
Middle East,OtherGrain,OtherGrainAEZ09,OtherGrainAEZ09,2005,N2O_AWB,1.32955214836137e-06
Middle East,OtherGrain,OtherGrainAEZ10,OtherGrainAEZ10,2005,N2O_AWB,5.45826135101397e-07
Middle East,PalmFruit,PalmFruitAEZ01,PalmFruitAEZ01,2005,N2O_AWB,0
Middle East,PalmFruit,PalmFruitAEZ02,PalmFruitAEZ02,2005,N2O_AWB,0
Middle East,PalmFruit,PalmFruitAEZ03,PalmFruitAEZ03,2005,N2O_AWB,0
Middle East,PalmFruit,PalmFruitAEZ07,PalmFruitAEZ07,2005,N2O_AWB,0
Middle East,PalmFruit,PalmFruitAEZ08,PalmFruitAEZ08,2005,N2O_AWB,0
Middle East,PalmFruit,PalmFruitAEZ09,PalmFruitAEZ09,2005,N2O_AWB,0
Middle East,PalmFruit,PalmFruitAEZ10,PalmFruitAEZ10,2005,N2O_AWB,0
Middle East,Rice,RiceAEZ01,RiceAEZ01,2005,N2O_AWB,1.5053831182094e-09
Middle East,Rice,RiceAEZ02,RiceAEZ02,2005,N2O_AWB,0
Middle East,Rice,RiceAEZ03,RiceAEZ03,2005,N2O_AWB,0
Middle East,Rice,RiceAEZ07,RiceAEZ07,2005,N2O_AWB,2.4728387939853e-06
Middle East,Rice,RiceAEZ08,RiceAEZ08,2005,N2O_AWB,2.4431689908035e-06
Middle East,Rice,RiceAEZ09,RiceAEZ09,2005,N2O_AWB,9.56683564917145e-08
Middle East,Rice,RiceAEZ10,RiceAEZ10,2005,N2O_AWB,0
Middle East,Root_Tuber,Root_TuberAEZ01,Root_TuberAEZ01,2005,N2O_AWB,5.77589913881246e-07
Middle East,Root_Tuber,Root_TuberAEZ02,Root_TuberAEZ02,2005,N2O_AWB,1.9688534997746e-08
Middle East,Root_Tuber,Root_TuberAEZ03,Root_TuberAEZ03,2005,N2O_AWB,1.12928577144966e-07
Middle East,Root_Tuber,Root_TuberAEZ07,Root_TuberAEZ07,2005,N2O_AWB,3.71349115204856e-06
Middle East,Root_Tuber,Root_TuberAEZ08,Root_TuberAEZ08,2005,N2O_AWB,5.93108719700521e-06
Middle East,Root_Tuber,Root_TuberAEZ09,Root_TuberAEZ09,2005,N2O_AWB,1.759376063167e-06
Middle East,Root_Tuber,Root_TuberAEZ10,Root_TuberAEZ10,2005,N2O_AWB,6.58654747029857e-07
Middle East,SugarCrop,SugarCropAEZ01,SugarCropAEZ01,2005,N2O_AWB,4.02267699632486e-08
Middle East,SugarCrop,SugarCropAEZ02,SugarCropAEZ02,2005,N2O_AWB,0
Middle East,SugarCrop,SugarCropAEZ03,SugarCropAEZ03,2005,N2O_AWB,0
Middle East,SugarCrop,SugarCropAEZ07,SugarCropAEZ07,2005,N2O_AWB,5.97933945370393e-06
Middle East,SugarCrop,SugarCropAEZ08,SugarCropAEZ08,2005,N2O_AWB,1.12123609338473e-05
Middle East,SugarCrop,SugarCropAEZ09,SugarCropAEZ09,2005,N2O_AWB,2.17150472449337e-06
Middle East,SugarCrop,SugarCropAEZ10,SugarCropAEZ10,2005,N2O_AWB,1.19147636326753e-06
Middle East,Wheat,WheatAEZ01,WheatAEZ01,2005,N2O_AWB,1.04493683639795e-06
Middle East,Wheat,WheatAEZ02,WheatAEZ02,2005,N2O_AWB,2.83166964306236e-09
Middle East,Wheat,WheatAEZ03,WheatAEZ03,2005,N2O_AWB,3.90079406034485e-08
Middle East,Wheat,WheatAEZ07,WheatAEZ07,2005,N2O_AWB,1.16654496706559e-05
Middle East,Wheat,WheatAEZ08,WheatAEZ08,2005,N2O_AWB,1.9326889472817e-05
Middle East,Wheat,WheatAEZ09,WheatAEZ09,2005,N2O_AWB,5.97807018576968e-06
Middle East,Wheat,WheatAEZ10,WheatAEZ10,2005,N2O_AWB,3.119434446388e-06
Middle East,Corn,CornAEZ01,CornAEZ01,2005,NH3_AWB,3.05741003180931e-06
Middle East,Corn,CornAEZ02,CornAEZ02,2005,NH3_AWB,1.39930130371185e-07
Middle East,Corn,CornAEZ03,CornAEZ03,2005,NH3_AWB,4.83845888199005e-07
Middle East,Corn,CornAEZ07,CornAEZ07,2005,NH3_AWB,2.36804308372765e-05
Middle East,Corn,CornAEZ08,CornAEZ08,2005,NH3_AWB,4.29730601241994e-05
Middle East,Corn,CornAEZ09,CornAEZ09,2005,NH3_AWB,1.52925903791404e-05
Middle East,Corn,CornAEZ10,CornAEZ10,2005,NH3_AWB,3.07350305208201e-06
Middle East,FiberCrop,FiberCropAEZ01,FiberCropAEZ01,2005,NH3_AWB,6.15543813256678e-07
Middle East,FiberCrop,FiberCropAEZ02,FiberCropAEZ02,2005,NH3_AWB,7.09505329922026e-08
Middle East,FiberCrop,FiberCropAEZ03,FiberCropAEZ03,2005,NH3_AWB,4.22499136935436e-07
Middle East,FiberCrop,FiberCropAEZ07,FiberCropAEZ07,2005,NH3_AWB,8.72257065711533e-06
Middle East,FiberCrop,FiberCropAEZ08,FiberCropAEZ08,2005,NH3_AWB,1.10351987894561e-05
Middle East,FiberCrop,FiberCropAEZ09,FiberCropAEZ09,2005,NH3_AWB,1.31701957208262e-05
Middle East,FiberCrop,FiberCropAEZ10,FiberCropAEZ10,2005,NH3_AWB,6.71435259465313e-06
Middle East,FodderGrass,FodderGrassAEZ01,FodderGrassAEZ01,2005,NH3_AWB,6.24995642561381e-05
Middle East,FodderGrass,FodderGrassAEZ02,FodderGrassAEZ02,2005,NH3_AWB,2.22707978870297e-06
Middle East,FodderGrass,FodderGrassAEZ03,FodderGrassAEZ03,2005,NH3_AWB,1.33585191553684e-05
Middle East,FodderGrass,FodderGrassAEZ07,FodderGrassAEZ07,2005,NH3_AWB,5.62407850187962e-05
Middle East,FodderGrass,FodderGrassAEZ08,FodderGrassAEZ08,2005,NH3_AWB,0.000100325207563979
Middle East,FodderGrass,FodderGrassAEZ09,FodderGrassAEZ09,2005,NH3_AWB,6.18807285491442e-05
Middle East,FodderGrass,FodderGrassAEZ10,FodderGrassAEZ10,2005,NH3_AWB,3.92561679770918e-06
Middle East,FodderHerb,FodderHerbAEZ01,FodderHerbAEZ01,2005,NH3_AWB,0.000149243060924685
Middle East,FodderHerb,FodderHerbAEZ02,FodderHerbAEZ02,2005,NH3_AWB,2.7994622253542e-08
Middle East,FodderHerb,FodderHerbAEZ03,FodderHerbAEZ03,2005,NH3_AWB,1.85606978264081e-07
Middle East,FodderHerb,FodderHerbAEZ07,FodderHerbAEZ07,2005,NH3_AWB,0.000202081901217726
Middle East,FodderHerb,FodderHerbAEZ08,FodderHerbAEZ08,2005,NH3_AWB,0.00035015892908322
Middle East,FodderHerb,FodderHerbAEZ09,FodderHerbAEZ09,2005,NH3_AWB,6.77682231532124e-05
Middle East,FodderHerb,FodderHerbAEZ10,FodderHerbAEZ10,2005,NH3_AWB,4.44311513287056e-06
Middle East,MiscCrop,MiscCropAEZ01,MiscCropAEZ01,2005,NH3_AWB,0.000226551576286001
Middle East,MiscCrop,MiscCropAEZ02,MiscCropAEZ02,2005,NH3_AWB,2.52055458801743e-06
Middle East,MiscCrop,MiscCropAEZ03,MiscCropAEZ03,2005,NH3_AWB,1.86414574282557e-05
Middle East,MiscCrop,MiscCropAEZ07,MiscCropAEZ07,2005,NH3_AWB,0.000386859793791544
Middle East,MiscCrop,MiscCropAEZ08,MiscCropAEZ08,2005,NH3_AWB,0.000722537792847525
Middle East,MiscCrop,MiscCropAEZ09,MiscCropAEZ09,2005,NH3_AWB,0.000264171679787646
Middle East,MiscCrop,MiscCropAEZ10,MiscCropAEZ10,2005,NH3_AWB,0.00010802935316484
Middle East,OilCrop,OilCropAEZ01,OilCropAEZ01,2005,NH3_AWB,1.14568124624504e-06
Middle East,OilCrop,OilCropAEZ02,OilCropAEZ02,2005,NH3_AWB,2.51792394476889e-07
Middle East,OilCrop,OilCropAEZ03,OilCropAEZ03,2005,NH3_AWB,1.42430736818261e-06
Middle East,OilCrop,OilCropAEZ07,OilCropAEZ07,2005,NH3_AWB,5.67908180733799e-06
Middle East,OilCrop,OilCropAEZ08,OilCropAEZ08,2005,NH3_AWB,1.93544075869565e-05
Middle East,OilCrop,OilCropAEZ09,OilCropAEZ09,2005,NH3_AWB,1.93411716828527e-05
Middle East,OilCrop,OilCropAEZ10,OilCropAEZ10,2005,NH3_AWB,1.40309372969106e-05
Middle East,OtherGrain,OtherGrainAEZ01,OtherGrainAEZ01,2005,NH3_AWB,2.39050765940452e-05
Middle East,OtherGrain,OtherGrainAEZ02,OtherGrainAEZ02,2005,NH3_AWB,3.9812125669838e-08
Middle East,OtherGrain,OtherGrainAEZ03,OtherGrainAEZ03,2005,NH3_AWB,7.34098711998725e-08
Middle East,OtherGrain,OtherGrainAEZ07,OtherGrainAEZ07,2005,NH3_AWB,3.85469981516992e-05
Middle East,OtherGrain,OtherGrainAEZ08,OtherGrainAEZ08,2005,NH3_AWB,7.75854134477442e-05
Middle East,OtherGrain,OtherGrainAEZ09,OtherGrainAEZ09,2005,NH3_AWB,2.46574175187124e-05
Middle East,OtherGrain,OtherGrainAEZ10,OtherGrainAEZ10,2005,NH3_AWB,1.01227040416637e-05
Middle East,PalmFruit,PalmFruitAEZ01,PalmFruitAEZ01,2005,NH3_AWB,0
Middle East,PalmFruit,PalmFruitAEZ02,PalmFruitAEZ02,2005,NH3_AWB,0
Middle East,PalmFruit,PalmFruitAEZ03,PalmFruitAEZ03,2005,NH3_AWB,0
Middle East,PalmFruit,PalmFruitAEZ07,PalmFruitAEZ07,2005,NH3_AWB,0
Middle East,PalmFruit,PalmFruitAEZ08,PalmFruitAEZ08,2005,NH3_AWB,0
Middle East,PalmFruit,PalmFruitAEZ09,PalmFruitAEZ09,2005,NH3_AWB,0
Middle East,PalmFruit,PalmFruitAEZ10,PalmFruitAEZ10,2005,NH3_AWB,0
Middle East,Rice,RiceAEZ01,RiceAEZ01,2005,NH3_AWB,2.79183182976752e-08
Middle East,Rice,RiceAEZ02,RiceAEZ02,2005,NH3_AWB,0
Middle East,Rice,RiceAEZ03,RiceAEZ03,2005,NH3_AWB,0
Middle East,Rice,RiceAEZ07,RiceAEZ07,2005,NH3_AWB,4.5860418995158e-05
Middle East,Rice,RiceAEZ08,RiceAEZ08,2005,NH3_AWB,4.53101730152216e-05
Middle East,Rice,RiceAEZ09,RiceAEZ09,2005,NH3_AWB,1.77423248290978e-06
Middle East,Rice,RiceAEZ10,RiceAEZ10,2005,NH3_AWB,0
Middle East,Root_Tuber,Root_TuberAEZ01,Root_TuberAEZ01,2005,NH3_AWB,1.07117841738812e-05
Middle East,Root_Tuber,Root_TuberAEZ02,Root_TuberAEZ02,2005,NH3_AWB,3.65136808187275e-07
Middle East,Root_Tuber,Root_TuberAEZ03,Root_TuberAEZ03,2005,NH3_AWB,2.09433460725057e-06
Middle East,Root_Tuber,Root_TuberAEZ07,Root_TuberAEZ07,2005,NH3_AWB,6.88691315349735e-05
Middle East,Root_Tuber,Root_TuberAEZ08,Root_TuberAEZ08,2005,NH3_AWB,0.00010999590616787
Middle East,Root_Tuber,Root_TuberAEZ09,Root_TuberAEZ09,2005,NH3_AWB,3.26287842228708e-05
Middle East,Root_Tuber,Root_TuberAEZ10,Root_TuberAEZ10,2005,NH3_AWB,1.22151847283413e-05
Middle East,SugarCrop,SugarCropAEZ01,SugarCropAEZ01,2005,NH3_AWB,7.46031860153431e-07
Middle East,SugarCrop,SugarCropAEZ02,SugarCropAEZ02,2005,NH3_AWB,0
Middle East,SugarCrop,SugarCropAEZ03,SugarCropAEZ03,2005,NH3_AWB,0
Middle East,SugarCrop,SugarCropAEZ07,SugarCropAEZ07,2005,NH3_AWB,0.000110890775948726
Middle East,SugarCrop,SugarCropAEZ08,SugarCropAEZ08,2005,NH3_AWB,0.000207940595077155
Middle East,SugarCrop,SugarCropAEZ09,SugarCropAEZ09,2005,NH3_AWB,4.02719808333059e-05
Middle East,SugarCrop,SugarCropAEZ10,SugarCropAEZ10,2005,NH3_AWB,2.20967114294636e-05
Middle East,Wheat,WheatAEZ01,WheatAEZ01,2005,NH3_AWB,1.93790396920512e-05
Middle East,Wheat,WheatAEZ02,WheatAEZ02,2005,NH3_AWB,5.25151726843547e-08
Middle East,Wheat,WheatAEZ03,WheatAEZ03,2005,NH3_AWB,7.23427869444456e-07
Middle East,Wheat,WheatAEZ07,WheatAEZ07,2005,NH3_AWB,0.00021634342318005
Middle East,Wheat,WheatAEZ08,WheatAEZ08,2005,NH3_AWB,0.000358429854486408
Middle East,Wheat,WheatAEZ09,WheatAEZ09,2005,NH3_AWB,0.000110867236541538
Middle East,Wheat,WheatAEZ10,WheatAEZ10,2005,NH3_AWB,5.78519598961504e-05
Middle East,Corn,CornAEZ01,CornAEZ01,2005,NMVOC_AWB,1.64858549080769e-05
Middle East,Corn,CornAEZ02,CornAEZ02,2005,NMVOC_AWB,7.54516993980844e-07
Middle East,Corn,CornAEZ03,CornAEZ03,2005,NMVOC_AWB,2.60894450784477e-06
Middle East,Corn,CornAEZ07,CornAEZ07,2005,NMVOC_AWB,0.000127687206780395
Middle East,Corn,CornAEZ08,CornAEZ08,2005,NMVOC_AWB,0.000231714957036486
Middle East,Corn,CornAEZ09,CornAEZ09,2005,NMVOC_AWB,8.24591479507797e-05
Middle East,Corn,CornAEZ10,CornAEZ10,2005,NMVOC_AWB,1.65726300525581e-05
Middle East,FiberCrop,FiberCropAEZ01,FiberCropAEZ01,2005,NMVOC_AWB,3.31907264296793e-06
Middle East,FiberCrop,FiberCropAEZ02,FiberCropAEZ02,2005,NMVOC_AWB,3.82572236105336e-07
Middle East,FiberCrop,FiberCropAEZ03,FiberCropAEZ03,2005,NMVOC_AWB,2.27815680521707e-06
Middle East,FiberCrop,FiberCropAEZ07,FiberCropAEZ07,2005,NMVOC_AWB,4.70329569088105e-05
Middle East,FiberCrop,FiberCropAEZ08,FiberCropAEZ08,2005,NMVOC_AWB,5.95028747312315e-05
Middle East,FiberCrop,FiberCropAEZ09,FiberCropAEZ09,2005,NMVOC_AWB,7.10149876874802e-05
Middle East,FiberCrop,FiberCropAEZ10,FiberCropAEZ10,2005,NMVOC_AWB,3.62044480542298e-05
Middle East,FodderGrass,FodderGrassAEZ01,FodderGrassAEZ01,2005,NMVOC_AWB,0.000337003783406499
Middle East,FodderGrass,FodderGrassAEZ02,FodderGrassAEZ02,2005,NMVOC_AWB,1.2008632758865e-05
Middle East,FodderGrass,FodderGrassAEZ03,FodderGrassAEZ03,2005,NMVOC_AWB,7.20304461262736e-05
Middle East,FodderGrass,FodderGrassAEZ07,FodderGrassAEZ07,2005,NMVOC_AWB,0.000303255831599249
Middle East,FodderGrass,FodderGrassAEZ08,FodderGrassAEZ08,2005,NMVOC_AWB,0.000540963363865095
Middle East,FodderGrass,FodderGrassAEZ09,FodderGrassAEZ09,2005,NMVOC_AWB,0.000333666960549474
Middle East,FodderGrass,FodderGrassAEZ10,FodderGrassAEZ10,2005,NMVOC_AWB,2.11673109849269e-05
Middle East,FodderHerb,FodderHerbAEZ01,FodderHerbAEZ01,2005,NMVOC_AWB,0.000804733229381613
Middle East,FodderHerb,FodderHerbAEZ02,FodderHerbAEZ02,2005,NMVOC_AWB,1.50949750238505e-07
Middle East,FodderHerb,FodderHerbAEZ03,FodderHerbAEZ03,2005,NMVOC_AWB,1.00081103998257e-06
Middle East,FodderHerb,FodderHerbAEZ07,FodderHerbAEZ07,2005,NMVOC_AWB,0.00108964544119464
Middle East,FodderHerb,FodderHerbAEZ08,FodderHerbAEZ08,2005,NMVOC_AWB,0.00188809130590096
Middle East,FodderHerb,FodderHerbAEZ09,FodderHerbAEZ09,2005,NMVOC_AWB,0.000365412909180812
Middle East,FodderHerb,FodderHerbAEZ10,FodderHerbAEZ10,2005,NMVOC_AWB,2.39577127890295e-05
Middle East,MiscCrop,MiscCropAEZ01,MiscCropAEZ01,2005,NMVOC_AWB,0.00122158833031528
Middle East,MiscCrop,MiscCropAEZ02,MiscCropAEZ02,2005,NMVOC_AWB,1.35910776747705e-05
Middle East,MiscCrop,MiscCropAEZ03,MiscCropAEZ03,2005,NMVOC_AWB,0.000100516567696172
Middle East,MiscCrop,MiscCropAEZ07,MiscCropAEZ07,2005,NMVOC_AWB,0.00208598596977905
Middle East,MiscCrop,MiscCropAEZ08,MiscCropAEZ08,2005,NMVOC_AWB,0.00389599467999304
Middle East,MiscCrop,MiscCropAEZ09,MiscCropAEZ09,2005,NMVOC_AWB,0.00142443961996973
Middle East,MiscCrop,MiscCropAEZ10,MiscCropAEZ10,2005,NMVOC_AWB,0.000582504872934892
Middle East,OilCrop,OilCropAEZ01,OilCropAEZ01,2005,NMVOC_AWB,6.17762570279895e-06
Middle East,OilCrop,OilCropAEZ02,OilCropAEZ02,2005,NMVOC_AWB,1.35768929882355e-06
Middle East,OilCrop,OilCropAEZ03,OilCropAEZ03,2005,NMVOC_AWB,7.68000509322197e-06
Middle East,OilCrop,OilCropAEZ07,OilCropAEZ07,2005,NMVOC_AWB,3.06221663803034e-05
Middle East,OilCrop,OilCropAEZ08,OilCropAEZ08,2005,NMVOC_AWB,0.000104360864912034
Middle East,OilCrop,OilCropAEZ09,OilCropAEZ09,2005,NMVOC_AWB,0.000104289495618297
Middle East,OilCrop,OilCropAEZ10,OilCropAEZ10,2005,NMVOC_AWB,7.56561907283032e-05
Middle East,OtherGrain,OtherGrainAEZ01,OtherGrainAEZ01,2005,NMVOC_AWB,0.00012889851874486
Middle East,OtherGrain,OtherGrainAEZ02,OtherGrainAEZ02,2005,NMVOC_AWB,2.14670888283397e-07
Middle East,OtherGrain,OtherGrainAEZ03,OtherGrainAEZ03,2005,NMVOC_AWB,3.95833229050252e-07
Middle East,OtherGrain,OtherGrainAEZ07,OtherGrainAEZ07,2005,NMVOC_AWB,0.000207849196561561
Middle East,OtherGrain,OtherGrainAEZ08,OtherGrainAEZ08,2005,NMVOC_AWB,0.00041834816258706
Middle East,OtherGrain,OtherGrainAEZ09,OtherGrainAEZ09,2005,NMVOC_AWB,0.000132955214836137
Middle East,OtherGrain,OtherGrainAEZ10,OtherGrainAEZ10,2005,NMVOC_AWB,5.45826135101397e-05
Middle East,PalmFruit,PalmFruitAEZ01,PalmFruitAEZ01,2005,NMVOC_AWB,0
Middle East,PalmFruit,PalmFruitAEZ02,PalmFruitAEZ02,2005,NMVOC_AWB,0
Middle East,PalmFruit,PalmFruitAEZ03,PalmFruitAEZ03,2005,NMVOC_AWB,0
Middle East,PalmFruit,PalmFruitAEZ07,PalmFruitAEZ07,2005,NMVOC_AWB,0
Middle East,PalmFruit,PalmFruitAEZ08,PalmFruitAEZ08,2005,NMVOC_AWB,0
Middle East,PalmFruit,PalmFruitAEZ09,PalmFruitAEZ09,2005,NMVOC_AWB,0
Middle East,PalmFruit,PalmFruitAEZ10,PalmFruitAEZ10,2005,NMVOC_AWB,0
Middle East,Rice,RiceAEZ01,RiceAEZ01,2005,NMVOC_AWB,1.5053831182094e-07
Middle East,Rice,RiceAEZ02,RiceAEZ02,2005,NMVOC_AWB,0
Middle East,Rice,RiceAEZ03,RiceAEZ03,2005,NMVOC_AWB,0
Middle East,Rice,RiceAEZ07,RiceAEZ07,2005,NMVOC_AWB,0.00024728387939853
Middle East,Rice,RiceAEZ08,RiceAEZ08,2005,NMVOC_AWB,0.00024431689908035
Middle East,Rice,RiceAEZ09,RiceAEZ09,2005,NMVOC_AWB,9.56683564917145e-06
Middle East,Rice,RiceAEZ10,RiceAEZ10,2005,NMVOC_AWB,0
Middle East,Root_Tuber,Root_TuberAEZ01,Root_TuberAEZ01,2005,NMVOC_AWB,5.77589913881246e-05
Middle East,Root_Tuber,Root_TuberAEZ02,Root_TuberAEZ02,2005,NMVOC_AWB,1.9688534997746e-06
Middle East,Root_Tuber,Root_TuberAEZ03,Root_TuberAEZ03,2005,NMVOC_AWB,1.12928577144966e-05
Middle East,Root_Tuber,Root_TuberAEZ07,Root_TuberAEZ07,2005,NMVOC_AWB,0.000371349115204856
Middle East,Root_Tuber,Root_TuberAEZ08,Root_TuberAEZ08,2005,NMVOC_AWB,0.000593108719700521
Middle East,Root_Tuber,Root_TuberAEZ09,Root_TuberAEZ09,2005,NMVOC_AWB,0.0001759376063167
Middle East,Root_Tuber,Root_TuberAEZ10,Root_TuberAEZ10,2005,NMVOC_AWB,6.58654747029857e-05
Middle East,SugarCrop,SugarCropAEZ01,SugarCropAEZ01,2005,NMVOC_AWB,4.02267699632486e-06
Middle East,SugarCrop,SugarCropAEZ02,SugarCropAEZ02,2005,NMVOC_AWB,0
Middle East,SugarCrop,SugarCropAEZ03,SugarCropAEZ03,2005,NMVOC_AWB,0
Middle East,SugarCrop,SugarCropAEZ07,SugarCropAEZ07,2005,NMVOC_AWB,0.000597933945370392
Middle East,SugarCrop,SugarCropAEZ08,SugarCropAEZ08,2005,NMVOC_AWB,0.00112123609338473
Middle East,SugarCrop,SugarCropAEZ09,SugarCropAEZ09,2005,NMVOC_AWB,0.000217150472449337
Middle East,SugarCrop,SugarCropAEZ10,SugarCropAEZ10,2005,NMVOC_AWB,0.000119147636326753
Middle East,Wheat,WheatAEZ01,WheatAEZ01,2005,NMVOC_AWB,0.000104493683639795
Middle East,Wheat,WheatAEZ02,WheatAEZ02,2005,NMVOC_AWB,2.83166964306236e-07
Middle East,Wheat,WheatAEZ03,WheatAEZ03,2005,NMVOC_AWB,3.90079406034485e-06
Middle East,Wheat,WheatAEZ07,WheatAEZ07,2005,NMVOC_AWB,0.00116654496706559
Middle East,Wheat,WheatAEZ08,WheatAEZ08,2005,NMVOC_AWB,0.0019326889472817
Middle East,Wheat,WheatAEZ09,WheatAEZ09,2005,NMVOC_AWB,0.000597807018576968
Middle East,Wheat,WheatAEZ10,WheatAEZ10,2005,NMVOC_AWB,0.0003119434446388
Middle East,Corn,CornAEZ01,CornAEZ01,2005,NOx_AWB,8.95089235105375e-06
Middle East,Corn,CornAEZ02,CornAEZ02,2005,NOx_AWB,4.09660307446622e-07
Middle East,Corn,CornAEZ03,CornAEZ03,2005,NOx_AWB,1.41651018826754e-06
Middle East,Corn,CornAEZ07,CornAEZ07,2005,NOx_AWB,6.93269744802927e-05
Middle East,Corn,CornAEZ08,CornAEZ08,2005,NOx_AWB,0.000125808194244539
Middle East,Corn,CornAEZ09,CornAEZ09,2005,NOx_AWB,4.47706813375771e-05
Middle East,Corn,CornAEZ10,CornAEZ10,2005,NOx_AWB,8.99800637585434e-06
Middle East,FiberCrop,FiberCropAEZ01,FiberCropAEZ01,2005,NOx_AWB,1.80206984097489e-06
Middle East,FiberCrop,FiberCropAEZ02,FiberCropAEZ02,2005,NOx_AWB,2.07715215314863e-07
Middle East,FiberCrop,FiberCropAEZ03,FiberCropAEZ03,2005,NOx_AWB,1.23691106321263e-06
Middle East,FiberCrop,FiberCropAEZ07,FiberCropAEZ07,2005,NOx_AWB,2.55362513251441e-05
Middle East,FiberCrop,FiberCropAEZ08,FiberCropAEZ08,2005,NOx_AWB,3.23067156217995e-05
Middle East,FiberCrop,FiberCropAEZ09,FiberCropAEZ09,2005,NOx_AWB,3.85571457256135e-05
Middle East,FiberCrop,FiberCropAEZ10,FiberCropAEZ10,2005,NOx_AWB,1.96569798150996e-05
Middle East,FodderGrass,FodderGrassAEZ01,FodderGrassAEZ01,2005,NOx_AWB,0.000182974107438707
Middle East,FodderGrass,FodderGrassAEZ02,FodderGrassAEZ02,2005,NOx_AWB,6.52001244140979e-06
Middle East,FodderGrass,FodderGrassAEZ03,FodderGrassAEZ03,2005,NOx_AWB,3.9108482567002e-05
Middle East,FodderGrass,FodderGrassAEZ07,FodderGrassAEZ07,2005,NOx_AWB,0.000164650866977137
Middle East,FodderGrass,FodderGrassAEZ08,FodderGrassAEZ08,2005,NOx_AWB,0.000293712692658
Middle East,FodderGrass,FodderGrassAEZ09,FodderGrassAEZ09,2005,NOx_AWB,0.000181162400229448
Middle East,FodderGrass,FodderGrassAEZ10,FodderGrassAEZ10,2005,NOx_AWB,1.14926598010112e-05
Middle East,FodderHerb,FodderHerbAEZ01,FodderHerbAEZ01,2005,NOx_AWB,0.000436924900023331
Middle East,FodderHerb,FodderHerbAEZ02,FodderHerbAEZ02,2005,NOx_AWB,8.19572277165526e-08
Middle East,FodderHerb,FodderHerbAEZ03,FodderHerbAEZ03,2005,NOx_AWB,5.43384127337022e-07
Middle East,FodderHerb,FodderHerbAEZ07,FodderHerbAEZ07,2005,NOx_AWB,0.00059161621276742
Middle East,FodderHerb,FodderHerbAEZ08,FodderHerbAEZ08,2005,NOx_AWB,0.00102512742725888
Middle East,FodderHerb,FodderHerbAEZ09,FodderHerbAEZ09,2005,NOx_AWB,0.00019839866552267
Middle East,FodderHerb,FodderHerbAEZ10,FodderHerbAEZ10,2005,NOx_AWB,1.30076910992953e-05
Middle East,MiscCrop,MiscCropAEZ01,MiscCropAEZ01,2005,NOx_AWB,0.000663253783496451
Middle East,MiscCrop,MiscCropAEZ02,MiscCropAEZ02,2005,NOx_AWB,7.37919106288382e-06
Middle East,MiscCrop,MiscCropAEZ03,MiscCropAEZ03,2005,NOx_AWB,5.45748450391278e-05
Middle East,MiscCrop,MiscCropAEZ07,MiscCropAEZ07,2005,NOx_AWB,0.00113257310375533
Middle East,MiscCrop,MiscCropAEZ08,MiscCropAEZ08,2005,NOx_AWB,0.00211530607149834
Middle East,MiscCrop,MiscCropAEZ09,MiscCropAEZ09,2005,NOx_AWB,0.000773390629119168
Middle East,MiscCrop,MiscCropAEZ10,MiscCropAEZ10,2005,NOx_AWB,0.000316267396545507
Middle East,OilCrop,OilCropAEZ01,OilCropAEZ01,2005,NOx_AWB,3.35410343953502e-06
Middle East,OilCrop,OilCropAEZ02,OilCropAEZ02,2005,NOx_AWB,7.37148957558355e-07
Middle East,OilCrop,OilCropAEZ03,OilCropAEZ03,2005,NOx_AWB,4.16981098209806e-06
Middle East,OilCrop,OilCropAEZ07,OilCropAEZ07,2005,NOx_AWB,1.6626114711944e-05
Middle East,OilCrop,OilCropAEZ08,OilCropAEZ08,2005,NOx_AWB,5.66620822941261e-05
Middle East,OilCrop,OilCropAEZ09,OilCropAEZ09,2005,NOx_AWB,5.66233327801354e-05
Middle East,OilCrop,OilCropAEZ10,OilCropAEZ10,2005,NOx_AWB,4.10770580401054e-05
Middle East,OtherGrain,OtherGrainAEZ01,OtherGrainAEZ01,2005,NOx_AWB,6.99846487748878e-05
Middle East,OtherGrain,OtherGrainAEZ02,OtherGrainAEZ02,2005,NOx_AWB,1.16554223159417e-07
Middle East,OtherGrain,OtherGrainAEZ03,OtherGrainAEZ03,2005,NOx_AWB,2.14915188927385e-07
Middle East,OtherGrain,OtherGrainAEZ07,OtherGrainAEZ07,2005,NOx_AWB,0.00011285042808208
Middle East,OtherGrain,OtherGrainAEZ08,OtherGrainAEZ08,2005,NOx_AWB,0.000227139532008335
Middle East,OtherGrain,OtherGrainAEZ09,OtherGrainAEZ09,2005,NOx_AWB,7.21872066777947e-05
Middle East,OtherGrain,OtherGrainAEZ10,OtherGrainAEZ10,2005,NOx_AWB,2.9635290404568e-05
Middle East,PalmFruit,PalmFruitAEZ01,PalmFruitAEZ01,2005,NOx_AWB,0
Middle East,PalmFruit,PalmFruitAEZ02,PalmFruitAEZ02,2005,NOx_AWB,0
Middle East,PalmFruit,PalmFruitAEZ03,PalmFruitAEZ03,2005,NOx_AWB,0
Middle East,PalmFruit,PalmFruitAEZ07,PalmFruitAEZ07,2005,NOx_AWB,0
Middle East,PalmFruit,PalmFruitAEZ08,PalmFruitAEZ08,2005,NOx_AWB,0
Middle East,PalmFruit,PalmFruitAEZ09,PalmFruitAEZ09,2005,NOx_AWB,0
Middle East,PalmFruit,PalmFruitAEZ10,PalmFruitAEZ10,2005,NOx_AWB,0
Middle East,Rice,RiceAEZ01,RiceAEZ01,2005,NOx_AWB,8.17338397876134e-08
Middle East,Rice,RiceAEZ02,RiceAEZ02,2005,NOx_AWB,0
Middle East,Rice,RiceAEZ03,RiceAEZ03,2005,NOx_AWB,0
Middle East,Rice,RiceAEZ07,RiceAEZ07,2005,NOx_AWB,0.000134261243774672
Middle East,Rice,RiceAEZ08,RiceAEZ08,2005,NOx_AWB,0.000132650340270802
Middle East,Rice,RiceAEZ09,RiceAEZ09,2005,NOx_AWB,5.19425389301488e-06
Middle East,Rice,RiceAEZ10,RiceAEZ10,2005,NOx_AWB,0
Middle East,Root_Tuber,Root_TuberAEZ01,Root_TuberAEZ01,2005,NOx_AWB,3.13598850107101e-05
Middle East,Root_Tuber,Root_TuberAEZ02,Root_TuberAEZ02,2005,NOx_AWB,1.06897675793833e-06
Middle East,Root_Tuber,Root_TuberAEZ03,Root_TuberAEZ03,2005,NOx_AWB,6.13138683446155e-06
Middle East,Root_Tuber,Root_TuberAEZ07,Root_TuberAEZ07,2005,NOx_AWB,0.000201621691649684
Middle East,Root_Tuber,Root_TuberAEZ08,Root_TuberAEZ08,2005,NOx_AWB,0.000322024689172152
Middle East,Root_Tuber,Root_TuberAEZ09,Root_TuberAEZ09,2005,NOx_AWB,9.55242287053804e-05
Middle East,Root_Tuber,Root_TuberAEZ10,Root_TuberAEZ10,2005,NOx_AWB,3.57612496897954e-05
Middle East,SugarCrop,SugarCropAEZ01,SugarCropAEZ01,2005,NOx_AWB,2.18408744696178e-06
Middle East,SugarCrop,SugarCropAEZ02,SugarCropAEZ02,2005,NOx_AWB,0
Middle East,SugarCrop,SugarCropAEZ03,SugarCropAEZ03,2005,NOx_AWB,0
Middle East,SugarCrop,SugarCropAEZ07,SugarCropAEZ07,2005,NOx_AWB,0.000324644515428139
Middle East,SugarCrop,SugarCropAEZ08,SugarCropAEZ08,2005,NOx_AWB,0.000608768160824086
Middle East,SugarCrop,SugarCropAEZ09,SugarCropAEZ09,2005,NOx_AWB,0.000117900497954899
Middle East,SugarCrop,SugarCropAEZ10,SugarCropAEZ10,2005,NOx_AWB,6.46904678337769e-05
Middle East,Wheat,WheatAEZ01,WheatAEZ01,2005,NOx_AWB,5.67341953959959e-05
Middle East,Wheat,WheatAEZ02,WheatAEZ02,2005,NOx_AWB,1.53743741468816e-07
Middle East,Wheat,WheatAEZ03,WheatAEZ03,2005,NOx_AWB,2.11791186519968e-06
Middle East,Wheat,WheatAEZ07,WheatAEZ07,2005,NOx_AWB,0.000633368331887474
Middle East,Wheat,WheatAEZ08,WheatAEZ08,2005,NOx_AWB,0.00104934143917004
Middle East,Wheat,WheatAEZ09,WheatAEZ09,2005,NOx_AWB,0.000324575601315359
Middle East,Wheat,WheatAEZ10,WheatAEZ10,2005,NOx_AWB,0.000169367752424584
Middle East,Corn,CornAEZ01,CornAEZ01,2005,SO2_AWB,1.52320759468558e-06
Middle East,Corn,CornAEZ02,CornAEZ02,2005,SO2_AWB,6.97134617500413e-08
Middle East,Corn,CornAEZ03,CornAEZ03,2005,SO2_AWB,2.41052957861191e-07
Middle East,Corn,CornAEZ07,CornAEZ07,2005,SO2_AWB,1.17976364705719e-05
Middle East,Corn,CornAEZ08,CornAEZ08,2005,SO2_AWB,2.14092617172857e-05
Middle East,Corn,CornAEZ09,CornAEZ09,2005,SO2_AWB,7.61879812180032e-06
Middle East,Corn,CornAEZ10,CornAEZ10,2005,SO2_AWB,1.53122516852937e-06
Middle East,FiberCrop,FiberCropAEZ01,FiberCropAEZ01,2005,SO2_AWB,3.06665118992704e-07
Middle East,FiberCrop,FiberCropAEZ02,FiberCropAEZ02,2005,SO2_AWB,3.53476928433957e-08
Middle East,FiberCrop,FiberCropAEZ03,FiberCropAEZ03,2005,SO2_AWB,2.10489887660673e-07
Middle East,FiberCrop,FiberCropAEZ07,FiberCropAEZ07,2005,SO2_AWB,4.3456015816881e-06
Middle East,FiberCrop,FiberCropAEZ08,FiberCropAEZ08,2005,SO2_AWB,5.49775739272285e-06
Middle East,FiberCrop,FiberCropAEZ09,FiberCropAEZ09,2005,SO2_AWB,6.56141699567405e-06
Middle East,FiberCrop,FiberCropAEZ10,FiberCropAEZ10,2005,SO2_AWB,3.34510345657501e-06
Middle East,FodderGrass,FodderGrassAEZ01,FodderGrassAEZ01,2005,SO2_AWB,3.11374038643915e-05
Middle East,FodderGrass,FodderGrassAEZ02,FodderGrassAEZ02,2005,SO2_AWB,1.10953546067735e-06
Middle East,FodderGrass,FodderGrassAEZ03,FodderGrassAEZ03,2005,SO2_AWB,6.65524009521497e-06
Middle East,FodderGrass,FodderGrassAEZ07,FodderGrassAEZ07,2005,SO2_AWB,2.80192679360751e-05
Middle East,FodderGrass,FodderGrassAEZ08,FodderGrassAEZ08,2005,SO2_AWB,4.99822125622533e-05
Middle East,FodderGrass,FodderGrassAEZ09,FodderGrassAEZ09,2005,SO2_AWB,3.08290987175683e-05
Middle East,FodderGrass,FodderGrassAEZ10,FodderGrassAEZ10,2005,SO2_AWB,1.95574988564989e-06
Middle East,FodderHerb,FodderHerbAEZ01,FodderHerbAEZ01,2005,SO2_AWB,7.43531817745998e-05
Middle East,FodderHerb,FodderHerbAEZ02,FodderHerbAEZ02,2005,SO2_AWB,1.39469749831738e-08
Middle East,FodderHerb,FodderHerbAEZ03,FodderHerbAEZ03,2005,SO2_AWB,9.24697557661841e-08
Middle East,FodderHerb,FodderHerbAEZ07,FodderHerbAEZ07,2005,SO2_AWB,0.000100677594264706
Middle East,FodderHerb,FodderHerbAEZ08,FodderHerbAEZ08,2005,SO2_AWB,0.000174449856112657
Middle East,FodderHerb,FodderHerbAEZ09,FodderHerbAEZ09,2005,SO2_AWB,3.37622599230609e-05
Middle East,FodderHerb,FodderHerbAEZ10,FodderHerbAEZ10,2005,SO2_AWB,2.21356855771347e-06
Middle East,MiscCrop,MiscCropAEZ01,MiscCropAEZ01,2005,SO2_AWB,0.000112868433738543
Middle East,MiscCrop,MiscCropAEZ02,MiscCropAEZ02,2005,SO2_AWB,1.25574517364152e-06
Middle East,MiscCrop,MiscCropAEZ03,MiscCropAEZ03,2005,SO2_AWB,9.28721016654854e-06
Middle East,MiscCrop,MiscCropAEZ07,MiscCropAEZ07,2005,SO2_AWB,0.000192734297935517
Middle East,MiscCrop,MiscCropAEZ08,MiscCropAEZ08,2005,SO2_AWB,0.000359969726684453
Middle East,MiscCrop,MiscCropAEZ09,MiscCropAEZ09,2005,SO2_AWB,0.000131610842107188
Middle East,MiscCrop,MiscCropAEZ10,MiscCropAEZ10,2005,SO2_AWB,5.38204328100133e-05
Middle East,OilCrop,OilCropAEZ01,OilCropAEZ01,2005,SO2_AWB,5.70780614053446e-07
Middle East,OilCrop,OilCropAEZ02,OilCropAEZ02,2005,SO2_AWB,1.25443458208416e-07
Middle East,OilCrop,OilCropAEZ03,OilCropAEZ03,2005,SO2_AWB,7.09592687212616e-07
Middle East,OilCrop,OilCropAEZ07,OilCropAEZ07,2005,SO2_AWB,2.82932954683176e-06
Middle East,OilCrop,OilCropAEZ08,OilCropAEZ08,2005,SO2_AWB,9.64240331534668e-06
Middle East,OilCrop,OilCropAEZ09,OilCropAEZ09,2005,SO2_AWB,9.63580916230741e-06
Middle East,OilCrop,OilCropAEZ10,OilCropAEZ10,2005,SO2_AWB,6.99024011462531e-06
Middle East,OtherGrain,OtherGrainAEZ01,OtherGrainAEZ01,2005,SO2_AWB,1.19095554213387e-05
Middle East,OtherGrain,OtherGrainAEZ02,OtherGrainAEZ02,2005,SO2_AWB,1.98344780549395e-08
Middle East,OtherGrain,OtherGrainAEZ03,OtherGrainAEZ03,2005,SO2_AWB,3.65729398978794e-08
Middle East,OtherGrain,OtherGrainAEZ07,OtherGrainAEZ07,2005,SO2_AWB,1.92041890770708e-05
Middle East,OtherGrain,OtherGrainAEZ08,OtherGrainAEZ08,2005,SO2_AWB,3.86532031264673e-05
Middle East,OtherGrain,OtherGrainAEZ09,OtherGrainAEZ09,2005,SO2_AWB,1.22843731259721e-05
Middle East,OtherGrain,OtherGrainAEZ10,OtherGrainAEZ10,2005,SO2_AWB,5.04315074347155e-06
Middle East,PalmFruit,PalmFruitAEZ01,PalmFruitAEZ01,2005,SO2_AWB,0
Middle East,PalmFruit,PalmFruitAEZ02,PalmFruitAEZ02,2005,SO2_AWB,0
Middle East,PalmFruit,PalmFruitAEZ03,PalmFruitAEZ03,2005,SO2_AWB,0
Middle East,PalmFruit,PalmFruitAEZ07,PalmFruitAEZ07,2005,SO2_AWB,0
Middle East,PalmFruit,PalmFruitAEZ08,PalmFruitAEZ08,2005,SO2_AWB,0
Middle East,PalmFruit,PalmFruitAEZ09,PalmFruitAEZ09,2005,SO2_AWB,0
Middle East,PalmFruit,PalmFruitAEZ10,PalmFruitAEZ10,2005,SO2_AWB,0
Middle East,Rice,RiceAEZ01,RiceAEZ01,2005,SO2_AWB,1.3908960204694e-08
Middle East,Rice,RiceAEZ02,RiceAEZ02,2005,SO2_AWB,0
Middle East,Rice,RiceAEZ03,RiceAEZ03,2005,SO2_AWB,0
Middle East,Rice,RiceAEZ07,RiceAEZ07,2005,SO2_AWB,2.28477494945447e-05
Middle East,Rice,RiceAEZ08,RiceAEZ08,2005,SO2_AWB,2.25736158824795e-05
Middle East,Rice,RiceAEZ09,RiceAEZ09,2005,SO2_AWB,8.83926056560601e-07
Middle East,Rice,RiceAEZ10,RiceAEZ10,2005,SO2_AWB,0
Middle East,Root_Tuber,Root_TuberAEZ01,Root_TuberAEZ01,2005,SO2_AWB,5.33663160535681e-06
Middle East,Root_Tuber,Root_TuberAEZ02,Root_TuberAEZ02,2005,SO2_AWB,1.81911864468166e-07
Middle East,Root_Tuber,Root_TuberAEZ03,Root_TuberAEZ03,2005,SO2_AWB,1.04340155438329e-06
Middle East,Root_Tuber,Root_TuberAEZ07,Root_TuberAEZ07,2005,SO2_AWB,3.4310734609382e-05
Middle East,Root_Tuber,Root_TuberAEZ08,Root_TuberAEZ08,2005,SO2_AWB,5.48001733218854e-05
Middle East,Root_Tuber,Root_TuberAEZ09,Root_TuberAEZ09,2005,SO2_AWB,1.62557234445332e-05
Middle East,Root_Tuber,Root_TuberAEZ10,Root_TuberAEZ10,2005,SO2_AWB,6.08562867103757e-06
Middle East,SugarCrop,SugarCropAEZ01,SugarCropAEZ01,2005,SO2_AWB,3.71674516483037e-07
Middle East,SugarCrop,SugarCropAEZ02,SugarCropAEZ02,2005,SO2_AWB,0
Middle East,SugarCrop,SugarCropAEZ03,SugarCropAEZ03,2005,SO2_AWB,0
Middle East,SugarCrop,SugarCropAEZ07,SugarCropAEZ07,2005,SO2_AWB,5.52459991785002e-05
Middle East,SugarCrop,SugarCropAEZ08,SugarCropAEZ08,2005,SO2_AWB,0.000103596406883483
Middle East,SugarCrop,SugarCropAEZ09,SugarCropAEZ09,2005,SO2_AWB,2.00635787873117e-05
Middle East,SugarCrop,SugarCropAEZ10,SugarCropAEZ10,2005,SO2_AWB,1.10086243967141e-05
Middle East,Wheat,WheatAEZ01,WheatAEZ01,2005,SO2_AWB,9.65467507777398e-06
Middle East,Wheat,WheatAEZ02,WheatAEZ02,2005,SO2_AWB,2.61631606610829e-08
Middle East,Wheat,WheatAEZ03,WheatAEZ03,2005,SO2_AWB,3.6041316456756e-07
Middle East,Wheat,WheatAEZ07,WheatAEZ07,2005,SO2_AWB,0.000107782712105878
Middle East,Wheat,WheatAEZ08,WheatAEZ08,2005,SO2_AWB,0.000178570447154794
Middle East,Wheat,WheatAEZ09,WheatAEZ09,2005,SO2_AWB,5.52342718002847e-05
Middle East,Wheat,WheatAEZ10,WheatAEZ10,2005,SO2_AWB,2.88219583779915e-05
Pakistan,Corn,CornAEZ01,CornAEZ01,2005,CH4_AWB,5.07009634637903e-08
Pakistan,Corn,CornAEZ07,CornAEZ07,2005,CH4_AWB,0.000117486474027498
Pakistan,Corn,CornAEZ08,CornAEZ08,2005,CH4_AWB,2.2669167950292e-05
Pakistan,Corn,CornAEZ09,CornAEZ09,2005,CH4_AWB,3.72211783618252e-05
Pakistan,Corn,CornAEZ10,CornAEZ10,2005,CH4_AWB,4.91956118314739e-05
Pakistan,Corn,CornAEZ11,CornAEZ11,2005,CH4_AWB,1.83934422913407e-05
Pakistan,Corn,CornAEZ12,CornAEZ12,2005,CH4_AWB,3.15104820132605e-05
Pakistan,Corn,CornAEZ13,CornAEZ13,2005,CH4_AWB,3.14879667827749e-07
Pakistan,Corn,CornAEZ14,CornAEZ14,2005,CH4_AWB,5.14464677620901e-06
Pakistan,FiberCrop,FiberCropAEZ01,FiberCropAEZ01,2005,CH4_AWB,7.88067900901806e-05
Pakistan,FiberCrop,FiberCropAEZ07,FiberCropAEZ07,2005,CH4_AWB,0.000356445700036173
Pakistan,FiberCrop,FiberCropAEZ08,FiberCropAEZ08,2005,CH4_AWB,5.80265296274786e-05
Pakistan,FiberCrop,FiberCropAEZ09,FiberCropAEZ09,2005,CH4_AWB,2.66935557823786e-05
Pakistan,FiberCrop,FiberCropAEZ10,FiberCropAEZ10,2005,CH4_AWB,6.49119608638647e-05
Pakistan,FiberCrop,FiberCropAEZ11,FiberCropAEZ11,2005,CH4_AWB,1.54111896279496e-05
Pakistan,FiberCrop,FiberCropAEZ12,FiberCropAEZ12,2005,CH4_AWB,2.4244835513115e-06
Pakistan,FiberCrop,FiberCropAEZ13,FiberCropAEZ13,2005,CH4_AWB,0
Pakistan,FiberCrop,FiberCropAEZ14,FiberCropAEZ14,2005,CH4_AWB,0
Pakistan,FodderGrass,FodderGrassAEZ01,FodderGrassAEZ01,2005,CH4_AWB,3.23373896526613e-07
Pakistan,FodderGrass,FodderGrassAEZ07,FodderGrassAEZ07,2005,CH4_AWB,4.36940072978079e-07
Pakistan,FodderGrass,FodderGrassAEZ08,FodderGrassAEZ08,2005,CH4_AWB,2.46369111872449e-07
Pakistan,FodderGrass,FodderGrassAEZ09,FodderGrassAEZ09,2005,CH4_AWB,1.42318650414911e-08
Pakistan,FodderGrass,FodderGrassAEZ10,FodderGrassAEZ10,2005,CH4_AWB,4.46924194711424e-07
Pakistan,FodderGrass,FodderGrassAEZ11,FodderGrassAEZ11,2005,CH4_AWB,4.70331698620963e-09
Pakistan,FodderGrass,FodderGrassAEZ12,FodderGrassAEZ12,2005,CH4_AWB,0
Pakistan,FodderGrass,FodderGrassAEZ13,FodderGrassAEZ13,2005,CH4_AWB,5.45405107541363e-10
Pakistan,FodderGrass,FodderGrassAEZ14,FodderGrassAEZ14,2005,CH4_AWB,5.2166394403662e-09
Pakistan,FodderHerb,FodderHerbAEZ01,FodderHerbAEZ01,2005,CH4_AWB,0
Pakistan,FodderHerb,FodderHerbAEZ07,FodderHerbAEZ07,2005,CH4_AWB,0
Pakistan,FodderHerb,FodderHerbAEZ08,FodderHerbAEZ08,2005,CH4_AWB,0
Pakistan,FodderHerb,FodderHerbAEZ09,FodderHerbAEZ09,2005,CH4_AWB,0
Pakistan,FodderHerb,FodderHerbAEZ10,FodderHerbAEZ10,2005,CH4_AWB,0
Pakistan,FodderHerb,FodderHerbAEZ11,FodderHerbAEZ11,2005,CH4_AWB,0
Pakistan,FodderHerb,FodderHerbAEZ12,FodderHerbAEZ12,2005,CH4_AWB,0
Pakistan,FodderHerb,FodderHerbAEZ13,FodderHerbAEZ13,2005,CH4_AWB,0
Pakistan,FodderHerb,FodderHerbAEZ14,FodderHerbAEZ14,2005,CH4_AWB,0
Pakistan,MiscCrop,MiscCropAEZ01,MiscCropAEZ01,2005,CH4_AWB,0.000150052055910884
Pakistan,MiscCrop,MiscCropAEZ07,MiscCropAEZ07,2005,CH4_AWB,0.000653714452595109
Pakistan,MiscCrop,MiscCropAEZ08,MiscCropAEZ08,2005,CH4_AWB,9.77095799820371e-05
Pakistan,MiscCrop,MiscCropAEZ09,MiscCropAEZ09,2005,CH4_AWB,6.29338557282826e-05
Pakistan,MiscCrop,MiscCropAEZ10,MiscCropAEZ10,2005,CH4_AWB,0.00013279197203273
Pakistan,MiscCrop,MiscCropAEZ11,MiscCropAEZ11,2005,CH4_AWB,4.17086846255784e-05
Pakistan,MiscCrop,MiscCropAEZ12,MiscCropAEZ12,2005,CH4_AWB,3.35751524529739e-05
Pakistan,MiscCrop,MiscCropAEZ13,MiscCropAEZ13,2005,CH4_AWB,9.82300141865682e-07
Pakistan,MiscCrop,MiscCropAEZ14,MiscCropAEZ14,2005,CH4_AWB,2.35609108833386e-06
Pakistan,OilCrop,OilCropAEZ01,OilCropAEZ01,2005,CH4_AWB,1.27288423448166e-05
Pakistan,OilCrop,OilCropAEZ07,OilCropAEZ07,2005,CH4_AWB,6.47194541368899e-05
Pakistan,OilCrop,OilCropAEZ08,OilCropAEZ08,2005,CH4_AWB,9.93615454168912e-06
Pakistan,OilCrop,OilCropAEZ09,OilCropAEZ09,2005,CH4_AWB,5.95495694992501e-06
Pakistan,OilCrop,OilCropAEZ10,OilCropAEZ10,2005,CH4_AWB,1.00093617814665e-05
Pakistan,OilCrop,OilCropAEZ11,OilCropAEZ11,2005,CH4_AWB,2.50783541978089e-06
Pakistan,OilCrop,OilCropAEZ12,OilCropAEZ12,2005,CH4_AWB,2.79552391895424e-06
Pakistan,OilCrop,OilCropAEZ13,OilCropAEZ13,2005,CH4_AWB,0
Pakistan,OilCrop,OilCropAEZ14,OilCropAEZ14,2005,CH4_AWB,4.11236794875013e-08
Pakistan,OtherGrain,OtherGrainAEZ01,OtherGrainAEZ01,2005,CH4_AWB,6.16003828335702e-06
Pakistan,OtherGrain,OtherGrainAEZ07,OtherGrainAEZ07,2005,CH4_AWB,2.96396392450667e-05
Pakistan,OtherGrain,OtherGrainAEZ08,OtherGrainAEZ08,2005,CH4_AWB,4.27792220576399e-06
Pakistan,OtherGrain,OtherGrainAEZ09,OtherGrainAEZ09,2005,CH4_AWB,2.73823542041432e-06
Pakistan,OtherGrain,OtherGrainAEZ10,OtherGrainAEZ10,2005,CH4_AWB,5.54425579364278e-06
Pakistan,OtherGrain,OtherGrainAEZ11,OtherGrainAEZ11,2005,CH4_AWB,1.47844976675295e-06
Pakistan,OtherGrain,OtherGrainAEZ12,OtherGrainAEZ12,2005,CH4_AWB,1.24705868292892e-06
Pakistan,OtherGrain,OtherGrainAEZ13,OtherGrainAEZ13,2005,CH4_AWB,0
Pakistan,OtherGrain,OtherGrainAEZ14,OtherGrainAEZ14,2005,CH4_AWB,1.89982316730777e-08
Pakistan,PalmFruit,PalmFruitAEZ01,PalmFruitAEZ01,2005,CH4_AWB,0
Pakistan,PalmFruit,PalmFruitAEZ07,PalmFruitAEZ07,2005,CH4_AWB,0
Pakistan,PalmFruit,PalmFruitAEZ08,PalmFruitAEZ08,2005,CH4_AWB,0
Pakistan,PalmFruit,PalmFruitAEZ09,PalmFruitAEZ09,2005,CH4_AWB,0
Pakistan,PalmFruit,PalmFruitAEZ10,PalmFruitAEZ10,2005,CH4_AWB,0
Pakistan,PalmFruit,PalmFruitAEZ11,PalmFruitAEZ11,2005,CH4_AWB,0
Pakistan,PalmFruit,PalmFruitAEZ12,PalmFruitAEZ12,2005,CH4_AWB,0
Pakistan,PalmFruit,PalmFruitAEZ13,PalmFruitAEZ13,2005,CH4_AWB,0
Pakistan,PalmFruit,PalmFruitAEZ14,PalmFruitAEZ14,2005,CH4_AWB,0
Pakistan,Rice,RiceAEZ01,RiceAEZ01,2005,CH4_AWB,0.000155180307914064
Pakistan,Rice,RiceAEZ07,RiceAEZ07,2005,CH4_AWB,0.00041483988366866
Pakistan,Rice,RiceAEZ08,RiceAEZ08,2005,CH4_AWB,7.07658735396052e-05
Pakistan,Rice,RiceAEZ09,RiceAEZ09,2005,CH4_AWB,2.69059546317813e-05
Pakistan,Rice,RiceAEZ10,RiceAEZ10,2005,CH4_AWB,7.77207353354386e-05
Pakistan,Rice,RiceAEZ11,RiceAEZ11,2005,CH4_AWB,1.58781499949651e-05
Pakistan,Rice,RiceAEZ12,RiceAEZ12,2005,CH4_AWB,7.00690547899088e-06
Pakistan,Rice,RiceAEZ13,RiceAEZ13,2005,CH4_AWB,1.30843695357846e-07
Pakistan,Rice,RiceAEZ14,RiceAEZ14,2005,CH4_AWB,2.47018626793458e-06
Pakistan,Root_Tuber,Root_TuberAEZ01,Root_TuberAEZ01,2005,CH4_AWB,1.23790780567292e-07
Pakistan,Root_Tuber,Root_TuberAEZ07,Root_TuberAEZ07,2005,CH4_AWB,0.000142207620678604
Pakistan,Root_Tuber,Root_TuberAEZ08,Root_TuberAEZ08,2005,CH4_AWB,3.21820491451831e-05
Pakistan,Root_Tuber,Root_TuberAEZ09,Root_TuberAEZ09,2005,CH4_AWB,1.61735024012709e-05
Pakistan,Root_Tuber,Root_TuberAEZ10,Root_TuberAEZ10,2005,CH4_AWB,3.57413302366854e-05
Pakistan,Root_Tuber,Root_TuberAEZ11,Root_TuberAEZ11,2005,CH4_AWB,8.65039905497686e-06
Pakistan,Root_Tuber,Root_TuberAEZ12,Root_TuberAEZ12,2005,CH4_AWB,5.56288522051679e-06
Pakistan,Root_Tuber,Root_TuberAEZ13,Root_TuberAEZ13,2005,CH4_AWB,0
Pakistan,Root_Tuber,Root_TuberAEZ14,Root_TuberAEZ14,2005,CH4_AWB,0
Pakistan,SugarCrop,SugarCropAEZ01,SugarCropAEZ01,2005,CH4_AWB,0.000779567546435055
Pakistan,SugarCrop,SugarCropAEZ07,SugarCropAEZ07,2005,CH4_AWB,0.00264819043451441
Pakistan,SugarCrop,SugarCropAEZ08,SugarCropAEZ08,2005,CH4_AWB,0.000406626626887393
Pakistan,SugarCrop,SugarCropAEZ09,SugarCropAEZ09,2005,CH4_AWB,0.000279272717570267
Pakistan,SugarCrop,SugarCropAEZ10,SugarCropAEZ10,2005,CH4_AWB,0.000529214794642324
Pakistan,SugarCrop,SugarCropAEZ11,SugarCropAEZ11,2005,CH4_AWB,0.000148551477101761
Pakistan,SugarCrop,SugarCropAEZ12,SugarCropAEZ12,2005,CH4_AWB,0.000130272773595624
Pakistan,SugarCrop,SugarCropAEZ13,SugarCropAEZ13,2005,CH4_AWB,3.73890359190228e-08
Pakistan,SugarCrop,SugarCropAEZ14,SugarCropAEZ14,2005,CH4_AWB,5.11332858344846e-06
Pakistan,Wheat,WheatAEZ01,WheatAEZ01,2005,CH4_AWB,0.000151104245806436
Pakistan,Wheat,WheatAEZ07,WheatAEZ07,2005,CH4_AWB,0.00120576561163175
Pakistan,Wheat,WheatAEZ08,WheatAEZ08,2005,CH4_AWB,0.000226639974864523
Pakistan,Wheat,WheatAEZ09,WheatAEZ09,2005,CH4_AWB,0.000113189367216365
Pakistan,Wheat,WheatAEZ10,WheatAEZ10,2005,CH4_AWB,0.000250071395299354
Pakistan,Wheat,WheatAEZ11,WheatAEZ11,2005,CH4_AWB,5.9945872047315e-05
Pakistan,Wheat,WheatAEZ12,WheatAEZ12,2005,CH4_AWB,3.16867029667569e-05
Pakistan,Wheat,WheatAEZ13,WheatAEZ13,2005,CH4_AWB,1.4356551755392e-07
Pakistan,Wheat,WheatAEZ14,WheatAEZ14,2005,CH4_AWB,1.25866531354368e-06
Pakistan,Corn,CornAEZ01,CornAEZ01,2005,CO_AWB,2.10259877893954e-06
Pakistan,Corn,CornAEZ07,CornAEZ07,2005,CO_AWB,0.00487223318761095
Pakistan,Corn,CornAEZ08,CornAEZ08,2005,CO_AWB,0.000940103729703285
Pakistan,Corn,CornAEZ09,CornAEZ09,2005,CO_AWB,0.00154358416147569
Pakistan,Corn,CornAEZ10,CornAEZ10,2005,CO_AWB,0.00204017096124642
Pakistan,Corn,CornAEZ11,CornAEZ11,2005,CO_AWB,0.000762786871493834
Pakistan,Corn,CornAEZ12,CornAEZ12,2005,CO_AWB,0.00130675822466757
Pakistan,Corn,CornAEZ13,CornAEZ13,2005,CO_AWB,1.30582450481508e-05
Pakistan,Corn,CornAEZ14,CornAEZ14,2005,CO_AWB,0.000213351528072197
Pakistan,FiberCrop,FiberCropAEZ01,FiberCropAEZ01,2005,CO_AWB,0.00326816394197514
Pakistan,FiberCrop,FiberCropAEZ07,FiberCropAEZ07,2005,CO_AWB,0.0147820128544413
Pakistan,FiberCrop,FiberCropAEZ08,FiberCropAEZ08,2005,CO_AWB,0.00240639431690426
Pakistan,FiberCrop,FiberCropAEZ09,FiberCropAEZ09,2005,CO_AWB,0.00110699746038688
Pakistan,FiberCrop,FiberCropAEZ10,FiberCropAEZ10,2005,CO_AWB,0.00269193720053086
Pakistan,FiberCrop,FiberCropAEZ11,FiberCropAEZ11,2005,CO_AWB,0.000639111099276734
Pakistan,FiberCrop,FiberCropAEZ12,FiberCropAEZ12,2005,CO_AWB,0.000100544759039683
Pakistan,FiberCrop,FiberCropAEZ13,FiberCropAEZ13,2005,CO_AWB,0
Pakistan,FiberCrop,FiberCropAEZ14,FiberCropAEZ14,2005,CO_AWB,0
Pakistan,FodderGrass,FodderGrassAEZ01,FodderGrassAEZ01,2005,CO_AWB,1.34105057088978e-05
Pakistan,FodderGrass,FodderGrassAEZ07,FodderGrassAEZ07,2005,CO_AWB,1.81201618499733e-05
Pakistan,FodderGrass,FodderGrassAEZ08,FodderGrassAEZ08,2005,CO_AWB,1.02170719923574e-05
Pakistan,FodderGrass,FodderGrassAEZ09,FodderGrassAEZ09,2005,CO_AWB,5.90203814955956e-07
Pakistan,FodderGrass,FodderGrassAEZ10,FodderGrassAEZ10,2005,CO_AWB,1.85342092512679e-05
Pakistan,FodderGrass,FodderGrassAEZ11,FodderGrassAEZ11,2005,CO_AWB,1.95049322075164e-07
Pakistan,FodderGrass,FodderGrassAEZ12,FodderGrassAEZ12,2005,CO_AWB,0
Pakistan,FodderGrass,FodderGrassAEZ13,FodderGrassAEZ13,2005,CO_AWB,2.26182706362742e-08
Pakistan,FodderGrass,FodderGrassAEZ14,FodderGrassAEZ14,2005,CO_AWB,2.16337106203422e-07
Pakistan,FodderHerb,FodderHerbAEZ01,FodderHerbAEZ01,2005,CO_AWB,0
Pakistan,FodderHerb,FodderHerbAEZ07,FodderHerbAEZ07,2005,CO_AWB,0
Pakistan,FodderHerb,FodderHerbAEZ08,FodderHerbAEZ08,2005,CO_AWB,0
Pakistan,FodderHerb,FodderHerbAEZ09,FodderHerbAEZ09,2005,CO_AWB,0
Pakistan,FodderHerb,FodderHerbAEZ10,FodderHerbAEZ10,2005,CO_AWB,0
Pakistan,FodderHerb,FodderHerbAEZ11,FodderHerbAEZ11,2005,CO_AWB,0
Pakistan,FodderHerb,FodderHerbAEZ12,FodderHerbAEZ12,2005,CO_AWB,0
Pakistan,FodderHerb,FodderHerbAEZ13,FodderHerbAEZ13,2005,CO_AWB,0
Pakistan,FodderHerb,FodderHerbAEZ14,FodderHerbAEZ14,2005,CO_AWB,0
Pakistan,MiscCrop,MiscCropAEZ01,MiscCropAEZ01,2005,CO_AWB,0.00622274702453958
Pakistan,MiscCrop,MiscCropAEZ07,MiscCropAEZ07,2005,CO_AWB,0.0271099228870325
Pakistan,MiscCrop,MiscCropAEZ08,MiscCropAEZ08,2005,CO_AWB,0.0040520737580786
Pakistan,MiscCrop,MiscCropAEZ09,MiscCropAEZ09,2005,CO_AWB,0.00260990401696701
Pakistan,MiscCrop,MiscCropAEZ10,MiscCropAEZ10,2005,CO_AWB,0.00550696119312206
Pakistan,MiscCrop,MiscCropAEZ11,MiscCropAEZ11,2005,CO_AWB,0.00172968368594311
Pakistan,MiscCrop,MiscCropAEZ12,MiscCropAEZ12,2005,CO_AWB,0.0013923813223145
Pakistan,MiscCrop,MiscCropAEZ13,MiscCropAEZ13,2005,CO_AWB,4.07365647067827e-05
Pakistan,MiscCrop,MiscCropAEZ14,MiscCropAEZ14,2005,CO_AWB,9.77084833691397e-05
Pakistan,OilCrop,OilCropAEZ01,OilCropAEZ01,2005,CO_AWB,0.000527872579593867
Pakistan,OilCrop,OilCropAEZ07,OilCropAEZ07,2005,CO_AWB,0.00268395383332397
Pakistan,OilCrop,OilCropAEZ08,OilCropAEZ08,2005,CO_AWB,0.000412058173640637
Pakistan,OilCrop,OilCropAEZ09,OilCropAEZ09,2005,CO_AWB,0.000246955567629243
Pakistan,OilCrop,OilCropAEZ10,OilCropAEZ10,2005,CO_AWB,0.000415094120937288
Pakistan,OilCrop,OilCropAEZ11,OilCropAEZ11,2005,CO_AWB,0.000104001410055619
Pakistan,OilCrop,OilCropAEZ12,OilCropAEZ12,2005,CO_AWB,0.000115932021344867
Pakistan,OilCrop,OilCropAEZ13,OilCropAEZ13,2005,CO_AWB,0
Pakistan,OilCrop,OilCropAEZ14,OilCropAEZ14,2005,CO_AWB,1.70542317874638e-06
Pakistan,OtherGrain,OtherGrainAEZ01,OtherGrainAEZ01,2005,CO_AWB,0.000255460411162747
Pakistan,OtherGrain,OtherGrainAEZ07,OtherGrainAEZ07,2005,CO_AWB,0.00122917327457482
Pakistan,OtherGrain,OtherGrainAEZ08,OtherGrainAEZ08,2005,CO_AWB,0.00017740795029786
Pakistan,OtherGrain,OtherGrainAEZ09,OtherGrainAEZ09,2005,CO_AWB,0.0001135562336113
Pakistan,OtherGrain,OtherGrainAEZ10,OtherGrainAEZ10,2005,CO_AWB,0.000229923549089303
Pakistan,OtherGrain,OtherGrainAEZ11,OtherGrainAEZ11,2005,CO_AWB,6.13121815035784e-05
Pakistan,OtherGrain,OtherGrainAEZ12,OtherGrainAEZ12,2005,CO_AWB,5.17162571449933e-05
Pakistan,OtherGrain,OtherGrainAEZ13,OtherGrainAEZ13,2005,CO_AWB,0
Pakistan,OtherGrain,OtherGrainAEZ14,OtherGrainAEZ14,2005,CO_AWB,7.87867842912929e-07
Pakistan,PalmFruit,PalmFruitAEZ01,PalmFruitAEZ01,2005,CO_AWB,0
Pakistan,PalmFruit,PalmFruitAEZ07,PalmFruitAEZ07,2005,CO_AWB,0
Pakistan,PalmFruit,PalmFruitAEZ08,PalmFruitAEZ08,2005,CO_AWB,0
Pakistan,PalmFruit,PalmFruitAEZ09,PalmFruitAEZ09,2005,CO_AWB,0
Pakistan,PalmFruit,PalmFruitAEZ10,PalmFruitAEZ10,2005,CO_AWB,0
Pakistan,PalmFruit,PalmFruitAEZ11,PalmFruitAEZ11,2005,CO_AWB,0
Pakistan,PalmFruit,PalmFruitAEZ12,PalmFruitAEZ12,2005,CO_AWB,0
Pakistan,PalmFruit,PalmFruitAEZ13,PalmFruitAEZ13,2005,CO_AWB,0
Pakistan,PalmFruit,PalmFruitAEZ14,PalmFruitAEZ14,2005,CO_AWB,0
Pakistan,Rice,RiceAEZ01,RiceAEZ01,2005,CO_AWB,0.0064354186517303
Pakistan,Rice,RiceAEZ07,RiceAEZ07,2005,CO_AWB,0.0172036539992003
Pakistan,Rice,RiceAEZ08,RiceAEZ08,2005,CO_AWB,0.00293470240267186
Pakistan,Rice,RiceAEZ09,RiceAEZ09,2005,CO_AWB,0.00111580576561211
Pakistan,Rice,RiceAEZ10,RiceAEZ10,2005,CO_AWB,0.00322312461244025
Pakistan,Rice,RiceAEZ11,RiceAEZ11,2005,CO_AWB,0.000658476220379434
Pakistan,Rice,RiceAEZ12,RiceAEZ12,2005,CO_AWB,0.000290580491922857
Pakistan,Rice,RiceAEZ13,RiceAEZ13,2005,CO_AWB,5.42616501336951e-06
Pakistan,Rice,RiceAEZ14,RiceAEZ14,2005,CO_AWB,0.000102440077581993
Pakistan,Root_Tuber,Root_TuberAEZ01,Root_TuberAEZ01,2005,CO_AWB,5.13367648823182e-06
Pakistan,Root_Tuber,Root_TuberAEZ07,Root_TuberAEZ07,2005,CO_AWB,0.00589743368108329
Pakistan,Root_Tuber,Root_TuberAEZ08,Root_TuberAEZ08,2005,CO_AWB,0.00133460850866789
Pakistan,Root_Tuber,Root_TuberAEZ09,Root_TuberAEZ09,2005,CO_AWB,0.000670724658405648
Pakistan,Root_Tuber,Root_TuberAEZ10,Root_TuberAEZ10,2005,CO_AWB,0.00148221398922725
Pakistan,Root_Tuber,Root_TuberAEZ11,Root_TuberAEZ11,2005,CO_AWB,0.000358737137279923
Pakistan,Root_Tuber,Root_TuberAEZ12,Root_TuberAEZ12,2005,CO_AWB,0.000230696122380255
Pakistan,Root_Tuber,Root_TuberAEZ13,Root_TuberAEZ13,2005,CO_AWB,0
Pakistan,Root_Tuber,Root_TuberAEZ14,Root_TuberAEZ14,2005,CO_AWB,0
Pakistan,SugarCrop,SugarCropAEZ01,SugarCropAEZ01,2005,CO_AWB,0.0323291247198067
Pakistan,SugarCrop,SugarCropAEZ07,SugarCropAEZ07,2005,CO_AWB,0.109822015078392
Pakistan,SugarCrop,SugarCropAEZ08,SugarCropAEZ08,2005,CO_AWB,0.0168630454091537
Pakistan,SugarCrop,SugarCropAEZ09,SugarCropAEZ09,2005,CO_AWB,0.0115816038757081
Pakistan,SugarCrop,SugarCropAEZ10,SugarCropAEZ10,2005,CO_AWB,0.0219468488366376
Pakistan,SugarCrop,SugarCropAEZ11,SugarCropAEZ11,2005,CO_AWB,0.00616051713863186
Pakistan,SugarCrop,SugarCropAEZ12,SugarCropAEZ12,2005,CO_AWB,0.00540248855205382
Pakistan,SugarCrop,SugarCropAEZ13,SugarCropAEZ13,2005,CO_AWB,1.55054531311242e-06
Pakistan,SugarCrop,SugarCropAEZ14,SugarCropAEZ14,2005,CO_AWB,0.000212052744195951
Pakistan,Wheat,WheatAEZ01,WheatAEZ01,2005,CO_AWB,0.00626638195844337
Pakistan,Wheat,WheatAEZ07,WheatAEZ07,2005,CO_AWB,0.050003809188258
Pakistan,Wheat,WheatAEZ08,WheatAEZ08,2005,CO_AWB,0.00939889307526405
Pakistan,Wheat,WheatAEZ09,WheatAEZ09,2005,CO_AWB,0.00469402964044336
Pakistan,Wheat,WheatAEZ10,WheatAEZ10,2005,CO_AWB,0.010370607863885
Pakistan,Wheat,WheatAEZ11,WheatAEZ11,2005,CO_AWB,0.00248599057607983
Pakistan,Wheat,WheatAEZ12,WheatAEZ12,2005,CO_AWB,0.00131406621126845
Pakistan,Wheat,WheatAEZ13,WheatAEZ13,2005,CO_AWB,5.95374646326551e-06
Pakistan,Wheat,WheatAEZ14,WheatAEZ14,2005,CO_AWB,5.21975909440175e-05
Pakistan,Corn,CornAEZ01,CornAEZ01,2005,N2O_AWB,1.31723091352004e-09
Pakistan,Corn,CornAEZ07,CornAEZ07,2005,N2O_AWB,3.05234466836147e-06
Pakistan,Corn,CornAEZ08,CornAEZ08,2005,N2O_AWB,5.8895387321837e-07
Pakistan,Corn,CornAEZ09,CornAEZ09,2005,N2O_AWB,9.67020810380753e-07
Pakistan,Corn,CornAEZ10,CornAEZ10,2005,N2O_AWB,1.27812128777849e-06
Pakistan,Corn,CornAEZ11,CornAEZ11,2005,N2O_AWB,4.77868843843655e-07
Pakistan,Corn,CornAEZ12,CornAEZ12,2005,N2O_AWB,8.18654679756279e-07
Pakistan,Corn,CornAEZ13,CornAEZ13,2005,N2O_AWB,8.18069725238761e-09
Pakistan,Corn,CornAEZ14,CornAEZ14,2005,N2O_AWB,1.3365994075445e-07
Pakistan,FiberCrop,FiberCropAEZ01,FiberCropAEZ01,2005,N2O_AWB,2.04743131116646e-06
Pakistan,FiberCrop,FiberCropAEZ07,FiberCropAEZ07,2005,N2O_AWB,9.26059906956725e-06
Pakistan,FiberCrop,FiberCropAEZ08,FiberCropAEZ08,2005,N2O_AWB,1.50755199522371e-06
Pakistan,FiberCrop,FiberCropAEZ09,FiberCropAEZ09,2005,N2O_AWB,6.93509047287286e-07
Pakistan,FiberCrop,FiberCropAEZ10,FiberCropAEZ10,2005,N2O_AWB,1.68643819891413e-06
Pakistan,FiberCrop,FiberCropAEZ11,FiberCropAEZ11,2005,N2O_AWB,4.00388750137907e-07
Pakistan,FiberCrop,FiberCropAEZ12,FiberCropAEZ12,2005,N2O_AWB,6.2989033440936e-08
Pakistan,FiberCrop,FiberCropAEZ13,FiberCropAEZ13,2005,N2O_AWB,0
Pakistan,FiberCrop,FiberCropAEZ14,FiberCropAEZ14,2005,N2O_AWB,0
Pakistan,FodderGrass,FodderGrassAEZ01,FodderGrassAEZ01,2005,N2O_AWB,8.40138064505416e-09
Pakistan,FodderGrass,FodderGrassAEZ07,FodderGrassAEZ07,2005,N2O_AWB,1.13518744450187e-08
Pakistan,FodderGrass,FodderGrassAEZ08,FodderGrassAEZ08,2005,N2O_AWB,6.40076614178421e-09
Pakistan,FodderGrass,FodderGrassAEZ09,FodderGrassAEZ09,2005,N2O_AWB,3.69749434901485e-10
Pakistan,FodderGrass,FodderGrassAEZ10,FodderGrassAEZ10,2005,N2O_AWB,1.16112658429929e-08
Pakistan,FodderGrass,FodderGrassAEZ11,FodderGrassAEZ11,2005,N2O_AWB,1.2219401973976e-10
Pakistan,FodderGrass,FodderGrassAEZ12,FodderGrassAEZ12,2005,N2O_AWB,0
Pakistan,FodderGrass,FodderGrassAEZ13,FodderGrassAEZ13,2005,N2O_AWB,1.41698385782805e-11
Pakistan,FodderGrass,FodderGrassAEZ14,FodderGrassAEZ14,2005,N2O_AWB,1.35530338401671e-10
Pakistan,FodderHerb,FodderHerbAEZ01,FodderHerbAEZ01,2005,N2O_AWB,0
Pakistan,FodderHerb,FodderHerbAEZ07,FodderHerbAEZ07,2005,N2O_AWB,0
Pakistan,FodderHerb,FodderHerbAEZ08,FodderHerbAEZ08,2005,N2O_AWB,0
Pakistan,FodderHerb,FodderHerbAEZ09,FodderHerbAEZ09,2005,N2O_AWB,0
Pakistan,FodderHerb,FodderHerbAEZ10,FodderHerbAEZ10,2005,N2O_AWB,0
Pakistan,FodderHerb,FodderHerbAEZ11,FodderHerbAEZ11,2005,N2O_AWB,0
Pakistan,FodderHerb,FodderHerbAEZ12,FodderHerbAEZ12,2005,N2O_AWB,0
Pakistan,FodderHerb,FodderHerbAEZ13,FodderHerbAEZ13,2005,N2O_AWB,0
Pakistan,FodderHerb,FodderHerbAEZ14,FodderHerbAEZ14,2005,N2O_AWB,0
Pakistan,MiscCrop,MiscCropAEZ01,MiscCropAEZ01,2005,N2O_AWB,3.89841125650825e-06
Pakistan,MiscCrop,MiscCropAEZ07,MiscCropAEZ07,2005,N2O_AWB,1.69837578370298e-05
Pakistan,MiscCrop,MiscCropAEZ08,MiscCropAEZ08,2005,N2O_AWB,2.53853320541567e-06
Pakistan,MiscCrop,MiscCropAEZ09,MiscCropAEZ09,2005,N2O_AWB,1.6350462517642e-06
Pakistan,MiscCrop,MiscCropAEZ10,MiscCropAEZ10,2005,N2O_AWB,3.44998750869349e-06
Pakistan,MiscCrop,MiscCropAEZ11,MiscCropAEZ11,2005,N2O_AWB,1.08360798291944e-06
Pakistan,MiscCrop,MiscCropAEZ12,MiscCropAEZ12,2005,N2O_AWB,8.72295627454713e-07
Pakistan,MiscCrop,MiscCropAEZ13,MiscCropAEZ13,2005,N2O_AWB,2.55205429014123e-08
Pakistan,MiscCrop,MiscCropAEZ14,MiscCropAEZ14,2005,N2O_AWB,6.12121704322033e-08
Pakistan,OilCrop,OilCropAEZ01,OilCropAEZ01,2005,N2O_AWB,3.30700315821217e-07
Pakistan,OilCrop,OilCropAEZ07,OilCropAEZ07,2005,N2O_AWB,1.68143679865449e-06
Pakistan,OilCrop,OilCropAEZ08,OilCropAEZ08,2005,N2O_AWB,2.58145191524276e-07
Pakistan,OilCrop,OilCropAEZ09,OilCropAEZ09,2005,N2O_AWB,1.54712116836287e-07
Pakistan,OilCrop,OilCropAEZ10,OilCropAEZ10,2005,N2O_AWB,2.60047144322415e-07
Pakistan,OilCrop,OilCropAEZ11,OilCropAEZ11,2005,N2O_AWB,6.51545476707781e-08
Pakistan,OilCrop,OilCropAEZ12,OilCropAEZ12,2005,N2O_AWB,7.26288076983209e-08
Pakistan,OilCrop,OilCropAEZ13,OilCropAEZ13,2005,N2O_AWB,0
Pakistan,OilCrop,OilCropAEZ14,OilCropAEZ14,2005,N2O_AWB,1.06840932001842e-09
Pakistan,OtherGrain,OtherGrainAEZ01,OtherGrainAEZ01,2005,N2O_AWB,1.60040210302903e-07
Pakistan,OtherGrain,OtherGrainAEZ07,OtherGrainAEZ07,2005,N2O_AWB,7.70049450974772e-07
Pakistan,OtherGrain,OtherGrainAEZ08,OtherGrainAEZ08,2005,N2O_AWB,1.111420965223e-07
Pakistan,OtherGrain,OtherGrainAEZ09,OtherGrainAEZ09,2005,N2O_AWB,7.11404300401759e-08
Pakistan,OtherGrain,OtherGrainAEZ10,OtherGrainAEZ10,2005,N2O_AWB,1.44041939736798e-07
Pakistan,OtherGrain,OtherGrainAEZ11,OtherGrainAEZ11,2005,N2O_AWB,3.8410704724464e-08
Pakistan,OtherGrain,OtherGrainAEZ12,OtherGrainAEZ12,2005,N2O_AWB,3.2399073625114e-08
Pakistan,OtherGrain,OtherGrainAEZ13,OtherGrainAEZ13,2005,N2O_AWB,0
Pakistan,OtherGrain,OtherGrainAEZ14,OtherGrainAEZ14,2005,N2O_AWB,4.9358150915349e-10
Pakistan,PalmFruit,PalmFruitAEZ01,PalmFruitAEZ01,2005,N2O_AWB,0
Pakistan,PalmFruit,PalmFruitAEZ07,PalmFruitAEZ07,2005,N2O_AWB,0
Pakistan,PalmFruit,PalmFruitAEZ08,PalmFruitAEZ08,2005,N2O_AWB,0
Pakistan,PalmFruit,PalmFruitAEZ09,PalmFruitAEZ09,2005,N2O_AWB,0
Pakistan,PalmFruit,PalmFruitAEZ10,PalmFruitAEZ10,2005,N2O_AWB,0
Pakistan,PalmFruit,PalmFruitAEZ11,PalmFruitAEZ11,2005,N2O_AWB,0
Pakistan,PalmFruit,PalmFruitAEZ12,PalmFruitAEZ12,2005,N2O_AWB,0
Pakistan,PalmFruit,PalmFruitAEZ13,PalmFruitAEZ13,2005,N2O_AWB,0
Pakistan,PalmFruit,PalmFruitAEZ14,PalmFruitAEZ14,2005,N2O_AWB,0
Pakistan,Rice,RiceAEZ01,RiceAEZ01,2005,N2O_AWB,4.03164525463009e-06
Pakistan,Rice,RiceAEZ07,RiceAEZ07,2005,N2O_AWB,1.07777028600191e-05
Pakistan,Rice,RiceAEZ08,RiceAEZ08,2005,N2O_AWB,1.8385251458819e-06
Pakistan,Rice,RiceAEZ09,RiceAEZ09,2005,N2O_AWB,6.99027252688435e-07
Pakistan,Rice,RiceAEZ10,RiceAEZ10,2005,N2O_AWB,2.01921518273443e-06
Pakistan,Rice,RiceAEZ11,RiceAEZ11,2005,N2O_AWB,4.12520563594681e-07
Pakistan,Rice,RiceAEZ12,RiceAEZ12,2005,N2O_AWB,1.82042152150253e-07
Pakistan,Rice,RiceAEZ13,RiceAEZ13,2005,N2O_AWB,3.39937051664993e-09
Pakistan,Rice,RiceAEZ14,RiceAEZ14,2005,N2O_AWB,6.41764079414377e-08
Pakistan,Root_Tuber,Root_TuberAEZ01,Root_TuberAEZ01,2005,N2O_AWB,3.21613302454239e-09
Pakistan,Root_Tuber,Root_TuberAEZ07,Root_TuberAEZ07,2005,N2O_AWB,3.69460975292452e-06
Pakistan,Root_Tuber,Root_TuberAEZ08,Root_TuberAEZ08,2005,N2O_AWB,8.36102257203287e-07
Pakistan,Root_Tuber,Root_TuberAEZ09,Root_TuberAEZ09,2005,N2O_AWB,4.20193934934981e-07
Pakistan,Root_Tuber,Root_TuberAEZ10,Root_TuberAEZ10,2005,N2O_AWB,9.28573775757023e-07
Pakistan,Root_Tuber,Root_TuberAEZ11,Root_TuberAEZ11,2005,N2O_AWB,2.24740759761654e-07
Pakistan,Root_Tuber,Root_TuberAEZ12,Root_TuberAEZ12,2005,N2O_AWB,1.44525939552642e-07
Pakistan,Root_Tuber,Root_TuberAEZ13,Root_TuberAEZ13,2005,N2O_AWB,0
Pakistan,Root_Tuber,Root_TuberAEZ14,Root_TuberAEZ14,2005,N2O_AWB,0
Pakistan,SugarCrop,SugarCropAEZ01,SugarCropAEZ01,2005,N2O_AWB,2.0253470569146e-05
Pakistan,SugarCrop,SugarCropAEZ07,SugarCropAEZ07,2005,N2O_AWB,6.88010259947371e-05
Pakistan,SugarCrop,SugarCropAEZ08,SugarCropAEZ08,2005,N2O_AWB,1.05643192279568e-05
Pakistan,SugarCrop,SugarCropAEZ09,SugarCropAEZ09,2005,N2O_AWB,7.25561472118832e-06
Pakistan,SugarCrop,SugarCropAEZ10,SugarCropAEZ10,2005,N2O_AWB,1.37492079000212e-05
Pakistan,SugarCrop,SugarCropAEZ11,SugarCropAEZ11,2005,N2O_AWB,3.85942563058497e-06
Pakistan,SugarCrop,SugarCropAEZ12,SugarCropAEZ12,2005,N2O_AWB,3.38453774537651e-06
Pakistan,SugarCrop,SugarCropAEZ13,SugarCropAEZ13,2005,N2O_AWB,9.71381815543241e-10
Pakistan,SugarCrop,SugarCropAEZ14,SugarCropAEZ14,2005,N2O_AWB,1.32846281824886e-07
Pakistan,Wheat,WheatAEZ01,WheatAEZ01,2005,N2O_AWB,3.92574756261819e-06
Pakistan,Wheat,WheatAEZ07,WheatAEZ07,2005,N2O_AWB,3.13262634394524e-05
Pakistan,Wheat,WheatAEZ08,WheatAEZ08,2005,N2O_AWB,5.88819542540183e-06
Pakistan,Wheat,WheatAEZ09,WheatAEZ09,2005,N2O_AWB,2.9407041482683e-06
Pakistan,Wheat,WheatAEZ10,WheatAEZ10,2005,N2O_AWB,6.49695291709105e-06
Pakistan,Wheat,WheatAEZ11,WheatAEZ11,2005,N2O_AWB,1.55741726397436e-06
Pakistan,Wheat,WheatAEZ12,WheatAEZ12,2005,N2O_AWB,8.23232969234372e-07
Pakistan,Wheat,WheatAEZ13,WheatAEZ13,2005,N2O_AWB,3.72988844625381e-09
Pakistan,Wheat,WheatAEZ14,WheatAEZ14,2005,N2O_AWB,3.27006184401055e-08
Pakistan,Corn,CornAEZ01,CornAEZ01,2005,NH3_AWB,2.44060520203147e-08
Pakistan,Corn,CornAEZ07,CornAEZ07,2005,NH3_AWB,5.65547634779428e-05
Pakistan,Corn,CornAEZ08,CornAEZ08,2005,NH3_AWB,1.09123151603857e-05
Pakistan,Corn,CornAEZ09,CornAEZ09,2005,NH3_AWB,1.79172535055453e-05
Pakistan,Corn,CornAEZ10,CornAEZ10,2005,NH3_AWB,2.36814170678958e-05
Pakistan,Corn,CornAEZ11,CornAEZ11,2005,NH3_AWB,8.85409820102772e-06
Pakistan,Corn,CornAEZ12,CornAEZ12,2005,NH3_AWB,1.51682810475597e-05
Pakistan,Corn,CornAEZ13,CornAEZ13,2005,NH3_AWB,1.51574428336691e-07
Pakistan,Corn,CornAEZ14,CornAEZ14,2005,NH3_AWB,2.47649173246924e-06
Pakistan,FiberCrop,FiberCropAEZ01,FiberCropAEZ01,2005,NH3_AWB,3.79354254257634e-05
Pakistan,FiberCrop,FiberCropAEZ07,FiberCropAEZ07,2005,NH3_AWB,0.000171583175213491
Pakistan,FiberCrop,FiberCropAEZ08,FiberCropAEZ08,2005,NH3_AWB,2.79323784775412e-05
Pakistan,FiberCrop,FiberCropAEZ09,FiberCropAEZ09,2005,NH3_AWB,1.28495449893607e-05
Pakistan,FiberCrop,FiberCropAEZ10,FiberCropAEZ10,2005,NH3_AWB,3.12468360628996e-05
Pakistan,FiberCrop,FiberCropAEZ11,FiberCropAEZ11,2005,NH3_AWB,7.41852363463065e-06
Pakistan,FiberCrop,FiberCropAEZ12,FiberCropAEZ12,2005,NH3_AWB,1.16707982715093e-06
Pakistan,FiberCrop,FiberCropAEZ13,FiberCropAEZ13,2005,NH3_AWB,0
Pakistan,FiberCrop,FiberCropAEZ14,FiberCropAEZ14,2005,NH3_AWB,0
Pakistan,FodderGrass,FodderGrassAEZ01,FodderGrassAEZ01,2005,NH3_AWB,1.55663316857419e-07
Pakistan,FodderGrass,FodderGrassAEZ07,FodderGrassAEZ07,2005,NH3_AWB,2.10330956698271e-07
Pakistan,FodderGrass,FodderGrassAEZ08,FodderGrassAEZ08,2005,NH3_AWB,1.18595327381738e-07
Pakistan,FodderGrass,FodderGrassAEZ09,FodderGrassAEZ09,2005,NH3_AWB,6.85082915232564e-09
Pakistan,FodderGrass,FodderGrassAEZ10,FodderGrassAEZ10,2005,NH3_AWB,2.15137038826774e-07
Pakistan,FodderGrass,FodderGrassAEZ11,FodderGrassAEZ11,2005,NH3_AWB,2.26404768649895e-09
Pakistan,FodderGrass,FodderGrassAEZ12,FodderGrassAEZ12,2005,NH3_AWB,0
Pakistan,FodderGrass,FodderGrassAEZ13,FodderGrassAEZ13,2005,NH3_AWB,2.62543046865499e-10
Pakistan,FodderGrass,FodderGrassAEZ14,FodderGrassAEZ14,2005,NH3_AWB,2.5111470247253e-09
Pakistan,FodderHerb,FodderHerbAEZ01,FodderHerbAEZ01,2005,NH3_AWB,0
Pakistan,FodderHerb,FodderHerbAEZ07,FodderHerbAEZ07,2005,NH3_AWB,0
Pakistan,FodderHerb,FodderHerbAEZ08,FodderHerbAEZ08,2005,NH3_AWB,0
Pakistan,FodderHerb,FodderHerbAEZ09,FodderHerbAEZ09,2005,NH3_AWB,0
Pakistan,FodderHerb,FodderHerbAEZ10,FodderHerbAEZ10,2005,NH3_AWB,0
Pakistan,FodderHerb,FodderHerbAEZ11,FodderHerbAEZ11,2005,NH3_AWB,0
Pakistan,FodderHerb,FodderHerbAEZ12,FodderHerbAEZ12,2005,NH3_AWB,0
Pakistan,FodderHerb,FodderHerbAEZ13,FodderHerbAEZ13,2005,NH3_AWB,0
Pakistan,FodderHerb,FodderHerbAEZ14,FodderHerbAEZ14,2005,NH3_AWB,0
Pakistan,MiscCrop,MiscCropAEZ01,MiscCropAEZ01,2005,NH3_AWB,7.22309406394548e-05
Pakistan,MiscCrop,MiscCropAEZ07,MiscCropAEZ07,2005,NH3_AWB,0.000314680192376665
Pakistan,MiscCrop,MiscCropAEZ08,MiscCropAEZ08,2005,NH3_AWB,4.70347095795885e-05
Pakistan,MiscCrop,MiscCropAEZ09,MiscCropAEZ09,2005,NH3_AWB,3.02946305515556e-05
Pakistan,MiscCrop,MiscCropAEZ10,MiscCropAEZ10,2005,NH3_AWB,6.3922410066736e-05
Pakistan,MiscCrop,MiscCropAEZ11,MiscCropAEZ11,2005,NH3_AWB,2.00774158344696e-05
Pakistan,MiscCrop,MiscCropAEZ12,MiscCropAEZ12,2005,NH3_AWB,1.616215672001e-05
Pakistan,MiscCrop,MiscCropAEZ13,MiscCropAEZ13,2005,NH3_AWB,4.72852323192206e-07
Pakistan,MiscCrop,MiscCropAEZ14,MiscCropAEZ14,2005,NH3_AWB,1.13415757291365e-06
Pakistan,OilCrop,OilCropAEZ01,OilCropAEZ01,2005,NH3_AWB,6.12731528559311e-06
Pakistan,OilCrop,OilCropAEZ07,OilCropAEZ07,2005,NH3_AWB,3.11541686090323e-05
Pakistan,OilCrop,OilCropAEZ08,OilCropAEZ08,2005,NH3_AWB,4.78299203918565e-06
Pakistan,OilCrop,OilCropAEZ09,OilCropAEZ09,2005,NH3_AWB,2.86655280628743e-06
Pakistan,OilCrop,OilCropAEZ10,OilCropAEZ10,2005,NH3_AWB,4.81823199480398e-06
Pakistan,OilCrop,OilCropAEZ11,OilCropAEZ11,2005,NH3_AWB,1.20720312854159e-06
Pakistan,OilCrop,OilCropAEZ12,OilCropAEZ12,2005,NH3_AWB,1.34568847471229e-06
Pakistan,OilCrop,OilCropAEZ13,OilCropAEZ13,2005,NH3_AWB,0
Pakistan,OilCrop,OilCropAEZ14,OilCropAEZ14,2005,NH3_AWB,1.97958104199638e-08
Pakistan,OtherGrain,OtherGrainAEZ01,OtherGrainAEZ01,2005,NH3_AWB,2.96527333051794e-06
Pakistan,OtherGrain,OtherGrainAEZ07,OtherGrainAEZ07,2005,NH3_AWB,1.42677086954194e-05
Pakistan,OtherGrain,OtherGrainAEZ08,OtherGrainAEZ08,2005,NH3_AWB,2.0592743166962e-06
Pakistan,OtherGrain,OtherGrainAEZ09,OtherGrainAEZ09,2005,NH3_AWB,1.31811136414062e-06
Pakistan,OtherGrain,OtherGrainAEZ10,OtherGrainAEZ10,2005,NH3_AWB,2.66885254380255e-06
Pakistan,OtherGrain,OtherGrainAEZ11,OtherGrainAEZ11,2005,NH3_AWB,7.11685132819314e-07
Pakistan,OtherGrain,OtherGrainAEZ12,OtherGrainAEZ12,2005,NH3_AWB,6.00299816978528e-07
Pakistan,OtherGrain,OtherGrainAEZ13,OtherGrainAEZ13,2005,NH3_AWB,0
Pakistan,OtherGrain,OtherGrainAEZ14,OtherGrainAEZ14,2005,NH3_AWB,9.14522720733447e-09
Pakistan,PalmFruit,PalmFruitAEZ01,PalmFruitAEZ01,2005,NH3_AWB,0
Pakistan,PalmFruit,PalmFruitAEZ07,PalmFruitAEZ07,2005,NH3_AWB,0
Pakistan,PalmFruit,PalmFruitAEZ08,PalmFruitAEZ08,2005,NH3_AWB,0
Pakistan,PalmFruit,PalmFruitAEZ09,PalmFruitAEZ09,2005,NH3_AWB,0
Pakistan,PalmFruit,PalmFruitAEZ10,PalmFruitAEZ10,2005,NH3_AWB,0
Pakistan,PalmFruit,PalmFruitAEZ11,PalmFruitAEZ11,2005,NH3_AWB,0
Pakistan,PalmFruit,PalmFruitAEZ12,PalmFruitAEZ12,2005,NH3_AWB,0
Pakistan,PalmFruit,PalmFruitAEZ13,PalmFruitAEZ13,2005,NH3_AWB,0
Pakistan,PalmFruit,PalmFruitAEZ14,PalmFruitAEZ14,2005,NH3_AWB,0
Pakistan,Rice,RiceAEZ01,RiceAEZ01,2005,NH3_AWB,7.46995403782406e-05
Pakistan,Rice,RiceAEZ07,RiceAEZ07,2005,NH3_AWB,0.000199692532236581
Pakistan,Rice,RiceAEZ08,RiceAEZ08,2005,NH3_AWB,3.4064748929359e-05
Pakistan,Rice,RiceAEZ09,RiceAEZ09,2005,NH3_AWB,1.29517879649065e-05
Pakistan,Rice,RiceAEZ10,RiceAEZ10,2005,NH3_AWB,3.74126284800984e-05
Pakistan,Rice,RiceAEZ11,RiceAEZ11,2005,NH3_AWB,7.64330553679201e-06
Pakistan,Rice,RiceAEZ12,RiceAEZ12,2005,NH3_AWB,3.3729319511613e-06
Pakistan,Rice,RiceAEZ13,RiceAEZ13,2005,NH3_AWB,6.29845631575516e-08
Pakistan,Rice,RiceAEZ14,RiceAEZ14,2005,NH3_AWB,1.1890798603489e-06
Pakistan,Root_Tuber,Root_TuberAEZ01,Root_TuberAEZ01,2005,NH3_AWB,5.95894835868043e-08
Pakistan,Root_Tuber,Root_TuberAEZ07,Root_TuberAEZ07,2005,NH3_AWB,6.84548448560732e-05
Pakistan,Root_Tuber,Root_TuberAEZ08,Root_TuberAEZ08,2005,NH3_AWB,1.54915550296911e-05
Pakistan,Root_Tuber,Root_TuberAEZ09,Root_TuberAEZ09,2005,NH3_AWB,7.78548007747454e-06
Pakistan,Root_Tuber,Root_TuberAEZ10,Root_TuberAEZ10,2005,NH3_AWB,1.72048952413848e-05
Pakistan,Root_Tuber,Root_TuberAEZ11,Root_TuberAEZ11,2005,NH3_AWB,4.16406464313102e-06
Pakistan,Root_Tuber,Root_TuberAEZ12,Root_TuberAEZ12,2005,NH3_AWB,2.67782023850367e-06
Pakistan,Root_Tuber,Root_TuberAEZ13,Root_TuberAEZ13,2005,NH3_AWB,0
Pakistan,Root_Tuber,Root_TuberAEZ14,Root_TuberAEZ14,2005,NH3_AWB,0
Pakistan,SugarCrop,SugarCropAEZ01,SugarCropAEZ01,2005,NH3_AWB,0.000375262416960404
Pakistan,SugarCrop,SugarCropAEZ07,SugarCropAEZ07,2005,NH3_AWB,0.00127476617975154
Pakistan,SugarCrop,SugarCropAEZ08,SugarCropAEZ08,2005,NH3_AWB,0.000195738895884029
Pakistan,SugarCrop,SugarCropAEZ09,SugarCropAEZ09,2005,NH3_AWB,0.000134434219928433
Pakistan,SugarCrop,SugarCropAEZ10,SugarCropAEZ10,2005,NH3_AWB,0.000254749474675864
Pakistan,SugarCrop,SugarCropAEZ11,SugarCropAEZ11,2005,NH3_AWB,7.15086031931027e-05
Pakistan,SugarCrop,SugarCropAEZ12,SugarCropAEZ12,2005,NH3_AWB,6.27097370935799e-05
Pakistan,SugarCrop,SugarCropAEZ13,SugarCropAEZ13,2005,NH3_AWB,1.79980555257257e-08
Pakistan,SugarCrop,SugarCropAEZ14,SugarCropAEZ14,2005,NH3_AWB,2.46141601418941e-06
Pakistan,Wheat,WheatAEZ01,WheatAEZ01,2005,NH3_AWB,7.27374359715294e-05
Pakistan,Wheat,WheatAEZ07,WheatAEZ07,2005,NH3_AWB,0.000580422465991363
Pakistan,Wheat,WheatAEZ08,WheatAEZ08,2005,NH3_AWB,0.000109098262410275
Pakistan,Wheat,WheatAEZ09,WheatAEZ09,2005,NH3_AWB,5.44862542188579e-05
Pakistan,Wheat,WheatAEZ10,WheatAEZ10,2005,NH3_AWB,0.00012037750499214
Pakistan,Wheat,WheatAEZ11,WheatAEZ11,2005,NH3_AWB,2.88562972306193e-05
Pakistan,Wheat,WheatAEZ12,WheatAEZ12,2005,NH3_AWB,1.5253108977135e-05
Pakistan,Wheat,WheatAEZ13,WheatAEZ13,2005,NH3_AWB,6.91084991362498e-08
Pakistan,Wheat,WheatAEZ14,WheatAEZ14,2005,NH3_AWB,6.05886930343087e-07
Pakistan,Corn,CornAEZ01,CornAEZ01,2005,NMVOC_AWB,1.31723091352004e-07
Pakistan,Corn,CornAEZ07,CornAEZ07,2005,NMVOC_AWB,0.000305234466836147
Pakistan,Corn,CornAEZ08,CornAEZ08,2005,NMVOC_AWB,5.8895387321837e-05
Pakistan,Corn,CornAEZ09,CornAEZ09,2005,NMVOC_AWB,9.67020810380753e-05
Pakistan,Corn,CornAEZ10,CornAEZ10,2005,NMVOC_AWB,0.000127812128777849
Pakistan,Corn,CornAEZ11,CornAEZ11,2005,NMVOC_AWB,4.77868843843655e-05
Pakistan,Corn,CornAEZ12,CornAEZ12,2005,NMVOC_AWB,8.18654679756279e-05
Pakistan,Corn,CornAEZ13,CornAEZ13,2005,NMVOC_AWB,8.18069725238761e-07
Pakistan,Corn,CornAEZ14,CornAEZ14,2005,NMVOC_AWB,1.3365994075445e-05
Pakistan,FiberCrop,FiberCropAEZ01,FiberCropAEZ01,2005,NMVOC_AWB,0.000204743131116646
Pakistan,FiberCrop,FiberCropAEZ07,FiberCropAEZ07,2005,NMVOC_AWB,0.000926059906956725
Pakistan,FiberCrop,FiberCropAEZ08,FiberCropAEZ08,2005,NMVOC_AWB,0.000150755199522371
Pakistan,FiberCrop,FiberCropAEZ09,FiberCropAEZ09,2005,NMVOC_AWB,6.93509047287286e-05
Pakistan,FiberCrop,FiberCropAEZ10,FiberCropAEZ10,2005,NMVOC_AWB,0.000168643819891413
Pakistan,FiberCrop,FiberCropAEZ11,FiberCropAEZ11,2005,NMVOC_AWB,4.00388750137907e-05
Pakistan,FiberCrop,FiberCropAEZ12,FiberCropAEZ12,2005,NMVOC_AWB,6.2989033440936e-06
Pakistan,FiberCrop,FiberCropAEZ13,FiberCropAEZ13,2005,NMVOC_AWB,0
Pakistan,FiberCrop,FiberCropAEZ14,FiberCropAEZ14,2005,NMVOC_AWB,0
Pakistan,FodderGrass,FodderGrassAEZ01,FodderGrassAEZ01,2005,NMVOC_AWB,8.40138064505416e-07
Pakistan,FodderGrass,FodderGrassAEZ07,FodderGrassAEZ07,2005,NMVOC_AWB,1.13518744450187e-06
Pakistan,FodderGrass,FodderGrassAEZ08,FodderGrassAEZ08,2005,NMVOC_AWB,6.40076614178421e-07
Pakistan,FodderGrass,FodderGrassAEZ09,FodderGrassAEZ09,2005,NMVOC_AWB,3.69749434901485e-08
Pakistan,FodderGrass,FodderGrassAEZ10,FodderGrassAEZ10,2005,NMVOC_AWB,1.16112658429929e-06
Pakistan,FodderGrass,FodderGrassAEZ11,FodderGrassAEZ11,2005,NMVOC_AWB,1.2219401973976e-08
Pakistan,FodderGrass,FodderGrassAEZ12,FodderGrassAEZ12,2005,NMVOC_AWB,0
Pakistan,FodderGrass,FodderGrassAEZ13,FodderGrassAEZ13,2005,NMVOC_AWB,1.41698385782805e-09
Pakistan,FodderGrass,FodderGrassAEZ14,FodderGrassAEZ14,2005,NMVOC_AWB,1.35530338401671e-08
Pakistan,FodderHerb,FodderHerbAEZ01,FodderHerbAEZ01,2005,NMVOC_AWB,0
Pakistan,FodderHerb,FodderHerbAEZ07,FodderHerbAEZ07,2005,NMVOC_AWB,0
Pakistan,FodderHerb,FodderHerbAEZ08,FodderHerbAEZ08,2005,NMVOC_AWB,0
Pakistan,FodderHerb,FodderHerbAEZ09,FodderHerbAEZ09,2005,NMVOC_AWB,0
Pakistan,FodderHerb,FodderHerbAEZ10,FodderHerbAEZ10,2005,NMVOC_AWB,0
Pakistan,FodderHerb,FodderHerbAEZ11,FodderHerbAEZ11,2005,NMVOC_AWB,0
Pakistan,FodderHerb,FodderHerbAEZ12,FodderHerbAEZ12,2005,NMVOC_AWB,0
Pakistan,FodderHerb,FodderHerbAEZ13,FodderHerbAEZ13,2005,NMVOC_AWB,0
Pakistan,FodderHerb,FodderHerbAEZ14,FodderHerbAEZ14,2005,NMVOC_AWB,0
Pakistan,MiscCrop,MiscCropAEZ01,MiscCropAEZ01,2005,NMVOC_AWB,0.000389841125650825
Pakistan,MiscCrop,MiscCropAEZ07,MiscCropAEZ07,2005,NMVOC_AWB,0.00169837578370298
Pakistan,MiscCrop,MiscCropAEZ08,MiscCropAEZ08,2005,NMVOC_AWB,0.000253853320541567
Pakistan,MiscCrop,MiscCropAEZ09,MiscCropAEZ09,2005,NMVOC_AWB,0.00016350462517642
Pakistan,MiscCrop,MiscCropAEZ10,MiscCropAEZ10,2005,NMVOC_AWB,0.000344998750869349
Pakistan,MiscCrop,MiscCropAEZ11,MiscCropAEZ11,2005,NMVOC_AWB,0.000108360798291944
Pakistan,MiscCrop,MiscCropAEZ12,MiscCropAEZ12,2005,NMVOC_AWB,8.72295627454713e-05
Pakistan,MiscCrop,MiscCropAEZ13,MiscCropAEZ13,2005,NMVOC_AWB,2.55205429014123e-06
Pakistan,MiscCrop,MiscCropAEZ14,MiscCropAEZ14,2005,NMVOC_AWB,6.12121704322033e-06
Pakistan,OilCrop,OilCropAEZ01,OilCropAEZ01,2005,NMVOC_AWB,3.30700315821217e-05
Pakistan,OilCrop,OilCropAEZ07,OilCropAEZ07,2005,NMVOC_AWB,0.000168143679865449
Pakistan,OilCrop,OilCropAEZ08,OilCropAEZ08,2005,NMVOC_AWB,2.58145191524276e-05
Pakistan,OilCrop,OilCropAEZ09,OilCropAEZ09,2005,NMVOC_AWB,1.54712116836287e-05
Pakistan,OilCrop,OilCropAEZ10,OilCropAEZ10,2005,NMVOC_AWB,2.60047144322415e-05
Pakistan,OilCrop,OilCropAEZ11,OilCropAEZ11,2005,NMVOC_AWB,6.51545476707781e-06
Pakistan,OilCrop,OilCropAEZ12,OilCropAEZ12,2005,NMVOC_AWB,7.26288076983209e-06
Pakistan,OilCrop,OilCropAEZ13,OilCropAEZ13,2005,NMVOC_AWB,0
Pakistan,OilCrop,OilCropAEZ14,OilCropAEZ14,2005,NMVOC_AWB,1.06840932001842e-07
Pakistan,OtherGrain,OtherGrainAEZ01,OtherGrainAEZ01,2005,NMVOC_AWB,1.60040210302903e-05
Pakistan,OtherGrain,OtherGrainAEZ07,OtherGrainAEZ07,2005,NMVOC_AWB,7.70049450974772e-05
Pakistan,OtherGrain,OtherGrainAEZ08,OtherGrainAEZ08,2005,NMVOC_AWB,1.111420965223e-05
Pakistan,OtherGrain,OtherGrainAEZ09,OtherGrainAEZ09,2005,NMVOC_AWB,7.11404300401759e-06
Pakistan,OtherGrain,OtherGrainAEZ10,OtherGrainAEZ10,2005,NMVOC_AWB,1.44041939736798e-05
Pakistan,OtherGrain,OtherGrainAEZ11,OtherGrainAEZ11,2005,NMVOC_AWB,3.8410704724464e-06
Pakistan,OtherGrain,OtherGrainAEZ12,OtherGrainAEZ12,2005,NMVOC_AWB,3.2399073625114e-06
Pakistan,OtherGrain,OtherGrainAEZ13,OtherGrainAEZ13,2005,NMVOC_AWB,0
Pakistan,OtherGrain,OtherGrainAEZ14,OtherGrainAEZ14,2005,NMVOC_AWB,4.9358150915349e-08
Pakistan,PalmFruit,PalmFruitAEZ01,PalmFruitAEZ01,2005,NMVOC_AWB,0
Pakistan,PalmFruit,PalmFruitAEZ07,PalmFruitAEZ07,2005,NMVOC_AWB,0
Pakistan,PalmFruit,PalmFruitAEZ08,PalmFruitAEZ08,2005,NMVOC_AWB,0
Pakistan,PalmFruit,PalmFruitAEZ09,PalmFruitAEZ09,2005,NMVOC_AWB,0
Pakistan,PalmFruit,PalmFruitAEZ10,PalmFruitAEZ10,2005,NMVOC_AWB,0
Pakistan,PalmFruit,PalmFruitAEZ11,PalmFruitAEZ11,2005,NMVOC_AWB,0
Pakistan,PalmFruit,PalmFruitAEZ12,PalmFruitAEZ12,2005,NMVOC_AWB,0
Pakistan,PalmFruit,PalmFruitAEZ13,PalmFruitAEZ13,2005,NMVOC_AWB,0
Pakistan,PalmFruit,PalmFruitAEZ14,PalmFruitAEZ14,2005,NMVOC_AWB,0
Pakistan,Rice,RiceAEZ01,RiceAEZ01,2005,NMVOC_AWB,0.000403164525463009
Pakistan,Rice,RiceAEZ07,RiceAEZ07,2005,NMVOC_AWB,0.00107777028600191
Pakistan,Rice,RiceAEZ08,RiceAEZ08,2005,NMVOC_AWB,0.00018385251458819
Pakistan,Rice,RiceAEZ09,RiceAEZ09,2005,NMVOC_AWB,6.99027252688435e-05
Pakistan,Rice,RiceAEZ10,RiceAEZ10,2005,NMVOC_AWB,0.000201921518273443
Pakistan,Rice,RiceAEZ11,RiceAEZ11,2005,NMVOC_AWB,4.12520563594681e-05
Pakistan,Rice,RiceAEZ12,RiceAEZ12,2005,NMVOC_AWB,1.82042152150253e-05
Pakistan,Rice,RiceAEZ13,RiceAEZ13,2005,NMVOC_AWB,3.39937051664993e-07
Pakistan,Rice,RiceAEZ14,RiceAEZ14,2005,NMVOC_AWB,6.41764079414377e-06
Pakistan,Root_Tuber,Root_TuberAEZ01,Root_TuberAEZ01,2005,NMVOC_AWB,3.21613302454239e-07
Pakistan,Root_Tuber,Root_TuberAEZ07,Root_TuberAEZ07,2005,NMVOC_AWB,0.000369460975292452
Pakistan,Root_Tuber,Root_TuberAEZ08,Root_TuberAEZ08,2005,NMVOC_AWB,8.36102257203287e-05
Pakistan,Root_Tuber,Root_TuberAEZ09,Root_TuberAEZ09,2005,NMVOC_AWB,4.20193934934981e-05
Pakistan,Root_Tuber,Root_TuberAEZ10,Root_TuberAEZ10,2005,NMVOC_AWB,9.28573775757023e-05
Pakistan,Root_Tuber,Root_TuberAEZ11,Root_TuberAEZ11,2005,NMVOC_AWB,2.24740759761654e-05
Pakistan,Root_Tuber,Root_TuberAEZ12,Root_TuberAEZ12,2005,NMVOC_AWB,1.44525939552642e-05
Pakistan,Root_Tuber,Root_TuberAEZ13,Root_TuberAEZ13,2005,NMVOC_AWB,0
Pakistan,Root_Tuber,Root_TuberAEZ14,Root_TuberAEZ14,2005,NMVOC_AWB,0
Pakistan,SugarCrop,SugarCropAEZ01,SugarCropAEZ01,2005,NMVOC_AWB,0.0020253470569146
Pakistan,SugarCrop,SugarCropAEZ07,SugarCropAEZ07,2005,NMVOC_AWB,0.00688010259947371
Pakistan,SugarCrop,SugarCropAEZ08,SugarCropAEZ08,2005,NMVOC_AWB,0.00105643192279568
Pakistan,SugarCrop,SugarCropAEZ09,SugarCropAEZ09,2005,NMVOC_AWB,0.000725561472118832
Pakistan,SugarCrop,SugarCropAEZ10,SugarCropAEZ10,2005,NMVOC_AWB,0.00137492079000212
Pakistan,SugarCrop,SugarCropAEZ11,SugarCropAEZ11,2005,NMVOC_AWB,0.000385942563058497
Pakistan,SugarCrop,SugarCropAEZ12,SugarCropAEZ12,2005,NMVOC_AWB,0.000338453774537651
Pakistan,SugarCrop,SugarCropAEZ13,SugarCropAEZ13,2005,NMVOC_AWB,9.71381815543241e-08
Pakistan,SugarCrop,SugarCropAEZ14,SugarCropAEZ14,2005,NMVOC_AWB,1.32846281824886e-05
Pakistan,Wheat,WheatAEZ01,WheatAEZ01,2005,NMVOC_AWB,0.000392574756261819
Pakistan,Wheat,WheatAEZ07,WheatAEZ07,2005,NMVOC_AWB,0.00313262634394524
Pakistan,Wheat,WheatAEZ08,WheatAEZ08,2005,NMVOC_AWB,0.000588819542540183
Pakistan,Wheat,WheatAEZ09,WheatAEZ09,2005,NMVOC_AWB,0.00029407041482683
Pakistan,Wheat,WheatAEZ10,WheatAEZ10,2005,NMVOC_AWB,0.000649695291709105
Pakistan,Wheat,WheatAEZ11,WheatAEZ11,2005,NMVOC_AWB,0.000155741726397436
Pakistan,Wheat,WheatAEZ12,WheatAEZ12,2005,NMVOC_AWB,8.23232969234372e-05
Pakistan,Wheat,WheatAEZ13,WheatAEZ13,2005,NMVOC_AWB,3.72988844625381e-07
Pakistan,Wheat,WheatAEZ14,WheatAEZ14,2005,NMVOC_AWB,3.27006184401055e-06
Pakistan,Corn,CornAEZ01,CornAEZ01,2005,NOx_AWB,7.15778307724098e-08
Pakistan,Corn,CornAEZ07,CornAEZ07,2005,NOx_AWB,0.000165863257450586
Pakistan,Corn,CornAEZ08,CornAEZ08,2005,NOx_AWB,3.20035312239416e-05
Pakistan,Corn,CornAEZ09,CornAEZ09,2005,NOx_AWB,5.25475459225767e-05
Pakistan,Corn,CornAEZ10,CornAEZ10,2005,NOx_AWB,6.94526284679632e-05
Pakistan,Corn,CornAEZ11,CornAEZ11,2005,NOx_AWB,2.59672126465986e-05
Pakistan,Corn,CornAEZ12,CornAEZ12,2005,NOx_AWB,4.44853863716619e-05
Pakistan,Corn,CornAEZ13,CornAEZ13,2005,NOx_AWB,4.44536001639176e-07
Pakistan,Corn,CornAEZ14,CornAEZ14,2005,NOx_AWB,7.26303074288331e-06
Pakistan,FiberCrop,FiberCropAEZ01,FiberCropAEZ01,2005,NOx_AWB,0.000111256644833196
Pakistan,FiberCrop,FiberCropAEZ07,FiberCropAEZ07,2005,NOx_AWB,0.000503217458874598
Pakistan,FiberCrop,FiberCropAEZ08,FiberCropAEZ08,2005,NOx_AWB,8.1919806532911e-05
Pakistan,FiberCrop,FiberCropAEZ09,FiberCropAEZ09,2005,NOx_AWB,3.76850199280639e-05
Pakistan,FiberCrop,FiberCropAEZ10,FiberCropAEZ10,2005,NOx_AWB,9.16404153372208e-05
Pakistan,FiberCrop,FiberCropAEZ11,FiberCropAEZ11,2005,NOx_AWB,2.17569735923994e-05
Pakistan,FiberCrop,FiberCropAEZ12,FiberCropAEZ12,2005,NOx_AWB,3.42280030773388e-06
Pakistan,FiberCrop,FiberCropAEZ13,FiberCropAEZ13,2005,NOx_AWB,0
Pakistan,FiberCrop,FiberCropAEZ14,FiberCropAEZ14,2005,NOx_AWB,0
Pakistan,FodderGrass,FodderGrassAEZ01,FodderGrassAEZ01,2005,NOx_AWB,4.56527853919924e-07
Pakistan,FodderGrass,FodderGrassAEZ07,FodderGrassAEZ07,2005,NOx_AWB,6.16856573616112e-07
Pakistan,FodderGrass,FodderGrassAEZ08,FodderGrassAEZ08,2005,NOx_AWB,3.47815216761104e-07
Pakistan,FodderGrass,FodderGrassAEZ09,FodderGrassAEZ09,2005,NOx_AWB,2.00920447644581e-08
Pakistan,FodderGrass,FodderGrassAEZ10,FodderGrassAEZ10,2005,NOx_AWB,6.30951804298481e-07
Pakistan,FodderGrass,FodderGrassAEZ11,FodderGrassAEZ11,2005,NOx_AWB,6.63997692170772e-09
Pakistan,FodderGrass,FodderGrassAEZ12,FodderGrassAEZ12,2005,NOx_AWB,0
Pakistan,FodderGrass,FodderGrassAEZ13,FodderGrassAEZ13,2005,NOx_AWB,7.69983681234865e-10
Pakistan,FodderGrass,FodderGrassAEZ14,FodderGrassAEZ14,2005,NOx_AWB,7.36466744522288e-09
Pakistan,FodderHerb,FodderHerbAEZ01,FodderHerbAEZ01,2005,NOx_AWB,0
Pakistan,FodderHerb,FodderHerbAEZ07,FodderHerbAEZ07,2005,NOx_AWB,0
Pakistan,FodderHerb,FodderHerbAEZ08,FodderHerbAEZ08,2005,NOx_AWB,0
Pakistan,FodderHerb,FodderHerbAEZ09,FodderHerbAEZ09,2005,NOx_AWB,0
Pakistan,FodderHerb,FodderHerbAEZ10,FodderHerbAEZ10,2005,NOx_AWB,0
Pakistan,FodderHerb,FodderHerbAEZ11,FodderHerbAEZ11,2005,NOx_AWB,0
Pakistan,FodderHerb,FodderHerbAEZ12,FodderHerbAEZ12,2005,NOx_AWB,0
Pakistan,FodderHerb,FodderHerbAEZ13,FodderHerbAEZ13,2005,NOx_AWB,0
Pakistan,FodderHerb,FodderHerbAEZ14,FodderHerbAEZ14,2005,NOx_AWB,0
Pakistan,MiscCrop,MiscCropAEZ01,MiscCropAEZ01,2005,NOx_AWB,0.000211838196580071
Pakistan,MiscCrop,MiscCropAEZ07,MiscCropAEZ07,2005,NOx_AWB,0.000922890991898978
Pakistan,MiscCrop,MiscCropAEZ08,MiscCropAEZ08,2005,NOx_AWB,0.000137942936445229
Pakistan,MiscCrop,MiscCropAEZ09,MiscCropAEZ09,2005,NOx_AWB,8.88477963222813e-05
Pakistan,MiscCrop,MiscCropAEZ10,MiscCropAEZ10,2005,NOx_AWB,0.000187471019340325
Pakistan,MiscCrop,MiscCropAEZ11,MiscCropAEZ11,2005,NOx_AWB,5.88828488831695e-05
Pakistan,MiscCrop,MiscCropAEZ12,MiscCropAEZ12,2005,NOx_AWB,4.74002152277278e-05
Pakistan,MiscCrop,MiscCropAEZ13,MiscCropAEZ13,2005,NOx_AWB,1.3867766708692e-06
Pakistan,MiscCrop,MiscCropAEZ14,MiscCropAEZ14,2005,NOx_AWB,3.32624624235369e-06
Pakistan,OilCrop,OilCropAEZ01,OilCropAEZ01,2005,NOx_AWB,1.79701303691529e-05
Pakistan,OilCrop,OilCropAEZ07,OilCropAEZ07,2005,NOx_AWB,9.13686411344329e-05
Pakistan,OilCrop,OilCropAEZ08,OilCropAEZ08,2005,NOx_AWB,1.40275122941494e-05
Pakistan,OilCrop,OilCropAEZ09,OilCropAEZ09,2005,NOx_AWB,8.40699804695295e-06
Pakistan,OilCrop,OilCropAEZ10,OilCropAEZ10,2005,NOx_AWB,1.41308636914822e-05
Pakistan,OilCrop,OilCropAEZ11,OilCropAEZ11,2005,NOx_AWB,3.54047353380832e-06
Pakistan,OilCrop,OilCropAEZ12,OilCropAEZ12,2005,NOx_AWB,3.94662200322952e-06
Pakistan,OilCrop,OilCropAEZ13,OilCropAEZ13,2005,NOx_AWB,0
Pakistan,OilCrop,OilCropAEZ14,OilCropAEZ14,2005,NOx_AWB,5.80569592764724e-08
Pakistan,OtherGrain,OtherGrainAEZ01,OtherGrainAEZ01,2005,NOx_AWB,8.69652463532756e-06
Pakistan,OtherGrain,OtherGrainAEZ07,OtherGrainAEZ07,2005,NOx_AWB,4.18441965812706e-05
Pakistan,OtherGrain,OtherGrainAEZ08,OtherGrainAEZ08,2005,NOx_AWB,6.03941958460799e-06
Pakistan,OtherGrain,OtherGrainAEZ09,OtherGrainAEZ09,2005,NOx_AWB,3.86574412293786e-06
Pakistan,OtherGrain,OtherGrainAEZ10,OtherGrainAEZ10,2005,NOx_AWB,7.82718464984863e-06
Pakistan,OtherGrain,OtherGrainAEZ11,OtherGrainAEZ11,2005,NOx_AWB,2.08722320012182e-06
Pakistan,OtherGrain,OtherGrainAEZ12,OtherGrainAEZ12,2005,NOx_AWB,1.76055343472318e-06
Pakistan,OtherGrain,OtherGrainAEZ13,OtherGrainAEZ13,2005,NOx_AWB,0
Pakistan,OtherGrain,OtherGrainAEZ14,OtherGrainAEZ14,2005,NOx_AWB,2.68210329502274e-08
Pakistan,PalmFruit,PalmFruitAEZ01,PalmFruitAEZ01,2005,NOx_AWB,0
Pakistan,PalmFruit,PalmFruitAEZ07,PalmFruitAEZ07,2005,NOx_AWB,0
Pakistan,PalmFruit,PalmFruitAEZ08,PalmFruitAEZ08,2005,NOx_AWB,0
Pakistan,PalmFruit,PalmFruitAEZ09,PalmFruitAEZ09,2005,NOx_AWB,0
Pakistan,PalmFruit,PalmFruitAEZ10,PalmFruitAEZ10,2005,NOx_AWB,0
Pakistan,PalmFruit,PalmFruitAEZ11,PalmFruitAEZ11,2005,NOx_AWB,0
Pakistan,PalmFruit,PalmFruitAEZ12,PalmFruitAEZ12,2005,NOx_AWB,0
Pakistan,PalmFruit,PalmFruitAEZ13,PalmFruitAEZ13,2005,NOx_AWB,0
Pakistan,PalmFruit,PalmFruitAEZ14,PalmFruitAEZ14,2005,NOx_AWB,0
Pakistan,Rice,RiceAEZ01,RiceAEZ01,2005,NOx_AWB,0.000219078081761032
Pakistan,Rice,RiceAEZ07,RiceAEZ07,2005,NOx_AWB,0.000585656306355756
Pakistan,Rice,RiceAEZ08,RiceAEZ08,2005,NOx_AWB,9.99047626441486e-05
Pakistan,Rice,RiceAEZ09,RiceAEZ09,2005,NOx_AWB,3.79848771272206e-05
Pakistan,Rice,RiceAEZ10,RiceAEZ10,2005,NOx_AWB,0.000109723391061796
Pakistan,Rice,RiceAEZ11,RiceAEZ11,2005,NOx_AWB,2.24162117575978e-05
Pakistan,Rice,RiceAEZ12,RiceAEZ12,2005,NOx_AWB,9.89210185269301e-06
Pakistan,Rice,RiceAEZ13,RiceAEZ13,2005,NOx_AWB,1.8472051109343e-07
Pakistan,Rice,RiceAEZ14,RiceAEZ14,2005,NOx_AWB,3.4873217900253e-06
Pakistan,Root_Tuber,Root_TuberAEZ01,Root_TuberAEZ01,2005,NOx_AWB,1.7476345491853e-07
Pakistan,Root_Tuber,Root_TuberAEZ07,Root_TuberAEZ07,2005,NOx_AWB,0.000200763699781559
Pakistan,Root_Tuber,Root_TuberAEZ08,Root_TuberAEZ08,2005,NOx_AWB,4.54334811461409e-05
Pakistan,Root_Tuber,Root_TuberAEZ09,Root_TuberAEZ09,2005,NOx_AWB,2.28331798606178e-05
Pakistan,Root_Tuber,Root_TuberAEZ10,Root_TuberAEZ10,2005,NOx_AWB,5.04583485694382e-05
Pakistan,Root_Tuber,Root_TuberAEZ11,Root_TuberAEZ11,2005,NOx_AWB,1.22123280776144e-05
Pakistan,Root_Tuber,Root_TuberAEZ12,Root_TuberAEZ12,2005,NOx_AWB,7.85348501720017e-06
Pakistan,Root_Tuber,Root_TuberAEZ13,Root_TuberAEZ13,2005,NOx_AWB,0
Pakistan,Root_Tuber,Root_TuberAEZ14,Root_TuberAEZ14,2005,NOx_AWB,0
Pakistan,SugarCrop,SugarCropAEZ01,SugarCropAEZ01,2005,NOx_AWB,0.00110056594790831
Pakistan,SugarCrop,SugarCropAEZ07,SugarCropAEZ07,2005,NOx_AWB,0.00373862178990269
Pakistan,SugarCrop,SugarCropAEZ08,SugarCropAEZ08,2005,NOx_AWB,0.000574061120311614
Pakistan,SugarCrop,SugarCropAEZ09,SugarCropAEZ09,2005,NOx_AWB,0.000394267365981554
Pakistan,SugarCrop,SugarCropAEZ10,SugarCropAEZ10,2005,NOx_AWB,0.00074712676890681
Pakistan,SugarCrop,SugarCropAEZ11,SugarCropAEZ11,2005,NOx_AWB,0.000209719732378957
Pakistan,SugarCrop,SugarCropAEZ12,SugarCropAEZ12,2005,NOx_AWB,0.000183914503899705
Pakistan,SugarCrop,SugarCropAEZ13,SugarCropAEZ13,2005,NOx_AWB,5.2784521297444e-08
Pakistan,SugarCrop,SugarCropAEZ14,SugarCropAEZ14,2005,NOx_AWB,7.21881682369194e-06
Pakistan,Wheat,WheatAEZ01,WheatAEZ01,2005,NOx_AWB,0.000213323641138498
Pakistan,Wheat,WheatAEZ07,WheatAEZ07,2005,NOx_AWB,0.00170225733406836
Pakistan,Wheat,WheatAEZ08,WheatAEZ08,2005,NOx_AWB,0.000319962317455797
Pakistan,Wheat,WheatAEZ09,WheatAEZ09,2005,NOx_AWB,0.000159796753717221
Pakistan,Wheat,WheatAEZ10,WheatAEZ10,2005,NOx_AWB,0.000353041969834382
Pakistan,Wheat,WheatAEZ11,WheatAEZ11,2005,NOx_AWB,8.46294664197388e-05
Pakistan,Wheat,WheatAEZ12,WheatAEZ12,2005,NOx_AWB,4.47341688942451e-05
Pakistan,Wheat,WheatAEZ13,WheatAEZ13,2005,NOx_AWB,2.02680730664358e-07
Pakistan,Wheat,WheatAEZ14,WheatAEZ14,2005,NOx_AWB,1.77693926617932e-06
Pakistan,Corn,CornAEZ01,CornAEZ01,2005,SO2_AWB,1.222787942362e-08
Pakistan,Corn,CornAEZ07,CornAEZ07,2005,SO2_AWB,2.83349731478084e-05
Pakistan,Corn,CornAEZ08,CornAEZ08,2005,SO2_AWB,5.46726991742336e-06
Pakistan,Corn,CornAEZ09,CornAEZ09,2005,SO2_AWB,8.97687242844019e-06
Pakistan,Corn,CornAEZ10,CornAEZ10,2005,SO2_AWB,1.18648240299437e-05
Pakistan,Corn,CornAEZ11,CornAEZ11,2005,SO2_AWB,4.43606549379393e-06
Pakistan,Corn,CornAEZ12,CornAEZ12,2005,SO2_AWB,7.59958683849225e-06
Pakistan,Corn,CornAEZ13,CornAEZ13,2005,SO2_AWB,7.59415669466925e-08
Pakistan,Corn,CornAEZ14,CornAEZ14,2005,SO2_AWB,1.24076775190923e-06
Pakistan,FiberCrop,FiberCropAEZ01,FiberCropAEZ01,2005,SO2_AWB,1.90063434923377e-05
Pakistan,FiberCrop,FiberCropAEZ07,FiberCropAEZ07,2005,SO2_AWB,8.59663158910771e-05
Pakistan,FiberCrop,FiberCropAEZ08,FiberCropAEZ08,2005,SO2_AWB,1.3994633616039e-05
Pakistan,FiberCrop,FiberCropAEZ09,FiberCropAEZ09,2005,SO2_AWB,6.43785757104424e-06
Pakistan,FiberCrop,FiberCropAEZ10,FiberCropAEZ10,2005,SO2_AWB,1.56552376201086e-05
Pakistan,FiberCrop,FiberCropAEZ11,FiberCropAEZ11,2005,SO2_AWB,3.71681632203491e-06
Pakistan,FiberCrop,FiberCropAEZ12,FiberCropAEZ12,2005,SO2_AWB,5.84728385904538e-07
Pakistan,FiberCrop,FiberCropAEZ13,FiberCropAEZ13,2005,SO2_AWB,0
Pakistan,FiberCrop,FiberCropAEZ14,FiberCropAEZ14,2005,SO2_AWB,0
Pakistan,FodderGrass,FodderGrassAEZ01,FodderGrassAEZ01,2005,SO2_AWB,7.79901750446537e-08
Pakistan,FodderGrass,FodderGrassAEZ07,FodderGrassAEZ07,2005,SO2_AWB,1.05379664659419e-07
Pakistan,FodderGrass,FodderGrassAEZ08,FodderGrassAEZ08,2005,SO2_AWB,5.94184328633553e-08
Pakistan,FodderGrass,FodderGrassAEZ09,FodderGrassAEZ09,2005,SO2_AWB,3.43239098059492e-09
Pakistan,FodderGrass,FodderGrassAEZ10,FodderGrassAEZ10,2005,SO2_AWB,1.0778759990099e-07
Pakistan,FodderGrass,FodderGrassAEZ11,FodderGrassAEZ11,2005,SO2_AWB,1.13432939079173e-09
Pakistan,FodderGrass,FodderGrassAEZ12,FodderGrassAEZ12,2005,SO2_AWB,0
Pakistan,FodderGrass,FodderGrassAEZ13,FodderGrassAEZ13,2005,SO2_AWB,1.31538878877623e-10
Pakistan,FodderGrass,FodderGrassAEZ14,FodderGrassAEZ14,2005,SO2_AWB,1.25813068855891e-09
Pakistan,FodderHerb,FodderHerbAEZ01,FodderHerbAEZ01,2005,SO2_AWB,0
Pakistan,FodderHerb,FodderHerbAEZ07,FodderHerbAEZ07,2005,SO2_AWB,0
Pakistan,FodderHerb,FodderHerbAEZ08,FodderHerbAEZ08,2005,SO2_AWB,0
Pakistan,FodderHerb,FodderHerbAEZ09,FodderHerbAEZ09,2005,SO2_AWB,0
Pakistan,FodderHerb,FodderHerbAEZ10,FodderHerbAEZ10,2005,SO2_AWB,0
Pakistan,FodderHerb,FodderHerbAEZ11,FodderHerbAEZ11,2005,SO2_AWB,0
Pakistan,FodderHerb,FodderHerbAEZ12,FodderHerbAEZ12,2005,SO2_AWB,0
Pakistan,FodderHerb,FodderHerbAEZ13,FodderHerbAEZ13,2005,SO2_AWB,0
Pakistan,FodderHerb,FodderHerbAEZ14,FodderHerbAEZ14,2005,SO2_AWB,0
Pakistan,MiscCrop,MiscCropAEZ01,MiscCropAEZ01,2005,SO2_AWB,3.61890252490955e-05
Pakistan,MiscCrop,MiscCropAEZ07,MiscCropAEZ07,2005,SO2_AWB,0.000157660544449409
Pakistan,MiscCrop,MiscCropAEZ08,MiscCropAEZ08,2005,SO2_AWB,2.35652516427266e-05
Pakistan,MiscCrop,MiscCropAEZ09,MiscCropAEZ09,2005,SO2_AWB,1.51781652050564e-05
Pakistan,MiscCrop,MiscCropAEZ10,MiscCropAEZ10,2005,SO2_AWB,3.20262991373056e-05
Pakistan,MiscCrop,MiscCropAEZ11,MiscCropAEZ11,2005,SO2_AWB,1.00591533508748e-05
Pakistan,MiscCrop,MiscCropAEZ12,MiscCropAEZ12,2005,SO2_AWB,8.09753676807017e-06
Pakistan,MiscCrop,MiscCropAEZ13,MiscCropAEZ13,2005,SO2_AWB,2.36907681273488e-07
Pakistan,MiscCrop,MiscCropAEZ14,MiscCropAEZ14,2005,SO2_AWB,5.68233733068755e-07
Pakistan,OilCrop,OilCropAEZ01,OilCropAEZ01,2005,SO2_AWB,3.06989727139696e-06
Pakistan,OilCrop,OilCropAEZ07,OilCropAEZ07,2005,SO2_AWB,1.56088095271323e-05
Pakistan,OilCrop,OilCropAEZ08,OilCropAEZ08,2005,SO2_AWB,2.39636668358385e-06
Pakistan,OilCrop,OilCropAEZ09,OilCropAEZ09,2005,SO2_AWB,1.4361954996878e-06
Pakistan,OilCrop,OilCropAEZ10,OilCropAEZ10,2005,SO2_AWB,2.41402254729487e-06
Pakistan,OilCrop,OilCropAEZ11,OilCropAEZ11,2005,SO2_AWB,6.04830895358921e-07
Pakistan,OilCrop,OilCropAEZ12,OilCropAEZ12,2005,SO2_AWB,6.74214592218376e-07
Pakistan,OilCrop,OilCropAEZ13,OilCropAEZ13,2005,SO2_AWB,0
Pakistan,OilCrop,OilCropAEZ14,OilCropAEZ14,2005,SO2_AWB,9.91806387639736e-09
Pakistan,OtherGrain,OtherGrainAEZ01,OtherGrainAEZ01,2005,SO2_AWB,1.48565629186846e-06
Pakistan,OtherGrain,OtherGrainAEZ07,OtherGrainAEZ07,2005,SO2_AWB,7.14838358263373e-06
Pakistan,OtherGrain,OtherGrainAEZ08,OtherGrainAEZ08,2005,SO2_AWB,1.0317341790372e-06
Pakistan,OtherGrain,OtherGrainAEZ09,OtherGrainAEZ09,2005,SO2_AWB,6.60397954335218e-07
Pakistan,OtherGrain,OtherGrainAEZ10,OtherGrainAEZ10,2005,SO2_AWB,1.33714404434914e-06
Pakistan,OtherGrain,OtherGrainAEZ11,OtherGrainAEZ11,2005,SO2_AWB,3.56567296687477e-07
Pakistan,OtherGrain,OtherGrainAEZ12,OtherGrainAEZ12,2005,SO2_AWB,3.00761211765209e-07
Pakistan,OtherGrain,OtherGrainAEZ13,OtherGrainAEZ13,2005,SO2_AWB,0
Pakistan,OtherGrain,OtherGrainAEZ14,OtherGrainAEZ14,2005,SO2_AWB,4.58192646233051e-09
Pakistan,PalmFruit,PalmFruitAEZ01,PalmFruitAEZ01,2005,SO2_AWB,0
Pakistan,PalmFruit,PalmFruitAEZ07,PalmFruitAEZ07,2005,SO2_AWB,0
Pakistan,PalmFruit,PalmFruitAEZ08,PalmFruitAEZ08,2005,SO2_AWB,0
Pakistan,PalmFruit,PalmFruitAEZ09,PalmFruitAEZ09,2005,SO2_AWB,0
Pakistan,PalmFruit,PalmFruitAEZ10,PalmFruitAEZ10,2005,SO2_AWB,0
Pakistan,PalmFruit,PalmFruitAEZ11,PalmFruitAEZ11,2005,SO2_AWB,0
Pakistan,PalmFruit,PalmFruitAEZ12,PalmFruitAEZ12,2005,SO2_AWB,0
Pakistan,PalmFruit,PalmFruitAEZ13,PalmFruitAEZ13,2005,SO2_AWB,0
Pakistan,PalmFruit,PalmFruitAEZ14,PalmFruitAEZ14,2005,SO2_AWB,0
Pakistan,Rice,RiceAEZ01,RiceAEZ01,2005,SO2_AWB,3.74258389675096e-05
Pakistan,Rice,RiceAEZ07,RiceAEZ07,2005,SO2_AWB,0.000100049619002442
Pakistan,Rice,RiceAEZ08,RiceAEZ08,2005,SO2_AWB,1.70670636183754e-05
Pakistan,Rice,RiceAEZ09,RiceAEZ09,2005,SO2_AWB,6.48908317590019e-06
Pakistan,Rice,RiceAEZ10,RiceAEZ10,2005,SO2_AWB,1.87444126397234e-05
Pakistan,Rice,RiceAEZ11,RiceAEZ11,2005,SO2_AWB,3.82943617525628e-06
Pakistan,Rice,RiceAEZ12,RiceAEZ12,2005,SO2_AWB,1.68990073316839e-06
Pakistan,Rice,RiceAEZ13,RiceAEZ13,2005,SO2_AWB,3.15564206451277e-08
Pakistan,Rice,RiceAEZ14,RiceAEZ14,2005,SO2_AWB,5.95750805795988e-07
Pakistan,Root_Tuber,Root_TuberAEZ01,Root_TuberAEZ01,2005,SO2_AWB,2.98554235485822e-08
Pakistan,Root_Tuber,Root_TuberAEZ07,Root_TuberAEZ07,2005,SO2_AWB,3.42971320460163e-05
Pakistan,Root_Tuber,Root_TuberAEZ08,Root_TuberAEZ08,2005,SO2_AWB,7.7615530291324e-06
Pakistan,Root_Tuber,Root_TuberAEZ09,Root_TuberAEZ09,2005,SO2_AWB,3.90066822618888e-06
Pakistan,Root_Tuber,Root_TuberAEZ10,Root_TuberAEZ10,2005,SO2_AWB,8.61996788061236e-06
Pakistan,Root_Tuber,Root_TuberAEZ11,Root_TuberAEZ11,2005,SO2_AWB,2.08627271325912e-06
Pakistan,Root_Tuber,Root_TuberAEZ12,Root_TuberAEZ12,2005,SO2_AWB,1.3416370237717e-06
Pakistan,Root_Tuber,Root_TuberAEZ13,Root_TuberAEZ13,2005,SO2_AWB,0
Pakistan,Root_Tuber,Root_TuberAEZ14,Root_TuberAEZ14,2005,SO2_AWB,0
Pakistan,SugarCrop,SugarCropAEZ01,SugarCropAEZ01,2005,SO2_AWB,0.000188013349434337
Pakistan,SugarCrop,SugarCropAEZ07,SugarCropAEZ07,2005,SO2_AWB,0.00063868122244171
Pakistan,SugarCrop,SugarCropAEZ08,SugarCropAEZ08,2005,SO2_AWB,9.80687747199007e-05
Pakistan,SugarCrop,SugarCropAEZ09,SugarCropAEZ09,2005,SO2_AWB,6.73540083551821e-05
Pakistan,SugarCrop,SugarCropAEZ10,SugarCropAEZ10,2005,SO2_AWB,0.000127634156354913
Pakistan,SugarCrop,SugarCropAEZ11,SugarCropAEZ11,2005,SO2_AWB,3.58271209480718e-05
Pakistan,SugarCrop,SugarCropAEZ12,SugarCropAEZ12,2005,SO2_AWB,3.14187277495329e-05
Pakistan,SugarCrop,SugarCropAEZ13,SugarCropAEZ13,2005,SO2_AWB,9.01735572164669e-09
Pakistan,SugarCrop,SugarCropAEZ14,SugarCropAEZ14,2005,SO2_AWB,1.23321454071404e-06
Pakistan,Wheat,WheatAEZ01,WheatAEZ01,2005,SO2_AWB,3.64427886944934e-05
Pakistan,Wheat,WheatAEZ07,WheatAEZ07,2005,SO2_AWB,0.000290802294570011
Pakistan,Wheat,WheatAEZ08,WheatAEZ08,2005,SO2_AWB,5.4660229232032e-05
Pakistan,Wheat,WheatAEZ09,WheatAEZ09,2005,SO2_AWB,2.72986120933585e-05
Pakistan,Wheat,WheatAEZ10,WheatAEZ10,2005,SO2_AWB,6.03113365133735e-05
Pakistan,Wheat,WheatAEZ11,WheatAEZ11,2005,SO2_AWB,1.44575338467054e-05
Pakistan,Wheat,WheatAEZ12,WheatAEZ12,2005,SO2_AWB,7.6420871861002e-06
Pakistan,Wheat,WheatAEZ13,WheatAEZ13,2005,SO2_AWB,3.46246248218278e-08
Pakistan,Wheat,WheatAEZ14,WheatAEZ14,2005,SO2_AWB,3.035604579723e-07
Russia,Corn,CornAEZ07,CornAEZ07,2005,CH4_AWB,1.274907318033e-05
Russia,Corn,CornAEZ08,CornAEZ08,2005,CH4_AWB,0.000119422721261938
Russia,Corn,CornAEZ09,CornAEZ09,2005,CH4_AWB,0.000106911354798604
Russia,Corn,CornAEZ10,CornAEZ10,2005,CH4_AWB,9.95842018294099e-05
Russia,Corn,CornAEZ11,CornAEZ11,2005,CH4_AWB,5.63994230664957e-07
Russia,Corn,CornAEZ13,CornAEZ13,2005,CH4_AWB,1.02765654213599e-05
Russia,Corn,CornAEZ14,CornAEZ14,2005,CH4_AWB,2.75244693660212e-05
Russia,Corn,CornAEZ15,CornAEZ15,2005,CH4_AWB,5.33056567234561e-05
Russia,Corn,CornAEZ16,CornAEZ16,2005,CH4_AWB,6.18872569344146e-07
Russia,FiberCrop,FiberCropAEZ07,FiberCropAEZ07,2005,CH4_AWB,5.89375019675226e-06
Russia,FiberCrop,FiberCropAEZ08,FiberCropAEZ08,2005,CH4_AWB,6.75811816117151e-07
Russia,FiberCrop,FiberCropAEZ09,FiberCropAEZ09,2005,CH4_AWB,1.98274681056002e-06
Russia,FiberCrop,FiberCropAEZ10,FiberCropAEZ10,2005,CH4_AWB,3.0740466680019e-06
Russia,FiberCrop,FiberCropAEZ11,FiberCropAEZ11,2005,CH4_AWB,0
Russia,FiberCrop,FiberCropAEZ13,FiberCropAEZ13,2005,CH4_AWB,5.58026521715219e-07
Russia,FiberCrop,FiberCropAEZ14,FiberCropAEZ14,2005,CH4_AWB,6.12516756643051e-07
Russia,FiberCrop,FiberCropAEZ15,FiberCropAEZ15,2005,CH4_AWB,5.55866847769908e-07
Russia,FiberCrop,FiberCropAEZ16,FiberCropAEZ16,2005,CH4_AWB,0
Russia,FodderGrass,FodderGrassAEZ07,FodderGrassAEZ07,2005,CH4_AWB,3.62112525265978e-05
Russia,FodderGrass,FodderGrassAEZ08,FodderGrassAEZ08,2005,CH4_AWB,0.00022975936836131
Russia,FodderGrass,FodderGrassAEZ09,FodderGrassAEZ09,2005,CH4_AWB,0.000273086725364477
Russia,FodderGrass,FodderGrassAEZ10,FodderGrassAEZ10,2005,CH4_AWB,0.000245841386070546
Russia,FodderGrass,FodderGrassAEZ11,FodderGrassAEZ11,2005,CH4_AWB,1.17248787801037e-06
Russia,FodderGrass,FodderGrassAEZ13,FodderGrassAEZ13,2005,CH4_AWB,1.57157771622415e-05
Russia,FodderGrass,FodderGrassAEZ14,FodderGrassAEZ14,2005,CH4_AWB,4.15136076008828e-05
Russia,FodderGrass,FodderGrassAEZ15,FodderGrassAEZ15,2005,CH4_AWB,0.000149465020211158
Russia,FodderGrass,FodderGrassAEZ16,FodderGrassAEZ16,2005,CH4_AWB,8.23106854525313e-07
Russia,FodderHerb,FodderHerbAEZ07,FodderHerbAEZ07,2005,CH4_AWB,0.000131217797193708
Russia,FodderHerb,FodderHerbAEZ08,FodderHerbAEZ08,2005,CH4_AWB,0.00108586402132477
Russia,FodderHerb,FodderHerbAEZ09,FodderHerbAEZ09,2005,CH4_AWB,0.00102198795664412
Russia,FodderHerb,FodderHerbAEZ10,FodderHerbAEZ10,2005,CH4_AWB,0.000713055566181194
Russia,FodderHerb,FodderHerbAEZ11,FodderHerbAEZ11,2005,CH4_AWB,5.75596233943971e-06
Russia,FodderHerb,FodderHerbAEZ13,FodderHerbAEZ13,2005,CH4_AWB,9.66516695490576e-05
Russia,FodderHerb,FodderHerbAEZ14,FodderHerbAEZ14,2005,CH4_AWB,0.000273790309483061
Russia,FodderHerb,FodderHerbAEZ15,FodderHerbAEZ15,2005,CH4_AWB,0.000588972057207818
Russia,FodderHerb,FodderHerbAEZ16,FodderHerbAEZ16,2005,CH4_AWB,3.3108389243077e-06
Russia,MiscCrop,MiscCropAEZ07,MiscCropAEZ07,2005,CH4_AWB,0.000135424335780282
Russia,MiscCrop,MiscCropAEZ08,MiscCropAEZ08,2005,CH4_AWB,0.00043890865536086
Russia,MiscCrop,MiscCropAEZ09,MiscCropAEZ09,2005,CH4_AWB,0.000890952190942449
Russia,MiscCrop,MiscCropAEZ10,MiscCropAEZ10,2005,CH4_AWB,0.00102793273985539
Russia,MiscCrop,MiscCropAEZ11,MiscCropAEZ11,2005,CH4_AWB,2.45345810743973e-05
Russia,MiscCrop,MiscCropAEZ13,MiscCropAEZ13,2005,CH4_AWB,1.15903912729816e-05
Russia,MiscCrop,MiscCropAEZ14,MiscCropAEZ14,2005,CH4_AWB,2.98787404207223e-05
Russia,MiscCrop,MiscCropAEZ15,MiscCropAEZ15,2005,CH4_AWB,9.52379678476e-05
Russia,MiscCrop,MiscCropAEZ16,MiscCropAEZ16,2005,CH4_AWB,1.2272462971719e-06
Russia,OilCrop,OilCropAEZ07,OilCropAEZ07,2005,CH4_AWB,3.07813094266535e-05
Russia,OilCrop,OilCropAEZ08,OilCropAEZ08,2005,CH4_AWB,0.000464799419404907
Russia,OilCrop,OilCropAEZ09,OilCropAEZ09,2005,CH4_AWB,0.000257262689138831
Russia,OilCrop,OilCropAEZ10,OilCropAEZ10,2005,CH4_AWB,0.000108931219608062
Russia,OilCrop,OilCropAEZ11,OilCropAEZ11,2005,CH4_AWB,7.72495160472556e-06
Russia,OilCrop,OilCropAEZ13,OilCropAEZ13,2005,CH4_AWB,1.03931927583729e-05
Russia,OilCrop,OilCropAEZ14,OilCropAEZ14,2005,CH4_AWB,1.57250998922219e-05
Russia,OilCrop,OilCropAEZ15,OilCropAEZ15,2005,CH4_AWB,1.58305576401498e-05
Russia,OilCrop,OilCropAEZ16,OilCropAEZ16,2005,CH4_AWB,1.79118040406886e-07
Russia,OtherGrain,OtherGrainAEZ07,OtherGrainAEZ07,2005,CH4_AWB,9.81570985807332e-05
Russia,OtherGrain,OtherGrainAEZ08,OtherGrainAEZ08,2005,CH4_AWB,0.00095678799918793
Russia,OtherGrain,OtherGrainAEZ09,OtherGrainAEZ09,2005,CH4_AWB,0.00097651020607107
Russia,OtherGrain,OtherGrainAEZ10,OtherGrainAEZ10,2005,CH4_AWB,0.000698331195869553
Russia,OtherGrain,OtherGrainAEZ11,OtherGrainAEZ11,2005,CH4_AWB,3.60449245877878e-06
Russia,OtherGrain,OtherGrainAEZ13,OtherGrainAEZ13,2005,CH4_AWB,0.000115078018403916
Russia,OtherGrain,OtherGrainAEZ14,OtherGrainAEZ14,2005,CH4_AWB,0.000275215248492086
Russia,OtherGrain,OtherGrainAEZ15,OtherGrainAEZ15,2005,CH4_AWB,0.000460632566321567
Russia,OtherGrain,OtherGrainAEZ16,OtherGrainAEZ16,2005,CH4_AWB,3.5626004841095e-06
Russia,PalmFruit,PalmFruitAEZ07,PalmFruitAEZ07,2005,CH4_AWB,0
Russia,PalmFruit,PalmFruitAEZ08,PalmFruitAEZ08,2005,CH4_AWB,0
Russia,PalmFruit,PalmFruitAEZ09,PalmFruitAEZ09,2005,CH4_AWB,0
Russia,PalmFruit,PalmFruitAEZ10,PalmFruitAEZ10,2005,CH4_AWB,0
Russia,PalmFruit,PalmFruitAEZ11,PalmFruitAEZ11,2005,CH4_AWB,0
Russia,PalmFruit,PalmFruitAEZ13,PalmFruitAEZ13,2005,CH4_AWB,0
Russia,PalmFruit,PalmFruitAEZ14,PalmFruitAEZ14,2005,CH4_AWB,0
Russia,PalmFruit,PalmFruitAEZ15,PalmFruitAEZ15,2005,CH4_AWB,0
Russia,PalmFruit,PalmFruitAEZ16,PalmFruitAEZ16,2005,CH4_AWB,0
Russia,Rice,RiceAEZ07,RiceAEZ07,2005,CH4_AWB,1.13341916661484e-05
Russia,Rice,RiceAEZ08,RiceAEZ08,2005,CH4_AWB,1.11992232277841e-05
Russia,Rice,RiceAEZ09,RiceAEZ09,2005,CH4_AWB,1.14453235732928e-05
Russia,Rice,RiceAEZ10,RiceAEZ10,2005,CH4_AWB,1.34965281207848e-05
Russia,Rice,RiceAEZ11,RiceAEZ11,2005,CH4_AWB,5.26929412000047e-07
Russia,Rice,RiceAEZ13,RiceAEZ13,2005,CH4_AWB,0
Russia,Rice,RiceAEZ14,RiceAEZ14,2005,CH4_AWB,0
Russia,Rice,RiceAEZ15,RiceAEZ15,2005,CH4_AWB,2.85970495774992e-05
Russia,Rice,RiceAEZ16,RiceAEZ16,2005,CH4_AWB,2.64885426403858e-07
Russia,Root_Tuber,Root_TuberAEZ07,Root_TuberAEZ07,2005,CH4_AWB,5.18366505026244e-05
Russia,Root_Tuber,Root_TuberAEZ08,Root_TuberAEZ08,2005,CH4_AWB,0.000579172182515435
Russia,Root_Tuber,Root_TuberAEZ09,Root_TuberAEZ09,2005,CH4_AWB,0.00139787847662982
Russia,Root_Tuber,Root_TuberAEZ10,Root_TuberAEZ10,2005,CH4_AWB,0.00168448091227418
Russia,Root_Tuber,Root_TuberAEZ11,Root_TuberAEZ11,2005,CH4_AWB,3.93860451850508e-06
Russia,Root_Tuber,Root_TuberAEZ13,Root_TuberAEZ13,2005,CH4_AWB,6.6332977873049e-05
Russia,Root_Tuber,Root_TuberAEZ14,Root_TuberAEZ14,2005,CH4_AWB,0.000190734401604818
Russia,Root_Tuber,Root_TuberAEZ15,Root_TuberAEZ15,2005,CH4_AWB,0.000957213438576256
Russia,Root_Tuber,Root_TuberAEZ16,Root_TuberAEZ16,2005,CH4_AWB,1.09441502847835e-05
Russia,SugarCrop,SugarCropAEZ07,SugarCropAEZ07,2005,CH4_AWB,1.12433812268232e-05
Russia,SugarCrop,SugarCropAEZ08,SugarCropAEZ08,2005,CH4_AWB,0.000613628320043854
Russia,SugarCrop,SugarCropAEZ09,SugarCropAEZ09,2005,CH4_AWB,0.00152293075959561
Russia,SugarCrop,SugarCropAEZ10,SugarCropAEZ10,2005,CH4_AWB,0.000982633053514586
Russia,SugarCrop,SugarCropAEZ11,SugarCropAEZ11,2005,CH4_AWB,2.49294012676438e-05
Russia,SugarCrop,SugarCropAEZ13,SugarCropAEZ13,2005,CH4_AWB,1.65256815078253e-05
Russia,SugarCrop,SugarCropAEZ14,SugarCropAEZ14,2005,CH4_AWB,3.29992510322748e-05
Russia,SugarCrop,SugarCropAEZ15,SugarCropAEZ15,2005,CH4_AWB,4.76241700278158e-05
Russia,SugarCrop,SugarCropAEZ16,SugarCropAEZ16,2005,CH4_AWB,5.95556060859911e-06
Russia,Wheat,WheatAEZ07,WheatAEZ07,2005,CH4_AWB,0.000225795095297409
Russia,Wheat,WheatAEZ08,WheatAEZ08,2005,CH4_AWB,0.00204141694285842
Russia,Wheat,WheatAEZ09,WheatAEZ09,2005,CH4_AWB,0.0015900879474017
Russia,Wheat,WheatAEZ10,WheatAEZ10,2005,CH4_AWB,0.000947549528003962
Russia,Wheat,WheatAEZ11,WheatAEZ11,2005,CH4_AWB,2.8620473459989e-05
Russia,Wheat,WheatAEZ13,WheatAEZ13,2005,CH4_AWB,0.000120349224575426
Russia,Wheat,WheatAEZ14,WheatAEZ14,2005,CH4_AWB,0.000338225991582766
Russia,Wheat,WheatAEZ15,WheatAEZ15,2005,CH4_AWB,0.000611540292428819
Russia,Wheat,WheatAEZ16,WheatAEZ16,2005,CH4_AWB,4.85058167123297e-06
Russia,Corn,CornAEZ07,CornAEZ07,2005,CO_AWB,0.000558667251722327
Russia,Corn,CornAEZ08,CornAEZ08,2005,CO_AWB,0.00523313048226469
Russia,Corn,CornAEZ09,CornAEZ09,2005,CO_AWB,0.00468487959229837
Russia,Corn,CornAEZ10,CornAEZ10,2005,CO_AWB,0.00436380210263706
Russia,Corn,CornAEZ11,CornAEZ11,2005,CO_AWB,2.4714353928015e-05
Russia,Corn,CornAEZ13,CornAEZ13,2005,CO_AWB,0.000450321406104537
Russia,Corn,CornAEZ14,CornAEZ14,2005,CO_AWB,0.00120612843289306
Russia,Corn,CornAEZ15,CornAEZ15,2005,CO_AWB,0.00233586585642111
Russia,Corn,CornAEZ16,CornAEZ16,2005,CO_AWB,2.7119135061148e-05
Russia,FiberCrop,FiberCropAEZ07,FiberCropAEZ07,2005,CO_AWB,0.00025826545805993
Russia,FiberCrop,FiberCropAEZ08,FiberCropAEZ08,2005,CO_AWB,2.96142256500774e-05
Russia,FiberCrop,FiberCropAEZ09,FiberCropAEZ09,2005,CO_AWB,8.68844107998211e-05
Russia,FiberCrop,FiberCropAEZ10,FiberCropAEZ10,2005,CO_AWB,0.000134705415788848
Russia,FiberCrop,FiberCropAEZ11,FiberCropAEZ11,2005,CO_AWB,0
Russia,FiberCrop,FiberCropAEZ13,FiberCropAEZ13,2005,CO_AWB,2.44528475807792e-05
Russia,FiberCrop,FiberCropAEZ14,FiberCropAEZ14,2005,CO_AWB,2.68406219203135e-05
Russia,FiberCrop,FiberCropAEZ15,FiberCropAEZ15,2005,CO_AWB,2.43582101831758e-05
Russia,FiberCrop,FiberCropAEZ16,FiberCropAEZ16,2005,CO_AWB,0
Russia,FodderGrass,FodderGrassAEZ07,FodderGrassAEZ07,2005,CO_AWB,0.00158678522307564
Russia,FodderGrass,FodderGrassAEZ08,FodderGrassAEZ08,2005,CO_AWB,0.0100681071529113
Russia,FodderGrass,FodderGrassAEZ09,FodderGrassAEZ09,2005,CO_AWB,0.0119667216732748
Russia,FodderGrass,FodderGrassAEZ10,FodderGrassAEZ10,2005,CO_AWB,0.0107728247828666
Russia,FodderGrass,FodderGrassAEZ11,FodderGrassAEZ11,2005,CO_AWB,5.13786822948366e-05
Russia,FodderGrass,FodderGrassAEZ13,FodderGrassAEZ13,2005,CO_AWB,0.00068866888688474
Russia,FodderGrass,FodderGrassAEZ14,FodderGrassAEZ14,2005,CO_AWB,0.00181913561397127
Russia,FodderGrass,FodderGrassAEZ15,FodderGrassAEZ15,2005,CO_AWB,0.00654959077329793
Russia,FodderGrass,FodderGrassAEZ16,FodderGrassAEZ16,2005,CO_AWB,3.60687273331317e-05
Russia,FodderHerb,FodderHerbAEZ07,FodderHerbAEZ07,2005,CO_AWB,0.00574999336017371
Russia,FodderHerb,FodderHerbAEZ08,FodderHerbAEZ08,2005,CO_AWB,0.0475828054288384
Russia,FodderHerb,FodderHerbAEZ09,FodderHerbAEZ09,2005,CO_AWB,0.0447837419203602
Russia,FodderHerb,FodderHerbAEZ10,FodderHerbAEZ10,2005,CO_AWB,0.0312462551472658
Russia,FodderHerb,FodderHerbAEZ11,FodderHerbAEZ11,2005,CO_AWB,0.000252227563188931
Russia,FodderHerb,FodderHerbAEZ13,FodderHerbAEZ13,2005,CO_AWB,0.00423529787911601
Russia,FodderHerb,FodderHerbAEZ14,FodderHerbAEZ14,2005,CO_AWB,0.01199755288746
Russia,FodderHerb,FodderHerbAEZ15,FodderHerbAEZ15,2005,CO_AWB,0.0258088879001179
Russia,FodderHerb,FodderHerbAEZ16,FodderHerbAEZ16,2005,CO_AWB,0.00014508170567191
Russia,MiscCrop,MiscCropAEZ07,MiscCropAEZ07,2005,CO_AWB,0.00593432482632696
Russia,MiscCrop,MiscCropAEZ08,MiscCropAEZ08,2005,CO_AWB,0.0192330759090714
Russia,MiscCrop,MiscCropAEZ09,MiscCropAEZ09,2005,CO_AWB,0.0390417252210736
Russia,MiscCrop,MiscCropAEZ10,MiscCropAEZ10,2005,CO_AWB,0.0450442436565847
Russia,MiscCrop,MiscCropAEZ11,MiscCropAEZ11,2005,CO_AWB,0.0010751108560691
Russia,MiscCrop,MiscCropAEZ13,MiscCropAEZ13,2005,CO_AWB,0.000507893550164364
Russia,MiscCrop,MiscCropAEZ14,MiscCropAEZ14,2005,CO_AWB,0.00130929311955974
Russia,MiscCrop,MiscCropAEZ15,MiscCropAEZ15,2005,CO_AWB,0.00417334915287236
Russia,MiscCrop,MiscCropAEZ16,MiscCropAEZ16,2005,CO_AWB,5.37782085277572e-05
Russia,OilCrop,OilCropAEZ07,OilCropAEZ07,2005,CO_AWB,0.00134884389622414
Russia,OilCrop,OilCropAEZ08,OilCropAEZ08,2005,CO_AWB,0.0203676150076308
Russia,OilCrop,OilCropAEZ09,OilCropAEZ09,2005,CO_AWB,0.0112733088499038
Russia,OilCrop,OilCropAEZ10,OilCropAEZ10,2005,CO_AWB,0.00477339052215103
Russia,OilCrop,OilCropAEZ11,OilCropAEZ11,2005,CO_AWB,0.000338509115263255
Russia,OilCrop,OilCropAEZ13,OilCropAEZ13,2005,CO_AWB,0.000455432042220836
Russia,OilCrop,OilCropAEZ14,OilCropAEZ14,2005,CO_AWB,0.000689077411007476
Russia,OilCrop,OilCropAEZ15,OilCropAEZ15,2005,CO_AWB,0.000693698593220046
Russia,OilCrop,OilCropAEZ16,OilCropAEZ16,2005,CO_AWB,7.84899278187476e-06
Russia,OtherGrain,OtherGrainAEZ07,OtherGrainAEZ07,2005,CO_AWB,0.00430126611758269
Russia,OtherGrain,OtherGrainAEZ08,OtherGrainAEZ08,2005,CO_AWB,0.0419266651329542
Russia,OtherGrain,OtherGrainAEZ09,OtherGrainAEZ09,2005,CO_AWB,0.04279089667053
Russia,OtherGrain,OtherGrainAEZ10,OtherGrainAEZ10,2005,CO_AWB,0.0306010299313624
Russia,OtherGrain,OtherGrainAEZ11,OtherGrainAEZ11,2005,CO_AWB,0.000157949669541992
Russia,OtherGrain,OtherGrainAEZ13,OtherGrainAEZ13,2005,CO_AWB,0.00504274462668844
Russia,OtherGrain,OtherGrainAEZ14,OtherGrainAEZ14,2005,CO_AWB,0.0120599940350465
Russia,OtherGrain,OtherGrainAEZ15,OtherGrainAEZ15,2005,CO_AWB,0.0201850225691473
Russia,OtherGrain,OtherGrainAEZ16,OtherGrainAEZ16,2005,CO_AWB,0.000156113953798057
Russia,PalmFruit,PalmFruitAEZ07,PalmFruitAEZ07,2005,CO_AWB,0
Russia,PalmFruit,PalmFruitAEZ08,PalmFruitAEZ08,2005,CO_AWB,0
Russia,PalmFruit,PalmFruitAEZ09,PalmFruitAEZ09,2005,CO_AWB,0
Russia,PalmFruit,PalmFruitAEZ10,PalmFruitAEZ10,2005,CO_AWB,0
Russia,PalmFruit,PalmFruitAEZ11,PalmFruitAEZ11,2005,CO_AWB,0
Russia,PalmFruit,PalmFruitAEZ13,PalmFruitAEZ13,2005,CO_AWB,0
Russia,PalmFruit,PalmFruitAEZ14,PalmFruitAEZ14,2005,CO_AWB,0
Russia,PalmFruit,PalmFruitAEZ15,PalmFruitAEZ15,2005,CO_AWB,0
Russia,PalmFruit,PalmFruitAEZ16,PalmFruitAEZ16,2005,CO_AWB,0
Russia,Rice,RiceAEZ07,RiceAEZ07,2005,CO_AWB,0.000496666825819987
Russia,Rice,RiceAEZ08,RiceAEZ08,2005,CO_AWB,0.000490752478520876
Russia,Rice,RiceAEZ09,RiceAEZ09,2005,CO_AWB,0.000501536650964516
Russia,Rice,RiceAEZ10,RiceAEZ10,2005,CO_AWB,0.000591420895180458
Russia,Rice,RiceAEZ11,RiceAEZ11,2005,CO_AWB,2.30901652449459e-05
Russia,Rice,RiceAEZ13,RiceAEZ13,2005,CO_AWB,0
Russia,Rice,RiceAEZ14,RiceAEZ14,2005,CO_AWB,0
Russia,Rice,RiceAEZ15,RiceAEZ15,2005,CO_AWB,0.00125312913878929
Russia,Rice,RiceAEZ16,RiceAEZ16,2005,CO_AWB,1.1607338909832e-05
Russia,Root_Tuber,Root_TuberAEZ07,Root_TuberAEZ07,2005,CO_AWB,0.00227149367371051
Russia,Root_Tuber,Root_TuberAEZ08,Root_TuberAEZ08,2005,CO_AWB,0.0253794551888786
Russia,Root_Tuber,Root_TuberAEZ09,Root_TuberAEZ09,2005,CO_AWB,0.0612553489759135
Russia,Root_Tuber,Root_TuberAEZ10,Root_TuberAEZ10,2005,CO_AWB,0.0738143321108912
Russia,Root_Tuber,Root_TuberAEZ11,Root_TuberAEZ11,2005,CO_AWB,0.00017259053508056
Russia,Root_Tuber,Root_TuberAEZ13,Root_TuberAEZ13,2005,CO_AWB,0.00290672599668417
Russia,Root_Tuber,Root_TuberAEZ14,Root_TuberAEZ14,2005,CO_AWB,0.0083580243399864
Russia,Root_Tuber,Root_TuberAEZ15,Root_TuberAEZ15,2005,CO_AWB,0.041945307982555
Russia,Root_Tuber,Root_TuberAEZ16,Root_TuberAEZ16,2005,CO_AWB,0.000479575124838826
Russia,SugarCrop,SugarCropAEZ07,SugarCropAEZ07,2005,CO_AWB,0.000492687491961915
Russia,SugarCrop,SugarCropAEZ08,SugarCropAEZ08,2005,CO_AWB,0.0268893308783262
Russia,SugarCrop,SugarCropAEZ09,SugarCropAEZ09,2005,CO_AWB,0.0667351681171111
Russia,SugarCrop,SugarCropAEZ10,SugarCropAEZ10,2005,CO_AWB,0.0430592012214257
Russia,SugarCrop,SugarCropAEZ11,SugarCropAEZ11,2005,CO_AWB,0.00109241196566079
Russia,SugarCrop,SugarCropAEZ13,SugarCropAEZ13,2005,CO_AWB,0.000724159077309198
Russia,SugarCrop,SugarCropAEZ14,SugarCropAEZ14,2005,CO_AWB,0.00144603459579631
Russia,SugarCrop,SugarCropAEZ15,SugarCropAEZ15,2005,CO_AWB,0.00208690183267957
Russia,SugarCrop,SugarCropAEZ16,SugarCropAEZ16,2005,CO_AWB,0.000260974004197039
Russia,Wheat,WheatAEZ07,WheatAEZ07,2005,CO_AWB,0.00989439181640329
Russia,Wheat,WheatAEZ08,WheatAEZ08,2005,CO_AWB,0.0894553491814366
Russia,Wheat,WheatAEZ09,WheatAEZ09,2005,CO_AWB,0.0696780111782769
Russia,Wheat,WheatAEZ10,WheatAEZ10,2005,CO_AWB,0.0415218332496118
Russia,Wheat,WheatAEZ11,WheatAEZ11,2005,CO_AWB,0.00125415557858379
Russia,Wheat,WheatAEZ13,WheatAEZ13,2005,CO_AWB,0.00527373006566472
Russia,Wheat,WheatAEZ14,WheatAEZ14,2005,CO_AWB,0.0148211389569976
Russia,Wheat,WheatAEZ15,WheatAEZ15,2005,CO_AWB,0.0267978330390157
Russia,Wheat,WheatAEZ16,WheatAEZ16,2005,CO_AWB,0.000212553578851782
Russia,Corn,CornAEZ07,CornAEZ07,2005,N2O_AWB,3.30425417257992e-07
Russia,Corn,CornAEZ08,CornAEZ08,2005,N2O_AWB,3.09515067839929e-06
Russia,Corn,CornAEZ09,CornAEZ09,2005,N2O_AWB,2.77088604946194e-06
Russia,Corn,CornAEZ10,CornAEZ10,2005,N2O_AWB,2.58098380771354e-06
Russia,Corn,CornAEZ11,CornAEZ11,2005,N2O_AWB,1.46173785625524e-08
Russia,Corn,CornAEZ13,CornAEZ13,2005,N2O_AWB,2.66343942755846e-07
Russia,Corn,CornAEZ14,CornAEZ14,2005,N2O_AWB,7.13368269711111e-07
Russia,Corn,CornAEZ15,CornAEZ15,2005,N2O_AWB,1.38155484841317e-06
Russia,Corn,CornAEZ16,CornAEZ16,2005,N2O_AWB,1.60396935575337e-08
Russia,FiberCrop,FiberCropAEZ07,FiberCropAEZ07,2005,N2O_AWB,1.52751877758523e-07
Russia,FiberCrop,FiberCropAEZ08,FiberCropAEZ08,2005,N2O_AWB,1.75154223503022e-08
Russia,FiberCrop,FiberCropAEZ09,FiberCropAEZ09,2005,N2O_AWB,5.13880446781848e-08
Russia,FiberCrop,FiberCropAEZ10,FiberCropAEZ10,2005,N2O_AWB,7.96719211332329e-08
Russia,FiberCrop,FiberCropAEZ11,FiberCropAEZ11,2005,N2O_AWB,0
Russia,FiberCrop,FiberCropAEZ13,FiberCropAEZ13,2005,N2O_AWB,1.44627098511959e-08
Russia,FiberCrop,FiberCropAEZ14,FiberCropAEZ14,2005,N2O_AWB,1.58749661272281e-08
Russia,FiberCrop,FiberCropAEZ15,FiberCropAEZ15,2005,N2O_AWB,1.440673627928e-08
Russia,FiberCrop,FiberCropAEZ16,FiberCropAEZ16,2005,N2O_AWB,0
Russia,FodderGrass,FodderGrassAEZ07,FodderGrassAEZ07,2005,N2O_AWB,9.38508866981487e-07
Russia,FodderGrass,FodderGrassAEZ08,FodderGrassAEZ08,2005,N2O_AWB,5.95481209385866e-06
Russia,FodderGrass,FodderGrassAEZ09,FodderGrassAEZ09,2005,N2O_AWB,7.07775333154374e-06
Russia,FodderGrass,FodderGrassAEZ10,FodderGrassAEZ10,2005,N2O_AWB,6.37161944422539e-06
Russia,FodderGrass,FodderGrassAEZ11,FodderGrassAEZ11,2005,N2O_AWB,3.03880753401939e-08
Russia,FodderGrass,FodderGrassAEZ13,FodderGrassAEZ13,2005,N2O_AWB,4.07315273268581e-07
Russia,FodderGrass,FodderGrassAEZ14,FodderGrassAEZ14,2005,N2O_AWB,1.07593320074198e-06
Russia,FodderGrass,FodderGrassAEZ15,FodderGrassAEZ15,2005,N2O_AWB,3.87377505565997e-06
Russia,FodderGrass,FodderGrassAEZ16,FodderGrassAEZ16,2005,N2O_AWB,2.1332956679083e-08
Russia,FodderHerb,FodderHerbAEZ07,FodderHerbAEZ07,2005,N2O_AWB,3.40085077370958e-06
Russia,FodderHerb,FodderHerbAEZ08,FodderHerbAEZ08,2005,N2O_AWB,2.81429926126121e-05
Russia,FodderHerb,FodderHerbAEZ09,FodderHerbAEZ09,2005,N2O_AWB,2.64874781272558e-05
Russia,FodderHerb,FodderHerbAEZ10,FodderHerbAEZ10,2005,N2O_AWB,1.84806910785538e-05
Russia,FodderHerb,FodderHerbAEZ11,FodderHerbAEZ11,2005,N2O_AWB,1.49180746774992e-07
Russia,FodderHerb,FodderHerbAEZ13,FodderHerbAEZ13,2005,N2O_AWB,2.50497960029767e-06
Russia,FodderHerb,FodderHerbAEZ14,FodderHerbAEZ14,2005,N2O_AWB,7.09598854540369e-06
Russia,FodderHerb,FodderHerbAEZ15,FodderHerbAEZ15,2005,N2O_AWB,1.52647439545996e-05
Russia,FodderHerb,FodderHerbAEZ16,FodderHerbAEZ16,2005,N2O_AWB,8.58090088247539e-08
Russia,MiscCrop,MiscCropAEZ07,MiscCropAEZ07,2005,N2O_AWB,3.50987417078484e-06
Russia,MiscCrop,MiscCropAEZ08,MiscCropAEZ08,2005,N2O_AWB,1.13754602812627e-05
Russia,MiscCrop,MiscCropAEZ09,MiscCropAEZ09,2005,N2O_AWB,2.30913451734897e-05
Russia,MiscCrop,MiscCropAEZ10,MiscCropAEZ10,2005,N2O_AWB,2.66415526584244e-05
Russia,MiscCrop,MiscCropAEZ11,MiscCropAEZ11,2005,N2O_AWB,6.35877531965653e-07
Russia,MiscCrop,MiscCropAEZ13,MiscCropAEZ13,2005,N2O_AWB,3.00395159584393e-07
Russia,MiscCrop,MiscCropAEZ14,MiscCropAEZ14,2005,N2O_AWB,7.74385332252429e-07
Russia,MiscCrop,MiscCropAEZ15,MiscCropAEZ15,2005,N2O_AWB,2.46833984084417e-06
Russia,MiscCrop,MiscCropAEZ16,MiscCropAEZ16,2005,N2O_AWB,3.18072823087248e-08
Russia,OilCrop,OilCropAEZ07,OilCropAEZ07,2005,N2O_AWB,7.97777757424878e-07
Russia,OilCrop,OilCropAEZ08,OilCropAEZ08,2005,N2O_AWB,1.20464868250261e-05
Russia,OilCrop,OilCropAEZ09,OilCropAEZ09,2005,N2O_AWB,6.66763224284911e-06
Russia,OilCrop,OilCropAEZ10,OilCropAEZ10,2005,N2O_AWB,2.82323610369958e-06
Russia,OilCrop,OilCropAEZ11,OilCropAEZ11,2005,N2O_AWB,2.00212228856558e-07
Russia,OilCrop,OilCropAEZ13,OilCropAEZ13,2005,N2O_AWB,2.69366643775058e-07
Russia,OilCrop,OilCropAEZ14,OilCropAEZ14,2005,N2O_AWB,4.07556896083054e-07
Russia,OilCrop,OilCropAEZ15,OilCropAEZ15,2005,N2O_AWB,4.10290108126728e-07
Russia,OilCrop,OilCropAEZ16,OilCropAEZ16,2005,N2O_AWB,4.64231026073277e-09
Russia,OtherGrain,OtherGrainAEZ07,OtherGrainAEZ07,2005,N2O_AWB,2.54399671227968e-06
Russia,OtherGrain,OtherGrainAEZ08,OtherGrainAEZ08,2005,N2O_AWB,2.47976515145336e-05
Russia,OtherGrain,OtherGrainAEZ09,OtherGrainAEZ09,2005,N2O_AWB,2.53088038427408e-05
Russia,OtherGrain,OtherGrainAEZ10,OtherGrainAEZ10,2005,N2O_AWB,1.80990706944468e-05
Russia,OtherGrain,OtherGrainAEZ11,OtherGrainAEZ11,2005,N2O_AWB,9.34198045496224e-08
Russia,OtherGrain,OtherGrainAEZ13,OtherGrainAEZ13,2005,N2O_AWB,2.98254639458838e-06
Russia,OtherGrain,OtherGrainAEZ14,OtherGrainAEZ14,2005,N2O_AWB,7.13291954893347e-06
Russia,OtherGrain,OtherGrainAEZ15,OtherGrainAEZ15,2005,N2O_AWB,1.19384919810683e-05
Russia,OtherGrain,OtherGrainAEZ16,OtherGrainAEZ16,2005,N2O_AWB,9.23340649814148e-08
Russia,PalmFruit,PalmFruitAEZ07,PalmFruitAEZ07,2005,N2O_AWB,0
Russia,PalmFruit,PalmFruitAEZ08,PalmFruitAEZ08,2005,N2O_AWB,0
Russia,PalmFruit,PalmFruitAEZ09,PalmFruitAEZ09,2005,N2O_AWB,0
Russia,PalmFruit,PalmFruitAEZ10,PalmFruitAEZ10,2005,N2O_AWB,0
Russia,PalmFruit,PalmFruitAEZ11,PalmFruitAEZ11,2005,N2O_AWB,0
Russia,PalmFruit,PalmFruitAEZ13,PalmFruitAEZ13,2005,N2O_AWB,0
Russia,PalmFruit,PalmFruitAEZ14,PalmFruitAEZ14,2005,N2O_AWB,0
Russia,PalmFruit,PalmFruitAEZ15,PalmFruitAEZ15,2005,N2O_AWB,0
Russia,PalmFruit,PalmFruitAEZ16,PalmFruitAEZ16,2005,N2O_AWB,0
Russia,Rice,RiceAEZ07,RiceAEZ07,2005,N2O_AWB,2.93755079886693e-07
Russia,Rice,RiceAEZ08,RiceAEZ08,2005,N2O_AWB,2.90257021484142e-07
Russia,Rice,RiceAEZ09,RiceAEZ09,2005,N2O_AWB,2.96635352536278e-07
Russia,Rice,RiceAEZ10,RiceAEZ10,2005,N2O_AWB,3.49797657662288e-07
Russia,Rice,RiceAEZ11,RiceAEZ11,2005,N2O_AWB,1.36567473072671e-08
Russia,Rice,RiceAEZ13,RiceAEZ13,2005,N2O_AWB,0
Russia,Rice,RiceAEZ14,RiceAEZ14,2005,N2O_AWB,0
Russia,Rice,RiceAEZ15,RiceAEZ15,2005,N2O_AWB,7.41166977813838e-07
Russia,Rice,RiceAEZ16,RiceAEZ16,2005,N2O_AWB,6.86519532102884e-09
Russia,Root_Tuber,Root_TuberAEZ07,Root_TuberAEZ07,2005,N2O_AWB,1.34348172838262e-06
Russia,Root_Tuber,Root_TuberAEZ08,Root_TuberAEZ08,2005,N2O_AWB,1.50107546929094e-05
Russia,Root_Tuber,Root_TuberAEZ09,Root_TuberAEZ09,2005,N2O_AWB,3.6229659394301e-05
Russia,Root_Tuber,Root_TuberAEZ10,Root_TuberAEZ10,2005,N2O_AWB,4.36577075390912e-05
Russia,Root_Tuber,Root_TuberAEZ11,Root_TuberAEZ11,2005,N2O_AWB,1.02079188269869e-07
Russia,Root_Tuber,Root_TuberAEZ13,Root_TuberAEZ13,2005,N2O_AWB,1.71919178607303e-06
Russia,Root_Tuber,Root_TuberAEZ14,Root_TuberAEZ14,2005,N2O_AWB,4.94337849852187e-06
Russia,Root_Tuber,Root_TuberAEZ15,Root_TuberAEZ15,2005,N2O_AWB,2.48086778836992e-05
Russia,Root_Tuber,Root_TuberAEZ16,Root_TuberAEZ16,2005,N2O_AWB,2.83646142212365e-07
Russia,SugarCrop,SugarCropAEZ07,SugarCropAEZ07,2005,N2O_AWB,2.91401490972347e-07
Russia,SugarCrop,SugarCropAEZ08,SugarCropAEZ08,2005,N2O_AWB,1.59037751861553e-05
Russia,SugarCrop,SugarCropAEZ09,SugarCropAEZ09,2005,N2O_AWB,3.94707148179836e-05
Russia,SugarCrop,SugarCropAEZ10,SugarCropAEZ10,2005,N2O_AWB,2.54674933719885e-05
Russia,SugarCrop,SugarCropAEZ11,SugarCropAEZ11,2005,N2O_AWB,6.4611032498912e-07
Russia,SugarCrop,SugarCropAEZ13,SugarCropAEZ13,2005,N2O_AWB,4.28306052562363e-07
Russia,SugarCrop,SugarCropAEZ14,SugarCropAEZ14,2005,N2O_AWB,8.55261487428247e-07
Russia,SugarCrop,SugarCropAEZ15,SugarCropAEZ15,2005,N2O_AWB,1.23430433180706e-06
Russia,SugarCrop,SugarCropAEZ16,SugarCropAEZ16,2005,N2O_AWB,1.54353855473805e-07
Russia,Wheat,WheatAEZ07,WheatAEZ07,2005,N2O_AWB,5.85206763841973e-06
Russia,Wheat,WheatAEZ08,WheatAEZ08,2005,N2O_AWB,5.29086338748326e-05
Russia,Wheat,WheatAEZ09,WheatAEZ09,2005,N2O_AWB,4.12112681498868e-05
Russia,Wheat,WheatAEZ10,WheatAEZ10,2005,N2O_AWB,2.45582124860952e-05
Russia,Wheat,WheatAEZ11,WheatAEZ11,2005,N2O_AWB,7.41774068700839e-07
Russia,Wheat,WheatAEZ13,WheatAEZ13,2005,N2O_AWB,3.11916342345298e-06
Russia,Wheat,WheatAEZ14,WheatAEZ14,2005,N2O_AWB,8.7660069728567e-06
Russia,Wheat,WheatAEZ15,WheatAEZ15,2005,N2O_AWB,1.58496585153836e-05
Russia,Wheat,WheatAEZ16,WheatAEZ16,2005,N2O_AWB,1.25715450055926e-07
Russia,Corn,CornAEZ07,CornAEZ07,2005,NH3_AWB,6.15966457027181e-06
Russia,Corn,CornAEZ08,CornAEZ08,2005,NH3_AWB,5.76986181377902e-05
Russia,Corn,CornAEZ09,CornAEZ09,2005,NH3_AWB,5.16538006330333e-05
Russia,Corn,CornAEZ10,CornAEZ10,2005,NH3_AWB,4.81137154906138e-05
Russia,Corn,CornAEZ11,CornAEZ11,2005,NH3_AWB,2.72491594590934e-07
Russia,Corn,CornAEZ13,CornAEZ13,2005,NH3_AWB,4.96508216987053e-06
Russia,Corn,CornAEZ14,CornAEZ14,2005,NH3_AWB,1.32983391318979e-05
Russia,Corn,CornAEZ15,CornAEZ15,2005,NH3_AWB,2.57544184169507e-05
Russia,Corn,CornAEZ16,CornAEZ16,2005,NH3_AWB,2.99005848110093e-07
Russia,FiberCrop,FiberCropAEZ07,FiberCropAEZ07,2005,NH3_AWB,2.84754222989154e-06
Russia,FiberCrop,FiberCropAEZ08,FiberCropAEZ08,2005,NH3_AWB,3.26515821270084e-07
Russia,FiberCrop,FiberCropAEZ09,FiberCropAEZ09,2005,NH3_AWB,9.57956324203156e-07
Russia,FiberCrop,FiberCropAEZ10,FiberCropAEZ10,2005,NH3_AWB,1.48521355869755e-06
Russia,FiberCrop,FiberCropAEZ11,FiberCropAEZ11,2005,NH3_AWB,0
Russia,FiberCrop,FiberCropAEZ13,FiberCropAEZ13,2005,NH3_AWB,2.69608319480387e-07
Russia,FiberCrop,FiberCropAEZ14,FiberCropAEZ14,2005,NH3_AWB,2.95935062198328e-07
Russia,FiberCrop,FiberCropAEZ15,FiberCropAEZ15,2005,NH3_AWB,2.6856488150681e-07
Russia,FiberCrop,FiberCropAEZ16,FiberCropAEZ16,2005,NH3_AWB,0
Russia,FodderGrass,FodderGrassAEZ07,FodderGrassAEZ07,2005,NH3_AWB,1.74953242544237e-05
Russia,FodderGrass,FodderGrassAEZ08,FodderGrassAEZ08,2005,NH3_AWB,0.000111007335275689
Russia,FodderGrass,FodderGrassAEZ09,FodderGrassAEZ09,2005,NH3_AWB,0.000131940777423286
Russia,FodderGrass,FodderGrassAEZ10,FodderGrassAEZ10,2005,NH3_AWB,0.000118777298888017
Russia,FodderGrass,FodderGrassAEZ11,FodderGrassAEZ11,2005,NH3_AWB,5.66482907353326e-07
Russia,FodderGrass,FodderGrassAEZ13,FodderGrassAEZ13,2005,NH3_AWB,7.59301593231893e-06
Russia,FodderGrass,FodderGrassAEZ14,FodderGrassAEZ14,2005,NH3_AWB,2.00571362566063e-05
Russia,FodderGrass,FodderGrassAEZ15,FodderGrassAEZ15,2005,NH3_AWB,7.22134367312336e-05
Russia,FodderGrass,FodderGrassAEZ16,FodderGrassAEZ16,2005,NH3_AWB,3.97680839826837e-07
Russia,FodderHerb,FodderHerbAEZ07,FodderHerbAEZ07,2005,NH3_AWB,6.33973626890947e-05
Russia,FodderHerb,FodderHerbAEZ08,FodderHerbAEZ08,2005,NH3_AWB,0.000524630931651295
Russia,FodderHerb,FodderHerbAEZ09,FodderHerbAEZ09,2005,NH3_AWB,0.000493769462198843
Russia,FodderHerb,FodderHerbAEZ10,FodderHerbAEZ10,2005,NH3_AWB,0.000344509992649341
Russia,FodderHerb,FodderHerbAEZ11,FodderHerbAEZ11,2005,NH3_AWB,2.78097056849334e-06
Russia,FodderHerb,FodderHerbAEZ13,FodderHerbAEZ13,2005,NH3_AWB,4.66968740517919e-05
Russia,FodderHerb,FodderHerbAEZ14,FodderHerbAEZ14,2005,NH3_AWB,0.000132280711323277
Russia,FodderHerb,FodderHerbAEZ15,FodderHerbAEZ15,2005,NH3_AWB,0.00028455953325771
Russia,FodderHerb,FodderHerbAEZ16,FodderHerbAEZ16,2005,NH3_AWB,1.59961880612619e-06
Russia,MiscCrop,MiscCropAEZ07,MiscCropAEZ07,2005,NH3_AWB,6.54297352646306e-05
Russia,MiscCrop,MiscCropAEZ08,MiscCropAEZ08,2005,NH3_AWB,0.000212056990792326
Russia,MiscCrop,MiscCropAEZ09,MiscCropAEZ09,2005,NH3_AWB,0.000430460047309273
Russia,MiscCrop,MiscCropAEZ10,MiscCropAEZ10,2005,NH3_AWB,0.00049664166082901
Russia,MiscCrop,MiscCropAEZ11,MiscCropAEZ11,2005,NH3_AWB,1.18537863617875e-05
Russia,MiscCrop,MiscCropAEZ13,MiscCropAEZ13,2005,NH3_AWB,5.59985196335068e-06
Russia,MiscCrop,MiscCropAEZ14,MiscCropAEZ14,2005,NH3_AWB,1.44357959336074e-05
Russia,MiscCrop,MiscCropAEZ15,MiscCropAEZ15,2005,NH3_AWB,4.60138496342337e-05
Russia,MiscCrop,MiscCropAEZ16,MiscCropAEZ16,2005,NH3_AWB,5.92939222229118e-07
Russia,OilCrop,OilCropAEZ07,OilCropAEZ07,2005,NH3_AWB,1.48718685993944e-05
Russia,OilCrop,OilCropAEZ08,OilCropAEZ08,2005,NH3_AWB,0.000224566011622596
Russia,OilCrop,OilCropAEZ09,OilCropAEZ09,2005,NH3_AWB,0.000124295456550222
Russia,OilCrop,OilCropAEZ10,OilCropAEZ10,2005,NH3_AWB,5.26296903724344e-05
Russia,OilCrop,OilCropAEZ11,OilCropAEZ11,2005,NH3_AWB,3.73227998879999e-06
Russia,OilCrop,OilCropAEZ13,OilCropAEZ13,2005,NH3_AWB,5.02143020910152e-06
Russia,OilCrop,OilCropAEZ14,OilCropAEZ14,2005,NH3_AWB,7.59752017264653e-06
Russia,OilCrop,OilCropAEZ15,OilCropAEZ15,2005,NH3_AWB,7.6484716688364e-06
Russia,OilCrop,OilCropAEZ16,OilCropAEZ16,2005,NH3_AWB,8.65401768257987e-08
Russia,OtherGrain,OtherGrainAEZ07,OtherGrainAEZ07,2005,NH3_AWB,4.74242161682194e-05
Russia,OtherGrain,OtherGrainAEZ08,OtherGrainAEZ08,2005,NH3_AWB,0.000462268359158213
Russia,OtherGrain,OtherGrainAEZ09,OtherGrainAEZ09,2005,NH3_AWB,0.000471797065854562
Russia,OtherGrain,OtherGrainAEZ10,OtherGrainAEZ10,2005,NH3_AWB,0.000337395971038098
Russia,OtherGrain,OtherGrainAEZ11,OtherGrainAEZ11,2005,NH3_AWB,1.74149635648863e-06
Russia,OtherGrain,OtherGrainAEZ13,OtherGrainAEZ13,2005,NH3_AWB,5.55994920378469e-05
Russia,OtherGrain,OtherGrainAEZ14,OtherGrainAEZ14,2005,NH3_AWB,0.000132969165001794
Russia,OtherGrain,OtherGrainAEZ15,OtherGrainAEZ15,2005,NH3_AWB,0.000222552812941881
Russia,OtherGrain,OtherGrainAEZ16,OtherGrainAEZ16,2005,NH3_AWB,1.72125641367088e-06
Russia,PalmFruit,PalmFruitAEZ07,PalmFruitAEZ07,2005,NH3_AWB,0
Russia,PalmFruit,PalmFruitAEZ08,PalmFruitAEZ08,2005,NH3_AWB,0
Russia,PalmFruit,PalmFruitAEZ09,PalmFruitAEZ09,2005,NH3_AWB,0
Russia,PalmFruit,PalmFruitAEZ10,PalmFruitAEZ10,2005,NH3_AWB,0
Russia,PalmFruit,PalmFruitAEZ11,PalmFruitAEZ11,2005,NH3_AWB,0
Russia,PalmFruit,PalmFruitAEZ13,PalmFruitAEZ13,2005,NH3_AWB,0
Russia,PalmFruit,PalmFruitAEZ14,PalmFruitAEZ14,2005,NH3_AWB,0
Russia,PalmFruit,PalmFruitAEZ15,PalmFruitAEZ15,2005,NH3_AWB,0
Russia,PalmFruit,PalmFruitAEZ16,PalmFruitAEZ16,2005,NH3_AWB,0
Russia,Rice,RiceAEZ07,RiceAEZ07,2005,NH3_AWB,5.47607013083575e-06
Russia,Rice,RiceAEZ08,RiceAEZ08,2005,NH3_AWB,5.41086066061479e-06
Russia,Rice,RiceAEZ09,RiceAEZ09,2005,NH3_AWB,5.52976307473698e-06
Russia,Rice,RiceAEZ10,RiceAEZ10,2005,NH3_AWB,6.520794485323e-06
Russia,Rice,RiceAEZ11,RiceAEZ11,2005,NH3_AWB,2.54583873213506e-07
Russia,Rice,RiceAEZ13,RiceAEZ13,2005,NH3_AWB,0
Russia,Rice,RiceAEZ14,RiceAEZ14,2005,NH3_AWB,0
Russia,Rice,RiceAEZ15,RiceAEZ15,2005,NH3_AWB,1.38165520430614e-05
Russia,Rice,RiceAEZ16,RiceAEZ16,2005,NH3_AWB,1.27978352082763e-07
Russia,Root_Tuber,Root_TuberAEZ07,Root_TuberAEZ07,2005,NH3_AWB,2.50446738383466e-05
Russia,Root_Tuber,Root_TuberAEZ08,Root_TuberAEZ08,2005,NH3_AWB,0.000279824762338918
Russia,Root_Tuber,Root_TuberAEZ09,Root_TuberAEZ09,2005,NH3_AWB,0.00067537948870879
Russia,Root_Tuber,Root_TuberAEZ10,Root_TuberAEZ10,2005,NH3_AWB,0.000813850328402134
Russia,Root_Tuber,Root_TuberAEZ11,Root_TuberAEZ11,2005,NH3_AWB,1.90292128422155e-06
Russia,Root_Tuber,Root_TuberAEZ13,Root_TuberAEZ13,2005,NH3_AWB,3.20485173993383e-05
Russia,Root_Tuber,Root_TuberAEZ14,Root_TuberAEZ14,2005,NH3_AWB,9.21525760562603e-05
Russia,Root_Tuber,Root_TuberAEZ15,Root_TuberAEZ15,2005,NH3_AWB,0.000462473908525607
Russia,Root_Tuber,Root_TuberAEZ16,Root_TuberAEZ16,2005,NH3_AWB,5.28762317129987e-06
Russia,SugarCrop,SugarCropAEZ07,SugarCropAEZ07,2005,NH3_AWB,5.43219542419548e-06
Russia,SugarCrop,SugarCropAEZ08,SugarCropAEZ08,2005,NH3_AWB,0.000296472109684109
Russia,SugarCrop,SugarCropAEZ09,SugarCropAEZ09,2005,NH3_AWB,0.000735798007445071
Russia,SugarCrop,SugarCropAEZ10,SugarCropAEZ10,2005,NH3_AWB,0.000474755295518283
Russia,SugarCrop,SugarCropAEZ11,SugarCropAEZ11,2005,NH3_AWB,1.20445421854908e-05
Russia,SugarCrop,SugarCropAEZ13,SugarCropAEZ13,2005,NH3_AWB,7.98431803187064e-06
Russia,SugarCrop,SugarCropAEZ14,SugarCropAEZ14,2005,NH3_AWB,1.59434583639081e-05
Russia,SugarCrop,SugarCropAEZ15,SugarCropAEZ15,2005,NH3_AWB,2.30094304628773e-05
Russia,SugarCrop,SugarCropAEZ16,SugarCropAEZ16,2005,NH3_AWB,2.87740568730069e-06
Russia,Wheat,WheatAEZ07,WheatAEZ07,2005,NH3_AWB,0.000109092012334703
Russia,Wheat,WheatAEZ08,WheatAEZ08,2005,NH3_AWB,0.000986302567897891
Russia,Wheat,WheatAEZ09,WheatAEZ09,2005,NH3_AWB,0.000768244738632284
Russia,Wheat,WheatAEZ10,WheatAEZ10,2005,NH3_AWB,0.000457804828136745
Russia,Wheat,WheatAEZ11,WheatAEZ11,2005,NH3_AWB,1.382786919977e-05
Russia,Wheat,WheatAEZ13,WheatAEZ13,2005,NH3_AWB,5.81462545701495e-05
Russia,Wheat,WheatAEZ14,WheatAEZ14,2005,NH3_AWB,0.000163412557730999
Russia,Wheat,WheatAEZ15,WheatAEZ15,2005,NH3_AWB,0.00029546328735325
Russia,Wheat,WheatAEZ16,WheatAEZ16,2005,NH3_AWB,2.34353945913503e-06
Russia,Corn,CornAEZ07,CornAEZ07,2005,NMVOC_AWB,3.30425417257992e-05
Russia,Corn,CornAEZ08,CornAEZ08,2005,NMVOC_AWB,0.000309515067839929
Russia,Corn,CornAEZ09,CornAEZ09,2005,NMVOC_AWB,0.000277088604946194
Russia,Corn,CornAEZ10,CornAEZ10,2005,NMVOC_AWB,0.000258098380771354
Russia,Corn,CornAEZ11,CornAEZ11,2005,NMVOC_AWB,1.46173785625524e-06
Russia,Corn,CornAEZ13,CornAEZ13,2005,NMVOC_AWB,2.66343942755846e-05
Russia,Corn,CornAEZ14,CornAEZ14,2005,NMVOC_AWB,7.13368269711111e-05
Russia,Corn,CornAEZ15,CornAEZ15,2005,NMVOC_AWB,0.000138155484841317
Russia,Corn,CornAEZ16,CornAEZ16,2005,NMVOC_AWB,1.60396935575337e-06
Russia,FiberCrop,FiberCropAEZ07,FiberCropAEZ07,2005,NMVOC_AWB,1.52751877758523e-05
Russia,FiberCrop,FiberCropAEZ08,FiberCropAEZ08,2005,NMVOC_AWB,1.75154223503022e-06
Russia,FiberCrop,FiberCropAEZ09,FiberCropAEZ09,2005,NMVOC_AWB,5.13880446781848e-06
Russia,FiberCrop,FiberCropAEZ10,FiberCropAEZ10,2005,NMVOC_AWB,7.96719211332329e-06
Russia,FiberCrop,FiberCropAEZ11,FiberCropAEZ11,2005,NMVOC_AWB,0
Russia,FiberCrop,FiberCropAEZ13,FiberCropAEZ13,2005,NMVOC_AWB,1.44627098511959e-06
Russia,FiberCrop,FiberCropAEZ14,FiberCropAEZ14,2005,NMVOC_AWB,1.58749661272281e-06
Russia,FiberCrop,FiberCropAEZ15,FiberCropAEZ15,2005,NMVOC_AWB,1.440673627928e-06
Russia,FiberCrop,FiberCropAEZ16,FiberCropAEZ16,2005,NMVOC_AWB,0
Russia,FodderGrass,FodderGrassAEZ07,FodderGrassAEZ07,2005,NMVOC_AWB,9.38508866981487e-05
Russia,FodderGrass,FodderGrassAEZ08,FodderGrassAEZ08,2005,NMVOC_AWB,0.000595481209385866
Russia,FodderGrass,FodderGrassAEZ09,FodderGrassAEZ09,2005,NMVOC_AWB,0.000707775333154374
Russia,FodderGrass,FodderGrassAEZ10,FodderGrassAEZ10,2005,NMVOC_AWB,0.000637161944422539
Russia,FodderGrass,FodderGrassAEZ11,FodderGrassAEZ11,2005,NMVOC_AWB,3.03880753401939e-06
Russia,FodderGrass,FodderGrassAEZ13,FodderGrassAEZ13,2005,NMVOC_AWB,4.07315273268582e-05
Russia,FodderGrass,FodderGrassAEZ14,FodderGrassAEZ14,2005,NMVOC_AWB,0.000107593320074198
Russia,FodderGrass,FodderGrassAEZ15,FodderGrassAEZ15,2005,NMVOC_AWB,0.000387377505565997
Russia,FodderGrass,FodderGrassAEZ16,FodderGrassAEZ16,2005,NMVOC_AWB,2.1332956679083e-06
Russia,FodderHerb,FodderHerbAEZ07,FodderHerbAEZ07,2005,NMVOC_AWB,0.000340085077370958
Russia,FodderHerb,FodderHerbAEZ08,FodderHerbAEZ08,2005,NMVOC_AWB,0.00281429926126121
Russia,FodderHerb,FodderHerbAEZ09,FodderHerbAEZ09,2005,NMVOC_AWB,0.00264874781272558
Russia,FodderHerb,FodderHerbAEZ10,FodderHerbAEZ10,2005,NMVOC_AWB,0.00184806910785538
Russia,FodderHerb,FodderHerbAEZ11,FodderHerbAEZ11,2005,NMVOC_AWB,1.49180746774992e-05
Russia,FodderHerb,FodderHerbAEZ13,FodderHerbAEZ13,2005,NMVOC_AWB,0.000250497960029767
Russia,FodderHerb,FodderHerbAEZ14,FodderHerbAEZ14,2005,NMVOC_AWB,0.000709598854540369
Russia,FodderHerb,FodderHerbAEZ15,FodderHerbAEZ15,2005,NMVOC_AWB,0.00152647439545996
Russia,FodderHerb,FodderHerbAEZ16,FodderHerbAEZ16,2005,NMVOC_AWB,8.58090088247539e-06
Russia,MiscCrop,MiscCropAEZ07,MiscCropAEZ07,2005,NMVOC_AWB,0.000350987417078484
Russia,MiscCrop,MiscCropAEZ08,MiscCropAEZ08,2005,NMVOC_AWB,0.00113754602812627
Russia,MiscCrop,MiscCropAEZ09,MiscCropAEZ09,2005,NMVOC_AWB,0.00230913451734897
Russia,MiscCrop,MiscCropAEZ10,MiscCropAEZ10,2005,NMVOC_AWB,0.00266415526584244
Russia,MiscCrop,MiscCropAEZ11,MiscCropAEZ11,2005,NMVOC_AWB,6.35877531965653e-05
Russia,MiscCrop,MiscCropAEZ13,MiscCropAEZ13,2005,NMVOC_AWB,3.00395159584393e-05
Russia,MiscCrop,MiscCropAEZ14,MiscCropAEZ14,2005,NMVOC_AWB,7.74385332252429e-05
Russia,MiscCrop,MiscCropAEZ15,MiscCropAEZ15,2005,NMVOC_AWB,0.000246833984084417
Russia,MiscCrop,MiscCropAEZ16,MiscCropAEZ16,2005,NMVOC_AWB,3.18072823087248e-06
Russia,OilCrop,OilCropAEZ07,OilCropAEZ07,2005,NMVOC_AWB,7.97777757424879e-05
Russia,OilCrop,OilCropAEZ08,OilCropAEZ08,2005,NMVOC_AWB,0.00120464868250261
Russia,OilCrop,OilCropAEZ09,OilCropAEZ09,2005,NMVOC_AWB,0.000666763224284911
Russia,OilCrop,OilCropAEZ10,OilCropAEZ10,2005,NMVOC_AWB,0.000282323610369958
Russia,OilCrop,OilCropAEZ11,OilCropAEZ11,2005,NMVOC_AWB,2.00212228856558e-05
Russia,OilCrop,OilCropAEZ13,OilCropAEZ13,2005,NMVOC_AWB,2.69366643775058e-05
Russia,OilCrop,OilCropAEZ14,OilCropAEZ14,2005,NMVOC_AWB,4.07556896083054e-05
Russia,OilCrop,OilCropAEZ15,OilCropAEZ15,2005,NMVOC_AWB,4.10290108126728e-05
Russia,OilCrop,OilCropAEZ16,OilCropAEZ16,2005,NMVOC_AWB,4.64231026073277e-07
Russia,OtherGrain,OtherGrainAEZ07,OtherGrainAEZ07,2005,NMVOC_AWB,0.000254399671227968
Russia,OtherGrain,OtherGrainAEZ08,OtherGrainAEZ08,2005,NMVOC_AWB,0.00247976515145336
Russia,OtherGrain,OtherGrainAEZ09,OtherGrainAEZ09,2005,NMVOC_AWB,0.00253088038427408
Russia,OtherGrain,OtherGrainAEZ10,OtherGrainAEZ10,2005,NMVOC_AWB,0.00180990706944468
Russia,OtherGrain,OtherGrainAEZ11,OtherGrainAEZ11,2005,NMVOC_AWB,9.34198045496224e-06
Russia,OtherGrain,OtherGrainAEZ13,OtherGrainAEZ13,2005,NMVOC_AWB,0.000298254639458838
Russia,OtherGrain,OtherGrainAEZ14,OtherGrainAEZ14,2005,NMVOC_AWB,0.000713291954893347
Russia,OtherGrain,OtherGrainAEZ15,OtherGrainAEZ15,2005,NMVOC_AWB,0.00119384919810683
Russia,OtherGrain,OtherGrainAEZ16,OtherGrainAEZ16,2005,NMVOC_AWB,9.23340649814148e-06
Russia,PalmFruit,PalmFruitAEZ07,PalmFruitAEZ07,2005,NMVOC_AWB,0
Russia,PalmFruit,PalmFruitAEZ08,PalmFruitAEZ08,2005,NMVOC_AWB,0
Russia,PalmFruit,PalmFruitAEZ09,PalmFruitAEZ09,2005,NMVOC_AWB,0
Russia,PalmFruit,PalmFruitAEZ10,PalmFruitAEZ10,2005,NMVOC_AWB,0
Russia,PalmFruit,PalmFruitAEZ11,PalmFruitAEZ11,2005,NMVOC_AWB,0
Russia,PalmFruit,PalmFruitAEZ13,PalmFruitAEZ13,2005,NMVOC_AWB,0
Russia,PalmFruit,PalmFruitAEZ14,PalmFruitAEZ14,2005,NMVOC_AWB,0
Russia,PalmFruit,PalmFruitAEZ15,PalmFruitAEZ15,2005,NMVOC_AWB,0
Russia,PalmFruit,PalmFruitAEZ16,PalmFruitAEZ16,2005,NMVOC_AWB,0
Russia,Rice,RiceAEZ07,RiceAEZ07,2005,NMVOC_AWB,2.93755079886693e-05
Russia,Rice,RiceAEZ08,RiceAEZ08,2005,NMVOC_AWB,2.90257021484142e-05
Russia,Rice,RiceAEZ09,RiceAEZ09,2005,NMVOC_AWB,2.96635352536278e-05
Russia,Rice,RiceAEZ10,RiceAEZ10,2005,NMVOC_AWB,3.49797657662288e-05
Russia,Rice,RiceAEZ11,RiceAEZ11,2005,NMVOC_AWB,1.36567473072671e-06
Russia,Rice,RiceAEZ13,RiceAEZ13,2005,NMVOC_AWB,0
Russia,Rice,RiceAEZ14,RiceAEZ14,2005,NMVOC_AWB,0
Russia,Rice,RiceAEZ15,RiceAEZ15,2005,NMVOC_AWB,7.41166977813838e-05
Russia,Rice,RiceAEZ16,RiceAEZ16,2005,NMVOC_AWB,6.86519532102884e-07
Russia,Root_Tuber,Root_TuberAEZ07,Root_TuberAEZ07,2005,NMVOC_AWB,0.000134348172838262
Russia,Root_Tuber,Root_TuberAEZ08,Root_TuberAEZ08,2005,NMVOC_AWB,0.00150107546929094
Russia,Root_Tuber,Root_TuberAEZ09,Root_TuberAEZ09,2005,NMVOC_AWB,0.0036229659394301
Russia,Root_Tuber,Root_TuberAEZ10,Root_TuberAEZ10,2005,NMVOC_AWB,0.00436577075390912
Russia,Root_Tuber,Root_TuberAEZ11,Root_TuberAEZ11,2005,NMVOC_AWB,1.02079188269869e-05
Russia,Root_Tuber,Root_TuberAEZ13,Root_TuberAEZ13,2005,NMVOC_AWB,0.000171919178607303
Russia,Root_Tuber,Root_TuberAEZ14,Root_TuberAEZ14,2005,NMVOC_AWB,0.000494337849852187
Russia,Root_Tuber,Root_TuberAEZ15,Root_TuberAEZ15,2005,NMVOC_AWB,0.00248086778836992
Russia,Root_Tuber,Root_TuberAEZ16,Root_TuberAEZ16,2005,NMVOC_AWB,2.83646142212365e-05
Russia,SugarCrop,SugarCropAEZ07,SugarCropAEZ07,2005,NMVOC_AWB,2.91401490972347e-05
Russia,SugarCrop,SugarCropAEZ08,SugarCropAEZ08,2005,NMVOC_AWB,0.00159037751861553
Russia,SugarCrop,SugarCropAEZ09,SugarCropAEZ09,2005,NMVOC_AWB,0.00394707148179836
Russia,SugarCrop,SugarCropAEZ10,SugarCropAEZ10,2005,NMVOC_AWB,0.00254674933719885
Russia,SugarCrop,SugarCropAEZ11,SugarCropAEZ11,2005,NMVOC_AWB,6.4611032498912e-05
Russia,SugarCrop,SugarCropAEZ13,SugarCropAEZ13,2005,NMVOC_AWB,4.28306052562363e-05
Russia,SugarCrop,SugarCropAEZ14,SugarCropAEZ14,2005,NMVOC_AWB,8.55261487428247e-05
Russia,SugarCrop,SugarCropAEZ15,SugarCropAEZ15,2005,NMVOC_AWB,0.000123430433180706
Russia,SugarCrop,SugarCropAEZ16,SugarCropAEZ16,2005,NMVOC_AWB,1.54353855473805e-05
Russia,Wheat,WheatAEZ07,WheatAEZ07,2005,NMVOC_AWB,0.000585206763841973
Russia,Wheat,WheatAEZ08,WheatAEZ08,2005,NMVOC_AWB,0.00529086338748326
Russia,Wheat,WheatAEZ09,WheatAEZ09,2005,NMVOC_AWB,0.00412112681498868
Russia,Wheat,WheatAEZ10,WheatAEZ10,2005,NMVOC_AWB,0.00245582124860952
Russia,Wheat,WheatAEZ11,WheatAEZ11,2005,NMVOC_AWB,7.41774068700839e-05
Russia,Wheat,WheatAEZ13,WheatAEZ13,2005,NMVOC_AWB,0.000311916342345298
Russia,Wheat,WheatAEZ14,WheatAEZ14,2005,NMVOC_AWB,0.00087660069728567
Russia,Wheat,WheatAEZ15,WheatAEZ15,2005,NMVOC_AWB,0.00158496585153836
Russia,Wheat,WheatAEZ16,WheatAEZ16,2005,NMVOC_AWB,1.25715450055926e-05
Russia,Corn,CornAEZ07,CornAEZ07,2005,NOx_AWB,1.79537509955209e-05
Russia,Corn,CornAEZ08,CornAEZ08,2005,NOx_AWB,0.000168175817207822
Russia,Corn,CornAEZ09,CornAEZ09,2005,NOx_AWB,0.000150556814248221
Russia,Corn,CornAEZ10,CornAEZ10,2005,NOx_AWB,0.000140238426546285
Russia,Corn,CornAEZ11,CornAEZ11,2005,NOx_AWB,7.94239066404584e-07
Russia,Corn,CornAEZ13,CornAEZ13,2005,NOx_AWB,1.44718674098552e-05
Russia,Corn,CornAEZ14,CornAEZ14,2005,NOx_AWB,3.87610504929737e-05
Russia,Corn,CornAEZ15,CornAEZ15,2005,NOx_AWB,7.50671420525075e-05
Russia,Corn,CornAEZ16,CornAEZ16,2005,NOx_AWB,8.71520921623217e-07
Russia,FiberCrop,FiberCropAEZ07,FiberCropAEZ07,2005,NOx_AWB,8.29981301115674e-06
Russia,FiberCrop,FiberCropAEZ08,FiberCropAEZ08,2005,NOx_AWB,9.51705029438385e-07
Russia,FiberCrop,FiberCropAEZ09,FiberCropAEZ09,2005,NOx_AWB,2.7921827744216e-06
Russia,FiberCrop,FiberCropAEZ10,FiberCropAEZ10,2005,NOx_AWB,4.32899455868433e-06
Russia,FiberCrop,FiberCropAEZ11,FiberCropAEZ11,2005,NOx_AWB,0
Russia,FiberCrop,FiberCropAEZ13,FiberCropAEZ13,2005,NOx_AWB,7.85835101741282e-07
Russia,FiberCrop,FiberCropAEZ14,FiberCropAEZ14,2005,NOx_AWB,8.6257041384939e-07
Russia,FiberCrop,FiberCropAEZ15,FiberCropAEZ15,2005,NOx_AWB,7.82793763151631e-07
Russia,FiberCrop,FiberCropAEZ16,FiberCropAEZ16,2005,NOx_AWB,0
Russia,FodderGrass,FodderGrassAEZ07,FodderGrassAEZ07,2005,NOx_AWB,5.09941234082426e-05
Russia,FodderGrass,FodderGrassAEZ08,FodderGrassAEZ08,2005,NOx_AWB,0.000323556264059372
Russia,FodderGrass,FodderGrassAEZ09,FodderGrassAEZ09,2005,NOx_AWB,0.000384571568303533
Russia,FodderGrass,FodderGrassAEZ10,FodderGrassAEZ10,2005,NOx_AWB,0.000346203599859645
Russia,FodderGrass,FodderGrassAEZ11,FodderGrassAEZ11,2005,NOx_AWB,1.6511439780221e-06
Russia,FodderGrass,FodderGrassAEZ13,FodderGrassAEZ13,2005,NOx_AWB,2.21315813221079e-05
Russia,FodderGrass,FodderGrassAEZ14,FodderGrassAEZ14,2005,NOx_AWB,5.8461110329333e-05
Russia,FodderGrass,FodderGrassAEZ15,FodderGrassAEZ15,2005,NOx_AWB,0.000210482575278634
Russia,FodderGrass,FodderGrassAEZ16,FodderGrassAEZ16,2005,NOx_AWB,1.15913175019295e-06
Russia,FodderHerb,FodderHerbAEZ07,FodderHerbAEZ07,2005,NOx_AWB,0.000184786111403873
Russia,FodderHerb,FodderHerbAEZ08,FodderHerbAEZ08,2005,NOx_AWB,0.00152915682403788
Russia,FodderHerb,FodderHerbAEZ09,FodderHerbAEZ09,2005,NOx_AWB,0.00143920401385089
Russia,FodderHerb,FodderHerbAEZ10,FodderHerbAEZ10,2005,NOx_AWB,0.0010041531568694
Russia,FodderHerb,FodderHerbAEZ11,FodderHerbAEZ11,2005,NOx_AWB,8.10577468025966e-06
Russia,FodderHerb,FodderHerbAEZ13,FodderHerbAEZ13,2005,NOx_AWB,0.000136108718166463
Russia,FodderHerb,FodderHerbAEZ14,FodderHerbAEZ14,2005,NOx_AWB,0.000385562383391877
Russia,FodderHerb,FodderHerbAEZ15,FodderHerbAEZ15,2005,NOx_AWB,0.000829413833371309
Russia,FodderHerb,FodderHerbAEZ16,FodderHerbAEZ16,2005,NOx_AWB,4.66245481475541e-06
Russia,MiscCrop,MiscCropAEZ07,MiscCropAEZ07,2005,NOx_AWB,0.000190709926042644
Russia,MiscCrop,MiscCropAEZ08,MiscCropAEZ08,2005,NOx_AWB,0.000618088593317167
Russia,MiscCrop,MiscCropAEZ09,MiscCropAEZ09,2005,NOx_AWB,0.00125467424642083
Russia,MiscCrop,MiscCropAEZ10,MiscCropAEZ10,2005,NOx_AWB,0.00144757569357913
Russia,MiscCrop,MiscCropAEZ11,MiscCropAEZ11,2005,NOx_AWB,3.45505711010239e-05
Russia,MiscCrop,MiscCropAEZ13,MiscCropAEZ13,2005,NOx_AWB,1.63220491334873e-05
Russia,MiscCrop,MiscCropAEZ14,MiscCropAEZ14,2005,NOx_AWB,4.20764284576464e-05
Russia,MiscCrop,MiscCropAEZ15,MiscCropAEZ15,2005,NOx_AWB,0.000134117887305984
Russia,MiscCrop,MiscCropAEZ16,MiscCropAEZ16,2005,NOx_AWB,1.7282569578151e-06
Russia,OilCrop,OilCropAEZ07,OilCropAEZ07,2005,NOx_AWB,4.33474619641264e-05
Russia,OilCrop,OilCropAEZ08,OilCropAEZ08,2005,NOx_AWB,0.000654548995117023
Russia,OilCrop,OilCropAEZ09,OilCropAEZ09,2005,NOx_AWB,0.000362287532270414
Russia,OilCrop,OilCropAEZ10,OilCropAEZ10,2005,NOx_AWB,0.000153401268062289
Russia,OilCrop,OilCropAEZ11,OilCropAEZ11,2005,NOx_AWB,1.08785835332465e-05
Russia,OilCrop,OilCropAEZ13,OilCropAEZ13,2005,NOx_AWB,1.46361066559858e-05
Russia,OilCrop,OilCropAEZ14,OilCropAEZ14,2005,NOx_AWB,2.21447099605821e-05
Russia,OilCrop,OilCropAEZ15,OilCropAEZ15,2005,NOx_AWB,2.22932197479263e-05
Russia,OilCrop,OilCropAEZ16,OilCropAEZ16,2005,NOx_AWB,2.52241135554266e-07
Russia,OtherGrain,OtherGrainAEZ07,OtherGrainAEZ07,2005,NOx_AWB,0.000138228723094965
Russia,OtherGrain,OtherGrainAEZ08,OtherGrainAEZ08,2005,NOx_AWB,0.00134738684529836
Russia,OtherGrain,OtherGrainAEZ09,OtherGrainAEZ09,2005,NOx_AWB,0.0013751604400102
Russia,OtherGrain,OtherGrainAEZ10,OtherGrainAEZ10,2005,NOx_AWB,0.000983417714033527
Russia,OtherGrain,OtherGrainAEZ11,OtherGrainAEZ11,2005,NOx_AWB,5.07598938015289e-06
Russia,OtherGrain,OtherGrainAEZ13,OtherGrainAEZ13,2005,NOx_AWB,0.000162057434156825
Russia,OtherGrain,OtherGrainAEZ14,OtherGrainAEZ14,2005,NOx_AWB,0.000387569039074998
Russia,OtherGrain,OtherGrainAEZ15,OtherGrainAEZ15,2005,NOx_AWB,0.000648681067179436
Russia,OtherGrain,OtherGrainAEZ16,OtherGrainAEZ16,2005,NOx_AWB,5.01699543829653e-06
Russia,PalmFruit,PalmFruitAEZ07,PalmFruitAEZ07,2005,NOx_AWB,0
Russia,PalmFruit,PalmFruitAEZ08,PalmFruitAEZ08,2005,NOx_AWB,0
Russia,PalmFruit,PalmFruitAEZ09,PalmFruitAEZ09,2005,NOx_AWB,0
Russia,PalmFruit,PalmFruitAEZ10,PalmFruitAEZ10,2005,NOx_AWB,0
Russia,PalmFruit,PalmFruitAEZ11,PalmFruitAEZ11,2005,NOx_AWB,0
Russia,PalmFruit,PalmFruitAEZ13,PalmFruitAEZ13,2005,NOx_AWB,0
Russia,PalmFruit,PalmFruitAEZ14,PalmFruitAEZ14,2005,NOx_AWB,0
Russia,PalmFruit,PalmFruitAEZ15,PalmFruitAEZ15,2005,NOx_AWB,0
Russia,PalmFruit,PalmFruitAEZ16,PalmFruitAEZ16,2005,NOx_AWB,0
Russia,Rice,RiceAEZ07,RiceAEZ07,2005,NOx_AWB,1.59612586759244e-05
Russia,Rice,RiceAEZ08,RiceAEZ08,2005,NOx_AWB,1.57711907627222e-05
Russia,Rice,RiceAEZ09,RiceAEZ09,2005,NOx_AWB,1.61177590395434e-05
Russia,Rice,RiceAEZ10,RiceAEZ10,2005,NOx_AWB,1.90063467169105e-05
Russia,Rice,RiceAEZ11,RiceAEZ11,2005,NOx_AWB,7.42042917273475e-07
Russia,Rice,RiceAEZ13,RiceAEZ13,2005,NOx_AWB,0
Russia,Rice,RiceAEZ14,RiceAEZ14,2005,NOx_AWB,0
Russia,Rice,RiceAEZ15,RiceAEZ15,2005,NOx_AWB,4.02715005286132e-05
Russia,Rice,RiceAEZ16,RiceAEZ16,2005,NOx_AWB,3.7302217351255e-07
Russia,Root_Tuber,Root_TuberAEZ07,Root_TuberAEZ07,2005,NOx_AWB,7.29984291722351e-05
Russia,Root_Tuber,Root_TuberAEZ08,Root_TuberAEZ08,2005,NOx_AWB,0.0008156132607708
Russia,Root_Tuber,Root_TuberAEZ09,Root_TuberAEZ09,2005,NOx_AWB,0.00196854796708919
Russia,Root_Tuber,Root_TuberAEZ10,Root_TuberAEZ10,2005,NOx_AWB,0.00237215289518762
Russia,Root_Tuber,Root_TuberAEZ11,Root_TuberAEZ11,2005,NOx_AWB,5.54649924703337e-06
Russia,Root_Tuber,Root_TuberAEZ13,Root_TuberAEZ13,2005,NOx_AWB,9.34127328848931e-05
Russia,Root_Tuber,Root_TuberAEZ14,Root_TuberAEZ14,2005,NOx_AWB,0.000268599756567084
Russia,Root_Tuber,Root_TuberAEZ15,Root_TuberAEZ15,2005,NOx_AWB,0.0013479859659351
Russia,Root_Tuber,Root_TuberAEZ16,Root_TuberAEZ16,2005,NOx_AWB,1.54119869178973e-05
Russia,SugarCrop,SugarCropAEZ07,SugarCropAEZ07,2005,NOx_AWB,1.58333758100581e-05
Russia,SugarCrop,SugarCropAEZ08,SugarCropAEZ08,2005,NOx_AWB,0.000864135761559884
Russia,SugarCrop,SugarCropAEZ09,SugarCropAEZ09,2005,NOx_AWB,0.00214465155658408
Russia,SugarCrop,SugarCropAEZ10,SugarCropAEZ10,2005,NOx_AWB,0.00138378287685949
Russia,SugarCrop,SugarCropAEZ11,SugarCropAEZ11,2005,NOx_AWB,3.51065725716632e-05
Russia,SugarCrop,SugarCropAEZ13,SugarCropAEZ13,2005,NOx_AWB,2.32721207750648e-05
Russia,SugarCrop,SugarCropAEZ14,SugarCropAEZ14,2005,NOx_AWB,4.64708553862747e-05
Russia,SugarCrop,SugarCropAEZ15,SugarCropAEZ15,2005,NOx_AWB,6.70662469305571e-05
Russia,SugarCrop,SugarCropAEZ16,SugarCropAEZ16,2005,NOx_AWB,8.38685688701597e-06
Russia,Wheat,WheatAEZ07,WheatAEZ07,2005,NOx_AWB,0.000317973617347661
Russia,Wheat,WheatAEZ08,WheatAEZ08,2005,NOx_AWB,0.00287480438395044
Russia,Wheat,WheatAEZ09,WheatAEZ09,2005,NOx_AWB,0.00223922497461813
Russia,Wheat,WheatAEZ10,WheatAEZ10,2005,NOx_AWB,0.00133437686340633
Russia,Wheat,WheatAEZ11,WheatAEZ11,2005,NOx_AWB,4.03044869698722e-05
Russia,Wheat,WheatAEZ13,WheatAEZ13,2005,NOx_AWB,0.000169480555956405
Russia,Wheat,WheatAEZ14,WheatAEZ14,2005,NOx_AWB,0.000476303269045393
Russia,Wheat,WheatAEZ15,WheatAEZ15,2005,NOx_AWB,0.000861195318176914
Russia,Wheat,WheatAEZ16,WheatAEZ16,2005,NOx_AWB,6.83078167933931e-06
Russia,Corn,CornAEZ07,CornAEZ07,2005,SO2_AWB,2.95090907319998e-06
Russia,Corn,CornAEZ08,CornAEZ08,2005,SO2_AWB,2.76416635729878e-05
Russia,Corn,CornAEZ09,CornAEZ09,2005,SO2_AWB,2.47457742567555e-05
Russia,Corn,CornAEZ10,CornAEZ10,2005,SO2_AWB,2.30498264908522e-05
Russia,Corn,CornAEZ11,CornAEZ11,2005,SO2_AWB,1.30542484850541e-07
Russia,Corn,CornAEZ13,CornAEZ13,2005,SO2_AWB,2.3786207604496e-06
Russia,Corn,CornAEZ14,CornAEZ14,2005,SO2_AWB,6.37083223528131e-06
Russia,Corn,CornAEZ15,CornAEZ15,2005,SO2_AWB,1.23381632416089e-05
Russia,Corn,CornAEZ16,CornAEZ16,2005,SO2_AWB,1.43244662117859e-07
Russia,FiberCrop,FiberCropAEZ07,FiberCropAEZ07,2005,SO2_AWB,1.36417139385502e-06
Russia,FiberCrop,FiberCropAEZ08,FiberCropAEZ08,2005,SO2_AWB,1.56423858561947e-07
Russia,FiberCrop,FiberCropAEZ09,FiberCropAEZ09,2005,SO2_AWB,4.58927913455465e-07
Russia,FiberCrop,FiberCropAEZ10,FiberCropAEZ10,2005,SO2_AWB,7.11520914166733e-07
Russia,FiberCrop,FiberCropAEZ11,FiberCropAEZ11,2005,SO2_AWB,0
Russia,FiberCrop,FiberCropAEZ13,FiberCropAEZ13,2005,SO2_AWB,1.2916119491386e-07
Russia,FiberCrop,FiberCropAEZ14,FiberCropAEZ14,2005,SO2_AWB,1.41773541425245e-07
Russia,FiberCrop,FiberCropAEZ15,FiberCropAEZ15,2005,SO2_AWB,1.28661315326518e-07
Russia,FiberCrop,FiberCropAEZ16,FiberCropAEZ16,2005,SO2_AWB,0
Russia,FodderGrass,FodderGrassAEZ07,FodderGrassAEZ07,2005,SO2_AWB,8.38148092188669e-06
Russia,FodderGrass,FodderGrassAEZ08,FodderGrassAEZ08,2005,SO2_AWB,5.31802582948649e-05
Russia,FodderGrass,FodderGrassAEZ09,FodderGrassAEZ09,2005,SO2_AWB,6.32088375562721e-05
Russia,FodderGrass,FodderGrassAEZ10,FodderGrassAEZ10,2005,SO2_AWB,5.69026129556545e-05
Russia,FodderGrass,FodderGrassAEZ11,FodderGrassAEZ11,2005,SO2_AWB,2.71384834685547e-07
Russia,FodderGrass,FodderGrassAEZ13,FodderGrassAEZ13,2005,SO2_AWB,3.63758437687837e-06
Russia,FodderGrass,FodderGrassAEZ14,FodderGrassAEZ14,2005,SO2_AWB,9.60876760200208e-06
Russia,FodderGrass,FodderGrassAEZ15,FodderGrassAEZ15,2005,SO2_AWB,3.45952743410096e-05
Russia,FodderGrass,FodderGrassAEZ16,FodderGrassAEZ16,2005,SO2_AWB,1.90516867451926e-07
Russia,FodderHerb,FodderHerbAEZ07,FodderHerbAEZ07,2005,SO2_AWB,3.03717597998919e-05
Russia,FodderHerb,FodderHerbAEZ08,FodderHerbAEZ08,2005,SO2_AWB,0.000251334818418993
Russia,FodderHerb,FodderHerbAEZ09,FodderHerbAEZ09,2005,SO2_AWB,0.000236550021425492
Russia,FodderHerb,FodderHerbAEZ10,FodderHerbAEZ10,2005,SO2_AWB,0.000165044322059917
Russia,FodderHerb,FodderHerbAEZ11,FodderHerbAEZ11,2005,SO2_AWB,1.33227892351076e-06
Russia,FodderHerb,FodderHerbAEZ13,FodderHerbAEZ13,2005,SO2_AWB,2.23710605922538e-05
Russia,FodderHerb,FodderHerbAEZ14,FodderHerbAEZ14,2005,SO2_AWB,6.33716896106861e-05
Russia,FodderHerb,FodderHerbAEZ15,FodderHerbAEZ15,2005,SO2_AWB,0.000136323869421135
Russia,FodderHerb,FodderHerbAEZ16,FodderHerbAEZ16,2005,SO2_AWB,7.66329009446501e-07
Russia,MiscCrop,MiscCropAEZ07,MiscCropAEZ07,2005,SO2_AWB,3.13454080570091e-05
Russia,MiscCrop,MiscCropAEZ08,MiscCropAEZ08,2005,SO2_AWB,0.0001015900932633
Russia,MiscCrop,MiscCropAEZ09,MiscCropAEZ09,2005,SO2_AWB,0.000206220394757466
Russia,MiscCrop,MiscCropAEZ10,MiscCropAEZ10,2005,SO2_AWB,0.000237926004955293
Russia,MiscCrop,MiscCropAEZ11,MiscCropAEZ11,2005,SO2_AWB,5.67879067564702e-06
Russia,MiscCrop,MiscCropAEZ13,MiscCropAEZ13,2005,SO2_AWB,2.68271977779126e-06
Russia,MiscCrop,MiscCropAEZ14,MiscCropAEZ14,2005,SO2_AWB,6.91575340075146e-06
Russia,MiscCrop,MiscCropAEZ15,MiscCropAEZ15,2005,SO2_AWB,2.20438442433771e-05
Russia,MiscCrop,MiscCropAEZ16,MiscCropAEZ16,2005,SO2_AWB,2.84059255300461e-07
Russia,OilCrop,OilCropAEZ07,OilCropAEZ07,2005,SO2_AWB,7.12466263133779e-06
Russia,OilCrop,OilCropAEZ08,OilCropAEZ08,2005,SO2_AWB,0.000107582786963383
Russia,OilCrop,OilCropAEZ09,OilCropAEZ09,2005,SO2_AWB,5.95461954635946e-05
Russia,OilCrop,OilCropAEZ10,OilCropAEZ10,2005,SO2_AWB,2.52132935272593e-05
Russia,OilCrop,OilCropAEZ11,OilCropAEZ11,2005,SO2_AWB,1.78802250626232e-06
Russia,OilCrop,OilCropAEZ13,OilCropAEZ13,2005,SO2_AWB,2.4056154024998e-06
Russia,OilCrop,OilCropAEZ14,OilCropAEZ14,2005,SO2_AWB,3.63974222224461e-06
Russia,OilCrop,OilCropAEZ15,OilCropAEZ15,2005,SO2_AWB,3.66415154367511e-06
Russia,OilCrop,OilCropAEZ16,OilCropAEZ16,2005,SO2_AWB,4.14587823863129e-08
Russia,OtherGrain,OtherGrainAEZ07,OtherGrainAEZ07,2005,SO2_AWB,2.27195082108214e-05
Russia,OtherGrain,OtherGrainAEZ08,OtherGrainAEZ08,2005,SO2_AWB,0.000221458795317656
Russia,OtherGrain,OtherGrainAEZ09,OtherGrainAEZ09,2005,SO2_AWB,0.000226023710618697
Russia,OtherGrain,OtherGrainAEZ10,OtherGrainAEZ10,2005,SO2_AWB,0.000161636209381043
Russia,OtherGrain,OtherGrainAEZ11,OtherGrainAEZ11,2005,SO2_AWB,8.34298254503853e-07
Russia,OtherGrain,OtherGrainAEZ13,OtherGrainAEZ13,2005,SO2_AWB,2.66360357204569e-05
Russia,OtherGrain,OtherGrainAEZ14,OtherGrainAEZ14,2005,SO2_AWB,6.3701506954348e-05
Russia,OtherGrain,OtherGrainAEZ15,OtherGrainAEZ15,2005,SO2_AWB,0.000106618324339599
Russia,OtherGrain,OtherGrainAEZ16,OtherGrainAEZ16,2005,SO2_AWB,8.24601909805121e-07
Russia,PalmFruit,PalmFruitAEZ07,PalmFruitAEZ07,2005,SO2_AWB,0
Russia,PalmFruit,PalmFruitAEZ08,PalmFruitAEZ08,2005,SO2_AWB,0
Russia,PalmFruit,PalmFruitAEZ09,PalmFruitAEZ09,2005,SO2_AWB,0
Russia,PalmFruit,PalmFruitAEZ10,PalmFruitAEZ10,2005,SO2_AWB,0
Russia,PalmFruit,PalmFruitAEZ11,PalmFruitAEZ11,2005,SO2_AWB,0
Russia,PalmFruit,PalmFruitAEZ13,PalmFruitAEZ13,2005,SO2_AWB,0
Russia,PalmFruit,PalmFruitAEZ14,PalmFruitAEZ14,2005,SO2_AWB,0
Russia,PalmFruit,PalmFruitAEZ15,PalmFruitAEZ15,2005,SO2_AWB,0
Russia,PalmFruit,PalmFruitAEZ16,PalmFruitAEZ16,2005,SO2_AWB,0
Russia,Rice,RiceAEZ07,RiceAEZ07,2005,SO2_AWB,2.6234196440748e-06
Russia,Rice,RiceAEZ08,RiceAEZ08,2005,SO2_AWB,2.59217975834104e-06
Russia,Rice,RiceAEZ09,RiceAEZ09,2005,SO2_AWB,2.64914231022283e-06
Russia,Rice,RiceAEZ10,RiceAEZ10,2005,SO2_AWB,3.12391549761986e-06
Russia,Rice,RiceAEZ11,RiceAEZ11,2005,SO2_AWB,1.21963436934842e-07
Russia,Rice,RiceAEZ13,RiceAEZ13,2005,SO2_AWB,0
Russia,Rice,RiceAEZ14,RiceAEZ14,2005,SO2_AWB,0
Russia,Rice,RiceAEZ15,RiceAEZ15,2005,SO2_AWB,6.6190923741178e-06
Russia,Rice,RiceAEZ16,RiceAEZ16,2005,SO2_AWB,6.13105593698818e-08
Russia,Root_Tuber,Root_TuberAEZ07,Root_TuberAEZ07,2005,SO2_AWB,1.1998146071394e-05
Russia,Root_Tuber,Root_TuberAEZ08,Root_TuberAEZ08,2005,SO2_AWB,0.000134055583818179
Russia,Root_Tuber,Root_TuberAEZ09,Root_TuberAEZ09,2005,SO2_AWB,0.000323553894590722
Russia,Root_Tuber,Root_TuberAEZ10,Root_TuberAEZ10,2005,SO2_AWB,0.000389891087560092
Russia,Root_Tuber,Root_TuberAEZ11,Root_TuberAEZ11,2005,SO2_AWB,9.11632057092187e-07
Russia,Root_Tuber,Root_TuberAEZ13,Root_TuberAEZ13,2005,SO2_AWB,1.53534757773574e-05
Russia,Root_Tuber,Root_TuberAEZ14,Root_TuberAEZ14,2005,SO2_AWB,4.4147513180441e-05
Russia,Root_Tuber,Root_TuberAEZ15,Root_TuberAEZ15,2005,SO2_AWB,0.000221557267805291
Russia,Root_Tuber,Root_TuberAEZ16,Root_TuberAEZ16,2005,SO2_AWB,2.53314040299482e-06
Russia,SugarCrop,SugarCropAEZ07,SugarCropAEZ07,2005,SO2_AWB,2.60240059856807e-06
Russia,SugarCrop,SugarCropAEZ08,SugarCropAEZ08,2005,SO2_AWB,0.000142030824639364
Russia,SugarCrop,SugarCropAEZ09,SugarCropAEZ09,2005,SO2_AWB,0.000352498580310894
Russia,SugarCrop,SugarCropAEZ10,SugarCropAEZ10,2005,SO2_AWB,0.000227440909015736
Russia,SugarCrop,SugarCropAEZ11,SugarCropAEZ11,2005,SO2_AWB,5.77017602374676e-06
Russia,SugarCrop,SugarCropAEZ13,SugarCropAEZ13,2005,SO2_AWB,3.82504538271012e-06
Russia,SugarCrop,SugarCropAEZ14,SugarCropAEZ14,2005,SO2_AWB,7.63802889061643e-06
Russia,SugarCrop,SugarCropAEZ15,SugarCropAEZ15,2005,SO2_AWB,1.10231225008203e-05
Russia,SugarCrop,SugarCropAEZ16,SugarCropAEZ16,2005,SO2_AWB,1.37847807345103e-06
Russia,Wheat,WheatAEZ07,WheatAEZ07,2005,SO2_AWB,5.22626849789507e-05
Russia,Wheat,WheatAEZ08,WheatAEZ08,2005,SO2_AWB,0.000472507741830152
Russia,Wheat,WheatAEZ09,WheatAEZ09,2005,SO2_AWB,0.000368042828275001
Russia,Wheat,WheatAEZ10,WheatAEZ10,2005,SO2_AWB,0.000219320452549232
Russia,Wheat,WheatAEZ11,WheatAEZ11,2005,SO2_AWB,6.62451408175027e-06
Russia,Wheat,WheatAEZ13,WheatAEZ13,2005,SO2_AWB,2.78561126545367e-05
Russia,Wheat,WheatAEZ14,WheatAEZ14,2005,SO2_AWB,7.82860160292694e-05
Russia,Wheat,WheatAEZ15,WheatAEZ15,2005,SO2_AWB,0.000141547528359929
Russia,Wheat,WheatAEZ16,WheatAEZ16,2005,SO2_AWB,1.12271890367864e-06
South Africa,Corn,CornAEZ01,CornAEZ01,2005,CH4_AWB,3.16654498983316e-08
South Africa,Corn,CornAEZ02,CornAEZ02,2005,CH4_AWB,5.56902931969287e-07
South Africa,Corn,CornAEZ03,CornAEZ03,2005,CH4_AWB,2.91204400601232e-06
South Africa,Corn,CornAEZ04,CornAEZ04,2005,CH4_AWB,5.86523450660876e-07
South Africa,Corn,CornAEZ05,CornAEZ05,2005,CH4_AWB,2.95895348854272e-07
South Africa,Corn,CornAEZ06,CornAEZ06,2005,CH4_AWB,6.30582423024306e-07
South Africa,Corn,CornAEZ07,CornAEZ07,2005,CH4_AWB,4.30810614733233e-05
South Africa,Corn,CornAEZ08,CornAEZ08,2005,CH4_AWB,0.000105958668185825
South Africa,Corn,CornAEZ09,CornAEZ09,2005,CH4_AWB,0.000112253214310625
South Africa,Corn,CornAEZ10,CornAEZ10,2005,CH4_AWB,0.000235866950988884
South Africa,Corn,CornAEZ11,CornAEZ11,2005,CH4_AWB,5.01572050923848e-06
South Africa,FiberCrop,FiberCropAEZ01,FiberCropAEZ01,2005,CH4_AWB,3.28659618613558e-08
South Africa,FiberCrop,FiberCropAEZ02,FiberCropAEZ02,2005,CH4_AWB,3.29879889474747e-08
South Africa,FiberCrop,FiberCropAEZ03,FiberCropAEZ03,2005,CH4_AWB,1.5420156115891e-07
South Africa,FiberCrop,FiberCropAEZ04,FiberCropAEZ04,2005,CH4_AWB,1.12264919229384e-08
South Africa,FiberCrop,FiberCropAEZ05,FiberCropAEZ05,2005,CH4_AWB,8.37919324683081e-09
South Africa,FiberCrop,FiberCropAEZ06,FiberCropAEZ06,2005,CH4_AWB,4.47025892148885e-08
South Africa,FiberCrop,FiberCropAEZ07,FiberCropAEZ07,2005,CH4_AWB,8.66921095484004e-07
South Africa,FiberCrop,FiberCropAEZ08,FiberCropAEZ08,2005,CH4_AWB,1.1673924572041e-07
South Africa,FiberCrop,FiberCropAEZ09,FiberCropAEZ09,2005,CH4_AWB,8.15140935274216e-07
South Africa,FiberCrop,FiberCropAEZ10,FiberCropAEZ10,2005,CH4_AWB,7.689740210259e-07
South Africa,FiberCrop,FiberCropAEZ11,FiberCropAEZ11,2005,CH4_AWB,1.36263579499432e-08
South Africa,FodderGrass,FodderGrassAEZ01,FodderGrassAEZ01,2005,CH4_AWB,0
South Africa,FodderGrass,FodderGrassAEZ02,FodderGrassAEZ02,2005,CH4_AWB,0
South Africa,FodderGrass,FodderGrassAEZ03,FodderGrassAEZ03,2005,CH4_AWB,0
South Africa,FodderGrass,FodderGrassAEZ04,FodderGrassAEZ04,2005,CH4_AWB,0
South Africa,FodderGrass,FodderGrassAEZ05,FodderGrassAEZ05,2005,CH4_AWB,0
South Africa,FodderGrass,FodderGrassAEZ06,FodderGrassAEZ06,2005,CH4_AWB,0
South Africa,FodderGrass,FodderGrassAEZ07,FodderGrassAEZ07,2005,CH4_AWB,0
South Africa,FodderGrass,FodderGrassAEZ08,FodderGrassAEZ08,2005,CH4_AWB,0
South Africa,FodderGrass,FodderGrassAEZ09,FodderGrassAEZ09,2005,CH4_AWB,0
South Africa,FodderGrass,FodderGrassAEZ10,FodderGrassAEZ10,2005,CH4_AWB,0
South Africa,FodderGrass,FodderGrassAEZ11,FodderGrassAEZ11,2005,CH4_AWB,0
South Africa,FodderHerb,FodderHerbAEZ01,FodderHerbAEZ01,2005,CH4_AWB,8.74723203569536e-07
South Africa,FodderHerb,FodderHerbAEZ02,FodderHerbAEZ02,2005,CH4_AWB,4.05926685214086e-08
South Africa,FodderHerb,FodderHerbAEZ03,FodderHerbAEZ03,2005,CH4_AWB,3.95746939628731e-06
South Africa,FodderHerb,FodderHerbAEZ04,FodderHerbAEZ04,2005,CH4_AWB,4.89931117058039e-06
South Africa,FodderHerb,FodderHerbAEZ05,FodderHerbAEZ05,2005,CH4_AWB,4.26848847037568e-06
South Africa,FodderHerb,FodderHerbAEZ06,FodderHerbAEZ06,2005,CH4_AWB,1.30513754525375e-05
South Africa,FodderHerb,FodderHerbAEZ07,FodderHerbAEZ07,2005,CH4_AWB,0.000154162629815264
South Africa,FodderHerb,FodderHerbAEZ08,FodderHerbAEZ08,2005,CH4_AWB,4.30437881987036e-05
South Africa,FodderHerb,FodderHerbAEZ09,FodderHerbAEZ09,2005,CH4_AWB,3.94779490598201e-05
South Africa,FodderHerb,FodderHerbAEZ10,FodderHerbAEZ10,2005,CH4_AWB,3.71105409959682e-05
South Africa,FodderHerb,FodderHerbAEZ11,FodderHerbAEZ11,2005,CH4_AWB,1.34117717471752e-05
South Africa,MiscCrop,MiscCropAEZ01,MiscCropAEZ01,2005,CH4_AWB,2.02591106123504e-06
South Africa,MiscCrop,MiscCropAEZ02,MiscCropAEZ02,2005,CH4_AWB,2.66872192330605e-06
South Africa,MiscCrop,MiscCropAEZ03,MiscCropAEZ03,2005,CH4_AWB,8.90423595497407e-06
South Africa,MiscCrop,MiscCropAEZ04,MiscCropAEZ04,2005,CH4_AWB,4.03702628251137e-06
South Africa,MiscCrop,MiscCropAEZ05,MiscCropAEZ05,2005,CH4_AWB,3.14703785877745e-06
South Africa,MiscCrop,MiscCropAEZ06,MiscCropAEZ06,2005,CH4_AWB,1.20037779241362e-05
South Africa,MiscCrop,MiscCropAEZ07,MiscCropAEZ07,2005,CH4_AWB,0.000206774723122916
South Africa,MiscCrop,MiscCropAEZ08,MiscCropAEZ08,2005,CH4_AWB,2.47769395261245e-05
South Africa,MiscCrop,MiscCropAEZ09,MiscCropAEZ09,2005,CH4_AWB,6.79058183274021e-05
South Africa,MiscCrop,MiscCropAEZ10,MiscCropAEZ10,2005,CH4_AWB,8.10848086825437e-05
South Africa,MiscCrop,MiscCropAEZ11,MiscCropAEZ11,2005,CH4_AWB,1.2677796818389e-05
South Africa,OilCrop,OilCropAEZ01,OilCropAEZ01,2005,CH4_AWB,4.5259681563825e-07
South Africa,OilCrop,OilCropAEZ02,OilCropAEZ02,2005,CH4_AWB,1.25228559140149e-06
South Africa,OilCrop,OilCropAEZ03,OilCropAEZ03,2005,CH4_AWB,3.18601023984433e-06
South Africa,OilCrop,OilCropAEZ04,OilCropAEZ04,2005,CH4_AWB,1.06065012807515e-06
South Africa,OilCrop,OilCropAEZ05,OilCropAEZ05,2005,CH4_AWB,8.09504376056969e-07
South Africa,OilCrop,OilCropAEZ06,OilCropAEZ06,2005,CH4_AWB,2.24576823474413e-06
South Africa,OilCrop,OilCropAEZ07,OilCropAEZ07,2005,CH4_AWB,8.69446345599429e-06
South Africa,OilCrop,OilCropAEZ08,OilCropAEZ08,2005,CH4_AWB,8.52975665525388e-06
South Africa,OilCrop,OilCropAEZ09,OilCropAEZ09,2005,CH4_AWB,1.1412099972922e-05
South Africa,OilCrop,OilCropAEZ10,OilCropAEZ10,2005,CH4_AWB,1.17037928905515e-05
South Africa,OilCrop,OilCropAEZ11,OilCropAEZ11,2005,CH4_AWB,1.31164170836097e-06
South Africa,OtherGrain,OtherGrainAEZ01,OtherGrainAEZ01,2005,CH4_AWB,7.18770477702796e-08
South Africa,OtherGrain,OtherGrainAEZ02,OtherGrainAEZ02,2005,CH4_AWB,6.93808724692636e-08
South Africa,OtherGrain,OtherGrainAEZ03,OtherGrainAEZ03,2005,CH4_AWB,1.92205498178226e-07
South Africa,OtherGrain,OtherGrainAEZ04,OtherGrainAEZ04,2005,CH4_AWB,4.61472408213457e-08
South Africa,OtherGrain,OtherGrainAEZ05,OtherGrainAEZ05,2005,CH4_AWB,3.00181081070891e-08
South Africa,OtherGrain,OtherGrainAEZ06,OtherGrainAEZ06,2005,CH4_AWB,1.17064221168157e-07
South Africa,OtherGrain,OtherGrainAEZ07,OtherGrainAEZ07,2005,CH4_AWB,8.82020342389235e-06
South Africa,OtherGrain,OtherGrainAEZ08,OtherGrainAEZ08,2005,CH4_AWB,1.45955850165045e-06
South Africa,OtherGrain,OtherGrainAEZ09,OtherGrainAEZ09,2005,CH4_AWB,8.1922553244496e-06
South Africa,OtherGrain,OtherGrainAEZ10,OtherGrainAEZ10,2005,CH4_AWB,9.22375176422327e-06
South Africa,OtherGrain,OtherGrainAEZ11,OtherGrainAEZ11,2005,CH4_AWB,1.12775920010002e-07
South Africa,PalmFruit,PalmFruitAEZ01,PalmFruitAEZ01,2005,CH4_AWB,0
South Africa,PalmFruit,PalmFruitAEZ02,PalmFruitAEZ02,2005,CH4_AWB,0
South Africa,PalmFruit,PalmFruitAEZ03,PalmFruitAEZ03,2005,CH4_AWB,0
South Africa,PalmFruit,PalmFruitAEZ04,PalmFruitAEZ04,2005,CH4_AWB,0
South Africa,PalmFruit,PalmFruitAEZ05,PalmFruitAEZ05,2005,CH4_AWB,0
South Africa,PalmFruit,PalmFruitAEZ06,PalmFruitAEZ06,2005,CH4_AWB,0
South Africa,PalmFruit,PalmFruitAEZ07,PalmFruitAEZ07,2005,CH4_AWB,0
South Africa,PalmFruit,PalmFruitAEZ08,PalmFruitAEZ08,2005,CH4_AWB,0
South Africa,PalmFruit,PalmFruitAEZ09,PalmFruitAEZ09,2005,CH4_AWB,0
South Africa,PalmFruit,PalmFruitAEZ10,PalmFruitAEZ10,2005,CH4_AWB,0
South Africa,PalmFruit,PalmFruitAEZ11,PalmFruitAEZ11,2005,CH4_AWB,0
South Africa,Rice,RiceAEZ01,RiceAEZ01,2005,CH4_AWB,0
South Africa,Rice,RiceAEZ02,RiceAEZ02,2005,CH4_AWB,0
South Africa,Rice,RiceAEZ03,RiceAEZ03,2005,CH4_AWB,0
South Africa,Rice,RiceAEZ04,RiceAEZ04,2005,CH4_AWB,0
South Africa,Rice,RiceAEZ05,RiceAEZ05,2005,CH4_AWB,0
South Africa,Rice,RiceAEZ06,RiceAEZ06,2005,CH4_AWB,0
South Africa,Rice,RiceAEZ07,RiceAEZ07,2005,CH4_AWB,0
South Africa,Rice,RiceAEZ08,RiceAEZ08,2005,CH4_AWB,0
South Africa,Rice,RiceAEZ09,RiceAEZ09,2005,CH4_AWB,0
South Africa,Rice,RiceAEZ10,RiceAEZ10,2005,CH4_AWB,0
South Africa,Rice,RiceAEZ11,RiceAEZ11,2005,CH4_AWB,0
South Africa,Root_Tuber,Root_TuberAEZ01,Root_TuberAEZ01,2005,CH4_AWB,7.49773918205499e-08
South Africa,Root_Tuber,Root_TuberAEZ02,Root_TuberAEZ02,2005,CH4_AWB,1.1225723705723e-07
South Africa,Root_Tuber,Root_TuberAEZ03,Root_TuberAEZ03,2005,CH4_AWB,1.2036064319271e-06
South Africa,Root_Tuber,Root_TuberAEZ04,Root_TuberAEZ04,2005,CH4_AWB,6.0869528819218e-07
South Africa,Root_Tuber,Root_TuberAEZ05,Root_TuberAEZ05,2005,CH4_AWB,4.35558079782053e-07
South Africa,Root_Tuber,Root_TuberAEZ06,Root_TuberAEZ06,2005,CH4_AWB,2.44689449183721e-06
South Africa,Root_Tuber,Root_TuberAEZ07,Root_TuberAEZ07,2005,CH4_AWB,2.45767118659471e-05
South Africa,Root_Tuber,Root_TuberAEZ08,Root_TuberAEZ08,2005,CH4_AWB,1.83344785082076e-05
South Africa,Root_Tuber,Root_TuberAEZ09,Root_TuberAEZ09,2005,CH4_AWB,2.24718103521215e-05
South Africa,Root_Tuber,Root_TuberAEZ10,Root_TuberAEZ10,2005,CH4_AWB,2.84802353807717e-05
South Africa,Root_Tuber,Root_TuberAEZ11,Root_TuberAEZ11,2005,CH4_AWB,4.84011436056057e-07
South Africa,SugarCrop,SugarCropAEZ01,SugarCropAEZ01,2005,CH4_AWB,0
South Africa,SugarCrop,SugarCropAEZ02,SugarCropAEZ02,2005,CH4_AWB,3.09785050175493e-05
South Africa,SugarCrop,SugarCropAEZ03,SugarCropAEZ03,2005,CH4_AWB,6.02885761362812e-05
South Africa,SugarCrop,SugarCropAEZ04,SugarCropAEZ04,2005,CH4_AWB,1.22456295225803e-05
South Africa,SugarCrop,SugarCropAEZ05,SugarCropAEZ05,2005,CH4_AWB,9.81971153217215e-05
South Africa,SugarCrop,SugarCropAEZ06,SugarCropAEZ06,2005,CH4_AWB,0.000564774633755877
South Africa,SugarCrop,SugarCropAEZ07,SugarCropAEZ07,2005,CH4_AWB,2.83462327214874e-07
South Africa,SugarCrop,SugarCropAEZ08,SugarCropAEZ08,2005,CH4_AWB,0
South Africa,SugarCrop,SugarCropAEZ09,SugarCropAEZ09,2005,CH4_AWB,0
South Africa,SugarCrop,SugarCropAEZ10,SugarCropAEZ10,2005,CH4_AWB,0.000204120466751035
South Africa,SugarCrop,SugarCropAEZ11,SugarCropAEZ11,2005,CH4_AWB,0.000121370647334622
South Africa,Wheat,WheatAEZ01,WheatAEZ01,2005,CH4_AWB,9.94597850565622e-07
South Africa,Wheat,WheatAEZ02,WheatAEZ02,2005,CH4_AWB,1.01089568841614e-05
South Africa,Wheat,WheatAEZ03,WheatAEZ03,2005,CH4_AWB,1.12974929980064e-05
South Africa,Wheat,WheatAEZ04,WheatAEZ04,2005,CH4_AWB,0
South Africa,Wheat,WheatAEZ05,WheatAEZ05,2005,CH4_AWB,4.93047717224272e-08
South Africa,Wheat,WheatAEZ06,WheatAEZ06,2005,CH4_AWB,0
South Africa,Wheat,WheatAEZ07,WheatAEZ07,2005,CH4_AWB,1.61767708384137e-05
South Africa,Wheat,WheatAEZ08,WheatAEZ08,2005,CH4_AWB,1.29575435360833e-05
South Africa,Wheat,WheatAEZ09,WheatAEZ09,2005,CH4_AWB,2.70238206173476e-05
South Africa,Wheat,WheatAEZ10,WheatAEZ10,2005,CH4_AWB,2.02580692009628e-05
South Africa,Wheat,WheatAEZ11,WheatAEZ11,2005,CH4_AWB,2.90930499310592e-07
South Africa,Corn,CornAEZ01,CornAEZ01,2005,CO_AWB,1.16026075963352e-06
South Africa,Corn,CornAEZ02,CornAEZ02,2005,CO_AWB,2.04056036141418e-05
South Africa,Corn,CornAEZ03,CornAEZ03,2005,CO_AWB,0.000106700849075261
South Africa,Corn,CornAEZ04,CornAEZ04,2005,CO_AWB,2.14909355967344e-05
South Africa,Corn,CornAEZ05,CornAEZ05,2005,CO_AWB,1.08419669809199e-05
South Africa,Corn,CornAEZ06,CornAEZ06,2005,CO_AWB,2.31053101566158e-05
South Africa,Corn,CornAEZ07,CornAEZ07,2005,CO_AWB,0.00157854271047291
South Africa,Corn,CornAEZ08,CornAEZ08,2005,CO_AWB,0.00388245501749589
South Africa,Corn,CornAEZ09,CornAEZ09,2005,CO_AWB,0.00411309487550383
South Africa,Corn,CornAEZ10,CornAEZ10,2005,CO_AWB,0.00864245316600492
South Africa,Corn,CornAEZ11,CornAEZ11,2005,CO_AWB,0.000183782125529349
South Africa,FiberCrop,FiberCropAEZ01,FiberCropAEZ01,2005,CO_AWB,1.20424898423288e-06
South Africa,FiberCrop,FiberCropAEZ02,FiberCropAEZ02,2005,CO_AWB,1.208720205709e-06
South Africa,FiberCrop,FiberCropAEZ03,FiberCropAEZ03,2005,CO_AWB,5.6501335386471e-06
South Africa,FiberCrop,FiberCropAEZ04,FiberCropAEZ04,2005,CO_AWB,4.11352375802323e-07
South Africa,FiberCrop,FiberCropAEZ05,FiberCropAEZ05,2005,CO_AWB,3.07023874693037e-07
South Africa,FiberCrop,FiberCropAEZ06,FiberCropAEZ06,2005,CO_AWB,1.63795746741576e-06
South Africa,FiberCrop,FiberCropAEZ07,FiberCropAEZ07,2005,CO_AWB,3.17650477734597e-05
South Africa,FiberCrop,FiberCropAEZ08,FiberCropAEZ08,2005,CO_AWB,4.27746854548065e-06
South Africa,FiberCrop,FiberCropAEZ09,FiberCropAEZ09,2005,CO_AWB,2.98677594604293e-05
South Africa,FiberCrop,FiberCropAEZ10,FiberCropAEZ10,2005,CO_AWB,2.81761473353002e-05
South Africa,FiberCrop,FiberCropAEZ11,FiberCropAEZ11,2005,CO_AWB,4.99286398165859e-07
South Africa,FodderGrass,FodderGrassAEZ01,FodderGrassAEZ01,2005,CO_AWB,0
South Africa,FodderGrass,FodderGrassAEZ02,FodderGrassAEZ02,2005,CO_AWB,0
South Africa,FodderGrass,FodderGrassAEZ03,FodderGrassAEZ03,2005,CO_AWB,0
South Africa,FodderGrass,FodderGrassAEZ04,FodderGrassAEZ04,2005,CO_AWB,0
South Africa,FodderGrass,FodderGrassAEZ05,FodderGrassAEZ05,2005,CO_AWB,0
South Africa,FodderGrass,FodderGrassAEZ06,FodderGrassAEZ06,2005,CO_AWB,0
South Africa,FodderGrass,FodderGrassAEZ07,FodderGrassAEZ07,2005,CO_AWB,0
South Africa,FodderGrass,FodderGrassAEZ08,FodderGrassAEZ08,2005,CO_AWB,0
South Africa,FodderGrass,FodderGrassAEZ09,FodderGrassAEZ09,2005,CO_AWB,0
South Africa,FodderGrass,FodderGrassAEZ10,FodderGrassAEZ10,2005,CO_AWB,0
South Africa,FodderGrass,FodderGrassAEZ11,FodderGrassAEZ11,2005,CO_AWB,0
South Africa,FodderHerb,FodderHerbAEZ01,FodderHerbAEZ01,2005,CO_AWB,3.20509265430059e-05
South Africa,FodderHerb,FodderHerbAEZ02,FodderHerbAEZ02,2005,CO_AWB,1.48736495345619e-06
South Africa,FodderHerb,FodderHerbAEZ03,FodderHerbAEZ03,2005,CO_AWB,0.000145006512230375
South Africa,FodderHerb,FodderHerbAEZ04,FodderHerbAEZ04,2005,CO_AWB,0.000179516745181571
South Africa,FodderHerb,FodderHerbAEZ05,FodderHerbAEZ05,2005,CO_AWB,0.000156402630975597
South Africa,FodderHerb,FodderHerbAEZ06,FodderHerbAEZ06,2005,CO_AWB,0.000478218337192214
South Africa,FodderHerb,FodderHerbAEZ07,FodderHerbAEZ07,2005,CO_AWB,0.00564870704666617
South Africa,FodderHerb,FodderHerbAEZ08,FodderHerbAEZ08,2005,CO_AWB,0.00157717697216624
South Africa,FodderHerb,FodderHerbAEZ09,FodderHerbAEZ09,2005,CO_AWB,0.00144652027089417
South Africa,FodderHerb,FodderHerbAEZ10,FodderHerbAEZ10,2005,CO_AWB,0.00135977554794387
South Africa,FodderHerb,FodderHerbAEZ11,FodderHerbAEZ11,2005,CO_AWB,0.00049142369760642
South Africa,MiscCrop,MiscCropAEZ01,MiscCropAEZ01,2005,CO_AWB,7.4231855678841e-05
South Africa,MiscCrop,MiscCropAEZ02,MiscCropAEZ02,2005,CO_AWB,9.77852307776263e-05
South Africa,MiscCrop,MiscCropAEZ03,MiscCropAEZ03,2005,CO_AWB,0.000326262080792943
South Africa,MiscCrop,MiscCropAEZ04,MiscCropAEZ04,2005,CO_AWB,0.00014792157371034
South Africa,MiscCrop,MiscCropAEZ05,MiscCropAEZ05,2005,CO_AWB,0.000115311310855968
South Africa,MiscCrop,MiscCropAEZ06,MiscCropAEZ06,2005,CO_AWB,0.000439833084243157
South Africa,MiscCrop,MiscCropAEZ07,MiscCropAEZ07,2005,CO_AWB,0.0075764784045038
South Africa,MiscCrop,MiscCropAEZ08,MiscCropAEZ08,2005,CO_AWB,0.000907857326148073
South Africa,MiscCrop,MiscCropAEZ09,MiscCropAEZ09,2005,CO_AWB,0.00248815212192008
South Africa,MiscCrop,MiscCropAEZ10,MiscCropAEZ10,2005,CO_AWB,0.00297104642500923
South Africa,MiscCrop,MiscCropAEZ11,MiscCropAEZ11,2005,CO_AWB,0.000464529959757764
South Africa,OilCrop,OilCropAEZ01,OilCropAEZ01,2005,CO_AWB,1.65837001149893e-05
South Africa,OilCrop,OilCropAEZ02,OilCropAEZ02,2005,CO_AWB,4.58852735780698e-05
South Africa,OilCrop,OilCropAEZ03,OilCropAEZ03,2005,CO_AWB,0.000116739306498113
South Africa,OilCrop,OilCropAEZ04,OilCropAEZ04,2005,CO_AWB,3.88635161432115e-05
South Africa,OilCrop,OilCropAEZ05,OilCropAEZ05,2005,CO_AWB,2.96612290463622e-05
South Africa,OilCrop,OilCropAEZ06,OilCropAEZ06,2005,CO_AWB,8.22876910440597e-05
South Africa,OilCrop,OilCropAEZ07,OilCropAEZ07,2005,CO_AWB,0.000318575760219638
South Africa,OilCrop,OilCropAEZ08,OilCropAEZ08,2005,CO_AWB,0.000312540701871898
South Africa,OilCrop,OilCropAEZ09,OilCropAEZ09,2005,CO_AWB,0.000418153281450575
South Africa,OilCrop,OilCropAEZ10,OilCropAEZ10,2005,CO_AWB,0.000428841266218681
South Africa,OilCrop,OilCropAEZ11,OilCropAEZ11,2005,CO_AWB,4.8060154199486e-05
South Africa,OtherGrain,OtherGrainAEZ01,OtherGrainAEZ01,2005,CO_AWB,2.63366281906368e-06
South Africa,OtherGrain,OtherGrainAEZ02,OtherGrainAEZ02,2005,CO_AWB,2.54219990727073e-06
South Africa,OtherGrain,OtherGrainAEZ03,OtherGrainAEZ03,2005,CO_AWB,7.04264420805715e-06
South Africa,OtherGrain,OtherGrainAEZ04,OtherGrainAEZ04,2005,CO_AWB,1.69089126673633e-06
South Africa,OtherGrain,OtherGrainAEZ05,OtherGrainAEZ05,2005,CO_AWB,1.09990014438189e-06
South Africa,OtherGrain,OtherGrainAEZ06,OtherGrainAEZ06,2005,CO_AWB,4.28937604280271e-06
South Africa,OtherGrain,OtherGrainAEZ07,OtherGrainAEZ07,2005,CO_AWB,0.000323183026218956
South Africa,OtherGrain,OtherGrainAEZ08,OtherGrainAEZ08,2005,CO_AWB,5.34800061673446e-05
South Africa,OtherGrain,OtherGrainAEZ09,OtherGrainAEZ09,2005,CO_AWB,0.000300174240895863
South Africa,OtherGrain,OtherGrainAEZ10,OtherGrainAEZ10,2005,CO_AWB,0.00033796953029215
South Africa,OtherGrain,OtherGrainAEZ11,OtherGrainAEZ11,2005,CO_AWB,4.13224745074815e-06
South Africa,PalmFruit,PalmFruitAEZ01,PalmFruitAEZ01,2005,CO_AWB,0
South Africa,PalmFruit,PalmFruitAEZ02,PalmFruitAEZ02,2005,CO_AWB,0
South Africa,PalmFruit,PalmFruitAEZ03,PalmFruitAEZ03,2005,CO_AWB,0
South Africa,PalmFruit,PalmFruitAEZ04,PalmFruitAEZ04,2005,CO_AWB,0
South Africa,PalmFruit,PalmFruitAEZ05,PalmFruitAEZ05,2005,CO_AWB,0
South Africa,PalmFruit,PalmFruitAEZ06,PalmFruitAEZ06,2005,CO_AWB,0
South Africa,PalmFruit,PalmFruitAEZ07,PalmFruitAEZ07,2005,CO_AWB,0
South Africa,PalmFruit,PalmFruitAEZ08,PalmFruitAEZ08,2005,CO_AWB,0
South Africa,PalmFruit,PalmFruitAEZ09,PalmFruitAEZ09,2005,CO_AWB,0
South Africa,PalmFruit,PalmFruitAEZ10,PalmFruitAEZ10,2005,CO_AWB,0
South Africa,PalmFruit,PalmFruitAEZ11,PalmFruitAEZ11,2005,CO_AWB,0
South Africa,Rice,RiceAEZ01,RiceAEZ01,2005,CO_AWB,0
South Africa,Rice,RiceAEZ02,RiceAEZ02,2005,CO_AWB,0
South Africa,Rice,RiceAEZ03,RiceAEZ03,2005,CO_AWB,0
South Africa,Rice,RiceAEZ04,RiceAEZ04,2005,CO_AWB,0
South Africa,Rice,RiceAEZ05,RiceAEZ05,2005,CO_AWB,0
South Africa,Rice,RiceAEZ06,RiceAEZ06,2005,CO_AWB,0
South Africa,Rice,RiceAEZ07,RiceAEZ07,2005,CO_AWB,0
South Africa,Rice,RiceAEZ08,RiceAEZ08,2005,CO_AWB,0
South Africa,Rice,RiceAEZ09,RiceAEZ09,2005,CO_AWB,0
South Africa,Rice,RiceAEZ10,RiceAEZ10,2005,CO_AWB,0
South Africa,Rice,RiceAEZ11,RiceAEZ11,2005,CO_AWB,0
South Africa,Root_Tuber,Root_TuberAEZ01,Root_TuberAEZ01,2005,CO_AWB,2.74726321174534e-06
South Africa,Root_Tuber,Root_TuberAEZ02,Root_TuberAEZ02,2005,CO_AWB,4.1132422738527e-06
South Africa,Root_Tuber,Root_TuberAEZ03,Root_TuberAEZ03,2005,CO_AWB,4.41016097194663e-05
South Africa,Root_Tuber,Root_TuberAEZ04,Root_TuberAEZ04,2005,CO_AWB,2.23033388039883e-05
South Africa,Root_Tuber,Root_TuberAEZ05,Root_TuberAEZ05,2005,CO_AWB,1.59593800225485e-05
South Africa,Root_Tuber,Root_TuberAEZ06,Root_TuberAEZ06,2005,CO_AWB,8.96572027543406e-05
South Africa,Root_Tuber,Root_TuberAEZ07,Root_TuberAEZ07,2005,CO_AWB,0.000900520740126305
South Africa,Root_Tuber,Root_TuberAEZ08,Root_TuberAEZ08,2005,CO_AWB,0.00067179768579692
South Africa,Root_Tuber,Root_TuberAEZ09,Root_TuberAEZ09,2005,CO_AWB,0.000823394577787659
South Africa,Root_Tuber,Root_TuberAEZ10,Root_TuberAEZ10,2005,CO_AWB,0.00104355060937179
South Africa,Root_Tuber,Root_TuberAEZ11,Root_TuberAEZ11,2005,CO_AWB,1.77347701760998e-05
South Africa,SugarCrop,SugarCropAEZ01,SugarCropAEZ01,2005,CO_AWB,0
South Africa,SugarCrop,SugarCropAEZ02,SugarCropAEZ02,2005,CO_AWB,0.00113509026018501
South Africa,SugarCrop,SugarCropAEZ03,SugarCropAEZ03,2005,CO_AWB,0.00220904706453549
South Africa,SugarCrop,SugarCropAEZ04,SugarCropAEZ04,2005,CO_AWB,0.000448694822201415
South Africa,SugarCrop,SugarCropAEZ05,SugarCropAEZ05,2005,CO_AWB,0.0035980622407959
South Africa,SugarCrop,SugarCropAEZ06,SugarCropAEZ06,2005,CO_AWB,0.0206940323818947
South Africa,SugarCrop,SugarCropAEZ07,SugarCropAEZ07,2005,CO_AWB,1.03864058826824e-05
South Africa,SugarCrop,SugarCropAEZ08,SugarCropAEZ08,2005,CO_AWB,0
South Africa,SugarCrop,SugarCropAEZ09,SugarCropAEZ09,2005,CO_AWB,0
South Africa,SugarCrop,SugarCropAEZ10,SugarCropAEZ10,2005,CO_AWB,0.00747922320919823
South Africa,SugarCrop,SugarCropAEZ11,SugarCropAEZ11,2005,CO_AWB,0.00444716875729913
South Africa,Wheat,WheatAEZ01,WheatAEZ01,2005,CO_AWB,3.64432800207251e-05
South Africa,Wheat,WheatAEZ02,WheatAEZ02,2005,CO_AWB,0.000370404527053244
South Africa,Wheat,WheatAEZ03,WheatAEZ03,2005,CO_AWB,0.000413953941911683
South Africa,Wheat,WheatAEZ04,WheatAEZ04,2005,CO_AWB,0
South Africa,Wheat,WheatAEZ05,WheatAEZ05,2005,CO_AWB,1.80658705547825e-06
South Africa,Wheat,WheatAEZ06,WheatAEZ06,2005,CO_AWB,0
South Africa,Wheat,WheatAEZ07,WheatAEZ07,2005,CO_AWB,0.000592736641407524
South Africa,Wheat,WheatAEZ08,WheatAEZ08,2005,CO_AWB,0.000474780221169464
South Africa,Wheat,WheatAEZ09,WheatAEZ09,2005,CO_AWB,0.000990185793612737
South Africa,Wheat,WheatAEZ10,WheatAEZ10,2005,CO_AWB,0.000742280398203216
South Africa,Wheat,WheatAEZ11,WheatAEZ11,2005,CO_AWB,1.06600488297011e-05
South Africa,Corn,CornAEZ01,CornAEZ01,2005,N2O_AWB,8.20642766449128e-10
South Africa,Corn,CornAEZ02,CornAEZ02,2005,N2O_AWB,1.44327133895857e-08
South Africa,Corn,CornAEZ03,CornAEZ03,2005,N2O_AWB,7.54686213771895e-08
South Africa,Corn,CornAEZ04,CornAEZ04,2005,N2O_AWB,1.52003596564402e-08
South Africa,Corn,CornAEZ05,CornAEZ05,2005,N2O_AWB,7.66843289587981e-09
South Africa,Corn,CornAEZ06,CornAEZ06,2005,N2O_AWB,1.63421933295231e-08
South Africa,Corn,CornAEZ07,CornAEZ07,2005,N2O_AWB,1.1164901045949e-06
South Africa,Corn,CornAEZ08,CornAEZ08,2005,N2O_AWB,2.74602808008303e-06
South Africa,Corn,CornAEZ09,CornAEZ09,2005,N2O_AWB,2.90915772965323e-06
South Africa,Corn,CornAEZ10,CornAEZ10,2005,N2O_AWB,6.11273510387223e-06
South Africa,Corn,CornAEZ11,CornAEZ11,2005,N2O_AWB,1.29987565869196e-07
South Africa,FiberCrop,FiberCropAEZ01,FiberCropAEZ01,2005,N2O_AWB,8.51755271139716e-10
South Africa,FiberCrop,FiberCropAEZ02,FiberCropAEZ02,2005,N2O_AWB,8.54917728829591e-10
South Africa,FiberCrop,FiberCropAEZ03,FiberCropAEZ03,2005,N2O_AWB,3.99629236743894e-09
South Africa,FiberCrop,FiberCropAEZ04,FiberCropAEZ04,2005,N2O_AWB,2.90946107468518e-10
South Africa,FiberCrop,FiberCropAEZ05,FiberCropAEZ05,2005,N2O_AWB,2.17155428038096e-10
South Africa,FiberCrop,FiberCropAEZ06,FiberCropAEZ06,2005,N2O_AWB,1.15851366705761e-09
South Africa,FiberCrop,FiberCropAEZ07,FiberCropAEZ07,2005,N2O_AWB,2.24671535814366e-08
South Africa,FiberCrop,FiberCropAEZ08,FiberCropAEZ08,2005,N2O_AWB,3.02541785664725e-09
South Africa,FiberCrop,FiberCropAEZ09,FiberCropAEZ09,2005,N2O_AWB,2.11252173683661e-08
South Africa,FiberCrop,FiberCropAEZ10,FiberCropAEZ10,2005,N2O_AWB,1.992875420903e-08
South Africa,FiberCrop,FiberCropAEZ11,FiberCropAEZ11,2005,N2O_AWB,3.53141108702727e-10
South Africa,FodderGrass,FodderGrassAEZ01,FodderGrassAEZ01,2005,N2O_AWB,0
South Africa,FodderGrass,FodderGrassAEZ02,FodderGrassAEZ02,2005,N2O_AWB,0
South Africa,FodderGrass,FodderGrassAEZ03,FodderGrassAEZ03,2005,N2O_AWB,0
South Africa,FodderGrass,FodderGrassAEZ04,FodderGrassAEZ04,2005,N2O_AWB,0
South Africa,FodderGrass,FodderGrassAEZ05,FodderGrassAEZ05,2005,N2O_AWB,0
South Africa,FodderGrass,FodderGrassAEZ06,FodderGrassAEZ06,2005,N2O_AWB,0
South Africa,FodderGrass,FodderGrassAEZ07,FodderGrassAEZ07,2005,N2O_AWB,0
South Africa,FodderGrass,FodderGrassAEZ08,FodderGrassAEZ08,2005,N2O_AWB,0
South Africa,FodderGrass,FodderGrassAEZ09,FodderGrassAEZ09,2005,N2O_AWB,0
South Africa,FodderGrass,FodderGrassAEZ10,FodderGrassAEZ10,2005,N2O_AWB,0
South Africa,FodderGrass,FodderGrassAEZ11,FodderGrassAEZ11,2005,N2O_AWB,0
South Africa,FodderHerb,FodderHerbAEZ01,FodderHerbAEZ01,2005,N2O_AWB,2.26693532528135e-08
South Africa,FodderHerb,FodderHerbAEZ02,FodderHerbAEZ02,2005,N2O_AWB,1.05200083687162e-09
South Africa,FodderHerb,FodderHerbAEZ03,FodderHerbAEZ03,2005,N2O_AWB,1.02561897712942e-07
South Africa,FodderHerb,FodderHerbAEZ04,FodderHerbAEZ04,2005,N2O_AWB,1.26970697894049e-07
South Africa,FodderHerb,FodderHerbAEZ05,FodderHerbAEZ05,2005,N2O_AWB,1.10622277533782e-07
South Africa,FodderHerb,FodderHerbAEZ06,FodderHerbAEZ06,2005,N2O_AWB,3.38239844743243e-07
South Africa,FodderHerb,FodderHerbAEZ07,FodderHerbAEZ07,2005,N2O_AWB,3.99528342154826e-06
South Africa,FodderHerb,FodderHerbAEZ08,FodderHerbAEZ08,2005,N2O_AWB,1.11552412927174e-06
South Africa,FodderHerb,FodderHerbAEZ09,FodderHerbAEZ09,2005,N2O_AWB,1.02311173326786e-06
South Africa,FodderHerb,FodderHerbAEZ10,FodderHerbAEZ10,2005,N2O_AWB,9.61757913597802e-07
South Africa,FodderHerb,FodderHerbAEZ11,FodderHerbAEZ11,2005,N2O_AWB,3.47579886119541e-07
South Africa,MiscCrop,MiscCropAEZ01,MiscCropAEZ01,2005,N2O_AWB,5.25035729228469e-08
South Africa,MiscCrop,MiscCropAEZ02,MiscCropAEZ02,2005,N2O_AWB,6.91626788520919e-08
South Africa,MiscCrop,MiscCropAEZ03,MiscCropAEZ03,2005,N2O_AWB,2.30762450894175e-07
South Africa,MiscCrop,MiscCropAEZ04,MiscCropAEZ04,2005,N2O_AWB,1.04623696405543e-07
South Africa,MiscCrop,MiscCropAEZ05,MiscCropAEZ05,2005,N2O_AWB,8.15587292408355e-08
South Africa,MiscCrop,MiscCropAEZ06,MiscCropAEZ06,2005,N2O_AWB,3.11090275209483e-07
South Africa,MiscCrop,MiscCropAEZ07,MiscCropAEZ07,2005,N2O_AWB,5.3587800381855e-06
South Africa,MiscCrop,MiscCropAEZ08,MiscCropAEZ08,2005,N2O_AWB,6.42119921306814e-07
South Africa,MiscCrop,MiscCropAEZ09,MiscCropAEZ09,2005,N2O_AWB,1.75984926123305e-06
South Africa,MiscCrop,MiscCropAEZ10,MiscCropAEZ10,2005,N2O_AWB,2.10139637768882e-06
South Africa,MiscCrop,MiscCropAEZ11,MiscCropAEZ11,2005,N2O_AWB,3.28558169453669e-07
South Africa,OilCrop,OilCropAEZ01,OilCropAEZ01,2005,N2O_AWB,1.1729512893831e-08
South Africa,OilCrop,OilCropAEZ02,OilCropAEZ02,2005,N2O_AWB,3.24542716244889e-08
South Africa,OilCrop,OilCropAEZ03,OilCropAEZ03,2005,N2O_AWB,8.2568738658561e-08
South Africa,OilCrop,OilCropAEZ04,OilCropAEZ04,2005,N2O_AWB,2.74878411054589e-08
South Africa,OilCrop,OilCropAEZ05,OilCropAEZ05,2005,N2O_AWB,2.09791401275833e-08
South Africa,OilCrop,OilCropAEZ06,OilCropAEZ06,2005,N2O_AWB,5.82013981447047e-08
South Africa,OilCrop,OilCropAEZ07,OilCropAEZ07,2005,N2O_AWB,2.25325980405348e-07
South Africa,OilCrop,OilCropAEZ08,OilCropAEZ08,2005,N2O_AWB,2.21057433928144e-07
South Africa,OilCrop,OilCropAEZ09,OilCropAEZ09,2005,N2O_AWB,2.95756331359313e-07
South Africa,OilCrop,OilCropAEZ10,OilCropAEZ10,2005,N2O_AWB,3.03315853919255e-07
South Africa,OilCrop,OilCropAEZ11,OilCropAEZ11,2005,N2O_AWB,3.39925465640114e-08
South Africa,OtherGrain,OtherGrainAEZ01,OtherGrainAEZ01,2005,N2O_AWB,1.86276776473358e-09
South Africa,OtherGrain,OtherGrainAEZ02,OtherGrainAEZ02,2005,N2O_AWB,1.79807680941336e-09
South Africa,OtherGrain,OtherGrainAEZ03,OtherGrainAEZ03,2005,N2O_AWB,4.98120355965709e-09
South Africa,OtherGrain,OtherGrainAEZ04,OtherGrainAEZ04,2005,N2O_AWB,1.19595330220205e-09
South Africa,OtherGrain,OtherGrainAEZ05,OtherGrainAEZ05,2005,N2O_AWB,7.77950206286774e-10
South Africa,OtherGrain,OtherGrainAEZ06,OtherGrainAEZ06,2005,N2O_AWB,3.033839930274e-09
South Africa,OtherGrain,OtherGrainAEZ07,OtherGrainAEZ07,2005,N2O_AWB,2.28584661252783e-07
South Africa,OtherGrain,OtherGrainAEZ08,OtherGrainAEZ08,2005,N2O_AWB,3.78259626954448e-08
South Africa,OtherGrain,OtherGrainAEZ09,OtherGrainAEZ09,2005,N2O_AWB,2.12310739133636e-07
South Africa,OtherGrain,OtherGrainAEZ10,OtherGrainAEZ10,2005,N2O_AWB,2.39043032362886e-07
South Africa,OtherGrain,OtherGrainAEZ11,OtherGrainAEZ11,2005,N2O_AWB,2.92270418651875e-09
South Africa,PalmFruit,PalmFruitAEZ01,PalmFruitAEZ01,2005,N2O_AWB,0
South Africa,PalmFruit,PalmFruitAEZ02,PalmFruitAEZ02,2005,N2O_AWB,0
South Africa,PalmFruit,PalmFruitAEZ03,PalmFruitAEZ03,2005,N2O_AWB,0
South Africa,PalmFruit,PalmFruitAEZ04,PalmFruitAEZ04,2005,N2O_AWB,0
South Africa,PalmFruit,PalmFruitAEZ05,PalmFruitAEZ05,2005,N2O_AWB,0
South Africa,PalmFruit,PalmFruitAEZ06,PalmFruitAEZ06,2005,N2O_AWB,0
South Africa,PalmFruit,PalmFruitAEZ07,PalmFruitAEZ07,2005,N2O_AWB,0
South Africa,PalmFruit,PalmFruitAEZ08,PalmFruitAEZ08,2005,N2O_AWB,0
South Africa,PalmFruit,PalmFruitAEZ09,PalmFruitAEZ09,2005,N2O_AWB,0
South Africa,PalmFruit,PalmFruitAEZ10,PalmFruitAEZ10,2005,N2O_AWB,0
South Africa,PalmFruit,PalmFruitAEZ11,PalmFruitAEZ11,2005,N2O_AWB,0
South Africa,Rice,RiceAEZ01,RiceAEZ01,2005,N2O_AWB,0
South Africa,Rice,RiceAEZ02,RiceAEZ02,2005,N2O_AWB,0
South Africa,Rice,RiceAEZ03,RiceAEZ03,2005,N2O_AWB,0
South Africa,Rice,RiceAEZ04,RiceAEZ04,2005,N2O_AWB,0
South Africa,Rice,RiceAEZ05,RiceAEZ05,2005,N2O_AWB,0
South Africa,Rice,RiceAEZ06,RiceAEZ06,2005,N2O_AWB,0
South Africa,Rice,RiceAEZ07,RiceAEZ07,2005,N2O_AWB,0
South Africa,Rice,RiceAEZ08,RiceAEZ08,2005,N2O_AWB,0
South Africa,Rice,RiceAEZ09,RiceAEZ09,2005,N2O_AWB,0
South Africa,Rice,RiceAEZ10,RiceAEZ10,2005,N2O_AWB,0
South Africa,Rice,RiceAEZ11,RiceAEZ11,2005,N2O_AWB,0
South Africa,Root_Tuber,Root_TuberAEZ01,Root_TuberAEZ01,2005,N2O_AWB,1.94311637580738e-09
South Africa,Root_Tuber,Root_TuberAEZ02,Root_TuberAEZ02,2005,N2O_AWB,2.90926198327706e-09
South Africa,Root_Tuber,Root_TuberAEZ03,Root_TuberAEZ03,2005,N2O_AWB,3.11927010411642e-08
South Africa,Root_Tuber,Root_TuberAEZ04,Root_TuberAEZ04,2005,N2O_AWB,1.57749656749042e-08
South Africa,Root_Tuber,Root_TuberAEZ05,Root_TuberAEZ05,2005,N2O_AWB,1.1287936495115e-08
South Africa,Root_Tuber,Root_TuberAEZ06,Root_TuberAEZ06,2005,N2O_AWB,6.34137923647888e-08
South Africa,Root_Tuber,Root_TuberAEZ07,Root_TuberAEZ07,2005,N2O_AWB,6.36930815151835e-07
South Africa,Root_Tuber,Root_TuberAEZ08,Root_TuberAEZ08,2005,N2O_AWB,4.75156904850113e-07
South Africa,Root_Tuber,Root_TuberAEZ09,Root_TuberAEZ09,2005,N2O_AWB,5.8238012324773e-07
South Africa,Root_Tuber,Root_TuberAEZ10,Root_TuberAEZ10,2005,N2O_AWB,7.38094649753586e-07
South Africa,Root_Tuber,Root_TuberAEZ11,Root_TuberAEZ11,2005,N2O_AWB,1.25436551558039e-08
South Africa,SugarCrop,SugarCropAEZ01,SugarCropAEZ01,2005,N2O_AWB,0
South Africa,SugarCrop,SugarCropAEZ02,SugarCropAEZ02,2005,N2O_AWB,8.02839881943357e-07
South Africa,SugarCrop,SugarCropAEZ03,SugarCropAEZ03,2005,N2O_AWB,1.56244058002042e-06
South Africa,SugarCrop,SugarCropAEZ04,SugarCropAEZ04,2005,N2O_AWB,3.17358108619542e-07
South Africa,SugarCrop,SugarCropAEZ05,SugarCropAEZ05,2005,N2O_AWB,2.54487943906293e-06
South Africa,SugarCrop,SugarCropAEZ06,SugarCropAEZ06,2005,N2O_AWB,1.46367166534443e-05
South Africa,SugarCrop,SugarCropAEZ07,SugarCropAEZ07,2005,N2O_AWB,7.34621832743891e-09
South Africa,SugarCrop,SugarCropAEZ08,SugarCropAEZ08,2005,N2O_AWB,0
South Africa,SugarCrop,SugarCropAEZ09,SugarCropAEZ09,2005,N2O_AWB,0
South Africa,SugarCrop,SugarCropAEZ10,SugarCropAEZ10,2005,N2O_AWB,5.28999224900583e-06
South Africa,SugarCrop,SugarCropAEZ11,SugarCropAEZ11,2005,N2O_AWB,3.14544540229803e-06
South Africa,Wheat,WheatAEZ01,WheatAEZ01,2005,N2O_AWB,2.57760282646587e-08
South Africa,Wheat,WheatAEZ02,WheatAEZ02,2005,N2O_AWB,2.61984035280367e-07
South Africa,Wheat,WheatAEZ03,WheatAEZ03,2005,N2O_AWB,2.92786173497951e-07
South Africa,Wheat,WheatAEZ04,WheatAEZ04,2005,N2O_AWB,0
South Africa,Wheat,WheatAEZ05,WheatAEZ05,2005,N2O_AWB,1.27778396944764e-09
South Africa,Wheat,WheatAEZ06,WheatAEZ06,2005,N2O_AWB,0
South Africa,Wheat,WheatAEZ07,WheatAEZ07,2005,N2O_AWB,4.1923768699553e-07
South Africa,Wheat,WheatAEZ08,WheatAEZ08,2005,N2O_AWB,3.35808093931319e-07
South Africa,Wheat,WheatAEZ09,WheatAEZ09,2005,N2O_AWB,7.00350160274009e-07
South Africa,Wheat,WheatAEZ10,WheatAEZ10,2005,N2O_AWB,5.2500873997915e-07
South Africa,Wheat,WheatAEZ11,WheatAEZ11,2005,N2O_AWB,7.53976370350733e-09
South Africa,Corn,CornAEZ01,CornAEZ01,2005,NH3_AWB,1.522842247019e-08
South Africa,Corn,CornAEZ02,CornAEZ02,2005,NH3_AWB,2.67823547435611e-07
South Africa,Corn,CornAEZ03,CornAEZ03,2005,NH3_AWB,1.4004486441128e-06
South Africa,Corn,CornAEZ04,CornAEZ04,2005,NH3_AWB,2.82068529707139e-07
South Africa,Corn,CornAEZ05,CornAEZ05,2005,NH3_AWB,1.42300816624574e-07
South Africa,Corn,CornAEZ06,CornAEZ06,2005,NH3_AWB,3.03257195805582e-07
South Africa,Corn,CornAEZ07,CornAEZ07,2005,NH3_AWB,2.0718373074957e-05
South Africa,Corn,CornAEZ08,CornAEZ08,2005,NH3_AWB,5.09572221046336e-05
South Africa,Corn,CornAEZ09,CornAEZ09,2005,NH3_AWB,5.39843702409878e-05
South Africa,Corn,CornAEZ10,CornAEZ10,2005,NH3_AWB,0.000113432197803815
South Africa,Corn,CornAEZ11,CornAEZ11,2005,NH3_AWB,2.4121403975727e-06
South Africa,FiberCrop,FiberCropAEZ01,FiberCropAEZ01,2005,NH3_AWB,1.58057679180566e-08
South Africa,FiberCrop,FiberCropAEZ02,FiberCropAEZ02,2005,NH3_AWB,1.58644526999306e-08
South Africa,FiberCrop,FiberCropAEZ03,FiberCropAEZ03,2005,NH3_AWB,7.41580026947432e-08
South Africa,FiberCrop,FiberCropAEZ04,FiberCropAEZ04,2005,NH3_AWB,5.39899993240549e-09
South Africa,FiberCrop,FiberCropAEZ05,FiberCropAEZ05,2005,NH3_AWB,4.02968835534611e-09
South Africa,FiberCrop,FiberCropAEZ06,FiberCropAEZ06,2005,NH3_AWB,2.14981917598319e-08
South Africa,FiberCrop,FiberCropAEZ07,FiberCropAEZ07,2005,NH3_AWB,4.16916252026658e-07
South Africa,FiberCrop,FiberCropAEZ08,FiberCropAEZ08,2005,NH3_AWB,5.61417746594336e-08
South Africa,FiberCrop,FiberCropAEZ09,FiberCropAEZ09,2005,NH3_AWB,3.92014342918135e-07
South Africa,FiberCrop,FiberCropAEZ10,FiberCropAEZ10,2005,NH3_AWB,3.69811933775815e-07
South Africa,FiberCrop,FiberCropAEZ11,FiberCropAEZ11,2005,NH3_AWB,6.5531339759269e-09
South Africa,FodderGrass,FodderGrassAEZ01,FodderGrassAEZ01,2005,NH3_AWB,0
South Africa,FodderGrass,FodderGrassAEZ02,FodderGrassAEZ02,2005,NH3_AWB,0
South Africa,FodderGrass,FodderGrassAEZ03,FodderGrassAEZ03,2005,NH3_AWB,0
South Africa,FodderGrass,FodderGrassAEZ04,FodderGrassAEZ04,2005,NH3_AWB,0
South Africa,FodderGrass,FodderGrassAEZ05,FodderGrassAEZ05,2005,NH3_AWB,0
South Africa,FodderGrass,FodderGrassAEZ06,FodderGrassAEZ06,2005,NH3_AWB,0
South Africa,FodderGrass,FodderGrassAEZ07,FodderGrassAEZ07,2005,NH3_AWB,0
South Africa,FodderGrass,FodderGrassAEZ08,FodderGrassAEZ08,2005,NH3_AWB,0
South Africa,FodderGrass,FodderGrassAEZ09,FodderGrassAEZ09,2005,NH3_AWB,0
South Africa,FodderGrass,FodderGrassAEZ10,FodderGrassAEZ10,2005,NH3_AWB,0
South Africa,FodderGrass,FodderGrassAEZ11,FodderGrassAEZ11,2005,NH3_AWB,0
South Africa,FodderHerb,FodderHerbAEZ01,FodderHerbAEZ01,2005,NH3_AWB,4.20668410876952e-07
South Africa,FodderHerb,FodderHerbAEZ02,FodderHerbAEZ02,2005,NH3_AWB,1.95216650141125e-08
South Africa,FodderHerb,FodderHerbAEZ03,FodderHerbAEZ03,2005,NH3_AWB,1.90321047302367e-06
South Africa,FodderHerb,FodderHerbAEZ04,FodderHerbAEZ04,2005,NH3_AWB,2.35615728050813e-06
South Africa,FodderHerb,FodderHerbAEZ05,FodderHerbAEZ05,2005,NH3_AWB,2.05278453155472e-06
South Africa,FodderHerb,FodderHerbAEZ06,FodderHerbAEZ06,2005,NH3_AWB,6.27661567564781e-06
South Africa,FodderHerb,FodderHerbAEZ07,FodderHerbAEZ07,2005,NH3_AWB,7.41392799874934e-05
South Africa,FodderHerb,FodderHerbAEZ08,FodderHerbAEZ08,2005,NH3_AWB,2.07004477596819e-05
South Africa,FodderHerb,FodderHerbAEZ09,FodderHerbAEZ09,2005,NH3_AWB,1.8985578555486e-05
South Africa,FodderHerb,FodderHerbAEZ10,FodderHerbAEZ10,2005,NH3_AWB,1.78470540667633e-05
South Africa,FodderHerb,FodderHerbAEZ11,FodderHerbAEZ11,2005,NH3_AWB,6.44993603108426e-06
South Africa,MiscCrop,MiscCropAEZ01,MiscCropAEZ01,2005,NH3_AWB,9.74293105784789e-07
South Africa,MiscCrop,MiscCropAEZ02,MiscCropAEZ02,2005,NH3_AWB,1.28343115395635e-06
South Africa,MiscCrop,MiscCropAEZ03,MiscCropAEZ03,2005,NH3_AWB,4.28218981040738e-06
South Africa,MiscCrop,MiscCropAEZ04,MiscCropAEZ04,2005,NH3_AWB,1.94147065494821e-06
South Africa,MiscCrop,MiscCropAEZ05,MiscCropAEZ05,2005,NH3_AWB,1.51346095498458e-06
South Africa,MiscCrop,MiscCropAEZ06,MiscCropAEZ06,2005,NH3_AWB,5.77280923069144e-06
South Africa,MiscCrop,MiscCropAEZ07,MiscCropAEZ07,2005,NH3_AWB,9.94412790591124e-05
South Africa,MiscCrop,MiscCropAEZ08,MiscCropAEZ08,2005,NH3_AWB,1.19156274056935e-05
South Africa,MiscCrop,MiscCropAEZ09,MiscCropAEZ09,2005,NH3_AWB,3.2656996600201e-05
South Africa,MiscCrop,MiscCropAEZ10,MiscCropAEZ10,2005,NH3_AWB,3.89949843282462e-05
South Africa,MiscCrop,MiscCropAEZ11,MiscCropAEZ11,2005,NH3_AWB,6.09695572182065e-06
South Africa,OilCrop,OilCropAEZ01,OilCropAEZ01,2005,NH3_AWB,2.17661064009235e-07
South Africa,OilCrop,OilCropAEZ02,OilCropAEZ02,2005,NH3_AWB,6.02244215712166e-07
South Africa,OilCrop,OilCropAEZ03,OilCropAEZ03,2005,NH3_AWB,1.53220339778773e-06
South Africa,OilCrop,OilCropAEZ04,OilCropAEZ04,2005,NH3_AWB,5.10083649379651e-07
South Africa,OilCrop,OilCropAEZ05,OilCropAEZ05,2005,NH3_AWB,3.89303631233504e-07
South Africa,OilCrop,OilCropAEZ06,OilCropAEZ06,2005,NH3_AWB,1.08002594495328e-06
South Africa,OilCrop,OilCropAEZ07,OilCropAEZ07,2005,NH3_AWB,4.18130685288275e-06
South Africa,OilCrop,OilCropAEZ08,OilCropAEZ08,2005,NH3_AWB,4.10209671206866e-06
South Africa,OilCrop,OilCropAEZ09,OilCropAEZ09,2005,NH3_AWB,5.4882618190388e-06
South Africa,OilCrop,OilCropAEZ10,OilCropAEZ10,2005,NH3_AWB,5.62854161912019e-06
South Africa,OilCrop,OilCropAEZ11,OilCropAEZ11,2005,NH3_AWB,6.30789523868254e-07
South Africa,OtherGrain,OtherGrainAEZ01,OtherGrainAEZ01,2005,NH3_AWB,3.45668245002108e-08
South Africa,OtherGrain,OtherGrainAEZ02,OtherGrainAEZ02,2005,NH3_AWB,3.33663737829283e-08
South Africa,OtherGrain,OtherGrainAEZ03,OtherGrainAEZ03,2005,NH3_AWB,9.24347052307502e-08
South Africa,OtherGrain,OtherGrainAEZ04,OtherGrainAEZ04,2005,NH3_AWB,2.21929478759143e-08
South Africa,OtherGrain,OtherGrainAEZ05,OtherGrainAEZ05,2005,NH3_AWB,1.44361893950123e-08
South Africa,OtherGrain,OtherGrainAEZ06,OtherGrainAEZ06,2005,NH3_AWB,5.62980605617855e-08
South Africa,OtherGrain,OtherGrainAEZ07,OtherGrainAEZ07,2005,NH3_AWB,4.2417772191238e-06
South Africa,OtherGrain,OtherGrainAEZ08,OtherGrainAEZ08,2005,NH3_AWB,7.01925080946398e-07
South Africa,OtherGrain,OtherGrainAEZ09,OtherGrainAEZ09,2005,NH3_AWB,3.9397869117582e-06
South Africa,OtherGrain,OtherGrainAEZ10,OtherGrainAEZ10,2005,NH3_AWB,4.43585008508447e-06
South Africa,OtherGrain,OtherGrainAEZ11,OtherGrainAEZ11,2005,NH3_AWB,5.42357477910695e-08
South Africa,PalmFruit,PalmFruitAEZ01,PalmFruitAEZ01,2005,NH3_AWB,0
South Africa,PalmFruit,PalmFruitAEZ02,PalmFruitAEZ02,2005,NH3_AWB,0
South Africa,PalmFruit,PalmFruitAEZ03,PalmFruitAEZ03,2005,NH3_AWB,0
South Africa,PalmFruit,PalmFruitAEZ04,PalmFruitAEZ04,2005,NH3_AWB,0
South Africa,PalmFruit,PalmFruitAEZ05,PalmFruitAEZ05,2005,NH3_AWB,0
South Africa,PalmFruit,PalmFruitAEZ06,PalmFruitAEZ06,2005,NH3_AWB,0
South Africa,PalmFruit,PalmFruitAEZ07,PalmFruitAEZ07,2005,NH3_AWB,0
South Africa,PalmFruit,PalmFruitAEZ08,PalmFruitAEZ08,2005,NH3_AWB,0
South Africa,PalmFruit,PalmFruitAEZ09,PalmFruitAEZ09,2005,NH3_AWB,0
South Africa,PalmFruit,PalmFruitAEZ10,PalmFruitAEZ10,2005,NH3_AWB,0
South Africa,PalmFruit,PalmFruitAEZ11,PalmFruitAEZ11,2005,NH3_AWB,0
South Africa,Rice,RiceAEZ01,RiceAEZ01,2005,NH3_AWB,0
South Africa,Rice,RiceAEZ02,RiceAEZ02,2005,NH3_AWB,0
South Africa,Rice,RiceAEZ03,RiceAEZ03,2005,NH3_AWB,0
South Africa,Rice,RiceAEZ04,RiceAEZ04,2005,NH3_AWB,0
South Africa,Rice,RiceAEZ05,RiceAEZ05,2005,NH3_AWB,0
South Africa,Rice,RiceAEZ06,RiceAEZ06,2005,NH3_AWB,0
South Africa,Rice,RiceAEZ07,RiceAEZ07,2005,NH3_AWB,0
South Africa,Rice,RiceAEZ08,RiceAEZ08,2005,NH3_AWB,0
South Africa,Rice,RiceAEZ09,RiceAEZ09,2005,NH3_AWB,0
South Africa,Rice,RiceAEZ10,RiceAEZ10,2005,NH3_AWB,0
South Africa,Rice,RiceAEZ11,RiceAEZ11,2005,NH3_AWB,0
South Africa,Root_Tuber,Root_TuberAEZ01,Root_TuberAEZ01,2005,NH3_AWB,3.60578296541576e-08
South Africa,Root_Tuber,Root_TuberAEZ02,Root_TuberAEZ02,2005,NH3_AWB,5.39863048443166e-08
South Africa,Root_Tuber,Root_TuberAEZ03,Root_TuberAEZ03,2005,NH3_AWB,5.78833627567995e-07
South Africa,Root_Tuber,Root_TuberAEZ04,Root_TuberAEZ04,2005,NH3_AWB,2.92731321802346e-07
South Africa,Root_Tuber,Root_TuberAEZ05,Root_TuberAEZ05,2005,NH3_AWB,2.09466862795949e-07
South Africa,Root_Tuber,Root_TuberAEZ06,Root_TuberAEZ06,2005,NH3_AWB,1.17675078615072e-06
South Africa,Root_Tuber,Root_TuberAEZ07,Root_TuberAEZ07,2005,NH3_AWB,1.18193347141578e-05
South Africa,Root_Tuber,Root_TuberAEZ08,Root_TuberAEZ08,2005,NH3_AWB,8.81734462608457e-06
South Africa,Root_Tuber,Root_TuberAEZ09,Root_TuberAEZ09,2005,NH3_AWB,1.0807053833463e-05
South Africa,Root_Tuber,Root_TuberAEZ10,Root_TuberAEZ10,2005,NH3_AWB,1.36966017480047e-05
South Africa,Root_Tuber,Root_TuberAEZ11,Root_TuberAEZ11,2005,NH3_AWB,2.3276885856131e-07
South Africa,SugarCrop,SugarCropAEZ01,SugarCropAEZ01,2005,NH3_AWB,0
South Africa,SugarCrop,SugarCropAEZ02,SugarCropAEZ02,2005,NH3_AWB,1.48980596649283e-05
South Africa,SugarCrop,SugarCropAEZ03,SugarCropAEZ03,2005,NH3_AWB,2.89937427220284e-05
South Africa,SugarCrop,SugarCropAEZ04,SugarCropAEZ04,2005,NH3_AWB,5.88911954139357e-06
South Africa,SugarCrop,SugarCropAEZ05,SugarCropAEZ05,2005,NH3_AWB,4.72245669104462e-05
South Africa,SugarCrop,SugarCropAEZ06,SugarCropAEZ06,2005,NH3_AWB,0.000271609175012368
South Africa,SugarCrop,SugarCropAEZ07,SugarCropAEZ07,2005,NH3_AWB,1.36321577210207e-07
South Africa,SugarCrop,SugarCropAEZ08,SugarCropAEZ08,2005,NH3_AWB,0
South Africa,SugarCrop,SugarCropAEZ09,SugarCropAEZ09,2005,NH3_AWB,0
South Africa,SugarCrop,SugarCropAEZ10,SugarCropAEZ10,2005,NH3_AWB,9.81648046207268e-05
South Africa,SugarCrop,SugarCropAEZ11,SugarCropAEZ11,2005,NH3_AWB,5.83690899395511e-05
South Africa,Wheat,WheatAEZ01,WheatAEZ01,2005,NH3_AWB,4.78318050272017e-07
South Africa,Wheat,WheatAEZ02,WheatAEZ02,2005,NH3_AWB,4.86155941757383e-06
South Africa,Wheat,WheatAEZ03,WheatAEZ03,2005,NH3_AWB,5.43314548759084e-06
South Africa,Wheat,WheatAEZ04,WheatAEZ04,2005,NH3_AWB,0
South Africa,Wheat,WheatAEZ05,WheatAEZ05,2005,NH3_AWB,2.3711455103152e-08
South Africa,Wheat,WheatAEZ06,WheatAEZ06,2005,NH3_AWB,0
South Africa,Wheat,WheatAEZ07,WheatAEZ07,2005,NH3_AWB,7.77966841847375e-06
South Africa,Wheat,WheatAEZ08,WheatAEZ08,2005,NH3_AWB,6.23149040284921e-06
South Africa,Wheat,WheatAEZ09,WheatAEZ09,2005,NH3_AWB,1.29961885411672e-05
South Africa,Wheat,WheatAEZ10,WheatAEZ10,2005,NH3_AWB,9.74243022641721e-06
South Africa,Wheat,WheatAEZ11,WheatAEZ11,2005,NH3_AWB,1.39913140889827e-07
South Africa,Corn,CornAEZ01,CornAEZ01,2005,NMVOC_AWB,8.20642766449127e-08
South Africa,Corn,CornAEZ02,CornAEZ02,2005,NMVOC_AWB,1.44327133895857e-06
South Africa,Corn,CornAEZ03,CornAEZ03,2005,NMVOC_AWB,7.54686213771895e-06
South Africa,Corn,CornAEZ04,CornAEZ04,2005,NMVOC_AWB,1.52003596564402e-06
South Africa,Corn,CornAEZ05,CornAEZ05,2005,NMVOC_AWB,7.66843289587981e-07
South Africa,Corn,CornAEZ06,CornAEZ06,2005,NMVOC_AWB,1.63421933295231e-06
South Africa,Corn,CornAEZ07,CornAEZ07,2005,NMVOC_AWB,0.00011164901045949
South Africa,Corn,CornAEZ08,CornAEZ08,2005,NMVOC_AWB,0.000274602808008303
South Africa,Corn,CornAEZ09,CornAEZ09,2005,NMVOC_AWB,0.000290915772965323
South Africa,Corn,CornAEZ10,CornAEZ10,2005,NMVOC_AWB,0.000611273510387223
South Africa,Corn,CornAEZ11,CornAEZ11,2005,NMVOC_AWB,1.29987565869196e-05
South Africa,FiberCrop,FiberCropAEZ01,FiberCropAEZ01,2005,NMVOC_AWB,8.51755271139716e-08
South Africa,FiberCrop,FiberCropAEZ02,FiberCropAEZ02,2005,NMVOC_AWB,8.54917728829591e-08
South Africa,FiberCrop,FiberCropAEZ03,FiberCropAEZ03,2005,NMVOC_AWB,3.99629236743894e-07
South Africa,FiberCrop,FiberCropAEZ04,FiberCropAEZ04,2005,NMVOC_AWB,2.90946107468518e-08
South Africa,FiberCrop,FiberCropAEZ05,FiberCropAEZ05,2005,NMVOC_AWB,2.17155428038096e-08
South Africa,FiberCrop,FiberCropAEZ06,FiberCropAEZ06,2005,NMVOC_AWB,1.15851366705761e-07
South Africa,FiberCrop,FiberCropAEZ07,FiberCropAEZ07,2005,NMVOC_AWB,2.24671535814366e-06
South Africa,FiberCrop,FiberCropAEZ08,FiberCropAEZ08,2005,NMVOC_AWB,3.02541785664725e-07
South Africa,FiberCrop,FiberCropAEZ09,FiberCropAEZ09,2005,NMVOC_AWB,2.11252173683661e-06
South Africa,FiberCrop,FiberCropAEZ10,FiberCropAEZ10,2005,NMVOC_AWB,1.992875420903e-06
South Africa,FiberCrop,FiberCropAEZ11,FiberCropAEZ11,2005,NMVOC_AWB,3.53141108702727e-08
South Africa,FodderGrass,FodderGrassAEZ01,FodderGrassAEZ01,2005,NMVOC_AWB,0
South Africa,FodderGrass,FodderGrassAEZ02,FodderGrassAEZ02,2005,NMVOC_AWB,0
South Africa,FodderGrass,FodderGrassAEZ03,FodderGrassAEZ03,2005,NMVOC_AWB,0
South Africa,FodderGrass,FodderGrassAEZ04,FodderGrassAEZ04,2005,NMVOC_AWB,0
South Africa,FodderGrass,FodderGrassAEZ05,FodderGrassAEZ05,2005,NMVOC_AWB,0
South Africa,FodderGrass,FodderGrassAEZ06,FodderGrassAEZ06,2005,NMVOC_AWB,0
South Africa,FodderGrass,FodderGrassAEZ07,FodderGrassAEZ07,2005,NMVOC_AWB,0
South Africa,FodderGrass,FodderGrassAEZ08,FodderGrassAEZ08,2005,NMVOC_AWB,0
South Africa,FodderGrass,FodderGrassAEZ09,FodderGrassAEZ09,2005,NMVOC_AWB,0
South Africa,FodderGrass,FodderGrassAEZ10,FodderGrassAEZ10,2005,NMVOC_AWB,0
South Africa,FodderGrass,FodderGrassAEZ11,FodderGrassAEZ11,2005,NMVOC_AWB,0
South Africa,FodderHerb,FodderHerbAEZ01,FodderHerbAEZ01,2005,NMVOC_AWB,2.26693532528135e-06
South Africa,FodderHerb,FodderHerbAEZ02,FodderHerbAEZ02,2005,NMVOC_AWB,1.05200083687162e-07
South Africa,FodderHerb,FodderHerbAEZ03,FodderHerbAEZ03,2005,NMVOC_AWB,1.02561897712942e-05
South Africa,FodderHerb,FodderHerbAEZ04,FodderHerbAEZ04,2005,NMVOC_AWB,1.26970697894049e-05
South Africa,FodderHerb,FodderHerbAEZ05,FodderHerbAEZ05,2005,NMVOC_AWB,1.10622277533782e-05
South Africa,FodderHerb,FodderHerbAEZ06,FodderHerbAEZ06,2005,NMVOC_AWB,3.38239844743243e-05
South Africa,FodderHerb,FodderHerbAEZ07,FodderHerbAEZ07,2005,NMVOC_AWB,0.000399528342154826
South Africa,FodderHerb,FodderHerbAEZ08,FodderHerbAEZ08,2005,NMVOC_AWB,0.000111552412927174
South Africa,FodderHerb,FodderHerbAEZ09,FodderHerbAEZ09,2005,NMVOC_AWB,0.000102311173326786
South Africa,FodderHerb,FodderHerbAEZ10,FodderHerbAEZ10,2005,NMVOC_AWB,9.61757913597802e-05
South Africa,FodderHerb,FodderHerbAEZ11,FodderHerbAEZ11,2005,NMVOC_AWB,3.47579886119541e-05
South Africa,MiscCrop,MiscCropAEZ01,MiscCropAEZ01,2005,NMVOC_AWB,5.25035729228469e-06
South Africa,MiscCrop,MiscCropAEZ02,MiscCropAEZ02,2005,NMVOC_AWB,6.91626788520919e-06
South Africa,MiscCrop,MiscCropAEZ03,MiscCropAEZ03,2005,NMVOC_AWB,2.30762450894175e-05
South Africa,MiscCrop,MiscCropAEZ04,MiscCropAEZ04,2005,NMVOC_AWB,1.04623696405543e-05
South Africa,MiscCrop,MiscCropAEZ05,MiscCropAEZ05,2005,NMVOC_AWB,8.15587292408355e-06
South Africa,MiscCrop,MiscCropAEZ06,MiscCropAEZ06,2005,NMVOC_AWB,3.11090275209483e-05
South Africa,MiscCrop,MiscCropAEZ07,MiscCropAEZ07,2005,NMVOC_AWB,0.00053587800381855
South Africa,MiscCrop,MiscCropAEZ08,MiscCropAEZ08,2005,NMVOC_AWB,6.42119921306814e-05
South Africa,MiscCrop,MiscCropAEZ09,MiscCropAEZ09,2005,NMVOC_AWB,0.000175984926123305
South Africa,MiscCrop,MiscCropAEZ10,MiscCropAEZ10,2005,NMVOC_AWB,0.000210139637768882
South Africa,MiscCrop,MiscCropAEZ11,MiscCropAEZ11,2005,NMVOC_AWB,3.28558169453669e-05
South Africa,OilCrop,OilCropAEZ01,OilCropAEZ01,2005,NMVOC_AWB,1.1729512893831e-06
South Africa,OilCrop,OilCropAEZ02,OilCropAEZ02,2005,NMVOC_AWB,3.24542716244889e-06
South Africa,OilCrop,OilCropAEZ03,OilCropAEZ03,2005,NMVOC_AWB,8.2568738658561e-06
South Africa,OilCrop,OilCropAEZ04,OilCropAEZ04,2005,NMVOC_AWB,2.74878411054589e-06
South Africa,OilCrop,OilCropAEZ05,OilCropAEZ05,2005,NMVOC_AWB,2.09791401275833e-06
South Africa,OilCrop,OilCropAEZ06,OilCropAEZ06,2005,NMVOC_AWB,5.82013981447047e-06
South Africa,OilCrop,OilCropAEZ07,OilCropAEZ07,2005,NMVOC_AWB,2.25325980405348e-05
South Africa,OilCrop,OilCropAEZ08,OilCropAEZ08,2005,NMVOC_AWB,2.21057433928144e-05
South Africa,OilCrop,OilCropAEZ09,OilCropAEZ09,2005,NMVOC_AWB,2.95756331359313e-05
South Africa,OilCrop,OilCropAEZ10,OilCropAEZ10,2005,NMVOC_AWB,3.03315853919255e-05
South Africa,OilCrop,OilCropAEZ11,OilCropAEZ11,2005,NMVOC_AWB,3.39925465640114e-06
South Africa,OtherGrain,OtherGrainAEZ01,OtherGrainAEZ01,2005,NMVOC_AWB,1.86276776473358e-07
South Africa,OtherGrain,OtherGrainAEZ02,OtherGrainAEZ02,2005,NMVOC_AWB,1.79807680941336e-07
South Africa,OtherGrain,OtherGrainAEZ03,OtherGrainAEZ03,2005,NMVOC_AWB,4.98120355965709e-07
South Africa,OtherGrain,OtherGrainAEZ04,OtherGrainAEZ04,2005,NMVOC_AWB,1.19595330220205e-07
South Africa,OtherGrain,OtherGrainAEZ05,OtherGrainAEZ05,2005,NMVOC_AWB,7.77950206286774e-08
South Africa,OtherGrain,OtherGrainAEZ06,OtherGrainAEZ06,2005,NMVOC_AWB,3.033839930274e-07
South Africa,OtherGrain,OtherGrainAEZ07,OtherGrainAEZ07,2005,NMVOC_AWB,2.28584661252783e-05
South Africa,OtherGrain,OtherGrainAEZ08,OtherGrainAEZ08,2005,NMVOC_AWB,3.78259626954448e-06
South Africa,OtherGrain,OtherGrainAEZ09,OtherGrainAEZ09,2005,NMVOC_AWB,2.12310739133636e-05
South Africa,OtherGrain,OtherGrainAEZ10,OtherGrainAEZ10,2005,NMVOC_AWB,2.39043032362886e-05
South Africa,OtherGrain,OtherGrainAEZ11,OtherGrainAEZ11,2005,NMVOC_AWB,2.92270418651875e-07
South Africa,PalmFruit,PalmFruitAEZ01,PalmFruitAEZ01,2005,NMVOC_AWB,0
South Africa,PalmFruit,PalmFruitAEZ02,PalmFruitAEZ02,2005,NMVOC_AWB,0
South Africa,PalmFruit,PalmFruitAEZ03,PalmFruitAEZ03,2005,NMVOC_AWB,0
South Africa,PalmFruit,PalmFruitAEZ04,PalmFruitAEZ04,2005,NMVOC_AWB,0
South Africa,PalmFruit,PalmFruitAEZ05,PalmFruitAEZ05,2005,NMVOC_AWB,0
South Africa,PalmFruit,PalmFruitAEZ06,PalmFruitAEZ06,2005,NMVOC_AWB,0
South Africa,PalmFruit,PalmFruitAEZ07,PalmFruitAEZ07,2005,NMVOC_AWB,0
South Africa,PalmFruit,PalmFruitAEZ08,PalmFruitAEZ08,2005,NMVOC_AWB,0
South Africa,PalmFruit,PalmFruitAEZ09,PalmFruitAEZ09,2005,NMVOC_AWB,0
South Africa,PalmFruit,PalmFruitAEZ10,PalmFruitAEZ10,2005,NMVOC_AWB,0
South Africa,PalmFruit,PalmFruitAEZ11,PalmFruitAEZ11,2005,NMVOC_AWB,0
South Africa,Rice,RiceAEZ01,RiceAEZ01,2005,NMVOC_AWB,0
South Africa,Rice,RiceAEZ02,RiceAEZ02,2005,NMVOC_AWB,0
South Africa,Rice,RiceAEZ03,RiceAEZ03,2005,NMVOC_AWB,0
South Africa,Rice,RiceAEZ04,RiceAEZ04,2005,NMVOC_AWB,0
South Africa,Rice,RiceAEZ05,RiceAEZ05,2005,NMVOC_AWB,0
South Africa,Rice,RiceAEZ06,RiceAEZ06,2005,NMVOC_AWB,0
South Africa,Rice,RiceAEZ07,RiceAEZ07,2005,NMVOC_AWB,0
South Africa,Rice,RiceAEZ08,RiceAEZ08,2005,NMVOC_AWB,0
South Africa,Rice,RiceAEZ09,RiceAEZ09,2005,NMVOC_AWB,0
South Africa,Rice,RiceAEZ10,RiceAEZ10,2005,NMVOC_AWB,0
South Africa,Rice,RiceAEZ11,RiceAEZ11,2005,NMVOC_AWB,0
South Africa,Root_Tuber,Root_TuberAEZ01,Root_TuberAEZ01,2005,NMVOC_AWB,1.94311637580738e-07
South Africa,Root_Tuber,Root_TuberAEZ02,Root_TuberAEZ02,2005,NMVOC_AWB,2.90926198327706e-07
South Africa,Root_Tuber,Root_TuberAEZ03,Root_TuberAEZ03,2005,NMVOC_AWB,3.11927010411642e-06
South Africa,Root_Tuber,Root_TuberAEZ04,Root_TuberAEZ04,2005,NMVOC_AWB,1.57749656749042e-06
South Africa,Root_Tuber,Root_TuberAEZ05,Root_TuberAEZ05,2005,NMVOC_AWB,1.1287936495115e-06
South Africa,Root_Tuber,Root_TuberAEZ06,Root_TuberAEZ06,2005,NMVOC_AWB,6.34137923647888e-06
South Africa,Root_Tuber,Root_TuberAEZ07,Root_TuberAEZ07,2005,NMVOC_AWB,6.36930815151835e-05
South Africa,Root_Tuber,Root_TuberAEZ08,Root_TuberAEZ08,2005,NMVOC_AWB,4.75156904850113e-05
South Africa,Root_Tuber,Root_TuberAEZ09,Root_TuberAEZ09,2005,NMVOC_AWB,5.8238012324773e-05
South Africa,Root_Tuber,Root_TuberAEZ10,Root_TuberAEZ10,2005,NMVOC_AWB,7.38094649753586e-05
South Africa,Root_Tuber,Root_TuberAEZ11,Root_TuberAEZ11,2005,NMVOC_AWB,1.25436551558039e-06
South Africa,SugarCrop,SugarCropAEZ01,SugarCropAEZ01,2005,NMVOC_AWB,0
South Africa,SugarCrop,SugarCropAEZ02,SugarCropAEZ02,2005,NMVOC_AWB,8.02839881943357e-05
South Africa,SugarCrop,SugarCropAEZ03,SugarCropAEZ03,2005,NMVOC_AWB,0.000156244058002042
South Africa,SugarCrop,SugarCropAEZ04,SugarCropAEZ04,2005,NMVOC_AWB,3.17358108619542e-05
South Africa,SugarCrop,SugarCropAEZ05,SugarCropAEZ05,2005,NMVOC_AWB,0.000254487943906293
South Africa,SugarCrop,SugarCropAEZ06,SugarCropAEZ06,2005,NMVOC_AWB,0.00146367166534443
South Africa,SugarCrop,SugarCropAEZ07,SugarCropAEZ07,2005,NMVOC_AWB,7.34621832743891e-07
South Africa,SugarCrop,SugarCropAEZ08,SugarCropAEZ08,2005,NMVOC_AWB,0
South Africa,SugarCrop,SugarCropAEZ09,SugarCropAEZ09,2005,NMVOC_AWB,0
South Africa,SugarCrop,SugarCropAEZ10,SugarCropAEZ10,2005,NMVOC_AWB,0.000528999224900583
South Africa,SugarCrop,SugarCropAEZ11,SugarCropAEZ11,2005,NMVOC_AWB,0.000314544540229803
South Africa,Wheat,WheatAEZ01,WheatAEZ01,2005,NMVOC_AWB,2.57760282646587e-06
South Africa,Wheat,WheatAEZ02,WheatAEZ02,2005,NMVOC_AWB,2.61984035280367e-05
South Africa,Wheat,WheatAEZ03,WheatAEZ03,2005,NMVOC_AWB,2.92786173497951e-05
South Africa,Wheat,WheatAEZ04,WheatAEZ04,2005,NMVOC_AWB,0
South Africa,Wheat,WheatAEZ05,WheatAEZ05,2005,NMVOC_AWB,1.27778396944764e-07
South Africa,Wheat,WheatAEZ06,WheatAEZ06,2005,NMVOC_AWB,0
South Africa,Wheat,WheatAEZ07,WheatAEZ07,2005,NMVOC_AWB,4.1923768699553e-05
South Africa,Wheat,WheatAEZ08,WheatAEZ08,2005,NMVOC_AWB,3.35808093931319e-05
South Africa,Wheat,WheatAEZ09,WheatAEZ09,2005,NMVOC_AWB,7.00350160274009e-05
South Africa,Wheat,WheatAEZ10,WheatAEZ10,2005,NMVOC_AWB,5.2500873997915e-05
South Africa,Wheat,WheatAEZ11,WheatAEZ11,2005,NMVOC_AWB,7.53976370350733e-07
South Africa,Corn,CornAEZ01,CornAEZ01,2005,NOx_AWB,4.45975229484136e-08
South Africa,Corn,CornAEZ02,CornAEZ02,2005,NOx_AWB,7.84340388918576e-07
South Africa,Corn,CornAEZ03,CornAEZ03,2005,NOx_AWB,4.10131388633033e-06
South Africa,Corn,CornAEZ04,CornAEZ04,2005,NOx_AWB,8.26057836999478e-07
South Africa,Corn,CornAEZ05,CornAEZ05,2005,NOx_AWB,4.16738105829109e-07
South Africa,Corn,CornAEZ06,CornAEZ06,2005,NOx_AWB,8.8811035914492e-07
South Africa,Corn,CornAEZ07,CornAEZ07,2005,NOx_AWB,6.06752354338026e-05
South Africa,Corn,CornAEZ08,CornAEZ08,2005,NOx_AWB,0.000149231864734998
South Africa,Corn,CornAEZ09,CornAEZ09,2005,NOx_AWB,0.000158097084277178
South Africa,Corn,CornAEZ10,CornAEZ10,2005,NOx_AWB,0.000332194293568314
South Africa,Corn,CornAEZ11,CornAEZ11,2005,NOx_AWB,7.06412545003434e-06
South Africa,FiberCrop,FiberCropAEZ01,FiberCropAEZ01,2005,NOx_AWB,4.62883203314514e-08
South Africa,FiberCrop,FiberCropAEZ02,FiberCropAEZ02,2005,NOx_AWB,4.64601829069395e-08
South Africa,FiberCrop,FiberCropAEZ03,FiberCropAEZ03,2005,NOx_AWB,2.17177007891748e-07
South Africa,FiberCrop,FiberCropAEZ04,FiberCropAEZ04,2005,NOx_AWB,1.58113569449018e-08
South Africa,FiberCrop,FiberCropAEZ05,FiberCropAEZ05,2005,NOx_AWB,1.18012301835136e-08
South Africa,FiberCrop,FiberCropAEZ06,FiberCropAEZ06,2005,NOx_AWB,6.29589901537933e-08
South Africa,FiberCrop,FiberCropAEZ07,FiberCropAEZ07,2005,NOx_AWB,1.22096902379236e-06
South Africa,FiberCrop,FiberCropAEZ08,FiberCropAEZ08,2005,NOx_AWB,1.64415197216913e-07
South Africa,FiberCrop,FiberCropAEZ09,FiberCropAEZ09,2005,NOx_AWB,1.14804200426025e-06
South Africa,FiberCrop,FiberCropAEZ10,FiberCropAEZ10,2005,NOx_AWB,1.0830206632006e-06
South Africa,FiberCrop,FiberCropAEZ11,FiberCropAEZ11,2005,NOx_AWB,1.91913209295002e-08
South Africa,FodderGrass,FodderGrassAEZ01,FodderGrassAEZ01,2005,NOx_AWB,0
South Africa,FodderGrass,FodderGrassAEZ02,FodderGrassAEZ02,2005,NOx_AWB,0
South Africa,FodderGrass,FodderGrassAEZ03,FodderGrassAEZ03,2005,NOx_AWB,0
South Africa,FodderGrass,FodderGrassAEZ04,FodderGrassAEZ04,2005,NOx_AWB,0
South Africa,FodderGrass,FodderGrassAEZ05,FodderGrassAEZ05,2005,NOx_AWB,0
South Africa,FodderGrass,FodderGrassAEZ06,FodderGrassAEZ06,2005,NOx_AWB,0
South Africa,FodderGrass,FodderGrassAEZ07,FodderGrassAEZ07,2005,NOx_AWB,0
South Africa,FodderGrass,FodderGrassAEZ08,FodderGrassAEZ08,2005,NOx_AWB,0
South Africa,FodderGrass,FodderGrassAEZ09,FodderGrassAEZ09,2005,NOx_AWB,0
South Africa,FodderGrass,FodderGrassAEZ10,FodderGrassAEZ10,2005,NOx_AWB,0
South Africa,FodderGrass,FodderGrassAEZ11,FodderGrassAEZ11,2005,NOx_AWB,0
South Africa,FodderHerb,FodderHerbAEZ01,FodderHerbAEZ01,2005,NOx_AWB,1.23195748899679e-06
South Africa,FodderHerb,FodderHerbAEZ02,FodderHerbAEZ02,2005,NOx_AWB,5.71705903984724e-08
South Africa,FodderHerb,FodderHerbAEZ03,FodderHerbAEZ03,2005,NOx_AWB,5.57368781385503e-06
South Africa,FodderHerb,FodderHerbAEZ04,FodderHerbAEZ04,2005,NOx_AWB,6.90017489291665e-06
South Africa,FodderHerb,FodderHerbAEZ05,FodderHerbAEZ05,2005,NOx_AWB,6.01172612812453e-06
South Africa,FodderHerb,FodderHerbAEZ06,FodderHerbAEZ06,2005,NOx_AWB,1.83815173358257e-05
South Africa,FodderHerb,FodderHerbAEZ07,FodderHerbAEZ07,2005,NOx_AWB,0.000217122177106231
South Africa,FodderHerb,FodderHerbAEZ08,FodderHerbAEZ08,2005,NOx_AWB,6.06227398676397e-05
South Africa,FodderHerb,FodderHerbAEZ09,FodderHerbAEZ09,2005,NOx_AWB,5.56006229124947e-05
South Africa,FodderHerb,FodderHerbAEZ10,FodderHerbAEZ10,2005,NOx_AWB,5.22663726240926e-05
South Africa,FodderHerb,FodderHerbAEZ11,FodderHerbAEZ11,2005,NOx_AWB,1.88890983767468e-05
South Africa,MiscCrop,MiscCropAEZ01,MiscCropAEZ01,2005,NOx_AWB,2.85328695265545e-06
South Africa,MiscCrop,MiscCropAEZ02,MiscCropAEZ02,2005,NOx_AWB,3.75861980801501e-06
South Africa,MiscCrop,MiscCropAEZ03,MiscCropAEZ03,2005,NOx_AWB,1.25406987304787e-05
South Africa,MiscCrop,MiscCropAEZ04,MiscCropAEZ04,2005,NOx_AWB,5.6857354894912e-06
South Africa,MiscCrop,MiscCropAEZ05,MiscCropAEZ05,2005,NOx_AWB,4.43227851102626e-06
South Africa,MiscCrop,MiscCropAEZ06,MiscCropAEZ06,2005,NOx_AWB,1.69060841755964e-05
South Africa,MiscCrop,MiscCropAEZ07,MiscCropAEZ07,2005,NOx_AWB,0.000291220888673115
South Africa,MiscCrop,MiscCropAEZ08,MiscCropAEZ08,2005,NOx_AWB,3.48957659738166e-05
South Africa,MiscCrop,MiscCropAEZ09,MiscCropAEZ09,2005,NOx_AWB,9.56383471863029e-05
South Africa,MiscCrop,MiscCropAEZ10,MiscCropAEZ10,2005,NOx_AWB,0.000114199596961292
South Africa,MiscCrop,MiscCropAEZ11,MiscCropAEZ11,2005,NOx_AWB,1.78553703281891e-05
South Africa,OilCrop,OilCropAEZ01,OilCropAEZ01,2005,NOx_AWB,6.37435973169902e-07
South Africa,OilCrop,OilCropAEZ02,OilCropAEZ02,2005,NOx_AWB,1.76371520315706e-06
South Africa,OilCrop,OilCropAEZ03,OilCropAEZ03,2005,NOx_AWB,4.48716709352121e-06
South Africa,OilCrop,OilCropAEZ04,OilCropAEZ04,2005,NOx_AWB,1.49381640175469e-06
South Africa,OilCrop,OilCropAEZ05,OilCropAEZ05,2005,NOx_AWB,1.14010349146955e-06
South Africa,OilCrop,OilCropAEZ06,OilCropAEZ06,2005,NOx_AWB,3.16293312450604e-06
South Africa,OilCrop,OilCropAEZ07,OilCropAEZ07,2005,NOx_AWB,1.22452557834423e-05
South Africa,OilCrop,OilCropAEZ08,OilCropAEZ08,2005,NOx_AWB,1.20132832282011e-05
South Africa,OilCrop,OilCropAEZ09,OilCropAEZ09,2005,NOx_AWB,1.60727667557565e-05
South Africa,OilCrop,OilCropAEZ10,OilCropAEZ10,2005,NOx_AWB,1.64835861702806e-05
South Africa,OilCrop,OilCropAEZ11,OilCropAEZ11,2005,NOx_AWB,1.84731217704274e-06
South Africa,OtherGrain,OtherGrainAEZ01,OtherGrainAEZ01,2005,NOx_AWB,1.0123141460776e-07
South Africa,OtherGrain,OtherGrainAEZ02,OtherGrainAEZ02,2005,NOx_AWB,9.77158089357185e-08
South Africa,OtherGrain,OtherGrainAEZ03,OtherGrainAEZ03,2005,NOx_AWB,2.70701636747197e-07
South Africa,OtherGrain,OtherGrainAEZ04,OtherGrainAEZ04,2005,NOx_AWB,6.49936330651777e-08
South Africa,OtherGrain,OtherGrainAEZ05,OtherGrainAEZ05,2005,NOx_AWB,4.22774117996789e-08
South Africa,OtherGrain,OtherGrainAEZ06,OtherGrainAEZ06,2005,NOx_AWB,1.64872891645229e-07
South Africa,OtherGrain,OtherGrainAEZ07,OtherGrainAEZ07,2005,NOx_AWB,1.24223475702911e-05
South Africa,OtherGrain,OtherGrainAEZ08,OtherGrainAEZ08,2005,NOx_AWB,2.05563773705731e-06
South Africa,OtherGrain,OtherGrainAEZ09,OtherGrainAEZ09,2005,NOx_AWB,1.15379473844347e-05
South Africa,OtherGrain,OtherGrainAEZ10,OtherGrainAEZ10,2005,NOx_AWB,1.29907038206045e-05
South Africa,OtherGrain,OtherGrainAEZ11,OtherGrainAEZ11,2005,NOx_AWB,1.58833261388132e-07
South Africa,PalmFruit,PalmFruitAEZ01,PalmFruitAEZ01,2005,NOx_AWB,0
South Africa,PalmFruit,PalmFruitAEZ02,PalmFruitAEZ02,2005,NOx_AWB,0
South Africa,PalmFruit,PalmFruitAEZ03,PalmFruitAEZ03,2005,NOx_AWB,0
South Africa,PalmFruit,PalmFruitAEZ04,PalmFruitAEZ04,2005,NOx_AWB,0
South Africa,PalmFruit,PalmFruitAEZ05,PalmFruitAEZ05,2005,NOx_AWB,0
South Africa,PalmFruit,PalmFruitAEZ06,PalmFruitAEZ06,2005,NOx_AWB,0
South Africa,PalmFruit,PalmFruitAEZ07,PalmFruitAEZ07,2005,NOx_AWB,0
South Africa,PalmFruit,PalmFruitAEZ08,PalmFruitAEZ08,2005,NOx_AWB,0
South Africa,PalmFruit,PalmFruitAEZ09,PalmFruitAEZ09,2005,NOx_AWB,0
South Africa,PalmFruit,PalmFruitAEZ10,PalmFruitAEZ10,2005,NOx_AWB,0
South Africa,PalmFruit,PalmFruitAEZ11,PalmFruitAEZ11,2005,NOx_AWB,0
South Africa,Rice,RiceAEZ01,RiceAEZ01,2005,NOx_AWB,0
South Africa,Rice,RiceAEZ02,RiceAEZ02,2005,NOx_AWB,0
South Africa,Rice,RiceAEZ03,RiceAEZ03,2005,NOx_AWB,0
South Africa,Rice,RiceAEZ04,RiceAEZ04,2005,NOx_AWB,0
South Africa,Rice,RiceAEZ05,RiceAEZ05,2005,NOx_AWB,0
South Africa,Rice,RiceAEZ06,RiceAEZ06,2005,NOx_AWB,0
South Africa,Rice,RiceAEZ07,RiceAEZ07,2005,NOx_AWB,0
South Africa,Rice,RiceAEZ08,RiceAEZ08,2005,NOx_AWB,0
South Africa,Rice,RiceAEZ09,RiceAEZ09,2005,NOx_AWB,0
South Africa,Rice,RiceAEZ10,RiceAEZ10,2005,NOx_AWB,0
South Africa,Rice,RiceAEZ11,RiceAEZ11,2005,NOx_AWB,0
South Africa,Root_Tuber,Root_TuberAEZ01,Root_TuberAEZ01,2005,NOx_AWB,1.05597929701461e-07
South Africa,Root_Tuber,Root_TuberAEZ02,Root_TuberAEZ02,2005,NOx_AWB,1.58102749901213e-07
South Africa,Root_Tuber,Root_TuberAEZ03,Root_TuberAEZ03,2005,NOx_AWB,1.69515562359199e-06
South Africa,Root_Tuber,Root_TuberAEZ04,Root_TuberAEZ04,2005,NOx_AWB,8.57284585278299e-07
South Africa,Root_Tuber,Root_TuberAEZ05,Root_TuberAEZ05,2005,NOx_AWB,6.13438669616709e-07
South Africa,Root_Tuber,Root_TuberAEZ06,Root_TuberAEZ06,2005,NOx_AWB,3.44619873086997e-06
South Africa,Root_Tuber,Root_TuberAEZ07,Root_TuberAEZ07,2005,NOx_AWB,3.46137659486049e-05
South Africa,Root_Tuber,Root_TuberAEZ08,Root_TuberAEZ08,2005,NOx_AWB,2.58222235478191e-05
South Africa,Root_Tuber,Root_TuberAEZ09,Root_TuberAEZ09,2005,NOx_AWB,3.16492290837131e-05
South Africa,Root_Tuber,Root_TuberAEZ10,Root_TuberAEZ10,2005,NOx_AWB,4.0111476547728e-05
South Africa,Root_Tuber,Root_TuberAEZ11,Root_TuberAEZ11,2005,NOx_AWB,6.81680228643837e-07
South Africa,SugarCrop,SugarCropAEZ01,SugarCropAEZ01,2005,NOx_AWB,0
South Africa,SugarCrop,SugarCropAEZ02,SugarCropAEZ02,2005,NOx_AWB,4.36300318758614e-05
South Africa,SugarCrop,SugarCropAEZ03,SugarCropAEZ03,2005,NOx_AWB,8.49102465430831e-05
South Africa,SugarCrop,SugarCropAEZ04,SugarCropAEZ04,2005,NOx_AWB,1.72467072283669e-05
South Africa,SugarCrop,SugarCropAEZ05,SugarCropAEZ05,2005,NOx_AWB,0.000138300517380592
South Africa,SugarCrop,SugarCropAEZ06,SugarCropAEZ06,2005,NOx_AWB,0.000795426869679079
South Africa,SugarCrop,SugarCropAEZ07,SugarCropAEZ07,2005,NOx_AWB,3.99227476115605e-07
South Africa,SugarCrop,SugarCropAEZ08,SugarCropAEZ08,2005,NOx_AWB,0
South Africa,SugarCrop,SugarCropAEZ09,SugarCropAEZ09,2005,NOx_AWB,0
South Africa,SugarCrop,SugarCropAEZ10,SugarCropAEZ10,2005,NOx_AWB,0.000287482642103557
South Africa,SugarCrop,SugarCropAEZ11,SugarCropAEZ11,2005,NOx_AWB,0.000170938049108685
South Africa,Wheat,WheatAEZ01,WheatAEZ01,2005,NOx_AWB,1.40078857579662e-06
South Africa,Wheat,WheatAEZ02,WheatAEZ02,2005,NOx_AWB,1.42374240086091e-05
South Africa,Wheat,WheatAEZ03,WheatAEZ03,2005,NOx_AWB,1.59113546422303e-05
South Africa,Wheat,WheatAEZ04,WheatAEZ04,2005,NOx_AWB,0
South Africa,Wheat,WheatAEZ05,WheatAEZ05,2005,NOx_AWB,6.94406899449452e-08
South Africa,Wheat,WheatAEZ06,WheatAEZ06,2005,NOx_AWB,0
South Africa,Wheat,WheatAEZ07,WheatAEZ07,2005,NOx_AWB,2.27833146541017e-05
South Africa,Wheat,WheatAEZ08,WheatAEZ08,2005,NOx_AWB,1.82493647512013e-05
South Africa,Wheat,WheatAEZ09,WheatAEZ09,2005,NOx_AWB,3.80602664419896e-05
South Africa,Wheat,WheatAEZ10,WheatAEZ10,2005,NOx_AWB,2.85314028059361e-05
South Africa,Wheat,WheatAEZ11,WheatAEZ11,2005,NOx_AWB,4.09745626891635e-07
South Africa,Corn,CornAEZ01,CornAEZ01,2005,SO2_AWB,4.25428945198959e-09
South Africa,Corn,CornAEZ02,CornAEZ02,2005,SO2_AWB,7.48205465851867e-08
South Africa,Corn,CornAEZ03,CornAEZ03,2005,SO2_AWB,3.91236446609289e-07
South Africa,Corn,CornAEZ04,CornAEZ04,2005,SO2_AWB,7.8800097188026e-08
South Africa,Corn,CornAEZ05,CornAEZ05,2005,SO2_AWB,3.97538789300397e-08
South Africa,Corn,CornAEZ06,CornAEZ06,2005,SO2_AWB,8.47194705742579e-08
South Africa,Corn,CornAEZ07,CornAEZ07,2005,SO2_AWB,5.78798993840068e-06
South Africa,Corn,CornAEZ08,CornAEZ08,2005,SO2_AWB,1.42356683974849e-05
South Africa,Corn,CornAEZ09,CornAEZ09,2005,SO2_AWB,1.50813478768474e-05
South Africa,Corn,CornAEZ10,CornAEZ10,2005,SO2_AWB,3.1688994942018e-05
South Africa,Corn,CornAEZ11,CornAEZ11,2005,SO2_AWB,6.73867793607612e-07
South Africa,FiberCrop,FiberCropAEZ01,FiberCropAEZ01,2005,SO2_AWB,4.4155796088539e-09
South Africa,FiberCrop,FiberCropAEZ02,FiberCropAEZ02,2005,SO2_AWB,4.43197408759965e-09
South Africa,FiberCrop,FiberCropAEZ03,FiberCropAEZ03,2005,SO2_AWB,2.07171563083727e-08
South Africa,FiberCrop,FiberCropAEZ04,FiberCropAEZ04,2005,SO2_AWB,1.50829204460852e-09
South Africa,FiberCrop,FiberCropAEZ05,FiberCropAEZ05,2005,SO2_AWB,1.1257542072078e-09
South Africa,FiberCrop,FiberCropAEZ06,FiberCropAEZ06,2005,SO2_AWB,6.00584404719112e-09
South Africa,FiberCrop,FiberCropAEZ07,FiberCropAEZ07,2005,SO2_AWB,1.16471841836019e-07
South Africa,FiberCrop,FiberCropAEZ08,FiberCropAEZ08,2005,SO2_AWB,1.56840513334291e-08
South Africa,FiberCrop,FiberCropAEZ09,FiberCropAEZ09,2005,SO2_AWB,1.09515118021574e-07
South Africa,FiberCrop,FiberCropAEZ10,FiberCropAEZ10,2005,SO2_AWB,1.03312540229434e-07
South Africa,FiberCrop,FiberCropAEZ11,FiberCropAEZ11,2005,SO2_AWB,1.83071679327482e-09
South Africa,FodderGrass,FodderGrassAEZ01,FodderGrassAEZ01,2005,SO2_AWB,0
South Africa,FodderGrass,FodderGrassAEZ02,FodderGrassAEZ02,2005,SO2_AWB,0
South Africa,FodderGrass,FodderGrassAEZ03,FodderGrassAEZ03,2005,SO2_AWB,0
South Africa,FodderGrass,FodderGrassAEZ04,FodderGrassAEZ04,2005,SO2_AWB,0
South Africa,FodderGrass,FodderGrassAEZ05,FodderGrassAEZ05,2005,SO2_AWB,0
South Africa,FodderGrass,FodderGrassAEZ06,FodderGrassAEZ06,2005,SO2_AWB,0
South Africa,FodderGrass,FodderGrassAEZ07,FodderGrassAEZ07,2005,SO2_AWB,0
South Africa,FodderGrass,FodderGrassAEZ08,FodderGrassAEZ08,2005,SO2_AWB,0
South Africa,FodderGrass,FodderGrassAEZ09,FodderGrassAEZ09,2005,SO2_AWB,0
South Africa,FodderGrass,FodderGrassAEZ10,FodderGrassAEZ10,2005,SO2_AWB,0
South Africa,FodderGrass,FodderGrassAEZ11,FodderGrassAEZ11,2005,SO2_AWB,0
South Africa,FodderHerb,FodderHerbAEZ01,FodderHerbAEZ01,2005,SO2_AWB,1.17520063991022e-07
South Africa,FodderHerb,FodderHerbAEZ02,FodderHerbAEZ02,2005,SO2_AWB,5.45367149600604e-09
South Africa,FodderHerb,FodderHerbAEZ03,FodderHerbAEZ03,2005,SO2_AWB,5.31690544844708e-07
South Africa,FodderHerb,FodderHerbAEZ04,FodderHerbAEZ04,2005,SO2_AWB,6.58228065665762e-07
South Africa,FodderHerb,FodderHerbAEZ05,FodderHerbAEZ05,2005,SO2_AWB,5.73476313577191e-07
South Africa,FodderHerb,FodderHerbAEZ06,FodderHerbAEZ06,2005,SO2_AWB,1.75346723637145e-06
South Africa,FodderHerb,FodderHerbAEZ07,FodderHerbAEZ07,2005,SO2_AWB,2.07119258377759e-05
South Africa,FodderHerb,FodderHerbAEZ08,FodderHerbAEZ08,2005,SO2_AWB,5.7829822312762e-06
South Africa,FodderHerb,FodderHerbAEZ09,FodderHerbAEZ09,2005,SO2_AWB,5.30390765994529e-06
South Africa,FodderHerb,FodderHerbAEZ10,FodderHerbAEZ10,2005,SO2_AWB,4.9858436757942e-06
South Africa,FodderHerb,FodderHerbAEZ11,FodderHerbAEZ11,2005,SO2_AWB,1.80188689122354e-06
South Africa,MiscCrop,MiscCropAEZ01,MiscCropAEZ01,2005,SO2_AWB,2.72183470822417e-07
South Africa,MiscCrop,MiscCropAEZ02,MiscCropAEZ02,2005,SO2_AWB,3.5854584618463e-07
South Africa,MiscCrop,MiscCropAEZ03,MiscCropAEZ03,2005,SO2_AWB,1.19629429624079e-06
South Africa,MiscCrop,MiscCropAEZ04,MiscCropAEZ04,2005,SO2_AWB,5.42379103604581e-07
South Africa,MiscCrop,MiscCropAEZ05,MiscCropAEZ05,2005,SO2_AWB,4.22808139805215e-07
South Africa,MiscCrop,MiscCropAEZ06,MiscCropAEZ06,2005,SO2_AWB,1.61272130889158e-06
South Africa,MiscCrop,MiscCropAEZ07,MiscCropAEZ07,2005,SO2_AWB,2.77804208165139e-05
South Africa,MiscCrop,MiscCropAEZ08,MiscCropAEZ08,2005,SO2_AWB,3.32881019587627e-06
South Africa,MiscCrop,MiscCropAEZ09,MiscCropAEZ09,2005,SO2_AWB,9.12322444704028e-06
South Africa,MiscCrop,MiscCropAEZ10,MiscCropAEZ10,2005,SO2_AWB,1.08938368917005e-05
South Africa,MiscCrop,MiscCropAEZ11,MiscCropAEZ11,2005,SO2_AWB,1.7032765191118e-06
South Africa,OilCrop,OilCropAEZ01,OilCropAEZ01,2005,SO2_AWB,6.08069004216275e-08
South Africa,OilCrop,OilCropAEZ02,OilCropAEZ02,2005,SO2_AWB,1.68246003119589e-07
South Africa,OilCrop,OilCropAEZ03,OilCropAEZ03,2005,SO2_AWB,4.28044123826413e-07
South Africa,OilCrop,OilCropAEZ04,OilCropAEZ04,2005,SO2_AWB,1.42499559191775e-07
South Africa,OilCrop,OilCropAEZ05,OilCropAEZ05,2005,SO2_AWB,1.08757839836661e-07
South Africa,OilCrop,OilCropAEZ06,OilCropAEZ06,2005,SO2_AWB,3.01721533828219e-07
South Africa,OilCrop,OilCropAEZ07,OilCropAEZ07,2005,SO2_AWB,1.16811112080534e-06
South Africa,OilCrop,OilCropAEZ08,OilCropAEZ08,2005,SO2_AWB,1.14598257353029e-06
South Africa,OilCrop,OilCropAEZ09,OilCropAEZ09,2005,SO2_AWB,1.53322869865211e-06
South Africa,OilCrop,OilCropAEZ10,OilCropAEZ10,2005,SO2_AWB,1.57241797613516e-06
South Africa,OilCrop,OilCropAEZ11,OilCropAEZ11,2005,SO2_AWB,1.76220565398115e-07
South Africa,OtherGrain,OtherGrainAEZ01,OtherGrainAEZ01,2005,SO2_AWB,9.65676366990016e-09
South Africa,OtherGrain,OtherGrainAEZ02,OtherGrainAEZ02,2005,SO2_AWB,9.32139965999266e-09
South Africa,OtherGrain,OtherGrainAEZ03,OtherGrainAEZ03,2005,SO2_AWB,2.58230287628762e-08
South Africa,OtherGrain,OtherGrainAEZ04,OtherGrainAEZ04,2005,SO2_AWB,6.19993464469988e-09
South Africa,OtherGrain,OtherGrainAEZ05,OtherGrainAEZ05,2005,SO2_AWB,4.03296719606693e-09
South Africa,OtherGrain,OtherGrainAEZ06,OtherGrainAEZ06,2005,SO2_AWB,1.57277121569433e-08
South Africa,OtherGrain,OtherGrainAEZ07,OtherGrainAEZ07,2005,SO2_AWB,1.18500442946951e-06
South Africa,OtherGrain,OtherGrainAEZ08,OtherGrainAEZ08,2005,SO2_AWB,1.9609335594693e-07
South Africa,OtherGrain,OtherGrainAEZ09,OtherGrainAEZ09,2005,SO2_AWB,1.10063888328483e-06
South Africa,OtherGrain,OtherGrainAEZ10,OtherGrainAEZ10,2005,SO2_AWB,1.23922161107122e-06
South Africa,OtherGrain,OtherGrainAEZ11,OtherGrainAEZ11,2005,SO2_AWB,1.51515739860766e-08
South Africa,PalmFruit,PalmFruitAEZ01,PalmFruitAEZ01,2005,SO2_AWB,0
South Africa,PalmFruit,PalmFruitAEZ02,PalmFruitAEZ02,2005,SO2_AWB,0
South Africa,PalmFruit,PalmFruitAEZ03,PalmFruitAEZ03,2005,SO2_AWB,0
South Africa,PalmFruit,PalmFruitAEZ04,PalmFruitAEZ04,2005,SO2_AWB,0
South Africa,PalmFruit,PalmFruitAEZ05,PalmFruitAEZ05,2005,SO2_AWB,0
South Africa,PalmFruit,PalmFruitAEZ06,PalmFruitAEZ06,2005,SO2_AWB,0
South Africa,PalmFruit,PalmFruitAEZ07,PalmFruitAEZ07,2005,SO2_AWB,0
South Africa,PalmFruit,PalmFruitAEZ08,PalmFruitAEZ08,2005,SO2_AWB,0
South Africa,PalmFruit,PalmFruitAEZ09,PalmFruitAEZ09,2005,SO2_AWB,0
South Africa,PalmFruit,PalmFruitAEZ10,PalmFruitAEZ10,2005,SO2_AWB,0
South Africa,PalmFruit,PalmFruitAEZ11,PalmFruitAEZ11,2005,SO2_AWB,0
South Africa,Rice,RiceAEZ01,RiceAEZ01,2005,SO2_AWB,0
South Africa,Rice,RiceAEZ02,RiceAEZ02,2005,SO2_AWB,0
South Africa,Rice,RiceAEZ03,RiceAEZ03,2005,SO2_AWB,0
South Africa,Rice,RiceAEZ04,RiceAEZ04,2005,SO2_AWB,0
South Africa,Rice,RiceAEZ05,RiceAEZ05,2005,SO2_AWB,0
South Africa,Rice,RiceAEZ06,RiceAEZ06,2005,SO2_AWB,0
South Africa,Rice,RiceAEZ07,RiceAEZ07,2005,SO2_AWB,0
South Africa,Rice,RiceAEZ08,RiceAEZ08,2005,SO2_AWB,0
South Africa,Rice,RiceAEZ09,RiceAEZ09,2005,SO2_AWB,0
South Africa,Rice,RiceAEZ10,RiceAEZ10,2005,SO2_AWB,0
South Africa,Rice,RiceAEZ11,RiceAEZ11,2005,SO2_AWB,0
South Africa,Root_Tuber,Root_TuberAEZ01,Root_TuberAEZ01,2005,SO2_AWB,1.00732984430662e-08
South Africa,Root_Tuber,Root_TuberAEZ02,Root_TuberAEZ02,2005,SO2_AWB,1.50818883374599e-08
South Africa,Root_Tuber,Root_TuberAEZ03,Root_TuberAEZ03,2005,SO2_AWB,1.6170590230471e-07
South Africa,Root_Tuber,Root_TuberAEZ04,Root_TuberAEZ04,2005,SO2_AWB,8.1778908947957e-08
South Africa,Root_Tuber,Root_TuberAEZ05,Root_TuberAEZ05,2005,SO2_AWB,5.85177267493446e-08
South Africa,Root_Tuber,Root_TuberAEZ06,Root_TuberAEZ06,2005,SO2_AWB,3.28743076765915e-07
South Africa,Root_Tuber,Root_TuberAEZ07,Root_TuberAEZ07,2005,SO2_AWB,3.30190938046312e-06
South Africa,Root_Tuber,Root_TuberAEZ08,Root_TuberAEZ08,2005,SO2_AWB,2.46325818125537e-06
South Africa,Root_Tuber,Root_TuberAEZ09,Root_TuberAEZ09,2005,SO2_AWB,3.01911345188808e-06
South Africa,Root_Tuber,Root_TuberAEZ10,Root_TuberAEZ10,2005,SO2_AWB,3.82635223436321e-06
South Africa,Root_Tuber,Root_TuberAEZ11,Root_TuberAEZ11,2005,SO2_AWB,6.50274906456993e-08
South Africa,SugarCrop,SugarCropAEZ01,SugarCropAEZ01,2005,SO2_AWB,0
South Africa,SugarCrop,SugarCropAEZ02,SugarCropAEZ02,2005,SO2_AWB,4.16199762067838e-06
South Africa,SugarCrop,SugarCropAEZ03,SugarCropAEZ03,2005,SO2_AWB,8.09983923663015e-06
South Africa,SugarCrop,SugarCropAEZ04,SugarCropAEZ04,2005,SO2_AWB,1.64521434807185e-06
South Africa,SugarCrop,SugarCropAEZ05,SugarCropAEZ05,2005,SO2_AWB,1.31928948829183e-05
South Africa,SugarCrop,SugarCropAEZ06,SugarCropAEZ06,2005,SO2_AWB,7.58781187336141e-05
South Africa,SugarCrop,SugarCropAEZ07,SugarCropAEZ07,2005,SO2_AWB,3.80834882365021e-08
South Africa,SugarCrop,SugarCropAEZ08,SugarCropAEZ08,2005,SO2_AWB,0
South Africa,SugarCrop,SugarCropAEZ09,SugarCropAEZ09,2005,SO2_AWB,0
South Africa,SugarCrop,SugarCropAEZ10,SugarCropAEZ10,2005,SO2_AWB,2.74238184337268e-05
South Africa,SugarCrop,SugarCropAEZ11,SugarCropAEZ11,2005,SO2_AWB,1.63062854434301e-05
South Africa,Wheat,WheatAEZ01,WheatAEZ01,2005,SO2_AWB,1.33625360075992e-07
South Africa,Wheat,WheatAEZ02,WheatAEZ02,2005,SO2_AWB,1.35814993252856e-06
South Africa,Wheat,WheatAEZ03,WheatAEZ03,2005,SO2_AWB,1.51783112034284e-06
South Africa,Wheat,WheatAEZ04,WheatAEZ04,2005,SO2_AWB,0
South Africa,Wheat,WheatAEZ05,WheatAEZ05,2005,SO2_AWB,6.62415253675358e-09
South Africa,Wheat,WheatAEZ06,WheatAEZ06,2005,SO2_AWB,0
South Africa,Wheat,WheatAEZ07,WheatAEZ07,2005,SO2_AWB,2.17336768516092e-06
South Africa,Wheat,WheatAEZ08,WheatAEZ08,2005,SO2_AWB,1.7408608109547e-06
South Africa,Wheat,WheatAEZ09,WheatAEZ09,2005,SO2_AWB,3.6306812432467e-06
South Africa,Wheat,WheatAEZ10,WheatAEZ10,2005,SO2_AWB,2.72169479341179e-06
South Africa,Wheat,WheatAEZ11,WheatAEZ11,2005,SO2_AWB,3.9086845708904e-08
South America_Northern,Corn,CornAEZ01,CornAEZ01,2005,CH4_AWB,6.24371891051333e-07
South America_Northern,Corn,CornAEZ02,CornAEZ02,2005,CH4_AWB,3.72531936909576e-06
South America_Northern,Corn,CornAEZ03,CornAEZ03,2005,CH4_AWB,5.72732110588444e-07
South America_Northern,Corn,CornAEZ04,CornAEZ04,2005,CH4_AWB,0.000279700682639101
South America_Northern,Corn,CornAEZ05,CornAEZ05,2005,CH4_AWB,0.000288406893560117
South America_Northern,Corn,CornAEZ06,CornAEZ06,2005,CH4_AWB,3.7069253646499e-05
South America_Northern,FiberCrop,FiberCropAEZ01,FiberCropAEZ01,2005,CH4_AWB,0
South America_Northern,FiberCrop,FiberCropAEZ02,FiberCropAEZ02,2005,CH4_AWB,0
South America_Northern,FiberCrop,FiberCropAEZ03,FiberCropAEZ03,2005,CH4_AWB,0
South America_Northern,FiberCrop,FiberCropAEZ04,FiberCropAEZ04,2005,CH4_AWB,2.41643177933087e-06
South America_Northern,FiberCrop,FiberCropAEZ05,FiberCropAEZ05,2005,CH4_AWB,5.02997053911312e-06
South America_Northern,FiberCrop,FiberCropAEZ06,FiberCropAEZ06,2005,CH4_AWB,3.39323409384615e-07
South America_Northern,FodderGrass,FodderGrassAEZ01,FodderGrassAEZ01,2005,CH4_AWB,0
South America_Northern,FodderGrass,FodderGrassAEZ02,FodderGrassAEZ02,2005,CH4_AWB,0
South America_Northern,FodderGrass,FodderGrassAEZ03,FodderGrassAEZ03,2005,CH4_AWB,0
South America_Northern,FodderGrass,FodderGrassAEZ04,FodderGrassAEZ04,2005,CH4_AWB,0
South America_Northern,FodderGrass,FodderGrassAEZ05,FodderGrassAEZ05,2005,CH4_AWB,0
South America_Northern,FodderGrass,FodderGrassAEZ06,FodderGrassAEZ06,2005,CH4_AWB,0
South America_Northern,FodderHerb,FodderHerbAEZ01,FodderHerbAEZ01,2005,CH4_AWB,0
South America_Northern,FodderHerb,FodderHerbAEZ02,FodderHerbAEZ02,2005,CH4_AWB,0
South America_Northern,FodderHerb,FodderHerbAEZ03,FodderHerbAEZ03,2005,CH4_AWB,0
South America_Northern,FodderHerb,FodderHerbAEZ04,FodderHerbAEZ04,2005,CH4_AWB,0
South America_Northern,FodderHerb,FodderHerbAEZ05,FodderHerbAEZ05,2005,CH4_AWB,0
South America_Northern,FodderHerb,FodderHerbAEZ06,FodderHerbAEZ06,2005,CH4_AWB,0
South America_Northern,MiscCrop,MiscCropAEZ01,MiscCropAEZ01,2005,CH4_AWB,7.72600739754334e-09
South America_Northern,MiscCrop,MiscCropAEZ02,MiscCropAEZ02,2005,CH4_AWB,8.35374549859372e-07
South America_Northern,MiscCrop,MiscCropAEZ03,MiscCropAEZ03,2005,CH4_AWB,6.83268779220238e-07
South America_Northern,MiscCrop,MiscCropAEZ04,MiscCropAEZ04,2005,CH4_AWB,0.00024584976427269
South America_Northern,MiscCrop,MiscCropAEZ05,MiscCropAEZ05,2005,CH4_AWB,0.000814887592618403
South America_Northern,MiscCrop,MiscCropAEZ06,MiscCropAEZ06,2005,CH4_AWB,0.000106235016093533
South America_Northern,OilCrop,OilCropAEZ01,OilCropAEZ01,2005,CH4_AWB,0
South America_Northern,OilCrop,OilCropAEZ02,OilCropAEZ02,2005,CH4_AWB,1.67789463127087e-08
South America_Northern,OilCrop,OilCropAEZ03,OilCropAEZ03,2005,CH4_AWB,0
South America_Northern,OilCrop,OilCropAEZ04,OilCropAEZ04,2005,CH4_AWB,4.82754255339933e-06
South America_Northern,OilCrop,OilCropAEZ05,OilCropAEZ05,2005,CH4_AWB,7.9979644090578e-06
South America_Northern,OilCrop,OilCropAEZ06,OilCropAEZ06,2005,CH4_AWB,1.40703449793714e-06
South America_Northern,OtherGrain,OtherGrainAEZ01,OtherGrainAEZ01,2005,CH4_AWB,1.74575045288757e-08
South America_Northern,OtherGrain,OtherGrainAEZ02,OtherGrainAEZ02,2005,CH4_AWB,3.09288788569916e-07
South America_Northern,OtherGrain,OtherGrainAEZ03,OtherGrainAEZ03,2005,CH4_AWB,3.08415913343472e-08
South America_Northern,OtherGrain,OtherGrainAEZ04,OtherGrainAEZ04,2005,CH4_AWB,8.01802815922642e-05
South America_Northern,OtherGrain,OtherGrainAEZ05,OtherGrainAEZ05,2005,CH4_AWB,5.81628768804465e-05
South America_Northern,OtherGrain,OtherGrainAEZ06,OtherGrainAEZ06,2005,CH4_AWB,4.37165009243928e-06
South America_Northern,PalmFruit,PalmFruitAEZ01,PalmFruitAEZ01,2005,CH4_AWB,0
South America_Northern,PalmFruit,PalmFruitAEZ02,PalmFruitAEZ02,2005,CH4_AWB,0
South America_Northern,PalmFruit,PalmFruitAEZ03,PalmFruitAEZ03,2005,CH4_AWB,0
South America_Northern,PalmFruit,PalmFruitAEZ04,PalmFruitAEZ04,2005,CH4_AWB,4.90686233983808e-05
South America_Northern,PalmFruit,PalmFruitAEZ05,PalmFruitAEZ05,2005,CH4_AWB,8.69496609520532e-05
South America_Northern,PalmFruit,PalmFruitAEZ06,PalmFruitAEZ06,2005,CH4_AWB,2.47165951162458e-05
South America_Northern,Rice,RiceAEZ01,RiceAEZ01,2005,CH4_AWB,0
South America_Northern,Rice,RiceAEZ02,RiceAEZ02,2005,CH4_AWB,0
South America_Northern,Rice,RiceAEZ03,RiceAEZ03,2005,CH4_AWB,0
South America_Northern,Rice,RiceAEZ04,RiceAEZ04,2005,CH4_AWB,4.43057279504088e-05
South America_Northern,Rice,RiceAEZ05,RiceAEZ05,2005,CH4_AWB,0.000189796694935277
South America_Northern,Rice,RiceAEZ06,RiceAEZ06,2005,CH4_AWB,0.000230447198649061
South America_Northern,Root_Tuber,Root_TuberAEZ01,Root_TuberAEZ01,2005,CH4_AWB,0
South America_Northern,Root_Tuber,Root_TuberAEZ02,Root_TuberAEZ02,2005,CH4_AWB,8.66326833513621e-07
South America_Northern,Root_Tuber,Root_TuberAEZ03,Root_TuberAEZ03,2005,CH4_AWB,1.54414548846672e-06
South America_Northern,Root_Tuber,Root_TuberAEZ04,Root_TuberAEZ04,2005,CH4_AWB,5.43434620305732e-05
South America_Northern,Root_Tuber,Root_TuberAEZ05,Root_TuberAEZ05,2005,CH4_AWB,0.000195871753948421
South America_Northern,Root_Tuber,Root_TuberAEZ06,Root_TuberAEZ06,2005,CH4_AWB,7.7191058666041e-05
South America_Northern,SugarCrop,SugarCropAEZ01,SugarCropAEZ01,2005,CH4_AWB,0
South America_Northern,SugarCrop,SugarCropAEZ02,SugarCropAEZ02,2005,CH4_AWB,1.19661466258902e-05
South America_Northern,SugarCrop,SugarCropAEZ03,SugarCropAEZ03,2005,CH4_AWB,1.38166444598219e-05
South America_Northern,SugarCrop,SugarCropAEZ04,SugarCropAEZ04,2005,CH4_AWB,0.00107765935631904
South America_Northern,SugarCrop,SugarCropAEZ05,SugarCropAEZ05,2005,CH4_AWB,0.00152660352993751
South America_Northern,SugarCrop,SugarCropAEZ06,SugarCropAEZ06,2005,CH4_AWB,0.00100194763656762
South America_Northern,Wheat,WheatAEZ01,WheatAEZ01,2005,CH4_AWB,0
South America_Northern,Wheat,WheatAEZ02,WheatAEZ02,2005,CH4_AWB,0
South America_Northern,Wheat,WheatAEZ03,WheatAEZ03,2005,CH4_AWB,0
South America_Northern,Wheat,WheatAEZ04,WheatAEZ04,2005,CH4_AWB,0
South America_Northern,Wheat,WheatAEZ05,WheatAEZ05,2005,CH4_AWB,0
South America_Northern,Wheat,WheatAEZ06,WheatAEZ06,2005,CH4_AWB,0
South America_Northern,Corn,CornAEZ01,CornAEZ01,2005,CO_AWB,2.29401315131188e-05
South America_Northern,Corn,CornAEZ02,CornAEZ02,2005,CO_AWB,0.000136872459315116
South America_Northern,Corn,CornAEZ03,CornAEZ03,2005,CO_AWB,2.10428274030113e-05
South America_Northern,Corn,CornAEZ04,CornAEZ04,2005,CO_AWB,0.0102765203495084
South America_Northern,Corn,CornAEZ05,CornAEZ05,2005,CO_AWB,0.010596396414353
South America_Northern,Corn,CornAEZ06,CornAEZ06,2005,CO_AWB,0.00136196642727136
South America_Northern,FiberCrop,FiberCropAEZ01,FiberCropAEZ01,2005,CO_AWB,0
South America_Northern,FiberCrop,FiberCropAEZ02,FiberCropAEZ02,2005,CO_AWB,0
South America_Northern,FiberCrop,FiberCropAEZ03,FiberCropAEZ03,2005,CO_AWB,0
South America_Northern,FiberCrop,FiberCropAEZ04,FiberCropAEZ04,2005,CO_AWB,8.87824445732013e-05
South America_Northern,FiberCrop,FiberCropAEZ05,FiberCropAEZ05,2005,CO_AWB,0.000184806823190062
South America_Northern,FiberCrop,FiberCropAEZ06,FiberCropAEZ06,2005,CO_AWB,1.24671269612343e-05
South America_Northern,FodderGrass,FodderGrassAEZ01,FodderGrassAEZ01,2005,CO_AWB,0
South America_Northern,FodderGrass,FodderGrassAEZ02,FodderGrassAEZ02,2005,CO_AWB,0
South America_Northern,FodderGrass,FodderGrassAEZ03,FodderGrassAEZ03,2005,CO_AWB,0
South America_Northern,FodderGrass,FodderGrassAEZ04,FodderGrassAEZ04,2005,CO_AWB,0
South America_Northern,FodderGrass,FodderGrassAEZ05,FodderGrassAEZ05,2005,CO_AWB,0
South America_Northern,FodderGrass,FodderGrassAEZ06,FodderGrassAEZ06,2005,CO_AWB,0
South America_Northern,FodderHerb,FodderHerbAEZ01,FodderHerbAEZ01,2005,CO_AWB,0
South America_Northern,FodderHerb,FodderHerbAEZ02,FodderHerbAEZ02,2005,CO_AWB,0
South America_Northern,FodderHerb,FodderHerbAEZ03,FodderHerbAEZ03,2005,CO_AWB,0
South America_Northern,FodderHerb,FodderHerbAEZ04,FodderHerbAEZ04,2005,CO_AWB,0
South America_Northern,FodderHerb,FodderHerbAEZ05,FodderHerbAEZ05,2005,CO_AWB,0
South America_Northern,FodderHerb,FodderHerbAEZ06,FodderHerbAEZ06,2005,CO_AWB,0
South America_Northern,MiscCrop,MiscCropAEZ01,MiscCropAEZ01,2005,CO_AWB,2.83862275530276e-07
South America_Northern,MiscCrop,MiscCropAEZ02,MiscCropAEZ02,2005,CO_AWB,3.06926085417111e-05
South America_Northern,MiscCrop,MiscCropAEZ03,MiscCropAEZ03,2005,CO_AWB,2.51040699922088e-05
South America_Northern,MiscCrop,MiscCropAEZ04,MiscCropAEZ04,2005,CO_AWB,0.00903279921104117
South America_Northern,MiscCrop,MiscCropAEZ05,MiscCropAEZ05,2005,CO_AWB,0.029939894493966
South America_Northern,MiscCrop,MiscCropAEZ06,MiscCropAEZ06,2005,CO_AWB,0.0039031949955024
South America_Northern,OilCrop,OilCropAEZ01,OilCropAEZ01,2005,CO_AWB,0
South America_Northern,OilCrop,OilCropAEZ02,OilCropAEZ02,2005,CO_AWB,6.16477520179478e-07
South America_Northern,OilCrop,OilCropAEZ03,OilCropAEZ03,2005,CO_AWB,0
South America_Northern,OilCrop,OilCropAEZ04,OilCropAEZ04,2005,CO_AWB,0.000177369389377353
South America_Northern,OilCrop,OilCropAEZ05,OilCropAEZ05,2005,CO_AWB,0.000293854284618884
South America_Northern,OilCrop,OilCropAEZ06,OilCropAEZ06,2005,CO_AWB,5.16960434779076e-05
South America_Northern,OtherGrain,OtherGrainAEZ01,OtherGrainAEZ01,2005,CO_AWB,6.41408518741838e-07
South America_Northern,OtherGrain,OtherGrainAEZ02,OtherGrainAEZ02,2005,CO_AWB,1.13636209237096e-05
South America_Northern,OtherGrain,OtherGrainAEZ03,OtherGrainAEZ03,2005,CO_AWB,1.13315504977725e-06
South America_Northern,OtherGrain,OtherGrainAEZ04,OtherGrainAEZ04,2005,CO_AWB,0.0029459144955874
South America_Northern,OtherGrain,OtherGrainAEZ05,OtherGrainAEZ05,2005,CO_AWB,0.00213697007175021
South America_Northern,OtherGrain,OtherGrainAEZ06,OtherGrainAEZ06,2005,CO_AWB,0.000160619383234935
South America_Northern,PalmFruit,PalmFruitAEZ01,PalmFruitAEZ01,2005,CO_AWB,0
South America_Northern,PalmFruit,PalmFruitAEZ02,PalmFruitAEZ02,2005,CO_AWB,0
South America_Northern,PalmFruit,PalmFruitAEZ03,PalmFruitAEZ03,2005,CO_AWB,0
South America_Northern,PalmFruit,PalmFruitAEZ04,PalmFruitAEZ04,2005,CO_AWB,0.00180283688304926
South America_Northern,PalmFruit,PalmFruitAEZ05,PalmFruitAEZ05,2005,CO_AWB,0.00319462917189077
South America_Northern,PalmFruit,PalmFruitAEZ06,PalmFruitAEZ06,2005,CO_AWB,0.000908115741034494
South America_Northern,Rice,RiceAEZ01,RiceAEZ01,2005,CO_AWB,0
South America_Northern,Rice,RiceAEZ02,RiceAEZ02,2005,CO_AWB,0
South America_Northern,Rice,RiceAEZ03,RiceAEZ03,2005,CO_AWB,0
South America_Northern,Rice,RiceAEZ04,RiceAEZ04,2005,CO_AWB,0.00162784270165564
South America_Northern,Rice,RiceAEZ05,RiceAEZ05,2005,CO_AWB,0.00697334586161341
South America_Northern,Rice,RiceAEZ06,RiceAEZ06,2005,CO_AWB,0.00846689147863104
South America_Northern,Root_Tuber,Root_TuberAEZ01,Root_TuberAEZ01,2005,CO_AWB,0
South America_Northern,Root_Tuber,Root_TuberAEZ02,Root_TuberAEZ02,2005,CO_AWB,3.18298305528817e-05
South America_Northern,Root_Tuber,Root_TuberAEZ03,Root_TuberAEZ03,2005,CO_AWB,5.67336567973452e-05
South America_Northern,Root_Tuber,Root_TuberAEZ04,Root_TuberAEZ04,2005,CO_AWB,0.00199664043773719
South America_Northern,Root_Tuber,Root_TuberAEZ05,Root_TuberAEZ05,2005,CO_AWB,0.0071965504208014
South America_Northern,Root_Tuber,Root_TuberAEZ06,Root_TuberAEZ06,2005,CO_AWB,0.00283608705455042
South America_Northern,SugarCrop,SugarCropAEZ01,SugarCropAEZ01,2005,CO_AWB,0
South America_Northern,SugarCrop,SugarCropAEZ02,SugarCropAEZ02,2005,CO_AWB,0.000439649800443396
South America_Northern,SugarCrop,SugarCropAEZ03,SugarCropAEZ03,2005,CO_AWB,0.000507639189913916
South America_Northern,SugarCrop,SugarCropAEZ04,SugarCropAEZ04,2005,CO_AWB,0.0395944271589083
South America_Northern,SugarCrop,SugarCropAEZ05,SugarCropAEZ05,2005,CO_AWB,0.0560891453428332
South America_Northern,SugarCrop,SugarCropAEZ06,SugarCropAEZ06,2005,CO_AWB,0.0368126926941207
South America_Northern,Wheat,WheatAEZ01,WheatAEZ01,2005,CO_AWB,0
South America_Northern,Wheat,WheatAEZ02,WheatAEZ02,2005,CO_AWB,0
South America_Northern,Wheat,WheatAEZ03,WheatAEZ03,2005,CO_AWB,0
South America_Northern,Wheat,WheatAEZ04,WheatAEZ04,2005,CO_AWB,0
South America_Northern,Wheat,WheatAEZ05,WheatAEZ05,2005,CO_AWB,0
South America_Northern,Wheat,WheatAEZ06,WheatAEZ06,2005,CO_AWB,0
South America_Northern,Corn,CornAEZ01,CornAEZ01,2005,N2O_AWB,1.62339751007657e-08
South America_Northern,Corn,CornAEZ02,CornAEZ02,2005,N2O_AWB,9.68601289505017e-08
South America_Northern,Corn,CornAEZ03,CornAEZ03,2005,N2O_AWB,1.48913155059656e-08
South America_Northern,Corn,CornAEZ04,CornAEZ04,2005,N2O_AWB,7.27235479801095e-06
South America_Northern,Corn,CornAEZ05,CornAEZ05,2005,N2O_AWB,7.49872054787808e-06
South America_Northern,Corn,CornAEZ06,CornAEZ06,2005,N2O_AWB,9.63818758221063e-07
South America_Northern,FiberCrop,FiberCropAEZ01,FiberCropAEZ01,2005,N2O_AWB,0
South America_Northern,FiberCrop,FiberCropAEZ02,FiberCropAEZ02,2005,N2O_AWB,0
South America_Northern,FiberCrop,FiberCropAEZ03,FiberCropAEZ03,2005,N2O_AWB,0
South America_Northern,FiberCrop,FiberCropAEZ04,FiberCropAEZ04,2005,N2O_AWB,6.2828410280134e-08
South America_Northern,FiberCrop,FiberCropAEZ05,FiberCropAEZ05,2005,N2O_AWB,1.30781698631648e-07
South America_Northern,FiberCrop,FiberCropAEZ06,FiberCropAEZ06,2005,N2O_AWB,8.82257490769051e-09
South America_Northern,FodderGrass,FodderGrassAEZ01,FodderGrassAEZ01,2005,N2O_AWB,0
South America_Northern,FodderGrass,FodderGrassAEZ02,FodderGrassAEZ02,2005,N2O_AWB,0
South America_Northern,FodderGrass,FodderGrassAEZ03,FodderGrassAEZ03,2005,N2O_AWB,0
South America_Northern,FodderGrass,FodderGrassAEZ04,FodderGrassAEZ04,2005,N2O_AWB,0
South America_Northern,FodderGrass,FodderGrassAEZ05,FodderGrassAEZ05,2005,N2O_AWB,0
South America_Northern,FodderGrass,FodderGrassAEZ06,FodderGrassAEZ06,2005,N2O_AWB,0
South America_Northern,FodderHerb,FodderHerbAEZ01,FodderHerbAEZ01,2005,N2O_AWB,0
South America_Northern,FodderHerb,FodderHerbAEZ02,FodderHerbAEZ02,2005,N2O_AWB,0
South America_Northern,FodderHerb,FodderHerbAEZ03,FodderHerbAEZ03,2005,N2O_AWB,0
South America_Northern,FodderHerb,FodderHerbAEZ04,FodderHerbAEZ04,2005,N2O_AWB,0
South America_Northern,FodderHerb,FodderHerbAEZ05,FodderHerbAEZ05,2005,N2O_AWB,0
South America_Northern,FodderHerb,FodderHerbAEZ06,FodderHerbAEZ06,2005,N2O_AWB,0
South America_Northern,MiscCrop,MiscCropAEZ01,MiscCropAEZ01,2005,N2O_AWB,2.00879977970915e-10
South America_Northern,MiscCrop,MiscCropAEZ02,MiscCropAEZ02,2005,N2O_AWB,2.17201476181051e-08
South America_Northern,MiscCrop,MiscCropAEZ03,MiscCropAEZ03,2005,N2O_AWB,1.77653230518027e-08
South America_Northern,MiscCrop,MiscCropAEZ04,MiscCropAEZ04,2005,N2O_AWB,6.39221433401113e-06
South America_Northern,MiscCrop,MiscCropAEZ05,MiscCropAEZ05,2005,N2O_AWB,2.11874766915195e-05
South America_Northern,MiscCrop,MiscCropAEZ06,MiscCropAEZ06,2005,N2O_AWB,2.76216247209319e-06
South America_Northern,OilCrop,OilCropAEZ01,OilCropAEZ01,2005,N2O_AWB,0
South America_Northern,OilCrop,OilCropAEZ02,OilCropAEZ02,2005,N2O_AWB,4.36260825577752e-10
South America_Northern,OilCrop,OilCropAEZ03,OilCropAEZ03,2005,N2O_AWB,0
South America_Northern,OilCrop,OilCropAEZ04,OilCropAEZ04,2005,N2O_AWB,1.25518471816228e-07
South America_Northern,OilCrop,OilCropAEZ05,OilCropAEZ05,2005,N2O_AWB,2.07950993525395e-07
South America_Northern,OilCrop,OilCropAEZ06,OilCropAEZ06,2005,N2O_AWB,3.65835863734486e-08
South America_Northern,OtherGrain,OtherGrainAEZ01,OtherGrainAEZ01,2005,N2O_AWB,4.53903671682062e-10
South America_Northern,OtherGrain,OtherGrainAEZ02,OtherGrainAEZ02,2005,N2O_AWB,8.04166004996725e-09
South America_Northern,OtherGrain,OtherGrainAEZ03,OtherGrainAEZ03,2005,N2O_AWB,8.01896486638314e-10
South America_Northern,OtherGrain,OtherGrainAEZ04,OtherGrainAEZ04,2005,N2O_AWB,2.08472660860734e-06
South America_Northern,OtherGrain,OtherGrainAEZ05,OtherGrainAEZ05,2005,N2O_AWB,1.51226329788193e-06
South America_Northern,OtherGrain,OtherGrainAEZ06,OtherGrainAEZ06,2005,N2O_AWB,1.13665044450383e-07
South America_Northern,PalmFruit,PalmFruitAEZ01,PalmFruitAEZ01,2005,N2O_AWB,0
South America_Northern,PalmFruit,PalmFruitAEZ02,PalmFruitAEZ02,2005,N2O_AWB,0
South America_Northern,PalmFruit,PalmFruitAEZ03,PalmFruitAEZ03,2005,N2O_AWB,0
South America_Northern,PalmFruit,PalmFruitAEZ04,PalmFruitAEZ04,2005,N2O_AWB,1.27580825129213e-06
South America_Northern,PalmFruit,PalmFruitAEZ05,PalmFruitAEZ05,2005,N2O_AWB,2.26073378886238e-06
South America_Northern,PalmFruit,PalmFruitAEZ06,PalmFruitAEZ06,2005,N2O_AWB,6.42643583805814e-07
South America_Northern,Rice,RiceAEZ01,RiceAEZ01,2005,N2O_AWB,0
South America_Northern,Rice,RiceAEZ02,RiceAEZ02,2005,N2O_AWB,0
South America_Northern,Rice,RiceAEZ03,RiceAEZ03,2005,N2O_AWB,0
South America_Northern,Rice,RiceAEZ04,RiceAEZ04,2005,N2O_AWB,1.15197063589319e-06
South America_Northern,Rice,RiceAEZ05,RiceAEZ05,2005,N2O_AWB,4.93480706602405e-06
South America_Northern,Rice,RiceAEZ06,RiceAEZ06,2005,N2O_AWB,5.9917400807566e-06
South America_Northern,Root_Tuber,Root_TuberAEZ01,Root_TuberAEZ01,2005,N2O_AWB,0
South America_Northern,Root_Tuber,Root_TuberAEZ02,Root_TuberAEZ02,2005,N2O_AWB,2.25249221592985e-08
South America_Northern,Root_Tuber,Root_TuberAEZ03,Root_TuberAEZ03,2005,N2O_AWB,4.01485393096716e-08
South America_Northern,Root_Tuber,Root_TuberAEZ04,Root_TuberAEZ04,2005,N2O_AWB,1.41295664032576e-06
South America_Northern,Root_Tuber,Root_TuberAEZ05,Root_TuberAEZ05,2005,N2O_AWB,5.09276157705913e-06
South America_Northern,Root_Tuber,Root_TuberAEZ06,Root_TuberAEZ06,2005,N2O_AWB,2.00700534784842e-06
South America_Northern,SugarCrop,SugarCropAEZ01,SugarCropAEZ01,2005,N2O_AWB,0
South America_Northern,SugarCrop,SugarCropAEZ02,SugarCropAEZ02,2005,N2O_AWB,3.11125675516424e-07
South America_Northern,SugarCrop,SugarCropAEZ03,SugarCropAEZ03,2005,N2O_AWB,3.59239525916518e-07
South America_Northern,SugarCrop,SugarCropAEZ04,SugarCropAEZ04,2005,N2O_AWB,2.80196713021986e-05
South America_Northern,SugarCrop,SugarCropAEZ05,SugarCropAEZ05,2005,N2O_AWB,3.96924397925995e-05
South America_Northern,SugarCrop,SugarCropAEZ06,SugarCropAEZ06,2005,N2O_AWB,2.60511294909855e-05
South America_Northern,Wheat,WheatAEZ01,WheatAEZ01,2005,N2O_AWB,0
South America_Northern,Wheat,WheatAEZ02,WheatAEZ02,2005,N2O_AWB,0
South America_Northern,Wheat,WheatAEZ03,WheatAEZ03,2005,N2O_AWB,0
South America_Northern,Wheat,WheatAEZ04,WheatAEZ04,2005,N2O_AWB,0
South America_Northern,Wheat,WheatAEZ05,WheatAEZ05,2005,N2O_AWB,0
South America_Northern,Wheat,WheatAEZ06,WheatAEZ06,2005,N2O_AWB,0
South America_Northern,Corn,CornAEZ01,CornAEZ01,2005,NH3_AWB,3.00353970080619e-07
South America_Northern,Corn,CornAEZ02,CornAEZ02,2005,NH3_AWB,1.79206411813652e-06
South America_Northern,Corn,CornAEZ03,CornAEZ03,2005,NH3_AWB,2.75512664284479e-07
South America_Northern,Corn,CornAEZ04,CornAEZ04,2005,NH3_AWB,0.000134549955994106
South America_Northern,Corn,CornAEZ05,CornAEZ05,2005,NH3_AWB,0.000138738076971306
South America_Northern,Corn,CornAEZ06,CornAEZ06,2005,NH3_AWB,1.78321568607195e-05
South America_Northern,FiberCrop,FiberCropAEZ01,FiberCropAEZ01,2005,NH3_AWB,0
South America_Northern,FiberCrop,FiberCropAEZ02,FiberCropAEZ02,2005,NH3_AWB,0
South America_Northern,FiberCrop,FiberCropAEZ03,FiberCropAEZ03,2005,NH3_AWB,0
South America_Northern,FiberCrop,FiberCropAEZ04,FiberCropAEZ04,2005,NH3_AWB,1.16242401163977e-06
South America_Northern,FiberCrop,FiberCropAEZ05,FiberCropAEZ05,2005,NH3_AWB,2.41966629578296e-06
South America_Northern,FiberCrop,FiberCropAEZ06,FiberCropAEZ06,2005,NH3_AWB,1.63231456461549e-07
South America_Northern,FodderGrass,FodderGrassAEZ01,FodderGrassAEZ01,2005,NH3_AWB,0
South America_Northern,FodderGrass,FodderGrassAEZ02,FodderGrassAEZ02,2005,NH3_AWB,0
South America_Northern,FodderGrass,FodderGrassAEZ03,FodderGrassAEZ03,2005,NH3_AWB,0
South America_Northern,FodderGrass,FodderGrassAEZ04,FodderGrassAEZ04,2005,NH3_AWB,0
South America_Northern,FodderGrass,FodderGrassAEZ05,FodderGrassAEZ05,2005,NH3_AWB,0
South America_Northern,FodderGrass,FodderGrassAEZ06,FodderGrassAEZ06,2005,NH3_AWB,0
South America_Northern,FodderHerb,FodderHerbAEZ01,FodderHerbAEZ01,2005,NH3_AWB,0
South America_Northern,FodderHerb,FodderHerbAEZ02,FodderHerbAEZ02,2005,NH3_AWB,0
South America_Northern,FodderHerb,FodderHerbAEZ03,FodderHerbAEZ03,2005,NH3_AWB,0
South America_Northern,FodderHerb,FodderHerbAEZ04,FodderHerbAEZ04,2005,NH3_AWB,0
South America_Northern,FodderHerb,FodderHerbAEZ05,FodderHerbAEZ05,2005,NH3_AWB,0
South America_Northern,FodderHerb,FodderHerbAEZ06,FodderHerbAEZ06,2005,NH3_AWB,0
South America_Northern,MiscCrop,MiscCropAEZ01,MiscCropAEZ01,2005,NH3_AWB,3.71659427335365e-09
South America_Northern,MiscCrop,MiscCropAEZ02,MiscCropAEZ02,2005,NH3_AWB,4.01856755806363e-07
South America_Northern,MiscCrop,MiscCropAEZ03,MiscCropAEZ03,2005,NH3_AWB,3.28686306049714e-07
South America_Northern,MiscCrop,MiscCropAEZ04,MiscCropAEZ04,2005,NH3_AWB,0.000118265978659529
South America_Northern,MiscCrop,MiscCropAEZ05,MiscCropAEZ05,2005,NH3_AWB,0.000392001509229142
South America_Northern,MiscCrop,MiscCropAEZ06,MiscCropAEZ06,2005,NH3_AWB,5.11043326943232e-05
South America_Northern,OilCrop,OilCropAEZ01,OilCropAEZ01,2005,NH3_AWB,0
South America_Northern,OilCrop,OilCropAEZ02,OilCropAEZ02,2005,NH3_AWB,8.07150868099744e-09
South America_Northern,OilCrop,OilCropAEZ03,OilCropAEZ03,2005,NH3_AWB,0
South America_Northern,OilCrop,OilCropAEZ04,OilCropAEZ04,2005,NH3_AWB,2.32228835478984e-06
South America_Northern,OilCrop,OilCropAEZ05,OilCropAEZ05,2005,NH3_AWB,3.84741913794211e-06
South America_Northern,OilCrop,OilCropAEZ06,OilCropAEZ06,2005,NH3_AWB,6.76853656535071e-07
South America_Northern,OtherGrain,OtherGrainAEZ01,OtherGrainAEZ01,2005,NH3_AWB,8.39792897165693e-09
South America_Northern,OtherGrain,OtherGrainAEZ02,OtherGrainAEZ02,2005,NH3_AWB,1.48783308281189e-07
South America_Northern,OtherGrain,OtherGrainAEZ03,OtherGrainAEZ03,2005,NH3_AWB,1.48363411832606e-08
South America_Northern,OtherGrain,OtherGrainAEZ04,OtherGrainAEZ04,2005,NH3_AWB,3.85707080084401e-05
South America_Northern,OtherGrain,OtherGrainAEZ05,OtherGrainAEZ05,2005,NH3_AWB,2.79792399893866e-05
South America_Northern,OtherGrain,OtherGrainAEZ06,OtherGrainAEZ06,2005,NH3_AWB,2.10298137998575e-06
South America_Northern,PalmFruit,PalmFruitAEZ01,PalmFruitAEZ01,2005,NH3_AWB,0
South America_Northern,PalmFruit,PalmFruitAEZ02,PalmFruitAEZ02,2005,NH3_AWB,0
South America_Northern,PalmFruit,PalmFruitAEZ03,PalmFruitAEZ03,2005,NH3_AWB,0
South America_Northern,PalmFruit,PalmFruitAEZ04,PalmFruitAEZ04,2005,NH3_AWB,2.36044512178124e-05
South America_Northern,PalmFruit,PalmFruitAEZ05,PalmFruitAEZ05,2005,NH3_AWB,4.18271165605146e-05
South America_Northern,PalmFruit,PalmFruitAEZ06,PalmFruitAEZ06,2005,NH3_AWB,1.18899130092795e-05
South America_Northern,Rice,RiceAEZ01,RiceAEZ01,2005,NH3_AWB,0
South America_Northern,Rice,RiceAEZ02,RiceAEZ02,2005,NH3_AWB,0
South America_Northern,Rice,RiceAEZ03,RiceAEZ03,2005,NH3_AWB,0
South America_Northern,Rice,RiceAEZ04,RiceAEZ04,2005,NH3_AWB,2.1313261339824e-05
South America_Northern,Rice,RiceAEZ05,RiceAEZ05,2005,NH3_AWB,9.13016611558255e-05
South America_Northern,Rice,RiceAEZ06,RiceAEZ06,2005,NH3_AWB,0.000110856577626606
South America_Northern,Root_Tuber,Root_TuberAEZ01,Root_TuberAEZ01,2005,NH3_AWB,0
South America_Northern,Root_Tuber,Root_TuberAEZ02,Root_TuberAEZ02,2005,NH3_AWB,4.16746345507401e-07
South America_Northern,Root_Tuber,Root_TuberAEZ03,Root_TuberAEZ03,2005,NH3_AWB,7.42810870396674e-07
South America_Northern,Root_Tuber,Root_TuberAEZ04,Root_TuberAEZ04,2005,NH3_AWB,2.61419112595287e-05
South America_Northern,Root_Tuber,Root_TuberAEZ05,Root_TuberAEZ05,2005,NH3_AWB,9.42240670476081e-05
South America_Northern,Root_Tuber,Root_TuberAEZ06,Root_TuberAEZ06,2005,NH3_AWB,3.7132742933114e-05
South America_Northern,SugarCrop,SugarCropAEZ01,SugarCropAEZ01,2005,NH3_AWB,0
South America_Northern,SugarCrop,SugarCropAEZ02,SugarCropAEZ02,2005,NH3_AWB,5.75631237915136e-06
South America_Northern,SugarCrop,SugarCropAEZ03,SugarCropAEZ03,2005,NH3_AWB,6.64649398247609e-06
South America_Northern,SugarCrop,SugarCropAEZ04,SugarCropAEZ04,2005,NH3_AWB,0.000518407812241404
South America_Northern,SugarCrop,SugarCropAEZ05,SugarCropAEZ05,2005,NH3_AWB,0.000734372314845482
South America_Northern,SugarCrop,SugarCropAEZ06,SugarCropAEZ06,2005,NH3_AWB,0.000481986704989633
South America_Northern,Wheat,WheatAEZ01,WheatAEZ01,2005,NH3_AWB,0
South America_Northern,Wheat,WheatAEZ02,WheatAEZ02,2005,NH3_AWB,0
South America_Northern,Wheat,WheatAEZ03,WheatAEZ03,2005,NH3_AWB,0
South America_Northern,Wheat,WheatAEZ04,WheatAEZ04,2005,NH3_AWB,0
South America_Northern,Wheat,WheatAEZ05,WheatAEZ05,2005,NH3_AWB,0
South America_Northern,Wheat,WheatAEZ06,WheatAEZ06,2005,NH3_AWB,0
South America_Northern,Corn,CornAEZ01,CornAEZ01,2005,NMVOC_AWB,1.62339751007657e-06
South America_Northern,Corn,CornAEZ02,CornAEZ02,2005,NMVOC_AWB,9.68601289505017e-06
South America_Northern,Corn,CornAEZ03,CornAEZ03,2005,NMVOC_AWB,1.48913155059656e-06
South America_Northern,Corn,CornAEZ04,CornAEZ04,2005,NMVOC_AWB,0.000727235479801095
South America_Northern,Corn,CornAEZ05,CornAEZ05,2005,NMVOC_AWB,0.000749872054787808
South America_Northern,Corn,CornAEZ06,CornAEZ06,2005,NMVOC_AWB,9.63818758221063e-05
South America_Northern,FiberCrop,FiberCropAEZ01,FiberCropAEZ01,2005,NMVOC_AWB,0
South America_Northern,FiberCrop,FiberCropAEZ02,FiberCropAEZ02,2005,NMVOC_AWB,0
South America_Northern,FiberCrop,FiberCropAEZ03,FiberCropAEZ03,2005,NMVOC_AWB,0
South America_Northern,FiberCrop,FiberCropAEZ04,FiberCropAEZ04,2005,NMVOC_AWB,6.2828410280134e-06
South America_Northern,FiberCrop,FiberCropAEZ05,FiberCropAEZ05,2005,NMVOC_AWB,1.30781698631648e-05
South America_Northern,FiberCrop,FiberCropAEZ06,FiberCropAEZ06,2005,NMVOC_AWB,8.82257490769051e-07
South America_Northern,FodderGrass,FodderGrassAEZ01,FodderGrassAEZ01,2005,NMVOC_AWB,0
South America_Northern,FodderGrass,FodderGrassAEZ02,FodderGrassAEZ02,2005,NMVOC_AWB,0
South America_Northern,FodderGrass,FodderGrassAEZ03,FodderGrassAEZ03,2005,NMVOC_AWB,0
South America_Northern,FodderGrass,FodderGrassAEZ04,FodderGrassAEZ04,2005,NMVOC_AWB,0
South America_Northern,FodderGrass,FodderGrassAEZ05,FodderGrassAEZ05,2005,NMVOC_AWB,0
South America_Northern,FodderGrass,FodderGrassAEZ06,FodderGrassAEZ06,2005,NMVOC_AWB,0
South America_Northern,FodderHerb,FodderHerbAEZ01,FodderHerbAEZ01,2005,NMVOC_AWB,0
South America_Northern,FodderHerb,FodderHerbAEZ02,FodderHerbAEZ02,2005,NMVOC_AWB,0
South America_Northern,FodderHerb,FodderHerbAEZ03,FodderHerbAEZ03,2005,NMVOC_AWB,0
South America_Northern,FodderHerb,FodderHerbAEZ04,FodderHerbAEZ04,2005,NMVOC_AWB,0
South America_Northern,FodderHerb,FodderHerbAEZ05,FodderHerbAEZ05,2005,NMVOC_AWB,0
South America_Northern,FodderHerb,FodderHerbAEZ06,FodderHerbAEZ06,2005,NMVOC_AWB,0
South America_Northern,MiscCrop,MiscCropAEZ01,MiscCropAEZ01,2005,NMVOC_AWB,2.00879977970915e-08
South America_Northern,MiscCrop,MiscCropAEZ02,MiscCropAEZ02,2005,NMVOC_AWB,2.17201476181051e-06
South America_Northern,MiscCrop,MiscCropAEZ03,MiscCropAEZ03,2005,NMVOC_AWB,1.77653230518027e-06
South America_Northern,MiscCrop,MiscCropAEZ04,MiscCropAEZ04,2005,NMVOC_AWB,0.000639221433401112
South America_Northern,MiscCrop,MiscCropAEZ05,MiscCropAEZ05,2005,NMVOC_AWB,0.00211874766915195
South America_Northern,MiscCrop,MiscCropAEZ06,MiscCropAEZ06,2005,NMVOC_AWB,0.000276216247209319
South America_Northern,OilCrop,OilCropAEZ01,OilCropAEZ01,2005,NMVOC_AWB,0
South America_Northern,OilCrop,OilCropAEZ02,OilCropAEZ02,2005,NMVOC_AWB,4.36260825577752e-08
South America_Northern,OilCrop,OilCropAEZ03,OilCropAEZ03,2005,NMVOC_AWB,0
South America_Northern,OilCrop,OilCropAEZ04,OilCropAEZ04,2005,NMVOC_AWB,1.25518471816228e-05
South America_Northern,OilCrop,OilCropAEZ05,OilCropAEZ05,2005,NMVOC_AWB,2.07950993525395e-05
South America_Northern,OilCrop,OilCropAEZ06,OilCropAEZ06,2005,NMVOC_AWB,3.65835863734486e-06
South America_Northern,OtherGrain,OtherGrainAEZ01,OtherGrainAEZ01,2005,NMVOC_AWB,4.53903671682062e-08
South America_Northern,OtherGrain,OtherGrainAEZ02,OtherGrainAEZ02,2005,NMVOC_AWB,8.04166004996725e-07
South America_Northern,OtherGrain,OtherGrainAEZ03,OtherGrainAEZ03,2005,NMVOC_AWB,8.01896486638314e-08
South America_Northern,OtherGrain,OtherGrainAEZ04,OtherGrainAEZ04,2005,NMVOC_AWB,0.000208472660860734
South America_Northern,OtherGrain,OtherGrainAEZ05,OtherGrainAEZ05,2005,NMVOC_AWB,0.000151226329788193
South America_Northern,OtherGrain,OtherGrainAEZ06,OtherGrainAEZ06,2005,NMVOC_AWB,1.13665044450383e-05
South America_Northern,PalmFruit,PalmFruitAEZ01,PalmFruitAEZ01,2005,NMVOC_AWB,0
South America_Northern,PalmFruit,PalmFruitAEZ02,PalmFruitAEZ02,2005,NMVOC_AWB,0
South America_Northern,PalmFruit,PalmFruitAEZ03,PalmFruitAEZ03,2005,NMVOC_AWB,0
South America_Northern,PalmFruit,PalmFruitAEZ04,PalmFruitAEZ04,2005,NMVOC_AWB,0.000127580825129213
South America_Northern,PalmFruit,PalmFruitAEZ05,PalmFruitAEZ05,2005,NMVOC_AWB,0.000226073378886238
South America_Northern,PalmFruit,PalmFruitAEZ06,PalmFruitAEZ06,2005,NMVOC_AWB,6.42643583805814e-05
South America_Northern,Rice,RiceAEZ01,RiceAEZ01,2005,NMVOC_AWB,0
South America_Northern,Rice,RiceAEZ02,RiceAEZ02,2005,NMVOC_AWB,0
South America_Northern,Rice,RiceAEZ03,RiceAEZ03,2005,NMVOC_AWB,0
South America_Northern,Rice,RiceAEZ04,RiceAEZ04,2005,NMVOC_AWB,0.000115197063589319
South America_Northern,Rice,RiceAEZ05,RiceAEZ05,2005,NMVOC_AWB,0.000493480706602405
South America_Northern,Rice,RiceAEZ06,RiceAEZ06,2005,NMVOC_AWB,0.00059917400807566
South America_Northern,Root_Tuber,Root_TuberAEZ01,Root_TuberAEZ01,2005,NMVOC_AWB,0
South America_Northern,Root_Tuber,Root_TuberAEZ02,Root_TuberAEZ02,2005,NMVOC_AWB,2.25249221592985e-06
South America_Northern,Root_Tuber,Root_TuberAEZ03,Root_TuberAEZ03,2005,NMVOC_AWB,4.01485393096716e-06
South America_Northern,Root_Tuber,Root_TuberAEZ04,Root_TuberAEZ04,2005,NMVOC_AWB,0.000141295664032576
South America_Northern,Root_Tuber,Root_TuberAEZ05,Root_TuberAEZ05,2005,NMVOC_AWB,0.000509276157705913
South America_Northern,Root_Tuber,Root_TuberAEZ06,Root_TuberAEZ06,2005,NMVOC_AWB,0.000200700534784842
South America_Northern,SugarCrop,SugarCropAEZ01,SugarCropAEZ01,2005,NMVOC_AWB,0
South America_Northern,SugarCrop,SugarCropAEZ02,SugarCropAEZ02,2005,NMVOC_AWB,3.11125675516424e-05
South America_Northern,SugarCrop,SugarCropAEZ03,SugarCropAEZ03,2005,NMVOC_AWB,3.59239525916518e-05
South America_Northern,SugarCrop,SugarCropAEZ04,SugarCropAEZ04,2005,NMVOC_AWB,0.00280196713021986
South America_Northern,SugarCrop,SugarCropAEZ05,SugarCropAEZ05,2005,NMVOC_AWB,0.00396924397925995
South America_Northern,SugarCrop,SugarCropAEZ06,SugarCropAEZ06,2005,NMVOC_AWB,0.00260511294909855
South America_Northern,Wheat,WheatAEZ01,WheatAEZ01,2005,NMVOC_AWB,0
South America_Northern,Wheat,WheatAEZ02,WheatAEZ02,2005,NMVOC_AWB,0
South America_Northern,Wheat,WheatAEZ03,WheatAEZ03,2005,NMVOC_AWB,0
South America_Northern,Wheat,WheatAEZ04,WheatAEZ04,2005,NMVOC_AWB,0
South America_Northern,Wheat,WheatAEZ05,WheatAEZ05,2005,NMVOC_AWB,0
South America_Northern,Wheat,WheatAEZ06,WheatAEZ06,2005,NMVOC_AWB,0
South America_Northern,Corn,CornAEZ01,CornAEZ01,2005,NOx_AWB,8.78879824408311e-07
South America_Northern,Corn,CornAEZ02,CornAEZ02,2005,NOx_AWB,5.24384278008214e-06
South America_Northern,Corn,CornAEZ03,CornAEZ03,2005,NOx_AWB,8.06190515622665e-07
South America_Northern,Corn,CornAEZ04,CornAEZ04,2005,NOx_AWB,0.00039371293033518
South America_Northern,Corn,CornAEZ05,CornAEZ05,2005,NOx_AWB,0.000405967987353586
South America_Northern,Corn,CornAEZ06,CornAEZ06,2005,NOx_AWB,5.21795096844033e-05
South America_Northern,FiberCrop,FiberCropAEZ01,FiberCropAEZ01,2005,NOx_AWB,0
South America_Northern,FiberCrop,FiberCropAEZ02,FiberCropAEZ02,2005,NOx_AWB,0
South America_Northern,FiberCrop,FiberCropAEZ03,FiberCropAEZ03,2005,NOx_AWB,0
South America_Northern,FiberCrop,FiberCropAEZ04,FiberCropAEZ04,2005,NOx_AWB,3.40142336378556e-06
South America_Northern,FiberCrop,FiberCropAEZ05,FiberCropAEZ05,2005,NOx_AWB,7.08029891728624e-06
South America_Northern,FiberCrop,FiberCropAEZ06,FiberCropAEZ06,2005,NOx_AWB,4.77639212674072e-07
South America_Northern,FodderGrass,FodderGrassAEZ01,FodderGrassAEZ01,2005,NOx_AWB,0
South America_Northern,FodderGrass,FodderGrassAEZ02,FodderGrassAEZ02,2005,NOx_AWB,0
South America_Northern,FodderGrass,FodderGrassAEZ03,FodderGrassAEZ03,2005,NOx_AWB,0
South America_Northern,FodderGrass,FodderGrassAEZ04,FodderGrassAEZ04,2005,NOx_AWB,0
South America_Northern,FodderGrass,FodderGrassAEZ05,FodderGrassAEZ05,2005,NOx_AWB,0
South America_Northern,FodderGrass,FodderGrassAEZ06,FodderGrassAEZ06,2005,NOx_AWB,0
South America_Northern,FodderHerb,FodderHerbAEZ01,FodderHerbAEZ01,2005,NOx_AWB,0
South America_Northern,FodderHerb,FodderHerbAEZ02,FodderHerbAEZ02,2005,NOx_AWB,0
South America_Northern,FodderHerb,FodderHerbAEZ03,FodderHerbAEZ03,2005,NOx_AWB,0
South America_Northern,FodderHerb,FodderHerbAEZ04,FodderHerbAEZ04,2005,NOx_AWB,0
South America_Northern,FodderHerb,FodderHerbAEZ05,FodderHerbAEZ05,2005,NOx_AWB,0
South America_Northern,FodderHerb,FodderHerbAEZ06,FodderHerbAEZ06,2005,NOx_AWB,0
South America_Northern,MiscCrop,MiscCropAEZ01,MiscCropAEZ01,2005,NOx_AWB,1.08753006377283e-08
South America_Northern,MiscCrop,MiscCropAEZ02,MiscCropAEZ02,2005,NOx_AWB,1.17589188145437e-06
South America_Northern,MiscCrop,MiscCropAEZ03,MiscCropAEZ03,2005,NOx_AWB,9.61784400149098e-07
South America_Northern,MiscCrop,MiscCropAEZ04,MiscCropAEZ04,2005,NOx_AWB,0.000346063621299444
South America_Northern,MiscCrop,MiscCropAEZ05,MiscCropAEZ05,2005,NOx_AWB,0.00114705398269457
South America_Northern,MiscCrop,MiscCropAEZ06,MiscCropAEZ06,2005,NOx_AWB,0.000149538782300214
South America_Northern,OilCrop,OilCropAEZ01,OilCropAEZ01,2005,NOx_AWB,0
South America_Northern,OilCrop,OilCropAEZ02,OilCropAEZ02,2005,NOx_AWB,2.36184197277668e-08
South America_Northern,OilCrop,OilCropAEZ03,OilCropAEZ03,2005,NOx_AWB,0
South America_Northern,OilCrop,OilCropAEZ04,OilCropAEZ04,2005,NOx_AWB,6.79535676167464e-06
South America_Northern,OilCrop,OilCropAEZ05,OilCropAEZ05,2005,NOx_AWB,1.12581134035689e-05
South America_Northern,OilCrop,OilCropAEZ06,OilCropAEZ06,2005,NOx_AWB,1.9805731971713e-06
South America_Northern,OtherGrain,OtherGrainAEZ01,OtherGrainAEZ01,2005,NOx_AWB,2.45735734341124e-08
South America_Northern,OtherGrain,OtherGrainAEZ02,OtherGrainAEZ02,2005,NOx_AWB,4.35361809341028e-07
South America_Northern,OtherGrain,OtherGrainAEZ03,OtherGrainAEZ03,2005,NOx_AWB,4.34133130669322e-08
South America_Northern,OtherGrain,OtherGrainAEZ04,OtherGrainAEZ04,2005,NOx_AWB,0.000112863555865977
South America_Northern,OtherGrain,OtherGrainAEZ05,OtherGrainAEZ05,2005,NOx_AWB,8.18713650508753e-05
South America_Northern,OtherGrain,OtherGrainAEZ06,OtherGrainAEZ06,2005,NOx_AWB,6.15363234745897e-06
South America_Northern,PalmFruit,PalmFruitAEZ01,PalmFruitAEZ01,2005,NOx_AWB,0
South America_Northern,PalmFruit,PalmFruitAEZ02,PalmFruitAEZ02,2005,NOx_AWB,0
South America_Northern,PalmFruit,PalmFruitAEZ03,PalmFruitAEZ03,2005,NOx_AWB,0
South America_Northern,PalmFruit,PalmFruitAEZ04,PalmFruitAEZ04,2005,NOx_AWB,6.90700906533618e-05
South America_Northern,PalmFruit,PalmFruitAEZ05,PalmFruitAEZ05,2005,NOx_AWB,0.00012239228550348
South America_Northern,PalmFruit,PalmFruitAEZ06,PalmFruitAEZ06,2005,NOx_AWB,3.47916315373517e-05
South America_Northern,Rice,RiceAEZ01,RiceAEZ01,2005,NOx_AWB,0
South America_Northern,Rice,RiceAEZ02,RiceAEZ02,2005,NOx_AWB,0
South America_Northern,Rice,RiceAEZ03,RiceAEZ03,2005,NOx_AWB,0
South America_Northern,Rice,RiceAEZ04,RiceAEZ04,2005,NOx_AWB,6.236573260172e-05
South America_Northern,Rice,RiceAEZ05,RiceAEZ05,2005,NOx_AWB,0.000267162068486328
South America_Northern,Rice,RiceAEZ06,RiceAEZ06,2005,NOx_AWB,0.000324382625782593
South America_Northern,Root_Tuber,Root_TuberAEZ01,Root_TuberAEZ01,2005,NOx_AWB,0
South America_Northern,Root_Tuber,Root_TuberAEZ02,Root_TuberAEZ02,2005,NOx_AWB,1.21946100750404e-06
South America_Northern,Root_Tuber,Root_TuberAEZ03,Root_TuberAEZ03,2005,NOx_AWB,2.17357369096064e-06
South America_Northern,Root_Tuber,Root_TuberAEZ04,Root_TuberAEZ04,2005,NOx_AWB,7.64950713696418e-05
South America_Northern,Root_Tuber,Root_TuberAEZ05,Root_TuberAEZ05,2005,NOx_AWB,0.000275713457290446
South America_Northern,Root_Tuber,Root_TuberAEZ06,Root_TuberAEZ06,2005,NOx_AWB,0.000108655858885749
South America_Northern,SugarCrop,SugarCropAEZ01,SugarCropAEZ01,2005,NOx_AWB,0
South America_Northern,SugarCrop,SugarCropAEZ02,SugarCropAEZ02,2005,NOx_AWB,1.68438153544966e-05
South America_Northern,SugarCrop,SugarCropAEZ03,SugarCropAEZ03,2005,NOx_AWB,1.94486174518737e-05
South America_Northern,SugarCrop,SugarCropAEZ04,SugarCropAEZ04,2005,NOx_AWB,0.00151693738848309
South America_Northern,SugarCrop,SugarCropAEZ05,SugarCropAEZ05,2005,NOx_AWB,0.00214888123818866
South America_Northern,SugarCrop,SugarCropAEZ06,SugarCropAEZ06,2005,NOx_AWB,0.00141036388010695
South America_Northern,Wheat,WheatAEZ01,WheatAEZ01,2005,NOx_AWB,0
South America_Northern,Wheat,WheatAEZ02,WheatAEZ02,2005,NOx_AWB,0
South America_Northern,Wheat,WheatAEZ03,WheatAEZ03,2005,NOx_AWB,0
South America_Northern,Wheat,WheatAEZ04,WheatAEZ04,2005,NOx_AWB,0
South America_Northern,Wheat,WheatAEZ05,WheatAEZ05,2005,NOx_AWB,0
South America_Northern,Wheat,WheatAEZ06,WheatAEZ06,2005,NOx_AWB,0
South America_Northern,Corn,CornAEZ01,CornAEZ01,2005,SO2_AWB,1.21020573021273e-07
South America_Northern,Corn,CornAEZ02,CornAEZ02,2005,SO2_AWB,7.22070117500133e-07
South America_Northern,Corn,CornAEZ03,CornAEZ03,2005,SO2_AWB,1.11011352696206e-07
South America_Northern,Corn,CornAEZ04,CornAEZ04,2005,SO2_AWB,5.42137424387067e-05
South America_Northern,Corn,CornAEZ05,CornAEZ05,2005,SO2_AWB,5.59012473530156e-05
South America_Northern,Corn,CornAEZ06,CornAEZ06,2005,SO2_AWB,7.18504849764512e-06
South America_Northern,FiberCrop,FiberCropAEZ01,FiberCropAEZ01,2005,SO2_AWB,0
South America_Northern,FiberCrop,FiberCropAEZ02,FiberCropAEZ02,2005,SO2_AWB,0
South America_Northern,FiberCrop,FiberCropAEZ03,FiberCropAEZ03,2005,SO2_AWB,0
South America_Northern,FiberCrop,FiberCropAEZ04,FiberCropAEZ04,2005,SO2_AWB,4.68371435025722e-07
South America_Northern,FiberCrop,FiberCropAEZ05,FiberCropAEZ05,2005,SO2_AWB,9.74947664441775e-07
South America_Northern,FiberCrop,FiberCropAEZ06,FiberCropAEZ06,2005,SO2_AWB,6.57702789504371e-08
South America_Northern,FodderGrass,FodderGrassAEZ01,FodderGrassAEZ01,2005,SO2_AWB,0
South America_Northern,FodderGrass,FodderGrassAEZ02,FodderGrassAEZ02,2005,SO2_AWB,0
South America_Northern,FodderGrass,FodderGrassAEZ03,FodderGrassAEZ03,2005,SO2_AWB,0
South America_Northern,FodderGrass,FodderGrassAEZ04,FodderGrassAEZ04,2005,SO2_AWB,0
South America_Northern,FodderGrass,FodderGrassAEZ05,FodderGrassAEZ05,2005,SO2_AWB,0
South America_Northern,FodderGrass,FodderGrassAEZ06,FodderGrassAEZ06,2005,SO2_AWB,0
South America_Northern,FodderHerb,FodderHerbAEZ01,FodderHerbAEZ01,2005,SO2_AWB,0
South America_Northern,FodderHerb,FodderHerbAEZ02,FodderHerbAEZ02,2005,SO2_AWB,0
South America_Northern,FodderHerb,FodderHerbAEZ03,FodderHerbAEZ03,2005,SO2_AWB,0
South America_Northern,FodderHerb,FodderHerbAEZ04,FodderHerbAEZ04,2005,SO2_AWB,0
South America_Northern,FodderHerb,FodderHerbAEZ05,FodderHerbAEZ05,2005,SO2_AWB,0
South America_Northern,FodderHerb,FodderHerbAEZ06,FodderHerbAEZ06,2005,SO2_AWB,0
South America_Northern,MiscCrop,MiscCropAEZ01,MiscCropAEZ01,2005,SO2_AWB,1.49751431129115e-09
South America_Northern,MiscCrop,MiscCropAEZ02,MiscCropAEZ02,2005,SO2_AWB,1.61918734908355e-07
South America_Northern,MiscCrop,MiscCropAEZ03,MiscCropAEZ03,2005,SO2_AWB,1.32436421904811e-07
South America_Northern,MiscCrop,MiscCropAEZ04,MiscCropAEZ04,2005,SO2_AWB,4.76524964942403e-05
South America_Northern,MiscCrop,MiscCropAEZ05,MiscCropAEZ05,2005,SO2_AWB,0.000157947794928034
South America_Northern,MiscCrop,MiscCropAEZ06,MiscCropAEZ06,2005,SO2_AWB,2.05912897534756e-05
South America_Northern,OilCrop,OilCropAEZ01,OilCropAEZ01,2005,SO2_AWB,0
South America_Northern,OilCrop,OilCropAEZ02,OilCropAEZ02,2005,SO2_AWB,3.25222471824926e-09
South America_Northern,OilCrop,OilCropAEZ03,OilCropAEZ03,2005,SO2_AWB,0
South America_Northern,OilCrop,OilCropAEZ04,OilCropAEZ04,2005,SO2_AWB,9.35711511793432e-07
South America_Northern,OilCrop,OilCropAEZ05,OilCropAEZ05,2005,SO2_AWB,1.55022711569881e-06
South America_Northern,OilCrop,OilCropAEZ06,OilCropAEZ06,2005,SO2_AWB,2.72722272801759e-07
South America_Northern,OtherGrain,OtherGrainAEZ01,OtherGrainAEZ01,2005,SO2_AWB,3.38374810251076e-09
South America_Northern,OtherGrain,OtherGrainAEZ02,OtherGrainAEZ02,2005,SO2_AWB,5.99487372161494e-08
South America_Northern,OtherGrain,OtherGrainAEZ03,OtherGrainAEZ03,2005,SO2_AWB,5.97795498110238e-09
South America_Northern,OtherGrain,OtherGrainAEZ04,OtherGrainAEZ04,2005,SO2_AWB,1.554116026422e-05
South America_Northern,OtherGrain,OtherGrainAEZ05,OtherGrainAEZ05,2005,SO2_AWB,1.12735771573334e-05
South America_Northern,OtherGrain,OtherGrainAEZ06,OtherGrainAEZ06,2005,SO2_AWB,8.47346920670402e-07
South America_Northern,PalmFruit,PalmFruitAEZ01,PalmFruitAEZ01,2005,SO2_AWB,0
South America_Northern,PalmFruit,PalmFruitAEZ02,PalmFruitAEZ02,2005,SO2_AWB,0
South America_Northern,PalmFruit,PalmFruitAEZ03,PalmFruitAEZ03,2005,SO2_AWB,0
South America_Northern,PalmFruit,PalmFruitAEZ04,PalmFruitAEZ04,2005,SO2_AWB,9.51085884253696e-06
South America_Northern,PalmFruit,PalmFruitAEZ05,PalmFruitAEZ05,2005,SO2_AWB,1.68532535548718e-05
South America_Northern,PalmFruit,PalmFruitAEZ06,PalmFruitAEZ06,2005,SO2_AWB,4.79076099833096e-06
South America_Northern,Rice,RiceAEZ01,RiceAEZ01,2005,SO2_AWB,0
South America_Northern,Rice,RiceAEZ02,RiceAEZ02,2005,SO2_AWB,0
South America_Northern,Rice,RiceAEZ03,RiceAEZ03,2005,SO2_AWB,0
South America_Northern,Rice,RiceAEZ04,RiceAEZ04,2005,SO2_AWB,8.5876777310628e-06
South America_Northern,Rice,RiceAEZ05,RiceAEZ05,2005,SO2_AWB,3.67878584987782e-05
South America_Northern,Rice,RiceAEZ06,RiceAEZ06,2005,SO2_AWB,4.4667052491259e-05
South America_Northern,Root_Tuber,Root_TuberAEZ01,Root_TuberAEZ01,2005,SO2_AWB,0
South America_Northern,Root_Tuber,Root_TuberAEZ02,Root_TuberAEZ02,2005,SO2_AWB,1.67918145128195e-07
South America_Northern,Root_Tuber,Root_TuberAEZ03,Root_TuberAEZ03,2005,SO2_AWB,2.99298181934158e-07
South America_Northern,Root_Tuber,Root_TuberAEZ04,Root_TuberAEZ04,2005,SO2_AWB,1.05332687283949e-05
South America_Northern,Root_Tuber,Root_TuberAEZ05,Root_TuberAEZ05,2005,SO2_AWB,3.79653732675337e-05
South America_Northern,Root_Tuber,Root_TuberAEZ06,Root_TuberAEZ06,2005,SO2_AWB,1.49617660336265e-05
South America_Northern,SugarCrop,SugarCropAEZ01,SugarCropAEZ01,2005,SO2_AWB,0
South America_Northern,SugarCrop,SugarCropAEZ02,SugarCropAEZ02,2005,SO2_AWB,2.31937078250492e-06
South America_Northern,SugarCrop,SugarCropAEZ03,SugarCropAEZ03,2005,SO2_AWB,2.67804853761645e-06
South America_Northern,SugarCrop,SugarCropAEZ04,SugarCropAEZ04,2005,SO2_AWB,0.000208880243798074
South America_Northern,SugarCrop,SugarCropAEZ05,SugarCropAEZ05,2005,SO2_AWB,0.000295898064306271
South America_Northern,SugarCrop,SugarCropAEZ06,SugarCropAEZ06,2005,SO2_AWB,0.000194205214636663
South America_Northern,Wheat,WheatAEZ01,WheatAEZ01,2005,SO2_AWB,0
South America_Northern,Wheat,WheatAEZ02,WheatAEZ02,2005,SO2_AWB,0
South America_Northern,Wheat,WheatAEZ03,WheatAEZ03,2005,SO2_AWB,0
South America_Northern,Wheat,WheatAEZ04,WheatAEZ04,2005,SO2_AWB,0
South America_Northern,Wheat,WheatAEZ05,WheatAEZ05,2005,SO2_AWB,0
South America_Northern,Wheat,WheatAEZ06,WheatAEZ06,2005,SO2_AWB,0
South America_Southern,Corn,CornAEZ01,CornAEZ01,2005,CH4_AWB,3.63528590182656e-05
South America_Southern,Corn,CornAEZ02,CornAEZ02,2005,CH4_AWB,6.74254504003195e-06
South America_Southern,Corn,CornAEZ03,CornAEZ03,2005,CH4_AWB,2.16474444988442e-05
South America_Southern,Corn,CornAEZ04,CornAEZ04,2005,CH4_AWB,3.65151557411071e-05
South America_Southern,Corn,CornAEZ05,CornAEZ05,2005,CH4_AWB,4.95262108386141e-05
South America_Southern,Corn,CornAEZ06,CornAEZ06,2005,CH4_AWB,7.97707905102156e-05
South America_Southern,Corn,CornAEZ07,CornAEZ07,2005,CH4_AWB,3.76064692070035e-05
South America_Southern,Corn,CornAEZ08,CornAEZ08,2005,CH4_AWB,0.00010225106741425
South America_Southern,Corn,CornAEZ09,CornAEZ09,2005,CH4_AWB,0.000117955283971979
South America_Southern,Corn,CornAEZ10,CornAEZ10,2005,CH4_AWB,0.000166189778177736
South America_Southern,Corn,CornAEZ11,CornAEZ11,2005,CH4_AWB,3.42893721135657e-05
South America_Southern,Corn,CornAEZ12,CornAEZ12,2005,CH4_AWB,0.000250057929658248
South America_Southern,Corn,CornAEZ13,CornAEZ13,2005,CH4_AWB,1.59014059281973e-05
South America_Southern,Corn,CornAEZ14,CornAEZ14,2005,CH4_AWB,3.33601258136185e-05
South America_Southern,Corn,CornAEZ15,CornAEZ15,2005,CH4_AWB,2.15333547233813e-05
South America_Southern,Corn,CornAEZ16,CornAEZ16,2005,CH4_AWB,1.13538838921414e-05
South America_Southern,Corn,CornAEZ17,CornAEZ17,2005,CH4_AWB,0
South America_Southern,Corn,CornAEZ18,CornAEZ18,2005,CH4_AWB,0
South America_Southern,FiberCrop,FiberCropAEZ01,FiberCropAEZ01,2005,CH4_AWB,3.47074784355152e-06
South America_Southern,FiberCrop,FiberCropAEZ02,FiberCropAEZ02,2005,CH4_AWB,2.73116893025871e-07
South America_Southern,FiberCrop,FiberCropAEZ03,FiberCropAEZ03,2005,CH4_AWB,2.3676891048043e-06
South America_Southern,FiberCrop,FiberCropAEZ04,FiberCropAEZ04,2005,CH4_AWB,4.65785988353524e-06
South America_Southern,FiberCrop,FiberCropAEZ05,FiberCropAEZ05,2005,CH4_AWB,5.51326559799579e-06
South America_Southern,FiberCrop,FiberCropAEZ06,FiberCropAEZ06,2005,CH4_AWB,5.72080739541895e-06
South America_Southern,FiberCrop,FiberCropAEZ07,FiberCropAEZ07,2005,CH4_AWB,2.35597121830486e-06
South America_Southern,FiberCrop,FiberCropAEZ08,FiberCropAEZ08,2005,CH4_AWB,4.37933473520194e-06
South America_Southern,FiberCrop,FiberCropAEZ09,FiberCropAEZ09,2005,CH4_AWB,4.3540962104339e-06
South America_Southern,FiberCrop,FiberCropAEZ10,FiberCropAEZ10,2005,CH4_AWB,3.41148237914079e-06
South America_Southern,FiberCrop,FiberCropAEZ11,FiberCropAEZ11,2005,CH4_AWB,2.52858470020072e-06
South America_Southern,FiberCrop,FiberCropAEZ12,FiberCropAEZ12,2005,CH4_AWB,4.35314976575505e-05
South America_Southern,FiberCrop,FiberCropAEZ13,FiberCropAEZ13,2005,CH4_AWB,4.56772229507787e-07
South America_Southern,FiberCrop,FiberCropAEZ14,FiberCropAEZ14,2005,CH4_AWB,1.73244445015091e-06
South America_Southern,FiberCrop,FiberCropAEZ15,FiberCropAEZ15,2005,CH4_AWB,2.093896179865e-06
South America_Southern,FiberCrop,FiberCropAEZ16,FiberCropAEZ16,2005,CH4_AWB,2.10944491387389e-06
South America_Southern,FiberCrop,FiberCropAEZ17,FiberCropAEZ17,2005,CH4_AWB,0
South America_Southern,FiberCrop,FiberCropAEZ18,FiberCropAEZ18,2005,CH4_AWB,0
South America_Southern,FodderGrass,FodderGrassAEZ01,FodderGrassAEZ01,2005,CH4_AWB,1.73029922547745e-05
South America_Southern,FodderGrass,FodderGrassAEZ02,FodderGrassAEZ02,2005,CH4_AWB,3.93478960862977e-08
South America_Southern,FodderGrass,FodderGrassAEZ03,FodderGrassAEZ03,2005,CH4_AWB,8.92105021979344e-06
South America_Southern,FodderGrass,FodderGrassAEZ04,FodderGrassAEZ04,2005,CH4_AWB,0.000128416549818981
South America_Southern,FodderGrass,FodderGrassAEZ05,FodderGrassAEZ05,2005,CH4_AWB,4.6675706584846e-05
South America_Southern,FodderGrass,FodderGrassAEZ06,FodderGrassAEZ06,2005,CH4_AWB,0.000135341639502069
South America_Southern,FodderGrass,FodderGrassAEZ07,FodderGrassAEZ07,2005,CH4_AWB,5.95091419172772e-05
South America_Southern,FodderGrass,FodderGrassAEZ08,FodderGrassAEZ08,2005,CH4_AWB,8.8814222675072e-05
South America_Southern,FodderGrass,FodderGrassAEZ09,FodderGrassAEZ09,2005,CH4_AWB,0.000172457907759445
South America_Southern,FodderGrass,FodderGrassAEZ10,FodderGrassAEZ10,2005,CH4_AWB,0.000614266307067692
South America_Southern,FodderGrass,FodderGrassAEZ11,FodderGrassAEZ11,2005,CH4_AWB,0.000208179776197506
South America_Southern,FodderGrass,FodderGrassAEZ12,FodderGrassAEZ12,2005,CH4_AWB,0.00471250357533746
South America_Southern,FodderGrass,FodderGrassAEZ13,FodderGrassAEZ13,2005,CH4_AWB,2.47499666663813e-05
South America_Southern,FodderGrass,FodderGrassAEZ14,FodderGrassAEZ14,2005,CH4_AWB,1.48219743798385e-05
South America_Southern,FodderGrass,FodderGrassAEZ15,FodderGrassAEZ15,2005,CH4_AWB,3.18773969538993e-06
South America_Southern,FodderGrass,FodderGrassAEZ16,FodderGrassAEZ16,2005,CH4_AWB,4.97771889706658e-06
South America_Southern,FodderGrass,FodderGrassAEZ17,FodderGrassAEZ17,2005,CH4_AWB,3.27945810085798e-07
South America_Southern,FodderGrass,FodderGrassAEZ18,FodderGrassAEZ18,2005,CH4_AWB,1.14963070059966e-07
South America_Southern,FodderHerb,FodderHerbAEZ01,FodderHerbAEZ01,2005,CH4_AWB,0.000140428582219894
South America_Southern,FodderHerb,FodderHerbAEZ02,FodderHerbAEZ02,2005,CH4_AWB,7.19971455727993e-06
South America_Southern,FodderHerb,FodderHerbAEZ03,FodderHerbAEZ03,2005,CH4_AWB,6.40912844687375e-06
South America_Southern,FodderHerb,FodderHerbAEZ04,FodderHerbAEZ04,2005,CH4_AWB,1.4402740469996e-05
South America_Southern,FodderHerb,FodderHerbAEZ05,FodderHerbAEZ05,2005,CH4_AWB,3.72113567149283e-05
South America_Southern,FodderHerb,FodderHerbAEZ06,FodderHerbAEZ06,2005,CH4_AWB,7.62592739386903e-05
South America_Southern,FodderHerb,FodderHerbAEZ07,FodderHerbAEZ07,2005,CH4_AWB,0.00011566233403299
South America_Southern,FodderHerb,FodderHerbAEZ08,FodderHerbAEZ08,2005,CH4_AWB,0.000203564747604987
South America_Southern,FodderHerb,FodderHerbAEZ09,FodderHerbAEZ09,2005,CH4_AWB,0.000209143553676219
South America_Southern,FodderHerb,FodderHerbAEZ10,FodderHerbAEZ10,2005,CH4_AWB,0.000372675876694302
South America_Southern,FodderHerb,FodderHerbAEZ11,FodderHerbAEZ11,2005,CH4_AWB,0.000131179552567002
South America_Southern,FodderHerb,FodderHerbAEZ12,FodderHerbAEZ12,2005,CH4_AWB,0.000125374125608101
South America_Southern,FodderHerb,FodderHerbAEZ13,FodderHerbAEZ13,2005,CH4_AWB,3.28685140602783e-05
South America_Southern,FodderHerb,FodderHerbAEZ14,FodderHerbAEZ14,2005,CH4_AWB,7.88775212901953e-05
South America_Southern,FodderHerb,FodderHerbAEZ15,FodderHerbAEZ15,2005,CH4_AWB,8.26479133738019e-05
South America_Southern,FodderHerb,FodderHerbAEZ16,FodderHerbAEZ16,2005,CH4_AWB,8.2919444519575e-05
South America_Southern,FodderHerb,FodderHerbAEZ17,FodderHerbAEZ17,2005,CH4_AWB,0
South America_Southern,FodderHerb,FodderHerbAEZ18,FodderHerbAEZ18,2005,CH4_AWB,0
South America_Southern,MiscCrop,MiscCropAEZ01,MiscCropAEZ01,2005,CH4_AWB,0.000197249069364737
South America_Southern,MiscCrop,MiscCropAEZ02,MiscCropAEZ02,2005,CH4_AWB,0.000200312218015056
South America_Southern,MiscCrop,MiscCropAEZ03,MiscCropAEZ03,2005,CH4_AWB,0.000390805721899851
South America_Southern,MiscCrop,MiscCropAEZ04,MiscCropAEZ04,2005,CH4_AWB,0.000310165042767418
South America_Southern,MiscCrop,MiscCropAEZ05,MiscCropAEZ05,2005,CH4_AWB,0.000198295313314607
South America_Southern,MiscCrop,MiscCropAEZ06,MiscCropAEZ06,2005,CH4_AWB,0.000576558535925983
South America_Southern,MiscCrop,MiscCropAEZ07,MiscCropAEZ07,2005,CH4_AWB,8.64656581755112e-05
South America_Southern,MiscCrop,MiscCropAEZ08,MiscCropAEZ08,2005,CH4_AWB,0.000174894704088219
South America_Southern,MiscCrop,MiscCropAEZ09,MiscCropAEZ09,2005,CH4_AWB,0.000335430375756092
South America_Southern,MiscCrop,MiscCropAEZ10,MiscCropAEZ10,2005,CH4_AWB,0.00075130511723439
South America_Southern,MiscCrop,MiscCropAEZ11,MiscCropAEZ11,2005,CH4_AWB,0.000256750294376987
South America_Southern,MiscCrop,MiscCropAEZ12,MiscCropAEZ12,2005,CH4_AWB,0.000428466699571676
South America_Southern,MiscCrop,MiscCropAEZ13,MiscCropAEZ13,2005,CH4_AWB,3.51388322566736e-05
South America_Southern,MiscCrop,MiscCropAEZ14,MiscCropAEZ14,2005,CH4_AWB,5.49817047837129e-05
South America_Southern,MiscCrop,MiscCropAEZ15,MiscCropAEZ15,2005,CH4_AWB,3.7872762810767e-05
South America_Southern,MiscCrop,MiscCropAEZ16,MiscCropAEZ16,2005,CH4_AWB,4.83925237961633e-05
South America_Southern,MiscCrop,MiscCropAEZ17,MiscCropAEZ17,2005,CH4_AWB,4.64151861396353e-08
South America_Southern,MiscCrop,MiscCropAEZ18,MiscCropAEZ18,2005,CH4_AWB,0
South America_Southern,OilCrop,OilCropAEZ01,OilCropAEZ01,2005,CH4_AWB,3.8103693539282e-06
South America_Southern,OilCrop,OilCropAEZ02,OilCropAEZ02,2005,CH4_AWB,2.06828791888999e-06
South America_Southern,OilCrop,OilCropAEZ03,OilCropAEZ03,2005,CH4_AWB,4.60719561759837e-05
South America_Southern,OilCrop,OilCropAEZ04,OilCropAEZ04,2005,CH4_AWB,9.49372412778988e-05
South America_Southern,OilCrop,OilCropAEZ05,OilCropAEZ05,2005,CH4_AWB,9.08643698978313e-05
South America_Southern,OilCrop,OilCropAEZ06,OilCropAEZ06,2005,CH4_AWB,1.54368047023961e-05
South America_Southern,OilCrop,OilCropAEZ07,OilCropAEZ07,2005,CH4_AWB,1.301355653664e-07
South America_Southern,OilCrop,OilCropAEZ08,OilCropAEZ08,2005,CH4_AWB,3.57984349527917e-06
South America_Southern,OilCrop,OilCropAEZ09,OilCropAEZ09,2005,CH4_AWB,2.05715822958532e-05
South America_Southern,OilCrop,OilCropAEZ10,OilCropAEZ10,2005,CH4_AWB,4.83030994595321e-05
South America_Southern,OilCrop,OilCropAEZ11,OilCropAEZ11,2005,CH4_AWB,2.88883603704695e-05
South America_Southern,OilCrop,OilCropAEZ12,OilCropAEZ12,2005,CH4_AWB,0.000805459085260662
South America_Southern,OilCrop,OilCropAEZ13,OilCropAEZ13,2005,CH4_AWB,5.20542261465604e-09
South America_Southern,OilCrop,OilCropAEZ14,OilCropAEZ14,2005,CH4_AWB,9.66721342721831e-09
South America_Southern,OilCrop,OilCropAEZ15,OilCropAEZ15,2005,CH4_AWB,0
South America_Southern,OilCrop,OilCropAEZ16,OilCropAEZ16,2005,CH4_AWB,1.14023542987704e-08
South America_Southern,OilCrop,OilCropAEZ17,OilCropAEZ17,2005,CH4_AWB,0
South America_Southern,OilCrop,OilCropAEZ18,OilCropAEZ18,2005,CH4_AWB,0
South America_Southern,OtherGrain,OtherGrainAEZ01,OtherGrainAEZ01,2005,CH4_AWB,9.68938672525495e-07
South America_Southern,OtherGrain,OtherGrainAEZ02,OtherGrainAEZ02,2005,CH4_AWB,8.96679647722339e-08
South America_Southern,OtherGrain,OtherGrainAEZ03,OtherGrainAEZ03,2005,CH4_AWB,5.46974585110626e-06
South America_Southern,OtherGrain,OtherGrainAEZ04,OtherGrainAEZ04,2005,CH4_AWB,1.14126333035639e-05
South America_Southern,OtherGrain,OtherGrainAEZ05,OtherGrainAEZ05,2005,CH4_AWB,1.21652718589393e-05
South America_Southern,OtherGrain,OtherGrainAEZ06,OtherGrainAEZ06,2005,CH4_AWB,3.56382464243687e-06
South America_Southern,OtherGrain,OtherGrainAEZ07,OtherGrainAEZ07,2005,CH4_AWB,2.08167995876815e-06
South America_Southern,OtherGrain,OtherGrainAEZ08,OtherGrainAEZ08,2005,CH4_AWB,9.11441474901592e-06
South America_Southern,OtherGrain,OtherGrainAEZ09,OtherGrainAEZ09,2005,CH4_AWB,1.41360592548908e-05
South America_Southern,OtherGrain,OtherGrainAEZ10,OtherGrainAEZ10,2005,CH4_AWB,3.62990707073043e-05
South America_Southern,OtherGrain,OtherGrainAEZ11,OtherGrainAEZ11,2005,CH4_AWB,3.99730724766689e-05
South America_Southern,OtherGrain,OtherGrainAEZ12,OtherGrainAEZ12,2005,CH4_AWB,0.000109915277392159
South America_Southern,OtherGrain,OtherGrainAEZ13,OtherGrainAEZ13,2005,CH4_AWB,1.98724242140165e-06
South America_Southern,OtherGrain,OtherGrainAEZ14,OtherGrainAEZ14,2005,CH4_AWB,4.99541185660631e-06
South America_Southern,OtherGrain,OtherGrainAEZ15,OtherGrainAEZ15,2005,CH4_AWB,8.60216265239156e-06
South America_Southern,OtherGrain,OtherGrainAEZ16,OtherGrainAEZ16,2005,CH4_AWB,5.51529526938152e-06
South America_Southern,OtherGrain,OtherGrainAEZ17,OtherGrainAEZ17,2005,CH4_AWB,0
South America_Southern,OtherGrain,OtherGrainAEZ18,OtherGrainAEZ18,2005,CH4_AWB,0
South America_Southern,PalmFruit,PalmFruitAEZ01,PalmFruitAEZ01,2005,CH4_AWB,3.10982241802476e-06
South America_Southern,PalmFruit,PalmFruitAEZ02,PalmFruitAEZ02,2005,CH4_AWB,1.77984771837984e-05
South America_Southern,PalmFruit,PalmFruitAEZ03,PalmFruitAEZ03,2005,CH4_AWB,3.83496290735099e-05
South America_Southern,PalmFruit,PalmFruitAEZ04,PalmFruitAEZ04,2005,CH4_AWB,4.12822332686163e-05
South America_Southern,PalmFruit,PalmFruitAEZ05,PalmFruitAEZ05,2005,CH4_AWB,4.18096977985816e-05
South America_Southern,PalmFruit,PalmFruitAEZ06,PalmFruitAEZ06,2005,CH4_AWB,0.0001141800496186
South America_Southern,PalmFruit,PalmFruitAEZ07,PalmFruitAEZ07,2005,CH4_AWB,1.61690061522094e-07
South America_Southern,PalmFruit,PalmFruitAEZ08,PalmFruitAEZ08,2005,CH4_AWB,6.35372927731176e-06
South America_Southern,PalmFruit,PalmFruitAEZ09,PalmFruitAEZ09,2005,CH4_AWB,9.03960824134567e-06
South America_Southern,PalmFruit,PalmFruitAEZ10,PalmFruitAEZ10,2005,CH4_AWB,2.02314689479519e-05
South America_Southern,PalmFruit,PalmFruitAEZ11,PalmFruitAEZ11,2005,CH4_AWB,3.52289615903829e-05
South America_Southern,PalmFruit,PalmFruitAEZ12,PalmFruitAEZ12,2005,CH4_AWB,3.2354526380824e-05
South America_Southern,PalmFruit,PalmFruitAEZ13,PalmFruitAEZ13,2005,CH4_AWB,4.73239204454905e-08
South America_Southern,PalmFruit,PalmFruitAEZ14,PalmFruitAEZ14,2005,CH4_AWB,4.64119490619053e-07
South America_Southern,PalmFruit,PalmFruitAEZ15,PalmFruitAEZ15,2005,CH4_AWB,5.2253495491896e-08
South America_Southern,PalmFruit,PalmFruitAEZ16,PalmFruitAEZ16,2005,CH4_AWB,0
South America_Southern,PalmFruit,PalmFruitAEZ17,PalmFruitAEZ17,2005,CH4_AWB,0
South America_Southern,PalmFruit,PalmFruitAEZ18,PalmFruitAEZ18,2005,CH4_AWB,0
South America_Southern,Rice,RiceAEZ01,RiceAEZ01,2005,CH4_AWB,5.74664202612073e-05
South America_Southern,Rice,RiceAEZ02,RiceAEZ02,2005,CH4_AWB,2.69672458945237e-05
South America_Southern,Rice,RiceAEZ03,RiceAEZ03,2005,CH4_AWB,4.67968286791043e-05
South America_Southern,Rice,RiceAEZ04,RiceAEZ04,2005,CH4_AWB,6.84114635012188e-05
South America_Southern,Rice,RiceAEZ05,RiceAEZ05,2005,CH4_AWB,8.85660283413282e-05
South America_Southern,Rice,RiceAEZ06,RiceAEZ06,2005,CH4_AWB,3.57090674159118e-05
South America_Southern,Rice,RiceAEZ07,RiceAEZ07,2005,CH4_AWB,3.58966173009695e-05
South America_Southern,Rice,RiceAEZ08,RiceAEZ08,2005,CH4_AWB,8.48806143682436e-05
South America_Southern,Rice,RiceAEZ09,RiceAEZ09,2005,CH4_AWB,7.1874675888144e-05
South America_Southern,Rice,RiceAEZ10,RiceAEZ10,2005,CH4_AWB,4.29726121292914e-05
South America_Southern,Rice,RiceAEZ11,RiceAEZ11,2005,CH4_AWB,2.47094036978926e-05
South America_Southern,Rice,RiceAEZ12,RiceAEZ12,2005,CH4_AWB,0.000229746651472684
South America_Southern,Rice,RiceAEZ13,RiceAEZ13,2005,CH4_AWB,1.31985784455455e-05
South America_Southern,Rice,RiceAEZ14,RiceAEZ14,2005,CH4_AWB,3.45350207972353e-05
South America_Southern,Rice,RiceAEZ15,RiceAEZ15,2005,CH4_AWB,2.42726356461554e-05
South America_Southern,Rice,RiceAEZ16,RiceAEZ16,2005,CH4_AWB,1.77996195714645e-05
South America_Southern,Rice,RiceAEZ17,RiceAEZ17,2005,CH4_AWB,0
South America_Southern,Rice,RiceAEZ18,RiceAEZ18,2005,CH4_AWB,0
South America_Southern,Root_Tuber,Root_TuberAEZ01,Root_TuberAEZ01,2005,CH4_AWB,5.29549484955604e-05
South America_Southern,Root_Tuber,Root_TuberAEZ02,Root_TuberAEZ02,2005,CH4_AWB,2.99492048175074e-06
South America_Southern,Root_Tuber,Root_TuberAEZ03,Root_TuberAEZ03,2005,CH4_AWB,9.70847407823128e-06
South America_Southern,Root_Tuber,Root_TuberAEZ04,Root_TuberAEZ04,2005,CH4_AWB,3.44166736116937e-05
South America_Southern,Root_Tuber,Root_TuberAEZ05,Root_TuberAEZ05,2005,CH4_AWB,5.35929472052637e-05
South America_Southern,Root_Tuber,Root_TuberAEZ06,Root_TuberAEZ06,2005,CH4_AWB,0.000171601807814647
South America_Southern,Root_Tuber,Root_TuberAEZ07,Root_TuberAEZ07,2005,CH4_AWB,7.46021476014953e-05
South America_Southern,Root_Tuber,Root_TuberAEZ08,Root_TuberAEZ08,2005,CH4_AWB,0.000196655185339625
South America_Southern,Root_Tuber,Root_TuberAEZ09,Root_TuberAEZ09,2005,CH4_AWB,0.00022877193904943
South America_Southern,Root_Tuber,Root_TuberAEZ10,Root_TuberAEZ10,2005,CH4_AWB,9.11077780191063e-05
South America_Southern,Root_Tuber,Root_TuberAEZ11,Root_TuberAEZ11,2005,CH4_AWB,7.89936139021362e-05
South America_Southern,Root_Tuber,Root_TuberAEZ12,Root_TuberAEZ12,2005,CH4_AWB,0.000815592047425723
South America_Southern,Root_Tuber,Root_TuberAEZ13,Root_TuberAEZ13,2005,CH4_AWB,2.83259182262074e-05
South America_Southern,Root_Tuber,Root_TuberAEZ14,Root_TuberAEZ14,2005,CH4_AWB,6.35296398821678e-05
South America_Southern,Root_Tuber,Root_TuberAEZ15,Root_TuberAEZ15,2005,CH4_AWB,8.87107438199104e-05
South America_Southern,Root_Tuber,Root_TuberAEZ16,Root_TuberAEZ16,2005,CH4_AWB,6.15799648046991e-05
South America_Southern,Root_Tuber,Root_TuberAEZ17,Root_TuberAEZ17,2005,CH4_AWB,0
South America_Southern,Root_Tuber,Root_TuberAEZ18,Root_TuberAEZ18,2005,CH4_AWB,0
South America_Southern,SugarCrop,SugarCropAEZ01,SugarCropAEZ01,2005,CH4_AWB,0.000209988278823211
South America_Southern,SugarCrop,SugarCropAEZ02,SugarCropAEZ02,2005,CH4_AWB,5.01871893536079e-05
South America_Southern,SugarCrop,SugarCropAEZ03,SugarCropAEZ03,2005,CH4_AWB,0.000225995859672644
South America_Southern,SugarCrop,SugarCropAEZ04,SugarCropAEZ04,2005,CH4_AWB,0.000264286362855267
South America_Southern,SugarCrop,SugarCropAEZ05,SugarCropAEZ05,2005,CH4_AWB,0.000439923258089781
South America_Southern,SugarCrop,SugarCropAEZ06,SugarCropAEZ06,2005,CH4_AWB,0.000174577581904824
South America_Southern,SugarCrop,SugarCropAEZ07,SugarCropAEZ07,2005,CH4_AWB,0.000152514475161579
South America_Southern,SugarCrop,SugarCropAEZ08,SugarCropAEZ08,2005,CH4_AWB,0.000364088898067245
South America_Southern,SugarCrop,SugarCropAEZ09,SugarCropAEZ09,2005,CH4_AWB,0.000393560738890704
South America_Southern,SugarCrop,SugarCropAEZ10,SugarCropAEZ10,2005,CH4_AWB,0.000775241545232065
South America_Southern,SugarCrop,SugarCropAEZ11,SugarCropAEZ11,2005,CH4_AWB,0.000271871110888131
South America_Southern,SugarCrop,SugarCropAEZ12,SugarCropAEZ12,2005,CH4_AWB,0.000644218938871082
South America_Southern,SugarCrop,SugarCropAEZ13,SugarCropAEZ13,2005,CH4_AWB,2.42618681952888e-05
South America_Southern,SugarCrop,SugarCropAEZ14,SugarCropAEZ14,2005,CH4_AWB,0.000100136396539589
South America_Southern,SugarCrop,SugarCropAEZ15,SugarCropAEZ15,2005,CH4_AWB,7.43778041942125e-05
South America_Southern,SugarCrop,SugarCropAEZ16,SugarCropAEZ16,2005,CH4_AWB,6.25929434013998e-05
South America_Southern,SugarCrop,SugarCropAEZ17,SugarCropAEZ17,2005,CH4_AWB,0
South America_Southern,SugarCrop,SugarCropAEZ18,SugarCropAEZ18,2005,CH4_AWB,0
South America_Southern,Wheat,WheatAEZ01,WheatAEZ01,2005,CH4_AWB,4.51765683077959e-06
South America_Southern,Wheat,WheatAEZ02,WheatAEZ02,2005,CH4_AWB,1.59837984783103e-07
South America_Southern,Wheat,WheatAEZ03,WheatAEZ03,2005,CH4_AWB,2.65122570411975e-06
South America_Southern,Wheat,WheatAEZ04,WheatAEZ04,2005,CH4_AWB,5.39453198642977e-06
South America_Southern,Wheat,WheatAEZ05,WheatAEZ05,2005,CH4_AWB,6.54591150725091e-06
South America_Southern,Wheat,WheatAEZ06,WheatAEZ06,2005,CH4_AWB,6.77822261556919e-06
South America_Southern,Wheat,WheatAEZ07,WheatAEZ07,2005,CH4_AWB,9.0487162255006e-06
South America_Southern,Wheat,WheatAEZ08,WheatAEZ08,2005,CH4_AWB,1.7313878851684e-05
South America_Southern,Wheat,WheatAEZ09,WheatAEZ09,2005,CH4_AWB,3.45170624530371e-05
South America_Southern,Wheat,WheatAEZ10,WheatAEZ10,2005,CH4_AWB,0.000126989789736405
South America_Southern,Wheat,WheatAEZ11,WheatAEZ11,2005,CH4_AWB,5.80348392358366e-05
South America_Southern,Wheat,WheatAEZ12,WheatAEZ12,2005,CH4_AWB,0.000216664607699183
South America_Southern,Wheat,WheatAEZ13,WheatAEZ13,2005,CH4_AWB,6.3560418514138e-06
South America_Southern,Wheat,WheatAEZ14,WheatAEZ14,2005,CH4_AWB,1.2142722930945e-05
South America_Southern,Wheat,WheatAEZ15,WheatAEZ15,2005,CH4_AWB,5.36226655471886e-06
South America_Southern,Wheat,WheatAEZ16,WheatAEZ16,2005,CH4_AWB,5.00139011081416e-06
South America_Southern,Wheat,WheatAEZ17,WheatAEZ17,2005,CH4_AWB,2.80461060256067e-07
South America_Southern,Wheat,WheatAEZ18,WheatAEZ18,2005,CH4_AWB,0
South America_Southern,Corn,CornAEZ01,CornAEZ01,2005,CO_AWB,0.0016509721573578
South America_Southern,Corn,CornAEZ02,CornAEZ02,2005,CO_AWB,0.000306213993381663
South America_Southern,Corn,CornAEZ03,CornAEZ03,2005,CO_AWB,0.00098312289901553
South America_Southern,Corn,CornAEZ04,CornAEZ04,2005,CO_AWB,0.00165834289456741
South America_Southern,Corn,CornAEZ05,CornAEZ05,2005,CO_AWB,0.00224924249047098
South America_Southern,Corn,CornAEZ06,CornAEZ06,2005,CO_AWB,0.00362280595417861
South America_Southern,Corn,CornAEZ07,CornAEZ07,2005,CO_AWB,0.00170790510771382
South America_Southern,Corn,CornAEZ08,CornAEZ08,2005,CO_AWB,0.00464375209873372
South America_Southern,Corn,CornAEZ09,CornAEZ09,2005,CO_AWB,0.00535696214575922
South America_Southern,Corn,CornAEZ10,CornAEZ10,2005,CO_AWB,0.00754754107430866
South America_Southern,Corn,CornAEZ11,CornAEZ11,2005,CO_AWB,0.00155725849854983
South America_Southern,Corn,CornAEZ12,CornAEZ12,2005,CO_AWB,0.0113564294732602
South America_Southern,Corn,CornAEZ13,CornAEZ13,2005,CO_AWB,0.000722165440608324
South America_Southern,Corn,CornAEZ14,CornAEZ14,2005,CO_AWB,0.00151505659724216
South America_Southern,Corn,CornAEZ15,CornAEZ15,2005,CO_AWB,0.000977941489689959
South America_Southern,Corn,CornAEZ16,CornAEZ16,2005,CO_AWB,0.000515638843546812
South America_Southern,Corn,CornAEZ17,CornAEZ17,2005,CO_AWB,0
South America_Southern,Corn,CornAEZ18,CornAEZ18,2005,CO_AWB,0
South America_Southern,FiberCrop,FiberCropAEZ01,FiberCropAEZ01,2005,CO_AWB,0.000157624687841858
South America_Southern,FiberCrop,FiberCropAEZ02,FiberCropAEZ02,2005,CO_AWB,1.24036567760247e-05
South America_Southern,FiberCrop,FiberCropAEZ03,FiberCropAEZ03,2005,CO_AWB,0.00010752906084628
South America_Southern,FiberCrop,FiberCropAEZ04,FiberCropAEZ04,2005,CO_AWB,0.000211537611848539
South America_Southern,FiberCrop,FiberCropAEZ05,FiberCropAEZ05,2005,CO_AWB,0.000250386028615692
South America_Southern,FiberCrop,FiberCropAEZ06,FiberCropAEZ06,2005,CO_AWB,0.000259811579680643
South America_Southern,FiberCrop,FiberCropAEZ07,FiberCropAEZ07,2005,CO_AWB,0.00010699689075358
South America_Southern,FiberCrop,FiberCropAEZ08,FiberCropAEZ08,2005,CO_AWB,0.000198888338106654
South America_Southern,FiberCrop,FiberCropAEZ09,FiberCropAEZ09,2005,CO_AWB,0.000197742125599299
South America_Southern,FiberCrop,FiberCropAEZ10,FiberCropAEZ10,2005,CO_AWB,0.000154933135257622
South America_Southern,FiberCrop,FiberCropAEZ11,FiberCropAEZ11,2005,CO_AWB,0.000114836165580671
South America_Southern,FiberCrop,FiberCropAEZ12,FiberCropAEZ12,2005,CO_AWB,0.00197699142630271
South America_Southern,FiberCrop,FiberCropAEZ13,FiberCropAEZ13,2005,CO_AWB,2.07443995750842e-05
South America_Southern,FiberCrop,FiberCropAEZ14,FiberCropAEZ14,2005,CO_AWB,7.86793013977545e-05
South America_Southern,FiberCrop,FiberCropAEZ15,FiberCropAEZ15,2005,CO_AWB,9.50947019495227e-05
South America_Southern,FiberCrop,FiberCropAEZ16,FiberCropAEZ16,2005,CO_AWB,9.58008507263753e-05
South America_Southern,FiberCrop,FiberCropAEZ17,FiberCropAEZ17,2005,CO_AWB,0
South America_Southern,FiberCrop,FiberCropAEZ18,FiberCropAEZ18,2005,CO_AWB,0
South America_Southern,FodderGrass,FodderGrassAEZ01,FodderGrassAEZ01,2005,CO_AWB,0.00078581875602293
South America_Southern,FodderGrass,FodderGrassAEZ02,FodderGrassAEZ02,2005,CO_AWB,1.78699234787683e-06
South America_Southern,FodderGrass,FodderGrassAEZ03,FodderGrassAEZ03,2005,CO_AWB,0.00040515122950493
South America_Southern,FodderGrass,FodderGrassAEZ04,FodderGrassAEZ04,2005,CO_AWB,0.00583206256730901
South America_Southern,FodderGrass,FodderGrassAEZ05,FodderGrassAEZ05,2005,CO_AWB,0.00211978628580118
South America_Southern,FodderGrass,FodderGrassAEZ06,FodderGrassAEZ06,2005,CO_AWB,0.00614656686113196
South America_Southern,FodderGrass,FodderGrassAEZ07,FodderGrassAEZ07,2005,CO_AWB,0.00270261924555408
South America_Southern,FodderGrass,FodderGrassAEZ08,FodderGrassAEZ08,2005,CO_AWB,0.00403351518350305
South America_Southern,FodderGrass,FodderGrassAEZ09,FodderGrassAEZ09,2005,CO_AWB,0.0078322093974497
South America_Southern,FodderGrass,FodderGrassAEZ10,FodderGrassAEZ10,2005,CO_AWB,0.0278970237158569
South America_Southern,FodderGrass,FodderGrassAEZ11,FodderGrassAEZ11,2005,CO_AWB,0.00945452499497682
South America_Southern,FodderGrass,FodderGrassAEZ12,FodderGrassAEZ12,2005,CO_AWB,0.214019265731536
South America_Southern,FodderGrass,FodderGrassAEZ13,FodderGrassAEZ13,2005,CO_AWB,0.0011240245462179
South America_Southern,FodderGrass,FodderGrassAEZ14,FodderGrassAEZ14,2005,CO_AWB,0.000673142847056091
South America_Southern,FodderGrass,FodderGrassAEZ15,FodderGrassAEZ15,2005,CO_AWB,0.000144771817791516
South America_Southern,FodderGrass,FodderGrassAEZ16,FodderGrassAEZ16,2005,CO_AWB,0.000226064071111478
South America_Southern,FodderGrass,FodderGrassAEZ17,FodderGrassAEZ17,2005,CO_AWB,1.4893722700098e-05
South America_Southern,FodderGrass,FodderGrassAEZ18,FodderGrassAEZ18,2005,CO_AWB,5.22107016941948e-06
South America_Southern,FodderHerb,FodderHerbAEZ01,FodderHerbAEZ01,2005,CO_AWB,0.00637759135329043
South America_Southern,FodderHerb,FodderHerbAEZ02,FodderHerbAEZ02,2005,CO_AWB,0.000326976435856679
South America_Southern,FodderHerb,FodderHerbAEZ03,FodderHerbAEZ03,2005,CO_AWB,0.000291071814005105
South America_Southern,FodderHerb,FodderHerbAEZ04,FodderHerbAEZ04,2005,CO_AWB,0.000654103257564042
South America_Southern,FodderHerb,FodderHerbAEZ05,FodderHerbAEZ05,2005,CO_AWB,0.00168996099709758
South America_Southern,FodderHerb,FodderHerbAEZ06,FodderHerbAEZ06,2005,CO_AWB,0.00346332974663257
South America_Southern,FodderHerb,FodderHerbAEZ07,FodderHerbAEZ07,2005,CO_AWB,0.00525282737865373
South America_Southern,FodderHerb,FodderHerbAEZ08,FodderHerbAEZ08,2005,CO_AWB,0.0092449325745339
South America_Southern,FodderHerb,FodderHerbAEZ09,FodderHerbAEZ09,2005,CO_AWB,0.00949829513647917
South America_Southern,FodderHerb,FodderHerbAEZ10,FodderHerbAEZ10,2005,CO_AWB,0.0169251473682456
South America_Southern,FodderHerb,FodderHerbAEZ11,FodderHerbAEZ11,2005,CO_AWB,0.00595754487408971
South America_Southern,FodderHerb,FodderHerbAEZ12,FodderHerbAEZ12,2005,CO_AWB,0.00569389028048803
South America_Southern,FodderHerb,FodderHerbAEZ13,FodderHerbAEZ13,2005,CO_AWB,0.0014927299539213
South America_Southern,FodderHerb,FodderHerbAEZ14,FodderHerbAEZ14,2005,CO_AWB,0.00358223795894783
South America_Southern,FodderHerb,FodderHerbAEZ15,FodderHerbAEZ15,2005,CO_AWB,0.00375347104818653
South America_Southern,FodderHerb,FodderHerbAEZ16,FodderHerbAEZ16,2005,CO_AWB,0.00376580268794289
South America_Southern,FodderHerb,FodderHerbAEZ17,FodderHerbAEZ17,2005,CO_AWB,0
South America_Southern,FodderHerb,FodderHerbAEZ18,FodderHerbAEZ18,2005,CO_AWB,0
South America_Southern,MiscCrop,MiscCropAEZ01,MiscCropAEZ01,2005,CO_AWB,0.00895810481982432
South America_Southern,MiscCrop,MiscCropAEZ02,MiscCropAEZ02,2005,CO_AWB,0.00909721831109015
South America_Southern,MiscCrop,MiscCropAEZ03,MiscCropAEZ03,2005,CO_AWB,0.0177485178117238
South America_Southern,MiscCrop,MiscCropAEZ04,MiscCropAEZ04,2005,CO_AWB,0.0140862056967076
South America_Southern,MiscCrop,MiscCropAEZ05,MiscCropAEZ05,2005,CO_AWB,0.0090056201921413
South America_Southern,MiscCrop,MiscCropAEZ06,MiscCropAEZ06,2005,CO_AWB,0.0261845179610908
South America_Southern,MiscCrop,MiscCropAEZ07,MiscCropAEZ07,2005,CO_AWB,0.0039268546703207
South America_Southern,MiscCrop,MiscCropAEZ08,MiscCropAEZ08,2005,CO_AWB,0.00794287697630329
South America_Southern,MiscCrop,MiscCropAEZ09,MiscCropAEZ09,2005,CO_AWB,0.0152336357046119
South America_Southern,MiscCrop,MiscCropAEZ10,MiscCropAEZ10,2005,CO_AWB,0.0341206679125619
South America_Southern,MiscCrop,MiscCropAEZ11,MiscCropAEZ11,2005,CO_AWB,0.011660364517598
South America_Southern,MiscCrop,MiscCropAEZ12,MiscCropAEZ12,2005,CO_AWB,0.019458898431961
South America_Southern,MiscCrop,MiscCropAEZ13,MiscCropAEZ13,2005,CO_AWB,0.00159583689603851
South America_Southern,MiscCrop,MiscCropAEZ14,MiscCropAEZ14,2005,CO_AWB,0.00249700480824265
South America_Southern,MiscCrop,MiscCropAEZ15,MiscCropAEZ15,2005,CO_AWB,0.00171999888348192
South America_Southern,MiscCrop,MiscCropAEZ16,MiscCropAEZ16,2005,CO_AWB,0.00219775587311021
South America_Southern,MiscCrop,MiscCropAEZ17,MiscCropAEZ17,2005,CO_AWB,2.10795469915075e-06
South America_Southern,MiscCrop,MiscCropAEZ18,MiscCropAEZ18,2005,CO_AWB,0
South America_Southern,OilCrop,OilCropAEZ01,OilCropAEZ01,2005,CO_AWB,0.000173048664739796
South America_Southern,OilCrop,OilCropAEZ02,OilCropAEZ02,2005,CO_AWB,9.39316978004722e-05
South America_Southern,OilCrop,OilCropAEZ03,OilCropAEZ03,2005,CO_AWB,0.00209236684364605
South America_Southern,OilCrop,OilCropAEZ04,OilCropAEZ04,2005,CO_AWB,0.00431159326333638
South America_Southern,OilCrop,OilCropAEZ05,OilCropAEZ05,2005,CO_AWB,0.00412662301806317
South America_Southern,OilCrop,OilCropAEZ06,OilCropAEZ06,2005,CO_AWB,0.000701065485645041
South America_Southern,OilCrop,OilCropAEZ07,OilCropAEZ07,2005,CO_AWB,5.91013199247937e-06
South America_Southern,OilCrop,OilCropAEZ08,OilCropAEZ08,2005,CO_AWB,0.000162579288067405
South America_Southern,OilCrop,OilCropAEZ09,OilCropAEZ09,2005,CO_AWB,0.000934262407976868
South America_Southern,OilCrop,OilCropAEZ10,OilCropAEZ10,2005,CO_AWB,0.00219369464948282
South America_Southern,OilCrop,OilCropAEZ11,OilCropAEZ11,2005,CO_AWB,0.00131197050057053
South America_Southern,OilCrop,OilCropAEZ12,OilCropAEZ12,2005,CO_AWB,0.0365800808950977
South America_Southern,OilCrop,OilCropAEZ13,OilCropAEZ13,2005,CO_AWB,2.36405279699176e-07
South America_Southern,OilCrop,OilCropAEZ14,OilCropAEZ14,2005,CO_AWB,4.39038376584181e-07
South America_Southern,OilCrop,OilCropAEZ15,OilCropAEZ15,2005,CO_AWB,0
South America_Southern,OilCrop,OilCropAEZ16,OilCropAEZ16,2005,CO_AWB,5.17840136483908e-07
South America_Southern,OilCrop,OilCropAEZ17,OilCropAEZ17,2005,CO_AWB,0
South America_Southern,OilCrop,OilCropAEZ18,OilCropAEZ18,2005,CO_AWB,0
South America_Southern,OtherGrain,OtherGrainAEZ01,OtherGrainAEZ01,2005,CO_AWB,4.40045381223814e-05
South America_Southern,OtherGrain,OtherGrainAEZ02,OtherGrainAEZ02,2005,CO_AWB,4.07228804676727e-06
South America_Southern,OtherGrain,OtherGrainAEZ03,OtherGrainAEZ03,2005,CO_AWB,0.000248409570852803
South America_Southern,OtherGrain,OtherGrainAEZ04,OtherGrainAEZ04,2005,CO_AWB,0.000518306959484291
South America_Southern,OtherGrain,OtherGrainAEZ05,OtherGrainAEZ05,2005,CO_AWB,0.000552488185749178
South America_Southern,OtherGrain,OtherGrainAEZ06,OtherGrainAEZ06,2005,CO_AWB,0.000161851788752367
South America_Southern,OtherGrain,OtherGrainAEZ07,OtherGrainAEZ07,2005,CO_AWB,9.45398998942318e-05
South America_Southern,OtherGrain,OtherGrainAEZ08,OtherGrainAEZ08,2005,CO_AWB,0.000413932917179248
South America_Southern,OtherGrain,OtherGrainAEZ09,OtherGrainAEZ09,2005,CO_AWB,0.000641991878351531
South America_Southern,OtherGrain,OtherGrainAEZ10,OtherGrainAEZ10,2005,CO_AWB,0.00164852935076194
South America_Southern,OtherGrain,OtherGrainAEZ11,OtherGrainAEZ11,2005,CO_AWB,0.00181538485514624
South America_Southern,OtherGrain,OtherGrainAEZ12,OtherGrainAEZ12,2005,CO_AWB,0.00499182368439127
South America_Southern,OtherGrain,OtherGrainAEZ13,OtherGrainAEZ13,2005,CO_AWB,9.02510007811476e-05
South America_Southern,OtherGrain,OtherGrainAEZ14,OtherGrainAEZ14,2005,CO_AWB,0.000226867600307536
South America_Southern,OtherGrain,OtherGrainAEZ15,OtherGrainAEZ15,2005,CO_AWB,0.000390668888656758
South America_Southern,OtherGrain,OtherGrainAEZ16,OtherGrainAEZ16,2005,CO_AWB,0.000250478206536134
South America_Southern,OtherGrain,OtherGrainAEZ17,OtherGrainAEZ17,2005,CO_AWB,0
South America_Southern,OtherGrain,OtherGrainAEZ18,OtherGrainAEZ18,2005,CO_AWB,0
South America_Southern,PalmFruit,PalmFruitAEZ01,PalmFruitAEZ01,2005,CO_AWB,0.000141233189497043
South America_Southern,PalmFruit,PalmFruitAEZ02,PalmFruitAEZ02,2005,CO_AWB,0.000808321300370209
South America_Southern,PalmFruit,PalmFruitAEZ03,PalmFruitAEZ03,2005,CO_AWB,0.00174165585748157
South America_Southern,PalmFruit,PalmFruitAEZ04,PalmFruitAEZ04,2005,CO_AWB,0.00187484064694308
South America_Southern,PalmFruit,PalmFruitAEZ05,PalmFruitAEZ05,2005,CO_AWB,0.00189879555108222
South America_Southern,PalmFruit,PalmFruitAEZ06,PalmFruitAEZ06,2005,CO_AWB,0.00518550914389775
South America_Southern,PalmFruit,PalmFruitAEZ07,PalmFruitAEZ07,2005,CO_AWB,7.34318556788942e-06
South America_Southern,PalmFruit,PalmFruitAEZ08,PalmFruitAEZ08,2005,CO_AWB,0.000288555849952825
South America_Southern,PalmFruit,PalmFruitAEZ09,PalmFruitAEZ09,2005,CO_AWB,0.000410535565095036
South America_Southern,PalmFruit,PalmFruitAEZ10,PalmFruitAEZ10,2005,CO_AWB,0.00091881609418216
South America_Southern,PalmFruit,PalmFruitAEZ11,PalmFruitAEZ11,2005,CO_AWB,0.00159993013724522
South America_Southern,PalmFruit,PalmFruitAEZ12,PalmFruitAEZ12,2005,CO_AWB,0.00146938710356728
South America_Southern,PalmFruit,PalmFruitAEZ13,PalmFruitAEZ13,2005,CO_AWB,2.14922504426031e-06
South America_Southern,PalmFruit,PalmFruitAEZ14,PalmFruitAEZ14,2005,CO_AWB,2.10780768663653e-05
South America_Southern,PalmFruit,PalmFruitAEZ15,PalmFruitAEZ15,2005,CO_AWB,2.37310265303743e-06
South America_Southern,PalmFruit,PalmFruitAEZ16,PalmFruitAEZ16,2005,CO_AWB,0
South America_Southern,PalmFruit,PalmFruitAEZ17,PalmFruitAEZ17,2005,CO_AWB,0
South America_Southern,PalmFruit,PalmFruitAEZ18,PalmFruitAEZ18,2005,CO_AWB,0
South America_Southern,Rice,RiceAEZ01,RiceAEZ01,2005,CO_AWB,0.00260984864454829
South America_Southern,Rice,RiceAEZ02,RiceAEZ02,2005,CO_AWB,0.00122472271328398
South America_Southern,Rice,RiceAEZ03,RiceAEZ03,2005,CO_AWB,0.00212528706925155
South America_Southern,Rice,RiceAEZ04,RiceAEZ04,2005,CO_AWB,0.00310691991042196
South America_Southern,Rice,RiceAEZ05,RiceAEZ05,2005,CO_AWB,0.00402224338960043
South America_Southern,Rice,RiceAEZ06,RiceAEZ06,2005,CO_AWB,0.0016217342366184
South America_Southern,Rice,RiceAEZ07,RiceAEZ07,2005,CO_AWB,0.00163025185109792
South America_Southern,Rice,RiceAEZ08,RiceAEZ08,2005,CO_AWB,0.00385486959776626
South America_Southern,Rice,RiceAEZ09,RiceAEZ09,2005,CO_AWB,0.00326420237403664
South America_Southern,Rice,RiceAEZ10,RiceAEZ10,2005,CO_AWB,0.0019516095314195
South America_Southern,Rice,RiceAEZ11,RiceAEZ11,2005,CO_AWB,0.00112218237112072
South America_Southern,Rice,RiceAEZ12,RiceAEZ12,2005,CO_AWB,0.0104339888270412
South America_Southern,Rice,RiceAEZ13,RiceAEZ13,2005,CO_AWB,0.000599416005199198
South America_Southern,Rice,RiceAEZ14,RiceAEZ14,2005,CO_AWB,0.0015684146812596
South America_Southern,Rice,RiceAEZ15,RiceAEZ15,2005,CO_AWB,0.00110234646516683
South America_Southern,Rice,RiceAEZ16,RiceAEZ16,2005,CO_AWB,0.000808373182128083
South America_Southern,Rice,RiceAEZ17,RiceAEZ17,2005,CO_AWB,0
South America_Southern,Rice,RiceAEZ18,RiceAEZ18,2005,CO_AWB,0
South America_Southern,Root_Tuber,Root_TuberAEZ01,Root_TuberAEZ01,2005,CO_AWB,0.00240495927752364
South America_Southern,Root_Tuber,Root_TuberAEZ02,Root_TuberAEZ02,2005,CO_AWB,0.000136014895730393
South America_Southern,Root_Tuber,Root_TuberAEZ03,Root_TuberAEZ03,2005,CO_AWB,0.00044091223706879
South America_Southern,Root_Tuber,Root_TuberAEZ04,Root_TuberAEZ04,2005,CO_AWB,0.00156303992082789
South America_Southern,Root_Tuber,Root_TuberAEZ05,Root_TuberAEZ05,2005,CO_AWB,0.0024339341129175
South America_Southern,Root_Tuber,Root_TuberAEZ06,Root_TuberAEZ06,2005,CO_AWB,0.00779332945207684
South America_Southern,Root_Tuber,Root_TuberAEZ07,Root_TuberAEZ07,2005,CO_AWB,0.0033880710319725
South America_Southern,Root_Tuber,Root_TuberAEZ08,Root_TuberAEZ08,2005,CO_AWB,0.00893113346140469
South America_Southern,Root_Tuber,Root_TuberAEZ09,Root_TuberAEZ09,2005,CO_AWB,0.0103897220729074
South America_Southern,Root_Tuber,Root_TuberAEZ10,Root_TuberAEZ10,2005,CO_AWB,0.00413767744519634
South America_Southern,Root_Tuber,Root_TuberAEZ11,Root_TuberAEZ11,2005,CO_AWB,0.00358751032748129
South America_Southern,Root_Tuber,Root_TuberAEZ12,Root_TuberAEZ12,2005,CO_AWB,0.0370402713411276
South America_Southern,Root_Tuber,Root_TuberAEZ13,Root_TuberAEZ13,2005,CO_AWB,0.00128642708128032
South America_Southern,Root_Tuber,Root_TuberAEZ14,Root_TuberAEZ14,2005,CO_AWB,0.00288521094199845
South America_Southern,Root_Tuber,Root_TuberAEZ15,Root_TuberAEZ15,2005,CO_AWB,0.00402881567118515
South America_Southern,Root_Tuber,Root_TuberAEZ16,Root_TuberAEZ16,2005,CO_AWB,0.00279666606944309
South America_Southern,Root_Tuber,Root_TuberAEZ17,Root_TuberAEZ17,2005,CO_AWB,0
South America_Southern,Root_Tuber,Root_TuberAEZ18,Root_TuberAEZ18,2005,CO_AWB,0
South America_Southern,SugarCrop,SugarCropAEZ01,SugarCropAEZ01,2005,CO_AWB,0.009536658493199
South America_Southern,SugarCrop,SugarCropAEZ02,SugarCropAEZ02,2005,CO_AWB,0.00227926095818815
South America_Southern,SugarCrop,SugarCropAEZ03,SugarCropAEZ03,2005,CO_AWB,0.01026364588849
South America_Southern,SugarCrop,SugarCropAEZ04,SugarCropAEZ04,2005,CO_AWB,0.012002616532146
South America_Southern,SugarCrop,SugarCropAEZ05,SugarCropAEZ05,2005,CO_AWB,0.0199792002636004
South America_Southern,SugarCrop,SugarCropAEZ06,SugarCropAEZ06,2005,CO_AWB,0.00792847481071289
South America_Southern,SugarCrop,SugarCropAEZ07,SugarCropAEZ07,2005,CO_AWB,0.00692647453008548
South America_Southern,SugarCrop,SugarCropAEZ08,SugarCropAEZ08,2005,CO_AWB,0.0165351680650504
South America_Southern,SugarCrop,SugarCropAEZ09,SugarCropAEZ09,2005,CO_AWB,0.0178736374437907
South America_Southern,SugarCrop,SugarCropAEZ10,SugarCropAEZ10,2005,CO_AWB,0.0352077454420322
South America_Southern,SugarCrop,SugarCropAEZ11,SugarCropAEZ11,2005,CO_AWB,0.0123470793381261
South America_Southern,SugarCrop,SugarCropAEZ12,SugarCropAEZ12,2005,CO_AWB,0.0292573283103907
South America_Southern,SugarCrop,SugarCropAEZ13,SugarCropAEZ13,2005,CO_AWB,0.00110185745929311
South America_Southern,SugarCrop,SugarCropAEZ14,SugarCropAEZ14,2005,CO_AWB,0.00454771390998257
South America_Southern,SugarCrop,SugarCropAEZ15,SugarCropAEZ15,2005,CO_AWB,0.00337788243253045
South America_Southern,SugarCrop,SugarCropAEZ16,SugarCropAEZ16,2005,CO_AWB,0.00284267068928089
South America_Southern,SugarCrop,SugarCropAEZ17,SugarCropAEZ17,2005,CO_AWB,0
South America_Southern,SugarCrop,SugarCropAEZ18,SugarCropAEZ18,2005,CO_AWB,0
South America_Southern,Wheat,WheatAEZ01,WheatAEZ01,2005,CO_AWB,0.000205170262959699
South America_Southern,Wheat,WheatAEZ02,WheatAEZ02,2005,CO_AWB,7.25907314284395e-06
South America_Southern,Wheat,WheatAEZ03,WheatAEZ03,2005,CO_AWB,0.000120405930608477
South America_Southern,Wheat,WheatAEZ04,WheatAEZ04,2005,CO_AWB,0.000244993718570985
South America_Southern,Wheat,WheatAEZ05,WheatAEZ05,2005,CO_AWB,0.000297283843275414
South America_Southern,Wheat,WheatAEZ06,WheatAEZ06,2005,CO_AWB,0.000307834297408491
South America_Southern,Wheat,WheatAEZ07,WheatAEZ07,2005,CO_AWB,0.000410949205965535
South America_Southern,Wheat,WheatAEZ08,WheatAEZ08,2005,CO_AWB,0.000786313172937344
South America_Southern,Wheat,WheatAEZ09,WheatAEZ09,2005,CO_AWB,0.0015675990995677
South America_Southern,Wheat,WheatAEZ10,WheatAEZ10,2005,CO_AWB,0.00576726598087329
South America_Southern,Wheat,WheatAEZ11,WheatAEZ11,2005,CO_AWB,0.0026356635027512
South America_Southern,Wheat,WheatAEZ12,WheatAEZ12,2005,CO_AWB,0.009839865266621
South America_Southern,Wheat,WheatAEZ13,WheatAEZ13,2005,CO_AWB,0.000288660875955109
South America_Southern,Wheat,WheatAEZ14,WheatAEZ14,2005,CO_AWB,0.000551464121802016
South America_Southern,Wheat,WheatAEZ15,WheatAEZ15,2005,CO_AWB,0.000243528377719167
South America_Southern,Wheat,WheatAEZ16,WheatAEZ16,2005,CO_AWB,0.000227139103884237
South America_Southern,Wheat,WheatAEZ17,WheatAEZ17,2005,CO_AWB,1.27371935580958e-05
South America_Southern,Wheat,WheatAEZ18,WheatAEZ18,2005,CO_AWB,0
South America_Southern,Corn,CornAEZ01,CornAEZ01,2005,N2O_AWB,9.42219861833844e-07
South America_Southern,Corn,CornAEZ02,CornAEZ02,2005,N2O_AWB,1.74758190348531e-07
South America_Southern,Corn,CornAEZ03,CornAEZ03,2005,N2O_AWB,5.61074224024814e-07
South America_Southern,Corn,CornAEZ04,CornAEZ04,2005,N2O_AWB,9.464263864347e-07
South America_Southern,Corn,CornAEZ05,CornAEZ05,2005,N2O_AWB,1.28365638339659e-06
South America_Southern,Corn,CornAEZ06,CornAEZ06,2005,N2O_AWB,2.06755741481424e-06
South America_Southern,Corn,CornAEZ07,CornAEZ07,2005,N2O_AWB,9.74711843227457e-07
South America_Southern,Corn,CornAEZ08,CornAEZ08,2005,N2O_AWB,2.65021759534813e-06
South America_Southern,Corn,CornAEZ09,CornAEZ09,2005,N2O_AWB,3.0572509114292e-06
South America_Southern,Corn,CornAEZ10,CornAEZ10,2005,N2O_AWB,4.30742764287524e-06
South America_Southern,Corn,CornAEZ11,CornAEZ11,2005,N2O_AWB,8.88736906194361e-07
South America_Southern,Corn,CornAEZ12,CornAEZ12,2005,N2O_AWB,6.48118344184894e-06
South America_Southern,Corn,CornAEZ13,CornAEZ13,2005,N2O_AWB,4.12144213722004e-07
South America_Southern,Corn,CornAEZ14,CornAEZ14,2005,N2O_AWB,8.64652024179828e-07
South America_Southern,Corn,CornAEZ15,CornAEZ15,2005,N2O_AWB,5.58117162176685e-07
South America_Southern,Corn,CornAEZ16,CornAEZ16,2005,N2O_AWB,2.94278227381122e-07
South America_Southern,Corn,CornAEZ17,CornAEZ17,2005,N2O_AWB,0
South America_Southern,Corn,CornAEZ18,CornAEZ18,2005,N2O_AWB,0
South America_Southern,FiberCrop,FiberCropAEZ01,FiberCropAEZ01,2005,N2O_AWB,8.99573690192594e-08
South America_Southern,FiberCrop,FiberCropAEZ02,FiberCropAEZ02,2005,N2O_AWB,7.07884243938078e-09
South America_Southern,FiberCrop,FiberCropAEZ03,FiberCropAEZ03,2005,N2O_AWB,6.13674896951928e-08
South America_Southern,FiberCrop,FiberCropAEZ04,FiberCropAEZ04,2005,N2O_AWB,1.20725802988449e-07
South America_Southern,FiberCrop,FiberCropAEZ05,FiberCropAEZ05,2005,N2O_AWB,1.42896830958654e-07
South America_Southern,FiberCrop,FiberCropAEZ06,FiberCropAEZ06,2005,N2O_AWB,1.48276050337095e-07
South America_Southern,FiberCrop,FiberCropAEZ07,FiberCropAEZ07,2005,N2O_AWB,6.10637769832726e-08
South America_Southern,FiberCrop,FiberCropAEZ08,FiberCropAEZ08,2005,N2O_AWB,1.13506785451259e-07
South America_Southern,FiberCrop,FiberCropAEZ09,FiberCropAEZ09,2005,N2O_AWB,1.12852634994815e-07
South America_Southern,FiberCrop,FiberCropAEZ10,FiberCropAEZ10,2005,N2O_AWB,8.84212835724299e-08
South America_Southern,FiberCrop,FiberCropAEZ11,FiberCropAEZ11,2005,N2O_AWB,6.55376988550258e-08
South America_Southern,FiberCrop,FiberCropAEZ12,FiberCropAEZ12,2005,N2O_AWB,1.12828104352697e-06
South America_Southern,FiberCrop,FiberCropAEZ13,FiberCropAEZ13,2005,N2O_AWB,1.1838955135829e-08
South America_Southern,FiberCrop,FiberCropAEZ14,FiberCropAEZ14,2005,N2O_AWB,4.49027563316498e-08
South America_Southern,FiberCrop,FiberCropAEZ15,FiberCropAEZ15,2005,N2O_AWB,5.42711253685858e-08
South America_Southern,FiberCrop,FiberCropAEZ16,FiberCropAEZ16,2005,N2O_AWB,5.4674128774788e-08
South America_Southern,FiberCrop,FiberCropAEZ17,FiberCropAEZ17,2005,N2O_AWB,0
South America_Southern,FiberCrop,FiberCropAEZ18,FiberCropAEZ18,2005,N2O_AWB,0
South America_Southern,FodderGrass,FodderGrassAEZ01,FodderGrassAEZ01,2005,N2O_AWB,4.48471548370215e-07
South America_Southern,FodderGrass,FodderGrassAEZ02,FodderGrassAEZ02,2005,N2O_AWB,1.01984741269609e-09
South America_Southern,FodderGrass,FodderGrassAEZ03,FodderGrassAEZ03,2005,N2O_AWB,2.31222273364611e-07
South America_Southern,FodderGrass,FodderGrassAEZ04,FodderGrassAEZ04,2005,N2O_AWB,3.32839361456616e-06
South America_Southern,FodderGrass,FodderGrassAEZ05,FodderGrassAEZ05,2005,N2O_AWB,1.20977493922207e-06
South America_Southern,FodderGrass,FodderGrassAEZ06,FodderGrassAEZ06,2005,N2O_AWB,3.50788312985045e-06
South America_Southern,FodderGrass,FodderGrassAEZ07,FodderGrassAEZ07,2005,N2O_AWB,1.54240125782059e-06
South America_Southern,FodderGrass,FodderGrassAEZ08,FodderGrassAEZ08,2005,N2O_AWB,2.30195167251468e-06
South America_Southern,FodderGrass,FodderGrassAEZ09,FodderGrassAEZ09,2005,N2O_AWB,4.46988958804073e-06
South America_Southern,FodderGrass,FodderGrassAEZ10,FodderGrassAEZ10,2005,N2O_AWB,1.59210012803587e-05
South America_Southern,FodderGrass,FodderGrassAEZ11,FodderGrassAEZ11,2005,N2O_AWB,5.3957549767092e-06
South America_Southern,FodderGrass,FodderGrassAEZ12,FodderGrassAEZ12,2005,N2O_AWB,0.000122142097968552
South America_Southern,FodderGrass,FodderGrassAEZ13,FodderGrassAEZ13,2005,N2O_AWB,6.41487651936066e-07
South America_Southern,FodderGrass,FodderGrassAEZ14,FodderGrassAEZ14,2005,N2O_AWB,3.84166721117014e-07
South America_Southern,FodderGrass,FodderGrassAEZ15,FodderGrassAEZ15,2005,N2O_AWB,8.26221578292761e-08
South America_Southern,FodderGrass,FodderGrassAEZ16,FodderGrassAEZ16,2005,N2O_AWB,1.2901614173139e-07
South America_Southern,FodderGrass,FodderGrassAEZ17,FodderGrassAEZ17,2005,N2O_AWB,8.49993822254181e-09
South America_Southern,FodderGrass,FodderGrassAEZ18,FodderGrassAEZ18,2005,N2O_AWB,2.97969653317968e-09
South America_Southern,FodderHerb,FodderHerbAEZ01,FodderHerbAEZ01,2005,N2O_AWB,3.63973021407394e-06
South America_Southern,FodderHerb,FodderHerbAEZ02,FodderHerbAEZ02,2005,N2O_AWB,1.86607442677202e-07
South America_Southern,FodderHerb,FodderHerbAEZ03,FodderHerbAEZ03,2005,N2O_AWB,1.66116456388053e-07
South America_Southern,FodderHerb,FodderHerbAEZ04,FodderHerbAEZ04,2005,N2O_AWB,3.73300711474985e-07
South America_Southern,FodderHerb,FodderHerbAEZ05,FodderHerbAEZ05,2005,N2O_AWB,9.64471030049466e-07
South America_Southern,FodderHerb,FodderHerbAEZ06,FodderHerbAEZ06,2005,N2O_AWB,1.97654337222718e-06
South America_Southern,FodderHerb,FodderHerbAEZ07,FodderHerbAEZ07,2005,N2O_AWB,2.99782056583739e-06
South America_Southern,FodderHerb,FodderHerbAEZ08,FodderHerbAEZ08,2005,N2O_AWB,5.27613930629887e-06
South America_Southern,FodderHerb,FodderHerbAEZ09,FodderHerbAEZ09,2005,N2O_AWB,5.42073486295077e-06
South America_Southern,FodderHerb,FodderHerbAEZ10,FodderHerbAEZ10,2005,N2O_AWB,9.65928464859613e-06
South America_Southern,FodderHerb,FodderHerbAEZ11,FodderHerbAEZ11,2005,N2O_AWB,3.40000713102105e-06
South America_Southern,FodderHerb,FodderHerbAEZ12,FodderHerbAEZ12,2005,N2O_AWB,3.24953784924176e-06
South America_Southern,FodderHerb,FodderHerbAEZ13,FodderHerbAEZ13,2005,N2O_AWB,8.51910072905093e-07
South America_Southern,FodderHerb,FodderHerbAEZ14,FodderHerbAEZ14,2005,N2O_AWB,2.04440501294552e-06
South America_Southern,FodderHerb,FodderHerbAEZ15,FodderHerbAEZ15,2005,N2O_AWB,2.14212877949412e-06
South America_Southern,FodderHerb,FodderHerbAEZ16,FodderHerbAEZ16,2005,N2O_AWB,2.14916652138192e-06
South America_Southern,FodderHerb,FodderHerbAEZ17,FodderHerbAEZ17,2005,N2O_AWB,0
South America_Southern,FodderHerb,FodderHerbAEZ18,FodderHerbAEZ18,2005,N2O_AWB,0
South America_Southern,MiscCrop,MiscCropAEZ01,MiscCropAEZ01,2005,N2O_AWB,5.11244496038991e-06
South America_Southern,MiscCrop,MiscCropAEZ02,MiscCropAEZ02,2005,N2O_AWB,5.19183787682134e-06
South America_Southern,MiscCrop,MiscCropAEZ03,MiscCropAEZ03,2005,N2O_AWB,1.01291871736234e-05
South America_Southern,MiscCrop,MiscCropAEZ04,MiscCropAEZ04,2005,N2O_AWB,8.03908335229332e-06
South America_Southern,MiscCrop,MiscCropAEZ05,MiscCropAEZ05,2005,N2O_AWB,5.13956227265952e-06
South America_Southern,MiscCrop,MiscCropAEZ06,MiscCropAEZ06,2005,N2O_AWB,1.49436638198483e-05
South America_Southern,MiscCrop,MiscCropAEZ07,MiscCropAEZ07,2005,N2O_AWB,2.24107986825927e-06
South America_Southern,MiscCrop,MiscCropAEZ08,MiscCropAEZ08,2005,N2O_AWB,4.53304824907097e-06
South America_Southern,MiscCrop,MiscCropAEZ09,MiscCropAEZ09,2005,N2O_AWB,8.69392864371356e-06
South America_Southern,MiscCrop,MiscCropAEZ10,MiscCropAEZ10,2005,N2O_AWB,1.94728729148914e-05
South America_Southern,MiscCrop,MiscCropAEZ11,MiscCropAEZ11,2005,N2O_AWB,6.65464102210317e-06
South America_Southern,MiscCrop,MiscCropAEZ12,MiscCropAEZ12,2005,N2O_AWB,1.11053118069196e-05
South America_Southern,MiscCrop,MiscCropAEZ13,MiscCropAEZ13,2005,N2O_AWB,9.10753832518377e-07
South America_Southern,MiscCrop,MiscCropAEZ14,MiscCropAEZ14,2005,N2O_AWB,1.42505584660259e-06
South America_Southern,MiscCrop,MiscCropAEZ15,MiscCropAEZ15,2005,N2O_AWB,9.81613834688961e-07
South America_Southern,MiscCrop,MiscCropAEZ16,MiscCropAEZ16,2005,N2O_AWB,1.25427265740232e-06
South America_Southern,MiscCrop,MiscCropAEZ17,MiscCropAEZ17,2005,N2O_AWB,1.20302258068631e-09
South America_Southern,MiscCrop,MiscCropAEZ18,MiscCropAEZ18,2005,N2O_AWB,0
South America_Southern,OilCrop,OilCropAEZ01,OilCropAEZ01,2005,N2O_AWB,9.875992654086e-08
South America_Southern,OilCrop,OilCropAEZ02,OilCropAEZ02,2005,N2O_AWB,5.36073918199933e-08
South America_Southern,OilCrop,OilCropAEZ03,OilCropAEZ03,2005,N2O_AWB,1.19412649664608e-06
South America_Southern,OilCrop,OilCropAEZ04,OilCropAEZ04,2005,N2O_AWB,2.46065252570102e-06
South America_Southern,OilCrop,OilCropAEZ05,OilCropAEZ05,2005,N2O_AWB,2.35508888056747e-06
South America_Southern,OilCrop,OilCropAEZ06,OilCropAEZ06,2005,N2O_AWB,4.00102340961398e-07
South America_Southern,OilCrop,OilCropAEZ07,OilCropAEZ07,2005,N2O_AWB,3.37294831082172e-09
South America_Southern,OilCrop,OilCropAEZ08,OilCropAEZ08,2005,N2O_AWB,9.2784989533119e-08
South America_Southern,OilCrop,OilCropAEZ09,OilCropAEZ09,2005,N2O_AWB,5.33189244311249e-07
South America_Southern,OilCrop,OilCropAEZ10,OilCropAEZ10,2005,N2O_AWB,1.25195489235218e-06
South America_Southern,OilCrop,OilCropAEZ11,OilCropAEZ11,2005,N2O_AWB,7.48749552358281e-07
South America_Southern,OilCrop,OilCropAEZ12,OilCropAEZ12,2005,N2O_AWB,2.08764748776924e-05
South America_Southern,OilCrop,OilCropAEZ13,OilCropAEZ13,2005,N2O_AWB,1.34917932432869e-10
South America_Southern,OilCrop,OilCropAEZ14,OilCropAEZ14,2005,N2O_AWB,2.50561874518185e-10
South America_Southern,OilCrop,OilCropAEZ15,OilCropAEZ15,2005,N2O_AWB,0
South America_Southern,OilCrop,OilCropAEZ16,OilCropAEZ16,2005,N2O_AWB,2.95534518662475e-10
South America_Southern,OilCrop,OilCropAEZ17,OilCropAEZ17,2005,N2O_AWB,0
South America_Southern,OilCrop,OilCropAEZ18,OilCropAEZ18,2005,N2O_AWB,0
South America_Southern,OtherGrain,OtherGrainAEZ01,OtherGrainAEZ01,2005,N2O_AWB,2.51136578196979e-08
South America_Southern,OtherGrain,OtherGrainAEZ02,OtherGrainAEZ02,2005,N2O_AWB,2.32407958164076e-09
South America_Southern,OtherGrain,OtherGrainAEZ03,OtherGrainAEZ03,2005,N2O_AWB,1.41768854480086e-07
South America_Southern,OtherGrain,OtherGrainAEZ04,OtherGrainAEZ04,2005,N2O_AWB,2.95800937390957e-07
South America_Southern,OtherGrain,OtherGrainAEZ05,OtherGrainAEZ05,2005,N2O_AWB,3.15308371326218e-07
South America_Southern,OtherGrain,OtherGrainAEZ06,OtherGrainAEZ06,2005,N2O_AWB,9.23698012447859e-08
South America_Southern,OtherGrain,OtherGrainAEZ07,OtherGrainAEZ07,2005,N2O_AWB,5.39544964578246e-08
South America_Southern,OtherGrain,OtherGrainAEZ08,OtherGrainAEZ08,2005,N2O_AWB,2.36234035985978e-07
South America_Southern,OtherGrain,OtherGrainAEZ09,OtherGrainAEZ09,2005,N2O_AWB,3.66388673620578e-07
South America_Southern,OtherGrain,OtherGrainAEZ10,OtherGrainAEZ10,2005,N2O_AWB,9.40825737237022e-07
South America_Southern,OtherGrain,OtherGrainAEZ11,OtherGrainAEZ11,2005,N2O_AWB,1.03605118945712e-06
South America_Southern,OtherGrain,OtherGrainAEZ12,OtherGrainAEZ12,2005,N2O_AWB,2.84886416845049e-06
South America_Southern,OtherGrain,OtherGrainAEZ13,OtherGrainAEZ13,2005,N2O_AWB,5.15067956218415e-08
South America_Southern,OtherGrain,OtherGrainAEZ14,OtherGrainAEZ14,2005,N2O_AWB,1.29474720735715e-07
South America_Southern,OtherGrain,OtherGrainAEZ15,OtherGrainAEZ15,2005,N2O_AWB,2.22957113269583e-07
South America_Southern,OtherGrain,OtherGrainAEZ16,OtherGrainAEZ16,2005,N2O_AWB,1.42949437459058e-07
South America_Southern,OtherGrain,OtherGrainAEZ17,OtherGrainAEZ17,2005,N2O_AWB,0
South America_Southern,OtherGrain,OtherGrainAEZ18,OtherGrainAEZ18,2005,N2O_AWB,0
South America_Southern,PalmFruit,PalmFruitAEZ01,PalmFruitAEZ01,2005,N2O_AWB,8.06026411173554e-08
South America_Southern,PalmFruit,PalmFruitAEZ02,PalmFruitAEZ02,2005,N2O_AWB,4.61313887431666e-07
South America_Southern,PalmFruit,PalmFruitAEZ03,PalmFruitAEZ03,2005,N2O_AWB,9.93973601604929e-07
South America_Southern,PalmFruit,PalmFruitAEZ04,PalmFruitAEZ04,2005,N2O_AWB,1.06998297182085e-06
South America_Southern,PalmFruit,PalmFruitAEZ05,PalmFruitAEZ05,2005,N2O_AWB,1.08365418145794e-06
South America_Southern,PalmFruit,PalmFruitAEZ06,PalmFruitAEZ06,2005,N2O_AWB,2.9594016394079e-06
South America_Southern,PalmFruit,PalmFruitAEZ07,PalmFruitAEZ07,2005,N2O_AWB,4.19080071118218e-09
South America_Southern,PalmFruit,PalmFruitAEZ08,PalmFruitAEZ08,2005,N2O_AWB,1.64680580385448e-07
South America_Southern,PalmFruit,PalmFruitAEZ09,PalmFruitAEZ09,2005,N2O_AWB,2.34295146467387e-07
South America_Southern,PalmFruit,PalmFruitAEZ10,PalmFruitAEZ10,2005,N2O_AWB,5.24373938986668e-07
South America_Southern,PalmFruit,PalmFruitAEZ11,PalmFruitAEZ11,2005,N2O_AWB,9.13089870195966e-07
South America_Southern,PalmFruit,PalmFruitAEZ12,PalmFruitAEZ12,2005,N2O_AWB,8.38588166089555e-07
South America_Southern,PalmFruit,PalmFruitAEZ13,PalmFruitAEZ13,2005,N2O_AWB,1.22657581790697e-09
South America_Southern,PalmFruit,PalmFruitAEZ14,PalmFruitAEZ14,2005,N2O_AWB,1.20293867974938e-08
South America_Southern,PalmFruit,PalmFruitAEZ15,PalmFruitAEZ15,2005,N2O_AWB,1.35434413227229e-09
South America_Southern,PalmFruit,PalmFruitAEZ16,PalmFruitAEZ16,2005,N2O_AWB,0
South America_Southern,PalmFruit,PalmFruitAEZ17,PalmFruitAEZ17,2005,N2O_AWB,0
South America_Southern,PalmFruit,PalmFruitAEZ18,PalmFruitAEZ18,2005,N2O_AWB,0
South America_Southern,Rice,RiceAEZ01,RiceAEZ01,2005,N2O_AWB,1.48945651101044e-06
South America_Southern,Rice,RiceAEZ02,RiceAEZ02,2005,N2O_AWB,6.98956708962301e-07
South America_Southern,Rice,RiceAEZ03,RiceAEZ03,2005,N2O_AWB,1.21291426982767e-06
South America_Southern,Rice,RiceAEZ04,RiceAEZ04,2005,N2O_AWB,1.77313810876834e-06
South America_Southern,Rice,RiceAEZ05,RiceAEZ05,2005,N2O_AWB,2.29551879110828e-06
South America_Southern,Rice,RiceAEZ06,RiceAEZ06,2005,N2O_AWB,9.25533602458351e-07
South America_Southern,Rice,RiceAEZ07,RiceAEZ07,2005,N2O_AWB,9.30394656899687e-07
South America_Southern,Rice,RiceAEZ08,RiceAEZ08,2005,N2O_AWB,2.19999754908504e-06
South America_Southern,Rice,RiceAEZ09,RiceAEZ09,2005,N2O_AWB,1.86290016833758e-06
South America_Southern,Rice,RiceAEZ10,RiceAEZ10,2005,N2O_AWB,1.11379544158429e-06
South America_Southern,Rice,RiceAEZ11,RiceAEZ11,2005,N2O_AWB,6.40436311392376e-07
South America_Southern,Rice,RiceAEZ12,RiceAEZ12,2005,N2O_AWB,5.95474094894747e-06
South America_Southern,Rice,RiceAEZ13,RiceAEZ13,2005,N2O_AWB,3.42090363597441e-07
South America_Southern,Rice,RiceAEZ14,RiceAEZ14,2005,N2O_AWB,8.95103807589119e-07
South America_Southern,Rice,RiceAEZ15,RiceAEZ15,2005,N2O_AWB,6.2911583909735e-07
South America_Southern,Rice,RiceAEZ16,RiceAEZ16,2005,N2O_AWB,4.61343496666756e-07
South America_Southern,Rice,RiceAEZ17,RiceAEZ17,2005,N2O_AWB,0
South America_Southern,Rice,RiceAEZ18,RiceAEZ18,2005,N2O_AWB,0
South America_Southern,Root_Tuber,Root_TuberAEZ01,Root_TuberAEZ01,2005,N2O_AWB,1.37252490181956e-06
South America_Southern,Root_Tuber,Root_TuberAEZ02,Root_TuberAEZ02,2005,N2O_AWB,7.76245290941401e-08
South America_Southern,Root_Tuber,Root_TuberAEZ03,Root_TuberAEZ03,2005,N2O_AWB,2.51631298105394e-07
South America_Southern,Root_Tuber,Root_TuberAEZ04,Root_TuberAEZ04,2005,N2O_AWB,8.92036399087539e-07
South America_Southern,Root_Tuber,Root_TuberAEZ05,Root_TuberAEZ05,2005,N2O_AWB,1.3890610167866e-06
South America_Southern,Root_Tuber,Root_TuberAEZ06,Root_TuberAEZ06,2005,N2O_AWB,4.44770056650329e-06
South America_Southern,Root_Tuber,Root_TuberAEZ07,Root_TuberAEZ07,2005,N2O_AWB,1.93359276557233e-06
South America_Southern,Root_Tuber,Root_TuberAEZ08,Root_TuberAEZ08,2005,N2O_AWB,5.09705224192985e-06
South America_Southern,Root_Tuber,Root_TuberAEZ09,Root_TuberAEZ09,2005,N2O_AWB,5.9294776428536e-06
South America_Southern,Root_Tuber,Root_TuberAEZ10,Root_TuberAEZ10,2005,N2O_AWB,2.36139770943514e-06
South America_Southern,Root_Tuber,Root_TuberAEZ11,Root_TuberAEZ11,2005,N2O_AWB,2.04741398576738e-06
South America_Southern,Root_Tuber,Root_TuberAEZ12,Root_TuberAEZ12,2005,N2O_AWB,2.11391083670236e-05
South America_Southern,Root_Tuber,Root_TuberAEZ13,Root_TuberAEZ13,2005,N2O_AWB,7.34171767453114e-07
South America_Southern,Root_Tuber,Root_TuberAEZ14,Root_TuberAEZ14,2005,N2O_AWB,1.64660745065619e-06
South America_Southern,Root_Tuber,Root_TuberAEZ15,Root_TuberAEZ15,2005,N2O_AWB,2.29926963222277e-06
South America_Southern,Root_Tuber,Root_TuberAEZ16,Root_TuberAEZ16,2005,N2O_AWB,1.59607435280024e-06
South America_Southern,Root_Tuber,Root_TuberAEZ17,Root_TuberAEZ17,2005,N2O_AWB,0
South America_Southern,Root_Tuber,Root_TuberAEZ18,Root_TuberAEZ18,2005,N2O_AWB,0
South America_Southern,SugarCrop,SugarCropAEZ01,SugarCropAEZ01,2005,N2O_AWB,5.44262906419877e-06
South America_Southern,SugarCrop,SugarCropAEZ02,SugarCropAEZ02,2005,N2O_AWB,1.3007881056845e-06
South America_Southern,SugarCrop,SugarCropAEZ03,SugarCropAEZ03,2005,N2O_AWB,5.8575251968157e-06
South America_Southern,SugarCrop,SugarCropAEZ04,SugarCropAEZ04,2005,N2O_AWB,6.84996633054198e-06
South America_Southern,SugarCrop,SugarCropAEZ05,SugarCropAEZ05,2005,N2O_AWB,1.14022512299948e-05
South America_Southern,SugarCrop,SugarCropAEZ06,SugarCropAEZ06,2005,N2O_AWB,4.52482884548368e-06
South America_Southern,SugarCrop,SugarCropAEZ07,SugarCropAEZ07,2005,N2O_AWB,3.95298118484162e-06
South America_Southern,SugarCrop,SugarCropAEZ08,SugarCropAEZ08,2005,N2O_AWB,9.43672108594786e-06
South America_Southern,SugarCrop,SugarCropAEZ09,SugarCropAEZ09,2005,N2O_AWB,1.0200593709411e-05
South America_Southern,SugarCrop,SugarCropAEZ10,SugarCropAEZ10,2005,N2O_AWB,2.00932746794247e-05
South America_Southern,SugarCrop,SugarCropAEZ11,SugarCropAEZ11,2005,N2O_AWB,7.04655335111109e-06
South America_Southern,SugarCrop,SugarCropAEZ12,SugarCropAEZ12,2005,N2O_AWB,1.66973353944148e-05
South America_Southern,SugarCrop,SugarCropAEZ13,SugarCropAEZ13,2005,N2O_AWB,6.28836760467998e-07
South America_Southern,SugarCrop,SugarCropAEZ14,SugarCropAEZ14,2005,N2O_AWB,2.59540801631761e-06
South America_Southern,SugarCrop,SugarCropAEZ15,SugarCropAEZ15,2005,N2O_AWB,1.9277780698394e-06
South America_Southern,SugarCrop,SugarCropAEZ16,SugarCropAEZ16,2005,N2O_AWB,1.62232946943204e-06
South America_Southern,SugarCrop,SugarCropAEZ17,SugarCropAEZ17,2005,N2O_AWB,0
South America_Southern,SugarCrop,SugarCropAEZ18,SugarCropAEZ18,2005,N2O_AWB,0
South America_Southern,Wheat,WheatAEZ01,WheatAEZ01,2005,N2O_AWB,1.17091918211195e-07
South America_Southern,Wheat,WheatAEZ02,WheatAEZ02,2005,N2O_AWB,4.14279723810623e-09
South America_Southern,Wheat,WheatAEZ03,WheatAEZ03,2005,N2O_AWB,6.87163976668492e-08
South America_Southern,Wheat,WheatAEZ04,WheatAEZ04,2005,N2O_AWB,1.39819406786086e-07
South America_Southern,Wheat,WheatAEZ05,WheatAEZ05,2005,N2O_AWB,1.69661699313376e-07
South America_Southern,Wheat,WheatAEZ06,WheatAEZ06,2005,N2O_AWB,1.75682907721555e-07
South America_Southern,Wheat,WheatAEZ07,WheatAEZ07,2005,N2O_AWB,2.34531213830555e-07
South America_Southern,Wheat,WheatAEZ08,WheatAEZ08,2005,N2O_AWB,4.48753715113435e-07
South America_Southern,Wheat,WheatAEZ09,WheatAEZ09,2005,N2O_AWB,8.94638350152039e-07
South America_Southern,Wheat,WheatAEZ10,WheatAEZ10,2005,N2O_AWB,3.29141380818561e-06
South America_Southern,Wheat,WheatAEZ11,WheatAEZ11,2005,N2O_AWB,1.50418920775569e-06
South America_Southern,Wheat,WheatAEZ12,WheatAEZ12,2005,N2O_AWB,5.61567101580743e-06
South America_Southern,Wheat,WheatAEZ13,WheatAEZ13,2005,N2O_AWB,1.64740519364382e-07
South America_Southern,Wheat,WheatAEZ14,WheatAEZ14,2005,N2O_AWB,3.14723931796755e-07
South America_Southern,Wheat,WheatAEZ15,WheatAEZ15,2005,N2O_AWB,1.38983127840505e-07
South America_Southern,Wheat,WheatAEZ16,WheatAEZ16,2005,N2O_AWB,1.29629669479936e-07
South America_Southern,Wheat,WheatAEZ17,WheatAEZ17,2005,N2O_AWB,7.26919391158392e-09
South America_Southern,Wheat,WheatAEZ18,WheatAEZ18,2005,N2O_AWB,0
South America_Southern,Corn,CornAEZ01,CornAEZ01,2005,NH3_AWB,1.74843764067974e-05
South America_Southern,Corn,CornAEZ02,CornAEZ02,2005,NH3_AWB,3.24291399915671e-06
South America_Southern,Corn,CornAEZ03,CornAEZ03,2005,NH3_AWB,1.04116176302082e-05
South America_Southern,Corn,CornAEZ04,CornAEZ04,2005,NH3_AWB,1.75624351088743e-05
South America_Southern,Corn,CornAEZ05,CornAEZ05,2005,NH3_AWB,2.38202698684483e-05
South America_Southern,Corn,CornAEZ06,CornAEZ06,2005,NH3_AWB,3.83667905417729e-05
South America_Southern,Corn,CornAEZ07,CornAEZ07,2005,NH3_AWB,1.80873163955416e-05
South America_Southern,Corn,CornAEZ08,CornAEZ08,2005,NH3_AWB,4.91789696587352e-05
South America_Southern,Corn,CornAEZ09,CornAEZ09,2005,NH3_AWB,5.67321151577243e-05
South America_Southern,Corn,CornAEZ10,CornAEZ10,2005,NH3_AWB,7.99311172516505e-05
South America_Southern,Corn,CornAEZ11,CornAEZ11,2005,NH3_AWB,1.6491915766105e-05
South America_Southern,Corn,CornAEZ12,CornAEZ12,2005,NH3_AWB,0.000120268586397909
South America_Southern,Corn,CornAEZ13,CornAEZ13,2005,NH3_AWB,7.64798626997086e-06
South America_Southern,Corn,CornAEZ14,CornAEZ14,2005,NH3_AWB,1.60449827731666e-05
South America_Southern,Corn,CornAEZ15,CornAEZ15,2005,NH3_AWB,1.03567446812235e-05
South America_Southern,Corn,CornAEZ16,CornAEZ16,2005,NH3_AWB,5.46079689494382e-06
South America_Southern,Corn,CornAEZ17,CornAEZ17,2005,NH3_AWB,0
South America_Southern,Corn,CornAEZ18,CornAEZ18,2005,NH3_AWB,0
South America_Southern,FiberCrop,FiberCropAEZ01,FiberCropAEZ01,2005,NH3_AWB,1.6693009394184e-06
South America_Southern,FiberCrop,FiberCropAEZ02,FiberCropAEZ02,2005,NH3_AWB,1.31359092233158e-07
South America_Southern,FiberCrop,FiberCropAEZ03,FiberCropAEZ03,2005,NH3_AWB,1.13877061228861e-06
South America_Southern,FiberCrop,FiberCropAEZ04,FiberCropAEZ04,2005,NH3_AWB,2.24025778585756e-06
South America_Southern,FiberCrop,FiberCropAEZ05,FiberCropAEZ05,2005,NH3_AWB,2.65167619684524e-06
South America_Southern,FiberCrop,FiberCropAEZ06,FiberCropAEZ06,2005,NH3_AWB,2.75149610109174e-06
South America_Southern,FiberCrop,FiberCropAEZ07,FiberCropAEZ07,2005,NH3_AWB,1.13313474364495e-06
South America_Southern,FiberCrop,FiberCropAEZ08,FiberCropAEZ08,2005,NH3_AWB,2.10629752348118e-06
South America_Southern,FiberCrop,FiberCropAEZ09,FiberCropAEZ09,2005,NH3_AWB,2.09415872947945e-06
South America_Southern,FiberCrop,FiberCropAEZ10,FiberCropAEZ10,2005,NH3_AWB,1.64079644993216e-06
South America_Southern,FiberCrop,FiberCropAEZ11,FiberCropAEZ11,2005,NH3_AWB,1.21615542404972e-06
South America_Southern,FiberCrop,FiberCropAEZ12,FiberCropAEZ12,2005,NH3_AWB,2.09370352470436e-05
South America_Southern,FiberCrop,FiberCropAEZ13,FiberCropAEZ13,2005,NH3_AWB,2.19690495013706e-07
South America_Southern,FiberCrop,FiberCropAEZ14,FiberCropAEZ14,2005,NH3_AWB,8.33241502548287e-07
South America_Southern,FiberCrop,FiberCropAEZ15,FiberCropAEZ15,2005,NH3_AWB,1.00708637378754e-06
South America_Southern,FiberCrop,FiberCropAEZ16,FiberCropAEZ16,2005,NH3_AWB,1.01456473794933e-06
South America_Southern,FiberCrop,FiberCropAEZ17,FiberCropAEZ17,2005,NH3_AWB,0
South America_Southern,FiberCrop,FiberCropAEZ18,FiberCropAEZ18,2005,NH3_AWB,0
South America_Southern,FodderGrass,FodderGrassAEZ01,FodderGrassAEZ01,2005,NH3_AWB,8.32209729073495e-06
South America_Southern,FodderGrass,FodderGrassAEZ02,FodderGrassAEZ02,2005,NH3_AWB,1.89248781132375e-08
South America_Southern,FodderGrass,FodderGrassAEZ03,FodderGrassAEZ03,2005,NH3_AWB,4.29069416269129e-06
South America_Southern,FodderGrass,FodderGrassAEZ04,FodderGrassAEZ04,2005,NH3_AWB,6.17635958912933e-05
South America_Southern,FodderGrass,FodderGrassAEZ05,FodderGrassAEZ05,2005,NH3_AWB,2.24492830831443e-05
South America_Southern,FodderGrass,FodderGrassAEZ06,FodderGrassAEZ06,2005,NH3_AWB,6.50943070909025e-05
South America_Southern,FodderGrass,FodderGrassAEZ07,FodderGrassAEZ07,2005,NH3_AWB,2.86216893258494e-05
South America_Southern,FodderGrass,FodderGrassAEZ08,FodderGrassAEZ08,2005,NH3_AWB,4.27163458793666e-05
South America_Southern,FodderGrass,FodderGrassAEZ09,FodderGrassAEZ09,2005,NH3_AWB,8.29458550173407e-05
South America_Southern,FodderGrass,FodderGrassAEZ10,FodderGrassAEZ10,2005,NH3_AWB,0.000295439302900181
South America_Southern,FodderGrass,FodderGrassAEZ11,FodderGrassAEZ11,2005,NH3_AWB,0.000100126748366371
South America_Southern,FodderGrass,FodderGrassAEZ12,FodderGrassAEZ12,2005,NH3_AWB,0.00226653937419831
South America_Southern,FodderGrass,FodderGrassAEZ13,FodderGrassAEZ13,2005,NH3_AWB,1.19038156815471e-05
South America_Southern,FodderGrass,FodderGrassAEZ14,FodderGrassAEZ14,2005,NH3_AWB,7.12881974479068e-06
South America_Southern,FodderGrass,FodderGrassAEZ15,FodderGrassAEZ15,2005,NH3_AWB,1.53318452045499e-06
South America_Southern,FodderGrass,FodderGrassAEZ16,FodderGrassAEZ16,2005,NH3_AWB,2.39409810380557e-06
South America_Southern,FodderGrass,FodderGrassAEZ17,FodderGrassAEZ17,2005,NH3_AWB,1.57729767050541e-07
South America_Southern,FodderGrass,FodderGrassAEZ18,FodderGrassAEZ18,2005,NH3_AWB,5.52929712845834e-08
South America_Southern,FodderHerb,FodderHerbAEZ01,FodderHerbAEZ01,2005,NH3_AWB,6.7540937800019e-05
South America_Southern,FodderHerb,FodderHerbAEZ02,FodderHerbAEZ02,2005,NH3_AWB,3.46279557483309e-06
South America_Southern,FodderHerb,FodderHerbAEZ03,FodderHerbAEZ03,2005,NH3_AWB,3.08255298842792e-06
South America_Southern,FodderHerb,FodderHerbAEZ04,FodderHerbAEZ04,2005,NH3_AWB,6.9271837887715e-06
South America_Southern,FodderHerb,FodderHerbAEZ05,FodderHerbAEZ05,2005,NH3_AWB,1.78972819465041e-05
South America_Southern,FodderHerb,FodderHerbAEZ06,FodderHerbAEZ06,2005,NH3_AWB,3.66778813568197e-05
South America_Southern,FodderHerb,FodderHerbAEZ07,FodderHerbAEZ07,2005,NH3_AWB,5.56292913111851e-05
South America_Southern,FodderHerb,FodderHerbAEZ08,FodderHerbAEZ08,2005,NH3_AWB,9.79070908423455e-05
South America_Southern,FodderHerb,FodderHerbAEZ09,FodderHerbAEZ09,2005,NH3_AWB,0.000100590289575104
South America_Southern,FodderHerb,FodderHerbAEZ10,FodderHerbAEZ10,2005,NH3_AWB,0.000179243269493121
South America_Southern,FodderHerb,FodderHerbAEZ11,FodderHerbAEZ11,2005,NH3_AWB,6.30924976988552e-05
South America_Southern,FodderHerb,FodderHerbAEZ12,FodderHerbAEZ12,2005,NH3_AWB,6.03003027273236e-05
South America_Southern,FodderHerb,FodderHerbAEZ13,FodderHerbAEZ13,2005,NH3_AWB,1.5808535759822e-05
South America_Southern,FodderHerb,FodderHerbAEZ14,FodderHerbAEZ14,2005,NH3_AWB,3.79371611894407e-05
South America_Southern,FodderHerb,FodderHerbAEZ15,FodderHerbAEZ15,2005,NH3_AWB,3.97505798907831e-05
South America_Southern,FodderHerb,FodderHerbAEZ16,FodderHerbAEZ16,2005,NH3_AWB,3.98811762974228e-05
South America_Southern,FodderHerb,FodderHerbAEZ17,FodderHerbAEZ17,2005,NH3_AWB,0
South America_Southern,FodderHerb,FodderHerbAEZ18,FodderHerbAEZ18,2005,NH3_AWB,0
South America_Southern,MiscCrop,MiscCropAEZ01,MiscCropAEZ01,2005,NH3_AWB,9.48694839360698e-05
South America_Southern,MiscCrop,MiscCropAEZ02,MiscCropAEZ02,2005,NH3_AWB,9.63427447864818e-05
South America_Southern,MiscCrop,MiscCropAEZ03,MiscCropAEZ03,2005,NH3_AWB,0.000187963052374889
South America_Southern,MiscCrop,MiscCropAEZ04,MiscCropAEZ04,2005,NH3_AWB,0.000149177877680849
South America_Southern,MiscCrop,MiscCropAEZ05,MiscCropAEZ05,2005,NH3_AWB,9.53726884577189e-05
South America_Southern,MiscCrop,MiscCropAEZ06,MiscCropAEZ06,2005,NH3_AWB,0.000277303264032598
South America_Southern,MiscCrop,MiscCropAEZ07,MiscCropAEZ07,2005,NH3_AWB,4.15867734926299e-05
South America_Southern,MiscCrop,MiscCropAEZ08,MiscCropAEZ08,2005,NH3_AWB,8.41178636403098e-05
South America_Southern,MiscCrop,MiscCropAEZ09,MiscCropAEZ09,2005,NH3_AWB,0.000161329565442053
South America_Southern,MiscCrop,MiscCropAEZ10,MiscCropAEZ10,2005,NH3_AWB,0.00036134988611154
South America_Southern,MiscCrop,MiscCropAEZ11,MiscCropAEZ11,2005,NH3_AWB,0.000123487365524338
South America_Southern,MiscCrop,MiscCropAEZ12,MiscCropAEZ12,2005,NH3_AWB,0.000206076585319611
South America_Southern,MiscCrop,MiscCropAEZ13,MiscCropAEZ13,2005,NH3_AWB,1.69004745778674e-05
South America_Southern,MiscCrop,MiscCropAEZ14,MiscCropAEZ14,2005,NH3_AWB,2.64441600437213e-05
South America_Southern,MiscCrop,MiscCropAEZ15,MiscCropAEZ15,2005,NH3_AWB,1.82153937388004e-05
South America_Southern,MiscCrop,MiscCropAEZ16,MiscCropAEZ16,2005,NH3_AWB,2.32750084636229e-05
South America_Southern,MiscCrop,MiscCropAEZ17,MiscCropAEZ17,2005,NH3_AWB,2.23239824149509e-08
South America_Southern,MiscCrop,MiscCropAEZ18,MiscCropAEZ18,2005,NH3_AWB,0
South America_Southern,OilCrop,OilCropAEZ01,OilCropAEZ01,2005,NH3_AWB,1.83264628511149e-06
South America_Southern,OilCrop,OilCropAEZ02,OilCropAEZ02,2005,NH3_AWB,9.94769750388389e-07
South America_Southern,OilCrop,OilCropAEZ03,OilCropAEZ03,2005,NH3_AWB,2.21589015371151e-05
South America_Southern,OilCrop,OilCropAEZ04,OilCropAEZ04,2005,NH3_AWB,4.56612906481908e-05
South America_Southern,OilCrop,OilCropAEZ05,OilCropAEZ05,2005,NH3_AWB,4.37023906279808e-05
South America_Southern,OilCrop,OilCropAEZ06,OilCropAEZ06,2005,NH3_AWB,7.42453031821518e-06
South America_Southern,OilCrop,OilCropAEZ07,OilCropAEZ07,2005,NH3_AWB,6.25903785898734e-08
South America_Southern,OilCrop,OilCropAEZ08,OilCropAEZ08,2005,NH3_AWB,1.72177190018087e-06
South America_Southern,OilCrop,OilCropAEZ09,OilCropAEZ09,2005,NH3_AWB,9.89416782771845e-06
South America_Southern,OilCrop,OilCropAEZ10,OilCropAEZ10,2005,NH3_AWB,2.32319986755674e-05
South America_Southern,OilCrop,OilCropAEZ11,OilCropAEZ11,2005,NH3_AWB,1.38942295085708e-05
South America_Southern,OilCrop,OilCropAEZ12,OilCropAEZ12,2005,NH3_AWB,0.000387395935486014
South America_Southern,OilCrop,OilCropAEZ13,OilCropAEZ13,2005,NH3_AWB,2.50361514359495e-09
South America_Southern,OilCrop,OilCropAEZ14,OilCropAEZ14,2005,NH3_AWB,4.64957098096202e-09
South America_Southern,OilCrop,OilCropAEZ15,OilCropAEZ15,2005,NH3_AWB,0
South America_Southern,OilCrop,OilCropAEZ16,OilCropAEZ16,2005,NH3_AWB,5.48410936216035e-09
South America_Southern,OilCrop,OilCropAEZ17,OilCropAEZ17,2005,NH3_AWB,0
South America_Southern,OilCrop,OilCropAEZ18,OilCropAEZ18,2005,NH3_AWB,0
South America_Southern,OtherGrain,OtherGrainAEZ01,OtherGrainAEZ01,2005,NH3_AWB,4.66023551463344e-07
South America_Southern,OtherGrain,OtherGrainAEZ02,OtherGrainAEZ02,2005,NH3_AWB,4.31269641521579e-08
South America_Southern,OtherGrain,OtherGrainAEZ03,OtherGrainAEZ03,2005,NH3_AWB,2.63074481328163e-06
South America_Southern,OtherGrain,OtherGrainAEZ04,OtherGrainAEZ04,2005,NH3_AWB,5.48905318208952e-06
South America_Southern,OtherGrain,OtherGrainAEZ05,OtherGrainAEZ05,2005,NH3_AWB,5.85104440247305e-06
South America_Southern,OtherGrain,OtherGrainAEZ06,OtherGrainAEZ06,2005,NH3_AWB,1.71406742630278e-06
South America_Southern,OtherGrain,OtherGrainAEZ07,OtherGrainAEZ07,2005,NH3_AWB,1.00121082469198e-06
South America_Southern,OtherGrain,OtherGrainAEZ08,OtherGrainAEZ08,2005,NH3_AWB,4.38369532694498e-06
South America_Southern,OtherGrain,OtherGrainAEZ09,OtherGrainAEZ09,2005,NH3_AWB,6.79892001883858e-06
South America_Southern,OtherGrain,OtherGrainAEZ10,OtherGrainAEZ10,2005,NH3_AWB,1.74585062249044e-05
South America_Southern,OtherGrain,OtherGrainAEZ11,OtherGrainAEZ11,2005,NH3_AWB,1.92255647614155e-05
South America_Southern,OtherGrain,OtherGrainAEZ12,OtherGrainAEZ12,2005,NH3_AWB,5.28651702969621e-05
South America_Southern,OtherGrain,OtherGrainAEZ13,OtherGrainAEZ13,2005,NH3_AWB,9.55789873084921e-07
South America_Southern,OtherGrain,OtherGrainAEZ14,OtherGrainAEZ14,2005,NH3_AWB,2.40260776089161e-06
South America_Southern,OtherGrain,OtherGrainAEZ15,OtherGrainAEZ15,2005,NH3_AWB,4.1373210742885e-06
South America_Southern,OtherGrain,OtherGrainAEZ16,OtherGrainAEZ16,2005,NH3_AWB,2.65265239347595e-06
South America_Southern,OtherGrain,OtherGrainAEZ17,OtherGrainAEZ17,2005,NH3_AWB,0
South America_Southern,OtherGrain,OtherGrainAEZ18,OtherGrainAEZ18,2005,NH3_AWB,0
South America_Southern,PalmFruit,PalmFruitAEZ01,PalmFruitAEZ01,2005,NH3_AWB,1.49570920096606e-06
South America_Southern,PalmFruit,PalmFruitAEZ02,PalmFruitAEZ02,2005,NH3_AWB,8.56040715787902e-06
South America_Southern,PalmFruit,PalmFruitAEZ03,PalmFruitAEZ03,2005,NH3_AWB,1.84447487182619e-05
South America_Southern,PalmFruit,PalmFruitAEZ04,PalmFruitAEZ04,2005,NH3_AWB,1.98552225292386e-05
South America_Southern,PalmFruit,PalmFruitAEZ05,PalmFruitAEZ05,2005,NH3_AWB,2.01089133979132e-05
South America_Southern,PalmFruit,PalmFruitAEZ06,PalmFruitAEZ06,2005,NH3_AWB,5.49163675042818e-05
South America_Southern,PalmFruit,PalmFruitAEZ07,PalmFruitAEZ07,2005,NH3_AWB,7.77669204909044e-08
South America_Southern,PalmFruit,PalmFruitAEZ08,PalmFruitAEZ08,2005,NH3_AWB,3.05590804331483e-06
South America_Southern,PalmFruit,PalmFruitAEZ09,PalmFruitAEZ09,2005,NH3_AWB,4.34771617226206e-06
South America_Southern,PalmFruit,PalmFruitAEZ10,PalmFruitAEZ10,2005,NH3_AWB,9.73058592642437e-06
South America_Southern,PalmFruit,PalmFruitAEZ11,PalmFruitAEZ11,2005,NH3_AWB,1.69438234433604e-05
South America_Southern,PalmFruit,PalmFruitAEZ12,PalmFruitAEZ12,2005,NH3_AWB,1.55613267562188e-05
South America_Southern,PalmFruit,PalmFruitAEZ13,PalmFruitAEZ13,2005,NH3_AWB,2.27610498997768e-08
South America_Southern,PalmFruit,PalmFruitAEZ14,PalmFruitAEZ14,2005,NH3_AWB,2.23224255006664e-07
South America_Southern,PalmFruit,PalmFruitAEZ15,PalmFruitAEZ15,2005,NH3_AWB,2.51319925976703e-08
South America_Southern,PalmFruit,PalmFruitAEZ16,PalmFruitAEZ16,2005,NH3_AWB,0
South America_Southern,PalmFruit,PalmFruitAEZ17,PalmFruitAEZ17,2005,NH3_AWB,0
South America_Southern,PalmFruit,PalmFruitAEZ18,PalmFruitAEZ18,2005,NH3_AWB,0
South America_Southern,Rice,RiceAEZ01,RiceAEZ01,2005,NH3_AWB,2.76392159993059e-05
South America_Southern,Rice,RiceAEZ02,RiceAEZ02,2005,NH3_AWB,1.29702447237398e-05
South America_Southern,Rice,RiceAEZ03,RiceAEZ03,2005,NH3_AWB,2.25075383165533e-05
South America_Southern,Rice,RiceAEZ04,RiceAEZ04,2005,NH3_AWB,3.29033757095747e-05
South America_Southern,Rice,RiceAEZ05,RiceAEZ05,2005,NH3_AWB,4.25969736134595e-05
South America_Southern,Rice,RiceAEZ06,RiceAEZ06,2005,NH3_AWB,1.71747365323261e-05
South America_Southern,Rice,RiceAEZ07,RiceAEZ07,2005,NH3_AWB,1.72649410684743e-05
South America_Southern,Rice,RiceAEZ08,RiceAEZ08,2005,NH3_AWB,4.08244262303801e-05
South America_Southern,Rice,RiceAEZ09,RiceAEZ09,2005,NH3_AWB,3.45690523739399e-05
South America_Southern,Rice,RiceAEZ10,RiceAEZ10,2005,NH3_AWB,2.06682320439865e-05
South America_Southern,Rice,RiceAEZ11,RiceAEZ11,2005,NH3_AWB,1.18843063986905e-05
South America_Southern,Rice,RiceAEZ12,RiceAEZ12,2005,NH3_AWB,0.000110499615189313
South America_Southern,Rice,RiceAEZ13,RiceAEZ13,2005,NH3_AWB,6.34802653240037e-06
South America_Southern,Rice,RiceAEZ14,RiceAEZ14,2005,NH3_AWB,1.66100636687763e-05
South America_Southern,Rice,RiceAEZ15,RiceAEZ15,2005,NH3_AWB,1.167423717098e-05
South America_Southern,Rice,RiceAEZ16,RiceAEZ16,2005,NH3_AWB,8.56095660396099e-06
South America_Southern,Rice,RiceAEZ17,RiceAEZ17,2005,NH3_AWB,0
South America_Southern,Rice,RiceAEZ18,RiceAEZ18,2005,NH3_AWB,0
South America_Southern,Root_Tuber,Root_TuberAEZ01,Root_TuberAEZ01,2005,NH3_AWB,2.54693654667914e-05
South America_Southern,Root_Tuber,Root_TuberAEZ02,Root_TuberAEZ02,2005,NH3_AWB,1.4404456327643e-06
South America_Southern,Root_Tuber,Root_TuberAEZ03,Root_TuberAEZ03,2005,NH3_AWB,4.66941582322705e-06
South America_Southern,Root_Tuber,Root_TuberAEZ04,Root_TuberAEZ04,2005,NH3_AWB,1.65531430635041e-05
South America_Southern,Root_Tuber,Root_TuberAEZ05,Root_TuberAEZ05,2005,NH3_AWB,2.57762191748284e-05
South America_Southern,Root_Tuber,Root_TuberAEZ06,Root_TuberAEZ06,2005,NH3_AWB,8.25341027073183e-05
South America_Southern,Root_Tuber,Root_TuberAEZ07,Root_TuberAEZ07,2005,NH3_AWB,3.5880865072115e-05
South America_Southern,Root_Tuber,Root_TuberAEZ08,Root_TuberAEZ08,2005,NH3_AWB,9.45838477545572e-05
South America_Southern,Root_Tuber,Root_TuberAEZ09,Root_TuberAEZ09,2005,NH3_AWB,0.00011003081467797
South America_Southern,Root_Tuber,Root_TuberAEZ10,Root_TuberAEZ10,2005,NH3_AWB,4.38194609032707e-05
South America_Southern,Root_Tuber,Root_TuberAEZ11,Root_TuberAEZ11,2005,NH3_AWB,3.79929974284612e-05
South America_Southern,Root_Tuber,Root_TuberAEZ12,Root_TuberAEZ12,2005,NH3_AWB,0.000392269514329448
South America_Southern,Root_Tuber,Root_TuberAEZ13,Root_TuberAEZ13,2005,NH3_AWB,1.36237157051755e-05
South America_Southern,Root_Tuber,Root_TuberAEZ14,Root_TuberAEZ14,2005,NH3_AWB,3.05553996765426e-05
South America_Southern,Root_Tuber,Root_TuberAEZ15,Root_TuberAEZ15,2005,NH3_AWB,4.26665763893553e-05
South America_Southern,Root_Tuber,Root_TuberAEZ16,Root_TuberAEZ16,2005,NH3_AWB,2.96176783020481e-05
South America_Southern,Root_Tuber,Root_TuberAEZ17,Root_TuberAEZ17,2005,NH3_AWB,0
South America_Southern,Root_Tuber,Root_TuberAEZ18,Root_TuberAEZ18,2005,NH3_AWB,0
South America_Southern,SugarCrop,SugarCropAEZ01,SugarCropAEZ01,2005,NH3_AWB,0.000100996571029414
South America_Southern,SugarCrop,SugarCropAEZ02,SugarCropAEZ02,2005,NH3_AWB,2.41381760102225e-05
South America_Southern,SugarCrop,SugarCropAEZ03,SugarCropAEZ03,2005,NH3_AWB,0.000108695623497148
South America_Southern,SugarCrop,SugarCropAEZ04,SugarCropAEZ04,2005,NH3_AWB,0.00012711193485561
South America_Southern,SugarCrop,SugarCropAEZ05,SugarCropAEZ05,2005,NH3_AWB,0.00021158676490016
South America_Southern,SugarCrop,SugarCropAEZ06,SugarCropAEZ06,2005,NH3_AWB,8.39653396361142e-05
South America_Southern,SugarCrop,SugarCropAEZ07,SugarCropAEZ07,2005,NH3_AWB,7.33538038884466e-05
South America_Southern,SugarCrop,SugarCropAEZ08,SugarCropAEZ08,2005,NH3_AWB,0.000175113251371653
South America_Southern,SugarCrop,SugarCropAEZ09,SugarCropAEZ09,2005,NH3_AWB,0.000189288113329544
South America_Southern,SugarCrop,SugarCropAEZ10,SugarCropAEZ10,2005,NH3_AWB,0.000372862419877737
South America_Southern,SugarCrop,SugarCropAEZ11,SugarCropAEZ11,2005,NH3_AWB,0.000130759917246504
South America_Southern,SugarCrop,SugarCropAEZ12,SugarCropAEZ12,2005,NH3_AWB,0.000309845407480884
South America_Southern,SugarCrop,SugarCropAEZ13,SugarCropAEZ13,2005,NH3_AWB,1.16690584266122e-05
South America_Southern,SugarCrop,SugarCropAEZ14,SugarCropAEZ14,2005,NH3_AWB,4.81618914275434e-05
South America_Southern,SugarCrop,SugarCropAEZ15,SugarCropAEZ15,2005,NH3_AWB,3.57729642169073e-05
South America_Southern,SugarCrop,SugarCropAEZ16,SugarCropAEZ16,2005,NH3_AWB,3.01048834230496e-05
South America_Southern,SugarCrop,SugarCropAEZ17,SugarCropAEZ17,2005,NH3_AWB,0
South America_Southern,SugarCrop,SugarCropAEZ18,SugarCropAEZ18,2005,NH3_AWB,0
South America_Southern,Wheat,WheatAEZ01,WheatAEZ01,2005,NH3_AWB,2.17282531936215e-06
South America_Southern,Wheat,WheatAEZ02,WheatAEZ02,2005,NH3_AWB,7.68761402960783e-08
South America_Southern,Wheat,WheatAEZ03,WheatAEZ03,2005,NH3_AWB,1.27514119665017e-06
South America_Southern,Wheat,WheatAEZ04,WheatAEZ04,2005,NH3_AWB,2.59456973499266e-06
South America_Southern,Wheat,WheatAEZ05,WheatAEZ05,2005,NH3_AWB,3.14834056547947e-06
South America_Southern,Wheat,WheatAEZ06,WheatAEZ06,2005,NH3_AWB,3.26007358926382e-06
South America_Southern,Wheat,WheatAEZ07,WheatAEZ07,2005,NH3_AWB,4.35209677471184e-06
South America_Southern,Wheat,WheatAEZ08,WheatAEZ08,2005,NH3_AWB,8.32733333992875e-06
South America_Southern,Wheat,WheatAEZ09,WheatAEZ09,2005,NH3_AWB,1.66014263715159e-05
South America_Southern,Wheat,WheatAEZ10,WheatAEZ10,2005,NH3_AWB,6.10773772279024e-05
South America_Southern,Wheat,WheatAEZ11,WheatAEZ11,2005,NH3_AWB,2.79126044363527e-05
South America_Southern,Wheat,WheatAEZ12,WheatAEZ12,2005,NH3_AWB,0.000104207637510442
South America_Southern,Wheat,WheatAEZ13,WheatAEZ13,2005,NH3_AWB,3.05702030565569e-06
South America_Southern,Wheat,WheatAEZ14,WheatAEZ14,2005,NH3_AWB,5.8401992047288e-06
South America_Southern,Wheat,WheatAEZ15,WheatAEZ15,2005,NH3_AWB,2.57905125946703e-06
South America_Southern,Wheat,WheatAEZ16,WheatAEZ16,2005,NH3_AWB,2.40548307935757e-06
South America_Southern,Wheat,WheatAEZ17,WheatAEZ17,2005,NH3_AWB,1.34891364184113e-07
South America_Southern,Wheat,WheatAEZ18,WheatAEZ18,2005,NH3_AWB,0
South America_Southern,Corn,CornAEZ01,CornAEZ01,2005,NMVOC_AWB,9.42219861833844e-05
South America_Southern,Corn,CornAEZ02,CornAEZ02,2005,NMVOC_AWB,1.74758190348531e-05
South America_Southern,Corn,CornAEZ03,CornAEZ03,2005,NMVOC_AWB,5.61074224024814e-05
South America_Southern,Corn,CornAEZ04,CornAEZ04,2005,NMVOC_AWB,9.46426386434701e-05
South America_Southern,Corn,CornAEZ05,CornAEZ05,2005,NMVOC_AWB,0.000128365638339659
South America_Southern,Corn,CornAEZ06,CornAEZ06,2005,NMVOC_AWB,0.000206755741481425
South America_Southern,Corn,CornAEZ07,CornAEZ07,2005,NMVOC_AWB,9.74711843227458e-05
South America_Southern,Corn,CornAEZ08,CornAEZ08,2005,NMVOC_AWB,0.000265021759534813
South America_Southern,Corn,CornAEZ09,CornAEZ09,2005,NMVOC_AWB,0.000305725091142921
South America_Southern,Corn,CornAEZ10,CornAEZ10,2005,NMVOC_AWB,0.000430742764287524
South America_Southern,Corn,CornAEZ11,CornAEZ11,2005,NMVOC_AWB,8.88736906194361e-05
South America_Southern,Corn,CornAEZ12,CornAEZ12,2005,NMVOC_AWB,0.000648118344184894
South America_Southern,Corn,CornAEZ13,CornAEZ13,2005,NMVOC_AWB,4.12144213722004e-05
South America_Southern,Corn,CornAEZ14,CornAEZ14,2005,NMVOC_AWB,8.64652024179828e-05
South America_Southern,Corn,CornAEZ15,CornAEZ15,2005,NMVOC_AWB,5.58117162176685e-05
South America_Southern,Corn,CornAEZ16,CornAEZ16,2005,NMVOC_AWB,2.94278227381122e-05
South America_Southern,Corn,CornAEZ17,CornAEZ17,2005,NMVOC_AWB,0
South America_Southern,Corn,CornAEZ18,CornAEZ18,2005,NMVOC_AWB,0
South America_Southern,FiberCrop,FiberCropAEZ01,FiberCropAEZ01,2005,NMVOC_AWB,8.99573690192594e-06
South America_Southern,FiberCrop,FiberCropAEZ02,FiberCropAEZ02,2005,NMVOC_AWB,7.07884243938078e-07
South America_Southern,FiberCrop,FiberCropAEZ03,FiberCropAEZ03,2005,NMVOC_AWB,6.13674896951928e-06
South America_Southern,FiberCrop,FiberCropAEZ04,FiberCropAEZ04,2005,NMVOC_AWB,1.20725802988449e-05
South America_Southern,FiberCrop,FiberCropAEZ05,FiberCropAEZ05,2005,NMVOC_AWB,1.42896830958654e-05
South America_Southern,FiberCrop,FiberCropAEZ06,FiberCropAEZ06,2005,NMVOC_AWB,1.48276050337095e-05
South America_Southern,FiberCrop,FiberCropAEZ07,FiberCropAEZ07,2005,NMVOC_AWB,6.10637769832726e-06
South America_Southern,FiberCrop,FiberCropAEZ08,FiberCropAEZ08,2005,NMVOC_AWB,1.13506785451259e-05
South America_Southern,FiberCrop,FiberCropAEZ09,FiberCropAEZ09,2005,NMVOC_AWB,1.12852634994815e-05
South America_Southern,FiberCrop,FiberCropAEZ10,FiberCropAEZ10,2005,NMVOC_AWB,8.84212835724299e-06
South America_Southern,FiberCrop,FiberCropAEZ11,FiberCropAEZ11,2005,NMVOC_AWB,6.55376988550258e-06
South America_Southern,FiberCrop,FiberCropAEZ12,FiberCropAEZ12,2005,NMVOC_AWB,0.000112828104352697
South America_Southern,FiberCrop,FiberCropAEZ13,FiberCropAEZ13,2005,NMVOC_AWB,1.1838955135829e-06
South America_Southern,FiberCrop,FiberCropAEZ14,FiberCropAEZ14,2005,NMVOC_AWB,4.49027563316498e-06
South America_Southern,FiberCrop,FiberCropAEZ15,FiberCropAEZ15,2005,NMVOC_AWB,5.42711253685858e-06
South America_Southern,FiberCrop,FiberCropAEZ16,FiberCropAEZ16,2005,NMVOC_AWB,5.4674128774788e-06
South America_Southern,FiberCrop,FiberCropAEZ17,FiberCropAEZ17,2005,NMVOC_AWB,0
South America_Southern,FiberCrop,FiberCropAEZ18,FiberCropAEZ18,2005,NMVOC_AWB,0
South America_Southern,FodderGrass,FodderGrassAEZ01,FodderGrassAEZ01,2005,NMVOC_AWB,4.48471548370215e-05
South America_Southern,FodderGrass,FodderGrassAEZ02,FodderGrassAEZ02,2005,NMVOC_AWB,1.01984741269609e-07
South America_Southern,FodderGrass,FodderGrassAEZ03,FodderGrassAEZ03,2005,NMVOC_AWB,2.31222273364611e-05
South America_Southern,FodderGrass,FodderGrassAEZ04,FodderGrassAEZ04,2005,NMVOC_AWB,0.000332839361456616
South America_Southern,FodderGrass,FodderGrassAEZ05,FodderGrassAEZ05,2005,NMVOC_AWB,0.000120977493922207
South America_Southern,FodderGrass,FodderGrassAEZ06,FodderGrassAEZ06,2005,NMVOC_AWB,0.000350788312985045
South America_Southern,FodderGrass,FodderGrassAEZ07,FodderGrassAEZ07,2005,NMVOC_AWB,0.000154240125782059
South America_Southern,FodderGrass,FodderGrassAEZ08,FodderGrassAEZ08,2005,NMVOC_AWB,0.000230195167251468
South America_Southern,FodderGrass,FodderGrassAEZ09,FodderGrassAEZ09,2005,NMVOC_AWB,0.000446988958804073
South America_Southern,FodderGrass,FodderGrassAEZ10,FodderGrassAEZ10,2005,NMVOC_AWB,0.00159210012803587
South America_Southern,FodderGrass,FodderGrassAEZ11,FodderGrassAEZ11,2005,NMVOC_AWB,0.00053957549767092
South America_Southern,FodderGrass,FodderGrassAEZ12,FodderGrassAEZ12,2005,NMVOC_AWB,0.0122142097968552
South America_Southern,FodderGrass,FodderGrassAEZ13,FodderGrassAEZ13,2005,NMVOC_AWB,6.41487651936066e-05
South America_Southern,FodderGrass,FodderGrassAEZ14,FodderGrassAEZ14,2005,NMVOC_AWB,3.84166721117015e-05
South America_Southern,FodderGrass,FodderGrassAEZ15,FodderGrassAEZ15,2005,NMVOC_AWB,8.26221578292761e-06
South America_Southern,FodderGrass,FodderGrassAEZ16,FodderGrassAEZ16,2005,NMVOC_AWB,1.2901614173139e-05
South America_Southern,FodderGrass,FodderGrassAEZ17,FodderGrassAEZ17,2005,NMVOC_AWB,8.49993822254181e-07
South America_Southern,FodderGrass,FodderGrassAEZ18,FodderGrassAEZ18,2005,NMVOC_AWB,2.97969653317968e-07
South America_Southern,FodderHerb,FodderHerbAEZ01,FodderHerbAEZ01,2005,NMVOC_AWB,0.000363973021407394
South America_Southern,FodderHerb,FodderHerbAEZ02,FodderHerbAEZ02,2005,NMVOC_AWB,1.86607442677202e-05
South America_Southern,FodderHerb,FodderHerbAEZ03,FodderHerbAEZ03,2005,NMVOC_AWB,1.66116456388053e-05
South America_Southern,FodderHerb,FodderHerbAEZ04,FodderHerbAEZ04,2005,NMVOC_AWB,3.73300711474985e-05
South America_Southern,FodderHerb,FodderHerbAEZ05,FodderHerbAEZ05,2005,NMVOC_AWB,9.64471030049466e-05
South America_Southern,FodderHerb,FodderHerbAEZ06,FodderHerbAEZ06,2005,NMVOC_AWB,0.000197654337222719
South America_Southern,FodderHerb,FodderHerbAEZ07,FodderHerbAEZ07,2005,NMVOC_AWB,0.000299782056583739
South America_Southern,FodderHerb,FodderHerbAEZ08,FodderHerbAEZ08,2005,NMVOC_AWB,0.000527613930629887
South America_Southern,FodderHerb,FodderHerbAEZ09,FodderHerbAEZ09,2005,NMVOC_AWB,0.000542073486295077
South America_Southern,FodderHerb,FodderHerbAEZ10,FodderHerbAEZ10,2005,NMVOC_AWB,0.000965928464859613
South America_Southern,FodderHerb,FodderHerbAEZ11,FodderHerbAEZ11,2005,NMVOC_AWB,0.000340000713102105
South America_Southern,FodderHerb,FodderHerbAEZ12,FodderHerbAEZ12,2005,NMVOC_AWB,0.000324953784924176
South America_Southern,FodderHerb,FodderHerbAEZ13,FodderHerbAEZ13,2005,NMVOC_AWB,8.51910072905093e-05
South America_Southern,FodderHerb,FodderHerbAEZ14,FodderHerbAEZ14,2005,NMVOC_AWB,0.000204440501294552
South America_Southern,FodderHerb,FodderHerbAEZ15,FodderHerbAEZ15,2005,NMVOC_AWB,0.000214212877949412
South America_Southern,FodderHerb,FodderHerbAEZ16,FodderHerbAEZ16,2005,NMVOC_AWB,0.000214916652138192
South America_Southern,FodderHerb,FodderHerbAEZ17,FodderHerbAEZ17,2005,NMVOC_AWB,0
South America_Southern,FodderHerb,FodderHerbAEZ18,FodderHerbAEZ18,2005,NMVOC_AWB,0
South America_Southern,MiscCrop,MiscCropAEZ01,MiscCropAEZ01,2005,NMVOC_AWB,0.000511244496038992
South America_Southern,MiscCrop,MiscCropAEZ02,MiscCropAEZ02,2005,NMVOC_AWB,0.000519183787682134
South America_Southern,MiscCrop,MiscCropAEZ03,MiscCropAEZ03,2005,NMVOC_AWB,0.00101291871736234
South America_Southern,MiscCrop,MiscCropAEZ04,MiscCropAEZ04,2005,NMVOC_AWB,0.000803908335229332
South America_Southern,MiscCrop,MiscCropAEZ05,MiscCropAEZ05,2005,NMVOC_AWB,0.000513956227265952
South America_Southern,MiscCrop,MiscCropAEZ06,MiscCropAEZ06,2005,NMVOC_AWB,0.00149436638198483
South America_Southern,MiscCrop,MiscCropAEZ07,MiscCropAEZ07,2005,NMVOC_AWB,0.000224107986825927
South America_Southern,MiscCrop,MiscCropAEZ08,MiscCropAEZ08,2005,NMVOC_AWB,0.000453304824907097
South America_Southern,MiscCrop,MiscCropAEZ09,MiscCropAEZ09,2005,NMVOC_AWB,0.000869392864371356
South America_Southern,MiscCrop,MiscCropAEZ10,MiscCropAEZ10,2005,NMVOC_AWB,0.00194728729148914
South America_Southern,MiscCrop,MiscCropAEZ11,MiscCropAEZ11,2005,NMVOC_AWB,0.000665464102210317
South America_Southern,MiscCrop,MiscCropAEZ12,MiscCropAEZ12,2005,NMVOC_AWB,0.00111053118069196
South America_Southern,MiscCrop,MiscCropAEZ13,MiscCropAEZ13,2005,NMVOC_AWB,9.10753832518377e-05
South America_Southern,MiscCrop,MiscCropAEZ14,MiscCropAEZ14,2005,NMVOC_AWB,0.000142505584660259
South America_Southern,MiscCrop,MiscCropAEZ15,MiscCropAEZ15,2005,NMVOC_AWB,9.81613834688961e-05
South America_Southern,MiscCrop,MiscCropAEZ16,MiscCropAEZ16,2005,NMVOC_AWB,0.000125427265740232
South America_Southern,MiscCrop,MiscCropAEZ17,MiscCropAEZ17,2005,NMVOC_AWB,1.20302258068631e-07
South America_Southern,MiscCrop,MiscCropAEZ18,MiscCropAEZ18,2005,NMVOC_AWB,0
South America_Southern,OilCrop,OilCropAEZ01,OilCropAEZ01,2005,NMVOC_AWB,9.875992654086e-06
South America_Southern,OilCrop,OilCropAEZ02,OilCropAEZ02,2005,NMVOC_AWB,5.36073918199933e-06
South America_Southern,OilCrop,OilCropAEZ03,OilCropAEZ03,2005,NMVOC_AWB,0.000119412649664608
South America_Southern,OilCrop,OilCropAEZ04,OilCropAEZ04,2005,NMVOC_AWB,0.000246065252570102
South America_Southern,OilCrop,OilCropAEZ05,OilCropAEZ05,2005,NMVOC_AWB,0.000235508888056747
South America_Southern,OilCrop,OilCropAEZ06,OilCropAEZ06,2005,NMVOC_AWB,4.00102340961398e-05
South America_Southern,OilCrop,OilCropAEZ07,OilCropAEZ07,2005,NMVOC_AWB,3.37294831082172e-07
South America_Southern,OilCrop,OilCropAEZ08,OilCropAEZ08,2005,NMVOC_AWB,9.2784989533119e-06
South America_Southern,OilCrop,OilCropAEZ09,OilCropAEZ09,2005,NMVOC_AWB,5.33189244311249e-05
South America_Southern,OilCrop,OilCropAEZ10,OilCropAEZ10,2005,NMVOC_AWB,0.000125195489235218
South America_Southern,OilCrop,OilCropAEZ11,OilCropAEZ11,2005,NMVOC_AWB,7.48749552358281e-05
South America_Southern,OilCrop,OilCropAEZ12,OilCropAEZ12,2005,NMVOC_AWB,0.00208764748776924
South America_Southern,OilCrop,OilCropAEZ13,OilCropAEZ13,2005,NMVOC_AWB,1.34917932432869e-08
South America_Southern,OilCrop,OilCropAEZ14,OilCropAEZ14,2005,NMVOC_AWB,2.50561874518185e-08
South America_Southern,OilCrop,OilCropAEZ15,OilCropAEZ15,2005,NMVOC_AWB,0
South America_Southern,OilCrop,OilCropAEZ16,OilCropAEZ16,2005,NMVOC_AWB,2.95534518662475e-08
South America_Southern,OilCrop,OilCropAEZ17,OilCropAEZ17,2005,NMVOC_AWB,0
South America_Southern,OilCrop,OilCropAEZ18,OilCropAEZ18,2005,NMVOC_AWB,0
South America_Southern,OtherGrain,OtherGrainAEZ01,OtherGrainAEZ01,2005,NMVOC_AWB,2.51136578196979e-06
South America_Southern,OtherGrain,OtherGrainAEZ02,OtherGrainAEZ02,2005,NMVOC_AWB,2.32407958164076e-07
South America_Southern,OtherGrain,OtherGrainAEZ03,OtherGrainAEZ03,2005,NMVOC_AWB,1.41768854480086e-05
South America_Southern,OtherGrain,OtherGrainAEZ04,OtherGrainAEZ04,2005,NMVOC_AWB,2.95800937390957e-05
South America_Southern,OtherGrain,OtherGrainAEZ05,OtherGrainAEZ05,2005,NMVOC_AWB,3.15308371326218e-05
South America_Southern,OtherGrain,OtherGrainAEZ06,OtherGrainAEZ06,2005,NMVOC_AWB,9.23698012447859e-06
South America_Southern,OtherGrain,OtherGrainAEZ07,OtherGrainAEZ07,2005,NMVOC_AWB,5.39544964578246e-06
South America_Southern,OtherGrain,OtherGrainAEZ08,OtherGrainAEZ08,2005,NMVOC_AWB,2.36234035985978e-05
South America_Southern,OtherGrain,OtherGrainAEZ09,OtherGrainAEZ09,2005,NMVOC_AWB,3.66388673620578e-05
South America_Southern,OtherGrain,OtherGrainAEZ10,OtherGrainAEZ10,2005,NMVOC_AWB,9.40825737237022e-05
South America_Southern,OtherGrain,OtherGrainAEZ11,OtherGrainAEZ11,2005,NMVOC_AWB,0.000103605118945712
South America_Southern,OtherGrain,OtherGrainAEZ12,OtherGrainAEZ12,2005,NMVOC_AWB,0.000284886416845049
South America_Southern,OtherGrain,OtherGrainAEZ13,OtherGrainAEZ13,2005,NMVOC_AWB,5.15067956218415e-06
South America_Southern,OtherGrain,OtherGrainAEZ14,OtherGrainAEZ14,2005,NMVOC_AWB,1.29474720735715e-05
South America_Southern,OtherGrain,OtherGrainAEZ15,OtherGrainAEZ15,2005,NMVOC_AWB,2.22957113269583e-05
South America_Southern,OtherGrain,OtherGrainAEZ16,OtherGrainAEZ16,2005,NMVOC_AWB,1.42949437459058e-05
South America_Southern,OtherGrain,OtherGrainAEZ17,OtherGrainAEZ17,2005,NMVOC_AWB,0
South America_Southern,OtherGrain,OtherGrainAEZ18,OtherGrainAEZ18,2005,NMVOC_AWB,0
South America_Southern,PalmFruit,PalmFruitAEZ01,PalmFruitAEZ01,2005,NMVOC_AWB,8.06026411173554e-06
South America_Southern,PalmFruit,PalmFruitAEZ02,PalmFruitAEZ02,2005,NMVOC_AWB,4.61313887431666e-05
South America_Southern,PalmFruit,PalmFruitAEZ03,PalmFruitAEZ03,2005,NMVOC_AWB,9.93973601604929e-05
South America_Southern,PalmFruit,PalmFruitAEZ04,PalmFruitAEZ04,2005,NMVOC_AWB,0.000106998297182085
South America_Southern,PalmFruit,PalmFruitAEZ05,PalmFruitAEZ05,2005,NMVOC_AWB,0.000108365418145794
South America_Southern,PalmFruit,PalmFruitAEZ06,PalmFruitAEZ06,2005,NMVOC_AWB,0.00029594016394079
South America_Southern,PalmFruit,PalmFruitAEZ07,PalmFruitAEZ07,2005,NMVOC_AWB,4.19080071118218e-07
South America_Southern,PalmFruit,PalmFruitAEZ08,PalmFruitAEZ08,2005,NMVOC_AWB,1.64680580385448e-05
South America_Southern,PalmFruit,PalmFruitAEZ09,PalmFruitAEZ09,2005,NMVOC_AWB,2.34295146467387e-05
South America_Southern,PalmFruit,PalmFruitAEZ10,PalmFruitAEZ10,2005,NMVOC_AWB,5.24373938986668e-05
South America_Southern,PalmFruit,PalmFruitAEZ11,PalmFruitAEZ11,2005,NMVOC_AWB,9.13089870195966e-05
South America_Southern,PalmFruit,PalmFruitAEZ12,PalmFruitAEZ12,2005,NMVOC_AWB,8.38588166089555e-05
South America_Southern,PalmFruit,PalmFruitAEZ13,PalmFruitAEZ13,2005,NMVOC_AWB,1.22657581790697e-07
South America_Southern,PalmFruit,PalmFruitAEZ14,PalmFruitAEZ14,2005,NMVOC_AWB,1.20293867974938e-06
South America_Southern,PalmFruit,PalmFruitAEZ15,PalmFruitAEZ15,2005,NMVOC_AWB,1.35434413227229e-07
South America_Southern,PalmFruit,PalmFruitAEZ16,PalmFruitAEZ16,2005,NMVOC_AWB,0
South America_Southern,PalmFruit,PalmFruitAEZ17,PalmFruitAEZ17,2005,NMVOC_AWB,0
South America_Southern,PalmFruit,PalmFruitAEZ18,PalmFruitAEZ18,2005,NMVOC_AWB,0
South America_Southern,Rice,RiceAEZ01,RiceAEZ01,2005,NMVOC_AWB,0.000148945651101044
South America_Southern,Rice,RiceAEZ02,RiceAEZ02,2005,NMVOC_AWB,6.98956708962301e-05
South America_Southern,Rice,RiceAEZ03,RiceAEZ03,2005,NMVOC_AWB,0.000121291426982767
South America_Southern,Rice,RiceAEZ04,RiceAEZ04,2005,NMVOC_AWB,0.000177313810876834
South America_Southern,Rice,RiceAEZ05,RiceAEZ05,2005,NMVOC_AWB,0.000229551879110828
South America_Southern,Rice,RiceAEZ06,RiceAEZ06,2005,NMVOC_AWB,9.25533602458351e-05
South America_Southern,Rice,RiceAEZ07,RiceAEZ07,2005,NMVOC_AWB,9.30394656899687e-05
South America_Southern,Rice,RiceAEZ08,RiceAEZ08,2005,NMVOC_AWB,0.000219999754908504
South America_Southern,Rice,RiceAEZ09,RiceAEZ09,2005,NMVOC_AWB,0.000186290016833758
South America_Southern,Rice,RiceAEZ10,RiceAEZ10,2005,NMVOC_AWB,0.000111379544158429
South America_Southern,Rice,RiceAEZ11,RiceAEZ11,2005,NMVOC_AWB,6.40436311392376e-05
South America_Southern,Rice,RiceAEZ12,RiceAEZ12,2005,NMVOC_AWB,0.000595474094894748
South America_Southern,Rice,RiceAEZ13,RiceAEZ13,2005,NMVOC_AWB,3.42090363597441e-05
South America_Southern,Rice,RiceAEZ14,RiceAEZ14,2005,NMVOC_AWB,8.95103807589119e-05
South America_Southern,Rice,RiceAEZ15,RiceAEZ15,2005,NMVOC_AWB,6.29115839097351e-05
South America_Southern,Rice,RiceAEZ16,RiceAEZ16,2005,NMVOC_AWB,4.61343496666756e-05
South America_Southern,Rice,RiceAEZ17,RiceAEZ17,2005,NMVOC_AWB,0
South America_Southern,Rice,RiceAEZ18,RiceAEZ18,2005,NMVOC_AWB,0
South America_Southern,Root_Tuber,Root_TuberAEZ01,Root_TuberAEZ01,2005,NMVOC_AWB,0.000137252490181956
South America_Southern,Root_Tuber,Root_TuberAEZ02,Root_TuberAEZ02,2005,NMVOC_AWB,7.76245290941401e-06
South America_Southern,Root_Tuber,Root_TuberAEZ03,Root_TuberAEZ03,2005,NMVOC_AWB,2.51631298105394e-05
South America_Southern,Root_Tuber,Root_TuberAEZ04,Root_TuberAEZ04,2005,NMVOC_AWB,8.92036399087539e-05
South America_Southern,Root_Tuber,Root_TuberAEZ05,Root_TuberAEZ05,2005,NMVOC_AWB,0.00013890610167866
South America_Southern,Root_Tuber,Root_TuberAEZ06,Root_TuberAEZ06,2005,NMVOC_AWB,0.00044477005665033
South America_Southern,Root_Tuber,Root_TuberAEZ07,Root_TuberAEZ07,2005,NMVOC_AWB,0.000193359276557233
South America_Southern,Root_Tuber,Root_TuberAEZ08,Root_TuberAEZ08,2005,NMVOC_AWB,0.000509705224192985
South America_Southern,Root_Tuber,Root_TuberAEZ09,Root_TuberAEZ09,2005,NMVOC_AWB,0.000592947764285361
South America_Southern,Root_Tuber,Root_TuberAEZ10,Root_TuberAEZ10,2005,NMVOC_AWB,0.000236139770943514
South America_Southern,Root_Tuber,Root_TuberAEZ11,Root_TuberAEZ11,2005,NMVOC_AWB,0.000204741398576738
South America_Southern,Root_Tuber,Root_TuberAEZ12,Root_TuberAEZ12,2005,NMVOC_AWB,0.00211391083670236
South America_Southern,Root_Tuber,Root_TuberAEZ13,Root_TuberAEZ13,2005,NMVOC_AWB,7.34171767453114e-05
South America_Southern,Root_Tuber,Root_TuberAEZ14,Root_TuberAEZ14,2005,NMVOC_AWB,0.000164660745065619
South America_Southern,Root_Tuber,Root_TuberAEZ15,Root_TuberAEZ15,2005,NMVOC_AWB,0.000229926963222277
South America_Southern,Root_Tuber,Root_TuberAEZ16,Root_TuberAEZ16,2005,NMVOC_AWB,0.000159607435280024
South America_Southern,Root_Tuber,Root_TuberAEZ17,Root_TuberAEZ17,2005,NMVOC_AWB,0
South America_Southern,Root_Tuber,Root_TuberAEZ18,Root_TuberAEZ18,2005,NMVOC_AWB,0
South America_Southern,SugarCrop,SugarCropAEZ01,SugarCropAEZ01,2005,NMVOC_AWB,0.000544262906419877
South America_Southern,SugarCrop,SugarCropAEZ02,SugarCropAEZ02,2005,NMVOC_AWB,0.00013007881056845
South America_Southern,SugarCrop,SugarCropAEZ03,SugarCropAEZ03,2005,NMVOC_AWB,0.00058575251968157
South America_Southern,SugarCrop,SugarCropAEZ04,SugarCropAEZ04,2005,NMVOC_AWB,0.000684996633054198
South America_Southern,SugarCrop,SugarCropAEZ05,SugarCropAEZ05,2005,NMVOC_AWB,0.00114022512299948
South America_Southern,SugarCrop,SugarCropAEZ06,SugarCropAEZ06,2005,NMVOC_AWB,0.000452482884548368
South America_Southern,SugarCrop,SugarCropAEZ07,SugarCropAEZ07,2005,NMVOC_AWB,0.000395298118484162
South America_Southern,SugarCrop,SugarCropAEZ08,SugarCropAEZ08,2005,NMVOC_AWB,0.000943672108594786
South America_Southern,SugarCrop,SugarCropAEZ09,SugarCropAEZ09,2005,NMVOC_AWB,0.0010200593709411
South America_Southern,SugarCrop,SugarCropAEZ10,SugarCropAEZ10,2005,NMVOC_AWB,0.00200932746794247
South America_Southern,SugarCrop,SugarCropAEZ11,SugarCropAEZ11,2005,NMVOC_AWB,0.000704655335111109
South America_Southern,SugarCrop,SugarCropAEZ12,SugarCropAEZ12,2005,NMVOC_AWB,0.00166973353944148
South America_Southern,SugarCrop,SugarCropAEZ13,SugarCropAEZ13,2005,NMVOC_AWB,6.28836760467998e-05
South America_Southern,SugarCrop,SugarCropAEZ14,SugarCropAEZ14,2005,NMVOC_AWB,0.000259540801631761
South America_Southern,SugarCrop,SugarCropAEZ15,SugarCropAEZ15,2005,NMVOC_AWB,0.00019277780698394
South America_Southern,SugarCrop,SugarCropAEZ16,SugarCropAEZ16,2005,NMVOC_AWB,0.000162232946943204
South America_Southern,SugarCrop,SugarCropAEZ17,SugarCropAEZ17,2005,NMVOC_AWB,0
South America_Southern,SugarCrop,SugarCropAEZ18,SugarCropAEZ18,2005,NMVOC_AWB,0
South America_Southern,Wheat,WheatAEZ01,WheatAEZ01,2005,NMVOC_AWB,1.17091918211195e-05
South America_Southern,Wheat,WheatAEZ02,WheatAEZ02,2005,NMVOC_AWB,4.14279723810623e-07
South America_Southern,Wheat,WheatAEZ03,WheatAEZ03,2005,NMVOC_AWB,6.87163976668492e-06
South America_Southern,Wheat,WheatAEZ04,WheatAEZ04,2005,NMVOC_AWB,1.39819406786086e-05
South America_Southern,Wheat,WheatAEZ05,WheatAEZ05,2005,NMVOC_AWB,1.69661699313376e-05
South America_Southern,Wheat,WheatAEZ06,WheatAEZ06,2005,NMVOC_AWB,1.75682907721555e-05
South America_Southern,Wheat,WheatAEZ07,WheatAEZ07,2005,NMVOC_AWB,2.34531213830555e-05
South America_Southern,Wheat,WheatAEZ08,WheatAEZ08,2005,NMVOC_AWB,4.48753715113435e-05
South America_Southern,Wheat,WheatAEZ09,WheatAEZ09,2005,NMVOC_AWB,8.94638350152039e-05
South America_Southern,Wheat,WheatAEZ10,WheatAEZ10,2005,NMVOC_AWB,0.000329141380818561
South America_Southern,Wheat,WheatAEZ11,WheatAEZ11,2005,NMVOC_AWB,0.000150418920775569
South America_Southern,Wheat,WheatAEZ12,WheatAEZ12,2005,NMVOC_AWB,0.000561567101580744
South America_Southern,Wheat,WheatAEZ13,WheatAEZ13,2005,NMVOC_AWB,1.64740519364383e-05
South America_Southern,Wheat,WheatAEZ14,WheatAEZ14,2005,NMVOC_AWB,3.14723931796755e-05
South America_Southern,Wheat,WheatAEZ15,WheatAEZ15,2005,NMVOC_AWB,1.38983127840505e-05
South America_Southern,Wheat,WheatAEZ16,WheatAEZ16,2005,NMVOC_AWB,1.29629669479936e-05
South America_Southern,Wheat,WheatAEZ17,WheatAEZ17,2005,NMVOC_AWB,7.26919391158393e-07
South America_Southern,Wheat,WheatAEZ18,WheatAEZ18,2005,NMVOC_AWB,0
South America_Southern,Corn,CornAEZ01,CornAEZ01,2005,NOx_AWB,5.11573360566228e-05
South America_Southern,Corn,CornAEZ02,CornAEZ02,2005,NOx_AWB,9.48840481340185e-06
South America_Southern,Corn,CornAEZ03,CornAEZ03,2005,NOx_AWB,3.04632324087092e-05
South America_Southern,Corn,CornAEZ04,CornAEZ04,2005,NOx_AWB,5.13857271162399e-05
South America_Southern,Corn,CornAEZ05,CornAEZ05,2005,NOx_AWB,6.96954539451521e-05
South America_Southern,Corn,CornAEZ06,CornAEZ06,2005,NOx_AWB,0.000112256951663227
South America_Southern,Corn,CornAEZ07,CornAEZ07,2005,NOx_AWB,5.29214712427178e-05
South America_Southern,Corn,CornAEZ08,CornAEZ08,2005,NOx_AWB,0.000143892182324116
South America_Southern,Corn,CornAEZ09,CornAEZ09,2005,NOx_AWB,0.000165991843964101
South America_Southern,Corn,CornAEZ10,CornAEZ10,2005,NOx_AWB,0.000233869537665312
South America_Southern,Corn,CornAEZ11,CornAEZ11,2005,NOx_AWB,4.82535068700619e-05
South America_Southern,Corn,CornAEZ12,CornAEZ12,2005,NOx_AWB,0.000351892475216952
South America_Southern,Corn,CornAEZ13,CornAEZ13,2005,NOx_AWB,2.2377155162207e-05
South America_Southern,Corn,CornAEZ14,CornAEZ14,2005,NOx_AWB,4.69458307606839e-05
South America_Southern,Corn,CornAEZ15,CornAEZ15,2005,NOx_AWB,3.03026802776912e-05
South America_Southern,Corn,CornAEZ16,CornAEZ16,2005,NOx_AWB,1.59776828976867e-05
South America_Southern,Corn,CornAEZ17,CornAEZ17,2005,NOx_AWB,0
South America_Southern,Corn,CornAEZ18,CornAEZ18,2005,NOx_AWB,0
South America_Southern,FiberCrop,FiberCropAEZ01,FiberCropAEZ01,2005,NOx_AWB,4.88418844061623e-06
South America_Southern,FiberCrop,FiberCropAEZ02,FiberCropAEZ02,2005,NOx_AWB,3.84342058825276e-07
South America_Southern,FiberCrop,FiberCropAEZ03,FiberCropAEZ03,2005,NOx_AWB,3.33191585154881e-06
South America_Southern,FiberCrop,FiberCropAEZ04,FiberCropAEZ04,2005,NOx_AWB,6.55474451808448e-06
South America_Southern,FiberCrop,FiberCropAEZ05,FiberCropAEZ05,2005,NOx_AWB,7.75850892014778e-06
South America_Southern,FiberCrop,FiberCropAEZ06,FiberCropAEZ06,2005,NOx_AWB,8.05057083118586e-06
South America_Southern,FiberCrop,FiberCropAEZ07,FiberCropAEZ07,2005,NOx_AWB,3.3154259282329e-06
South America_Southern,FiberCrop,FiberCropAEZ08,FiberCropAEZ08,2005,NOx_AWB,6.16279172542111e-06
South America_Southern,FiberCrop,FiberCropAEZ09,FiberCropAEZ09,2005,NOx_AWB,6.12727496750989e-06
South America_Southern,FiberCrop,FiberCropAEZ10,FiberCropAEZ10,2005,NOx_AWB,4.80078748230678e-06
South America_Southern,FiberCrop,FiberCropAEZ11,FiberCropAEZ11,2005,NOx_AWB,3.558335183233e-06
South America_Southern,FiberCrop,FiberCropAEZ12,FiberCropAEZ12,2005,NOx_AWB,6.12594308908816e-05
South America_Southern,FiberCrop,FiberCropAEZ13,FiberCropAEZ13,2005,NOx_AWB,6.42789895411577e-07
South America_Southern,FiberCrop,FiberCropAEZ14,FiberCropAEZ14,2005,NOx_AWB,2.43797173947915e-06
South America_Southern,FiberCrop,FiberCropAEZ15,FiberCropAEZ15,2005,NOx_AWB,2.94662245099377e-06
South America_Southern,FiberCrop,FiberCropAEZ16,FiberCropAEZ16,2005,NOx_AWB,2.96850331077837e-06
South America_Southern,FiberCrop,FiberCropAEZ17,FiberCropAEZ17,2005,NOx_AWB,0
South America_Southern,FiberCrop,FiberCropAEZ18,FiberCropAEZ18,2005,NOx_AWB,0
South America_Southern,FodderGrass,FodderGrassAEZ01,FodderGrassAEZ01,2005,NOx_AWB,2.43495288532295e-05
South America_Southern,FodderGrass,FodderGrassAEZ02,FodderGrassAEZ02,2005,NOx_AWB,5.53720834500639e-08
South America_Southern,FodderGrass,FodderGrassAEZ03,FodderGrassAEZ03,2005,NOx_AWB,1.25540927562994e-05
South America_Southern,FodderGrass,FodderGrassAEZ04,FodderGrassAEZ04,2005,NOx_AWB,0.000180713395637488
South America_Southern,FodderGrass,FodderGrassAEZ05,FodderGrassAEZ05,2005,NOx_AWB,6.56840994608301e-05
South America_Southern,FodderGrass,FodderGrassAEZ06,FodderGrassAEZ06,2005,NOx_AWB,0.000190458685271021
South America_Southern,FodderGrass,FodderGrassAEZ07,FodderGrassAEZ07,2005,NOx_AWB,8.37438719736948e-05
South America_Southern,FodderGrass,FodderGrassAEZ08,FodderGrassAEZ08,2005,NOx_AWB,0.000124983265654938
South America_Southern,FodderGrass,FodderGrassAEZ09,FodderGrassAEZ09,2005,NOx_AWB,0.000242690324258653
South America_Southern,FodderGrass,FodderGrassAEZ10,FodderGrassAEZ10,2005,NOx_AWB,0.000864422462154446
South America_Southern,FodderGrass,FodderGrassAEZ11,FodderGrassAEZ11,2005,NOx_AWB,0.000292959702723168
South America_Southern,FodderGrass,FodderGrassAEZ12,FodderGrassAEZ12,2005,NOx_AWB,0.00663164151547048
South America_Southern,FodderGrass,FodderGrassAEZ13,FodderGrassAEZ13,2005,NOx_AWB,3.4829237543768e-05
South America_Southern,FodderGrass,FodderGrassAEZ14,FodderGrassAEZ14,2005,NOx_AWB,2.08581317907091e-05
South America_Southern,FodderGrass,FodderGrassAEZ15,FodderGrassAEZ15,2005,NOx_AWB,4.48592697416622e-06
South America_Southern,FodderGrass,FodderGrassAEZ16,FodderGrassAEZ16,2005,NOx_AWB,7.0048641369497e-06
South America_Southern,FodderGrass,FodderGrassAEZ17,FodderGrassAEZ17,2005,NOx_AWB,4.61499713309785e-07
South America_Southern,FodderGrass,FodderGrassAEZ18,FodderGrassAEZ18,2005,NOx_AWB,1.6178106943951e-07
South America_Southern,FodderHerb,FodderHerbAEZ01,FodderHerbAEZ01,2005,NOx_AWB,0.000197617253954321
South America_Southern,FodderHerb,FodderHerbAEZ02,FodderHerbAEZ02,2005,NOx_AWB,1.01317537895291e-05
South America_Southern,FodderHerb,FodderHerbAEZ03,FodderHerbAEZ03,2005,NOx_AWB,9.01920637444335e-06
South America_Southern,FodderHerb,FodderHerbAEZ04,FodderHerbAEZ04,2005,NOx_AWB,2.02681674635191e-05
South America_Southern,FodderHerb,FodderHerbAEZ05,FodderHerbAEZ05,2005,NOx_AWB,5.23654516315201e-05
South America_Southern,FodderHerb,FodderHerbAEZ06,FodderHerbAEZ06,2005,NOx_AWB,0.000107315391682274
South America_Southern,FodderHerb,FodderHerbAEZ07,FodderHerbAEZ07,2005,NOx_AWB,0.000162765104341478
South America_Southern,FodderHerb,FodderHerbAEZ08,FodderHerbAEZ08,2005,NOx_AWB,0.000286465232274509
South America_Southern,FodderHerb,FodderHerbAEZ09,FodderHerbAEZ09,2005,NOx_AWB,0.000294315972620333
South America_Southern,FodderHerb,FodderHerbAEZ10,FodderHerbAEZ10,2005,NOx_AWB,0.00052444582294525
South America_Southern,FodderHerb,FodderHerbAEZ11,FodderHerbAEZ11,2005,NOx_AWB,0.000184601614168934
South America_Southern,FodderHerb,FodderHerbAEZ12,FodderHerbAEZ12,2005,NOx_AWB,0.000176431962980304
South America_Southern,FodderHerb,FodderHerbAEZ13,FodderHerbAEZ13,2005,NOx_AWB,4.6254013160798e-05
South America_Southern,FodderHerb,FodderHerbAEZ14,FodderHerbAEZ14,2005,NOx_AWB,0.000110999904077103
South America_Southern,FodderHerb,FodderHerbAEZ15,FodderHerbAEZ15,2005,NOx_AWB,0.000116305765021613
South America_Southern,FodderHerb,FodderHerbAEZ16,FodderHerbAEZ16,2005,NOx_AWB,0.000116687875547423
South America_Southern,FodderHerb,FodderHerbAEZ17,FodderHerbAEZ17,2005,NOx_AWB,0
South America_Southern,FodderHerb,FodderHerbAEZ18,FodderHerbAEZ18,2005,NOx_AWB,0
South America_Southern,MiscCrop,MiscCropAEZ01,MiscCropAEZ01,2005,NOx_AWB,0.000277577533125465
South America_Southern,MiscCrop,MiscCropAEZ02,MiscCropAEZ02,2005,NOx_AWB,0.000281888130121895
South America_Southern,MiscCrop,MiscCropAEZ03,MiscCropAEZ03,2005,NOx_AWB,0.000549958935500409
South America_Southern,MiscCrop,MiscCropAEZ04,MiscCropAEZ04,2005,NOx_AWB,0.000436477838452735
South America_Southern,MiscCrop,MiscCropAEZ05,MiscCropAEZ05,2005,NOx_AWB,0.000279049853454213
South America_Southern,MiscCrop,MiscCropAEZ06,MiscCropAEZ06,2005,NOx_AWB,0.000811358434390539
South America_Southern,MiscCrop,MiscCropAEZ07,MiscCropAEZ07,2005,NOx_AWB,0.000121678262785856
South America_Southern,MiscCrop,MiscCropAEZ08,MiscCropAEZ08,2005,NOx_AWB,0.000246119490823792
South America_Southern,MiscCrop,MiscCropAEZ09,MiscCropAEZ09,2005,NOx_AWB,0.000472032322066657
South America_Southern,MiscCrop,MiscCropAEZ10,MiscCropAEZ10,2005,NOx_AWB,0.0010572694803484
South America_Southern,MiscCrop,MiscCropAEZ11,MiscCropAEZ11,2005,NOx_AWB,0.000361310264083516
South America_Southern,MiscCrop,MiscCropAEZ12,MiscCropAEZ12,2005,NOx_AWB,0.000602957113443181
South America_Southern,MiscCrop,MiscCropAEZ13,MiscCropAEZ13,2005,NOx_AWB,4.94489044036052e-05
South America_Southern,MiscCrop,MiscCropAEZ14,MiscCropAEZ14,2005,NOx_AWB,7.73726640640059e-05
South America_Southern,MiscCrop,MiscCropAEZ15,MiscCropAEZ15,2005,NOx_AWB,5.32962112699221e-05
South America_Southern,MiscCrop,MiscCropAEZ16,MiscCropAEZ16,2005,NOx_AWB,6.81000798650955e-05
South America_Southern,MiscCrop,MiscCropAEZ17,MiscCropAEZ17,2005,NOx_AWB,6.53174836752994e-08
South America_Southern,MiscCrop,MiscCropAEZ18,MiscCropAEZ18,2005,NOx_AWB,0
South America_Southern,OilCrop,OilCropAEZ01,OilCropAEZ01,2005,NOx_AWB,5.3621187109608e-06
South America_Southern,OilCrop,OilCropAEZ02,OilCropAEZ02,2005,NOx_AWB,2.91058538409166e-06
South America_Southern,OilCrop,OilCropAEZ03,OilCropAEZ03,2005,NOx_AWB,6.48344754313976e-05
South America_Southern,OilCrop,OilCropAEZ04,OilCropAEZ04,2005,NOx_AWB,0.000133599845720577
South America_Southern,OilCrop,OilCropAEZ05,OilCropAEZ05,2005,NOx_AWB,0.000127868322656577
South America_Southern,OilCrop,OilCropAEZ06,OilCropAEZ06,2005,NOx_AWB,2.17233479601741e-05
South America_Southern,OilCrop,OilCropAEZ07,OilCropAEZ07,2005,NOx_AWB,1.8313246963664e-07
South America_Southern,OilCrop,OilCropAEZ08,OilCropAEZ08,2005,NOx_AWB,5.03771262189021e-06
South America_Southern,OilCrop,OilCropAEZ09,OilCropAEZ09,2005,NOx_AWB,2.89492319764083e-05
South America_Southern,OilCrop,OilCropAEZ10,OilCropAEZ10,2005,NOx_AWB,6.79742380203487e-05
South America_Southern,OilCrop,OilCropAEZ11,OilCropAEZ11,2005,NOx_AWB,4.06529664930723e-05
South America_Southern,OilCrop,OilCropAEZ12,OilCropAEZ12,2005,NOx_AWB,0.00113347731697901
South America_Southern,OilCrop,OilCropAEZ13,OilCropAEZ13,2005,NOx_AWB,7.32529878546561e-09
South America_Southern,OilCrop,OilCropAEZ14,OilCropAEZ14,2005,NOx_AWB,1.36041263158646e-08
South America_Southern,OilCrop,OilCropAEZ15,OilCropAEZ15,2005,NOx_AWB,0
South America_Southern,OilCrop,OilCropAEZ16,OilCropAEZ16,2005,NOx_AWB,1.60458925776865e-08
South America_Southern,OilCrop,OilCropAEZ17,OilCropAEZ17,2005,NOx_AWB,0
South America_Southern,OilCrop,OilCropAEZ18,OilCropAEZ18,2005,NOx_AWB,0
South America_Southern,OtherGrain,OtherGrainAEZ01,OtherGrainAEZ01,2005,NOx_AWB,1.36353295524127e-06
South America_Southern,OtherGrain,OtherGrainAEZ02,OtherGrainAEZ02,2005,NOx_AWB,1.26184688941845e-07
South America_Southern,OtherGrain,OtherGrainAEZ03,OtherGrainAEZ03,2005,NOx_AWB,7.69726602545254e-06
South America_Southern,OtherGrain,OtherGrainAEZ04,OtherGrainAEZ04,2005,NOx_AWB,1.60603576436195e-05
South America_Southern,OtherGrain,OtherGrainAEZ05,OtherGrainAEZ05,2005,NOx_AWB,1.71195035965462e-05
South America_Southern,OtherGrain,OtherGrainAEZ06,OtherGrainAEZ06,2005,NOx_AWB,5.01517019028439e-06
South America_Southern,OtherGrain,OtherGrainAEZ07,OtherGrainAEZ07,2005,NOx_AWB,2.92943124939722e-06
South America_Southern,OtherGrain,OtherGrainAEZ08,OtherGrainAEZ08,2005,NOx_AWB,1.28262037943307e-05
South America_Southern,OtherGrain,OtherGrainAEZ09,OtherGrainAEZ09,2005,NOx_AWB,1.9892881972651e-05
South America_Southern,OtherGrain,OtherGrainAEZ10,OtherGrainAEZ10,2005,NOx_AWB,5.10816427886358e-05
South America_Southern,OtherGrain,OtherGrainAEZ11,OtherGrainAEZ11,2005,NOx_AWB,5.62518590594819e-05
South America_Southern,OtherGrain,OtherGrainAEZ12,OtherGrainAEZ12,2005,NOx_AWB,0.000154677594422005
South America_Southern,OtherGrain,OtherGrainAEZ13,OtherGrainAEZ13,2005,NOx_AWB,2.79653460891593e-06
South America_Southern,OtherGrain,OtherGrainAEZ14,OtherGrainAEZ14,2005,NOx_AWB,7.02976244485322e-06
South America_Southern,OtherGrain,OtherGrainAEZ15,OtherGrainAEZ15,2005,NOx_AWB,1.21053401989927e-05
South America_Southern,OtherGrain,OtherGrainAEZ16,OtherGrainAEZ16,2005,NOx_AWB,7.76136516265439e-06
South America_Southern,OtherGrain,OtherGrainAEZ17,OtherGrainAEZ17,2005,NOx_AWB,0
South America_Southern,OtherGrain,OtherGrainAEZ18,OtherGrainAEZ18,2005,NOx_AWB,0
South America_Southern,PalmFruit,PalmFruitAEZ01,PalmFruitAEZ01,2005,NOx_AWB,4.3762783674147e-06
South America_Southern,PalmFruit,PalmFruitAEZ02,PalmFruitAEZ02,2005,NOx_AWB,2.50467969556457e-05
South America_Southern,PalmFruit,PalmFruitAEZ03,PalmFruitAEZ03,2005,NOx_AWB,5.39672783693474e-05
South America_Southern,PalmFruit,PalmFruitAEZ04,PalmFruitAEZ04,2005,NOx_AWB,5.80941674884326e-05
South America_Southern,PalmFruit,PalmFruitAEZ05,PalmFruitAEZ05,2005,NOx_AWB,5.88364386865198e-05
South America_Southern,PalmFruit,PalmFruitAEZ06,PalmFruitAEZ06,2005,NOx_AWB,0.000160679168765398
South America_Southern,PalmFruit,PalmFruitAEZ07,PalmFruitAEZ07,2005,NOx_AWB,2.27537339226762e-07
South America_Southern,PalmFruit,PalmFruitAEZ08,PalmFruitAEZ08,2005,NOx_AWB,8.94124623565162e-06
South America_Southern,PalmFruit,PalmFruitAEZ09,PalmFruitAEZ09,2005,NOx_AWB,1.27209327989962e-05
South America_Southern,PalmFruit,PalmFruitAEZ10,PalmFruitAEZ10,2005,NOx_AWB,2.84706095707485e-05
South America_Southern,PalmFruit,PalmFruitAEZ11,PalmFruitAEZ11,2005,NOx_AWB,4.95757383511307e-05
South America_Southern,PalmFruit,PalmFruitAEZ12,PalmFruitAEZ12,2005,NOx_AWB,4.5530707177255e-05
South America_Southern,PalmFruit,PalmFruitAEZ13,PalmFruitAEZ13,2005,NOx_AWB,6.65962944078325e-08
South America_Southern,PalmFruit,PalmFruitAEZ14,PalmFruitAEZ14,2005,NOx_AWB,6.53129283176813e-07
South America_Southern,PalmFruit,PalmFruitAEZ15,PalmFruitAEZ15,2005,NOx_AWB,7.35334084086487e-08
South America_Southern,PalmFruit,PalmFruitAEZ16,PalmFruitAEZ16,2005,NOx_AWB,0
South America_Southern,PalmFruit,PalmFruitAEZ17,PalmFruitAEZ17,2005,NOx_AWB,0
South America_Southern,PalmFruit,PalmFruitAEZ18,PalmFruitAEZ18,2005,NOx_AWB,0
South America_Southern,Rice,RiceAEZ01,RiceAEZ01,2005,NOx_AWB,8.08692645548616e-05
South America_Southern,Rice,RiceAEZ02,RiceAEZ02,2005,NOx_AWB,3.79494900264807e-05
South America_Southern,Rice,RiceAEZ03,RiceAEZ03,2005,NOx_AWB,6.58545477789868e-05
South America_Southern,Rice,RiceAEZ04,RiceAEZ04,2005,NOx_AWB,9.6271608973005e-05
South America_Southern,Rice,RiceAEZ05,RiceAEZ05,2005,NOx_AWB,0.000124633995713548
South America_Southern,Rice,RiceAEZ06,RiceAEZ06,2005,NOx_AWB,5.0251364305254e-05
South America_Southern,Rice,RiceAEZ07,RiceAEZ07,2005,NOx_AWB,5.05152927212407e-05
South America_Southern,Rice,RiceAEZ08,RiceAEZ08,2005,NOx_AWB,0.000119447719689587
South America_Southern,Rice,RiceAEZ09,RiceAEZ09,2005,NOx_AWB,0.000101145193188881
South America_Southern,Rice,RiceAEZ10,RiceAEZ10,2005,NOx_AWB,6.04729426872449e-05
South America_Southern,Rice,RiceAEZ11,RiceAEZ11,2005,NOx_AWB,3.47721555571934e-05
South America_Southern,Rice,RiceAEZ12,RiceAEZ12,2005,NOx_AWB,0.000323309554590093
South America_Southern,Rice,RiceAEZ13,RiceAEZ13,2005,NOx_AWB,1.85736179008427e-05
South America_Southern,Rice,RiceAEZ14,RiceAEZ14,2005,NOx_AWB,4.8599194461127e-05
South America_Southern,Rice,RiceAEZ15,RiceAEZ15,2005,NOx_AWB,3.41575164172488e-05
South America_Southern,Rice,RiceAEZ16,RiceAEZ16,2005,NOx_AWB,2.50484045736245e-05
South America_Southern,Rice,RiceAEZ17,RiceAEZ17,2005,NOx_AWB,0
South America_Southern,Rice,RiceAEZ18,RiceAEZ18,2005,NOx_AWB,0
South America_Southern,Root_Tuber,Root_TuberAEZ01,Root_TuberAEZ01,2005,NOx_AWB,7.45205238104485e-05
South America_Southern,Root_Tuber,Root_TuberAEZ02,Root_TuberAEZ02,2005,NOx_AWB,4.21458332811742e-06
South America_Southern,Root_Tuber,Root_TuberAEZ03,Root_TuberAEZ03,2005,NOx_AWB,1.36621901118573e-05
South America_Southern,Root_Tuber,Root_TuberAEZ04,Root_TuberAEZ04,2005,NOx_AWB,4.84326511161026e-05
South America_Southern,Root_Tuber,Root_TuberAEZ05,Root_TuberAEZ05,2005,NOx_AWB,7.54183435494567e-05
South America_Southern,Root_Tuber,Root_TuberAEZ06,Root_TuberAEZ06,2005,NOx_AWB,0.00024148558290524
South America_Southern,Root_Tuber,Root_TuberAEZ07,Root_TuberAEZ07,2005,NOx_AWB,0.000104983410891504
South America_Southern,Root_Tuber,Root_TuberAEZ08,Root_TuberAEZ08,2005,NOx_AWB,0.000276741793503553
South America_Southern,Root_Tuber,Root_TuberAEZ09,Root_TuberAEZ09,2005,NOx_AWB,0.000321937896559843
South America_Southern,Root_Tuber,Root_TuberAEZ10,Root_TuberAEZ10,2005,NOx_AWB,0.000128210857230067
South America_Southern,Root_Tuber,Root_TuberAEZ11,Root_TuberAEZ11,2005,NOx_AWB,0.00011116327468737
South America_Southern,Root_Tuber,Root_TuberAEZ12,Root_TuberAEZ12,2005,NOx_AWB,0.00114773686532613
South America_Southern,Root_Tuber,Root_TuberAEZ13,Root_TuberAEZ13,2005,NOx_AWB,3.98614732635586e-05
South America_Southern,Root_Tuber,Root_TuberAEZ14,Root_TuberAEZ14,2005,NOx_AWB,8.94016928730506e-05
South America_Southern,Root_Tuber,Root_TuberAEZ15,Root_TuberAEZ15,2005,NOx_AWB,0.000124837645675899
South America_Southern,Root_Tuber,Root_TuberAEZ16,Root_TuberAEZ16,2005,NOx_AWB,8.66580246765775e-05
South America_Southern,Root_Tuber,Root_TuberAEZ17,Root_TuberAEZ17,2005,NOx_AWB,0
South America_Southern,Root_Tuber,Root_TuberAEZ18,Root_TuberAEZ18,2005,NOx_AWB,0
South America_Southern,SugarCrop,SugarCropAEZ01,SugarCropAEZ01,2005,NOx_AWB,0.000295504706859872
South America_Southern,SugarCrop,SugarCropAEZ02,SugarCropAEZ02,2005,NOx_AWB,7.06256118730543e-05
South America_Southern,SugarCrop,SugarCropAEZ03,SugarCropAEZ03,2005,NOx_AWB,0.000318031276023429
South America_Southern,SugarCrop,SugarCropAEZ04,SugarCropAEZ04,2005,NOx_AWB,0.000371915349848445
South America_Southern,SugarCrop,SugarCropAEZ05,SugarCropAEZ05,2005,NOx_AWB,0.00061907928457334
South America_Southern,SugarCrop,SugarCropAEZ06,SugarCropAEZ06,2005,NOx_AWB,0.000245673222592212
South America_Southern,SugarCrop,SugarCropAEZ07,SugarCropAEZ07,2005,NOx_AWB,0.000214625052060419
South America_Southern,SugarCrop,SugarCropAEZ08,SugarCropAEZ08,2005,NOx_AWB,0.000512361850372015
South America_Southern,SugarCrop,SugarCropAEZ09,SugarCropAEZ09,2005,NOx_AWB,0.000553835916124463
South America_Southern,SugarCrop,SugarCropAEZ10,SugarCropAEZ10,2005,NOx_AWB,0.00109095387063134
South America_Southern,SugarCrop,SugarCropAEZ11,SugarCropAEZ11,2005,NOx_AWB,0.000382588939615541
South America_Southern,SugarCrop,SugarCropAEZ12,SugarCropAEZ12,2005,NOx_AWB,0.000906573118040312
South America_Southern,SugarCrop,SugarCropAEZ13,SugarCropAEZ13,2005,NOx_AWB,3.41423639885999e-05
South America_Southern,SugarCrop,SugarCropAEZ14,SugarCropAEZ14,2005,NOx_AWB,0.000140916324812337
South America_Southern,SugarCrop,SugarCropAEZ15,SugarCropAEZ15,2005,NOx_AWB,0.000104667705018887
South America_Southern,SugarCrop,SugarCropAEZ16,SugarCropAEZ16,2005,NOx_AWB,8.80835325427825e-05
South America_Southern,SugarCrop,SugarCropAEZ17,SugarCropAEZ17,2005,NOx_AWB,0
South America_Southern,SugarCrop,SugarCropAEZ18,SugarCropAEZ18,2005,NOx_AWB,0
South America_Southern,Wheat,WheatAEZ01,WheatAEZ01,2005,NOx_AWB,6.35744463907411e-06
South America_Southern,Wheat,WheatAEZ02,WheatAEZ02,2005,NOx_AWB,2.2493101568859e-07
South America_Southern,Wheat,WheatAEZ03,WheatAEZ03,2005,NOx_AWB,3.73092097761727e-06
South America_Southern,Wheat,WheatAEZ04,WheatAEZ04,2005,NOx_AWB,7.59142177948996e-06
South America_Southern,Wheat,WheatAEZ05,WheatAEZ05,2005,NOx_AWB,9.21169349032747e-06
South America_Southern,Wheat,WheatAEZ06,WheatAEZ06,2005,NOx_AWB,9.53861186095558e-06
South America_Southern,Wheat,WheatAEZ07,WheatAEZ07,2005,NOx_AWB,1.27337499533767e-05
South America_Southern,Wheat,WheatAEZ08,WheatAEZ08,2005,NOx_AWB,2.43648489494104e-05
South America_Southern,Wheat,WheatAEZ09,WheatAEZ09,2005,NOx_AWB,4.8573922692304e-05
South America_Southern,Wheat,WheatAEZ10,WheatAEZ10,2005,NOx_AWB,0.000178705596334004
South America_Southern,Wheat,WheatAEZ11,WheatAEZ11,2005,NOx_AWB,8.16691686419502e-05
South America_Southern,Wheat,WheatAEZ12,WheatAEZ12,2005,NOx_AWB,0.000304899929385864
South America_Southern,Wheat,WheatAEZ13,WheatAEZ13,2005,NOx_AWB,8.94450059125635e-06
South America_Southern,Wheat,WheatAEZ14,WheatAEZ14,2005,NOx_AWB,1.70877717570631e-05
South America_Southern,Wheat,WheatAEZ15,WheatAEZ15,2005,NOx_AWB,7.54601645023599e-06
South America_Southern,Wheat,WheatAEZ16,WheatAEZ16,2005,NOx_AWB,7.03817530611923e-06
South America_Southern,Wheat,WheatAEZ17,WheatAEZ17,2005,NOx_AWB,3.94677092745508e-07
South America_Southern,Wheat,WheatAEZ18,WheatAEZ18,2005,NOx_AWB,0
South America_Southern,Corn,CornAEZ01,CornAEZ01,2005,SO2_AWB,8.34638521099578e-06
South America_Southern,Corn,CornAEZ02,CornAEZ02,2005,SO2_AWB,1.54804545574585e-06
South America_Southern,Corn,CornAEZ03,CornAEZ03,2005,SO2_AWB,4.97011557000849e-06
South America_Southern,Corn,CornAEZ04,CornAEZ04,2005,SO2_AWB,8.38364750628421e-06
South America_Southern,Corn,CornAEZ05,CornAEZ05,2005,SO2_AWB,1.13709030008443e-05
South America_Southern,Corn,CornAEZ06,CornAEZ06,2005,SO2_AWB,1.83148661250928e-05
South America_Southern,Corn,CornAEZ07,CornAEZ07,2005,SO2_AWB,8.63420613683764e-06
South America_Southern,Corn,CornAEZ08,CornAEZ08,2005,SO2_AWB,2.34761947181656e-05
South America_Southern,Corn,CornAEZ09,CornAEZ09,2005,SO2_AWB,2.70817829543439e-05
South America_Southern,Corn,CornAEZ10,CornAEZ10,2005,SO2_AWB,3.81561160321498e-05
South America_Southern,Corn,CornAEZ11,CornAEZ11,2005,SO2_AWB,7.87262174232838e-06
South America_Southern,Corn,CornAEZ12,CornAEZ12,2005,SO2_AWB,5.74117101750695e-05
South America_Southern,Corn,CornAEZ13,CornAEZ13,2005,SO2_AWB,3.65086166142975e-06
South America_Southern,Corn,CornAEZ14,CornAEZ14,2005,SO2_AWB,7.65927270226099e-06
South America_Southern,Corn,CornAEZ15,CornAEZ15,2005,SO2_AWB,4.94392128322156e-06
South America_Southern,Corn,CornAEZ16,CornAEZ16,2005,SO2_AWB,2.60677952611975e-06
South America_Southern,Corn,CornAEZ17,CornAEZ17,2005,SO2_AWB,0
South America_Southern,Corn,CornAEZ18,CornAEZ18,2005,SO2_AWB,0
South America_Southern,FiberCrop,FiberCropAEZ01,FiberCropAEZ01,2005,SO2_AWB,7.96861629451449e-07
South America_Southern,FiberCrop,FiberCropAEZ02,FiberCropAEZ02,2005,SO2_AWB,6.2705901499491e-08
South America_Southern,FiberCrop,FiberCropAEZ03,FiberCropAEZ03,2005,SO2_AWB,5.43606358956395e-07
South America_Southern,FiberCrop,FiberCropAEZ04,FiberCropAEZ04,2005,SO2_AWB,1.06941500329577e-06
South America_Southern,FiberCrop,FiberCropAEZ05,FiberCropAEZ05,2005,SO2_AWB,1.26581071459285e-06
South America_Southern,FiberCrop,FiberCropAEZ06,FiberCropAEZ06,2005,SO2_AWB,1.31346099122737e-06
South America_Southern,FiberCrop,FiberCropAEZ07,FiberCropAEZ07,2005,SO2_AWB,5.40916006746849e-07
South America_Southern,FiberCrop,FiberCropAEZ08,FiberCropAEZ08,2005,SO2_AWB,1.00546740077649e-06
South America_Southern,FiberCrop,FiberCropAEZ09,FiberCropAEZ09,2005,SO2_AWB,9.99672796017464e-07
South America_Southern,FiberCrop,FiberCropAEZ10,FiberCropAEZ10,2005,SO2_AWB,7.83254655776228e-07
South America_Southern,FiberCrop,FiberCropAEZ11,FiberCropAEZ11,2005,SO2_AWB,5.80546964295202e-07
South America_Southern,FiberCrop,FiberCropAEZ12,FiberCropAEZ12,2005,SO2_AWB,9.99455498338991e-06
South America_Southern,FiberCrop,FiberCropAEZ13,FiberCropAEZ13,2005,SO2_AWB,1.04871998629924e-07
South America_Southern,FiberCrop,FiberCropAEZ14,FiberCropAEZ14,2005,SO2_AWB,3.9775822667334e-07
South America_Southern,FiberCrop,FiberCropAEZ15,FiberCropAEZ15,2005,SO2_AWB,4.80745244829429e-07
South America_Southern,FiberCrop,FiberCropAEZ16,FiberCropAEZ16,2005,SO2_AWB,4.84315135261329e-07
South America_Southern,FiberCrop,FiberCropAEZ17,FiberCropAEZ17,2005,SO2_AWB,0
South America_Southern,FiberCrop,FiberCropAEZ18,FiberCropAEZ18,2005,SO2_AWB,0
South America_Southern,FodderGrass,FodderGrassAEZ01,FodderGrassAEZ01,2005,SO2_AWB,3.97265696732852e-06
South America_Southern,FodderGrass,FodderGrassAEZ02,FodderGrassAEZ02,2005,SO2_AWB,9.03402667211023e-09
South America_Southern,FodderGrass,FodderGrassAEZ03,FodderGrassAEZ03,2005,SO2_AWB,2.0482163888024e-06
South America_Southern,FodderGrass,FodderGrassAEZ04,FodderGrassAEZ04,2005,SO2_AWB,2.94836230547289e-05
South America_Southern,FodderGrass,FodderGrassAEZ05,FodderGrassAEZ05,2005,SO2_AWB,1.07164453545949e-05
South America_Southern,FodderGrass,FodderGrassAEZ06,FodderGrassAEZ06,2005,SO2_AWB,3.10735795994592e-05
South America_Southern,FodderGrass,FodderGrassAEZ07,FodderGrassAEZ07,2005,SO2_AWB,1.36629204808307e-05
South America_Southern,FodderGrass,FodderGrassAEZ08,FodderGrassAEZ08,2005,SO2_AWB,2.03911806300806e-05
South America_Southern,FodderGrass,FodderGrassAEZ09,FodderGrassAEZ09,2005,SO2_AWB,3.95952387161481e-05
South America_Southern,FodderGrass,FodderGrassAEZ10,FodderGrassAEZ10,2005,SO2_AWB,0.000141031637108563
South America_Southern,FodderGrass,FodderGrassAEZ11,FodderGrassAEZ11,2005,SO2_AWB,4.77967525032966e-05
South America_Southern,FodderGrass,FodderGrassAEZ12,FodderGrassAEZ12,2005,SO2_AWB,0.00108196084737651
South America_Southern,FodderGrass,FodderGrassAEZ13,FodderGrassAEZ13,2005,SO2_AWB,5.68243492631846e-06
South America_Southern,FodderGrass,FodderGrassAEZ14,FodderGrassAEZ14,2005,SO2_AWB,3.40303104356892e-06
South America_Southern,FodderGrass,FodderGrassAEZ15,FodderGrassAEZ15,2005,SO2_AWB,7.31884758685373e-07
South America_Southern,FodderGrass,FodderGrassAEZ16,FodderGrassAEZ16,2005,SO2_AWB,1.14285259836361e-06
South America_Southern,FodderGrass,FodderGrassAEZ17,FodderGrassAEZ17,2005,SO2_AWB,7.52942721212889e-08
South America_Southern,FodderGrass,FodderGrassAEZ18,FodderGrassAEZ18,2005,SO2_AWB,2.6394789671895e-08
South America_Southern,FodderHerb,FodderHerbAEZ01,FodderHerbAEZ01,2005,SO2_AWB,3.22415092923592e-05
South America_Southern,FodderHerb,FodderHerbAEZ02,FodderHerbAEZ02,2005,SO2_AWB,1.653008669114e-06
South America_Southern,FodderHerb,FodderHerbAEZ03,FodderHerbAEZ03,2005,SO2_AWB,1.47149512662764e-06
South America_Southern,FodderHerb,FodderHerbAEZ04,FodderHerbAEZ04,2005,SO2_AWB,3.30677760437453e-06
South America_Southern,FodderHerb,FodderHerbAEZ05,FodderHerbAEZ05,2005,SO2_AWB,8.54349082174016e-06
South America_Southern,FodderHerb,FodderHerbAEZ06,FodderHerbAEZ06,2005,SO2_AWB,1.7508644255005e-05
South America_Southern,FodderHerb,FodderHerbAEZ07,FodderHerbAEZ07,2005,SO2_AWB,2.6555336232486e-05
South America_Southern,FodderHerb,FodderHerbAEZ08,FodderHerbAEZ08,2005,SO2_AWB,4.6737171291993e-05
South America_Southern,FodderHerb,FodderHerbAEZ09,FodderHerbAEZ09,2005,SO2_AWB,4.80180296823758e-05
South America_Southern,FodderHerb,FodderHerbAEZ10,FodderHerbAEZ10,2005,SO2_AWB,8.55640109124109e-05
South America_Southern,FodderHerb,FodderHerbAEZ11,FodderHerbAEZ11,2005,SO2_AWB,3.01179909118054e-05
South America_Southern,FodderHerb,FodderHerbAEZ12,FodderHerbAEZ12,2005,SO2_AWB,2.87851018070188e-05
South America_Southern,FodderHerb,FodderHerbAEZ13,FodderHerbAEZ13,2005,SO2_AWB,7.5464017705533e-06
South America_Southern,FodderHerb,FodderHerbAEZ14,FodderHerbAEZ14,2005,SO2_AWB,1.81097771937471e-05
South America_Southern,FodderHerb,FodderHerbAEZ15,FodderHerbAEZ15,2005,SO2_AWB,1.89754352348508e-05
South America_Southern,FodderHerb,FodderHerbAEZ16,FodderHerbAEZ16,2005,SO2_AWB,1.90377770588671e-05
South America_Southern,FodderHerb,FodderHerbAEZ17,FodderHerbAEZ17,2005,SO2_AWB,0
South America_Southern,FodderHerb,FodderHerbAEZ18,FodderHerbAEZ18,2005,SO2_AWB,0
South America_Southern,MiscCrop,MiscCropAEZ01,MiscCropAEZ01,2005,SO2_AWB,4.52871317384233e-05
South America_Southern,MiscCrop,MiscCropAEZ02,MiscCropAEZ02,2005,SO2_AWB,4.59904111856123e-05
South America_Southern,MiscCrop,MiscCropAEZ03,MiscCropAEZ03,2005,SO2_AWB,8.97265080581019e-05
South America_Southern,MiscCrop,MiscCropAEZ04,MiscCropAEZ04,2005,SO2_AWB,7.12119210382084e-05
South America_Southern,MiscCrop,MiscCropAEZ05,MiscCropAEZ05,2005,SO2_AWB,4.55273426947583e-05
South America_Southern,MiscCrop,MiscCropAEZ06,MiscCropAEZ06,2005,SO2_AWB,0.00013237417269184
South America_Southern,MiscCrop,MiscCropAEZ07,MiscCropAEZ07,2005,SO2_AWB,1.98519651588475e-05
South America_Southern,MiscCrop,MiscCropAEZ08,MiscCropAEZ08,2005,SO2_AWB,4.01547116541767e-05
South America_Southern,MiscCrop,MiscCropAEZ09,MiscCropAEZ09,2005,SO2_AWB,7.70126807941771e-05
South America_Southern,MiscCrop,MiscCropAEZ10,MiscCropAEZ10,2005,SO2_AWB,0.000172494876297896
South America_Southern,MiscCrop,MiscCropAEZ11,MiscCropAEZ11,2005,SO2_AWB,5.89482345482145e-05
South America_Southern,MiscCrop,MiscCropAEZ12,MiscCropAEZ12,2005,SO2_AWB,9.83732289917656e-05
South America_Southern,MiscCrop,MiscCropAEZ13,MiscCropAEZ13,2005,SO2_AWB,8.06765238825925e-06
South America_Southern,MiscCrop,MiscCropAEZ14,MiscCropAEZ14,2005,SO2_AWB,1.26234497113843e-05
South America_Southern,MiscCrop,MiscCropAEZ15,MiscCropAEZ15,2005,SO2_AWB,8.69534545452151e-06
South America_Southern,MiscCrop,MiscCropAEZ16,MiscCropAEZ16,2005,SO2_AWB,1.11106156666279e-05
South America_Southern,MiscCrop,MiscCropAEZ17,MiscCropAEZ17,2005,SO2_AWB,1.06566315173951e-08
South America_Southern,MiscCrop,MiscCropAEZ18,MiscCropAEZ18,2005,SO2_AWB,0
South America_Southern,OilCrop,OilCropAEZ01,OilCropAEZ01,2005,SO2_AWB,8.7483656809712e-07
South America_Southern,OilCrop,OilCropAEZ02,OilCropAEZ02,2005,SO2_AWB,4.74865750988966e-07
South America_Southern,OilCrop,OilCropAEZ03,OilCropAEZ03,2005,SO2_AWB,1.05778281008288e-05
South America_Southern,OilCrop,OilCropAEZ04,OilCropAEZ04,2005,SO2_AWB,2.1796986756295e-05
South America_Southern,OilCrop,OilCropAEZ05,OilCropAEZ05,2005,SO2_AWB,2.08618813926205e-05
South America_Southern,OilCrop,OilCropAEZ06,OilCropAEZ06,2005,SO2_AWB,3.54419217504661e-06
South America_Southern,OilCrop,OilCropAEZ07,OilCropAEZ07,2005,SO2_AWB,2.98782980907487e-08
South America_Southern,OilCrop,OilCropAEZ08,OilCropAEZ08,2005,SO2_AWB,8.21909297193512e-07
South America_Southern,OilCrop,OilCropAEZ09,OilCropAEZ09,2005,SO2_AWB,4.72310445114157e-06
South America_Southern,OilCrop,OilCropAEZ10,OilCropAEZ10,2005,SO2_AWB,1.10900844077141e-05
South America_Southern,OilCrop,OilCropAEZ11,OilCropAEZ11,2005,SO2_AWB,6.63258379883835e-06
South America_Southern,OilCrop,OilCropAEZ12,OilCropAEZ12,2005,SO2_AWB,0.000184928282914528
South America_Southern,OilCrop,OilCropAEZ13,OilCropAEZ13,2005,SO2_AWB,1.19513192362995e-09
South America_Southern,OilCrop,OilCropAEZ14,OilCropAEZ14,2005,SO2_AWB,2.21953071531276e-09
South America_Southern,OilCrop,OilCropAEZ15,OilCropAEZ15,2005,SO2_AWB,0
South America_Southern,OilCrop,OilCropAEZ16,OilCropAEZ16,2005,SO2_AWB,2.61790802318941e-09
South America_Southern,OilCrop,OilCropAEZ17,OilCropAEZ17,2005,SO2_AWB,0
South America_Southern,OilCrop,OilCropAEZ18,OilCropAEZ18,2005,SO2_AWB,0
South America_Southern,OtherGrain,OtherGrainAEZ01,OtherGrainAEZ01,2005,SO2_AWB,2.22462156351039e-07
South America_Southern,OtherGrain,OtherGrainAEZ02,OtherGrainAEZ02,2005,SO2_AWB,2.05871943854272e-08
South America_Southern,OtherGrain,OtherGrainAEZ03,OtherGrainAEZ03,2005,SO2_AWB,1.25581885751106e-06
South America_Southern,OtherGrain,OtherGrainAEZ04,OtherGrainAEZ04,2005,SO2_AWB,2.62026801731117e-06
South America_Southern,OtherGrain,OtherGrainAEZ05,OtherGrainAEZ05,2005,SO2_AWB,2.79306904252502e-06
South America_Southern,OtherGrain,OtherGrainAEZ06,OtherGrainAEZ06,2005,SO2_AWB,8.18231470467616e-07
South America_Southern,OtherGrain,OtherGrainAEZ07,OtherGrainAEZ07,2005,SO2_AWB,4.77940478165938e-07
South America_Southern,OtherGrain,OtherGrainAEZ08,OtherGrainAEZ08,2005,SO2_AWB,2.09261165483148e-06
South America_Southern,OtherGrain,OtherGrainAEZ09,OtherGrainAEZ09,2005,SO2_AWB,3.24554929359197e-06
South America_Southern,OtherGrain,OtherGrainAEZ10,OtherGrainAEZ10,2005,SO2_AWB,8.33403575691554e-06
South America_Southern,OtherGrain,OtherGrainAEZ11,OtherGrainAEZ11,2005,SO2_AWB,9.17756319495251e-06
South America_Southern,OtherGrain,OtherGrainAEZ12,OtherGrainAEZ12,2005,SO2_AWB,2.52358485814684e-05
South America_Southern,OtherGrain,OtherGrainAEZ13,OtherGrainAEZ13,2005,SO2_AWB,4.56258220249373e-07
South America_Southern,OtherGrain,OtherGrainAEZ14,OtherGrainAEZ14,2005,SO2_AWB,1.1469147893392e-06
South America_Southern,OtherGrain,OtherGrainAEZ15,OtherGrainAEZ15,2005,SO2_AWB,1.97500183158707e-06
South America_Southern,OtherGrain,OtherGrainAEZ16,OtherGrainAEZ16,2005,SO2_AWB,1.26627671423344e-06
South America_Southern,OtherGrain,OtherGrainAEZ17,OtherGrainAEZ17,2005,SO2_AWB,0
South America_Southern,OtherGrain,OtherGrainAEZ18,OtherGrainAEZ18,2005,SO2_AWB,0
South America_Southern,PalmFruit,PalmFruitAEZ01,PalmFruitAEZ01,2005,SO2_AWB,7.13995447389253e-07
South America_Southern,PalmFruit,PalmFruitAEZ02,PalmFruitAEZ02,2005,SO2_AWB,4.08641715553817e-06
South America_Southern,PalmFruit,PalmFruitAEZ03,PalmFruitAEZ03,2005,SO2_AWB,8.80483091537563e-06
South America_Southern,PalmFruit,PalmFruitAEZ04,PalmFruitAEZ04,2005,SO2_AWB,9.47813818596588e-06
South America_Southern,PalmFruit,PalmFruitAEZ05,PalmFruitAEZ05,2005,SO2_AWB,9.59924068714783e-06
South America_Southern,PalmFruit,PalmFruitAEZ06,PalmFruitAEZ06,2005,SO2_AWB,2.62150131588995e-05
South America_Southern,PalmFruit,PalmFruitAEZ07,PalmFruitAEZ07,2005,SO2_AWB,3.71230097081202e-08
South America_Southern,PalmFruit,PalmFruitAEZ08,PalmFruitAEZ08,2005,SO2_AWB,1.45877582965842e-06
South America_Southern,PalmFruit,PalmFruitAEZ09,PalmFruitAEZ09,2005,SO2_AWB,2.0754365564715e-06
South America_Southern,PalmFruit,PalmFruitAEZ10,PalmFruitAEZ10,2005,SO2_AWB,4.64501658972852e-06
South America_Southern,PalmFruit,PalmFruitAEZ11,PalmFruitAEZ11,2005,SO2_AWB,8.08834551001812e-06
South America_Southern,PalmFruit,PalmFruitAEZ12,PalmFruitAEZ12,2005,SO2_AWB,7.42839346853018e-06
South America_Southern,PalmFruit,PalmFruitAEZ13,PalmFruitAEZ13,2005,SO2_AWB,1.08652711340839e-08
South America_Southern,PalmFruit,PalmFruitAEZ14,PalmFruitAEZ14,2005,SO2_AWB,1.06558883049375e-07
South America_Southern,PalmFruit,PalmFruitAEZ15,PalmFruitAEZ15,2005,SO2_AWB,1.1997070210551e-08
South America_Southern,PalmFruit,PalmFruitAEZ16,PalmFruitAEZ16,2005,SO2_AWB,0
South America_Southern,PalmFruit,PalmFruitAEZ17,PalmFruitAEZ17,2005,SO2_AWB,0
South America_Southern,PalmFruit,PalmFruitAEZ18,PalmFruitAEZ18,2005,SO2_AWB,0
South America_Southern,Rice,RiceAEZ01,RiceAEZ01,2005,SO2_AWB,1.3193924581173e-05
South America_Southern,Rice,RiceAEZ02,RiceAEZ02,2005,SO2_AWB,6.19150813426387e-06
South America_Southern,Rice,RiceAEZ03,RiceAEZ03,2005,SO2_AWB,1.07442542170488e-05
South America_Southern,Rice,RiceAEZ04,RiceAEZ04,2005,SO2_AWB,1.57068368939636e-05
South America_Southern,Rice,RiceAEZ05,RiceAEZ05,2005,SO2_AWB,2.03341967896742e-05
South America_Southern,Rice,RiceAEZ06,RiceAEZ06,2005,SO2_AWB,8.19857475388294e-06
South America_Southern,Rice,RiceAEZ07,RiceAEZ07,2005,SO2_AWB,8.24163501459539e-06
South America_Southern,Rice,RiceAEZ08,RiceAEZ08,2005,SO2_AWB,1.94880491822496e-05
South America_Southern,Rice,RiceAEZ09,RiceAEZ09,2005,SO2_AWB,1.65019684305023e-05
South America_Southern,Rice,RiceAEZ10,RiceAEZ10,2005,SO2_AWB,9.86623842085057e-06
South America_Southern,Rice,RiceAEZ11,RiceAEZ11,2005,SO2_AWB,5.67312192675114e-06
South America_Southern,Rice,RiceAEZ12,RiceAEZ12,2005,SO2_AWB,5.27483698920058e-05
South America_Southern,Rice,RiceAEZ13,RiceAEZ13,2005,SO2_AWB,3.03030966254175e-06
South America_Southern,Rice,RiceAEZ14,RiceAEZ14,2005,SO2_AWB,7.92902111766912e-06
South America_Southern,Rice,RiceAEZ15,RiceAEZ15,2005,SO2_AWB,5.5728427601023e-06
South America_Southern,Rice,RiceAEZ16,RiceAEZ16,2005,SO2_AWB,4.08667944048023e-06
South America_Southern,Rice,RiceAEZ17,RiceAEZ17,2005,SO2_AWB,0
South America_Southern,Rice,RiceAEZ18,RiceAEZ18,2005,SO2_AWB,0
South America_Southern,Root_Tuber,Root_TuberAEZ01,Root_TuberAEZ01,2005,SO2_AWB,1.21581193586538e-05
South America_Southern,Root_Tuber,Root_TuberAEZ02,Root_TuberAEZ02,2005,SO2_AWB,6.87614693645774e-07
South America_Southern,Root_Tuber,Root_TuberAEZ03,Root_TuberAEZ03,2005,SO2_AWB,2.2290038983501e-06
South America_Southern,Root_Tuber,Root_TuberAEZ04,Root_TuberAEZ04,2005,SO2_AWB,7.90184935660707e-06
South America_Southern,Root_Tuber,Root_TuberAEZ05,Root_TuberAEZ05,2005,SO2_AWB,1.23045998044594e-05
South America_Southern,Root_Tuber,Root_TuberAEZ06,Root_TuberAEZ06,2005,SO2_AWB,3.93986836139811e-05
South America_Southern,Root_Tuber,Root_TuberAEZ07,Root_TuberAEZ07,2005,SO2_AWB,1.71281785880112e-05
South America_Southern,Root_Tuber,Root_TuberAEZ08,Root_TuberAEZ08,2005,SO2_AWB,4.51507797436118e-05
South America_Southern,Root_Tuber,Root_TuberAEZ09,Root_TuberAEZ09,2005,SO2_AWB,5.25245821192111e-05
South America_Southern,Root_Tuber,Root_TuberAEZ10,Root_TuberAEZ10,2005,SO2_AWB,2.09177663490863e-05
South America_Southern,Root_Tuber,Root_TuberAEZ11,Root_TuberAEZ11,2005,SO2_AWB,1.81364313190505e-05
South America_Southern,Root_Tuber,Root_TuberAEZ12,Root_TuberAEZ12,2005,SO2_AWB,0.00018725474657769
South America_Southern,Root_Tuber,Root_TuberAEZ13,Root_TuberAEZ13,2005,SO2_AWB,6.50345065988631e-06
South America_Southern,Root_Tuber,Root_TuberAEZ14,Root_TuberAEZ14,2005,SO2_AWB,1.45860012414977e-05
South America_Southern,Root_Tuber,Root_TuberAEZ15,Root_TuberAEZ15,2005,SO2_AWB,2.03674225431049e-05
South America_Southern,Root_Tuber,Root_TuberAEZ16,Root_TuberAEZ16,2005,SO2_AWB,1.41383682444711e-05
South America_Southern,Root_Tuber,Root_TuberAEZ17,Root_TuberAEZ17,2005,SO2_AWB,0
South America_Southern,Root_Tuber,Root_TuberAEZ18,Root_TuberAEZ18,2005,SO2_AWB,0
South America_Southern,SugarCrop,SugarCropAEZ01,SugarCropAEZ01,2005,SO2_AWB,4.82119732033149e-05
South America_Southern,SugarCrop,SugarCropAEZ02,SugarCropAEZ02,2005,SO2_AWB,1.15226594637833e-05
South America_Southern,SugarCrop,SugarCropAEZ03,SugarCropAEZ03,2005,SO2_AWB,5.18872119513429e-05
South America_Southern,SugarCrop,SugarCropAEZ04,SugarCropAEZ04,2005,SO2_AWB,6.06784679382366e-05
South America_Southern,SugarCrop,SugarCropAEZ05,SugarCropAEZ05,2005,SO2_AWB,0.000101003581958952
South America_Southern,SugarCrop,SugarCropAEZ06,SugarCropAEZ06,2005,SO2_AWB,4.00819024179008e-05
South America_Southern,SugarCrop,SugarCropAEZ07,SugarCropAEZ07,2005,SO2_AWB,3.5016353440366e-05
South America_Southern,SugarCrop,SugarCropAEZ08,SugarCropAEZ08,2005,SO2_AWB,8.35924952364638e-05
South America_Southern,SugarCrop,SugarCropAEZ09,SugarCropAEZ09,2005,SO2_AWB,9.03590424361255e-05
South America_Southern,SugarCrop,SugarCropAEZ10,SugarCropAEZ10,2005,SO2_AWB,0.00017799052792033
South America_Southern,SugarCrop,SugarCropAEZ11,SugarCropAEZ11,2005,SO2_AWB,6.24198778443685e-05
South America_Southern,SugarCrop,SugarCropAEZ12,SugarCropAEZ12,2005,SO2_AWB,0.000147908570859182
South America_Southern,SugarCrop,SugarCropAEZ13,SugarCropAEZ13,2005,SO2_AWB,5.57037062186887e-06
South America_Southern,SugarCrop,SugarCropAEZ14,SugarCropAEZ14,2005,SO2_AWB,2.29906797355469e-05
South America_Southern,SugarCrop,SugarCropAEZ15,SugarCropAEZ15,2005,SO2_AWB,1.70766707686182e-05
South America_Southern,SugarCrop,SugarCropAEZ16,SugarCropAEZ16,2005,SO2_AWB,1.43709416873002e-05
South America_Southern,SugarCrop,SugarCropAEZ17,SugarCropAEZ17,2005,SO2_AWB,0
South America_Southern,SugarCrop,SugarCropAEZ18,SugarCropAEZ18,2005,SO2_AWB,0
South America_Southern,Wheat,WheatAEZ01,WheatAEZ01,2005,SO2_AWB,1.03722527413394e-06
South America_Southern,Wheat,WheatAEZ02,WheatAEZ02,2005,SO2_AWB,3.66977846688415e-08
South America_Southern,Wheat,WheatAEZ03,WheatAEZ03,2005,SO2_AWB,6.08704558746221e-07
South America_Southern,Wheat,WheatAEZ04,WheatAEZ04,2005,SO2_AWB,1.23855023257341e-06
South America_Southern,Wheat,WheatAEZ05,WheatAEZ05,2005,SO2_AWB,1.50289964729197e-06
South America_Southern,Wheat,WheatAEZ06,WheatAEZ06,2005,SO2_AWB,1.55623680016469e-06
South America_Southern,Wheat,WheatAEZ07,WheatAEZ07,2005,SO2_AWB,2.07752769170283e-06
South America_Southern,Wheat,WheatAEZ08,WheatAEZ08,2005,SO2_AWB,3.97515646073557e-06
South America_Southern,Wheat,WheatAEZ09,WheatAEZ09,2005,SO2_AWB,7.9248979960639e-06
South America_Southern,Wheat,WheatAEZ10,WheatAEZ10,2005,SO2_AWB,2.91560480145685e-05
South America_Southern,Wheat,WheatAEZ11,WheatAEZ11,2005,SO2_AWB,1.33244299623621e-05
South America_Southern,Wheat,WheatAEZ12,WheatAEZ12,2005,SO2_AWB,4.97448158489554e-05
South America_Southern,Wheat,WheatAEZ13,WheatAEZ13,2005,SO2_AWB,1.45930678196329e-06
South America_Southern,Wheat,WheatAEZ14,WheatAEZ14,2005,SO2_AWB,2.78789195207827e-06
South America_Southern,Wheat,WheatAEZ15,WheatAEZ15,2005,SO2_AWB,1.23114229467441e-06
South America_Southern,Wheat,WheatAEZ16,WheatAEZ16,2005,SO2_AWB,1.1482873584811e-06
South America_Southern,Wheat,WheatAEZ17,WheatAEZ17,2005,SO2_AWB,6.43920755835263e-08
South America_Southern,Wheat,WheatAEZ18,WheatAEZ18,2005,SO2_AWB,0
South Asia,Corn,CornAEZ03,CornAEZ03,2005,CH4_AWB,1.54359285385847e-05
South Asia,Corn,CornAEZ04,CornAEZ04,2005,CH4_AWB,0.00018028230412625
South Asia,Corn,CornAEZ05,CornAEZ05,2005,CH4_AWB,8.62855522915402e-05
South Asia,Corn,CornAEZ06,CornAEZ06,2005,CH4_AWB,1.32688632310071e-05
South Asia,Corn,CornAEZ07,CornAEZ07,2005,CH4_AWB,1.22535660755025e-05
South Asia,Corn,CornAEZ08,CornAEZ08,2005,CH4_AWB,4.66142571209789e-05
South Asia,Corn,CornAEZ09,CornAEZ09,2005,CH4_AWB,1.04765019348422e-06
South Asia,Corn,CornAEZ10,CornAEZ10,2005,CH4_AWB,0.000129823917856242
South Asia,Corn,CornAEZ11,CornAEZ11,2005,CH4_AWB,0.000346412801203176
South Asia,Corn,CornAEZ12,CornAEZ12,2005,CH4_AWB,0.000207521797393894
South Asia,Corn,CornAEZ13,CornAEZ13,2005,CH4_AWB,8.18649508294209e-06
South Asia,Corn,CornAEZ14,CornAEZ14,2005,CH4_AWB,9.11826257675401e-06
South Asia,Corn,CornAEZ15,CornAEZ15,2005,CH4_AWB,1.04441488968627e-05
South Asia,Corn,CornAEZ16,CornAEZ16,2005,CH4_AWB,3.03765614775547e-06
South Asia,FiberCrop,FiberCropAEZ03,FiberCropAEZ03,2005,CH4_AWB,2.0514554109916e-07
South Asia,FiberCrop,FiberCropAEZ04,FiberCropAEZ04,2005,CH4_AWB,0.000133627617868057
South Asia,FiberCrop,FiberCropAEZ05,FiberCropAEZ05,2005,CH4_AWB,0.00017270619663691
South Asia,FiberCrop,FiberCropAEZ06,FiberCropAEZ06,2005,CH4_AWB,3.29362107269292e-08
South Asia,FiberCrop,FiberCropAEZ07,FiberCropAEZ07,2005,CH4_AWB,9.8291063155078e-07
South Asia,FiberCrop,FiberCropAEZ08,FiberCropAEZ08,2005,CH4_AWB,2.09100238972871e-05
South Asia,FiberCrop,FiberCropAEZ09,FiberCropAEZ09,2005,CH4_AWB,0
South Asia,FiberCrop,FiberCropAEZ10,FiberCropAEZ10,2005,CH4_AWB,4.18289876232001e-07
South Asia,FiberCrop,FiberCropAEZ11,FiberCropAEZ11,2005,CH4_AWB,3.54346575692148e-06
South Asia,FiberCrop,FiberCropAEZ12,FiberCropAEZ12,2005,CH4_AWB,1.8561907331105e-07
South Asia,FiberCrop,FiberCropAEZ13,FiberCropAEZ13,2005,CH4_AWB,4.26288670265682e-07
South Asia,FiberCrop,FiberCropAEZ14,FiberCropAEZ14,2005,CH4_AWB,4.85103332278059e-07
South Asia,FiberCrop,FiberCropAEZ15,FiberCropAEZ15,2005,CH4_AWB,0
South Asia,FiberCrop,FiberCropAEZ16,FiberCropAEZ16,2005,CH4_AWB,0
South Asia,FodderGrass,FodderGrassAEZ03,FodderGrassAEZ03,2005,CH4_AWB,2.3498156112073e-06
South Asia,FodderGrass,FodderGrassAEZ04,FodderGrassAEZ04,2005,CH4_AWB,4.24420888555832e-05
South Asia,FodderGrass,FodderGrassAEZ05,FodderGrassAEZ05,2005,CH4_AWB,9.62138683137737e-06
South Asia,FodderGrass,FodderGrassAEZ06,FodderGrassAEZ06,2005,CH4_AWB,0
South Asia,FodderGrass,FodderGrassAEZ07,FodderGrassAEZ07,2005,CH4_AWB,2.05961722746789e-06
South Asia,FodderGrass,FodderGrassAEZ08,FodderGrassAEZ08,2005,CH4_AWB,1.2966048071776e-05
South Asia,FodderGrass,FodderGrassAEZ09,FodderGrassAEZ09,2005,CH4_AWB,0
South Asia,FodderGrass,FodderGrassAEZ10,FodderGrassAEZ10,2005,CH4_AWB,1.2490147415402e-06
South Asia,FodderGrass,FodderGrassAEZ11,FodderGrassAEZ11,2005,CH4_AWB,5.45265421854984e-06
South Asia,FodderGrass,FodderGrassAEZ12,FodderGrassAEZ12,2005,CH4_AWB,1.62272022158675e-06
South Asia,FodderGrass,FodderGrassAEZ13,FodderGrassAEZ13,2005,CH4_AWB,1.0359818533803e-07
South Asia,FodderGrass,FodderGrassAEZ14,FodderGrassAEZ14,2005,CH4_AWB,1.65442822522488e-07
South Asia,FodderGrass,FodderGrassAEZ15,FodderGrassAEZ15,2005,CH4_AWB,0
South Asia,FodderGrass,FodderGrassAEZ16,FodderGrassAEZ16,2005,CH4_AWB,0
South Asia,FodderHerb,FodderHerbAEZ03,FodderHerbAEZ03,2005,CH4_AWB,0
South Asia,FodderHerb,FodderHerbAEZ04,FodderHerbAEZ04,2005,CH4_AWB,0
South Asia,FodderHerb,FodderHerbAEZ05,FodderHerbAEZ05,2005,CH4_AWB,0
South Asia,FodderHerb,FodderHerbAEZ06,FodderHerbAEZ06,2005,CH4_AWB,0
South Asia,FodderHerb,FodderHerbAEZ07,FodderHerbAEZ07,2005,CH4_AWB,0
South Asia,FodderHerb,FodderHerbAEZ08,FodderHerbAEZ08,2005,CH4_AWB,0
South Asia,FodderHerb,FodderHerbAEZ09,FodderHerbAEZ09,2005,CH4_AWB,0
South Asia,FodderHerb,FodderHerbAEZ10,FodderHerbAEZ10,2005,CH4_AWB,0
South Asia,FodderHerb,FodderHerbAEZ11,FodderHerbAEZ11,2005,CH4_AWB,0
South Asia,FodderHerb,FodderHerbAEZ12,FodderHerbAEZ12,2005,CH4_AWB,0
South Asia,FodderHerb,FodderHerbAEZ13,FodderHerbAEZ13,2005,CH4_AWB,0
South Asia,FodderHerb,FodderHerbAEZ14,FodderHerbAEZ14,2005,CH4_AWB,0
South Asia,FodderHerb,FodderHerbAEZ15,FodderHerbAEZ15,2005,CH4_AWB,0
South Asia,FodderHerb,FodderHerbAEZ16,FodderHerbAEZ16,2005,CH4_AWB,0
South Asia,MiscCrop,MiscCropAEZ03,MiscCropAEZ03,2005,CH4_AWB,3.93517618564692e-05
South Asia,MiscCrop,MiscCropAEZ04,MiscCropAEZ04,2005,CH4_AWB,0.00174525403334306
South Asia,MiscCrop,MiscCropAEZ05,MiscCropAEZ05,2005,CH4_AWB,0.00171258249274377
South Asia,MiscCrop,MiscCropAEZ06,MiscCropAEZ06,2005,CH4_AWB,0.00064305797707521
South Asia,MiscCrop,MiscCropAEZ07,MiscCropAEZ07,2005,CH4_AWB,4.9159243555123e-05
South Asia,MiscCrop,MiscCropAEZ08,MiscCropAEZ08,2005,CH4_AWB,5.14519579009583e-05
South Asia,MiscCrop,MiscCropAEZ09,MiscCropAEZ09,2005,CH4_AWB,6.61809982247828e-06
South Asia,MiscCrop,MiscCropAEZ10,MiscCropAEZ10,2005,CH4_AWB,0.00021029887423968
South Asia,MiscCrop,MiscCropAEZ11,MiscCropAEZ11,2005,CH4_AWB,0.000489004042438674
South Asia,MiscCrop,MiscCropAEZ12,MiscCropAEZ12,2005,CH4_AWB,0.000237420418444146
South Asia,MiscCrop,MiscCropAEZ13,MiscCropAEZ13,2005,CH4_AWB,7.33899740191873e-07
South Asia,MiscCrop,MiscCropAEZ14,MiscCropAEZ14,2005,CH4_AWB,4.09808844424726e-06
South Asia,MiscCrop,MiscCropAEZ15,MiscCropAEZ15,2005,CH4_AWB,9.58307403531384e-06
South Asia,MiscCrop,MiscCropAEZ16,MiscCropAEZ16,2005,CH4_AWB,5.82063396305721e-06
South Asia,OilCrop,OilCropAEZ03,OilCropAEZ03,2005,CH4_AWB,1.47276668118323e-06
South Asia,OilCrop,OilCropAEZ04,OilCropAEZ04,2005,CH4_AWB,9.2005904928883e-05
South Asia,OilCrop,OilCropAEZ05,OilCropAEZ05,2005,CH4_AWB,0.000120232323989977
South Asia,OilCrop,OilCropAEZ06,OilCropAEZ06,2005,CH4_AWB,3.07890116330878e-06
South Asia,OilCrop,OilCropAEZ07,OilCropAEZ07,2005,CH4_AWB,3.66135732345623e-07
South Asia,OilCrop,OilCropAEZ08,OilCropAEZ08,2005,CH4_AWB,4.78765376573037e-07
South Asia,OilCrop,OilCropAEZ09,OilCropAEZ09,2005,CH4_AWB,5.22387016559527e-07
South Asia,OilCrop,OilCropAEZ10,OilCropAEZ10,2005,CH4_AWB,9.45659946198935e-06
South Asia,OilCrop,OilCropAEZ11,OilCropAEZ11,2005,CH4_AWB,2.24386855655098e-05
South Asia,OilCrop,OilCropAEZ12,OilCropAEZ12,2005,CH4_AWB,1.10065978992142e-05
South Asia,OilCrop,OilCropAEZ13,OilCropAEZ13,2005,CH4_AWB,3.1464789498452e-08
South Asia,OilCrop,OilCropAEZ14,OilCropAEZ14,2005,CH4_AWB,1.49457750117648e-07
South Asia,OilCrop,OilCropAEZ15,OilCropAEZ15,2005,CH4_AWB,6.38592205048133e-07
South Asia,OilCrop,OilCropAEZ16,OilCropAEZ16,2005,CH4_AWB,1.9272183567802e-07
South Asia,OtherGrain,OtherGrainAEZ03,OtherGrainAEZ03,2005,CH4_AWB,1.99904270580208e-06
South Asia,OtherGrain,OtherGrainAEZ04,OtherGrainAEZ04,2005,CH4_AWB,3.17194860372221e-05
South Asia,OtherGrain,OtherGrainAEZ05,OtherGrainAEZ05,2005,CH4_AWB,3.51244293726599e-05
South Asia,OtherGrain,OtherGrainAEZ06,OtherGrainAEZ06,2005,CH4_AWB,1.54678667167926e-06
South Asia,OtherGrain,OtherGrainAEZ07,OtherGrainAEZ07,2005,CH4_AWB,8.1252177020549e-06
South Asia,OtherGrain,OtherGrainAEZ08,OtherGrainAEZ08,2005,CH4_AWB,3.56595595491612e-05
South Asia,OtherGrain,OtherGrainAEZ09,OtherGrainAEZ09,2005,CH4_AWB,2.99530828882397e-07
South Asia,OtherGrain,OtherGrainAEZ10,OtherGrainAEZ10,2005,CH4_AWB,2.54678159110818e-05
South Asia,OtherGrain,OtherGrainAEZ11,OtherGrainAEZ11,2005,CH4_AWB,5.81320671714193e-05
South Asia,OtherGrain,OtherGrainAEZ12,OtherGrainAEZ12,2005,CH4_AWB,4.27452987225255e-05
South Asia,OtherGrain,OtherGrainAEZ13,OtherGrainAEZ13,2005,CH4_AWB,4.1709371942794e-06
South Asia,OtherGrain,OtherGrainAEZ14,OtherGrainAEZ14,2005,CH4_AWB,4.58826769697126e-06
South Asia,OtherGrain,OtherGrainAEZ15,OtherGrainAEZ15,2005,CH4_AWB,2.7419501964096e-06
South Asia,OtherGrain,OtherGrainAEZ16,OtherGrainAEZ16,2005,CH4_AWB,2.08487663897984e-06
South Asia,PalmFruit,PalmFruitAEZ03,PalmFruitAEZ03,2005,CH4_AWB,1.6989728712438e-05
South Asia,PalmFruit,PalmFruitAEZ04,PalmFruitAEZ04,2005,CH4_AWB,0.000136367156329267
South Asia,PalmFruit,PalmFruitAEZ05,PalmFruitAEZ05,2005,CH4_AWB,0.000172737650749513
South Asia,PalmFruit,PalmFruitAEZ06,PalmFruitAEZ06,2005,CH4_AWB,0.00043042742086496
South Asia,PalmFruit,PalmFruitAEZ07,PalmFruitAEZ07,2005,CH4_AWB,0
South Asia,PalmFruit,PalmFruitAEZ08,PalmFruitAEZ08,2005,CH4_AWB,0
South Asia,PalmFruit,PalmFruitAEZ09,PalmFruitAEZ09,2005,CH4_AWB,0
South Asia,PalmFruit,PalmFruitAEZ10,PalmFruitAEZ10,2005,CH4_AWB,1.19441256012899e-07
South Asia,PalmFruit,PalmFruitAEZ11,PalmFruitAEZ11,2005,CH4_AWB,1.75654482057065e-06
South Asia,PalmFruit,PalmFruitAEZ12,PalmFruitAEZ12,2005,CH4_AWB,3.86193394441709e-06
South Asia,PalmFruit,PalmFruitAEZ13,PalmFruitAEZ13,2005,CH4_AWB,0
South Asia,PalmFruit,PalmFruitAEZ14,PalmFruitAEZ14,2005,CH4_AWB,0
South Asia,PalmFruit,PalmFruitAEZ15,PalmFruitAEZ15,2005,CH4_AWB,0
South Asia,PalmFruit,PalmFruitAEZ16,PalmFruitAEZ16,2005,CH4_AWB,0
South Asia,Rice,RiceAEZ03,RiceAEZ03,2005,CH4_AWB,9.84463050691771e-05
South Asia,Rice,RiceAEZ04,RiceAEZ04,2005,CH4_AWB,0.00445141209913782
South Asia,Rice,RiceAEZ05,RiceAEZ05,2005,CH4_AWB,0.0117486893776083
South Asia,Rice,RiceAEZ06,RiceAEZ06,2005,CH4_AWB,0.0006114825630263
South Asia,Rice,RiceAEZ07,RiceAEZ07,2005,CH4_AWB,9.61576703165884e-06
South Asia,Rice,RiceAEZ08,RiceAEZ08,2005,CH4_AWB,4.27747129132705e-05
South Asia,Rice,RiceAEZ09,RiceAEZ09,2005,CH4_AWB,4.40297706808189e-07
South Asia,Rice,RiceAEZ10,RiceAEZ10,2005,CH4_AWB,0.000273846526627232
South Asia,Rice,RiceAEZ11,RiceAEZ11,2005,CH4_AWB,0.000701654543947568
South Asia,Rice,RiceAEZ12,RiceAEZ12,2005,CH4_AWB,0.000261131931396316
South Asia,Rice,RiceAEZ13,RiceAEZ13,2005,CH4_AWB,5.80302483242702e-06
South Asia,Rice,RiceAEZ14,RiceAEZ14,2005,CH4_AWB,5.06133059684434e-06
South Asia,Rice,RiceAEZ15,RiceAEZ15,2005,CH4_AWB,1.78128392915105e-05
South Asia,Rice,RiceAEZ16,RiceAEZ16,2005,CH4_AWB,4.56927793054963e-06
South Asia,Root_Tuber,Root_TuberAEZ03,Root_TuberAEZ03,2005,CH4_AWB,2.12468906506471e-05
South Asia,Root_Tuber,Root_TuberAEZ04,Root_TuberAEZ04,2005,CH4_AWB,0.000584500866422303
South Asia,Root_Tuber,Root_TuberAEZ05,Root_TuberAEZ05,2005,CH4_AWB,0.000745448830068885
South Asia,Root_Tuber,Root_TuberAEZ06,Root_TuberAEZ06,2005,CH4_AWB,6.92720405224624e-05
South Asia,Root_Tuber,Root_TuberAEZ07,Root_TuberAEZ07,2005,CH4_AWB,0.000149887793795372
South Asia,Root_Tuber,Root_TuberAEZ08,Root_TuberAEZ08,2005,CH4_AWB,0.000769917669458854
South Asia,Root_Tuber,Root_TuberAEZ09,Root_TuberAEZ09,2005,CH4_AWB,8.77214410193733e-06
South Asia,Root_Tuber,Root_TuberAEZ10,Root_TuberAEZ10,2005,CH4_AWB,7.84683579555512e-05
South Asia,Root_Tuber,Root_TuberAEZ11,Root_TuberAEZ11,2005,CH4_AWB,0.000143821573176491
South Asia,Root_Tuber,Root_TuberAEZ12,Root_TuberAEZ12,2005,CH4_AWB,7.47646144910756e-05
South Asia,Root_Tuber,Root_TuberAEZ13,Root_TuberAEZ13,2005,CH4_AWB,0.000120683730937273
South Asia,Root_Tuber,Root_TuberAEZ14,Root_TuberAEZ14,2005,CH4_AWB,5.48102116436897e-05
South Asia,Root_Tuber,Root_TuberAEZ15,Root_TuberAEZ15,2005,CH4_AWB,4.52527621075486e-06
South Asia,Root_Tuber,Root_TuberAEZ16,Root_TuberAEZ16,2005,CH4_AWB,2.42580363693011e-06
South Asia,SugarCrop,SugarCropAEZ03,SugarCropAEZ03,2005,CH4_AWB,0.000241163749767735
South Asia,SugarCrop,SugarCropAEZ04,SugarCropAEZ04,2005,CH4_AWB,0.00114356479017494
South Asia,SugarCrop,SugarCropAEZ05,SugarCropAEZ05,2005,CH4_AWB,0.00168407774679346
South Asia,SugarCrop,SugarCropAEZ06,SugarCropAEZ06,2005,CH4_AWB,0.000238522302828268
South Asia,SugarCrop,SugarCropAEZ07,SugarCropAEZ07,2005,CH4_AWB,4.19549685370529e-06
South Asia,SugarCrop,SugarCropAEZ08,SugarCropAEZ08,2005,CH4_AWB,3.99734043632109e-06
South Asia,SugarCrop,SugarCropAEZ09,SugarCropAEZ09,2005,CH4_AWB,1.72948950476639e-06
South Asia,SugarCrop,SugarCropAEZ10,SugarCropAEZ10,2005,CH4_AWB,0.000114565610672913
South Asia,SugarCrop,SugarCropAEZ11,SugarCropAEZ11,2005,CH4_AWB,0.000208973458721037
South Asia,SugarCrop,SugarCropAEZ12,SugarCropAEZ12,2005,CH4_AWB,9.86044396886656e-05
South Asia,SugarCrop,SugarCropAEZ13,SugarCropAEZ13,2005,CH4_AWB,2.06914712075231e-07
South Asia,SugarCrop,SugarCropAEZ14,SugarCropAEZ14,2005,CH4_AWB,1.09998707384967e-06
South Asia,SugarCrop,SugarCropAEZ15,SugarCropAEZ15,2005,CH4_AWB,3.35716383374971e-06
South Asia,SugarCrop,SugarCropAEZ16,SugarCropAEZ16,2005,CH4_AWB,2.2114694094813e-07
South Asia,Wheat,WheatAEZ03,WheatAEZ03,2005,CH4_AWB,4.85486467515619e-05
South Asia,Wheat,WheatAEZ04,WheatAEZ04,2005,CH4_AWB,0.000519021108433619
South Asia,Wheat,WheatAEZ05,WheatAEZ05,2005,CH4_AWB,0.000624810791242674
South Asia,Wheat,WheatAEZ06,WheatAEZ06,2005,CH4_AWB,0
South Asia,Wheat,WheatAEZ07,WheatAEZ07,2005,CH4_AWB,0.000108996023058964
South Asia,Wheat,WheatAEZ08,WheatAEZ08,2005,CH4_AWB,0.000503795212284284
South Asia,Wheat,WheatAEZ09,WheatAEZ09,2005,CH4_AWB,4.68868403128106e-06
South Asia,Wheat,WheatAEZ10,WheatAEZ10,2005,CH4_AWB,9.39820172254002e-05
South Asia,Wheat,WheatAEZ11,WheatAEZ11,2005,CH4_AWB,0.000157117779677503
South Asia,Wheat,WheatAEZ12,WheatAEZ12,2005,CH4_AWB,5.39511834818738e-05
South Asia,Wheat,WheatAEZ13,WheatAEZ13,2005,CH4_AWB,5.75715316443504e-05
South Asia,Wheat,WheatAEZ14,WheatAEZ14,2005,CH4_AWB,2.82462673137914e-05
South Asia,Wheat,WheatAEZ15,WheatAEZ15,2005,CH4_AWB,5.61886919106338e-06
South Asia,Wheat,WheatAEZ16,WheatAEZ16,2005,CH4_AWB,2.88561738201816e-06
South Asia,Corn,CornAEZ03,CornAEZ03,2005,CO_AWB,0.000710968403076942
South Asia,Corn,CornAEZ04,CornAEZ04,2005,CO_AWB,0.00830368069839636
South Asia,Corn,CornAEZ05,CornAEZ05,2005,CO_AWB,0.00397425403777834
South Asia,Corn,CornAEZ06,CornAEZ06,2005,CO_AWB,0.000611154844259236
South Asia,Corn,CornAEZ07,CornAEZ07,2005,CO_AWB,0.000564390945638347
South Asia,Corn,CornAEZ08,CornAEZ08,2005,CO_AWB,0.00214702107897676
South Asia,Corn,CornAEZ09,CornAEZ09,2005,CO_AWB,4.82540576151835e-05
South Asia,Corn,CornAEZ10,CornAEZ10,2005,CO_AWB,0.00597960163709773
South Asia,Corn,CornAEZ11,CornAEZ11,2005,CO_AWB,0.0159555387588892
South Asia,Corn,CornAEZ12,CornAEZ12,2005,CO_AWB,0.00955831329019102
South Asia,Corn,CornAEZ13,CornAEZ13,2005,CO_AWB,0.000377064413155817
South Asia,Corn,CornAEZ14,CornAEZ14,2005,CO_AWB,0.000419980992191444
South Asia,Corn,CornAEZ15,CornAEZ15,2005,CO_AWB,0.000481050417157546
South Asia,Corn,CornAEZ16,CornAEZ16,2005,CO_AWB,0.000139912382664126
South Asia,FiberCrop,FiberCropAEZ03,FiberCropAEZ03,2005,CO_AWB,9.44886453633436e-06
South Asia,FiberCrop,FiberCropAEZ04,FiberCropAEZ04,2005,CO_AWB,0.00615479748077007
South Asia,FiberCrop,FiberCropAEZ05,FiberCropAEZ05,2005,CO_AWB,0.00795473032396499
South Asia,FiberCrop,FiberCropAEZ06,FiberCropAEZ06,2005,CO_AWB,1.51701953565001e-06
South Asia,FiberCrop,FiberCropAEZ07,FiberCropAEZ07,2005,CO_AWB,4.52721972853264e-05
South Asia,FiberCrop,FiberCropAEZ08,FiberCropAEZ08,2005,CO_AWB,0.000963101523915059
South Asia,FiberCrop,FiberCropAEZ09,FiberCropAEZ09,2005,CO_AWB,0
South Asia,FiberCrop,FiberCropAEZ10,FiberCropAEZ10,2005,CO_AWB,1.92661481027551e-05
South Asia,FiberCrop,FiberCropAEZ11,FiberCropAEZ11,2005,CO_AWB,0.000163209630328289
South Asia,FiberCrop,FiberCropAEZ12,FiberCropAEZ12,2005,CO_AWB,8.54948866877038e-06
South Asia,FiberCrop,FiberCropAEZ13,FiberCropAEZ13,2005,CO_AWB,1.96345671328414e-05
South Asia,FiberCrop,FiberCropAEZ14,FiberCropAEZ14,2005,CO_AWB,2.23435305893595e-05
South Asia,FiberCrop,FiberCropAEZ15,FiberCropAEZ15,2005,CO_AWB,0
South Asia,FiberCrop,FiberCropAEZ16,FiberCropAEZ16,2005,CO_AWB,0
South Asia,FodderGrass,FodderGrassAEZ03,FodderGrassAEZ03,2005,CO_AWB,0.000108230913899949
South Asia,FodderGrass,FodderGrassAEZ04,FodderGrassAEZ04,2005,CO_AWB,0.00195485383736237
South Asia,FodderGrass,FodderGrassAEZ05,FodderGrassAEZ05,2005,CO_AWB,0.000443154554246017
South Asia,FodderGrass,FodderGrassAEZ06,FodderGrassAEZ06,2005,CO_AWB,0
South Asia,FodderGrass,FodderGrassAEZ07,FodderGrassAEZ07,2005,CO_AWB,9.48645730966089e-05
South Asia,FodderGrass,FodderGrassAEZ08,FodderGrassAEZ08,2005,CO_AWB,0.000597207383330804
South Asia,FodderGrass,FodderGrassAEZ09,FodderGrassAEZ09,2005,CO_AWB,0
South Asia,FodderGrass,FodderGrassAEZ10,FodderGrassAEZ10,2005,CO_AWB,5.75287721754258e-05
South Asia,FodderGrass,FodderGrassAEZ11,FodderGrassAEZ11,2005,CO_AWB,0.000251145556459578
South Asia,FodderGrass,FodderGrassAEZ12,FodderGrassAEZ12,2005,CO_AWB,7.47413932176686e-05
South Asia,FodderGrass,FodderGrassAEZ13,FodderGrassAEZ13,2005,CO_AWB,4.77166217810189e-06
South Asia,FodderGrass,FodderGrassAEZ14,FodderGrassAEZ14,2005,CO_AWB,7.62018423675211e-06
South Asia,FodderGrass,FodderGrassAEZ15,FodderGrassAEZ15,2005,CO_AWB,0
South Asia,FodderGrass,FodderGrassAEZ16,FodderGrassAEZ16,2005,CO_AWB,0
South Asia,FodderHerb,FodderHerbAEZ03,FodderHerbAEZ03,2005,CO_AWB,0
South Asia,FodderHerb,FodderHerbAEZ04,FodderHerbAEZ04,2005,CO_AWB,0
South Asia,FodderHerb,FodderHerbAEZ05,FodderHerbAEZ05,2005,CO_AWB,0
South Asia,FodderHerb,FodderHerbAEZ06,FodderHerbAEZ06,2005,CO_AWB,0
South Asia,FodderHerb,FodderHerbAEZ07,FodderHerbAEZ07,2005,CO_AWB,0
South Asia,FodderHerb,FodderHerbAEZ08,FodderHerbAEZ08,2005,CO_AWB,0
South Asia,FodderHerb,FodderHerbAEZ09,FodderHerbAEZ09,2005,CO_AWB,0
South Asia,FodderHerb,FodderHerbAEZ10,FodderHerbAEZ10,2005,CO_AWB,0
South Asia,FodderHerb,FodderHerbAEZ11,FodderHerbAEZ11,2005,CO_AWB,0
South Asia,FodderHerb,FodderHerbAEZ12,FodderHerbAEZ12,2005,CO_AWB,0
South Asia,FodderHerb,FodderHerbAEZ13,FodderHerbAEZ13,2005,CO_AWB,0
South Asia,FodderHerb,FodderHerbAEZ14,FodderHerbAEZ14,2005,CO_AWB,0
South Asia,FodderHerb,FodderHerbAEZ15,FodderHerbAEZ15,2005,CO_AWB,0
South Asia,FodderHerb,FodderHerbAEZ16,FodderHerbAEZ16,2005,CO_AWB,0
South Asia,MiscCrop,MiscCropAEZ03,MiscCropAEZ03,2005,CO_AWB,0.001812515470995
South Asia,MiscCrop,MiscCropAEZ04,MiscCropAEZ04,2005,CO_AWB,0.0803852175104248
South Asia,MiscCrop,MiscCropAEZ05,MiscCropAEZ05,2005,CO_AWB,0.07888038850141
South Asia,MiscCrop,MiscCropAEZ06,MiscCropAEZ06,2005,CO_AWB,0.0296188144369946
South Asia,MiscCrop,MiscCropAEZ07,MiscCropAEZ07,2005,CO_AWB,0.00226424142865725
South Asia,MiscCrop,MiscCropAEZ08,MiscCropAEZ08,2005,CO_AWB,0.00236984229698827
South Asia,MiscCrop,MiscCropAEZ09,MiscCropAEZ09,2005,CO_AWB,0.000304825190815673
South Asia,MiscCrop,MiscCropAEZ10,MiscCropAEZ10,2005,CO_AWB,0.00968622356687668
South Asia,MiscCrop,MiscCropAEZ11,MiscCropAEZ11,2005,CO_AWB,0.0225231946547136
South Asia,MiscCrop,MiscCropAEZ12,MiscCropAEZ12,2005,CO_AWB,0.0109354235047897
South Asia,MiscCrop,MiscCropAEZ13,MiscCropAEZ13,2005,CO_AWB,3.38029244563113e-05
South Asia,MiscCrop,MiscCropAEZ14,MiscCropAEZ14,2005,CO_AWB,0.000188755175277696
South Asia,MiscCrop,MiscCropAEZ15,MiscCropAEZ15,2005,CO_AWB,0.000441389892835036
South Asia,MiscCrop,MiscCropAEZ16,MiscCropAEZ16,2005,CO_AWB,0.000268094454004879
South Asia,OilCrop,OilCropAEZ03,OilCropAEZ03,2005,CO_AWB,6.78346348137327e-05
South Asia,OilCrop,OilCropAEZ04,OilCropAEZ04,2005,CO_AWB,0.00423772960191059
South Asia,OilCrop,OilCropAEZ05,OilCropAEZ05,2005,CO_AWB,0.00553781932662544
South Asia,OilCrop,OilCropAEZ06,OilCropAEZ06,2005,CO_AWB,0.000141812100116789
South Asia,OilCrop,OilCropAEZ07,OilCropAEZ07,2005,CO_AWB,1.68639635953537e-05
South Asia,OilCrop,OilCropAEZ08,OilCropAEZ08,2005,CO_AWB,2.20516086466588e-05
South Asia,OilCrop,OilCropAEZ09,OilCropAEZ09,2005,CO_AWB,2.40607918093865e-05
South Asia,OilCrop,OilCropAEZ10,OilCropAEZ10,2005,CO_AWB,0.000435564559736248
South Asia,OilCrop,OilCropAEZ11,OilCropAEZ11,2005,CO_AWB,0.00103351064393557
South Asia,OilCrop,OilCropAEZ12,OilCropAEZ12,2005,CO_AWB,0.000506956436870876
South Asia,OilCrop,OilCropAEZ13,OilCropAEZ13,2005,CO_AWB,1.44924687147571e-06
South Asia,OilCrop,OilCropAEZ14,OilCropAEZ14,2005,CO_AWB,6.88392263950965e-06
South Asia,OilCrop,OilCropAEZ15,OilCropAEZ15,2005,CO_AWB,2.94131240051777e-05
South Asia,OilCrop,OilCropAEZ16,OilCropAEZ16,2005,CO_AWB,8.87663708778878e-06
South Asia,OtherGrain,OtherGrainAEZ03,OtherGrainAEZ03,2005,CO_AWB,9.20745516976217e-05
South Asia,OtherGrain,OtherGrainAEZ04,OtherGrainAEZ04,2005,CO_AWB,0.00146097802136967
South Asia,OtherGrain,OtherGrainAEZ05,OtherGrainAEZ05,2005,CO_AWB,0.00161780740288128
South Asia,OtherGrain,OtherGrainAEZ06,OtherGrainAEZ06,2005,CO_AWB,7.1243945391142e-05
South Asia,OtherGrain,OtherGrainAEZ07,OtherGrainAEZ07,2005,CO_AWB,0.000374242018537625
South Asia,OtherGrain,OtherGrainAEZ08,OtherGrainAEZ08,2005,CO_AWB,0.00164245513599785
South Asia,OtherGrain,OtherGrainAEZ09,OtherGrainAEZ09,2005,CO_AWB,1.3796186899318e-05
South Asia,OtherGrain,OtherGrainAEZ10,OtherGrainAEZ10,2005,CO_AWB,0.00117303033393154
South Asia,OtherGrain,OtherGrainAEZ11,OtherGrainAEZ11,2005,CO_AWB,0.00267752360093622
South Asia,OtherGrain,OtherGrainAEZ12,OtherGrainAEZ12,2005,CO_AWB,0.00196881947826037
South Asia,OtherGrain,OtherGrainAEZ13,OtherGrainAEZ13,2005,CO_AWB,0.000192110539313428
South Asia,OtherGrain,OtherGrainAEZ14,OtherGrainAEZ14,2005,CO_AWB,0.00021133249932137
South Asia,OtherGrain,OtherGrainAEZ15,OtherGrainAEZ15,2005,CO_AWB,0.00012629236703091
South Asia,OtherGrain,OtherGrainAEZ16,OtherGrainAEZ16,2005,CO_AWB,9.60280044652127e-05
South Asia,PalmFruit,PalmFruitAEZ03,PalmFruitAEZ03,2005,CO_AWB,0.000782535385623133
South Asia,PalmFruit,PalmFruitAEZ04,PalmFruitAEZ04,2005,CO_AWB,0.00628097876491281
South Asia,PalmFruit,PalmFruitAEZ05,PalmFruitAEZ05,2005,CO_AWB,0.00795617907906588
South Asia,PalmFruit,PalmFruitAEZ06,PalmFruitAEZ06,2005,CO_AWB,0.0198251951794113
South Asia,PalmFruit,PalmFruitAEZ07,PalmFruitAEZ07,2005,CO_AWB,0
South Asia,PalmFruit,PalmFruitAEZ08,PalmFruitAEZ08,2005,CO_AWB,0
South Asia,PalmFruit,PalmFruitAEZ09,PalmFruitAEZ09,2005,CO_AWB,0
South Asia,PalmFruit,PalmFruitAEZ10,PalmFruitAEZ10,2005,CO_AWB,5.50138327193766e-06
South Asia,PalmFruit,PalmFruitAEZ11,PalmFruitAEZ11,2005,CO_AWB,8.09052635150831e-05
South Asia,PalmFruit,PalmFruitAEZ12,PalmFruitAEZ12,2005,CO_AWB,0.000177878059125985
South Asia,PalmFruit,PalmFruitAEZ13,PalmFruitAEZ13,2005,CO_AWB,0
South Asia,PalmFruit,PalmFruitAEZ14,PalmFruitAEZ14,2005,CO_AWB,0
South Asia,PalmFruit,PalmFruitAEZ15,PalmFruitAEZ15,2005,CO_AWB,0
South Asia,PalmFruit,PalmFruitAEZ16,PalmFruitAEZ16,2005,CO_AWB,0
South Asia,Rice,RiceAEZ03,RiceAEZ03,2005,CO_AWB,0.00453437006584352
South Asia,Rice,RiceAEZ04,RiceAEZ04,2005,CO_AWB,0.205029023271934
South Asia,Rice,RiceAEZ05,RiceAEZ05,2005,CO_AWB,0.541136667234862
South Asia,Rice,RiceAEZ06,RiceAEZ06,2005,CO_AWB,0.0281644722737272
South Asia,Rice,RiceAEZ07,RiceAEZ07,2005,CO_AWB,0.000442895710081152
South Asia,Rice,RiceAEZ08,RiceAEZ08,2005,CO_AWB,0.00197017427594355
South Asia,Rice,RiceAEZ09,RiceAEZ09,2005,CO_AWB,2.0279813857998e-05
South Asia,Rice,RiceAEZ10,RiceAEZ10,2005,CO_AWB,0.0126131853511536
South Asia,Rice,RiceAEZ11,RiceAEZ11,2005,CO_AWB,0.0323177325792298
South Asia,Rice,RiceAEZ12,RiceAEZ12,2005,CO_AWB,0.0120275597151902
South Asia,Rice,RiceAEZ13,RiceAEZ13,2005,CO_AWB,0.000267283389386873
South Asia,Rice,RiceAEZ14,RiceAEZ14,2005,CO_AWB,0.000233121455757453
South Asia,Rice,RiceAEZ15,RiceAEZ15,2005,CO_AWB,0.0008204473008342
South Asia,Rice,RiceAEZ16,RiceAEZ16,2005,CO_AWB,0.000210457843554868
South Asia,Root_Tuber,Root_TuberAEZ03,Root_TuberAEZ03,2005,CO_AWB,0.00097861737818242
South Asia,Root_Tuber,Root_TuberAEZ04,Root_TuberAEZ04,2005,CO_AWB,0.0269217136214765
South Asia,Root_Tuber,Root_TuberAEZ05,Root_TuberAEZ05,2005,CO_AWB,0.0343348677058752
South Asia,Root_Tuber,Root_TuberAEZ06,Root_TuberAEZ06,2005,CO_AWB,0.00319062322069106
South Asia,Root_Tuber,Root_TuberAEZ07,Root_TuberAEZ07,2005,CO_AWB,0.00690373015974017
South Asia,Root_Tuber,Root_TuberAEZ08,Root_TuberAEZ08,2005,CO_AWB,0.0354618858585407
South Asia,Root_Tuber,Root_TuberAEZ09,Root_TuberAEZ09,2005,CO_AWB,0.000404039009906367
South Asia,Root_Tuber,Root_TuberAEZ10,Root_TuberAEZ10,2005,CO_AWB,0.00361419936664485
South Asia,Root_Tuber,Root_TuberAEZ11,Root_TuberAEZ11,2005,CO_AWB,0.00662432415087345
South Asia,Root_Tuber,Root_TuberAEZ12,Root_TuberAEZ12,2005,CO_AWB,0.00344360745377336
South Asia,Root_Tuber,Root_TuberAEZ13,Root_TuberAEZ13,2005,CO_AWB,0.00555861082456832
South Asia,Root_Tuber,Root_TuberAEZ14,Root_TuberAEZ14,2005,CO_AWB,0.00252452118751492
South Asia,Root_Tuber,Root_TuberAEZ15,Root_TuberAEZ15,2005,CO_AWB,0.000208431154173861
South Asia,Root_Tuber,Root_TuberAEZ16,Root_TuberAEZ16,2005,CO_AWB,0.000111730870845594
South Asia,SugarCrop,SugarCropAEZ03,SugarCropAEZ03,2005,CO_AWB,0.0111078388076118
South Asia,SugarCrop,SugarCropAEZ04,SugarCropAEZ04,2005,CO_AWB,0.0526718189095895
South Asia,SugarCrop,SugarCropAEZ05,SugarCropAEZ05,2005,CO_AWB,0.0775674792288811
South Asia,SugarCrop,SugarCropAEZ06,SugarCropAEZ06,2005,CO_AWB,0.0109861755524554
South Asia,SugarCrop,SugarCropAEZ07,SugarCropAEZ07,2005,CO_AWB,0.000193241740575373
South Asia,SugarCrop,SugarCropAEZ08,SugarCropAEZ08,2005,CO_AWB,0.000184114790338791
South Asia,SugarCrop,SugarCropAEZ09,SugarCropAEZ09,2005,CO_AWB,7.96591140123812e-05
South Asia,SugarCrop,SugarCropAEZ10,SugarCropAEZ10,2005,CO_AWB,0.00527681435321829
South Asia,SugarCrop,SugarCropAEZ11,SugarCropAEZ11,2005,CO_AWB,0.00962517582670692
South Asia,SugarCrop,SugarCropAEZ12,SugarCropAEZ12,2005,CO_AWB,0.00454165363920342
South Asia,SugarCrop,SugarCropAEZ13,SugarCropAEZ13,2005,CO_AWB,9.53035135201138e-06
South Asia,SugarCrop,SugarCropAEZ14,SugarCropAEZ14,2005,CO_AWB,5.06646588409177e-05
South Asia,SugarCrop,SugarCropAEZ15,SugarCropAEZ15,2005,CO_AWB,0.000154628690057899
South Asia,SugarCrop,SugarCropAEZ16,SugarCropAEZ16,2005,CO_AWB,1.01858781645836e-05
South Asia,Wheat,WheatAEZ03,WheatAEZ03,2005,CO_AWB,0.00223611775386395
South Asia,Wheat,WheatAEZ04,WheatAEZ04,2005,CO_AWB,0.0239057603631603
South Asia,Wheat,WheatAEZ05,WheatAEZ05,2005,CO_AWB,0.0287783614289636
South Asia,Wheat,WheatAEZ06,WheatAEZ06,2005,CO_AWB,0
South Asia,Wheat,WheatAEZ07,WheatAEZ07,2005,CO_AWB,0.00502028292384635
South Asia,Wheat,WheatAEZ08,WheatAEZ08,2005,CO_AWB,0.0232044659095324
South Asia,Wheat,WheatAEZ09,WheatAEZ09,2005,CO_AWB,0.000215957607598376
South Asia,Wheat,WheatAEZ10,WheatAEZ10,2005,CO_AWB,0.00432874799450314
South Asia,Wheat,WheatAEZ11,WheatAEZ11,2005,CO_AWB,0.00723673840761062
South Asia,Wheat,WheatAEZ12,WheatAEZ12,2005,CO_AWB,0.00248495493279446
South Asia,Wheat,WheatAEZ13,WheatAEZ13,2005,CO_AWB,0.00265170571459709
South Asia,Wheat,WheatAEZ14,WheatAEZ14,2005,CO_AWB,0.00130100392177716
South Asia,Wheat,WheatAEZ15,WheatAEZ15,2005,CO_AWB,0.000258801305401407
South Asia,Wheat,WheatAEZ16,WheatAEZ16,2005,CO_AWB,0.000132909580195078
South Asia,Corn,CornAEZ03,CornAEZ03,2005,N2O_AWB,3.99958753140433e-07
South Asia,Corn,CornAEZ04,CornAEZ04,2005,N2O_AWB,4.67127619769549e-06
South Asia,Corn,CornAEZ05,CornAEZ05,2005,N2O_AWB,2.23573605062325e-06
South Asia,Corn,CornAEZ06,CornAEZ06,2005,N2O_AWB,3.4380814734914e-07
South Asia,Corn,CornAEZ07,CornAEZ07,2005,N2O_AWB,3.17500887415434e-07
South Asia,Corn,CornAEZ08,CornAEZ08,2005,N2O_AWB,1.20781721100036e-06
South Asia,Corn,CornAEZ09,CornAEZ09,2005,N2O_AWB,2.7145556165661e-08
South Asia,Corn,CornAEZ10,CornAEZ10,2005,N2O_AWB,3.36385415258923e-06
South Asia,Corn,CornAEZ11,CornAEZ11,2005,N2O_AWB,8.97586638178427e-06
South Asia,Corn,CornAEZ12,CornAEZ12,2005,N2O_AWB,5.37707589975234e-06
South Asia,Corn,CornAEZ13,CornAEZ13,2005,N2O_AWB,2.12119430183888e-07
South Asia,Corn,CornAEZ14,CornAEZ14,2005,N2O_AWB,2.36262361664184e-07
South Asia,Corn,CornAEZ15,CornAEZ15,2005,N2O_AWB,2.70617265424657e-07
South Asia,Corn,CornAEZ16,CornAEZ16,2005,N2O_AWB,7.87083953057122e-08
South Asia,FiberCrop,FiberCropAEZ03,FiberCropAEZ03,2005,N2O_AWB,5.31550496785743e-09
South Asia,FiberCrop,FiberCropAEZ04,FiberCropAEZ04,2005,N2O_AWB,3.46241143148843e-06
South Asia,FiberCrop,FiberCropAEZ05,FiberCropAEZ05,2005,N2O_AWB,4.47497245752723e-06
South Asia,FiberCrop,FiberCropAEZ06,FiberCropAEZ06,2005,N2O_AWB,8.53406760894539e-10
South Asia,FiberCrop,FiberCropAEZ07,FiberCropAEZ07,2005,N2O_AWB,2.5468096050124e-08
South Asia,FiberCrop,FiberCropAEZ08,FiberCropAEZ08,2005,N2O_AWB,5.41797473679053e-07
South Asia,FiberCrop,FiberCropAEZ09,FiberCropAEZ09,2005,N2O_AWB,0
South Asia,FiberCrop,FiberCropAEZ10,FiberCropAEZ10,2005,N2O_AWB,1.08382658633606e-08
South Asia,FiberCrop,FiberCropAEZ11,FiberCropAEZ11,2005,N2O_AWB,9.18143759470967e-08
South Asia,FiberCrop,FiberCropAEZ12,FiberCropAEZ12,2005,N2O_AWB,4.8095566738985e-09
South Asia,FiberCrop,FiberCropAEZ13,FiberCropAEZ13,2005,N2O_AWB,1.10455217910064e-08
South Asia,FiberCrop,FiberCropAEZ14,FiberCropAEZ14,2005,N2O_AWB,1.2569462435461e-08
South Asia,FiberCrop,FiberCropAEZ15,FiberCropAEZ15,2005,N2O_AWB,0
South Asia,FiberCrop,FiberCropAEZ16,FiberCropAEZ16,2005,N2O_AWB,0
South Asia,FodderGrass,FodderGrassAEZ03,FodderGrassAEZ03,2005,N2O_AWB,6.08858300697061e-08
South Asia,FodderGrass,FodderGrassAEZ04,FodderGrassAEZ04,2005,N2O_AWB,1.0997125891664e-06
South Asia,FodderGrass,FodderGrassAEZ05,FodderGrassAEZ05,2005,N2O_AWB,2.49298762360836e-07
South Asia,FodderGrass,FodderGrassAEZ06,FodderGrassAEZ06,2005,N2O_AWB,0
South Asia,FodderGrass,FodderGrassAEZ07,FodderGrassAEZ07,2005,N2O_AWB,5.33665296639252e-08
South Asia,FodderGrass,FodderGrassAEZ08,FodderGrassAEZ08,2005,N2O_AWB,3.35961934974204e-07
South Asia,FodderGrass,FodderGrassAEZ09,FodderGrassAEZ09,2005,N2O_AWB,0
South Asia,FodderGrass,FodderGrassAEZ10,FodderGrassAEZ10,2005,N2O_AWB,3.23630922125428e-08
South Asia,FodderGrass,FodderGrassAEZ11,FodderGrassAEZ11,2005,N2O_AWB,1.41283161366402e-07
South Asia,FodderGrass,FodderGrassAEZ12,FodderGrassAEZ12,2005,N2O_AWB,4.20461363823541e-08
South Asia,FodderGrass,FodderGrassAEZ13,FodderGrassAEZ13,2005,N2O_AWB,2.6843219008067e-09
South Asia,FodderGrass,FodderGrassAEZ14,FodderGrassAEZ14,2005,N2O_AWB,4.28677191959813e-09
South Asia,FodderGrass,FodderGrassAEZ15,FodderGrassAEZ15,2005,N2O_AWB,0
South Asia,FodderGrass,FodderGrassAEZ16,FodderGrassAEZ16,2005,N2O_AWB,0
South Asia,FodderHerb,FodderHerbAEZ03,FodderHerbAEZ03,2005,N2O_AWB,0
South Asia,FodderHerb,FodderHerbAEZ04,FodderHerbAEZ04,2005,N2O_AWB,0
South Asia,FodderHerb,FodderHerbAEZ05,FodderHerbAEZ05,2005,N2O_AWB,0
South Asia,FodderHerb,FodderHerbAEZ06,FodderHerbAEZ06,2005,N2O_AWB,0
South Asia,FodderHerb,FodderHerbAEZ07,FodderHerbAEZ07,2005,N2O_AWB,0
South Asia,FodderHerb,FodderHerbAEZ08,FodderHerbAEZ08,2005,N2O_AWB,0
South Asia,FodderHerb,FodderHerbAEZ09,FodderHerbAEZ09,2005,N2O_AWB,0
South Asia,FodderHerb,FodderHerbAEZ10,FodderHerbAEZ10,2005,N2O_AWB,0
South Asia,FodderHerb,FodderHerbAEZ11,FodderHerbAEZ11,2005,N2O_AWB,0
South Asia,FodderHerb,FodderHerbAEZ12,FodderHerbAEZ12,2005,N2O_AWB,0
South Asia,FodderHerb,FodderHerbAEZ13,FodderHerbAEZ13,2005,N2O_AWB,0
South Asia,FodderHerb,FodderHerbAEZ14,FodderHerbAEZ14,2005,N2O_AWB,0
South Asia,FodderHerb,FodderHerbAEZ15,FodderHerbAEZ15,2005,N2O_AWB,0
South Asia,FodderHerb,FodderHerbAEZ16,FodderHerbAEZ16,2005,N2O_AWB,0
South Asia,MiscCrop,MiscCropAEZ03,MiscCropAEZ03,2005,N2O_AWB,1.01963944486075e-06
South Asia,MiscCrop,MiscCropAEZ04,MiscCropAEZ04,2005,N2O_AWB,4.52210973472932e-05
South Asia,MiscCrop,MiscCropAEZ05,MiscCropAEZ05,2005,N2O_AWB,4.43745484267923e-05
South Asia,MiscCrop,MiscCropAEZ06,MiscCropAEZ06,2005,N2O_AWB,1.66622089539417e-05
South Asia,MiscCrop,MiscCropAEZ07,MiscCropAEZ07,2005,N2O_AWB,1.27376009214387e-06
South Asia,MiscCrop,MiscCropAEZ08,MiscCropAEZ08,2005,N2O_AWB,1.33316637721284e-06
South Asia,MiscCrop,MiscCropAEZ09,MiscCropAEZ09,2005,N2O_AWB,1.71480902269066e-07
South Asia,MiscCrop,MiscCropAEZ10,MiscCropAEZ10,2005,N2O_AWB,5.44903245162671e-06
South Asia,MiscCrop,MiscCropAEZ11,MiscCropAEZ11,2005,N2O_AWB,1.26705333343255e-05
South Asia,MiscCrop,MiscCropAEZ12,MiscCropAEZ12,2005,N2O_AWB,6.15177598766643e-06
South Asia,MiscCrop,MiscCropAEZ13,MiscCropAEZ13,2005,N2O_AWB,1.90160005135747e-08
South Asia,MiscCrop,MiscCropAEZ14,MiscCropAEZ14,2005,N2O_AWB,1.06185147224751e-07
South Asia,MiscCrop,MiscCropAEZ15,MiscCropAEZ15,2005,N2O_AWB,2.48306043451533e-07
South Asia,MiscCrop,MiscCropAEZ16,MiscCropAEZ16,2005,N2O_AWB,1.50817846592899e-07
South Asia,OilCrop,OilCropAEZ03,OilCropAEZ03,2005,N2O_AWB,3.81607056550177e-08
South Asia,OilCrop,OilCropAEZ04,OilCropAEZ04,2005,N2O_AWB,2.38395551812313e-06
South Asia,OilCrop,OilCropAEZ05,OilCropAEZ05,2005,N2O_AWB,3.11532735267618e-06
South Asia,OilCrop,OilCropAEZ06,OilCropAEZ06,2005,N2O_AWB,7.97770906519444e-08
South Asia,OilCrop,OilCropAEZ07,OilCropAEZ07,2005,N2O_AWB,9.48690521746491e-09
South Asia,OilCrop,OilCropAEZ08,OilCropAEZ08,2005,N2O_AWB,1.24052403185405e-08
South Asia,OilCrop,OilCropAEZ09,OilCropAEZ09,2005,N2O_AWB,1.35355161354651e-08
South Asia,OilCrop,OilCropAEZ10,OilCropAEZ10,2005,N2O_AWB,2.45028973819837e-07
South Asia,OilCrop,OilCropAEZ11,OilCropAEZ11,2005,N2O_AWB,5.81406468581279e-07
South Asia,OilCrop,OilCropAEZ12,OilCropAEZ12,2005,N2O_AWB,2.85190823544164e-07
South Asia,OilCrop,OilCropAEZ13,OilCropAEZ13,2005,N2O_AWB,8.15280917125891e-10
South Asia,OilCrop,OilCropAEZ14,OilCropAEZ14,2005,N2O_AWB,3.87258435634799e-09
South Asia,OilCrop,OilCropAEZ15,OilCropAEZ15,2005,N2O_AWB,1.65464967953051e-08
South Asia,OilCrop,OilCropAEZ16,OilCropAEZ16,2005,N2O_AWB,4.99359561739611e-09
South Asia,OtherGrain,OtherGrainAEZ03,OtherGrainAEZ03,2005,N2O_AWB,5.17969894774069e-08
South Asia,OtherGrain,OtherGrainAEZ04,OtherGrainAEZ04,2005,N2O_AWB,8.21880332886402e-07
South Asia,OtherGrain,OtherGrainAEZ05,OtherGrainAEZ05,2005,N2O_AWB,9.1010546865011e-07
South Asia,OtherGrain,OtherGrainAEZ06,OtherGrainAEZ06,2005,N2O_AWB,4.00786299983609e-08
South Asia,OtherGrain,OtherGrainAEZ07,OtherGrainAEZ07,2005,N2O_AWB,2.10531678284539e-07
South Asia,OtherGrain,OtherGrainAEZ08,OtherGrainAEZ08,2005,N2O_AWB,9.23971171489189e-07
South Asia,OtherGrain,OtherGrainAEZ09,OtherGrainAEZ09,2005,N2O_AWB,7.7611124298395e-09
South Asia,OtherGrain,OtherGrainAEZ10,OtherGrainAEZ10,2005,N2O_AWB,6.59893952705505e-07
South Asia,OtherGrain,OtherGrainAEZ11,OtherGrainAEZ11,2005,N2O_AWB,1.5062539998963e-06
South Asia,OtherGrain,OtherGrainAEZ12,OtherGrainAEZ12,2005,N2O_AWB,1.10756902877215e-06
South Asia,OtherGrain,OtherGrainAEZ13,OtherGrainAEZ13,2005,N2O_AWB,1.08072723677172e-07
South Asia,OtherGrain,OtherGrainAEZ14,OtherGrainAEZ14,2005,N2O_AWB,1.18886131311632e-07
South Asia,OtherGrain,OtherGrainAEZ15,OtherGrainAEZ15,2005,N2O_AWB,7.10463888834317e-08
South Asia,OtherGrain,OtherGrainAEZ16,OtherGrainAEZ16,2005,N2O_AWB,5.40210236717284e-08
South Asia,PalmFruit,PalmFruitAEZ03,PalmFruitAEZ03,2005,N2O_AWB,4.40219109270634e-07
South Asia,PalmFruit,PalmFruitAEZ04,PalmFruitAEZ04,2005,N2O_AWB,3.53339533014972e-06
South Asia,PalmFruit,PalmFruitAEZ05,PalmFruitAEZ05,2005,N2O_AWB,4.47578746179641e-06
South Asia,PalmFruit,PalmFruitAEZ06,PalmFruitAEZ06,2005,N2O_AWB,1.11527605311385e-05
South Asia,PalmFruit,PalmFruitAEZ07,PalmFruitAEZ07,2005,N2O_AWB,0
South Asia,PalmFruit,PalmFruitAEZ08,PalmFruitAEZ08,2005,N2O_AWB,0
South Asia,PalmFruit,PalmFruitAEZ09,PalmFruitAEZ09,2005,N2O_AWB,0
South Asia,PalmFruit,PalmFruitAEZ10,PalmFruitAEZ10,2005,N2O_AWB,3.09483007186988e-09
South Asia,PalmFruit,PalmFruitAEZ11,PalmFruitAEZ11,2005,N2O_AWB,4.55136517712291e-08
South Asia,PalmFruit,PalmFruitAEZ12,PalmFruitAEZ12,2005,N2O_AWB,1.00066172323793e-07
South Asia,PalmFruit,PalmFruitAEZ13,PalmFruitAEZ13,2005,N2O_AWB,0
South Asia,PalmFruit,PalmFruitAEZ14,PalmFruitAEZ14,2005,N2O_AWB,0
South Asia,PalmFruit,PalmFruitAEZ15,PalmFruitAEZ15,2005,N2O_AWB,0
South Asia,PalmFruit,PalmFruitAEZ16,PalmFruitAEZ16,2005,N2O_AWB,0
South Asia,Rice,RiceAEZ03,RiceAEZ03,2005,N2O_AWB,2.55083206224541e-06
South Asia,Rice,RiceAEZ04,RiceAEZ04,2005,N2O_AWB,0.000115340080024019
South Asia,Rice,RiceAEZ05,RiceAEZ05,2005,N2O_AWB,0.000304419079341846
South Asia,Rice,RiceAEZ06,RiceAEZ06,2005,N2O_AWB,1.58440616554927e-05
South Asia,Rice,RiceAEZ07,RiceAEZ07,2005,N2O_AWB,2.4915314830965e-07
South Asia,Rice,RiceAEZ08,RiceAEZ08,2005,N2O_AWB,1.10833117683637e-06
South Asia,Rice,RiceAEZ09,RiceAEZ09,2005,N2O_AWB,1.14085084927286e-08
South Asia,Rice,RiceAEZ10,RiceAEZ10,2005,N2O_AWB,7.09560912178907e-06
South Asia,Rice,RiceAEZ11,RiceAEZ11,2005,N2O_AWB,1.81804985577058e-05
South Asia,Rice,RiceAEZ12,RiceAEZ12,2005,N2O_AWB,6.76616255545323e-06
South Asia,Rice,RiceAEZ13,RiceAEZ13,2005,N2O_AWB,1.50361578224389e-07
South Asia,Rice,RiceAEZ14,RiceAEZ14,2005,N2O_AWB,1.31143615344244e-07
South Asia,Rice,RiceAEZ15,RiceAEZ15,2005,N2O_AWB,4.61546642634087e-07
South Asia,Rice,RiceAEZ16,RiceAEZ16,2005,N2O_AWB,1.18394089431454e-07
South Asia,Root_Tuber,Root_TuberAEZ03,Root_TuberAEZ03,2005,N2O_AWB,5.50525993399234e-07
South Asia,Root_Tuber,Root_TuberAEZ04,Root_TuberAEZ04,2005,N2O_AWB,1.51449416962124e-05
South Asia,Root_Tuber,Root_TuberAEZ05,Root_TuberAEZ05,2005,N2O_AWB,1.93152477908324e-05
South Asia,Root_Tuber,Root_TuberAEZ06,Root_TuberAEZ06,2005,N2O_AWB,1.79490070102371e-06
South Asia,Root_Tuber,Root_TuberAEZ07,Root_TuberAEZ07,2005,N2O_AWB,3.88372717375017e-06
South Asia,Root_Tuber,Root_TuberAEZ08,Root_TuberAEZ08,2005,N2O_AWB,1.99492573658795e-05
South Asia,Root_Tuber,Root_TuberAEZ09,Root_TuberAEZ09,2005,N2O_AWB,2.2729412154306e-07
South Asia,Root_Tuber,Root_TuberAEZ10,Root_TuberAEZ10,2005,N2O_AWB,2.03318553402405e-06
South Asia,Root_Tuber,Root_TuberAEZ11,Root_TuberAEZ11,2005,N2O_AWB,3.72654595663469e-06
South Asia,Root_Tuber,Root_TuberAEZ12,Root_TuberAEZ12,2005,N2O_AWB,1.93721821891885e-06
South Asia,Root_Tuber,Root_TuberAEZ13,Root_TuberAEZ13,2005,N2O_AWB,3.12702371155398e-06
South Asia,Root_Tuber,Root_TuberAEZ14,Root_TuberAEZ14,2005,N2O_AWB,1.42018174375296e-06
South Asia,Root_Tuber,Root_TuberAEZ15,Root_TuberAEZ15,2005,N2O_AWB,1.17253965405798e-07
South Asia,Root_Tuber,Root_TuberAEZ16,Root_TuberAEZ16,2005,N2O_AWB,6.28547479709342e-08
South Asia,SugarCrop,SugarCropAEZ03,SugarCropAEZ03,2005,N2O_AWB,6.24876905970819e-06
South Asia,SugarCrop,SugarCropAEZ04,SugarCropAEZ04,2005,N2O_AWB,2.96307893930952e-05
South Asia,SugarCrop,SugarCropAEZ05,SugarCropAEZ05,2005,N2O_AWB,4.36359648929044e-05
South Asia,SugarCrop,SugarCropAEZ06,SugarCropAEZ06,2005,N2O_AWB,6.18032680035494e-06
South Asia,SugarCrop,SugarCropAEZ07,SugarCropAEZ07,2005,N2O_AWB,1.08709086480808e-07
South Asia,SugarCrop,SugarCropAEZ08,SugarCropAEZ08,2005,N2O_AWB,1.03574675977051e-07
South Asia,SugarCrop,SugarCropAEZ09,SugarCropAEZ09,2005,N2O_AWB,4.48126242724399e-08
South Asia,SugarCrop,SugarCropAEZ10,SugarCropAEZ10,2005,N2O_AWB,2.9684977280746e-06
South Asia,SugarCrop,SugarCropAEZ11,SugarCropAEZ11,2005,N2O_AWB,5.4146897467545e-06
South Asia,SugarCrop,SugarCropAEZ12,SugarCropAEZ12,2005,N2O_AWB,2.55492947206956e-06
South Asia,SugarCrop,SugarCropAEZ13,SugarCropAEZ13,2005,N2O_AWB,5.36134577464225e-09
South Asia,SugarCrop,SugarCropAEZ14,SugarCropAEZ14,2005,N2O_AWB,2.85016516776286e-08
South Asia,SugarCrop,SugarCropAEZ15,SugarCropAEZ15,2005,N2O_AWB,8.69871260208491e-08
South Asia,SugarCrop,SugarCropAEZ16,SugarCropAEZ16,2005,N2O_AWB,5.73011558982929e-09
South Asia,Wheat,WheatAEZ03,WheatAEZ03,2005,N2O_AWB,1.25793898131057e-06
South Asia,Wheat,WheatAEZ04,WheatAEZ04,2005,N2O_AWB,1.34483024369915e-05
South Asia,Wheat,WheatAEZ05,WheatAEZ05,2005,N2O_AWB,1.6189408002858e-05
South Asia,Wheat,WheatAEZ06,WheatAEZ06,2005,N2O_AWB,0
South Asia,Wheat,WheatAEZ07,WheatAEZ07,2005,N2O_AWB,2.82418471755417e-06
South Asia,Wheat,WheatAEZ08,WheatAEZ08,2005,N2O_AWB,1.30537858114376e-05
South Asia,Wheat,WheatAEZ09,WheatAEZ09,2005,N2O_AWB,1.21488008598449e-07
South Asia,Wheat,WheatAEZ10,WheatAEZ10,2005,N2O_AWB,2.43515836012935e-06
South Asia,Wheat,WheatAEZ11,WheatAEZ11,2005,N2O_AWB,4.07106259263422e-06
South Asia,Wheat,WheatAEZ12,WheatAEZ12,2005,N2O_AWB,1.39792355360563e-06
South Asia,Wheat,WheatAEZ13,WheatAEZ13,2005,N2O_AWB,1.4917300216376e-06
South Asia,Wheat,WheatAEZ14,WheatAEZ14,2005,N2O_AWB,7.31886120582624e-07
South Asia,Wheat,WheatAEZ15,WheatAEZ15,2005,N2O_AWB,1.45589940384821e-07
South Asia,Wheat,WheatAEZ16,WheatAEZ16,2005,N2O_AWB,7.47689345197088e-08
South Asia,Corn,CornAEZ03,CornAEZ03,2005,NH3_AWB,7.43309078517396e-06
South Asia,Corn,CornAEZ04,CornAEZ04,2005,NH3_AWB,8.6814002162621e-05
South Asia,Corn,CornAEZ05,CornAEZ05,2005,NH3_AWB,4.15503571442874e-05
South Asia,Corn,CornAEZ06,CornAEZ06,2005,NH3_AWB,6.38955180218625e-06
South Asia,Corn,CornAEZ07,CornAEZ07,2005,NH3_AWB,5.90064075858236e-06
South Asia,Corn,CornAEZ08,CornAEZ08,2005,NH3_AWB,2.24468521085448e-05
South Asia,Corn,CornAEZ09,CornAEZ09,2005,NH3_AWB,5.04490480103456e-07
South Asia,Corn,CornAEZ10,CornAEZ10,2005,NH3_AWB,6.25160297354483e-05
South Asia,Corn,CornAEZ11,CornAEZ11,2005,NH3_AWB,0.000166813275537858
South Asia,Corn,CornAEZ12,CornAEZ12,2005,NH3_AWB,9.99310379077926e-05
South Asia,Corn,CornAEZ13,CornAEZ13,2005,NH3_AWB,3.94216395934858e-06
South Asia,Corn,CornAEZ14,CornAEZ14,2005,NH3_AWB,4.39085173053548e-06
South Asia,Corn,CornAEZ15,CornAEZ15,2005,NH3_AWB,5.02932536453505e-06
South Asia,Corn,CornAEZ16,CornAEZ16,2005,NH3_AWB,1.4627674560664e-06
South Asia,FiberCrop,FiberCropAEZ03,FiberCropAEZ03,2005,NH3_AWB,9.87867640972831e-08
South Asia,FiberCrop,FiberCropAEZ04,FiberCropAEZ04,2005,NH3_AWB,6.43476816141615e-05
South Asia,FiberCrop,FiberCropAEZ05,FiberCropAEZ05,2005,NH3_AWB,8.31657671616794e-05
South Asia,FiberCrop,FiberCropAEZ06,FiberCropAEZ06,2005,NH3_AWB,1.58602602908482e-08
South Asia,FiberCrop,FiberCropAEZ07,FiberCropAEZ07,2005,NH3_AWB,4.73315482108308e-07
South Asia,FiberCrop,FiberCropAEZ08,FiberCropAEZ08,2005,NH3_AWB,1.0069112820792e-05
South Asia,FiberCrop,FiberCropAEZ09,FiberCropAEZ09,2005,NH3_AWB,0
South Asia,FiberCrop,FiberCropAEZ10,FiberCropAEZ10,2005,NH3_AWB,2.01425305693772e-07
South Asia,FiberCrop,FiberCropAEZ11,FiberCropAEZ11,2005,NH3_AWB,1.70633743214825e-06
South Asia,FiberCrop,FiberCropAEZ12,FiberCropAEZ12,2005,NH3_AWB,8.93838954962798e-08
South Asia,FiberCrop,FiberCropAEZ13,FiberCropAEZ13,2005,NH3_AWB,2.05277083192977e-07
South Asia,FiberCrop,FiberCropAEZ14,FiberCropAEZ14,2005,NH3_AWB,2.33598976569493e-07
South Asia,FiberCrop,FiberCropAEZ15,FiberCropAEZ15,2005,NH3_AWB,0
South Asia,FiberCrop,FiberCropAEZ16,FiberCropAEZ16,2005,NH3_AWB,0
South Asia,FodderGrass,FodderGrassAEZ03,FodderGrassAEZ03,2005,NH3_AWB,1.13154143742391e-06
South Asia,FodderGrass,FodderGrassAEZ04,FodderGrassAEZ04,2005,NH3_AWB,2.0437766266369e-05
South Asia,FodderGrass,FodderGrassAEZ05,FodderGrassAEZ05,2005,NH3_AWB,4.63312858815958e-06
South Asia,FodderGrass,FodderGrassAEZ06,FodderGrassAEZ06,2005,NH3_AWB,0
South Asia,FodderGrass,FodderGrassAEZ07,FodderGrassAEZ07,2005,NH3_AWB,9.91797921078012e-07
South Asia,FodderGrass,FodderGrassAEZ08,FodderGrassAEZ08,2005,NH3_AWB,6.24373274348403e-06
South Asia,FodderGrass,FodderGrassAEZ09,FodderGrassAEZ09,2005,NH3_AWB,0
South Asia,FodderGrass,FodderGrassAEZ10,FodderGrassAEZ10,2005,NH3_AWB,6.01456526744202e-07
South Asia,FodderGrass,FodderGrassAEZ11,FodderGrassAEZ11,2005,NH3_AWB,2.62569716653786e-06
South Asia,FodderGrass,FodderGrassAEZ12,FodderGrassAEZ12,2005,NH3_AWB,7.81412449263505e-07
South Asia,FodderGrass,FodderGrassAEZ13,FodderGrassAEZ13,2005,NH3_AWB,4.98871651855587e-08
South Asia,FodderGrass,FodderGrassAEZ14,FodderGrassAEZ14,2005,NH3_AWB,7.96681272844134e-08
South Asia,FodderGrass,FodderGrassAEZ15,FodderGrassAEZ15,2005,NH3_AWB,0
South Asia,FodderGrass,FodderGrassAEZ16,FodderGrassAEZ16,2005,NH3_AWB,0
South Asia,FodderHerb,FodderHerbAEZ03,FodderHerbAEZ03,2005,NH3_AWB,0
South Asia,FodderHerb,FodderHerbAEZ04,FodderHerbAEZ04,2005,NH3_AWB,0
South Asia,FodderHerb,FodderHerbAEZ05,FodderHerbAEZ05,2005,NH3_AWB,0
South Asia,FodderHerb,FodderHerbAEZ06,FodderHerbAEZ06,2005,NH3_AWB,0
South Asia,FodderHerb,FodderHerbAEZ07,FodderHerbAEZ07,2005,NH3_AWB,0
South Asia,FodderHerb,FodderHerbAEZ08,FodderHerbAEZ08,2005,NH3_AWB,0
South Asia,FodderHerb,FodderHerbAEZ09,FodderHerbAEZ09,2005,NH3_AWB,0
South Asia,FodderHerb,FodderHerbAEZ10,FodderHerbAEZ10,2005,NH3_AWB,0
South Asia,FodderHerb,FodderHerbAEZ11,FodderHerbAEZ11,2005,NH3_AWB,0
South Asia,FodderHerb,FodderHerbAEZ12,FodderHerbAEZ12,2005,NH3_AWB,0
South Asia,FodderHerb,FodderHerbAEZ13,FodderHerbAEZ13,2005,NH3_AWB,0
South Asia,FodderHerb,FodderHerbAEZ14,FodderHerbAEZ14,2005,NH3_AWB,0
South Asia,FodderHerb,FodderHerbAEZ15,FodderHerbAEZ15,2005,NH3_AWB,0
South Asia,FodderHerb,FodderHerbAEZ16,FodderHerbAEZ16,2005,NH3_AWB,0
South Asia,MiscCrop,MiscCropAEZ03,MiscCropAEZ03,2005,NH3_AWB,1.89496354368651e-05
South Asia,MiscCrop,MiscCropAEZ04,MiscCropAEZ04,2005,NH3_AWB,0.000840417966473651
South Asia,MiscCrop,MiscCropAEZ05,MiscCropAEZ05,2005,NH3_AWB,0.000824685156700726
South Asia,MiscCrop,MiscCropAEZ06,MiscCropAEZ06,2005,NH3_AWB,0.000309661210971673
South Asia,MiscCrop,MiscCropAEZ07,MiscCropAEZ07,2005,NH3_AWB,2.36723770366204e-05
South Asia,MiscCrop,MiscCropAEZ08,MiscCropAEZ08,2005,NH3_AWB,2.47764216578731e-05
South Asia,MiscCrop,MiscCropAEZ09,MiscCropAEZ09,2005,NH3_AWB,3.18691141144238e-06
South Asia,MiscCrop,MiscCropAEZ10,MiscCropAEZ10,2005,NH3_AWB,0.000101268324761676
South Asia,MiscCrop,MiscCropAEZ11,MiscCropAEZ11,2005,NH3_AWB,0.000235477343178798
South Asia,MiscCrop,MiscCropAEZ12,MiscCropAEZ12,2005,NH3_AWB,0.000114328562751375
South Asia,MiscCrop,MiscCropAEZ13,MiscCropAEZ13,2005,NH3_AWB,3.53405587647398e-07
South Asia,MiscCrop,MiscCropAEZ14,MiscCropAEZ14,2005,NH3_AWB,1.97341309112818e-06
South Asia,MiscCrop,MiscCropAEZ15,MiscCropAEZ15,2005,NH3_AWB,4.61467926127509e-06
South Asia,MiscCrop,MiscCropAEZ16,MiscCropAEZ16,2005,NH3_AWB,2.80289589100663e-06
South Asia,OilCrop,OilCropAEZ03,OilCropAEZ03,2005,NH3_AWB,7.092031049023e-07
South Asia,OilCrop,OilCropAEZ04,OilCropAEZ04,2005,NH3_AWB,4.43049630865404e-05
South Asia,OilCrop,OilCropAEZ05,OilCropAEZ05,2005,NH3_AWB,5.7897247794067e-05
South Asia,OilCrop,OilCropAEZ06,OilCropAEZ06,2005,NH3_AWB,1.48262877793487e-06
South Asia,OilCrop,OilCropAEZ07,OilCropAEZ07,2005,NH3_AWB,1.76310750041261e-07
South Asia,OilCrop,OilCropAEZ08,OilCropAEZ08,2005,NH3_AWB,2.30546967094969e-07
South Asia,OilCrop,OilCropAEZ09,OilCropAEZ09,2005,NH3_AWB,2.51552740049103e-07
South Asia,OilCrop,OilCropAEZ10,OilCropAEZ10,2005,NH3_AWB,4.55377609090946e-06
South Asia,OilCrop,OilCropAEZ11,OilCropAEZ11,2005,NH3_AWB,1.08052318648334e-05
South Asia,OilCrop,OilCropAEZ12,OilCropAEZ12,2005,NH3_AWB,5.30016974464859e-06
South Asia,OilCrop,OilCropAEZ13,OilCropAEZ13,2005,NH3_AWB,1.51517050816708e-08
South Asia,OilCrop,OilCropAEZ14,OilCropAEZ14,2005,NH3_AWB,7.19705991379367e-08
South Asia,OilCrop,OilCropAEZ15,OilCropAEZ15,2005,NH3_AWB,3.07510741771185e-07
South Asia,OilCrop,OilCropAEZ16,OilCropAEZ16,2005,NH3_AWB,9.28041936252344e-08
South Asia,OtherGrain,OtherGrainAEZ03,OtherGrainAEZ03,2005,NH3_AWB,9.62628576474936e-07
South Asia,OtherGrain,OtherGrainAEZ04,OtherGrainAEZ04,2005,NH3_AWB,1.52743528699536e-05
South Asia,OtherGrain,OtherGrainAEZ05,OtherGrainAEZ05,2005,NH3_AWB,1.6913985553366e-05
South Asia,OtherGrain,OtherGrainAEZ06,OtherGrainAEZ06,2005,NH3_AWB,7.44847044811672e-07
South Asia,OtherGrain,OtherGrainAEZ07,OtherGrainAEZ07,2005,NH3_AWB,3.9126561565576e-06
South Asia,OtherGrain,OtherGrainAEZ08,OtherGrainAEZ08,2005,NH3_AWB,1.71716746955434e-05
South Asia,OtherGrain,OtherGrainAEZ09,OtherGrainAEZ09,2005,NH3_AWB,1.44237506572792e-07
South Asia,OtherGrain,OtherGrainAEZ10,OtherGrainAEZ10,2005,NH3_AWB,1.2263893765378e-05
South Asia,OtherGrain,OtherGrainAEZ11,OtherGrainAEZ11,2005,NH3_AWB,2.79931933951936e-05
South Asia,OtherGrain,OtherGrainAEZ12,OtherGrainAEZ12,2005,NH3_AWB,2.05837753945085e-05
South Asia,OtherGrain,OtherGrainAEZ13,OtherGrainAEZ13,2005,NH3_AWB,2.0084930263081e-06
South Asia,OtherGrain,OtherGrainAEZ14,OtherGrainAEZ14,2005,NH3_AWB,2.20945635068322e-06
South Asia,OtherGrain,OtherGrainAEZ15,OtherGrainAEZ15,2005,NH3_AWB,1.32037179929876e-06
South Asia,OtherGrain,OtherGrainAEZ16,OtherGrainAEZ16,2005,NH3_AWB,1.00396145879323e-06
South Asia,PalmFruit,PalmFruitAEZ03,PalmFruitAEZ03,2005,NH3_AWB,8.18131514533477e-06
South Asia,PalmFruit,PalmFruitAEZ04,PalmFruitAEZ04,2005,NH3_AWB,6.56668920549683e-05
South Asia,PalmFruit,PalmFruitAEZ05,PalmFruitAEZ05,2005,NH3_AWB,8.31809137253577e-05
South Asia,PalmFruit,PalmFruitAEZ06,PalmFruitAEZ06,2005,NH3_AWB,0.000207270076932532
South Asia,PalmFruit,PalmFruitAEZ07,PalmFruitAEZ07,2005,NH3_AWB,0
South Asia,PalmFruit,PalmFruitAEZ08,PalmFruitAEZ08,2005,NH3_AWB,0
South Asia,PalmFruit,PalmFruitAEZ09,PalmFruitAEZ09,2005,NH3_AWB,0
South Asia,PalmFruit,PalmFruitAEZ10,PalmFruitAEZ10,2005,NH3_AWB,5.75163131404654e-08
South Asia,PalmFruit,PalmFruitAEZ11,PalmFruitAEZ11,2005,NH3_AWB,8.45854986105414e-07
South Asia,PalmFruit,PalmFruitAEZ12,PalmFruitAEZ12,2005,NH3_AWB,1.85969412487506e-06
South Asia,PalmFruit,PalmFruitAEZ13,PalmFruitAEZ13,2005,NH3_AWB,0
South Asia,PalmFruit,PalmFruitAEZ14,PalmFruitAEZ14,2005,NH3_AWB,0
South Asia,PalmFruit,PalmFruitAEZ15,PalmFruitAEZ15,2005,NH3_AWB,0
South Asia,PalmFruit,PalmFruitAEZ16,PalmFruitAEZ16,2005,NH3_AWB,0
South Asia,Rice,RiceAEZ03,RiceAEZ03,2005,NH3_AWB,4.74063041439305e-05
South Asia,Rice,RiceAEZ04,RiceAEZ04,2005,NH3_AWB,0.00214355425217244
South Asia,Rice,RiceAEZ05,RiceAEZ05,2005,NH3_AWB,0.00565752002105205
South Asia,Rice,RiceAEZ06,RiceAEZ06,2005,NH3_AWB,0.000294456235215383
South Asia,Rice,RiceAEZ07,RiceAEZ07,2005,NH3_AWB,4.63042240295032e-06
South Asia,Rice,RiceAEZ08,RiceAEZ08,2005,NH3_AWB,2.05979396444682e-05
South Asia,Rice,RiceAEZ09,RiceAEZ09,2005,NH3_AWB,2.12023061588315e-07
South Asia,Rice,RiceAEZ10,RiceAEZ10,2005,NH3_AWB,0.000131869364938859
South Asia,Rice,RiceAEZ11,RiceAEZ11,2005,NH3_AWB,0.000337878081772352
South Asia,Rice,RiceAEZ12,RiceAEZ12,2005,NH3_AWB,0.000125746717997867
South Asia,Rice,RiceAEZ13,RiceAEZ13,2005,NH3_AWB,2.79441630610217e-06
South Asia,Rice,RiceAEZ14,RiceAEZ14,2005,NH3_AWB,2.43725731990024e-06
South Asia,Rice,RiceAEZ15,RiceAEZ15,2005,NH3_AWB,8.57767974660831e-06
South Asia,Rice,RiceAEZ16,RiceAEZ16,2005,NH3_AWB,2.20031192782273e-06
South Asia,Root_Tuber,Root_TuberAEZ03,Root_TuberAEZ03,2005,NH3_AWB,1.0231329246838e-05
South Asia,Root_Tuber,Root_TuberAEZ04,Root_TuberAEZ04,2005,NH3_AWB,0.00028146334010744
South Asia,Root_Tuber,Root_TuberAEZ05,Root_TuberAEZ05,2005,NH3_AWB,0.000358966991571197
South Asia,Root_Tuber,Root_TuberAEZ06,Root_TuberAEZ06,2005,NH3_AWB,3.33575893922169e-05
South Asia,Root_Tuber,Root_TuberAEZ07,Root_TuberAEZ07,2005,NH3_AWB,7.21776844253636e-05
South Asia,Root_Tuber,Root_TuberAEZ08,Root_TuberAEZ08,2005,NH3_AWB,0.00037074983340924
South Asia,Root_Tuber,Root_TuberAEZ09,Root_TuberAEZ09,2005,NH3_AWB,4.22418018633215e-06
South Asia,Root_Tuber,Root_TuberAEZ10,Root_TuberAEZ10,2005,NH3_AWB,3.77860280312374e-05
South Asia,Root_Tuber,Root_TuberAEZ11,Root_TuberAEZ11,2005,NH3_AWB,6.92565275626377e-05
South Asia,Root_Tuber,Root_TuberAEZ12,Root_TuberAEZ12,2005,NH3_AWB,3.60025097059468e-05
South Asia,Root_Tuber,Root_TuberAEZ13,Root_TuberAEZ13,2005,NH3_AWB,5.81146204524023e-05
South Asia,Root_Tuber,Root_TuberAEZ14,Root_TuberAEZ14,2005,NH3_AWB,2.63935712117192e-05
South Asia,Root_Tuber,Root_TuberAEZ15,Root_TuberAEZ15,2005,NH3_AWB,2.1791231294216e-06
South Asia,Root_Tuber,Root_TuberAEZ16,Root_TuberAEZ16,2005,NH3_AWB,1.16813307442015e-06
South Asia,SugarCrop,SugarCropAEZ03,SugarCropAEZ03,2005,NH3_AWB,0.000116131144403504
South Asia,SugarCrop,SugarCropAEZ04,SugarCropAEZ04,2005,NH3_AWB,0.000550677653297696
South Asia,SugarCrop,SugarCropAEZ05,SugarCropAEZ05,2005,NH3_AWB,0.000810958845133054
South Asia,SugarCrop,SugarCropAEZ06,SugarCropAEZ06,2005,NH3_AWB,0.000114859169422783
South Asia,SugarCrop,SugarCropAEZ07,SugarCropAEZ07,2005,NH3_AWB,2.0203196020602e-06
South Asia,SugarCrop,SugarCropAEZ08,SugarCropAEZ08,2005,NH3_AWB,1.92489841399239e-06
South Asia,SugarCrop,SugarCropAEZ09,SugarCropAEZ09,2005,NH3_AWB,8.32826640056004e-07
South Asia,SugarCrop,SugarCropAEZ10,SugarCropAEZ10,2005,NH3_AWB,5.5168471586403e-05
South Asia,SugarCrop,SugarCropAEZ11,SugarCropAEZ11,2005,NH3_AWB,0.000100630077839664
South Asia,SugarCrop,SugarCropAEZ12,SugarCropAEZ12,2005,NH3_AWB,4.74824530442056e-05
South Asia,SugarCrop,SugarCropAEZ13,SugarCropAEZ13,2005,NH3_AWB,9.96386991426391e-08
South Asia,SugarCrop,SugarCropAEZ14,SugarCropAEZ14,2005,NH3_AWB,5.29693031553263e-07
South Asia,SugarCrop,SugarCropAEZ15,SugarCropAEZ15,2005,NH3_AWB,1.61662471386721e-06
South Asia,SugarCrop,SugarCropAEZ16,SugarCropAEZ16,2005,NH3_AWB,1.06492154639223e-07
South Asia,Wheat,WheatAEZ03,WheatAEZ03,2005,NH3_AWB,2.33783473342503e-05
South Asia,Wheat,WheatAEZ04,WheatAEZ04,2005,NH3_AWB,0.000249931904567008
South Asia,Wheat,WheatAEZ05,WheatAEZ05,2005,NH3_AWB,0.000300874373916284
South Asia,Wheat,WheatAEZ06,WheatAEZ06,2005,NH3_AWB,0
South Asia,Wheat,WheatAEZ07,WheatAEZ07,2005,NH3_AWB,5.24864657539079e-05
South Asia,Wheat,WheatAEZ08,WheatAEZ08,2005,NH3_AWB,0.00024259995378214
South Asia,Wheat,WheatAEZ09,WheatAEZ09,2005,NH3_AWB,2.25781131212097e-06
South Asia,Wheat,WheatAEZ10,WheatAEZ10,2005,NH3_AWB,4.52565496441611e-05
South Asia,Wheat,WheatAEZ11,WheatAEZ11,2005,NH3_AWB,7.56592463737148e-05
South Asia,Wheat,WheatAEZ12,WheatAEZ12,2005,NH3_AWB,2.59799106860283e-05
South Asia,Wheat,WheatAEZ13,WheatAEZ13,2005,NH3_AWB,2.77232704391108e-05
South Asia,Wheat,WheatAEZ14,WheatAEZ14,2005,NH3_AWB,1.36018425299703e-05
South Asia,Wheat,WheatAEZ15,WheatAEZ15,2005,NH3_AWB,2.70573711861849e-06
South Asia,Wheat,WheatAEZ16,WheatAEZ16,2005,NH3_AWB,1.38955398233423e-06
South Asia,Corn,CornAEZ03,CornAEZ03,2005,NMVOC_AWB,3.99958753140433e-05
South Asia,Corn,CornAEZ04,CornAEZ04,2005,NMVOC_AWB,0.000467127619769549
South Asia,Corn,CornAEZ05,CornAEZ05,2005,NMVOC_AWB,0.000223573605062325
South Asia,Corn,CornAEZ06,CornAEZ06,2005,NMVOC_AWB,3.4380814734914e-05
South Asia,Corn,CornAEZ07,CornAEZ07,2005,NMVOC_AWB,3.17500887415434e-05
South Asia,Corn,CornAEZ08,CornAEZ08,2005,NMVOC_AWB,0.000120781721100036
South Asia,Corn,CornAEZ09,CornAEZ09,2005,NMVOC_AWB,2.7145556165661e-06
South Asia,Corn,CornAEZ10,CornAEZ10,2005,NMVOC_AWB,0.000336385415258923
South Asia,Corn,CornAEZ11,CornAEZ11,2005,NMVOC_AWB,0.000897586638178427
South Asia,Corn,CornAEZ12,CornAEZ12,2005,NMVOC_AWB,0.000537707589975234
South Asia,Corn,CornAEZ13,CornAEZ13,2005,NMVOC_AWB,2.12119430183888e-05
South Asia,Corn,CornAEZ14,CornAEZ14,2005,NMVOC_AWB,2.36262361664184e-05
South Asia,Corn,CornAEZ15,CornAEZ15,2005,NMVOC_AWB,2.70617265424657e-05
South Asia,Corn,CornAEZ16,CornAEZ16,2005,NMVOC_AWB,7.87083953057122e-06
South Asia,FiberCrop,FiberCropAEZ03,FiberCropAEZ03,2005,NMVOC_AWB,5.31550496785743e-07
South Asia,FiberCrop,FiberCropAEZ04,FiberCropAEZ04,2005,NMVOC_AWB,0.000346241143148843
South Asia,FiberCrop,FiberCropAEZ05,FiberCropAEZ05,2005,NMVOC_AWB,0.000447497245752723
South Asia,FiberCrop,FiberCropAEZ06,FiberCropAEZ06,2005,NMVOC_AWB,8.53406760894539e-08
South Asia,FiberCrop,FiberCropAEZ07,FiberCropAEZ07,2005,NMVOC_AWB,2.5468096050124e-06
South Asia,FiberCrop,FiberCropAEZ08,FiberCropAEZ08,2005,NMVOC_AWB,5.41797473679054e-05
South Asia,FiberCrop,FiberCropAEZ09,FiberCropAEZ09,2005,NMVOC_AWB,0
South Asia,FiberCrop,FiberCropAEZ10,FiberCropAEZ10,2005,NMVOC_AWB,1.08382658633606e-06
South Asia,FiberCrop,FiberCropAEZ11,FiberCropAEZ11,2005,NMVOC_AWB,9.18143759470967e-06
South Asia,FiberCrop,FiberCropAEZ12,FiberCropAEZ12,2005,NMVOC_AWB,4.8095566738985e-07
South Asia,FiberCrop,FiberCropAEZ13,FiberCropAEZ13,2005,NMVOC_AWB,1.10455217910064e-06
South Asia,FiberCrop,FiberCropAEZ14,FiberCropAEZ14,2005,NMVOC_AWB,1.2569462435461e-06
South Asia,FiberCrop,FiberCropAEZ15,FiberCropAEZ15,2005,NMVOC_AWB,0
South Asia,FiberCrop,FiberCropAEZ16,FiberCropAEZ16,2005,NMVOC_AWB,0
South Asia,FodderGrass,FodderGrassAEZ03,FodderGrassAEZ03,2005,NMVOC_AWB,6.08858300697061e-06
South Asia,FodderGrass,FodderGrassAEZ04,FodderGrassAEZ04,2005,NMVOC_AWB,0.00010997125891664
South Asia,FodderGrass,FodderGrassAEZ05,FodderGrassAEZ05,2005,NMVOC_AWB,2.49298762360836e-05
South Asia,FodderGrass,FodderGrassAEZ06,FodderGrassAEZ06,2005,NMVOC_AWB,0
South Asia,FodderGrass,FodderGrassAEZ07,FodderGrassAEZ07,2005,NMVOC_AWB,5.33665296639252e-06
South Asia,FodderGrass,FodderGrassAEZ08,FodderGrassAEZ08,2005,NMVOC_AWB,3.35961934974204e-05
South Asia,FodderGrass,FodderGrassAEZ09,FodderGrassAEZ09,2005,NMVOC_AWB,0
South Asia,FodderGrass,FodderGrassAEZ10,FodderGrassAEZ10,2005,NMVOC_AWB,3.23630922125428e-06
South Asia,FodderGrass,FodderGrassAEZ11,FodderGrassAEZ11,2005,NMVOC_AWB,1.41283161366402e-05
South Asia,FodderGrass,FodderGrassAEZ12,FodderGrassAEZ12,2005,NMVOC_AWB,4.20461363823541e-06
South Asia,FodderGrass,FodderGrassAEZ13,FodderGrassAEZ13,2005,NMVOC_AWB,2.6843219008067e-07
South Asia,FodderGrass,FodderGrassAEZ14,FodderGrassAEZ14,2005,NMVOC_AWB,4.28677191959813e-07
South Asia,FodderGrass,FodderGrassAEZ15,FodderGrassAEZ15,2005,NMVOC_AWB,0
South Asia,FodderGrass,FodderGrassAEZ16,FodderGrassAEZ16,2005,NMVOC_AWB,0
South Asia,FodderHerb,FodderHerbAEZ03,FodderHerbAEZ03,2005,NMVOC_AWB,0
South Asia,FodderHerb,FodderHerbAEZ04,FodderHerbAEZ04,2005,NMVOC_AWB,0
South Asia,FodderHerb,FodderHerbAEZ05,FodderHerbAEZ05,2005,NMVOC_AWB,0
South Asia,FodderHerb,FodderHerbAEZ06,FodderHerbAEZ06,2005,NMVOC_AWB,0
South Asia,FodderHerb,FodderHerbAEZ07,FodderHerbAEZ07,2005,NMVOC_AWB,0
South Asia,FodderHerb,FodderHerbAEZ08,FodderHerbAEZ08,2005,NMVOC_AWB,0
South Asia,FodderHerb,FodderHerbAEZ09,FodderHerbAEZ09,2005,NMVOC_AWB,0
South Asia,FodderHerb,FodderHerbAEZ10,FodderHerbAEZ10,2005,NMVOC_AWB,0
South Asia,FodderHerb,FodderHerbAEZ11,FodderHerbAEZ11,2005,NMVOC_AWB,0
South Asia,FodderHerb,FodderHerbAEZ12,FodderHerbAEZ12,2005,NMVOC_AWB,0
South Asia,FodderHerb,FodderHerbAEZ13,FodderHerbAEZ13,2005,NMVOC_AWB,0
South Asia,FodderHerb,FodderHerbAEZ14,FodderHerbAEZ14,2005,NMVOC_AWB,0
South Asia,FodderHerb,FodderHerbAEZ15,FodderHerbAEZ15,2005,NMVOC_AWB,0
South Asia,FodderHerb,FodderHerbAEZ16,FodderHerbAEZ16,2005,NMVOC_AWB,0
South Asia,MiscCrop,MiscCropAEZ03,MiscCropAEZ03,2005,NMVOC_AWB,0.000101963944486075
South Asia,MiscCrop,MiscCropAEZ04,MiscCropAEZ04,2005,NMVOC_AWB,0.00452210973472932
South Asia,MiscCrop,MiscCropAEZ05,MiscCropAEZ05,2005,NMVOC_AWB,0.00443745484267923
South Asia,MiscCrop,MiscCropAEZ06,MiscCropAEZ06,2005,NMVOC_AWB,0.00166622089539417
South Asia,MiscCrop,MiscCropAEZ07,MiscCropAEZ07,2005,NMVOC_AWB,0.000127376009214387
South Asia,MiscCrop,MiscCropAEZ08,MiscCropAEZ08,2005,NMVOC_AWB,0.000133316637721284
South Asia,MiscCrop,MiscCropAEZ09,MiscCropAEZ09,2005,NMVOC_AWB,1.71480902269066e-05
South Asia,MiscCrop,MiscCropAEZ10,MiscCropAEZ10,2005,NMVOC_AWB,0.000544903245162671
South Asia,MiscCrop,MiscCropAEZ11,MiscCropAEZ11,2005,NMVOC_AWB,0.00126705333343255
South Asia,MiscCrop,MiscCropAEZ12,MiscCropAEZ12,2005,NMVOC_AWB,0.000615177598766643
South Asia,MiscCrop,MiscCropAEZ13,MiscCropAEZ13,2005,NMVOC_AWB,1.90160005135747e-06
South Asia,MiscCrop,MiscCropAEZ14,MiscCropAEZ14,2005,NMVOC_AWB,1.06185147224751e-05
South Asia,MiscCrop,MiscCropAEZ15,MiscCropAEZ15,2005,NMVOC_AWB,2.48306043451533e-05
South Asia,MiscCrop,MiscCropAEZ16,MiscCropAEZ16,2005,NMVOC_AWB,1.50817846592899e-05
South Asia,OilCrop,OilCropAEZ03,OilCropAEZ03,2005,NMVOC_AWB,3.81607056550177e-06
South Asia,OilCrop,OilCropAEZ04,OilCropAEZ04,2005,NMVOC_AWB,0.000238395551812313
South Asia,OilCrop,OilCropAEZ05,OilCropAEZ05,2005,NMVOC_AWB,0.000311532735267618
South Asia,OilCrop,OilCropAEZ06,OilCropAEZ06,2005,NMVOC_AWB,7.97770906519443e-06
South Asia,OilCrop,OilCropAEZ07,OilCropAEZ07,2005,NMVOC_AWB,9.48690521746491e-07
South Asia,OilCrop,OilCropAEZ08,OilCropAEZ08,2005,NMVOC_AWB,1.24052403185405e-06
South Asia,OilCrop,OilCropAEZ09,OilCropAEZ09,2005,NMVOC_AWB,1.35355161354651e-06
South Asia,OilCrop,OilCropAEZ10,OilCropAEZ10,2005,NMVOC_AWB,2.45028973819837e-05
South Asia,OilCrop,OilCropAEZ11,OilCropAEZ11,2005,NMVOC_AWB,5.81406468581279e-05
South Asia,OilCrop,OilCropAEZ12,OilCropAEZ12,2005,NMVOC_AWB,2.85190823544164e-05
South Asia,OilCrop,OilCropAEZ13,OilCropAEZ13,2005,NMVOC_AWB,8.15280917125891e-08
South Asia,OilCrop,OilCropAEZ14,OilCropAEZ14,2005,NMVOC_AWB,3.87258435634799e-07
South Asia,OilCrop,OilCropAEZ15,OilCropAEZ15,2005,NMVOC_AWB,1.65464967953051e-06
South Asia,OilCrop,OilCropAEZ16,OilCropAEZ16,2005,NMVOC_AWB,4.99359561739611e-07
South Asia,OtherGrain,OtherGrainAEZ03,OtherGrainAEZ03,2005,NMVOC_AWB,5.17969894774069e-06
South Asia,OtherGrain,OtherGrainAEZ04,OtherGrainAEZ04,2005,NMVOC_AWB,8.21880332886402e-05
South Asia,OtherGrain,OtherGrainAEZ05,OtherGrainAEZ05,2005,NMVOC_AWB,9.1010546865011e-05
South Asia,OtherGrain,OtherGrainAEZ06,OtherGrainAEZ06,2005,NMVOC_AWB,4.00786299983609e-06
South Asia,OtherGrain,OtherGrainAEZ07,OtherGrainAEZ07,2005,NMVOC_AWB,2.10531678284539e-05
South Asia,OtherGrain,OtherGrainAEZ08,OtherGrainAEZ08,2005,NMVOC_AWB,9.23971171489189e-05
South Asia,OtherGrain,OtherGrainAEZ09,OtherGrainAEZ09,2005,NMVOC_AWB,7.7611124298395e-07
South Asia,OtherGrain,OtherGrainAEZ10,OtherGrainAEZ10,2005,NMVOC_AWB,6.59893952705505e-05
South Asia,OtherGrain,OtherGrainAEZ11,OtherGrainAEZ11,2005,NMVOC_AWB,0.00015062539998963
South Asia,OtherGrain,OtherGrainAEZ12,OtherGrainAEZ12,2005,NMVOC_AWB,0.000110756902877215
South Asia,OtherGrain,OtherGrainAEZ13,OtherGrainAEZ13,2005,NMVOC_AWB,1.08072723677172e-05
South Asia,OtherGrain,OtherGrainAEZ14,OtherGrainAEZ14,2005,NMVOC_AWB,1.18886131311632e-05
South Asia,OtherGrain,OtherGrainAEZ15,OtherGrainAEZ15,2005,NMVOC_AWB,7.10463888834317e-06
South Asia,OtherGrain,OtherGrainAEZ16,OtherGrainAEZ16,2005,NMVOC_AWB,5.40210236717284e-06
South Asia,PalmFruit,PalmFruitAEZ03,PalmFruitAEZ03,2005,NMVOC_AWB,4.40219109270634e-05
South Asia,PalmFruit,PalmFruitAEZ04,PalmFruitAEZ04,2005,NMVOC_AWB,0.000353339533014972
South Asia,PalmFruit,PalmFruitAEZ05,PalmFruitAEZ05,2005,NMVOC_AWB,0.000447578746179641
South Asia,PalmFruit,PalmFruitAEZ06,PalmFruitAEZ06,2005,NMVOC_AWB,0.00111527605311385
South Asia,PalmFruit,PalmFruitAEZ07,PalmFruitAEZ07,2005,NMVOC_AWB,0
South Asia,PalmFruit,PalmFruitAEZ08,PalmFruitAEZ08,2005,NMVOC_AWB,0
South Asia,PalmFruit,PalmFruitAEZ09,PalmFruitAEZ09,2005,NMVOC_AWB,0
South Asia,PalmFruit,PalmFruitAEZ10,PalmFruitAEZ10,2005,NMVOC_AWB,3.09483007186988e-07
South Asia,PalmFruit,PalmFruitAEZ11,PalmFruitAEZ11,2005,NMVOC_AWB,4.55136517712291e-06
South Asia,PalmFruit,PalmFruitAEZ12,PalmFruitAEZ12,2005,NMVOC_AWB,1.00066172323793e-05
South Asia,PalmFruit,PalmFruitAEZ13,PalmFruitAEZ13,2005,NMVOC_AWB,0
South Asia,PalmFruit,PalmFruitAEZ14,PalmFruitAEZ14,2005,NMVOC_AWB,0
South Asia,PalmFruit,PalmFruitAEZ15,PalmFruitAEZ15,2005,NMVOC_AWB,0
South Asia,PalmFruit,PalmFruitAEZ16,PalmFruitAEZ16,2005,NMVOC_AWB,0
South Asia,Rice,RiceAEZ03,RiceAEZ03,2005,NMVOC_AWB,0.000255083206224541
South Asia,Rice,RiceAEZ04,RiceAEZ04,2005,NMVOC_AWB,0.0115340080024019
South Asia,Rice,RiceAEZ05,RiceAEZ05,2005,NMVOC_AWB,0.0304419079341846
South Asia,Rice,RiceAEZ06,RiceAEZ06,2005,NMVOC_AWB,0.00158440616554927
South Asia,Rice,RiceAEZ07,RiceAEZ07,2005,NMVOC_AWB,2.4915314830965e-05
South Asia,Rice,RiceAEZ08,RiceAEZ08,2005,NMVOC_AWB,0.000110833117683637
South Asia,Rice,RiceAEZ09,RiceAEZ09,2005,NMVOC_AWB,1.14085084927286e-06
South Asia,Rice,RiceAEZ10,RiceAEZ10,2005,NMVOC_AWB,0.000709560912178908
South Asia,Rice,RiceAEZ11,RiceAEZ11,2005,NMVOC_AWB,0.00181804985577058
South Asia,Rice,RiceAEZ12,RiceAEZ12,2005,NMVOC_AWB,0.000676616255545323
South Asia,Rice,RiceAEZ13,RiceAEZ13,2005,NMVOC_AWB,1.50361578224389e-05
South Asia,Rice,RiceAEZ14,RiceAEZ14,2005,NMVOC_AWB,1.31143615344244e-05
South Asia,Rice,RiceAEZ15,RiceAEZ15,2005,NMVOC_AWB,4.61546642634087e-05
South Asia,Rice,RiceAEZ16,RiceAEZ16,2005,NMVOC_AWB,1.18394089431454e-05
South Asia,Root_Tuber,Root_TuberAEZ03,Root_TuberAEZ03,2005,NMVOC_AWB,5.50525993399234e-05
South Asia,Root_Tuber,Root_TuberAEZ04,Root_TuberAEZ04,2005,NMVOC_AWB,0.00151449416962124
South Asia,Root_Tuber,Root_TuberAEZ05,Root_TuberAEZ05,2005,NMVOC_AWB,0.00193152477908324
South Asia,Root_Tuber,Root_TuberAEZ06,Root_TuberAEZ06,2005,NMVOC_AWB,0.000179490070102371
South Asia,Root_Tuber,Root_TuberAEZ07,Root_TuberAEZ07,2005,NMVOC_AWB,0.000388372717375017
South Asia,Root_Tuber,Root_TuberAEZ08,Root_TuberAEZ08,2005,NMVOC_AWB,0.00199492573658795
South Asia,Root_Tuber,Root_TuberAEZ09,Root_TuberAEZ09,2005,NMVOC_AWB,2.2729412154306e-05
South Asia,Root_Tuber,Root_TuberAEZ10,Root_TuberAEZ10,2005,NMVOC_AWB,0.000203318553402405
South Asia,Root_Tuber,Root_TuberAEZ11,Root_TuberAEZ11,2005,NMVOC_AWB,0.000372654595663469
South Asia,Root_Tuber,Root_TuberAEZ12,Root_TuberAEZ12,2005,NMVOC_AWB,0.000193721821891885
South Asia,Root_Tuber,Root_TuberAEZ13,Root_TuberAEZ13,2005,NMVOC_AWB,0.000312702371155398
South Asia,Root_Tuber,Root_TuberAEZ14,Root_TuberAEZ14,2005,NMVOC_AWB,0.000142018174375296
South Asia,Root_Tuber,Root_TuberAEZ15,Root_TuberAEZ15,2005,NMVOC_AWB,1.17253965405798e-05
South Asia,Root_Tuber,Root_TuberAEZ16,Root_TuberAEZ16,2005,NMVOC_AWB,6.28547479709342e-06
South Asia,SugarCrop,SugarCropAEZ03,SugarCropAEZ03,2005,NMVOC_AWB,0.000624876905970819
South Asia,SugarCrop,SugarCropAEZ04,SugarCropAEZ04,2005,NMVOC_AWB,0.00296307893930952
South Asia,SugarCrop,SugarCropAEZ05,SugarCropAEZ05,2005,NMVOC_AWB,0.00436359648929044
South Asia,SugarCrop,SugarCropAEZ06,SugarCropAEZ06,2005,NMVOC_AWB,0.000618032680035494
South Asia,SugarCrop,SugarCropAEZ07,SugarCropAEZ07,2005,NMVOC_AWB,1.08709086480808e-05
South Asia,SugarCrop,SugarCropAEZ08,SugarCropAEZ08,2005,NMVOC_AWB,1.03574675977051e-05
South Asia,SugarCrop,SugarCropAEZ09,SugarCropAEZ09,2005,NMVOC_AWB,4.48126242724399e-06
South Asia,SugarCrop,SugarCropAEZ10,SugarCropAEZ10,2005,NMVOC_AWB,0.00029684977280746
South Asia,SugarCrop,SugarCropAEZ11,SugarCropAEZ11,2005,NMVOC_AWB,0.00054146897467545
South Asia,SugarCrop,SugarCropAEZ12,SugarCropAEZ12,2005,NMVOC_AWB,0.000255492947206956
South Asia,SugarCrop,SugarCropAEZ13,SugarCropAEZ13,2005,NMVOC_AWB,5.36134577464225e-07
South Asia,SugarCrop,SugarCropAEZ14,SugarCropAEZ14,2005,NMVOC_AWB,2.85016516776286e-06
South Asia,SugarCrop,SugarCropAEZ15,SugarCropAEZ15,2005,NMVOC_AWB,8.69871260208491e-06
South Asia,SugarCrop,SugarCropAEZ16,SugarCropAEZ16,2005,NMVOC_AWB,5.73011558982929e-07
South Asia,Wheat,WheatAEZ03,WheatAEZ03,2005,NMVOC_AWB,0.000125793898131057
South Asia,Wheat,WheatAEZ04,WheatAEZ04,2005,NMVOC_AWB,0.00134483024369915
South Asia,Wheat,WheatAEZ05,WheatAEZ05,2005,NMVOC_AWB,0.0016189408002858
South Asia,Wheat,WheatAEZ06,WheatAEZ06,2005,NMVOC_AWB,0
South Asia,Wheat,WheatAEZ07,WheatAEZ07,2005,NMVOC_AWB,0.000282418471755417
South Asia,Wheat,WheatAEZ08,WheatAEZ08,2005,NMVOC_AWB,0.00130537858114376
South Asia,Wheat,WheatAEZ09,WheatAEZ09,2005,NMVOC_AWB,1.21488008598449e-05
South Asia,Wheat,WheatAEZ10,WheatAEZ10,2005,NMVOC_AWB,0.000243515836012935
South Asia,Wheat,WheatAEZ11,WheatAEZ11,2005,NMVOC_AWB,0.000407106259263422
South Asia,Wheat,WheatAEZ12,WheatAEZ12,2005,NMVOC_AWB,0.000139792355360563
South Asia,Wheat,WheatAEZ13,WheatAEZ13,2005,NMVOC_AWB,0.00014917300216376
South Asia,Wheat,WheatAEZ14,WheatAEZ14,2005,NMVOC_AWB,7.31886120582624e-05
South Asia,Wheat,WheatAEZ15,WheatAEZ15,2005,NMVOC_AWB,1.45589940384821e-05
South Asia,Wheat,WheatAEZ16,WheatAEZ16,2005,NMVOC_AWB,7.47689345197088e-06
South Asia,Corn,CornAEZ03,CornAEZ03,2005,NOx_AWB,2.17403192923607e-05
South Asia,Corn,CornAEZ04,CornAEZ04,2005,NOx_AWB,0.0002539137729661
South Asia,Corn,CornAEZ05,CornAEZ05,2005,NOx_AWB,0.00012152657045844
South Asia,Corn,CornAEZ06,CornAEZ06,2005,NOx_AWB,1.86881743179673e-05
South Asia,Corn,CornAEZ07,CornAEZ07,2005,NOx_AWB,1.72582062870762e-05
South Asia,Corn,CornAEZ08,CornAEZ08,2005,NOx_AWB,6.56525994437646e-05
South Asia,Corn,CornAEZ09,CornAEZ09,2005,NOx_AWB,1.47553479896705e-06
South Asia,Corn,CornAEZ10,CornAEZ10,2005,NOx_AWB,0.000182847012988225
South Asia,Corn,CornAEZ11,CornAEZ11,2005,NOx_AWB,0.000487895813089104
South Asia,Corn,CornAEZ12,CornAEZ12,2005,NOx_AWB,0.000292278506225935
South Asia,Corn,CornAEZ13,CornAEZ13,2005,NOx_AWB,1.15300492965887e-05
South Asia,Corn,CornAEZ14,CornAEZ14,2005,NOx_AWB,1.28423722171748e-05
South Asia,Corn,CornAEZ15,CornAEZ15,2005,NOx_AWB,1.47097812215946e-05
South Asia,Corn,CornAEZ16,CornAEZ16,2005,NOx_AWB,4.27830527898137e-06
South Asia,FiberCrop,FiberCropAEZ03,FiberCropAEZ03,2005,NOx_AWB,2.88931731819791e-07
South Asia,FiberCrop,FiberCropAEZ04,FiberCropAEZ04,2005,NOx_AWB,0.000188204232189032
South Asia,FiberCrop,FiberCropAEZ05,FiberCropAEZ05,2005,NOx_AWB,0.000243243407694599
South Asia,FiberCrop,FiberCropAEZ06,FiberCropAEZ06,2005,NOx_AWB,4.6388122081159e-08
South Asia,FiberCrop,FiberCropAEZ07,FiberCropAEZ07,2005,NOx_AWB,1.38435410039344e-06
South Asia,FiberCrop,FiberCropAEZ08,FiberCropAEZ08,2005,NOx_AWB,2.94501619906821e-05
South Asia,FiberCrop,FiberCropAEZ09,FiberCropAEZ09,2005,NOx_AWB,0
South Asia,FiberCrop,FiberCropAEZ10,FiberCropAEZ10,2005,NOx_AWB,5.8912915043072e-07
South Asia,FiberCrop,FiberCropAEZ11,FiberCropAEZ11,2005,NOx_AWB,4.99069924847441e-06
South Asia,FiberCrop,FiberCropAEZ12,FiberCropAEZ12,2005,NOx_AWB,2.61430202300246e-07
South Asia,FiberCrop,FiberCropAEZ13,FiberCropAEZ13,2005,NOx_AWB,6.00394837221856e-07
South Asia,FiberCrop,FiberCropAEZ14,FiberCropAEZ14,2005,NOx_AWB,6.83230769509645e-07
South Asia,FiberCrop,FiberCropAEZ15,FiberCropAEZ15,2005,NOx_AWB,0
South Asia,FiberCrop,FiberCropAEZ16,FiberCropAEZ16,2005,NOx_AWB,0
South Asia,FodderGrass,FodderGrassAEZ03,FodderGrassAEZ03,2005,NOx_AWB,3.30953473502568e-06
South Asia,FodderGrass,FodderGrassAEZ04,FodderGrassAEZ04,2005,NOx_AWB,5.97764210198735e-05
South Asia,FodderGrass,FodderGrassAEZ05,FodderGrassAEZ05,2005,NOx_AWB,1.35509840711297e-05
South Asia,FodderGrass,FodderGrassAEZ06,FodderGrassAEZ06,2005,NOx_AWB,0
South Asia,FodderGrass,FodderGrassAEZ07,FodderGrassAEZ07,2005,NOx_AWB,2.90081260957327e-06
South Asia,FodderGrass,FodderGrassAEZ08,FodderGrassAEZ08,2005,NOx_AWB,1.82616824336732e-05
South Asia,FodderGrass,FodderGrassAEZ09,FodderGrassAEZ09,2005,NOx_AWB,0
South Asia,FodderGrass,FodderGrassAEZ10,FodderGrassAEZ10,2005,NOx_AWB,1.75914129260661e-06
South Asia,FodderGrass,FodderGrassAEZ11,FodderGrassAEZ11,2005,NOx_AWB,7.67964449989477e-06
South Asia,FodderGrass,FodderGrassAEZ12,FodderGrassAEZ12,2005,NOx_AWB,2.28547674675234e-06
South Asia,FodderGrass,FodderGrassAEZ13,FodderGrassAEZ13,2005,NOx_AWB,1.4591008384938e-07
South Asia,FodderGrass,FodderGrassAEZ14,FodderGrassAEZ14,2005,NOx_AWB,2.33013503352097e-07
South Asia,FodderGrass,FodderGrassAEZ15,FodderGrassAEZ15,2005,NOx_AWB,0
South Asia,FodderGrass,FodderGrassAEZ16,FodderGrassAEZ16,2005,NOx_AWB,0
South Asia,FodderHerb,FodderHerbAEZ03,FodderHerbAEZ03,2005,NOx_AWB,0
South Asia,FodderHerb,FodderHerbAEZ04,FodderHerbAEZ04,2005,NOx_AWB,0
South Asia,FodderHerb,FodderHerbAEZ05,FodderHerbAEZ05,2005,NOx_AWB,0
South Asia,FodderHerb,FodderHerbAEZ06,FodderHerbAEZ06,2005,NOx_AWB,0
South Asia,FodderHerb,FodderHerbAEZ07,FodderHerbAEZ07,2005,NOx_AWB,0
South Asia,FodderHerb,FodderHerbAEZ08,FodderHerbAEZ08,2005,NOx_AWB,0
South Asia,FodderHerb,FodderHerbAEZ09,FodderHerbAEZ09,2005,NOx_AWB,0
South Asia,FodderHerb,FodderHerbAEZ10,FodderHerbAEZ10,2005,NOx_AWB,0
South Asia,FodderHerb,FodderHerbAEZ11,FodderHerbAEZ11,2005,NOx_AWB,0
South Asia,FodderHerb,FodderHerbAEZ12,FodderHerbAEZ12,2005,NOx_AWB,0
South Asia,FodderHerb,FodderHerbAEZ13,FodderHerbAEZ13,2005,NOx_AWB,0
South Asia,FodderHerb,FodderHerbAEZ14,FodderHerbAEZ14,2005,NOx_AWB,0
South Asia,FodderHerb,FodderHerbAEZ15,FodderHerbAEZ15,2005,NOx_AWB,0
South Asia,FodderHerb,FodderHerbAEZ16,FodderHerbAEZ16,2005,NOx_AWB,0
South Asia,MiscCrop,MiscCropAEZ03,MiscCropAEZ03,2005,NOx_AWB,5.54239328938368e-05
South Asia,MiscCrop,MiscCropAEZ04,MiscCropAEZ04,2005,NOx_AWB,0.00245805620545048
South Asia,MiscCrop,MiscCropAEZ05,MiscCropAEZ05,2005,NOx_AWB,0.00241204085090758
South Asia,MiscCrop,MiscCropAEZ06,MiscCropAEZ06,2005,NOx_AWB,0.000905697749906557
South Asia,MiscCrop,MiscCropAEZ07,MiscCropAEZ07,2005,NOx_AWB,6.92370172865082e-05
South Asia,MiscCrop,MiscCropAEZ08,MiscCropAEZ08,2005,NOx_AWB,7.24661292767615e-05
South Asia,MiscCrop,MiscCropAEZ09,MiscCropAEZ09,2005,NOx_AWB,9.32108508339758e-06
South Asia,MiscCrop,MiscCropAEZ10,MiscCropAEZ10,2005,NOx_AWB,0.000296189805580288
South Asia,MiscCrop,MiscCropAEZ11,MiscCropAEZ11,2005,NOx_AWB,0.000688724620051045
South Asia,MiscCrop,MiscCropAEZ12,MiscCropAEZ12,2005,NOx_AWB,0.00033438841664752
South Asia,MiscCrop,MiscCropAEZ13,MiscCropAEZ13,2005,NOx_AWB,1.03364139322549e-06
South Asia,MiscCrop,MiscCropAEZ14,MiscCropAEZ14,2005,NOx_AWB,5.77184268789299e-06
South Asia,MiscCrop,MiscCropAEZ15,MiscCropAEZ15,2005,NOx_AWB,1.3497023441724e-05
South Asia,MiscCrop,MiscCropAEZ16,MiscCropAEZ16,2005,NOx_AWB,8.1979156954833e-06
South Asia,OilCrop,OilCropAEZ03,OilCropAEZ03,2005,NOx_AWB,2.07427870711103e-06
South Asia,OilCrop,OilCropAEZ04,OilCropAEZ04,2005,NOx_AWB,0.000129583247611996
South Asia,OilCrop,OilCropAEZ05,OilCropAEZ05,2005,NOx_AWB,0.000169337990019246
South Asia,OilCrop,OilCropAEZ06,OilCropAEZ06,2005,NOx_AWB,4.3363957142348e-06
South Asia,OilCrop,OilCropAEZ07,OilCropAEZ07,2005,NOx_AWB,5.15674046147533e-07
South Asia,OilCrop,OilCropAEZ08,OilCropAEZ08,2005,NOx_AWB,6.74304245890182e-07
South Asia,OilCrop,OilCropAEZ09,OilCropAEZ09,2005,NOx_AWB,7.35741974044477e-07
South Asia,OilCrop,OilCropAEZ10,OilCropAEZ10,2005,NOx_AWB,1.33188937231543e-05
South Asia,OilCrop,OilCropAEZ11,OilCropAEZ11,2005,NOx_AWB,3.16031644922214e-05
South Asia,OilCrop,OilCropAEZ12,OilCropAEZ12,2005,NOx_AWB,1.55019474243746e-05
South Asia,OilCrop,OilCropAEZ13,OilCropAEZ13,2005,NOx_AWB,4.43157383408036e-08
South Asia,OilCrop,OilCropAEZ14,OilCropAEZ14,2005,NOx_AWB,2.10499757118818e-07
South Asia,OilCrop,OilCropAEZ15,OilCropAEZ15,2005,NOx_AWB,8.99408053144042e-07
South Asia,OilCrop,OilCropAEZ16,OilCropAEZ16,2005,NOx_AWB,2.71433897337423e-07
South Asia,OtherGrain,OtherGrainAEZ03,OtherGrainAEZ03,2005,NOx_AWB,2.81549805018639e-06
South Asia,OtherGrain,OtherGrainAEZ04,OtherGrainAEZ04,2005,NOx_AWB,4.46744588454807e-05
South Asia,OtherGrain,OtherGrainAEZ05,OtherGrainAEZ05,2005,NOx_AWB,4.94700599069767e-05
South Asia,OtherGrain,OtherGrainAEZ06,OtherGrainAEZ06,2005,NOx_AWB,2.17853017623248e-06
South Asia,OtherGrain,OtherGrainAEZ07,OtherGrainAEZ07,2005,NOx_AWB,1.14437448139942e-05
South Asia,OtherGrain,OtherGrainAEZ08,OtherGrainAEZ08,2005,NOx_AWB,5.02237496426498e-05
South Asia,OtherGrain,OtherGrainAEZ09,OtherGrainAEZ09,2005,NOx_AWB,4.2186615735692e-07
South Asia,OtherGrain,OtherGrainAEZ10,OtherGrainAEZ10,2005,NOx_AWB,3.58694618339265e-05
South Asia,OtherGrain,OtherGrainAEZ11,OtherGrainAEZ11,2005,NOx_AWB,8.18745499030074e-05
South Asia,OtherGrain,OtherGrainAEZ12,OtherGrainAEZ12,2005,NOx_AWB,6.02034688196506e-05
South Asia,OtherGrain,OtherGrainAEZ13,OtherGrainAEZ13,2005,NOx_AWB,5.87444455481595e-06
South Asia,OtherGrain,OtherGrainAEZ14,OtherGrainAEZ14,2005,NOx_AWB,6.462222501331e-06
South Asia,OtherGrain,OtherGrainAEZ15,OtherGrainAEZ15,2005,NOx_AWB,3.8618261677416e-06
South Asia,OtherGrain,OtherGrainAEZ16,OtherGrainAEZ16,2005,NOx_AWB,2.93638854982424e-06
South Asia,PalmFruit,PalmFruitAEZ03,PalmFruitAEZ03,2005,NOx_AWB,2.39287274475071e-05
South Asia,PalmFruit,PalmFruitAEZ04,PalmFruitAEZ04,2005,NOx_AWB,0.000192062661613056
South Asia,PalmFruit,PalmFruitAEZ05,PalmFruitAEZ05,2005,NOx_AWB,0.000243287708395352
South Asia,PalmFruit,PalmFruitAEZ06,PalmFruitAEZ06,2005,NOx_AWB,0.000606223949430741
South Asia,PalmFruit,PalmFruitAEZ07,PalmFruitAEZ07,2005,NOx_AWB,0
South Asia,PalmFruit,PalmFruitAEZ08,PalmFruitAEZ08,2005,NOx_AWB,0
South Asia,PalmFruit,PalmFruitAEZ09,PalmFruitAEZ09,2005,NOx_AWB,0
South Asia,PalmFruit,PalmFruitAEZ10,PalmFruitAEZ10,2005,NOx_AWB,1.68223831557017e-07
South Asia,PalmFruit,PalmFruitAEZ11,PalmFruitAEZ11,2005,NOx_AWB,2.47395841170755e-06
South Asia,PalmFruit,PalmFruitAEZ12,PalmFruitAEZ12,2005,NOx_AWB,5.43923722034356e-06
South Asia,PalmFruit,PalmFruitAEZ13,PalmFruitAEZ13,2005,NOx_AWB,0
South Asia,PalmFruit,PalmFruitAEZ14,PalmFruitAEZ14,2005,NOx_AWB,0
South Asia,PalmFruit,PalmFruitAEZ15,PalmFruitAEZ15,2005,NOx_AWB,0
South Asia,PalmFruit,PalmFruitAEZ16,PalmFruitAEZ16,2005,NOx_AWB,0
South Asia,Rice,RiceAEZ03,RiceAEZ03,2005,NOx_AWB,0.000138654056346991
South Asia,Rice,RiceAEZ04,RiceAEZ04,2005,NOx_AWB,0.00626947190738981
South Asia,Rice,RiceAEZ05,RiceAEZ05,2005,NOx_AWB,0.0165471262514273
South Asia,Rice,RiceAEZ06,RiceAEZ06,2005,NOx_AWB,0.000861226205386521
South Asia,Rice,RiceAEZ07,RiceAEZ07,2005,NOx_AWB,1.35430690150361e-05
South Asia,Rice,RiceAEZ08,RiceAEZ08,2005,NOx_AWB,6.02448964472095e-05
South Asia,Rice,RiceAEZ09,RiceAEZ09,2005,NOx_AWB,6.20125488776192e-07
South Asia,Rice,RiceAEZ10,RiceAEZ10,2005,NOx_AWB,0.000385691791141566
South Asia,Rice,RiceAEZ11,RiceAEZ11,2005,NOx_AWB,0.00098822651194746
South Asia,Rice,RiceAEZ12,RiceAEZ12,2005,NOx_AWB,0.000367784260713302
South Asia,Rice,RiceAEZ13,RiceAEZ13,2005,NOx_AWB,8.17311458802778e-06
South Asia,Rice,RiceAEZ14,RiceAEZ14,2005,NOx_AWB,7.12849524695189e-06
South Asia,Rice,RiceAEZ15,RiceAEZ15,2005,NOx_AWB,2.50880154525808e-05
South Asia,Rice,RiceAEZ16,RiceAEZ16,2005,NOx_AWB,6.43547687444748e-06
South Asia,Root_Tuber,Root_TuberAEZ03,Root_TuberAEZ03,2005,NOx_AWB,2.99246129288761e-05
South Asia,Root_Tuber,Root_TuberAEZ04,Root_TuberAEZ04,2005,NOx_AWB,0.000823224558919045
South Asia,Root_Tuber,Root_TuberAEZ05,Root_TuberAEZ05,2005,NOx_AWB,0.001049907398917
South Asia,Root_Tuber,Root_TuberAEZ06,Root_TuberAEZ06,2005,NOx_AWB,9.75643464030806e-05
South Asia,Root_Tuber,Root_TuberAEZ07,Root_TuberAEZ07,2005,NOx_AWB,0.00021110544059552
South Asia,Root_Tuber,Root_TuberAEZ08,Root_TuberAEZ08,2005,NOx_AWB,0.00108436987907955
South Asia,Root_Tuber,Root_TuberAEZ09,Root_TuberAEZ09,2005,NOx_AWB,1.23548909401858e-05
South Asia,Root_Tuber,Root_TuberAEZ10,Root_TuberAEZ10,2005,NOx_AWB,0.000110516652887883
South Asia,Root_Tuber,Root_TuberAEZ11,Root_TuberAEZ11,2005,NOx_AWB,0.000202561634965512
South Asia,Root_Tuber,Root_TuberAEZ12,Root_TuberAEZ12,2005,NOx_AWB,0.000105300214803616
South Asia,Root_Tuber,Root_TuberAEZ13,Root_TuberAEZ13,2005,NOx_AWB,0.000169973762019645
South Asia,Root_Tuber,Root_TuberAEZ14,Root_TuberAEZ14,2005,NOx_AWB,7.71959716344302e-05
South Asia,Root_Tuber,Root_TuberAEZ15,Root_TuberAEZ15,2005,NOx_AWB,6.3735038330875e-06
South Asia,Root_Tuber,Root_TuberAEZ16,Root_TuberAEZ16,2005,NOx_AWB,3.41655803054564e-06
South Asia,SugarCrop,SugarCropAEZ03,SugarCropAEZ03,2005,NOx_AWB,0.000339660611189526
South Asia,SugarCrop,SugarCropAEZ04,SugarCropAEZ04,2005,NOx_AWB,0.00161062313859249
South Asia,SugarCrop,SugarCropAEZ05,SugarCropAEZ05,2005,NOx_AWB,0.00237189410646274
South Asia,SugarCrop,SugarCropAEZ06,SugarCropAEZ06,2005,NOx_AWB,0.000335940336136794
South Asia,SugarCrop,SugarCropAEZ07,SugarCropAEZ07,2005,NOx_AWB,5.90903494802072e-06
South Asia,SugarCrop,SugarCropAEZ08,SugarCropAEZ08,2005,NOx_AWB,5.62994685992844e-06
South Asia,SugarCrop,SugarCropAEZ09,SugarCropAEZ09,2005,NOx_AWB,2.43585307825319e-06
South Asia,SugarCrop,SugarCropAEZ10,SugarCropAEZ10,2005,NOx_AWB,0.000161356859726806
South Asia,SugarCrop,SugarCropAEZ11,SugarCropAEZ11,2005,NOx_AWB,0.000294323059663559
South Asia,SugarCrop,SugarCropAEZ12,SugarCropAEZ12,2005,NOx_AWB,0.000138876776807912
South Asia,SugarCrop,SugarCropAEZ13,SugarCropAEZ13,2005,NOx_AWB,2.91423473201362e-07
South Asia,SugarCrop,SugarCropAEZ14,SugarCropAEZ14,2005,NOx_AWB,1.54924727354005e-06
South Asia,SugarCrop,SugarCropAEZ15,SugarCropAEZ15,2005,NOx_AWB,4.72830730461364e-06
South Asia,SugarCrop,SugarCropAEZ16,SugarCropAEZ16,2005,NOx_AWB,3.11468474003572e-07
South Asia,Wheat,WheatAEZ03,WheatAEZ03,2005,NOx_AWB,6.83770386052691e-05
South Asia,Wheat,WheatAEZ04,WheatAEZ04,2005,NOx_AWB,0.000731001351076246
South Asia,Wheat,WheatAEZ05,WheatAEZ05,2005,NOx_AWB,0.000879997990724935
South Asia,Wheat,WheatAEZ06,WheatAEZ06,2005,NOx_AWB,0
South Asia,Wheat,WheatAEZ07,WheatAEZ07,2005,NOx_AWB,0.000153512523524332
South Asia,Wheat,WheatAEZ08,WheatAEZ08,2005,NOx_AWB,0.000709556846265834
South Asia,Wheat,WheatAEZ09,WheatAEZ09,2005,NOx_AWB,6.60365119249178e-06
South Asia,Wheat,WheatAEZ10,WheatAEZ10,2005,NOx_AWB,0.000132366449942614
South Asia,Wheat,WheatAEZ11,WheatAEZ11,2005,NOx_AWB,0.000221288320178299
South Asia,Wheat,WheatAEZ12,WheatAEZ12,2005,NOx_AWB,7.59860964738706e-05
South Asia,Wheat,WheatAEZ13,WheatAEZ13,2005,NOx_AWB,8.1085078683137e-05
South Asia,Wheat,WheatAEZ14,WheatAEZ14,2005,NOx_AWB,3.97826971460895e-05
South Asia,Wheat,WheatAEZ15,WheatAEZ15,2005,NOx_AWB,7.91374551717938e-06
South Asia,Wheat,WheatAEZ16,WheatAEZ16,2005,NOx_AWB,4.06417035968039e-06
South Asia,Corn,CornAEZ03,CornAEZ03,2005,SO2_AWB,4.43802924799613e-06
South Asia,Corn,CornAEZ04,CornAEZ04,2005,SO2_AWB,5.18334958994174e-05
South Asia,Corn,CornAEZ05,CornAEZ05,2005,SO2_AWB,2.4808213110869e-05
South Asia,Corn,CornAEZ06,CornAEZ06,2005,SO2_AWB,3.81496992290877e-06
South Asia,Corn,CornAEZ07,CornAEZ07,2005,SO2_AWB,3.52305884932007e-06
South Asia,Corn,CornAEZ08,CornAEZ08,2005,SO2_AWB,1.34022022685189e-05
South Asia,Corn,CornAEZ09,CornAEZ09,2005,SO2_AWB,3.01212990765637e-07
South Asia,Corn,CornAEZ10,CornAEZ10,2005,SO2_AWB,3.73260567445124e-05
South Asia,Corn,CornAEZ11,CornAEZ11,2005,SO2_AWB,9.95981640998788e-05
South Asia,Corn,CornAEZ12,CornAEZ12,2005,SO2_AWB,5.96652027850908e-05
South Asia,Corn,CornAEZ13,CornAEZ13,2005,SO2_AWB,2.35372329729668e-06
South Asia,Corn,CornAEZ14,CornAEZ14,2005,SO2_AWB,2.62161851199223e-06
South Asia,Corn,CornAEZ15,CornAEZ15,2005,SO2_AWB,3.00282799047946e-06
South Asia,Corn,CornAEZ16,CornAEZ16,2005,SO2_AWB,8.73365460030181e-07
South Asia,FiberCrop,FiberCropAEZ03,FiberCropAEZ03,2005,SO2_AWB,5.89819983435566e-08
South Asia,FiberCrop,FiberCropAEZ04,FiberCropAEZ04,2005,SO2_AWB,3.84196697306594e-05
South Asia,FiberCrop,FiberCropAEZ05,FiberCropAEZ05,2005,SO2_AWB,4.96552669357625e-05
South Asia,FiberCrop,FiberCropAEZ06,FiberCropAEZ06,2005,SO2_AWB,9.46958689002054e-09
South Asia,FiberCrop,FiberCropAEZ07,FiberCropAEZ07,2005,SO2_AWB,2.82599528760754e-07
South Asia,FiberCrop,FiberCropAEZ08,FiberCropAEZ08,2005,SO2_AWB,6.01190251694225e-06
South Asia,FiberCrop,FiberCropAEZ09,FiberCropAEZ09,2005,SO2_AWB,0
South Asia,FiberCrop,FiberCropAEZ10,FiberCropAEZ10,2005,SO2_AWB,1.20263753503261e-07
South Asia,FiberCrop,FiberCropAEZ11,FiberCropAEZ11,2005,SO2_AWB,1.01879226955349e-06
South Asia,FiberCrop,FiberCropAEZ12,FiberCropAEZ12,2005,SO2_AWB,5.33678861159013e-08
South Asia,FiberCrop,FiberCropAEZ13,FiberCropAEZ13,2005,SO2_AWB,1.22563510319408e-07
South Asia,FiberCrop,FiberCropAEZ14,FiberCropAEZ14,2005,SO2_AWB,1.39473486908732e-07
South Asia,FiberCrop,FiberCropAEZ15,FiberCropAEZ15,2005,SO2_AWB,0
South Asia,FiberCrop,FiberCropAEZ16,FiberCropAEZ16,2005,SO2_AWB,0
South Asia,FodderGrass,FodderGrassAEZ03,FodderGrassAEZ03,2005,SO2_AWB,6.75602402788272e-07
South Asia,FodderGrass,FodderGrassAEZ04,FodderGrassAEZ04,2005,SO2_AWB,1.2202649890241e-05
South Asia,FodderGrass,FodderGrassAEZ05,FodderGrassAEZ05,2005,SO2_AWB,2.76627324732695e-06
South Asia,FodderGrass,FodderGrassAEZ06,FodderGrassAEZ06,2005,SO2_AWB,0
South Asia,FodderGrass,FodderGrassAEZ07,FodderGrassAEZ07,2005,SO2_AWB,5.92166611314026e-07
South Asia,FodderGrass,FodderGrassAEZ08,FodderGrassAEZ08,2005,SO2_AWB,3.72790664517691e-06
South Asia,FodderGrass,FodderGrassAEZ09,FodderGrassAEZ09,2005,SO2_AWB,0
South Asia,FodderGrass,FodderGrassAEZ10,FodderGrassAEZ10,2005,SO2_AWB,3.59107904670435e-07
South Asia,FodderGrass,FodderGrassAEZ11,FodderGrassAEZ11,2005,SO2_AWB,1.56770866363135e-06
South Asia,FodderGrass,FodderGrassAEZ12,FodderGrassAEZ12,2005,SO2_AWB,4.66553067197412e-07
South Asia,FodderGrass,FodderGrassAEZ13,FodderGrassAEZ13,2005,SO2_AWB,2.97858191957953e-08
South Asia,FodderGrass,FodderGrassAEZ14,FodderGrassAEZ14,2005,SO2_AWB,4.75669528652246e-08
South Asia,FodderGrass,FodderGrassAEZ15,FodderGrassAEZ15,2005,SO2_AWB,0
South Asia,FodderGrass,FodderGrassAEZ16,FodderGrassAEZ16,2005,SO2_AWB,0
South Asia,FodderHerb,FodderHerbAEZ03,FodderHerbAEZ03,2005,SO2_AWB,0
South Asia,FodderHerb,FodderHerbAEZ04,FodderHerbAEZ04,2005,SO2_AWB,0
South Asia,FodderHerb,FodderHerbAEZ05,FodderHerbAEZ05,2005,SO2_AWB,0
South Asia,FodderHerb,FodderHerbAEZ06,FodderHerbAEZ06,2005,SO2_AWB,0
South Asia,FodderHerb,FodderHerbAEZ07,FodderHerbAEZ07,2005,SO2_AWB,0
South Asia,FodderHerb,FodderHerbAEZ08,FodderHerbAEZ08,2005,SO2_AWB,0
South Asia,FodderHerb,FodderHerbAEZ09,FodderHerbAEZ09,2005,SO2_AWB,0
South Asia,FodderHerb,FodderHerbAEZ10,FodderHerbAEZ10,2005,SO2_AWB,0
South Asia,FodderHerb,FodderHerbAEZ11,FodderHerbAEZ11,2005,SO2_AWB,0
South Asia,FodderHerb,FodderHerbAEZ12,FodderHerbAEZ12,2005,SO2_AWB,0
South Asia,FodderHerb,FodderHerbAEZ13,FodderHerbAEZ13,2005,SO2_AWB,0
South Asia,FodderHerb,FodderHerbAEZ14,FodderHerbAEZ14,2005,SO2_AWB,0
South Asia,FodderHerb,FodderHerbAEZ15,FodderHerbAEZ15,2005,SO2_AWB,0
South Asia,FodderHerb,FodderHerbAEZ16,FodderHerbAEZ16,2005,SO2_AWB,0
South Asia,MiscCrop,MiscCropAEZ03,MiscCropAEZ03,2005,SO2_AWB,1.13141408787062e-05
South Asia,MiscCrop,MiscCropAEZ04,MiscCropAEZ04,2005,SO2_AWB,0.000501783124079549
South Asia,MiscCrop,MiscCropAEZ05,MiscCropAEZ05,2005,SO2_AWB,0.000492389633276952
South Asia,MiscCrop,MiscCropAEZ06,MiscCropAEZ06,2005,SO2_AWB,0.000184887491755561
South Asia,MiscCrop,MiscCropAEZ07,MiscCropAEZ07,2005,SO2_AWB,1.41339188090725e-05
South Asia,MiscCrop,MiscCropAEZ08,MiscCropAEZ08,2005,SO2_AWB,1.47931038589827e-05
South Asia,MiscCrop,MiscCropAEZ09,MiscCropAEZ09,2005,SO2_AWB,1.90278935957095e-06
South Asia,MiscCrop,MiscCropAEZ10,MiscCropAEZ10,2005,SO2_AWB,6.04636483230267e-05
South Asia,MiscCrop,MiscCropAEZ11,MiscCropAEZ11,2005,SO2_AWB,0.000140594991568298
South Asia,MiscCrop,MiscCropAEZ12,MiscCropAEZ12,2005,SO2_AWB,6.82614433263766e-05
South Asia,MiscCrop,MiscCropAEZ13,MiscCropAEZ13,2005,SO2_AWB,2.1100567445144e-07
South Asia,MiscCrop,MiscCropAEZ14,MiscCropAEZ14,2005,SO2_AWB,1.17825347085416e-06
South Asia,MiscCrop,MiscCropAEZ15,MiscCropAEZ15,2005,SO2_AWB,2.75525782256145e-06
South Asia,MiscCrop,MiscCropAEZ16,MiscCropAEZ16,2005,SO2_AWB,1.67350760308042e-06
South Asia,OilCrop,OilCropAEZ03,OilCropAEZ03,2005,SO2_AWB,4.23439483425119e-07
South Asia,OilCrop,OilCropAEZ04,OilCropAEZ04,2005,SO2_AWB,2.64528885348268e-05
South Asia,OilCrop,OilCropAEZ05,OilCropAEZ05,2005,SO2_AWB,3.4568349360277e-05
South Asia,OilCrop,OilCropAEZ06,OilCropAEZ06,2005,SO2_AWB,8.85223935851838e-07
South Asia,OilCrop,OilCropAEZ07,OilCropAEZ07,2005,SO2_AWB,1.05268762084807e-07
South Asia,OilCrop,OilCropAEZ08,OilCropAEZ08,2005,SO2_AWB,1.37651242608942e-07
South Asia,OilCrop,OilCropAEZ09,OilCropAEZ09,2005,SO2_AWB,1.50193028716702e-07
South Asia,OilCrop,OilCropAEZ10,OilCropAEZ10,2005,SO2_AWB,2.71889474572167e-06
South Asia,OilCrop,OilCropAEZ11,OilCropAEZ11,2005,SO2_AWB,6.4514125326115e-06
South Asia,OilCrop,OilCropAEZ12,OilCropAEZ12,2005,SO2_AWB,3.16453935864906e-06
South Asia,OilCrop,OilCropAEZ13,OilCropAEZ13,2005,SO2_AWB,9.04653424166311e-09
South Asia,OilCrop,OilCropAEZ14,OilCropAEZ14,2005,SO2_AWB,4.29710376478999e-08
South Asia,OilCrop,OilCropAEZ15,OilCropAEZ15,2005,SO2_AWB,1.83603524495573e-07
South Asia,OilCrop,OilCropAEZ16,OilCropAEZ16,2005,SO2_AWB,5.54100222301869e-08
South Asia,OtherGrain,OtherGrainAEZ03,OtherGrainAEZ03,2005,SO2_AWB,5.74750652295802e-07
South Asia,OtherGrain,OtherGrainAEZ04,OtherGrainAEZ04,2005,SO2_AWB,9.11976279319466e-06
South Asia,OtherGrain,OtherGrainAEZ05,OtherGrainAEZ05,2005,SO2_AWB,1.00987280736227e-05
South Asia,OtherGrain,OtherGrainAEZ06,OtherGrainAEZ06,2005,SO2_AWB,4.447211887619e-07
South Asia,OtherGrain,OtherGrainAEZ07,OtherGrainAEZ07,2005,SO2_AWB,2.33610525715493e-06
South Asia,OtherGrain,OtherGrainAEZ08,OtherGrainAEZ08,2005,SO2_AWB,1.02525849257622e-05
South Asia,OtherGrain,OtherGrainAEZ09,OtherGrainAEZ09,2005,SO2_AWB,8.61189902462768e-08
South Asia,OtherGrain,OtherGrainAEZ10,OtherGrainAEZ10,2005,SO2_AWB,7.32232671416122e-06
South Asia,OtherGrain,OtherGrainAEZ11,OtherGrainAEZ11,2005,SO2_AWB,1.67137217374608e-05
South Asia,OtherGrain,OtherGrainAEZ12,OtherGrainAEZ12,2005,SO2_AWB,1.22898266515487e-05
South Asia,OtherGrain,OtherGrainAEZ13,OtherGrainAEZ13,2005,SO2_AWB,1.19919842939776e-06
South Asia,OtherGrain,OtherGrainAEZ14,OtherGrainAEZ14,2005,SO2_AWB,1.31918635059069e-06
South Asia,OtherGrain,OtherGrainAEZ15,OtherGrainAEZ15,2005,SO2_AWB,7.88346171582515e-07
South Asia,OtherGrain,OtherGrainAEZ16,OtherGrainAEZ16,2005,SO2_AWB,5.99429019065979e-07
South Asia,PalmFruit,PalmFruitAEZ03,PalmFruitAEZ03,2005,SO2_AWB,4.88476690941152e-06
South Asia,PalmFruit,PalmFruitAEZ04,PalmFruitAEZ04,2005,SO2_AWB,3.9207322497156e-05
South Asia,PalmFruit,PalmFruitAEZ05,PalmFruitAEZ05,2005,SO2_AWB,4.96643104002584e-05
South Asia,PalmFruit,PalmFruitAEZ06,PalmFruitAEZ06,2005,SO2_AWB,0.000123753454686139
South Asia,PalmFruit,PalmFruitAEZ07,PalmFruitAEZ07,2005,SO2_AWB,0
South Asia,PalmFruit,PalmFruitAEZ08,PalmFruitAEZ08,2005,SO2_AWB,0
South Asia,PalmFruit,PalmFruitAEZ09,PalmFruitAEZ09,2005,SO2_AWB,0
South Asia,PalmFruit,PalmFruitAEZ10,PalmFruitAEZ10,2005,SO2_AWB,3.43409070777703e-08
South Asia,PalmFruit,PalmFruitAEZ11,PalmFruitAEZ11,2005,SO2_AWB,5.05029371548478e-07
South Asia,PalmFruit,PalmFruitAEZ12,PalmFruitAEZ12,2005,SO2_AWB,1.11035599551458e-06
South Asia,PalmFruit,PalmFruitAEZ13,PalmFruitAEZ13,2005,SO2_AWB,0
South Asia,PalmFruit,PalmFruitAEZ14,PalmFruitAEZ14,2005,SO2_AWB,0
South Asia,PalmFruit,PalmFruitAEZ15,PalmFruitAEZ15,2005,SO2_AWB,0
South Asia,PalmFruit,PalmFruitAEZ16,PalmFruitAEZ16,2005,SO2_AWB,0
South Asia,Rice,RiceAEZ03,RiceAEZ03,2005,SO2_AWB,2.83045869357346e-05
South Asia,Rice,RiceAEZ04,RiceAEZ04,2005,SO2_AWB,0.001279838594839
South Asia,Rice,RiceAEZ05,RiceAEZ05,2005,SO2_AWB,0.00337790026386245
South Asia,Rice,RiceAEZ06,RiceAEZ06,2005,SO2_AWB,0.000175809151523785
South Asia,Rice,RiceAEZ07,RiceAEZ07,2005,SO2_AWB,2.76465748216865e-06
South Asia,Rice,RiceAEZ08,RiceAEZ08,2005,SO2_AWB,1.22982836121071e-05
South Asia,Rice,RiceAEZ09,RiceAEZ09,2005,SO2_AWB,1.26591289649721e-07
South Asia,Rice,RiceAEZ10,RiceAEZ10,2005,SO2_AWB,7.87344209061256e-05
South Asia,Rice,RiceAEZ11,RiceAEZ11,2005,SO2_AWB,0.00020173476316924
South Asia,Rice,RiceAEZ12,RiceAEZ12,2005,SO2_AWB,7.50788102073469e-05
South Asia,Rice,RiceAEZ13,RiceAEZ13,2005,SO2_AWB,1.6684447501025e-06
South Asia,Rice,RiceAEZ14,RiceAEZ14,2005,SO2_AWB,1.45519805733905e-06
South Asia,Rice,RiceAEZ15,RiceAEZ15,2005,SO2_AWB,5.1214218547313e-06
South Asia,Rice,RiceAEZ16,RiceAEZ16,2005,SO2_AWB,1.31372654695263e-06
South Asia,Root_Tuber,Root_TuberAEZ03,Root_TuberAEZ03,2005,SO2_AWB,6.10875606872905e-06
South Asia,Root_Tuber,Root_TuberAEZ04,Root_TuberAEZ04,2005,SO2_AWB,0.000168051564515671
South Asia,Root_Tuber,Root_TuberAEZ05,Root_TuberAEZ05,2005,SO2_AWB,0.000214326187275387
South Asia,Root_Tuber,Root_TuberAEZ06,Root_TuberAEZ06,2005,SO2_AWB,1.99166082648403e-05
South Asia,Root_Tuber,Root_TuberAEZ07,Root_TuberAEZ07,2005,SO2_AWB,4.30946807714661e-05
South Asia,Root_Tuber,Root_TuberAEZ08,Root_TuberAEZ08,2005,SO2_AWB,0.000221361295309592
South Asia,Root_Tuber,Root_TuberAEZ09,Root_TuberAEZ09,2005,SO2_AWB,2.52210497053805e-06
South Asia,Root_Tuber,Root_TuberAEZ10,Root_TuberAEZ10,2005,SO2_AWB,2.25606685583228e-05
South Asia,Root_Tuber,Root_TuberAEZ11,Root_TuberAEZ11,2005,SO2_AWB,4.13505638261141e-05
South Asia,Root_Tuber,Root_TuberAEZ12,Root_TuberAEZ12,2005,SO2_AWB,2.14957943733116e-05
South Asia,Root_Tuber,Root_TuberAEZ13,Root_TuberAEZ13,2005,SO2_AWB,3.46981347003579e-05
South Asia,Root_Tuber,Root_TuberAEZ14,Root_TuberAEZ14,2005,SO2_AWB,1.57586452771863e-05
South Asia,Root_Tuber,Root_TuberAEZ15,Root_TuberAEZ15,2005,SO2_AWB,1.30107548298047e-06
South Asia,Root_Tuber,Root_TuberAEZ16,Root_TuberAEZ16,2005,SO2_AWB,6.97449943725788e-07
South Asia,SugarCrop,SugarCropAEZ03,SugarCropAEZ03,2005,SO2_AWB,6.93376995332839e-05
South Asia,SugarCrop,SugarCropAEZ04,SugarCropAEZ04,2005,SO2_AWB,0.000328789678773694
South Asia,SugarCrop,SugarCropAEZ05,SugarCropAEZ05,2005,SO2_AWB,0.000484194149868362
South Asia,SugarCrop,SugarCropAEZ06,SugarCropAEZ06,2005,SO2_AWB,6.85782493489245e-05
South Asia,SugarCrop,SugarCropAEZ07,SugarCropAEZ07,2005,SO2_AWB,1.20625964936781e-06
South Asia,SugarCrop,SugarCropAEZ08,SugarCropAEZ08,2005,SO2_AWB,1.14928711455522e-06
South Asia,SugarCrop,SugarCropAEZ09,SugarCropAEZ09,2005,SO2_AWB,4.97250618067406e-07
South Asia,SugarCrop,SugarCropAEZ10,SugarCropAEZ10,2005,SO2_AWB,3.29390959351736e-05
South Asia,SugarCrop,SugarCropAEZ11,SugarCropAEZ11,2005,SO2_AWB,6.00825742060548e-05
South Asia,SugarCrop,SugarCropAEZ12,SugarCropAEZ12,2005,SO2_AWB,2.83500526856346e-05
South Asia,SugarCrop,SugarCropAEZ13,SugarCropAEZ13,2005,SO2_AWB,5.94906578982366e-08
South Asia,SugarCrop,SugarCropAEZ14,SugarCropAEZ14,2005,SO2_AWB,3.16260521287055e-07
South Asia,SugarCrop,SugarCropAEZ15,SugarCropAEZ15,2005,SO2_AWB,9.65228055264248e-07
South Asia,SugarCrop,SugarCropAEZ16,SugarCropAEZ16,2005,SO2_AWB,6.35826079124011e-08
South Asia,Wheat,WheatAEZ03,WheatAEZ03,2005,SO2_AWB,1.39583643248597e-05
South Asia,Wheat,WheatAEZ04,WheatAEZ04,2005,SO2_AWB,0.000149225286564262
South Asia,Wheat,WheatAEZ05,WheatAEZ05,2005,SO2_AWB,0.000179641189648371
South Asia,Wheat,WheatAEZ06,WheatAEZ06,2005,SO2_AWB,0
South Asia,Wheat,WheatAEZ07,WheatAEZ07,2005,SO2_AWB,3.13377674068512e-05
South Asia,Wheat,WheatAEZ08,WheatAEZ08,2005,SO2_AWB,0.000144847644346705
South Asia,Wheat,WheatAEZ09,WheatAEZ09,2005,SO2_AWB,1.34805734643195e-06
South Asia,Wheat,WheatAEZ10,WheatAEZ10,2005,SO2_AWB,2.70210463976561e-05
South Asia,Wheat,WheatAEZ11,WheatAEZ11,2005,SO2_AWB,4.51733952930636e-05
South Asia,Wheat,WheatAEZ12,WheatAEZ12,2005,SO2_AWB,1.55116635619327e-05
South Asia,Wheat,WheatAEZ13,WheatAEZ13,2005,SO2_AWB,1.65525605182018e-05
South Asia,Wheat,WheatAEZ14,WheatAEZ14,2005,SO2_AWB,8.12116745500411e-06
South Asia,Wheat,WheatAEZ15,WheatAEZ15,2005,SO2_AWB,1.61549761961324e-06
South Asia,Wheat,WheatAEZ16,WheatAEZ16,2005,SO2_AWB,8.29652346984551e-07
South Korea,Corn,CornAEZ10,CornAEZ10,2005,CH4_AWB,3.751382906981e-07
South Korea,Corn,CornAEZ11,CornAEZ11,2005,CH4_AWB,9.90819975009607e-07
South Korea,FiberCrop,FiberCropAEZ10,FiberCropAEZ10,2005,CH4_AWB,7.87489743508814e-10
South Korea,FiberCrop,FiberCropAEZ11,FiberCropAEZ11,2005,CH4_AWB,0
South Korea,FodderGrass,FodderGrassAEZ10,FodderGrassAEZ10,2005,CH4_AWB,1.20904093276364e-06
South Korea,FodderGrass,FodderGrassAEZ11,FodderGrassAEZ11,2005,CH4_AWB,3.00909796701957e-06
South Korea,FodderHerb,FodderHerbAEZ10,FodderHerbAEZ10,2005,CH4_AWB,0
South Korea,FodderHerb,FodderHerbAEZ11,FodderHerbAEZ11,2005,CH4_AWB,0
South Korea,MiscCrop,MiscCropAEZ10,MiscCropAEZ10,2005,CH4_AWB,7.11816597359964e-05
South Korea,MiscCrop,MiscCropAEZ11,MiscCropAEZ11,2005,CH4_AWB,0.000188570467917592
South Korea,OilCrop,OilCropAEZ10,OilCropAEZ10,2005,CH4_AWB,9.90090510758773e-07
South Korea,OilCrop,OilCropAEZ11,OilCropAEZ11,2005,CH4_AWB,2.47530431973859e-06
South Korea,OtherGrain,OtherGrainAEZ10,OtherGrainAEZ10,2005,CH4_AWB,1.29185618972036e-06
South Korea,OtherGrain,OtherGrainAEZ11,OtherGrainAEZ11,2005,CH4_AWB,3.12795402710001e-06
South Korea,PalmFruit,PalmFruitAEZ10,PalmFruitAEZ10,2005,CH4_AWB,0
South Korea,PalmFruit,PalmFruitAEZ11,PalmFruitAEZ11,2005,CH4_AWB,0
South Korea,Rice,RiceAEZ10,RiceAEZ10,2005,CH4_AWB,3.49093423244269e-05
South Korea,Rice,RiceAEZ11,RiceAEZ11,2005,CH4_AWB,8.20527751726419e-05
South Korea,Root_Tuber,Root_TuberAEZ10,Root_TuberAEZ10,2005,CH4_AWB,4.82599270120934e-06
South Korea,Root_Tuber,Root_TuberAEZ11,Root_TuberAEZ11,2005,CH4_AWB,1.28289468980718e-05
South Korea,SugarCrop,SugarCropAEZ10,SugarCropAEZ10,2005,CH4_AWB,0
South Korea,SugarCrop,SugarCropAEZ11,SugarCropAEZ11,2005,CH4_AWB,0
South Korea,Wheat,WheatAEZ10,WheatAEZ10,2005,CH4_AWB,1.60725547509666e-07
South Korea,Wheat,WheatAEZ11,WheatAEZ11,2005,CH4_AWB,0
South Korea,Corn,CornAEZ10,CornAEZ10,2005,CO_AWB,2.23427952548133e-05
South Korea,Corn,CornAEZ11,CornAEZ11,2005,CO_AWB,5.90120720410134e-05
South Korea,FiberCrop,FiberCropAEZ10,FiberCropAEZ10,2005,CO_AWB,4.69019626648632e-08
South Korea,FiberCrop,FiberCropAEZ11,FiberCropAEZ11,2005,CO_AWB,0
South Korea,FodderGrass,FodderGrassAEZ10,FodderGrassAEZ10,2005,CO_AWB,7.20090555543053e-05
South Korea,FodderGrass,FodderGrassAEZ11,FodderGrassAEZ11,2005,CO_AWB,0.00017921833480043
South Korea,FodderHerb,FodderHerbAEZ10,FodderHerbAEZ10,2005,CO_AWB,0
South Korea,FodderHerb,FodderHerbAEZ11,FodderHerbAEZ11,2005,CO_AWB,0
South Korea,MiscCrop,MiscCropAEZ10,MiscCropAEZ10,2005,CO_AWB,0.00423949591074685
South Korea,MiscCrop,MiscCropAEZ11,MiscCropAEZ11,2005,CO_AWB,0.0112310352215625
South Korea,OilCrop,OilCropAEZ10,OilCropAEZ10,2005,CO_AWB,5.89686260084269e-05
South Korea,OilCrop,OilCropAEZ11,OilCropAEZ11,2005,CO_AWB,0.000147426213160902
South Korea,OtherGrain,OtherGrainAEZ10,OtherGrainAEZ10,2005,CO_AWB,7.69414348289332e-05
South Korea,OtherGrain,OtherGrainAEZ11,OtherGrainAEZ11,2005,CO_AWB,0.000186297261908162
South Korea,PalmFruit,PalmFruitAEZ10,PalmFruitAEZ10,2005,CO_AWB,0
South Korea,PalmFruit,PalmFruitAEZ11,PalmFruitAEZ11,2005,CO_AWB,0
South Korea,Rice,RiceAEZ10,RiceAEZ10,2005,CO_AWB,0.00207915935902836
South Korea,Rice,RiceAEZ11,RiceAEZ11,2005,CO_AWB,0.00488696675660588
South Korea,Root_Tuber,Root_TuberAEZ10,Root_TuberAEZ10,2005,CO_AWB,0.000287430447645556
South Korea,Root_Tuber,Root_TuberAEZ11,Root_TuberAEZ11,2005,CO_AWB,0.000764076984370452
South Korea,SugarCrop,SugarCropAEZ10,SugarCropAEZ10,2005,CO_AWB,0
South Korea,SugarCrop,SugarCropAEZ11,SugarCropAEZ11,2005,CO_AWB,0
South Korea,Wheat,WheatAEZ10,WheatAEZ10,2005,CO_AWB,9.57262452079626e-06
South Korea,Wheat,WheatAEZ11,WheatAEZ11,2005,CO_AWB,0
South Korea,Corn,CornAEZ10,CornAEZ10,2005,N2O_AWB,9.74623990539181e-09
South Korea,Corn,CornAEZ11,CornAEZ11,2005,N2O_AWB,2.57418915076025e-08
South Korea,FiberCrop,FiberCropAEZ10,FiberCropAEZ10,2005,N2O_AWB,2.04592923558663e-11
South Korea,FiberCrop,FiberCropAEZ11,FiberCropAEZ11,2005,N2O_AWB,0
South Korea,FodderGrass,FodderGrassAEZ10,FodderGrassAEZ10,2005,N2O_AWB,3.14113575668986e-08
South Korea,FodderGrass,FodderGrassAEZ11,FodderGrassAEZ11,2005,N2O_AWB,7.81775452215869e-08
South Korea,FodderHerb,FodderHerbAEZ10,FodderHerbAEZ10,2005,N2O_AWB,0
South Korea,FodderHerb,FodderHerbAEZ11,FodderHerbAEZ11,2005,N2O_AWB,0
South Korea,MiscCrop,MiscCropAEZ10,MiscCropAEZ10,2005,N2O_AWB,1.84932743431755e-06
South Korea,MiscCrop,MiscCropAEZ11,MiscCropAEZ11,2005,N2O_AWB,4.89913470570214e-06
South Korea,OilCrop,OilCropAEZ10,OilCropAEZ10,2005,N2O_AWB,2.57229397403015e-08
South Korea,OilCrop,OilCropAEZ11,OilCropAEZ11,2005,N2O_AWB,6.4309376934385e-08
South Korea,OtherGrain,OtherGrainAEZ10,OtherGrainAEZ10,2005,N2O_AWB,3.35629304192054e-08
South Korea,OtherGrain,OtherGrainAEZ11,OtherGrainAEZ11,2005,N2O_AWB,8.12654722726964e-08
South Korea,PalmFruit,PalmFruitAEZ10,PalmFruitAEZ10,2005,N2O_AWB,0
South Korea,PalmFruit,PalmFruitAEZ11,PalmFruitAEZ11,2005,N2O_AWB,0
South Korea,Rice,RiceAEZ10,RiceAEZ10,2005,N2O_AWB,9.06958403526776e-07
South Korea,Rice,RiceAEZ11,RiceAEZ11,2005,N2O_AWB,2.13176327654413e-06
South Korea,Root_Tuber,Root_TuberAEZ10,Root_TuberAEZ10,2005,N2O_AWB,1.25381182923576e-07
South Korea,Root_Tuber,Root_TuberAEZ11,Root_TuberAEZ11,2005,N2O_AWB,3.33301071371473e-07
South Korea,SugarCrop,SugarCropAEZ10,SugarCropAEZ10,2005,N2O_AWB,0
South Korea,SugarCrop,SugarCropAEZ11,SugarCropAEZ11,2005,N2O_AWB,0
South Korea,Wheat,WheatAEZ10,WheatAEZ10,2005,N2O_AWB,4.17571275392759e-09
South Korea,Wheat,WheatAEZ11,WheatAEZ11,2005,N2O_AWB,0
South Korea,Corn,CornAEZ10,CornAEZ10,2005,NH3_AWB,1.81132949185112e-07
South Korea,Corn,CornAEZ11,CornAEZ11,2005,NH3_AWB,4.78410625188462e-07
South Korea,FiberCrop,FiberCropAEZ10,FiberCropAEZ10,2005,NH3_AWB,3.80234018311854e-10
South Korea,FiberCrop,FiberCropAEZ11,FiberCropAEZ11,2005,NH3_AWB,0
South Korea,FodderGrass,FodderGrassAEZ10,FodderGrassAEZ10,2005,NH3_AWB,5.83777117045191e-07
South Korea,FodderGrass,FodderGrassAEZ11,FodderGrassAEZ11,2005,NH3_AWB,1.45292230270308e-06
South Korea,FodderHerb,FodderHerbAEZ10,FodderHerbAEZ10,2005,NH3_AWB,0
South Korea,FodderHerb,FodderHerbAEZ11,FodderHerbAEZ11,2005,NH3_AWB,0
South Korea,MiscCrop,MiscCropAEZ10,MiscCropAEZ10,2005,NH3_AWB,3.43695759019394e-05
South Korea,MiscCrop,MiscCropAEZ11,MiscCropAEZ11,2005,NH3_AWB,9.10499563229549e-05
South Korea,OilCrop,OilCropAEZ10,OilCropAEZ10,2005,NH3_AWB,4.78058408381074e-07
South Korea,OilCrop,OilCropAEZ11,OilCropAEZ11,2005,NH3_AWB,1.19518370340319e-06
South Korea,OtherGrain,OtherGrainAEZ10,OtherGrainAEZ10,2005,NH3_AWB,6.23763895526743e-07
South Korea,OtherGrain,OtherGrainAEZ11,OtherGrainAEZ11,2005,NH3_AWB,1.51031113563407e-06
South Korea,PalmFruit,PalmFruitAEZ10,PalmFruitAEZ10,2005,NH3_AWB,0
South Korea,PalmFruit,PalmFruitAEZ11,PalmFruitAEZ11,2005,NH3_AWB,0
South Korea,Rice,RiceAEZ10,RiceAEZ10,2005,NH3_AWB,1.68557363674316e-05
South Korea,Rice,RiceAEZ11,RiceAEZ11,2005,NH3_AWB,3.96186193848295e-05
South Korea,Root_Tuber,Root_TuberAEZ10,Root_TuberAEZ10,2005,NH3_AWB,2.33019745622118e-06
South Korea,Root_Tuber,Root_TuberAEZ11,Root_TuberAEZ11,2005,NH3_AWB,6.19436896794153e-06
South Korea,SugarCrop,SugarCropAEZ10,SugarCropAEZ10,2005,NH3_AWB,0
South Korea,SugarCrop,SugarCropAEZ11,SugarCropAEZ11,2005,NH3_AWB,0
South Korea,Wheat,WheatAEZ10,WheatAEZ10,2005,NH3_AWB,7.76052275965787e-08
South Korea,Wheat,WheatAEZ11,WheatAEZ11,2005,NH3_AWB,0
South Korea,Corn,CornAEZ10,CornAEZ10,2005,NMVOC_AWB,9.74623990539181e-07
South Korea,Corn,CornAEZ11,CornAEZ11,2005,NMVOC_AWB,2.57418915076025e-06
South Korea,FiberCrop,FiberCropAEZ10,FiberCropAEZ10,2005,NMVOC_AWB,2.04592923558663e-09
South Korea,FiberCrop,FiberCropAEZ11,FiberCropAEZ11,2005,NMVOC_AWB,0
South Korea,FodderGrass,FodderGrassAEZ10,FodderGrassAEZ10,2005,NMVOC_AWB,3.14113575668986e-06
South Korea,FodderGrass,FodderGrassAEZ11,FodderGrassAEZ11,2005,NMVOC_AWB,7.81775452215869e-06
South Korea,FodderHerb,FodderHerbAEZ10,FodderHerbAEZ10,2005,NMVOC_AWB,0
South Korea,FodderHerb,FodderHerbAEZ11,FodderHerbAEZ11,2005,NMVOC_AWB,0
South Korea,MiscCrop,MiscCropAEZ10,MiscCropAEZ10,2005,NMVOC_AWB,0.000184932743431755
South Korea,MiscCrop,MiscCropAEZ11,MiscCropAEZ11,2005,NMVOC_AWB,0.000489913470570214
South Korea,OilCrop,OilCropAEZ10,OilCropAEZ10,2005,NMVOC_AWB,2.57229397403015e-06
South Korea,OilCrop,OilCropAEZ11,OilCropAEZ11,2005,NMVOC_AWB,6.4309376934385e-06
South Korea,OtherGrain,OtherGrainAEZ10,OtherGrainAEZ10,2005,NMVOC_AWB,3.35629304192054e-06
South Korea,OtherGrain,OtherGrainAEZ11,OtherGrainAEZ11,2005,NMVOC_AWB,8.12654722726964e-06
South Korea,PalmFruit,PalmFruitAEZ10,PalmFruitAEZ10,2005,NMVOC_AWB,0
South Korea,PalmFruit,PalmFruitAEZ11,PalmFruitAEZ11,2005,NMVOC_AWB,0
South Korea,Rice,RiceAEZ10,RiceAEZ10,2005,NMVOC_AWB,9.06958403526776e-05
South Korea,Rice,RiceAEZ11,RiceAEZ11,2005,NMVOC_AWB,0.000213176327654413
South Korea,Root_Tuber,Root_TuberAEZ10,Root_TuberAEZ10,2005,NMVOC_AWB,1.25381182923576e-05
South Korea,Root_Tuber,Root_TuberAEZ11,Root_TuberAEZ11,2005,NMVOC_AWB,3.33301071371473e-05
South Korea,SugarCrop,SugarCropAEZ10,SugarCropAEZ10,2005,NMVOC_AWB,0
South Korea,SugarCrop,SugarCropAEZ11,SugarCropAEZ11,2005,NMVOC_AWB,0
South Korea,Wheat,WheatAEZ10,WheatAEZ10,2005,NMVOC_AWB,4.17571275392759e-07
South Korea,Wheat,WheatAEZ11,WheatAEZ11,2005,NMVOC_AWB,0
South Korea,Corn,CornAEZ10,CornAEZ10,2005,NOx_AWB,5.27768085442915e-07
South Korea,Corn,CornAEZ11,CornAEZ11,2005,NOx_AWB,1.39394770993999e-06
South Korea,FiberCrop,FiberCropAEZ10,FiberCropAEZ10,2005,NOx_AWB,1.10788998228936e-09
South Korea,FiberCrop,FiberCropAEZ11,FiberCropAEZ11,2005,NOx_AWB,0
South Korea,FodderGrass,FodderGrassAEZ10,FodderGrassAEZ10,2005,NOx_AWB,1.70095464560375e-06
South Korea,FodderGrass,FodderGrassAEZ11,FodderGrassAEZ11,2005,NOx_AWB,4.23338782615008e-06
South Korea,FodderHerb,FodderHerbAEZ10,FodderHerbAEZ10,2005,NOx_AWB,0
South Korea,FodderHerb,FodderHerbAEZ11,FodderHerbAEZ11,2005,NOx_AWB,0
South Korea,MiscCrop,MiscCropAEZ10,MiscCropAEZ10,2005,NOx_AWB,0.000100142825216818
South Korea,MiscCrop,MiscCropAEZ11,MiscCropAEZ11,2005,NOx_AWB,0.000265292766138965
South Korea,OilCrop,OilCropAEZ10,OilCropAEZ10,2005,NOx_AWB,1.39292145386161e-06
South Korea,OilCrop,OilCropAEZ11,OilCropAEZ11,2005,NOx_AWB,3.48241343022047e-06
South Korea,OtherGrain,OtherGrainAEZ10,OtherGrainAEZ10,2005,NOx_AWB,1.81746434534188e-06
South Korea,OtherGrain,OtherGrainAEZ11,OtherGrainAEZ11,2005,NOx_AWB,4.40060198910639e-06
South Korea,PalmFruit,PalmFruitAEZ10,PalmFruitAEZ10,2005,NOx_AWB,0
South Korea,PalmFruit,PalmFruitAEZ11,PalmFruitAEZ11,2005,NOx_AWB,0
South Korea,Rice,RiceAEZ10,RiceAEZ10,2005,NOx_AWB,4.91126531721103e-05
South Korea,Rice,RiceAEZ11,RiceAEZ11,2005,NOx_AWB,0.000115436992522295
South Korea,Root_Tuber,Root_TuberAEZ10,Root_TuberAEZ10,2005,NOx_AWB,6.78950933944647e-06
South Korea,Root_Tuber,Root_TuberAEZ11,Root_TuberAEZ11,2005,NOx_AWB,1.80485674497383e-05
South Korea,SugarCrop,SugarCropAEZ10,SugarCropAEZ10,2005,NOx_AWB,0
South Korea,SugarCrop,SugarCropAEZ11,SugarCropAEZ11,2005,NOx_AWB,0
South Korea,Wheat,WheatAEZ10,WheatAEZ10,2005,NOx_AWB,2.26118784976833e-07
South Korea,Wheat,WheatAEZ11,WheatAEZ11,2005,NOx_AWB,0
South Korea,Corn,CornAEZ10,CornAEZ10,2005,SO2_AWB,9.65429424590698e-08
South Korea,Corn,CornAEZ11,CornAEZ11,2005,SO2_AWB,2.54990434745119e-07
South Korea,FiberCrop,FiberCropAEZ10,FiberCropAEZ10,2005,SO2_AWB,2.02662801638298e-10
South Korea,FiberCrop,FiberCropAEZ11,FiberCropAEZ11,2005,SO2_AWB,0
South Korea,FodderGrass,FodderGrassAEZ10,FodderGrassAEZ10,2005,SO2_AWB,3.11150240049467e-07
South Korea,FodderGrass,FodderGrassAEZ11,FodderGrassAEZ11,2005,SO2_AWB,7.74400212100624e-07
South Korea,FodderHerb,FodderHerbAEZ10,FodderHerbAEZ10,2005,SO2_AWB,0
South Korea,FodderHerb,FodderHerbAEZ11,FodderHerbAEZ11,2005,SO2_AWB,0
South Korea,MiscCrop,MiscCropAEZ10,MiscCropAEZ10,2005,SO2_AWB,1.83188094908814e-05
South Korea,MiscCrop,MiscCropAEZ11,MiscCropAEZ11,2005,SO2_AWB,4.85291645376155e-05
South Korea,OilCrop,OilCropAEZ10,OilCropAEZ10,2005,SO2_AWB,2.54802704974684e-07
South Korea,OilCrop,OilCropAEZ11,OilCropAEZ11,2005,SO2_AWB,6.3702684699155e-07
South Korea,OtherGrain,OtherGrainAEZ10,OtherGrainAEZ10,2005,SO2_AWB,3.32462990001563e-07
South Korea,OtherGrain,OtherGrainAEZ11,OtherGrainAEZ11,2005,SO2_AWB,8.04988168738974e-07
South Korea,PalmFruit,PalmFruitAEZ10,PalmFruitAEZ10,2005,SO2_AWB,0
South Korea,PalmFruit,PalmFruitAEZ11,PalmFruitAEZ11,2005,SO2_AWB,0
South Korea,Rice,RiceAEZ10,RiceAEZ10,2005,SO2_AWB,8.9840219217275e-06
South Korea,Rice,RiceAEZ11,RiceAEZ11,2005,SO2_AWB,2.11165230223711e-05
South Korea,Root_Tuber,Root_TuberAEZ10,Root_TuberAEZ10,2005,SO2_AWB,1.2419834157524e-06
South Korea,Root_Tuber,Root_TuberAEZ11,Root_TuberAEZ11,2005,SO2_AWB,3.30156721641553e-06
South Korea,SugarCrop,SugarCropAEZ10,SugarCropAEZ10,2005,SO2_AWB,0
South Korea,SugarCrop,SugarCropAEZ11,SugarCropAEZ11,2005,SO2_AWB,0
South Korea,Wheat,WheatAEZ10,WheatAEZ10,2005,SO2_AWB,4.1363192373811e-08
South Korea,Wheat,WheatAEZ11,WheatAEZ11,2005,SO2_AWB,0
Southeast Asia,Corn,CornAEZ04,CornAEZ04,2005,CH4_AWB,0.00320847962669452
Southeast Asia,Corn,CornAEZ05,CornAEZ05,2005,CH4_AWB,0.00254649837296881
Southeast Asia,Corn,CornAEZ06,CornAEZ06,2005,CH4_AWB,0.00478593144317897
Southeast Asia,Corn,CornAEZ09,CornAEZ09,2005,CH4_AWB,4.74450725887956e-05
Southeast Asia,Corn,CornAEZ10,CornAEZ10,2005,CH4_AWB,0.00111019687507525
Southeast Asia,Corn,CornAEZ11,CornAEZ11,2005,CH4_AWB,0.000176999202164982
Southeast Asia,Corn,CornAEZ12,CornAEZ12,2005,CH4_AWB,0.000125493826568769
Southeast Asia,Corn,CornAEZ15,CornAEZ15,2005,CH4_AWB,0.000113156507217901
Southeast Asia,Corn,CornAEZ16,CornAEZ16,2005,CH4_AWB,3.00089583974824e-06
Southeast Asia,FiberCrop,FiberCropAEZ04,FiberCropAEZ04,2005,CH4_AWB,0.000105466538760189
Southeast Asia,FiberCrop,FiberCropAEZ05,FiberCropAEZ05,2005,CH4_AWB,0.00013858096177483
Southeast Asia,FiberCrop,FiberCropAEZ06,FiberCropAEZ06,2005,CH4_AWB,7.92561346463685e-05
Southeast Asia,FiberCrop,FiberCropAEZ09,FiberCropAEZ09,2005,CH4_AWB,6.34611022809465e-07
Southeast Asia,FiberCrop,FiberCropAEZ10,FiberCropAEZ10,2005,CH4_AWB,2.74973888089338e-05
Southeast Asia,FiberCrop,FiberCropAEZ11,FiberCropAEZ11,2005,CH4_AWB,9.10335786536479e-06
Southeast Asia,FiberCrop,FiberCropAEZ12,FiberCropAEZ12,2005,CH4_AWB,3.77698519682274e-06
Southeast Asia,FiberCrop,FiberCropAEZ15,FiberCropAEZ15,2005,CH4_AWB,2.20499071665731e-06
Southeast Asia,FiberCrop,FiberCropAEZ16,FiberCropAEZ16,2005,CH4_AWB,5.32879484801838e-08
Southeast Asia,FodderGrass,FodderGrassAEZ04,FodderGrassAEZ04,2005,CH4_AWB,0.0008584364637505
Southeast Asia,FodderGrass,FodderGrassAEZ05,FodderGrassAEZ05,2005,CH4_AWB,0.00241592095014871
Southeast Asia,FodderGrass,FodderGrassAEZ06,FodderGrassAEZ06,2005,CH4_AWB,0.000905696587557853
Southeast Asia,FodderGrass,FodderGrassAEZ09,FodderGrassAEZ09,2005,CH4_AWB,0
Southeast Asia,FodderGrass,FodderGrassAEZ10,FodderGrassAEZ10,2005,CH4_AWB,7.05412340834421e-06
Southeast Asia,FodderGrass,FodderGrassAEZ11,FodderGrassAEZ11,2005,CH4_AWB,0.000288644099359947
Southeast Asia,FodderGrass,FodderGrassAEZ12,FodderGrassAEZ12,2005,CH4_AWB,9.51276001310804e-05
Southeast Asia,FodderGrass,FodderGrassAEZ15,FodderGrassAEZ15,2005,CH4_AWB,2.09076502605903e-07
Southeast Asia,FodderGrass,FodderGrassAEZ16,FodderGrassAEZ16,2005,CH4_AWB,3.07062708580712e-06
Southeast Asia,FodderHerb,FodderHerbAEZ04,FodderHerbAEZ04,2005,CH4_AWB,1.18849425133482e-06
Southeast Asia,FodderHerb,FodderHerbAEZ05,FodderHerbAEZ05,2005,CH4_AWB,0.000183220124961577
Southeast Asia,FodderHerb,FodderHerbAEZ06,FodderHerbAEZ06,2005,CH4_AWB,0.000145141044855843
Southeast Asia,FodderHerb,FodderHerbAEZ09,FodderHerbAEZ09,2005,CH4_AWB,0
Southeast Asia,FodderHerb,FodderHerbAEZ10,FodderHerbAEZ10,2005,CH4_AWB,0
Southeast Asia,FodderHerb,FodderHerbAEZ11,FodderHerbAEZ11,2005,CH4_AWB,0
Southeast Asia,FodderHerb,FodderHerbAEZ12,FodderHerbAEZ12,2005,CH4_AWB,6.66817155761341e-06
Southeast Asia,FodderHerb,FodderHerbAEZ15,FodderHerbAEZ15,2005,CH4_AWB,0
Southeast Asia,FodderHerb,FodderHerbAEZ16,FodderHerbAEZ16,2005,CH4_AWB,0
Southeast Asia,MiscCrop,MiscCropAEZ04,MiscCropAEZ04,2005,CH4_AWB,0.00768919091933322
Southeast Asia,MiscCrop,MiscCropAEZ05,MiscCropAEZ05,2005,CH4_AWB,0.0151159558144188
Southeast Asia,MiscCrop,MiscCropAEZ06,MiscCropAEZ06,2005,CH4_AWB,0.0207066792459576
Southeast Asia,MiscCrop,MiscCropAEZ09,MiscCropAEZ09,2005,CH4_AWB,0.000106231982917773
Southeast Asia,MiscCrop,MiscCropAEZ10,MiscCropAEZ10,2005,CH4_AWB,0.00427544179925763
Southeast Asia,MiscCrop,MiscCropAEZ11,MiscCropAEZ11,2005,CH4_AWB,0.00150141066891586
Southeast Asia,MiscCrop,MiscCropAEZ12,MiscCropAEZ12,2005,CH4_AWB,0.000520121391125163
Southeast Asia,MiscCrop,MiscCropAEZ15,MiscCropAEZ15,2005,CH4_AWB,0.000257000736254166
Southeast Asia,MiscCrop,MiscCropAEZ16,MiscCropAEZ16,2005,CH4_AWB,1.67021366082314e-06
Southeast Asia,OilCrop,OilCropAEZ04,OilCropAEZ04,2005,CH4_AWB,0.000668006787129192
Southeast Asia,OilCrop,OilCropAEZ05,OilCropAEZ05,2005,CH4_AWB,0.00136345995036796
Southeast Asia,OilCrop,OilCropAEZ06,OilCropAEZ06,2005,CH4_AWB,0.000444163646410136
Southeast Asia,OilCrop,OilCropAEZ09,OilCropAEZ09,2005,CH4_AWB,1.2355849458406e-05
Southeast Asia,OilCrop,OilCropAEZ10,OilCropAEZ10,2005,CH4_AWB,0.000290794902210889
Southeast Asia,OilCrop,OilCropAEZ11,OilCropAEZ11,2005,CH4_AWB,0.000143718972713057
Southeast Asia,OilCrop,OilCropAEZ12,OilCropAEZ12,2005,CH4_AWB,4.66482872600785e-05
Southeast Asia,OilCrop,OilCropAEZ15,OilCropAEZ15,2005,CH4_AWB,2.96297786717065e-05
Southeast Asia,OilCrop,OilCropAEZ16,OilCropAEZ16,2005,CH4_AWB,9.52649898381379e-07
Southeast Asia,OtherGrain,OtherGrainAEZ04,OtherGrainAEZ04,2005,CH4_AWB,0.000164130527845193
Southeast Asia,OtherGrain,OtherGrainAEZ05,OtherGrainAEZ05,2005,CH4_AWB,0.000173966888469802
Southeast Asia,OtherGrain,OtherGrainAEZ06,OtherGrainAEZ06,2005,CH4_AWB,1.89923187287998e-05
Southeast Asia,OtherGrain,OtherGrainAEZ09,OtherGrainAEZ09,2005,CH4_AWB,4.80089070815303e-06
Southeast Asia,OtherGrain,OtherGrainAEZ10,OtherGrainAEZ10,2005,CH4_AWB,0.000189334897022148
Southeast Asia,OtherGrain,OtherGrainAEZ11,OtherGrainAEZ11,2005,CH4_AWB,4.73788592602759e-05
Southeast Asia,OtherGrain,OtherGrainAEZ12,OtherGrainAEZ12,2005,CH4_AWB,7.65882692659048e-06
Southeast Asia,OtherGrain,OtherGrainAEZ15,OtherGrainAEZ15,2005,CH4_AWB,1.30050221817938e-05
Southeast Asia,OtherGrain,OtherGrainAEZ16,OtherGrainAEZ16,2005,CH4_AWB,1.5966124125349e-07
Southeast Asia,PalmFruit,PalmFruitAEZ04,PalmFruitAEZ04,2005,CH4_AWB,0.00336002704456468
Southeast Asia,PalmFruit,PalmFruitAEZ05,PalmFruitAEZ05,2005,CH4_AWB,0.00342047462675736
Southeast Asia,PalmFruit,PalmFruitAEZ06,PalmFruitAEZ06,2005,CH4_AWB,0.0660334879714915
Southeast Asia,PalmFruit,PalmFruitAEZ09,PalmFruitAEZ09,2005,CH4_AWB,0
Southeast Asia,PalmFruit,PalmFruitAEZ10,PalmFruitAEZ10,2005,CH4_AWB,1.11570146012073e-05
Southeast Asia,PalmFruit,PalmFruitAEZ11,PalmFruitAEZ11,2005,CH4_AWB,4.97019166766041e-06
Southeast Asia,PalmFruit,PalmFruitAEZ12,PalmFruitAEZ12,2005,CH4_AWB,2.84867534778019e-05
Southeast Asia,PalmFruit,PalmFruitAEZ15,PalmFruitAEZ15,2005,CH4_AWB,0
Southeast Asia,PalmFruit,PalmFruitAEZ16,PalmFruitAEZ16,2005,CH4_AWB,0
Southeast Asia,Rice,RiceAEZ04,RiceAEZ04,2005,CH4_AWB,0.0259033405329641
Southeast Asia,Rice,RiceAEZ05,RiceAEZ05,2005,CH4_AWB,0.0346285938861694
Southeast Asia,Rice,RiceAEZ06,RiceAEZ06,2005,CH4_AWB,0.0202466244002484
Southeast Asia,Rice,RiceAEZ09,RiceAEZ09,2005,CH4_AWB,5.87374098841605e-05
Southeast Asia,Rice,RiceAEZ10,RiceAEZ10,2005,CH4_AWB,0.00152144924379232
Southeast Asia,Rice,RiceAEZ11,RiceAEZ11,2005,CH4_AWB,0.00112210690767001
Southeast Asia,Rice,RiceAEZ12,RiceAEZ12,2005,CH4_AWB,0.000759387775347666
Southeast Asia,Rice,RiceAEZ15,RiceAEZ15,2005,CH4_AWB,0.000147227437488223
Southeast Asia,Rice,RiceAEZ16,RiceAEZ16,2005,CH4_AWB,4.6592484798094e-06
Southeast Asia,Root_Tuber,Root_TuberAEZ04,Root_TuberAEZ04,2005,CH4_AWB,0.0137533937720458
Southeast Asia,Root_Tuber,Root_TuberAEZ05,Root_TuberAEZ05,2005,CH4_AWB,0.0066435385492926
Southeast Asia,Root_Tuber,Root_TuberAEZ06,Root_TuberAEZ06,2005,CH4_AWB,0.00541334368529735
Southeast Asia,Root_Tuber,Root_TuberAEZ09,Root_TuberAEZ09,2005,CH4_AWB,6.40776839839828e-05
Southeast Asia,Root_Tuber,Root_TuberAEZ10,Root_TuberAEZ10,2005,CH4_AWB,0.00166703450868107
Southeast Asia,Root_Tuber,Root_TuberAEZ11,Root_TuberAEZ11,2005,CH4_AWB,0.00020968828445066
Southeast Asia,Root_Tuber,Root_TuberAEZ12,Root_TuberAEZ12,2005,CH4_AWB,0.000250186110154115
Southeast Asia,Root_Tuber,Root_TuberAEZ15,Root_TuberAEZ15,2005,CH4_AWB,0.000119437555825831
Southeast Asia,Root_Tuber,Root_TuberAEZ16,Root_TuberAEZ16,2005,CH4_AWB,1.77944546086062e-06
Southeast Asia,SugarCrop,SugarCropAEZ04,SugarCropAEZ04,2005,CH4_AWB,0.0299670713359213
Southeast Asia,SugarCrop,SugarCropAEZ05,SugarCropAEZ05,2005,CH4_AWB,0.0288782991582118
Southeast Asia,SugarCrop,SugarCropAEZ06,SugarCropAEZ06,2005,CH4_AWB,0.0255136608958276
Southeast Asia,SugarCrop,SugarCropAEZ09,SugarCropAEZ09,2005,CH4_AWB,0
Southeast Asia,SugarCrop,SugarCropAEZ10,SugarCropAEZ10,2005,CH4_AWB,8.10936806773579e-05
Southeast Asia,SugarCrop,SugarCropAEZ11,SugarCropAEZ11,2005,CH4_AWB,0.00139169938592684
Southeast Asia,SugarCrop,SugarCropAEZ12,SugarCropAEZ12,2005,CH4_AWB,0.000353298347944875
Southeast Asia,SugarCrop,SugarCropAEZ15,SugarCropAEZ15,2005,CH4_AWB,0
Southeast Asia,SugarCrop,SugarCropAEZ16,SugarCropAEZ16,2005,CH4_AWB,0
Southeast Asia,Wheat,WheatAEZ04,WheatAEZ04,2005,CH4_AWB,1.8453746600019e-05
Southeast Asia,Wheat,WheatAEZ05,WheatAEZ05,2005,CH4_AWB,6.77710246289408e-05
Southeast Asia,Wheat,WheatAEZ06,WheatAEZ06,2005,CH4_AWB,1.50494867801811e-07
Southeast Asia,Wheat,WheatAEZ09,WheatAEZ09,2005,CH4_AWB,1.73343723643252e-06
Southeast Asia,Wheat,WheatAEZ10,WheatAEZ10,2005,CH4_AWB,0.000110287472536979
Southeast Asia,Wheat,WheatAEZ11,WheatAEZ11,2005,CH4_AWB,2.26851789414247e-05
Southeast Asia,Wheat,WheatAEZ12,WheatAEZ12,2005,CH4_AWB,5.59906818383815e-06
Southeast Asia,Wheat,WheatAEZ15,WheatAEZ15,2005,CH4_AWB,7.53023590351393e-06
Southeast Asia,Wheat,WheatAEZ16,WheatAEZ16,2005,CH4_AWB,1.16221584039646e-06
Southeast Asia,Corn,CornAEZ04,CornAEZ04,2005,CO_AWB,0.14704562787153
Southeast Asia,Corn,CornAEZ05,CornAEZ05,2005,CO_AWB,0.116706819333243
Southeast Asia,Corn,CornAEZ06,CornAEZ06,2005,CO_AWB,0.21934073950701
Southeast Asia,Corn,CornAEZ09,CornAEZ09,2005,CO_AWB,0.00217442256144767
Southeast Asia,Corn,CornAEZ10,CornAEZ10,2005,CO_AWB,0.0508806710811611
Southeast Asia,Corn,CornAEZ11,CornAEZ11,2005,CO_AWB,0.0081119289642875
Southeast Asia,Corn,CornAEZ12,CornAEZ12,2005,CO_AWB,0.00575142144219154
Southeast Asia,Corn,CornAEZ15,CornAEZ15,2005,CO_AWB,0.00518599822581632
Southeast Asia,Corn,CornAEZ16,CornAEZ16,2005,CO_AWB,0.000137531997791568
Southeast Asia,FiberCrop,FiberCropAEZ04,FiberCropAEZ04,2005,CO_AWB,0.0048335645588644
Southeast Asia,FiberCrop,FiberCropAEZ05,FiberCropAEZ05,2005,CO_AWB,0.00635120895444619
Southeast Asia,FiberCrop,FiberCropAEZ06,FiberCropAEZ06,2005,CO_AWB,0.00363233351547019
Southeast Asia,FiberCrop,FiberCropAEZ09,FiberCropAEZ09,2005,CO_AWB,2.90844222686711e-05
Southeast Asia,FiberCrop,FiberCropAEZ10,FiberCropAEZ10,2005,CO_AWB,0.00126021395573045
Southeast Asia,FiberCrop,FiberCropAEZ11,FiberCropAEZ11,2005,CO_AWB,0.000417209746920187
Southeast Asia,FiberCrop,FiberCropAEZ12,FiberCropAEZ12,2005,CO_AWB,0.00017310041650489
Southeast Asia,FiberCrop,FiberCropAEZ15,FiberCropAEZ15,2005,CO_AWB,0.000101055416305014
Southeast Asia,FiberCrop,FiberCropAEZ16,FiberCropAEZ16,2005,CO_AWB,2.44220339660596e-06
Southeast Asia,FodderGrass,FodderGrassAEZ04,FodderGrassAEZ04,2005,CO_AWB,0.0393424124466247
Southeast Asia,FodderGrass,FodderGrassAEZ05,FodderGrassAEZ05,2005,CO_AWB,0.110722415080002
Southeast Asia,FodderGrass,FodderGrassAEZ06,FodderGrassAEZ06,2005,CO_AWB,0.0415083587473959
Southeast Asia,FodderGrass,FodderGrassAEZ09,FodderGrassAEZ09,2005,CO_AWB,0
Southeast Asia,FodderGrass,FodderGrassAEZ10,FodderGrassAEZ10,2005,CO_AWB,0.000323292688858951
Southeast Asia,FodderGrass,FodderGrassAEZ11,FodderGrassAEZ11,2005,CO_AWB,0.0132286496285229
Southeast Asia,FodderGrass,FodderGrassAEZ12,FodderGrassAEZ12,2005,CO_AWB,0.00435972775790931
Southeast Asia,FodderGrass,FodderGrassAEZ15,FodderGrassAEZ15,2005,CO_AWB,9.58204170694451e-06
Southeast Asia,FodderGrass,FodderGrassAEZ16,FodderGrassAEZ16,2005,CO_AWB,0.000140727802674879
Southeast Asia,FodderHerb,FodderHerbAEZ04,FodderHerbAEZ04,2005,CO_AWB,5.4469064398978e-05
Southeast Asia,FodderHerb,FodderHerbAEZ05,FodderHerbAEZ05,2005,CO_AWB,0.0083970358077142
Southeast Asia,FodderHerb,FodderHerbAEZ06,FodderHerbAEZ06,2005,CO_AWB,0.00665185962011079
Southeast Asia,FodderHerb,FodderHerbAEZ09,FodderHerbAEZ09,2005,CO_AWB,0
Southeast Asia,FodderHerb,FodderHerbAEZ10,FodderHerbAEZ10,2005,CO_AWB,0
Southeast Asia,FodderHerb,FodderHerbAEZ11,FodderHerbAEZ11,2005,CO_AWB,0
Southeast Asia,FodderHerb,FodderHerbAEZ12,FodderHerbAEZ12,2005,CO_AWB,0.000305604394457232
Southeast Asia,FodderHerb,FodderHerbAEZ15,FodderHerbAEZ15,2005,CO_AWB,0
Southeast Asia,FodderHerb,FodderHerbAEZ16,FodderHerbAEZ16,2005,CO_AWB,0
Southeast Asia,MiscCrop,MiscCropAEZ04,MiscCropAEZ04,2005,CO_AWB,0.352398032124102
Southeast Asia,MiscCrop,MiscCropAEZ05,MiscCropAEZ05,2005,CO_AWB,0.692768997227343
Southeast Asia,MiscCrop,MiscCropAEZ06,MiscCropAEZ06,2005,CO_AWB,0.948993606044212
Southeast Asia,MiscCrop,MiscCropAEZ09,MiscCropAEZ09,2005,CO_AWB,0.0048686451047454
Southeast Asia,MiscCrop,MiscCropAEZ10,MiscCropAEZ10,2005,CO_AWB,0.195944838972755
Southeast Asia,MiscCrop,MiscCropAEZ11,MiscCropAEZ11,2005,CO_AWB,0.0688101219864056
Southeast Asia,MiscCrop,MiscCropAEZ12,MiscCropAEZ12,2005,CO_AWB,0.0238373265303252
Southeast Asia,MiscCrop,MiscCropAEZ15,MiscCropAEZ15,2005,CO_AWB,0.0117784243700724
Southeast Asia,MiscCrop,MiscCropAEZ16,MiscCropAEZ16,2005,CO_AWB,7.65464160632271e-05
Southeast Asia,OilCrop,OilCropAEZ04,OilCropAEZ04,2005,CO_AWB,0.0306149606245288
Southeast Asia,OilCrop,OilCropAEZ05,OilCropAEZ05,2005,CO_AWB,0.0624877972767724
Southeast Asia,OilCrop,OilCropAEZ06,OilCropAEZ06,2005,CO_AWB,0.0203561592601957
Southeast Asia,OilCrop,OilCropAEZ09,OilCropAEZ09,2005,CO_AWB,0.00056627245701704
Southeast Asia,OilCrop,OilCropAEZ10,OilCropAEZ10,2005,CO_AWB,0.0133272215979421
Southeast Asia,OilCrop,OilCropAEZ11,OilCropAEZ11,2005,CO_AWB,0.00658668560766737
Southeast Asia,OilCrop,OilCropAEZ12,OilCropAEZ12,2005,CO_AWB,0.00213790563986113
Southeast Asia,OilCrop,OilCropAEZ15,OilCropAEZ15,2005,CO_AWB,0.00135794205212523
Southeast Asia,OilCrop,OilCropAEZ16,OilCropAEZ16,2005,CO_AWB,4.36602437128633e-05
Southeast Asia,OtherGrain,OtherGrainAEZ04,OtherGrainAEZ04,2005,CO_AWB,0.00752215358298737
Southeast Asia,OtherGrain,OtherGrainAEZ05,OtherGrainAEZ05,2005,CO_AWB,0.00797295707632497
Southeast Asia,OtherGrain,OtherGrainAEZ06,OtherGrainAEZ06,2005,CO_AWB,0.000870423925705196
Southeast Asia,OtherGrain,OtherGrainAEZ09,OtherGrainAEZ09,2005,CO_AWB,0.000220026327313866
Southeast Asia,OtherGrain,OtherGrainAEZ10,OtherGrainAEZ10,2005,CO_AWB,0.00867727772960675
Southeast Asia,OtherGrain,OtherGrainAEZ11,OtherGrainAEZ11,2005,CO_AWB,0.00217138798382884
Southeast Asia,OtherGrain,OtherGrainAEZ12,OtherGrainAEZ12,2005,CO_AWB,0.00035100644081076
Southeast Asia,OtherGrain,OtherGrainAEZ15,OtherGrainAEZ15,2005,CO_AWB,0.000596024246591585
Southeast Asia,OtherGrain,OtherGrainAEZ16,OtherGrainAEZ16,2005,CO_AWB,7.31732477636287e-06
Southeast Asia,PalmFruit,PalmFruitAEZ04,PalmFruitAEZ04,2005,CO_AWB,0.153991093576726
Southeast Asia,PalmFruit,PalmFruitAEZ05,PalmFruitAEZ05,2005,CO_AWB,0.156761425232532
Southeast Asia,PalmFruit,PalmFruitAEZ06,PalmFruitAEZ06,2005,CO_AWB,3.02633547008637
Southeast Asia,PalmFruit,PalmFruitAEZ09,PalmFruitAEZ09,2005,CO_AWB,0
Southeast Asia,PalmFruit,PalmFruitAEZ10,PalmFruitAEZ10,2005,CO_AWB,0.000511329479407213
Southeast Asia,PalmFruit,PalmFruitAEZ11,PalmFruitAEZ11,2005,CO_AWB,0.000227785443402024
Southeast Asia,PalmFruit,PalmFruitAEZ12,PalmFruitAEZ12,2005,CO_AWB,0.00130555684889306
Southeast Asia,PalmFruit,PalmFruitAEZ15,PalmFruitAEZ15,2005,CO_AWB,0
Southeast Asia,PalmFruit,PalmFruitAEZ16,PalmFruitAEZ16,2005,CO_AWB,0
Southeast Asia,Rice,RiceAEZ04,RiceAEZ04,2005,CO_AWB,1.18715822315004
Southeast Asia,Rice,RiceAEZ05,RiceAEZ05,2005,CO_AWB,1.58703932165714
Southeast Asia,Rice,RiceAEZ06,RiceAEZ06,2005,CO_AWB,0.927909148134673
Southeast Asia,Rice,RiceAEZ09,RiceAEZ09,2005,CO_AWB,0.00269195392238223
Southeast Asia,Rice,RiceAEZ10,RiceAEZ10,2005,CO_AWB,0.0697284961595949
Southeast Asia,Rice,RiceAEZ11,RiceAEZ11,2005,CO_AWB,0.0514265116114537
Southeast Asia,Rice,RiceAEZ12,RiceAEZ12,2005,CO_AWB,0.0348029799830777
Southeast Asia,Rice,RiceAEZ15,RiceAEZ15,2005,CO_AWB,0.00674747964900616
Southeast Asia,Rice,RiceAEZ16,RiceAEZ16,2005,CO_AWB,0.000213534819552175
Southeast Asia,Root_Tuber,Root_TuberAEZ04,Root_TuberAEZ04,2005,CO_AWB,0.630322351355677
Southeast Asia,Root_Tuber,Root_TuberAEZ05,Root_TuberAEZ05,2005,CO_AWB,0.3044754559579
Southeast Asia,Root_Tuber,Root_TuberAEZ06,Root_TuberAEZ06,2005,CO_AWB,0.248095239398171
Southeast Asia,Root_Tuber,Root_TuberAEZ09,Root_TuberAEZ09,2005,CO_AWB,0.00293670035975433
Southeast Asia,Root_Tuber,Root_TuberAEZ10,Root_TuberAEZ10,2005,CO_AWB,0.0764007145231765
Southeast Asia,Root_Tuber,Root_TuberAEZ11,Root_TuberAEZ11,2005,CO_AWB,0.00961007986082094
Southeast Asia,Root_Tuber,Root_TuberAEZ12,Root_TuberAEZ12,2005,CO_AWB,0.0114661079179887
Southeast Asia,Root_Tuber,Root_TuberAEZ15,Root_TuberAEZ15,2005,CO_AWB,0.00547386065403945
Southeast Asia,Root_Tuber,Root_TuberAEZ16,Root_TuberAEZ16,2005,CO_AWB,8.1552543727686e-05
Southeast Asia,SugarCrop,SugarCropAEZ04,SugarCropAEZ04,2005,CO_AWB,1.37340028074332
Southeast Asia,SugarCrop,SugarCropAEZ05,SugarCropAEZ05,2005,CO_AWB,1.3235015102639
Southeast Asia,SugarCrop,SugarCropAEZ06,SugarCropAEZ06,2005,CO_AWB,1.16929908312785
Southeast Asia,SugarCrop,SugarCropAEZ09,SugarCropAEZ09,2005,CO_AWB,0
Southeast Asia,SugarCrop,SugarCropAEZ10,SugarCropAEZ10,2005,CO_AWB,0.00371654882655448
Southeast Asia,SugarCrop,SugarCropAEZ11,SugarCropAEZ11,2005,CO_AWB,0.0637820194678516
Southeast Asia,SugarCrop,SugarCropAEZ12,SugarCropAEZ12,2005,CO_AWB,0.0161917741248213
Southeast Asia,SugarCrop,SugarCropAEZ15,SugarCropAEZ15,2005,CO_AWB,0
Southeast Asia,SugarCrop,SugarCropAEZ16,SugarCropAEZ16,2005,CO_AWB,0
Southeast Asia,Wheat,WheatAEZ04,WheatAEZ04,2005,CO_AWB,0.000845740996079657
Southeast Asia,Wheat,WheatAEZ05,WheatAEZ05,2005,CO_AWB,0.00310596732020588
Southeast Asia,Wheat,WheatAEZ06,WheatAEZ06,2005,CO_AWB,6.89722700535232e-06
Southeast Asia,Wheat,WheatAEZ09,WheatAEZ09,2005,CO_AWB,7.94439723682182e-05
Southeast Asia,Wheat,WheatAEZ10,WheatAEZ10,2005,CO_AWB,0.00505450946630189
Southeast Asia,Wheat,WheatAEZ11,WheatAEZ11,2005,CO_AWB,0.00103966886779219
Southeast Asia,Wheat,WheatAEZ12,WheatAEZ12,2005,CO_AWB,0.000256607051432706
Southeast Asia,Wheat,WheatAEZ15,WheatAEZ15,2005,CO_AWB,0.000345113073880949
Southeast Asia,Wheat,WheatAEZ16,WheatAEZ16,2005,CO_AWB,5.32647165814798e-05
Southeast Asia,Corn,CornAEZ04,CornAEZ04,2005,N2O_AWB,8.32223155503021e-05
Southeast Asia,Corn,CornAEZ05,CornAEZ05,2005,N2O_AWB,6.60516867180091e-05
Southeast Asia,Corn,CornAEZ06,CornAEZ06,2005,N2O_AWB,0.000124138639825708
Southeast Asia,Corn,CornAEZ09,CornAEZ09,2005,N2O_AWB,1.23064169379177e-06
Southeast Asia,Corn,CornAEZ10,CornAEZ10,2005,N2O_AWB,2.87965533244349e-05
Southeast Asia,Corn,CornAEZ11,CornAEZ11,2005,N2O_AWB,4.59104783841232e-06
Southeast Asia,Corn,CornAEZ12,CornAEZ12,2005,N2O_AWB,3.25508902952911e-06
Southeast Asia,Corn,CornAEZ15,CornAEZ15,2005,N2O_AWB,2.93508067556597e-06
Southeast Asia,Corn,CornAEZ16,CornAEZ16,2005,N2O_AWB,7.78379574024002e-08
Southeast Asia,FiberCrop,FiberCropAEZ04,FiberCropAEZ04,2005,N2O_AWB,2.73561642582134e-06
Southeast Asia,FiberCrop,FiberCropAEZ05,FiberCropAEZ05,2005,N2O_AWB,3.59454628732394e-06
Southeast Asia,FiberCrop,FiberCropAEZ06,FiberCropAEZ06,2005,N2O_AWB,2.05576466559415e-06
Southeast Asia,FiberCrop,FiberCropAEZ09,FiberCropAEZ09,2005,N2O_AWB,1.64606932057598e-08
Southeast Asia,FiberCrop,FiberCropAEZ10,FiberCropAEZ10,2005,N2O_AWB,7.13233878509623e-07
Southeast Asia,FiberCrop,FiberCropAEZ11,FiberCropAEZ11,2005,N2O_AWB,2.36125083835804e-07
Southeast Asia,FiberCrop,FiberCropAEZ12,FiberCropAEZ12,2005,N2O_AWB,9.79683496393695e-08
Southeast Asia,FiberCrop,FiberCropAEZ15,FiberCropAEZ15,2005,N2O_AWB,5.71935790647965e-08
Southeast Asia,FiberCrop,FiberCropAEZ16,FiberCropAEZ16,2005,N2O_AWB,1.38219561269738e-09
Southeast Asia,FodderGrass,FodderGrassAEZ04,FodderGrassAEZ04,2005,N2O_AWB,2.22663312778241e-05
Southeast Asia,FodderGrass,FodderGrassAEZ05,FodderGrassAEZ05,2005,N2O_AWB,6.26647381473319e-05
Southeast Asia,FodderGrass,FodderGrassAEZ06,FodderGrassAEZ06,2005,N2O_AWB,2.34921757256799e-05
Southeast Asia,FodderGrass,FodderGrassAEZ09,FodderGrassAEZ09,2005,N2O_AWB,0
Southeast Asia,FodderGrass,FodderGrassAEZ10,FodderGrassAEZ10,2005,N2O_AWB,1.82971548061474e-07
Southeast Asia,FodderGrass,FodderGrassAEZ11,FodderGrassAEZ11,2005,N2O_AWB,7.48692000996565e-06
Southeast Asia,FodderGrass,FodderGrassAEZ12,FodderGrassAEZ12,2005,N2O_AWB,2.46744255122724e-06
Southeast Asia,FodderGrass,FodderGrassAEZ15,FodderGrassAEZ15,2005,N2O_AWB,5.4230765653787e-09
Southeast Asia,FodderGrass,FodderGrassAEZ16,FodderGrassAEZ16,2005,N2O_AWB,7.9646663218995e-08
Southeast Asia,FodderHerb,FodderHerbAEZ04,FodderHerbAEZ04,2005,N2O_AWB,3.0827449484604e-08
Southeast Asia,FodderHerb,FodderHerbAEZ05,FodderHerbAEZ05,2005,N2O_AWB,4.75240762878933e-06
Southeast Asia,FodderHerb,FodderHerbAEZ06,FodderHerbAEZ06,2005,N2O_AWB,3.76470329865791e-06
Southeast Asia,FodderHerb,FodderHerbAEZ09,FodderHerbAEZ09,2005,N2O_AWB,0
Southeast Asia,FodderHerb,FodderHerbAEZ10,FodderHerbAEZ10,2005,N2O_AWB,0
Southeast Asia,FodderHerb,FodderHerbAEZ11,FodderHerbAEZ11,2005,N2O_AWB,0
Southeast Asia,FodderHerb,FodderHerbAEZ12,FodderHerbAEZ12,2005,N2O_AWB,1.72960636213536e-07
Southeast Asia,FodderHerb,FodderHerbAEZ15,FodderHerbAEZ15,2005,N2O_AWB,0
Southeast Asia,FodderHerb,FodderHerbAEZ16,FodderHerbAEZ16,2005,N2O_AWB,0
Southeast Asia,MiscCrop,MiscCropAEZ04,MiscCropAEZ04,2005,N2O_AWB,0.000199444081767328
Southeast Asia,MiscCrop,MiscCropAEZ05,MiscCropAEZ05,2005,N2O_AWB,0.00039208129425712
Southeast Asia,MiscCrop,MiscCropAEZ06,MiscCropAEZ06,2005,N2O_AWB,0.000537094822067277
Southeast Asia,MiscCrop,MiscCropAEZ09,MiscCropAEZ09,2005,N2O_AWB,2.75547070031589e-06
Southeast Asia,MiscCrop,MiscCropAEZ10,MiscCropAEZ10,2005,N2O_AWB,0.00011089743677174
Southeast Asia,MiscCrop,MiscCropAEZ11,MiscCropAEZ11,2005,N2O_AWB,3.8943950717192e-05
Southeast Asia,MiscCrop,MiscCropAEZ12,MiscCropAEZ12,2005,N2O_AWB,1.34910336274364e-05
Southeast Asia,MiscCrop,MiscCropAEZ15,MiscCropAEZ15,2005,N2O_AWB,6.66614685387266e-06
Southeast Asia,MiscCrop,MiscCropAEZ16,MiscCropAEZ16,2005,N2O_AWB,4.33224032844025e-08
Southeast Asia,OilCrop,OilCropAEZ04,OilCropAEZ04,2005,N2O_AWB,1.73269205656397e-05
Southeast Asia,OilCrop,OilCropAEZ05,OilCropAEZ05,2005,N2O_AWB,3.53657518301346e-05
Southeast Asia,OilCrop,OilCropAEZ06,OilCropAEZ06,2005,N2O_AWB,1.15208233924798e-05
Southeast Asia,OilCrop,OilCropAEZ09,OilCropAEZ09,2005,N2O_AWB,3.20488992345221e-07
Southeast Asia,OilCrop,OilCropAEZ10,OilCropAEZ10,2005,N2O_AWB,7.54270805114824e-06
Southeast Asia,OilCrop,OilCropAEZ11,OilCropAEZ11,2005,N2O_AWB,3.7278172496964e-06
Southeast Asia,OilCrop,OilCropAEZ12,OilCropAEZ12,2005,N2O_AWB,1.20997448446913e-06
Southeast Asia,OilCrop,OilCropAEZ15,OilCropAEZ15,2005,N2O_AWB,7.68544319180477e-07
Southeast Asia,OilCrop,OilCropAEZ16,OilCropAEZ16,2005,N2O_AWB,2.47100619846345e-08
Southeast Asia,OtherGrain,OtherGrainAEZ04,OtherGrainAEZ04,2005,N2O_AWB,4.25725707158148e-06
Southeast Asia,OtherGrain,OtherGrainAEZ05,OtherGrainAEZ05,2005,N2O_AWB,4.51239495712608e-06
Southeast Asia,OtherGrain,OtherGrainAEZ06,OtherGrainAEZ06,2005,N2O_AWB,4.92627327014839e-07
Southeast Asia,OtherGrain,OtherGrainAEZ09,OtherGrainAEZ09,2005,N2O_AWB,1.24526656835295e-07
Southeast Asia,OtherGrain,OtherGrainAEZ10,OtherGrainAEZ10,2005,N2O_AWB,4.91101405586747e-06
Southeast Asia,OtherGrain,OtherGrainAEZ11,OtherGrainAEZ11,2005,N2O_AWB,1.22892423656566e-06
Southeast Asia,OtherGrain,OtherGrainAEZ12,OtherGrainAEZ12,2005,N2O_AWB,1.98656493227142e-07
Southeast Asia,OtherGrain,OtherGrainAEZ15,OtherGrainAEZ15,2005,N2O_AWB,3.37327390439737e-07
Southeast Asia,OtherGrain,OtherGrainAEZ16,OtherGrainAEZ16,2005,N2O_AWB,4.14133164200265e-09
Southeast Asia,PalmFruit,PalmFruitAEZ04,PalmFruitAEZ04,2005,N2O_AWB,8.71531888916479e-05
Southeast Asia,PalmFruit,PalmFruitAEZ05,PalmFruitAEZ05,2005,N2O_AWB,8.87210928040299e-05
Southeast Asia,PalmFruit,PalmFruitAEZ06,PalmFruitAEZ06,2005,N2O_AWB,0.00171279247875797
Southeast Asia,PalmFruit,PalmFruitAEZ09,PalmFruitAEZ09,2005,N2O_AWB,0
Southeast Asia,PalmFruit,PalmFruitAEZ10,PalmFruitAEZ10,2005,N2O_AWB,2.89393325740886e-07
Southeast Asia,PalmFruit,PalmFruitAEZ11,PalmFruitAEZ11,2005,N2O_AWB,1.28918025805778e-07
Southeast Asia,PalmFruit,PalmFruitAEZ12,PalmFruitAEZ12,2005,N2O_AWB,7.38896257033649e-07
Southeast Asia,PalmFruit,PalmFruitAEZ15,PalmFruitAEZ15,2005,N2O_AWB,0
Southeast Asia,PalmFruit,PalmFruitAEZ16,PalmFruitAEZ16,2005,N2O_AWB,0
Southeast Asia,Rice,RiceAEZ04,RiceAEZ04,2005,N2O_AWB,0.000671887071279982
Southeast Asia,Rice,RiceAEZ05,RiceAEZ05,2005,N2O_AWB,0.000898204789421417
Southeast Asia,Rice,RiceAEZ06,RiceAEZ06,2005,N2O_AWB,0.000525161808928745
Southeast Asia,Rice,RiceAEZ09,RiceAEZ09,2005,N2O_AWB,1.52354505209157e-06
Southeast Asia,Rice,RiceAEZ10,RiceAEZ10,2005,N2O_AWB,3.94637160875788e-05
Southeast Asia,Rice,RiceAEZ11,RiceAEZ11,2005,N2O_AWB,2.91054786118418e-05
Southeast Asia,Rice,RiceAEZ12,RiceAEZ12,2005,N2O_AWB,1.96971825967722e-05
Southeast Asia,Rice,RiceAEZ15,RiceAEZ15,2005,N2O_AWB,3.81882065211375e-06
Southeast Asia,Rice,RiceAEZ16,RiceAEZ16,2005,N2O_AWB,1.20852706680092e-07
Southeast Asia,Root_Tuber,Root_TuberAEZ04,Root_TuberAEZ04,2005,N2O_AWB,0.000356738832580325
Southeast Asia,Root_Tuber,Root_TuberAEZ05,Root_TuberAEZ05,2005,N2O_AWB,0.000172321699324434
Southeast Asia,Root_Tuber,Root_TuberAEZ06,Root_TuberAEZ06,2005,N2O_AWB,0.000140412609328046
Southeast Asia,Root_Tuber,Root_TuberAEZ09,Root_TuberAEZ09,2005,N2O_AWB,1.66206236495305e-06
Southeast Asia,Root_Tuber,Root_TuberAEZ10,Root_TuberAEZ10,2005,N2O_AWB,4.32399416721956e-05
Southeast Asia,Root_Tuber,Root_TuberAEZ11,Root_TuberAEZ11,2005,N2O_AWB,5.4389451098783e-06
Southeast Asia,Root_Tuber,Root_TuberAEZ12,Root_TuberAEZ12,2005,N2O_AWB,6.48938744454454e-06
Southeast Asia,Root_Tuber,Root_TuberAEZ15,Root_TuberAEZ15,2005,N2O_AWB,3.09800002368553e-06
Southeast Asia,Root_Tuber,Root_TuberAEZ16,Root_TuberAEZ16,2005,N2O_AWB,4.6155683962021e-08
Southeast Asia,SugarCrop,SugarCropAEZ04,SugarCropAEZ04,2005,N2O_AWB,0.000777293097355829
Southeast Asia,SugarCrop,SugarCropAEZ05,SugarCropAEZ05,2005,N2O_AWB,0.000749052262979993
Southeast Asia,SugarCrop,SugarCropAEZ06,SugarCropAEZ06,2005,N2O_AWB,0.000661779467212471
Southeast Asia,SugarCrop,SugarCropAEZ09,SugarCropAEZ09,2005,N2O_AWB,0
Southeast Asia,SugarCrop,SugarCropAEZ10,SugarCropAEZ10,2005,N2O_AWB,2.10342737610566e-06
Southeast Asia,SugarCrop,SugarCropAEZ11,SugarCropAEZ11,2005,N2O_AWB,3.60982330955572e-05
Southeast Asia,SugarCrop,SugarCropAEZ12,SugarCropAEZ12,2005,N2O_AWB,9.16393744608567e-06
Southeast Asia,SugarCrop,SugarCropAEZ15,SugarCropAEZ15,2005,N2O_AWB,0
Southeast Asia,SugarCrop,SugarCropAEZ16,SugarCropAEZ16,2005,N2O_AWB,0
Southeast Asia,Wheat,WheatAEZ04,WheatAEZ04,2005,N2O_AWB,4.78657713720405e-07
Southeast Asia,Wheat,WheatAEZ05,WheatAEZ05,2005,N2O_AWB,1.75786112210648e-06
Southeast Asia,Wheat,WheatAEZ06,WheatAEZ06,2005,N2O_AWB,3.90357204474646e-09
Southeast Asia,Wheat,WheatAEZ09,WheatAEZ09,2005,N2O_AWB,4.4962311581094e-08
Southeast Asia,Wheat,WheatAEZ10,WheatAEZ10,2005,N2O_AWB,2.86066296458725e-06
Southeast Asia,Wheat,WheatAEZ11,WheatAEZ11,2005,N2O_AWB,5.88413622598971e-07
Southeast Asia,Wheat,WheatAEZ12,WheatAEZ12,2005,N2O_AWB,1.4522997600053e-07
Southeast Asia,Wheat,WheatAEZ15,WheatAEZ15,2005,N2O_AWB,1.95321068370343e-07
Southeast Asia,Wheat,WheatAEZ16,WheatAEZ16,2005,N2O_AWB,3.014583374702e-08
Southeast Asia,Corn,CornAEZ04,CornAEZ04,2005,NH3_AWB,0.00154562137852031
Southeast Asia,Corn,CornAEZ05,CornAEZ05,2005,NH3_AWB,0.00122672504848743
Southeast Asia,Corn,CornAEZ06,CornAEZ06,2005,NH3_AWB,0.00230552748197777
Southeast Asia,Corn,CornAEZ09,CornAEZ09,2005,NH3_AWB,2.28557220337533e-05
Southeast Asia,Corn,CornAEZ10,CornAEZ10,2005,NH3_AWB,0.000534815309471224
Southeast Asia,Corn,CornAEZ11,CornAEZ11,2005,NH3_AWB,8.52658525773713e-05
Southeast Asia,Corn,CornAEZ12,CornAEZ12,2005,NH3_AWB,6.04541601583551e-05
Southeast Asia,Corn,CornAEZ15,CornAEZ15,2005,NH3_AWB,5.45109014311743e-05
Southeast Asia,Corn,CornAEZ16,CornAEZ16,2005,NH3_AWB,1.44562200926487e-06
Southeast Asia,FiberCrop,FiberCropAEZ04,FiberCropAEZ04,2005,NH3_AWB,5.08064117565332e-05
Southeast Asia,FiberCrop,FiberCropAEZ05,FiberCropAEZ05,2005,NH3_AWB,6.67586277914916e-05
Southeast Asia,FiberCrop,FiberCropAEZ06,FiberCropAEZ06,2005,NH3_AWB,3.81800697966454e-05
Southeast Asia,FiberCrop,FiberCropAEZ09,FiberCropAEZ09,2005,NH3_AWB,3.05711264531068e-07
Southeast Asia,FiberCrop,FiberCropAEZ10,FiberCropAEZ10,2005,NH3_AWB,1.32463212927921e-05
Southeast Asia,FiberCrop,FiberCropAEZ11,FiberCropAEZ11,2005,NH3_AWB,4.38536196894121e-06
Southeast Asia,FiberCrop,FiberCropAEZ12,FiberCropAEZ12,2005,NH3_AWB,1.81948765327778e-06
Southeast Asia,FiberCrop,FiberCropAEZ15,FiberCropAEZ15,2005,NH3_AWB,1.06221051327525e-06
Southeast Asia,FiberCrop,FiberCropAEZ16,FiberCropAEZ16,2005,NH3_AWB,2.56704115255094e-08
Southeast Asia,FodderGrass,FodderGrassAEZ04,FodderGrassAEZ04,2005,NH3_AWB,0.000413534728235467
Southeast Asia,FodderGrass,FodderGrassAEZ05,FodderGrassAEZ05,2005,NH3_AWB,0.0011638219667338
Southeast Asia,FodderGrass,FodderGrassAEZ06,FodderGrassAEZ06,2005,NH3_AWB,0.000436301354864608
Southeast Asia,FodderGrass,FodderGrassAEZ09,FodderGrassAEZ09,2005,NH3_AWB,0
Southeast Asia,FodderGrass,FodderGrassAEZ10,FodderGrassAEZ10,2005,NH3_AWB,3.39818394230853e-06
Southeast Asia,FodderGrass,FodderGrassAEZ11,FodderGrassAEZ11,2005,NH3_AWB,0.000139048565882308
Southeast Asia,FodderGrass,FodderGrassAEZ12,FodderGrassAEZ12,2005,NH3_AWB,4.58258332783637e-05
Southeast Asia,FodderGrass,FodderGrassAEZ15,FodderGrassAEZ15,2005,NH3_AWB,1.00718455397164e-07
Southeast Asia,FodderGrass,FodderGrassAEZ16,FodderGrassAEZ16,2005,NH3_AWB,1.4792136530337e-06
Southeast Asia,FodderHerb,FodderHerbAEZ04,FodderHerbAEZ04,2005,NH3_AWB,5.72533516444387e-07
Southeast Asia,FodderHerb,FodderHerbAEZ05,FodderHerbAEZ05,2005,NH3_AWB,8.82626586622672e-05
Southeast Asia,FodderHerb,FodderHerbAEZ06,FodderHerbAEZ06,2005,NH3_AWB,6.99188176117803e-05
Southeast Asia,FodderHerb,FodderHerbAEZ09,FodderHerbAEZ09,2005,NH3_AWB,0
Southeast Asia,FodderHerb,FodderHerbAEZ10,FodderHerbAEZ10,2005,NH3_AWB,0
Southeast Asia,FodderHerb,FodderHerbAEZ11,FodderHerbAEZ11,2005,NH3_AWB,0
Southeast Asia,FodderHerb,FodderHerbAEZ12,FodderHerbAEZ12,2005,NH3_AWB,3.21225929855956e-06
Southeast Asia,FodderHerb,FodderHerbAEZ15,FodderHerbAEZ15,2005,NH3_AWB,0
Southeast Asia,FodderHerb,FodderHerbAEZ16,FodderHerbAEZ16,2005,NH3_AWB,0
Southeast Asia,MiscCrop,MiscCropAEZ04,MiscCropAEZ04,2005,NH3_AWB,0.00370411511095975
Southeast Asia,MiscCrop,MiscCropAEZ05,MiscCropAEZ05,2005,NH3_AWB,0.00728181169334836
Southeast Asia,MiscCrop,MiscCropAEZ06,MiscCropAEZ06,2005,NH3_AWB,0.00997503174227327
Southeast Asia,MiscCrop,MiscCropAEZ09,MiscCropAEZ09,2005,NH3_AWB,5.11751492869765e-05
Southeast Asia,MiscCrop,MiscCropAEZ10,MiscCropAEZ10,2005,NH3_AWB,0.00205960922817513
Southeast Asia,MiscCrop,MiscCropAEZ11,MiscCropAEZ11,2005,NH3_AWB,0.000723274789874732
Southeast Asia,MiscCrop,MiscCropAEZ12,MiscCropAEZ12,2005,NH3_AWB,0.00025055815684795
Southeast Asia,MiscCrop,MiscCropAEZ15,MiscCropAEZ15,2005,NH3_AWB,0.000123805003760967
Southeast Asia,MiscCrop,MiscCropAEZ16,MiscCropAEZ16,2005,NH3_AWB,8.04592280838164e-07
Southeast Asia,OilCrop,OilCropAEZ04,OilCropAEZ04,2005,NH3_AWB,0.000321799011155713
Southeast Asia,OilCrop,OilCropAEZ05,OilCropAEZ05,2005,NH3_AWB,0.000656819769248795
Southeast Asia,OilCrop,OilCropAEZ06,OilCropAEZ06,2005,NH3_AWB,0.000213967020934556
Southeast Asia,OilCrop,OilCropAEZ09,OilCropAEZ09,2005,NH3_AWB,5.95218523870317e-06
Southeast Asia,OilCrop,OilCropAEZ10,OilCropAEZ10,2005,NH3_AWB,0.000140084672466791
Southeast Asia,OilCrop,OilCropAEZ11,OilCropAEZ11,2005,NH3_AWB,6.92337625821639e-05
Southeast Asia,OilCrop,OilCropAEZ12,OilCropAEZ12,2005,NH3_AWB,2.24718865161735e-05
Southeast Asia,OilCrop,OilCropAEZ15,OilCropAEZ15,2005,NH3_AWB,1.42735577856842e-05
Southeast Asia,OilCrop,OilCropAEZ16,OilCropAEZ16,2005,NH3_AWB,4.5892018042839e-07
Southeast Asia,OtherGrain,OtherGrainAEZ04,OtherGrainAEZ04,2005,NH3_AWB,7.9066624140203e-05
Southeast Asia,OtherGrain,OtherGrainAEZ05,OtherGrainAEZ05,2005,NH3_AWB,8.38050956398316e-05
Southeast Asia,OtherGrain,OtherGrainAEZ06,OtherGrainAEZ06,2005,NH3_AWB,9.14917258961905e-06
Southeast Asia,OtherGrain,OtherGrainAEZ09,OtherGrainAEZ09,2005,NH3_AWB,2.31273381096876e-06
Southeast Asia,OtherGrain,OtherGrainAEZ10,OtherGrainAEZ10,2005,NH3_AWB,9.12083287369544e-05
Southeast Asia,OtherGrain,OtherGrainAEZ11,OtherGrainAEZ11,2005,NH3_AWB,2.28238250769356e-05
Southeast Asia,OtherGrain,OtherGrainAEZ12,OtherGrainAEZ12,2005,NH3_AWB,3.68948786011797e-06
Southeast Asia,OtherGrain,OtherGrainAEZ15,OtherGrainAEZ15,2005,NH3_AWB,6.26491131346841e-06
Southeast Asia,OtherGrain,OtherGrainAEZ16,OtherGrainAEZ16,2005,NH3_AWB,7.69136340306826e-08
Southeast Asia,PalmFruit,PalmFruitAEZ04,PalmFruitAEZ04,2005,NH3_AWB,0.00161862633917858
Southeast Asia,PalmFruit,PalmFruitAEZ05,PalmFruitAEZ05,2005,NH3_AWB,0.00164774576214126
Southeast Asia,PalmFruit,PalmFruitAEZ06,PalmFruitAEZ06,2005,NH3_AWB,0.0318103222030272
Southeast Asia,PalmFruit,PalmFruitAEZ09,PalmFruitAEZ09,2005,NH3_AWB,0
Southeast Asia,PalmFruit,PalmFruitAEZ10,PalmFruitAEZ10,2005,NH3_AWB,5.37467034062334e-06
Southeast Asia,PalmFruit,PalmFruitAEZ11,PalmFruitAEZ11,2005,NH3_AWB,2.39429118793992e-06
Southeast Asia,PalmFruit,PalmFruitAEZ12,PalmFruitAEZ12,2005,NH3_AWB,1.37229280851907e-05
Southeast Asia,PalmFruit,PalmFruitAEZ15,PalmFruitAEZ15,2005,NH3_AWB,0
Southeast Asia,PalmFruit,PalmFruitAEZ16,PalmFruitAEZ16,2005,NH3_AWB,0
Southeast Asia,Rice,RiceAEZ04,RiceAEZ04,2005,NH3_AWB,0.0124784201743828
Southeast Asia,Rice,RiceAEZ05,RiceAEZ05,2005,NH3_AWB,0.0166816377991784
Southeast Asia,Rice,RiceAEZ06,RiceAEZ06,2005,NH3_AWB,0.00975340945148359
Southeast Asia,Rice,RiceAEZ09,RiceAEZ09,2005,NH3_AWB,2.82955813964133e-05
Southeast Asia,Rice,RiceAEZ10,RiceAEZ10,2005,NH3_AWB,0.000732927975597482
Southeast Asia,Rice,RiceAEZ11,RiceAEZ11,2005,NH3_AWB,0.000540552731284405
Southeast Asia,Rice,RiceAEZ12,RiceAEZ12,2005,NH3_AWB,0.000365819988507623
Southeast Asia,Rice,RiceAEZ15,RiceAEZ15,2005,NH3_AWB,7.09238958518796e-05
Southeast Asia,Rice,RiceAEZ16,RiceAEZ16,2005,NH3_AWB,2.24450047876752e-06
Southeast Asia,Root_Tuber,Root_TuberAEZ04,Root_TuberAEZ04,2005,NH3_AWB,0.00662542447345455
Southeast Asia,Root_Tuber,Root_TuberAEZ05,Root_TuberAEZ05,2005,NH3_AWB,0.00320039283571493
Southeast Asia,Root_Tuber,Root_TuberAEZ06,Root_TuberAEZ06,2005,NH3_AWB,0.00260777087679171
Southeast Asia,Root_Tuber,Root_TuberAEZ09,Root_TuberAEZ09,2005,NH3_AWB,3.08681524506816e-05
Southeast Asia,Root_Tuber,Root_TuberAEZ10,Root_TuberAEZ10,2005,NH3_AWB,0.00080306078739327
Southeast Asia,Root_Tuber,Root_TuberAEZ11,Root_TuberAEZ11,2005,NH3_AWB,0.00010101316915828
Southeast Asia,Root_Tuber,Root_TuberAEZ12,Root_TuberAEZ12,2005,NH3_AWB,0.000120522192893405
Southeast Asia,Root_Tuber,Root_TuberAEZ15,Root_TuberAEZ15,2005,NH3_AWB,5.75366719323085e-05
Southeast Asia,Root_Tuber,Root_TuberAEZ16,Root_TuberAEZ16,2005,NH3_AWB,8.57212532482434e-07
Southeast Asia,SugarCrop,SugarCropAEZ04,SugarCropAEZ04,2005,NH3_AWB,0.0144360418321126
Southeast Asia,SugarCrop,SugarCropAEZ05,SugarCropAEZ05,2005,NH3_AWB,0.0139115474453618
Southeast Asia,SugarCrop,SugarCropAEZ06,SugarCropAEZ06,2005,NH3_AWB,0.0122906997435217
Southeast Asia,SugarCrop,SugarCropAEZ09,SugarCropAEZ09,2005,NH3_AWB,0
Southeast Asia,SugarCrop,SugarCropAEZ10,SugarCropAEZ10,2005,NH3_AWB,3.90652711256121e-05
Southeast Asia,SugarCrop,SugarCropAEZ11,SugarCropAEZ11,2005,NH3_AWB,0.000670423556835293
Southeast Asia,SugarCrop,SugarCropAEZ12,SugarCropAEZ12,2005,NH3_AWB,0.000170194466885888
Southeast Asia,SugarCrop,SugarCropAEZ15,SugarCropAEZ15,2005,NH3_AWB,0
Southeast Asia,SugarCrop,SugarCropAEZ16,SugarCropAEZ16,2005,NH3_AWB,0
Southeast Asia,Wheat,WheatAEZ04,WheatAEZ04,2005,NH3_AWB,8.88972615611422e-06
Southeast Asia,Wheat,WheatAEZ05,WheatAEZ05,2005,NH3_AWB,3.26473460012687e-05
Southeast Asia,Wheat,WheatAEZ06,WheatAEZ06,2005,NH3_AWB,7.24979155537624e-08
Southeast Asia,Wheat,WheatAEZ09,WheatAEZ09,2005,NH3_AWB,8.35048983531653e-07
Southeast Asia,Wheat,WheatAEZ10,WheatAEZ10,2005,NH3_AWB,5.31288009180044e-05
Southeast Asia,Wheat,WheatAEZ11,WheatAEZ11,2005,NH3_AWB,1.09281347014653e-05
Southeast Asia,Wheat,WheatAEZ12,WheatAEZ12,2005,NH3_AWB,2.69723996771917e-06
Southeast Asia,Wheat,WheatAEZ15,WheatAEZ15,2005,NH3_AWB,3.62754168701489e-06
Southeast Asia,Wheat,WheatAEZ16,WheatAEZ16,2005,NH3_AWB,5.59874413546573e-07
Southeast Asia,Corn,CornAEZ04,CornAEZ04,2005,NMVOC_AWB,0.00832223155503021
Southeast Asia,Corn,CornAEZ05,CornAEZ05,2005,NMVOC_AWB,0.00660516867180091
Southeast Asia,Corn,CornAEZ06,CornAEZ06,2005,NMVOC_AWB,0.0124138639825708
Southeast Asia,Corn,CornAEZ09,CornAEZ09,2005,NMVOC_AWB,0.000123064169379177
Southeast Asia,Corn,CornAEZ10,CornAEZ10,2005,NMVOC_AWB,0.00287965533244349
Southeast Asia,Corn,CornAEZ11,CornAEZ11,2005,NMVOC_AWB,0.000459104783841232
Southeast Asia,Corn,CornAEZ12,CornAEZ12,2005,NMVOC_AWB,0.000325508902952911
Southeast Asia,Corn,CornAEZ15,CornAEZ15,2005,NMVOC_AWB,0.000293508067556597
Southeast Asia,Corn,CornAEZ16,CornAEZ16,2005,NMVOC_AWB,7.78379574024002e-06
Southeast Asia,FiberCrop,FiberCropAEZ04,FiberCropAEZ04,2005,NMVOC_AWB,0.000273561642582134
Southeast Asia,FiberCrop,FiberCropAEZ05,FiberCropAEZ05,2005,NMVOC_AWB,0.000359454628732394
Southeast Asia,FiberCrop,FiberCropAEZ06,FiberCropAEZ06,2005,NMVOC_AWB,0.000205576466559415
Southeast Asia,FiberCrop,FiberCropAEZ09,FiberCropAEZ09,2005,NMVOC_AWB,1.64606932057598e-06
Southeast Asia,FiberCrop,FiberCropAEZ10,FiberCropAEZ10,2005,NMVOC_AWB,7.13233878509623e-05
Southeast Asia,FiberCrop,FiberCropAEZ11,FiberCropAEZ11,2005,NMVOC_AWB,2.36125083835804e-05
Southeast Asia,FiberCrop,FiberCropAEZ12,FiberCropAEZ12,2005,NMVOC_AWB,9.79683496393695e-06
Southeast Asia,FiberCrop,FiberCropAEZ15,FiberCropAEZ15,2005,NMVOC_AWB,5.71935790647965e-06
Southeast Asia,FiberCrop,FiberCropAEZ16,FiberCropAEZ16,2005,NMVOC_AWB,1.38219561269738e-07
Southeast Asia,FodderGrass,FodderGrassAEZ04,FodderGrassAEZ04,2005,NMVOC_AWB,0.00222663312778241
Southeast Asia,FodderGrass,FodderGrassAEZ05,FodderGrassAEZ05,2005,NMVOC_AWB,0.00626647381473319
Southeast Asia,FodderGrass,FodderGrassAEZ06,FodderGrassAEZ06,2005,NMVOC_AWB,0.00234921757256799
Southeast Asia,FodderGrass,FodderGrassAEZ09,FodderGrassAEZ09,2005,NMVOC_AWB,0
Southeast Asia,FodderGrass,FodderGrassAEZ10,FodderGrassAEZ10,2005,NMVOC_AWB,1.82971548061474e-05
Southeast Asia,FodderGrass,FodderGrassAEZ11,FodderGrassAEZ11,2005,NMVOC_AWB,0.000748692000996565
Southeast Asia,FodderGrass,FodderGrassAEZ12,FodderGrassAEZ12,2005,NMVOC_AWB,0.000246744255122724
Southeast Asia,FodderGrass,FodderGrassAEZ15,FodderGrassAEZ15,2005,NMVOC_AWB,5.4230765653787e-07
Southeast Asia,FodderGrass,FodderGrassAEZ16,FodderGrassAEZ16,2005,NMVOC_AWB,7.96466632189951e-06
Southeast Asia,FodderHerb,FodderHerbAEZ04,FodderHerbAEZ04,2005,NMVOC_AWB,3.0827449484604e-06
Southeast Asia,FodderHerb,FodderHerbAEZ05,FodderHerbAEZ05,2005,NMVOC_AWB,0.000475240762878933
Southeast Asia,FodderHerb,FodderHerbAEZ06,FodderHerbAEZ06,2005,NMVOC_AWB,0.000376470329865791
Southeast Asia,FodderHerb,FodderHerbAEZ09,FodderHerbAEZ09,2005,NMVOC_AWB,0
Southeast Asia,FodderHerb,FodderHerbAEZ10,FodderHerbAEZ10,2005,NMVOC_AWB,0
Southeast Asia,FodderHerb,FodderHerbAEZ11,FodderHerbAEZ11,2005,NMVOC_AWB,0
Southeast Asia,FodderHerb,FodderHerbAEZ12,FodderHerbAEZ12,2005,NMVOC_AWB,1.72960636213536e-05
Southeast Asia,FodderHerb,FodderHerbAEZ15,FodderHerbAEZ15,2005,NMVOC_AWB,0
Southeast Asia,FodderHerb,FodderHerbAEZ16,FodderHerbAEZ16,2005,NMVOC_AWB,0
Southeast Asia,MiscCrop,MiscCropAEZ04,MiscCropAEZ04,2005,NMVOC_AWB,0.0199444081767328
Southeast Asia,MiscCrop,MiscCropAEZ05,MiscCropAEZ05,2005,NMVOC_AWB,0.039208129425712
Southeast Asia,MiscCrop,MiscCropAEZ06,MiscCropAEZ06,2005,NMVOC_AWB,0.0537094822067277
Southeast Asia,MiscCrop,MiscCropAEZ09,MiscCropAEZ09,2005,NMVOC_AWB,0.000275547070031589
Southeast Asia,MiscCrop,MiscCropAEZ10,MiscCropAEZ10,2005,NMVOC_AWB,0.011089743677174
Southeast Asia,MiscCrop,MiscCropAEZ11,MiscCropAEZ11,2005,NMVOC_AWB,0.0038943950717192
Southeast Asia,MiscCrop,MiscCropAEZ12,MiscCropAEZ12,2005,NMVOC_AWB,0.00134910336274364
Southeast Asia,MiscCrop,MiscCropAEZ15,MiscCropAEZ15,2005,NMVOC_AWB,0.000666614685387266
Southeast Asia,MiscCrop,MiscCropAEZ16,MiscCropAEZ16,2005,NMVOC_AWB,4.33224032844025e-06
Southeast Asia,OilCrop,OilCropAEZ04,OilCropAEZ04,2005,NMVOC_AWB,0.00173269205656397
Southeast Asia,OilCrop,OilCropAEZ05,OilCropAEZ05,2005,NMVOC_AWB,0.00353657518301346
Southeast Asia,OilCrop,OilCropAEZ06,OilCropAEZ06,2005,NMVOC_AWB,0.00115208233924798
Southeast Asia,OilCrop,OilCropAEZ09,OilCropAEZ09,2005,NMVOC_AWB,3.20488992345221e-05
Southeast Asia,OilCrop,OilCropAEZ10,OilCropAEZ10,2005,NMVOC_AWB,0.000754270805114824
Southeast Asia,OilCrop,OilCropAEZ11,OilCropAEZ11,2005,NMVOC_AWB,0.00037278172496964
Southeast Asia,OilCrop,OilCropAEZ12,OilCropAEZ12,2005,NMVOC_AWB,0.000120997448446913
Southeast Asia,OilCrop,OilCropAEZ15,OilCropAEZ15,2005,NMVOC_AWB,7.68544319180478e-05
Southeast Asia,OilCrop,OilCropAEZ16,OilCropAEZ16,2005,NMVOC_AWB,2.47100619846345e-06
Southeast Asia,OtherGrain,OtherGrainAEZ04,OtherGrainAEZ04,2005,NMVOC_AWB,0.000425725707158148
Southeast Asia,OtherGrain,OtherGrainAEZ05,OtherGrainAEZ05,2005,NMVOC_AWB,0.000451239495712608
Southeast Asia,OtherGrain,OtherGrainAEZ06,OtherGrainAEZ06,2005,NMVOC_AWB,4.92627327014839e-05
Southeast Asia,OtherGrain,OtherGrainAEZ09,OtherGrainAEZ09,2005,NMVOC_AWB,1.24526656835295e-05
Southeast Asia,OtherGrain,OtherGrainAEZ10,OtherGrainAEZ10,2005,NMVOC_AWB,0.000491101405586747
Southeast Asia,OtherGrain,OtherGrainAEZ11,OtherGrainAEZ11,2005,NMVOC_AWB,0.000122892423656566
Southeast Asia,OtherGrain,OtherGrainAEZ12,OtherGrainAEZ12,2005,NMVOC_AWB,1.98656493227142e-05
Southeast Asia,OtherGrain,OtherGrainAEZ15,OtherGrainAEZ15,2005,NMVOC_AWB,3.37327390439737e-05
Southeast Asia,OtherGrain,OtherGrainAEZ16,OtherGrainAEZ16,2005,NMVOC_AWB,4.14133164200265e-07
Southeast Asia,PalmFruit,PalmFruitAEZ04,PalmFruitAEZ04,2005,NMVOC_AWB,0.00871531888916479
Southeast Asia,PalmFruit,PalmFruitAEZ05,PalmFruitAEZ05,2005,NMVOC_AWB,0.00887210928040299
Southeast Asia,PalmFruit,PalmFruitAEZ06,PalmFruitAEZ06,2005,NMVOC_AWB,0.171279247875797
Southeast Asia,PalmFruit,PalmFruitAEZ09,PalmFruitAEZ09,2005,NMVOC_AWB,0
Southeast Asia,PalmFruit,PalmFruitAEZ10,PalmFruitAEZ10,2005,NMVOC_AWB,2.89393325740886e-05
Southeast Asia,PalmFruit,PalmFruitAEZ11,PalmFruitAEZ11,2005,NMVOC_AWB,1.28918025805778e-05
Southeast Asia,PalmFruit,PalmFruitAEZ12,PalmFruitAEZ12,2005,NMVOC_AWB,7.38896257033649e-05
Southeast Asia,PalmFruit,PalmFruitAEZ15,PalmFruitAEZ15,2005,NMVOC_AWB,0
Southeast Asia,PalmFruit,PalmFruitAEZ16,PalmFruitAEZ16,2005,NMVOC_AWB,0
Southeast Asia,Rice,RiceAEZ04,RiceAEZ04,2005,NMVOC_AWB,0.0671887071279982
Southeast Asia,Rice,RiceAEZ05,RiceAEZ05,2005,NMVOC_AWB,0.0898204789421417
Southeast Asia,Rice,RiceAEZ06,RiceAEZ06,2005,NMVOC_AWB,0.0525161808928745
Southeast Asia,Rice,RiceAEZ09,RiceAEZ09,2005,NMVOC_AWB,0.000152354505209157
Southeast Asia,Rice,RiceAEZ10,RiceAEZ10,2005,NMVOC_AWB,0.00394637160875788
Southeast Asia,Rice,RiceAEZ11,RiceAEZ11,2005,NMVOC_AWB,0.00291054786118418
Southeast Asia,Rice,RiceAEZ12,RiceAEZ12,2005,NMVOC_AWB,0.00196971825967722
Southeast Asia,Rice,RiceAEZ15,RiceAEZ15,2005,NMVOC_AWB,0.000381882065211375
Southeast Asia,Rice,RiceAEZ16,RiceAEZ16,2005,NMVOC_AWB,1.20852706680092e-05
Southeast Asia,Root_Tuber,Root_TuberAEZ04,Root_TuberAEZ04,2005,NMVOC_AWB,0.0356738832580325
Southeast Asia,Root_Tuber,Root_TuberAEZ05,Root_TuberAEZ05,2005,NMVOC_AWB,0.0172321699324434
Southeast Asia,Root_Tuber,Root_TuberAEZ06,Root_TuberAEZ06,2005,NMVOC_AWB,0.0140412609328046
Southeast Asia,Root_Tuber,Root_TuberAEZ09,Root_TuberAEZ09,2005,NMVOC_AWB,0.000166206236495305
Southeast Asia,Root_Tuber,Root_TuberAEZ10,Root_TuberAEZ10,2005,NMVOC_AWB,0.00432399416721956
Southeast Asia,Root_Tuber,Root_TuberAEZ11,Root_TuberAEZ11,2005,NMVOC_AWB,0.00054389451098783
Southeast Asia,Root_Tuber,Root_TuberAEZ12,Root_TuberAEZ12,2005,NMVOC_AWB,0.000648938744454455
Southeast Asia,Root_Tuber,Root_TuberAEZ15,Root_TuberAEZ15,2005,NMVOC_AWB,0.000309800002368553
Southeast Asia,Root_Tuber,Root_TuberAEZ16,Root_TuberAEZ16,2005,NMVOC_AWB,4.6155683962021e-06
Southeast Asia,SugarCrop,SugarCropAEZ04,SugarCropAEZ04,2005,NMVOC_AWB,0.0777293097355829
Southeast Asia,SugarCrop,SugarCropAEZ05,SugarCropAEZ05,2005,NMVOC_AWB,0.0749052262979993
Southeast Asia,SugarCrop,SugarCropAEZ06,SugarCropAEZ06,2005,NMVOC_AWB,0.0661779467212471
Southeast Asia,SugarCrop,SugarCropAEZ09,SugarCropAEZ09,2005,NMVOC_AWB,0
Southeast Asia,SugarCrop,SugarCropAEZ10,SugarCropAEZ10,2005,NMVOC_AWB,0.000210342737610566
Southeast Asia,SugarCrop,SugarCropAEZ11,SugarCropAEZ11,2005,NMVOC_AWB,0.00360982330955572
Southeast Asia,SugarCrop,SugarCropAEZ12,SugarCropAEZ12,2005,NMVOC_AWB,0.000916393744608567
Southeast Asia,SugarCrop,SugarCropAEZ15,SugarCropAEZ15,2005,NMVOC_AWB,0
Southeast Asia,SugarCrop,SugarCropAEZ16,SugarCropAEZ16,2005,NMVOC_AWB,0
Southeast Asia,Wheat,WheatAEZ04,WheatAEZ04,2005,NMVOC_AWB,4.78657713720405e-05
Southeast Asia,Wheat,WheatAEZ05,WheatAEZ05,2005,NMVOC_AWB,0.000175786112210648
Southeast Asia,Wheat,WheatAEZ06,WheatAEZ06,2005,NMVOC_AWB,3.90357204474646e-07
Southeast Asia,Wheat,WheatAEZ09,WheatAEZ09,2005,NMVOC_AWB,4.4962311581094e-06
Southeast Asia,Wheat,WheatAEZ10,WheatAEZ10,2005,NMVOC_AWB,0.000286066296458725
Southeast Asia,Wheat,WheatAEZ11,WheatAEZ11,2005,NMVOC_AWB,5.88413622598971e-05
Southeast Asia,Wheat,WheatAEZ12,WheatAEZ12,2005,NMVOC_AWB,1.4522997600053e-05
Southeast Asia,Wheat,WheatAEZ15,WheatAEZ15,2005,NMVOC_AWB,1.95321068370343e-05
Southeast Asia,Wheat,WheatAEZ16,WheatAEZ16,2005,NMVOC_AWB,3.014583374702e-06
Southeast Asia,Corn,CornAEZ04,CornAEZ04,2005,NOx_AWB,0.00452160534360446
Southeast Asia,Corn,CornAEZ05,CornAEZ05,2005,NOx_AWB,0.00358869682540519
Southeast Asia,Corn,CornAEZ06,CornAEZ06,2005,NOx_AWB,0.00674465656803842
Southeast Asia,Corn,CornAEZ09,CornAEZ09,2005,NOx_AWB,6.68627882067038e-05
Southeast Asia,Corn,CornAEZ10,CornAEZ10,2005,NOx_AWB,0.00156456412595795
Southeast Asia,Corn,CornAEZ11,CornAEZ11,2005,NOx_AWB,0.000249439183488731
Southeast Asia,Corn,CornAEZ12,CornAEZ12,2005,NOx_AWB,0.000176854343123041
Southeast Asia,Corn,CornAEZ15,CornAEZ15,2005,NOx_AWB,0.000159467762688335
Southeast Asia,Corn,CornAEZ16,CornAEZ16,2005,NOx_AWB,4.22906430563349e-06
Southeast Asia,FiberCrop,FiberCropAEZ04,FiberCropAEZ04,2005,NOx_AWB,0.000148630541787431
Southeast Asia,FiberCrop,FiberCropAEZ05,FiberCropAEZ05,2005,NOx_AWB,0.000195297614505494
Southeast Asia,FiberCrop,FiberCropAEZ06,FiberCropAEZ06,2005,NOx_AWB,0.000111693076979159
Southeast Asia,FiberCrop,FiberCropAEZ09,FiberCropAEZ09,2005,NOx_AWB,8.94336547432524e-07
Southeast Asia,FiberCrop,FiberCropAEZ10,FiberCropAEZ10,2005,NOx_AWB,3.87511702238035e-05
Southeast Asia,FiberCrop,FiberCropAEZ11,FiberCropAEZ11,2005,NOx_AWB,1.28290643413508e-05
Southeast Asia,FiberCrop,FiberCropAEZ12,FiberCropAEZ12,2005,NOx_AWB,5.32278163980833e-06
Southeast Asia,FiberCrop,FiberCropAEZ15,FiberCropAEZ15,2005,NOx_AWB,3.10742126086288e-06
Southeast Asia,FiberCrop,FiberCropAEZ16,FiberCropAEZ16,2005,NOx_AWB,7.50969619981506e-08
Southeast Asia,FodderGrass,FodderGrassAEZ04,FodderGrassAEZ04,2005,NOx_AWB,0.00120976641688638
Southeast Asia,FodderGrass,FodderGrassAEZ05,FodderGrassAEZ05,2005,NOx_AWB,0.00340467833644076
Southeast Asia,FodderGrass,FodderGrassAEZ06,FodderGrassAEZ06,2005,NOx_AWB,0.00127636856282766
Southeast Asia,FodderGrass,FodderGrassAEZ09,FodderGrassAEZ09,2005,NOx_AWB,0
Southeast Asia,FodderGrass,FodderGrassAEZ10,FodderGrassAEZ10,2005,NOx_AWB,9.9411452802257e-06
Southeast Asia,FodderGrass,FodderGrassAEZ11,FodderGrassAEZ11,2005,NOx_AWB,0.000406776683637673
Southeast Asia,FodderGrass,FodderGrassAEZ12,FodderGrassAEZ12,2005,NOx_AWB,0.000134060213908884
Southeast Asia,FodderGrass,FodderGrassAEZ15,FodderGrassAEZ15,2005,NOx_AWB,2.94644673302453e-07
Southeast Asia,FodderGrass,FodderGrassAEZ16,FodderGrassAEZ16,2005,NOx_AWB,4.32733426881879e-06
Southeast Asia,FodderHerb,FodderHerbAEZ04,FodderHerbAEZ04,2005,NOx_AWB,1.67490605611701e-06
Southeast Asia,FodderHerb,FodderHerbAEZ05,FodderHerbAEZ05,2005,NOx_AWB,0.000258206126412478
Southeast Asia,FodderHerb,FodderHerbAEZ06,FodderHerbAEZ06,2005,NOx_AWB,0.000204542524919389
Southeast Asia,FodderHerb,FodderHerbAEZ09,FodderHerbAEZ09,2005,NOx_AWB,0
Southeast Asia,FodderHerb,FodderHerbAEZ10,FodderHerbAEZ10,2005,NOx_AWB,0
Southeast Asia,FodderHerb,FodderHerbAEZ11,FodderHerbAEZ11,2005,NOx_AWB,0
Southeast Asia,FodderHerb,FodderHerbAEZ12,FodderHerbAEZ12,2005,NOx_AWB,9.3972359668802e-06
Southeast Asia,FodderHerb,FodderHerbAEZ15,FodderHerbAEZ15,2005,NOx_AWB,0
Southeast Asia,FodderHerb,FodderHerbAEZ16,FodderHerbAEZ16,2005,NOx_AWB,0
Southeast Asia,MiscCrop,MiscCropAEZ04,MiscCropAEZ04,2005,NOx_AWB,0.0108361251415115
Southeast Asia,MiscCrop,MiscCropAEZ05,MiscCropAEZ05,2005,NOx_AWB,0.0213024218746808
Southeast Asia,MiscCrop,MiscCropAEZ06,MiscCropAEZ06,2005,NOx_AWB,0.0291812454558995
Southeast Asia,MiscCrop,MiscCropAEZ09,MiscCropAEZ09,2005,NOx_AWB,0.000149709257190317
Southeast Asia,MiscCrop,MiscCropAEZ10,MiscCropAEZ10,2005,NOx_AWB,0.00602524021812459
Southeast Asia,MiscCrop,MiscCropAEZ11,MiscCropAEZ11,2005,NOx_AWB,0.00211588892353627
Southeast Asia,MiscCrop,MiscCropAEZ12,MiscCropAEZ12,2005,NOx_AWB,0.000732990056058859
Southeast Asia,MiscCrop,MiscCropAEZ15,MiscCropAEZ15,2005,NOx_AWB,0.000362182727510197
Southeast Asia,MiscCrop,MiscCropAEZ16,MiscCropAEZ16,2005,NOx_AWB,2.35377745612163e-06
Southeast Asia,OilCrop,OilCropAEZ04,OilCropAEZ04,2005,NOx_AWB,0.000941400105245232
Southeast Asia,OilCrop,OilCropAEZ05,OilCropAEZ05,2005,NOx_AWB,0.0019214794901864
Southeast Asia,OilCrop,OilCropAEZ06,OilCropAEZ06,2005,NOx_AWB,0.000625945292073419
Southeast Asia,OilCrop,OilCropAEZ09,OilCropAEZ09,2005,NOx_AWB,1.741269430888e-05
Southeast Asia,OilCrop,OilCropAEZ10,OilCropAEZ10,2005,NOx_AWB,0.000409807739712626
Southeast Asia,OilCrop,OilCropAEZ11,OilCropAEZ11,2005,NOx_AWB,0.000202538445184453
Southeast Asia,OilCrop,OilCropAEZ12,OilCropAEZ12,2005,NOx_AWB,6.57399047169482e-05
Southeast Asia,OilCrop,OilCropAEZ15,OilCropAEZ15,2005,NOx_AWB,4.17562774770773e-05
Southeast Asia,OilCrop,OilCropAEZ16,OilCropAEZ16,2005,NOx_AWB,1.34253832727098e-06
Southeast Asia,OtherGrain,OtherGrainAEZ04,OtherGrainAEZ04,2005,NOx_AWB,0.000231303781884387
Southeast Asia,OtherGrain,OtherGrainAEZ05,OtherGrainAEZ05,2005,NOx_AWB,0.000245165843027556
Southeast Asia,OtherGrain,OtherGrainAEZ06,OtherGrainAEZ06,2005,NOx_AWB,2.67652532798073e-05
Southeast Asia,OtherGrain,OtherGrainAEZ09,OtherGrainAEZ09,2005,NOx_AWB,6.76573817063934e-06
Southeast Asia,OtherGrain,OtherGrainAEZ10,OtherGrainAEZ10,2005,NOx_AWB,0.000266823474577623
Southeast Asia,OtherGrain,OtherGrainAEZ11,OtherGrainAEZ11,2005,NOx_AWB,6.67694759295862e-05
Southeast Asia,OtherGrain,OtherGrainAEZ12,OtherGrainAEZ12,2005,NOx_AWB,1.07933341601706e-05
Southeast Asia,OtherGrain,OtherGrainAEZ15,OtherGrainAEZ15,2005,NOx_AWB,1.83275521844204e-05
Southeast Asia,OtherGrain,OtherGrainAEZ16,OtherGrainAEZ16,2005,NOx_AWB,2.25005362543646e-07
Southeast Asia,PalmFruit,PalmFruitAEZ04,PalmFruitAEZ04,2005,NOx_AWB,0.00473517616037077
Southeast Asia,PalmFruit,PalmFruitAEZ05,PalmFruitAEZ05,2005,NOx_AWB,0.00482036295986807
Southeast Asia,PalmFruit,PalmFruitAEZ06,PalmFruitAEZ06,2005,NOx_AWB,0.0930588337181812
Southeast Asia,PalmFruit,PalmFruitAEZ09,PalmFruitAEZ09,2005,NOx_AWB,0
Southeast Asia,PalmFruit,PalmFruitAEZ10,PalmFruitAEZ10,2005,NOx_AWB,1.5723215575305e-05
Southeast Asia,PalmFruit,PalmFruitAEZ11,PalmFruitAEZ11,2005,NOx_AWB,7.00432847266803e-06
Southeast Asia,PalmFruit,PalmFruitAEZ12,PalmFruitAEZ12,2005,NOx_AWB,4.01454494756672e-05
Southeast Asia,PalmFruit,PalmFruitAEZ15,PalmFruitAEZ15,2005,NOx_AWB,0
Southeast Asia,PalmFruit,PalmFruitAEZ16,PalmFruitAEZ16,2005,NOx_AWB,0
Southeast Asia,Rice,RiceAEZ04,RiceAEZ04,2005,NOx_AWB,0.0365047301521195
Southeast Asia,Rice,RiceAEZ05,RiceAEZ05,2005,NOx_AWB,0.0488009441775771
Southeast Asia,Rice,RiceAEZ06,RiceAEZ06,2005,NOx_AWB,0.0285329052166775
Southeast Asia,Rice,RiceAEZ09,RiceAEZ09,2005,NOx_AWB,8.27767096265849e-05
Southeast Asia,Rice,RiceAEZ10,RiceAEZ10,2005,NOx_AWB,0.00214412863136729
Southeast Asia,Rice,RiceAEZ11,RiceAEZ11,2005,NOx_AWB,0.00158134854514982
Southeast Asia,Rice,RiceAEZ12,RiceAEZ12,2005,NOx_AWB,0.00107018034158982
Southeast Asia,Rice,RiceAEZ15,RiceAEZ15,2005,NOx_AWB,0.000207482809781083
Southeast Asia,Rice,RiceAEZ16,RiceAEZ16,2005,NOx_AWB,6.56612641333533e-06
Southeast Asia,Root_Tuber,Root_TuberAEZ04,Root_TuberAEZ04,2005,NOx_AWB,0.0193822077768486
Southeast Asia,Root_Tuber,Root_TuberAEZ05,Root_TuberAEZ05,2005,NOx_AWB,0.00936252147434432
Southeast Asia,Root_Tuber,Root_TuberAEZ06,Root_TuberAEZ06,2005,NOx_AWB,0.00762884810941592
Southeast Asia,Root_Tuber,Root_TuberAEZ09,Root_TuberAEZ09,2005,NOx_AWB,9.03025831603201e-05
Southeast Asia,Root_Tuber,Root_TuberAEZ10,Root_TuberAEZ10,2005,NOx_AWB,0.00234929718104239
Southeast Asia,Root_Tuber,Root_TuberAEZ11,Root_TuberAEZ11,2005,NOx_AWB,0.000295506837436318
Southeast Asia,Root_Tuber,Root_TuberAEZ12,Root_TuberAEZ12,2005,NOx_AWB,0.000352579097949237
Southeast Asia,Root_Tuber,Root_TuberAEZ15,Root_TuberAEZ15,2005,NOx_AWB,0.000168319438950439
Southeast Asia,Root_Tuber,Root_TuberAEZ16,Root_TuberAEZ16,2005,NOx_AWB,2.50771425741272e-06
Southeast Asia,SugarCrop,SugarCropAEZ04,SugarCropAEZ04,2005,NOx_AWB,0.0422316129911891
Southeast Asia,SugarCrop,SugarCropAEZ05,SugarCropAEZ05,2005,NOx_AWB,0.040697241990127
Southeast Asia,SugarCrop,SugarCropAEZ06,SugarCropAEZ06,2005,NOx_AWB,0.0359555673913805
Southeast Asia,SugarCrop,SugarCropAEZ09,SugarCropAEZ09,2005,NOx_AWB,0
Southeast Asia,SugarCrop,SugarCropAEZ10,SugarCropAEZ10,2005,NOx_AWB,0.000114282670468771
Southeast Asia,SugarCrop,SugarCropAEZ11,SugarCropAEZ11,2005,NOx_AWB,0.00196127640261217
Southeast Asia,SugarCrop,SugarCropAEZ12,SugarCropAEZ12,2005,NOx_AWB,0.000497891800422604
Southeast Asia,SugarCrop,SugarCropAEZ15,SugarCropAEZ15,2005,NOx_AWB,0
Southeast Asia,SugarCrop,SugarCropAEZ16,SugarCropAEZ16,2005,NOx_AWB,0
Southeast Asia,Wheat,WheatAEZ04,WheatAEZ04,2005,NOx_AWB,2.60062612029523e-05
Southeast Asia,Wheat,WheatAEZ05,WheatAEZ05,2005,NOx_AWB,9.55074872703701e-05
Southeast Asia,Wheat,WheatAEZ06,WheatAEZ06,2005,NOx_AWB,2.12087492398624e-07
Southeast Asia,Wheat,WheatAEZ09,WheatAEZ09,2005,NOx_AWB,2.44287637229947e-06
Southeast Asia,Wheat,WheatAEZ10,WheatAEZ10,2005,NOx_AWB,0.00015542452599881
Southeast Asia,Wheat,WheatAEZ11,WheatAEZ11,2005,NOx_AWB,3.19694803322918e-05
Southeast Asia,Wheat,WheatAEZ12,WheatAEZ12,2005,NOx_AWB,7.89058356756047e-06
Southeast Asia,Wheat,WheatAEZ15,WheatAEZ15,2005,NOx_AWB,1.06121150393618e-05
Southeast Asia,Wheat,WheatAEZ16,WheatAEZ16,2005,NOx_AWB,1.63787275151638e-06
Southeast Asia,Corn,CornAEZ04,CornAEZ04,2005,SO2_AWB,0.000917969766263716
Southeast Asia,Corn,CornAEZ05,CornAEZ05,2005,SO2_AWB,0.000728572030433428
Southeast Asia,Corn,CornAEZ06,CornAEZ06,2005,SO2_AWB,0.0013692904052426
Southeast Asia,Corn,CornAEZ09,CornAEZ09,2005,SO2_AWB,1.35743863954566e-05
Southeast Asia,Corn,CornAEZ10,CornAEZ10,2005,SO2_AWB,0.000317635542217693
Southeast Asia,Corn,CornAEZ11,CornAEZ11,2005,SO2_AWB,5.06407816613268e-05
Southeast Asia,Corn,CornAEZ12,CornAEZ12,2005,SO2_AWB,3.59047125262736e-05
Southeast Asia,Corn,CornAEZ15,CornAEZ15,2005,SO2_AWB,3.2374914154917e-05
Southeast Asia,Corn,CornAEZ16,CornAEZ16,2005,SO2_AWB,8.58578508548445e-07
Southeast Asia,FiberCrop,FiberCropAEZ04,FiberCropAEZ04,2005,SO2_AWB,3.01747572678454e-05
Southeast Asia,FiberCrop,FiberCropAEZ05,FiberCropAEZ05,2005,SO2_AWB,3.96490387629798e-05
Southeast Asia,FiberCrop,FiberCropAEZ06,FiberCropAEZ06,2005,SO2_AWB,2.26757666749615e-05
Southeast Asia,FiberCrop,FiberCropAEZ09,FiberCropAEZ09,2005,SO2_AWB,1.81566910205675e-07
Southeast Asia,FiberCrop,FiberCropAEZ10,FiberCropAEZ10,2005,SO2_AWB,7.86720643877189e-06
Southeast Asia,FiberCrop,FiberCropAEZ11,FiberCropAEZ11,2005,SO2_AWB,2.60453805670355e-06
Southeast Asia,FiberCrop,FiberCropAEZ12,FiberCropAEZ12,2005,SO2_AWB,1.0806234172292e-06
Southeast Asia,FiberCrop,FiberCropAEZ15,FiberCropAEZ15,2005,SO2_AWB,6.30864162559414e-07
Southeast Asia,FiberCrop,FiberCropAEZ16,FiberCropAEZ16,2005,SO2_AWB,1.52460764294841e-08
Southeast Asia,FodderGrass,FodderGrassAEZ04,FodderGrassAEZ04,2005,SO2_AWB,0.000245605025328816
Southeast Asia,FodderGrass,FodderGrassAEZ05,FodderGrassAEZ05,2005,SO2_AWB,0.000691212863397364
Southeast Asia,FodderGrass,FodderGrassAEZ06,FodderGrassAEZ06,2005,SO2_AWB,0.000259126496509148
Southeast Asia,FodderGrass,FodderGrassAEZ09,FodderGrassAEZ09,2005,SO2_AWB,0
Southeast Asia,FodderGrass,FodderGrassAEZ10,FodderGrassAEZ10,2005,SO2_AWB,2.01823691273502e-06
Southeast Asia,FodderGrass,FodderGrassAEZ11,FodderGrassAEZ11,2005,SO2_AWB,8.25832130016762e-05
Southeast Asia,FodderGrass,FodderGrassAEZ12,FodderGrassAEZ12,2005,SO2_AWB,2.72167104104447e-05
Southeast Asia,FodderGrass,FodderGrassAEZ15,FodderGrassAEZ15,2005,SO2_AWB,5.98183347126641e-08
Southeast Asia,FodderGrass,FodderGrassAEZ16,FodderGrassAEZ16,2005,SO2_AWB,8.78529134107474e-07
Southeast Asia,FodderHerb,FodderHerbAEZ04,FodderHerbAEZ04,2005,SO2_AWB,3.40037001022687e-07
Southeast Asia,FodderHerb,FodderHerbAEZ05,FodderHerbAEZ05,2005,SO2_AWB,5.24206337127544e-05
Southeast Asia,FodderHerb,FodderHerbAEZ06,FodderHerbAEZ06,2005,SO2_AWB,4.15259270818102e-05
Southeast Asia,FodderHerb,FodderHerbAEZ09,FodderHerbAEZ09,2005,SO2_AWB,0
Southeast Asia,FodderHerb,FodderHerbAEZ10,FodderHerbAEZ10,2005,SO2_AWB,0
Southeast Asia,FodderHerb,FodderHerbAEZ11,FodderHerbAEZ11,2005,SO2_AWB,0
Southeast Asia,FodderHerb,FodderHerbAEZ12,FodderHerbAEZ12,2005,SO2_AWB,1.90781323191851e-06
Southeast Asia,FodderHerb,FodderHerbAEZ15,FodderHerbAEZ15,2005,SO2_AWB,0
Southeast Asia,FodderHerb,FodderHerbAEZ16,FodderHerbAEZ16,2005,SO2_AWB,0
Southeast Asia,MiscCrop,MiscCropAEZ04,MiscCropAEZ04,2005,SO2_AWB,0.0021999344275872
Southeast Asia,MiscCrop,MiscCropAEZ05,MiscCropAEZ05,2005,SO2_AWB,0.00432478682749506
Southeast Asia,MiscCrop,MiscCropAEZ06,MiscCropAEZ06,2005,SO2_AWB,0.00592433417664934
Southeast Asia,MiscCrop,MiscCropAEZ09,MiscCropAEZ09,2005,SO2_AWB,3.03937565061697e-05
Southeast Asia,MiscCrop,MiscCropAEZ10,MiscCropAEZ10,2005,SO2_AWB,0.00122323554012466
Southeast Asia,MiscCrop,MiscCropAEZ11,MiscCropAEZ11,2005,SO2_AWB,0.000429564703900103
Southeast Asia,MiscCrop,MiscCropAEZ12,MiscCropAEZ12,2005,SO2_AWB,0.000148810579274837
Southeast Asia,MiscCrop,MiscCropAEZ15,MiscCropAEZ15,2005,SO2_AWB,7.35298126333723e-05
Southeast Asia,MiscCrop,MiscCropAEZ16,MiscCropAEZ16,2005,SO2_AWB,4.77860489148827e-07
Southeast Asia,OilCrop,OilCropAEZ04,OilCropAEZ04,2005,SO2_AWB,0.000191121685530324
Southeast Asia,OilCrop,OilCropAEZ05,OilCropAEZ05,2005,SO2_AWB,0.000390095982388601
Southeast Asia,OilCrop,OilCropAEZ06,OilCropAEZ06,2005,SO2_AWB,0.0001270785063697
Southeast Asia,OilCrop,OilCropAEZ09,OilCropAEZ09,2005,SO2_AWB,3.53509997225941e-06
Southeast Asia,OilCrop,OilCropAEZ10,OilCropAEZ10,2005,SO2_AWB,8.31985736148249e-05
Southeast Asia,OilCrop,OilCropAEZ11,OilCropAEZ11,2005,SO2_AWB,4.11190617173981e-05
Southeast Asia,OilCrop,OilCropAEZ12,OilCropAEZ12,2005,SO2_AWB,1.33464202161238e-05
Southeast Asia,OilCrop,OilCropAEZ15,OilCropAEZ15,2005,SO2_AWB,8.47729895973616e-06
Southeast Asia,OilCrop,OilCropAEZ16,OilCropAEZ16,2005,SO2_AWB,2.72560186224168e-07
Southeast Asia,OtherGrain,OtherGrainAEZ04,OtherGrainAEZ04,2005,SO2_AWB,4.69589587009517e-05
Southeast Asia,OtherGrain,OtherGrainAEZ05,OtherGrainAEZ05,2005,SO2_AWB,4.97732142718248e-05
Southeast Asia,OtherGrain,OtherGrainAEZ06,OtherGrainAEZ06,2005,SO2_AWB,5.43384294518455e-06
Southeast Asia,OtherGrain,OtherGrainAEZ09,OtherGrainAEZ09,2005,SO2_AWB,1.37357036166105e-06
Southeast Asia,OtherGrain,OtherGrainAEZ10,OtherGrainAEZ10,2005,SO2_AWB,5.41701152530131e-05
Southeast Asia,OtherGrain,OtherGrainAEZ11,OtherGrainAEZ11,2005,SO2_AWB,1.35554422721407e-05
Southeast Asia,OtherGrain,OtherGrainAEZ12,OtherGrainAEZ12,2005,SO2_AWB,2.19124706454803e-06
Southeast Asia,OtherGrain,OtherGrainAEZ15,OtherGrainAEZ15,2005,SO2_AWB,3.72083309276764e-06
Southeast Asia,OtherGrain,OtherGrainAEZ16,OtherGrainAEZ16,2005,SO2_AWB,4.56802627311168e-08
Southeast Asia,PalmFruit,PalmFruitAEZ04,PalmFruitAEZ04,2005,SO2_AWB,0.000961328604076712
Southeast Asia,PalmFruit,PalmFruitAEZ05,PalmFruitAEZ05,2005,SO2_AWB,0.000978623104697802
Southeast Asia,PalmFruit,PalmFruitAEZ06,PalmFruitAEZ06,2005,SO2_AWB,0.0188926696041444
Southeast Asia,PalmFruit,PalmFruitAEZ09,PalmFruitAEZ09,2005,SO2_AWB,0
Southeast Asia,PalmFruit,PalmFruitAEZ10,PalmFruitAEZ10,2005,SO2_AWB,3.1921044473711e-06
Southeast Asia,PalmFruit,PalmFruitAEZ11,PalmFruitAEZ11,2005,SO2_AWB,1.42200861912548e-06
Southeast Asia,PalmFruit,PalmFruitAEZ12,PalmFruitAEZ12,2005,SO2_AWB,8.15027099254813e-06
Southeast Asia,PalmFruit,PalmFruitAEZ15,PalmFruitAEZ15,2005,SO2_AWB,0
Southeast Asia,PalmFruit,PalmFruitAEZ16,PalmFruitAEZ16,2005,SO2_AWB,0
Southeast Asia,Rice,RiceAEZ04,RiceAEZ04,2005,SO2_AWB,0.00741113742990848
Southeast Asia,Rice,RiceAEZ05,RiceAEZ05,2005,SO2_AWB,0.00990749698743675
Southeast Asia,Rice,RiceAEZ06,RiceAEZ06,2005,SO2_AWB,0.00579270908055382
Southeast Asia,Rice,RiceAEZ09,RiceAEZ09,2005,SO2_AWB,1.68052076671119e-05
Southeast Asia,Rice,RiceAEZ10,RiceAEZ10,2005,SO2_AWB,0.000435297888472185
Southeast Asia,Rice,RiceAEZ11,RiceAEZ11,2005,SO2_AWB,0.000321043090685898
Southeast Asia,Rice,RiceAEZ12,RiceAEZ12,2005,SO2_AWB,0.000217266462544938
Southeast Asia,Rice,RiceAEZ15,RiceAEZ15,2005,SO2_AWB,4.21228594547462e-05
Southeast Asia,Rice,RiceAEZ16,RiceAEZ16,2005,SO2_AWB,1.33304547187715e-06
Southeast Asia,Root_Tuber,Root_TuberAEZ04,Root_TuberAEZ04,2005,SO2_AWB,0.00393494774322899
Southeast Asia,Root_Tuber,Root_TuberAEZ05,Root_TuberAEZ05,2005,SO2_AWB,0.00190076554593587
Southeast Asia,Root_Tuber,Root_TuberAEZ06,Root_TuberAEZ06,2005,SO2_AWB,0.00154879769101638
Southeast Asia,Root_Tuber,Root_TuberAEZ09,Root_TuberAEZ09,2005,SO2_AWB,1.83330996089561e-05
Southeast Asia,Root_Tuber,Root_TuberAEZ10,Root_TuberAEZ10,2005,SO2_AWB,0.000476950910192958
Southeast Asia,Root_Tuber,Root_TuberAEZ11,Root_TuberAEZ11,2005,SO2_AWB,5.99933700260765e-05
Southeast Asia,Root_Tuber,Root_TuberAEZ12,Root_TuberAEZ12,2005,SO2_AWB,7.15800976729928e-05
Southeast Asia,Root_Tuber,Root_TuberAEZ15,Root_TuberAEZ15,2005,SO2_AWB,3.41719686459418e-05
Southeast Asia,Root_Tuber,Root_TuberAEZ16,Root_TuberAEZ16,2005,SO2_AWB,5.09112515533757e-07
Southeast Asia,SugarCrop,SugarCropAEZ04,SugarCropAEZ04,2005,SO2_AWB,0.00857380088717732
Southeast Asia,SugarCrop,SugarCropAEZ05,SugarCropAEZ05,2005,SO2_AWB,0.00826229510943421
Southeast Asia,SugarCrop,SugarCropAEZ06,SugarCropAEZ06,2005,SO2_AWB,0.00729964720181298
Southeast Asia,SugarCrop,SugarCropAEZ09,SugarCropAEZ09,2005,SO2_AWB,0
Southeast Asia,SugarCrop,SugarCropAEZ10,SugarCropAEZ10,2005,SO2_AWB,2.32015021935953e-05
Southeast Asia,SugarCrop,SugarCropAEZ11,SugarCropAEZ11,2005,SO2_AWB,0.000398175493894216
Southeast Asia,SugarCrop,SugarCropAEZ12,SugarCropAEZ12,2005,SO2_AWB,0.000101081272009957
Southeast Asia,SugarCrop,SugarCropAEZ15,SugarCropAEZ15,2005,SO2_AWB,0
Southeast Asia,SugarCrop,SugarCropAEZ16,SugarCropAEZ16,2005,SO2_AWB,0
Southeast Asia,Wheat,WheatAEZ04,WheatAEZ04,2005,SO2_AWB,5.27975347331765e-06
Southeast Asia,Wheat,WheatAEZ05,WheatAEZ05,2005,SO2_AWB,1.93897917008667e-05
Southeast Asia,Wheat,WheatAEZ06,WheatAEZ06,2005,SO2_AWB,4.30576954488078e-08
Southeast Asia,Wheat,WheatAEZ09,WheatAEZ09,2005,SO2_AWB,4.9594922203079e-07
Southeast Asia,Wheat,WheatAEZ10,WheatAEZ10,2005,SO2_AWB,3.15540620997765e-05
Southeast Asia,Wheat,WheatAEZ11,WheatAEZ11,2005,SO2_AWB,6.49039758184911e-06
Southeast Asia,Wheat,WheatAEZ12,WheatAEZ12,2005,SO2_AWB,1.60193484454433e-06
Southeast Asia,Wheat,WheatAEZ15,WheatAEZ15,2005,SO2_AWB,2.15445622117939e-06
Southeast Asia,Wheat,WheatAEZ16,WheatAEZ16,2005,SO2_AWB,3.32518553174004e-07
Argentina,Corn,CornAEZ07,CornAEZ07,2005,CH4_AWB,2.21310874178245e-05
Argentina,Corn,CornAEZ08,CornAEZ08,2005,CH4_AWB,0.000196956026802155
Argentina,Corn,CornAEZ09,CornAEZ09,2005,CH4_AWB,0.000449537139843532
Argentina,Corn,CornAEZ10,CornAEZ10,2005,CH4_AWB,0.000916447993617912
Argentina,Corn,CornAEZ11,CornAEZ11,2005,CH4_AWB,0.000776961140463934
Argentina,Corn,CornAEZ12,CornAEZ12,2005,CH4_AWB,0.0017656694838842
Argentina,Corn,CornAEZ13,CornAEZ13,2005,CH4_AWB,1.09901188266335e-06
Argentina,Corn,CornAEZ14,CornAEZ14,2005,CH4_AWB,1.98754757356229e-08
Argentina,Corn,CornAEZ15,CornAEZ15,2005,CH4_AWB,0
Argentina,Corn,CornAEZ16,CornAEZ16,2005,CH4_AWB,0
Argentina,FiberCrop,FiberCropAEZ07,FiberCropAEZ07,2005,CH4_AWB,1.67129148877585e-07
Argentina,FiberCrop,FiberCropAEZ08,FiberCropAEZ08,2005,CH4_AWB,3.67891098612887e-06
Argentina,FiberCrop,FiberCropAEZ09,FiberCropAEZ09,2005,CH4_AWB,1.81415327826533e-05
Argentina,FiberCrop,FiberCropAEZ10,FiberCropAEZ10,2005,CH4_AWB,2.08973527421642e-05
Argentina,FiberCrop,FiberCropAEZ11,FiberCropAEZ11,2005,CH4_AWB,3.90563055909027e-05
Argentina,FiberCrop,FiberCropAEZ12,FiberCropAEZ12,2005,CH4_AWB,1.25819445629215e-05
Argentina,FiberCrop,FiberCropAEZ13,FiberCropAEZ13,2005,CH4_AWB,0
Argentina,FiberCrop,FiberCropAEZ14,FiberCropAEZ14,2005,CH4_AWB,0
Argentina,FiberCrop,FiberCropAEZ15,FiberCropAEZ15,2005,CH4_AWB,0
Argentina,FiberCrop,FiberCropAEZ16,FiberCropAEZ16,2005,CH4_AWB,0
Argentina,FodderGrass,FodderGrassAEZ07,FodderGrassAEZ07,2005,CH4_AWB,0.00083689135412289
Argentina,FodderGrass,FodderGrassAEZ08,FodderGrassAEZ08,2005,CH4_AWB,0.00155403853046618
Argentina,FodderGrass,FodderGrassAEZ09,FodderGrassAEZ09,2005,CH4_AWB,0.00188592299461628
Argentina,FodderGrass,FodderGrassAEZ10,FodderGrassAEZ10,2005,CH4_AWB,0.00130143599598096
Argentina,FodderGrass,FodderGrassAEZ11,FodderGrassAEZ11,2005,CH4_AWB,0.00213381540464792
Argentina,FodderGrass,FodderGrassAEZ12,FodderGrassAEZ12,2005,CH4_AWB,0.0036440392995084
Argentina,FodderGrass,FodderGrassAEZ13,FodderGrassAEZ13,2005,CH4_AWB,1.27850752926845e-05
Argentina,FodderGrass,FodderGrassAEZ14,FodderGrassAEZ14,2005,CH4_AWB,6.77730006198074e-06
Argentina,FodderGrass,FodderGrassAEZ15,FodderGrassAEZ15,2005,CH4_AWB,1.01788106449458e-06
Argentina,FodderGrass,FodderGrassAEZ16,FodderGrassAEZ16,2005,CH4_AWB,0
Argentina,FodderHerb,FodderHerbAEZ07,FodderHerbAEZ07,2005,CH4_AWB,0.000432080119990307
Argentina,FodderHerb,FodderHerbAEZ08,FodderHerbAEZ08,2005,CH4_AWB,0.00244312833327186
Argentina,FodderHerb,FodderHerbAEZ09,FodderHerbAEZ09,2005,CH4_AWB,0.00271104239644007
Argentina,FodderHerb,FodderHerbAEZ10,FodderHerbAEZ10,2005,CH4_AWB,0.00505060594414952
Argentina,FodderHerb,FodderHerbAEZ11,FodderHerbAEZ11,2005,CH4_AWB,0.00358791759577731
Argentina,FodderHerb,FodderHerbAEZ12,FodderHerbAEZ12,2005,CH4_AWB,0.00240935612125575
Argentina,FodderHerb,FodderHerbAEZ13,FodderHerbAEZ13,2005,CH4_AWB,5.27938606545246e-06
Argentina,FodderHerb,FodderHerbAEZ14,FodderHerbAEZ14,2005,CH4_AWB,3.78359129326418e-06
Argentina,FodderHerb,FodderHerbAEZ15,FodderHerbAEZ15,2005,CH4_AWB,4.56527074447678e-07
Argentina,FodderHerb,FodderHerbAEZ16,FodderHerbAEZ16,2005,CH4_AWB,0
Argentina,MiscCrop,MiscCropAEZ07,MiscCropAEZ07,2005,CH4_AWB,0.00135580673338551
Argentina,MiscCrop,MiscCropAEZ08,MiscCropAEZ08,2005,CH4_AWB,0.00023020083764677
Argentina,MiscCrop,MiscCropAEZ09,MiscCropAEZ09,2005,CH4_AWB,0.000241567750175656
Argentina,MiscCrop,MiscCropAEZ10,MiscCropAEZ10,2005,CH4_AWB,0.000288249245449447
Argentina,MiscCrop,MiscCropAEZ11,MiscCropAEZ11,2005,CH4_AWB,2.17925151977909e-05
Argentina,MiscCrop,MiscCropAEZ12,MiscCropAEZ12,2005,CH4_AWB,0.000705228573947436
Argentina,MiscCrop,MiscCropAEZ13,MiscCropAEZ13,2005,CH4_AWB,6.10424303347303e-05
Argentina,MiscCrop,MiscCropAEZ14,MiscCropAEZ14,2005,CH4_AWB,3.63058251949954e-07
Argentina,MiscCrop,MiscCropAEZ15,MiscCropAEZ15,2005,CH4_AWB,5.02547358511027e-08
Argentina,MiscCrop,MiscCropAEZ16,MiscCropAEZ16,2005,CH4_AWB,0
Argentina,OilCrop,OilCropAEZ07,OilCropAEZ07,2005,CH4_AWB,2.76046942189535e-05
Argentina,OilCrop,OilCropAEZ08,OilCropAEZ08,2005,CH4_AWB,0.000498005305984723
Argentina,OilCrop,OilCropAEZ09,OilCropAEZ09,2005,CH4_AWB,0.00116891662836626
Argentina,OilCrop,OilCropAEZ10,OilCropAEZ10,2005,CH4_AWB,0.0024307841783377
Argentina,OilCrop,OilCropAEZ11,OilCropAEZ11,2005,CH4_AWB,0.00218986463088534
Argentina,OilCrop,OilCropAEZ12,OilCropAEZ12,2005,CH4_AWB,0.00385984410899502
Argentina,OilCrop,OilCropAEZ13,OilCropAEZ13,2005,CH4_AWB,0
Argentina,OilCrop,OilCropAEZ14,OilCropAEZ14,2005,CH4_AWB,4.70168782389222e-09
Argentina,OilCrop,OilCropAEZ15,OilCropAEZ15,2005,CH4_AWB,0
Argentina,OilCrop,OilCropAEZ16,OilCropAEZ16,2005,CH4_AWB,0
Argentina,OtherGrain,OtherGrainAEZ07,OtherGrainAEZ07,2005,CH4_AWB,7.30105880562174e-06
Argentina,OtherGrain,OtherGrainAEZ08,OtherGrainAEZ08,2005,CH4_AWB,4.18381607460208e-05
Argentina,OtherGrain,OtherGrainAEZ09,OtherGrainAEZ09,2005,CH4_AWB,0.000134936759293954
Argentina,OtherGrain,OtherGrainAEZ10,OtherGrainAEZ10,2005,CH4_AWB,0.000302266828542876
Argentina,OtherGrain,OtherGrainAEZ11,OtherGrainAEZ11,2005,CH4_AWB,0.00023381019453241
Argentina,OtherGrain,OtherGrainAEZ12,OtherGrainAEZ12,2005,CH4_AWB,0.00026138674464071
Argentina,OtherGrain,OtherGrainAEZ13,OtherGrainAEZ13,2005,CH4_AWB,0
Argentina,OtherGrain,OtherGrainAEZ14,OtherGrainAEZ14,2005,CH4_AWB,4.32465242017561e-08
Argentina,OtherGrain,OtherGrainAEZ15,OtherGrainAEZ15,2005,CH4_AWB,0
Argentina,OtherGrain,OtherGrainAEZ16,OtherGrainAEZ16,2005,CH4_AWB,0
Argentina,PalmFruit,PalmFruitAEZ07,PalmFruitAEZ07,2005,CH4_AWB,0
Argentina,PalmFruit,PalmFruitAEZ08,PalmFruitAEZ08,2005,CH4_AWB,0
Argentina,PalmFruit,PalmFruitAEZ09,PalmFruitAEZ09,2005,CH4_AWB,0
Argentina,PalmFruit,PalmFruitAEZ10,PalmFruitAEZ10,2005,CH4_AWB,0
Argentina,PalmFruit,PalmFruitAEZ11,PalmFruitAEZ11,2005,CH4_AWB,0
Argentina,PalmFruit,PalmFruitAEZ12,PalmFruitAEZ12,2005,CH4_AWB,0
Argentina,PalmFruit,PalmFruitAEZ13,PalmFruitAEZ13,2005,CH4_AWB,0
Argentina,PalmFruit,PalmFruitAEZ14,PalmFruitAEZ14,2005,CH4_AWB,0
Argentina,PalmFruit,PalmFruitAEZ15,PalmFruitAEZ15,2005,CH4_AWB,0
Argentina,PalmFruit,PalmFruitAEZ16,PalmFruitAEZ16,2005,CH4_AWB,0
Argentina,Rice,RiceAEZ07,RiceAEZ07,2005,CH4_AWB,0
Argentina,Rice,RiceAEZ08,RiceAEZ08,2005,CH4_AWB,0
Argentina,Rice,RiceAEZ09,RiceAEZ09,2005,CH4_AWB,0
Argentina,Rice,RiceAEZ10,RiceAEZ10,2005,CH4_AWB,2.32721773516777e-08
Argentina,Rice,RiceAEZ11,RiceAEZ11,2005,CH4_AWB,2.06029597928201e-05
Argentina,Rice,RiceAEZ12,RiceAEZ12,2005,CH4_AWB,0.00021786805336362
Argentina,Rice,RiceAEZ13,RiceAEZ13,2005,CH4_AWB,3.19739480136094e-08
Argentina,Rice,RiceAEZ14,RiceAEZ14,2005,CH4_AWB,0
Argentina,Rice,RiceAEZ15,RiceAEZ15,2005,CH4_AWB,0
Argentina,Rice,RiceAEZ16,RiceAEZ16,2005,CH4_AWB,0
Argentina,Root_Tuber,Root_TuberAEZ07,Root_TuberAEZ07,2005,CH4_AWB,1.87973406437803e-05
Argentina,Root_Tuber,Root_TuberAEZ08,Root_TuberAEZ08,2005,CH4_AWB,6.26640635642624e-05
Argentina,Root_Tuber,Root_TuberAEZ09,Root_TuberAEZ09,2005,CH4_AWB,5.76712508015886e-05
Argentina,Root_Tuber,Root_TuberAEZ10,Root_TuberAEZ10,2005,CH4_AWB,0.000143197019034437
Argentina,Root_Tuber,Root_TuberAEZ11,Root_TuberAEZ11,2005,CH4_AWB,0.000186901648608549
Argentina,Root_Tuber,Root_TuberAEZ12,Root_TuberAEZ12,2005,CH4_AWB,0.000117413201891247
Argentina,Root_Tuber,Root_TuberAEZ13,Root_TuberAEZ13,2005,CH4_AWB,1.59645061451073e-06
Argentina,Root_Tuber,Root_TuberAEZ14,Root_TuberAEZ14,2005,CH4_AWB,5.52974697252529e-08
Argentina,Root_Tuber,Root_TuberAEZ15,Root_TuberAEZ15,2005,CH4_AWB,0
Argentina,Root_Tuber,Root_TuberAEZ16,Root_TuberAEZ16,2005,CH4_AWB,0
Argentina,SugarCrop,SugarCropAEZ07,SugarCropAEZ07,2005,CH4_AWB,0
Argentina,SugarCrop,SugarCropAEZ08,SugarCropAEZ08,2005,CH4_AWB,2.33333579017001e-05
Argentina,SugarCrop,SugarCropAEZ09,SugarCropAEZ09,2005,CH4_AWB,0.00131422580668825
Argentina,SugarCrop,SugarCropAEZ10,SugarCropAEZ10,2005,CH4_AWB,0.00388527026173063
Argentina,SugarCrop,SugarCropAEZ11,SugarCropAEZ11,2005,CH4_AWB,9.91235467159524e-08
Argentina,SugarCrop,SugarCropAEZ12,SugarCropAEZ12,2005,CH4_AWB,0.000385653970795905
Argentina,SugarCrop,SugarCropAEZ13,SugarCropAEZ13,2005,CH4_AWB,7.48139031279091e-07
Argentina,SugarCrop,SugarCropAEZ14,SugarCropAEZ14,2005,CH4_AWB,0
Argentina,SugarCrop,SugarCropAEZ15,SugarCropAEZ15,2005,CH4_AWB,0
Argentina,SugarCrop,SugarCropAEZ16,SugarCropAEZ16,2005,CH4_AWB,0
Argentina,Wheat,WheatAEZ07,WheatAEZ07,2005,CH4_AWB,8.3138947503475e-05
Argentina,Wheat,WheatAEZ08,WheatAEZ08,2005,CH4_AWB,0.000220566904020342
Argentina,Wheat,WheatAEZ09,WheatAEZ09,2005,CH4_AWB,0.000484459073078469
Argentina,Wheat,WheatAEZ10,WheatAEZ10,2005,CH4_AWB,0.00072529670979254
Argentina,Wheat,WheatAEZ11,WheatAEZ11,2005,CH4_AWB,0.00100981307184972
Argentina,Wheat,WheatAEZ12,WheatAEZ12,2005,CH4_AWB,0.00103418720532013
Argentina,Wheat,WheatAEZ13,WheatAEZ13,2005,CH4_AWB,1.19202929294495e-06
Argentina,Wheat,WheatAEZ14,WheatAEZ14,2005,CH4_AWB,4.46981010269443e-07
Argentina,Wheat,WheatAEZ15,WheatAEZ15,2005,CH4_AWB,1.18459559588576e-07
Argentina,Wheat,WheatAEZ16,WheatAEZ16,2005,CH4_AWB,0
Argentina,Corn,CornAEZ07,CornAEZ07,2005,CO_AWB,0.00118713825935755
Argentina,Corn,CornAEZ08,CornAEZ08,2005,CO_AWB,0.0105649591641653
Argentina,Corn,CornAEZ09,CornAEZ09,2005,CO_AWB,0.0241137151390314
Argentina,Corn,CornAEZ10,CornAEZ10,2005,CO_AWB,0.0491593772775505
Argentina,Corn,CornAEZ11,CornAEZ11,2005,CO_AWB,0.0416771340000192
Argentina,Corn,CornAEZ12,CornAEZ12,2005,CO_AWB,0.0947126437181225
Argentina,Corn,CornAEZ13,CornAEZ13,2005,CO_AWB,5.89523247894019e-05
Argentina,Corn,CornAEZ14,CornAEZ14,2005,CO_AWB,1.06614452436201e-06
Argentina,Corn,CornAEZ15,CornAEZ15,2005,CO_AWB,0
Argentina,Corn,CornAEZ16,CornAEZ16,2005,CO_AWB,0
Argentina,FiberCrop,FiberCropAEZ07,FiberCropAEZ07,2005,CO_AWB,8.96500940693262e-06
Argentina,FiberCrop,FiberCropAEZ08,FiberCropAEZ08,2005,CO_AWB,0.000197341228740838
Argentina,FiberCrop,FiberCropAEZ09,FiberCropAEZ09,2005,CO_AWB,0.000973133730081935
Argentina,FiberCrop,FiberCropAEZ10,FiberCropAEZ10,2005,CO_AWB,0.00112095924123154
Argentina,FiberCrop,FiberCropAEZ11,FiberCropAEZ11,2005,CO_AWB,0.00209502740469851
Argentina,FiberCrop,FiberCropAEZ12,FiberCropAEZ12,2005,CO_AWB,0.000674910703019947
Argentina,FiberCrop,FiberCropAEZ13,FiberCropAEZ13,2005,CO_AWB,0
Argentina,FiberCrop,FiberCropAEZ14,FiberCropAEZ14,2005,CO_AWB,0
Argentina,FiberCrop,FiberCropAEZ15,FiberCropAEZ15,2005,CO_AWB,0
Argentina,FiberCrop,FiberCropAEZ16,FiberCropAEZ16,2005,CO_AWB,0
Argentina,FodderGrass,FodderGrassAEZ07,FodderGrassAEZ07,2005,CO_AWB,0.0448918630453131
Argentina,FodderGrass,FodderGrassAEZ08,FodderGrassAEZ08,2005,CO_AWB,0.0833605037656812
Argentina,FodderGrass,FodderGrassAEZ09,FodderGrassAEZ09,2005,CO_AWB,0.101163187277818
Argentina,FodderGrass,FodderGrassAEZ10,FodderGrassAEZ10,2005,CO_AWB,0.0698105987186946
Argentina,FodderGrass,FodderGrassAEZ11,FodderGrassAEZ11,2005,CO_AWB,0.114460435560155
Argentina,FodderGrass,FodderGrassAEZ12,FodderGrassAEZ12,2005,CO_AWB,0.19547066935196
Argentina,FodderGrass,FodderGrassAEZ13,FodderGrassAEZ13,2005,CO_AWB,0.000685806880708829
Argentina,FodderGrass,FodderGrassAEZ14,FodderGrassAEZ14,2005,CO_AWB,0.000363542561051187
Argentina,FodderGrass,FodderGrassAEZ15,FodderGrassAEZ15,2005,CO_AWB,5.46003697117875e-05
Argentina,FodderGrass,FodderGrassAEZ16,FodderGrassAEZ16,2005,CO_AWB,0
Argentina,FodderHerb,FodderHerbAEZ07,FodderHerbAEZ07,2005,CO_AWB,0.0231772995092491
Argentina,FodderHerb,FodderHerbAEZ08,FodderHerbAEZ08,2005,CO_AWB,0.131052354644423
Argentina,FodderHerb,FodderHerbAEZ09,FodderHerbAEZ09,2005,CO_AWB,0.145423588583464
Argentina,FodderHerb,FodderHerbAEZ10,FodderHerbAEZ10,2005,CO_AWB,0.270920603043189
Argentina,FodderHerb,FodderHerbAEZ11,FodderHerbAEZ11,2005,CO_AWB,0.192460233379174
Argentina,FodderHerb,FodderHerbAEZ12,FodderHerbAEZ12,2005,CO_AWB,0.129240772401286
Argentina,FodderHerb,FodderHerbAEZ13,FodderHerbAEZ13,2005,CO_AWB,0.000283192645074004
Argentina,FodderHerb,FodderHerbAEZ14,FodderHerbAEZ14,2005,CO_AWB,0.00020295640685005
Argentina,FodderHerb,FodderHerbAEZ15,FodderHerbAEZ15,2005,CO_AWB,2.44886636737475e-05
Argentina,FodderHerb,FodderHerbAEZ16,FodderHerbAEZ16,2005,CO_AWB,0
Argentina,MiscCrop,MiscCropAEZ07,MiscCropAEZ07,2005,CO_AWB,0.0727271107428818
Argentina,MiscCrop,MiscCropAEZ08,MiscCropAEZ08,2005,CO_AWB,0.0123482509714608
Argentina,MiscCrop,MiscCropAEZ09,MiscCropAEZ09,2005,CO_AWB,0.0129579858886409
Argentina,MiscCrop,MiscCropAEZ10,MiscCropAEZ10,2005,CO_AWB,0.0154620376777501
Argentina,MiscCrop,MiscCropAEZ11,MiscCropAEZ11,2005,CO_AWB,0.00116897683654225
Argentina,MiscCrop,MiscCropAEZ12,MiscCropAEZ12,2005,CO_AWB,0.0378293124923847
Argentina,MiscCrop,MiscCropAEZ13,MiscCropAEZ13,2005,CO_AWB,0.00327438969113473
Argentina,MiscCrop,MiscCropAEZ14,MiscCropAEZ14,2005,CO_AWB,1.94748831418981e-05
Argentina,MiscCrop,MiscCropAEZ15,MiscCropAEZ15,2005,CO_AWB,2.69572472949076e-06
Argentina,MiscCrop,MiscCropAEZ16,MiscCropAEZ16,2005,CO_AWB,0
Argentina,OilCrop,OilCropAEZ07,OilCropAEZ07,2005,CO_AWB,0.00148074913927602
Argentina,OilCrop,OilCropAEZ08,OilCropAEZ08,2005,CO_AWB,0.0267136061114363
Argentina,OilCrop,OilCropAEZ09,OilCropAEZ09,2005,CO_AWB,0.0627020997809254
Argentina,OilCrop,OilCropAEZ10,OilCropAEZ10,2005,CO_AWB,0.130390199264296
Argentina,OilCrop,OilCropAEZ11,OilCropAEZ11,2005,CO_AWB,0.117466983752642
Argentina,OilCrop,OilCropAEZ12,OilCropAEZ12,2005,CO_AWB,0.207046699985168
Argentina,OilCrop,OilCropAEZ13,OilCropAEZ13,2005,CO_AWB,0
Argentina,OilCrop,OilCropAEZ14,OilCropAEZ14,2005,CO_AWB,2.52204213643952e-07
Argentina,OilCrop,OilCropAEZ15,OilCropAEZ15,2005,CO_AWB,0
Argentina,OilCrop,OilCropAEZ16,OilCropAEZ16,2005,CO_AWB,0
Argentina,OtherGrain,OtherGrainAEZ07,OtherGrainAEZ07,2005,CO_AWB,0.000391637612663902
Argentina,OtherGrain,OtherGrainAEZ08,OtherGrainAEZ08,2005,CO_AWB,0.00224424947518619
Argentina,OtherGrain,OtherGrainAEZ09,OtherGrainAEZ09,2005,CO_AWB,0.00723817074720675
Argentina,OtherGrain,OtherGrainAEZ10,OtherGrainAEZ10,2005,CO_AWB,0.0162139577655326
Argentina,OtherGrain,OtherGrainAEZ11,OtherGrainAEZ11,2005,CO_AWB,0.012541861234243
Argentina,OtherGrain,OtherGrainAEZ12,OtherGrainAEZ12,2005,CO_AWB,0.0140211006894306
Argentina,OtherGrain,OtherGrainAEZ13,OtherGrainAEZ13,2005,CO_AWB,0
Argentina,OtherGrain,OtherGrainAEZ14,OtherGrainAEZ14,2005,CO_AWB,2.31979579199473e-06
Argentina,OtherGrain,OtherGrainAEZ15,OtherGrainAEZ15,2005,CO_AWB,0
Argentina,OtherGrain,OtherGrainAEZ16,OtherGrainAEZ16,2005,CO_AWB,0
Argentina,PalmFruit,PalmFruitAEZ07,PalmFruitAEZ07,2005,CO_AWB,0
Argentina,PalmFruit,PalmFruitAEZ08,PalmFruitAEZ08,2005,CO_AWB,0
Argentina,PalmFruit,PalmFruitAEZ09,PalmFruitAEZ09,2005,CO_AWB,0
Argentina,PalmFruit,PalmFruitAEZ10,PalmFruitAEZ10,2005,CO_AWB,0
Argentina,PalmFruit,PalmFruitAEZ11,PalmFruitAEZ11,2005,CO_AWB,0
Argentina,PalmFruit,PalmFruitAEZ12,PalmFruitAEZ12,2005,CO_AWB,0
Argentina,PalmFruit,PalmFruitAEZ13,PalmFruitAEZ13,2005,CO_AWB,0
Argentina,PalmFruit,PalmFruitAEZ14,PalmFruitAEZ14,2005,CO_AWB,0
Argentina,PalmFruit,PalmFruitAEZ15,PalmFruitAEZ15,2005,CO_AWB,0
Argentina,PalmFruit,PalmFruitAEZ16,PalmFruitAEZ16,2005,CO_AWB,0
Argentina,Rice,RiceAEZ07,RiceAEZ07,2005,CO_AWB,0
Argentina,Rice,RiceAEZ08,RiceAEZ08,2005,CO_AWB,0
Argentina,Rice,RiceAEZ09,RiceAEZ09,2005,CO_AWB,0
Argentina,Rice,RiceAEZ10,RiceAEZ10,2005,CO_AWB,1.24834770163529e-06
Argentina,Rice,RiceAEZ11,RiceAEZ11,2005,CO_AWB,0.00110516764785642
Argentina,Rice,RiceAEZ12,RiceAEZ12,2005,CO_AWB,0.0116867055267874
Argentina,Rice,RiceAEZ13,RiceAEZ13,2005,CO_AWB,1.71512119007283e-06
Argentina,Rice,RiceAEZ14,RiceAEZ14,2005,CO_AWB,0
Argentina,Rice,RiceAEZ15,RiceAEZ15,2005,CO_AWB,0
Argentina,Rice,RiceAEZ16,RiceAEZ16,2005,CO_AWB,0
Argentina,Root_Tuber,Root_TuberAEZ07,Root_TuberAEZ07,2005,CO_AWB,0.00100831205584754
Argentina,Root_Tuber,Root_TuberAEZ08,Root_TuberAEZ08,2005,CO_AWB,0.00336137605620022
Argentina,Root_Tuber,Root_TuberAEZ09,Root_TuberAEZ09,2005,CO_AWB,0.00309355554921488
Argentina,Root_Tuber,Root_TuberAEZ10,Root_TuberAEZ10,2005,CO_AWB,0.00768126105655418
Argentina,Root_Tuber,Root_TuberAEZ11,Root_TuberAEZ11,2005,CO_AWB,0.0100256301740287
Argentina,Root_Tuber,Root_TuberAEZ12,Root_TuberAEZ12,2005,CO_AWB,0.00629818596290524
Argentina,Root_Tuber,Root_TuberAEZ13,Root_TuberAEZ13,2005,CO_AWB,8.56355391797941e-05
Argentina,Root_Tuber,Root_TuberAEZ14,Root_TuberAEZ14,2005,CO_AWB,2.96622306519119e-06
Argentina,Root_Tuber,Root_TuberAEZ15,Root_TuberAEZ15,2005,CO_AWB,0
Argentina,Root_Tuber,Root_TuberAEZ16,Root_TuberAEZ16,2005,CO_AWB,0
Argentina,SugarCrop,SugarCropAEZ07,SugarCropAEZ07,2005,CO_AWB,0
Argentina,SugarCrop,SugarCropAEZ08,SugarCropAEZ08,2005,CO_AWB,0.00125162950023329
Argentina,SugarCrop,SugarCropAEZ09,SugarCropAEZ09,2005,CO_AWB,0.0704966596127622
Argentina,SugarCrop,SugarCropAEZ10,SugarCropAEZ10,2005,CO_AWB,0.208410589528002
Argentina,SugarCrop,SugarCropAEZ11,SugarCropAEZ11,2005,CO_AWB,5.31710676877755e-06
Argentina,SugarCrop,SugarCropAEZ12,SugarCropAEZ12,2005,CO_AWB,0.0206869447922492
Argentina,SugarCrop,SugarCropAEZ13,SugarCropAEZ13,2005,CO_AWB,4.01310812515605e-05
Argentina,SugarCrop,SugarCropAEZ14,SugarCropAEZ14,2005,CO_AWB,0
Argentina,SugarCrop,SugarCropAEZ15,SugarCropAEZ15,2005,CO_AWB,0
Argentina,SugarCrop,SugarCropAEZ16,SugarCropAEZ16,2005,CO_AWB,0
Argentina,Wheat,WheatAEZ07,WheatAEZ07,2005,CO_AWB,0.00445967356057717
Argentina,Wheat,WheatAEZ08,WheatAEZ08,2005,CO_AWB,0.0118314751357271
Argentina,Wheat,WheatAEZ09,WheatAEZ09,2005,CO_AWB,0.0259869698169978
Argentina,Wheat,WheatAEZ10,WheatAEZ10,2005,CO_AWB,0.0389057915377171
Argentina,Wheat,WheatAEZ11,WheatAEZ11,2005,CO_AWB,0.0541675928416723
Argentina,Wheat,WheatAEZ12,WheatAEZ12,2005,CO_AWB,0.0554750508004758
Argentina,Wheat,WheatAEZ13,WheatAEZ13,2005,CO_AWB,6.3941891024756e-05
Argentina,Wheat,WheatAEZ14,WheatAEZ14,2005,CO_AWB,2.39766012613449e-05
Argentina,Wheat,WheatAEZ15,WheatAEZ15,2005,CO_AWB,6.35431385359678e-06
Argentina,Wheat,WheatAEZ16,WheatAEZ16,2005,CO_AWB,0
Argentina,Corn,CornAEZ07,CornAEZ07,2005,N2O_AWB,5.73914522735769e-07
Argentina,Corn,CornAEZ08,CornAEZ08,2005,N2O_AWB,5.1075630396296e-06
Argentina,Corn,CornAEZ09,CornAEZ09,2005,N2O_AWB,1.16576238751609e-05
Argentina,Corn,CornAEZ10,CornAEZ10,2005,N2O_AWB,2.37657916639814e-05
Argentina,Corn,CornAEZ11,CornAEZ11,2005,N2O_AWB,2.01485482251748e-05
Argentina,Corn,CornAEZ12,CornAEZ12,2005,N2O_AWB,4.57882317312778e-05
Argentina,Corn,CornAEZ13,CornAEZ13,2005,N2O_AWB,2.85001305273267e-08
Argentina,Corn,CornAEZ14,CornAEZ14,2005,N2O_AWB,5.15420862771038e-10
Argentina,Corn,CornAEZ15,CornAEZ15,2005,N2O_AWB,0
Argentina,Corn,CornAEZ16,CornAEZ16,2005,N2O_AWB,0
Argentina,FiberCrop,FiberCropAEZ07,FiberCropAEZ07,2005,N2O_AWB,4.33407739540451e-09
Argentina,FiberCrop,FiberCropAEZ08,FiberCropAEZ08,2005,N2O_AWB,9.54033754839814e-08
Argentina,FiberCrop,FiberCropAEZ09,FiberCropAEZ09,2005,N2O_AWB,4.70455379443584e-07
Argentina,FiberCrop,FiberCropAEZ10,FiberCropAEZ10,2005,N2O_AWB,5.41920692780812e-07
Argentina,FiberCrop,FiberCropAEZ11,FiberCropAEZ11,2005,N2O_AWB,1.0128278181655e-06
Argentina,FiberCrop,FiberCropAEZ12,FiberCropAEZ12,2005,N2O_AWB,3.26281333248054e-07
Argentina,FiberCrop,FiberCropAEZ13,FiberCropAEZ13,2005,N2O_AWB,0
Argentina,FiberCrop,FiberCropAEZ14,FiberCropAEZ14,2005,N2O_AWB,0
Argentina,FiberCrop,FiberCropAEZ15,FiberCropAEZ15,2005,N2O_AWB,0
Argentina,FiberCrop,FiberCropAEZ16,FiberCropAEZ16,2005,N2O_AWB,0
Argentina,FodderGrass,FodderGrassAEZ07,FodderGrassAEZ07,2005,N2O_AWB,2.17026887570057e-05
Argentina,FodderGrass,FodderGrassAEZ08,FodderGrassAEZ08,2005,N2O_AWB,4.03001110920181e-05
Argentina,FodderGrass,FodderGrassAEZ09,FodderGrassAEZ09,2005,N2O_AWB,4.89067064323227e-05
Argentina,FodderGrass,FodderGrassAEZ10,FodderGrassAEZ10,2005,N2O_AWB,3.37494947447994e-05
Argentina,FodderGrass,FodderGrassAEZ11,FodderGrassAEZ11,2005,N2O_AWB,5.53351774562338e-05
Argentina,FodderGrass,FodderGrassAEZ12,FodderGrassAEZ12,2005,N2O_AWB,9.44990653158484e-05
Argentina,FodderGrass,FodderGrassAEZ13,FodderGrassAEZ13,2005,N2O_AWB,3.31549021799633e-07
Argentina,FodderGrass,FodderGrassAEZ14,FodderGrassAEZ14,2005,N2O_AWB,1.75752363951898e-07
Argentina,FodderGrass,FodderGrassAEZ15,FodderGrassAEZ15,2005,N2O_AWB,2.63962052249039e-08
Argentina,FodderGrass,FodderGrassAEZ16,FodderGrassAEZ16,2005,N2O_AWB,0
Argentina,FodderHerb,FodderHerbAEZ07,FodderHerbAEZ07,2005,N2O_AWB,1.12049196302993e-05
Argentina,FodderHerb,FodderHerbAEZ08,FodderHerbAEZ08,2005,N2O_AWB,6.33564363512772e-05
Argentina,FodderHerb,FodderHerbAEZ09,FodderHerbAEZ09,2005,N2O_AWB,7.03041189840586e-05
Argentina,FodderHerb,FodderHerbAEZ10,FodderHerbAEZ10,2005,N2O_AWB,0.00013097486107386
Argentina,FodderHerb,FodderHerbAEZ11,FodderHerbAEZ11,2005,N2O_AWB,9.30436889846336e-05
Argentina,FodderHerb,FodderHerbAEZ12,FodderHerbAEZ12,2005,N2O_AWB,6.24806383132043e-05
Argentina,FodderHerb,FodderHerbAEZ13,FodderHerbAEZ13,2005,N2O_AWB,1.36907702585446e-07
Argentina,FodderHerb,FodderHerbAEZ14,FodderHerbAEZ14,2005,N2O_AWB,9.81179980136005e-08
Argentina,FodderHerb,FodderHerbAEZ15,FodderHerbAEZ15,2005,N2O_AWB,1.18388903853217e-08
Argentina,FodderHerb,FodderHerbAEZ16,FodderHerbAEZ16,2005,N2O_AWB,0
Argentina,MiscCrop,MiscCropAEZ07,MiscCropAEZ07,2005,N2O_AWB,3.5159464133976e-05
Argentina,MiscCrop,MiscCropAEZ08,MiscCropAEZ08,2005,N2O_AWB,5.96968424448106e-06
Argentina,MiscCrop,MiscCropAEZ09,MiscCropAEZ09,2005,N2O_AWB,6.26445675411114e-06
Argentina,MiscCrop,MiscCropAEZ10,MiscCropAEZ10,2005,N2O_AWB,7.47502483758778e-06
Argentina,MiscCrop,MiscCropAEZ11,MiscCropAEZ11,2005,N2O_AWB,5.65134497136319e-07
Argentina,MiscCrop,MiscCropAEZ12,MiscCropAEZ12,2005,N2O_AWB,1.82883431254575e-05
Argentina,MiscCrop,MiscCropAEZ13,MiscCropAEZ13,2005,N2O_AWB,1.58298309571414e-06
Argentina,MiscCrop,MiscCropAEZ14,MiscCropAEZ14,2005,N2O_AWB,9.41500973085138e-09
Argentina,MiscCrop,MiscCropAEZ15,MiscCropAEZ15,2005,N2O_AWB,1.30323116061474e-09
Argentina,MiscCrop,MiscCropAEZ16,MiscCropAEZ16,2005,N2O_AWB,0
Argentina,OilCrop,OilCropAEZ07,OilCropAEZ07,2005,N2O_AWB,7.15858855411584e-07
Argentina,OilCrop,OilCropAEZ08,OilCropAEZ08,2005,N2O_AWB,1.29145248088401e-05
Argentina,OilCrop,OilCropAEZ09,OilCropAEZ09,2005,N2O_AWB,3.03129356556792e-05
Argentina,OilCrop,OilCropAEZ10,OilCropAEZ10,2005,N2O_AWB,6.3036321498633e-05
Argentina,OilCrop,OilCropAEZ11,OilCropAEZ11,2005,N2O_AWB,5.67886742645221e-05
Argentina,OilCrop,OilCropAEZ12,OilCropAEZ12,2005,N2O_AWB,0.000100095424496141
Argentina,OilCrop,OilCropAEZ13,OilCropAEZ13,2005,N2O_AWB,0
Argentina,OilCrop,OilCropAEZ14,OilCropAEZ14,2005,N2O_AWB,1.21926540370917e-10
Argentina,OilCrop,OilCropAEZ15,OilCropAEZ15,2005,N2O_AWB,0
Argentina,OilCrop,OilCropAEZ16,OilCropAEZ16,2005,N2O_AWB,0
Argentina,OtherGrain,OtherGrainAEZ07,OtherGrainAEZ07,2005,N2O_AWB,1.89334739897118e-07
Argentina,OtherGrain,OtherGrainAEZ08,OtherGrainAEZ08,2005,N2O_AWB,1.08496828932843e-06
Argentina,OtherGrain,OtherGrainAEZ09,OtherGrainAEZ09,2005,N2O_AWB,3.49924810957677e-06
Argentina,OtherGrain,OtherGrainAEZ10,OtherGrainAEZ10,2005,N2O_AWB,7.83853587340317e-06
Argentina,OtherGrain,OtherGrainAEZ11,OtherGrainAEZ11,2005,N2O_AWB,6.06328390794528e-06
Argentina,OtherGrain,OtherGrainAEZ12,OtherGrainAEZ12,2005,N2O_AWB,6.77841291608237e-06
Argentina,OtherGrain,OtherGrainAEZ13,OtherGrainAEZ13,2005,N2O_AWB,0
Argentina,OtherGrain,OtherGrainAEZ14,OtherGrainAEZ14,2005,N2O_AWB,1.12149068089811e-09
Argentina,OtherGrain,OtherGrainAEZ15,OtherGrainAEZ15,2005,N2O_AWB,0
Argentina,OtherGrain,OtherGrainAEZ16,OtherGrainAEZ16,2005,N2O_AWB,0
Argentina,PalmFruit,PalmFruitAEZ07,PalmFruitAEZ07,2005,N2O_AWB,0
Argentina,PalmFruit,PalmFruitAEZ08,PalmFruitAEZ08,2005,N2O_AWB,0
Argentina,PalmFruit,PalmFruitAEZ09,PalmFruitAEZ09,2005,N2O_AWB,0
Argentina,PalmFruit,PalmFruitAEZ10,PalmFruitAEZ10,2005,N2O_AWB,0
Argentina,PalmFruit,PalmFruitAEZ11,PalmFruitAEZ11,2005,N2O_AWB,0
Argentina,PalmFruit,PalmFruitAEZ12,PalmFruitAEZ12,2005,N2O_AWB,0
Argentina,PalmFruit,PalmFruitAEZ13,PalmFruitAEZ13,2005,N2O_AWB,0
Argentina,PalmFruit,PalmFruitAEZ14,PalmFruitAEZ14,2005,N2O_AWB,0
Argentina,PalmFruit,PalmFruitAEZ15,PalmFruitAEZ15,2005,N2O_AWB,0
Argentina,PalmFruit,PalmFruitAEZ16,PalmFruitAEZ16,2005,N2O_AWB,0
Argentina,Rice,RiceAEZ07,RiceAEZ07,2005,N2O_AWB,0
Argentina,Rice,RiceAEZ08,RiceAEZ08,2005,N2O_AWB,0
Argentina,Rice,RiceAEZ09,RiceAEZ09,2005,N2O_AWB,0
Argentina,Rice,RiceAEZ10,RiceAEZ10,2005,N2O_AWB,6.03505842512423e-10
Argentina,Rice,RiceAEZ11,RiceAEZ11,2005,N2O_AWB,5.34286346314694e-07
Argentina,Rice,RiceAEZ12,RiceAEZ12,2005,N2O_AWB,5.64986426129458e-06
Argentina,Rice,RiceAEZ13,RiceAEZ13,2005,N2O_AWB,8.29164548843156e-10
Argentina,Rice,RiceAEZ14,RiceAEZ14,2005,N2O_AWB,0
Argentina,Rice,RiceAEZ15,RiceAEZ15,2005,N2O_AWB,0
Argentina,Rice,RiceAEZ16,RiceAEZ16,2005,N2O_AWB,0
Argentina,Root_Tuber,Root_TuberAEZ07,Root_TuberAEZ07,2005,N2O_AWB,4.87462119714375e-07
Argentina,Root_Tuber,Root_TuberAEZ08,Root_TuberAEZ08,2005,N2O_AWB,1.62503610663984e-06
Argentina,Root_Tuber,Root_TuberAEZ09,Root_TuberAEZ09,2005,N2O_AWB,1.49555996750123e-06
Argentina,Root_Tuber,Root_TuberAEZ10,Root_TuberAEZ10,2005,N2O_AWB,3.71345733197652e-06
Argentina,Root_Tuber,Root_TuberAEZ11,Root_TuberAEZ11,2005,N2O_AWB,4.84682783247746e-06
Argentina,Root_Tuber,Root_TuberAEZ12,Root_TuberAEZ12,2005,N2O_AWB,3.04481837941776e-06
Argentina,Root_Tuber,Root_TuberAEZ13,Root_TuberAEZ13,2005,N2O_AWB,4.13999626498342e-08
Argentina,Root_Tuber,Root_TuberAEZ14,Root_TuberAEZ14,2005,N2O_AWB,1.43400187919839e-09
Argentina,Root_Tuber,Root_TuberAEZ15,Root_TuberAEZ15,2005,N2O_AWB,0
Argentina,Root_Tuber,Root_TuberAEZ16,Root_TuberAEZ16,2005,N2O_AWB,0
Argentina,SugarCrop,SugarCropAEZ07,SugarCropAEZ07,2005,N2O_AWB,0
Argentina,SugarCrop,SugarCropAEZ08,SugarCropAEZ08,2005,N2O_AWB,6.05092407397551e-07
Argentina,SugarCrop,SugarCropAEZ09,SugarCropAEZ09,2005,N2O_AWB,3.40811665677592e-05
Argentina,SugarCrop,SugarCropAEZ10,SugarCropAEZ10,2005,N2O_AWB,0.000100754788314862
Argentina,SugarCrop,SugarCropAEZ11,SugarCropAEZ11,2005,N2O_AWB,2.57052181536928e-09
Argentina,SugarCrop,SugarCropAEZ12,SugarCropAEZ12,2005,N2O_AWB,1.00009733101602e-05
Argentina,SugarCrop,SugarCropAEZ13,SugarCropAEZ13,2005,N2O_AWB,1.94011187507544e-08
Argentina,SugarCrop,SugarCropAEZ14,SugarCropAEZ14,2005,N2O_AWB,0
Argentina,SugarCrop,SugarCropAEZ15,SugarCropAEZ15,2005,N2O_AWB,0
Argentina,SugarCrop,SugarCropAEZ16,SugarCropAEZ16,2005,N2O_AWB,0
Argentina,Wheat,WheatAEZ07,WheatAEZ07,2005,N2O_AWB,2.15600112531214e-06
Argentina,Wheat,WheatAEZ08,WheatAEZ08,2005,N2O_AWB,5.71985221793427e-06
Argentina,Wheat,WheatAEZ09,WheatAEZ09,2005,N2O_AWB,1.25632370638466e-05
Argentina,Wheat,WheatAEZ10,WheatAEZ10,2005,N2O_AWB,1.88087601473731e-05
Argentina,Wheat,WheatAEZ11,WheatAEZ11,2005,N2O_AWB,2.61869819698151e-05
Argentina,Wheat,WheatAEZ12,WheatAEZ12,2005,N2O_AWB,2.68190642942698e-05
Argentina,Wheat,WheatAEZ13,WheatAEZ13,2005,N2O_AWB,3.09123049324979e-08
Argentina,Wheat,WheatAEZ14,WheatAEZ14,2005,N2O_AWB,1.15913370336303e-08
Argentina,Wheat,WheatAEZ15,WheatAEZ15,2005,N2O_AWB,3.0719530550501e-09
Argentina,Wheat,WheatAEZ16,WheatAEZ16,2005,N2O_AWB,0
Argentina,Corn,CornAEZ07,CornAEZ07,2005,NH3_AWB,1.06527969631091e-05
Argentina,Corn,CornAEZ08,CornAEZ08,2005,NH3_AWB,9.48047660095632e-05
Argentina,Corn,CornAEZ09,CornAEZ09,2005,NH3_AWB,0.000216384662340315
Argentina,Corn,CornAEZ10,CornAEZ10,2005,NH3_AWB,0.000441132160338285
Argentina,Corn,CornAEZ11,CornAEZ11,2005,NH3_AWB,0.000373990175960437
Argentina,Corn,CornAEZ12,CornAEZ12,2005,NH3_AWB,0.000849904849258649
Argentina,Corn,CornAEZ13,CornAEZ13,2005,NH3_AWB,5.29009272116818e-07
Argentina,Corn,CornAEZ14,CornAEZ14,2005,NH3_AWB,9.56705848020215e-09
Argentina,Corn,CornAEZ15,CornAEZ15,2005,NH3_AWB,0
Argentina,Corn,CornAEZ16,CornAEZ16,2005,NH3_AWB,0
Argentina,FiberCrop,FiberCropAEZ07,FiberCropAEZ07,2005,NH3_AWB,8.04476009694947e-08
Argentina,FiberCrop,FiberCropAEZ08,FiberCropAEZ08,2005,NH3_AWB,1.77084347644924e-06
Argentina,FiberCrop,FiberCropAEZ09,FiberCropAEZ09,2005,NH3_AWB,8.7324251937816e-06
Argentina,FiberCrop,FiberCropAEZ10,FiberCropAEZ10,2005,NH3_AWB,1.0058938886548e-05
Argentina,FiberCrop,FiberCropAEZ11,FiberCropAEZ11,2005,NH3_AWB,1.87997492275926e-05
Argentina,FiberCrop,FiberCropAEZ12,FiberCropAEZ12,2005,NH3_AWB,6.05631789796045e-06
Argentina,FiberCrop,FiberCropAEZ13,FiberCropAEZ13,2005,NH3_AWB,0
Argentina,FiberCrop,FiberCropAEZ14,FiberCropAEZ14,2005,NH3_AWB,0
Argentina,FiberCrop,FiberCropAEZ15,FiberCropAEZ15,2005,NH3_AWB,0
Argentina,FiberCrop,FiberCropAEZ16,FiberCropAEZ16,2005,NH3_AWB,0
Argentina,FodderGrass,FodderGrassAEZ07,FodderGrassAEZ07,2005,NH3_AWB,0.000402837578982777
Argentina,FodderGrass,FodderGrassAEZ08,FodderGrassAEZ08,2005,NH3_AWB,0.000748036308625815
Argentina,FodderGrass,FodderGrassAEZ09,FodderGrassAEZ09,2005,NH3_AWB,0.000907788865969826
Argentina,FodderGrass,FodderGrassAEZ10,FodderGrassAEZ10,2005,NH3_AWB,0.000626446101084975
Argentina,FodderGrass,FodderGrassAEZ11,FodderGrassAEZ11,2005,NH3_AWB,0.00102711185552324
Argentina,FodderGrass,FodderGrassAEZ12,FodderGrassAEZ12,2005,NH3_AWB,0.00175405799319143
Argentina,FodderGrass,FodderGrassAEZ13,FodderGrassAEZ13,2005,NH3_AWB,6.15409485669181e-06
Argentina,FodderGrass,FodderGrassAEZ14,FodderGrassAEZ14,2005,NH3_AWB,3.26225278294277e-06
Argentina,FodderGrass,FodderGrassAEZ15,FodderGrassAEZ15,2005,NH3_AWB,4.89956959996503e-07
Argentina,FodderGrass,FodderGrassAEZ16,FodderGrassAEZ16,2005,NH3_AWB,0
Argentina,FodderHerb,FodderHerbAEZ07,FodderHerbAEZ07,2005,NH3_AWB,0.000207981727384322
Argentina,FodderHerb,FodderHerbAEZ08,FodderHerbAEZ08,2005,NH3_AWB,0.00117599960624631
Argentina,FodderHerb,FodderHerbAEZ09,FodderHerbAEZ09,2005,NH3_AWB,0.0013049600167589
Argentina,FodderHerb,FodderHerbAEZ10,FodderHerbAEZ10,2005,NH3_AWB,0.00243110872267233
Argentina,FodderHerb,FodderHerbAEZ11,FodderHerbAEZ11,2005,NH3_AWB,0.00172704381608464
Argentina,FodderHerb,FodderHerbAEZ12,FodderHerbAEZ12,2005,NH3_AWB,0.00115974335499167
Argentina,FodderHerb,FodderHerbAEZ13,FodderHerbAEZ13,2005,NH3_AWB,2.54123201374355e-06
Argentina,FodderHerb,FodderHerbAEZ14,FodderHerbAEZ14,2005,NH3_AWB,1.82123133299217e-06
Argentina,FodderHerb,FodderHerbAEZ15,FodderHerbAEZ15,2005,NH3_AWB,2.19749266741244e-07
Argentina,FodderHerb,FodderHerbAEZ16,FodderHerbAEZ16,2005,NH3_AWB,0
Argentina,MiscCrop,MiscCropAEZ07,MiscCropAEZ07,2005,NH3_AWB,0.000652617450705992
Argentina,MiscCrop,MiscCropAEZ08,MiscCropAEZ08,2005,NH3_AWB,0.000110807152757148
Argentina,MiscCrop,MiscCropAEZ09,MiscCropAEZ09,2005,NH3_AWB,0.000116278615093433
Argentina,MiscCrop,MiscCropAEZ10,MiscCropAEZ10,2005,NH3_AWB,0.000138748748697691
Argentina,MiscCrop,MiscCropAEZ11,MiscCropAEZ11,2005,NH3_AWB,1.04898252550646e-05
Argentina,MiscCrop,MiscCropAEZ12,MiscCropAEZ12,2005,NH3_AWB,0.000339461711438287
Argentina,MiscCrop,MiscCropAEZ13,MiscCropAEZ13,2005,NH3_AWB,2.93827684204474e-05
Argentina,MiscCrop,MiscCropAEZ14,MiscCropAEZ14,2005,NH3_AWB,1.74758057332926e-07
Argentina,MiscCrop,MiscCropAEZ15,MiscCropAEZ15,2005,NH3_AWB,2.41901126388079e-08
Argentina,MiscCrop,MiscCropAEZ16,MiscCropAEZ16,2005,NH3_AWB,0
Argentina,OilCrop,OilCropAEZ07,OilCropAEZ07,2005,NH3_AWB,1.32875171107219e-05
Argentina,OilCrop,OilCropAEZ08,OilCropAEZ08,2005,NH3_AWB,0.000239714809807922
Argentina,OilCrop,OilCropAEZ09,OilCropAEZ09,2005,NH3_AWB,0.000562657915252675
Argentina,OilCrop,OilCropAEZ10,OilCropAEZ10,2005,NH3_AWB,0.00117005774836504
Argentina,OilCrop,OilCropAEZ11,OilCropAEZ11,2005,NH3_AWB,0.0010540911455949
Argentina,OilCrop,OilCropAEZ12,OilCropAEZ12,2005,NH3_AWB,0.00185793561907221
Argentina,OilCrop,OilCropAEZ13,OilCropAEZ13,2005,NH3_AWB,0
Argentina,OilCrop,OilCropAEZ14,OilCropAEZ14,2005,NH3_AWB,2.26315701647388e-09
Argentina,OilCrop,OilCropAEZ15,OilCropAEZ15,2005,NH3_AWB,0
Argentina,OilCrop,OilCropAEZ16,OilCropAEZ16,2005,NH3_AWB,0
Argentina,OtherGrain,OtherGrainAEZ07,OtherGrainAEZ07,2005,NH3_AWB,3.51436400767938e-06
Argentina,OtherGrain,OtherGrainAEZ08,OtherGrainAEZ08,2005,NH3_AWB,2.01387949594523e-05
Argentina,OtherGrain,OtherGrainAEZ09,OtherGrainAEZ09,2005,NH3_AWB,6.49517971024182e-05
Argentina,OtherGrain,OtherGrainAEZ10,OtherGrainAEZ10,2005,NH3_AWB,0.000145496111074812
Argentina,OtherGrain,OtherGrainAEZ11,OtherGrainAEZ11,2005,NH3_AWB,0.000112544516373505
Argentina,OtherGrain,OtherGrainAEZ12,OtherGrainAEZ12,2005,NH3_AWB,0.000125818486319063
Argentina,OtherGrain,OtherGrainAEZ13,OtherGrainAEZ13,2005,NH3_AWB,0
Argentina,OtherGrain,OtherGrainAEZ14,OtherGrainAEZ14,2005,NH3_AWB,2.08167105837938e-08
Argentina,OtherGrain,OtherGrainAEZ15,OtherGrainAEZ15,2005,NH3_AWB,0
Argentina,OtherGrain,OtherGrainAEZ16,OtherGrainAEZ16,2005,NH3_AWB,0
Argentina,PalmFruit,PalmFruitAEZ07,PalmFruitAEZ07,2005,NH3_AWB,0
Argentina,PalmFruit,PalmFruitAEZ08,PalmFruitAEZ08,2005,NH3_AWB,0
Argentina,PalmFruit,PalmFruitAEZ09,PalmFruitAEZ09,2005,NH3_AWB,0
Argentina,PalmFruit,PalmFruitAEZ10,PalmFruitAEZ10,2005,NH3_AWB,0
Argentina,PalmFruit,PalmFruitAEZ11,PalmFruitAEZ11,2005,NH3_AWB,0
Argentina,PalmFruit,PalmFruitAEZ12,PalmFruitAEZ12,2005,NH3_AWB,0
Argentina,PalmFruit,PalmFruitAEZ13,PalmFruitAEZ13,2005,NH3_AWB,0
Argentina,PalmFruit,PalmFruitAEZ14,PalmFruitAEZ14,2005,NH3_AWB,0
Argentina,PalmFruit,PalmFruitAEZ15,PalmFruitAEZ15,2005,NH3_AWB,0
Argentina,PalmFruit,PalmFruitAEZ16,PalmFruitAEZ16,2005,NH3_AWB,0
Argentina,Rice,RiceAEZ07,RiceAEZ07,2005,NH3_AWB,0
Argentina,Rice,RiceAEZ08,RiceAEZ08,2005,NH3_AWB,0
Argentina,Rice,RiceAEZ09,RiceAEZ09,2005,NH3_AWB,0
Argentina,Rice,RiceAEZ10,RiceAEZ10,2005,NH3_AWB,1.12020605014292e-08
Argentina,Rice,RiceAEZ11,RiceAEZ11,2005,NH3_AWB,9.91723286652618e-06
Argentina,Rice,RiceAEZ12,RiceAEZ12,2005,NH3_AWB,0.000104870768137728
Argentina,Rice,RiceAEZ13,RiceAEZ13,2005,NH3_AWB,1.53906570367462e-08
Argentina,Rice,RiceAEZ14,RiceAEZ14,2005,NH3_AWB,0
Argentina,Rice,RiceAEZ15,RiceAEZ15,2005,NH3_AWB,0
Argentina,Rice,RiceAEZ16,RiceAEZ16,2005,NH3_AWB,0
Argentina,Root_Tuber,Root_TuberAEZ07,Root_TuberAEZ07,2005,NH3_AWB,9.04809824949284e-06
Argentina,Root_Tuber,Root_TuberAEZ08,Root_TuberAEZ08,2005,NH3_AWB,3.01633414314656e-05
Argentina,Root_Tuber,Root_TuberAEZ09,Root_TuberAEZ09,2005,NH3_AWB,2.7760051451564e-05
Argentina,Root_Tuber,Root_TuberAEZ10,Root_TuberAEZ10,2005,NH3_AWB,6.89278723949067e-05
Argentina,Root_Tuber,Root_TuberAEZ11,Root_TuberAEZ11,2005,NH3_AWB,8.99650919589994e-05
Argentina,Root_Tuber,Root_TuberAEZ12,Root_TuberAEZ12,2005,NH3_AWB,5.65168343028914e-05
Argentina,Root_Tuber,Root_TuberAEZ13,Root_TuberAEZ13,2005,NH3_AWB,7.68451361514047e-07
Argentina,Root_Tuber,Root_TuberAEZ14,Root_TuberAEZ14,2005,NH3_AWB,2.66174321412852e-08
Argentina,Root_Tuber,Root_TuberAEZ15,Root_TuberAEZ15,2005,NH3_AWB,0
Argentina,Root_Tuber,Root_TuberAEZ16,Root_TuberAEZ16,2005,NH3_AWB,0
Argentina,SugarCrop,SugarCropAEZ07,SugarCropAEZ07,2005,NH3_AWB,0
Argentina,SugarCrop,SugarCropAEZ08,SugarCropAEZ08,2005,NH3_AWB,1.12315097537491e-05
Argentina,SugarCrop,SugarCropAEZ09,SugarCropAEZ09,2005,NH3_AWB,0.000632602475333064
Argentina,SugarCrop,SugarCropAEZ10,SugarCropAEZ10,2005,NH3_AWB,0.00187017449543339
Argentina,SugarCrop,SugarCropAEZ11,SugarCropAEZ11,2005,NH3_AWB,4.77131104085668e-08
Argentina,SugarCrop,SugarCropAEZ12,SugarCropAEZ12,2005,NH3_AWB,0.0001856345045927
Argentina,SugarCrop,SugarCropAEZ13,SugarCropAEZ13,2005,NH3_AWB,3.60116656264003e-07
Argentina,SugarCrop,SugarCropAEZ14,SugarCropAEZ14,2005,NH3_AWB,0
Argentina,SugarCrop,SugarCropAEZ15,SugarCropAEZ15,2005,NH3_AWB,0
Argentina,SugarCrop,SugarCropAEZ16,SugarCropAEZ16,2005,NH3_AWB,0
Argentina,Wheat,WheatAEZ07,WheatAEZ07,2005,NH3_AWB,4.00189249972322e-05
Argentina,Wheat,WheatAEZ08,WheatAEZ08,2005,NH3_AWB,0.000106169859661657
Argentina,Wheat,WheatAEZ09,WheatAEZ09,2005,NH3_AWB,0.000233194331801537
Argentina,Wheat,WheatAEZ10,WheatAEZ10,2005,NH3_AWB,0.000349121506845077
Argentina,Wheat,WheatAEZ11,WheatAEZ11,2005,NH3_AWB,0.000486073432453417
Argentina,Wheat,WheatAEZ12,WheatAEZ12,2005,NH3_AWB,0.000497805919434733
Argentina,Wheat,WheatAEZ13,WheatAEZ13,2005,NH3_AWB,5.73783194294996e-07
Argentina,Wheat,WheatAEZ14,WheatAEZ14,2005,NH3_AWB,2.15154269596837e-07
Argentina,Wheat,WheatAEZ15,WheatAEZ15,2005,NH3_AWB,5.70204984875738e-08
Argentina,Wheat,WheatAEZ16,WheatAEZ16,2005,NH3_AWB,0
Argentina,Corn,CornAEZ07,CornAEZ07,2005,NMVOC_AWB,5.73914522735769e-05
Argentina,Corn,CornAEZ08,CornAEZ08,2005,NMVOC_AWB,0.00051075630396296
Argentina,Corn,CornAEZ09,CornAEZ09,2005,NMVOC_AWB,0.00116576238751609
Argentina,Corn,CornAEZ10,CornAEZ10,2005,NMVOC_AWB,0.00237657916639814
Argentina,Corn,CornAEZ11,CornAEZ11,2005,NMVOC_AWB,0.00201485482251748
Argentina,Corn,CornAEZ12,CornAEZ12,2005,NMVOC_AWB,0.00457882317312778
Argentina,Corn,CornAEZ13,CornAEZ13,2005,NMVOC_AWB,2.85001305273267e-06
Argentina,Corn,CornAEZ14,CornAEZ14,2005,NMVOC_AWB,5.15420862771039e-08
Argentina,Corn,CornAEZ15,CornAEZ15,2005,NMVOC_AWB,0
Argentina,Corn,CornAEZ16,CornAEZ16,2005,NMVOC_AWB,0
Argentina,FiberCrop,FiberCropAEZ07,FiberCropAEZ07,2005,NMVOC_AWB,4.33407739540451e-07
Argentina,FiberCrop,FiberCropAEZ08,FiberCropAEZ08,2005,NMVOC_AWB,9.54033754839814e-06
Argentina,FiberCrop,FiberCropAEZ09,FiberCropAEZ09,2005,NMVOC_AWB,4.70455379443584e-05
Argentina,FiberCrop,FiberCropAEZ10,FiberCropAEZ10,2005,NMVOC_AWB,5.41920692780812e-05
Argentina,FiberCrop,FiberCropAEZ11,FiberCropAEZ11,2005,NMVOC_AWB,0.00010128278181655
Argentina,FiberCrop,FiberCropAEZ12,FiberCropAEZ12,2005,NMVOC_AWB,3.26281333248054e-05
Argentina,FiberCrop,FiberCropAEZ13,FiberCropAEZ13,2005,NMVOC_AWB,0
Argentina,FiberCrop,FiberCropAEZ14,FiberCropAEZ14,2005,NMVOC_AWB,0
Argentina,FiberCrop,FiberCropAEZ15,FiberCropAEZ15,2005,NMVOC_AWB,0
Argentina,FiberCrop,FiberCropAEZ16,FiberCropAEZ16,2005,NMVOC_AWB,0
Argentina,FodderGrass,FodderGrassAEZ07,FodderGrassAEZ07,2005,NMVOC_AWB,0.00217026887570057
Argentina,FodderGrass,FodderGrassAEZ08,FodderGrassAEZ08,2005,NMVOC_AWB,0.00403001110920181
Argentina,FodderGrass,FodderGrassAEZ09,FodderGrassAEZ09,2005,NMVOC_AWB,0.00489067064323227
Argentina,FodderGrass,FodderGrassAEZ10,FodderGrassAEZ10,2005,NMVOC_AWB,0.00337494947447994
Argentina,FodderGrass,FodderGrassAEZ11,FodderGrassAEZ11,2005,NMVOC_AWB,0.00553351774562338
Argentina,FodderGrass,FodderGrassAEZ12,FodderGrassAEZ12,2005,NMVOC_AWB,0.00944990653158484
Argentina,FodderGrass,FodderGrassAEZ13,FodderGrassAEZ13,2005,NMVOC_AWB,3.31549021799633e-05
Argentina,FodderGrass,FodderGrassAEZ14,FodderGrassAEZ14,2005,NMVOC_AWB,1.75752363951898e-05
Argentina,FodderGrass,FodderGrassAEZ15,FodderGrassAEZ15,2005,NMVOC_AWB,2.63962052249039e-06
Argentina,FodderGrass,FodderGrassAEZ16,FodderGrassAEZ16,2005,NMVOC_AWB,0
Argentina,FodderHerb,FodderHerbAEZ07,FodderHerbAEZ07,2005,NMVOC_AWB,0.00112049196302993
Argentina,FodderHerb,FodderHerbAEZ08,FodderHerbAEZ08,2005,NMVOC_AWB,0.00633564363512772
Argentina,FodderHerb,FodderHerbAEZ09,FodderHerbAEZ09,2005,NMVOC_AWB,0.00703041189840586
Argentina,FodderHerb,FodderHerbAEZ10,FodderHerbAEZ10,2005,NMVOC_AWB,0.013097486107386
Argentina,FodderHerb,FodderHerbAEZ11,FodderHerbAEZ11,2005,NMVOC_AWB,0.00930436889846336
Argentina,FodderHerb,FodderHerbAEZ12,FodderHerbAEZ12,2005,NMVOC_AWB,0.00624806383132043
Argentina,FodderHerb,FodderHerbAEZ13,FodderHerbAEZ13,2005,NMVOC_AWB,1.36907702585446e-05
Argentina,FodderHerb,FodderHerbAEZ14,FodderHerbAEZ14,2005,NMVOC_AWB,9.81179980136005e-06
Argentina,FodderHerb,FodderHerbAEZ15,FodderHerbAEZ15,2005,NMVOC_AWB,1.18388903853217e-06
Argentina,FodderHerb,FodderHerbAEZ16,FodderHerbAEZ16,2005,NMVOC_AWB,0
Argentina,MiscCrop,MiscCropAEZ07,MiscCropAEZ07,2005,NMVOC_AWB,0.0035159464133976
Argentina,MiscCrop,MiscCropAEZ08,MiscCropAEZ08,2005,NMVOC_AWB,0.000596968424448106
Argentina,MiscCrop,MiscCropAEZ09,MiscCropAEZ09,2005,NMVOC_AWB,0.000626445675411114
Argentina,MiscCrop,MiscCropAEZ10,MiscCropAEZ10,2005,NMVOC_AWB,0.000747502483758778
Argentina,MiscCrop,MiscCropAEZ11,MiscCropAEZ11,2005,NMVOC_AWB,5.65134497136319e-05
Argentina,MiscCrop,MiscCropAEZ12,MiscCropAEZ12,2005,NMVOC_AWB,0.00182883431254575
Argentina,MiscCrop,MiscCropAEZ13,MiscCropAEZ13,2005,NMVOC_AWB,0.000158298309571414
Argentina,MiscCrop,MiscCropAEZ14,MiscCropAEZ14,2005,NMVOC_AWB,9.41500973085138e-07
Argentina,MiscCrop,MiscCropAEZ15,MiscCropAEZ15,2005,NMVOC_AWB,1.30323116061474e-07
Argentina,MiscCrop,MiscCropAEZ16,MiscCropAEZ16,2005,NMVOC_AWB,0
Argentina,OilCrop,OilCropAEZ07,OilCropAEZ07,2005,NMVOC_AWB,7.15858855411584e-05
Argentina,OilCrop,OilCropAEZ08,OilCropAEZ08,2005,NMVOC_AWB,0.00129145248088401
Argentina,OilCrop,OilCropAEZ09,OilCropAEZ09,2005,NMVOC_AWB,0.00303129356556792
Argentina,OilCrop,OilCropAEZ10,OilCropAEZ10,2005,NMVOC_AWB,0.0063036321498633
Argentina,OilCrop,OilCropAEZ11,OilCropAEZ11,2005,NMVOC_AWB,0.00567886742645221
Argentina,OilCrop,OilCropAEZ12,OilCropAEZ12,2005,NMVOC_AWB,0.0100095424496141
Argentina,OilCrop,OilCropAEZ13,OilCropAEZ13,2005,NMVOC_AWB,0
Argentina,OilCrop,OilCropAEZ14,OilCropAEZ14,2005,NMVOC_AWB,1.21926540370917e-08
Argentina,OilCrop,OilCropAEZ15,OilCropAEZ15,2005,NMVOC_AWB,0
Argentina,OilCrop,OilCropAEZ16,OilCropAEZ16,2005,NMVOC_AWB,0
Argentina,OtherGrain,OtherGrainAEZ07,OtherGrainAEZ07,2005,NMVOC_AWB,1.89334739897118e-05
Argentina,OtherGrain,OtherGrainAEZ08,OtherGrainAEZ08,2005,NMVOC_AWB,0.000108496828932843
Argentina,OtherGrain,OtherGrainAEZ09,OtherGrainAEZ09,2005,NMVOC_AWB,0.000349924810957677
Argentina,OtherGrain,OtherGrainAEZ10,OtherGrainAEZ10,2005,NMVOC_AWB,0.000783853587340317
Argentina,OtherGrain,OtherGrainAEZ11,OtherGrainAEZ11,2005,NMVOC_AWB,0.000606328390794528
Argentina,OtherGrain,OtherGrainAEZ12,OtherGrainAEZ12,2005,NMVOC_AWB,0.000677841291608237
Argentina,OtherGrain,OtherGrainAEZ13,OtherGrainAEZ13,2005,NMVOC_AWB,0
Argentina,OtherGrain,OtherGrainAEZ14,OtherGrainAEZ14,2005,NMVOC_AWB,1.12149068089811e-07
Argentina,OtherGrain,OtherGrainAEZ15,OtherGrainAEZ15,2005,NMVOC_AWB,0
Argentina,OtherGrain,OtherGrainAEZ16,OtherGrainAEZ16,2005,NMVOC_AWB,0
Argentina,PalmFruit,PalmFruitAEZ07,PalmFruitAEZ07,2005,NMVOC_AWB,0
Argentina,PalmFruit,PalmFruitAEZ08,PalmFruitAEZ08,2005,NMVOC_AWB,0
Argentina,PalmFruit,PalmFruitAEZ09,PalmFruitAEZ09,2005,NMVOC_AWB,0
Argentina,PalmFruit,PalmFruitAEZ10,PalmFruitAEZ10,2005,NMVOC_AWB,0
Argentina,PalmFruit,PalmFruitAEZ11,PalmFruitAEZ11,2005,NMVOC_AWB,0
Argentina,PalmFruit,PalmFruitAEZ12,PalmFruitAEZ12,2005,NMVOC_AWB,0
Argentina,PalmFruit,PalmFruitAEZ13,PalmFruitAEZ13,2005,NMVOC_AWB,0
Argentina,PalmFruit,PalmFruitAEZ14,PalmFruitAEZ14,2005,NMVOC_AWB,0
Argentina,PalmFruit,PalmFruitAEZ15,PalmFruitAEZ15,2005,NMVOC_AWB,0
Argentina,PalmFruit,PalmFruitAEZ16,PalmFruitAEZ16,2005,NMVOC_AWB,0
Argentina,Rice,RiceAEZ07,RiceAEZ07,2005,NMVOC_AWB,0
Argentina,Rice,RiceAEZ08,RiceAEZ08,2005,NMVOC_AWB,0
Argentina,Rice,RiceAEZ09,RiceAEZ09,2005,NMVOC_AWB,0
Argentina,Rice,RiceAEZ10,RiceAEZ10,2005,NMVOC_AWB,6.03505842512423e-08
Argentina,Rice,RiceAEZ11,RiceAEZ11,2005,NMVOC_AWB,5.34286346314694e-05
Argentina,Rice,RiceAEZ12,RiceAEZ12,2005,NMVOC_AWB,0.000564986426129458
Argentina,Rice,RiceAEZ13,RiceAEZ13,2005,NMVOC_AWB,8.29164548843156e-08
Argentina,Rice,RiceAEZ14,RiceAEZ14,2005,NMVOC_AWB,0
Argentina,Rice,RiceAEZ15,RiceAEZ15,2005,NMVOC_AWB,0
Argentina,Rice,RiceAEZ16,RiceAEZ16,2005,NMVOC_AWB,0
Argentina,Root_Tuber,Root_TuberAEZ07,Root_TuberAEZ07,2005,NMVOC_AWB,4.87462119714375e-05
Argentina,Root_Tuber,Root_TuberAEZ08,Root_TuberAEZ08,2005,NMVOC_AWB,0.000162503610663984
Argentina,Root_Tuber,Root_TuberAEZ09,Root_TuberAEZ09,2005,NMVOC_AWB,0.000149555996750123
Argentina,Root_Tuber,Root_TuberAEZ10,Root_TuberAEZ10,2005,NMVOC_AWB,0.000371345733197652
Argentina,Root_Tuber,Root_TuberAEZ11,Root_TuberAEZ11,2005,NMVOC_AWB,0.000484682783247746
Argentina,Root_Tuber,Root_TuberAEZ12,Root_TuberAEZ12,2005,NMVOC_AWB,0.000304481837941776
Argentina,Root_Tuber,Root_TuberAEZ13,Root_TuberAEZ13,2005,NMVOC_AWB,4.13999626498342e-06
Argentina,Root_Tuber,Root_TuberAEZ14,Root_TuberAEZ14,2005,NMVOC_AWB,1.43400187919839e-07
Argentina,Root_Tuber,Root_TuberAEZ15,Root_TuberAEZ15,2005,NMVOC_AWB,0
Argentina,Root_Tuber,Root_TuberAEZ16,Root_TuberAEZ16,2005,NMVOC_AWB,0
Argentina,SugarCrop,SugarCropAEZ07,SugarCropAEZ07,2005,NMVOC_AWB,0
Argentina,SugarCrop,SugarCropAEZ08,SugarCropAEZ08,2005,NMVOC_AWB,6.05092407397551e-05
Argentina,SugarCrop,SugarCropAEZ09,SugarCropAEZ09,2005,NMVOC_AWB,0.00340811665677592
Argentina,SugarCrop,SugarCropAEZ10,SugarCropAEZ10,2005,NMVOC_AWB,0.0100754788314862
Argentina,SugarCrop,SugarCropAEZ11,SugarCropAEZ11,2005,NMVOC_AWB,2.57052181536928e-07
Argentina,SugarCrop,SugarCropAEZ12,SugarCropAEZ12,2005,NMVOC_AWB,0.00100009733101602
Argentina,SugarCrop,SugarCropAEZ13,SugarCropAEZ13,2005,NMVOC_AWB,1.94011187507544e-06
Argentina,SugarCrop,SugarCropAEZ14,SugarCropAEZ14,2005,NMVOC_AWB,0
Argentina,SugarCrop,SugarCropAEZ15,SugarCropAEZ15,2005,NMVOC_AWB,0
Argentina,SugarCrop,SugarCropAEZ16,SugarCropAEZ16,2005,NMVOC_AWB,0
Argentina,Wheat,WheatAEZ07,WheatAEZ07,2005,NMVOC_AWB,0.000215600112531214
Argentina,Wheat,WheatAEZ08,WheatAEZ08,2005,NMVOC_AWB,0.000571985221793427
Argentina,Wheat,WheatAEZ09,WheatAEZ09,2005,NMVOC_AWB,0.00125632370638466
Argentina,Wheat,WheatAEZ10,WheatAEZ10,2005,NMVOC_AWB,0.00188087601473731
Argentina,Wheat,WheatAEZ11,WheatAEZ11,2005,NMVOC_AWB,0.00261869819698151
Argentina,Wheat,WheatAEZ12,WheatAEZ12,2005,NMVOC_AWB,0.00268190642942698
Argentina,Wheat,WheatAEZ13,WheatAEZ13,2005,NMVOC_AWB,3.09123049324979e-06
Argentina,Wheat,WheatAEZ14,WheatAEZ14,2005,NMVOC_AWB,1.15913370336303e-06
Argentina,Wheat,WheatAEZ15,WheatAEZ15,2005,NMVOC_AWB,3.0719530550501e-07
Argentina,Wheat,WheatAEZ16,WheatAEZ16,2005,NMVOC_AWB,0
Argentina,Corn,CornAEZ07,CornAEZ07,2005,NOx_AWB,3.11722066116072e-05
Argentina,Corn,CornAEZ08,CornAEZ08,2005,NOx_AWB,0.000277417636330567
Argentina,Corn,CornAEZ09,CornAEZ09,2005,NOx_AWB,0.000633184639246752
Argentina,Corn,CornAEZ10,CornAEZ10,2005,NOx_AWB,0.0012908406020231
Argentina,Corn,CornAEZ11,CornAEZ11,2005,NOx_AWB,0.00109436977688792
Argentina,Corn,CornAEZ12,CornAEZ12,2005,NOx_AWB,0.00248699094266461
Argentina,Corn,CornAEZ13,CornAEZ13,2005,NOx_AWB,1.54798654165549e-06
Argentina,Corn,CornAEZ14,CornAEZ14,2005,NOx_AWB,2.79951194642078e-08
Argentina,Corn,CornAEZ15,CornAEZ15,2005,NOx_AWB,0
Argentina,Corn,CornAEZ16,CornAEZ16,2005,NOx_AWB,0
Argentina,FiberCrop,FiberCropAEZ07,FiberCropAEZ07,2005,NOx_AWB,2.35405710586012e-07
Argentina,FiberCrop,FiberCropAEZ08,FiberCropAEZ08,2005,NOx_AWB,5.18184087389022e-06
Argentina,FiberCrop,FiberCropAEZ09,FiberCropAEZ09,2005,NOx_AWB,2.55528161574495e-05
Argentina,FiberCrop,FiberCropAEZ10,FiberCropAEZ10,2005,NOx_AWB,2.94344595462455e-05
Argentina,FiberCrop,FiberCropAEZ11,FiberCropAEZ11,2005,NOx_AWB,5.50118123154277e-05
Argentina,FiberCrop,FiberCropAEZ12,FiberCropAEZ12,2005,NOx_AWB,1.77219929634046e-05
Argentina,FiberCrop,FiberCropAEZ13,FiberCropAEZ13,2005,NOx_AWB,0
Argentina,FiberCrop,FiberCropAEZ14,FiberCropAEZ14,2005,NOx_AWB,0
Argentina,FiberCrop,FiberCropAEZ15,FiberCropAEZ15,2005,NOx_AWB,0
Argentina,FiberCrop,FiberCropAEZ16,FiberCropAEZ16,2005,NOx_AWB,0
Argentina,FodderGrass,FodderGrassAEZ07,FodderGrassAEZ07,2005,NOx_AWB,0.00117878302632229
Argentina,FodderGrass,FodderGrassAEZ08,FodderGrassAEZ08,2005,NOx_AWB,0.00218890329424454
Argentina,FodderGrass,FodderGrassAEZ09,FodderGrassAEZ09,2005,NOx_AWB,0.00265637110964602
Argentina,FodderGrass,FodderGrassAEZ10,FodderGrassAEZ10,2005,NOx_AWB,0.00183310611867301
Argentina,FodderGrass,FodderGrassAEZ11,FodderGrassAEZ11,2005,NOx_AWB,0.00300553395361599
Argentina,FodderGrass,FodderGrassAEZ12,FodderGrassAEZ12,2005,NOx_AWB,0.00513272320516903
Argentina,FodderGrass,FodderGrassAEZ13,FodderGrassAEZ13,2005,NOx_AWB,1.80081078278842e-05
Argentina,FodderGrass,FodderGrassAEZ14,FodderGrassAEZ14,2005,NOx_AWB,9.54600168588051e-06
Argentina,FodderGrass,FodderGrassAEZ15,FodderGrassAEZ15,2005,NOx_AWB,1.43371169474992e-06
Argentina,FodderGrass,FodderGrassAEZ16,FodderGrassAEZ16,2005,NOx_AWB,0
Argentina,FodderHerb,FodderHerbAEZ07,FodderHerbAEZ07,2005,NOx_AWB,0.000608595977179953
Argentina,FodderHerb,FodderHerbAEZ08,FodderHerbAEZ08,2005,NOx_AWB,0.00344120917990156
Argentina,FodderHerb,FodderHerbAEZ09,FodderHerbAEZ09,2005,NOx_AWB,0.00381857303796976
Argentina,FodderHerb,FodderHerbAEZ10,FodderHerbAEZ10,2005,NOx_AWB,0.00711390855010759
Argentina,FodderHerb,FodderHerbAEZ11,FodderHerbAEZ11,2005,NOx_AWB,0.00505367434005578
Argentina,FodderHerb,FodderHerbAEZ12,FodderHerbAEZ12,2005,NOx_AWB,0.00339364014947746
Argentina,FodderHerb,FodderHerbAEZ13,FodderHerbAEZ13,2005,NOx_AWB,7.43615124316839e-06
Argentina,FodderHerb,FodderHerbAEZ14,FodderHerbAEZ14,2005,NOx_AWB,5.32928578251953e-06
Argentina,FodderHerb,FodderHerbAEZ15,FodderHerbAEZ15,2005,NOx_AWB,6.43030142161649e-07
Argentina,FodderHerb,FodderHerbAEZ16,FodderHerbAEZ16,2005,NOx_AWB,0
Argentina,MiscCrop,MiscCropAEZ07,MiscCropAEZ07,2005,NOx_AWB,0.00190968870261938
Argentina,MiscCrop,MiscCropAEZ08,MiscCropAEZ08,2005,NOx_AWB,0.000324243808621471
Argentina,MiscCrop,MiscCropAEZ09,MiscCropAEZ09,2005,NOx_AWB,0.000340254397671927
Argentina,MiscCrop,MiscCropAEZ10,MiscCropAEZ10,2005,NOx_AWB,0.000406006486041583
Argentina,MiscCrop,MiscCropAEZ11,MiscCropAEZ11,2005,NOx_AWB,3.06953189198014e-05
Argentina,MiscCrop,MiscCropAEZ12,MiscCropAEZ12,2005,NOx_AWB,0.000993332609485466
Argentina,MiscCrop,MiscCropAEZ13,MiscCropAEZ13,2005,NOx_AWB,8.59798352672134e-05
Argentina,MiscCrop,MiscCropAEZ14,MiscCropAEZ14,2005,NOx_AWB,5.11376898394873e-07
Argentina,MiscCrop,MiscCropAEZ15,MiscCropAEZ15,2005,NOx_AWB,7.07850897511979e-08
Argentina,MiscCrop,MiscCropAEZ16,MiscCropAEZ16,2005,NOx_AWB,0
Argentina,OilCrop,OilCropAEZ07,OilCropAEZ07,2005,NOx_AWB,3.88819227631086e-05
Argentina,OilCrop,OilCropAEZ08,OilCropAEZ08,2005,NOx_AWB,0.000701453299548641
Argentina,OilCrop,OilCropAEZ09,OilCropAEZ09,2005,NOx_AWB,0.00164644917636668
Argentina,OilCrop,OilCropAEZ10,OilCropAEZ10,2005,NOx_AWB,0.00342382211975452
Argentina,OilCrop,OilCropAEZ11,OilCropAEZ11,2005,NOx_AWB,0.00308448073231274
Argentina,OilCrop,OilCropAEZ12,OilCropAEZ12,2005,NOx_AWB,0.00543668983735889
Argentina,OilCrop,OilCropAEZ13,OilCropAEZ13,2005,NOx_AWB,0
Argentina,OilCrop,OilCropAEZ14,OilCropAEZ14,2005,NOx_AWB,6.62244839137928e-09
Argentina,OilCrop,OilCropAEZ15,OilCropAEZ15,2005,NOx_AWB,0
Argentina,OilCrop,OilCropAEZ16,OilCropAEZ16,2005,NOx_AWB,0
Argentina,OtherGrain,OtherGrainAEZ07,OtherGrainAEZ07,2005,NOx_AWB,1.02837293656448e-05
Argentina,OtherGrain,OtherGrainAEZ08,OtherGrainAEZ08,2005,NOx_AWB,5.89301269477699e-05
Argentina,OtherGrain,OtherGrainAEZ09,OtherGrainAEZ09,2005,NOx_AWB,0.00019006190074619
Argentina,OtherGrain,OtherGrainAEZ10,OtherGrainAEZ10,2005,NOx_AWB,0.000425750612849912
Argentina,OtherGrain,OtherGrainAEZ11,OtherGrainAEZ11,2005,NOx_AWB,0.000329327680753466
Argentina,OtherGrain,OtherGrainAEZ12,OtherGrainAEZ12,2005,NOx_AWB,0.000368169961811871
Argentina,OtherGrain,OtherGrainAEZ13,OtherGrainAEZ13,2005,NOx_AWB,0
Argentina,OtherGrain,OtherGrainAEZ14,OtherGrainAEZ14,2005,NOx_AWB,6.09138431474113e-08
Argentina,OtherGrain,OtherGrainAEZ15,OtherGrainAEZ15,2005,NOx_AWB,0
Argentina,OtherGrain,OtherGrainAEZ16,OtherGrainAEZ16,2005,NOx_AWB,0
Argentina,PalmFruit,PalmFruitAEZ07,PalmFruitAEZ07,2005,NOx_AWB,0
Argentina,PalmFruit,PalmFruitAEZ08,PalmFruitAEZ08,2005,NOx_AWB,0
Argentina,PalmFruit,PalmFruitAEZ09,PalmFruitAEZ09,2005,NOx_AWB,0
Argentina,PalmFruit,PalmFruitAEZ10,PalmFruitAEZ10,2005,NOx_AWB,0
Argentina,PalmFruit,PalmFruitAEZ11,PalmFruitAEZ11,2005,NOx_AWB,0
Argentina,PalmFruit,PalmFruitAEZ12,PalmFruitAEZ12,2005,NOx_AWB,0
Argentina,PalmFruit,PalmFruitAEZ13,PalmFruitAEZ13,2005,NOx_AWB,0
Argentina,PalmFruit,PalmFruitAEZ14,PalmFruitAEZ14,2005,NOx_AWB,0
Argentina,PalmFruit,PalmFruitAEZ15,PalmFruitAEZ15,2005,NOx_AWB,0
Argentina,PalmFruit,PalmFruitAEZ16,PalmFruitAEZ16,2005,NOx_AWB,0
Argentina,Rice,RiceAEZ07,RiceAEZ07,2005,NOx_AWB,0
Argentina,Rice,RiceAEZ08,RiceAEZ08,2005,NOx_AWB,0
Argentina,Rice,RiceAEZ09,RiceAEZ09,2005,NOx_AWB,0
Argentina,Rice,RiceAEZ10,RiceAEZ10,2005,NOx_AWB,3.27794611720789e-08
Argentina,Rice,RiceAEZ11,RiceAEZ11,2005,NOx_AWB,2.90197994950379e-05
Argentina,Rice,RiceAEZ12,RiceAEZ12,2005,NOx_AWB,0.000306872764329219
Argentina,Rice,RiceAEZ13,RiceAEZ13,2005,NOx_AWB,4.50361292625084e-08
Argentina,Rice,RiceAEZ14,RiceAEZ14,2005,NOx_AWB,0
Argentina,Rice,RiceAEZ15,RiceAEZ15,2005,NOx_AWB,0
Argentina,Rice,RiceAEZ16,RiceAEZ16,2005,NOx_AWB,0
Argentina,Root_Tuber,Root_TuberAEZ07,Root_TuberAEZ07,2005,NOx_AWB,2.64765384201027e-05
Argentina,Root_Tuber,Root_TuberAEZ08,Root_TuberAEZ08,2005,NOx_AWB,8.8263947435986e-05
Argentina,Root_Tuber,Root_TuberAEZ09,Root_TuberAEZ09,2005,NOx_AWB,8.12314420704437e-05
Argentina,Root_Tuber,Root_TuberAEZ10,Root_TuberAEZ10,2005,NOx_AWB,0.000201696689332697
Argentina,Root_Tuber,Root_TuberAEZ11,Root_TuberAEZ11,2005,NOx_AWB,0.000263255785695522
Argentina,Root_Tuber,Root_TuberAEZ12,Root_TuberAEZ12,2005,NOx_AWB,0.00016537951882728
Argentina,Root_Tuber,Root_TuberAEZ13,Root_TuberAEZ13,2005,NOx_AWB,2.24864180693963e-06
Argentina,Root_Tuber,Root_TuberAEZ14,Root_TuberAEZ14,2005,NOx_AWB,7.78879102879672e-08
Argentina,Root_Tuber,Root_TuberAEZ15,Root_TuberAEZ15,2005,NOx_AWB,0
Argentina,Root_Tuber,Root_TuberAEZ16,Root_TuberAEZ16,2005,NOx_AWB,0
Argentina,SugarCrop,SugarCropAEZ07,SugarCropAEZ07,2005,NOx_AWB,0
Argentina,SugarCrop,SugarCropAEZ08,SugarCropAEZ08,2005,NOx_AWB,3.28656355524834e-05
Argentina,SugarCrop,SugarCropAEZ09,SugarCropAEZ09,2005,NOx_AWB,0.00185112089645432
Argentina,SugarCrop,SugarCropAEZ10,SugarCropAEZ10,2005,NOx_AWB,0.00547250322833462
Argentina,SugarCrop,SugarCropAEZ11,SugarCropAEZ11,2005,NOx_AWB,1.3961806846492e-07
Argentina,SugarCrop,SugarCropAEZ12,SugarCropAEZ12,2005,NOx_AWB,0.000543203550339525
Argentina,SugarCrop,SugarCropAEZ13,SugarCropAEZ13,2005,NOx_AWB,1.05377309379097e-06
Argentina,SugarCrop,SugarCropAEZ14,SugarCropAEZ14,2005,NOx_AWB,0
Argentina,SugarCrop,SugarCropAEZ15,SugarCropAEZ15,2005,NOx_AWB,0
Argentina,SugarCrop,SugarCropAEZ16,SugarCropAEZ16,2005,NOx_AWB,0
Argentina,Wheat,WheatAEZ07,WheatAEZ07,2005,NOx_AWB,0.000117103348792639
Argentina,Wheat,WheatAEZ08,WheatAEZ08,2005,NOx_AWB,0.0003106741649878
Argentina,Wheat,WheatAEZ09,WheatAEZ09,2005,NOx_AWB,0.000682373081618519
Argentina,Wheat,WheatAEZ10,WheatAEZ10,2005,NOx_AWB,0.00102159909567582
Argentina,Wheat,WheatAEZ11,WheatAEZ11,2005,NOx_AWB,0.00142234771931941
Argentina,Wheat,WheatAEZ12,WheatAEZ12,2005,NOx_AWB,0.00145667931406547
Argentina,Wheat,WheatAEZ13,WheatAEZ13,2005,NOx_AWB,1.67900395968978e-06
Argentina,Wheat,WheatAEZ14,WheatAEZ14,2005,NOx_AWB,6.29584264908824e-07
Argentina,Wheat,WheatAEZ15,WheatAEZ15,2005,NOx_AWB,1.6685334059279e-07
Argentina,Wheat,WheatAEZ16,WheatAEZ16,2005,NOx_AWB,0
Argentina,Corn,CornAEZ07,CornAEZ07,2005,SO2_AWB,5.46398073015561e-06
Argentina,Corn,CornAEZ08,CornAEZ08,2005,SO2_AWB,4.86267988019531e-05
Argentina,Corn,CornAEZ09,CornAEZ09,2005,SO2_AWB,0.000110986967030641
Argentina,Corn,CornAEZ10,CornAEZ10,2005,SO2_AWB,0.000226263358992699
Argentina,Corn,CornAEZ11,CornAEZ11,2005,SO2_AWB,0.000191825219404062
Argentina,Corn,CornAEZ12,CornAEZ12,2005,SO2_AWB,0.000435929055523809
Argentina,Corn,CornAEZ13,CornAEZ13,2005,SO2_AWB,2.71336859130028e-07
Argentina,Corn,CornAEZ14,CornAEZ14,2005,SO2_AWB,4.90708903597085e-09
Argentina,Corn,CornAEZ15,CornAEZ15,2005,SO2_AWB,0
Argentina,Corn,CornAEZ16,CornAEZ16,2005,SO2_AWB,0
Argentina,FiberCrop,FiberCropAEZ07,FiberCropAEZ07,2005,SO2_AWB,4.12627916411799e-08
Argentina,FiberCrop,FiberCropAEZ08,FiberCropAEZ08,2005,SO2_AWB,9.08292410429686e-07
Argentina,FiberCrop,FiberCropAEZ09,FiberCropAEZ09,2005,SO2_AWB,4.47899299607248e-06
Argentina,FiberCrop,FiberCropAEZ10,FiberCropAEZ10,2005,SO2_AWB,5.15938193811869e-06
Argentina,FiberCrop,FiberCropAEZ11,FiberCropAEZ11,2005,SO2_AWB,9.64267580308254e-06
Argentina,FiberCrop,FiberCropAEZ12,FiberCropAEZ12,2005,SO2_AWB,3.10637707681366e-06
Argentina,FiberCrop,FiberCropAEZ13,FiberCropAEZ13,2005,SO2_AWB,0
Argentina,FiberCrop,FiberCropAEZ14,FiberCropAEZ14,2005,SO2_AWB,0
Argentina,FiberCrop,FiberCropAEZ15,FiberCropAEZ15,2005,SO2_AWB,0
Argentina,FiberCrop,FiberCropAEZ16,FiberCropAEZ16,2005,SO2_AWB,0
Argentina,FodderGrass,FodderGrassAEZ07,FodderGrassAEZ07,2005,SO2_AWB,0.000206621488850944
Argentina,FodderGrass,FodderGrassAEZ08,FodderGrassAEZ08,2005,SO2_AWB,0.000383679139848665
Argentina,FodderGrass,FodderGrassAEZ09,FodderGrassAEZ09,2005,SO2_AWB,0.000465618643431018
Argentina,FodderGrass,FodderGrassAEZ10,FodderGrassAEZ10,2005,SO2_AWB,0.000321313682844323
Argentina,FodderGrass,FodderGrassAEZ11,FodderGrassAEZ11,2005,SO2_AWB,0.000526821210028527
Argentina,FodderGrass,FodderGrassAEZ12,FodderGrassAEZ12,2005,SO2_AWB,0.000899682882116639
Argentina,FodderGrass,FodderGrassAEZ13,FodderGrassAEZ13,2005,SO2_AWB,3.15652835822938e-06
Argentina,FodderGrass,FodderGrassAEZ14,FodderGrassAEZ14,2005,SO2_AWB,1.67325880748725e-06
Argentina,FodderGrass,FodderGrassAEZ15,FodderGrassAEZ15,2005,SO2_AWB,2.51306337415181e-07
Argentina,FodderGrass,FodderGrassAEZ16,FodderGrassAEZ16,2005,SO2_AWB,0
Argentina,FodderHerb,FodderHerbAEZ07,FodderHerbAEZ07,2005,SO2_AWB,0.000106676974562438
Argentina,FodderHerb,FodderHerbAEZ08,FodderHerbAEZ08,2005,SO2_AWB,0.000603187989919694
Argentina,FodderHerb,FodderHerbAEZ09,FodderHerbAEZ09,2005,SO2_AWB,0.000669333735533161
Argentina,FodderHerb,FodderHerbAEZ10,FodderHerbAEZ10,2005,SO2_AWB,0.00124695244447031
Argentina,FodderHerb,FodderHerbAEZ11,FodderHerbAEZ11,2005,SO2_AWB,0.000885826901976991
Argentina,FodderHerb,FodderHerbAEZ12,FodderHerbAEZ12,2005,SO2_AWB,0.000594849912707904
Argentina,FodderHerb,FodderHerbAEZ13,FodderHerbAEZ13,2005,SO2_AWB,1.30343634653267e-06
Argentina,FodderHerb,FodderHerbAEZ14,FodderHerbAEZ14,2005,SO2_AWB,9.3413710437606e-07
Argentina,FodderHerb,FodderHerbAEZ15,FodderHerbAEZ15,2005,SO2_AWB,1.12712723531487e-07
Argentina,FodderHerb,FodderHerbAEZ16,FodderHerbAEZ16,2005,SO2_AWB,0
Argentina,MiscCrop,MiscCropAEZ07,MiscCropAEZ07,2005,SO2_AWB,0.000334737364015251
Argentina,MiscCrop,MiscCropAEZ08,MiscCropAEZ08,2005,SO2_AWB,5.68346650673197e-05
Argentina,MiscCrop,MiscCropAEZ09,MiscCropAEZ09,2005,SO2_AWB,5.96410608781814e-05
Argentina,MiscCrop,MiscCropAEZ10,MiscCropAEZ10,2005,SO2_AWB,7.11663323578563e-05
Argentina,MiscCrop,MiscCropAEZ11,MiscCropAEZ11,2005,SO2_AWB,5.38039007547592e-06
Argentina,MiscCrop,MiscCropAEZ12,MiscCropAEZ12,2005,SO2_AWB,0.000174115047564287
Argentina,MiscCrop,MiscCropAEZ13,MiscCropAEZ13,2005,SO2_AWB,1.50708664591963e-05
Argentina,MiscCrop,MiscCropAEZ14,MiscCropAEZ14,2005,SO2_AWB,8.96360515471468e-08
Argentina,MiscCrop,MiscCropAEZ15,MiscCropAEZ15,2005,SO2_AWB,1.24074747483184e-08
Argentina,MiscCrop,MiscCropAEZ16,MiscCropAEZ16,2005,SO2_AWB,0
Argentina,OilCrop,OilCropAEZ07,OilCropAEZ07,2005,SO2_AWB,6.8153685549459e-06
Argentina,OilCrop,OilCropAEZ08,OilCropAEZ08,2005,SO2_AWB,0.000122953352632107
Argentina,OilCrop,OilCropAEZ09,OilCropAEZ09,2005,SO2_AWB,0.000288595757269822
Argentina,OilCrop,OilCropAEZ10,OilCropAEZ10,2005,SO2_AWB,0.000600140321117122
Argentina,OilCrop,OilCropAEZ11,OilCropAEZ11,2005,SO2_AWB,0.000540659296080039
Argentina,OilCrop,OilCropAEZ12,OilCropAEZ12,2005,SO2_AWB,0.000952963288011205
Argentina,OilCrop,OilCropAEZ13,OilCropAEZ13,2005,SO2_AWB,0
Argentina,OilCrop,OilCropAEZ14,OilCropAEZ14,2005,SO2_AWB,1.16080747339435e-09
Argentina,OilCrop,OilCropAEZ15,OilCropAEZ15,2005,SO2_AWB,0
Argentina,OilCrop,OilCropAEZ16,OilCropAEZ16,2005,SO2_AWB,0
Argentina,OtherGrain,OtherGrainAEZ07,OtherGrainAEZ07,2005,SO2_AWB,1.80257046888352e-06
Argentina,OtherGrain,OtherGrainAEZ08,OtherGrainAEZ08,2005,SO2_AWB,1.03294926175788e-05
Argentina,OtherGrain,OtherGrainAEZ09,OtherGrainAEZ09,2005,SO2_AWB,3.33147593993953e-05
Argentina,OtherGrain,OtherGrainAEZ10,OtherGrainAEZ10,2005,SO2_AWB,7.4627156602948e-05
Argentina,OtherGrain,OtherGrainAEZ11,OtherGrainAEZ11,2005,SO2_AWB,5.77257851509859e-05
Argentina,OtherGrain,OtherGrainAEZ12,OtherGrainAEZ12,2005,SO2_AWB,6.45342051599623e-05
Argentina,OtherGrain,OtherGrainAEZ13,OtherGrainAEZ13,2005,SO2_AWB,0
Argentina,OtherGrain,OtherGrainAEZ14,OtherGrainAEZ14,2005,SO2_AWB,1.06772057975916e-08
Argentina,OtherGrain,OtherGrainAEZ15,OtherGrainAEZ15,2005,SO2_AWB,0
Argentina,OtherGrain,OtherGrainAEZ16,OtherGrainAEZ16,2005,SO2_AWB,0
Argentina,PalmFruit,PalmFruitAEZ07,PalmFruitAEZ07,2005,SO2_AWB,0
Argentina,PalmFruit,PalmFruitAEZ08,PalmFruitAEZ08,2005,SO2_AWB,0
Argentina,PalmFruit,PalmFruitAEZ09,PalmFruitAEZ09,2005,SO2_AWB,0
Argentina,PalmFruit,PalmFruitAEZ10,PalmFruitAEZ10,2005,SO2_AWB,0
Argentina,PalmFruit,PalmFruitAEZ11,PalmFruitAEZ11,2005,SO2_AWB,0
Argentina,PalmFruit,PalmFruitAEZ12,PalmFruitAEZ12,2005,SO2_AWB,0
Argentina,PalmFruit,PalmFruitAEZ13,PalmFruitAEZ13,2005,SO2_AWB,0
Argentina,PalmFruit,PalmFruitAEZ14,PalmFruitAEZ14,2005,SO2_AWB,0
Argentina,PalmFruit,PalmFruitAEZ15,PalmFruitAEZ15,2005,SO2_AWB,0
Argentina,PalmFruit,PalmFruitAEZ16,PalmFruitAEZ16,2005,SO2_AWB,0
Argentina,Rice,RiceAEZ07,RiceAEZ07,2005,SO2_AWB,0
Argentina,Rice,RiceAEZ08,RiceAEZ08,2005,SO2_AWB,0
Argentina,Rice,RiceAEZ09,RiceAEZ09,2005,SO2_AWB,0
Argentina,Rice,RiceAEZ10,RiceAEZ10,2005,SO2_AWB,5.74570630885115e-09
Argentina,Rice,RiceAEZ11,RiceAEZ11,2005,SO2_AWB,5.08669877655771e-06
Argentina,Rice,RiceAEZ12,RiceAEZ12,2005,SO2_AWB,5.3789803583558e-05
Argentina,Rice,RiceAEZ13,RiceAEZ13,2005,SO2_AWB,7.89410084172594e-09
Argentina,Rice,RiceAEZ14,RiceAEZ14,2005,SO2_AWB,0
Argentina,Rice,RiceAEZ15,RiceAEZ15,2005,SO2_AWB,0
Argentina,Rice,RiceAEZ16,RiceAEZ16,2005,SO2_AWB,0
Argentina,Root_Tuber,Root_TuberAEZ07,Root_TuberAEZ07,2005,SO2_AWB,4.6409064822122e-06
Argentina,Root_Tuber,Root_TuberAEZ08,Root_TuberAEZ08,2005,SO2_AWB,1.54712341659547e-05
Argentina,Root_Tuber,Root_TuberAEZ09,Root_TuberAEZ09,2005,SO2_AWB,1.42385503755254e-05
Argentina,Root_Tuber,Root_TuberAEZ10,Root_TuberAEZ10,2005,SO2_AWB,3.53541485715573e-05
Argentina,Root_Tuber,Root_TuberAEZ11,Root_TuberAEZ11,2005,SO2_AWB,4.6144456761258e-05
Argentina,Root_Tuber,Root_TuberAEZ12,Root_TuberAEZ12,2005,SO2_AWB,2.89883393656897e-05
Argentina,Root_Tuber,Root_TuberAEZ13,Root_TuberAEZ13,2005,SO2_AWB,3.94150329337463e-07
Argentina,Root_Tuber,Root_TuberAEZ14,Root_TuberAEZ14,2005,SO2_AWB,1.3652483644423e-08
Argentina,Root_Tuber,Root_TuberAEZ15,Root_TuberAEZ15,2005,SO2_AWB,0
Argentina,Root_Tuber,Root_TuberAEZ16,Root_TuberAEZ16,2005,SO2_AWB,0
Argentina,SugarCrop,SugarCropAEZ07,SugarCropAEZ07,2005,SO2_AWB,0
Argentina,SugarCrop,SugarCropAEZ08,SugarCropAEZ08,2005,SO2_AWB,5.76081127590819e-06
Argentina,SugarCrop,SugarCropAEZ09,SugarCropAEZ09,2005,SO2_AWB,0.000324471380336885
Argentina,SugarCrop,SugarCropAEZ10,SugarCropAEZ10,2005,SO2_AWB,0.000959240792860671
Argentina,SugarCrop,SugarCropAEZ11,SugarCropAEZ11,2005,SO2_AWB,2.44727761874199e-08
Argentina,SugarCrop,SugarCropAEZ12,SugarCropAEZ12,2005,SO2_AWB,9.52147458981008e-05
Argentina,SugarCrop,SugarCropAEZ13,SugarCropAEZ13,2005,SO2_AWB,1.84709281257182e-07
Argentina,SugarCrop,SugarCropAEZ14,SugarCropAEZ14,2005,SO2_AWB,0
Argentina,SugarCrop,SugarCropAEZ15,SugarCropAEZ15,2005,SO2_AWB,0
Argentina,SugarCrop,SugarCropAEZ16,SugarCropAEZ16,2005,SO2_AWB,0
Argentina,Wheat,WheatAEZ07,WheatAEZ07,2005,SO2_AWB,2.05263120834512e-05
Argentina,Wheat,WheatAEZ08,WheatAEZ08,2005,SO2_AWB,5.44561272803332e-05
Argentina,Wheat,WheatAEZ09,WheatAEZ09,2005,SO2_AWB,0.000119608900813334
Argentina,Wheat,WheatAEZ10,WheatAEZ10,2005,SO2_AWB,0.000179069702772936
Argentina,Wheat,WheatAEZ11,WheatAEZ11,2005,SO2_AWB,0.000249314417383856
Argentina,Wheat,WheatAEZ12,WheatAEZ12,2005,SO2_AWB,0.000255332187459144
Argentina,Wheat,WheatAEZ13,WheatAEZ13,2005,SO2_AWB,2.94302081206658e-07
Argentina,Wheat,WheatAEZ14,WheatAEZ14,2005,SO2_AWB,1.10355879977713e-07
Argentina,Wheat,WheatAEZ15,WheatAEZ15,2005,SO2_AWB,2.92466763460249e-08
Argentina,Wheat,WheatAEZ16,WheatAEZ16,2005,SO2_AWB,0
Colombia,Corn,CornAEZ02,CornAEZ02,2005,CH4_AWB,0
Colombia,Corn,CornAEZ03,CornAEZ03,2005,CH4_AWB,0
Colombia,Corn,CornAEZ04,CornAEZ04,2005,CH4_AWB,8.55493112216808e-06
Colombia,Corn,CornAEZ05,CornAEZ05,2005,CH4_AWB,0.000117444518977595
Colombia,Corn,CornAEZ06,CornAEZ06,2005,CH4_AWB,0.000240097404721232
Colombia,Corn,CornAEZ11,CornAEZ11,2005,CH4_AWB,4.42446982596619e-06
Colombia,Corn,CornAEZ12,CornAEZ12,2005,CH4_AWB,1.70808010674531e-05
Colombia,FiberCrop,FiberCropAEZ02,FiberCropAEZ02,2005,CH4_AWB,0
Colombia,FiberCrop,FiberCropAEZ03,FiberCropAEZ03,2005,CH4_AWB,0
Colombia,FiberCrop,FiberCropAEZ04,FiberCropAEZ04,2005,CH4_AWB,4.00349261890753e-07
Colombia,FiberCrop,FiberCropAEZ05,FiberCropAEZ05,2005,CH4_AWB,5.69761762051137e-06
Colombia,FiberCrop,FiberCropAEZ06,FiberCropAEZ06,2005,CH4_AWB,2.64976261472985e-05
Colombia,FiberCrop,FiberCropAEZ11,FiberCropAEZ11,2005,CH4_AWB,2.53162033254445e-07
Colombia,FiberCrop,FiberCropAEZ12,FiberCropAEZ12,2005,CH4_AWB,1.84916221576746e-06
Colombia,FodderGrass,FodderGrassAEZ02,FodderGrassAEZ02,2005,CH4_AWB,0
Colombia,FodderGrass,FodderGrassAEZ03,FodderGrassAEZ03,2005,CH4_AWB,0
Colombia,FodderGrass,FodderGrassAEZ04,FodderGrassAEZ04,2005,CH4_AWB,0
Colombia,FodderGrass,FodderGrassAEZ05,FodderGrassAEZ05,2005,CH4_AWB,0
Colombia,FodderGrass,FodderGrassAEZ06,FodderGrassAEZ06,2005,CH4_AWB,0
Colombia,FodderGrass,FodderGrassAEZ11,FodderGrassAEZ11,2005,CH4_AWB,0
Colombia,FodderGrass,FodderGrassAEZ12,FodderGrassAEZ12,2005,CH4_AWB,0
Colombia,FodderHerb,FodderHerbAEZ02,FodderHerbAEZ02,2005,CH4_AWB,0
Colombia,FodderHerb,FodderHerbAEZ03,FodderHerbAEZ03,2005,CH4_AWB,0
Colombia,FodderHerb,FodderHerbAEZ04,FodderHerbAEZ04,2005,CH4_AWB,0
Colombia,FodderHerb,FodderHerbAEZ05,FodderHerbAEZ05,2005,CH4_AWB,0
Colombia,FodderHerb,FodderHerbAEZ06,FodderHerbAEZ06,2005,CH4_AWB,0
Colombia,FodderHerb,FodderHerbAEZ11,FodderHerbAEZ11,2005,CH4_AWB,0
Colombia,FodderHerb,FodderHerbAEZ12,FodderHerbAEZ12,2005,CH4_AWB,0
Colombia,MiscCrop,MiscCropAEZ02,MiscCropAEZ02,2005,CH4_AWB,0
Colombia,MiscCrop,MiscCropAEZ03,MiscCropAEZ03,2005,CH4_AWB,0
Colombia,MiscCrop,MiscCropAEZ04,MiscCropAEZ04,2005,CH4_AWB,2.08397532480317e-05
Colombia,MiscCrop,MiscCropAEZ05,MiscCropAEZ05,2005,CH4_AWB,0.000319579797568047
Colombia,MiscCrop,MiscCropAEZ06,MiscCropAEZ06,2005,CH4_AWB,0.00201400868967999
Colombia,MiscCrop,MiscCropAEZ11,MiscCropAEZ11,2005,CH4_AWB,1.94752535368903e-05
Colombia,MiscCrop,MiscCropAEZ12,MiscCropAEZ12,2005,CH4_AWB,0.000100745710256683
Colombia,OilCrop,OilCropAEZ02,OilCropAEZ02,2005,CH4_AWB,0
Colombia,OilCrop,OilCropAEZ03,OilCropAEZ03,2005,CH4_AWB,0
Colombia,OilCrop,OilCropAEZ04,OilCropAEZ04,2005,CH4_AWB,1.87874305235745e-08
Colombia,OilCrop,OilCropAEZ05,OilCropAEZ05,2005,CH4_AWB,1.4989102178591e-07
Colombia,OilCrop,OilCropAEZ06,OilCropAEZ06,2005,CH4_AWB,1.75053926015419e-05
Colombia,OilCrop,OilCropAEZ11,OilCropAEZ11,2005,CH4_AWB,0
Colombia,OilCrop,OilCropAEZ12,OilCropAEZ12,2005,CH4_AWB,7.96423685238481e-08
Colombia,OtherGrain,OtherGrainAEZ02,OtherGrainAEZ02,2005,CH4_AWB,0
Colombia,OtherGrain,OtherGrainAEZ03,OtherGrainAEZ03,2005,CH4_AWB,0
Colombia,OtherGrain,OtherGrainAEZ04,OtherGrainAEZ04,2005,CH4_AWB,3.75362494502141e-07
Colombia,OtherGrain,OtherGrainAEZ05,OtherGrainAEZ05,2005,CH4_AWB,2.07641577402543e-05
Colombia,OtherGrain,OtherGrainAEZ06,OtherGrainAEZ06,2005,CH4_AWB,3.20666816731828e-05
Colombia,OtherGrain,OtherGrainAEZ11,OtherGrainAEZ11,2005,CH4_AWB,8.06951271121107e-09
Colombia,OtherGrain,OtherGrainAEZ12,OtherGrainAEZ12,2005,CH4_AWB,2.63951157715098e-06
Colombia,PalmFruit,PalmFruitAEZ02,PalmFruitAEZ02,2005,CH4_AWB,0
Colombia,PalmFruit,PalmFruitAEZ03,PalmFruitAEZ03,2005,CH4_AWB,0
Colombia,PalmFruit,PalmFruitAEZ04,PalmFruitAEZ04,2005,CH4_AWB,6.92761718422058e-06
Colombia,PalmFruit,PalmFruitAEZ05,PalmFruitAEZ05,2005,CH4_AWB,0.00012940772688061
Colombia,PalmFruit,PalmFruitAEZ06,PalmFruitAEZ06,2005,CH4_AWB,0.000585058566427723
Colombia,PalmFruit,PalmFruitAEZ11,PalmFruitAEZ11,2005,CH4_AWB,9.81133789597894e-06
Colombia,PalmFruit,PalmFruitAEZ12,PalmFruitAEZ12,2005,CH4_AWB,4.01197897336864e-05
Colombia,Rice,RiceAEZ02,RiceAEZ02,2005,CH4_AWB,0
Colombia,Rice,RiceAEZ03,RiceAEZ03,2005,CH4_AWB,0
Colombia,Rice,RiceAEZ04,RiceAEZ04,2005,CH4_AWB,1.29699101996501e-06
Colombia,Rice,RiceAEZ05,RiceAEZ05,2005,CH4_AWB,3.75589898971736e-05
Colombia,Rice,RiceAEZ06,RiceAEZ06,2005,CH4_AWB,0.00053970895345836
Colombia,Rice,RiceAEZ11,RiceAEZ11,2005,CH4_AWB,1.39077301687593e-06
Colombia,Rice,RiceAEZ12,RiceAEZ12,2005,CH4_AWB,3.09511383894563e-05
Colombia,Root_Tuber,Root_TuberAEZ02,Root_TuberAEZ02,2005,CH4_AWB,0
Colombia,Root_Tuber,Root_TuberAEZ03,Root_TuberAEZ03,2005,CH4_AWB,0
Colombia,Root_Tuber,Root_TuberAEZ04,Root_TuberAEZ04,2005,CH4_AWB,8.95808628053539e-06
Colombia,Root_Tuber,Root_TuberAEZ05,Root_TuberAEZ05,2005,CH4_AWB,0.000175577102915837
Colombia,Root_Tuber,Root_TuberAEZ06,Root_TuberAEZ06,2005,CH4_AWB,0.000724711046961639
Colombia,Root_Tuber,Root_TuberAEZ11,Root_TuberAEZ11,2005,CH4_AWB,2.29392396971612e-05
Colombia,Root_Tuber,Root_TuberAEZ12,Root_TuberAEZ12,2005,CH4_AWB,0.000104046922784028
Colombia,SugarCrop,SugarCropAEZ02,SugarCropAEZ02,2005,CH4_AWB,0
Colombia,SugarCrop,SugarCropAEZ03,SugarCropAEZ03,2005,CH4_AWB,0
Colombia,SugarCrop,SugarCropAEZ04,SugarCropAEZ04,2005,CH4_AWB,1.83669399138764e-05
Colombia,SugarCrop,SugarCropAEZ05,SugarCropAEZ05,2005,CH4_AWB,0.000787859789152591
Colombia,SugarCrop,SugarCropAEZ06,SugarCropAEZ06,2005,CH4_AWB,0.00796459700157705
Colombia,SugarCrop,SugarCropAEZ11,SugarCropAEZ11,2005,CH4_AWB,7.5833935028011e-05
Colombia,SugarCrop,SugarCropAEZ12,SugarCropAEZ12,2005,CH4_AWB,0.000654755735166306
Colombia,Wheat,WheatAEZ02,WheatAEZ02,2005,CH4_AWB,0
Colombia,Wheat,WheatAEZ03,WheatAEZ03,2005,CH4_AWB,0
Colombia,Wheat,WheatAEZ04,WheatAEZ04,2005,CH4_AWB,0
Colombia,Wheat,WheatAEZ05,WheatAEZ05,2005,CH4_AWB,0
Colombia,Wheat,WheatAEZ06,WheatAEZ06,2005,CH4_AWB,7.92295189942365e-06
Colombia,Wheat,WheatAEZ11,WheatAEZ11,2005,CH4_AWB,2.08606863749935e-07
Colombia,Wheat,WheatAEZ12,WheatAEZ12,2005,CH4_AWB,1.43401415277796e-06
Colombia,Corn,CornAEZ02,CornAEZ02,2005,CO_AWB,0
Colombia,Corn,CornAEZ03,CornAEZ03,2005,CO_AWB,0
Colombia,Corn,CornAEZ04,CornAEZ04,2005,CO_AWB,0.000306025388464133
Colombia,Corn,CornAEZ05,CornAEZ05,2005,CO_AWB,0.00420120326275557
Colombia,Corn,CornAEZ06,CornAEZ06,2005,CO_AWB,0.00858871924271254
Colombia,Corn,CornAEZ11,CornAEZ11,2005,CO_AWB,0.000158271303170468
Colombia,Corn,CornAEZ12,CornAEZ12,2005,CO_AWB,0.000611011205969968
Colombia,FiberCrop,FiberCropAEZ02,FiberCropAEZ02,2005,CO_AWB,0
Colombia,FiberCrop,FiberCropAEZ03,FiberCropAEZ03,2005,CO_AWB,0
Colombia,FiberCrop,FiberCropAEZ04,FiberCropAEZ04,2005,CO_AWB,1.43212185629377e-05
Colombia,FiberCrop,FiberCropAEZ05,FiberCropAEZ05,2005,CO_AWB,0.000203814106827689
Colombia,FiberCrop,FiberCropAEZ06,FiberCropAEZ06,2005,CO_AWB,0.000947868103121484
Colombia,FiberCrop,FiberCropAEZ11,FiberCropAEZ11,2005,CO_AWB,9.05606467950465e-06
Colombia,FiberCrop,FiberCropAEZ12,FiberCropAEZ12,2005,CO_AWB,6.61478832888627e-05
Colombia,FodderGrass,FodderGrassAEZ02,FodderGrassAEZ02,2005,CO_AWB,0
Colombia,FodderGrass,FodderGrassAEZ03,FodderGrassAEZ03,2005,CO_AWB,0
Colombia,FodderGrass,FodderGrassAEZ04,FodderGrassAEZ04,2005,CO_AWB,0
Colombia,FodderGrass,FodderGrassAEZ05,FodderGrassAEZ05,2005,CO_AWB,0
Colombia,FodderGrass,FodderGrassAEZ06,FodderGrassAEZ06,2005,CO_AWB,0
Colombia,FodderGrass,FodderGrassAEZ11,FodderGrassAEZ11,2005,CO_AWB,0
Colombia,FodderGrass,FodderGrassAEZ12,FodderGrassAEZ12,2005,CO_AWB,0
Colombia,FodderHerb,FodderHerbAEZ02,FodderHerbAEZ02,2005,CO_AWB,0
Colombia,FodderHerb,FodderHerbAEZ03,FodderHerbAEZ03,2005,CO_AWB,0
Colombia,FodderHerb,FodderHerbAEZ04,FodderHerbAEZ04,2005,CO_AWB,0
Colombia,FodderHerb,FodderHerbAEZ05,FodderHerbAEZ05,2005,CO_AWB,0
Colombia,FodderHerb,FodderHerbAEZ06,FodderHerbAEZ06,2005,CO_AWB,0
Colombia,FodderHerb,FodderHerbAEZ11,FodderHerbAEZ11,2005,CO_AWB,0
Colombia,FodderHerb,FodderHerbAEZ12,FodderHerbAEZ12,2005,CO_AWB,0
Colombia,MiscCrop,MiscCropAEZ02,MiscCropAEZ02,2005,CO_AWB,0
Colombia,MiscCrop,MiscCropAEZ03,MiscCropAEZ03,2005,CO_AWB,0
Colombia,MiscCrop,MiscCropAEZ04,MiscCropAEZ04,2005,CO_AWB,0.00074547573699335
Colombia,MiscCrop,MiscCropAEZ05,MiscCropAEZ05,2005,CO_AWB,0.0114319484633402
Colombia,MiscCrop,MiscCropAEZ06,MiscCropAEZ06,2005,CO_AWB,0.0720447403758011
Colombia,MiscCrop,MiscCropAEZ11,MiscCropAEZ11,2005,CO_AWB,0.00069666510974245
Colombia,MiscCrop,MiscCropAEZ12,MiscCropAEZ12,2005,CO_AWB,0.0036038566152223
Colombia,OilCrop,OilCropAEZ02,OilCropAEZ02,2005,CO_AWB,0
Colombia,OilCrop,OilCropAEZ03,OilCropAEZ03,2005,CO_AWB,0
Colombia,OilCrop,OilCropAEZ04,OilCropAEZ04,2005,CO_AWB,6.72060434165451e-07
Colombia,OilCrop,OilCropAEZ05,OilCropAEZ05,2005,CO_AWB,5.36187346388523e-06
Colombia,OilCrop,OilCropAEZ06,OilCropAEZ06,2005,CO_AWB,0.000626199614538377
Colombia,OilCrop,OilCropAEZ11,OilCropAEZ11,2005,CO_AWB,0
Colombia,OilCrop,OilCropAEZ12,OilCropAEZ12,2005,CO_AWB,2.84895184048396e-06
Colombia,OtherGrain,OtherGrainAEZ02,OtherGrainAEZ02,2005,CO_AWB,0
Colombia,OtherGrain,OtherGrainAEZ03,OtherGrainAEZ03,2005,CO_AWB,0
Colombia,OtherGrain,OtherGrainAEZ04,OtherGrainAEZ04,2005,CO_AWB,1.34273966154122e-05
Colombia,OtherGrain,OtherGrainAEZ05,OtherGrainAEZ05,2005,CO_AWB,0.000742771548695003
Colombia,OtherGrain,OtherGrainAEZ06,OtherGrainAEZ06,2005,CO_AWB,0.00114708331085949
Colombia,OtherGrain,OtherGrainAEZ11,OtherGrainAEZ11,2005,CO_AWB,2.88661092286946e-07
Colombia,OtherGrain,OtherGrainAEZ12,OtherGrainAEZ12,2005,CO_AWB,9.44201121222465e-05
Colombia,PalmFruit,PalmFruitAEZ02,PalmFruitAEZ02,2005,CO_AWB,0
Colombia,PalmFruit,PalmFruitAEZ03,PalmFruitAEZ03,2005,CO_AWB,0
Colombia,PalmFruit,PalmFruitAEZ04,PalmFruitAEZ04,2005,CO_AWB,0.000247813420079837
Colombia,PalmFruit,PalmFruitAEZ05,PalmFruitAEZ05,2005,CO_AWB,0.00462914888774263
Colombia,PalmFruit,PalmFruitAEZ06,PalmFruitAEZ06,2005,CO_AWB,0.0209286050943608
Colombia,PalmFruit,PalmFruitAEZ11,PalmFruitAEZ11,2005,CO_AWB,0.000350969335473609
Colombia,PalmFruit,PalmFruitAEZ12,PalmFruitAEZ12,2005,CO_AWB,0.00143515757906408
Colombia,Rice,RiceAEZ02,RiceAEZ02,2005,CO_AWB,0
Colombia,Rice,RiceAEZ03,RiceAEZ03,2005,CO_AWB,0
Colombia,Rice,RiceAEZ04,RiceAEZ04,2005,CO_AWB,4.63957190363321e-05
Colombia,Rice,RiceAEZ05,RiceAEZ05,2005,CO_AWB,0.00134355312853648
Colombia,Rice,RiceAEZ06,RiceAEZ06,2005,CO_AWB,0.0193063672612957
Colombia,Rice,RiceAEZ11,RiceAEZ11,2005,CO_AWB,4.97504710063671e-05
Colombia,Rice,RiceAEZ12,RiceAEZ12,2005,CO_AWB,0.00110717830614632
Colombia,Root_Tuber,Root_TuberAEZ02,Root_TuberAEZ02,2005,CO_AWB,0
Colombia,Root_Tuber,Root_TuberAEZ03,Root_TuberAEZ03,2005,CO_AWB,0
Colombia,Root_Tuber,Root_TuberAEZ04,Root_TuberAEZ04,2005,CO_AWB,0.000320446979028548
Colombia,Root_Tuber,Root_TuberAEZ05,Root_TuberAEZ05,2005,CO_AWB,0.00628071113115042
Colombia,Root_Tuber,Root_TuberAEZ06,Root_TuberAEZ06,2005,CO_AWB,0.0259242273846009
Colombia,Root_Tuber,Root_TuberAEZ11,Root_TuberAEZ11,2005,CO_AWB,0.000820578171717241
Colombia,Root_Tuber,Root_TuberAEZ12,Root_TuberAEZ12,2005,CO_AWB,0.00372194696938838
Colombia,SugarCrop,SugarCropAEZ02,SugarCropAEZ02,2005,CO_AWB,0
Colombia,SugarCrop,SugarCropAEZ03,SugarCropAEZ03,2005,CO_AWB,0
Colombia,SugarCrop,SugarCropAEZ04,SugarCropAEZ04,2005,CO_AWB,0.000657018723093699
Colombia,SugarCrop,SugarCropAEZ05,SugarCropAEZ05,2005,CO_AWB,0.0281831723233779
Colombia,SugarCrop,SugarCropAEZ06,SugarCropAEZ06,2005,CO_AWB,0.284908067237622
Colombia,SugarCrop,SugarCropAEZ11,SugarCropAEZ11,2005,CO_AWB,0.00271271727314966
Colombia,SugarCrop,SugarCropAEZ12,SugarCropAEZ12,2005,CO_AWB,0.0234217991170229
Colombia,Wheat,WheatAEZ02,WheatAEZ02,2005,CO_AWB,0
Colombia,Wheat,WheatAEZ03,WheatAEZ03,2005,CO_AWB,0
Colombia,Wheat,WheatAEZ04,WheatAEZ04,2005,CO_AWB,0
Colombia,Wheat,WheatAEZ05,WheatAEZ05,2005,CO_AWB,0
Colombia,Wheat,WheatAEZ06,WheatAEZ06,2005,CO_AWB,0.000283418346469316
Colombia,Wheat,WheatAEZ11,WheatAEZ11,2005,CO_AWB,7.46224552877286e-06
Colombia,Wheat,WheatAEZ12,WheatAEZ12,2005,CO_AWB,5.12972847940035e-05
Colombia,Corn,CornAEZ02,CornAEZ02,2005,N2O_AWB,0
Colombia,Corn,CornAEZ03,CornAEZ03,2005,N2O_AWB,0
Colombia,Corn,CornAEZ04,CornAEZ04,2005,N2O_AWB,2.22198546595909e-07
Colombia,Corn,CornAEZ05,CornAEZ05,2005,N2O_AWB,3.05040462042477e-06
Colombia,Corn,CornAEZ06,CornAEZ06,2005,N2O_AWB,6.23608695484006e-06
Colombia,Corn,CornAEZ11,CornAEZ11,2005,N2O_AWB,1.14917437761672e-07
Colombia,Corn,CornAEZ12,CornAEZ12,2005,N2O_AWB,4.43642282758682e-07
Colombia,FiberCrop,FiberCropAEZ02,FiberCropAEZ02,2005,N2O_AWB,0
Colombia,FiberCrop,FiberCropAEZ03,FiberCropAEZ03,2005,N2O_AWB,0
Colombia,FiberCrop,FiberCropAEZ04,FiberCropAEZ04,2005,N2O_AWB,1.03983331779679e-08
Colombia,FiberCrop,FiberCropAEZ05,FiberCropAEZ05,2005,N2O_AWB,1.47985101955564e-07
Colombia,FiberCrop,FiberCropAEZ06,FiberCropAEZ06,2005,N2O_AWB,6.88226934161377e-07
Colombia,FiberCrop,FiberCropAEZ11,FiberCropAEZ11,2005,N2O_AWB,6.57541656842083e-09
Colombia,FiberCrop,FiberCropAEZ12,FiberCropAEZ12,2005,N2O_AWB,4.80285756712755e-08
Colombia,FodderGrass,FodderGrassAEZ02,FodderGrassAEZ02,2005,N2O_AWB,0
Colombia,FodderGrass,FodderGrassAEZ03,FodderGrassAEZ03,2005,N2O_AWB,0
Colombia,FodderGrass,FodderGrassAEZ04,FodderGrassAEZ04,2005,N2O_AWB,0
Colombia,FodderGrass,FodderGrassAEZ05,FodderGrassAEZ05,2005,N2O_AWB,0
Colombia,FodderGrass,FodderGrassAEZ06,FodderGrassAEZ06,2005,N2O_AWB,0
Colombia,FodderGrass,FodderGrassAEZ11,FodderGrassAEZ11,2005,N2O_AWB,0
Colombia,FodderGrass,FodderGrassAEZ12,FodderGrassAEZ12,2005,N2O_AWB,0
Colombia,FodderHerb,FodderHerbAEZ02,FodderHerbAEZ02,2005,N2O_AWB,0
Colombia,FodderHerb,FodderHerbAEZ03,FodderHerbAEZ03,2005,N2O_AWB,0
Colombia,FodderHerb,FodderHerbAEZ04,FodderHerbAEZ04,2005,N2O_AWB,0
Colombia,FodderHerb,FodderHerbAEZ05,FodderHerbAEZ05,2005,N2O_AWB,0
Colombia,FodderHerb,FodderHerbAEZ06,FodderHerbAEZ06,2005,N2O_AWB,0
Colombia,FodderHerb,FodderHerbAEZ11,FodderHerbAEZ11,2005,N2O_AWB,0
Colombia,FodderHerb,FodderHerbAEZ12,FodderHerbAEZ12,2005,N2O_AWB,0
Colombia,MiscCrop,MiscCropAEZ02,MiscCropAEZ02,2005,N2O_AWB,0
Colombia,MiscCrop,MiscCropAEZ03,MiscCropAEZ03,2005,N2O_AWB,0
Colombia,MiscCrop,MiscCropAEZ04,MiscCropAEZ04,2005,N2O_AWB,5.41274127985791e-07
Colombia,MiscCrop,MiscCropAEZ05,MiscCropAEZ05,2005,N2O_AWB,8.30049541334457e-06
Colombia,MiscCrop,MiscCropAEZ06,MiscCropAEZ06,2005,N2O_AWB,5.23101585843059e-05
Colombia,MiscCrop,MiscCropAEZ11,MiscCropAEZ11,2005,N2O_AWB,5.05833766360841e-07
Colombia,MiscCrop,MiscCropAEZ12,MiscCropAEZ12,2005,N2O_AWB,2.61668388384809e-06
Colombia,OilCrop,OilCropAEZ02,OilCropAEZ02,2005,N2O_AWB,0
Colombia,OilCrop,OilCropAEZ03,OilCropAEZ03,2005,N2O_AWB,0
Colombia,OilCrop,OilCropAEZ04,OilCropAEZ04,2005,N2O_AWB,4.87968833061969e-10
Colombia,OilCrop,OilCropAEZ05,OilCropAEZ05,2005,N2O_AWB,3.89314264638571e-09
Colombia,OilCrop,OilCropAEZ06,OilCropAEZ06,2005,N2O_AWB,4.54670264214544e-07
Colombia,OilCrop,OilCropAEZ11,OilCropAEZ11,2005,N2O_AWB,0
Colombia,OilCrop,OilCropAEZ12,OilCropAEZ12,2005,N2O_AWB,2.06856353145834e-09
Colombia,OtherGrain,OtherGrainAEZ02,OtherGrainAEZ02,2005,N2O_AWB,0
Colombia,OtherGrain,OtherGrainAEZ03,OtherGrainAEZ03,2005,N2O_AWB,0
Colombia,OtherGrain,OtherGrainAEZ04,OtherGrainAEZ04,2005,N2O_AWB,9.74934801156568e-09
Colombia,OtherGrain,OtherGrainAEZ05,OtherGrainAEZ05,2005,N2O_AWB,5.39310674193182e-07
Colombia,OtherGrain,OtherGrainAEZ06,OtherGrainAEZ06,2005,N2O_AWB,8.32872872988037e-07
Colombia,OtherGrain,OtherGrainAEZ11,OtherGrainAEZ11,2005,N2O_AWB,2.09590699277764e-10
Colombia,OtherGrain,OtherGrainAEZ12,OtherGrainAEZ12,2005,N2O_AWB,6.85564416347268e-08
Colombia,PalmFruit,PalmFruitAEZ02,PalmFruitAEZ02,2005,N2O_AWB,0
Colombia,PalmFruit,PalmFruitAEZ03,PalmFruitAEZ03,2005,N2O_AWB,0
Colombia,PalmFruit,PalmFruitAEZ04,PalmFruitAEZ04,2005,N2O_AWB,1.79932070489488e-07
Colombia,PalmFruit,PalmFruitAEZ05,PalmFruitAEZ05,2005,N2O_AWB,3.36112686595947e-06
Colombia,PalmFruit,PalmFruitAEZ06,PalmFruitAEZ06,2005,N2O_AWB,1.51958164568811e-05
Colombia,PalmFruit,PalmFruitAEZ11,PalmFruitAEZ11,2005,N2O_AWB,2.54831393674084e-07
Colombia,PalmFruit,PalmFruitAEZ12,PalmFruitAEZ12,2005,N2O_AWB,1.04203749174071e-06
Colombia,Rice,RiceAEZ02,RiceAEZ02,2005,N2O_AWB,0
Colombia,Rice,RiceAEZ03,RiceAEZ03,2005,N2O_AWB,0
Colombia,Rice,RiceAEZ04,RiceAEZ04,2005,N2O_AWB,3.36869479682186e-08
Colombia,Rice,RiceAEZ05,RiceAEZ05,2005,N2O_AWB,9.75525442295718e-07
Colombia,Rice,RiceAEZ06,RiceAEZ06,2005,N2O_AWB,1.4017943958952e-05
Colombia,Rice,RiceAEZ11,RiceAEZ11,2005,N2O_AWB,3.61227622504016e-08
Colombia,Rice,RiceAEZ12,RiceAEZ12,2005,N2O_AWB,8.03898695081852e-07
Colombia,Root_Tuber,Root_TuberAEZ02,Root_TuberAEZ02,2005,N2O_AWB,0
Colombia,Root_Tuber,Root_TuberAEZ03,Root_TuberAEZ03,2005,N2O_AWB,0
Colombia,Root_Tuber,Root_TuberAEZ04,Root_TuberAEZ04,2005,N2O_AWB,2.32669757756188e-07
Colombia,Root_Tuber,Root_TuberAEZ05,Root_TuberAEZ05,2005,N2O_AWB,4.56029119653886e-06
Colombia,Root_Tuber,Root_TuberAEZ06,Root_TuberAEZ06,2005,N2O_AWB,1.88230318908828e-05
Colombia,Root_Tuber,Root_TuberAEZ11,Root_TuberAEZ11,2005,N2O_AWB,5.9580441361083e-07
Colombia,Root_Tuber,Root_TuberAEZ12,Root_TuberAEZ12,2005,N2O_AWB,2.70242678640395e-06
Colombia,SugarCrop,SugarCropAEZ02,SugarCropAEZ02,2005,N2O_AWB,0
Colombia,SugarCrop,SugarCropAEZ03,SugarCropAEZ03,2005,N2O_AWB,0
Colombia,SugarCrop,SugarCropAEZ04,SugarCropAEZ04,2005,N2O_AWB,4.77047365548333e-07
Colombia,SugarCrop,SugarCropAEZ05,SugarCropAEZ05,2005,N2O_AWB,2.04632039196009e-05
Colombia,SugarCrop,SugarCropAEZ06,SugarCropAEZ06,2005,N2O_AWB,0.000206865707356397
Colombia,SugarCrop,SugarCropAEZ11,SugarCropAEZ11,2005,N2O_AWB,1.96964650039196e-06
Colombia,SugarCrop,SugarCropAEZ12,SugarCropAEZ12,2005,N2O_AWB,1.70060717791517e-05
Colombia,Wheat,WheatAEZ02,WheatAEZ02,2005,N2O_AWB,0
Colombia,Wheat,WheatAEZ03,WheatAEZ03,2005,N2O_AWB,0
Colombia,Wheat,WheatAEZ04,WheatAEZ04,2005,N2O_AWB,0
Colombia,Wheat,WheatAEZ05,WheatAEZ05,2005,N2O_AWB,0
Colombia,Wheat,WheatAEZ06,WheatAEZ06,2005,N2O_AWB,2.05784052689728e-07
Colombia,Wheat,WheatAEZ11,WheatAEZ11,2005,N2O_AWB,5.41817827323658e-09
Colombia,Wheat,WheatAEZ12,WheatAEZ12,2005,N2O_AWB,3.72458709479913e-08
Colombia,Corn,CornAEZ02,CornAEZ02,2005,NH3_AWB,0
Colombia,Corn,CornAEZ03,CornAEZ03,2005,NH3_AWB,0
Colombia,Corn,CornAEZ04,CornAEZ04,2005,NH3_AWB,4.12244331927294e-06
Colombia,Corn,CornAEZ05,CornAEZ05,2005,NH3_AWB,5.65940702187335e-05
Colombia,Corn,CornAEZ06,CornAEZ06,2005,NH3_AWB,0.00011569794402003
Colombia,Corn,CornAEZ11,CornAEZ11,2005,NH3_AWB,2.13205995640518e-06
Colombia,Corn,CornAEZ12,CornAEZ12,2005,NH3_AWB,8.23088266203447e-06
Colombia,FiberCrop,FiberCropAEZ02,FiberCropAEZ02,2005,NH3_AWB,0
Colombia,FiberCrop,FiberCropAEZ03,FiberCropAEZ03,2005,NH3_AWB,0
Colombia,FiberCrop,FiberCropAEZ04,FiberCropAEZ04,2005,NH3_AWB,1.9291997989098e-07
Colombia,FiberCrop,FiberCropAEZ05,FiberCropAEZ05,2005,NH3_AWB,2.74556339028669e-06
Colombia,FiberCrop,FiberCropAEZ06,FiberCropAEZ06,2005,NH3_AWB,1.27686547474902e-05
Colombia,FiberCrop,FiberCropAEZ11,FiberCropAEZ11,2005,NH3_AWB,1.21993516695766e-07
Colombia,FiberCrop,FiberCropAEZ12,FiberCropAEZ12,2005,NH3_AWB,8.91072799275861e-07
Colombia,FodderGrass,FodderGrassAEZ02,FodderGrassAEZ02,2005,NH3_AWB,0
Colombia,FodderGrass,FodderGrassAEZ03,FodderGrassAEZ03,2005,NH3_AWB,0
Colombia,FodderGrass,FodderGrassAEZ04,FodderGrassAEZ04,2005,NH3_AWB,0
Colombia,FodderGrass,FodderGrassAEZ05,FodderGrassAEZ05,2005,NH3_AWB,0
Colombia,FodderGrass,FodderGrassAEZ06,FodderGrassAEZ06,2005,NH3_AWB,0
Colombia,FodderGrass,FodderGrassAEZ11,FodderGrassAEZ11,2005,NH3_AWB,0
Colombia,FodderGrass,FodderGrassAEZ12,FodderGrassAEZ12,2005,NH3_AWB,0
Colombia,FodderHerb,FodderHerbAEZ02,FodderHerbAEZ02,2005,NH3_AWB,0
Colombia,FodderHerb,FodderHerbAEZ03,FodderHerbAEZ03,2005,NH3_AWB,0
Colombia,FodderHerb,FodderHerbAEZ04,FodderHerbAEZ04,2005,NH3_AWB,0
Colombia,FodderHerb,FodderHerbAEZ05,FodderHerbAEZ05,2005,NH3_AWB,0
Colombia,FodderHerb,FodderHerbAEZ06,FodderHerbAEZ06,2005,NH3_AWB,0
Colombia,FodderHerb,FodderHerbAEZ11,FodderHerbAEZ11,2005,NH3_AWB,0
Colombia,FodderHerb,FodderHerbAEZ12,FodderHerbAEZ12,2005,NH3_AWB,0
Colombia,MiscCrop,MiscCropAEZ02,MiscCropAEZ02,2005,NH3_AWB,0
Colombia,MiscCrop,MiscCropAEZ03,MiscCropAEZ03,2005,NH3_AWB,0
Colombia,MiscCrop,MiscCropAEZ04,MiscCropAEZ04,2005,NH3_AWB,1.00422435114676e-05
Colombia,MiscCrop,MiscCropAEZ05,MiscCropAEZ05,2005,NH3_AWB,0.000153998855472388
Colombia,MiscCrop,MiscCropAEZ06,MiscCropAEZ06,2005,NH3_AWB,0.000970508885362574
Colombia,MiscCrop,MiscCropAEZ11,MiscCropAEZ11,2005,NH3_AWB,9.38471948958873e-06
Colombia,MiscCrop,MiscCropAEZ12,MiscCropAEZ12,2005,NH3_AWB,4.85472617210058e-05
Colombia,OilCrop,OilCropAEZ02,OilCropAEZ02,2005,NH3_AWB,0
Colombia,OilCrop,OilCropAEZ03,OilCropAEZ03,2005,NH3_AWB,0
Colombia,OilCrop,OilCropAEZ04,OilCropAEZ04,2005,NH3_AWB,9.05327188988357e-09
Colombia,OilCrop,OilCropAEZ05,OilCropAEZ05,2005,NH3_AWB,7.22293648605927e-08
Colombia,OilCrop,OilCropAEZ06,OilCropAEZ06,2005,NH3_AWB,8.43548448852823e-06
Colombia,OilCrop,OilCropAEZ11,OilCropAEZ11,2005,NH3_AWB,0
Colombia,OilCrop,OilCropAEZ12,OilCropAEZ12,2005,NH3_AWB,3.83780004027671e-08
Colombia,OtherGrain,OtherGrainAEZ02,OtherGrainAEZ02,2005,NH3_AWB,0
Colombia,OtherGrain,OtherGrainAEZ03,OtherGrainAEZ03,2005,NH3_AWB,0
Colombia,OtherGrain,OtherGrainAEZ04,OtherGrainAEZ04,2005,NH3_AWB,1.80879376545327e-07
Colombia,OtherGrain,OtherGrainAEZ05,OtherGrainAEZ05,2005,NH3_AWB,1.00058156090621e-05
Colombia,OtherGrain,OtherGrainAEZ06,OtherGrainAEZ06,2005,NH3_AWB,1.54522667391579e-05
Colombia,OtherGrain,OtherGrainAEZ11,OtherGrainAEZ11,2005,NH3_AWB,3.88853028634198e-09
Colombia,OtherGrain,OtherGrainAEZ12,OtherGrainAEZ12,2005,NH3_AWB,1.27192571301638e-06
Colombia,PalmFruit,PalmFruitAEZ02,PalmFruitAEZ02,2005,NH3_AWB,0
Colombia,PalmFruit,PalmFruitAEZ03,PalmFruitAEZ03,2005,NH3_AWB,0
Colombia,PalmFruit,PalmFruitAEZ04,PalmFruitAEZ04,2005,NH3_AWB,3.33827458944321e-06
Colombia,PalmFruit,PalmFruitAEZ05,PalmFruitAEZ05,2005,NH3_AWB,6.23588912082404e-05
Colombia,PalmFruit,PalmFruitAEZ06,PalmFruitAEZ06,2005,NH3_AWB,0.000281927550802084
Colombia,PalmFruit,PalmFruitAEZ11,PalmFruitAEZ11,2005,NH3_AWB,4.72787960356569e-06
Colombia,PalmFruit,PalmFruitAEZ12,PalmFruitAEZ12,2005,NH3_AWB,1.93328919656287e-05
Colombia,Rice,RiceAEZ02,RiceAEZ02,2005,NH3_AWB,0
Colombia,Rice,RiceAEZ03,RiceAEZ03,2005,NH3_AWB,0
Colombia,Rice,RiceAEZ04,RiceAEZ04,2005,NH3_AWB,6.24992988144212e-07
Colombia,Rice,RiceAEZ05,RiceAEZ05,2005,NH3_AWB,1.80988958027991e-05
Colombia,Rice,RiceAEZ06,RiceAEZ06,2005,NH3_AWB,0.000260074515827586
Colombia,Rice,RiceAEZ11,RiceAEZ11,2005,NH3_AWB,6.70184581286521e-07
Colombia,Rice,RiceAEZ12,RiceAEZ12,2005,NH3_AWB,1.49147096400199e-05
Colombia,Root_Tuber,Root_TuberAEZ02,Root_TuberAEZ02,2005,NH3_AWB,0
Colombia,Root_Tuber,Root_TuberAEZ03,Root_TuberAEZ03,2005,NH3_AWB,0
Colombia,Root_Tuber,Root_TuberAEZ04,Root_TuberAEZ04,2005,NH3_AWB,4.31671540229826e-06
Colombia,Root_Tuber,Root_TuberAEZ05,Root_TuberAEZ05,2005,NH3_AWB,8.46069529487055e-05
Colombia,Root_Tuber,Root_TuberAEZ06,Root_TuberAEZ06,2005,NH3_AWB,0.000349223175649971
Colombia,Root_Tuber,Root_TuberAEZ11,Root_TuberAEZ11,2005,NH3_AWB,1.10539423507126e-05
Colombia,Root_Tuber,Root_TuberAEZ12,Root_TuberAEZ12,2005,NH3_AWB,5.0138047354988e-05
Colombia,SugarCrop,SugarCropAEZ02,SugarCropAEZ02,2005,NH3_AWB,0
Colombia,SugarCrop,SugarCropAEZ03,SugarCropAEZ03,2005,NH3_AWB,0
Colombia,SugarCrop,SugarCropAEZ04,SugarCropAEZ04,2005,NH3_AWB,8.85064621353238e-06
Colombia,SugarCrop,SugarCropAEZ05,SugarCropAEZ05,2005,NH3_AWB,0.0003796532406789
Colombia,SugarCrop,SugarCropAEZ06,SugarCropAEZ06,2005,NH3_AWB,0.00383797358867941
Colombia,SugarCrop,SugarCropAEZ11,SugarCropAEZ11,2005,NH3_AWB,3.65427955369879e-05
Colombia,SugarCrop,SugarCropAEZ12,SugarCropAEZ12,2005,NH3_AWB,0.000315513166341885
Colombia,Wheat,WheatAEZ02,WheatAEZ02,2005,NH3_AWB,0
Colombia,Wheat,WheatAEZ03,WheatAEZ03,2005,NH3_AWB,0
Colombia,Wheat,WheatAEZ04,WheatAEZ04,2005,NH3_AWB,0
Colombia,Wheat,WheatAEZ05,WheatAEZ05,2005,NH3_AWB,0
Colombia,Wheat,WheatAEZ06,WheatAEZ06,2005,NH3_AWB,3.81790568039341e-06
Colombia,Wheat,WheatAEZ11,WheatAEZ11,2005,NH3_AWB,1.00523307498291e-07
Colombia,Wheat,WheatAEZ12,WheatAEZ12,2005,NH3_AWB,6.91021585029916e-07
Colombia,Corn,CornAEZ02,CornAEZ02,2005,NMVOC_AWB,0
Colombia,Corn,CornAEZ03,CornAEZ03,2005,NMVOC_AWB,0
Colombia,Corn,CornAEZ04,CornAEZ04,2005,NMVOC_AWB,2.22198546595909e-05
Colombia,Corn,CornAEZ05,CornAEZ05,2005,NMVOC_AWB,0.000305040462042477
Colombia,Corn,CornAEZ06,CornAEZ06,2005,NMVOC_AWB,0.000623608695484006
Colombia,Corn,CornAEZ11,CornAEZ11,2005,NMVOC_AWB,1.14917437761672e-05
Colombia,Corn,CornAEZ12,CornAEZ12,2005,NMVOC_AWB,4.43642282758682e-05
Colombia,FiberCrop,FiberCropAEZ02,FiberCropAEZ02,2005,NMVOC_AWB,0
Colombia,FiberCrop,FiberCropAEZ03,FiberCropAEZ03,2005,NMVOC_AWB,0
Colombia,FiberCrop,FiberCropAEZ04,FiberCropAEZ04,2005,NMVOC_AWB,1.03983331779679e-06
Colombia,FiberCrop,FiberCropAEZ05,FiberCropAEZ05,2005,NMVOC_AWB,1.47985101955564e-05
Colombia,FiberCrop,FiberCropAEZ06,FiberCropAEZ06,2005,NMVOC_AWB,6.88226934161377e-05
Colombia,FiberCrop,FiberCropAEZ11,FiberCropAEZ11,2005,NMVOC_AWB,6.57541656842083e-07
Colombia,FiberCrop,FiberCropAEZ12,FiberCropAEZ12,2005,NMVOC_AWB,4.80285756712755e-06
Colombia,FodderGrass,FodderGrassAEZ02,FodderGrassAEZ02,2005,NMVOC_AWB,0
Colombia,FodderGrass,FodderGrassAEZ03,FodderGrassAEZ03,2005,NMVOC_AWB,0
Colombia,FodderGrass,FodderGrassAEZ04,FodderGrassAEZ04,2005,NMVOC_AWB,0
Colombia,FodderGrass,FodderGrassAEZ05,FodderGrassAEZ05,2005,NMVOC_AWB,0
Colombia,FodderGrass,FodderGrassAEZ06,FodderGrassAEZ06,2005,NMVOC_AWB,0
Colombia,FodderGrass,FodderGrassAEZ11,FodderGrassAEZ11,2005,NMVOC_AWB,0
Colombia,FodderGrass,FodderGrassAEZ12,FodderGrassAEZ12,2005,NMVOC_AWB,0
Colombia,FodderHerb,FodderHerbAEZ02,FodderHerbAEZ02,2005,NMVOC_AWB,0
Colombia,FodderHerb,FodderHerbAEZ03,FodderHerbAEZ03,2005,NMVOC_AWB,0
Colombia,FodderHerb,FodderHerbAEZ04,FodderHerbAEZ04,2005,NMVOC_AWB,0
Colombia,FodderHerb,FodderHerbAEZ05,FodderHerbAEZ05,2005,NMVOC_AWB,0
Colombia,FodderHerb,FodderHerbAEZ06,FodderHerbAEZ06,2005,NMVOC_AWB,0
Colombia,FodderHerb,FodderHerbAEZ11,FodderHerbAEZ11,2005,NMVOC_AWB,0
Colombia,FodderHerb,FodderHerbAEZ12,FodderHerbAEZ12,2005,NMVOC_AWB,0
Colombia,MiscCrop,MiscCropAEZ02,MiscCropAEZ02,2005,NMVOC_AWB,0
Colombia,MiscCrop,MiscCropAEZ03,MiscCropAEZ03,2005,NMVOC_AWB,0
Colombia,MiscCrop,MiscCropAEZ04,MiscCropAEZ04,2005,NMVOC_AWB,5.41274127985791e-05
Colombia,MiscCrop,MiscCropAEZ05,MiscCropAEZ05,2005,NMVOC_AWB,0.000830049541334457
Colombia,MiscCrop,MiscCropAEZ06,MiscCropAEZ06,2005,NMVOC_AWB,0.00523101585843059
Colombia,MiscCrop,MiscCropAEZ11,MiscCropAEZ11,2005,NMVOC_AWB,5.05833766360841e-05
Colombia,MiscCrop,MiscCropAEZ12,MiscCropAEZ12,2005,NMVOC_AWB,0.000261668388384809
Colombia,OilCrop,OilCropAEZ02,OilCropAEZ02,2005,NMVOC_AWB,0
Colombia,OilCrop,OilCropAEZ03,OilCropAEZ03,2005,NMVOC_AWB,0
Colombia,OilCrop,OilCropAEZ04,OilCropAEZ04,2005,NMVOC_AWB,4.87968833061969e-08
Colombia,OilCrop,OilCropAEZ05,OilCropAEZ05,2005,NMVOC_AWB,3.89314264638571e-07
Colombia,OilCrop,OilCropAEZ06,OilCropAEZ06,2005,NMVOC_AWB,4.54670264214544e-05
Colombia,OilCrop,OilCropAEZ11,OilCropAEZ11,2005,NMVOC_AWB,0
Colombia,OilCrop,OilCropAEZ12,OilCropAEZ12,2005,NMVOC_AWB,2.06856353145834e-07
Colombia,OtherGrain,OtherGrainAEZ02,OtherGrainAEZ02,2005,NMVOC_AWB,0
Colombia,OtherGrain,OtherGrainAEZ03,OtherGrainAEZ03,2005,NMVOC_AWB,0
Colombia,OtherGrain,OtherGrainAEZ04,OtherGrainAEZ04,2005,NMVOC_AWB,9.74934801156568e-07
Colombia,OtherGrain,OtherGrainAEZ05,OtherGrainAEZ05,2005,NMVOC_AWB,5.39310674193182e-05
Colombia,OtherGrain,OtherGrainAEZ06,OtherGrainAEZ06,2005,NMVOC_AWB,8.32872872988037e-05
Colombia,OtherGrain,OtherGrainAEZ11,OtherGrainAEZ11,2005,NMVOC_AWB,2.09590699277764e-08
Colombia,OtherGrain,OtherGrainAEZ12,OtherGrainAEZ12,2005,NMVOC_AWB,6.85564416347268e-06
Colombia,PalmFruit,PalmFruitAEZ02,PalmFruitAEZ02,2005,NMVOC_AWB,0
Colombia,PalmFruit,PalmFruitAEZ03,PalmFruitAEZ03,2005,NMVOC_AWB,0
Colombia,PalmFruit,PalmFruitAEZ04,PalmFruitAEZ04,2005,NMVOC_AWB,1.79932070489488e-05
Colombia,PalmFruit,PalmFruitAEZ05,PalmFruitAEZ05,2005,NMVOC_AWB,0.000336112686595947
Colombia,PalmFruit,PalmFruitAEZ06,PalmFruitAEZ06,2005,NMVOC_AWB,0.00151958164568811
Colombia,PalmFruit,PalmFruitAEZ11,PalmFruitAEZ11,2005,NMVOC_AWB,2.54831393674084e-05
Colombia,PalmFruit,PalmFruitAEZ12,PalmFruitAEZ12,2005,NMVOC_AWB,0.000104203749174071
Colombia,Rice,RiceAEZ02,RiceAEZ02,2005,NMVOC_AWB,0
Colombia,Rice,RiceAEZ03,RiceAEZ03,2005,NMVOC_AWB,0
Colombia,Rice,RiceAEZ04,RiceAEZ04,2005,NMVOC_AWB,3.36869479682186e-06
Colombia,Rice,RiceAEZ05,RiceAEZ05,2005,NMVOC_AWB,9.75525442295718e-05
Colombia,Rice,RiceAEZ06,RiceAEZ06,2005,NMVOC_AWB,0.0014017943958952
Colombia,Rice,RiceAEZ11,RiceAEZ11,2005,NMVOC_AWB,3.61227622504016e-06
Colombia,Rice,RiceAEZ12,RiceAEZ12,2005,NMVOC_AWB,8.03898695081852e-05
Colombia,Root_Tuber,Root_TuberAEZ02,Root_TuberAEZ02,2005,NMVOC_AWB,0
Colombia,Root_Tuber,Root_TuberAEZ03,Root_TuberAEZ03,2005,NMVOC_AWB,0
Colombia,Root_Tuber,Root_TuberAEZ04,Root_TuberAEZ04,2005,NMVOC_AWB,2.32669757756188e-05
Colombia,Root_Tuber,Root_TuberAEZ05,Root_TuberAEZ05,2005,NMVOC_AWB,0.000456029119653886
Colombia,Root_Tuber,Root_TuberAEZ06,Root_TuberAEZ06,2005,NMVOC_AWB,0.00188230318908828
Colombia,Root_Tuber,Root_TuberAEZ11,Root_TuberAEZ11,2005,NMVOC_AWB,5.9580441361083e-05
Colombia,Root_Tuber,Root_TuberAEZ12,Root_TuberAEZ12,2005,NMVOC_AWB,0.000270242678640395
Colombia,SugarCrop,SugarCropAEZ02,SugarCropAEZ02,2005,NMVOC_AWB,0
Colombia,SugarCrop,SugarCropAEZ03,SugarCropAEZ03,2005,NMVOC_AWB,0
Colombia,SugarCrop,SugarCropAEZ04,SugarCropAEZ04,2005,NMVOC_AWB,4.77047365548333e-05
Colombia,SugarCrop,SugarCropAEZ05,SugarCropAEZ05,2005,NMVOC_AWB,0.00204632039196009
Colombia,SugarCrop,SugarCropAEZ06,SugarCropAEZ06,2005,NMVOC_AWB,0.0206865707356397
Colombia,SugarCrop,SugarCropAEZ11,SugarCropAEZ11,2005,NMVOC_AWB,0.000196964650039197
Colombia,SugarCrop,SugarCropAEZ12,SugarCropAEZ12,2005,NMVOC_AWB,0.00170060717791517
Colombia,Wheat,WheatAEZ02,WheatAEZ02,2005,NMVOC_AWB,0
Colombia,Wheat,WheatAEZ03,WheatAEZ03,2005,NMVOC_AWB,0
Colombia,Wheat,WheatAEZ04,WheatAEZ04,2005,NMVOC_AWB,0
Colombia,Wheat,WheatAEZ05,WheatAEZ05,2005,NMVOC_AWB,0
Colombia,Wheat,WheatAEZ06,WheatAEZ06,2005,NMVOC_AWB,2.05784052689728e-05
Colombia,Wheat,WheatAEZ11,WheatAEZ11,2005,NMVOC_AWB,5.41817827323658e-07
Colombia,Wheat,WheatAEZ12,WheatAEZ12,2005,NMVOC_AWB,3.72458709479913e-06
Colombia,Corn,CornAEZ02,CornAEZ02,2005,NOx_AWB,0
Colombia,Corn,CornAEZ03,CornAEZ03,2005,NOx_AWB,0
Colombia,Corn,CornAEZ04,CornAEZ04,2005,NOx_AWB,1.20572854741966e-05
Colombia,Corn,CornAEZ05,CornAEZ05,2005,NOx_AWB,0.000165525832116073
Colombia,Corn,CornAEZ06,CornAEZ06,2005,NOx_AWB,0.000338392315378918
Colombia,Corn,CornAEZ11,CornAEZ11,2005,NOx_AWB,6.23582995605973e-06
Colombia,Corn,CornAEZ12,CornAEZ12,2005,NOx_AWB,2.40736122427192e-05
Colombia,FiberCrop,FiberCropAEZ02,FiberCropAEZ02,2005,NOx_AWB,0
Colombia,FiberCrop,FiberCropAEZ03,FiberCropAEZ03,2005,NOx_AWB,0
Colombia,FiberCrop,FiberCropAEZ04,FiberCropAEZ04,2005,NOx_AWB,5.64250637564149e-07
Colombia,FiberCrop,FiberCropAEZ05,FiberCropAEZ05,2005,NOx_AWB,8.03019933092207e-06
Colombia,FiberCrop,FiberCropAEZ06,FiberCropAEZ06,2005,NOx_AWB,3.73456475901523e-05
Colombia,FiberCrop,FiberCropAEZ11,FiberCropAEZ11,2005,NOx_AWB,3.56805550224386e-07
Colombia,FiberCrop,FiberCropAEZ12,FiberCropAEZ12,2005,NOx_AWB,2.60620178061185e-06
Colombia,FodderGrass,FodderGrassAEZ02,FodderGrassAEZ02,2005,NOx_AWB,0
Colombia,FodderGrass,FodderGrassAEZ03,FodderGrassAEZ03,2005,NOx_AWB,0
Colombia,FodderGrass,FodderGrassAEZ04,FodderGrassAEZ04,2005,NOx_AWB,0
Colombia,FodderGrass,FodderGrassAEZ05,FodderGrassAEZ05,2005,NOx_AWB,0
Colombia,FodderGrass,FodderGrassAEZ06,FodderGrassAEZ06,2005,NOx_AWB,0
Colombia,FodderGrass,FodderGrassAEZ11,FodderGrassAEZ11,2005,NOx_AWB,0
Colombia,FodderGrass,FodderGrassAEZ12,FodderGrassAEZ12,2005,NOx_AWB,0
Colombia,FodderHerb,FodderHerbAEZ02,FodderHerbAEZ02,2005,NOx_AWB,0
Colombia,FodderHerb,FodderHerbAEZ03,FodderHerbAEZ03,2005,NOx_AWB,0
Colombia,FodderHerb,FodderHerbAEZ04,FodderHerbAEZ04,2005,NOx_AWB,0
Colombia,FodderHerb,FodderHerbAEZ05,FodderHerbAEZ05,2005,NOx_AWB,0
Colombia,FodderHerb,FodderHerbAEZ06,FodderHerbAEZ06,2005,NOx_AWB,0
Colombia,FodderHerb,FodderHerbAEZ11,FodderHerbAEZ11,2005,NOx_AWB,0
Colombia,FodderHerb,FodderHerbAEZ12,FodderHerbAEZ12,2005,NOx_AWB,0
Colombia,MiscCrop,MiscCropAEZ02,MiscCropAEZ02,2005,NOx_AWB,0
Colombia,MiscCrop,MiscCropAEZ03,MiscCropAEZ03,2005,NOx_AWB,0
Colombia,MiscCrop,MiscCropAEZ04,MiscCropAEZ04,2005,NOx_AWB,2.93714643093065e-05
Colombia,MiscCrop,MiscCropAEZ05,MiscCropAEZ05,2005,NOx_AWB,0.000450414479793891
Colombia,MiscCrop,MiscCropAEZ06,MiscCropAEZ06,2005,NOx_AWB,0.00283853573713288
Colombia,MiscCrop,MiscCropAEZ11,MiscCropAEZ11,2005,NOx_AWB,2.74483439110534e-05
Colombia,MiscCrop,MiscCropAEZ12,MiscCropAEZ12,2005,NOx_AWB,0.000141990598348346
Colombia,OilCrop,OilCropAEZ02,OilCropAEZ02,2005,NOx_AWB,0
Colombia,OilCrop,OilCropAEZ03,OilCropAEZ03,2005,NOx_AWB,0
Colombia,OilCrop,OilCropAEZ04,OilCropAEZ04,2005,NOx_AWB,2.64789289258433e-08
Colombia,OilCrop,OilCropAEZ05,OilCropAEZ05,2005,NOx_AWB,2.11255802517054e-07
Colombia,OilCrop,OilCropAEZ06,OilCropAEZ06,2005,NOx_AWB,2.46720298410993e-05
Colombia,OilCrop,OilCropAEZ11,OilCropAEZ11,2005,NOx_AWB,0
Colombia,OilCrop,OilCropAEZ12,OilCropAEZ12,2005,NOx_AWB,1.12247633489987e-07
Colombia,OtherGrain,OtherGrainAEZ02,OtherGrainAEZ02,2005,NOx_AWB,0
Colombia,OtherGrain,OtherGrainAEZ03,OtherGrainAEZ03,2005,NOx_AWB,0
Colombia,OtherGrain,OtherGrainAEZ04,OtherGrainAEZ04,2005,NOx_AWB,5.29034388224494e-07
Colombia,OtherGrain,OtherGrainAEZ05,OtherGrainAEZ05,2005,NOx_AWB,2.92649203050564e-05
Colombia,OtherGrain,OtherGrainAEZ06,OtherGrainAEZ06,2005,NOx_AWB,4.51946520226067e-05
Colombia,OtherGrain,OtherGrainAEZ11,OtherGrainAEZ11,2005,NOx_AWB,1.13731387204988e-08
Colombia,OtherGrain,OtherGrainAEZ12,OtherGrainAEZ12,2005,NOx_AWB,3.72011698793091e-06
Colombia,PalmFruit,PalmFruitAEZ02,PalmFruitAEZ02,2005,NOx_AWB,0
Colombia,PalmFruit,PalmFruitAEZ03,PalmFruitAEZ03,2005,NOx_AWB,0
Colombia,PalmFruit,PalmFruitAEZ04,PalmFruitAEZ04,2005,NOx_AWB,9.76375576299545e-06
Colombia,PalmFruit,PalmFruitAEZ05,PalmFruitAEZ05,2005,NOx_AWB,0.000182386729160592
Colombia,PalmFruit,PalmFruitAEZ06,PalmFruitAEZ06,2005,NOx_AWB,0.000824579187582698
Colombia,PalmFruit,PalmFruitAEZ11,PalmFruitAEZ11,2005,NOx_AWB,1.38280601218495e-05
Colombia,PalmFruit,PalmFruitAEZ12,PalmFruitAEZ12,2005,NOx_AWB,5.65446700944573e-05
Colombia,Rice,RiceAEZ02,RiceAEZ02,2005,NOx_AWB,0
Colombia,Rice,RiceAEZ03,RiceAEZ03,2005,NOx_AWB,0
Colombia,Rice,RiceAEZ04,RiceAEZ04,2005,NOx_AWB,1.82797392075605e-06
Colombia,Rice,RiceAEZ05,RiceAEZ05,2005,NOx_AWB,5.29354891168219e-05
Colombia,Rice,RiceAEZ06,RiceAEZ06,2005,NOx_AWB,0.000760663625679568
Colombia,Rice,RiceAEZ11,RiceAEZ11,2005,NOx_AWB,1.96014988955668e-06
Colombia,Rice,RiceAEZ12,RiceAEZ12,2005,NOx_AWB,4.36224098106431e-05
Colombia,Root_Tuber,Root_TuberAEZ02,Root_TuberAEZ02,2005,NOx_AWB,0
Colombia,Root_Tuber,Root_TuberAEZ03,Root_TuberAEZ03,2005,NOx_AWB,0
Colombia,Root_Tuber,Root_TuberAEZ04,Root_TuberAEZ04,2005,NOx_AWB,1.26254907309559e-05
Colombia,Root_Tuber,Root_TuberAEZ05,Root_TuberAEZ05,2005,NOx_AWB,0.00024745766182769
Colombia,Root_Tuber,Root_TuberAEZ06,Root_TuberAEZ06,2005,NOx_AWB,0.00102140483128822
Colombia,Root_Tuber,Root_TuberAEZ11,Root_TuberAEZ11,2005,NOx_AWB,3.23304720564016e-05
Colombia,Root_Tuber,Root_TuberAEZ12,Root_TuberAEZ12,2005,NOx_AWB,0.000146643313990912
Colombia,SugarCrop,SugarCropAEZ02,SugarCropAEZ02,2005,NOx_AWB,0
Colombia,SugarCrop,SugarCropAEZ03,SugarCropAEZ03,2005,NOx_AWB,0
Colombia,SugarCrop,SugarCropAEZ04,SugarCropAEZ04,2005,NOx_AWB,2.58862911537855e-05
Colombia,SugarCrop,SugarCropAEZ05,SugarCropAEZ05,2005,NOx_AWB,0.00111040641424191
Colombia,SugarCrop,SugarCropAEZ06,SugarCropAEZ06,2005,NOx_AWB,0.01122527094182
Colombia,SugarCrop,SugarCropAEZ11,SugarCropAEZ11,2005,NOx_AWB,0.000106880042656928
Colombia,SugarCrop,SugarCropAEZ12,SugarCropAEZ12,2005,NOx_AWB,0.000922810096543116
Colombia,Wheat,WheatAEZ02,WheatAEZ02,2005,NOx_AWB,0
Colombia,Wheat,WheatAEZ03,WheatAEZ03,2005,NOx_AWB,0
Colombia,Wheat,WheatAEZ04,WheatAEZ04,2005,NOx_AWB,0
Colombia,Wheat,WheatAEZ05,WheatAEZ05,2005,NOx_AWB,0
Colombia,Wheat,WheatAEZ06,WheatAEZ06,2005,NOx_AWB,1.11665765025434e-05
Colombia,Wheat,WheatAEZ11,WheatAEZ11,2005,NOx_AWB,2.9400967374152e-07
Colombia,Wheat,WheatAEZ12,WheatAEZ12,2005,NOx_AWB,2.02109377237162e-06
Colombia,Corn,CornAEZ02,CornAEZ02,2005,SO2_AWB,0
Colombia,Corn,CornAEZ03,CornAEZ03,2005,SO2_AWB,0
Colombia,Corn,CornAEZ04,CornAEZ04,2005,SO2_AWB,1.69950309541057e-06
Colombia,Corn,CornAEZ05,CornAEZ05,2005,SO2_AWB,2.33312601458846e-05
Colombia,Corn,CornAEZ06,CornAEZ06,2005,SO2_AWB,4.76972025486475e-05
Colombia,Corn,CornAEZ11,CornAEZ11,2005,SO2_AWB,8.789550795208e-07
Colombia,Corn,CornAEZ12,CornAEZ12,2005,SO2_AWB,3.39323296373566e-06
Colombia,FiberCrop,FiberCropAEZ02,FiberCropAEZ02,2005,SO2_AWB,0
Colombia,FiberCrop,FiberCropAEZ03,FiberCropAEZ03,2005,SO2_AWB,0
Colombia,FiberCrop,FiberCropAEZ04,FiberCropAEZ04,2005,SO2_AWB,7.95324708185657e-08
Colombia,FiberCrop,FiberCropAEZ05,FiberCropAEZ05,2005,SO2_AWB,1.13187571521568e-06
Colombia,FiberCrop,FiberCropAEZ06,FiberCropAEZ06,2005,SO2_AWB,5.26395794604051e-06
Colombia,FiberCrop,FiberCropAEZ11,FiberCropAEZ11,2005,SO2_AWB,5.02925918411515e-08
Colombia,FiberCrop,FiberCropAEZ12,FiberCropAEZ12,2005,SO2_AWB,3.67350346219575e-07
Colombia,FodderGrass,FodderGrassAEZ02,FodderGrassAEZ02,2005,SO2_AWB,0
Colombia,FodderGrass,FodderGrassAEZ03,FodderGrassAEZ03,2005,SO2_AWB,0
Colombia,FodderGrass,FodderGrassAEZ04,FodderGrassAEZ04,2005,SO2_AWB,0
Colombia,FodderGrass,FodderGrassAEZ05,FodderGrassAEZ05,2005,SO2_AWB,0
Colombia,FodderGrass,FodderGrassAEZ06,FodderGrassAEZ06,2005,SO2_AWB,0
Colombia,FodderGrass,FodderGrassAEZ11,FodderGrassAEZ11,2005,SO2_AWB,0
Colombia,FodderGrass,FodderGrassAEZ12,FodderGrassAEZ12,2005,SO2_AWB,0
Colombia,FodderHerb,FodderHerbAEZ02,FodderHerbAEZ02,2005,SO2_AWB,0
Colombia,FodderHerb,FodderHerbAEZ03,FodderHerbAEZ03,2005,SO2_AWB,0
Colombia,FodderHerb,FodderHerbAEZ04,FodderHerbAEZ04,2005,SO2_AWB,0
Colombia,FodderHerb,FodderHerbAEZ05,FodderHerbAEZ05,2005,SO2_AWB,0
Colombia,FodderHerb,FodderHerbAEZ06,FodderHerbAEZ06,2005,SO2_AWB,0
Colombia,FodderHerb,FodderHerbAEZ11,FodderHerbAEZ11,2005,SO2_AWB,0
Colombia,FodderHerb,FodderHerbAEZ12,FodderHerbAEZ12,2005,SO2_AWB,0
Colombia,MiscCrop,MiscCropAEZ02,MiscCropAEZ02,2005,SO2_AWB,0
Colombia,MiscCrop,MiscCropAEZ03,MiscCropAEZ03,2005,SO2_AWB,0
Colombia,MiscCrop,MiscCropAEZ04,MiscCropAEZ04,2005,SO2_AWB,4.13997782645463e-06
Colombia,MiscCrop,MiscCropAEZ05,MiscCropAEZ05,2005,SO2_AWB,6.34869933423771e-05
Colombia,MiscCrop,MiscCropAEZ06,MiscCropAEZ06,2005,SO2_AWB,0.000400098370567301
Colombia,MiscCrop,MiscCropAEZ11,MiscCropAEZ11,2005,SO2_AWB,3.86890942746276e-06
Colombia,MiscCrop,MiscCropAEZ12,MiscCropAEZ12,2005,SO2_AWB,2.00139129100525e-05
Colombia,OilCrop,OilCropAEZ02,OilCropAEZ02,2005,SO2_AWB,0
Colombia,OilCrop,OilCropAEZ03,OilCropAEZ03,2005,SO2_AWB,0
Colombia,OilCrop,OilCropAEZ04,OilCropAEZ04,2005,SO2_AWB,3.73226807716648e-09
Colombia,OilCrop,OilCropAEZ05,OilCropAEZ05,2005,SO2_AWB,2.97770083547847e-08
Colombia,OilCrop,OilCropAEZ06,OilCropAEZ06,2005,SO2_AWB,3.47758134903113e-06
Colombia,OilCrop,OilCropAEZ11,OilCropAEZ11,2005,SO2_AWB,0
Colombia,OilCrop,OilCropAEZ12,OilCropAEZ12,2005,SO2_AWB,1.58215711966839e-08
Colombia,OtherGrain,OtherGrainAEZ02,OtherGrainAEZ02,2005,SO2_AWB,0
Colombia,OtherGrain,OtherGrainAEZ03,OtherGrainAEZ03,2005,SO2_AWB,0
Colombia,OtherGrain,OtherGrainAEZ04,OtherGrainAEZ04,2005,SO2_AWB,7.45686566259287e-08
Colombia,OtherGrain,OtherGrainAEZ05,OtherGrainAEZ05,2005,SO2_AWB,4.12496019537938e-06
Colombia,OtherGrain,OtherGrainAEZ06,OtherGrainAEZ06,2005,SO2_AWB,6.37029380890075e-06
Colombia,OtherGrain,OtherGrainAEZ11,OtherGrainAEZ11,2005,SO2_AWB,1.60307098155603e-09
Colombia,OtherGrain,OtherGrainAEZ12,OtherGrainAEZ12,2005,SO2_AWB,5.24359346870262e-07
Colombia,PalmFruit,PalmFruitAEZ02,PalmFruitAEZ02,2005,SO2_AWB,0
Colombia,PalmFruit,PalmFruitAEZ03,PalmFruitAEZ03,2005,SO2_AWB,0
Colombia,PalmFruit,PalmFruitAEZ04,PalmFruitAEZ04,2005,SO2_AWB,1.37622462183174e-06
Colombia,PalmFruit,PalmFruitAEZ05,PalmFruitAEZ05,2005,SO2_AWB,2.57078437293024e-05
Colombia,PalmFruit,PalmFruitAEZ06,PalmFruitAEZ06,2005,SO2_AWB,0.000116226399773561
Colombia,PalmFruit,PalmFruitAEZ11,PalmFruitAEZ11,2005,SO2_AWB,1.94909799812736e-06
Colombia,PalmFruit,PalmFruitAEZ12,PalmFruitAEZ12,2005,SO2_AWB,7.97010587998065e-06
Colombia,Rice,RiceAEZ02,RiceAEZ02,2005,SO2_AWB,0
Colombia,Rice,RiceAEZ03,RiceAEZ03,2005,SO2_AWB,0
Colombia,Rice,RiceAEZ04,RiceAEZ04,2005,SO2_AWB,2.57657276449424e-07
Colombia,Rice,RiceAEZ05,RiceAEZ05,2005,SO2_AWB,7.4613832278949e-06
Colombia,Rice,RiceAEZ06,RiceAEZ06,2005,SO2_AWB,0.000107217349143406
Colombia,Rice,RiceAEZ11,RiceAEZ11,2005,SO2_AWB,2.7628779395656e-07
Colombia,Rice,RiceAEZ12,RiceAEZ12,2005,SO2_AWB,6.14868252569065e-06
Colombia,Root_Tuber,Root_TuberAEZ02,Root_TuberAEZ02,2005,SO2_AWB,0
Colombia,Root_Tuber,Root_TuberAEZ03,Root_TuberAEZ03,2005,SO2_AWB,0
Colombia,Root_Tuber,Root_TuberAEZ04,Root_TuberAEZ04,2005,SO2_AWB,1.77959297922045e-06
Colombia,Root_Tuber,Root_TuberAEZ05,Root_TuberAEZ05,2005,SO2_AWB,3.48797466195221e-05
Colombia,Root_Tuber,Root_TuberAEZ06,Root_TuberAEZ06,2005,SO2_AWB,0.000143969442886339
Colombia,Root_Tuber,Root_TuberAEZ11,Root_TuberAEZ11,2005,SO2_AWB,4.55705701366423e-06
Colombia,Root_Tuber,Root_TuberAEZ12,Root_TuberAEZ12,2005,SO2_AWB,2.06697242577666e-05
Colombia,SugarCrop,SugarCropAEZ02,SugarCropAEZ02,2005,SO2_AWB,0
Colombia,SugarCrop,SugarCropAEZ03,SugarCropAEZ03,2005,SO2_AWB,0
Colombia,SugarCrop,SugarCropAEZ04,SugarCropAEZ04,2005,SO2_AWB,3.64873437215262e-06
Colombia,SugarCrop,SugarCropAEZ05,SugarCropAEZ05,2005,SO2_AWB,0.000156514427912193
Colombia,SugarCrop,SugarCropAEZ06,SugarCropAEZ06,2005,SO2_AWB,0.00158222866608511
Colombia,SugarCrop,SugarCropAEZ11,SugarCropAEZ11,2005,SO2_AWB,1.50649964887861e-05
Colombia,SugarCrop,SugarCropAEZ12,SugarCropAEZ12,2005,SO2_AWB,0.000130072280274649
Colombia,Wheat,WheatAEZ02,WheatAEZ02,2005,SO2_AWB,0
Colombia,Wheat,WheatAEZ03,WheatAEZ03,2005,SO2_AWB,0
Colombia,Wheat,WheatAEZ04,WheatAEZ04,2005,SO2_AWB,0
Colombia,Wheat,WheatAEZ05,WheatAEZ05,2005,SO2_AWB,0
Colombia,Wheat,WheatAEZ06,WheatAEZ06,2005,SO2_AWB,1.5739555451204e-06
Colombia,Wheat,WheatAEZ11,WheatAEZ11,2005,SO2_AWB,4.14413635368999e-08
Colombia,Wheat,WheatAEZ12,WheatAEZ12,2005,SO2_AWB,2.84877979343809e-07
